

----------------------------------------------------
STRUCTURE by Pritchard, Stephens and Donnelly (2000)
     and Falush, Stephens and Pritchard (2003)
       Code by Pritchard, Falush and Hubisz
             Version 2.3.4 (Jul 2012)
----------------------------------------------------



Command line arguments:   ./structure -K 5 -D 105002 -m brooktrout/mainparams -e brooktrout/extraparams -o brooktrout/250914_output/results_K5_rep2 
Input File:    brooktrout/brooktrout.txt

Run parameters:
   8454 individuals
   5 loci
   5 populations assumed
   50000 Burn-in period
   100000 Reps
RANDOMIZE turned off


--------------------------------------------
Overall proportion of membership of the
sample in each of the 5 clusters

Inferred Clusters
  1      2      3      4      5    
0.059  0.115  0.175  0.237  0.414  

--------------------------------------------

Allele-freq. divergence among pops (Net nucleotide distance),
computed using point estimates of P.

      1       2       3       4       5      
 1      -    0.1386  0.0889  0.1082  0.0829  
 2   0.1386     -    0.0438  0.1273  0.1040  
 3   0.0889  0.0438     -    0.1069  0.0760  
 4   0.1082  0.1273  0.1069     -    0.0373  
 5   0.0829  0.1040  0.0760  0.0373     -    

Average distances (expected heterozygosity) between individuals in same cluster:
cluster  1  : 0.8016 
cluster  2  : 0.7371 
cluster  3  : 0.7508 
cluster  4  : 0.7870 
cluster  5  : 0.8326 

--------------------------------------------
Estimated Ln Prob of Data   = -179614.6
Mean value of ln likelihood = -172614.7
Variance of ln likelihood   = 13999.9

Mean value of alpha_1       = 0.0756
Mean value of alpha_2       = 0.1477
Mean value of alpha_3       = 0.2336
Mean value of alpha_4       = 0.3222
Mean value of alpha_5       = 0.5669
Allele frequencies uncorrelated


Inferred ancestry of individuals:
     (%Miss) :  Inferred clusters
  1    (0)   :  0.077 0.144 0.158 0.316 0.305 
  2    (0)   :  0.014 0.028 0.143 0.083 0.731 
  3    (0)   :  0.038 0.059 0.220 0.502 0.181 
  4    (0)   :  0.029 0.526 0.126 0.082 0.237 
  5    (0)   :  0.017 0.033 0.066 0.095 0.789 
  6    (0)   :  0.013 0.037 0.042 0.719 0.188 
  7    (0)   :  0.009 0.031 0.040 0.213 0.706 
  8    (0)   :  0.023 0.305 0.101 0.292 0.279 
  9    (0)   :  0.020 0.039 0.240 0.316 0.385 
 10    (0)   :  0.010 0.166 0.055 0.317 0.452 
 11    (0)   :  0.011 0.028 0.045 0.271 0.645 
 12    (0)   :  0.019 0.057 0.120 0.121 0.683 
 13    (0)   :  0.015 0.041 0.148 0.199 0.597 
 14    (0)   :  0.087 0.084 0.163 0.193 0.473 
 15    (0)   :  0.023 0.128 0.159 0.156 0.534 
 16    (0)   :  0.018 0.036 0.083 0.538 0.325 
 17    (0)   :  0.030 0.048 0.106 0.290 0.527 
 18    (0)   :  0.019 0.058 0.253 0.395 0.274 
 19    (0)   :  0.011 0.038 0.091 0.484 0.376 
 20    (0)   :  0.024 0.047 0.077 0.180 0.672 
 21    (0)   :  0.054 0.154 0.186 0.205 0.401 
 22    (0)   :  0.015 0.041 0.106 0.652 0.186 
 23    (0)   :  0.072 0.076 0.422 0.107 0.323 
 24    (0)   :  0.021 0.075 0.253 0.370 0.281 
 25    (0)   :  0.016 0.024 0.044 0.226 0.691 
 26    (0)   :  0.024 0.093 0.140 0.299 0.444 
 27    (0)   :  0.040 0.060 0.105 0.266 0.528 
 28    (0)   :  0.020 0.316 0.079 0.233 0.351 
 29    (0)   :  0.018 0.030 0.128 0.123 0.702 
 30    (0)   :  0.021 0.032 0.110 0.657 0.180 
 31    (0)   :  0.035 0.157 0.078 0.195 0.535 
 32    (0)   :  0.026 0.104 0.204 0.278 0.388 
 33    (0)   :  0.034 0.049 0.253 0.423 0.242 
 34    (0)   :  0.014 0.088 0.034 0.381 0.483 
 35    (0)   :  0.093 0.027 0.167 0.314 0.399 
 36    (0)   :  0.217 0.027 0.211 0.376 0.169 
 37    (0)   :  0.021 0.055 0.430 0.127 0.368 
 38    (0)   :  0.032 0.019 0.070 0.683 0.195 
 39    (0)   :  0.053 0.035 0.093 0.435 0.385 
 40    (0)   :  0.095 0.036 0.516 0.185 0.167 
 41    (0)   :  0.226 0.018 0.197 0.343 0.216 
 42    (0)   :  0.130 0.055 0.465 0.202 0.148 
 43    (0)   :  0.124 0.029 0.410 0.084 0.353 
 44    (0)   :  0.401 0.016 0.140 0.242 0.201 
 45    (0)   :  0.140 0.020 0.152 0.344 0.344 
 46    (0)   :  0.067 0.032 0.056 0.404 0.442 
 47    (0)   :  0.023 0.039 0.221 0.353 0.364 
 48    (0)   :  0.379 0.017 0.207 0.237 0.160 
 49    (0)   :  0.079 0.034 0.158 0.304 0.425 
 50    (0)   :  0.034 0.089 0.052 0.418 0.407 
 51    (0)   :  0.676 0.017 0.105 0.091 0.112 
 52    (0)   :  0.069 0.040 0.078 0.438 0.375 
 53    (0)   :  0.024 0.040 0.086 0.698 0.153 
 54    (0)   :  0.040 0.038 0.340 0.100 0.482 
 55    (0)   :  0.271 0.030 0.212 0.088 0.400 
 56    (0)   :  0.101 0.035 0.315 0.330 0.219 
 57    (0)   :  0.011 0.159 0.113 0.250 0.467 
 58    (0)   :  0.095 0.032 0.263 0.184 0.426 
 59    (0)   :  0.106 0.030 0.150 0.369 0.345 
 60    (0)   :  0.283 0.061 0.327 0.138 0.191 
 61    (0)   :  0.125 0.038 0.518 0.053 0.265 
 62    (0)   :  0.023 0.044 0.088 0.279 0.565 
 63    (0)   :  0.058 0.044 0.276 0.159 0.464 
 64    (0)   :  0.015 0.024 0.079 0.623 0.260 
 65    (0)   :  0.016 0.020 0.045 0.117 0.801 
 66    (0)   :  0.023 0.067 0.409 0.084 0.417 
 67    (0)   :  0.150 0.025 0.227 0.085 0.513 
 68    (0)   :  0.110 0.036 0.179 0.348 0.327 
 69    (0)   :  0.121 0.183 0.040 0.420 0.235 
 70    (0)   :  0.344 0.032 0.168 0.178 0.279 
 71    (0)   :  0.261 0.018 0.090 0.275 0.357 
 72    (0)   :  0.090 0.026 0.104 0.494 0.286 
 73    (0)   :  0.086 0.022 0.188 0.098 0.606 
 74    (0)   :  0.103 0.040 0.326 0.391 0.141 
 75    (0)   :  0.191 0.042 0.450 0.190 0.128 
 76    (0)   :  0.113 0.029 0.154 0.127 0.577 
 77    (0)   :  0.221 0.016 0.150 0.319 0.294 
 78    (0)   :  0.119 0.016 0.191 0.488 0.185 
 79    (0)   :  0.009 0.030 0.067 0.187 0.708 
 80    (0)   :  0.010 0.138 0.542 0.108 0.203 
 81    (0)   :  0.009 0.159 0.362 0.159 0.311 
 82    (0)   :  0.027 0.047 0.209 0.081 0.637 
 83    (0)   :  0.018 0.121 0.299 0.254 0.308 
 84    (0)   :  0.011 0.122 0.211 0.184 0.471 
 85    (0)   :  0.016 0.145 0.297 0.263 0.278 
 86    (0)   :  0.052 0.033 0.121 0.148 0.646 
 87    (0)   :  0.017 0.036 0.081 0.159 0.706 
 88    (0)   :  0.012 0.086 0.289 0.091 0.521 
 89    (0)   :  0.010 0.092 0.504 0.092 0.302 
 90    (0)   :  0.010 0.033 0.074 0.094 0.790 
 91    (0)   :  0.018 0.189 0.433 0.158 0.203 
 92    (0)   :  0.011 0.047 0.122 0.127 0.692 
 93    (0)   :  0.011 0.637 0.153 0.064 0.135 
 94    (0)   :  0.018 0.031 0.051 0.531 0.369 
 95    (0)   :  0.012 0.062 0.169 0.075 0.682 
 96    (0)   :  0.089 0.040 0.567 0.052 0.252 
 97    (0)   :  0.104 0.049 0.416 0.252 0.179 
 98    (0)   :  0.063 0.023 0.382 0.175 0.355 
 99    (0)   :  0.010 0.099 0.219 0.137 0.535 
100    (0)   :  0.011 0.064 0.772 0.044 0.109 
101    (0)   :  0.024 0.045 0.186 0.111 0.632 
102    (0)   :  0.036 0.147 0.327 0.125 0.365 
103    (0)   :  0.019 0.092 0.254 0.070 0.565 
104    (0)   :  0.033 0.086 0.029 0.085 0.767 
105    (0)   :  0.029 0.136 0.045 0.053 0.738 
106    (0)   :  0.021 0.016 0.032 0.279 0.652 
107    (0)   :  0.021 0.095 0.142 0.074 0.669 
108    (0)   :  0.454 0.030 0.078 0.162 0.276 
109    (0)   :  0.026 0.018 0.033 0.153 0.768 
110    (0)   :  0.015 0.020 0.038 0.294 0.634 
111    (0)   :  0.015 0.026 0.039 0.065 0.856 
112    (0)   :  0.026 0.018 0.034 0.139 0.783 
113    (0)   :  0.038 0.045 0.200 0.187 0.531 
114    (0)   :  0.021 0.110 0.033 0.077 0.759 
115    (0)   :  0.072 0.030 0.068 0.079 0.751 
116    (0)   :  0.077 0.018 0.049 0.237 0.619 
117    (0)   :  0.026 0.026 0.048 0.174 0.726 
118    (0)   :  0.022 0.027 0.076 0.076 0.798 
119    (0)   :  0.145 0.050 0.449 0.101 0.255 
120    (0)   :  0.024 0.032 0.058 0.090 0.797 
121    (0)   :  0.140 0.024 0.053 0.086 0.696 
122    (0)   :  0.016 0.025 0.036 0.215 0.708 
123    (0)   :  0.025 0.034 0.056 0.134 0.751 
124    (0)   :  0.085 0.026 0.050 0.312 0.527 
125    (0)   :  0.052 0.029 0.057 0.478 0.384 
126    (0)   :  0.076 0.037 0.070 0.202 0.615 
127    (0)   :  0.015 0.027 0.046 0.072 0.840 
128    (0)   :  0.023 0.028 0.065 0.059 0.826 
129    (0)   :  0.018 0.022 0.047 0.055 0.858 
130    (0)   :  0.012 0.092 0.094 0.085 0.716 
131    (0)   :  0.132 0.022 0.050 0.379 0.416 
132    (0)   :  0.020 0.019 0.039 0.148 0.773 
133    (0)   :  0.035 0.040 0.070 0.087 0.768 
134    (0)   :  0.012 0.014 0.029 0.191 0.755 
135    (0)   :  0.082 0.233 0.390 0.066 0.229 
136    (0)   :  0.011 0.690 0.119 0.065 0.114 
137    (0)   :  0.010 0.478 0.278 0.059 0.175 
138    (0)   :  0.020 0.739 0.066 0.078 0.096 
139    (0)   :  0.108 0.260 0.230 0.097 0.305 
140    (0)   :  0.039 0.344 0.179 0.139 0.299 
141    (0)   :  0.020 0.652 0.068 0.121 0.138 
142    (0)   :  0.127 0.312 0.309 0.061 0.192 
143    (0)   :  0.011 0.401 0.455 0.046 0.086 
144    (0)   :  0.011 0.360 0.420 0.050 0.159 
145    (0)   :  0.027 0.412 0.184 0.157 0.220 
146    (0)   :  0.033 0.422 0.092 0.131 0.322 
147    (0)   :  0.009 0.726 0.129 0.052 0.085 
148    (0)   :  0.033 0.515 0.119 0.075 0.258 
149    (0)   :  0.040 0.633 0.120 0.085 0.123 
150    (0)   :  0.013 0.373 0.226 0.071 0.317 
151    (0)   :  0.013 0.457 0.329 0.059 0.143 
152    (0)   :  0.076 0.461 0.142 0.104 0.217 
153    (0)   :  0.041 0.642 0.073 0.102 0.141 
154    (0)   :  0.024 0.713 0.075 0.059 0.128 
155    (0)   :  0.013 0.745 0.068 0.054 0.120 
156    (0)   :  0.071 0.494 0.211 0.046 0.177 
157    (0)   :  0.012 0.596 0.082 0.088 0.221 
158    (0)   :  0.021 0.494 0.148 0.150 0.186 
159    (0)   :  0.009 0.760 0.095 0.046 0.090 
160    (0)   :  0.010 0.768 0.081 0.046 0.095 
161    (0)   :  0.020 0.245 0.402 0.130 0.202 
162    (0)   :  0.035 0.388 0.069 0.138 0.370 
163    (0)   :  0.022 0.737 0.079 0.052 0.110 
164    (0)   :  0.016 0.468 0.064 0.086 0.366 
165    (0)   :  0.013 0.381 0.272 0.059 0.274 
166    (0)   :  0.046 0.473 0.111 0.114 0.256 
167    (0)   :  0.018 0.694 0.033 0.068 0.187 
168    (0)   :  0.039 0.607 0.092 0.133 0.129 
169    (0)   :  0.035 0.256 0.123 0.417 0.169 
170    (0)   :  0.015 0.051 0.758 0.053 0.123 
171    (0)   :  0.032 0.493 0.107 0.126 0.241 
172    (0)   :  0.154 0.332 0.185 0.211 0.118 
173    (0)   :  0.012 0.734 0.099 0.048 0.107 
174    (0)   :  0.009 0.719 0.078 0.061 0.133 
175    (0)   :  0.016 0.300 0.494 0.083 0.108 
176    (0)   :  0.011 0.355 0.423 0.050 0.160 
177    (0)   :  0.021 0.474 0.062 0.160 0.283 
178    (0)   :  0.010 0.681 0.067 0.088 0.155 
179    (0)   :  0.010 0.781 0.074 0.050 0.086 
180    (0)   :  0.034 0.492 0.120 0.133 0.221 
181    (0)   :  0.028 0.345 0.343 0.096 0.188 
182    (0)   :  0.018 0.425 0.363 0.046 0.149 
183    (0)   :  0.012 0.609 0.223 0.056 0.101 
184    (0)   :  0.017 0.028 0.292 0.156 0.507 
185    (0)   :  0.087 0.518 0.255 0.042 0.098 
186    (0)   :  0.016 0.027 0.157 0.105 0.696 
187    (0)   :  0.025 0.134 0.453 0.098 0.290 
188    (0)   :  0.017 0.020 0.135 0.079 0.750 
189    (0)   :  0.021 0.084 0.412 0.320 0.163 
190    (0)   :  0.176 0.063 0.598 0.036 0.126 
191    (0)   :  0.014 0.045 0.410 0.078 0.453 
192    (0)   :  0.012 0.060 0.513 0.100 0.315 
193    (0)   :  0.021 0.065 0.454 0.114 0.345 
194    (0)   :  0.028 0.062 0.460 0.082 0.368 
195    (0)   :  0.026 0.068 0.759 0.041 0.106 
196    (0)   :  0.056 0.048 0.634 0.054 0.208 
197    (0)   :  0.052 0.108 0.139 0.185 0.516 
198    (0)   :  0.027 0.076 0.264 0.189 0.443 
199    (0)   :  0.043 0.036 0.670 0.055 0.196 
200    (0)   :  0.067 0.052 0.516 0.115 0.251 
201    (0)   :  0.034 0.394 0.345 0.058 0.169 
202    (0)   :  0.032 0.084 0.699 0.043 0.144 
203    (0)   :  0.022 0.171 0.612 0.047 0.149 
204    (0)   :  0.021 0.032 0.776 0.040 0.132 
205    (0)   :  0.043 0.038 0.507 0.096 0.316 
206    (0)   :  0.026 0.058 0.642 0.050 0.224 
207    (0)   :  0.027 0.027 0.527 0.047 0.372 
208    (0)   :  0.088 0.280 0.261 0.059 0.312 
209    (0)   :  0.018 0.045 0.477 0.087 0.373 
210    (0)   :  0.019 0.052 0.653 0.052 0.223 
211    (0)   :  0.122 0.064 0.289 0.044 0.482 
212    (0)   :  0.023 0.129 0.638 0.074 0.135 
213    (0)   :  0.087 0.038 0.345 0.090 0.441 
214    (0)   :  0.018 0.087 0.733 0.046 0.117 
215    (0)   :  0.047 0.039 0.344 0.079 0.491 
216    (0)   :  0.024 0.037 0.227 0.142 0.570 
217    (0)   :  0.017 0.066 0.753 0.057 0.107 
218    (0)   :  0.013 0.038 0.596 0.087 0.265 
219    (0)   :  0.018 0.111 0.364 0.226 0.282 
220    (0)   :  0.021 0.035 0.550 0.053 0.341 
221    (0)   :  0.021 0.040 0.823 0.038 0.078 
222    (0)   :  0.020 0.056 0.290 0.218 0.417 
223    (0)   :  0.028 0.195 0.392 0.125 0.259 
224    (0)   :  0.017 0.085 0.682 0.048 0.168 
225    (0)   :  0.034 0.043 0.612 0.071 0.240 
226    (0)   :  0.019 0.052 0.484 0.248 0.196 
227    (0)   :  0.066 0.076 0.598 0.048 0.213 
228    (0)   :  0.067 0.066 0.713 0.038 0.116 
229    (0)   :  0.010 0.046 0.765 0.050 0.129 
230    (0)   :  0.011 0.040 0.757 0.045 0.147 
231    (0)   :  0.012 0.090 0.605 0.084 0.210 
232    (0)   :  0.030 0.052 0.549 0.110 0.259 
233    (0)   :  0.023 0.443 0.326 0.055 0.153 
234    (0)   :  0.016 0.111 0.310 0.142 0.422 
235    (0)   :  0.021 0.055 0.633 0.105 0.186 
236    (0)   :  0.021 0.122 0.538 0.086 0.232 
237    (0)   :  0.035 0.047 0.435 0.057 0.425 
238    (0)   :  0.017 0.088 0.689 0.055 0.151 
239    (0)   :  0.025 0.068 0.759 0.041 0.107 
240    (0)   :  0.017 0.086 0.689 0.056 0.153 
241    (0)   :  0.018 0.081 0.725 0.052 0.125 
242    (0)   :  0.015 0.037 0.650 0.139 0.159 
243    (0)   :  0.094 0.057 0.626 0.041 0.181 
244    (0)   :  0.015 0.069 0.738 0.044 0.134 
245    (0)   :  0.032 0.489 0.292 0.053 0.133 
246    (0)   :  0.017 0.067 0.751 0.057 0.108 
247    (0)   :  0.033 0.025 0.115 0.128 0.699 
248    (0)   :  0.047 0.034 0.122 0.062 0.734 
249    (0)   :  0.013 0.042 0.772 0.046 0.127 
250    (0)   :  0.014 0.059 0.586 0.082 0.259 
251    (0)   :  0.036 0.052 0.327 0.206 0.378 
252    (0)   :  0.027 0.054 0.633 0.083 0.203 
253    (0)   :  0.040 0.034 0.306 0.123 0.496 
254    (0)   :  0.026 0.073 0.318 0.152 0.432 
255    (0)   :  0.015 0.061 0.503 0.112 0.310 
256    (0)   :  0.020 0.048 0.733 0.056 0.144 
257    (0)   :  0.028 0.048 0.550 0.067 0.307 
258    (0)   :  0.095 0.083 0.214 0.091 0.517 
259    (0)   :  0.020 0.047 0.447 0.074 0.412 
260    (0)   :  0.016 0.125 0.379 0.169 0.310 
261    (0)   :  0.045 0.116 0.574 0.079 0.185 
262    (0)   :  0.033 0.056 0.776 0.043 0.092 
263    (0)   :  0.025 0.039 0.450 0.072 0.414 
264    (0)   :  0.031 0.022 0.085 0.412 0.450 
265    (0)   :  0.028 0.094 0.430 0.143 0.305 
266    (0)   :  0.028 0.101 0.744 0.038 0.089 
267    (0)   :  0.020 0.078 0.451 0.084 0.367 
268    (0)   :  0.058 0.051 0.627 0.055 0.209 
269    (0)   :  0.017 0.111 0.373 0.281 0.219 
270    (0)   :  0.023 0.053 0.175 0.119 0.629 
271    (0)   :  0.072 0.059 0.275 0.077 0.517 
272    (0)   :  0.049 0.043 0.446 0.187 0.274 
273    (0)   :  0.034 0.131 0.450 0.147 0.238 
274    (0)   :  0.024 0.056 0.402 0.151 0.368 
275    (0)   :  0.034 0.120 0.396 0.187 0.264 
276    (0)   :  0.028 0.030 0.543 0.133 0.266 
277    (0)   :  0.018 0.088 0.519 0.122 0.252 
278    (0)   :  0.111 0.059 0.330 0.078 0.421 
279    (0)   :  0.022 0.063 0.517 0.100 0.298 
280    (0)   :  0.037 0.069 0.426 0.218 0.249 
281    (0)   :  0.025 0.065 0.360 0.095 0.454 
282    (0)   :  0.016 0.171 0.511 0.100 0.202 
283    (0)   :  0.015 0.131 0.676 0.055 0.123 
284    (0)   :  0.029 0.146 0.305 0.090 0.430 
285    (0)   :  0.105 0.020 0.102 0.084 0.689 
286    (0)   :  0.014 0.065 0.743 0.045 0.133 
287    (0)   :  0.017 0.072 0.421 0.188 0.302 
288    (0)   :  0.017 0.036 0.533 0.187 0.227 
289    (0)   :  0.034 0.033 0.449 0.120 0.364 
290    (0)   :  0.072 0.031 0.448 0.214 0.235 
291    (0)   :  0.071 0.061 0.271 0.077 0.520 
292    (0)   :  0.079 0.070 0.495 0.167 0.189 
293    (0)   :  0.112 0.035 0.155 0.330 0.368 
294    (0)   :  0.021 0.025 0.626 0.083 0.245 
295    (0)   :  0.063 0.082 0.260 0.185 0.409 
296    (0)   :  0.027 0.038 0.514 0.068 0.353 
297    (0)   :  0.020 0.037 0.413 0.239 0.291 
298    (0)   :  0.012 0.075 0.594 0.100 0.220 
299    (0)   :  0.014 0.033 0.511 0.092 0.349 
300    (0)   :  0.027 0.026 0.553 0.070 0.325 
301    (0)   :  0.022 0.054 0.225 0.212 0.487 
302    (0)   :  0.085 0.046 0.376 0.087 0.407 
303    (0)   :  0.020 0.068 0.680 0.076 0.156 
304    (0)   :  0.018 0.358 0.108 0.194 0.322 
305    (0)   :  0.024 0.087 0.695 0.057 0.137 
306    (0)   :  0.013 0.055 0.747 0.074 0.111 
307    (0)   :  0.022 0.071 0.432 0.095 0.380 
308    (0)   :  0.045 0.113 0.576 0.081 0.184 
309    (0)   :  0.062 0.051 0.504 0.069 0.314 
310    (0)   :  0.030 0.060 0.727 0.045 0.138 
311    (0)   :  0.011 0.039 0.758 0.045 0.147 
312    (0)   :  0.026 0.035 0.543 0.047 0.349 
313    (0)   :  0.188 0.030 0.268 0.053 0.461 
314    (0)   :  0.020 0.719 0.131 0.050 0.079 
315    (0)   :  0.033 0.730 0.074 0.073 0.090 
316    (0)   :  0.017 0.752 0.058 0.084 0.089 
317    (0)   :  0.010 0.778 0.086 0.048 0.077 
318    (0)   :  0.008 0.826 0.044 0.049 0.072 
319    (0)   :  0.011 0.609 0.245 0.047 0.088 
320    (0)   :  0.021 0.722 0.128 0.050 0.079 
321    (0)   :  0.009 0.788 0.072 0.053 0.078 
322    (0)   :  0.027 0.644 0.153 0.081 0.096 
323    (0)   :  0.008 0.807 0.060 0.048 0.076 
324    (0)   :  0.010 0.791 0.071 0.052 0.076 
325    (0)   :  0.015 0.776 0.044 0.079 0.086 
326    (0)   :  0.016 0.778 0.046 0.078 0.082 
327    (0)   :  0.011 0.779 0.084 0.049 0.077 
328    (0)   :  0.020 0.668 0.128 0.081 0.103 
329    (0)   :  0.008 0.796 0.074 0.047 0.075 
330    (0)   :  0.010 0.779 0.085 0.049 0.077 
331    (0)   :  0.008 0.808 0.060 0.047 0.078 
332    (0)   :  0.014 0.768 0.046 0.085 0.087 
333    (0)   :  0.016 0.756 0.065 0.074 0.089 
334    (0)   :  0.020 0.672 0.125 0.080 0.103 
335    (0)   :  0.021 0.674 0.137 0.072 0.096 
336    (0)   :  0.014 0.797 0.061 0.053 0.075 
337    (0)   :  0.018 0.726 0.075 0.087 0.093 
338    (0)   :  0.008 0.825 0.045 0.050 0.072 
339    (0)   :  0.008 0.809 0.059 0.047 0.077 
340    (0)   :  0.009 0.802 0.067 0.044 0.077 
341    (0)   :  0.009 0.799 0.069 0.047 0.077 
342    (0)   :  0.010 0.780 0.084 0.049 0.077 
343    (0)   :  0.044 0.605 0.172 0.083 0.096 
344    (0)   :  0.008 0.820 0.052 0.047 0.073 
345    (0)   :  0.010 0.780 0.084 0.049 0.076 
346    (0)   :  0.009 0.824 0.050 0.046 0.072 
347    (0)   :  0.008 0.816 0.058 0.044 0.073 
348    (0)   :  0.052 0.565 0.219 0.069 0.095 
349    (0)   :  0.010 0.776 0.087 0.050 0.077 
350    (0)   :  0.015 0.761 0.094 0.048 0.083 
351    (0)   :  0.022 0.673 0.138 0.071 0.096 
352    (0)   :  0.022 0.719 0.089 0.079 0.092 
353    (0)   :  0.014 0.797 0.062 0.053 0.074 
354    (0)   :  0.008 0.812 0.058 0.047 0.075 
355    (0)   :  0.008 0.826 0.044 0.050 0.072 
356    (0)   :  0.048 0.247 0.545 0.065 0.095 
357    (0)   :  0.017 0.457 0.074 0.287 0.165 
358    (0)   :  0.014 0.767 0.054 0.076 0.090 
359    (0)   :  0.008 0.807 0.060 0.048 0.077 
360    (0)   :  0.009 0.826 0.049 0.046 0.071 
361    (0)   :  0.021 0.211 0.280 0.293 0.194 
362    (0)   :  0.019 0.038 0.122 0.356 0.465 
363    (0)   :  0.023 0.025 0.063 0.518 0.371 
364    (0)   :  0.017 0.176 0.182 0.297 0.328 
365    (0)   :  0.026 0.033 0.069 0.537 0.335 
366    (0)   :  0.115 0.058 0.193 0.398 0.235 
367    (0)   :  0.012 0.017 0.033 0.393 0.545 
368    (0)   :  0.010 0.029 0.066 0.113 0.782 
369    (0)   :  0.057 0.057 0.406 0.256 0.224 
370    (0)   :  0.026 0.043 0.127 0.116 0.688 
371    (0)   :  0.028 0.064 0.168 0.324 0.416 
372    (0)   :  0.032 0.071 0.254 0.096 0.547 
373    (0)   :  0.013 0.041 0.142 0.245 0.559 
374    (0)   :  0.012 0.063 0.362 0.292 0.271 
375    (0)   :  0.014 0.026 0.057 0.356 0.546 
376    (0)   :  0.011 0.020 0.032 0.798 0.139 
377    (0)   :  0.032 0.052 0.054 0.316 0.547 
378    (0)   :  0.014 0.151 0.112 0.139 0.585 
379    (0)   :  0.017 0.019 0.036 0.794 0.133 
380    (0)   :  0.036 0.053 0.169 0.619 0.124 
381    (0)   :  0.039 0.037 0.143 0.671 0.109 
382    (0)   :  0.010 0.030 0.040 0.478 0.442 
383    (0)   :  0.017 0.143 0.051 0.676 0.114 
384    (0)   :  0.026 0.102 0.075 0.540 0.258 
385    (0)   :  0.009 0.178 0.052 0.159 0.601 
386    (0)   :  0.014 0.024 0.051 0.514 0.397 
387    (0)   :  0.020 0.034 0.041 0.393 0.512 
388    (0)   :  0.013 0.167 0.172 0.222 0.427 
389    (0)   :  0.130 0.037 0.094 0.092 0.647 
390    (0)   :  0.192 0.026 0.060 0.400 0.321 
391    (0)   :  0.054 0.043 0.127 0.153 0.623 
392    (0)   :  0.020 0.060 0.076 0.603 0.242 
393    (0)   :  0.063 0.041 0.058 0.728 0.110 
394    (0)   :  0.016 0.191 0.127 0.290 0.375 
395    (0)   :  0.168 0.029 0.085 0.306 0.412 
396    (0)   :  0.011 0.018 0.039 0.330 0.603 
397    (0)   :  0.019 0.062 0.317 0.245 0.357 
398    (0)   :  0.015 0.019 0.033 0.709 0.224 
399    (0)   :  0.025 0.025 0.063 0.282 0.605 
400    (0)   :  0.014 0.028 0.072 0.536 0.351 
401    (0)   :  0.049 0.033 0.070 0.194 0.654 
402    (0)   :  0.060 0.038 0.135 0.222 0.545 
403    (0)   :  0.020 0.244 0.162 0.165 0.409 
404    (0)   :  0.015 0.037 0.165 0.390 0.394 
405    (0)   :  0.025 0.041 0.130 0.441 0.364 
406    (0)   :  0.406 0.037 0.171 0.272 0.115 
407    (0)   :  0.011 0.017 0.037 0.773 0.162 
408    (0)   :  0.065 0.016 0.049 0.080 0.790 
409    (0)   :  0.109 0.040 0.448 0.265 0.139 
410    (0)   :  0.027 0.043 0.092 0.497 0.341 
411    (0)   :  0.058 0.121 0.079 0.556 0.186 
412    (0)   :  0.010 0.027 0.069 0.175 0.720 
413    (0)   :  0.013 0.130 0.116 0.162 0.579 
414    (0)   :  0.010 0.023 0.035 0.126 0.806 
415    (0)   :  0.035 0.022 0.069 0.683 0.191 
416    (0)   :  0.030 0.031 0.137 0.420 0.381 
417    (0)   :  0.014 0.019 0.056 0.707 0.204 
418    (0)   :  0.009 0.020 0.041 0.274 0.655 
419    (0)   :  0.063 0.090 0.175 0.242 0.429 
420    (0)   :  0.128 0.019 0.072 0.244 0.536 
421    (0)   :  0.016 0.021 0.079 0.448 0.436 
422    (0)   :  0.095 0.027 0.116 0.373 0.389 
423    (0)   :  0.025 0.038 0.072 0.548 0.317 
424    (0)   :  0.134 0.040 0.056 0.162 0.608 
425    (0)   :  0.028 0.061 0.090 0.273 0.548 
426    (0)   :  0.019 0.060 0.062 0.245 0.614 
427    (0)   :  0.027 0.125 0.030 0.646 0.172 
428    (0)   :  0.069 0.068 0.201 0.418 0.244 
429    (0)   :  0.010 0.017 0.036 0.707 0.231 
430    (0)   :  0.017 0.021 0.048 0.730 0.184 
431    (0)   :  0.014 0.045 0.072 0.170 0.700 
432    (0)   :  0.011 0.033 0.068 0.129 0.758 
433    (0)   :  0.026 0.137 0.195 0.083 0.559 
434    (0)   :  0.018 0.050 0.195 0.302 0.436 
435    (0)   :  0.021 0.019 0.032 0.737 0.191 
436    (0)   :  0.024 0.027 0.052 0.780 0.117 
437    (0)   :  0.013 0.021 0.036 0.752 0.178 
438    (0)   :  0.198 0.034 0.091 0.409 0.268 
439    (0)   :  0.014 0.025 0.036 0.809 0.116 
440    (0)   :  0.020 0.016 0.027 0.800 0.136 
441    (0)   :  0.017 0.050 0.073 0.628 0.232 
442    (0)   :  0.021 0.019 0.048 0.555 0.357 
443    (0)   :  0.129 0.018 0.042 0.375 0.437 
444    (0)   :  0.030 0.019 0.046 0.640 0.265 
445    (0)   :  0.073 0.053 0.164 0.546 0.165 
446    (0)   :  0.016 0.023 0.035 0.674 0.252 
447    (0)   :  0.066 0.036 0.082 0.549 0.267 
448    (0)   :  0.021 0.022 0.041 0.611 0.304 
449    (0)   :  0.021 0.035 0.072 0.570 0.303 
450    (0)   :  0.009 0.039 0.049 0.685 0.217 
451    (0)   :  0.024 0.016 0.032 0.163 0.765 
452    (0)   :  0.010 0.030 0.047 0.739 0.174 
453    (0)   :  0.285 0.029 0.133 0.136 0.417 
454    (0)   :  0.016 0.051 0.058 0.660 0.215 
455    (0)   :  0.082 0.020 0.039 0.653 0.206 
456    (0)   :  0.127 0.019 0.043 0.566 0.245 
457    (0)   :  0.014 0.023 0.036 0.776 0.151 
458    (0)   :  0.012 0.023 0.040 0.778 0.146 
459    (0)   :  0.033 0.060 0.082 0.541 0.285 
460    (0)   :  0.020 0.020 0.032 0.690 0.238 
461    (0)   :  0.010 0.022 0.031 0.549 0.388 
462    (0)   :  0.052 0.016 0.037 0.563 0.332 
463    (0)   :  0.505 0.027 0.069 0.237 0.161 
464    (0)   :  0.058 0.019 0.037 0.547 0.339 
465    (0)   :  0.037 0.027 0.049 0.284 0.604 
466    (0)   :  0.209 0.020 0.048 0.300 0.423 
467    (0)   :  0.036 0.035 0.074 0.625 0.231 
468    (0)   :  0.060 0.018 0.037 0.761 0.124 
469    (0)   :  0.018 0.021 0.030 0.829 0.102 
470    (0)   :  0.019 0.019 0.029 0.764 0.169 
471    (0)   :  0.125 0.022 0.087 0.329 0.436 
472    (0)   :  0.056 0.023 0.059 0.432 0.431 
473    (0)   :  0.025 0.037 0.074 0.517 0.346 
474    (0)   :  0.023 0.027 0.062 0.703 0.184 
475    (0)   :  0.023 0.040 0.075 0.288 0.574 
476    (0)   :  0.023 0.023 0.044 0.781 0.130 
477    (0)   :  0.040 0.034 0.062 0.239 0.625 
478    (0)   :  0.017 0.021 0.030 0.202 0.729 
479    (0)   :  0.015 0.018 0.030 0.740 0.197 
480    (0)   :  0.011 0.020 0.035 0.820 0.113 
481    (0)   :  0.022 0.021 0.056 0.314 0.585 
482    (0)   :  0.010 0.018 0.031 0.782 0.159 
483    (0)   :  0.021 0.025 0.040 0.725 0.188 
484    (0)   :  0.178 0.028 0.057 0.483 0.254 
485    (0)   :  0.043 0.021 0.034 0.746 0.156 
486    (0)   :  0.062 0.032 0.081 0.106 0.718 
487    (0)   :  0.033 0.100 0.093 0.142 0.632 
488    (0)   :  0.027 0.065 0.052 0.076 0.780 
489    (0)   :  0.048 0.043 0.348 0.166 0.395 
490    (0)   :  0.044 0.021 0.042 0.131 0.762 
491    (0)   :  0.020 0.051 0.287 0.087 0.556 
492    (0)   :  0.067 0.164 0.152 0.082 0.535 
493    (0)   :  0.035 0.065 0.049 0.086 0.765 
494    (0)   :  0.024 0.041 0.241 0.138 0.557 
495    (0)   :  0.054 0.089 0.071 0.088 0.698 
496    (0)   :  0.033 0.101 0.425 0.109 0.332 
497    (0)   :  0.016 0.104 0.089 0.081 0.710 
498    (0)   :  0.052 0.020 0.185 0.119 0.624 
499    (0)   :  0.032 0.190 0.159 0.105 0.515 
500    (0)   :  0.030 0.048 0.099 0.240 0.583 
501    (0)   :  0.016 0.073 0.217 0.200 0.495 
502    (0)   :  0.011 0.105 0.184 0.123 0.577 
503    (0)   :  0.020 0.028 0.060 0.464 0.428 
504    (0)   :  0.024 0.025 0.064 0.073 0.814 
505    (0)   :  0.035 0.036 0.335 0.084 0.510 
506    (0)   :  0.013 0.068 0.265 0.112 0.543 
507    (0)   :  0.030 0.211 0.572 0.057 0.131 
508    (0)   :  0.109 0.219 0.384 0.052 0.236 
509    (0)   :  0.036 0.096 0.292 0.082 0.494 
510    (0)   :  0.019 0.143 0.242 0.194 0.402 
511    (0)   :  0.023 0.027 0.134 0.461 0.355 
512    (0)   :  0.013 0.021 0.051 0.461 0.455 
513    (0)   :  0.048 0.041 0.082 0.038 0.792 
514    (0)   :  0.016 0.040 0.061 0.092 0.791 
515    (0)   :  0.079 0.118 0.095 0.396 0.313 
516    (0)   :  0.035 0.030 0.100 0.072 0.763 
517    (0)   :  0.124 0.081 0.140 0.241 0.414 
518    (0)   :  0.013 0.205 0.203 0.244 0.336 
519    (0)   :  0.018 0.033 0.083 0.102 0.764 
520    (0)   :  0.214 0.140 0.234 0.254 0.158 
521    (0)   :  0.025 0.329 0.136 0.093 0.417 
522    (0)   :  0.190 0.038 0.062 0.457 0.252 
523    (0)   :  0.298 0.092 0.180 0.102 0.328 
524    (0)   :  0.100 0.066 0.073 0.474 0.286 
525    (0)   :  0.035 0.153 0.209 0.340 0.263 
526    (0)   :  0.446 0.036 0.130 0.253 0.135 
527    (0)   :  0.011 0.043 0.047 0.224 0.675 
528    (0)   :  0.033 0.494 0.143 0.072 0.257 
529    (0)   :  0.018 0.088 0.233 0.115 0.546 
530    (0)   :  0.057 0.056 0.099 0.474 0.314 
531    (0)   :  0.049 0.398 0.063 0.253 0.237 
532    (0)   :  0.067 0.301 0.052 0.128 0.453 
533    (0)   :  0.050 0.056 0.101 0.391 0.402 
534    (0)   :  0.101 0.094 0.133 0.060 0.612 
535    (0)   :  0.196 0.034 0.145 0.212 0.414 
536    (0)   :  0.065 0.045 0.398 0.288 0.203 
537    (0)   :  0.050 0.034 0.668 0.085 0.163 
538    (0)   :  0.047 0.039 0.596 0.126 0.192 
539    (0)   :  0.013 0.045 0.806 0.047 0.089 
540    (0)   :  0.117 0.205 0.169 0.196 0.314 
541    (0)   :  0.042 0.427 0.170 0.159 0.203 
542    (0)   :  0.272 0.026 0.209 0.279 0.214 
543    (0)   :  0.252 0.184 0.134 0.090 0.340 
544    (0)   :  0.400 0.050 0.155 0.146 0.250 
545    (0)   :  0.589 0.020 0.063 0.154 0.175 
546    (0)   :  0.118 0.068 0.325 0.144 0.345 
547    (0)   :  0.529 0.044 0.193 0.077 0.157 
548    (0)   :  0.014 0.059 0.584 0.084 0.259 
549    (0)   :  0.088 0.052 0.519 0.223 0.118 
550    (0)   :  0.332 0.020 0.151 0.302 0.195 
551    (0)   :  0.028 0.148 0.530 0.116 0.178 
552    (0)   :  0.041 0.040 0.654 0.100 0.166 
553    (0)   :  0.454 0.102 0.233 0.054 0.157 
554    (0)   :  0.058 0.150 0.090 0.286 0.417 
555    (0)   :  0.030 0.038 0.645 0.085 0.202 
556    (0)   :  0.037 0.035 0.575 0.110 0.243 
557    (0)   :  0.283 0.050 0.105 0.326 0.236 
558    (0)   :  0.009 0.019 0.029 0.794 0.149 
559    (0)   :  0.025 0.028 0.105 0.104 0.739 
560    (0)   :  0.018 0.015 0.035 0.440 0.492 
561    (0)   :  0.028 0.020 0.040 0.256 0.655 
562    (0)   :  0.049 0.015 0.036 0.193 0.707 
563    (0)   :  0.030 0.058 0.141 0.143 0.628 
564    (0)   :  0.068 0.040 0.094 0.110 0.689 
565    (0)   :  0.011 0.021 0.039 0.787 0.142 
566    (0)   :  0.016 0.016 0.031 0.378 0.558 
567    (0)   :  0.021 0.021 0.092 0.095 0.772 
568    (0)   :  0.036 0.029 0.075 0.197 0.663 
569    (0)   :  0.105 0.039 0.065 0.414 0.377 
570    (0)   :  0.010 0.016 0.034 0.749 0.190 
571    (0)   :  0.017 0.026 0.048 0.153 0.755 
572    (0)   :  0.168 0.038 0.416 0.189 0.190 
573    (0)   :  0.064 0.034 0.118 0.245 0.539 
574    (0)   :  0.021 0.071 0.115 0.534 0.259 
575    (0)   :  0.021 0.041 0.131 0.176 0.630 
576    (0)   :  0.012 0.016 0.030 0.238 0.704 
577    (0)   :  0.014 0.048 0.145 0.447 0.347 
578    (0)   :  0.021 0.025 0.058 0.265 0.631 
579    (0)   :  0.020 0.025 0.050 0.258 0.646 
580    (0)   :  0.012 0.037 0.072 0.584 0.295 
581    (0)   :  0.013 0.030 0.053 0.563 0.341 
582    (0)   :  0.029 0.016 0.042 0.661 0.251 
583    (0)   :  0.015 0.028 0.049 0.250 0.657 
584    (0)   :  0.011 0.019 0.033 0.226 0.711 
585    (0)   :  0.017 0.021 0.049 0.319 0.594 
586    (0)   :  0.019 0.026 0.079 0.122 0.754 
587    (0)   :  0.039 0.017 0.049 0.405 0.490 
588    (0)   :  0.313 0.028 0.087 0.045 0.527 
589    (0)   :  0.093 0.020 0.034 0.605 0.249 
590    (0)   :  0.015 0.023 0.042 0.090 0.831 
591    (0)   :  0.012 0.026 0.049 0.123 0.790 
592    (0)   :  0.073 0.019 0.069 0.207 0.632 
593    (0)   :  0.025 0.036 0.102 0.309 0.528 
594    (0)   :  0.016 0.062 0.058 0.099 0.766 
595    (0)   :  0.010 0.017 0.042 0.248 0.684 
596    (0)   :  0.140 0.040 0.091 0.242 0.487 
597    (0)   :  0.070 0.197 0.050 0.092 0.591 
598    (0)   :  0.010 0.018 0.029 0.812 0.131 
599    (0)   :  0.036 0.016 0.039 0.249 0.659 
600    (0)   :  0.027 0.047 0.079 0.545 0.303 
601    (0)   :  0.027 0.016 0.044 0.449 0.464 
602    (0)   :  0.013 0.055 0.178 0.108 0.646 
603    (0)   :  0.016 0.062 0.131 0.097 0.694 
604    (0)   :  0.024 0.059 0.080 0.497 0.340 
605    (0)   :  0.031 0.029 0.064 0.218 0.659 
606    (0)   :  0.028 0.060 0.267 0.214 0.431 
607    (0)   :  0.011 0.122 0.255 0.298 0.314 
608    (0)   :  0.019 0.338 0.128 0.254 0.262 
609    (0)   :  0.025 0.030 0.083 0.473 0.390 
610    (0)   :  0.075 0.029 0.070 0.556 0.270 
611    (0)   :  0.029 0.066 0.109 0.111 0.686 
612    (0)   :  0.023 0.024 0.044 0.770 0.138 
613    (0)   :  0.044 0.042 0.082 0.369 0.463 
614    (0)   :  0.016 0.023 0.062 0.693 0.206 
615    (0)   :  0.016 0.037 0.096 0.688 0.163 
616    (0)   :  0.010 0.106 0.181 0.302 0.401 
617    (0)   :  0.041 0.032 0.044 0.382 0.502 
618    (0)   :  0.063 0.184 0.068 0.464 0.221 
619    (0)   :  0.065 0.077 0.179 0.281 0.398 
620    (0)   :  0.065 0.015 0.060 0.139 0.721 
621    (0)   :  0.010 0.025 0.041 0.255 0.670 
622    (0)   :  0.070 0.097 0.105 0.384 0.344 
623    (0)   :  0.021 0.026 0.063 0.189 0.702 
624    (0)   :  0.019 0.137 0.046 0.631 0.166 
625    (0)   :  0.015 0.112 0.076 0.468 0.330 
626    (0)   :  0.136 0.269 0.167 0.294 0.135 
627    (0)   :  0.024 0.037 0.076 0.226 0.637 
628    (0)   :  0.018 0.036 0.085 0.142 0.719 
629    (0)   :  0.012 0.042 0.107 0.222 0.617 
630    (0)   :  0.023 0.037 0.065 0.576 0.299 
631    (0)   :  0.012 0.034 0.121 0.499 0.334 
632    (0)   :  0.033 0.108 0.323 0.168 0.368 
633    (0)   :  0.015 0.075 0.089 0.468 0.353 
634    (0)   :  0.044 0.100 0.199 0.255 0.402 
635    (0)   :  0.017 0.164 0.403 0.199 0.217 
636    (0)   :  0.019 0.184 0.066 0.431 0.300 
637    (0)   :  0.108 0.043 0.215 0.192 0.442 
638    (0)   :  0.012 0.062 0.119 0.209 0.597 
639    (0)   :  0.017 0.066 0.099 0.445 0.374 
640    (0)   :  0.009 0.039 0.044 0.193 0.715 
641    (0)   :  0.014 0.041 0.095 0.239 0.611 
642    (0)   :  0.033 0.179 0.366 0.140 0.282 
643    (0)   :  0.014 0.636 0.109 0.084 0.157 
644    (0)   :  0.019 0.481 0.118 0.084 0.298 
645    (0)   :  0.031 0.374 0.162 0.300 0.134 
646    (0)   :  0.044 0.061 0.144 0.126 0.626 
647    (0)   :  0.023 0.101 0.346 0.092 0.439 
648    (0)   :  0.080 0.244 0.147 0.152 0.377 
649    (0)   :  0.077 0.062 0.374 0.069 0.419 
650    (0)   :  0.028 0.074 0.164 0.079 0.655 
651    (0)   :  0.012 0.334 0.101 0.072 0.481 
652    (0)   :  0.017 0.409 0.199 0.093 0.281 
653    (0)   :  0.048 0.219 0.262 0.136 0.336 
654    (0)   :  0.026 0.044 0.640 0.088 0.202 
655    (0)   :  0.019 0.438 0.092 0.103 0.348 
656    (0)   :  0.083 0.172 0.144 0.114 0.487 
657    (0)   :  0.017 0.157 0.079 0.303 0.444 
658    (0)   :  0.073 0.209 0.065 0.161 0.493 
659    (0)   :  0.056 0.276 0.236 0.122 0.309 
660    (0)   :  0.022 0.159 0.560 0.072 0.186 
661    (0)   :  0.108 0.317 0.298 0.114 0.162 
662    (0)   :  0.195 0.050 0.241 0.057 0.457 
663    (0)   :  0.023 0.366 0.228 0.104 0.279 
664    (0)   :  0.041 0.212 0.070 0.227 0.449 
665    (0)   :  0.151 0.097 0.150 0.075 0.527 
666    (0)   :  0.053 0.353 0.179 0.114 0.301 
667    (0)   :  0.028 0.073 0.051 0.087 0.762 
668    (0)   :  0.038 0.318 0.146 0.168 0.330 
669    (0)   :  0.038 0.173 0.285 0.094 0.410 
670    (0)   :  0.017 0.669 0.145 0.049 0.120 
671    (0)   :  0.019 0.241 0.465 0.071 0.204 
672    (0)   :  0.033 0.376 0.300 0.110 0.181 
673    (0)   :  0.009 0.768 0.094 0.050 0.080 
674    (0)   :  0.019 0.295 0.428 0.105 0.154 
675    (0)   :  0.011 0.369 0.408 0.051 0.161 
676    (0)   :  0.010 0.631 0.222 0.052 0.085 
677    (0)   :  0.024 0.048 0.803 0.043 0.082 
678    (0)   :  0.008 0.685 0.160 0.054 0.091 
679    (0)   :  0.009 0.675 0.083 0.096 0.137 
680    (0)   :  0.016 0.699 0.079 0.086 0.120 
681    (0)   :  0.291 0.205 0.104 0.172 0.229 
682    (0)   :  0.016 0.463 0.305 0.105 0.112 
683    (0)   :  0.021 0.625 0.197 0.048 0.108 
684    (0)   :  0.010 0.373 0.461 0.060 0.096 
685    (0)   :  0.011 0.496 0.366 0.047 0.081 
686    (0)   :  0.025 0.052 0.744 0.075 0.105 
687    (0)   :  0.034 0.360 0.347 0.063 0.195 
688    (0)   :  0.012 0.410 0.367 0.068 0.144 
689    (0)   :  0.011 0.781 0.085 0.045 0.078 
690    (0)   :  0.010 0.623 0.228 0.053 0.086 
691    (0)   :  0.011 0.084 0.698 0.085 0.122 
692    (0)   :  0.009 0.708 0.084 0.068 0.132 
693    (0)   :  0.011 0.681 0.088 0.080 0.140 
694    (0)   :  0.012 0.663 0.206 0.042 0.077 
695    (0)   :  0.022 0.113 0.703 0.071 0.092 
696    (0)   :  0.011 0.401 0.374 0.069 0.145 
697    (0)   :  0.015 0.758 0.094 0.050 0.084 
698    (0)   :  0.010 0.568 0.278 0.053 0.091 
699    (0)   :  0.040 0.055 0.757 0.062 0.087 
700    (0)   :  0.053 0.316 0.408 0.112 0.112 
701    (0)   :  0.022 0.453 0.279 0.112 0.134 
702    (0)   :  0.038 0.454 0.202 0.123 0.184 
703    (0)   :  0.018 0.390 0.369 0.103 0.120 
704    (0)   :  0.020 0.619 0.171 0.059 0.131 
705    (0)   :  0.335 0.358 0.069 0.092 0.146 
706    (0)   :  0.019 0.141 0.656 0.081 0.103 
707    (0)   :  0.019 0.520 0.314 0.056 0.092 
708    (0)   :  0.011 0.532 0.305 0.051 0.100 
709    (0)   :  0.025 0.091 0.739 0.060 0.085 
710    (0)   :  0.011 0.139 0.727 0.047 0.077 
711    (0)   :  0.044 0.293 0.474 0.077 0.112 
712    (0)   :  0.018 0.049 0.814 0.040 0.078 
713    (0)   :  0.012 0.260 0.548 0.054 0.126 
714    (0)   :  0.012 0.405 0.303 0.099 0.181 
715    (0)   :  0.016 0.066 0.803 0.043 0.073 
716    (0)   :  0.016 0.092 0.728 0.074 0.090 
717    (0)   :  0.020 0.676 0.181 0.045 0.078 
718    (0)   :  0.027 0.325 0.419 0.078 0.151 
719    (0)   :  0.015 0.053 0.815 0.043 0.074 
720    (0)   :  0.011 0.025 0.062 0.253 0.650 
721    (0)   :  0.012 0.062 0.572 0.208 0.146 
722    (0)   :  0.023 0.036 0.124 0.554 0.263 
723    (0)   :  0.010 0.041 0.083 0.624 0.241 
724    (0)   :  0.020 0.194 0.052 0.578 0.156 
725    (0)   :  0.026 0.222 0.073 0.163 0.516 
726    (0)   :  0.060 0.127 0.047 0.519 0.247 
727    (0)   :  0.189 0.205 0.105 0.234 0.267 
728    (0)   :  0.015 0.018 0.027 0.841 0.099 
729    (0)   :  0.011 0.017 0.033 0.811 0.128 
730    (0)   :  0.012 0.031 0.062 0.432 0.463 
731    (0)   :  0.013 0.027 0.074 0.718 0.168 
732    (0)   :  0.010 0.041 0.083 0.624 0.242 
733    (0)   :  0.009 0.027 0.035 0.773 0.156 
734    (0)   :  0.011 0.019 0.028 0.757 0.186 
735    (0)   :  0.008 0.029 0.044 0.801 0.118 
736    (0)   :  0.014 0.039 0.044 0.610 0.293 
737    (0)   :  0.046 0.042 0.056 0.477 0.380 
738    (0)   :  0.010 0.028 0.063 0.567 0.332 
739    (0)   :  0.009 0.021 0.038 0.786 0.146 
740    (0)   :  0.012 0.389 0.354 0.082 0.163 
741    (0)   :  0.021 0.212 0.383 0.138 0.246 
742    (0)   :  0.013 0.123 0.059 0.177 0.627 
743    (0)   :  0.011 0.050 0.176 0.170 0.593 
744    (0)   :  0.079 0.050 0.244 0.092 0.536 
745    (0)   :  0.037 0.022 0.048 0.129 0.763 
746    (0)   :  0.015 0.064 0.330 0.212 0.379 
747    (0)   :  0.014 0.033 0.141 0.106 0.706 
748    (0)   :  0.009 0.086 0.536 0.090 0.279 
749    (0)   :  0.026 0.079 0.236 0.112 0.548 
750    (0)   :  0.014 0.048 0.311 0.110 0.516 
751    (0)   :  0.011 0.247 0.300 0.102 0.340 
752    (0)   :  0.014 0.041 0.182 0.136 0.628 
753    (0)   :  0.019 0.107 0.273 0.241 0.361 
754    (0)   :  0.021 0.253 0.203 0.130 0.392 
755    (0)   :  0.010 0.049 0.397 0.165 0.379 
756    (0)   :  0.012 0.076 0.424 0.081 0.407 
757    (0)   :  0.011 0.063 0.216 0.117 0.593 
758    (0)   :  0.017 0.024 0.045 0.070 0.844 
759    (0)   :  0.021 0.101 0.411 0.197 0.270 
760    (0)   :  0.013 0.088 0.138 0.329 0.433 
761    (0)   :  0.012 0.115 0.330 0.352 0.191 
762    (0)   :  0.008 0.036 0.072 0.467 0.416 
763    (0)   :  0.019 0.107 0.274 0.247 0.354 
764    (0)   :  0.010 0.032 0.243 0.125 0.591 
765    (0)   :  0.010 0.033 0.200 0.358 0.399 
766    (0)   :  0.009 0.163 0.293 0.104 0.431 
767    (0)   :  0.014 0.162 0.170 0.147 0.507 
768    (0)   :  0.009 0.036 0.072 0.485 0.399 
769    (0)   :  0.013 0.078 0.230 0.428 0.252 
770    (0)   :  0.011 0.028 0.069 0.402 0.490 
771    (0)   :  0.086 0.057 0.371 0.067 0.418 
772    (0)   :  0.046 0.205 0.128 0.155 0.466 
773    (0)   :  0.010 0.037 0.325 0.108 0.520 
774    (0)   :  0.012 0.140 0.510 0.110 0.229 
775    (0)   :  0.010 0.069 0.061 0.549 0.312 
776    (0)   :  0.013 0.028 0.105 0.119 0.735 
777    (0)   :  0.029 0.042 0.235 0.142 0.552 
778    (0)   :  0.014 0.038 0.518 0.103 0.328 
779    (0)   :  0.011 0.057 0.237 0.100 0.595 
780    (0)   :  0.010 0.154 0.370 0.106 0.360 
781    (0)   :  0.030 0.054 0.634 0.062 0.220 
782    (0)   :  0.011 0.057 0.234 0.097 0.602 
783    (0)   :  0.011 0.157 0.166 0.160 0.505 
784    (0)   :  0.013 0.051 0.064 0.201 0.670 
785    (0)   :  0.014 0.061 0.186 0.111 0.628 
786    (0)   :  0.011 0.197 0.338 0.121 0.334 
787    (0)   :  0.014 0.048 0.668 0.053 0.217 
788    (0)   :  0.022 0.046 0.118 0.189 0.624 
789    (0)   :  0.011 0.060 0.063 0.204 0.663 
790    (0)   :  0.010 0.070 0.378 0.202 0.340 
791    (0)   :  0.011 0.062 0.176 0.150 0.601 
792    (0)   :  0.032 0.258 0.291 0.063 0.355 
793    (0)   :  0.036 0.090 0.473 0.205 0.197 
794    (0)   :  0.016 0.095 0.133 0.175 0.581 
795    (0)   :  0.019 0.276 0.279 0.213 0.213 
796    (0)   :  0.021 0.106 0.118 0.103 0.652 
797    (0)   :  0.012 0.088 0.681 0.081 0.138 
798    (0)   :  0.099 0.018 0.054 0.590 0.239 
799    (0)   :  0.017 0.034 0.099 0.126 0.724 
800    (0)   :  0.024 0.030 0.725 0.048 0.174 
801    (0)   :  0.105 0.036 0.070 0.548 0.241 
802    (0)   :  0.126 0.114 0.203 0.354 0.204 
803    (0)   :  0.024 0.107 0.435 0.149 0.285 
804    (0)   :  0.140 0.127 0.067 0.164 0.503 
805    (0)   :  0.017 0.326 0.431 0.076 0.150 
806    (0)   :  0.403 0.054 0.075 0.258 0.210 
807    (0)   :  0.019 0.180 0.621 0.065 0.114 
808    (0)   :  0.080 0.147 0.458 0.089 0.226 
809    (0)   :  0.218 0.020 0.280 0.302 0.180 
810    (0)   :  0.016 0.085 0.227 0.276 0.397 
