

----------------------------------------------------
STRUCTURE by Pritchard, Stephens and Donnelly (2000)
     and Falush, Stephens and Pritchard (2003)
       Code by Pritchard, Falush and Hubisz
             Version 2.3.4 (Jul 2012)
----------------------------------------------------



Command line arguments:   ./structure -K 4 -D 104012 -m brooktrout/mainparams -e brooktrout/extraparams -o brooktrout/250914_output/results_K4_rep12 
Input File:    brooktrout/brooktrout.txt

Run parameters:
   8454 individuals
   5 loci
   4 populations assumed
   50000 Burn-in period
   100000 Reps
RANDOMIZE turned off


--------------------------------------------
Overall proportion of membership of the
sample in each of the 4 clusters

Inferred Clusters
  1      2      3      4    
0.407  0.101  0.234  0.258  

--------------------------------------------

Allele-freq. divergence among pops (Net nucleotide distance),
computed using point estimates of P.

      1       2       3       4      
 1      -    0.0596  0.0337  0.0782  
 2   0.0596     -    0.0864  0.0802  
 3   0.0337  0.0864     -    0.1049  
 4   0.0782  0.0802  0.1049     -    

Average distances (expected heterozygosity) between individuals in same cluster:
cluster  1  : 0.8339 
cluster  2  : 0.8135 
cluster  3  : 0.7945 
cluster  4  : 0.7548 

--------------------------------------------
Estimated Ln Prob of Data   = -178889.6
Mean value of ln likelihood = -173439.7
Variance of ln likelihood   = 10899.7

Mean value of alpha_1       = 0.4003
Mean value of alpha_2       = 0.0984
Mean value of alpha_3       = 0.2290
Mean value of alpha_4       = 0.2640
Allele frequencies uncorrelated


Inferred ancestry of individuals:
     (%Miss) :  Inferred clusters
  1    (0)   :  0.286 0.096 0.294 0.324 
  2    (0)   :  0.815 0.030 0.061 0.093 
  3    (0)   :  0.162 0.072 0.536 0.230 
  4    (0)   :  0.178 0.045 0.064 0.712 
  5    (0)   :  0.819 0.031 0.074 0.076 
  6    (0)   :  0.153 0.018 0.766 0.063 
  7    (0)   :  0.754 0.015 0.173 0.058 
  8    (0)   :  0.273 0.033 0.292 0.402 
  9    (0)   :  0.430 0.048 0.350 0.172 
 10    (0)   :  0.441 0.016 0.339 0.205 
 11    (0)   :  0.668 0.018 0.253 0.061 
 12    (0)   :  0.736 0.034 0.094 0.136 
 13    (0)   :  0.695 0.025 0.151 0.129 
 14    (0)   :  0.438 0.164 0.166 0.231 
 15    (0)   :  0.534 0.047 0.127 0.293 
 16    (0)   :  0.294 0.034 0.571 0.101 
 17    (0)   :  0.574 0.037 0.273 0.115 
 18    (0)   :  0.278 0.031 0.436 0.254 
 19    (0)   :  0.393 0.019 0.491 0.097 
 20    (0)   :  0.689 0.053 0.157 0.101 
 21    (0)   :  0.323 0.110 0.181 0.387 
 22    (0)   :  0.157 0.026 0.700 0.117 
 23    (0)   :  0.349 0.232 0.086 0.333 
 24    (0)   :  0.263 0.041 0.383 0.313 
 25    (0)   :  0.743 0.023 0.185 0.049 
 26    (0)   :  0.441 0.045 0.293 0.220 
 27    (0)   :  0.510 0.069 0.261 0.160 
 28    (0)   :  0.367 0.028 0.220 0.385 
 29    (0)   :  0.746 0.051 0.103 0.101 
 30    (0)   :  0.147 0.042 0.716 0.095 
 31    (0)   :  0.551 0.053 0.179 0.217 
 32    (0)   :  0.401 0.057 0.254 0.288 
 33    (0)   :  0.209 0.111 0.457 0.223 
 34    (0)   :  0.451 0.021 0.438 0.090 
 35    (0)   :  0.347 0.199 0.357 0.097 
 36    (0)   :  0.113 0.553 0.248 0.086 
 37    (0)   :  0.438 0.060 0.119 0.383 
 38    (0)   :  0.150 0.123 0.680 0.047 
 39    (0)   :  0.297 0.120 0.499 0.084 
 40    (0)   :  0.136 0.482 0.132 0.250 
 41    (0)   :  0.136 0.497 0.306 0.061 
 42    (0)   :  0.119 0.379 0.153 0.350 
 43    (0)   :  0.314 0.423 0.090 0.173 
 44    (0)   :  0.130 0.574 0.247 0.049 
 45    (0)   :  0.291 0.345 0.302 0.062 
 46    (0)   :  0.359 0.103 0.474 0.064 
 47    (0)   :  0.387 0.047 0.404 0.162 
 48    (0)   :  0.103 0.612 0.234 0.051 
 49    (0)   :  0.365 0.175 0.343 0.117 
 50    (0)   :  0.333 0.061 0.471 0.136 
 51    (0)   :  0.065 0.840 0.054 0.042 
 52    (0)   :  0.274 0.111 0.520 0.094 
 53    (0)   :  0.115 0.052 0.738 0.094 
 54    (0)   :  0.604 0.098 0.094 0.203 
 55    (0)   :  0.320 0.505 0.084 0.092 
 56    (0)   :  0.170 0.364 0.335 0.131 
 57    (0)   :  0.480 0.018 0.241 0.261 
 58    (0)   :  0.356 0.360 0.164 0.120 
 59    (0)   :  0.258 0.331 0.328 0.083 
 60    (0)   :  0.127 0.575 0.096 0.202 
 61    (0)   :  0.268 0.461 0.043 0.228 
 62    (0)   :  0.539 0.046 0.317 0.098 
 63    (0)   :  0.421 0.249 0.142 0.188 
 64    (0)   :  0.215 0.033 0.687 0.065 
 65    (0)   :  0.817 0.030 0.109 0.044 
 66    (0)   :  0.483 0.102 0.069 0.347 
 67    (0)   :  0.519 0.315 0.076 0.090 
 68    (0)   :  0.257 0.304 0.324 0.115 
 69    (0)   :  0.218 0.140 0.473 0.168 
 70    (0)   :  0.190 0.581 0.129 0.101 
 71    (0)   :  0.216 0.557 0.185 0.042 
 72    (0)   :  0.212 0.157 0.549 0.082 
 73    (0)   :  0.548 0.299 0.083 0.070 
 74    (0)   :  0.114 0.387 0.328 0.172 
 75    (0)   :  0.102 0.530 0.131 0.237 
 76    (0)   :  0.514 0.273 0.121 0.091 
 77    (0)   :  0.198 0.552 0.202 0.047 
 78    (0)   :  0.144 0.497 0.304 0.055 
 79    (0)   :  0.776 0.015 0.140 0.069 
 80    (0)   :  0.220 0.016 0.095 0.668 
 81    (0)   :  0.341 0.014 0.134 0.510 
 82    (0)   :  0.676 0.074 0.065 0.185 
 83    (0)   :  0.323 0.040 0.236 0.401 
 84    (0)   :  0.499 0.025 0.161 0.315 
 85    (0)   :  0.271 0.032 0.230 0.467 
 86    (0)   :  0.644 0.120 0.146 0.090 
 87    (0)   :  0.759 0.029 0.130 0.081 
 88    (0)   :  0.556 0.028 0.070 0.346 
 89    (0)   :  0.353 0.020 0.073 0.555 
 90    (0)   :  0.833 0.017 0.073 0.077 
 91    (0)   :  0.175 0.034 0.125 0.666 
 92    (0)   :  0.741 0.021 0.099 0.139 
 93    (0)   :  0.092 0.018 0.046 0.845 
 94    (0)   :  0.351 0.028 0.556 0.065 
 95    (0)   :  0.749 0.022 0.056 0.173 
 96    (0)   :  0.194 0.461 0.044 0.301 
 97    (0)   :  0.161 0.310 0.225 0.304 
 98    (0)   :  0.305 0.383 0.154 0.159 
 99    (0)   :  0.591 0.019 0.113 0.277 
100    (0)   :  0.123 0.025 0.037 0.814 
101    (0)   :  0.711 0.051 0.085 0.154 
102    (0)   :  0.350 0.087 0.114 0.449 
103    (0)   :  0.595 0.049 0.054 0.302 
104    (0)   :  0.780 0.048 0.072 0.101 
105    (0)   :  0.732 0.046 0.044 0.178 
106    (0)   :  0.621 0.036 0.310 0.033 
107    (0)   :  0.699 0.048 0.062 0.191 
108    (0)   :  0.187 0.652 0.104 0.057 
109    (0)   :  0.761 0.044 0.158 0.037 
110    (0)   :  0.627 0.024 0.306 0.043 
111    (0)   :  0.876 0.023 0.055 0.046 
112    (0)   :  0.787 0.034 0.142 0.037 
113    (0)   :  0.545 0.135 0.166 0.155 
114    (0)   :  0.776 0.034 0.065 0.125 
115    (0)   :  0.735 0.136 0.064 0.064 
116    (0)   :  0.555 0.149 0.255 0.040 
117    (0)   :  0.728 0.041 0.176 0.055 
118    (0)   :  0.821 0.053 0.060 0.065 
119    (0)   :  0.181 0.480 0.068 0.271 
120    (0)   :  0.814 0.044 0.078 0.063 
121    (0)   :  0.688 0.186 0.073 0.053 
122    (0)   :  0.694 0.028 0.232 0.047 
123    (0)   :  0.762 0.040 0.127 0.070 
124    (0)   :  0.470 0.112 0.360 0.058 
125    (0)   :  0.329 0.076 0.531 0.064 
126    (0)   :  0.561 0.129 0.229 0.081 
127    (0)   :  0.864 0.025 0.058 0.052 
128    (0)   :  0.838 0.050 0.049 0.063 
129    (0)   :  0.878 0.030 0.042 0.050 
130    (0)   :  0.760 0.026 0.072 0.143 
131    (0)   :  0.379 0.172 0.400 0.049 
132    (0)   :  0.781 0.034 0.143 0.043 
133    (0)   :  0.796 0.058 0.071 0.075 
134    (0)   :  0.735 0.017 0.218 0.029 
135    (0)   :  0.168 0.149 0.052 0.631 
136    (0)   :  0.090 0.016 0.052 0.842 
137    (0)   :  0.135 0.015 0.042 0.808 
138    (0)   :  0.068 0.024 0.052 0.856 
139    (0)   :  0.200 0.187 0.074 0.538 
140    (0)   :  0.237 0.080 0.118 0.565 
141    (0)   :  0.102 0.026 0.093 0.779 
142    (0)   :  0.139 0.180 0.046 0.635 
143    (0)   :  0.062 0.017 0.033 0.888 
144    (0)   :  0.128 0.017 0.039 0.816 
145    (0)   :  0.145 0.039 0.111 0.704 
146    (0)   :  0.277 0.050 0.108 0.564 
147    (0)   :  0.063 0.014 0.038 0.885 
148    (0)   :  0.194 0.052 0.062 0.692 
149    (0)   :  0.082 0.043 0.059 0.817 
150    (0)   :  0.250 0.023 0.053 0.673 
151    (0)   :  0.097 0.021 0.042 0.840 
152    (0)   :  0.176 0.097 0.087 0.641 
153    (0)   :  0.096 0.047 0.073 0.784 
154    (0)   :  0.103 0.030 0.049 0.819 
155    (0)   :  0.082 0.019 0.038 0.861 
156    (0)   :  0.121 0.100 0.035 0.744 
157    (0)   :  0.192 0.025 0.078 0.705 
158    (0)   :  0.132 0.029 0.111 0.728 
159    (0)   :  0.069 0.014 0.036 0.880 
160    (0)   :  0.074 0.014 0.036 0.876 
161    (0)   :  0.134 0.037 0.089 0.739 
162    (0)   :  0.327 0.059 0.114 0.501 
163    (0)   :  0.076 0.028 0.036 0.860 
164    (0)   :  0.374 0.032 0.078 0.516 
165    (0)   :  0.220 0.021 0.047 0.712 
166    (0)   :  0.213 0.064 0.111 0.613 
167    (0)   :  0.208 0.024 0.072 0.696 
168    (0)   :  0.096 0.047 0.098 0.759 
169    (0)   :  0.124 0.051 0.414 0.410 
170    (0)   :  0.106 0.055 0.041 0.798 
171    (0)   :  0.186 0.048 0.092 0.674 
172    (0)   :  0.080 0.180 0.188 0.553 
173    (0)   :  0.077 0.018 0.035 0.870 
174    (0)   :  0.093 0.015 0.046 0.845 
175    (0)   :  0.071 0.020 0.047 0.862 
176    (0)   :  0.129 0.018 0.038 0.815 
177    (0)   :  0.246 0.037 0.153 0.564 
178    (0)   :  0.118 0.017 0.067 0.798 
179    (0)   :  0.062 0.014 0.036 0.887 
180    (0)   :  0.188 0.044 0.105 0.663 
181    (0)   :  0.115 0.046 0.065 0.774 
182    (0)   :  0.104 0.030 0.034 0.832 
183    (0)   :  0.070 0.017 0.039 0.874 
184    (0)   :  0.688 0.059 0.130 0.123 
185    (0)   :  0.071 0.082 0.032 0.815 
186    (0)   :  0.792 0.035 0.084 0.089 
187    (0)   :  0.337 0.052 0.084 0.527 
188    (0)   :  0.840 0.033 0.063 0.064 
189    (0)   :  0.176 0.063 0.329 0.433 
190    (0)   :  0.094 0.545 0.027 0.334 
191    (0)   :  0.648 0.038 0.060 0.254 
192    (0)   :  0.437 0.036 0.088 0.439 
193    (0)   :  0.409 0.094 0.108 0.389 
194    (0)   :  0.468 0.085 0.070 0.378 
195    (0)   :  0.101 0.057 0.033 0.809 
196    (0)   :  0.184 0.447 0.046 0.323 
197    (0)   :  0.527 0.067 0.182 0.224 
198    (0)   :  0.469 0.082 0.179 0.270 
199    (0)   :  0.225 0.374 0.048 0.353 
200    (0)   :  0.257 0.370 0.102 0.271 
201    (0)   :  0.116 0.049 0.044 0.791 
202    (0)   :  0.139 0.084 0.034 0.744 
203    (0)   :  0.129 0.038 0.038 0.794 
204    (0)   :  0.231 0.092 0.035 0.642 
205    (0)   :  0.396 0.253 0.083 0.267 
206    (0)   :  0.302 0.073 0.044 0.581 
207    (0)   :  0.598 0.151 0.040 0.211 
208    (0)   :  0.242 0.225 0.048 0.485 
209    (0)   :  0.525 0.078 0.075 0.321 
210    (0)   :  0.310 0.075 0.048 0.567 
211    (0)   :  0.386 0.378 0.034 0.202 
212    (0)   :  0.106 0.043 0.057 0.794 
213    (0)   :  0.492 0.243 0.077 0.188 
214    (0)   :  0.116 0.057 0.040 0.787 
215    (0)   :  0.535 0.246 0.063 0.156 
216    (0)   :  0.658 0.065 0.121 0.155 
217    (0)   :  0.113 0.075 0.058 0.755 
218    (0)   :  0.439 0.073 0.087 0.402 
219    (0)   :  0.305 0.039 0.222 0.433 
220    (0)   :  0.587 0.084 0.044 0.284 
221    (0)   :  0.066 0.098 0.031 0.806 
222    (0)   :  0.504 0.045 0.205 0.247 
223    (0)   :  0.239 0.057 0.106 0.598 
224    (0)   :  0.191 0.037 0.042 0.730 
225    (0)   :  0.334 0.151 0.060 0.455 
226    (0)   :  0.217 0.188 0.281 0.313 
227    (0)   :  0.265 0.155 0.040 0.541 
228    (0)   :  0.117 0.152 0.033 0.698 
229    (0)   :  0.207 0.022 0.050 0.721 
230    (0)   :  0.263 0.031 0.044 0.661 
231    (0)   :  0.231 0.025 0.073 0.670 
232    (0)   :  0.339 0.085 0.100 0.475 
233    (0)   :  0.106 0.037 0.040 0.817 
234    (0)   :  0.448 0.045 0.129 0.379 
235    (0)   :  0.229 0.135 0.122 0.514 
236    (0)   :  0.242 0.060 0.076 0.623 
237    (0)   :  0.516 0.096 0.046 0.343 
238    (0)   :  0.152 0.057 0.052 0.739 
239    (0)   :  0.103 0.058 0.033 0.806 
240    (0)   :  0.153 0.058 0.052 0.737 
241    (0)   :  0.112 0.050 0.040 0.798 
242    (0)   :  0.279 0.051 0.149 0.521 
243    (0)   :  0.159 0.454 0.032 0.355 
244    (0)   :  0.151 0.037 0.040 0.772 
245    (0)   :  0.089 0.048 0.037 0.826 
246    (0)   :  0.113 0.076 0.059 0.752 
247    (0)   :  0.725 0.092 0.111 0.072 
248    (0)   :  0.703 0.156 0.050 0.091 
249    (0)   :  0.193 0.046 0.047 0.714 
250    (0)   :  0.367 0.042 0.075 0.517 
251    (0)   :  0.446 0.165 0.177 0.212 
252    (0)   :  0.276 0.075 0.073 0.576 
253    (0)   :  0.548 0.183 0.102 0.167 
254    (0)   :  0.496 0.057 0.142 0.304 
255    (0)   :  0.427 0.047 0.110 0.416 
256    (0)   :  0.176 0.122 0.051 0.650 
257    (0)   :  0.427 0.156 0.057 0.361 
258    (0)   :  0.461 0.271 0.079 0.190 
259    (0)   :  0.594 0.063 0.057 0.287 
260    (0)   :  0.342 0.033 0.160 0.465 
261    (0)   :  0.168 0.104 0.067 0.662 
262    (0)   :  0.084 0.204 0.037 0.675 
263    (0)   :  0.593 0.075 0.060 0.273 
264    (0)   :  0.402 0.071 0.466 0.061 
265    (0)   :  0.337 0.119 0.142 0.403 
266    (0)   :  0.074 0.072 0.031 0.823 
267    (0)   :  0.419 0.057 0.069 0.455 
268    (0)   :  0.190 0.440 0.046 0.325 
269    (0)   :  0.247 0.049 0.282 0.422 
270    (0)   :  0.669 0.053 0.100 0.178 
271    (0)   :  0.461 0.302 0.062 0.175 
272    (0)   :  0.229 0.438 0.149 0.184 
273    (0)   :  0.242 0.143 0.142 0.474 
274    (0)   :  0.430 0.151 0.139 0.280 
275    (0)   :  0.262 0.166 0.165 0.408 
276    (0)   :  0.300 0.421 0.124 0.155 
277    (0)   :  0.282 0.052 0.114 0.552 
278    (0)   :  0.309 0.466 0.057 0.168 
279    (0)   :  0.365 0.093 0.088 0.453 
280    (0)   :  0.268 0.137 0.232 0.363 
281    (0)   :  0.529 0.105 0.081 0.285 
282    (0)   :  0.194 0.036 0.093 0.678 
283    (0)   :  0.139 0.030 0.048 0.783 
284    (0)   :  0.413 0.100 0.073 0.414 
285    (0)   :  0.626 0.251 0.069 0.055 
286    (0)   :  0.156 0.039 0.040 0.765 
287    (0)   :  0.362 0.065 0.192 0.381 
288    (0)   :  0.328 0.186 0.217 0.269 
289    (0)   :  0.451 0.207 0.124 0.218 
290    (0)   :  0.268 0.309 0.230 0.194 
291    (0)   :  0.464 0.298 0.062 0.176 
292    (0)   :  0.175 0.235 0.162 0.427 
293    (0)   :  0.280 0.255 0.355 0.111 
294    (0)   :  0.539 0.110 0.079 0.272 
295    (0)   :  0.380 0.215 0.139 0.266 
296    (0)   :  0.512 0.162 0.059 0.267 
297    (0)   :  0.410 0.077 0.278 0.235 
298    (0)   :  0.294 0.027 0.092 0.586 
299    (0)   :  0.629 0.031 0.082 0.258 
300    (0)   :  0.607 0.115 0.065 0.213 
301    (0)   :  0.546 0.071 0.192 0.191 
302    (0)   :  0.459 0.236 0.072 0.233 
303    (0)   :  0.171 0.047 0.074 0.707 
304    (0)   :  0.296 0.028 0.176 0.500 
305    (0)   :  0.122 0.083 0.042 0.753 
306    (0)   :  0.128 0.061 0.079 0.733 
307    (0)   :  0.450 0.080 0.080 0.389 
308    (0)   :  0.168 0.099 0.069 0.663 
309    (0)   :  0.473 0.214 0.065 0.248 
310    (0)   :  0.149 0.156 0.040 0.654 
311    (0)   :  0.263 0.031 0.044 0.663 
312    (0)   :  0.575 0.110 0.039 0.276 
313    (0)   :  0.447 0.404 0.042 0.107 
314    (0)   :  0.056 0.025 0.036 0.883 
315    (0)   :  0.067 0.037 0.054 0.841 
316    (0)   :  0.070 0.025 0.066 0.839 
317    (0)   :  0.057 0.015 0.038 0.890 
318    (0)   :  0.056 0.012 0.040 0.892 
319    (0)   :  0.065 0.016 0.034 0.885 
320    (0)   :  0.056 0.024 0.036 0.885 
321    (0)   :  0.059 0.014 0.043 0.885 
322    (0)   :  0.071 0.038 0.059 0.831 
323    (0)   :  0.058 0.012 0.039 0.891 
324    (0)   :  0.058 0.014 0.043 0.886 
325    (0)   :  0.067 0.021 0.067 0.846 
326    (0)   :  0.065 0.024 0.070 0.841 
327    (0)   :  0.058 0.015 0.038 0.889 
328    (0)   :  0.077 0.027 0.060 0.835 
329    (0)   :  0.058 0.013 0.036 0.893 
330    (0)   :  0.058 0.015 0.037 0.891 
331    (0)   :  0.059 0.012 0.036 0.893 
332    (0)   :  0.069 0.020 0.081 0.830 
333    (0)   :  0.069 0.026 0.057 0.848 
334    (0)   :  0.075 0.029 0.061 0.836 
335    (0)   :  0.071 0.029 0.054 0.846 
336    (0)   :  0.056 0.017 0.045 0.882 
337    (0)   :  0.072 0.025 0.072 0.831 
338    (0)   :  0.057 0.011 0.042 0.890 
339    (0)   :  0.060 0.012 0.036 0.892 
340    (0)   :  0.058 0.013 0.032 0.897 
341    (0)   :  0.061 0.013 0.037 0.888 
342    (0)   :  0.057 0.015 0.037 0.891 
343    (0)   :  0.071 0.047 0.061 0.822 
344    (0)   :  0.057 0.012 0.036 0.895 
345    (0)   :  0.057 0.015 0.037 0.891 
346    (0)   :  0.056 0.013 0.036 0.895 
347    (0)   :  0.056 0.013 0.032 0.899 
348    (0)   :  0.068 0.060 0.049 0.822 
349    (0)   :  0.057 0.015 0.037 0.891 
350    (0)   :  0.061 0.020 0.035 0.885 
351    (0)   :  0.071 0.029 0.054 0.846 
352    (0)   :  0.070 0.030 0.061 0.839 
353    (0)   :  0.056 0.017 0.043 0.884 
354    (0)   :  0.059 0.012 0.036 0.893 
355    (0)   :  0.056 0.012 0.040 0.892 
356    (0)   :  0.071 0.072 0.048 0.809 
357    (0)   :  0.152 0.025 0.260 0.562 
358    (0)   :  0.071 0.020 0.061 0.847 
359    (0)   :  0.061 0.012 0.037 0.890 
360    (0)   :  0.055 0.013 0.036 0.896 
361    (0)   :  0.177 0.035 0.273 0.515 
362    (0)   :  0.507 0.045 0.324 0.124 
363    (0)   :  0.335 0.050 0.557 0.059 
364    (0)   :  0.310 0.030 0.255 0.404 
365    (0)   :  0.312 0.037 0.584 0.068 
366    (0)   :  0.198 0.244 0.387 0.170 
367    (0)   :  0.523 0.017 0.426 0.035 
368    (0)   :  0.831 0.018 0.087 0.065 
369    (0)   :  0.216 0.159 0.217 0.408 
370    (0)   :  0.753 0.053 0.095 0.099 
371    (0)   :  0.426 0.068 0.328 0.179 
372    (0)   :  0.680 0.065 0.089 0.166 
373    (0)   :  0.658 0.023 0.197 0.122 
374    (0)   :  0.276 0.032 0.324 0.368 
375    (0)   :  0.562 0.021 0.366 0.052 
376    (0)   :  0.105 0.015 0.841 0.039 
377    (0)   :  0.508 0.054 0.355 0.083 
378    (0)   :  0.622 0.025 0.122 0.231 
379    (0)   :  0.099 0.023 0.842 0.035 
380    (0)   :  0.102 0.064 0.668 0.167 
381    (0)   :  0.085 0.058 0.726 0.131 
382    (0)   :  0.452 0.017 0.475 0.057 
383    (0)   :  0.092 0.024 0.737 0.147 
384    (0)   :  0.246 0.030 0.608 0.117 
385    (0)   :  0.657 0.014 0.136 0.193 
386    (0)   :  0.398 0.026 0.522 0.055 
387    (0)   :  0.458 0.030 0.451 0.061 
388    (0)   :  0.444 0.024 0.224 0.308 
389    (0)   :  0.596 0.246 0.076 0.082 
390    (0)   :  0.264 0.232 0.455 0.049 
391    (0)   :  0.639 0.117 0.139 0.105 
392    (0)   :  0.191 0.029 0.669 0.111 
393    (0)   :  0.084 0.063 0.779 0.074 
394    (0)   :  0.387 0.031 0.275 0.307 
395    (0)   :  0.305 0.339 0.284 0.072 
396    (0)   :  0.601 0.020 0.341 0.039 
397    (0)   :  0.460 0.042 0.225 0.274 
398    (0)   :  0.173 0.023 0.766 0.037 
399    (0)   :  0.596 0.085 0.266 0.053 
400    (0)   :  0.342 0.023 0.562 0.073 
401    (0)   :  0.610 0.089 0.222 0.079 
402    (0)   :  0.580 0.110 0.206 0.104 
403    (0)   :  0.383 0.030 0.149 0.437 
404    (0)   :  0.407 0.033 0.426 0.134 
405    (0)   :  0.371 0.058 0.438 0.133 
406    (0)   :  0.081 0.639 0.180 0.100 
407    (0)   :  0.129 0.019 0.813 0.039 
408    (0)   :  0.754 0.135 0.070 0.040 
409    (0)   :  0.122 0.373 0.217 0.288 
410    (0)   :  0.288 0.037 0.574 0.102 
411    (0)   :  0.147 0.078 0.591 0.184 
412    (0)   :  0.793 0.016 0.128 0.064 
413    (0)   :  0.605 0.027 0.148 0.220 
414    (0)   :  0.836 0.017 0.103 0.045 
415    (0)   :  0.144 0.064 0.733 0.059 
416    (0)   :  0.373 0.050 0.474 0.103 
417    (0)   :  0.171 0.020 0.758 0.050 
418    (0)   :  0.663 0.015 0.279 0.043 
419    (0)   :  0.415 0.120 0.247 0.217 
420    (0)   :  0.432 0.250 0.266 0.052 
421    (0)   :  0.381 0.026 0.533 0.061 
422    (0)   :  0.334 0.205 0.378 0.083 
423    (0)   :  0.262 0.041 0.614 0.083 
424    (0)   :  0.617 0.144 0.162 0.078 
425    (0)   :  0.558 0.040 0.285 0.117 
426    (0)   :  0.675 0.027 0.201 0.097 
427    (0)   :  0.132 0.032 0.698 0.138 
428    (0)   :  0.226 0.109 0.430 0.235 
429    (0)   :  0.187 0.015 0.763 0.035 
430    (0)   :  0.150 0.024 0.778 0.048 
431    (0)   :  0.726 0.027 0.157 0.090 
432    (0)   :  0.801 0.021 0.101 0.076 
433    (0)   :  0.561 0.052 0.068 0.319 
434    (0)   :  0.473 0.039 0.288 0.201 
435    (0)   :  0.146 0.029 0.788 0.037 
436    (0)   :  0.089 0.031 0.822 0.058 
437    (0)   :  0.142 0.019 0.798 0.042 
438    (0)   :  0.204 0.286 0.419 0.091 
439    (0)   :  0.090 0.019 0.845 0.047 
440    (0)   :  0.106 0.026 0.837 0.031 
441    (0)   :  0.206 0.027 0.651 0.116 
442    (0)   :  0.274 0.040 0.640 0.046 
443    (0)   :  0.386 0.137 0.437 0.040 
444    (0)   :  0.195 0.049 0.713 0.043 
445    (0)   :  0.139 0.133 0.556 0.171 
446    (0)   :  0.202 0.024 0.731 0.043 
447    (0)   :  0.219 0.084 0.603 0.093 
448    (0)   :  0.251 0.031 0.673 0.046 
449    (0)   :  0.266 0.034 0.616 0.084 
450    (0)   :  0.195 0.013 0.716 0.076 
451    (0)   :  0.793 0.037 0.137 0.034 
452    (0)   :  0.149 0.015 0.776 0.060 
453    (0)   :  0.304 0.500 0.107 0.088 
454    (0)   :  0.200 0.027 0.677 0.096 
455    (0)   :  0.158 0.090 0.710 0.043 
456    (0)   :  0.183 0.133 0.644 0.040 
457    (0)   :  0.115 0.019 0.821 0.045 
458    (0)   :  0.114 0.019 0.817 0.049 
459    (0)   :  0.254 0.049 0.571 0.126 
460    (0)   :  0.185 0.023 0.752 0.039 
461    (0)   :  0.349 0.015 0.596 0.041 
462    (0)   :  0.256 0.052 0.659 0.033 
463    (0)   :  0.128 0.560 0.245 0.068 
464    (0)   :  0.260 0.069 0.632 0.039 
465    (0)   :  0.568 0.056 0.318 0.058 
466    (0)   :  0.349 0.274 0.331 0.046 
467    (0)   :  0.185 0.055 0.675 0.086 
468    (0)   :  0.091 0.056 0.814 0.039 
469    (0)   :  0.075 0.020 0.864 0.040 
470    (0)   :  0.125 0.023 0.816 0.036 
471    (0)   :  0.389 0.213 0.344 0.054 
472    (0)   :  0.387 0.079 0.475 0.059 
473    (0)   :  0.327 0.047 0.536 0.090 
474    (0)   :  0.156 0.031 0.748 0.065 
475    (0)   :  0.532 0.043 0.331 0.094 
476    (0)   :  0.099 0.028 0.825 0.048 
477    (0)   :  0.642 0.059 0.219 0.080 
478    (0)   :  0.756 0.023 0.182 0.039 
479    (0)   :  0.159 0.019 0.785 0.037 
480    (0)   :  0.087 0.016 0.855 0.041 
481    (0)   :  0.555 0.049 0.343 0.053 
482    (0)   :  0.123 0.015 0.826 0.036 
483    (0)   :  0.148 0.028 0.774 0.050 
484    (0)   :  0.201 0.203 0.534 0.062 
485    (0)   :  0.120 0.042 0.797 0.040 
486    (0)   :  0.729 0.110 0.084 0.076 
487    (0)   :  0.644 0.046 0.110 0.200 
488    (0)   :  0.807 0.032 0.059 0.101 
489    (0)   :  0.394 0.138 0.141 0.327 
490    (0)   :  0.782 0.062 0.110 0.046 
491    (0)   :  0.625 0.060 0.072 0.243 
492    (0)   :  0.550 0.078 0.066 0.306 
493    (0)   :  0.795 0.040 0.067 0.099 
494    (0)   :  0.629 0.065 0.130 0.176 
495    (0)   :  0.713 0.054 0.080 0.152 
496    (0)   :  0.332 0.095 0.093 0.480 
497    (0)   :  0.735 0.024 0.063 0.177 
498    (0)   :  0.640 0.130 0.103 0.126 
499    (0)   :  0.479 0.055 0.081 0.384 
500    (0)   :  0.613 0.055 0.220 0.112 
501    (0)   :  0.546 0.031 0.181 0.242 
502    (0)   :  0.626 0.020 0.100 0.254 
503    (0)   :  0.435 0.034 0.467 0.064 
504    (0)   :  0.837 0.041 0.058 0.064 
505    (0)   :  0.541 0.204 0.073 0.182 
506    (0)   :  0.624 0.030 0.092 0.254 
507    (0)   :  0.097 0.052 0.042 0.809 
508    (0)   :  0.194 0.132 0.039 0.635 
509    (0)   :  0.484 0.094 0.067 0.355 
510    (0)   :  0.408 0.035 0.181 0.376 
511    (0)   :  0.342 0.075 0.498 0.085 
512    (0)   :  0.459 0.021 0.471 0.049 
513    (0)   :  0.806 0.081 0.029 0.083 
514    (0)   :  0.810 0.034 0.075 0.081 
515    (0)   :  0.256 0.100 0.438 0.205 
516    (0)   :  0.780 0.076 0.058 0.086 
517    (0)   :  0.335 0.265 0.218 0.182 
518    (0)   :  0.349 0.029 0.207 0.416 
519    (0)   :  0.789 0.033 0.089 0.089 
520    (0)   :  0.123 0.320 0.219 0.338 
521    (0)   :  0.353 0.062 0.086 0.499 
522    (0)   :  0.200 0.225 0.506 0.069 
523    (0)   :  0.226 0.500 0.075 0.198 
524    (0)   :  0.247 0.145 0.487 0.122 
525    (0)   :  0.248 0.064 0.316 0.372 
526    (0)   :  0.098 0.579 0.220 0.103 
527    (0)   :  0.719 0.020 0.186 0.075 
528    (0)   :  0.159 0.056 0.054 0.731 
529    (0)   :  0.616 0.044 0.096 0.244 
530    (0)   :  0.270 0.114 0.482 0.133 
531    (0)   :  0.207 0.073 0.240 0.480 
532    (0)   :  0.452 0.073 0.130 0.345 
533    (0)   :  0.387 0.113 0.378 0.121 
534    (0)   :  0.605 0.154 0.049 0.193 
535    (0)   :  0.329 0.375 0.190 0.107 
536    (0)   :  0.232 0.181 0.313 0.275 
537    (0)   :  0.157 0.299 0.081 0.464 
538    (0)   :  0.265 0.233 0.123 0.379 
539    (0)   :  0.087 0.045 0.043 0.825 
540    (0)   :  0.227 0.199 0.157 0.417 
541    (0)   :  0.178 0.063 0.129 0.630 
542    (0)   :  0.136 0.600 0.180 0.084 
543    (0)   :  0.301 0.379 0.073 0.247 
544    (0)   :  0.163 0.596 0.110 0.132 
545    (0)   :  0.115 0.727 0.111 0.046 
546    (0)   :  0.252 0.360 0.109 0.280 
547    (0)   :  0.108 0.720 0.055 0.118 
548    (0)   :  0.368 0.042 0.074 0.515 
549    (0)   :  0.096 0.227 0.201 0.476 
550    (0)   :  0.156 0.522 0.246 0.075 
551    (0)   :  0.150 0.059 0.095 0.697 
552    (0)   :  0.205 0.223 0.105 0.467 
553    (0)   :  0.111 0.676 0.037 0.176 
554    (0)   :  0.373 0.087 0.285 0.256 
555    (0)   :  0.210 0.182 0.077 0.532 
556    (0)   :  0.282 0.283 0.103 0.332 
557    (0)   :  0.162 0.473 0.256 0.109 
558    (0)   :  0.115 0.013 0.835 0.036 
559    (0)   :  0.791 0.047 0.086 0.076 
560    (0)   :  0.447 0.028 0.492 0.032 
561    (0)   :  0.627 0.048 0.282 0.043 
562    (0)   :  0.706 0.065 0.197 0.033 
563    (0)   :  0.644 0.058 0.132 0.167 
564    (0)   :  0.705 0.104 0.093 0.099 
565    (0)   :  0.112 0.017 0.826 0.045 
566    (0)   :  0.585 0.026 0.357 0.033 
567    (0)   :  0.833 0.036 0.071 0.060 
568    (0)   :  0.645 0.083 0.197 0.075 
569    (0)   :  0.359 0.141 0.426 0.074 
570    (0)   :  0.153 0.014 0.799 0.034 
571    (0)   :  0.794 0.027 0.128 0.051 
572    (0)   :  0.168 0.465 0.157 0.210 
573    (0)   :  0.603 0.085 0.214 0.098 
574    (0)   :  0.258 0.036 0.528 0.178 
575    (0)   :  0.669 0.043 0.167 0.121 
576    (0)   :  0.746 0.017 0.205 0.032 
577    (0)   :  0.380 0.028 0.435 0.157 
578    (0)   :  0.643 0.034 0.265 0.058 
579    (0)   :  0.664 0.031 0.246 0.058 
580    (0)   :  0.289 0.023 0.599 0.090 
581    (0)   :  0.325 0.023 0.584 0.068 
582    (0)   :  0.191 0.033 0.738 0.038 
583    (0)   :  0.712 0.022 0.213 0.054 
584    (0)   :  0.757 0.017 0.187 0.039 
585    (0)   :  0.596 0.025 0.331 0.047 
586    (0)   :  0.806 0.031 0.096 0.067 
587    (0)   :  0.434 0.058 0.469 0.039 
588    (0)   :  0.469 0.419 0.034 0.078 
589    (0)   :  0.193 0.082 0.685 0.040 
590    (0)   :  0.854 0.025 0.074 0.047 
591    (0)   :  0.823 0.021 0.099 0.057 
592    (0)   :  0.609 0.135 0.205 0.050 
593    (0)   :  0.551 0.044 0.305 0.100 
594    (0)   :  0.797 0.024 0.078 0.100 
595    (0)   :  0.717 0.016 0.230 0.038 
596    (0)   :  0.460 0.242 0.204 0.094 
597    (0)   :  0.620 0.082 0.083 0.215 
598    (0)   :  0.101 0.014 0.850 0.035 
599    (0)   :  0.641 0.062 0.261 0.036 
600    (0)   :  0.277 0.044 0.564 0.115 
601    (0)   :  0.427 0.041 0.495 0.038 
602    (0)   :  0.696 0.026 0.084 0.194 
603    (0)   :  0.726 0.030 0.079 0.165 
604    (0)   :  0.305 0.038 0.518 0.140 
605    (0)   :  0.646 0.065 0.221 0.068 
606    (0)   :  0.479 0.064 0.203 0.255 
607    (0)   :  0.356 0.022 0.258 0.364 
608    (0)   :  0.241 0.025 0.235 0.499 
609    (0)   :  0.378 0.042 0.494 0.086 
610    (0)   :  0.217 0.110 0.602 0.071 
611    (0)   :  0.689 0.061 0.096 0.154 
612    (0)   :  0.106 0.030 0.813 0.051 
613    (0)   :  0.516 0.070 0.314 0.101 
614    (0)   :  0.166 0.027 0.750 0.057 
615    (0)   :  0.137 0.028 0.734 0.101 
616    (0)   :  0.449 0.024 0.259 0.269 
617    (0)   :  0.477 0.060 0.405 0.057 
618    (0)   :  0.183 0.064 0.532 0.221 
619    (0)   :  0.392 0.174 0.248 0.186 
620    (0)   :  0.719 0.118 0.122 0.040 
621    (0)   :  0.725 0.015 0.208 0.052 
622    (0)   :  0.297 0.121 0.411 0.171 
623    (0)   :  0.742 0.043 0.154 0.062 
624    (0)   :  0.132 0.025 0.698 0.145 
625    (0)   :  0.304 0.020 0.501 0.175 
626    (0)   :  0.096 0.139 0.286 0.479 
627    (0)   :  0.679 0.045 0.188 0.088 
628    (0)   :  0.773 0.035 0.110 0.082 
629    (0)   :  0.683 0.023 0.181 0.112 
630    (0)   :  0.266 0.034 0.631 0.070 
631    (0)   :  0.384 0.022 0.493 0.101 
632    (0)   :  0.343 0.099 0.147 0.412 
633    (0)   :  0.346 0.026 0.475 0.153 
634    (0)   :  0.443 0.069 0.230 0.258 
635    (0)   :  0.197 0.029 0.171 0.603 
636    (0)   :  0.269 0.030 0.448 0.254 
637    (0)   :  0.389 0.276 0.180 0.155 
638    (0)   :  0.663 0.024 0.163 0.150 
639    (0)   :  0.375 0.032 0.439 0.154 
640    (0)   :  0.762 0.015 0.156 0.067 
641    (0)   :  0.651 0.027 0.221 0.100 
642    (0)   :  0.194 0.064 0.099 0.643 
643    (0)   :  0.109 0.023 0.061 0.808 
644    (0)   :  0.232 0.027 0.063 0.679 
645    (0)   :  0.095 0.046 0.314 0.546 
646    (0)   :  0.596 0.106 0.118 0.180 
647    (0)   :  0.439 0.060 0.081 0.420 
648    (0)   :  0.334 0.136 0.135 0.395 
649    (0)   :  0.406 0.287 0.058 0.249 
650    (0)   :  0.641 0.075 0.063 0.220 
651    (0)   :  0.423 0.019 0.061 0.496 
652    (0)   :  0.239 0.037 0.078 0.646 
653    (0)   :  0.313 0.079 0.112 0.496 
654    (0)   :  0.197 0.103 0.085 0.615 
655    (0)   :  0.317 0.040 0.100 0.543 
656    (0)   :  0.420 0.140 0.100 0.340 
657    (0)   :  0.431 0.030 0.305 0.235 
658    (0)   :  0.437 0.117 0.167 0.279 
659    (0)   :  0.250 0.090 0.096 0.563 
660    (0)   :  0.147 0.047 0.051 0.755 
661    (0)   :  0.129 0.180 0.096 0.594 
662    (0)   :  0.349 0.462 0.047 0.141 
663    (0)   :  0.212 0.036 0.082 0.670 
664    (0)   :  0.393 0.063 0.245 0.299 
665    (0)   :  0.412 0.326 0.058 0.204 
666    (0)   :  0.191 0.073 0.085 0.650 
667    (0)   :  0.766 0.046 0.081 0.108 
668    (0)   :  0.259 0.079 0.147 0.514 
669    (0)   :  0.405 0.085 0.073 0.437 
670    (0)   :  0.075 0.019 0.037 0.868 
671    (0)   :  0.133 0.033 0.047 0.787 
672    (0)   :  0.152 0.062 0.096 0.690 
673    (0)   :  0.061 0.012 0.041 0.886 
674    (0)   :  0.104 0.028 0.068 0.800 
675    (0)   :  0.130 0.017 0.039 0.814 
676    (0)   :  0.061 0.014 0.036 0.889 
677    (0)   :  0.068 0.073 0.033 0.826 
678    (0)   :  0.067 0.012 0.039 0.882 
679    (0)   :  0.100 0.013 0.066 0.820 
680    (0)   :  0.086 0.023 0.061 0.830 
681    (0)   :  0.187 0.315 0.158 0.340 
682    (0)   :  0.075 0.022 0.066 0.836 
683    (0)   :  0.069 0.022 0.036 0.873 
684    (0)   :  0.068 0.014 0.039 0.879 
685    (0)   :  0.060 0.016 0.034 0.891 
686    (0)   :  0.086 0.074 0.059 0.781 
687    (0)   :  0.123 0.046 0.044 0.788 
688    (0)   :  0.096 0.020 0.045 0.839 
689    (0)   :  0.060 0.014 0.035 0.890 
690    (0)   :  0.061 0.014 0.037 0.888 
691    (0)   :  0.091 0.021 0.060 0.828 
692    (0)   :  0.099 0.015 0.052 0.834 
693    (0)   :  0.098 0.018 0.059 0.825 
694    (0)   :  0.057 0.017 0.031 0.895 
695    (0)   :  0.068 0.042 0.052 0.838 
696    (0)   :  0.097 0.020 0.046 0.838 
697    (0)   :  0.063 0.018 0.037 0.882 
698    (0)   :  0.064 0.015 0.037 0.884 
699    (0)   :  0.067 0.128 0.046 0.760 
700    (0)   :  0.081 0.053 0.092 0.774 
701    (0)   :  0.114 0.033 0.078 0.775 
702    (0)   :  0.117 0.051 0.082 0.750 
703    (0)   :  0.079 0.025 0.066 0.830 
704    (0)   :  0.086 0.028 0.042 0.844 
705    (0)   :  0.125 0.316 0.086 0.473 
706    (0)   :  0.071 0.035 0.059 0.835 
707    (0)   :  0.064 0.023 0.039 0.873 
708    (0)   :  0.070 0.017 0.035 0.877 
709    (0)   :  0.061 0.044 0.041 0.853 
710    (0)   :  0.056 0.018 0.033 0.893 
711    (0)   :  0.077 0.057 0.056 0.810 
712    (0)   :  0.063 0.060 0.031 0.846 
713    (0)   :  0.092 0.022 0.040 0.846 
714    (0)   :  0.122 0.019 0.066 0.794 
715    (0)   :  0.057 0.036 0.032 0.875 
716    (0)   :  0.067 0.031 0.056 0.846 
717    (0)   :  0.056 0.023 0.034 0.888 
718    (0)   :  0.100 0.040 0.055 0.804 
719    (0)   :  0.060 0.032 0.032 0.877 
720    (0)   :  0.722 0.022 0.198 0.058 
721    (0)   :  0.144 0.028 0.189 0.639 
722    (0)   :  0.281 0.049 0.554 0.117 
723    (0)   :  0.268 0.018 0.614 0.100 
724    (0)   :  0.129 0.026 0.608 0.238 
725    (0)   :  0.499 0.040 0.151 0.310 
726    (0)   :  0.198 0.073 0.562 0.167 
727    (0)   :  0.238 0.232 0.217 0.313 
728    (0)   :  0.077 0.018 0.873 0.032 
729    (0)   :  0.103 0.016 0.845 0.036 
730    (0)   :  0.456 0.018 0.449 0.077 
731    (0)   :  0.136 0.022 0.767 0.076 
732    (0)   :  0.261 0.018 0.619 0.102 
733    (0)   :  0.122 0.014 0.814 0.050 
734    (0)   :  0.141 0.016 0.809 0.034 
735    (0)   :  0.097 0.012 0.833 0.058 
736    (0)   :  0.297 0.022 0.612 0.069 
737    (0)   :  0.354 0.060 0.509 0.077 
738    (0)   :  0.374 0.019 0.541 0.066 
739    (0)   :  0.116 0.014 0.826 0.044 
740    (0)   :  0.155 0.020 0.059 0.766 
741    (0)   :  0.252 0.038 0.119 0.592 
742    (0)   :  0.638 0.019 0.156 0.188 
743    (0)   :  0.718 0.018 0.126 0.137 
744    (0)   :  0.513 0.246 0.074 0.166 
745    (0)   :  0.789 0.050 0.110 0.051 
746    (0)   :  0.474 0.027 0.178 0.322 
747    (0)   :  0.785 0.027 0.084 0.104 
748    (0)   :  0.336 0.016 0.071 0.576 
749    (0)   :  0.578 0.056 0.091 0.275 
750    (0)   :  0.671 0.025 0.089 0.214 
751    (0)   :  0.328 0.019 0.086 0.567 
752    (0)   :  0.718 0.026 0.114 0.142 
753    (0)   :  0.394 0.030 0.219 0.358 
754    (0)   :  0.391 0.026 0.112 0.470 
755    (0)   :  0.581 0.016 0.127 0.275 
756    (0)   :  0.547 0.021 0.062 0.369 
757    (0)   :  0.691 0.018 0.088 0.203 
758    (0)   :  0.874 0.024 0.054 0.048 
759    (0)   :  0.221 0.043 0.157 0.579 
760    (0)   :  0.519 0.021 0.272 0.188 
761    (0)   :  0.178 0.022 0.389 0.411 
762    (0)   :  0.444 0.013 0.463 0.080 
763    (0)   :  0.389 0.030 0.218 0.362 
764    (0)   :  0.766 0.016 0.084 0.134 
765    (0)   :  0.490 0.016 0.363 0.131 
766    (0)   :  0.450 0.014 0.083 0.452 
767    (0)   :  0.527 0.027 0.133 0.313 
768    (0)   :  0.425 0.013 0.483 0.078 
769    (0)   :  0.232 0.023 0.446 0.299 
770    (0)   :  0.492 0.017 0.424 0.067 
771    (0)   :  0.397 0.271 0.055 0.278 
772    (0)   :  0.447 0.073 0.135 0.346 
773    (0)   :  0.754 0.016 0.075 0.155 
774    (0)   :  0.250 0.020 0.100 0.630 
775    (0)   :  0.252 0.016 0.616 0.116 
776    (0)   :  0.810 0.022 0.090 0.078 
777    (0)   :  0.606 0.079 0.136 0.179 
778    (0)   :  0.524 0.049 0.095 0.332 
779    (0)   :  0.737 0.018 0.067 0.178 
780    (0)   :  0.379 0.017 0.087 0.517 
781    (0)   :  0.363 0.107 0.059 0.471 
782    (0)   :  0.736 0.018 0.067 0.179 
783    (0)   :  0.525 0.017 0.134 0.324 
784    (0)   :  0.684 0.021 0.197 0.098 
785    (0)   :  0.694 0.023 0.091 0.193 
786    (0)   :  0.340 0.018 0.098 0.543 
787    (0)   :  0.337 0.036 0.045 0.582 
788    (0)   :  0.690 0.036 0.157 0.117 
789    (0)   :  0.675 0.017 0.200 0.108 
790    (0)   :  0.438 0.016 0.158 0.389 
791    (0)   :  0.671 0.022 0.123 0.184 
792    (0)   :  0.326 0.057 0.048 0.569 
793    (0)   :  0.184 0.078 0.181 0.557 
794    (0)   :  0.616 0.031 0.141 0.212 
795    (0)   :  0.176 0.030 0.167 0.626 
796    (0)   :  0.665 0.039 0.089 0.207 
797    (0)   :  0.127 0.043 0.074 0.756 
798    (0)   :  0.183 0.168 0.607 0.041 
799    (0)   :  0.758 0.036 0.109 0.098 
800    (0)   :  0.199 0.137 0.038 0.626 
801    (0)   :  0.178 0.127 0.613 0.082 
802    (0)   :  0.168 0.137 0.387 0.307 
803    (0)   :  0.271 0.060 0.130 0.539 
804    (0)   :  0.407 0.268 0.145 0.180 
805    (0)   :  0.105 0.027 0.054 0.815 
806    (0)   :  0.168 0.436 0.274 0.122 
807    (0)   :  0.086 0.046 0.049 0.818 
808    (0)   :  0.199 0.196 0.075 0.530 
809    (0)   :  0.113 0.684 0.135 0.068 
810    (0)   :  0.438 0.036 0.235 0.291 
811    (0)   :  0.176 0.265 0.100 0.459 
812    (0)   :  0.107 0.803 0.053 0.037 
813    (0)   :  0.215 0.119 0.619 0.048 
814    (0)   :  0.445 0.408 0.059 0.088 
815    (0)   :  0.112 0.477 0.237 0.174 
816    (0)   :  0.212 0.123 0.271 0.394 
817    (0)   :  0.169 0.138 0.388 0.306 
818    (0)   :  0.714 0.037 0.159 0.090 
819    (0)   :  0.747 0.034 0.044 0.174 
820    (0)   :  0.622 0.075 0.069 0.233 
821    (0)   :  0.712 0.016 0.158 0.114 
822    (0)   :  0.752 0.030 0.179 0.039 
823    (0)   :  0.300 0.019 0.414 0.267 
824    (0)   :  0.679 0.018 0.095 0.207 
825    (0)   :  0.664 0.027 0.234 0.075 
826    (0)   :  0.850 0.020 0.076 0.055 
827    (0)   :  0.499 0.017 0.406 0.078 
828    (0)   :  0.328 0.018 0.517 0.137 
829    (0)   :  0.296 0.057 0.518 0.129 
830    (0)   :  0.616 0.013 0.320 0.050 
831    (0)   :  0.559 0.032 0.227 0.182 
832    (0)   :  0.509 0.106 0.221 0.164 
833    (0)   :  0.318 0.058 0.435 0.189 
834    (0)   :  0.491 0.031 0.309 0.169 
835    (0)   :  0.845 0.032 0.072 0.051 
836    (0)   :  0.716 0.109 0.083 0.092 
837    (0)   :  0.250 0.030 0.385 0.335 
838    (0)   :  0.774 0.113 0.062 0.051 
839    (0)   :  0.690 0.015 0.215 0.079 
840    (0)   :  0.545 0.142 0.079 0.234 
841    (0)   :  0.743 0.062 0.061 0.134 
842    (0)   :  0.864 0.016 0.082 0.039 
843    (0)   :  0.377 0.109 0.087 0.426 
844    (0)   :  0.565 0.051 0.172 0.212 
845    (0)   :  0.840 0.014 0.093 0.053 
846    (0)   :  0.775 0.024 0.073 0.127 
847    (0)   :  0.688 0.015 0.046 0.251 
848    (0)   :  0.808 0.032 0.051 0.109 
849    (0)   :  0.803 0.019 0.106 0.072 
850    (0)   :  0.725 0.020 0.183 0.072 
851    (0)   :  0.858 0.018 0.060 0.064 
852    (0)   :  0.197 0.014 0.204 0.585 
853    (0)   :  0.711 0.036 0.195 0.059 
854    (0)   :  0.381 0.016 0.313 0.291 
855    (0)   :  0.789 0.021 0.078 0.111 
856    (0)   :  0.740 0.018 0.080 0.162 
857    (0)   :  0.698 0.138 0.088 0.076 
858    (0)   :  0.831 0.021 0.088 0.060 
859    (0)   :  0.691 0.015 0.229 0.065 
860    (0)   :  0.852 0.028 0.065 0.055 
861    (0)   :  0.390 0.072 0.053 0.485 
862    (0)   :  0.084 0.027 0.847 0.041 
863    (0)   :  0.106 0.027 0.759 0.107 
864    (0)   :  0.074 0.014 0.846 0.066 
865    (0)   :  0.130 0.019 0.818 0.032 
866    (0)   :  0.499 0.022 0.419 0.060 
867    (0)   :  0.084 0.022 0.827 0.068 
868    (0)   :  0.192 0.033 0.710 0.064 
869    (0)   :  0.451 0.019 0.465 0.065 
870    (0)   :  0.240 0.114 0.603 0.043 
871    (0)   :  0.186 0.026 0.750 0.038 
872    (0)   :  0.110 0.014 0.825 0.050 
873    (0)   :  0.093 0.017 0.834 0.056 
874    (0)   :  0.096 0.027 0.841 0.036 
875    (0)   :  0.399 0.057 0.474 0.069 
876    (0)   :  0.753 0.059 0.139 0.049 
877    (0)   :  0.075 0.017 0.861 0.047 
878    (0)   :  0.447 0.036 0.419 0.099 
879    (0)   :  0.092 0.013 0.827 0.068 
880    (0)   :  0.347 0.122 0.478 0.053 
881    (0)   :  0.112 0.018 0.805 0.066 
882    (0)   :  0.096 0.012 0.834 0.058 
883    (0)   :  0.766 0.054 0.117 0.062 
884    (0)   :  0.128 0.017 0.823 0.032 
885    (0)   :  0.210 0.156 0.536 0.099 
886    (0)   :  0.265 0.020 0.633 0.082 
887    (0)   :  0.127 0.016 0.818 0.038 
888    (0)   :  0.240 0.141 0.465 0.154 
889    (0)   :  0.106 0.022 0.840 0.032 
890    (0)   :  0.410 0.053 0.503 0.035 
891    (0)   :  0.825 0.039 0.078 0.058 
892    (0)   :  0.815 0.032 0.082 0.070 
893    (0)   :  0.597 0.152 0.153 0.098 
894    (0)   :  0.666 0.017 0.280 0.038 
895    (0)   :  0.180 0.022 0.758 0.041 
896    (0)   :  0.791 0.046 0.059 0.104 
897    (0)   :  0.853 0.027 0.061 0.059 
898    (0)   :  0.506 0.038 0.340 0.116 
899    (0)   :  0.781 0.017 0.171 0.031 
900    (0)   :  0.848 0.035 0.069 0.048 
901    (0)   :  0.833 0.022 0.093 0.052 
902    (0)   :  0.672 0.164 0.080 0.084 
903    (0)   :  0.337 0.029 0.580 0.053 
904    (0)   :  0.432 0.035 0.417 0.115 
905    (0)   :  0.358 0.015 0.589 0.038 
906    (0)   :  0.587 0.072 0.268 0.073 
907    (0)   :  0.751 0.018 0.152 0.079 
908    (0)   :  0.746 0.015 0.175 0.064 
909    (0)   :  0.550 0.123 0.250 0.078 
910    (0)   :  0.751 0.082 0.099 0.069 
911    (0)   :  0.284 0.020 0.663 0.033 
912    (0)   :  0.704 0.023 0.232 0.041 
913    (0)   :  0.591 0.039 0.333 0.037 
914    (0)   :  0.552 0.022 0.226 0.199 
915    (0)   :  0.695 0.048 0.227 0.030 
916    (0)   :  0.790 0.022 0.141 0.047 
917    (0)   :  0.736 0.029 0.189 0.046 
918    (0)   :  0.375 0.030 0.420 0.175 
919    (0)   :  0.313 0.022 0.568 0.097 
920    (0)   :  0.777 0.018 0.136 0.069 
921    (0)   :  0.305 0.243 0.104 0.348 
922    (0)   :  0.378 0.474 0.074 0.074 
923    (0)   :  0.606 0.157 0.061 0.176 
924    (0)   :  0.474 0.399 0.057 0.071 
925    (0)   :  0.490 0.295 0.085 0.130 
926    (0)   :  0.127 0.747 0.035 0.091 
927    (0)   :  0.140 0.668 0.054 0.138 
928    (0)   :  0.219 0.258 0.040 0.482 
929    (0)   :  0.218 0.675 0.042 0.066 
930    (0)   :  0.326 0.463 0.074 0.137 
931    (0)   :  0.057 0.772 0.075 0.096 
932    (0)   :  0.125 0.794 0.039 0.042 
933    (0)   :  0.171 0.157 0.050 0.623 
