

----------------------------------------------------
STRUCTURE by Pritchard, Stephens and Donnelly (2000)
     and Falush, Stephens and Pritchard (2003)
       Code by Pritchard, Falush and Hubisz
             Version 2.3.4 (Jul 2012)
----------------------------------------------------



Command line arguments:   ./structure -K 3 -D 103003 -m brooktrout/mainparams -e brooktrout/extraparams -o brooktrout/250914_output/results_K3_rep3 
Input File:    brooktrout/brooktrout.txt

Run parameters:
   8454 individuals
   5 loci
   3 populations assumed
   50000 Burn-in period
   100000 Reps
RANDOMIZE turned off


--------------------------------------------
Overall proportion of membership of the
sample in each of the 3 clusters

Inferred Clusters
  1      2      3    
0.155  0.400  0.445  

--------------------------------------------

Allele-freq. divergence among pops (Net nucleotide distance),
computed using point estimates of P.

      1       2       3      
 1      -    0.0504  0.0944  
 2   0.0504     -    0.0298  
 3   0.0944  0.0298     -    

Average distances (expected heterozygosity) between individuals in same cluster:
cluster  1  : 0.7461 
cluster  2  : 0.8441 
cluster  3  : 0.8254 

--------------------------------------------
Estimated Ln Prob of Data   = -179435.9
Mean value of ln likelihood = -175675.1
Variance of ln likelihood   = 7521.6

Mean value of alpha_1       = 0.0782
Mean value of alpha_2       = 0.2008
Mean value of alpha_3       = 0.2241
Allele frequencies uncorrelated


Inferred ancestry of individuals:
     (%Miss) :  Inferred clusters
  1    (0)   :  0.145 0.537 0.318 
  2    (0)   :  0.020 0.775 0.205 
  3    (0)   :  0.091 0.329 0.580 
  4    (0)   :  0.540 0.339 0.121 
  5    (0)   :  0.020 0.644 0.336 
  6    (0)   :  0.024 0.063 0.914 
  7    (0)   :  0.017 0.063 0.920 
  8    (0)   :  0.291 0.298 0.411 
  9    (0)   :  0.040 0.534 0.425 
 10    (0)   :  0.106 0.139 0.755 
 11    (0)   :  0.019 0.112 0.869 
 12    (0)   :  0.035 0.576 0.388 
 13    (0)   :  0.036 0.187 0.777 
 14    (0)   :  0.046 0.756 0.198 
 15    (0)   :  0.105 0.583 0.312 
 16    (0)   :  0.040 0.121 0.839 
 17    (0)   :  0.034 0.316 0.650 
 18    (0)   :  0.054 0.281 0.665 
 19    (0)   :  0.030 0.161 0.809 
 20    (0)   :  0.031 0.474 0.494 
 21    (0)   :  0.104 0.690 0.206 
 22    (0)   :  0.049 0.098 0.853 
 23    (0)   :  0.100 0.765 0.135 
 24    (0)   :  0.147 0.355 0.498 
 25    (0)   :  0.015 0.119 0.867 
 26    (0)   :  0.073 0.409 0.518 
 27    (0)   :  0.065 0.236 0.699 
 28    (0)   :  0.217 0.236 0.547 
 29    (0)   :  0.026 0.565 0.409 
 30    (0)   :  0.036 0.129 0.836 
 31    (0)   :  0.068 0.319 0.613 
 32    (0)   :  0.075 0.661 0.264 
 33    (0)   :  0.081 0.417 0.502 
 34    (0)   :  0.037 0.101 0.861 
 35    (0)   :  0.023 0.499 0.478 
 36    (0)   :  0.032 0.588 0.380 
 37    (0)   :  0.091 0.713 0.196 
 38    (0)   :  0.015 0.170 0.815 
 39    (0)   :  0.025 0.230 0.745 
 40    (0)   :  0.151 0.669 0.180 
 41    (0)   :  0.031 0.563 0.406 
 42    (0)   :  0.227 0.637 0.136 
 43    (0)   :  0.032 0.881 0.087 
 44    (0)   :  0.020 0.697 0.283 
 45    (0)   :  0.017 0.607 0.377 
 46    (0)   :  0.019 0.202 0.779 
 47    (0)   :  0.038 0.332 0.630 
 48    (0)   :  0.023 0.705 0.272 
 49    (0)   :  0.029 0.523 0.448 
 50    (0)   :  0.051 0.119 0.830 
 51    (0)   :  0.022 0.871 0.107 
 52    (0)   :  0.034 0.220 0.747 
 53    (0)   :  0.042 0.095 0.863 
 54    (0)   :  0.032 0.819 0.149 
 55    (0)   :  0.022 0.889 0.089 
 56    (0)   :  0.036 0.525 0.439 
 57    (0)   :  0.112 0.256 0.632 
 58    (0)   :  0.031 0.756 0.214 
 59    (0)   :  0.025 0.591 0.384 
 60    (0)   :  0.080 0.759 0.161 
 61    (0)   :  0.034 0.918 0.049 
 62    (0)   :  0.028 0.366 0.607 
 63    (0)   :  0.042 0.767 0.191 
 64    (0)   :  0.018 0.155 0.827 
 65    (0)   :  0.013 0.376 0.611 
 66    (0)   :  0.041 0.877 0.082 
 67    (0)   :  0.018 0.875 0.107 
 68    (0)   :  0.031 0.635 0.334 
 69    (0)   :  0.086 0.318 0.596 
 70    (0)   :  0.028 0.818 0.154 
 71    (0)   :  0.013 0.642 0.344 
 72    (0)   :  0.020 0.288 0.693 
 73    (0)   :  0.015 0.842 0.143 
 74    (0)   :  0.072 0.597 0.332 
 75    (0)   :  0.074 0.819 0.107 
 76    (0)   :  0.022 0.746 0.232 
 77    (0)   :  0.022 0.671 0.307 
 78    (0)   :  0.028 0.547 0.425 
 79    (0)   :  0.022 0.115 0.863 
 80    (0)   :  0.604 0.191 0.205 
 81    (0)   :  0.383 0.244 0.373 
 82    (0)   :  0.044 0.785 0.172 
 83    (0)   :  0.214 0.405 0.381 
 84    (0)   :  0.148 0.487 0.365 
 85    (0)   :  0.252 0.449 0.299 
 86    (0)   :  0.022 0.627 0.352 
 87    (0)   :  0.025 0.213 0.762 
 88    (0)   :  0.105 0.720 0.176 
 89    (0)   :  0.141 0.745 0.114 
 90    (0)   :  0.028 0.378 0.595 
 91    (0)   :  0.470 0.382 0.148 
 92    (0)   :  0.047 0.453 0.499 
 93    (0)   :  0.875 0.071 0.054 
 94    (0)   :  0.020 0.060 0.920 
 95    (0)   :  0.054 0.731 0.215 
 96    (0)   :  0.065 0.885 0.050 
 97    (0)   :  0.090 0.736 0.174 
 98    (0)   :  0.041 0.781 0.178 
 99    (0)   :  0.117 0.529 0.354 
100    (0)   :  0.440 0.502 0.058 
101    (0)   :  0.029 0.787 0.184 
102    (0)   :  0.164 0.703 0.133 
103    (0)   :  0.032 0.893 0.075 
104    (0)   :  0.031 0.305 0.664 
105    (0)   :  0.029 0.870 0.102 
106    (0)   :  0.010 0.080 0.911 
107    (0)   :  0.043 0.681 0.276 
108    (0)   :  0.018 0.725 0.257 
109    (0)   :  0.010 0.225 0.765 
110    (0)   :  0.013 0.151 0.835 
111    (0)   :  0.018 0.144 0.838 
112    (0)   :  0.012 0.097 0.891 
113    (0)   :  0.024 0.791 0.185 
114    (0)   :  0.044 0.376 0.580 
115    (0)   :  0.017 0.745 0.238 
116    (0)   :  0.011 0.298 0.691 
117    (0)   :  0.018 0.485 0.497 
118    (0)   :  0.015 0.745 0.240 
119    (0)   :  0.079 0.846 0.075 
120    (0)   :  0.022 0.448 0.530 
121    (0)   :  0.013 0.828 0.159 
122    (0)   :  0.015 0.129 0.856 
123    (0)   :  0.024 0.415 0.561 
124    (0)   :  0.015 0.360 0.625 
125    (0)   :  0.024 0.288 0.689 
126    (0)   :  0.029 0.259 0.712 
127    (0)   :  0.020 0.186 0.794 
128    (0)   :  0.015 0.824 0.161 
129    (0)   :  0.012 0.849 0.139 
130    (0)   :  0.052 0.517 0.430 
131    (0)   :  0.014 0.493 0.493 
132    (0)   :  0.012 0.159 0.829 
133    (0)   :  0.029 0.458 0.514 
134    (0)   :  0.008 0.052 0.940 
135    (0)   :  0.302 0.625 0.073 
136    (0)   :  0.885 0.060 0.055 
137    (0)   :  0.813 0.125 0.062 
138    (0)   :  0.890 0.057 0.052 
139    (0)   :  0.106 0.820 0.074 
140    (0)   :  0.506 0.283 0.210 
141    (0)   :  0.822 0.080 0.097 
142    (0)   :  0.473 0.455 0.073 
143    (0)   :  0.912 0.053 0.035 
144    (0)   :  0.815 0.127 0.057 
145    (0)   :  0.643 0.201 0.156 
146    (0)   :  0.388 0.426 0.185 
147    (0)   :  0.919 0.043 0.038 
148    (0)   :  0.656 0.220 0.124 
149    (0)   :  0.839 0.101 0.060 
150    (0)   :  0.522 0.378 0.100 
151    (0)   :  0.850 0.098 0.053 
152    (0)   :  0.526 0.333 0.140 
153    (0)   :  0.806 0.116 0.078 
154    (0)   :  0.858 0.084 0.058 
155    (0)   :  0.886 0.065 0.049 
156    (0)   :  0.589 0.355 0.056 
157    (0)   :  0.680 0.195 0.125 
158    (0)   :  0.748 0.122 0.129 
159    (0)   :  0.911 0.051 0.037 
160    (0)   :  0.901 0.059 0.040 
161    (0)   :  0.622 0.283 0.096 
162    (0)   :  0.294 0.478 0.228 
163    (0)   :  0.887 0.069 0.044 
164    (0)   :  0.417 0.369 0.214 
165    (0)   :  0.658 0.253 0.088 
166    (0)   :  0.463 0.401 0.137 
167    (0)   :  0.751 0.094 0.154 
168    (0)   :  0.784 0.132 0.084 
169    (0)   :  0.454 0.160 0.385 
170    (0)   :  0.526 0.419 0.055 
171    (0)   :  0.527 0.350 0.123 
172    (0)   :  0.642 0.225 0.133 
173    (0)   :  0.868 0.089 0.042 
174    (0)   :  0.874 0.072 0.054 
175    (0)   :  0.898 0.054 0.048 
176    (0)   :  0.825 0.120 0.055 
177    (0)   :  0.480 0.285 0.235 
178    (0)   :  0.843 0.072 0.085 
179    (0)   :  0.914 0.046 0.039 
180    (0)   :  0.665 0.163 0.172 
181    (0)   :  0.576 0.344 0.080 
182    (0)   :  0.727 0.228 0.045 
183    (0)   :  0.885 0.072 0.042 
184    (0)   :  0.021 0.729 0.250 
185    (0)   :  0.774 0.186 0.040 
186    (0)   :  0.019 0.710 0.271 
187    (0)   :  0.121 0.787 0.092 
188    (0)   :  0.014 0.760 0.225 
189    (0)   :  0.222 0.341 0.438 
190    (0)   :  0.082 0.883 0.034 
191    (0)   :  0.031 0.863 0.106 
192    (0)   :  0.077 0.825 0.098 
193    (0)   :  0.090 0.771 0.138 
194    (0)   :  0.053 0.866 0.081 
195    (0)   :  0.272 0.681 0.047 
196    (0)   :  0.059 0.886 0.054 
197    (0)   :  0.051 0.637 0.312 
198    (0)   :  0.069 0.688 0.244 
199    (0)   :  0.053 0.879 0.068 
200    (0)   :  0.072 0.719 0.208 
201    (0)   :  0.474 0.465 0.061 
202    (0)   :  0.332 0.609 0.059 
203    (0)   :  0.327 0.618 0.055 
204    (0)   :  0.053 0.904 0.043 
205    (0)   :  0.032 0.889 0.079 
206    (0)   :  0.063 0.877 0.060 
207    (0)   :  0.023 0.919 0.058 
208    (0)   :  0.113 0.834 0.053 
209    (0)   :  0.045 0.855 0.100 
210    (0)   :  0.063 0.881 0.055 
211    (0)   :  0.036 0.912 0.053 
212    (0)   :  0.650 0.276 0.074 
213    (0)   :  0.026 0.883 0.091 
214    (0)   :  0.413 0.533 0.055 
215    (0)   :  0.020 0.902 0.079 
216    (0)   :  0.028 0.765 0.206 
217    (0)   :  0.350 0.572 0.078 
218    (0)   :  0.044 0.867 0.089 
219    (0)   :  0.133 0.541 0.326 
220    (0)   :  0.026 0.915 0.059 
221    (0)   :  0.662 0.302 0.036 
222    (0)   :  0.052 0.633 0.316 
223    (0)   :  0.223 0.659 0.118 
224    (0)   :  0.167 0.772 0.061 
225    (0)   :  0.043 0.902 0.055 
226    (0)   :  0.061 0.732 0.207 
227    (0)   :  0.086 0.857 0.057 
228    (0)   :  0.173 0.785 0.042 
229    (0)   :  0.187 0.741 0.072 
230    (0)   :  0.083 0.863 0.054 
231    (0)   :  0.234 0.649 0.117 
232    (0)   :  0.079 0.815 0.106 
233    (0)   :  0.589 0.352 0.059 
234    (0)   :  0.098 0.728 0.174 
235    (0)   :  0.158 0.715 0.126 
236    (0)   :  0.169 0.756 0.075 
237    (0)   :  0.037 0.887 0.076 
238    (0)   :  0.361 0.568 0.071 
239    (0)   :  0.263 0.691 0.046 
240    (0)   :  0.361 0.568 0.071 
241    (0)   :  0.413 0.534 0.053 
242    (0)   :  0.122 0.572 0.306 
243    (0)   :  0.060 0.901 0.038 
244    (0)   :  0.205 0.743 0.052 
245    (0)   :  0.737 0.214 0.050 
246    (0)   :  0.348 0.575 0.077 
247    (0)   :  0.015 0.753 0.232 
248    (0)   :  0.017 0.892 0.091 
249    (0)   :  0.156 0.788 0.056 
250    (0)   :  0.078 0.847 0.074 
251    (0)   :  0.048 0.598 0.354 
252    (0)   :  0.095 0.833 0.072 
253    (0)   :  0.028 0.797 0.175 
254    (0)   :  0.055 0.747 0.199 
255    (0)   :  0.107 0.732 0.161 
256    (0)   :  0.137 0.805 0.058 
257    (0)   :  0.042 0.893 0.065 
258    (0)   :  0.035 0.855 0.110 
259    (0)   :  0.032 0.899 0.069 
260    (0)   :  0.158 0.637 0.205 
261    (0)   :  0.205 0.728 0.066 
262    (0)   :  0.272 0.683 0.045 
263    (0)   :  0.028 0.881 0.091 
264    (0)   :  0.015 0.265 0.720 
265    (0)   :  0.093 0.767 0.140 
266    (0)   :  0.668 0.295 0.037 
267    (0)   :  0.105 0.755 0.140 
268    (0)   :  0.060 0.886 0.054 
269    (0)   :  0.191 0.371 0.438 
270    (0)   :  0.029 0.787 0.185 
271    (0)   :  0.026 0.900 0.074 
272    (0)   :  0.035 0.819 0.146 
273    (0)   :  0.162 0.706 0.132 
274    (0)   :  0.045 0.819 0.137 
275    (0)   :  0.070 0.826 0.104 
276    (0)   :  0.031 0.769 0.200 
277    (0)   :  0.147 0.736 0.117 
278    (0)   :  0.026 0.905 0.069 
279    (0)   :  0.063 0.855 0.082 
280    (0)   :  0.068 0.723 0.209 
281    (0)   :  0.041 0.857 0.102 
282    (0)   :  0.355 0.531 0.115 
283    (0)   :  0.481 0.435 0.084 
284    (0)   :  0.072 0.847 0.080 
285    (0)   :  0.012 0.880 0.108 
286    (0)   :  0.203 0.746 0.051 
287    (0)   :  0.102 0.666 0.232 
288    (0)   :  0.037 0.800 0.163 
289    (0)   :  0.064 0.722 0.214 
290    (0)   :  0.033 0.724 0.243 
291    (0)   :  0.026 0.897 0.077 
292    (0)   :  0.094 0.762 0.144 
293    (0)   :  0.032 0.443 0.525 
294    (0)   :  0.023 0.871 0.106 
295    (0)   :  0.082 0.575 0.344 
296    (0)   :  0.027 0.904 0.069 
297    (0)   :  0.037 0.684 0.279 
298    (0)   :  0.177 0.709 0.114 
299    (0)   :  0.032 0.813 0.155 
300    (0)   :  0.020 0.905 0.075 
301    (0)   :  0.032 0.700 0.268 
302    (0)   :  0.023 0.892 0.084 
303    (0)   :  0.184 0.727 0.089 
304    (0)   :  0.269 0.469 0.262 
305    (0)   :  0.125 0.822 0.053 
306    (0)   :  0.344 0.555 0.100 
307    (0)   :  0.060 0.854 0.086 
308    (0)   :  0.204 0.729 0.067 
309    (0)   :  0.030 0.901 0.069 
310    (0)   :  0.135 0.819 0.046 
311    (0)   :  0.083 0.864 0.053 
312    (0)   :  0.025 0.924 0.051 
313    (0)   :  0.015 0.936 0.049 
314    (0)   :  0.922 0.043 0.035 
315    (0)   :  0.893 0.060 0.047 
316    (0)   :  0.897 0.049 0.054 
317    (0)   :  0.929 0.036 0.035 
318    (0)   :  0.932 0.032 0.036 
319    (0)   :  0.913 0.050 0.037 
320    (0)   :  0.922 0.043 0.035 
321    (0)   :  0.926 0.035 0.038 
322    (0)   :  0.887 0.061 0.051 
323    (0)   :  0.927 0.037 0.036 
324    (0)   :  0.926 0.036 0.038 
325    (0)   :  0.906 0.043 0.051 
326    (0)   :  0.913 0.038 0.049 
327    (0)   :  0.927 0.037 0.036 
328    (0)   :  0.883 0.064 0.053 
329    (0)   :  0.926 0.039 0.035 
330    (0)   :  0.929 0.035 0.036 
331    (0)   :  0.926 0.038 0.036 
332    (0)   :  0.902 0.040 0.058 
333    (0)   :  0.910 0.044 0.046 
334    (0)   :  0.883 0.064 0.053 
335    (0)   :  0.899 0.054 0.047 
336    (0)   :  0.924 0.037 0.039 
337    (0)   :  0.896 0.048 0.056 
338    (0)   :  0.931 0.032 0.037 
339    (0)   :  0.927 0.038 0.035 
340    (0)   :  0.928 0.038 0.033 
341    (0)   :  0.930 0.036 0.034 
342    (0)   :  0.929 0.036 0.035 
343    (0)   :  0.881 0.066 0.053 
344    (0)   :  0.931 0.034 0.035 
345    (0)   :  0.928 0.036 0.036 
346    (0)   :  0.933 0.033 0.034 
347    (0)   :  0.932 0.035 0.033 
348    (0)   :  0.882 0.071 0.047 
349    (0)   :  0.928 0.036 0.036 
350    (0)   :  0.910 0.054 0.036 
351    (0)   :  0.897 0.055 0.048 
352    (0)   :  0.901 0.049 0.050 
353    (0)   :  0.925 0.037 0.038 
354    (0)   :  0.925 0.040 0.036 
355    (0)   :  0.930 0.033 0.037 
356    (0)   :  0.820 0.133 0.047 
357    (0)   :  0.553 0.100 0.347 
358    (0)   :  0.903 0.046 0.051 
359    (0)   :  0.926 0.036 0.037 
360    (0)   :  0.933 0.033 0.034 
361    (0)   :  0.453 0.167 0.380 
362    (0)   :  0.025 0.201 0.774 
363    (0)   :  0.017 0.130 0.853 
364    (0)   :  0.244 0.144 0.613 
365    (0)   :  0.023 0.097 0.880 
366    (0)   :  0.064 0.353 0.583 
367    (0)   :  0.010 0.058 0.932 
368    (0)   :  0.021 0.337 0.642 
369    (0)   :  0.274 0.412 0.314 
370    (0)   :  0.023 0.776 0.201 
371    (0)   :  0.054 0.487 0.459 
372    (0)   :  0.071 0.653 0.276 
373    (0)   :  0.035 0.132 0.833 
374    (0)   :  0.259 0.196 0.545 
375    (0)   :  0.018 0.108 0.874 
376    (0)   :  0.013 0.041 0.947 
377    (0)   :  0.029 0.215 0.757 
378    (0)   :  0.140 0.233 0.627 
379    (0)   :  0.013 0.043 0.944 
380    (0)   :  0.117 0.317 0.566 
381    (0)   :  0.064 0.118 0.818 
382    (0)   :  0.017 0.066 0.917 
383    (0)   :  0.154 0.108 0.738 
384    (0)   :  0.080 0.160 0.761 
385    (0)   :  0.076 0.134 0.790 
386    (0)   :  0.015 0.078 0.907 
387    (0)   :  0.019 0.087 0.894 
388    (0)   :  0.214 0.363 0.422 
389    (0)   :  0.019 0.830 0.152 
390    (0)   :  0.021 0.347 0.632 
391    (0)   :  0.039 0.544 0.417 
392    (0)   :  0.037 0.087 0.877 
393    (0)   :  0.046 0.266 0.688 
394    (0)   :  0.199 0.273 0.528 
395    (0)   :  0.018 0.601 0.380 
396    (0)   :  0.011 0.090 0.899 
397    (0)   :  0.070 0.478 0.452 
398    (0)   :  0.013 0.051 0.936 
399    (0)   :  0.016 0.157 0.827 
400    (0)   :  0.026 0.071 0.903 
401    (0)   :  0.028 0.221 0.751 
402    (0)   :  0.023 0.577 0.400 
403    (0)   :  0.216 0.477 0.307 
404    (0)   :  0.040 0.404 0.557 
405    (0)   :  0.036 0.342 0.622 
406    (0)   :  0.054 0.671 0.275 
407    (0)   :  0.013 0.055 0.932 
408    (0)   :  0.010 0.670 0.319 
409    (0)   :  0.208 0.626 0.166 
410    (0)   :  0.044 0.076 0.880 
411    (0)   :  0.096 0.204 0.700 
412    (0)   :  0.020 0.141 0.840 
413    (0)   :  0.089 0.500 0.411 
414    (0)   :  0.013 0.143 0.844 
415    (0)   :  0.020 0.103 0.877 
416    (0)   :  0.032 0.142 0.826 
417    (0)   :  0.017 0.057 0.926 
418    (0)   :  0.013 0.071 0.916 
419    (0)   :  0.072 0.667 0.261 
420    (0)   :  0.017 0.270 0.713 
421    (0)   :  0.018 0.103 0.879 
422    (0)   :  0.019 0.575 0.406 
423    (0)   :  0.023 0.161 0.816 
424    (0)   :  0.028 0.536 0.436 
425    (0)   :  0.043 0.322 0.635 
426    (0)   :  0.033 0.121 0.845 
427    (0)   :  0.062 0.081 0.857 
428    (0)   :  0.062 0.598 0.341 
429    (0)   :  0.011 0.043 0.946 
430    (0)   :  0.016 0.097 0.887 
431    (0)   :  0.028 0.390 0.582 
432    (0)   :  0.024 0.301 0.675 
433    (0)   :  0.092 0.776 0.131 
434    (0)   :  0.068 0.265 0.667 
435    (0)   :  0.013 0.071 0.916 
436    (0)   :  0.026 0.048 0.926 
437    (0)   :  0.014 0.060 0.926 
438    (0)   :  0.032 0.490 0.479 
439    (0)   :  0.021 0.054 0.925 
440    (0)   :  0.010 0.046 0.944 
441    (0)   :  0.048 0.124 0.828 
442    (0)   :  0.015 0.097 0.888 
443    (0)   :  0.012 0.107 0.881 
444    (0)   :  0.015 0.096 0.890 
445    (0)   :  0.089 0.363 0.549 
446    (0)   :  0.014 0.063 0.923 
447    (0)   :  0.035 0.246 0.719 
448    (0)   :  0.015 0.110 0.874 
449    (0)   :  0.030 0.191 0.780 
450    (0)   :  0.033 0.065 0.902 
451    (0)   :  0.010 0.147 0.843 
452    (0)   :  0.025 0.052 0.923 
453    (0)   :  0.025 0.795 0.180 
454    (0)   :  0.030 0.079 0.891 
455    (0)   :  0.015 0.153 0.832 
456    (0)   :  0.013 0.111 0.876 
457    (0)   :  0.017 0.058 0.925 
458    (0)   :  0.019 0.057 0.924 
459    (0)   :  0.067 0.271 0.662 
460    (0)   :  0.014 0.060 0.926 
461    (0)   :  0.014 0.049 0.937 
462    (0)   :  0.010 0.087 0.903 
463    (0)   :  0.025 0.583 0.392 
464    (0)   :  0.013 0.090 0.897 
465    (0)   :  0.018 0.251 0.731 
466    (0)   :  0.014 0.400 0.586 
467    (0)   :  0.028 0.124 0.848 
468    (0)   :  0.013 0.074 0.912 
469    (0)   :  0.017 0.053 0.931 
470    (0)   :  0.013 0.052 0.935 
471    (0)   :  0.015 0.442 0.543 
472    (0)   :  0.019 0.214 0.767 
473    (0)   :  0.028 0.211 0.760 
474    (0)   :  0.024 0.075 0.902 
475    (0)   :  0.031 0.324 0.645 
476    (0)   :  0.018 0.060 0.922 
477    (0)   :  0.028 0.197 0.774 
478    (0)   :  0.012 0.073 0.915 
479    (0)   :  0.012 0.051 0.937 
480    (0)   :  0.015 0.043 0.943 
481    (0)   :  0.014 0.252 0.734 
482    (0)   :  0.012 0.040 0.948 
483    (0)   :  0.019 0.086 0.895 
484    (0)   :  0.020 0.333 0.647 
485    (0)   :  0.014 0.080 0.906 
486    (0)   :  0.026 0.468 0.506 
487    (0)   :  0.083 0.329 0.588 
488    (0)   :  0.033 0.607 0.360 
489    (0)   :  0.119 0.580 0.301 
490    (0)   :  0.013 0.187 0.800 
491    (0)   :  0.046 0.826 0.128 
492    (0)   :  0.073 0.788 0.139 
493    (0)   :  0.035 0.484 0.482 
494    (0)   :  0.043 0.656 0.301 
495    (0)   :  0.050 0.546 0.405 
496    (0)   :  0.119 0.776 0.104 
497    (0)   :  0.084 0.600 0.316 
498    (0)   :  0.032 0.521 0.447 
499    (0)   :  0.241 0.467 0.291 
500    (0)   :  0.033 0.268 0.699 
501    (0)   :  0.079 0.609 0.312 
502    (0)   :  0.093 0.615 0.292 
503    (0)   :  0.019 0.155 0.826 
504    (0)   :  0.019 0.618 0.363 
505    (0)   :  0.033 0.825 0.142 
506    (0)   :  0.088 0.475 0.436 
507    (0)   :  0.649 0.296 0.055 
508    (0)   :  0.413 0.514 0.073 
509    (0)   :  0.069 0.816 0.115 
510    (0)   :  0.190 0.376 0.434 
511    (0)   :  0.024 0.168 0.808 
512    (0)   :  0.013 0.073 0.914 
513    (0)   :  0.017 0.925 0.059 
514    (0)   :  0.026 0.467 0.507 
515    (0)   :  0.076 0.270 0.654 
516    (0)   :  0.021 0.795 0.183 
517    (0)   :  0.062 0.583 0.355 
518    (0)   :  0.261 0.291 0.448 
519    (0)   :  0.027 0.452 0.521 
520    (0)   :  0.195 0.559 0.246 
521    (0)   :  0.221 0.637 0.142 
522    (0)   :  0.019 0.376 0.605 
523    (0)   :  0.071 0.800 0.128 
524    (0)   :  0.038 0.299 0.663 
525    (0)   :  0.187 0.357 0.456 
526    (0)   :  0.036 0.628 0.336 
527    (0)   :  0.023 0.105 0.872 
528    (0)   :  0.439 0.482 0.079 
529    (0)   :  0.060 0.710 0.230 
530    (0)   :  0.049 0.248 0.703 
531    (0)   :  0.313 0.408 0.279 
532    (0)   :  0.218 0.363 0.419 
533    (0)   :  0.035 0.319 0.646 
534    (0)   :  0.043 0.826 0.130 
535    (0)   :  0.026 0.725 0.249 
536    (0)   :  0.061 0.752 0.187 
537    (0)   :  0.085 0.850 0.065 
538    (0)   :  0.062 0.837 0.101 
539    (0)   :  0.668 0.270 0.061 
540    (0)   :  0.121 0.701 0.178 
541    (0)   :  0.414 0.440 0.146 
542    (0)   :  0.025 0.752 0.223 
543    (0)   :  0.059 0.858 0.083 
544    (0)   :  0.035 0.841 0.125 
545    (0)   :  0.016 0.771 0.212 
546    (0)   :  0.048 0.842 0.110 
547    (0)   :  0.046 0.881 0.073 
548    (0)   :  0.076 0.852 0.072 
549    (0)   :  0.345 0.528 0.127 
550    (0)   :  0.054 0.503 0.443 
551    (0)   :  0.472 0.423 0.105 
552    (0)   :  0.077 0.824 0.099 
553    (0)   :  0.063 0.884 0.053 
554    (0)   :  0.082 0.481 0.436 
555    (0)   :  0.109 0.835 0.056 
556    (0)   :  0.037 0.874 0.089 
557    (0)   :  0.039 0.682 0.279 
558    (0)   :  0.013 0.037 0.950 
559    (0)   :  0.022 0.423 0.556 
560    (0)   :  0.009 0.080 0.911 
561    (0)   :  0.013 0.199 0.788 
562    (0)   :  0.009 0.139 0.851 
563    (0)   :  0.073 0.576 0.351 
564    (0)   :  0.021 0.791 0.188 
565    (0)   :  0.015 0.054 0.931 
566    (0)   :  0.010 0.057 0.933 
567    (0)   :  0.014 0.651 0.335 
568    (0)   :  0.021 0.508 0.471 
569    (0)   :  0.021 0.438 0.541 
570    (0)   :  0.010 0.043 0.947 
571    (0)   :  0.016 0.151 0.832 
572    (0)   :  0.133 0.607 0.260 
573    (0)   :  0.024 0.520 0.456 
574    (0)   :  0.067 0.136 0.797 
575    (0)   :  0.036 0.620 0.344 
576    (0)   :  0.010 0.067 0.923 
577    (0)   :  0.056 0.126 0.818 
578    (0)   :  0.018 0.231 0.751 
579    (0)   :  0.015 0.154 0.831 
580    (0)   :  0.026 0.087 0.887 
581    (0)   :  0.020 0.075 0.906 
582    (0)   :  0.011 0.063 0.926 
583    (0)   :  0.017 0.097 0.886 
584    (0)   :  0.012 0.069 0.919 
585    (0)   :  0.014 0.153 0.833 
586    (0)   :  0.021 0.149 0.830 
587    (0)   :  0.011 0.143 0.846 
588    (0)   :  0.014 0.932 0.054 
589    (0)   :  0.013 0.129 0.859 
590    (0)   :  0.015 0.176 0.810 
591    (0)   :  0.018 0.230 0.752 
592    (0)   :  0.012 0.584 0.404 
593    (0)   :  0.030 0.328 0.643 
594    (0)   :  0.045 0.419 0.537 
595    (0)   :  0.011 0.092 0.897 
596    (0)   :  0.025 0.577 0.398 
597    (0)   :  0.129 0.239 0.631 
598    (0)   :  0.012 0.039 0.949 
599    (0)   :  0.011 0.221 0.768 
600    (0)   :  0.034 0.134 0.833 
601    (0)   :  0.011 0.089 0.900 
602    (0)   :  0.056 0.625 0.318 
603    (0)   :  0.051 0.654 0.295 
604    (0)   :  0.034 0.417 0.548 
605    (0)   :  0.020 0.371 0.609 
606    (0)   :  0.042 0.761 0.197 
607    (0)   :  0.211 0.259 0.530 
608    (0)   :  0.418 0.154 0.428 
609    (0)   :  0.029 0.110 0.861 
610    (0)   :  0.022 0.255 0.723 
611    (0)   :  0.049 0.607 0.344 
612    (0)   :  0.018 0.066 0.916 
613    (0)   :  0.029 0.161 0.810 
614    (0)   :  0.015 0.075 0.910 
615    (0)   :  0.038 0.174 0.788 
616    (0)   :  0.140 0.300 0.561 
617    (0)   :  0.017 0.153 0.830 
618    (0)   :  0.115 0.253 0.632 
619    (0)   :  0.059 0.620 0.321 
620    (0)   :  0.010 0.615 0.375 
621    (0)   :  0.015 0.068 0.916 
622    (0)   :  0.086 0.251 0.663 
623    (0)   :  0.018 0.319 0.663 
624    (0)   :  0.091 0.086 0.824 
625    (0)   :  0.078 0.141 0.780 
626    (0)   :  0.420 0.339 0.242 
627    (0)   :  0.025 0.220 0.755 
628    (0)   :  0.030 0.253 0.717 
629    (0)   :  0.029 0.315 0.656 
630    (0)   :  0.031 0.132 0.837 
631    (0)   :  0.027 0.114 0.859 
632    (0)   :  0.070 0.812 0.118 
633    (0)   :  0.052 0.108 0.841 
634    (0)   :  0.093 0.285 0.623 
635    (0)   :  0.418 0.365 0.217 
636    (0)   :  0.161 0.152 0.687 
637    (0)   :  0.029 0.785 0.186 
638    (0)   :  0.045 0.326 0.629 
639    (0)   :  0.044 0.171 0.785 
640    (0)   :  0.023 0.094 0.883 
641    (0)   :  0.031 0.287 0.681 
642    (0)   :  0.324 0.545 0.131 
643    (0)   :  0.807 0.123 0.070 
644    (0)   :  0.568 0.250 0.182 
645    (0)   :  0.711 0.121 0.168 
646    (0)   :  0.040 0.784 0.177 
647    (0)   :  0.115 0.775 0.110 
648    (0)   :  0.223 0.474 0.303 
649    (0)   :  0.058 0.869 0.074 
650    (0)   :  0.052 0.804 0.144 
651    (0)   :  0.401 0.349 0.251 
652    (0)   :  0.517 0.345 0.137 
653    (0)   :  0.202 0.627 0.171 
654    (0)   :  0.203 0.716 0.081 
655    (0)   :  0.509 0.254 0.236 
656    (0)   :  0.090 0.768 0.142 
657    (0)   :  0.109 0.220 0.672 
658    (0)   :  0.100 0.598 0.302 
659    (0)   :  0.450 0.363 0.187 
660    (0)   :  0.418 0.509 0.073 
661    (0)   :  0.608 0.270 0.122 
662    (0)   :  0.035 0.906 0.059 
663    (0)   :  0.345 0.528 0.128 
664    (0)   :  0.146 0.405 0.449 
665    (0)   :  0.041 0.875 0.084 
666    (0)   :  0.255 0.642 0.103 
667    (0)   :  0.034 0.725 0.241 
668    (0)   :  0.396 0.347 0.257 
669    (0)   :  0.105 0.768 0.128 
670    (0)   :  0.843 0.114 0.042 
671    (0)   :  0.525 0.408 0.067 
672    (0)   :  0.671 0.209 0.120 
673    (0)   :  0.922 0.040 0.038 
674    (0)   :  0.761 0.163 0.077 
675    (0)   :  0.826 0.118 0.056 
676    (0)   :  0.918 0.046 0.036 
677    (0)   :  0.681 0.280 0.039 
678    (0)   :  0.920 0.042 0.038 
679    (0)   :  0.855 0.070 0.075 
680    (0)   :  0.849 0.091 0.060 
681    (0)   :  0.235 0.485 0.280 
682    (0)   :  0.868 0.074 0.058 
683    (0)   :  0.861 0.099 0.041 
684    (0)   :  0.909 0.052 0.039 
685    (0)   :  0.922 0.044 0.034 
686    (0)   :  0.565 0.372 0.063 
687    (0)   :  0.520 0.419 0.061 
688    (0)   :  0.823 0.122 0.054 
689    (0)   :  0.923 0.042 0.036 
690    (0)   :  0.918 0.046 0.036 
691    (0)   :  0.835 0.098 0.067 
692    (0)   :  0.877 0.062 0.061 
693    (0)   :  0.854 0.082 0.063 
694    (0)   :  0.923 0.044 0.032 
695    (0)   :  0.876 0.079 0.045 
696    (0)   :  0.829 0.118 0.054 
697    (0)   :  0.910 0.053 0.038 
698    (0)   :  0.912 0.052 0.036 
699    (0)   :  0.776 0.179 0.045 
700    (0)   :  0.848 0.081 0.071 
701    (0)   :  0.822 0.098 0.081 
702    (0)   :  0.667 0.242 0.091 
703    (0)   :  0.836 0.105 0.060 
704    (0)   :  0.825 0.125 0.050 
705    (0)   :  0.325 0.558 0.117 
706    (0)   :  0.861 0.087 0.052 
707    (0)   :  0.895 0.065 0.040 
708    (0)   :  0.890 0.072 0.038 
709    (0)   :  0.878 0.084 0.038 
710    (0)   :  0.922 0.046 0.032 
711    (0)   :  0.787 0.156 0.057 
712    (0)   :  0.804 0.162 0.034 
713    (0)   :  0.840 0.111 0.049 
714    (0)   :  0.771 0.146 0.083 
715    (0)   :  0.888 0.079 0.032 
716    (0)   :  0.878 0.074 0.048 
717    (0)   :  0.917 0.050 0.033 
718    (0)   :  0.725 0.212 0.062 
719    (0)   :  0.889 0.078 0.033 
720    (0)   :  0.017 0.121 0.862 
721    (0)   :  0.603 0.125 0.273 
722    (0)   :  0.035 0.131 0.834 
723    (0)   :  0.030 0.080 0.891 
724    (0)   :  0.114 0.085 0.802 
725    (0)   :  0.135 0.463 0.402 
726    (0)   :  0.062 0.182 0.756 
727    (0)   :  0.105 0.696 0.200 
728    (0)   :  0.010 0.041 0.948 
729    (0)   :  0.012 0.044 0.944 
730    (0)   :  0.018 0.099 0.883 
731    (0)   :  0.027 0.065 0.908 
732    (0)   :  0.031 0.078 0.891 
733    (0)   :  0.016 0.049 0.935 
734    (0)   :  0.010 0.045 0.944 
735    (0)   :  0.022 0.044 0.934 
736    (0)   :  0.021 0.070 0.909 
737    (0)   :  0.022 0.151 0.827 
738    (0)   :  0.018 0.068 0.913 
739    (0)   :  0.015 0.046 0.939 
740    (0)   :  0.792 0.106 0.103 
741    (0)   :  0.508 0.294 0.198 
742    (0)   :  0.108 0.138 0.754 
743    (0)   :  0.053 0.260 0.687 
744    (0)   :  0.033 0.839 0.129 
745    (0)   :  0.015 0.307 0.678 
746    (0)   :  0.100 0.548 0.352 
747    (0)   :  0.029 0.651 0.320 
748    (0)   :  0.303 0.544 0.154 
749    (0)   :  0.061 0.755 0.184 
750    (0)   :  0.042 0.688 0.271 
751    (0)   :  0.418 0.375 0.207 
752    (0)   :  0.037 0.623 0.340 
753    (0)   :  0.117 0.466 0.417 
754    (0)   :  0.310 0.410 0.281 
755    (0)   :  0.081 0.628 0.291 
756    (0)   :  0.121 0.720 0.159 
757    (0)   :  0.053 0.716 0.232 
758    (0)   :  0.015 0.582 0.403 
759    (0)   :  0.465 0.264 0.272 
760    (0)   :  0.075 0.163 0.762 
761    (0)   :  0.202 0.210 0.587 
762    (0)   :  0.023 0.107 0.870 
763    (0)   :  0.117 0.469 0.414 
764    (0)   :  0.041 0.640 0.320 
765    (0)   :  0.029 0.144 0.826 
766    (0)   :  0.287 0.349 0.363 
767    (0)   :  0.126 0.583 0.291 
768    (0)   :  0.023 0.112 0.865 
769    (0)   :  0.147 0.183 0.671 
770    (0)   :  0.021 0.134 0.845 
771    (0)   :  0.050 0.866 0.084 
772    (0)   :  0.230 0.329 0.442 
773    (0)   :  0.058 0.404 0.537 
774    (0)   :  0.344 0.445 0.212 
775    (0)   :  0.045 0.083 0.872 
776    (0)   :  0.026 0.514 0.460 
777    (0)   :  0.043 0.673 0.284 
778    (0)   :  0.055 0.810 0.135 
779    (0)   :  0.101 0.443 0.456 
780    (0)   :  0.292 0.512 0.196 
781    (0)   :  0.061 0.865 0.074 
782    (0)   :  0.100 0.438 0.463 
783    (0)   :  0.198 0.303 0.499 
784    (0)   :  0.035 0.223 0.742 
785    (0)   :  0.089 0.471 0.440 
786    (0)   :  0.447 0.260 0.293 
787    (0)   :  0.140 0.786 0.074 
788    (0)   :  0.050 0.217 0.733 
789    (0)   :  0.042 0.162 0.797 
790    (0)   :  0.180 0.468 0.352 
791    (0)   :  0.075 0.559 0.367 
792    (0)   :  0.354 0.516 0.130 
793    (0)   :  0.166 0.688 0.146 
794    (0)   :  0.066 0.587 0.347 
795    (0)   :  0.385 0.433 0.182 
796    (0)   :  0.088 0.642 0.270 
797    (0)   :  0.494 0.400 0.105 
798    (0)   :  0.013 0.130 0.857 
799    (0)   :  0.034 0.312 0.653 
800    (0)   :  0.203 0.736 0.061 
801    (0)   :  0.027 0.172 0.801 
802    (0)   :  0.167 0.318 0.515 
803    (0)   :  0.156 0.699 0.145 
804    (0)   :  0.042 0.767 0.190 
805    (0)   :  0.813 0.126 0.061 
806    (0)   :  0.063 0.595 0.342 
807    (0)   :  0.643 0.282 0.075 
808    (0)   :  0.211 0.701 0.087 
809    (0)   :  0.031 0.767 0.202 
810    (0)   :  0.091 0.352 0.557 
811    (0)   :  0.213 0.695 0.092 
812    (0)   :  0.015 0.891 0.094 
813    (0)   :  0.016 0.129 0.855 
814    (0)   :  0.018 0.863 0.119 
815    (0)   :  0.181 0.622 0.197 
816    (0)   :  0.295 0.295 0.410 
817    (0)   :  0.162 0.321 0.517 
818    (0)   :  0.038 0.461 0.500 
819    (0)   :  0.045 0.850 0.105 
820    (0)   :  0.066 0.730 0.205 
821    (0)   :  0.050 0.152 0.798 
822    (0)   :  0.012 0.185 0.804 
823    (0)   :  0.187 0.178 0.635 
824    (0)   :  0.084 0.381 0.535 
825    (0)   :  0.021 0.234 0.745 
826    (0)   :  0.019 0.433 0.548 
827    (0)   :  0.024 0.081 0.894 
828    (0)   :  0.046 0.102 0.852 
829    (0)   :  0.046 0.187 0.767 
830    (0)   :  0.016 0.062 0.922 
831    (0)   :  0.070 0.333 0.597 
832    (0)   :  0.066 0.534 0.400 
833    (0)   :  0.113 0.315 0.572 
834    (0)   :  0.061 0.324 0.615 
835    (0)   :  0.017 0.517 0.466 
836    (0)   :  0.033 0.707 0.259 
837    (0)   :  0.145 0.282 0.572 
838    (0)   :  0.015 0.770 0.215 
839    (0)   :  0.033 0.155 0.812 
840    (0)   :  0.047 0.834 0.119 
841    (0)   :  0.035 0.820 0.146 
842    (0)   :  0.013 0.252 0.735 
843    (0)   :  0.108 0.798 0.094 
844    (0)   :  0.061 0.643 0.297 
845    (0)   :  0.019 0.324 0.657 
846    (0)   :  0.044 0.659 0.297 
847    (0)   :  0.078 0.714 0.207 
848    (0)   :  0.033 0.795 0.171 
849    (0)   :  0.029 0.263 0.709 
850    (0)   :  0.027 0.110 0.863 
851    (0)   :  0.022 0.497 0.482 
852    (0)   :  0.527 0.126 0.347 
853    (0)   :  0.024 0.331 0.645 
854    (0)   :  0.151 0.211 0.638 
855    (0)   :  0.037 0.523 0.440 
856    (0)   :  0.062 0.522 0.416 
857    (0)   :  0.027 0.761 0.213 
858    (0)   :  0.020 0.383 0.597 
859    (0)   :  0.020 0.083 0.897 
860    (0)   :  0.021 0.432 0.547 
861    (0)   :  0.225 0.656 0.119 
862    (0)   :  0.019 0.051 0.929 
863    (0)   :  0.049 0.082 0.869 
864    (0)   :  0.036 0.045 0.919 
865    (0)   :  0.010 0.048 0.941 
866    (0)   :  0.017 0.089 0.895 
867    (0)   :  0.027 0.075 0.898 
868    (0)   :  0.019 0.094 0.887 
869    (0)   :  0.018 0.076 0.906 
870    (0)   :  0.012 0.185 0.803 
871    (0)   :  0.012 0.074 0.914 
872    (0)   :  0.017 0.047 0.935 
873    (0)   :  0.024 0.051 0.924 
874    (0)   :  0.013 0.057 0.930 
875    (0)   :  0.020 0.215 0.766 
876    (0)   :  0.015 0.197 0.788 
877    (0)   :  0.021 0.041 0.938 
878    (0)   :  0.026 0.153 0.821 
879    (0)   :  0.028 0.052 0.920 
880    (0)   :  0.015 0.154 0.831 
881    (0)   :  0.025 0.068 0.907 
882    (0)   :  0.023 0.044 0.934 
883    (0)   :  0.026 0.346 0.629 
884    (0)   :  0.010 0.043 0.947 
885    (0)   :  0.034 0.161 0.805 
886    (0)   :  0.032 0.075 0.894 
887    (0)   :  0.012 0.050 0.938 
888    (0)   :  0.050 0.247 0.703 
889    (0)   :  0.010 0.048 0.942 
890    (0)   :  0.010 0.065 0.924 
891    (0)   :  0.018 0.419 0.563 
892    (0)   :  0.021 0.529 0.451 
893    (0)   :  0.024 0.726 0.250 
894    (0)   :  0.012 0.086 0.903 
895    (0)   :  0.013 0.058 0.929 
896    (0)   :  0.029 0.729 0.242 
897    (0)   :  0.019 0.560 0.421 
898    (0)   :  0.036 0.233 0.730 
899    (0)   :  0.010 0.094 0.897 
900    (0)   :  0.015 0.392 0.593 
901    (0)   :  0.017 0.270 0.713 
902    (0)   :  0.020 0.791 0.189 
903    (0)   :  0.016 0.084 0.900 
904    (0)   :  0.033 0.264 0.703 
905    (0)   :  0.011 0.052 0.937 
906    (0)   :  0.020 0.316 0.664 
907    (0)   :  0.028 0.148 0.825 
908    (0)   :  0.022 0.105 0.874 
909    (0)   :  0.022 0.321 0.656 
910    (0)   :  0.021 0.629 0.350 
911    (0)   :  0.010 0.054 0.936 
912    (0)   :  0.012 0.083 0.905 
913    (0)   :  0.011 0.100 0.889 
914    (0)   :  0.094 0.300 0.607 
915    (0)   :  0.009 0.079 0.911 
916    (0)   :  0.016 0.278 0.706 
917    (0)   :  0.014 0.283 0.703 
918    (0)   :  0.063 0.206 0.731 
919    (0)   :  0.029 0.083 0.888 
920    (0)   :  0.024 0.134 0.841 
921    (0)   :  0.104 0.777 0.119 
922    (0)   :  0.018 0.836 0.146 
923    (0)   :  0.026 0.891 0.083 
924    (0)   :  0.017 0.881 0.102 
925    (0)   :  0.028 0.848 0.124 
926    (0)   :  0.026 0.928 0.045 
927    (0)   :  0.047 0.884 0.070 
928    (0)   :  0.071 0.880 0.049 
929    (0)   :  0.016 0.928 0.055 
930    (0)   :  0.028 0.868 0.104 
931    (0)   :  0.113 0.719 0.168 
932    (0)   :  0.014 0.921 0.064 
933    (0)   :  0.204 0.735 0.061 
934    (0)   :  0.012 0.923 0.065 
935    (0)   :  0.021 0.888 0.091 
936    (0)   :  0.015 0.923 0.063 
937    (0)   :  0.033 0.906 0.061 
938    (0)   :  0.057 0.901 0.041 
939    (0)   :  0.078 0.860 0.063 
940    (0)   :  0.040 0.880 0.080 
941    (0)   :  0.016 0.848 0.136 
942    (0)   :  0.093 0.804 0.103 
943    (0)   :  0.120 0.825 0.056 
944    (0)   :  0.042 0.901 0.057 
945    (0)   :  0.027 0.886 0.087 
946    (0)   :  0.022 0.912 0.066 
947    (0)   :  0.061 0.893 0.046 
948    (0)   :  0.012 0.821 0.167 
949    (0)   :  0.012 0.757 0.231 
950    (0)   :  0.029 0.927 0.043 
951    (0)   :  0.042 0.887 0.071 
952    (0)   :  0.018 0.919 0.063 
953    (0)   :  0.022 0.820 0.158 
954    (0)   :  0.022 0.834 0.144 
955    (0)   :  0.786 0.162 0.052 
956    (0)   :  0.642 0.308 0.051 
957    (0)   :  0.190 0.671 0.139 
958    (0)   :  0.035 0.650 0.315 
959    (0)   :  0.080 0.804 0.116 
960    (0)   :  0.062 0.278 0.660 
961    (0)   :  0.919 0.046 0.035 
962    (0)   :  0.020 0.924 0.056 
963    (0)   :  0.036 0.652 0.312 
964    (0)   :  0.080 0.225 0.696 
965    (0)   :  0.120 0.774 0.106 
966    (0)   :  0.076 0.791 0.133 
967    (0)   :  0.843 0.100 0.058 
968    (0)   :  0.028 0.897 0.075 
969    (0)   :  0.249 0.212 0.540 
970    (0)   :  0.706 0.219 0.075 
971    (0)   :  0.037 0.883 0.079 
972    (0)   :  0.122 0.632 0.246 
973    (0)   :  0.109 0.826 0.065 
974    (0)   :  0.050 0.583 0.367 
975    (0)   :  0.252 0.205 0.542 
976    (0)   :  0.037 0.885 0.077 
977    (0)   :  0.259 0.453 0.288 
978    (0)   :  0.075 0.840 0.085 
979    (0)   :  0.028 0.765 0.207 
980    (0)   :  0.121 0.783 0.096 
981    (0)   :  0.089 0.739 0.172 
982    (0)   :  0.024 0.249 0.727 
983    (0)   :  0.027 0.363 0.610 
984    (0)   :  0.724 0.107 0.169 
985    (0)   :  0.062 0.802 0.136 
986    (0)   :  0.046 0.472 0.482 
987    (0)   :  0.016 0.599 0.385 
988    (0)   :  0.012 0.054 0.934 
989    (0)   :  0.388 0.453 0.159 
990    (0)   :  0.055 0.229 0.716 
991    (0)   :  0.054 0.659 0.286 
992    (0)   :  0.013 0.873 0.114 
993    (0)   :  0.030 0.257 0.713 
994    (0)   :  0.066 0.841 0.092 
995    (0)   :  0.821 0.138 0.041 
996    (0)   :  0.024 0.114 0.862 
997    (0)   :  0.031 0.873 0.096 
998    (0)   :  0.024 0.531 0.445 
999    (0)   :  0.072 0.736 0.192 
1000    (0)   :  0.018 0.556 0.426 
1001    (0)   :  0.029 0.133 0.838 
1002    (0)   :  0.012 0.126 0.862 
1003    (0)   :  0.031 0.799 0.170 
1004    (0)   :  0.030 0.791 0.179 
1005    (0)   :  0.017 0.652 0.331 
1006    (0)   :  0.043 0.838 0.118 
1007    (0)   :  0.097 0.799 0.104 
1008    (0)   :  0.115 0.809 0.075 
1009    (0)   :  0.049 0.777 0.174 
1010    (0)   :  0.057 0.799 0.144 
1011    (0)   :  0.160 0.721 0.119 
1012    (0)   :  0.022 0.862 0.117 
1013    (0)   :  0.033 0.823 0.143 
1014    (0)   :  0.020 0.536 0.444 
1015    (0)   :  0.018 0.868 0.113 
1016    (0)   :  0.019 0.415 0.566 
1017    (0)   :  0.050 0.842 0.108 
1018    (0)   :  0.053 0.819 0.128 
1019    (0)   :  0.079 0.414 0.507 
1020    (0)   :  0.674 0.273 0.053 
1021    (0)   :  0.185 0.749 0.066 
1022    (0)   :  0.060 0.759 0.181 
1023    (0)   :  0.026 0.146 0.828 
1024    (0)   :  0.019 0.218 0.763 
1025    (0)   :  0.041 0.715 0.245 
1026    (0)   :  0.172 0.137 0.691 
1027    (0)   :  0.088 0.451 0.461 
1028    (0)   :  0.089 0.085 0.826 
1029    (0)   :  0.123 0.358 0.519 
1030    (0)   :  0.386 0.415 0.199 
1031    (0)   :  0.237 0.254 0.509 
1032    (0)   :  0.265 0.389 0.346 
1033    (0)   :  0.312 0.145 0.543 
1034    (0)   :  0.109 0.450 0.440 
1035    (0)   :  0.781 0.100 0.119 
1036    (0)   :  0.275 0.463 0.262 
1037    (0)   :  0.371 0.455 0.174 
1038    (0)   :  0.532 0.161 0.307 
1039    (0)   :  0.202 0.607 0.191 
1040    (0)   :  0.135 0.166 0.699 
1041    (0)   :  0.205 0.148 0.647 
1042    (0)   :  0.468 0.245 0.287 
1043    (0)   :  0.251 0.140 0.608 
1044    (0)   :  0.094 0.361 0.545 
1045    (0)   :  0.179 0.084 0.736 
1046    (0)   :  0.306 0.441 0.252 
1047    (0)   :  0.719 0.166 0.115 
1048    (0)   :  0.044 0.189 0.767 
1049    (0)   :  0.034 0.449 0.518 
1050    (0)   :  0.010 0.062 0.928 
1051    (0)   :  0.012 0.130 0.858 
1052    (0)   :  0.017 0.127 0.856 
1053    (0)   :  0.023 0.088 0.889 
1054    (0)   :  0.021 0.134 0.845 
1055    (0)   :  0.017 0.501 0.482 
1056    (0)   :  0.019 0.217 0.764 
1057    (0)   :  0.013 0.095 0.892 
1058    (0)   :  0.013 0.108 0.878 
1059    (0)   :  0.030 0.087 0.883 
1060    (0)   :  0.055 0.324 0.620 
1061    (0)   :  0.013 0.700 0.287 
1062    (0)   :  0.015 0.092 0.892 
1063    (0)   :  0.024 0.888 0.088 
1064    (0)   :  0.018 0.179 0.803 
1065    (0)   :  0.025 0.579 0.395 
1066    (0)   :  0.034 0.685 0.280 
1067    (0)   :  0.013 0.099 0.888 
1068    (0)   :  0.241 0.236 0.523 
1069    (0)   :  0.012 0.075 0.914 
1070    (0)   :  0.015 0.219 0.766 
1071    (0)   :  0.056 0.314 0.630 
1072    (0)   :  0.027 0.490 0.482 
1073    (0)   :  0.018 0.098 0.884 
1074    (0)   :  0.049 0.199 0.753 
1075    (0)   :  0.035 0.392 0.574 
1076    (0)   :  0.038 0.199 0.763 
1077    (0)   :  0.012 0.050 0.938 
1078    (0)   :  0.021 0.524 0.455 
1079    (0)   :  0.017 0.127 0.856 
1080    (0)   :  0.078 0.631 0.291 
1081    (0)   :  0.012 0.054 0.934 
1082    (0)   :  0.040 0.520 0.440 
1083    (0)   :  0.033 0.530 0.437 
1084    (0)   :  0.046 0.664 0.290 
1085    (0)   :  0.009 0.119 0.872 
1086    (0)   :  0.013 0.737 0.250 
1087    (0)   :  0.009 0.117 0.874 
1088    (0)   :  0.010 0.228 0.762 
1089    (0)   :  0.011 0.074 0.915 
1090    (0)   :  0.014 0.104 0.882 
1091    (0)   :  0.021 0.155 0.824 
1092    (0)   :  0.014 0.071 0.915 
1093    (0)   :  0.040 0.439 0.521 
1094    (0)   :  0.039 0.108 0.853 
