

----------------------------------------------------
STRUCTURE by Pritchard, Stephens and Donnelly (2000)
     and Falush, Stephens and Pritchard (2003)
       Code by Pritchard, Falush and Hubisz
             Version 2.3.4 (Jul 2012)
----------------------------------------------------



Command line arguments:   ./structure -K 9 -D 109013 -m brooktrout/mainparams -e brooktrout/extraparams -o brooktrout/250914_output/results_K9_rep13 
Input File:    brooktrout/brooktrout.txt

Run parameters:
   8454 individuals
   5 loci
   9 populations assumed
   50000 Burn-in period
   100000 Reps
RANDOMIZE turned off


--------------------------------------------
Overall proportion of membership of the
sample in each of the 9 clusters

Inferred Clusters
  1      2      3      4      5      6      7      8      9    
0.011  0.012  0.032  0.082  0.139  0.148  0.179  0.185  0.213  

--------------------------------------------

Allele-freq. divergence among pops (Net nucleotide distance),
computed using point estimates of P.

      1       2       3       4       5       6       7       8       9      
 1      -    0.1388  0.1147  0.1498  0.1436  0.1167  0.1072  0.0984  0.1378  
 2   0.1388     -    0.1591  0.1852  0.1846  0.1669  0.1775  0.1779  0.1456  
 3   0.1147  0.1591     -    0.1538  0.1306  0.0489  0.0760  0.0720  0.1604  
 4   0.1498  0.1852  0.1538     -    0.0922  0.1605  0.1164  0.1252  0.1286  
 5   0.1436  0.1846  0.1306  0.0922     -    0.1334  0.1548  0.1327  0.1299  
 6   0.1167  0.1669  0.0489  0.1605  0.1334     -    0.0693  0.0827  0.1448  
 7   0.1072  0.1775  0.0760  0.1164  0.1548  0.0693     -    0.0730  0.1681  
 8   0.0984  0.1779  0.0720  0.1252  0.1327  0.0827  0.0730     -    0.1813  
 9   0.1378  0.1456  0.1604  0.1286  0.1299  0.1448  0.1681  0.1813     -    

Average distances (expected heterozygosity) between individuals in same cluster:
cluster  1  : 0.8342 
cluster  2  : 0.7514 
cluster  3  : 0.7921 
cluster  4  : 0.7274 
cluster  5  : 0.7642 
cluster  6  : 0.7461 
cluster  7  : 0.7408 
cluster  8  : 0.7844 
cluster  9  : 0.6960 

--------------------------------------------
Estimated Ln Prob of Data   = -220654.7
Mean value of ln likelihood = -172103.5
Variance of ln likelihood   = 97102.3

Mean value of alpha_1       = 0.0474
Mean value of alpha_2       = 0.0513
Mean value of alpha_3       = 0.1376
Mean value of alpha_4       = 0.3689
Mean value of alpha_5       = 0.6290
Mean value of alpha_6       = 0.6701
Mean value of alpha_7       = 0.8008
Mean value of alpha_8       = 0.8276
Mean value of alpha_9       = 0.9288
Allele frequencies uncorrelated


Inferred ancestry of individuals:
     (%Miss) :  Inferred clusters
  1    (0)   :  0.006 0.011 0.016 0.040 0.118 0.314 0.148 0.124 0.223 
  2    (0)   :  0.005 0.004 0.015 0.363 0.096 0.081 0.155 0.168 0.113 
  3    (0)   :  0.007 0.005 0.025 0.052 0.150 0.144 0.314 0.097 0.205 
  4    (0)   :  0.013 0.020 0.028 0.055 0.124 0.087 0.123 0.124 0.426 
  5    (0)   :  0.007 0.009 0.016 0.160 0.122 0.102 0.228 0.232 0.124 
  6    (0)   :  0.006 0.006 0.018 0.059 0.068 0.123 0.443 0.137 0.141 
  7    (0)   :  0.007 0.005 0.047 0.036 0.065 0.137 0.247 0.345 0.112 
  8    (0)   :  0.020 0.143 0.026 0.054 0.088 0.119 0.211 0.119 0.220 
  9    (0)   :  0.009 0.005 0.020 0.171 0.100 0.138 0.229 0.158 0.170 
 10    (0)   :  0.008 0.111 0.019 0.050 0.063 0.164 0.270 0.165 0.150 
 11    (0)   :  0.005 0.005 0.021 0.038 0.062 0.274 0.172 0.317 0.106 
 12    (0)   :  0.006 0.005 0.016 0.139 0.110 0.094 0.209 0.237 0.184 
 13    (0)   :  0.007 0.005 0.020 0.083 0.109 0.118 0.256 0.228 0.174 
 14    (0)   :  0.005 0.017 0.020 0.118 0.225 0.131 0.216 0.101 0.167 
 15    (0)   :  0.007 0.006 0.032 0.080 0.127 0.126 0.165 0.166 0.291 
 16    (0)   :  0.005 0.005 0.019 0.038 0.098 0.262 0.289 0.149 0.135 
 17    (0)   :  0.010 0.006 0.017 0.064 0.135 0.116 0.334 0.148 0.170 
 18    (0)   :  0.011 0.006 0.027 0.212 0.094 0.162 0.212 0.092 0.184 
 19    (0)   :  0.006 0.004 0.017 0.083 0.067 0.142 0.374 0.154 0.153 
 20    (0)   :  0.006 0.005 0.030 0.086 0.115 0.133 0.192 0.252 0.180 
 21    (0)   :  0.006 0.010 0.018 0.090 0.170 0.193 0.154 0.113 0.246 
 22    (0)   :  0.008 0.005 0.015 0.050 0.095 0.152 0.379 0.113 0.183 
 23    (0)   :  0.011 0.014 0.030 0.110 0.206 0.099 0.150 0.112 0.268 
 24    (0)   :  0.005 0.005 0.017 0.049 0.102 0.298 0.161 0.124 0.240 
 25    (0)   :  0.006 0.006 0.025 0.074 0.085 0.104 0.367 0.242 0.091 
 26    (0)   :  0.009 0.005 0.019 0.080 0.101 0.165 0.223 0.156 0.241 
 27    (0)   :  0.007 0.005 0.017 0.048 0.153 0.159 0.291 0.150 0.171 
 28    (0)   :  0.006 0.048 0.029 0.069 0.083 0.187 0.155 0.138 0.286 
 29    (0)   :  0.004 0.004 0.020 0.081 0.140 0.138 0.175 0.292 0.145 
 30    (0)   :  0.006 0.004 0.015 0.065 0.118 0.215 0.315 0.120 0.143 
 31    (0)   :  0.013 0.119 0.018 0.069 0.144 0.155 0.148 0.213 0.121 
 32    (0)   :  0.005 0.011 0.022 0.113 0.099 0.095 0.314 0.103 0.238 
 33    (0)   :  0.006 0.004 0.024 0.057 0.134 0.167 0.241 0.153 0.215 
 34    (0)   :  0.009 0.117 0.026 0.040 0.063 0.108 0.285 0.243 0.109 
 35    (0)   :  0.018 0.004 0.013 0.071 0.267 0.133 0.239 0.143 0.112 
 36    (0)   :  0.005 0.007 0.041 0.053 0.288 0.307 0.102 0.094 0.104 
 37    (0)   :  0.007 0.005 0.019 0.114 0.179 0.116 0.201 0.123 0.236 
 38    (0)   :  0.006 0.004 0.133 0.056 0.117 0.261 0.122 0.208 0.092 
 39    (0)   :  0.009 0.005 0.024 0.060 0.180 0.186 0.180 0.225 0.131 
 40    (0)   :  0.004 0.005 0.017 0.065 0.407 0.115 0.168 0.085 0.134 
 41    (0)   :  0.009 0.007 0.022 0.039 0.360 0.149 0.165 0.163 0.087 
 42    (0)   :  0.005 0.005 0.029 0.033 0.219 0.234 0.082 0.103 0.290 
 43    (0)   :  0.008 0.010 0.022 0.064 0.402 0.082 0.158 0.118 0.137 
 44    (0)   :  0.008 0.004 0.013 0.055 0.441 0.076 0.214 0.106 0.084 
 45    (0)   :  0.006 0.004 0.027 0.108 0.217 0.281 0.093 0.174 0.090 
 46    (0)   :  0.011 0.005 0.018 0.055 0.205 0.109 0.310 0.160 0.127 
 47    (0)   :  0.022 0.011 0.017 0.105 0.129 0.153 0.263 0.148 0.153 
 48    (0)   :  0.010 0.004 0.014 0.063 0.469 0.070 0.197 0.084 0.088 
 49    (0)   :  0.011 0.005 0.017 0.054 0.233 0.198 0.167 0.177 0.138 
 50    (0)   :  0.011 0.041 0.036 0.057 0.123 0.105 0.334 0.176 0.115 
 51    (0)   :  0.004 0.006 0.033 0.044 0.485 0.184 0.077 0.084 0.084 
 52    (0)   :  0.012 0.004 0.019 0.036 0.181 0.202 0.178 0.219 0.149 
 53    (0)   :  0.008 0.015 0.062 0.047 0.138 0.238 0.231 0.131 0.130 
 54    (0)   :  0.011 0.005 0.013 0.180 0.210 0.109 0.150 0.164 0.159 
 55    (0)   :  0.008 0.004 0.016 0.088 0.441 0.078 0.142 0.106 0.117 
 56    (0)   :  0.008 0.004 0.022 0.086 0.314 0.126 0.195 0.097 0.148 
 57    (0)   :  0.020 0.013 0.021 0.051 0.075 0.134 0.248 0.158 0.280 
 58    (0)   :  0.006 0.005 0.020 0.072 0.306 0.185 0.110 0.170 0.126 
 59    (0)   :  0.007 0.004 0.042 0.064 0.218 0.238 0.111 0.184 0.132 
 60    (0)   :  0.004 0.011 0.024 0.056 0.394 0.146 0.106 0.096 0.163 
 61    (0)   :  0.004 0.005 0.013 0.186 0.344 0.080 0.082 0.121 0.165 
 62    (0)   :  0.029 0.005 0.019 0.107 0.130 0.142 0.189 0.215 0.165 
 63    (0)   :  0.004 0.005 0.026 0.089 0.222 0.149 0.146 0.178 0.181 
 64    (0)   :  0.008 0.004 0.025 0.102 0.101 0.192 0.290 0.173 0.105 
 65    (0)   :  0.007 0.005 0.022 0.106 0.098 0.096 0.221 0.354 0.091 
 66    (0)   :  0.005 0.012 0.028 0.176 0.160 0.099 0.124 0.181 0.216 
 67    (0)   :  0.006 0.004 0.016 0.152 0.358 0.080 0.143 0.139 0.102 
 68    (0)   :  0.008 0.005 0.041 0.054 0.228 0.261 0.098 0.157 0.148 
 69    (0)   :  0.009 0.255 0.068 0.051 0.084 0.192 0.116 0.138 0.088 
 70    (0)   :  0.004 0.011 0.034 0.045 0.304 0.204 0.114 0.151 0.133 
 71    (0)   :  0.007 0.007 0.039 0.073 0.287 0.222 0.110 0.175 0.080 
 72    (0)   :  0.006 0.007 0.021 0.052 0.190 0.288 0.221 0.119 0.095 
 73    (0)   :  0.007 0.008 0.021 0.147 0.295 0.112 0.105 0.211 0.093 
 74    (0)   :  0.004 0.004 0.039 0.055 0.246 0.295 0.103 0.091 0.162 
 75    (0)   :  0.006 0.009 0.025 0.067 0.290 0.266 0.086 0.078 0.174 
 76    (0)   :  0.006 0.005 0.025 0.076 0.305 0.103 0.179 0.185 0.116 
 77    (0)   :  0.006 0.004 0.040 0.061 0.244 0.218 0.106 0.230 0.092 
 78    (0)   :  0.007 0.005 0.108 0.057 0.207 0.218 0.109 0.192 0.098 
 79    (0)   :  0.005 0.005 0.030 0.087 0.069 0.140 0.247 0.288 0.128 
 80    (0)   :  0.005 0.006 0.028 0.099 0.073 0.102 0.106 0.137 0.444 
 81    (0)   :  0.005 0.006 0.039 0.113 0.059 0.129 0.121 0.172 0.357 
 82    (0)   :  0.005 0.005 0.020 0.071 0.233 0.109 0.139 0.218 0.199 
 83    (0)   :  0.005 0.007 0.051 0.098 0.102 0.149 0.169 0.148 0.272 
 84    (0)   :  0.005 0.006 0.031 0.076 0.074 0.149 0.183 0.212 0.265 
 85    (0)   :  0.005 0.007 0.028 0.077 0.090 0.163 0.210 0.122 0.297 
 86    (0)   :  0.008 0.005 0.018 0.144 0.205 0.104 0.194 0.201 0.121 
 87    (0)   :  0.005 0.015 0.085 0.079 0.108 0.153 0.149 0.277 0.130 
 88    (0)   :  0.005 0.005 0.029 0.079 0.100 0.130 0.124 0.217 0.311 
 89    (0)   :  0.006 0.015 0.026 0.163 0.079 0.129 0.117 0.162 0.303 
 90    (0)   :  0.005 0.005 0.035 0.096 0.075 0.122 0.142 0.367 0.153 
 91    (0)   :  0.005 0.007 0.031 0.063 0.093 0.141 0.140 0.107 0.416 
 92    (0)   :  0.005 0.005 0.026 0.089 0.098 0.152 0.181 0.254 0.190 
 93    (0)   :  0.005 0.029 0.015 0.053 0.080 0.099 0.101 0.098 0.521 
 94    (0)   :  0.004 0.006 0.159 0.040 0.085 0.193 0.148 0.251 0.114 
 95    (0)   :  0.005 0.005 0.043 0.087 0.077 0.108 0.104 0.318 0.253 
 96    (0)   :  0.005 0.006 0.014 0.095 0.361 0.081 0.086 0.121 0.230 
 97    (0)   :  0.006 0.005 0.025 0.085 0.202 0.308 0.093 0.088 0.188 
 98    (0)   :  0.004 0.005 0.015 0.091 0.285 0.140 0.178 0.150 0.133 
 99    (0)   :  0.005 0.006 0.032 0.109 0.064 0.132 0.159 0.252 0.242 
100    (0)   :  0.006 0.005 0.014 0.168 0.102 0.076 0.086 0.088 0.456 
101    (0)   :  0.006 0.052 0.051 0.104 0.141 0.147 0.134 0.216 0.149 
102    (0)   :  0.007 0.007 0.026 0.056 0.155 0.119 0.117 0.185 0.328 
103    (0)   :  0.006 0.025 0.027 0.345 0.080 0.081 0.119 0.177 0.140 
104    (0)   :  0.005 0.011 0.048 0.060 0.083 0.087 0.139 0.421 0.145 
105    (0)   :  0.007 0.030 0.025 0.106 0.099 0.079 0.107 0.370 0.177 
106    (0)   :  0.005 0.004 0.040 0.049 0.083 0.168 0.194 0.382 0.075 
107    (0)   :  0.006 0.016 0.041 0.183 0.100 0.083 0.124 0.287 0.159 
108    (0)   :  0.005 0.007 0.088 0.212 0.218 0.124 0.127 0.110 0.110 
109    (0)   :  0.015 0.009 0.027 0.061 0.100 0.157 0.133 0.422 0.076 
110    (0)   :  0.005 0.007 0.061 0.047 0.066 0.185 0.174 0.377 0.079 
111    (0)   :  0.007 0.008 0.052 0.079 0.079 0.071 0.108 0.484 0.113 
112    (0)   :  0.009 0.005 0.098 0.039 0.111 0.113 0.104 0.437 0.084 
113    (0)   :  0.006 0.009 0.027 0.226 0.143 0.136 0.161 0.161 0.131 
114    (0)   :  0.006 0.013 0.038 0.067 0.075 0.083 0.116 0.430 0.172 
115    (0)   :  0.006 0.005 0.030 0.053 0.205 0.082 0.147 0.347 0.126 
116    (0)   :  0.007 0.005 0.030 0.052 0.186 0.185 0.136 0.323 0.076 
117    (0)   :  0.008 0.010 0.030 0.042 0.085 0.171 0.144 0.414 0.096 
118    (0)   :  0.006 0.005 0.023 0.197 0.125 0.078 0.108 0.344 0.114 
119    (0)   :  0.004 0.007 0.023 0.076 0.311 0.103 0.105 0.133 0.238 
120    (0)   :  0.007 0.007 0.040 0.074 0.153 0.086 0.143 0.346 0.144 
121    (0)   :  0.013 0.012 0.036 0.054 0.223 0.106 0.127 0.341 0.088 
122    (0)   :  0.005 0.010 0.033 0.067 0.078 0.161 0.176 0.375 0.096 
123    (0)   :  0.005 0.009 0.079 0.085 0.099 0.123 0.139 0.338 0.123 
124    (0)   :  0.009 0.006 0.033 0.095 0.140 0.183 0.173 0.268 0.093 
125    (0)   :  0.007 0.007 0.030 0.044 0.105 0.313 0.176 0.219 0.099 
126    (0)   :  0.004 0.005 0.037 0.058 0.176 0.196 0.132 0.263 0.131 
127    (0)   :  0.005 0.005 0.159 0.084 0.094 0.064 0.099 0.375 0.115 
128    (0)   :  0.005 0.004 0.015 0.193 0.134 0.086 0.116 0.333 0.113 
129    (0)   :  0.008 0.020 0.031 0.219 0.097 0.078 0.123 0.342 0.083 
130    (0)   :  0.007 0.014 0.038 0.097 0.070 0.086 0.124 0.399 0.166 
131    (0)   :  0.010 0.017 0.084 0.066 0.122 0.235 0.150 0.242 0.076 
132    (0)   :  0.006 0.010 0.042 0.146 0.085 0.149 0.170 0.315 0.078 
133    (0)   :  0.009 0.013 0.057 0.170 0.116 0.084 0.139 0.283 0.129 
134    (0)   :  0.005 0.004 0.051 0.051 0.056 0.130 0.123 0.514 0.066 
135    (0)   :  0.007 0.005 0.015 0.056 0.247 0.110 0.078 0.092 0.389 
136    (0)   :  0.007 0.011 0.013 0.051 0.082 0.085 0.145 0.076 0.529 
137    (0)   :  0.005 0.012 0.014 0.041 0.067 0.091 0.088 0.130 0.551 
138    (0)   :  0.005 0.006 0.015 0.041 0.084 0.107 0.085 0.072 0.584 
139    (0)   :  0.006 0.011 0.015 0.228 0.164 0.125 0.114 0.090 0.247 
140    (0)   :  0.005 0.016 0.017 0.057 0.146 0.176 0.106 0.134 0.342 
141    (0)   :  0.007 0.048 0.016 0.062 0.094 0.133 0.177 0.079 0.383 
142    (0)   :  0.006 0.015 0.015 0.070 0.289 0.100 0.079 0.086 0.340 
143    (0)   :  0.004 0.005 0.012 0.044 0.072 0.073 0.075 0.071 0.645 
144    (0)   :  0.005 0.006 0.013 0.043 0.072 0.080 0.078 0.129 0.573 
145    (0)   :  0.009 0.012 0.015 0.063 0.137 0.147 0.185 0.083 0.351 
146    (0)   :  0.008 0.011 0.018 0.042 0.091 0.174 0.136 0.144 0.376 
147    (0)   :  0.005 0.009 0.012 0.038 0.064 0.081 0.085 0.072 0.634 
148    (0)   :  0.006 0.056 0.017 0.063 0.152 0.082 0.162 0.114 0.347 
149    (0)   :  0.006 0.205 0.014 0.066 0.173 0.147 0.089 0.077 0.223 
150    (0)   :  0.006 0.012 0.017 0.062 0.091 0.099 0.111 0.175 0.426 
151    (0)   :  0.005 0.005 0.014 0.054 0.088 0.087 0.090 0.098 0.558 
152    (0)   :  0.007 0.018 0.020 0.054 0.186 0.086 0.171 0.090 0.369 
153    (0)   :  0.005 0.013 0.016 0.038 0.126 0.146 0.098 0.091 0.467 
154    (0)   :  0.007 0.282 0.013 0.064 0.145 0.087 0.136 0.076 0.190 
155    (0)   :  0.005 0.006 0.015 0.050 0.073 0.071 0.089 0.093 0.598 
156    (0)   :  0.004 0.005 0.014 0.049 0.187 0.073 0.076 0.104 0.489 
157    (0)   :  0.004 0.011 0.021 0.046 0.063 0.097 0.108 0.143 0.507 
158    (0)   :  0.008 0.011 0.016 0.050 0.114 0.158 0.173 0.083 0.388 
159    (0)   :  0.007 0.113 0.013 0.051 0.067 0.081 0.085 0.073 0.510 
160    (0)   :  0.008 0.117 0.013 0.063 0.071 0.083 0.086 0.075 0.483 
161    (0)   :  0.005 0.010 0.017 0.050 0.110 0.187 0.111 0.102 0.408 
162    (0)   :  0.010 0.011 0.018 0.053 0.107 0.162 0.150 0.144 0.345 
163    (0)   :  0.005 0.006 0.014 0.042 0.108 0.075 0.078 0.087 0.586 
164    (0)   :  0.009 0.180 0.016 0.074 0.097 0.115 0.115 0.136 0.258 
165    (0)   :  0.006 0.006 0.015 0.048 0.086 0.089 0.091 0.176 0.484 
166    (0)   :  0.005 0.177 0.025 0.079 0.117 0.114 0.112 0.121 0.249 
167    (0)   :  0.010 0.365 0.014 0.033 0.065 0.076 0.153 0.097 0.186 
168    (0)   :  0.005 0.007 0.029 0.044 0.112 0.141 0.106 0.081 0.476 
169    (0)   :  0.010 0.011 0.025 0.042 0.098 0.289 0.157 0.082 0.288 
170    (0)   :  0.005 0.005 0.014 0.081 0.197 0.098 0.092 0.102 0.405 
171    (0)   :  0.006 0.010 0.020 0.069 0.122 0.108 0.152 0.096 0.418 
172    (0)   :  0.006 0.032 0.022 0.050 0.178 0.279 0.084 0.074 0.275 
173    (0)   :  0.007 0.010 0.013 0.078 0.079 0.076 0.089 0.074 0.576 
174    (0)   :  0.005 0.010 0.015 0.052 0.064 0.092 0.102 0.098 0.562 
175    (0)   :  0.006 0.005 0.013 0.047 0.102 0.073 0.138 0.072 0.545 
176    (0)   :  0.005 0.006 0.013 0.042 0.073 0.079 0.079 0.130 0.574 
177    (0)   :  0.006 0.012 0.023 0.044 0.079 0.169 0.121 0.147 0.399 
178    (0)   :  0.006 0.013 0.015 0.059 0.067 0.088 0.189 0.095 0.467 
179    (0)   :  0.005 0.027 0.012 0.057 0.063 0.076 0.089 0.072 0.598 
180    (0)   :  0.009 0.035 0.016 0.039 0.108 0.175 0.122 0.111 0.384 
181    (0)   :  0.007 0.010 0.015 0.075 0.148 0.148 0.105 0.081 0.411 
182    (0)   :  0.007 0.006 0.013 0.070 0.130 0.074 0.078 0.076 0.545 
183    (0)   :  0.005 0.009 0.012 0.059 0.079 0.082 0.091 0.072 0.591 
184    (0)   :  0.006 0.004 0.017 0.440 0.089 0.069 0.174 0.096 0.105 
185    (0)   :  0.004 0.005 0.011 0.051 0.187 0.065 0.067 0.069 0.541 
186    (0)   :  0.005 0.004 0.021 0.352 0.092 0.090 0.182 0.150 0.103 
187    (0)   :  0.004 0.006 0.014 0.348 0.083 0.074 0.114 0.099 0.257 
188    (0)   :  0.005 0.004 0.015 0.472 0.082 0.068 0.148 0.122 0.083 
189    (0)   :  0.005 0.006 0.029 0.119 0.141 0.135 0.212 0.090 0.264 
190    (0)   :  0.004 0.005 0.011 0.119 0.423 0.059 0.064 0.073 0.241 
191    (0)   :  0.004 0.005 0.012 0.499 0.073 0.071 0.116 0.102 0.118 
192    (0)   :  0.004 0.005 0.016 0.291 0.075 0.080 0.140 0.132 0.257 
193    (0)   :  0.005 0.005 0.014 0.169 0.153 0.105 0.169 0.133 0.246 
194    (0)   :  0.005 0.006 0.018 0.182 0.164 0.099 0.130 0.128 0.269 
195    (0)   :  0.004 0.005 0.011 0.336 0.149 0.073 0.074 0.071 0.276 
196    (0)   :  0.004 0.005 0.015 0.220 0.274 0.066 0.091 0.107 0.219 
197    (0)   :  0.006 0.006 0.018 0.163 0.114 0.105 0.217 0.153 0.219 
198    (0)   :  0.004 0.005 0.017 0.112 0.145 0.151 0.203 0.164 0.198 
199    (0)   :  0.005 0.005 0.017 0.116 0.397 0.088 0.088 0.103 0.181 
200    (0)   :  0.005 0.005 0.019 0.195 0.270 0.071 0.138 0.094 0.203 
201    (0)   :  0.004 0.005 0.012 0.225 0.107 0.068 0.091 0.084 0.403 
202    (0)   :  0.004 0.005 0.014 0.076 0.234 0.075 0.077 0.099 0.415 
203    (0)   :  0.005 0.005 0.013 0.296 0.086 0.056 0.080 0.076 0.382 
204    (0)   :  0.004 0.005 0.012 0.481 0.139 0.066 0.071 0.072 0.151 
205    (0)   :  0.005 0.005 0.015 0.388 0.162 0.086 0.100 0.100 0.140 
206    (0)   :  0.005 0.005 0.012 0.470 0.104 0.065 0.083 0.075 0.181 
207    (0)   :  0.005 0.004 0.014 0.371 0.201 0.067 0.085 0.118 0.136 
208    (0)   :  0.005 0.005 0.012 0.308 0.140 0.068 0.088 0.098 0.277 
209    (0)   :  0.005 0.005 0.013 0.327 0.131 0.084 0.133 0.121 0.181 
210    (0)   :  0.004 0.005 0.013 0.470 0.093 0.066 0.088 0.092 0.169 
211    (0)   :  0.007 0.004 0.015 0.082 0.330 0.060 0.091 0.167 0.245 
212    (0)   :  0.004 0.005 0.012 0.088 0.171 0.096 0.118 0.083 0.423 
213    (0)   :  0.005 0.005 0.023 0.135 0.260 0.143 0.098 0.158 0.174 
214    (0)   :  0.005 0.004 0.012 0.157 0.135 0.066 0.093 0.085 0.442 
215    (0)   :  0.005 0.005 0.015 0.452 0.133 0.066 0.096 0.117 0.111 
216    (0)   :  0.007 0.004 0.017 0.271 0.125 0.091 0.229 0.114 0.143 
217    (0)   :  0.004 0.005 0.015 0.227 0.145 0.071 0.097 0.079 0.357 
218    (0)   :  0.005 0.004 0.017 0.464 0.087 0.081 0.097 0.101 0.144 
219    (0)   :  0.007 0.006 0.020 0.182 0.103 0.096 0.212 0.094 0.280 
220    (0)   :  0.004 0.004 0.012 0.558 0.082 0.061 0.079 0.086 0.113 
221    (0)   :  0.005 0.004 0.011 0.072 0.264 0.069 0.074 0.068 0.433 
222    (0)   :  0.006 0.005 0.017 0.219 0.101 0.102 0.253 0.113 0.185 
223    (0)   :  0.004 0.006 0.016 0.190 0.102 0.092 0.142 0.109 0.338 
224    (0)   :  0.005 0.006 0.012 0.342 0.090 0.064 0.088 0.077 0.317 
225    (0)   :  0.005 0.005 0.013 0.385 0.157 0.083 0.095 0.090 0.168 
226    (0)   :  0.006 0.006 0.054 0.302 0.100 0.113 0.143 0.100 0.176 
227    (0)   :  0.004 0.007 0.014 0.182 0.276 0.075 0.079 0.110 0.253 
228    (0)   :  0.005 0.005 0.011 0.260 0.240 0.070 0.069 0.072 0.268 
229    (0)   :  0.004 0.005 0.012 0.393 0.064 0.063 0.087 0.078 0.294 
230    (0)   :  0.005 0.004 0.012 0.449 0.073 0.060 0.081 0.077 0.239 
231    (0)   :  0.004 0.005 0.012 0.357 0.072 0.075 0.130 0.090 0.255 
232    (0)   :  0.005 0.005 0.020 0.137 0.167 0.192 0.100 0.117 0.256 
233    (0)   :  0.005 0.005 0.013 0.158 0.095 0.062 0.096 0.083 0.484 
234    (0)   :  0.004 0.005 0.015 0.219 0.088 0.090 0.203 0.142 0.234 
235    (0)   :  0.005 0.005 0.017 0.199 0.156 0.098 0.123 0.106 0.291 
236    (0)   :  0.005 0.004 0.014 0.220 0.097 0.074 0.125 0.100 0.361 
237    (0)   :  0.005 0.005 0.013 0.327 0.200 0.080 0.103 0.116 0.152 
238    (0)   :  0.004 0.004 0.015 0.138 0.124 0.074 0.112 0.109 0.420 
239    (0)   :  0.004 0.005 0.011 0.336 0.149 0.073 0.074 0.070 0.277 
240    (0)   :  0.004 0.004 0.015 0.136 0.125 0.075 0.113 0.110 0.417 
241    (0)   :  0.006 0.005 0.014 0.128 0.176 0.097 0.092 0.086 0.397 
242    (0)   :  0.005 0.005 0.018 0.377 0.111 0.089 0.140 0.078 0.177 
243    (0)   :  0.005 0.004 0.012 0.229 0.301 0.058 0.076 0.088 0.227 
244    (0)   :  0.005 0.004 0.012 0.366 0.086 0.060 0.082 0.076 0.310 
245    (0)   :  0.004 0.005 0.014 0.079 0.143 0.080 0.087 0.089 0.499 
246    (0)   :  0.004 0.005 0.014 0.228 0.144 0.072 0.096 0.080 0.357 
247    (0)   :  0.004 0.005 0.024 0.264 0.122 0.134 0.148 0.201 0.098 
248    (0)   :  0.004 0.004 0.015 0.343 0.170 0.076 0.110 0.162 0.116 
249    (0)   :  0.005 0.005 0.013 0.275 0.115 0.066 0.092 0.090 0.339 
250    (0)   :  0.005 0.005 0.014 0.349 0.079 0.072 0.113 0.100 0.263 
251    (0)   :  0.005 0.005 0.027 0.222 0.160 0.096 0.203 0.121 0.160 
252    (0)   :  0.004 0.005 0.014 0.325 0.134 0.093 0.105 0.093 0.226 
253    (0)   :  0.004 0.005 0.024 0.151 0.245 0.121 0.139 0.168 0.144 
254    (0)   :  0.006 0.005 0.014 0.291 0.108 0.081 0.200 0.102 0.193 
255    (0)   :  0.004 0.005 0.013 0.264 0.106 0.092 0.152 0.128 0.235 
256    (0)   :  0.005 0.005 0.014 0.229 0.183 0.083 0.103 0.093 0.285 
257    (0)   :  0.010 0.007 0.019 0.308 0.154 0.087 0.112 0.118 0.186 
258    (0)   :  0.004 0.005 0.015 0.131 0.248 0.097 0.147 0.171 0.181 
259    (0)   :  0.005 0.005 0.014 0.381 0.101 0.071 0.113 0.099 0.209 
260    (0)   :  0.006 0.004 0.015 0.146 0.081 0.077 0.231 0.104 0.336 
261    (0)   :  0.004 0.005 0.013 0.196 0.175 0.095 0.105 0.089 0.318 
262    (0)   :  0.005 0.005 0.013 0.155 0.304 0.070 0.075 0.070 0.303 
263    (0)   :  0.006 0.004 0.013 0.485 0.099 0.059 0.122 0.083 0.127 
264    (0)   :  0.008 0.004 0.015 0.164 0.123 0.106 0.357 0.129 0.092 
265    (0)   :  0.004 0.005 0.016 0.338 0.100 0.084 0.128 0.108 0.218 
266    (0)   :  0.005 0.005 0.012 0.083 0.209 0.070 0.074 0.069 0.474 
267    (0)   :  0.004 0.005 0.014 0.159 0.157 0.085 0.144 0.149 0.282 
268    (0)   :  0.004 0.005 0.015 0.222 0.273 0.065 0.090 0.107 0.219 
269    (0)   :  0.004 0.005 0.022 0.232 0.089 0.090 0.219 0.095 0.243 
270    (0)   :  0.007 0.009 0.018 0.302 0.117 0.099 0.196 0.114 0.137 
271    (0)   :  0.005 0.005 0.017 0.277 0.191 0.086 0.121 0.146 0.153 
272    (0)   :  0.006 0.005 0.056 0.274 0.162 0.101 0.124 0.114 0.156 
273    (0)   :  0.021 0.037 0.036 0.209 0.097 0.115 0.148 0.125 0.212 
274    (0)   :  0.005 0.005 0.020 0.319 0.115 0.099 0.147 0.120 0.171 
275    (0)   :  0.007 0.019 0.021 0.384 0.092 0.086 0.139 0.089 0.162 
276    (0)   :  0.006 0.005 0.043 0.212 0.242 0.103 0.114 0.126 0.148 
277    (0)   :  0.004 0.005 0.016 0.246 0.096 0.101 0.148 0.107 0.275 
278    (0)   :  0.005 0.004 0.016 0.355 0.188 0.067 0.100 0.118 0.146 
279    (0)   :  0.005 0.005 0.016 0.314 0.113 0.094 0.135 0.108 0.210 
280    (0)   :  0.005 0.005 0.021 0.258 0.133 0.136 0.146 0.097 0.200 
281    (0)   :  0.005 0.005 0.019 0.291 0.123 0.115 0.123 0.144 0.175 
282    (0)   :  0.004 0.005 0.014 0.158 0.077 0.078 0.137 0.101 0.426 
283    (0)   :  0.004 0.005 0.014 0.177 0.088 0.064 0.096 0.093 0.459 
284    (0)   :  0.005 0.010 0.017 0.168 0.128 0.084 0.148 0.152 0.288 
285    (0)   :  0.005 0.004 0.016 0.327 0.206 0.106 0.112 0.141 0.083 
286    (0)   :  0.005 0.004 0.012 0.364 0.085 0.060 0.082 0.076 0.311 
287    (0)   :  0.005 0.005 0.023 0.235 0.101 0.126 0.146 0.135 0.225 
288    (0)   :  0.005 0.005 0.033 0.470 0.081 0.083 0.108 0.090 0.125 
289    (0)   :  0.007 0.007 0.032 0.375 0.122 0.075 0.127 0.138 0.118 
290    (0)   :  0.008 0.004 0.015 0.161 0.249 0.109 0.169 0.107 0.178 
291    (0)   :  0.005 0.005 0.017 0.275 0.188 0.086 0.122 0.146 0.155 
292    (0)   :  0.004 0.005 0.021 0.152 0.229 0.154 0.122 0.087 0.225 
293    (0)   :  0.006 0.004 0.015 0.084 0.265 0.124 0.239 0.134 0.131 
294    (0)   :  0.006 0.005 0.014 0.460 0.143 0.068 0.117 0.077 0.110 
295    (0)   :  0.007 0.017 0.038 0.143 0.256 0.119 0.136 0.135 0.149 
296    (0)   :  0.005 0.004 0.018 0.436 0.131 0.072 0.088 0.114 0.132 
297    (0)   :  0.004 0.005 0.020 0.353 0.099 0.134 0.143 0.100 0.143 
298    (0)   :  0.004 0.005 0.014 0.269 0.067 0.078 0.132 0.106 0.325 
299    (0)   :  0.006 0.005 0.013 0.492 0.072 0.065 0.135 0.083 0.129 
300    (0)   :  0.004 0.004 0.014 0.493 0.110 0.100 0.089 0.083 0.102 
301    (0)   :  0.006 0.009 0.017 0.318 0.108 0.084 0.227 0.096 0.135 
302    (0)   :  0.008 0.010 0.016 0.330 0.236 0.070 0.127 0.083 0.119 
303    (0)   :  0.005 0.005 0.014 0.278 0.099 0.111 0.103 0.083 0.302 
304    (0)   :  0.006 0.009 0.018 0.083 0.067 0.105 0.221 0.130 0.362 
305    (0)   :  0.005 0.011 0.013 0.386 0.150 0.079 0.082 0.069 0.203 
306    (0)   :  0.005 0.005 0.017 0.187 0.137 0.086 0.118 0.087 0.358 
307    (0)   :  0.006 0.006 0.017 0.209 0.124 0.091 0.150 0.110 0.288 
308    (0)   :  0.004 0.005 0.014 0.194 0.175 0.096 0.104 0.089 0.320 
309    (0)   :  0.010 0.013 0.021 0.493 0.097 0.061 0.088 0.109 0.107 
310    (0)   :  0.004 0.005 0.012 0.277 0.192 0.066 0.086 0.083 0.276 
311    (0)   :  0.005 0.004 0.012 0.450 0.074 0.060 0.081 0.077 0.237 
312    (0)   :  0.004 0.004 0.013 0.505 0.115 0.059 0.079 0.105 0.115 
313    (0)   :  0.005 0.005 0.014 0.307 0.301 0.070 0.088 0.101 0.107 
314    (0)   :  0.005 0.046 0.015 0.045 0.118 0.081 0.078 0.070 0.542 
315    (0)   :  0.004 0.045 0.019 0.041 0.121 0.093 0.099 0.072 0.505 
316    (0)   :  0.007 0.129 0.028 0.046 0.072 0.100 0.113 0.078 0.427 
317    (0)   :  0.005 0.045 0.015 0.041 0.069 0.076 0.081 0.073 0.594 
318    (0)   :  0.005 0.123 0.015 0.040 0.054 0.079 0.088 0.072 0.525 
319    (0)   :  0.005 0.005 0.012 0.044 0.073 0.073 0.075 0.072 0.642 
320    (0)   :  0.005 0.046 0.014 0.044 0.118 0.080 0.077 0.070 0.544 
321    (0)   :  0.005 0.114 0.015 0.040 0.066 0.086 0.089 0.073 0.511 
322    (0)   :  0.007 0.040 0.029 0.049 0.113 0.098 0.104 0.079 0.480 
323    (0)   :  0.013 0.039 0.014 0.044 0.057 0.074 0.087 0.073 0.599 
324    (0)   :  0.005 0.114 0.015 0.040 0.066 0.086 0.089 0.073 0.512 
325    (0)   :  0.005 0.185 0.025 0.039 0.067 0.092 0.106 0.076 0.405 
326    (0)   :  0.006 0.395 0.020 0.042 0.065 0.085 0.097 0.076 0.213 
327    (0)   :  0.005 0.046 0.015 0.041 0.070 0.077 0.081 0.073 0.592 
328    (0)   :  0.005 0.044 0.021 0.046 0.098 0.100 0.108 0.077 0.502 
329    (0)   :  0.005 0.009 0.012 0.038 0.053 0.075 0.083 0.070 0.656 
330    (0)   :  0.005 0.045 0.016 0.041 0.070 0.077 0.081 0.072 0.594 
331    (0)   :  0.005 0.026 0.012 0.044 0.055 0.077 0.082 0.070 0.628 
332    (0)   :  0.007 0.385 0.020 0.041 0.064 0.086 0.101 0.077 0.218 
333    (0)   :  0.006 0.290 0.020 0.053 0.075 0.089 0.095 0.077 0.295 
334    (0)   :  0.005 0.045 0.021 0.046 0.100 0.099 0.107 0.078 0.499 
335    (0)   :  0.004 0.015 0.021 0.039 0.102 0.087 0.097 0.075 0.559 
336    (0)   :  0.007 0.330 0.014 0.046 0.088 0.085 0.084 0.070 0.276 
337    (0)   :  0.005 0.167 0.025 0.040 0.091 0.100 0.107 0.077 0.388 
338    (0)   :  0.005 0.339 0.013 0.042 0.053 0.081 0.089 0.073 0.304 
339    (0)   :  0.005 0.026 0.012 0.043 0.055 0.077 0.083 0.071 0.629 
340    (0)   :  0.004 0.010 0.012 0.044 0.059 0.068 0.075 0.070 0.658 
341    (0)   :  0.010 0.157 0.014 0.049 0.060 0.078 0.082 0.073 0.478 
342    (0)   :  0.005 0.044 0.015 0.041 0.070 0.077 0.082 0.073 0.592 
343    (0)   :  0.011 0.051 0.022 0.042 0.167 0.091 0.101 0.075 0.440 
344    (0)   :  0.005 0.027 0.012 0.038 0.052 0.076 0.083 0.070 0.636 
345    (0)   :  0.005 0.044 0.015 0.041 0.070 0.077 0.081 0.072 0.594 
346    (0)   :  0.005 0.049 0.015 0.040 0.057 0.073 0.080 0.071 0.610 
347    (0)   :  0.005 0.010 0.012 0.038 0.056 0.068 0.075 0.069 0.667 
348    (0)   :  0.004 0.015 0.019 0.042 0.177 0.085 0.088 0.072 0.497 
349    (0)   :  0.005 0.045 0.015 0.041 0.071 0.077 0.081 0.073 0.592 
350    (0)   :  0.005 0.009 0.012 0.048 0.091 0.082 0.080 0.069 0.604 
351    (0)   :  0.005 0.015 0.021 0.039 0.102 0.087 0.098 0.076 0.558 
352    (0)   :  0.005 0.070 0.029 0.042 0.102 0.094 0.100 0.078 0.479 
353    (0)   :  0.007 0.332 0.013 0.047 0.087 0.083 0.084 0.071 0.275 
354    (0)   :  0.007 0.047 0.015 0.044 0.056 0.081 0.087 0.073 0.589 
355    (0)   :  0.005 0.125 0.015 0.040 0.053 0.080 0.088 0.072 0.523 
356    (0)   :  0.004 0.006 0.018 0.042 0.185 0.084 0.089 0.072 0.500 
357    (0)   :  0.004 0.007 0.025 0.047 0.075 0.120 0.229 0.094 0.399 
358    (0)   :  0.005 0.266 0.019 0.041 0.068 0.088 0.101 0.075 0.337 
359    (0)   :  0.005 0.214 0.013 0.049 0.058 0.082 0.085 0.073 0.421 
360    (0)   :  0.006 0.047 0.015 0.041 0.057 0.073 0.080 0.071 0.611 
361    (0)   :  0.004 0.006 0.025 0.049 0.103 0.126 0.229 0.095 0.363 
362    (0)   :  0.006 0.013 0.039 0.185 0.091 0.198 0.215 0.136 0.117 
363    (0)   :  0.006 0.007 0.045 0.088 0.097 0.170 0.289 0.206 0.093 
364    (0)   :  0.013 0.010 0.021 0.057 0.115 0.106 0.273 0.144 0.261 
365    (0)   :  0.016 0.009 0.032 0.064 0.086 0.257 0.289 0.140 0.107 
366    (0)   :  0.006 0.007 0.024 0.089 0.216 0.134 0.259 0.104 0.161 
367    (0)   :  0.005 0.005 0.074 0.050 0.058 0.207 0.177 0.345 0.079 
368    (0)   :  0.005 0.005 0.020 0.118 0.079 0.127 0.186 0.332 0.127 
369    (0)   :  0.007 0.016 0.019 0.059 0.281 0.097 0.246 0.107 0.167 
370    (0)   :  0.010 0.018 0.038 0.162 0.094 0.101 0.179 0.277 0.122 
371    (0)   :  0.009 0.019 0.022 0.125 0.119 0.102 0.333 0.124 0.149 
372    (0)   :  0.033 0.025 0.048 0.242 0.102 0.110 0.115 0.183 0.142 
373    (0)   :  0.005 0.005 0.045 0.074 0.089 0.147 0.182 0.273 0.179 
374    (0)   :  0.008 0.007 0.032 0.075 0.094 0.129 0.224 0.177 0.254 
375    (0)   :  0.014 0.009 0.030 0.090 0.061 0.137 0.344 0.223 0.093 
376    (0)   :  0.085 0.007 0.030 0.036 0.064 0.211 0.337 0.143 0.089 
377    (0)   :  0.007 0.020 0.028 0.088 0.130 0.178 0.223 0.201 0.126 
378    (0)   :  0.005 0.015 0.129 0.057 0.085 0.106 0.108 0.267 0.227 
379    (0)   :  0.153 0.009 0.041 0.049 0.072 0.158 0.286 0.153 0.079 
380    (0)   :  0.009 0.010 0.035 0.066 0.108 0.344 0.162 0.091 0.175 
381    (0)   :  0.009 0.006 0.017 0.042 0.160 0.229 0.302 0.082 0.153 
382    (0)   :  0.004 0.009 0.024 0.053 0.059 0.107 0.478 0.164 0.102 
383    (0)   :  0.009 0.191 0.043 0.083 0.062 0.216 0.188 0.094 0.114 
384    (0)   :  0.039 0.062 0.036 0.066 0.060 0.168 0.286 0.134 0.149 
385    (0)   :  0.020 0.137 0.015 0.054 0.065 0.105 0.192 0.267 0.144 
386    (0)   :  0.004 0.005 0.032 0.060 0.077 0.200 0.323 0.204 0.096 
387    (0)   :  0.004 0.005 0.025 0.045 0.078 0.202 0.298 0.225 0.118 
388    (0)   :  0.015 0.013 0.023 0.075 0.064 0.142 0.219 0.215 0.234 
389    (0)   :  0.014 0.020 0.020 0.118 0.270 0.084 0.159 0.209 0.107 
390    (0)   :  0.016 0.017 0.066 0.057 0.130 0.259 0.154 0.213 0.088 
391    (0)   :  0.015 0.012 0.033 0.067 0.161 0.133 0.137 0.296 0.145 
392    (0)   :  0.006 0.005 0.028 0.061 0.086 0.258 0.221 0.161 0.174 
393    (0)   :  0.007 0.007 0.028 0.043 0.089 0.473 0.128 0.090 0.136 
394    (0)   :  0.005 0.017 0.043 0.065 0.082 0.189 0.164 0.181 0.253 
395    (0)   :  0.004 0.004 0.034 0.146 0.141 0.246 0.133 0.181 0.111 
396    (0)   :  0.005 0.004 0.023 0.064 0.068 0.144 0.329 0.280 0.082 
397    (0)   :  0.053 0.006 0.017 0.199 0.108 0.095 0.236 0.099 0.189 
398    (0)   :  0.034 0.005 0.058 0.039 0.069 0.341 0.154 0.213 0.086 
399    (0)   :  0.005 0.011 0.091 0.062 0.111 0.138 0.134 0.344 0.104 
400    (0)   :  0.006 0.005 0.044 0.039 0.087 0.164 0.323 0.198 0.135 
401    (0)   :  0.004 0.005 0.042 0.046 0.142 0.205 0.112 0.304 0.140 
402    (0)   :  0.006 0.006 0.028 0.060 0.161 0.184 0.188 0.229 0.138 
403    (0)   :  0.007 0.006 0.019 0.067 0.089 0.162 0.134 0.171 0.345 
404    (0)   :  0.008 0.004 0.016 0.117 0.077 0.161 0.256 0.198 0.162 
405    (0)   :  0.004 0.005 0.030 0.097 0.121 0.209 0.255 0.136 0.142 
406    (0)   :  0.004 0.005 0.137 0.072 0.176 0.216 0.112 0.087 0.191 
407    (0)   :  0.004 0.004 0.036 0.052 0.063 0.336 0.279 0.143 0.081 
408    (0)   :  0.004 0.004 0.041 0.076 0.211 0.128 0.101 0.359 0.075 
409    (0)   :  0.010 0.009 0.036 0.045 0.174 0.280 0.101 0.099 0.247 
410    (0)   :  0.063 0.008 0.060 0.056 0.090 0.223 0.172 0.191 0.136 
411    (0)   :  0.011 0.025 0.025 0.043 0.129 0.133 0.348 0.125 0.161 
412    (0)   :  0.005 0.006 0.031 0.113 0.076 0.128 0.254 0.272 0.117 
413    (0)   :  0.005 0.014 0.028 0.085 0.074 0.151 0.189 0.248 0.206 
414    (0)   :  0.005 0.009 0.029 0.139 0.063 0.097 0.277 0.301 0.080 
415    (0)   :  0.005 0.004 0.033 0.054 0.154 0.205 0.292 0.148 0.105 
416    (0)   :  0.006 0.005 0.029 0.059 0.131 0.246 0.167 0.222 0.135 
417    (0)   :  0.005 0.006 0.096 0.066 0.068 0.303 0.205 0.159 0.092 
418    (0)   :  0.006 0.005 0.036 0.067 0.058 0.146 0.242 0.346 0.095 
419    (0)   :  0.011 0.009 0.027 0.060 0.096 0.248 0.152 0.170 0.226 
420    (0)   :  0.004 0.004 0.045 0.045 0.229 0.203 0.117 0.264 0.088 
421    (0)   :  0.005 0.007 0.044 0.089 0.075 0.300 0.143 0.240 0.096 
422    (0)   :  0.006 0.005 0.025 0.121 0.152 0.358 0.110 0.119 0.104 
423    (0)   :  0.007 0.005 0.031 0.112 0.095 0.159 0.297 0.153 0.141 
424    (0)   :  0.007 0.008 0.039 0.041 0.160 0.167 0.153 0.288 0.137 
425    (0)   :  0.026 0.008 0.023 0.071 0.085 0.163 0.282 0.170 0.171 
426    (0)   :  0.029 0.033 0.076 0.059 0.089 0.139 0.191 0.238 0.145 
427    (0)   :  0.005 0.012 0.061 0.035 0.060 0.322 0.181 0.163 0.161 
428    (0)   :  0.017 0.007 0.063 0.071 0.123 0.311 0.111 0.102 0.196 
429    (0)   :  0.005 0.004 0.042 0.055 0.058 0.207 0.343 0.207 0.079 
430    (0)   :  0.005 0.006 0.043 0.067 0.069 0.435 0.161 0.129 0.087 
431    (0)   :  0.011 0.014 0.041 0.104 0.090 0.108 0.206 0.272 0.155 
432    (0)   :  0.005 0.005 0.026 0.078 0.095 0.156 0.184 0.313 0.137 
433    (0)   :  0.008 0.007 0.018 0.073 0.122 0.098 0.161 0.170 0.342 
434    (0)   :  0.005 0.006 0.018 0.098 0.119 0.168 0.288 0.136 0.162 
435    (0)   :  0.004 0.005 0.079 0.037 0.075 0.377 0.167 0.171 0.084 
436    (0)   :  0.006 0.005 0.206 0.027 0.090 0.244 0.164 0.136 0.121 
437    (0)   :  0.006 0.005 0.021 0.045 0.073 0.138 0.493 0.123 0.095 
438    (0)   :  0.005 0.007 0.102 0.039 0.149 0.324 0.101 0.155 0.118 
439    (0)   :  0.004 0.005 0.095 0.031 0.060 0.447 0.139 0.120 0.099 
440    (0)   :  0.004 0.004 0.155 0.042 0.066 0.272 0.220 0.163 0.073 
441    (0)   :  0.005 0.007 0.034 0.042 0.080 0.387 0.186 0.120 0.140 
442    (0)   :  0.006 0.004 0.018 0.042 0.107 0.181 0.271 0.277 0.092 
443    (0)   :  0.004 0.005 0.116 0.037 0.192 0.191 0.129 0.248 0.078 
444    (0)   :  0.007 0.005 0.024 0.040 0.125 0.189 0.296 0.224 0.091 
445    (0)   :  0.034 0.006 0.023 0.042 0.120 0.410 0.118 0.094 0.154 
446    (0)   :  0.039 0.006 0.076 0.030 0.056 0.346 0.132 0.224 0.091 
447    (0)   :  0.006 0.006 0.098 0.036 0.115 0.293 0.132 0.172 0.142 
448    (0)   :  0.004 0.005 0.033 0.045 0.086 0.317 0.237 0.177 0.096 
449    (0)   :  0.005 0.005 0.033 0.051 0.090 0.305 0.235 0.143 0.132 
450    (0)   :  0.006 0.006 0.019 0.037 0.051 0.290 0.306 0.147 0.138 
451    (0)   :  0.005 0.005 0.034 0.051 0.097 0.124 0.205 0.405 0.075 
452    (0)   :  0.005 0.005 0.036 0.040 0.059 0.300 0.257 0.161 0.137 
453    (0)   :  0.004 0.005 0.022 0.052 0.327 0.214 0.103 0.168 0.104 
454    (0)   :  0.005 0.013 0.046 0.053 0.081 0.238 0.310 0.121 0.133 
455    (0)   :  0.004 0.006 0.108 0.031 0.102 0.362 0.146 0.159 0.082 
456    (0)   :  0.005 0.005 0.042 0.037 0.202 0.240 0.223 0.163 0.083 
457    (0)   :  0.006 0.005 0.032 0.038 0.074 0.276 0.343 0.126 0.100 
458    (0)   :  0.036 0.006 0.037 0.038 0.064 0.442 0.148 0.134 0.096 
459    (0)   :  0.004 0.006 0.045 0.029 0.068 0.374 0.146 0.169 0.159 
460    (0)   :  0.004 0.005 0.052 0.032 0.067 0.370 0.166 0.219 0.085 
461    (0)   :  0.006 0.005 0.050 0.031 0.051 0.239 0.224 0.303 0.091 
462    (0)   :  0.010 0.006 0.024 0.074 0.106 0.289 0.213 0.212 0.067 
463    (0)   :  0.004 0.006 0.105 0.063 0.230 0.285 0.112 0.095 0.100 
464    (0)   :  0.004 0.005 0.050 0.033 0.122 0.309 0.144 0.250 0.082 
465    (0)   :  0.006 0.005 0.026 0.044 0.097 0.308 0.151 0.270 0.093 
466    (0)   :  0.004 0.005 0.038 0.047 0.191 0.282 0.138 0.212 0.083 
467    (0)   :  0.005 0.007 0.030 0.071 0.102 0.382 0.171 0.123 0.110 
468    (0)   :  0.005 0.005 0.121 0.036 0.124 0.295 0.227 0.106 0.081 
469    (0)   :  0.004 0.005 0.184 0.028 0.055 0.428 0.112 0.098 0.085 
470    (0)   :  0.004 0.005 0.136 0.032 0.064 0.351 0.135 0.186 0.087 
471    (0)   :  0.006 0.004 0.034 0.074 0.189 0.203 0.192 0.202 0.095 
472    (0)   :  0.006 0.005 0.018 0.043 0.135 0.322 0.206 0.176 0.089 
473    (0)   :  0.005 0.006 0.032 0.063 0.109 0.248 0.266 0.141 0.131 
474    (0)   :  0.005 0.005 0.032 0.044 0.100 0.312 0.229 0.151 0.123 
475    (0)   :  0.005 0.005 0.029 0.046 0.093 0.286 0.145 0.245 0.146 
476    (0)   :  0.006 0.005 0.033 0.034 0.101 0.251 0.354 0.123 0.093 
477    (0)   :  0.006 0.006 0.032 0.031 0.126 0.213 0.165 0.298 0.123 
478    (0)   :  0.007 0.006 0.051 0.029 0.069 0.188 0.121 0.445 0.084 
479    (0)   :  0.004 0.005 0.045 0.032 0.064 0.294 0.304 0.167 0.085 
480    (0)   :  0.005 0.005 0.046 0.035 0.065 0.251 0.386 0.112 0.095 
481    (0)   :  0.005 0.004 0.018 0.095 0.103 0.239 0.235 0.206 0.094 
482    (0)   :  0.005 0.004 0.039 0.033 0.059 0.245 0.357 0.172 0.085 
483    (0)   :  0.005 0.006 0.140 0.032 0.062 0.365 0.135 0.152 0.102 
484    (0)   :  0.005 0.006 0.082 0.045 0.154 0.388 0.106 0.123 0.091 
485    (0)   :  0.005 0.006 0.254 0.033 0.062 0.322 0.106 0.129 0.085 
486    (0)   :  0.010 0.006 0.030 0.078 0.281 0.081 0.217 0.178 0.120 
487    (0)   :  0.009 0.007 0.018 0.049 0.168 0.100 0.252 0.184 0.213 
488    (0)   :  0.009 0.007 0.017 0.067 0.122 0.094 0.156 0.334 0.194 
489    (0)   :  0.008 0.007 0.013 0.074 0.218 0.084 0.288 0.115 0.194 
490    (0)   :  0.006 0.005 0.036 0.043 0.193 0.101 0.220 0.313 0.084 
491    (0)   :  0.010 0.006 0.013 0.143 0.175 0.107 0.159 0.167 0.220 
492    (0)   :  0.005 0.006 0.019 0.052 0.137 0.109 0.101 0.270 0.302 
493    (0)   :  0.013 0.007 0.018 0.102 0.156 0.069 0.241 0.238 0.156 
494    (0)   :  0.033 0.005 0.020 0.086 0.183 0.113 0.194 0.172 0.195 
495    (0)   :  0.026 0.007 0.020 0.033 0.154 0.082 0.135 0.322 0.222 
496    (0)   :  0.005 0.006 0.018 0.082 0.178 0.119 0.146 0.118 0.328 
497    (0)   :  0.027 0.011 0.015 0.118 0.122 0.093 0.212 0.178 0.225 
498    (0)   :  0.011 0.006 0.020 0.056 0.212 0.085 0.213 0.271 0.126 
499    (0)   :  0.022 0.007 0.016 0.062 0.172 0.093 0.202 0.114 0.312 
500    (0)   :  0.014 0.005 0.020 0.119 0.137 0.089 0.348 0.120 0.147 
501    (0)   :  0.009 0.005 0.020 0.075 0.086 0.147 0.240 0.146 0.273 
502    (0)   :  0.006 0.005 0.017 0.049 0.065 0.149 0.121 0.286 0.301 
503    (0)   :  0.006 0.004 0.018 0.071 0.089 0.197 0.306 0.196 0.113 
504    (0)   :  0.007 0.005 0.019 0.040 0.164 0.100 0.134 0.414 0.118 
505    (0)   :  0.008 0.004 0.020 0.117 0.280 0.087 0.131 0.170 0.182 
506    (0)   :  0.006 0.005 0.027 0.083 0.111 0.103 0.123 0.275 0.267 
507    (0)   :  0.006 0.006 0.013 0.071 0.200 0.089 0.088 0.076 0.451 
508    (0)   :  0.013 0.008 0.014 0.048 0.235 0.067 0.091 0.095 0.431 
509    (0)   :  0.007 0.005 0.018 0.118 0.216 0.106 0.120 0.143 0.267 
510    (0)   :  0.013 0.005 0.016 0.058 0.103 0.084 0.257 0.129 0.335 
511    (0)   :  0.010 0.005 0.061 0.092 0.131 0.150 0.241 0.182 0.128 
512    (0)   :  0.007 0.004 0.033 0.074 0.075 0.129 0.398 0.185 0.095 
513    (0)   :  0.014 0.006 0.015 0.104 0.231 0.060 0.078 0.351 0.140 
514    (0)   :  0.006 0.009 0.065 0.073 0.115 0.108 0.140 0.324 0.159 
515    (0)   :  0.010 0.005 0.032 0.046 0.170 0.198 0.179 0.121 0.239 
516    (0)   :  0.007 0.005 0.026 0.068 0.213 0.111 0.110 0.322 0.137 
517    (0)   :  0.006 0.006 0.032 0.057 0.219 0.176 0.142 0.146 0.216 
518    (0)   :  0.046 0.006 0.018 0.127 0.081 0.078 0.289 0.106 0.251 
519    (0)   :  0.005 0.005 0.037 0.046 0.113 0.129 0.125 0.377 0.163 
520    (0)   :  0.006 0.006 0.093 0.058 0.200 0.172 0.106 0.080 0.279 
521    (0)   :  0.005 0.123 0.024 0.152 0.108 0.085 0.130 0.161 0.211 
522    (0)   :  0.016 0.006 0.028 0.045 0.234 0.110 0.313 0.115 0.134 
523    (0)   :  0.006 0.013 0.032 0.048 0.366 0.105 0.111 0.116 0.202 
524    (0)   :  0.007 0.006 0.110 0.065 0.136 0.241 0.131 0.126 0.179 
525    (0)   :  0.057 0.007 0.030 0.075 0.145 0.162 0.176 0.087 0.260 
