

----------------------------------------------------
STRUCTURE by Pritchard, Stephens and Donnelly (2000)
     and Falush, Stephens and Pritchard (2003)
       Code by Pritchard, Falush and Hubisz
             Version 2.3.4 (Jul 2012)
----------------------------------------------------



Command line arguments:   ./structure -K 9 -D 109011 -m brooktrout/mainparams -e brooktrout/extraparams -o brooktrout/250914_output/results_K9_rep11 
Input File:    brooktrout/brooktrout.txt

Run parameters:
   8454 individuals
   5 loci
   9 populations assumed
   50000 Burn-in period
   100000 Reps
RANDOMIZE turned off


--------------------------------------------
Overall proportion of membership of the
sample in each of the 9 clusters

Inferred Clusters
  1      2      3      4      5      6      7      8      9    
0.011  0.013  0.026  0.095  0.126  0.145  0.193  0.183  0.210  

--------------------------------------------

Allele-freq. divergence among pops (Net nucleotide distance),
computed using point estimates of P.

      1       2       3       4       5       6       7       8       9      
 1      -    0.1649  0.1461  0.1465  0.1298  0.1523  0.1612  0.1392  0.1127  
 2   0.1649     -    0.1667  0.1294  0.1977  0.1677  0.1929  0.1005  0.1448  
 3   0.1461  0.1667     -    0.2008  0.1451  0.1692  0.1056  0.1626  0.1719  
 4   0.1465  0.1294  0.2008     -    0.1203  0.1774  0.2192  0.1200  0.0959  
 5   0.1298  0.1977  0.1451  0.1203     -    0.0871  0.1312  0.1356  0.0961  
 6   0.1523  0.1677  0.1692  0.1774  0.0871     -    0.1289  0.1506  0.1415  
 7   0.1612  0.1929  0.1056  0.2192  0.1312  0.1289     -    0.1520  0.1889  
 8   0.1392  0.1005  0.1626  0.1200  0.1356  0.1506  0.1520     -    0.0902  
 9   0.1127  0.1448  0.1719  0.0959  0.0961  0.1415  0.1889  0.0902     -    

Average distances (expected heterozygosity) between individuals in same cluster:
cluster  1  : 0.8251 
cluster  2  : 0.7320 
cluster  3  : 0.7497 
cluster  4  : 0.7087 
cluster  5  : 0.7613 
cluster  6  : 0.7649 
cluster  7  : 0.6864 
cluster  8  : 0.7145 
cluster  9  : 0.7748 

--------------------------------------------
Estimated Ln Prob of Data   = -193953.4
Mean value of ln likelihood = -172112.8
Variance of ln likelihood   = 43681.4

Mean value of alpha_1       = 0.0484
Mean value of alpha_2       = 0.0554
Mean value of alpha_3       = 0.1219
Mean value of alpha_4       = 0.4415
Mean value of alpha_5       = 0.5922
Mean value of alpha_6       = 0.6875
Mean value of alpha_7       = 0.8723
Mean value of alpha_8       = 0.8664
Mean value of alpha_9       = 0.9776
Allele frequencies uncorrelated


Inferred ancestry of individuals:
     (%Miss) :  Inferred clusters
  1    (0)   :  0.007 0.008 0.025 0.063 0.069 0.134 0.197 0.365 0.132 
  2    (0)   :  0.005 0.005 0.011 0.072 0.443 0.095 0.103 0.108 0.158 
  3    (0)   :  0.007 0.009 0.012 0.237 0.077 0.168 0.191 0.168 0.133 
  4    (0)   :  0.010 0.012 0.060 0.092 0.087 0.129 0.375 0.096 0.139 
  5    (0)   :  0.007 0.005 0.018 0.109 0.309 0.110 0.102 0.136 0.204 
  6    (0)   :  0.006 0.005 0.017 0.267 0.100 0.071 0.132 0.214 0.187 
  7    (0)   :  0.006 0.006 0.013 0.091 0.068 0.069 0.102 0.224 0.422 
  8    (0)   :  0.015 0.020 0.140 0.176 0.081 0.097 0.201 0.124 0.148 
  9    (0)   :  0.008 0.007 0.012 0.119 0.229 0.113 0.158 0.196 0.158 
 10    (0)   :  0.008 0.014 0.133 0.118 0.096 0.070 0.129 0.224 0.208 
 11    (0)   :  0.005 0.006 0.012 0.066 0.077 0.066 0.092 0.372 0.303 
 12    (0)   :  0.006 0.005 0.013 0.103 0.236 0.107 0.169 0.140 0.222 
 13    (0)   :  0.007 0.005 0.013 0.087 0.136 0.109 0.157 0.224 0.261 
 14    (0)   :  0.005 0.010 0.039 0.131 0.192 0.225 0.132 0.151 0.116 
 15    (0)   :  0.006 0.014 0.019 0.115 0.131 0.133 0.264 0.137 0.182 
 16    (0)   :  0.005 0.006 0.012 0.101 0.071 0.101 0.118 0.428 0.159 
 17    (0)   :  0.010 0.007 0.014 0.197 0.118 0.137 0.163 0.176 0.179 
 18    (0)   :  0.011 0.013 0.016 0.146 0.234 0.111 0.166 0.195 0.108 
 19    (0)   :  0.005 0.005 0.012 0.226 0.134 0.072 0.146 0.210 0.190 
 20    (0)   :  0.006 0.010 0.013 0.159 0.143 0.119 0.164 0.138 0.248 
 21    (0)   :  0.006 0.007 0.026 0.063 0.149 0.182 0.211 0.232 0.125 
 22    (0)   :  0.008 0.005 0.013 0.208 0.088 0.098 0.172 0.267 0.142 
 23    (0)   :  0.013 0.015 0.029 0.108 0.146 0.218 0.236 0.109 0.127 
 24    (0)   :  0.005 0.006 0.013 0.062 0.080 0.109 0.217 0.379 0.130 
 25    (0)   :  0.006 0.008 0.013 0.250 0.136 0.085 0.086 0.148 0.267 
 26    (0)   :  0.009 0.008 0.013 0.107 0.137 0.108 0.225 0.225 0.168 
 27    (0)   :  0.007 0.006 0.014 0.111 0.096 0.151 0.157 0.290 0.169 
 28    (0)   :  0.005 0.008 0.128 0.067 0.108 0.083 0.202 0.225 0.173 
 29    (0)   :  0.004 0.005 0.011 0.079 0.153 0.144 0.133 0.189 0.282 
 30    (0)   :  0.005 0.006 0.011 0.137 0.109 0.116 0.129 0.356 0.131 
 31    (0)   :  0.011 0.015 0.120 0.072 0.112 0.149 0.110 0.200 0.211 
 32    (0)   :  0.005 0.008 0.025 0.254 0.161 0.106 0.214 0.105 0.122 
 33    (0)   :  0.005 0.007 0.011 0.143 0.086 0.159 0.195 0.202 0.192 
 34    (0)   :  0.009 0.016 0.114 0.228 0.080 0.066 0.096 0.114 0.277 
 35    (0)   :  0.022 0.005 0.010 0.136 0.133 0.275 0.104 0.166 0.149 
 36    (0)   :  0.005 0.030 0.014 0.049 0.076 0.306 0.095 0.316 0.109 
 37    (0)   :  0.007 0.006 0.015 0.092 0.173 0.187 0.217 0.145 0.160 
 38    (0)   :  0.006 0.173 0.010 0.068 0.088 0.126 0.084 0.205 0.240 
 39    (0)   :  0.009 0.011 0.012 0.091 0.103 0.188 0.121 0.227 0.237 
 40    (0)   :  0.004 0.008 0.013 0.084 0.093 0.410 0.125 0.163 0.101 
 41    (0)   :  0.010 0.009 0.013 0.092 0.066 0.365 0.082 0.180 0.182 
 42    (0)   :  0.005 0.019 0.012 0.037 0.058 0.239 0.268 0.251 0.111 
 43    (0)   :  0.007 0.006 0.021 0.078 0.110 0.388 0.130 0.104 0.156 
 44    (0)   :  0.007 0.005 0.009 0.140 0.092 0.432 0.080 0.105 0.129 
 45    (0)   :  0.007 0.021 0.010 0.040 0.156 0.236 0.083 0.288 0.160 
 46    (0)   :  0.012 0.006 0.012 0.212 0.103 0.204 0.115 0.147 0.190 
 47    (0)   :  0.026 0.006 0.022 0.136 0.164 0.137 0.149 0.201 0.160 
 48    (0)   :  0.010 0.006 0.009 0.149 0.097 0.453 0.084 0.091 0.099 
 49    (0)   :  0.011 0.007 0.012 0.073 0.107 0.249 0.124 0.260 0.157 
 50    (0)   :  0.010 0.010 0.070 0.210 0.098 0.120 0.091 0.153 0.238 
 51    (0)   :  0.004 0.024 0.012 0.040 0.066 0.490 0.079 0.188 0.097 
 52    (0)   :  0.013 0.006 0.011 0.085 0.072 0.193 0.137 0.249 0.234 
 53    (0)   :  0.007 0.041 0.035 0.146 0.071 0.154 0.109 0.257 0.178 
 54    (0)   :  0.012 0.005 0.013 0.065 0.241 0.220 0.154 0.124 0.167 
 55    (0)   :  0.008 0.005 0.011 0.078 0.137 0.430 0.107 0.092 0.132 
 56    (0)   :  0.008 0.011 0.011 0.133 0.119 0.316 0.135 0.164 0.104 
 57    (0)   :  0.021 0.008 0.032 0.118 0.099 0.079 0.263 0.190 0.190 
 58    (0)   :  0.007 0.010 0.011 0.044 0.117 0.318 0.115 0.213 0.165 
 59    (0)   :  0.008 0.036 0.010 0.058 0.116 0.228 0.121 0.253 0.171 
 60    (0)   :  0.004 0.012 0.027 0.050 0.078 0.409 0.142 0.163 0.114 
 61    (0)   :  0.004 0.005 0.014 0.036 0.211 0.356 0.157 0.095 0.124 
 62    (0)   :  0.033 0.006 0.012 0.089 0.204 0.127 0.149 0.196 0.184 
 63    (0)   :  0.004 0.006 0.012 0.070 0.126 0.244 0.162 0.153 0.222 
 64    (0)   :  0.009 0.013 0.010 0.152 0.162 0.109 0.096 0.279 0.170 
 65    (0)   :  0.007 0.005 0.011 0.105 0.184 0.100 0.082 0.107 0.399 
 66    (0)   :  0.005 0.007 0.032 0.055 0.212 0.166 0.199 0.122 0.202 
 67    (0)   :  0.006 0.004 0.011 0.065 0.208 0.358 0.094 0.096 0.158 
 68    (0)   :  0.009 0.031 0.012 0.047 0.097 0.243 0.136 0.274 0.151 
 69    (0)   :  0.009 0.073 0.246 0.109 0.087 0.090 0.076 0.172 0.138 
 70    (0)   :  0.004 0.012 0.021 0.076 0.063 0.355 0.118 0.163 0.186 
 71    (0)   :  0.007 0.028 0.013 0.056 0.129 0.283 0.074 0.240 0.169 
 72    (0)   :  0.006 0.009 0.015 0.100 0.082 0.210 0.086 0.358 0.134 
 73    (0)   :  0.007 0.009 0.016 0.048 0.219 0.289 0.086 0.135 0.191 
 74    (0)   :  0.004 0.030 0.011 0.051 0.077 0.275 0.146 0.302 0.105 
 75    (0)   :  0.006 0.018 0.020 0.043 0.091 0.318 0.156 0.261 0.087 
 76    (0)   :  0.005 0.005 0.011 0.090 0.115 0.308 0.107 0.107 0.251 
 77    (0)   :  0.006 0.030 0.009 0.056 0.104 0.251 0.086 0.216 0.242 
 78    (0)   :  0.007 0.141 0.010 0.061 0.089 0.207 0.091 0.176 0.219 
 79    (0)   :  0.005 0.006 0.014 0.064 0.141 0.071 0.113 0.247 0.338 
 80    (0)   :  0.005 0.006 0.016 0.044 0.118 0.081 0.426 0.135 0.171 
 81    (0)   :  0.005 0.006 0.019 0.044 0.131 0.065 0.340 0.171 0.219 
 82    (0)   :  0.005 0.006 0.014 0.058 0.138 0.227 0.178 0.153 0.222 
 83    (0)   :  0.004 0.011 0.021 0.094 0.129 0.116 0.255 0.157 0.213 
 84    (0)   :  0.004 0.006 0.018 0.068 0.111 0.081 0.246 0.175 0.291 
 85    (0)   :  0.004 0.012 0.021 0.109 0.114 0.103 0.277 0.203 0.156 
 86    (0)   :  0.009 0.007 0.012 0.092 0.224 0.208 0.110 0.125 0.214 
 87    (0)   :  0.005 0.014 0.031 0.072 0.114 0.118 0.118 0.169 0.359 
 88    (0)   :  0.005 0.006 0.015 0.047 0.125 0.109 0.284 0.166 0.243 
 89    (0)   :  0.005 0.008 0.043 0.043 0.187 0.089 0.276 0.162 0.188 
 90    (0)   :  0.004 0.006 0.014 0.052 0.146 0.080 0.138 0.147 0.412 
 91    (0)   :  0.005 0.013 0.020 0.080 0.088 0.109 0.394 0.152 0.138 
 92    (0)   :  0.005 0.006 0.015 0.059 0.155 0.101 0.166 0.224 0.270 
 93    (0)   :  0.005 0.010 0.106 0.042 0.085 0.094 0.408 0.137 0.112 
 94    (0)   :  0.005 0.019 0.016 0.080 0.064 0.101 0.107 0.194 0.415 
 95    (0)   :  0.004 0.006 0.015 0.043 0.123 0.087 0.236 0.117 0.370 
 96    (0)   :  0.005 0.005 0.017 0.039 0.139 0.348 0.217 0.099 0.131 
 97    (0)   :  0.006 0.018 0.012 0.043 0.125 0.225 0.171 0.306 0.094 
 98    (0)   :  0.004 0.005 0.011 0.065 0.163 0.266 0.125 0.200 0.160 
 99    (0)   :  0.004 0.006 0.018 0.057 0.145 0.071 0.227 0.155 0.317 
100    (0)   :  0.005 0.005 0.015 0.041 0.190 0.114 0.437 0.094 0.100 
101    (0)   :  0.006 0.018 0.094 0.067 0.138 0.143 0.128 0.157 0.248 
102    (0)   :  0.007 0.011 0.021 0.073 0.087 0.175 0.309 0.109 0.209 
103    (0)   :  0.005 0.007 0.061 0.062 0.345 0.095 0.125 0.086 0.214 
104    (0)   :  0.005 0.005 0.039 0.064 0.109 0.081 0.118 0.098 0.479 
105    (0)   :  0.008 0.006 0.094 0.050 0.183 0.101 0.128 0.088 0.341 
106    (0)   :  0.005 0.007 0.009 0.081 0.085 0.087 0.069 0.175 0.482 
107    (0)   :  0.006 0.006 0.036 0.066 0.236 0.103 0.139 0.092 0.316 
108    (0)   :  0.004 0.062 0.015 0.156 0.259 0.195 0.100 0.089 0.119 
109    (0)   :  0.021 0.015 0.019 0.068 0.130 0.109 0.067 0.169 0.401 
110    (0)   :  0.005 0.008 0.015 0.080 0.077 0.072 0.071 0.192 0.480 
111    (0)   :  0.008 0.007 0.016 0.057 0.138 0.083 0.105 0.087 0.499 
112    (0)   :  0.013 0.008 0.012 0.047 0.090 0.122 0.077 0.130 0.501 
113    (0)   :  0.006 0.012 0.022 0.078 0.276 0.153 0.115 0.168 0.170 
114    (0)   :  0.005 0.005 0.048 0.050 0.128 0.076 0.138 0.096 0.453 
115    (0)   :  0.006 0.006 0.012 0.091 0.099 0.212 0.115 0.092 0.367 
116    (0)   :  0.007 0.015 0.010 0.067 0.093 0.203 0.070 0.187 0.348 
117    (0)   :  0.008 0.010 0.020 0.069 0.088 0.096 0.088 0.188 0.434 
118    (0)   :  0.007 0.009 0.012 0.060 0.301 0.125 0.103 0.096 0.288 
119    (0)   :  0.004 0.009 0.019 0.068 0.105 0.312 0.225 0.091 0.169 
120    (0)   :  0.007 0.006 0.017 0.069 0.135 0.158 0.123 0.098 0.386 
121    (0)   :  0.012 0.010 0.022 0.074 0.104 0.233 0.080 0.118 0.348 
122    (0)   :  0.005 0.007 0.022 0.065 0.129 0.081 0.083 0.184 0.423 
123    (0)   :  0.005 0.009 0.020 0.072 0.125 0.107 0.113 0.130 0.420 
124    (0)   :  0.008 0.008 0.013 0.126 0.146 0.154 0.087 0.191 0.267 
125    (0)   :  0.007 0.015 0.015 0.117 0.088 0.119 0.092 0.327 0.220 
126    (0)   :  0.004 0.007 0.012 0.053 0.089 0.193 0.120 0.187 0.334 
127    (0)   :  0.005 0.005 0.013 0.053 0.137 0.096 0.108 0.078 0.505 
128    (0)   :  0.006 0.005 0.011 0.050 0.343 0.125 0.100 0.106 0.254 
129    (0)   :  0.007 0.006 0.035 0.063 0.282 0.101 0.071 0.087 0.348 
130    (0)   :  0.007 0.006 0.035 0.056 0.165 0.072 0.143 0.101 0.416 
131    (0)   :  0.009 0.062 0.026 0.094 0.100 0.130 0.069 0.228 0.282 
132    (0)   :  0.006 0.007 0.018 0.068 0.199 0.090 0.069 0.160 0.385 
133    (0)   :  0.008 0.009 0.026 0.077 0.219 0.115 0.114 0.093 0.339 
134    (0)   :  0.005 0.006 0.009 0.054 0.092 0.061 0.061 0.148 0.565 
135    (0)   :  0.007 0.007 0.017 0.037 0.097 0.252 0.358 0.131 0.094 
136    (0)   :  0.007 0.006 0.038 0.074 0.086 0.089 0.478 0.135 0.086 
137    (0)   :  0.005 0.007 0.035 0.042 0.069 0.075 0.507 0.123 0.138 
138    (0)   :  0.005 0.006 0.050 0.041 0.063 0.090 0.525 0.135 0.085 
139    (0)   :  0.005 0.007 0.040 0.052 0.286 0.173 0.199 0.143 0.096 
140    (0)   :  0.005 0.009 0.049 0.040 0.096 0.158 0.279 0.222 0.142 
141    (0)   :  0.007 0.012 0.170 0.075 0.101 0.102 0.245 0.197 0.091 
142    (0)   :  0.006 0.008 0.045 0.039 0.111 0.294 0.284 0.119 0.092 
143    (0)   :  0.004 0.005 0.016 0.037 0.063 0.080 0.620 0.096 0.080 
144    (0)   :  0.005 0.006 0.017 0.038 0.065 0.080 0.552 0.102 0.135 
145    (0)   :  0.009 0.007 0.033 0.083 0.112 0.141 0.301 0.223 0.092 
146    (0)   :  0.007 0.008 0.044 0.051 0.079 0.102 0.322 0.230 0.157 
147    (0)   :  0.005 0.006 0.031 0.042 0.061 0.069 0.591 0.113 0.082 
148    (0)   :  0.006 0.012 0.145 0.075 0.100 0.158 0.253 0.123 0.127 
149    (0)   :  0.006 0.024 0.228 0.040 0.093 0.192 0.171 0.162 0.084 
150    (0)   :  0.006 0.006 0.037 0.049 0.109 0.099 0.379 0.135 0.182 
151    (0)   :  0.005 0.005 0.018 0.039 0.084 0.097 0.524 0.117 0.112 
152    (0)   :  0.006 0.009 0.051 0.127 0.090 0.183 0.327 0.105 0.101 
153    (0)   :  0.005 0.007 0.067 0.042 0.065 0.141 0.388 0.180 0.105 
154    (0)   :  0.007 0.028 0.306 0.066 0.094 0.151 0.142 0.122 0.085 
155    (0)   :  0.005 0.005 0.052 0.042 0.076 0.079 0.538 0.093 0.110 
156    (0)   :  0.005 0.005 0.028 0.036 0.074 0.203 0.448 0.089 0.113 
157    (0)   :  0.005 0.006 0.057 0.050 0.072 0.071 0.446 0.110 0.183 
158    (0)   :  0.008 0.008 0.033 0.075 0.092 0.119 0.332 0.242 0.092 
159    (0)   :  0.006 0.016 0.159 0.040 0.076 0.075 0.442 0.103 0.083 
160    (0)   :  0.007 0.015 0.166 0.042 0.095 0.080 0.407 0.104 0.084 
161    (0)   :  0.005 0.007 0.028 0.043 0.083 0.125 0.358 0.238 0.113 
162    (0)   :  0.009 0.007 0.048 0.058 0.104 0.112 0.290 0.215 0.157 
163    (0)   :  0.004 0.005 0.046 0.038 0.063 0.119 0.528 0.095 0.103 
164    (0)   :  0.008 0.020 0.220 0.045 0.125 0.095 0.196 0.145 0.147 
165    (0)   :  0.005 0.006 0.019 0.040 0.083 0.094 0.453 0.118 0.181 
166    (0)   :  0.004 0.026 0.223 0.074 0.099 0.129 0.201 0.096 0.148 
167    (0)   :  0.009 0.030 0.393 0.078 0.057 0.068 0.138 0.113 0.114 
168    (0)   :  0.005 0.016 0.036 0.064 0.070 0.130 0.429 0.155 0.094 
169    (0)   :  0.010 0.015 0.025 0.070 0.078 0.102 0.244 0.370 0.086 
170    (0)   :  0.005 0.006 0.016 0.040 0.112 0.211 0.376 0.122 0.114 
171    (0)   :  0.005 0.011 0.046 0.090 0.116 0.132 0.354 0.134 0.111 
172    (0)   :  0.006 0.020 0.071 0.040 0.080 0.209 0.210 0.282 0.082 
173    (0)   :  0.006 0.005 0.054 0.045 0.118 0.085 0.504 0.099 0.084 
174    (0)   :  0.005 0.006 0.057 0.044 0.086 0.071 0.489 0.130 0.113 
175    (0)   :  0.005 0.005 0.019 0.075 0.070 0.106 0.524 0.112 0.085 
176    (0)   :  0.005 0.006 0.017 0.038 0.066 0.080 0.552 0.102 0.134 
177    (0)   :  0.005 0.008 0.056 0.053 0.075 0.089 0.339 0.187 0.188 
178    (0)   :  0.006 0.006 0.072 0.087 0.098 0.072 0.401 0.143 0.117 
179    (0)   :  0.005 0.008 0.141 0.045 0.087 0.070 0.458 0.102 0.085 
180    (0)   :  0.008 0.012 0.089 0.050 0.070 0.121 0.302 0.228 0.120 
181    (0)   :  0.007 0.007 0.028 0.046 0.125 0.158 0.359 0.182 0.089 
182    (0)   :  0.007 0.005 0.021 0.038 0.119 0.143 0.482 0.098 0.086 
183    (0)   :  0.005 0.005 0.032 0.046 0.088 0.086 0.544 0.109 0.085 
184    (0)   :  0.006 0.006 0.011 0.113 0.447 0.107 0.101 0.087 0.121 
185    (0)   :  0.004 0.005 0.028 0.035 0.068 0.203 0.502 0.080 0.075 
186    (0)   :  0.005 0.005 0.011 0.078 0.403 0.100 0.096 0.107 0.194 
187    (0)   :  0.004 0.005 0.025 0.067 0.333 0.097 0.259 0.093 0.117 
188    (0)   :  0.005 0.004 0.011 0.072 0.491 0.095 0.077 0.086 0.159 
189    (0)   :  0.005 0.014 0.016 0.110 0.125 0.156 0.253 0.202 0.120 
190    (0)   :  0.005 0.004 0.014 0.035 0.140 0.424 0.228 0.071 0.080 
191    (0)   :  0.005 0.004 0.013 0.054 0.498 0.088 0.124 0.095 0.118 
192    (0)   :  0.004 0.005 0.014 0.066 0.316 0.085 0.253 0.102 0.154 
193    (0)   :  0.005 0.005 0.014 0.074 0.238 0.148 0.230 0.147 0.140 
194    (0)   :  0.005 0.005 0.016 0.057 0.229 0.184 0.237 0.119 0.147 
195    (0)   :  0.005 0.004 0.017 0.039 0.283 0.188 0.294 0.089 0.081 
196    (0)   :  0.004 0.006 0.014 0.050 0.244 0.276 0.210 0.080 0.116 
197    (0)   :  0.005 0.005 0.021 0.145 0.205 0.120 0.207 0.119 0.172 
198    (0)   :  0.004 0.006 0.015 0.076 0.162 0.151 0.183 0.215 0.187 
199    (0)   :  0.005 0.007 0.012 0.047 0.147 0.402 0.164 0.105 0.112 
200    (0)   :  0.005 0.008 0.014 0.077 0.216 0.267 0.198 0.100 0.116 
201    (0)   :  0.004 0.004 0.029 0.051 0.231 0.119 0.385 0.084 0.093 
202    (0)   :  0.004 0.004 0.014 0.039 0.103 0.250 0.388 0.091 0.107 
203    (0)   :  0.005 0.004 0.025 0.047 0.280 0.105 0.375 0.071 0.088 
204    (0)   :  0.005 0.004 0.014 0.038 0.420 0.189 0.163 0.081 0.087 
205    (0)   :  0.005 0.007 0.013 0.054 0.366 0.193 0.144 0.103 0.115 
206    (0)   :  0.005 0.004 0.016 0.045 0.448 0.131 0.176 0.086 0.089 
207    (0)   :  0.005 0.004 0.011 0.044 0.402 0.204 0.127 0.082 0.121 
208    (0)   :  0.005 0.004 0.025 0.045 0.332 0.149 0.259 0.081 0.101 
209    (0)   :  0.005 0.004 0.013 0.059 0.372 0.133 0.176 0.112 0.127 
210    (0)   :  0.004 0.004 0.014 0.044 0.443 0.124 0.177 0.083 0.106 
211    (0)   :  0.007 0.004 0.012 0.053 0.146 0.319 0.225 0.074 0.160 
212    (0)   :  0.004 0.004 0.015 0.055 0.112 0.177 0.408 0.131 0.093 
213    (0)   :  0.004 0.006 0.012 0.039 0.170 0.287 0.156 0.153 0.172 
214    (0)   :  0.005 0.004 0.014 0.051 0.184 0.142 0.426 0.082 0.092 
215    (0)   :  0.005 0.007 0.012 0.057 0.454 0.146 0.114 0.080 0.126 
216    (0)   :  0.006 0.006 0.012 0.134 0.330 0.130 0.130 0.113 0.138 
217    (0)   :  0.004 0.007 0.015 0.059 0.218 0.156 0.361 0.090 0.091 
218    (0)   :  0.005 0.006 0.014 0.050 0.438 0.111 0.156 0.099 0.122 
219    (0)   :  0.006 0.009 0.017 0.133 0.212 0.109 0.271 0.123 0.119 
220    (0)   :  0.005 0.004 0.012 0.042 0.526 0.110 0.120 0.078 0.103 
221    (0)   :  0.005 0.004 0.013 0.038 0.093 0.280 0.407 0.084 0.077 
222    (0)   :  0.006 0.006 0.013 0.149 0.266 0.110 0.179 0.132 0.139 
223    (0)   :  0.004 0.006 0.025 0.083 0.212 0.112 0.323 0.112 0.122 
224    (0)   :  0.005 0.004 0.018 0.047 0.339 0.109 0.304 0.083 0.091 
225    (0)   :  0.005 0.005 0.013 0.050 0.358 0.194 0.174 0.098 0.104 
226    (0)   :  0.006 0.054 0.016 0.106 0.283 0.120 0.178 0.120 0.117 
227    (0)   :  0.004 0.005 0.020 0.040 0.195 0.292 0.236 0.089 0.118 
228    (0)   :  0.005 0.005 0.017 0.036 0.226 0.273 0.278 0.083 0.077 
229    (0)   :  0.004 0.004 0.015 0.049 0.352 0.078 0.315 0.084 0.099 
230    (0)   :  0.005 0.004 0.013 0.044 0.414 0.093 0.254 0.076 0.095 
231    (0)   :  0.004 0.004 0.017 0.064 0.351 0.084 0.268 0.107 0.100 
232    (0)   :  0.005 0.007 0.013 0.039 0.165 0.198 0.239 0.203 0.132 
233    (0)   :  0.005 0.004 0.027 0.052 0.181 0.103 0.457 0.079 0.093 
234    (0)   :  0.004 0.005 0.016 0.089 0.295 0.093 0.215 0.130 0.153 
235    (0)   :  0.004 0.009 0.015 0.067 0.217 0.160 0.284 0.125 0.120 
236    (0)   :  0.005 0.005 0.015 0.069 0.253 0.104 0.347 0.094 0.109 
237    (0)   :  0.005 0.004 0.012 0.048 0.358 0.217 0.139 0.101 0.114 
238    (0)   :  0.004 0.004 0.014 0.054 0.173 0.135 0.398 0.095 0.123 
239    (0)   :  0.005 0.005 0.016 0.038 0.285 0.185 0.296 0.090 0.080 
240    (0)   :  0.004 0.004 0.014 0.053 0.174 0.136 0.395 0.096 0.123 
241    (0)   :  0.005 0.006 0.016 0.044 0.162 0.185 0.372 0.116 0.095 
242    (0)   :  0.005 0.008 0.016 0.068 0.317 0.144 0.195 0.140 0.108 
243    (0)   :  0.005 0.004 0.014 0.043 0.258 0.294 0.219 0.071 0.092 
244    (0)   :  0.005 0.004 0.015 0.046 0.336 0.107 0.322 0.076 0.088 
245    (0)   :  0.004 0.004 0.027 0.040 0.103 0.161 0.458 0.100 0.104 
246    (0)   :  0.004 0.007 0.015 0.060 0.217 0.157 0.360 0.089 0.090 
247    (0)   :  0.004 0.006 0.011 0.069 0.304 0.137 0.090 0.137 0.242 
248    (0)   :  0.004 0.005 0.011 0.055 0.428 0.155 0.104 0.091 0.148 
249    (0)   :  0.005 0.004 0.013 0.048 0.281 0.127 0.336 0.083 0.102 
250    (0)   :  0.005 0.005 0.013 0.063 0.349 0.091 0.268 0.091 0.116 
251    (0)   :  0.006 0.013 0.014 0.124 0.244 0.163 0.158 0.129 0.150 
252    (0)   :  0.004 0.005 0.015 0.054 0.300 0.164 0.236 0.114 0.107 
253    (0)   :  0.004 0.010 0.012 0.068 0.194 0.256 0.130 0.145 0.181 
254    (0)   :  0.005 0.005 0.014 0.119 0.332 0.114 0.187 0.103 0.120 
255    (0)   :  0.004 0.004 0.014 0.066 0.299 0.106 0.234 0.132 0.139 
256    (0)   :  0.005 0.005 0.013 0.055 0.251 0.194 0.274 0.101 0.102 
257    (0)   :  0.009 0.007 0.020 0.057 0.334 0.156 0.181 0.105 0.131 
258    (0)   :  0.004 0.005 0.015 0.063 0.204 0.240 0.164 0.131 0.174 
259    (0)   :  0.005 0.005 0.014 0.060 0.409 0.113 0.192 0.088 0.114 
260    (0)   :  0.006 0.005 0.015 0.143 0.191 0.089 0.325 0.101 0.126 
261    (0)   :  0.004 0.005 0.016 0.054 0.198 0.197 0.314 0.113 0.098 
262    (0)   :  0.005 0.006 0.014 0.041 0.159 0.320 0.292 0.085 0.079 
263    (0)   :  0.006 0.004 0.012 0.074 0.478 0.128 0.122 0.075 0.100 
264    (0)   :  0.008 0.006 0.010 0.246 0.238 0.124 0.086 0.140 0.143 
265    (0)   :  0.004 0.008 0.016 0.075 0.326 0.115 0.227 0.109 0.120 
266    (0)   :  0.005 0.004 0.014 0.038 0.105 0.227 0.444 0.084 0.079 
267    (0)   :  0.004 0.004 0.013 0.068 0.230 0.150 0.261 0.122 0.146 
268    (0)   :  0.004 0.006 0.013 0.050 0.244 0.276 0.211 0.080 0.115 
269    (0)   :  0.004 0.010 0.016 0.134 0.228 0.098 0.247 0.139 0.123 
270    (0)   :  0.007 0.005 0.021 0.091 0.388 0.118 0.116 0.114 0.140 
271    (0)   :  0.005 0.006 0.014 0.065 0.331 0.182 0.147 0.103 0.147 
272    (0)   :  0.006 0.053 0.016 0.093 0.274 0.174 0.155 0.102 0.127 
273    (0)   :  0.021 0.020 0.052 0.077 0.224 0.104 0.205 0.148 0.150 
274    (0)   :  0.005 0.010 0.014 0.082 0.336 0.129 0.169 0.122 0.134 
275    (0)   :  0.007 0.015 0.039 0.094 0.373 0.108 0.155 0.106 0.102 
276    (0)   :  0.006 0.039 0.013 0.075 0.235 0.249 0.136 0.111 0.138 
277    (0)   :  0.004 0.006 0.015 0.080 0.263 0.108 0.271 0.129 0.123 
278    (0)   :  0.005 0.007 0.013 0.060 0.381 0.190 0.146 0.081 0.119 
279    (0)   :  0.005 0.006 0.014 0.073 0.332 0.128 0.210 0.115 0.118 
280    (0)   :  0.004 0.010 0.014 0.080 0.271 0.150 0.192 0.171 0.108 
281    (0)   :  0.005 0.006 0.014 0.053 0.326 0.133 0.167 0.135 0.161 
282    (0)   :  0.004 0.005 0.016 0.078 0.181 0.084 0.415 0.103 0.114 
283    (0)   :  0.004 0.004 0.020 0.053 0.185 0.098 0.447 0.081 0.107 
284    (0)   :  0.004 0.006 0.028 0.073 0.240 0.133 0.254 0.105 0.157 
285    (0)   :  0.005 0.006 0.010 0.054 0.392 0.198 0.076 0.122 0.138 
286    (0)   :  0.005 0.004 0.014 0.046 0.340 0.107 0.320 0.077 0.088 
287    (0)   :  0.005 0.010 0.016 0.069 0.251 0.109 0.221 0.159 0.160 
288    (0)   :  0.006 0.033 0.014 0.080 0.424 0.106 0.134 0.093 0.110 
289    (0)   :  0.007 0.021 0.019 0.088 0.371 0.134 0.118 0.088 0.154 
290    (0)   :  0.008 0.006 0.010 0.099 0.203 0.258 0.162 0.142 0.110 
291    (0)   :  0.005 0.006 0.014 0.064 0.332 0.182 0.146 0.104 0.148 
292    (0)   :  0.004 0.010 0.014 0.062 0.167 0.254 0.211 0.181 0.097 
293    (0)   :  0.006 0.005 0.010 0.125 0.148 0.254 0.120 0.195 0.137 
294    (0)   :  0.007 0.006 0.011 0.071 0.425 0.191 0.106 0.082 0.101 
295    (0)   :  0.007 0.024 0.041 0.081 0.183 0.258 0.121 0.137 0.148 
296    (0)   :  0.005 0.007 0.013 0.046 0.425 0.152 0.136 0.086 0.130 
297    (0)   :  0.004 0.010 0.012 0.076 0.347 0.119 0.139 0.175 0.117 
298    (0)   :  0.004 0.005 0.014 0.072 0.272 0.076 0.332 0.101 0.124 
299    (0)   :  0.006 0.004 0.013 0.081 0.472 0.092 0.133 0.087 0.112 
300    (0)   :  0.005 0.006 0.011 0.044 0.475 0.145 0.097 0.121 0.097 
301    (0)   :  0.006 0.007 0.020 0.148 0.373 0.113 0.118 0.102 0.113 
302    (0)   :  0.008 0.007 0.021 0.078 0.341 0.260 0.106 0.081 0.097 
303    (0)   :  0.005 0.006 0.015 0.050 0.271 0.121 0.297 0.139 0.096 
304    (0)   :  0.006 0.005 0.038 0.138 0.125 0.075 0.326 0.130 0.156 
305    (0)   :  0.005 0.007 0.027 0.046 0.349 0.196 0.196 0.094 0.080 
306    (0)   :  0.005 0.009 0.014 0.070 0.189 0.149 0.354 0.110 0.101 
307    (0)   :  0.006 0.006 0.016 0.077 0.276 0.131 0.252 0.115 0.121 
308    (0)   :  0.004 0.005 0.016 0.055 0.195 0.198 0.314 0.114 0.098 
309    (0)   :  0.013 0.013 0.028 0.054 0.451 0.114 0.116 0.080 0.132 
310    (0)   :  0.005 0.004 0.013 0.045 0.291 0.204 0.268 0.081 0.089 
311    (0)   :  0.005 0.004 0.014 0.045 0.413 0.094 0.253 0.076 0.096 
312    (0)   :  0.004 0.004 0.014 0.041 0.485 0.138 0.122 0.073 0.119 
313    (0)   :  0.005 0.005 0.012 0.046 0.344 0.302 0.095 0.083 0.108 
314    (0)   :  0.005 0.015 0.130 0.039 0.063 0.137 0.427 0.103 0.081 
315    (0)   :  0.004 0.015 0.169 0.062 0.059 0.134 0.370 0.102 0.085 
316    (0)   :  0.006 0.028 0.316 0.063 0.062 0.074 0.250 0.110 0.091 
317    (0)   :  0.005 0.017 0.140 0.040 0.062 0.080 0.468 0.104 0.084 
318    (0)   :  0.005 0.023 0.320 0.041 0.059 0.057 0.303 0.108 0.083 
319    (0)   :  0.005 0.005 0.018 0.038 0.065 0.079 0.615 0.095 0.081 
320    (0)   :  0.005 0.015 0.128 0.040 0.063 0.138 0.427 0.103 0.081 
321    (0)   :  0.005 0.025 0.248 0.041 0.060 0.075 0.346 0.116 0.083 
322    (0)   :  0.006 0.022 0.109 0.068 0.068 0.122 0.402 0.109 0.093 
323    (0)   :  0.009 0.009 0.139 0.047 0.064 0.063 0.483 0.101 0.084 
324    (0)   :  0.005 0.025 0.250 0.041 0.060 0.075 0.341 0.118 0.084 
325    (0)   :  0.005 0.035 0.368 0.057 0.058 0.070 0.215 0.104 0.088 
326    (0)   :  0.005 0.051 0.420 0.054 0.058 0.069 0.154 0.100 0.089 
327    (0)   :  0.005 0.016 0.138 0.040 0.062 0.079 0.470 0.105 0.084 
328    (0)   :  0.005 0.018 0.134 0.066 0.071 0.112 0.392 0.112 0.090 
329    (0)   :  0.004 0.006 0.049 0.041 0.059 0.059 0.593 0.106 0.082 
330    (0)   :  0.005 0.016 0.138 0.040 0.062 0.080 0.470 0.104 0.084 
331    (0)   :  0.005 0.009 0.137 0.041 0.066 0.062 0.493 0.105 0.082 
332    (0)   :  0.006 0.047 0.416 0.059 0.058 0.069 0.157 0.100 0.089 
333    (0)   :  0.006 0.041 0.321 0.056 0.071 0.084 0.232 0.101 0.089 
334    (0)   :  0.005 0.018 0.136 0.065 0.070 0.112 0.392 0.112 0.090 
335    (0)   :  0.005 0.013 0.054 0.063 0.059 0.114 0.503 0.098 0.090 
336    (0)   :  0.007 0.037 0.360 0.042 0.059 0.098 0.209 0.107 0.081 
337    (0)   :  0.004 0.036 0.294 0.059 0.060 0.099 0.247 0.112 0.090 
338    (0)   :  0.005 0.039 0.391 0.041 0.059 0.057 0.214 0.110 0.084 
339    (0)   :  0.004 0.009 0.135 0.041 0.067 0.062 0.493 0.105 0.083 
340    (0)   :  0.004 0.006 0.064 0.037 0.064 0.065 0.586 0.092 0.081 
341    (0)   :  0.010 0.020 0.177 0.041 0.071 0.066 0.429 0.103 0.084 
342    (0)   :  0.005 0.016 0.139 0.041 0.061 0.080 0.469 0.105 0.084 
343    (0)   :  0.009 0.017 0.108 0.071 0.058 0.186 0.364 0.100 0.086 
344    (0)   :  0.005 0.008 0.136 0.041 0.059 0.058 0.506 0.105 0.082 
345    (0)   :  0.005 0.017 0.139 0.041 0.062 0.080 0.470 0.104 0.083 
346    (0)   :  0.005 0.015 0.189 0.041 0.062 0.063 0.443 0.099 0.083 
347    (0)   :  0.005 0.006 0.064 0.037 0.058 0.062 0.596 0.092 0.081 
348    (0)   :  0.004 0.011 0.047 0.057 0.060 0.198 0.443 0.093 0.085 
349    (0)   :  0.005 0.015 0.137 0.041 0.062 0.080 0.471 0.105 0.084 
350    (0)   :  0.005 0.005 0.050 0.041 0.069 0.101 0.544 0.106 0.079 
351    (0)   :  0.004 0.013 0.055 0.063 0.060 0.114 0.503 0.097 0.090 
352    (0)   :  0.005 0.029 0.174 0.060 0.064 0.114 0.360 0.104 0.091 
353    (0)   :  0.006 0.038 0.362 0.042 0.059 0.098 0.209 0.107 0.080 
354    (0)   :  0.006 0.008 0.154 0.043 0.063 0.061 0.470 0.110 0.085 
355    (0)   :  0.005 0.025 0.319 0.041 0.059 0.057 0.303 0.108 0.083 
356    (0)   :  0.004 0.009 0.016 0.057 0.060 0.205 0.473 0.092 0.084 
357    (0)   :  0.005 0.012 0.037 0.132 0.072 0.083 0.365 0.171 0.123 
358    (0)   :  0.004 0.035 0.320 0.058 0.058 0.075 0.257 0.103 0.089 
359    (0)   :  0.004 0.026 0.281 0.040 0.070 0.064 0.322 0.108 0.084 
360    (0)   :  0.005 0.015 0.189 0.040 0.062 0.063 0.444 0.099 0.084 
361    (0)   :  0.004 0.012 0.020 0.127 0.076 0.116 0.337 0.186 0.122 
362    (0)   :  0.006 0.016 0.027 0.088 0.216 0.108 0.101 0.229 0.209 
363    (0)   :  0.006 0.009 0.015 0.142 0.135 0.103 0.086 0.207 0.296 
364    (0)   :  0.009 0.007 0.023 0.167 0.094 0.115 0.243 0.182 0.160 
365    (0)   :  0.015 0.014 0.015 0.105 0.109 0.088 0.097 0.401 0.156 
366    (0)   :  0.006 0.012 0.015 0.184 0.132 0.217 0.149 0.172 0.114 
367    (0)   :  0.004 0.009 0.010 0.072 0.075 0.064 0.073 0.207 0.486 
368    (0)   :  0.004 0.006 0.014 0.064 0.201 0.080 0.114 0.194 0.324 
369    (0)   :  0.007 0.010 0.039 0.129 0.104 0.287 0.141 0.140 0.143 
370    (0)   :  0.010 0.011 0.035 0.090 0.220 0.096 0.108 0.137 0.293 
371    (0)   :  0.009 0.008 0.034 0.176 0.211 0.121 0.131 0.153 0.157 
372    (0)   :  0.033 0.018 0.034 0.053 0.287 0.104 0.130 0.138 0.203 
373    (0)   :  0.005 0.005 0.013 0.062 0.107 0.094 0.161 0.226 0.328 
374    (0)   :  0.008 0.018 0.021 0.096 0.124 0.100 0.236 0.192 0.205 
375    (0)   :  0.013 0.009 0.016 0.163 0.148 0.065 0.087 0.205 0.293 
376    (0)   :  0.076 0.011 0.013 0.174 0.060 0.070 0.082 0.311 0.201 
377    (0)   :  0.006 0.010 0.034 0.080 0.173 0.123 0.104 0.265 0.204 
378    (0)   :  0.005 0.008 0.044 0.043 0.090 0.090 0.196 0.144 0.380 
379    (0)   :  0.137 0.017 0.014 0.197 0.074 0.080 0.073 0.205 0.203 
380    (0)   :  0.008 0.021 0.018 0.071 0.089 0.109 0.152 0.429 0.102 
381    (0)   :  0.008 0.008 0.013 0.163 0.064 0.164 0.141 0.347 0.093 
382    (0)   :  0.005 0.006 0.022 0.265 0.102 0.065 0.093 0.156 0.286 
383    (0)   :  0.009 0.039 0.163 0.099 0.114 0.065 0.099 0.305 0.105 
384    (0)   :  0.036 0.021 0.065 0.178 0.101 0.066 0.138 0.228 0.169 
385    (0)   :  0.027 0.015 0.150 0.067 0.119 0.066 0.121 0.184 0.251 
386    (0)   :  0.004 0.007 0.012 0.104 0.100 0.084 0.089 0.268 0.332 
387    (0)   :  0.005 0.007 0.013 0.141 0.083 0.086 0.109 0.275 0.282 
388    (0)   :  0.015 0.011 0.030 0.080 0.127 0.069 0.213 0.237 0.217 
389    (0)   :  0.014 0.008 0.028 0.090 0.226 0.236 0.095 0.113 0.190 
390    (0)   :  0.016 0.033 0.021 0.090 0.077 0.152 0.081 0.249 0.281 
391    (0)   :  0.015 0.017 0.018 0.098 0.131 0.174 0.134 0.143 0.270 
392    (0)   :  0.006 0.006 0.014 0.077 0.091 0.088 0.157 0.377 0.185 
393    (0)   :  0.006 0.019 0.015 0.059 0.063 0.096 0.115 0.524 0.104 
394    (0)   :  0.005 0.014 0.052 0.077 0.098 0.092 0.218 0.201 0.243 
395    (0)   :  0.004 0.018 0.011 0.074 0.193 0.158 0.102 0.231 0.210 
396    (0)   :  0.005 0.005 0.010 0.133 0.120 0.071 0.077 0.210 0.370 
397    (0)   :  0.052 0.006 0.014 0.141 0.235 0.116 0.185 0.129 0.122 
398    (0)   :  0.029 0.020 0.011 0.063 0.063 0.075 0.080 0.357 0.301 
399    (0)   :  0.005 0.022 0.022 0.082 0.101 0.118 0.092 0.129 0.428 
400    (0)   :  0.006 0.006 0.011 0.124 0.068 0.093 0.123 0.253 0.317 
401    (0)   :  0.004 0.006 0.012 0.047 0.078 0.152 0.130 0.201 0.370 
402    (0)   :  0.005 0.005 0.014 0.068 0.101 0.161 0.124 0.270 0.251 
403    (0)   :  0.006 0.008 0.020 0.059 0.109 0.094 0.320 0.209 0.175 
404    (0)   :  0.009 0.006 0.011 0.113 0.195 0.087 0.151 0.239 0.189 
405    (0)   :  0.004 0.013 0.014 0.131 0.150 0.136 0.129 0.258 0.166 
406    (0)   :  0.004 0.134 0.011 0.115 0.096 0.200 0.172 0.167 0.100 
407    (0)   :  0.004 0.011 0.010 0.087 0.088 0.068 0.073 0.482 0.176 
408    (0)   :  0.004 0.005 0.010 0.048 0.116 0.219 0.069 0.122 0.409 
409    (0)   :  0.009 0.026 0.016 0.045 0.068 0.191 0.226 0.303 0.115 
410    (0)   :  0.061 0.018 0.018 0.077 0.087 0.097 0.126 0.284 0.232 
411    (0)   :  0.012 0.010 0.055 0.179 0.073 0.134 0.129 0.225 0.183 
412    (0)   :  0.004 0.006 0.014 0.069 0.180 0.076 0.104 0.221 0.326 
413    (0)   :  0.004 0.006 0.038 0.065 0.137 0.077 0.176 0.180 0.316 
414    (0)   :  0.005 0.005 0.020 0.159 0.204 0.068 0.071 0.135 0.334 
415    (0)   :  0.005 0.011 0.010 0.185 0.085 0.160 0.096 0.257 0.190 
416    (0)   :  0.006 0.006 0.011 0.050 0.092 0.137 0.122 0.336 0.240 
417    (0)   :  0.005 0.060 0.016 0.118 0.094 0.082 0.086 0.326 0.212 
418    (0)   :  0.006 0.006 0.011 0.090 0.109 0.062 0.088 0.182 0.447 
419    (0)   :  0.013 0.011 0.018 0.065 0.099 0.107 0.214 0.291 0.183 
420    (0)   :  0.004 0.005 0.010 0.052 0.071 0.246 0.081 0.186 0.346 
421    (0)   :  0.005 0.022 0.015 0.058 0.132 0.082 0.088 0.328 0.268 
422    (0)   :  0.006 0.014 0.011 0.046 0.185 0.157 0.093 0.356 0.132 
423    (0)   :  0.007 0.011 0.012 0.266 0.147 0.105 0.123 0.150 0.179 
424    (0)   :  0.007 0.019 0.016 0.104 0.075 0.175 0.129 0.151 0.325 
425    (0)   :  0.031 0.010 0.017 0.150 0.132 0.088 0.159 0.221 0.191 
426    (0)   :  0.027 0.026 0.051 0.135 0.094 0.094 0.132 0.153 0.286 
427    (0)   :  0.005 0.018 0.041 0.068 0.059 0.066 0.135 0.359 0.250 
428    (0)   :  0.015 0.052 0.016 0.066 0.104 0.145 0.179 0.304 0.119 
429    (0)   :  0.005 0.008 0.010 0.144 0.081 0.064 0.073 0.277 0.338 
430    (0)   :  0.004 0.027 0.013 0.084 0.098 0.081 0.079 0.462 0.152 
431    (0)   :  0.011 0.013 0.033 0.127 0.163 0.095 0.134 0.111 0.314 
432    (0)   :  0.004 0.006 0.014 0.058 0.144 0.094 0.120 0.231 0.328 
433    (0)   :  0.008 0.006 0.020 0.070 0.138 0.130 0.301 0.134 0.194 
434    (0)   :  0.005 0.006 0.015 0.097 0.156 0.121 0.145 0.298 0.156 
435    (0)   :  0.004 0.044 0.012 0.099 0.064 0.090 0.078 0.364 0.245 
436    (0)   :  0.006 0.104 0.012 0.170 0.044 0.103 0.112 0.236 0.213 
437    (0)   :  0.006 0.009 0.012 0.372 0.084 0.076 0.090 0.192 0.158 
438    (0)   :  0.005 0.088 0.016 0.068 0.061 0.191 0.108 0.264 0.199 
439    (0)   :  0.004 0.053 0.013 0.087 0.051 0.073 0.088 0.473 0.157 
440    (0)   :  0.004 0.067 0.010 0.261 0.062 0.076 0.068 0.223 0.229 
441    (0)   :  0.004 0.017 0.019 0.085 0.067 0.095 0.124 0.447 0.142 
442    (0)   :  0.007 0.006 0.009 0.123 0.090 0.109 0.084 0.273 0.299 
443    (0)   :  0.004 0.015 0.011 0.084 0.062 0.218 0.073 0.184 0.349 
444    (0)   :  0.007 0.010 0.010 0.202 0.081 0.133 0.083 0.228 0.246 
445    (0)   :  0.030 0.012 0.013 0.052 0.062 0.139 0.146 0.439 0.108 
446    (0)   :  0.035 0.031 0.014 0.057 0.048 0.064 0.083 0.356 0.312 
447    (0)   :  0.007 0.069 0.013 0.123 0.073 0.137 0.132 0.273 0.173 
448    (0)   :  0.004 0.015 0.012 0.131 0.080 0.097 0.088 0.368 0.204 
449    (0)   :  0.004 0.015 0.013 0.141 0.087 0.105 0.121 0.349 0.164 
450    (0)   :  0.007 0.006 0.014 0.142 0.065 0.055 0.123 0.404 0.183 
451    (0)   :  0.004 0.009 0.011 0.130 0.089 0.096 0.069 0.119 0.474 
452    (0)   :  0.004 0.008 0.012 0.081 0.062 0.063 0.115 0.450 0.205 
453    (0)   :  0.004 0.008 0.012 0.064 0.082 0.359 0.095 0.199 0.176 
454    (0)   :  0.005 0.017 0.032 0.149 0.087 0.095 0.117 0.312 0.186 
455    (0)   :  0.004 0.077 0.013 0.109 0.051 0.131 0.077 0.322 0.216 
456    (0)   :  0.005 0.017 0.010 0.149 0.062 0.222 0.076 0.255 0.202 
457    (0)   :  0.005 0.018 0.012 0.190 0.067 0.083 0.091 0.389 0.145 
458    (0)   :  0.029 0.013 0.012 0.057 0.060 0.067 0.085 0.516 0.160 
459    (0)   :  0.004 0.023 0.016 0.107 0.048 0.090 0.153 0.320 0.239 
460    (0)   :  0.004 0.017 0.013 0.116 0.053 0.082 0.079 0.313 0.322 
461    (0)   :  0.005 0.007 0.012 0.101 0.054 0.056 0.084 0.230 0.451 
462    (0)   :  0.011 0.012 0.012 0.153 0.133 0.112 0.062 0.308 0.196 
463    (0)   :  0.004 0.076 0.014 0.117 0.088 0.276 0.091 0.221 0.114 
464    (0)   :  0.004 0.019 0.011 0.092 0.054 0.155 0.076 0.238 0.350 
465    (0)   :  0.006 0.009 0.013 0.065 0.080 0.114 0.085 0.311 0.317 
466    (0)   :  0.004 0.018 0.010 0.093 0.072 0.238 0.077 0.217 0.270 
467    (0)   :  0.005 0.014 0.017 0.104 0.102 0.114 0.099 0.394 0.152 
468    (0)   :  0.004 0.062 0.010 0.248 0.060 0.145 0.076 0.268 0.127 
469    (0)   :  0.004 0.196 0.012 0.085 0.047 0.064 0.079 0.390 0.121 
470    (0)   :  0.004 0.083 0.012 0.091 0.054 0.077 0.081 0.315 0.283 
471    (0)   :  0.006 0.008 0.010 0.086 0.118 0.195 0.086 0.252 0.240 
472    (0)   :  0.005 0.006 0.011 0.078 0.078 0.140 0.080 0.412 0.190 
473    (0)   :  0.004 0.017 0.016 0.129 0.111 0.122 0.119 0.314 0.168 
474    (0)   :  0.004 0.007 0.011 0.076 0.064 0.106 0.107 0.432 0.193 
475    (0)   :  0.005 0.010 0.013 0.066 0.080 0.116 0.137 0.273 0.301 
476    (0)   :  0.006 0.011 0.012 0.278 0.054 0.113 0.088 0.270 0.169 
477    (0)   :  0.006 0.012 0.015 0.104 0.059 0.135 0.113 0.216 0.341 
478    (0)   :  0.007 0.011 0.014 0.070 0.059 0.076 0.078 0.166 0.520 
479    (0)   :  0.004 0.018 0.012 0.194 0.055 0.075 0.079 0.308 0.255 
480    (0)   :  0.005 0.018 0.012 0.235 0.057 0.075 0.087 0.345 0.166 
481    (0)   :  0.005 0.007 0.010 0.096 0.172 0.103 0.086 0.314 0.207 
482    (0)   :  0.005 0.009 0.011 0.158 0.055 0.064 0.079 0.327 0.293 
483    (0)   :  0.005 0.093 0.016 0.082 0.053 0.076 0.092 0.373 0.210 
484    (0)   :  0.005 0.068 0.014 0.072 0.077 0.185 0.085 0.364 0.131 
485    (0)   :  0.005 0.284 0.013 0.086 0.053 0.071 0.079 0.222 0.187 
486    (0)   :  0.011 0.006 0.014 0.127 0.142 0.260 0.106 0.115 0.221 
487    (0)   :  0.009 0.006 0.022 0.134 0.103 0.164 0.192 0.169 0.201 
488    (0)   :  0.008 0.006 0.022 0.078 0.145 0.121 0.174 0.129 0.317 
489    (0)   :  0.008 0.005 0.016 0.163 0.136 0.209 0.179 0.151 0.133 
490    (0)   :  0.006 0.006 0.011 0.118 0.083 0.194 0.078 0.137 0.368 
491    (0)   :  0.010 0.005 0.015 0.064 0.260 0.163 0.184 0.149 0.149 
492    (0)   :  0.004 0.005 0.022 0.056 0.088 0.153 0.281 0.123 0.268 
493    (0)   :  0.012 0.005 0.021 0.162 0.204 0.137 0.142 0.103 0.214 
494    (0)   :  0.033 0.010 0.013 0.101 0.155 0.185 0.180 0.140 0.183 
495    (0)   :  0.025 0.006 0.019 0.076 0.077 0.167 0.202 0.098 0.330 
496    (0)   :  0.005 0.006 0.018 0.065 0.128 0.200 0.282 0.151 0.145 
497    (0)   :  0.024 0.006 0.027 0.093 0.247 0.112 0.184 0.152 0.154 
498    (0)   :  0.012 0.006 0.014 0.089 0.127 0.204 0.114 0.142 0.292 
499    (0)   :  0.019 0.006 0.021 0.106 0.122 0.174 0.274 0.147 0.130 
500    (0)   :  0.013 0.009 0.014 0.251 0.177 0.132 0.139 0.123 0.143 
501    (0)   :  0.009 0.006 0.013 0.133 0.125 0.097 0.260 0.173 0.183 
502    (0)   :  0.007 0.006 0.014 0.054 0.101 0.076 0.286 0.192 0.264 
503    (0)   :  0.006 0.007 0.011 0.121 0.130 0.092 0.103 0.313 0.218 
504    (0)   :  0.006 0.006 0.012 0.059 0.095 0.168 0.108 0.142 0.404 
505    (0)   :  0.008 0.008 0.011 0.077 0.177 0.266 0.168 0.109 0.175 
506    (0)   :  0.006 0.005 0.013 0.053 0.142 0.117 0.248 0.142 0.273 
507    (0)   :  0.006 0.005 0.018 0.045 0.104 0.220 0.402 0.112 0.088 
508    (0)   :  0.013 0.005 0.028 0.047 0.089 0.241 0.383 0.086 0.108 
509    (0)   :  0.007 0.006 0.014 0.062 0.180 0.219 0.238 0.128 0.146 
510    (0)   :  0.012 0.005 0.013 0.161 0.100 0.107 0.323 0.116 0.162 
511    (0)   :  0.010 0.023 0.011 0.154 0.133 0.141 0.120 0.158 0.251 
512    (0)   :  0.007 0.006 0.010 0.211 0.124 0.080 0.090 0.185 0.287 
513    (0)   :  0.016 0.005 0.014 0.042 0.227 0.213 0.127 0.073 0.281 
514    (0)   :  0.006 0.006 0.021 0.068 0.122 0.114 0.145 0.122 0.395 
515    (0)   :  0.009 0.016 0.017 0.112 0.080 0.183 0.221 0.228 0.133 
516    (0)   :  0.007 0.007 0.012 0.051 0.127 0.216 0.127 0.134 0.318 
517    (0)   :  0.006 0.012 0.017 0.092 0.092 0.235 0.196 0.157 0.194 
518    (0)   :  0.044 0.005 0.020 0.166 0.181 0.086 0.234 0.130 0.133 
519    (0)   :  0.004 0.006 0.012 0.064 0.084 0.123 0.153 0.147 0.407 
520    (0)   :  0.006 0.063 0.017 0.114 0.086 0.218 0.256 0.142 0.096 
521    (0)   :  0.005 0.015 0.155 0.069 0.179 0.116 0.178 0.088 0.196 
522    (0)   :  0.013 0.008 0.014 0.253 0.080 0.220 0.122 0.134 0.155 
523    (0)   :  0.006 0.010 0.030 0.080 0.075 0.371 0.178 0.099 0.151 
524    (0)   :  0.006 0.079 0.018 0.121 0.111 0.146 0.160 0.198 0.161 
525    (0)   :  0.049 0.015 0.020 0.111 0.112 0.162 0.236 0.190 0.106 
