

----------------------------------------------------
STRUCTURE by Pritchard, Stephens and Donnelly (2000)
     and Falush, Stephens and Pritchard (2003)
       Code by Pritchard, Falush and Hubisz
             Version 2.3.4 (Jul 2012)
----------------------------------------------------



Command line arguments:   ./structure -K 7 -D 107018 -m brooktrout/mainparams -e brooktrout/extraparams -o brooktrout/250914_output/results_K7_rep18 
Input File:    brooktrout/brooktrout.txt

Run parameters:
   8454 individuals
   5 loci
   7 populations assumed
   50000 Burn-in period
   100000 Reps
RANDOMIZE turned off


--------------------------------------------
Overall proportion of membership of the
sample in each of the 7 clusters

Inferred Clusters
  1      2      3      4      5      6      7    
0.017  0.024  0.047  0.176  0.225  0.240  0.271  

--------------------------------------------

Allele-freq. divergence among pops (Net nucleotide distance),
computed using point estimates of P.

      1       2       3       4       5       6       7      
 1      -    0.1322  0.1490  0.0884  0.0928  0.0714  0.0886  
 2   0.1322     -    0.1716  0.1342  0.1724  0.1412  0.1125  
 3   0.1490  0.1716     -    0.1227  0.1963  0.1031  0.1622  
 4   0.0884  0.1342  0.1227     -    0.1605  0.0617  0.0841  
 5   0.0928  0.1724  0.1963  0.1605     -    0.1346  0.0934  
 6   0.0714  0.1412  0.1031  0.0617  0.1346     -    0.0861  
 7   0.0886  0.1125  0.1622  0.0841  0.0934  0.0861     -    

Average distances (expected heterozygosity) between individuals in same cluster:
cluster  1  : 0.8431 
cluster  2  : 0.7766 
cluster  3  : 0.6892 
cluster  4  : 0.7870 
cluster  5  : 0.7186 
cluster  6  : 0.7607 
cluster  7  : 0.8063 

--------------------------------------------
Estimated Ln Prob of Data   = -184586.7
Mean value of ln likelihood = -172061.4
Variance of ln likelihood   = 25050.5

Mean value of alpha_1       = 0.0485
Mean value of alpha_2       = 0.0649
Mean value of alpha_3       = 0.1287
Mean value of alpha_4       = 0.4894
Mean value of alpha_5       = 0.6183
Mean value of alpha_6       = 0.6804
Mean value of alpha_7       = 0.7813
Allele frequencies uncorrelated


Inferred ancestry of individuals:
     (%Miss) :  Inferred clusters
  1    (0)   :  0.012 0.066 0.030 0.121 0.308 0.283 0.180 
  2    (0)   :  0.006 0.006 0.015 0.108 0.091 0.189 0.584 
  3    (0)   :  0.012 0.011 0.041 0.091 0.227 0.395 0.222 
  4    (0)   :  0.022 0.007 0.033 0.112 0.503 0.112 0.211 
  5    (0)   :  0.010 0.007 0.017 0.127 0.095 0.236 0.509 
  6    (0)   :  0.008 0.007 0.017 0.087 0.103 0.653 0.125 
  7    (0)   :  0.012 0.007 0.024 0.385 0.095 0.353 0.125 
  8    (0)   :  0.087 0.009 0.038 0.126 0.326 0.266 0.149 
  9    (0)   :  0.020 0.016 0.019 0.118 0.170 0.336 0.321 
 10    (0)   :  0.039 0.009 0.020 0.136 0.222 0.442 0.133 
 11    (0)   :  0.007 0.016 0.024 0.384 0.095 0.346 0.128 
 12    (0)   :  0.009 0.006 0.015 0.136 0.148 0.251 0.435 
 13    (0)   :  0.012 0.009 0.019 0.161 0.144 0.380 0.275 
 14    (0)   :  0.010 0.008 0.036 0.076 0.150 0.197 0.522 
 15    (0)   :  0.010 0.006 0.054 0.143 0.274 0.173 0.340 
 16    (0)   :  0.007 0.016 0.024 0.108 0.130 0.551 0.165 
 17    (0)   :  0.024 0.010 0.023 0.105 0.135 0.422 0.281 
 18    (0)   :  0.021 0.011 0.044 0.075 0.164 0.342 0.343 
 19    (0)   :  0.008 0.007 0.017 0.106 0.124 0.568 0.169 
 20    (0)   :  0.009 0.007 0.037 0.208 0.145 0.218 0.375 
 21    (0)   :  0.009 0.016 0.025 0.083 0.249 0.209 0.410 
 22    (0)   :  0.011 0.010 0.018 0.075 0.159 0.570 0.158 
 23    (0)   :  0.020 0.018 0.038 0.110 0.296 0.146 0.371 
 24    (0)   :  0.007 0.015 0.026 0.095 0.275 0.380 0.203 
 25    (0)   :  0.011 0.006 0.036 0.209 0.073 0.425 0.239 
 26    (0)   :  0.017 0.008 0.027 0.100 0.222 0.351 0.275 
 27    (0)   :  0.011 0.014 0.021 0.101 0.162 0.407 0.285 
 28    (0)   :  0.025 0.017 0.025 0.174 0.359 0.242 0.156 
 29    (0)   :  0.006 0.010 0.016 0.195 0.121 0.243 0.409 
 30    (0)   :  0.007 0.013 0.020 0.071 0.127 0.551 0.211 
 31    (0)   :  0.059 0.014 0.018 0.151 0.183 0.257 0.317 
 32    (0)   :  0.010 0.007 0.033 0.108 0.257 0.321 0.265 
 33    (0)   :  0.007 0.022 0.031 0.156 0.233 0.328 0.223 
 34    (0)   :  0.036 0.013 0.036 0.302 0.139 0.354 0.120 
 35    (0)   :  0.022 0.031 0.015 0.086 0.097 0.315 0.435 
 36    (0)   :  0.007 0.080 0.145 0.075 0.109 0.186 0.398 
 37    (0)   :  0.014 0.009 0.017 0.114 0.237 0.234 0.376 
 38    (0)   :  0.007 0.068 0.311 0.176 0.077 0.156 0.205 
 39    (0)   :  0.010 0.043 0.047 0.182 0.110 0.276 0.332 
 40    (0)   :  0.007 0.052 0.027 0.061 0.175 0.197 0.482 
 41    (0)   :  0.008 0.327 0.039 0.113 0.079 0.164 0.270 
 42    (0)   :  0.007 0.186 0.069 0.077 0.354 0.127 0.179 
 43    (0)   :  0.013 0.026 0.016 0.114 0.153 0.160 0.518 
 44    (0)   :  0.011 0.052 0.013 0.079 0.088 0.234 0.521 
 45    (0)   :  0.007 0.146 0.066 0.094 0.075 0.174 0.439 
 46    (0)   :  0.019 0.015 0.019 0.115 0.102 0.378 0.353 
 47    (0)   :  0.042 0.021 0.014 0.103 0.136 0.398 0.286 
 48    (0)   :  0.015 0.044 0.018 0.059 0.091 0.216 0.557 
 49    (0)   :  0.014 0.055 0.025 0.109 0.129 0.272 0.396 
 50    (0)   :  0.025 0.016 0.021 0.161 0.130 0.417 0.230 
 51    (0)   :  0.006 0.265 0.071 0.062 0.082 0.100 0.415 
 52    (0)   :  0.013 0.089 0.029 0.180 0.142 0.282 0.265 
 53    (0)   :  0.011 0.035 0.198 0.128 0.136 0.300 0.192 
 54    (0)   :  0.017 0.020 0.011 0.106 0.149 0.212 0.483 
 55    (0)   :  0.011 0.011 0.016 0.088 0.103 0.145 0.627 
 56    (0)   :  0.010 0.024 0.037 0.064 0.135 0.251 0.478 
 57    (0)   :  0.044 0.011 0.020 0.131 0.266 0.372 0.155 
 58    (0)   :  0.008 0.041 0.028 0.104 0.121 0.163 0.535 
 59    (0)   :  0.007 0.142 0.101 0.109 0.121 0.176 0.345 
 60    (0)   :  0.008 0.030 0.040 0.077 0.192 0.143 0.510 
 61    (0)   :  0.006 0.014 0.012 0.068 0.153 0.086 0.661 
 62    (0)   :  0.030 0.033 0.019 0.114 0.129 0.318 0.357 
 63    (0)   :  0.006 0.015 0.030 0.197 0.181 0.168 0.402 
 64    (0)   :  0.009 0.018 0.041 0.103 0.088 0.458 0.282 
 65    (0)   :  0.008 0.009 0.018 0.412 0.073 0.223 0.257 
 66    (0)   :  0.009 0.009 0.018 0.137 0.229 0.141 0.458 
 67    (0)   :  0.009 0.017 0.012 0.098 0.088 0.156 0.620 
 68    (0)   :  0.010 0.128 0.111 0.102 0.145 0.168 0.336 
 69    (0)   :  0.056 0.127 0.226 0.146 0.143 0.153 0.148 
 70    (0)   :  0.007 0.032 0.087 0.182 0.158 0.144 0.389 
 71    (0)   :  0.007 0.143 0.081 0.099 0.066 0.158 0.446 
 72    (0)   :  0.009 0.022 0.040 0.102 0.091 0.403 0.334 
 73    (0)   :  0.007 0.040 0.020 0.112 0.075 0.126 0.618 
 74    (0)   :  0.006 0.070 0.140 0.072 0.191 0.183 0.337 
 75    (0)   :  0.009 0.076 0.092 0.056 0.215 0.146 0.406 
 76    (0)   :  0.008 0.013 0.020 0.224 0.108 0.174 0.454 
 77    (0)   :  0.005 0.230 0.081 0.156 0.076 0.144 0.308 
 78    (0)   :  0.006 0.228 0.201 0.133 0.081 0.123 0.227 
 79    (0)   :  0.007 0.007 0.023 0.268 0.106 0.394 0.194 
 80    (0)   :  0.008 0.008 0.018 0.140 0.513 0.158 0.156 
 81    (0)   :  0.009 0.006 0.021 0.187 0.410 0.217 0.149 
 82    (0)   :  0.007 0.010 0.019 0.145 0.174 0.155 0.490 
 83    (0)   :  0.008 0.006 0.054 0.177 0.296 0.220 0.239 
 84    (0)   :  0.007 0.007 0.030 0.251 0.280 0.236 0.189 
 85    (0)   :  0.007 0.006 0.057 0.108 0.325 0.276 0.222 
 86    (0)   :  0.011 0.015 0.019 0.139 0.096 0.225 0.495 
 87    (0)   :  0.010 0.007 0.047 0.378 0.116 0.204 0.238 
 88    (0)   :  0.008 0.007 0.020 0.207 0.330 0.168 0.260 
 89    (0)   :  0.013 0.008 0.019 0.150 0.380 0.181 0.250 
 90    (0)   :  0.007 0.006 0.022 0.417 0.133 0.186 0.229 
 91    (0)   :  0.007 0.006 0.055 0.103 0.480 0.167 0.181 
 92    (0)   :  0.008 0.006 0.022 0.214 0.170 0.274 0.307 
 93    (0)   :  0.015 0.009 0.014 0.070 0.646 0.111 0.135 
 94    (0)   :  0.006 0.008 0.113 0.475 0.102 0.170 0.127 
 95    (0)   :  0.007 0.007 0.020 0.395 0.255 0.122 0.194 
 96    (0)   :  0.006 0.016 0.014 0.078 0.253 0.090 0.544 
 97    (0)   :  0.008 0.033 0.112 0.063 0.197 0.182 0.405 
 98    (0)   :  0.005 0.029 0.018 0.086 0.137 0.231 0.494 
 99    (0)   :  0.007 0.007 0.025 0.290 0.260 0.218 0.192 
100    (0)   :  0.009 0.008 0.013 0.065 0.517 0.104 0.285 
101    (0)   :  0.019 0.008 0.046 0.233 0.156 0.176 0.363 
102    (0)   :  0.009 0.015 0.048 0.211 0.361 0.112 0.245 
103    (0)   :  0.017 0.009 0.017 0.232 0.189 0.118 0.417 
104    (0)   :  0.009 0.007 0.016 0.488 0.129 0.136 0.215 
105    (0)   :  0.018 0.014 0.014 0.391 0.179 0.103 0.282 
106    (0)   :  0.006 0.009 0.034 0.467 0.060 0.258 0.166 
107    (0)   :  0.012 0.009 0.016 0.369 0.171 0.113 0.310 
108    (0)   :  0.006 0.006 0.203 0.077 0.086 0.102 0.519 
109    (0)   :  0.013 0.067 0.054 0.394 0.062 0.173 0.237 
110    (0)   :  0.007 0.012 0.033 0.542 0.067 0.219 0.120 
111    (0)   :  0.007 0.011 0.014 0.608 0.089 0.099 0.171 
112    (0)   :  0.007 0.102 0.026 0.534 0.069 0.114 0.149 
113    (0)   :  0.011 0.013 0.033 0.137 0.129 0.196 0.483 
114    (0)   :  0.010 0.011 0.015 0.482 0.159 0.123 0.200 
115    (0)   :  0.010 0.018 0.022 0.397 0.114 0.126 0.314 
116    (0)   :  0.008 0.026 0.065 0.312 0.064 0.183 0.342 
117    (0)   :  0.011 0.039 0.029 0.527 0.088 0.185 0.122 
118    (0)   :  0.007 0.010 0.022 0.234 0.085 0.122 0.520 
119    (0)   :  0.006 0.014 0.042 0.145 0.275 0.100 0.419 
120    (0)   :  0.009 0.018 0.021 0.391 0.118 0.138 0.306 
121    (0)   :  0.039 0.050 0.029 0.394 0.083 0.125 0.281 
122    (0)   :  0.007 0.016 0.026 0.431 0.081 0.255 0.184 
123    (0)   :  0.007 0.011 0.034 0.493 0.111 0.141 0.203 
124    (0)   :  0.012 0.055 0.033 0.328 0.078 0.216 0.279 
125    (0)   :  0.008 0.104 0.054 0.262 0.098 0.323 0.151 
126    (0)   :  0.005 0.017 0.041 0.338 0.120 0.177 0.302 
127    (0)   :  0.007 0.007 0.014 0.577 0.092 0.091 0.211 
128    (0)   :  0.006 0.010 0.013 0.189 0.084 0.139 0.559 
129    (0)   :  0.015 0.009 0.015 0.396 0.074 0.114 0.378 
130    (0)   :  0.013 0.012 0.016 0.454 0.167 0.133 0.206 
131    (0)   :  0.014 0.108 0.166 0.279 0.065 0.185 0.184 
132    (0)   :  0.008 0.012 0.025 0.385 0.066 0.231 0.274 
133    (0)   :  0.013 0.012 0.022 0.418 0.112 0.121 0.303 
134    (0)   :  0.005 0.015 0.020 0.627 0.052 0.170 0.111 
135    (0)   :  0.009 0.018 0.023 0.061 0.401 0.097 0.391 
136    (0)   :  0.013 0.009 0.015 0.052 0.620 0.150 0.142 
137    (0)   :  0.009 0.010 0.016 0.109 0.654 0.097 0.105 
138    (0)   :  0.007 0.009 0.020 0.053 0.681 0.107 0.123 
139    (0)   :  0.008 0.010 0.017 0.060 0.248 0.133 0.524 
140    (0)   :  0.010 0.015 0.023 0.097 0.421 0.172 0.263 
141    (0)   :  0.029 0.011 0.023 0.055 0.495 0.220 0.168 
142    (0)   :  0.010 0.017 0.020 0.057 0.388 0.092 0.417 
143    (0)   :  0.006 0.007 0.013 0.048 0.736 0.081 0.110 
144    (0)   :  0.007 0.010 0.015 0.106 0.664 0.085 0.114 
145    (0)   :  0.015 0.014 0.022 0.056 0.403 0.244 0.246 
146    (0)   :  0.015 0.012 0.024 0.113 0.458 0.201 0.178 
147    (0)   :  0.008 0.007 0.014 0.049 0.733 0.092 0.096 
148    (0)   :  0.023 0.014 0.015 0.080 0.452 0.162 0.254 
149    (0)   :  0.045 0.018 0.023 0.053 0.528 0.115 0.218 
150    (0)   :  0.011 0.012 0.015 0.151 0.500 0.125 0.186 
151    (0)   :  0.007 0.008 0.013 0.068 0.644 0.099 0.160 
152    (0)   :  0.014 0.011 0.034 0.069 0.415 0.160 0.298 
153    (0)   :  0.009 0.019 0.021 0.069 0.593 0.127 0.161 
154    (0)   :  0.073 0.011 0.017 0.051 0.502 0.139 0.207 
155    (0)   :  0.008 0.007 0.013 0.068 0.681 0.092 0.132 
156    (0)   :  0.006 0.015 0.013 0.072 0.562 0.077 0.255 
157    (0)   :  0.009 0.008 0.021 0.155 0.589 0.106 0.113 
158    (0)   :  0.015 0.014 0.025 0.056 0.467 0.234 0.188 
159    (0)   :  0.033 0.007 0.015 0.050 0.697 0.089 0.110 
160    (0)   :  0.038 0.007 0.014 0.050 0.671 0.091 0.130 
161    (0)   :  0.008 0.016 0.022 0.078 0.538 0.162 0.176 
162    (0)   :  0.022 0.011 0.021 0.103 0.386 0.210 0.247 
163    (0)   :  0.006 0.010 0.013 0.062 0.686 0.081 0.141 
164    (0)   :  0.067 0.008 0.018 0.098 0.415 0.157 0.238 
165    (0)   :  0.008 0.011 0.015 0.149 0.558 0.101 0.157 
166    (0)   :  0.045 0.007 0.064 0.145 0.418 0.105 0.216 
167    (0)   :  0.129 0.007 0.018 0.073 0.482 0.172 0.119 
168    (0)   :  0.008 0.009 0.057 0.063 0.560 0.126 0.177 
169    (0)   :  0.017 0.038 0.095 0.054 0.331 0.296 0.168 
170    (0)   :  0.006 0.013 0.014 0.072 0.508 0.100 0.286 
171    (0)   :  0.010 0.006 0.039 0.075 0.442 0.158 0.270 
172    (0)   :  0.013 0.098 0.081 0.051 0.388 0.139 0.230 
173    (0)   :  0.011 0.007 0.013 0.050 0.657 0.092 0.169 
174    (0)   :  0.010 0.007 0.014 0.069 0.664 0.110 0.125 
175    (0)   :  0.008 0.010 0.014 0.050 0.650 0.142 0.126 
176    (0)   :  0.007 0.010 0.015 0.106 0.666 0.085 0.112 
177    (0)   :  0.010 0.012 0.036 0.161 0.478 0.155 0.147 
178    (0)   :  0.013 0.007 0.015 0.070 0.558 0.200 0.137 
179    (0)   :  0.017 0.006 0.014 0.050 0.707 0.094 0.113 
180    (0)   :  0.023 0.013 0.024 0.081 0.513 0.179 0.167 
181    (0)   :  0.012 0.013 0.021 0.055 0.473 0.136 0.290 
182    (0)   :  0.012 0.008 0.014 0.052 0.578 0.083 0.253 
183    (0)   :  0.009 0.007 0.014 0.051 0.683 0.098 0.139 
184    (0)   :  0.012 0.006 0.019 0.091 0.094 0.241 0.537 
185    (0)   :  0.006 0.017 0.013 0.046 0.618 0.068 0.233 
186    (0)   :  0.009 0.006 0.013 0.154 0.093 0.262 0.461 
187    (0)   :  0.007 0.006 0.015 0.087 0.310 0.155 0.419 
188    (0)   :  0.010 0.007 0.012 0.125 0.072 0.223 0.551 
189    (0)   :  0.007 0.009 0.063 0.072 0.295 0.269 0.285 
190    (0)   :  0.005 0.010 0.012 0.048 0.222 0.063 0.640 
191    (0)   :  0.007 0.007 0.013 0.074 0.133 0.161 0.605 
192    (0)   :  0.006 0.007 0.015 0.120 0.309 0.191 0.351 
193    (0)   :  0.006 0.008 0.016 0.077 0.231 0.195 0.467 
194    (0)   :  0.008 0.010 0.016 0.103 0.286 0.147 0.431 
195    (0)   :  0.007 0.008 0.012 0.050 0.351 0.084 0.488 
196    (0)   :  0.005 0.009 0.014 0.065 0.196 0.082 0.628 
197    (0)   :  0.009 0.008 0.015 0.128 0.196 0.293 0.352 
198    (0)   :  0.006 0.009 0.021 0.113 0.198 0.266 0.387 
199    (0)   :  0.007 0.009 0.020 0.068 0.160 0.091 0.646 
200    (0)   :  0.006 0.010 0.027 0.066 0.178 0.144 0.570 
201    (0)   :  0.006 0.006 0.012 0.059 0.465 0.101 0.351 
202    (0)   :  0.006 0.010 0.012 0.069 0.472 0.080 0.352 
203    (0)   :  0.007 0.007 0.012 0.057 0.432 0.089 0.396 
204    (0)   :  0.007 0.008 0.012 0.055 0.174 0.081 0.664 
205    (0)   :  0.006 0.008 0.020 0.069 0.141 0.116 0.641 
206    (0)   :  0.008 0.007 0.012 0.055 0.202 0.107 0.609 
207    (0)   :  0.006 0.007 0.011 0.071 0.103 0.089 0.713 
208    (0)   :  0.006 0.006 0.012 0.060 0.278 0.092 0.547 
209    (0)   :  0.006 0.008 0.013 0.074 0.171 0.163 0.566 
210    (0)   :  0.006 0.007 0.011 0.069 0.199 0.098 0.609 
211    (0)   :  0.008 0.010 0.012 0.092 0.226 0.080 0.572 
212    (0)   :  0.006 0.010 0.014 0.055 0.484 0.133 0.299 
213    (0)   :  0.006 0.019 0.020 0.116 0.174 0.134 0.532 
214    (0)   :  0.006 0.008 0.012 0.056 0.475 0.096 0.347 
215    (0)   :  0.006 0.007 0.019 0.078 0.108 0.107 0.676 
216    (0)   :  0.011 0.006 0.018 0.099 0.121 0.266 0.478 
217    (0)   :  0.006 0.007 0.017 0.054 0.400 0.105 0.410 
218    (0)   :  0.007 0.006 0.018 0.081 0.167 0.132 0.587 
219    (0)   :  0.014 0.006 0.030 0.082 0.279 0.267 0.322 
220    (0)   :  0.007 0.007 0.011 0.065 0.129 0.100 0.681 
221    (0)   :  0.006 0.016 0.012 0.046 0.571 0.074 0.276 
222    (0)   :  0.011 0.006 0.018 0.100 0.180 0.339 0.347 
223    (0)   :  0.006 0.006 0.020 0.085 0.381 0.167 0.334 
224    (0)   :  0.009 0.007 0.012 0.059 0.374 0.108 0.431 
225    (0)   :  0.006 0.008 0.015 0.066 0.178 0.107 0.619 
226    (0)   :  0.009 0.008 0.113 0.075 0.191 0.159 0.445 
227    (0)   :  0.006 0.010 0.012 0.071 0.262 0.090 0.549 
228    (0)   :  0.006 0.013 0.012 0.047 0.316 0.076 0.531 
229    (0)   :  0.008 0.007 0.012 0.072 0.396 0.134 0.371 
230    (0)   :  0.007 0.007 0.012 0.066 0.297 0.107 0.504 
231    (0)   :  0.007 0.007 0.013 0.064 0.332 0.178 0.400 
232    (0)   :  0.008 0.015 0.025 0.094 0.287 0.168 0.403 
233    (0)   :  0.006 0.007 0.012 0.058 0.536 0.099 0.283 
234    (0)   :  0.006 0.007 0.016 0.099 0.244 0.238 0.391 
235    (0)   :  0.007 0.008 0.022 0.068 0.318 0.151 0.426 
236    (0)   :  0.006 0.007 0.016 0.073 0.394 0.136 0.368 
237    (0)   :  0.006 0.008 0.013 0.065 0.117 0.103 0.689 
238    (0)   :  0.006 0.008 0.012 0.076 0.462 0.117 0.319 
239    (0)   :  0.007 0.008 0.012 0.050 0.356 0.086 0.483 
240    (0)   :  0.006 0.009 0.012 0.076 0.461 0.116 0.321 
241    (0)   :  0.008 0.008 0.016 0.060 0.435 0.100 0.373 
242    (0)   :  0.008 0.009 0.027 0.068 0.228 0.210 0.450 
243    (0)   :  0.005 0.008 0.012 0.053 0.199 0.070 0.653 
244    (0)   :  0.007 0.007 0.012 0.057 0.372 0.095 0.451 
245    (0)   :  0.006 0.010 0.012 0.063 0.589 0.089 0.232 
246    (0)   :  0.006 0.007 0.017 0.054 0.396 0.106 0.414 
247    (0)   :  0.005 0.009 0.027 0.218 0.084 0.178 0.479 
248    (0)   :  0.005 0.006 0.014 0.090 0.086 0.112 0.686 
249    (0)   :  0.007 0.008 0.012 0.066 0.377 0.108 0.422 
250    (0)   :  0.007 0.007 0.015 0.086 0.314 0.154 0.418 
251    (0)   :  0.007 0.008 0.049 0.091 0.150 0.220 0.477 
252    (0)   :  0.007 0.008 0.015 0.074 0.282 0.134 0.480 
253    (0)   :  0.006 0.009 0.027 0.116 0.121 0.142 0.580 
254    (0)   :  0.010 0.006 0.014 0.088 0.192 0.265 0.424 
255    (0)   :  0.007 0.008 0.013 0.083 0.257 0.232 0.401 
256    (0)   :  0.007 0.008 0.014 0.063 0.288 0.106 0.515 
257    (0)   :  0.020 0.008 0.016 0.087 0.207 0.122 0.540 
258    (0)   :  0.005 0.010 0.016 0.096 0.147 0.140 0.585 
259    (0)   :  0.008 0.007 0.014 0.080 0.204 0.137 0.550 
260    (0)   :  0.010 0.006 0.015 0.092 0.362 0.279 0.235 
261    (0)   :  0.006 0.008 0.016 0.063 0.359 0.116 0.432 
262    (0)   :  0.006 0.009 0.016 0.046 0.303 0.074 0.547 
263    (0)   :  0.012 0.007 0.011 0.073 0.113 0.157 0.627 
264    (0)   :  0.012 0.007 0.018 0.090 0.071 0.453 0.348 
265    (0)   :  0.006 0.007 0.021 0.075 0.252 0.168 0.470 
266    (0)   :  0.006 0.010 0.012 0.047 0.551 0.074 0.300 
267    (0)   :  0.006 0.008 0.013 0.084 0.247 0.161 0.483 
268    (0)   :  0.005 0.009 0.014 0.065 0.195 0.081 0.630 
269    (0)   :  0.006 0.007 0.039 0.075 0.272 0.285 0.317 
270    (0)   :  0.012 0.007 0.014 0.100 0.125 0.253 0.489 
271    (0)   :  0.006 0.007 0.019 0.089 0.141 0.123 0.614 
272    (0)   :  0.007 0.008 0.106 0.079 0.147 0.118 0.535 
273    (0)   :  0.068 0.016 0.037 0.105 0.250 0.209 0.316 
274    (0)   :  0.007 0.007 0.028 0.083 0.173 0.168 0.535 
275    (0)   :  0.017 0.010 0.041 0.071 0.202 0.166 0.492 
276    (0)   :  0.008 0.010 0.069 0.083 0.120 0.111 0.599 
277    (0)   :  0.007 0.006 0.020 0.084 0.322 0.188 0.373 
278    (0)   :  0.005 0.007 0.018 0.068 0.130 0.096 0.676 
279    (0)   :  0.007 0.006 0.019 0.079 0.223 0.148 0.517 
280    (0)   :  0.006 0.009 0.032 0.068 0.201 0.206 0.479 
281    (0)   :  0.007 0.007 0.018 0.101 0.176 0.160 0.531 
282    (0)   :  0.006 0.006 0.016 0.078 0.484 0.167 0.243 
283    (0)   :  0.007 0.007 0.012 0.075 0.521 0.118 0.260 
284    (0)   :  0.007 0.009 0.016 0.108 0.307 0.146 0.406 
285    (0)   :  0.005 0.009 0.019 0.086 0.065 0.132 0.683 
286    (0)   :  0.007 0.007 0.011 0.057 0.372 0.094 0.452 
287    (0)   :  0.008 0.006 0.029 0.098 0.251 0.229 0.380 
288    (0)   :  0.008 0.007 0.072 0.077 0.145 0.140 0.550 
289    (0)   :  0.010 0.011 0.057 0.115 0.129 0.141 0.537 
290    (0)   :  0.010 0.026 0.018 0.065 0.167 0.216 0.498 
291    (0)   :  0.006 0.007 0.019 0.088 0.140 0.122 0.618 
292    (0)   :  0.006 0.012 0.034 0.060 0.231 0.161 0.495 
293    (0)   :  0.006 0.022 0.018 0.075 0.106 0.292 0.481 
294    (0)   :  0.014 0.008 0.015 0.070 0.097 0.155 0.641 
295    (0)   :  0.011 0.015 0.064 0.092 0.160 0.138 0.520 
296    (0)   :  0.006 0.007 0.018 0.080 0.134 0.102 0.653 
297    (0)   :  0.007 0.009 0.031 0.076 0.149 0.254 0.474 
298    (0)   :  0.007 0.007 0.015 0.093 0.398 0.200 0.281 
299    (0)   :  0.014 0.007 0.012 0.084 0.140 0.240 0.503 
300    (0)   :  0.007 0.009 0.015 0.063 0.091 0.119 0.696 
301    (0)   :  0.013 0.007 0.022 0.083 0.122 0.268 0.485 
302    (0)   :  0.014 0.010 0.016 0.068 0.103 0.137 0.652 
303    (0)   :  0.007 0.011 0.016 0.062 0.365 0.149 0.390 
304    (0)   :  0.011 0.008 0.013 0.111 0.396 0.298 0.163 
305    (0)   :  0.009 0.009 0.016 0.048 0.243 0.089 0.587 
306    (0)   :  0.007 0.007 0.023 0.062 0.407 0.131 0.363 
307    (0)   :  0.009 0.007 0.019 0.082 0.281 0.159 0.443 
308    (0)   :  0.006 0.008 0.016 0.063 0.362 0.116 0.429 
309    (0)   :  0.029 0.023 0.024 0.102 0.132 0.113 0.577 
310    (0)   :  0.005 0.008 0.012 0.053 0.265 0.085 0.573 
311    (0)   :  0.008 0.007 0.012 0.066 0.297 0.107 0.503 
312    (0)   :  0.006 0.008 0.012 0.077 0.126 0.088 0.683 
313    (0)   :  0.006 0.008 0.014 0.064 0.083 0.084 0.741 
314    (0)   :  0.017 0.014 0.016 0.047 0.701 0.078 0.127 
315    (0)   :  0.022 0.009 0.032 0.058 0.640 0.095 0.144 
316    (0)   :  0.058 0.008 0.052 0.063 0.592 0.114 0.114 
317    (0)   :  0.020 0.008 0.017 0.049 0.726 0.083 0.097 
318    (0)   :  0.054 0.007 0.017 0.049 0.699 0.090 0.083 
319    (0)   :  0.006 0.007 0.013 0.049 0.728 0.081 0.115 
320    (0)   :  0.017 0.013 0.017 0.048 0.701 0.077 0.127 
321    (0)   :  0.041 0.009 0.018 0.049 0.699 0.092 0.092 
322    (0)   :  0.022 0.009 0.049 0.063 0.604 0.103 0.149 
323    (0)   :  0.029 0.006 0.014 0.050 0.720 0.090 0.091 
324    (0)   :  0.042 0.009 0.018 0.050 0.696 0.093 0.093 
325    (0)   :  0.062 0.008 0.050 0.060 0.612 0.104 0.103 
326    (0)   :  0.087 0.011 0.076 0.062 0.563 0.099 0.102 
327    (0)   :  0.019 0.009 0.017 0.049 0.725 0.083 0.097 
328    (0)   :  0.020 0.007 0.036 0.061 0.629 0.104 0.142 
329    (0)   :  0.008 0.006 0.014 0.049 0.751 0.088 0.084 
330    (0)   :  0.020 0.009 0.017 0.049 0.723 0.084 0.097 
331    (0)   :  0.018 0.006 0.014 0.048 0.733 0.089 0.092 
332    (0)   :  0.092 0.008 0.060 0.062 0.570 0.109 0.100 
333    (0)   :  0.069 0.009 0.051 0.062 0.590 0.099 0.121 
334    (0)   :  0.021 0.008 0.036 0.061 0.628 0.104 0.142 
335    (0)   :  0.010 0.007 0.034 0.061 0.661 0.094 0.133 
336    (0)   :  0.079 0.012 0.019 0.049 0.651 0.088 0.104 
337    (0)   :  0.050 0.010 0.052 0.061 0.602 0.105 0.120 
338    (0)   :  0.073 0.008 0.018 0.050 0.676 0.094 0.081 
339    (0)   :  0.019 0.006 0.014 0.049 0.731 0.088 0.092 
340    (0)   :  0.008 0.006 0.013 0.048 0.750 0.079 0.096 
341    (0)   :  0.049 0.008 0.018 0.051 0.687 0.089 0.097 
342    (0)   :  0.020 0.009 0.017 0.049 0.726 0.083 0.096 
343    (0)   :  0.025 0.012 0.036 0.059 0.606 0.097 0.164 
344    (0)   :  0.017 0.006 0.014 0.049 0.742 0.089 0.084 
345    (0)   :  0.020 0.009 0.017 0.049 0.726 0.083 0.097 
346    (0)   :  0.026 0.007 0.017 0.049 0.732 0.081 0.088 
347    (0)   :  0.008 0.006 0.013 0.048 0.758 0.079 0.088 
348    (0)   :  0.008 0.010 0.030 0.057 0.623 0.085 0.186 
349    (0)   :  0.020 0.009 0.017 0.049 0.724 0.083 0.097 
350    (0)   :  0.008 0.008 0.013 0.047 0.712 0.083 0.128 
351    (0)   :  0.008 0.007 0.034 0.061 0.665 0.093 0.132 
352    (0)   :  0.029 0.010 0.048 0.061 0.629 0.095 0.130 
353    (0)   :  0.078 0.012 0.019 0.049 0.650 0.088 0.105 
354    (0)   :  0.026 0.007 0.015 0.050 0.723 0.091 0.087 
355    (0)   :  0.053 0.008 0.017 0.050 0.698 0.091 0.083 
356    (0)   :  0.005 0.010 0.030 0.057 0.623 0.085 0.189 
357    (0)   :  0.007 0.006 0.063 0.077 0.441 0.264 0.141 
358    (0)   :  0.059 0.007 0.038 0.061 0.624 0.106 0.106 
359    (0)   :  0.053 0.006 0.015 0.049 0.695 0.091 0.092 
360    (0)   :  0.024 0.007 0.017 0.049 0.733 0.082 0.087 
361    (0)   :  0.007 0.008 0.062 0.079 0.397 0.269 0.179 
362    (0)   :  0.009 0.012 0.094 0.168 0.111 0.293 0.314 
363    (0)   :  0.008 0.013 0.047 0.236 0.080 0.408 0.208 
364    (0)   :  0.023 0.010 0.023 0.112 0.257 0.359 0.217 
365    (0)   :  0.024 0.020 0.052 0.100 0.089 0.542 0.174 
366    (0)   :  0.008 0.017 0.046 0.074 0.146 0.309 0.400 
367    (0)   :  0.006 0.009 0.059 0.505 0.062 0.253 0.106 
368    (0)   :  0.007 0.007 0.021 0.264 0.107 0.299 0.296 
369    (0)   :  0.012 0.071 0.021 0.088 0.245 0.264 0.299 
370    (0)   :  0.027 0.013 0.025 0.308 0.122 0.199 0.306 
371    (0)   :  0.019 0.016 0.021 0.104 0.144 0.394 0.302 
372    (0)   :  0.094 0.021 0.033 0.180 0.132 0.169 0.370 
373    (0)   :  0.007 0.010 0.019 0.278 0.160 0.330 0.194 
374    (0)   :  0.010 0.020 0.054 0.134 0.284 0.302 0.197 
375    (0)   :  0.022 0.012 0.024 0.202 0.073 0.526 0.140 
376    (0)   :  0.083 0.016 0.053 0.146 0.072 0.530 0.099 
377    (0)   :  0.012 0.011 0.057 0.132 0.107 0.346 0.335 
378    (0)   :  0.010 0.010 0.021 0.422 0.241 0.129 0.167 
379    (0)   :  0.153 0.032 0.052 0.162 0.064 0.420 0.117 
380    (0)   :  0.014 0.042 0.139 0.064 0.185 0.369 0.187 
381    (0)   :  0.010 0.040 0.029 0.057 0.162 0.500 0.201 
382    (0)   :  0.007 0.007 0.027 0.224 0.089 0.519 0.128 
383    (0)   :  0.055 0.021 0.164 0.062 0.163 0.401 0.134 
384    (0)   :  0.102 0.024 0.038 0.127 0.136 0.455 0.117 
385    (0)   :  0.057 0.055 0.019 0.211 0.204 0.304 0.150 
386    (0)   :  0.005 0.009 0.043 0.240 0.080 0.467 0.155 
387    (0)   :  0.006 0.010 0.036 0.235 0.100 0.455 0.158 
388    (0)   :  0.026 0.020 0.028 0.165 0.255 0.347 0.160 
389    (0)   :  0.019 0.017 0.021 0.108 0.086 0.141 0.609 
390    (0)   :  0.020 0.087 0.104 0.293 0.079 0.218 0.199 
391    (0)   :  0.023 0.030 0.037 0.248 0.131 0.171 0.360 
392    (0)   :  0.009 0.010 0.028 0.128 0.151 0.501 0.173 
393    (0)   :  0.010 0.155 0.123 0.084 0.149 0.352 0.127 
394    (0)   :  0.011 0.007 0.060 0.215 0.281 0.250 0.176 
395    (0)   :  0.005 0.024 0.121 0.161 0.088 0.194 0.408 
396    (0)   :  0.006 0.007 0.016 0.205 0.063 0.542 0.160 
397    (0)   :  0.104 0.007 0.015 0.080 0.180 0.295 0.319 
398    (0)   :  0.037 0.019 0.168 0.256 0.070 0.333 0.117 
399    (0)   :  0.007 0.017 0.060 0.464 0.090 0.140 0.222 
400    (0)   :  0.008 0.012 0.023 0.220 0.122 0.480 0.135 
401    (0)   :  0.005 0.019 0.028 0.398 0.129 0.179 0.242 
402    (0)   :  0.008 0.009 0.020 0.174 0.114 0.344 0.330 
403    (0)   :  0.010 0.012 0.031 0.154 0.382 0.209 0.203 
404    (0)   :  0.010 0.021 0.017 0.127 0.163 0.439 0.223 
405    (0)   :  0.006 0.008 0.061 0.108 0.129 0.373 0.314 
406    (0)   :  0.005 0.015 0.338 0.064 0.196 0.116 0.265 
407    (0)   :  0.005 0.014 0.085 0.098 0.065 0.612 0.121 
408    (0)   :  0.005 0.009 0.018 0.385 0.060 0.120 0.402 
409    (0)   :  0.013 0.232 0.069 0.082 0.277 0.166 0.163 
410    (0)   :  0.078 0.020 0.062 0.210 0.123 0.341 0.166 
411    (0)   :  0.027 0.013 0.022 0.107 0.176 0.463 0.192 
412    (0)   :  0.007 0.007 0.021 0.244 0.097 0.390 0.235 
413    (0)   :  0.009 0.007 0.025 0.271 0.215 0.264 0.209 
414    (0)   :  0.007 0.009 0.017 0.323 0.066 0.345 0.233 
415    (0)   :  0.006 0.015 0.057 0.128 0.093 0.466 0.235 
416    (0)   :  0.007 0.069 0.022 0.178 0.131 0.380 0.212 
417    (0)   :  0.007 0.009 0.211 0.148 0.078 0.408 0.140 
418    (0)   :  0.008 0.007 0.019 0.358 0.075 0.404 0.129 
419    (0)   :  0.014 0.053 0.035 0.165 0.245 0.288 0.200 
420    (0)   :  0.005 0.032 0.028 0.342 0.084 0.179 0.331 
421    (0)   :  0.009 0.012 0.078 0.224 0.085 0.395 0.197 
422    (0)   :  0.008 0.019 0.110 0.088 0.088 0.274 0.413 
423    (0)   :  0.011 0.010 0.071 0.154 0.113 0.374 0.268 
424    (0)   :  0.010 0.017 0.095 0.409 0.133 0.144 0.193 
425    (0)   :  0.035 0.028 0.026 0.137 0.148 0.425 0.200 
426    (0)   :  0.048 0.012 0.076 0.342 0.143 0.215 0.164 
427    (0)   :  0.009 0.020 0.192 0.194 0.163 0.314 0.107 
428    (0)   :  0.025 0.018 0.234 0.080 0.197 0.188 0.258 
429    (0)   :  0.006 0.010 0.044 0.255 0.062 0.519 0.104 
430    (0)   :  0.007 0.037 0.170 0.128 0.078 0.440 0.139 
431    (0)   :  0.016 0.010 0.054 0.345 0.139 0.187 0.249 
432    (0)   :  0.007 0.007 0.021 0.260 0.116 0.302 0.286 
433    (0)   :  0.018 0.008 0.018 0.138 0.347 0.172 0.300 
434    (0)   :  0.008 0.013 0.020 0.094 0.155 0.447 0.263 
435    (0)   :  0.005 0.010 0.379 0.152 0.066 0.261 0.127 
436    (0)   :  0.008 0.017 0.395 0.175 0.108 0.196 0.100 
437    (0)   :  0.009 0.006 0.046 0.097 0.074 0.636 0.132 
438    (0)   :  0.006 0.025 0.421 0.149 0.112 0.106 0.181 
439    (0)   :  0.006 0.032 0.341 0.141 0.099 0.289 0.092 
440    (0)   :  0.005 0.008 0.369 0.177 0.057 0.272 0.112 
441    (0)   :  0.008 0.021 0.103 0.148 0.152 0.434 0.135 
442    (0)   :  0.007 0.033 0.026 0.214 0.078 0.451 0.190 
443    (0)   :  0.005 0.024 0.086 0.407 0.068 0.159 0.249 
444    (0)   :  0.006 0.027 0.064 0.191 0.078 0.430 0.205 
445    (0)   :  0.041 0.222 0.061 0.086 0.181 0.254 0.155 
446    (0)   :  0.045 0.025 0.243 0.300 0.077 0.227 0.083 
447    (0)   :  0.008 0.029 0.279 0.142 0.136 0.212 0.194 
448    (0)   :  0.006 0.008 0.080 0.145 0.079 0.511 0.170 
449    (0)   :  0.007 0.009 0.090 0.126 0.121 0.448 0.199 
450    (0)   :  0.009 0.015 0.022 0.141 0.122 0.602 0.088 
451    (0)   :  0.006 0.006 0.041 0.476 0.057 0.201 0.213 
452    (0)   :  0.007 0.009 0.041 0.143 0.107 0.595 0.099 
453    (0)   :  0.006 0.052 0.031 0.201 0.113 0.143 0.454 
454    (0)   :  0.008 0.008 0.113 0.132 0.128 0.460 0.150 
455    (0)   :  0.005 0.024 0.486 0.143 0.071 0.147 0.124 
456    (0)   :  0.007 0.024 0.134 0.155 0.071 0.337 0.272 
457    (0)   :  0.007 0.008 0.093 0.091 0.082 0.593 0.127 
458    (0)   :  0.043 0.070 0.097 0.155 0.093 0.441 0.102 
459    (0)   :  0.006 0.031 0.161 0.316 0.172 0.215 0.098 
460    (0)   :  0.006 0.021 0.132 0.421 0.075 0.246 0.100 
461    (0)   :  0.007 0.014 0.027 0.556 0.076 0.241 0.079 
462    (0)   :  0.008 0.303 0.039 0.150 0.052 0.263 0.184 
463    (0)   :  0.006 0.042 0.315 0.103 0.106 0.127 0.302 
464    (0)   :  0.005 0.017 0.149 0.368 0.073 0.208 0.181 
465    (0)   :  0.008 0.024 0.055 0.437 0.087 0.219 0.170 
466    (0)   :  0.005 0.016 0.136 0.275 0.073 0.183 0.312 
467    (0)   :  0.008 0.136 0.063 0.179 0.108 0.299 0.207 
468    (0)   :  0.006 0.014 0.384 0.074 0.069 0.285 0.168 
469    (0)   :  0.005 0.022 0.551 0.095 0.074 0.173 0.080 
470    (0)   :  0.005 0.009 0.465 0.180 0.067 0.174 0.099 
471    (0)   :  0.007 0.017 0.032 0.183 0.076 0.330 0.356 
472    (0)   :  0.008 0.051 0.030 0.173 0.089 0.412 0.236 
473    (0)   :  0.007 0.008 0.089 0.111 0.116 0.433 0.237 
474    (0)   :  0.006 0.018 0.042 0.140 0.113 0.521 0.160 
475    (0)   :  0.007 0.012 0.058 0.357 0.142 0.244 0.180 
476    (0)   :  0.009 0.035 0.061 0.165 0.093 0.501 0.136 
477    (0)   :  0.008 0.021 0.064 0.443 0.122 0.176 0.165 
478    (0)   :  0.008 0.015 0.039 0.654 0.068 0.120 0.096 
479    (0)   :  0.005 0.008 0.187 0.210 0.067 0.417 0.105 
480    (0)   :  0.007 0.008 0.118 0.108 0.077 0.581 0.102 
481    (0)   :  0.007 0.010 0.026 0.122 0.075 0.465 0.296 
482    (0)   :  0.007 0.009 0.067 0.226 0.068 0.531 0.092 
483    (0)   :  0.007 0.013 0.428 0.154 0.093 0.209 0.095 
484    (0)   :  0.007 0.058 0.348 0.125 0.084 0.158 0.220 
485    (0)   :  0.006 0.008 0.608 0.117 0.066 0.111 0.084 
486    (0)   :  0.018 0.012 0.021 0.150 0.097 0.229 0.473 
487    (0)   :  0.017 0.010 0.022 0.127 0.196 0.295 0.333 
488    (0)   :  0.013 0.009 0.021 0.278 0.158 0.177 0.344 
489    (0)   :  0.017 0.016 0.014 0.072 0.205 0.314 0.362 
490    (0)   :  0.009 0.013 0.024 0.321 0.071 0.241 0.322 
491    (0)   :  0.013 0.015 0.015 0.088 0.169 0.179 0.521 
492    (0)   :  0.006 0.015 0.017 0.270 0.327 0.123 0.241 
493    (0)   :  0.026 0.008 0.016 0.128 0.118 0.232 0.472 
494    (0)   :  0.068 0.014 0.024 0.118 0.166 0.223 0.386 
495    (0)   :  0.041 0.033 0.018 0.341 0.232 0.132 0.203 
496    (0)   :  0.008 0.010 0.020 0.100 0.374 0.162 0.326 
497    (0)   :  0.070 0.013 0.016 0.097 0.182 0.243 0.380 
498    (0)   :  0.016 0.038 0.022 0.201 0.121 0.243 0.358 
499    (0)   :  0.068 0.008 0.019 0.075 0.284 0.216 0.329 
500    (0)   :  0.031 0.007 0.029 0.090 0.113 0.369 0.361 
501    (0)   :  0.014 0.009 0.021 0.133 0.278 0.338 0.208 
502    (0)   :  0.010 0.012 0.018 0.261 0.322 0.207 0.170 
503    (0)   :  0.009 0.008 0.025 0.112 0.088 0.554 0.204 
504    (0)   :  0.009 0.014 0.020 0.386 0.102 0.151 0.319 
505    (0)   :  0.011 0.008 0.020 0.101 0.153 0.127 0.580 
506    (0)   :  0.009 0.014 0.015 0.237 0.265 0.183 0.277 
507    (0)   :  0.010 0.009 0.014 0.053 0.528 0.097 0.289 
508    (0)   :  0.029 0.011 0.014 0.067 0.492 0.091 0.296 
509    (0)   :  0.009 0.008 0.020 0.091 0.215 0.127 0.529 
510    (0)   :  0.036 0.008 0.015 0.106 0.328 0.300 0.208 
511    (0)   :  0.014 0.017 0.063 0.196 0.107 0.324 0.279 
512    (0)   :  0.009 0.008 0.022 0.172 0.074 0.551 0.164 
513    (0)   :  0.019 0.036 0.012 0.255 0.113 0.075 0.490 
514    (0)   :  0.010 0.007 0.022 0.388 0.133 0.154 0.286 
515    (0)   :  0.014 0.015 0.083 0.095 0.214 0.277 0.301 
516    (0)   :  0.011 0.009 0.023 0.260 0.120 0.127 0.450 
517    (0)   :  0.008 0.011 0.085 0.159 0.205 0.168 0.364 
518    (0)   :  0.080 0.007 0.014 0.078 0.260 0.329 0.231 
519    (0)   :  0.006 0.009 0.029 0.432 0.150 0.146 0.228 
520    (0)   :  0.008 0.009 0.250 0.061 0.298 0.109 0.264 
521    (0)   :  0.032 0.008 0.018 0.185 0.339 0.131 0.286 
522    (0)   :  0.028 0.012 0.040 0.101 0.100 0.360 0.358 
523    (0)   :  0.011 0.014 0.055 0.138 0.210 0.105 0.467 
524    (0)   :  0.009 0.007 0.308 0.099 0.156 0.163 0.258 
525    (0)   :  0.094 0.009 0.061 0.070 0.251 0.234 0.281 
526    (0)   :  0.006 0.012 0.389 0.060 0.124 0.097 0.313 
527    (0)   :  0.084 0.008 0.016 0.194 0.109 0.381 0.207 
528    (0)   :  0.009 0.008 0.013 0.083 0.459 0.119 0.309 
529    (0)   :  0.094 0.012 0.015 0.124 0.192 0.194 0.371 
530    (0)   :  0.008 0.014 0.039 0.093 0.146 0.388 0.311 
531    (0)   :  0.012 0.012 0.054 0.103 0.385 0.223 0.212 
532    (0)   :  0.046 0.011 0.015 0.120 0.300 0.237 0.272 
533    (0)   :  0.066 0.009 0.041 0.085 0.124 0.282 0.394 
534    (0)   :  0.077 0.011 0.017 0.117 0.158 0.087 0.532 
535    (0)   :  0.006 0.015 0.078 0.200 0.121 0.161 0.420 
536    (0)   :  0.009 0.073 0.077 0.122 0.251 0.246 0.222 
537    (0)   :  0.011 0.052 0.024 0.104 0.344 0.152 0.313 
538    (0)   :  0.006 0.012 0.032 0.080 0.243 0.156 0.471 
539    (0)   :  0.006 0.010 0.012 0.059 0.585 0.110 0.219 
540    (0)   :  0.031 0.011 0.045 0.073 0.213 0.169 0.458 
541    (0)   :  0.027 0.061 0.024 0.111 0.416 0.175 0.186 
542    (0)   :  0.006 0.150 0.052 0.074 0.093 0.191 0.434 
543    (0)   :  0.032 0.034 0.061 0.208 0.213 0.105 0.345 
544    (0)   :  0.006 0.023 0.035 0.086 0.131 0.154 0.564 
545    (0)   :  0.006 0.050 0.227 0.120 0.079 0.124 0.394 
546    (0)   :  0.008 0.063 0.018 0.084 0.161 0.173 0.493 
547    (0)   :  0.007 0.053 0.078 0.123 0.243 0.103 0.394 
548    (0)   :  0.007 0.007 0.015 0.086 0.313 0.154 0.418 
549    (0)   :  0.008 0.124 0.096 0.078 0.415 0.148 0.130 
550    (0)   :  0.005 0.039 0.225 0.149 0.137 0.150 0.296 
551    (0)   :  0.009 0.020 0.037 0.107 0.531 0.151 0.146 
552    (0)   :  0.006 0.011 0.017 0.061 0.212 0.166 0.527 
553    (0)   :  0.017 0.046 0.047 0.145 0.221 0.081 0.442 
554    (0)   :  0.046 0.022 0.031 0.137 0.178 0.289 0.297 
555    (0)   :  0.010 0.028 0.021 0.087 0.352 0.114 0.388 
556    (0)   :  0.007 0.014 0.018 0.079 0.172 0.159 0.550 
557    (0)   :  0.007 0.049 0.254 0.172 0.185 0.153 0.180 
558    (0)   :  0.006 0.010 0.082 0.231 0.072 0.516 0.083 
559    (0)   :  0.008 0.010 0.016 0.217 0.096 0.215 0.438 
560    (0)   :  0.005 0.025 0.096 0.469 0.054 0.226 0.124 
561    (0)   :  0.006 0.013 0.036 0.230 0.073 0.380 0.262 
562    (0)   :  0.007 0.011 0.046 0.316 0.054 0.256 0.310 
563    (0)   :  0.009 0.021 0.038 0.400 0.243 0.150 0.138 
564    (0)   :  0.015 0.008 0.029 0.114 0.102 0.194 0.539 
565    (0)   :  0.006 0.014 0.122 0.089 0.078 0.583 0.109 
566    (0)   :  0.005 0.006 0.065 0.526 0.057 0.220 0.121 
567    (0)   :  0.008 0.006 0.021 0.133 0.070 0.169 0.592 
568    (0)   :  0.006 0.009 0.050 0.283 0.103 0.227 0.322 
569    (0)   :  0.011 0.009 0.067 0.194 0.101 0.350 0.268 
570    (0)   :  0.008 0.006 0.061 0.164 0.060 0.595 0.105 
571    (0)   :  0.006 0.006 0.050 0.530 0.089 0.142 0.177 
572    (0)   :  0.005 0.029 0.047 0.073 0.222 0.182 0.442 
573    (0)   :  0.012 0.007 0.204 0.106 0.103 0.156 0.412 
574    (0)   :  0.010 0.009 0.041 0.086 0.180 0.481 0.192 
575    (0)   :  0.007 0.012 0.033 0.330 0.187 0.230 0.201 
576    (0)   :  0.006 0.008 0.048 0.504 0.058 0.256 0.120 
577    (0)   :  0.009 0.010 0.021 0.104 0.173 0.509 0.175 
578    (0)   :  0.006 0.009 0.089 0.372 0.088 0.250 0.185 
579    (0)   :  0.008 0.020 0.030 0.150 0.078 0.435 0.279 
580    (0)   :  0.006 0.008 0.037 0.104 0.116 0.581 0.147 
581    (0)   :  0.006 0.009 0.066 0.209 0.100 0.472 0.138 
582    (0)   :  0.006 0.019 0.095 0.263 0.066 0.384 0.167 
583    (0)   :  0.051 0.007 0.049 0.436 0.086 0.222 0.149 
584    (0)   :  0.008 0.006 0.035 0.444 0.068 0.308 0.131 
585    (0)   :  0.007 0.010 0.054 0.320 0.074 0.371 0.163 
586    (0)   :  0.006 0.011 0.018 0.467 0.105 0.144 0.250 
587    (0)   :  0.009 0.015 0.018 0.135 0.062 0.447 0.314 
588    (0)   :  0.011 0.009 0.013 0.064 0.073 0.081 0.750 
589    (0)   :  0.008 0.011 0.210 0.145 0.069 0.330 0.226 
590    (0)   :  0.007 0.007 0.015 0.385 0.079 0.221 0.285 
591    (0)   :  0.006 0.006 0.025 0.454 0.096 0.210 0.202 
592    (0)   :  0.005 0.009 0.058 0.266 0.068 0.192 0.402 
593    (0)   :  0.007 0.008 0.091 0.223 0.123 0.274 0.274 
594    (0)   :  0.058 0.008 0.031 0.287 0.165 0.201 0.251 
595    (0)   :  0.012 0.011 0.015 0.145 0.062 0.573 0.183 
596    (0)   :  0.005 0.006 0.171 0.116 0.105 0.138 0.458 
597    (0)   :  0.010 0.008 0.037 0.434 0.240 0.090 0.181 
598    (0)   :  0.007 0.006 0.093 0.145 0.066 0.590 0.092 
599    (0)   :  0.006 0.007 0.039 0.420 0.058 0.235 0.234 
600    (0)   :  0.007 0.017 0.036 0.095 0.131 0.496 0.219 
601    (0)   :  0.005 0.018 0.040 0.269 0.062 0.401 0.205 
602    (0)   :  0.010 0.007 0.023 0.142 0.184 0.235 0.400 
603    (0)   :  0.007 0.007 0.018 0.153 0.178 0.214 0.423 
604    (0)   :  0.024 0.030 0.111 0.097 0.139 0.408 0.191 
605    (0)   :  0.007 0.011 0.039 0.159 0.099 0.334 0.351 
606    (0)   :  0.013 0.011 0.028 0.131 0.191 0.288 0.337 
607    (0)   :  0.010 0.007 0.030 0.091 0.273 0.396 0.193 
608    (0)   :  0.007 0.010 0.040 0.148 0.441 0.218 0.137 
609    (0)   :  0.010 0.014 0.034 0.121 0.123 0.506 0.193 
610    (0)   :  0.006 0.015 0.331 0.086 0.095 0.215 0.251 
611    (0)   :  0.009 0.009 0.024 0.177 0.191 0.180 0.411 
612    (0)   :  0.013 0.038 0.130 0.084 0.088 0.492 0.154 
613    (0)   :  0.039 0.010 0.045 0.111 0.109 0.346 0.341 
614    (0)   :  0.007 0.010 0.029 0.068 0.073 0.645 0.168 
615    (0)   :  0.006 0.014 0.089 0.071 0.134 0.505 0.180 
616    (0)   :  0.007 0.007 0.018 0.109 0.201 0.469 0.191 
617    (0)   :  0.022 0.022 0.050 0.123 0.079 0.427 0.277 
618    (0)   :  0.029 0.054 0.140 0.069 0.197 0.311 0.200 
619    (0)   :  0.006 0.009 0.078 0.194 0.172 0.203 0.339 
620    (0)   :  0.005 0.011 0.040 0.258 0.054 0.165 0.466 
621    (0)   :  0.010 0.006 0.028 0.310 0.086 0.419 0.141 
622    (0)   :  0.021 0.042 0.078 0.084 0.136 0.310 0.330 
623    (0)   :  0.006 0.006 0.037 0.210 0.087 0.280 0.376 
624    (0)   :  0.033 0.022 0.115 0.104 0.197 0.397 0.132 
625    (0)   :  0.024 0.014 0.043 0.159 0.181 0.435 0.144 
626    (0)   :  0.053 0.052 0.109 0.057 0.307 0.171 0.250 
627    (0)   :  0.007 0.010 0.023 0.148 0.106 0.357 0.349 
628    (0)   :  0.006 0.007 0.024 0.207 0.109 0.264 0.383 
629    (0)   :  0.007 0.007 0.019 0.181 0.133 0.379 0.274 
630    (0)   :  0.015 0.018 0.039 0.131 0.098 0.546 0.153 
631    (0)   :  0.006 0.008 0.021 0.093 0.104 0.585 0.184 
632    (0)   :  0.007 0.011 0.024 0.076 0.279 0.216 0.386 
633    (0)   :  0.010 0.011 0.054 0.120 0.169 0.465 0.171 
634    (0)   :  0.008 0.010 0.028 0.123 0.222 0.293 0.316 
635    (0)   :  0.007 0.009 0.026 0.078 0.431 0.244 0.206 
636    (0)   :  0.013 0.011 0.034 0.130 0.245 0.412 0.155 
637    (0)   :  0.007 0.018 0.030 0.109 0.145 0.225 0.465 
638    (0)   :  0.008 0.006 0.023 0.164 0.175 0.353 0.271 
639    (0)   :  0.010 0.010 0.037 0.074 0.143 0.510 0.217 
