

----------------------------------------------------
STRUCTURE by Pritchard, Stephens and Donnelly (2000)
     and Falush, Stephens and Pritchard (2003)
       Code by Pritchard, Falush and Hubisz
             Version 2.3.4 (Jul 2012)
----------------------------------------------------



Command line arguments:   ./structure -K 9 -D 109002 -m brooktrout/mainparams -e brooktrout/extraparams -o brooktrout/250914_output/results_K9_rep2 
Input File:    brooktrout/brooktrout.txt

Run parameters:
   8454 individuals
   5 loci
   9 populations assumed
   50000 Burn-in period
   100000 Reps
RANDOMIZE turned off


--------------------------------------------
Overall proportion of membership of the
sample in each of the 9 clusters

Inferred Clusters
  1      2      3      4      5      6      7      8      9    
0.012  0.010  0.033  0.063  0.142  0.154  0.191  0.204  0.190  

--------------------------------------------

Allele-freq. divergence among pops (Net nucleotide distance),
computed using point estimates of P.

      1       2       3       4       5       6       7       8       9      
 1      -    0.1309  0.2397  0.1578  0.1441  0.1772  0.2112  0.1773  0.1456  
 2   0.1309     -    0.1673  0.1699  0.1204  0.1252  0.1325  0.1008  0.1268  
 3   0.2397  0.1673     -    0.2029  0.1502  0.1516  0.2277  0.1218  0.2167  
 4   0.1578  0.1699  0.2029     -    0.1826  0.1305  0.1731  0.1957  0.1194  
 5   0.1441  0.1204  0.1502  0.1826     -    0.1484  0.2081  0.0783  0.1149  
 6   0.1772  0.1252  0.1516  0.1305  0.1484     -    0.1059  0.1223  0.1323  
 7   0.2112  0.1325  0.2277  0.1731  0.2081  0.1059     -    0.1852  0.1385  
 8   0.1773  0.1008  0.1218  0.1957  0.0783  0.1223  0.1852     -    0.0973  
 9   0.1456  0.1268  0.2167  0.1194  0.1149  0.1323  0.1385  0.0973     -    

Average distances (expected heterozygosity) between individuals in same cluster:
cluster  1  : 0.7806 
cluster  2  : 0.8239 
cluster  3  : 0.6682 
cluster  4  : 0.7508 
cluster  5  : 0.7554 
cluster  6  : 0.7192 
cluster  7  : 0.6944 
cluster  8  : 0.7396 
cluster  9  : 0.7620 

--------------------------------------------
Estimated Ln Prob of Data   = -191049.2
Mean value of ln likelihood = -172153.8
Variance of ln likelihood   = 37790.8

Mean value of alpha_1       = 0.0551
Mean value of alpha_2       = 0.0463
Mean value of alpha_3       = 0.1499
Mean value of alpha_4       = 0.2982
Mean value of alpha_5       = 0.6643
Mean value of alpha_6       = 0.7446
Mean value of alpha_7       = 0.8816
Mean value of alpha_8       = 0.9594
Mean value of alpha_9       = 0.9072
Allele frequencies uncorrelated


Inferred ancestry of individuals:
     (%Miss) :  Inferred clusters
  1    (0)   :  0.006 0.006 0.021 0.045 0.098 0.382 0.152 0.176 0.114 
  2    (0)   :  0.006 0.004 0.014 0.029 0.078 0.082 0.097 0.141 0.550 
  3    (0)   :  0.005 0.007 0.026 0.063 0.087 0.189 0.157 0.350 0.118 
  4    (0)   :  0.006 0.014 0.029 0.060 0.098 0.117 0.404 0.130 0.141 
  5    (0)   :  0.007 0.005 0.014 0.032 0.090 0.086 0.103 0.185 0.478 
  6    (0)   :  0.005 0.008 0.016 0.031 0.099 0.087 0.144 0.463 0.148 
  7    (0)   :  0.006 0.006 0.020 0.027 0.327 0.099 0.102 0.289 0.124 
  8    (0)   :  0.007 0.036 0.029 0.041 0.103 0.150 0.270 0.257 0.107 
  9    (0)   :  0.011 0.010 0.016 0.035 0.093 0.188 0.125 0.250 0.271 
 10    (0)   :  0.007 0.009 0.016 0.024 0.114 0.157 0.213 0.335 0.126 
 11    (0)   :  0.006 0.005 0.022 0.024 0.263 0.192 0.094 0.265 0.129 
 12    (0)   :  0.006 0.006 0.014 0.037 0.098 0.101 0.157 0.188 0.394 
 13    (0)   :  0.007 0.007 0.018 0.042 0.124 0.157 0.142 0.257 0.245 
 14    (0)   :  0.005 0.004 0.028 0.113 0.067 0.124 0.159 0.212 0.288 
 15    (0)   :  0.005 0.006 0.042 0.050 0.118 0.117 0.253 0.184 0.225 
 16    (0)   :  0.006 0.005 0.020 0.032 0.109 0.266 0.107 0.349 0.106 
 17    (0)   :  0.009 0.012 0.018 0.076 0.086 0.127 0.155 0.339 0.177 
 18    (0)   :  0.007 0.010 0.038 0.042 0.074 0.130 0.163 0.255 0.280 
 19    (0)   :  0.005 0.006 0.016 0.024 0.103 0.140 0.137 0.404 0.164 
 20    (0)   :  0.006 0.005 0.032 0.043 0.181 0.109 0.159 0.228 0.237 
 21    (0)   :  0.005 0.005 0.020 0.054 0.083 0.225 0.221 0.167 0.220 
 22    (0)   :  0.005 0.009 0.016 0.037 0.077 0.174 0.151 0.397 0.134 
 23    (0)   :  0.019 0.009 0.034 0.097 0.084 0.179 0.205 0.163 0.210 
 24    (0)   :  0.005 0.005 0.019 0.030 0.089 0.393 0.162 0.181 0.114 
 25    (0)   :  0.006 0.006 0.028 0.041 0.136 0.077 0.086 0.376 0.244 
 26    (0)   :  0.006 0.009 0.023 0.034 0.099 0.175 0.207 0.229 0.218 
 27    (0)   :  0.007 0.006 0.017 0.057 0.089 0.192 0.147 0.313 0.171 
 28    (0)   :  0.006 0.006 0.021 0.040 0.153 0.147 0.301 0.167 0.160 
 29    (0)   :  0.007 0.004 0.014 0.037 0.165 0.201 0.112 0.206 0.254 
 30    (0)   :  0.006 0.006 0.018 0.040 0.078 0.223 0.118 0.345 0.166 
 31    (0)   :  0.010 0.024 0.015 0.069 0.144 0.172 0.182 0.179 0.205 
 32    (0)   :  0.005 0.005 0.025 0.039 0.076 0.121 0.211 0.312 0.205 
 33    (0)   :  0.006 0.005 0.019 0.037 0.127 0.252 0.139 0.286 0.129 
 34    (0)   :  0.014 0.008 0.024 0.032 0.181 0.089 0.159 0.385 0.107 
 35    (0)   :  0.015 0.014 0.013 0.109 0.084 0.177 0.099 0.265 0.223 
 36    (0)   :  0.005 0.005 0.061 0.070 0.076 0.449 0.087 0.116 0.131 
 37    (0)   :  0.005 0.008 0.015 0.051 0.083 0.234 0.177 0.203 0.225 
 38    (0)   :  0.011 0.005 0.227 0.039 0.173 0.171 0.078 0.158 0.137 
 39    (0)   :  0.011 0.008 0.031 0.076 0.166 0.150 0.116 0.245 0.196 
 40    (0)   :  0.006 0.004 0.022 0.116 0.064 0.340 0.113 0.175 0.159 
 41    (0)   :  0.014 0.008 0.025 0.138 0.135 0.280 0.074 0.212 0.114 
 42    (0)   :  0.008 0.005 0.031 0.060 0.078 0.480 0.139 0.096 0.104 
 43    (0)   :  0.008 0.008 0.013 0.172 0.090 0.225 0.114 0.168 0.201 
 44    (0)   :  0.007 0.008 0.012 0.273 0.078 0.140 0.074 0.239 0.169 
 45    (0)   :  0.010 0.005 0.048 0.069 0.106 0.302 0.077 0.114 0.268 
 46    (0)   :  0.007 0.011 0.017 0.101 0.108 0.097 0.117 0.340 0.202 
 47    (0)   :  0.012 0.023 0.013 0.050 0.090 0.209 0.130 0.277 0.196 
 48    (0)   :  0.011 0.010 0.016 0.268 0.062 0.136 0.082 0.208 0.207 
 49    (0)   :  0.017 0.010 0.019 0.081 0.110 0.244 0.113 0.214 0.193 
 50    (0)   :  0.010 0.011 0.018 0.050 0.149 0.090 0.131 0.365 0.175 
 51    (0)   :  0.007 0.004 0.050 0.197 0.075 0.355 0.074 0.094 0.144 
 52    (0)   :  0.012 0.010 0.018 0.085 0.178 0.194 0.129 0.249 0.124 
 53    (0)   :  0.009 0.008 0.099 0.048 0.123 0.187 0.124 0.283 0.118 
 54    (0)   :  0.010 0.010 0.011 0.095 0.088 0.187 0.139 0.157 0.303 
 55    (0)   :  0.008 0.007 0.014 0.225 0.077 0.137 0.112 0.152 0.267 
 56    (0)   :  0.012 0.008 0.031 0.086 0.073 0.209 0.126 0.209 0.246 
 57    (0)   :  0.011 0.018 0.019 0.029 0.111 0.149 0.263 0.263 0.136 
 58    (0)   :  0.010 0.005 0.025 0.092 0.109 0.293 0.105 0.132 0.228 
 59    (0)   :  0.019 0.006 0.069 0.061 0.115 0.286 0.101 0.132 0.210 
 60    (0)   :  0.006 0.005 0.031 0.134 0.082 0.316 0.157 0.121 0.148 
 61    (0)   :  0.007 0.004 0.012 0.226 0.077 0.126 0.167 0.097 0.285 
 62    (0)   :  0.029 0.013 0.017 0.042 0.119 0.114 0.145 0.216 0.306 
 63    (0)   :  0.005 0.004 0.019 0.066 0.149 0.251 0.140 0.171 0.194 
 64    (0)   :  0.009 0.007 0.034 0.030 0.106 0.149 0.091 0.341 0.233 
 65    (0)   :  0.008 0.006 0.016 0.042 0.213 0.081 0.083 0.278 0.273 
 66    (0)   :  0.007 0.005 0.016 0.046 0.129 0.123 0.222 0.138 0.314 
 67    (0)   :  0.007 0.006 0.012 0.227 0.084 0.130 0.093 0.161 0.280 
 68    (0)   :  0.017 0.007 0.069 0.071 0.107 0.307 0.114 0.119 0.190 
 69    (0)   :  0.046 0.011 0.169 0.057 0.125 0.157 0.145 0.151 0.138 
 70    (0)   :  0.006 0.005 0.038 0.121 0.158 0.312 0.112 0.152 0.096 
 71    (0)   :  0.018 0.006 0.065 0.082 0.118 0.248 0.073 0.133 0.258 
 72    (0)   :  0.005 0.006 0.026 0.074 0.099 0.279 0.085 0.292 0.134 
 73    (0)   :  0.017 0.005 0.021 0.087 0.117 0.177 0.085 0.118 0.371 
 74    (0)   :  0.005 0.005 0.057 0.058 0.070 0.455 0.110 0.113 0.126 
 75    (0)   :  0.007 0.005 0.030 0.053 0.058 0.500 0.124 0.094 0.129 
 76    (0)   :  0.005 0.006 0.015 0.155 0.150 0.158 0.104 0.209 0.198 
 77    (0)   :  0.012 0.005 0.061 0.069 0.180 0.267 0.072 0.142 0.193 
 78    (0)   :  0.014 0.005 0.177 0.057 0.156 0.234 0.074 0.142 0.140 
 79    (0)   :  0.006 0.005 0.023 0.027 0.180 0.106 0.113 0.291 0.251 
 80    (0)   :  0.005 0.005 0.016 0.029 0.128 0.156 0.394 0.118 0.148 
 81    (0)   :  0.005 0.005 0.018 0.024 0.176 0.118 0.346 0.138 0.170 
 82    (0)   :  0.009 0.005 0.016 0.066 0.119 0.177 0.159 0.148 0.300 
 83    (0)   :  0.004 0.005 0.035 0.045 0.169 0.103 0.268 0.193 0.178 
 84    (0)   :  0.005 0.005 0.020 0.029 0.183 0.109 0.251 0.227 0.172 
 85    (0)   :  0.005 0.005 0.038 0.040 0.098 0.120 0.282 0.243 0.170 
 86    (0)   :  0.009 0.007 0.018 0.082 0.104 0.105 0.112 0.208 0.356 
 87    (0)   :  0.006 0.006 0.037 0.048 0.301 0.121 0.123 0.170 0.189 
 88    (0)   :  0.005 0.005 0.017 0.030 0.158 0.190 0.226 0.141 0.228 
 89    (0)   :  0.005 0.006 0.017 0.027 0.125 0.159 0.292 0.138 0.232 
 90    (0)   :  0.005 0.005 0.018 0.029 0.267 0.106 0.131 0.179 0.261 
 91    (0)   :  0.004 0.005 0.040 0.041 0.099 0.134 0.373 0.167 0.136 
 92    (0)   :  0.005 0.005 0.018 0.030 0.153 0.147 0.152 0.201 0.288 
 93    (0)   :  0.005 0.005 0.014 0.029 0.073 0.151 0.491 0.115 0.118 
 94    (0)   :  0.005 0.005 0.055 0.043 0.399 0.112 0.111 0.169 0.101 
 95    (0)   :  0.005 0.005 0.017 0.029 0.273 0.138 0.200 0.128 0.205 
 96    (0)   :  0.007 0.005 0.013 0.163 0.082 0.168 0.202 0.100 0.260 
 97    (0)   :  0.006 0.005 0.039 0.046 0.062 0.429 0.133 0.103 0.177 
 98    (0)   :  0.006 0.004 0.015 0.065 0.086 0.278 0.099 0.183 0.265 
 99    (0)   :  0.005 0.005 0.018 0.026 0.201 0.102 0.234 0.201 0.209 
100    (0)   :  0.006 0.005 0.012 0.034 0.062 0.159 0.390 0.093 0.240 
101    (0)   :  0.007 0.006 0.040 0.058 0.191 0.172 0.143 0.158 0.224 
102    (0)   :  0.010 0.006 0.032 0.092 0.150 0.142 0.295 0.146 0.127 
103    (0)   :  0.008 0.005 0.014 0.039 0.142 0.079 0.188 0.141 0.384 
104    (0)   :  0.006 0.005 0.014 0.038 0.359 0.065 0.145 0.158 0.211 
105    (0)   :  0.014 0.006 0.013 0.045 0.233 0.080 0.189 0.131 0.288 
106    (0)   :  0.005 0.005 0.024 0.034 0.373 0.089 0.068 0.245 0.157 
107    (0)   :  0.011 0.006 0.014 0.055 0.237 0.079 0.179 0.144 0.275 
108    (0)   :  0.005 0.004 0.143 0.122 0.072 0.062 0.102 0.124 0.366 
109    (0)   :  0.062 0.006 0.037 0.043 0.294 0.092 0.074 0.185 0.207 
110    (0)   :  0.006 0.005 0.024 0.027 0.424 0.103 0.075 0.222 0.115 
111    (0)   :  0.012 0.006 0.015 0.038 0.410 0.066 0.109 0.131 0.212 
112    (0)   :  0.078 0.005 0.021 0.064 0.429 0.089 0.080 0.130 0.104 
113    (0)   :  0.007 0.006 0.030 0.046 0.100 0.134 0.126 0.174 0.377 
114    (0)   :  0.009 0.004 0.013 0.033 0.349 0.068 0.176 0.137 0.212 
115    (0)   :  0.012 0.006 0.017 0.150 0.248 0.100 0.104 0.181 0.183 
116    (0)   :  0.008 0.006 0.041 0.090 0.269 0.131 0.071 0.192 0.191 
117    (0)   :  0.015 0.007 0.023 0.042 0.370 0.141 0.084 0.205 0.113 
118    (0)   :  0.011 0.005 0.019 0.042 0.156 0.071 0.100 0.116 0.480 
119    (0)   :  0.005 0.004 0.025 0.221 0.115 0.139 0.208 0.127 0.157 
120    (0)   :  0.018 0.005 0.016 0.094 0.278 0.084 0.129 0.171 0.204 
121    (0)   :  0.039 0.013 0.020 0.187 0.229 0.111 0.078 0.167 0.157 
122    (0)   :  0.009 0.004 0.020 0.032 0.325 0.095 0.094 0.220 0.200 
123    (0)   :  0.008 0.005 0.026 0.046 0.344 0.094 0.128 0.160 0.189 
124    (0)   :  0.017 0.011 0.021 0.089 0.216 0.136 0.087 0.222 0.202 
125    (0)   :  0.013 0.005 0.039 0.051 0.201 0.231 0.083 0.264 0.113 
126    (0)   :  0.005 0.004 0.026 0.093 0.283 0.138 0.123 0.167 0.160 
127    (0)   :  0.010 0.006 0.013 0.049 0.408 0.068 0.112 0.113 0.222 
128    (0)   :  0.008 0.004 0.012 0.042 0.118 0.077 0.096 0.127 0.515 
129    (0)   :  0.009 0.006 0.014 0.043 0.210 0.073 0.085 0.142 0.417 
130    (0)   :  0.018 0.007 0.014 0.036 0.307 0.069 0.177 0.153 0.218 
131    (0)   :  0.026 0.010 0.117 0.078 0.211 0.138 0.074 0.202 0.145 
132    (0)   :  0.007 0.005 0.020 0.035 0.287 0.089 0.076 0.196 0.285 
133    (0)   :  0.011 0.008 0.019 0.058 0.251 0.073 0.121 0.158 0.301 
134    (0)   :  0.007 0.004 0.017 0.024 0.528 0.078 0.061 0.157 0.123 
135    (0)   :  0.010 0.006 0.019 0.086 0.067 0.198 0.339 0.091 0.184 
136    (0)   :  0.007 0.006 0.014 0.030 0.055 0.120 0.513 0.139 0.115 
137    (0)   :  0.014 0.005 0.015 0.028 0.088 0.182 0.478 0.100 0.090 
138    (0)   :  0.005 0.005 0.019 0.036 0.060 0.133 0.551 0.098 0.094 
139    (0)   :  0.006 0.004 0.017 0.047 0.063 0.157 0.243 0.121 0.342 
140    (0)   :  0.006 0.005 0.020 0.051 0.096 0.219 0.304 0.133 0.167 
141    (0)   :  0.007 0.006 0.020 0.032 0.061 0.142 0.420 0.174 0.138 
142    (0)   :  0.011 0.006 0.018 0.098 0.064 0.174 0.328 0.091 0.211 
143    (0)   :  0.004 0.004 0.013 0.030 0.054 0.147 0.569 0.085 0.094 
144    (0)   :  0.014 0.005 0.014 0.032 0.088 0.164 0.499 0.091 0.092 
145    (0)   :  0.008 0.007 0.018 0.041 0.060 0.209 0.322 0.178 0.159 
146    (0)   :  0.006 0.007 0.019 0.032 0.102 0.225 0.317 0.160 0.132 
147    (0)   :  0.005 0.005 0.013 0.027 0.054 0.131 0.587 0.093 0.086 
148    (0)   :  0.009 0.005 0.014 0.060 0.080 0.106 0.390 0.163 0.173 
149    (0)   :  0.008 0.006 0.019 0.049 0.058 0.232 0.403 0.100 0.126 
150    (0)   :  0.015 0.006 0.013 0.034 0.114 0.150 0.393 0.125 0.148 
151    (0)   :  0.005 0.005 0.013 0.032 0.071 0.144 0.497 0.106 0.127 
152    (0)   :  0.008 0.006 0.025 0.112 0.068 0.093 0.378 0.169 0.141 
153    (0)   :  0.005 0.005 0.018 0.051 0.075 0.193 0.441 0.114 0.097 
154    (0)   :  0.009 0.007 0.015 0.061 0.055 0.120 0.441 0.138 0.155 
155    (0)   :  0.004 0.005 0.012 0.030 0.071 0.083 0.574 0.103 0.118 
156    (0)   :  0.007 0.004 0.013 0.090 0.078 0.124 0.458 0.091 0.136 
157    (0)   :  0.005 0.005 0.016 0.026 0.128 0.106 0.481 0.133 0.100 
158    (0)   :  0.008 0.006 0.020 0.036 0.061 0.224 0.350 0.169 0.125 
159    (0)   :  0.006 0.005 0.014 0.024 0.055 0.118 0.581 0.093 0.103 
160    (0)   :  0.006 0.006 0.014 0.025 0.055 0.102 0.576 0.093 0.122 
161    (0)   :  0.005 0.005 0.017 0.031 0.072 0.369 0.262 0.122 0.117 
162    (0)   :  0.006 0.009 0.018 0.038 0.098 0.164 0.322 0.167 0.179 
163    (0)   :  0.004 0.004 0.012 0.048 0.070 0.106 0.562 0.094 0.099 
164    (0)   :  0.006 0.009 0.016 0.037 0.089 0.113 0.363 0.134 0.233 
165    (0)   :  0.015 0.006 0.014 0.034 0.118 0.145 0.436 0.112 0.120 
166    (0)   :  0.005 0.006 0.039 0.072 0.112 0.104 0.382 0.144 0.136 
167    (0)   :  0.007 0.013 0.016 0.040 0.072 0.081 0.490 0.164 0.115 
168    (0)   :  0.005 0.005 0.046 0.053 0.068 0.145 0.442 0.130 0.104 
169    (0)   :  0.008 0.007 0.052 0.031 0.060 0.306 0.258 0.166 0.112 
170    (0)   :  0.005 0.005 0.013 0.057 0.069 0.298 0.294 0.102 0.159 
171    (0)   :  0.005 0.005 0.032 0.062 0.066 0.103 0.382 0.170 0.175 
172    (0)   :  0.008 0.005 0.035 0.047 0.055 0.395 0.251 0.093 0.111 
173    (0)   :  0.005 0.005 0.013 0.028 0.054 0.092 0.559 0.094 0.150 
174    (0)   :  0.005 0.005 0.014 0.024 0.073 0.109 0.535 0.116 0.120 
175    (0)   :  0.005 0.006 0.013 0.041 0.054 0.184 0.461 0.136 0.101 
176    (0)   :  0.015 0.005 0.014 0.032 0.088 0.163 0.499 0.092 0.092 
177    (0)   :  0.005 0.005 0.023 0.030 0.139 0.151 0.382 0.155 0.110 
178    (0)   :  0.005 0.005 0.013 0.026 0.070 0.092 0.472 0.184 0.132 
179    (0)   :  0.004 0.005 0.012 0.025 0.054 0.093 0.603 0.094 0.109 
180    (0)   :  0.007 0.008 0.019 0.040 0.080 0.249 0.350 0.134 0.114 
181    (0)   :  0.007 0.006 0.017 0.041 0.059 0.245 0.341 0.108 0.177 
182    (0)   :  0.006 0.006 0.014 0.048 0.056 0.134 0.462 0.087 0.187 
183    (0)   :  0.005 0.005 0.013 0.031 0.054 0.129 0.549 0.096 0.119 
184    (0)   :  0.006 0.006 0.017 0.031 0.068 0.082 0.101 0.182 0.507 
185    (0)   :  0.007 0.004 0.012 0.123 0.050 0.117 0.514 0.077 0.096 
186    (0)   :  0.005 0.006 0.012 0.032 0.097 0.092 0.097 0.195 0.465 
187    (0)   :  0.004 0.004 0.014 0.038 0.071 0.085 0.303 0.123 0.358 
188    (0)   :  0.005 0.006 0.011 0.033 0.079 0.075 0.079 0.169 0.544 
189    (0)   :  0.005 0.005 0.048 0.060 0.072 0.151 0.264 0.223 0.173 
190    (0)   :  0.007 0.004 0.011 0.228 0.053 0.114 0.254 0.074 0.255 
191    (0)   :  0.006 0.004 0.012 0.029 0.062 0.072 0.148 0.118 0.549 
192    (0)   :  0.005 0.004 0.013 0.026 0.086 0.110 0.252 0.152 0.352 
193    (0)   :  0.007 0.005 0.015 0.043 0.074 0.136 0.227 0.164 0.330 
194    (0)   :  0.005 0.005 0.014 0.059 0.082 0.180 0.205 0.131 0.319 
195    (0)   :  0.005 0.004 0.011 0.076 0.052 0.130 0.329 0.083 0.309 
196    (0)   :  0.007 0.004 0.015 0.082 0.071 0.104 0.230 0.098 0.391 
197    (0)   :  0.005 0.006 0.014 0.050 0.106 0.108 0.222 0.239 0.250 
198    (0)   :  0.005 0.004 0.018 0.059 0.101 0.138 0.191 0.230 0.254 
199    (0)   :  0.007 0.005 0.019 0.102 0.073 0.228 0.160 0.095 0.312 
200    (0)   :  0.009 0.004 0.025 0.097 0.066 0.089 0.217 0.149 0.345 
201    (0)   :  0.005 0.004 0.011 0.043 0.057 0.095 0.419 0.100 0.265 
202    (0)   :  0.005 0.004 0.011 0.085 0.071 0.229 0.328 0.083 0.184 
203    (0)   :  0.007 0.004 0.012 0.033 0.055 0.080 0.402 0.090 0.318 
204    (0)   :  0.006 0.004 0.011 0.064 0.055 0.110 0.194 0.082 0.474 
205    (0)   :  0.005 0.004 0.018 0.070 0.068 0.097 0.165 0.108 0.464 
206    (0)   :  0.005 0.005 0.011 0.043 0.054 0.099 0.195 0.093 0.495 
207    (0)   :  0.007 0.004 0.011 0.051 0.067 0.124 0.118 0.089 0.528 
208    (0)   :  0.005 0.004 0.012 0.050 0.062 0.075 0.297 0.097 0.398 
209    (0)   :  0.007 0.004 0.012 0.041 0.067 0.107 0.186 0.128 0.449 
210    (0)   :  0.005 0.004 0.011 0.037 0.063 0.086 0.209 0.102 0.482 
211    (0)   :  0.012 0.005 0.012 0.104 0.091 0.132 0.212 0.095 0.338 
212    (0)   :  0.005 0.004 0.012 0.066 0.054 0.185 0.389 0.121 0.163 
213    (0)   :  0.006 0.004 0.016 0.084 0.115 0.228 0.134 0.113 0.299 
214    (0)   :  0.006 0.004 0.011 0.040 0.057 0.132 0.403 0.100 0.246 
215    (0)   :  0.006 0.004 0.017 0.046 0.071 0.063 0.135 0.103 0.555 
216    (0)   :  0.006 0.006 0.016 0.037 0.076 0.112 0.128 0.227 0.392 
217    (0)   :  0.005 0.004 0.017 0.047 0.056 0.130 0.362 0.103 0.276 
218    (0)   :  0.005 0.004 0.016 0.031 0.073 0.082 0.180 0.107 0.501 
219    (0)   :  0.005 0.008 0.024 0.038 0.068 0.119 0.266 0.208 0.264 
220    (0)   :  0.006 0.004 0.011 0.035 0.059 0.071 0.146 0.091 0.576 
221    (0)   :  0.006 0.004 0.011 0.079 0.050 0.282 0.343 0.081 0.142 
222    (0)   :  0.005 0.007 0.016 0.036 0.076 0.142 0.174 0.253 0.292 
223    (0)   :  0.005 0.005 0.017 0.042 0.075 0.104 0.352 0.148 0.252 
224    (0)   :  0.006 0.005 0.011 0.035 0.055 0.116 0.300 0.096 0.377 
225    (0)   :  0.005 0.004 0.014 0.068 0.063 0.115 0.199 0.105 0.428 
226    (0)   :  0.007 0.006 0.104 0.035 0.073 0.096 0.196 0.150 0.332 
227    (0)   :  0.005 0.005 0.011 0.129 0.074 0.166 0.240 0.083 0.287 
228    (0)   :  0.008 0.005 0.012 0.177 0.050 0.117 0.310 0.078 0.243 
229    (0)   :  0.005 0.005 0.011 0.026 0.060 0.109 0.323 0.101 0.360 
230    (0)   :  0.006 0.004 0.011 0.027 0.058 0.098 0.263 0.093 0.439 
231    (0)   :  0.006 0.004 0.012 0.029 0.057 0.094 0.306 0.133 0.360 
232    (0)   :  0.006 0.005 0.019 0.047 0.092 0.303 0.178 0.113 0.238 
233    (0)   :  0.005 0.004 0.011 0.031 0.057 0.092 0.468 0.102 0.230 
234    (0)   :  0.005 0.004 0.014 0.031 0.078 0.089 0.233 0.202 0.345 
235    (0)   :  0.005 0.005 0.021 0.050 0.072 0.150 0.279 0.128 0.290 
236    (0)   :  0.005 0.004 0.014 0.032 0.065 0.099 0.345 0.130 0.307 
237    (0)   :  0.007 0.004 0.012 0.068 0.063 0.114 0.141 0.101 0.490 
238    (0)   :  0.005 0.004 0.011 0.038 0.072 0.147 0.369 0.121 0.233 
239    (0)   :  0.005 0.004 0.011 0.077 0.052 0.131 0.329 0.084 0.306 
240    (0)   :  0.005 0.004 0.011 0.038 0.071 0.148 0.370 0.121 0.232 
241    (0)   :  0.006 0.005 0.015 0.054 0.061 0.188 0.346 0.099 0.227 
242    (0)   :  0.006 0.005 0.026 0.055 0.064 0.121 0.226 0.158 0.338 
243    (0)   :  0.008 0.004 0.011 0.102 0.057 0.096 0.242 0.084 0.396 
244    (0)   :  0.006 0.004 0.011 0.031 0.055 0.096 0.332 0.093 0.372 
245    (0)   :  0.004 0.004 0.011 0.052 0.066 0.142 0.466 0.100 0.154 
246    (0)   :  0.005 0.004 0.017 0.048 0.056 0.131 0.361 0.103 0.274 
247    (0)   :  0.005 0.004 0.020 0.044 0.154 0.120 0.090 0.179 0.384 
248    (0)   :  0.005 0.004 0.013 0.047 0.076 0.075 0.101 0.109 0.570 
249    (0)   :  0.006 0.004 0.011 0.035 0.061 0.141 0.312 0.100 0.329 
250    (0)   :  0.005 0.004 0.013 0.028 0.068 0.102 0.268 0.124 0.387 
251    (0)   :  0.008 0.005 0.042 0.051 0.084 0.078 0.171 0.209 0.351 
252    (0)   :  0.005 0.005 0.014 0.063 0.067 0.140 0.262 0.115 0.330 
253    (0)   :  0.005 0.004 0.026 0.066 0.109 0.171 0.126 0.142 0.351 
254    (0)   :  0.005 0.006 0.013 0.042 0.067 0.109 0.198 0.208 0.351 
255    (0)   :  0.006 0.005 0.012 0.038 0.071 0.126 0.239 0.149 0.354 
256    (0)   :  0.006 0.005 0.014 0.052 0.063 0.160 0.270 0.112 0.320 
257    (0)   :  0.008 0.008 0.015 0.049 0.077 0.102 0.199 0.120 0.421 
258    (0)   :  0.006 0.004 0.014 0.116 0.091 0.088 0.177 0.154 0.348 
259    (0)   :  0.005 0.005 0.013 0.032 0.065 0.112 0.171 0.114 0.482 
260    (0)   :  0.005 0.006 0.014 0.030 0.070 0.123 0.300 0.227 0.225 
261    (0)   :  0.005 0.004 0.014 0.083 0.062 0.138 0.334 0.114 0.246 
262    (0)   :  0.006 0.005 0.016 0.107 0.051 0.156 0.320 0.083 0.257 
263    (0)   :  0.006 0.006 0.011 0.039 0.058 0.082 0.128 0.141 0.529 
264    (0)   :  0.006 0.008 0.016 0.039 0.079 0.088 0.083 0.361 0.320 
265    (0)   :  0.004 0.005 0.020 0.040 0.071 0.086 0.256 0.136 0.383 
266    (0)   :  0.006 0.004 0.011 0.073 0.051 0.176 0.433 0.082 0.163 
267    (0)   :  0.006 0.004 0.012 0.046 0.074 0.154 0.231 0.133 0.339 
268    (0)   :  0.007 0.004 0.015 0.084 0.069 0.103 0.230 0.097 0.391 
269    (0)   :  0.005 0.005 0.032 0.037 0.070 0.089 0.273 0.229 0.262 
270    (0)   :  0.006 0.006 0.013 0.036 0.077 0.098 0.131 0.192 0.442 
271    (0)   :  0.007 0.005 0.018 0.061 0.085 0.080 0.164 0.128 0.454 
272    (0)   :  0.009 0.005 0.101 0.054 0.080 0.080 0.171 0.127 0.373 
273    (0)   :  0.020 0.024 0.030 0.044 0.102 0.113 0.232 0.163 0.273 
274    (0)   :  0.005 0.005 0.025 0.036 0.080 0.091 0.184 0.150 0.423 
275    (0)   :  0.010 0.008 0.033 0.039 0.066 0.087 0.208 0.144 0.405 
276    (0)   :  0.009 0.006 0.074 0.057 0.085 0.152 0.128 0.115 0.376 
277    (0)   :  0.004 0.005 0.017 0.037 0.074 0.126 0.286 0.158 0.293 
278    (0)   :  0.007 0.004 0.018 0.061 0.068 0.064 0.166 0.104 0.508 
279    (0)   :  0.005 0.005 0.017 0.037 0.072 0.108 0.225 0.142 0.391 
280    (0)   :  0.005 0.005 0.029 0.043 0.069 0.169 0.191 0.152 0.338 
281    (0)   :  0.005 0.005 0.016 0.041 0.095 0.098 0.185 0.133 0.422 
282    (0)   :  0.004 0.004 0.014 0.029 0.068 0.105 0.409 0.145 0.221 
283    (0)   :  0.005 0.004 0.011 0.035 0.067 0.119 0.434 0.103 0.222 
284    (0)   :  0.006 0.004 0.014 0.041 0.089 0.100 0.275 0.146 0.325 
285    (0)   :  0.007 0.004 0.019 0.063 0.082 0.099 0.076 0.121 0.531 
286    (0)   :  0.006 0.004 0.011 0.031 0.055 0.097 0.332 0.094 0.369 
287    (0)   :  0.004 0.005 0.025 0.036 0.098 0.110 0.242 0.154 0.326 
288    (0)   :  0.007 0.005 0.068 0.033 0.069 0.077 0.159 0.122 0.460 
289    (0)   :  0.009 0.007 0.041 0.053 0.091 0.072 0.139 0.135 0.453 
290    (0)   :  0.011 0.007 0.015 0.062 0.071 0.207 0.133 0.182 0.313 
291    (0)   :  0.007 0.004 0.017 0.061 0.085 0.080 0.163 0.128 0.453 
292    (0)   :  0.005 0.004 0.030 0.082 0.065 0.232 0.207 0.128 0.247 
293    (0)   :  0.008 0.005 0.016 0.082 0.080 0.160 0.118 0.261 0.270 
294    (0)   :  0.006 0.007 0.015 0.059 0.060 0.112 0.110 0.134 0.498 
295    (0)   :  0.011 0.006 0.054 0.079 0.091 0.140 0.160 0.135 0.326 
296    (0)   :  0.007 0.004 0.016 0.043 0.076 0.071 0.157 0.094 0.533 
297    (0)   :  0.005 0.005 0.027 0.034 0.073 0.170 0.140 0.153 0.393 
298    (0)   :  0.005 0.004 0.014 0.026 0.074 0.114 0.328 0.142 0.293 
299    (0)   :  0.005 0.007 0.011 0.032 0.062 0.105 0.142 0.159 0.477 
300    (0)   :  0.006 0.004 0.016 0.038 0.062 0.131 0.097 0.105 0.541 
301    (0)   :  0.006 0.006 0.019 0.032 0.066 0.091 0.131 0.211 0.438 
302    (0)   :  0.009 0.007 0.016 0.092 0.059 0.100 0.125 0.132 0.460 
303    (0)   :  0.006 0.005 0.015 0.034 0.061 0.200 0.260 0.114 0.304 
304    (0)   :  0.005 0.007 0.012 0.025 0.094 0.138 0.334 0.237 0.147 
305    (0)   :  0.007 0.005 0.016 0.061 0.052 0.120 0.256 0.089 0.396 
306    (0)   :  0.005 0.005 0.021 0.041 0.064 0.170 0.334 0.121 0.240 
307    (0)   :  0.006 0.005 0.017 0.035 0.071 0.139 0.220 0.144 0.364 
308    (0)   :  0.005 0.004 0.015 0.084 0.061 0.137 0.335 0.113 0.246 
309    (0)   :  0.028 0.015 0.021 0.051 0.083 0.072 0.147 0.106 0.477 
310    (0)   :  0.006 0.004 0.011 0.060 0.055 0.120 0.284 0.093 0.367 
311    (0)   :  0.006 0.004 0.011 0.027 0.058 0.099 0.262 0.093 0.439 
312    (0)   :  0.006 0.004 0.011 0.042 0.068 0.072 0.146 0.091 0.559 
313    (0)   :  0.006 0.004 0.013 0.124 0.062 0.089 0.099 0.091 0.512 
314    (0)   :  0.006 0.005 0.016 0.052 0.052 0.137 0.560 0.084 0.088 
315    (0)   :  0.005 0.004 0.028 0.069 0.060 0.109 0.526 0.114 0.086 
316    (0)   :  0.007 0.007 0.044 0.043 0.067 0.093 0.516 0.133 0.090 
317    (0)   :  0.006 0.005 0.017 0.030 0.054 0.110 0.605 0.089 0.085 
318    (0)   :  0.005 0.005 0.018 0.023 0.055 0.088 0.630 0.095 0.082 
319    (0)   :  0.005 0.005 0.013 0.030 0.053 0.123 0.590 0.086 0.096 
320    (0)   :  0.006 0.004 0.016 0.053 0.053 0.136 0.558 0.085 0.088 
321    (0)   :  0.006 0.005 0.018 0.027 0.055 0.118 0.593 0.094 0.084 
322    (0)   :  0.007 0.007 0.042 0.066 0.065 0.119 0.480 0.120 0.096 
323    (0)   :  0.005 0.013 0.015 0.025 0.055 0.095 0.614 0.093 0.087 
324    (0)   :  0.006 0.005 0.019 0.027 0.055 0.117 0.593 0.095 0.083 
325    (0)   :  0.006 0.005 0.046 0.037 0.063 0.082 0.550 0.126 0.084 
326    (0)   :  0.012 0.013 0.074 0.041 0.066 0.088 0.500 0.121 0.085 
327    (0)   :  0.006 0.005 0.017 0.030 0.054 0.110 0.605 0.089 0.084 
328    (0)   :  0.005 0.005 0.031 0.047 0.063 0.125 0.503 0.123 0.097 
329    (0)   :  0.004 0.004 0.014 0.023 0.054 0.109 0.621 0.091 0.080 
330    (0)   :  0.006 0.005 0.017 0.029 0.054 0.111 0.603 0.089 0.085 
331    (0)   :  0.004 0.005 0.013 0.023 0.054 0.095 0.625 0.092 0.089 
332    (0)   :  0.008 0.019 0.056 0.039 0.065 0.085 0.516 0.129 0.083 
333    (0)   :  0.008 0.012 0.046 0.045 0.066 0.098 0.512 0.120 0.094 
334    (0)   :  0.005 0.004 0.031 0.048 0.063 0.125 0.505 0.123 0.096 
335    (0)   :  0.005 0.004 0.029 0.054 0.062 0.114 0.531 0.113 0.088 
336    (0)   :  0.008 0.017 0.020 0.042 0.055 0.116 0.568 0.093 0.083 
337    (0)   :  0.007 0.005 0.047 0.046 0.063 0.110 0.507 0.127 0.088 
338    (0)   :  0.006 0.006 0.019 0.023 0.056 0.093 0.620 0.096 0.082 
339    (0)   :  0.004 0.005 0.013 0.023 0.054 0.096 0.625 0.092 0.088 
340    (0)   :  0.004 0.005 0.013 0.025 0.053 0.090 0.635 0.085 0.089 
341    (0)   :  0.008 0.013 0.019 0.027 0.057 0.107 0.584 0.091 0.093 
342    (0)   :  0.006 0.005 0.018 0.030 0.054 0.110 0.604 0.089 0.085 
343    (0)   :  0.006 0.011 0.028 0.098 0.061 0.146 0.452 0.114 0.085 
344    (0)   :  0.004 0.005 0.013 0.023 0.054 0.095 0.634 0.092 0.081 
345    (0)   :  0.006 0.005 0.017 0.029 0.054 0.110 0.605 0.088 0.085 
346    (0)   :  0.005 0.005 0.017 0.025 0.054 0.082 0.640 0.088 0.082 
347    (0)   :  0.004 0.004 0.013 0.025 0.053 0.089 0.644 0.086 0.082 
348    (0)   :  0.005 0.004 0.024 0.105 0.059 0.134 0.475 0.103 0.090 
349    (0)   :  0.006 0.005 0.017 0.030 0.054 0.109 0.604 0.089 0.085 
350    (0)   :  0.004 0.005 0.013 0.039 0.052 0.124 0.582 0.087 0.095 
351    (0)   :  0.005 0.004 0.029 0.055 0.062 0.114 0.530 0.113 0.088 
352    (0)   :  0.006 0.005 0.043 0.053 0.063 0.104 0.521 0.115 0.089 
353    (0)   :  0.008 0.017 0.020 0.041 0.056 0.114 0.569 0.093 0.083 
354    (0)   :  0.006 0.007 0.015 0.025 0.055 0.104 0.606 0.095 0.086 
355    (0)   :  0.005 0.005 0.018 0.023 0.055 0.088 0.631 0.094 0.081 
356    (0)   :  0.005 0.004 0.024 0.102 0.059 0.169 0.445 0.103 0.090 
357    (0)   :  0.005 0.004 0.042 0.039 0.069 0.085 0.390 0.263 0.104 
358    (0)   :  0.005 0.005 0.034 0.037 0.064 0.094 0.550 0.127 0.085 
359    (0)   :  0.005 0.005 0.014 0.023 0.054 0.100 0.615 0.093 0.089 
360    (0)   :  0.005 0.005 0.017 0.025 0.054 0.083 0.639 0.089 0.082 
361    (0)   :  0.006 0.004 0.043 0.053 0.069 0.122 0.335 0.258 0.110 
362    (0)   :  0.007 0.005 0.056 0.037 0.130 0.123 0.116 0.253 0.273 
363    (0)   :  0.008 0.007 0.029 0.039 0.183 0.115 0.087 0.325 0.207 
364    (0)   :  0.010 0.019 0.021 0.046 0.097 0.173 0.227 0.249 0.158 
365    (0)   :  0.015 0.014 0.043 0.033 0.111 0.156 0.098 0.365 0.164 
366    (0)   :  0.009 0.006 0.036 0.102 0.070 0.168 0.144 0.268 0.199 
367    (0)   :  0.005 0.005 0.037 0.026 0.432 0.088 0.073 0.223 0.110 
368    (0)   :  0.005 0.005 0.018 0.030 0.154 0.106 0.111 0.214 0.356 
369    (0)   :  0.011 0.007 0.020 0.091 0.071 0.264 0.152 0.240 0.144 
370    (0)   :  0.013 0.013 0.023 0.037 0.173 0.110 0.119 0.192 0.319 
371    (0)   :  0.011 0.010 0.018 0.044 0.079 0.147 0.137 0.310 0.243 
372    (0)   :  0.029 0.036 0.026 0.042 0.126 0.105 0.129 0.123 0.385 
373    (0)   :  0.006 0.006 0.019 0.034 0.251 0.173 0.145 0.205 0.160 
374    (0)   :  0.013 0.007 0.047 0.036 0.112 0.145 0.222 0.257 0.162 
375    (0)   :  0.009 0.015 0.021 0.027 0.152 0.101 0.086 0.398 0.191 
376    (0)   :  0.008 0.098 0.032 0.028 0.132 0.116 0.080 0.414 0.093 
377    (0)   :  0.008 0.007 0.047 0.051 0.107 0.097 0.121 0.237 0.325 
378    (0)   :  0.007 0.005 0.018 0.039 0.340 0.087 0.238 0.124 0.142 
379    (0)   :  0.014 0.170 0.032 0.031 0.146 0.102 0.072 0.327 0.106 
380    (0)   :  0.008 0.010 0.068 0.039 0.066 0.381 0.131 0.167 0.129 
381    (0)   :  0.008 0.009 0.021 0.059 0.061 0.315 0.119 0.311 0.096 
382    (0)   :  0.005 0.004 0.019 0.025 0.119 0.077 0.103 0.512 0.135 
383    (0)   :  0.012 0.020 0.141 0.028 0.066 0.170 0.187 0.211 0.165 
384    (0)   :  0.021 0.060 0.030 0.031 0.119 0.139 0.159 0.316 0.125 
385    (0)   :  0.129 0.008 0.018 0.028 0.121 0.108 0.214 0.218 0.156 
386    (0)   :  0.005 0.004 0.028 0.031 0.180 0.110 0.089 0.401 0.152 
387    (0)   :  0.005 0.005 0.022 0.035 0.180 0.109 0.114 0.402 0.128 
388    (0)   :  0.019 0.015 0.025 0.029 0.124 0.117 0.227 0.271 0.173 
389    (0)   :  0.030 0.009 0.018 0.089 0.093 0.103 0.100 0.142 0.416 
390    (0)   :  0.017 0.018 0.051 0.076 0.260 0.176 0.081 0.210 0.111 
391    (0)   :  0.029 0.013 0.032 0.064 0.206 0.173 0.121 0.175 0.187 
392    (0)   :  0.005 0.008 0.022 0.039 0.167 0.143 0.168 0.291 0.158 
393    (0)   :  0.007 0.007 0.079 0.053 0.086 0.390 0.115 0.163 0.100 
394    (0)   :  0.005 0.005 0.040 0.042 0.198 0.093 0.267 0.203 0.149 
395    (0)   :  0.005 0.004 0.064 0.053 0.142 0.175 0.101 0.172 0.283 
396    (0)   :  0.005 0.005 0.015 0.026 0.185 0.092 0.074 0.410 0.188 
397    (0)   :  0.005 0.071 0.014 0.039 0.069 0.148 0.174 0.223 0.255 
398    (0)   :  0.006 0.039 0.099 0.031 0.276 0.158 0.079 0.202 0.110 
399    (0)   :  0.008 0.005 0.047 0.043 0.373 0.114 0.097 0.156 0.156 
400    (0)   :  0.006 0.006 0.019 0.032 0.193 0.165 0.108 0.374 0.098 
401    (0)   :  0.006 0.004 0.019 0.062 0.342 0.159 0.125 0.147 0.136 
402    (0)   :  0.006 0.007 0.017 0.095 0.183 0.157 0.127 0.224 0.185 
403    (0)   :  0.014 0.007 0.024 0.036 0.117 0.172 0.314 0.157 0.159 
404    (0)   :  0.009 0.007 0.017 0.025 0.110 0.174 0.119 0.302 0.238 
405    (0)   :  0.005 0.004 0.045 0.045 0.103 0.162 0.123 0.292 0.220 
406    (0)   :  0.005 0.004 0.224 0.061 0.068 0.223 0.135 0.126 0.153 
407    (0)   :  0.005 0.004 0.087 0.025 0.114 0.175 0.074 0.377 0.140 
408    (0)   :  0.005 0.004 0.014 0.104 0.333 0.101 0.069 0.131 0.240 
409    (0)   :  0.009 0.009 0.036 0.040 0.078 0.500 0.116 0.112 0.099 
410    (0)   :  0.008 0.072 0.041 0.041 0.211 0.156 0.126 0.214 0.130 
411    (0)   :  0.006 0.014 0.019 0.080 0.108 0.103 0.169 0.391 0.110 
412    (0)   :  0.005 0.005 0.019 0.028 0.157 0.095 0.103 0.278 0.309 
413    (0)   :  0.005 0.004 0.017 0.032 0.193 0.085 0.212 0.234 0.218 
414    (0)   :  0.008 0.004 0.014 0.027 0.208 0.073 0.079 0.319 0.268 
415    (0)   :  0.006 0.005 0.036 0.063 0.144 0.158 0.090 0.359 0.139 
416    (0)   :  0.011 0.006 0.020 0.049 0.212 0.274 0.106 0.204 0.118 
417    (0)   :  0.005 0.005 0.152 0.034 0.166 0.125 0.084 0.289 0.140 
418    (0)   :  0.005 0.006 0.018 0.024 0.303 0.093 0.086 0.302 0.164 
419    (0)   :  0.016 0.010 0.027 0.038 0.141 0.239 0.175 0.204 0.150 
420    (0)   :  0.005 0.004 0.017 0.099 0.320 0.195 0.078 0.151 0.129 
421    (0)   :  0.006 0.006 0.058 0.032 0.229 0.154 0.086 0.210 0.219 
422    (0)   :  0.006 0.006 0.064 0.048 0.097 0.228 0.093 0.138 0.321 
423    (0)   :  0.005 0.007 0.039 0.041 0.128 0.094 0.128 0.350 0.208 
424    (0)   :  0.014 0.007 0.053 0.123 0.251 0.117 0.119 0.193 0.123 
425    (0)   :  0.027 0.018 0.023 0.035 0.114 0.122 0.155 0.330 0.177 
426    (0)   :  0.022 0.029 0.064 0.047 0.230 0.104 0.148 0.211 0.145 
427    (0)   :  0.005 0.005 0.112 0.028 0.206 0.145 0.168 0.240 0.092 
428    (0)   :  0.006 0.016 0.135 0.052 0.091 0.231 0.161 0.143 0.164 
429    (0)   :  0.005 0.005 0.029 0.025 0.233 0.087 0.073 0.425 0.118 
430    (0)   :  0.006 0.005 0.118 0.034 0.126 0.244 0.082 0.226 0.160 
431    (0)   :  0.011 0.009 0.034 0.035 0.211 0.090 0.152 0.221 0.236 
432    (0)   :  0.005 0.005 0.018 0.033 0.183 0.119 0.118 0.216 0.302 
433    (0)   :  0.006 0.007 0.016 0.046 0.100 0.131 0.269 0.166 0.259 
434    (0)   :  0.006 0.005 0.017 0.038 0.084 0.221 0.131 0.285 0.213 
435    (0)   :  0.005 0.005 0.204 0.038 0.180 0.128 0.078 0.240 0.122 
436    (0)   :  0.006 0.007 0.229 0.049 0.197 0.142 0.100 0.201 0.069 
437    (0)   :  0.005 0.006 0.030 0.034 0.087 0.082 0.086 0.541 0.129 
438    (0)   :  0.006 0.005 0.171 0.075 0.153 0.277 0.094 0.128 0.091 
439    (0)   :  0.005 0.005 0.210 0.028 0.151 0.235 0.090 0.194 0.081 
440    (0)   :  0.005 0.004 0.246 0.034 0.192 0.083 0.067 0.269 0.099 
441    (0)   :  0.006 0.005 0.062 0.037 0.126 0.268 0.123 0.263 0.110 
442    (0)   :  0.011 0.006 0.019 0.042 0.181 0.146 0.078 0.375 0.143 
443    (0)   :  0.006 0.004 0.045 0.123 0.365 0.122 0.073 0.158 0.104 
444    (0)   :  0.010 0.005 0.033 0.059 0.157 0.129 0.079 0.401 0.125 
445    (0)   :  0.006 0.039 0.033 0.037 0.079 0.484 0.095 0.134 0.093 
446    (0)   :  0.006 0.045 0.110 0.025 0.304 0.189 0.082 0.165 0.074 
447    (0)   :  0.013 0.006 0.170 0.056 0.130 0.221 0.115 0.182 0.107 
448    (0)   :  0.005 0.005 0.054 0.041 0.153 0.141 0.088 0.373 0.140 
449    (0)   :  0.005 0.005 0.056 0.036 0.120 0.191 0.117 0.336 0.133 
450    (0)   :  0.006 0.007 0.020 0.022 0.126 0.225 0.123 0.382 0.090 
451    (0)   :  0.005 0.005 0.030 0.049 0.312 0.067 0.068 0.262 0.202 
452    (0)   :  0.005 0.005 0.038 0.025 0.187 0.180 0.123 0.344 0.093 
453    (0)   :  0.006 0.004 0.024 0.157 0.150 0.297 0.089 0.133 0.141 
454    (0)   :  0.005 0.004 0.075 0.038 0.129 0.124 0.134 0.363 0.127 
455    (0)   :  0.005 0.004 0.223 0.061 0.160 0.190 0.075 0.201 0.082 
456    (0)   :  0.006 0.005 0.061 0.140 0.178 0.117 0.076 0.301 0.115 
457    (0)   :  0.005 0.005 0.060 0.036 0.098 0.123 0.090 0.470 0.113 
458    (0)   :  0.006 0.044 0.062 0.026 0.168 0.319 0.087 0.192 0.096 
459    (0)   :  0.006 0.005 0.069 0.034 0.236 0.246 0.115 0.217 0.073 
460    (0)   :  0.005 0.004 0.062 0.035 0.365 0.144 0.080 0.223 0.082 
461    (0)   :  0.005 0.006 0.021 0.022 0.401 0.116 0.082 0.267 0.078 
462    (0)   :  0.032 0.008 0.034 0.055 0.174 0.162 0.063 0.287 0.185 
463    (0)   :  0.006 0.004 0.169 0.162 0.087 0.215 0.090 0.133 0.134 
464    (0)   :  0.005 0.004 0.059 0.080 0.357 0.131 0.076 0.199 0.090 
465    (0)   :  0.006 0.006 0.033 0.045 0.270 0.207 0.084 0.216 0.133 
466    (0)   :  0.005 0.004 0.059 0.136 0.242 0.154 0.076 0.201 0.124 
467    (0)   :  0.007 0.005 0.044 0.045 0.143 0.289 0.097 0.216 0.153 
468    (0)   :  0.005 0.005 0.213 0.089 0.086 0.117 0.075 0.305 0.105 
469    (0)   :  0.005 0.004 0.380 0.027 0.102 0.164 0.079 0.157 0.080 
470    (0)   :  0.004 0.004 0.266 0.033 0.235 0.109 0.079 0.178 0.091 
471    (0)   :  0.008 0.006 0.026 0.096 0.206 0.152 0.087 0.242 0.178 
472    (0)   :  0.006 0.005 0.022 0.053 0.131 0.276 0.079 0.280 0.149 
473    (0)   :  0.005 0.005 0.063 0.049 0.101 0.145 0.117 0.326 0.188 
474    (0)   :  0.005 0.005 0.032 0.044 0.179 0.231 0.108 0.302 0.095 
475    (0)   :  0.005 0.005 0.032 0.039 0.253 0.219 0.121 0.208 0.119 
476    (0)   :  0.006 0.006 0.035 0.052 0.142 0.172 0.085 0.421 0.081 
477    (0)   :  0.008 0.006 0.039 0.062 0.273 0.187 0.101 0.217 0.107 
478    (0)   :  0.008 0.006 0.030 0.036 0.520 0.089 0.076 0.144 0.090 
479    (0)   :  0.005 0.004 0.076 0.032 0.173 0.103 0.078 0.441 0.086 
480    (0)   :  0.005 0.005 0.068 0.030 0.122 0.107 0.086 0.488 0.089 
481    (0)   :  0.007 0.005 0.023 0.033 0.135 0.146 0.084 0.300 0.268 
482    (0)   :  0.004 0.005 0.036 0.025 0.208 0.097 0.078 0.461 0.086 
483    (0)   :  0.005 0.005 0.248 0.029 0.179 0.180 0.094 0.177 0.083 
484    (0)   :  0.008 0.005 0.201 0.083 0.109 0.235 0.083 0.143 0.133 
485    (0)   :  0.005 0.005 0.422 0.031 0.151 0.101 0.077 0.128 0.080 
486    (0)   :  0.013 0.007 0.017 0.105 0.145 0.101 0.111 0.215 0.286 
487    (0)   :  0.011 0.008 0.018 0.062 0.111 0.131 0.201 0.249 0.209 
488    (0)   :  0.025 0.008 0.018 0.051 0.174 0.082 0.179 0.173 0.290 
489    (0)   :  0.008 0.007 0.013 0.079 0.067 0.199 0.144 0.258 0.226 
490    (0)   :  0.008 0.005 0.018 0.103 0.268 0.092 0.079 0.248 0.179 
491    (0)   :  0.015 0.006 0.014 0.043 0.078 0.159 0.162 0.150 0.373 
492    (0)   :  0.015 0.005 0.015 0.071 0.210 0.154 0.269 0.121 0.141 
493    (0)   :  0.021 0.009 0.014 0.070 0.098 0.067 0.154 0.218 0.350 
494    (0)   :  0.018 0.022 0.023 0.049 0.098 0.180 0.153 0.197 0.262 
495    (0)   :  0.056 0.021 0.016 0.092 0.225 0.126 0.201 0.157 0.105 
496    (0)   :  0.005 0.005 0.017 0.062 0.085 0.224 0.239 0.154 0.208 
497    (0)   :  0.037 0.013 0.014 0.050 0.075 0.090 0.190 0.199 0.331 
498    (0)   :  0.023 0.008 0.019 0.088 0.144 0.155 0.094 0.242 0.227 
499    (0)   :  0.009 0.015 0.016 0.062 0.075 0.139 0.266 0.192 0.226 
500    (0)   :  0.007 0.011 0.023 0.046 0.076 0.084 0.136 0.315 0.303 
501    (0)   :  0.007 0.008 0.018 0.027 0.111 0.195 0.201 0.263 0.171 
502    (0)   :  0.010 0.006 0.017 0.025 0.200 0.207 0.224 0.158 0.151 
503    (0)   :  0.005 0.006 0.023 0.035 0.111 0.149 0.105 0.339 0.226 
504    (0)   :  0.031 0.007 0.017 0.072 0.252 0.140 0.101 0.171 0.210 
505    (0)   :  0.008 0.007 0.020 0.059 0.098 0.172 0.148 0.127 0.361 
506    (0)   :  0.011 0.006 0.014 0.035 0.200 0.187 0.204 0.134 0.210 
507    (0)   :  0.005 0.006 0.014 0.078 0.057 0.212 0.371 0.095 0.163 
508    (0)   :  0.009 0.011 0.013 0.113 0.065 0.159 0.359 0.096 0.176 
509    (0)   :  0.007 0.006 0.017 0.063 0.090 0.149 0.225 0.125 0.318 
510    (0)   :  0.006 0.015 0.014 0.039 0.085 0.159 0.277 0.247 0.158 
511    (0)   :  0.011 0.010 0.054 0.040 0.180 0.160 0.108 0.257 0.180 
512    (0)   :  0.007 0.006 0.020 0.026 0.171 0.090 0.087 0.427 0.166 
513    (0)   :  0.195 0.007 0.012 0.104 0.124 0.076 0.115 0.085 0.282 
514    (0)   :  0.006 0.006 0.017 0.040 0.295 0.102 0.148 0.163 0.222 
515    (0)   :  0.008 0.009 0.051 0.088 0.106 0.122 0.223 0.240 0.153 
516    (0)   :  0.007 0.007 0.019 0.085 0.198 0.154 0.116 0.125 0.289 
517    (0)   :  0.006 0.006 0.044 0.119 0.141 0.152 0.190 0.178 0.163 
518    (0)   :  0.006 0.048 0.013 0.030 0.076 0.087 0.255 0.271 0.214 
519    (0)   :  0.007 0.005 0.019 0.042 0.322 0.167 0.131 0.158 0.149 
520    (0)   :  0.005 0.006 0.154 0.099 0.066 0.173 0.244 0.115 0.139 
521    (0)   :  0.006 0.005 0.015 0.043 0.129 0.099 0.313 0.155 0.234 
522    (0)   :  0.007 0.016 0.025 0.184 0.097 0.074 0.126 0.332 0.140 
523    (0)   :  0.006 0.006 0.029 0.256 0.113 0.141 0.187 0.131 0.130 
524    (0)   :  0.005 0.006 0.196 0.077 0.109 0.104 0.160 0.148 0.195 
525    (0)   :  0.006 0.061 0.045 0.058 0.074 0.172 0.228 0.190 0.166 
