

----------------------------------------------------
STRUCTURE by Pritchard, Stephens and Donnelly (2000)
     and Falush, Stephens and Pritchard (2003)
       Code by Pritchard, Falush and Hubisz
             Version 2.3.4 (Jul 2012)
----------------------------------------------------



Command line arguments:   ./structure -K 4 -D 104016 -m brooktrout/mainparams -e brooktrout/extraparams -o brooktrout/250914_output/results_K4_rep16 
Input File:    brooktrout/brooktrout.txt

Run parameters:
   8454 individuals
   5 loci
   4 populations assumed
   50000 Burn-in period
   100000 Reps
RANDOMIZE turned off


--------------------------------------------
Overall proportion of membership of the
sample in each of the 4 clusters

Inferred Clusters
  1      2      3      4    
0.218  0.396  0.167  0.219  

--------------------------------------------

Allele-freq. divergence among pops (Net nucleotide distance),
computed using point estimates of P.

      1       2       3       4      
 1      -    0.0319  0.0787  0.1073  
 2   0.0319     -    0.0499  0.0846  
 3   0.0787  0.0499     -    0.0663  
 4   0.1073  0.0846  0.0663     -    

Average distances (expected heterozygosity) between individuals in same cluster:
cluster  1  : 0.7955 
cluster  2  : 0.8329 
cluster  3  : 0.8169 
cluster  4  : 0.7471 

--------------------------------------------
Estimated Ln Prob of Data   = -178310.1
Mean value of ln likelihood = -173236.9
Variance of ln likelihood   = 10146.2

Mean value of alpha_1       = 0.1934
Mean value of alpha_2       = 0.3569
Mean value of alpha_3       = 0.1521
Mean value of alpha_4       = 0.2064
Allele frequencies uncorrelated


Inferred ancestry of individuals:
     (%Miss) :  Inferred clusters
  1    (0)   :  0.258 0.304 0.139 0.299 
  2    (0)   :  0.059 0.688 0.194 0.059 
  3    (0)   :  0.546 0.154 0.121 0.180 
  4    (0)   :  0.053 0.178 0.078 0.691 
  5    (0)   :  0.067 0.758 0.119 0.055 
  6    (0)   :  0.765 0.149 0.036 0.050 
  7    (0)   :  0.115 0.815 0.023 0.047 
  8    (0)   :  0.245 0.320 0.050 0.385 
  9    (0)   :  0.350 0.379 0.151 0.121 
 10    (0)   :  0.269 0.513 0.029 0.189 
 11    (0)   :  0.189 0.735 0.027 0.050 
 12    (0)   :  0.082 0.677 0.147 0.094 
 13    (0)   :  0.119 0.722 0.062 0.097 
 14    (0)   :  0.135 0.327 0.397 0.142 
 15    (0)   :  0.113 0.524 0.113 0.250 
 16    (0)   :  0.518 0.344 0.049 0.089 
 17    (0)   :  0.235 0.593 0.085 0.087 
 18    (0)   :  0.438 0.259 0.155 0.148 
 19    (0)   :  0.469 0.409 0.050 0.072 
 20    (0)   :  0.138 0.674 0.111 0.077 
 21    (0)   :  0.163 0.275 0.283 0.279 
 22    (0)   :  0.708 0.150 0.048 0.095 
 23    (0)   :  0.071 0.321 0.369 0.239 
 24    (0)   :  0.370 0.276 0.084 0.270 
 25    (0)   :  0.137 0.780 0.044 0.038 
 26    (0)   :  0.259 0.437 0.135 0.168 
 27    (0)   :  0.214 0.546 0.102 0.138 
 28    (0)   :  0.189 0.395 0.054 0.361 
 29    (0)   :  0.092 0.723 0.112 0.073 
 30    (0)   :  0.719 0.126 0.084 0.071 
 31    (0)   :  0.155 0.570 0.103 0.172 
 32    (0)   :  0.220 0.395 0.180 0.206 
 33    (0)   :  0.462 0.199 0.160 0.180 
 34    (0)   :  0.341 0.552 0.030 0.077 
 35    (0)   :  0.384 0.258 0.299 0.059 
 36    (0)   :  0.320 0.099 0.519 0.063 
 37    (0)   :  0.120 0.427 0.172 0.282 
 38    (0)   :  0.712 0.130 0.122 0.035 
 39    (0)   :  0.524 0.261 0.152 0.063 
 40    (0)   :  0.125 0.122 0.600 0.154 
 41    (0)   :  0.361 0.137 0.447 0.055 
 42    (0)   :  0.194 0.114 0.273 0.419 
 43    (0)   :  0.075 0.279 0.525 0.121 
 44    (0)   :  0.248 0.114 0.600 0.039 
 45    (0)   :  0.286 0.191 0.486 0.037 
 46    (0)   :  0.505 0.310 0.135 0.049 
 47    (0)   :  0.423 0.355 0.121 0.101 
 48    (0)   :  0.232 0.084 0.647 0.038 
 49    (0)   :  0.367 0.317 0.231 0.085 
 50    (0)   :  0.480 0.322 0.082 0.115 
 51    (0)   :  0.073 0.063 0.827 0.036 
 52    (0)   :  0.553 0.265 0.101 0.080 
 53    (0)   :  0.764 0.100 0.064 0.072 
 54    (0)   :  0.094 0.444 0.359 0.103 
 55    (0)   :  0.076 0.216 0.650 0.058 
 56    (0)   :  0.338 0.111 0.475 0.076 
 57    (0)   :  0.203 0.526 0.038 0.233 
 58    (0)   :  0.149 0.269 0.509 0.074 
 59    (0)   :  0.393 0.210 0.334 0.063 
 60    (0)   :  0.094 0.114 0.658 0.134 
 61    (0)   :  0.031 0.104 0.797 0.069 
 62    (0)   :  0.332 0.480 0.114 0.073 
 63    (0)   :  0.132 0.360 0.382 0.126 
 64    (0)   :  0.704 0.176 0.077 0.044 
 65    (0)   :  0.102 0.801 0.066 0.032 
 66    (0)   :  0.061 0.322 0.429 0.188 
 67    (0)   :  0.069 0.292 0.591 0.047 
 68    (0)   :  0.386 0.218 0.313 0.083 
 69    (0)   :  0.477 0.253 0.100 0.170 
 70    (0)   :  0.158 0.229 0.524 0.089 
 71    (0)   :  0.235 0.182 0.552 0.031 
 72    (0)   :  0.585 0.177 0.186 0.053 
 73    (0)   :  0.068 0.313 0.581 0.038 
 74    (0)   :  0.392 0.095 0.393 0.121 
 75    (0)   :  0.138 0.082 0.627 0.153 
 76    (0)   :  0.116 0.456 0.364 0.064 
 77    (0)   :  0.279 0.175 0.504 0.042 
 78    (0)   :  0.392 0.124 0.437 0.047 
 79    (0)   :  0.105 0.810 0.031 0.053 
 80    (0)   :  0.083 0.239 0.052 0.626 
 81    (0)   :  0.110 0.370 0.048 0.471 
 82    (0)   :  0.058 0.630 0.162 0.149 
 83    (0)   :  0.202 0.329 0.136 0.334 
 84    (0)   :  0.140 0.495 0.073 0.293 
 85    (0)   :  0.203 0.273 0.093 0.431 
 86    (0)   :  0.146 0.491 0.309 0.054 
 87    (0)   :  0.100 0.777 0.058 0.064 
 88    (0)   :  0.060 0.569 0.071 0.300 
 89    (0)   :  0.066 0.354 0.096 0.484 
 90    (0)   :  0.060 0.839 0.038 0.063 
 91    (0)   :  0.111 0.167 0.081 0.641 
 92    (0)   :  0.084 0.748 0.054 0.113 
 93    (0)   :  0.038 0.082 0.033 0.846 
 94    (0)   :  0.423 0.481 0.042 0.053 
 95    (0)   :  0.047 0.759 0.052 0.143 
 96    (0)   :  0.038 0.126 0.678 0.158 
 97    (0)   :  0.240 0.132 0.425 0.203 
 98    (0)   :  0.121 0.214 0.573 0.092 
 99    (0)   :  0.096 0.584 0.066 0.254 
100    (0)   :  0.036 0.126 0.147 0.691 
101    (0)   :  0.071 0.692 0.127 0.110 
102    (0)   :  0.100 0.345 0.156 0.399 
103    (0)   :  0.046 0.448 0.343 0.163 
104    (0)   :  0.059 0.776 0.084 0.081 
105    (0)   :  0.037 0.717 0.107 0.139 
106    (0)   :  0.252 0.670 0.052 0.026 
107    (0)   :  0.056 0.624 0.180 0.141 
108    (0)   :  0.082 0.114 0.769 0.035 
109    (0)   :  0.144 0.753 0.076 0.027 
110    (0)   :  0.240 0.691 0.036 0.033 
111    (0)   :  0.043 0.880 0.040 0.036 
112    (0)   :  0.097 0.832 0.042 0.029 
113    (0)   :  0.131 0.365 0.421 0.082 
114    (0)   :  0.054 0.775 0.066 0.105 
115    (0)   :  0.057 0.729 0.166 0.048 
116    (0)   :  0.250 0.533 0.189 0.029 
117    (0)   :  0.140 0.769 0.048 0.044 
118    (0)   :  0.061 0.680 0.217 0.041 
119    (0)   :  0.061 0.147 0.630 0.162 
120    (0)   :  0.065 0.816 0.071 0.048 
121    (0)   :  0.064 0.740 0.155 0.041 
122    (0)   :  0.193 0.721 0.050 0.036 
123    (0)   :  0.101 0.774 0.072 0.054 
124    (0)   :  0.380 0.445 0.133 0.042 
125    (0)   :  0.487 0.385 0.074 0.053 
126    (0)   :  0.216 0.550 0.169 0.064 
127    (0)   :  0.044 0.868 0.048 0.040 
128    (0)   :  0.046 0.729 0.181 0.044 
129    (0)   :  0.037 0.832 0.096 0.035 
130    (0)   :  0.063 0.725 0.081 0.131 
131    (0)   :  0.439 0.370 0.152 0.038 
132    (0)   :  0.114 0.778 0.078 0.030 
133    (0)   :  0.061 0.776 0.106 0.057 
134    (0)   :  0.159 0.791 0.027 0.022 
135    (0)   :  0.047 0.142 0.236 0.576 
136    (0)   :  0.042 0.079 0.032 0.847 
137    (0)   :  0.035 0.117 0.027 0.822 
138    (0)   :  0.045 0.063 0.039 0.853 
139    (0)   :  0.055 0.125 0.592 0.228 
140    (0)   :  0.102 0.216 0.124 0.557 
141    (0)   :  0.077 0.092 0.047 0.783 
142    (0)   :  0.041 0.113 0.290 0.557 
143    (0)   :  0.028 0.055 0.032 0.884 
144    (0)   :  0.031 0.113 0.030 0.826 
145    (0)   :  0.096 0.139 0.075 0.690 
146    (0)   :  0.083 0.273 0.073 0.571 
147    (0)   :  0.031 0.056 0.025 0.887 
148    (0)   :  0.056 0.181 0.093 0.670 
149    (0)   :  0.051 0.073 0.072 0.804 
150    (0)   :  0.046 0.226 0.049 0.679 
151    (0)   :  0.036 0.087 0.042 0.836 
152    (0)   :  0.077 0.164 0.153 0.606 
153    (0)   :  0.063 0.087 0.059 0.792 
154    (0)   :  0.042 0.093 0.051 0.815 
155    (0)   :  0.033 0.076 0.035 0.856 
156    (0)   :  0.032 0.108 0.173 0.688 
157    (0)   :  0.062 0.182 0.041 0.714 
158    (0)   :  0.090 0.119 0.048 0.743 
159    (0)   :  0.029 0.061 0.027 0.884 
160    (0)   :  0.031 0.066 0.029 0.875 
161    (0)   :  0.071 0.119 0.060 0.749 
162    (0)   :  0.094 0.316 0.100 0.490 
163    (0)   :  0.032 0.068 0.047 0.853 
164    (0)   :  0.063 0.355 0.065 0.517 
165    (0)   :  0.039 0.193 0.040 0.728 
166    (0)   :  0.089 0.210 0.118 0.582 
167    (0)   :  0.052 0.199 0.033 0.717 
168    (0)   :  0.078 0.085 0.069 0.767 
169    (0)   :  0.411 0.116 0.064 0.409 
170    (0)   :  0.038 0.102 0.152 0.708 
171    (0)   :  0.077 0.170 0.086 0.667 
172    (0)   :  0.193 0.071 0.196 0.540 
173    (0)   :  0.031 0.069 0.044 0.855 
174    (0)   :  0.039 0.083 0.030 0.849 
175    (0)   :  0.040 0.065 0.038 0.857 
176    (0)   :  0.032 0.111 0.030 0.827 
177    (0)   :  0.121 0.242 0.053 0.584 
178    (0)   :  0.058 0.110 0.033 0.799 
179    (0)   :  0.031 0.056 0.029 0.884 
180    (0)   :  0.079 0.178 0.065 0.677 
181    (0)   :  0.058 0.105 0.106 0.731 
182    (0)   :  0.029 0.090 0.063 0.818 
183    (0)   :  0.034 0.065 0.038 0.864 
184    (0)   :  0.128 0.403 0.413 0.056 
185    (0)   :  0.030 0.065 0.204 0.701 
186    (0)   :  0.083 0.693 0.168 0.056 
187    (0)   :  0.064 0.195 0.500 0.240 
188    (0)   :  0.063 0.643 0.255 0.039 
189    (0)   :  0.322 0.148 0.269 0.260 
190    (0)   :  0.023 0.059 0.808 0.110 
191    (0)   :  0.053 0.318 0.529 0.100 
192    (0)   :  0.070 0.324 0.341 0.264 
193    (0)   :  0.093 0.264 0.427 0.216 
194    (0)   :  0.059 0.353 0.354 0.233 
195    (0)   :  0.030 0.079 0.554 0.336 
196    (0)   :  0.031 0.085 0.789 0.095 
197    (0)   :  0.178 0.450 0.237 0.136 
198    (0)   :  0.161 0.356 0.307 0.177 
199    (0)   :  0.041 0.128 0.716 0.115 
200    (0)   :  0.086 0.138 0.695 0.081 
201    (0)   :  0.040 0.100 0.349 0.511 
202    (0)   :  0.029 0.121 0.295 0.554 
203    (0)   :  0.032 0.114 0.394 0.460 
204    (0)   :  0.027 0.093 0.776 0.105 
205    (0)   :  0.046 0.117 0.777 0.061 
206    (0)   :  0.035 0.142 0.672 0.151 
207    (0)   :  0.031 0.213 0.689 0.067 
208    (0)   :  0.031 0.097 0.701 0.170 
209    (0)   :  0.058 0.258 0.559 0.125 
210    (0)   :  0.035 0.142 0.676 0.146 
211    (0)   :  0.028 0.271 0.571 0.130 
212    (0)   :  0.053 0.096 0.180 0.672 
213    (0)   :  0.061 0.280 0.565 0.094 
214    (0)   :  0.037 0.100 0.359 0.505 
215    (0)   :  0.041 0.131 0.786 0.042 
216    (0)   :  0.130 0.496 0.289 0.085 
217    (0)   :  0.048 0.082 0.546 0.324 
218    (0)   :  0.056 0.185 0.656 0.104 
219    (0)   :  0.241 0.273 0.208 0.278 
220    (0)   :  0.032 0.142 0.762 0.064 
221    (0)   :  0.027 0.058 0.290 0.625 
222    (0)   :  0.209 0.437 0.210 0.144 
223    (0)   :  0.092 0.188 0.338 0.382 
224    (0)   :  0.038 0.165 0.397 0.400 
225    (0)   :  0.039 0.123 0.734 0.104 
226    (0)   :  0.131 0.115 0.655 0.099 
227    (0)   :  0.033 0.138 0.640 0.189 
228    (0)   :  0.027 0.070 0.687 0.216 
229    (0)   :  0.044 0.185 0.362 0.409 
230    (0)   :  0.033 0.167 0.554 0.247 
231    (0)   :  0.066 0.208 0.326 0.400 
232    (0)   :  0.086 0.272 0.356 0.287 
233    (0)   :  0.039 0.101 0.225 0.635 
234    (0)   :  0.113 0.348 0.296 0.243 
235    (0)   :  0.084 0.118 0.572 0.226 
236    (0)   :  0.059 0.166 0.426 0.350 
237    (0)   :  0.040 0.272 0.576 0.113 
238    (0)   :  0.047 0.139 0.307 0.508 
239    (0)   :  0.029 0.079 0.550 0.342 
240    (0)   :  0.048 0.140 0.294 0.518 
241    (0)   :  0.040 0.105 0.216 0.640 
242    (0)   :  0.126 0.182 0.531 0.160 
243    (0)   :  0.025 0.071 0.809 0.095 
244    (0)   :  0.033 0.121 0.474 0.371 
245    (0)   :  0.033 0.079 0.138 0.750 
246    (0)   :  0.049 0.081 0.548 0.321 
247    (0)   :  0.100 0.510 0.346 0.044 
248    (0)   :  0.041 0.328 0.583 0.047 
249    (0)   :  0.038 0.141 0.478 0.343 
250    (0)   :  0.056 0.230 0.461 0.253 
251    (0)   :  0.168 0.239 0.508 0.084 
252    (0)   :  0.053 0.139 0.609 0.198 
253    (0)   :  0.083 0.316 0.523 0.078 
254    (0)   :  0.133 0.373 0.338 0.157 
255    (0)   :  0.089 0.284 0.397 0.230 
256    (0)   :  0.043 0.113 0.590 0.254 
257    (0)   :  0.046 0.216 0.584 0.153 
258    (0)   :  0.065 0.241 0.608 0.085 
259    (0)   :  0.046 0.344 0.476 0.135 
260    (0)   :  0.156 0.330 0.164 0.350 
261    (0)   :  0.052 0.109 0.541 0.298 
262    (0)   :  0.029 0.061 0.706 0.204 
263    (0)   :  0.060 0.305 0.549 0.086 
264    (0)   :  0.502 0.285 0.175 0.038 
265    (0)   :  0.081 0.132 0.648 0.139 
266    (0)   :  0.028 0.063 0.249 0.661 
267    (0)   :  0.064 0.341 0.322 0.274 
268    (0)   :  0.032 0.086 0.789 0.093 
269    (0)   :  0.259 0.185 0.335 0.221 
270    (0)   :  0.102 0.539 0.260 0.100 
271    (0)   :  0.052 0.170 0.712 0.067 
272    (0)   :  0.079 0.102 0.758 0.061 
273    (0)   :  0.112 0.178 0.475 0.235 
274    (0)   :  0.088 0.171 0.644 0.097 
275    (0)   :  0.086 0.115 0.685 0.114 
276    (0)   :  0.068 0.136 0.732 0.063 
277    (0)   :  0.099 0.208 0.383 0.311 
278    (0)   :  0.038 0.102 0.808 0.052 
279    (0)   :  0.069 0.193 0.562 0.177 
280    (0)   :  0.136 0.136 0.602 0.126 
281    (0)   :  0.070 0.275 0.529 0.126 
282    (0)   :  0.085 0.173 0.224 0.518 
283    (0)   :  0.048 0.143 0.217 0.592 
284    (0)   :  0.060 0.267 0.425 0.249 
285    (0)   :  0.053 0.226 0.691 0.030 
286    (0)   :  0.032 0.120 0.475 0.372 
287    (0)   :  0.159 0.216 0.434 0.191 
288    (0)   :  0.075 0.109 0.758 0.058 
289    (0)   :  0.086 0.172 0.664 0.079 
290    (0)   :  0.195 0.131 0.590 0.084 
291    (0)   :  0.052 0.170 0.709 0.068 
292    (0)   :  0.096 0.100 0.662 0.141 
293    (0)   :  0.352 0.200 0.377 0.071 
294    (0)   :  0.068 0.226 0.645 0.061 
295    (0)   :  0.134 0.243 0.478 0.146 
296    (0)   :  0.041 0.156 0.738 0.065 
297    (0)   :  0.168 0.192 0.553 0.088 
298    (0)   :  0.081 0.249 0.270 0.401 
299    (0)   :  0.082 0.435 0.376 0.106 
300    (0)   :  0.042 0.165 0.738 0.055 
301    (0)   :  0.182 0.355 0.372 0.092 
302    (0)   :  0.065 0.187 0.685 0.063 
303    (0)   :  0.060 0.141 0.440 0.359 
304    (0)   :  0.166 0.315 0.082 0.437 
305    (0)   :  0.034 0.081 0.695 0.190 
306    (0)   :  0.077 0.100 0.438 0.385 
307    (0)   :  0.068 0.337 0.358 0.236 
308    (0)   :  0.052 0.108 0.539 0.301 
309    (0)   :  0.038 0.122 0.786 0.054 
310    (0)   :  0.031 0.084 0.695 0.190 
311    (0)   :  0.033 0.166 0.557 0.244 
312    (0)   :  0.030 0.149 0.757 0.065 
313    (0)   :  0.031 0.140 0.788 0.041 
314    (0)   :  0.031 0.050 0.041 0.877 
315    (0)   :  0.046 0.060 0.054 0.839 
316    (0)   :  0.053 0.064 0.041 0.842 
317    (0)   :  0.031 0.051 0.026 0.892 
318    (0)   :  0.033 0.050 0.020 0.896 
319    (0)   :  0.028 0.056 0.031 0.884 
320    (0)   :  0.031 0.050 0.042 0.877 
321    (0)   :  0.033 0.052 0.024 0.890 
322    (0)   :  0.050 0.065 0.060 0.825 
323    (0)   :  0.031 0.053 0.022 0.893 
324    (0)   :  0.035 0.053 0.023 0.889 
325    (0)   :  0.054 0.061 0.031 0.855 
326    (0)   :  0.052 0.058 0.030 0.861 
327    (0)   :  0.031 0.051 0.025 0.893 
328    (0)   :  0.048 0.068 0.043 0.840 
329    (0)   :  0.029 0.052 0.023 0.896 
330    (0)   :  0.031 0.051 0.026 0.893 
331    (0)   :  0.030 0.052 0.024 0.895 
332    (0)   :  0.060 0.062 0.029 0.849 
333    (0)   :  0.046 0.062 0.035 0.858 
334    (0)   :  0.050 0.068 0.044 0.838 
335    (0)   :  0.043 0.064 0.043 0.850 
336    (0)   :  0.036 0.051 0.029 0.884 
337    (0)   :  0.057 0.064 0.036 0.843 
338    (0)   :  0.034 0.051 0.020 0.896 
339    (0)   :  0.029 0.052 0.024 0.895 
340    (0)   :  0.027 0.051 0.025 0.897 
341    (0)   :  0.030 0.054 0.023 0.893 
342    (0)   :  0.031 0.051 0.026 0.892 
343    (0)   :  0.052 0.064 0.064 0.820 
344    (0)   :  0.029 0.051 0.021 0.899 
345    (0)   :  0.030 0.051 0.025 0.893 
346    (0)   :  0.029 0.049 0.022 0.900 
347    (0)   :  0.027 0.050 0.023 0.899 
348    (0)   :  0.042 0.060 0.085 0.812 
349    (0)   :  0.031 0.051 0.026 0.893 
350    (0)   :  0.031 0.054 0.040 0.876 
351    (0)   :  0.044 0.063 0.043 0.850 
352    (0)   :  0.050 0.062 0.041 0.847 
353    (0)   :  0.037 0.051 0.028 0.884 
354    (0)   :  0.030 0.052 0.022 0.896 
355    (0)   :  0.032 0.050 0.021 0.897 
356    (0)   :  0.042 0.063 0.114 0.781 
357    (0)   :  0.227 0.163 0.049 0.560 
358    (0)   :  0.050 0.063 0.030 0.857 
359    (0)   :  0.030 0.054 0.022 0.895 
360    (0)   :  0.029 0.049 0.022 0.900 
361    (0)   :  0.240 0.185 0.075 0.500 
362    (0)   :  0.309 0.458 0.161 0.073 
363    (0)   :  0.532 0.333 0.091 0.045 
364    (0)   :  0.223 0.323 0.059 0.395 
365    (0)   :  0.566 0.325 0.058 0.051 
366    (0)   :  0.362 0.159 0.364 0.115 
367    (0)   :  0.325 0.621 0.027 0.027 
368    (0)   :  0.072 0.834 0.042 0.051 
369    (0)   :  0.207 0.213 0.229 0.351 
370    (0)   :  0.084 0.679 0.165 0.072 
371    (0)   :  0.301 0.377 0.205 0.117 
372    (0)   :  0.079 0.615 0.183 0.124 
373    (0)   :  0.158 0.698 0.053 0.091 
374    (0)   :  0.296 0.288 0.082 0.334 
375    (0)   :  0.315 0.606 0.040 0.040 
376    (0)   :  0.836 0.110 0.022 0.032 
377    (0)   :  0.356 0.464 0.108 0.072 
378    (0)   :  0.089 0.626 0.060 0.224 
379    (0)   :  0.847 0.096 0.030 0.028 
380    (0)   :  0.665 0.092 0.120 0.123 
381    (0)   :  0.745 0.076 0.082 0.098 
382    (0)   :  0.380 0.543 0.033 0.044 
383    (0)   :  0.746 0.085 0.049 0.120 
384    (0)   :  0.578 0.272 0.047 0.103 
385    (0)   :  0.096 0.709 0.028 0.166 
386    (0)   :  0.446 0.464 0.048 0.042 
387    (0)   :  0.385 0.523 0.043 0.049 
388    (0)   :  0.194 0.447 0.063 0.296 
389    (0)   :  0.060 0.402 0.489 0.049 
390    (0)   :  0.504 0.265 0.191 0.039 
391    (0)   :  0.127 0.625 0.164 0.084 
392    (0)   :  0.671 0.186 0.058 0.086 
393    (0)   :  0.796 0.079 0.063 0.062 
394    (0)   :  0.227 0.400 0.080 0.293 
395    (0)   :  0.297 0.221 0.437 0.045 
396    (0)   :  0.300 0.634 0.036 0.030 
397    (0)   :  0.229 0.442 0.156 0.173 
398    (0)   :  0.757 0.181 0.031 0.030 
399    (0)   :  0.231 0.592 0.138 0.040 
400    (0)   :  0.462 0.443 0.036 0.060 
401    (0)   :  0.193 0.645 0.097 0.066 
402    (0)   :  0.164 0.558 0.210 0.069 
403    (0)   :  0.134 0.391 0.072 0.403 
404    (0)   :  0.428 0.378 0.097 0.096 
405    (0)   :  0.397 0.354 0.154 0.095 
406    (0)   :  0.269 0.074 0.562 0.096 
407    (0)   :  0.809 0.129 0.032 0.030 
408    (0)   :  0.064 0.692 0.215 0.028 
409    (0)   :  0.263 0.114 0.296 0.327 
410    (0)   :  0.514 0.342 0.051 0.094 
411    (0)   :  0.590 0.145 0.102 0.163 
412    (0)   :  0.096 0.819 0.037 0.047 
413    (0)   :  0.126 0.585 0.089 0.200 
414    (0)   :  0.084 0.845 0.039 0.032 
415    (0)   :  0.738 0.131 0.087 0.044 
416    (0)   :  0.425 0.408 0.093 0.074 
417    (0)   :  0.741 0.183 0.037 0.039 
418    (0)   :  0.218 0.721 0.028 0.033 
419    (0)   :  0.232 0.440 0.134 0.195 
420    (0)   :  0.266 0.478 0.215 0.041 
421    (0)   :  0.499 0.398 0.053 0.049 
422    (0)   :  0.376 0.230 0.341 0.053 
423    (0)   :  0.619 0.229 0.094 0.058 
424    (0)   :  0.131 0.681 0.121 0.068 
425    (0)   :  0.265 0.576 0.062 0.097 
426    (0)   :  0.148 0.731 0.040 0.081 
427    (0)   :  0.692 0.142 0.040 0.126 
428    (0)   :  0.431 0.200 0.160 0.209 
429    (0)   :  0.749 0.196 0.028 0.027 
430    (0)   :  0.776 0.148 0.039 0.037 
431    (0)   :  0.154 0.706 0.074 0.066 
432    (0)   :  0.088 0.804 0.048 0.060 
433    (0)   :  0.058 0.550 0.111 0.281 
434    (0)   :  0.249 0.505 0.094 0.152 
435    (0)   :  0.793 0.141 0.036 0.030 
436    (0)   :  0.819 0.099 0.033 0.049 
437    (0)   :  0.801 0.134 0.031 0.034 
438    (0)   :  0.538 0.226 0.160 0.076 
439    (0)   :  0.846 0.090 0.023 0.041 
440    (0)   :  0.833 0.111 0.032 0.024 
441    (0)   :  0.601 0.247 0.041 0.112 
442    (0)   :  0.644 0.267 0.053 0.035 
443    (0)   :  0.395 0.453 0.120 0.032 
444    (0)   :  0.724 0.184 0.059 0.034 
445    (0)   :  0.598 0.140 0.104 0.157 
446    (0)   :  0.705 0.233 0.025 0.037 
447    (0)   :  0.612 0.227 0.080 0.081 
448    (0)   :  0.640 0.276 0.047 0.037 
449    (0)   :  0.581 0.293 0.060 0.066 
450    (0)   :  0.665 0.245 0.022 0.067 
451    (0)   :  0.111 0.807 0.057 0.026 
452    (0)   :  0.739 0.184 0.027 0.051 
453    (0)   :  0.115 0.341 0.472 0.072 
454    (0)   :  0.626 0.242 0.050 0.081 
455    (0)   :  0.752 0.155 0.059 0.035 
456    (0)   :  0.685 0.164 0.121 0.030 
457    (0)   :  0.824 0.109 0.030 0.037 
458    (0)   :  0.814 0.120 0.025 0.041 
459    (0)   :  0.522 0.318 0.045 0.115 
460    (0)   :  0.702 0.236 0.029 0.033 
461    (0)   :  0.470 0.474 0.021 0.036 
462    (0)   :  0.675 0.233 0.067 0.025 
463    (0)   :  0.350 0.127 0.467 0.056 
464    (0)   :  0.621 0.287 0.062 0.030 
465    (0)   :  0.263 0.634 0.057 0.046 
466    (0)   :  0.388 0.353 0.224 0.035 
467    (0)   :  0.652 0.207 0.071 0.070 
468    (0)   :  0.835 0.081 0.055 0.030 
469    (0)   :  0.869 0.074 0.023 0.034 
470    (0)   :  0.817 0.125 0.028 0.030 
471    (0)   :  0.329 0.343 0.291 0.037 
472    (0)   :  0.439 0.421 0.094 0.046 
473    (0)   :  0.507 0.330 0.089 0.075 
474    (0)   :  0.735 0.167 0.049 0.049 
475    (0)   :  0.304 0.564 0.058 0.074 
476    (0)   :  0.833 0.095 0.035 0.038 
477    (0)   :  0.163 0.717 0.051 0.069 
478    (0)   :  0.124 0.819 0.026 0.032 
479    (0)   :  0.753 0.190 0.027 0.030 
480    (0)   :  0.853 0.088 0.024 0.034 
481    (0)   :  0.349 0.505 0.107 0.038 
482    (0)   :  0.817 0.131 0.022 0.029 
483    (0)   :  0.769 0.157 0.031 0.044 
484    (0)   :  0.627 0.182 0.144 0.046 
485    (0)   :  0.808 0.122 0.036 0.033 
486    (0)   :  0.075 0.709 0.159 0.057 
487    (0)   :  0.089 0.663 0.076 0.172 
488    (0)   :  0.052 0.804 0.062 0.083 
489    (0)   :  0.117 0.368 0.281 0.234 
490    (0)   :  0.091 0.791 0.083 0.035 
491    (0)   :  0.069 0.557 0.203 0.171 
492    (0)   :  0.060 0.533 0.158 0.249 
493    (0)   :  0.058 0.780 0.087 0.075 
494    (0)   :  0.128 0.578 0.178 0.116 
495    (0)   :  0.067 0.733 0.064 0.137 
496    (0)   :  0.084 0.302 0.223 0.392 
497    (0)   :  0.054 0.729 0.056 0.161 
498    (0)   :  0.081 0.646 0.173 0.100 
499    (0)   :  0.069 0.478 0.093 0.360 
500    (0)   :  0.220 0.560 0.147 0.074 
501    (0)   :  0.157 0.568 0.073 0.202 
502    (0)   :  0.083 0.649 0.044 0.224 
503    (0)   :  0.425 0.442 0.085 0.048 
504    (0)   :  0.050 0.841 0.058 0.051 
505    (0)   :  0.059 0.333 0.513 0.095 
506    (0)   :  0.082 0.628 0.088 0.202 
507    (0)   :  0.038 0.088 0.131 0.742 
508    (0)   :  0.033 0.178 0.161 0.628 
509    (0)   :  0.060 0.384 0.323 0.233 
510    (0)   :  0.166 0.433 0.081 0.320 
511    (0)   :  0.478 0.322 0.143 0.058 
512    (0)   :  0.425 0.498 0.042 0.035 
513    (0)   :  0.026 0.760 0.150 0.063 
514    (0)   :  0.063 0.805 0.068 0.064 
515    (0)   :  0.456 0.228 0.136 0.180 
516    (0)   :  0.052 0.744 0.140 0.064 
517    (0)   :  0.215 0.334 0.291 0.159 
518    (0)   :  0.196 0.353 0.102 0.349 
519    (0)   :  0.072 0.801 0.053 0.074 
520    (0)   :  0.227 0.117 0.357 0.299 
521    (0)   :  0.077 0.331 0.191 0.401 
522    (0)   :  0.515 0.185 0.246 0.053 
523    (0)   :  0.077 0.253 0.481 0.189 
524    (0)   :  0.475 0.232 0.190 0.103 
525    (0)   :  0.292 0.251 0.121 0.335 
526    (0)   :  0.345 0.088 0.494 0.074 
527    (0)   :  0.143 0.765 0.035 0.057 
528    (0)   :  0.054 0.151 0.226 0.568 
529    (0)   :  0.092 0.550 0.168 0.190 
530    (0)   :  0.472 0.272 0.153 0.103 
531    (0)   :  0.218 0.204 0.102 0.476 
532    (0)   :  0.113 0.454 0.114 0.318 
533    (0)   :  0.337 0.344 0.228 0.090 
534    (0)   :  0.044 0.523 0.293 0.139 
535    (0)   :  0.198 0.328 0.400 0.074 
536    (0)   :  0.256 0.182 0.393 0.169 
537    (0)   :  0.061 0.127 0.548 0.263 
538    (0)   :  0.071 0.147 0.632 0.150 
539    (0)   :  0.044 0.089 0.207 0.660 
540    (0)   :  0.127 0.188 0.427 0.259 
541    (0)   :  0.119 0.171 0.141 0.570 
542    (0)   :  0.234 0.111 0.597 0.059 
543    (0)   :  0.062 0.267 0.483 0.188 
544    (0)   :  0.103 0.141 0.677 0.079 
545    (0)   :  0.198 0.137 0.625 0.039 
546    (0)   :  0.098 0.176 0.586 0.140 
547    (0)   :  0.062 0.139 0.661 0.138 
548    (0)   :  0.056 0.231 0.464 0.249 
549    (0)   :  0.212 0.093 0.194 0.500 
550    (0)   :  0.304 0.158 0.469 0.069 
551    (0)   :  0.079 0.146 0.080 0.695 
552    (0)   :  0.069 0.110 0.676 0.145 
553    (0)   :  0.037 0.116 0.708 0.139 
554    (0)   :  0.267 0.389 0.163 0.181 
555    (0)   :  0.058 0.160 0.493 0.289 
556    (0)   :  0.071 0.170 0.629 0.130 
557    (0)   :  0.372 0.197 0.314 0.116 
558    (0)   :  0.827 0.123 0.020 0.031 
559    (0)   :  0.076 0.738 0.131 0.054 
560    (0)   :  0.470 0.461 0.045 0.024 
561    (0)   :  0.267 0.631 0.068 0.034 
562    (0)   :  0.167 0.702 0.107 0.024 
563    (0)   :  0.099 0.685 0.054 0.162 
564    (0)   :  0.094 0.505 0.339 0.063 
565    (0)   :  0.824 0.113 0.026 0.037 
566    (0)   :  0.275 0.662 0.038 0.025 
567    (0)   :  0.060 0.713 0.188 0.039 
568    (0)   :  0.192 0.602 0.148 0.057 
569    (0)   :  0.378 0.377 0.188 0.057 
570    (0)   :  0.786 0.161 0.027 0.026 
571    (0)   :  0.103 0.808 0.049 0.041 
572    (0)   :  0.142 0.147 0.585 0.126 
573    (0)   :  0.170 0.507 0.257 0.066 
574    (0)   :  0.475 0.303 0.068 0.154 
575    (0)   :  0.141 0.683 0.084 0.093 
576    (0)   :  0.150 0.799 0.026 0.025 
577    (0)   :  0.370 0.448 0.053 0.130 
578    (0)   :  0.215 0.682 0.058 0.045 
579    (0)   :  0.217 0.673 0.069 0.042 
580    (0)   :  0.547 0.335 0.044 0.074 
581    (0)   :  0.506 0.399 0.039 0.056 
582    (0)   :  0.736 0.190 0.046 0.028 
583    (0)   :  0.156 0.764 0.039 0.041 
584    (0)   :  0.131 0.812 0.027 0.030 
585    (0)   :  0.275 0.646 0.042 0.037 
586    (0)   :  0.076 0.810 0.065 0.049 
587    (0)   :  0.496 0.368 0.107 0.028 
588    (0)   :  0.028 0.166 0.768 0.037 
589    (0)   :  0.688 0.190 0.092 0.031 
590    (0)   :  0.059 0.855 0.050 0.035 
591    (0)   :  0.078 0.839 0.039 0.045 
592    (0)   :  0.193 0.480 0.295 0.032 
593    (0)   :  0.255 0.570 0.101 0.074 
594    (0)   :  0.063 0.808 0.043 0.087 
595    (0)   :  0.198 0.739 0.035 0.028 
596    (0)   :  0.153 0.328 0.462 0.057 
597    (0)   :  0.063 0.641 0.101 0.196 
598    (0)   :  0.844 0.106 0.021 0.028 
599    (0)   :  0.250 0.633 0.091 0.027 
600    (0)   :  0.537 0.295 0.079 0.090 
601    (0)   :  0.455 0.453 0.064 0.028 
602    (0)   :  0.074 0.692 0.080 0.154 
603    (0)   :  0.070 0.698 0.097 0.135 
604    (0)   :  0.529 0.289 0.069 0.114 
605    (0)   :  0.208 0.625 0.113 0.054 
606    (0)   :  0.177 0.419 0.244 0.160 
607    (0)   :  0.236 0.364 0.074 0.326 
608    (0)   :  0.200 0.259 0.050 0.490 
609    (0)   :  0.406 0.463 0.059 0.073 
610    (0)   :  0.640 0.181 0.124 0.054 
611    (0)   :  0.089 0.653 0.134 0.125 
612    (0)   :  0.823 0.101 0.038 0.038 
613    (0)   :  0.273 0.531 0.122 0.074 
614    (0)   :  0.763 0.144 0.053 0.040 
615    (0)   :  0.741 0.124 0.063 0.072 
616    (0)   :  0.238 0.446 0.086 0.229 
617    (0)   :  0.380 0.488 0.086 0.046 
618    (0)   :  0.538 0.173 0.097 0.191 
619    (0)   :  0.220 0.308 0.350 0.122 
620    (0)   :  0.109 0.469 0.398 0.025 
621    (0)   :  0.138 0.795 0.024 0.042 
622    (0)   :  0.427 0.240 0.212 0.122 
623    (0)   :  0.135 0.711 0.109 0.046 
624    (0)   :  0.685 0.135 0.041 0.138 
625    (0)   :  0.470 0.318 0.043 0.169 
626    (0)   :  0.315 0.092 0.187 0.406 
627    (0)   :  0.165 0.665 0.104 0.066 
628    (0)   :  0.098 0.734 0.108 0.060 
629    (0)   :  0.168 0.681 0.072 0.079 
630    (0)   :  0.603 0.280 0.061 0.056 
631    (0)   :  0.445 0.408 0.074 0.072 
632    (0)   :  0.114 0.253 0.397 0.236 
633    (0)   :  0.416 0.404 0.052 0.128 
634    (0)   :  0.204 0.434 0.183 0.178 
635    (0)   :  0.163 0.188 0.099 0.550 
636    (0)   :  0.430 0.275 0.055 0.240 
637    (0)   :  0.181 0.298 0.429 0.093 
638    (0)   :  0.140 0.672 0.067 0.121 
639    (0)   :  0.408 0.396 0.073 0.123 
640    (0)   :  0.110 0.808 0.028 0.054 
641    (0)   :  0.208 0.642 0.072 0.078 
642    (0)   :  0.093 0.196 0.131 0.580 
643    (0)   :  0.049 0.100 0.039 0.812 
644    (0)   :  0.055 0.237 0.059 0.649 
645    (0)   :  0.294 0.082 0.064 0.559 
646    (0)   :  0.111 0.536 0.219 0.135 
647    (0)   :  0.068 0.441 0.091 0.400 
648    (0)   :  0.131 0.289 0.250 0.330 
649    (0)   :  0.050 0.257 0.531 0.162 
650    (0)   :  0.060 0.575 0.190 0.175 
651    (0)   :  0.052 0.440 0.055 0.454 
652    (0)   :  0.067 0.211 0.086 0.637 
653    (0)   :  0.096 0.293 0.138 0.473 
654    (0)   :  0.076 0.182 0.257 0.485 
655    (0)   :  0.084 0.302 0.072 0.543 
656    (0)   :  0.093 0.359 0.263 0.284 
657    (0)   :  0.262 0.458 0.054 0.226 
658    (0)   :  0.160 0.430 0.165 0.245 
659    (0)   :  0.079 0.236 0.141 0.544 
660    (0)   :  0.050 0.141 0.164 0.645 
661    (0)   :  0.085 0.108 0.258 0.549 
662    (0)   :  0.041 0.217 0.646 0.097 
663    (0)   :  0.079 0.210 0.193 0.518 
664    (0)   :  0.208 0.439 0.075 0.278 
665    (0)   :  0.048 0.233 0.608 0.112 
666    (0)   :  0.078 0.173 0.214 0.534 
667    (0)   :  0.070 0.762 0.072 0.095 
668    (0)   :  0.128 0.238 0.142 0.493 
669    (0)   :  0.072 0.333 0.274 0.321 
670    (0)   :  0.033 0.072 0.052 0.844 
671    (0)   :  0.044 0.129 0.109 0.718 
672    (0)   :  0.078 0.147 0.073 0.702 
673    (0)   :  0.032 0.055 0.023 0.890 
674    (0)   :  0.060 0.094 0.067 0.779 
675    (0)   :  0.032 0.114 0.031 0.824 
676    (0)   :  0.031 0.055 0.026 0.889 
677    (0)   :  0.030 0.064 0.243 0.663 
678    (0)   :  0.031 0.059 0.021 0.889 
679    (0)   :  0.054 0.091 0.028 0.827 
680    (0)   :  0.051 0.077 0.038 0.834 
681    (0)   :  0.161 0.189 0.304 0.345 
682    (0)   :  0.053 0.067 0.035 0.845 
683    (0)   :  0.031 0.066 0.050 0.852 
684    (0)   :  0.032 0.061 0.024 0.882 
685    (0)   :  0.028 0.053 0.027 0.893 
686    (0)   :  0.055 0.083 0.171 0.690 
687    (0)   :  0.040 0.117 0.146 0.697 
688    (0)   :  0.038 0.085 0.038 0.838 
689    (0)   :  0.029 0.054 0.026 0.891 
690    (0)   :  0.031 0.055 0.025 0.888 
691    (0)   :  0.051 0.085 0.041 0.824 
692    (0)   :  0.042 0.089 0.027 0.841 
693    (0)   :  0.048 0.089 0.029 0.835 
694    (0)   :  0.026 0.051 0.029 0.895 
695    (0)   :  0.042 0.060 0.052 0.846 
696    (0)   :  0.038 0.085 0.038 0.840 
697    (0)   :  0.032 0.056 0.037 0.874 
698    (0)   :  0.030 0.057 0.028 0.885 
699    (0)   :  0.040 0.060 0.190 0.711 
700    (0)   :  0.076 0.076 0.068 0.780 
701    (0)   :  0.061 0.099 0.051 0.790 
702    (0)   :  0.073 0.108 0.085 0.733 
703    (0)   :  0.055 0.069 0.040 0.836 
704    (0)   :  0.037 0.078 0.059 0.826 
705    (0)   :  0.082 0.122 0.322 0.474 
706    (0)   :  0.049 0.063 0.048 0.840 
707    (0)   :  0.034 0.058 0.047 0.861 
708    (0)   :  0.030 0.062 0.034 0.875 
709    (0)   :  0.035 0.055 0.060 0.850 
710    (0)   :  0.027 0.050 0.029 0.894 
711    (0)   :  0.049 0.070 0.110 0.771 
712    (0)   :  0.027 0.055 0.136 0.782 
713    (0)   :  0.034 0.083 0.043 0.840 
714    (0)   :  0.054 0.111 0.039 0.795 
715    (0)   :  0.028 0.051 0.068 0.854 
716    (0)   :  0.047 0.060 0.042 0.852 
717    (0)   :  0.028 0.049 0.038 0.884 
718    (0)   :  0.048 0.086 0.073 0.793 
719    (0)   :  0.027 0.054 0.054 0.865 
720    (0)   :  0.161 0.744 0.051 0.044 
721    (0)   :  0.173 0.152 0.065 0.609 
722    (0)   :  0.514 0.308 0.092 0.087 
723    (0)   :  0.573 0.304 0.045 0.078 
724    (0)   :  0.617 0.129 0.059 0.195 
725    (0)   :  0.135 0.495 0.101 0.270 
726    (0)   :  0.558 0.169 0.150 0.124 
727    (0)   :  0.183 0.226 0.349 0.242 
728    (0)   :  0.878 0.071 0.026 0.025 
729    (0)   :  0.848 0.098 0.027 0.027 
730    (0)   :  0.408 0.494 0.046 0.052 
731    (0)   :  0.756 0.146 0.034 0.063 
732    (0)   :  0.573 0.303 0.046 0.078 
733    (0)   :  0.817 0.119 0.025 0.040 
734    (0)   :  0.811 0.135 0.027 0.027 
735    (0)   :  0.832 0.099 0.022 0.047 
736    (0)   :  0.530 0.376 0.038 0.057 
737    (0)   :  0.492 0.351 0.095 0.061 
738    (0)   :  0.466 0.444 0.039 0.051 
739    (0)   :  0.827 0.114 0.023 0.036 
740    (0)   :  0.047 0.138 0.037 0.779 
741    (0)   :  0.095 0.238 0.071 0.595 
742    (0)   :  0.109 0.689 0.027 0.175 
743    (0)   :  0.102 0.746 0.049 0.103 
744    (0)   :  0.067 0.426 0.404 0.102 
745    (0)   :  0.091 0.807 0.064 0.038 
746    (0)   :  0.169 0.507 0.080 0.245 
747    (0)   :  0.069 0.777 0.080 0.074 
748    (0)   :  0.061 0.353 0.050 0.536 
749    (0)   :  0.085 0.575 0.147 0.193 
750    (0)   :  0.083 0.676 0.118 0.123 
751    (0)   :  0.077 0.343 0.066 0.514 
752    (0)   :  0.106 0.707 0.090 0.098 
753    (0)   :  0.215 0.426 0.094 0.265 
754    (0)   :  0.086 0.408 0.044 0.462 
755    (0)   :  0.108 0.624 0.048 0.220 
756    (0)   :  0.051 0.553 0.089 0.306 
757    (0)   :  0.069 0.727 0.046 0.157 
758    (0)   :  0.045 0.874 0.045 0.036 
759    (0)   :  0.139 0.233 0.069 0.559 
760    (0)   :  0.214 0.584 0.042 0.160 
761    (0)   :  0.416 0.185 0.065 0.334 
762    (0)   :  0.414 0.500 0.024 0.062 
763    (0)   :  0.214 0.427 0.093 0.266 
764    (0)   :  0.067 0.795 0.039 0.100 
765    (0)   :  0.356 0.501 0.065 0.079 
766    (0)   :  0.070 0.521 0.043 0.366 
767    (0)   :  0.119 0.517 0.081 0.284 
768    (0)   :  0.441 0.472 0.025 0.062 
769    (0)   :  0.442 0.240 0.039 0.279 
770    (0)   :  0.415 0.498 0.037 0.050 
771    (0)   :  0.048 0.337 0.431 0.184 
772    (0)   :  0.121 0.455 0.088 0.336 
773    (0)   :  0.059 0.791 0.048 0.102 
774    (0)   :  0.095 0.287 0.077 0.541 
775    (0)   :  0.597 0.272 0.028 0.103 
776    (0)   :  0.078 0.816 0.048 0.059 
777    (0)   :  0.134 0.557 0.182 0.127 
778    (0)   :  0.084 0.471 0.240 0.205 
779    (0)   :  0.052 0.766 0.038 0.143 
780    (0)   :  0.079 0.390 0.054 0.477 
781    (0)   :  0.047 0.201 0.578 0.175 
782    (0)   :  0.055 0.764 0.039 0.143 
783    (0)   :  0.114 0.561 0.042 0.283 
784    (0)   :  0.157 0.728 0.039 0.077 
785    (0)   :  0.071 0.725 0.041 0.162 
786    (0)   :  0.086 0.367 0.040 0.507 
787    (0)   :  0.041 0.347 0.120 0.491 
788    (0)   :  0.112 0.738 0.053 0.098 
789    (0)   :  0.141 0.743 0.029 0.088 
790    (0)   :  0.135 0.471 0.037 0.357 
791    (0)   :  0.100 0.699 0.050 0.152 
792    (0)   :  0.042 0.314 0.135 0.509 
793    (0)   :  0.169 0.172 0.218 0.441 
794    (0)   :  0.118 0.647 0.071 0.165 
795    (0)   :  0.157 0.170 0.087 0.586 
796    (0)   :  0.070 0.686 0.056 0.188 
797    (0)   :  0.087 0.121 0.179 0.613 
798    (0)   :  0.657 0.160 0.152 0.030 
799    (0)   :  0.087 0.776 0.058 0.079 
800    (0)   :  0.033 0.187 0.199 0.581 
801    (0)   :  0.657 0.163 0.118 0.062 
802    (0)   :  0.380 0.168 0.204 0.248 
803    (0)   :  0.118 0.272 0.115 0.495 
804    (0)   :  0.144 0.336 0.395 0.125 
805    (0)   :  0.044 0.092 0.038 0.825 
806    (0)   :  0.359 0.161 0.362 0.118 
807    (0)   :  0.057 0.084 0.181 0.677 
808    (0)   :  0.062 0.151 0.411 0.375 
809    (0)   :  0.175 0.096 0.678 0.051 
810    (0)   :  0.247 0.430 0.107 0.215 
811    (0)   :  0.091 0.165 0.322 0.422 
812    (0)   :  0.056 0.104 0.809 0.030 
813    (0)   :  0.670 0.207 0.087 0.036 
814    (0)   :  0.049 0.253 0.648 0.050 
815    (0)   :  0.338 0.105 0.303 0.254 
816    (0)   :  0.250 0.227 0.119 0.404 
817    (0)   :  0.376 0.172 0.201 0.250 
818    (0)   :  0.115 0.770 0.039 0.075 
819    (0)   :  0.038 0.739 0.065 0.157 
820    (0)   :  0.058 0.588 0.164 0.189 
821    (0)   :  0.113 0.761 0.024 0.103 
822    (0)   :  0.153 0.771 0.045 0.030 
823    (0)   :  0.372 0.346 0.027 0.256 
824    (0)   :  0.074 0.715 0.045 0.166 
825    (0)   :  0.201 0.695 0.045 0.059 
826    (0)   :  0.063 0.855 0.040 0.042 
827    (0)   :  0.311 0.595 0.032 0.062 
828    (0)   :  0.481 0.362 0.050 0.108 
829    (0)   :  0.535 0.283 0.078 0.103 
830    (0)   :  0.221 0.715 0.023 0.041 
831    (0)   :  0.213 0.563 0.080 0.145 
832    (0)   :  0.169 0.589 0.083 0.160 
833    (0)   :  0.359 0.407 0.050 0.184 
834    (0)   :  0.278 0.518 0.063 0.142 
835    (0)   :  0.060 0.856 0.043 0.041 
836    (0)   :  0.066 0.781 0.070 0.084 
837    (0)   :  0.377 0.277 0.072 0.274 
838    (0)   :  0.050 0.826 0.082 0.042 
839    (0)   :  0.151 0.759 0.025 0.065 
840    (0)   :  0.070 0.450 0.306 0.174 
841    (0)   :  0.051 0.749 0.086 0.113 
842    (0)   :  0.066 0.877 0.026 0.031 
843    (0)   :  0.073 0.298 0.339 0.289 
844    (0)   :  0.142 0.580 0.092 0.186 
845    (0)   :  0.068 0.866 0.022 0.044 
846    (0)   :  0.052 0.808 0.034 0.106 
847    (0)   :  0.039 0.712 0.037 0.213 
848    (0)   :  0.043 0.807 0.057 0.092 
849    (0)   :  0.085 0.820 0.034 0.060 
850    (0)   :  0.138 0.771 0.031 0.060 
851    (0)   :  0.048 0.869 0.031 0.052 
852    (0)   :  0.179 0.217 0.030 0.574 
853    (0)   :  0.145 0.773 0.032 0.050 
854    (0)   :  0.260 0.435 0.031 0.274 
855    (0)   :  0.062 0.814 0.040 0.085 
856    (0)   :  0.064 0.754 0.040 0.142 
857    (0)   :  0.086 0.698 0.152 0.064 
858    (0)   :  0.069 0.848 0.036 0.048 
859    (0)   :  0.167 0.754 0.025 0.054 
860    (0)   :  0.055 0.848 0.050 0.047 
861    (0)   :  0.044 0.372 0.121 0.463 
862    (0)   :  0.856 0.079 0.031 0.033 
863    (0)   :  0.771 0.099 0.050 0.080 
864    (0)   :  0.850 0.070 0.024 0.056 
865    (0)   :  0.818 0.128 0.028 0.025 
866    (0)   :  0.355 0.550 0.050 0.044 
867    (0)   :  0.835 0.077 0.039 0.049 
868    (0)   :  0.723 0.171 0.060 0.046 
869    (0)   :  0.386 0.524 0.040 0.050 
870    (0)   :  0.635 0.185 0.151 0.029 
871    (0)   :  0.752 0.182 0.036 0.030 
872    (0)   :  0.827 0.108 0.024 0.041 
873    (0)   :  0.836 0.090 0.027 0.047 
874    (0)   :  0.847 0.089 0.035 0.029 
875    (0)   :  0.439 0.381 0.127 0.053 
876    (0)   :  0.117 0.765 0.079 0.038 
877    (0)   :  0.862 0.074 0.024 0.040 
878    (0)   :  0.393 0.445 0.093 0.070 
879    (0)   :  0.827 0.090 0.026 0.057 
880    (0)   :  0.452 0.364 0.146 0.039 
881    (0)   :  0.811 0.107 0.033 0.050 
882    (0)   :  0.835 0.097 0.022 0.046 
883    (0)   :  0.105 0.760 0.084 0.052 
884    (0)   :  0.821 0.127 0.027 0.025 
885    (0)   :  0.580 0.172 0.172 0.075 
886    (0)   :  0.567 0.322 0.037 0.074 
887    (0)   :  0.816 0.126 0.029 0.029 
888    (0)   :  0.390 0.185 0.310 0.115 
889    (0)   :  0.844 0.102 0.029 0.024 
890    (0)   :  0.445 0.461 0.066 0.027 
891    (0)   :  0.067 0.823 0.064 0.047 
892    (0)   :  0.079 0.776 0.095 0.050 
893    (0)   :  0.137 0.607 0.180 0.076 
894    (0)   :  0.206 0.741 0.023 0.031 
895    (0)   :  0.758 0.176 0.034 0.031 
896    (0)   :  0.051 0.786 0.079 0.084 
897    (0)   :  0.054 0.843 0.057 0.046 
898    (0)   :  0.319 0.517 0.074 0.089 
899    (0)   :  0.120 0.831 0.023 0.026 
900    (0)   :  0.058 0.851 0.052 0.039 
901    (0)   :  0.074 0.846 0.038 0.041 
902    (0)   :  0.069 0.468 0.410 0.053 
903    (0)   :  0.540 0.373 0.046 0.041 
904    (0)   :  0.373 0.438 0.105 0.084 
905    (0)   :  0.507 0.437 0.028 0.029 
906    (0)   :  0.230 0.615 0.098 0.057 
907    (0)   :  0.113 0.791 0.032 0.064 
908    (0)   :  0.130 0.790 0.029 0.051 
909    (0)   :  0.222 0.588 0.129 0.061 
910    (0)   :  0.079 0.759 0.109 0.053 
911    (0)   :  0.619 0.324 0.032 0.025 
912    (0)   :  0.168 0.769 0.030 0.034 
913    (0)   :  0.286 0.639 0.046 0.029 
914    (0)   :  0.185 0.588 0.039 0.188 
915    (0)   :  0.175 0.756 0.045 0.025 
916    (0)   :  0.109 0.817 0.038 0.035 
917    (0)   :  0.148 0.777 0.038 0.037 
918    (0)   :  0.362 0.426 0.056 0.157 
919    (0)   :  0.490 0.384 0.045 0.082 
920    (0)   :  0.101 0.813 0.029 0.057 
921    (0)   :  0.094 0.303 0.310 0.294 
922    (0)   :  0.060 0.243 0.652 0.045 
923    (0)   :  0.049 0.310 0.561 0.080 
924    (0)   :  0.050 0.320 0.586 0.044 
925    (0)   :  0.070 0.339 0.514 0.077 
926    (0)   :  0.032 0.123 0.769 0.077 
927    (0)   :  0.050 0.124 0.721 0.105 
928    (0)   :  0.033 0.125 0.667 0.176 
929    (0)   :  0.032 0.154 0.768 0.046 
930    (0)   :  0.064 0.236 0.618 0.081 
931    (0)   :  0.143 0.056 0.691 0.110 
932    (0)   :  0.037 0.127 0.802 0.034 
933    (0)   :  0.044 0.152 0.359 0.446 
