

----------------------------------------------------
STRUCTURE by Pritchard, Stephens and Donnelly (2000)
     and Falush, Stephens and Pritchard (2003)
       Code by Pritchard, Falush and Hubisz
             Version 2.3.4 (Jul 2012)
----------------------------------------------------



Command line arguments:   ./structure -K 8 -D 108015 -m brooktrout/mainparams -e brooktrout/extraparams -o brooktrout/250914_output/results_K8_rep15 
Input File:    brooktrout/brooktrout.txt

Run parameters:
   8454 individuals
   5 loci
   8 populations assumed
   50000 Burn-in period
   100000 Reps
RANDOMIZE turned off


--------------------------------------------
Overall proportion of membership of the
sample in each of the 8 clusters

Inferred Clusters
  1      2      3      4      5      6      7      8    
0.014  0.026  0.034  0.175  0.186  0.161  0.215  0.189  

--------------------------------------------

Allele-freq. divergence among pops (Net nucleotide distance),
computed using point estimates of P.

      1       2       3       4       5       6       7       8      
 1      -    0.1640  0.1398  0.1195  0.0811  0.1211  0.0967  0.1124  
 2   0.1640     -    0.2421  0.2229  0.1166  0.1547  0.1319  0.2074  
 3   0.1398  0.2421     -    0.2098  0.1518  0.1443  0.1325  0.1307  
 4   0.1195  0.2229  0.2098     -    0.1544  0.1105  0.1798  0.1156  
 5   0.0811  0.1166  0.1518  0.1544     -    0.1210  0.0674  0.1057  
 6   0.1211  0.1547  0.1443  0.1105  0.1210     -    0.1215  0.0915  
 7   0.0967  0.1319  0.1325  0.1798  0.0674  0.1215     -    0.0998  
 8   0.1124  0.2074  0.1307  0.1156  0.1057  0.0915  0.0998     -    

Average distances (expected heterozygosity) between individuals in same cluster:
cluster  1  : 0.8155 
cluster  2  : 0.6758 
cluster  3  : 0.7610 
cluster  4  : 0.6979 
cluster  5  : 0.7437 
cluster  6  : 0.7749 
cluster  7  : 0.7725 
cluster  8  : 0.7683 

--------------------------------------------
Estimated Ln Prob of Data   = -194382.2
Mean value of ln likelihood = -171394.1
Variance of ln likelihood   = 45976.2

Mean value of alpha_1       = 0.0459
Mean value of alpha_2       = 0.0801
Mean value of alpha_3       = 0.1139
Mean value of alpha_4       = 0.5671
Mean value of alpha_5       = 0.6261
Mean value of alpha_6       = 0.5600
Mean value of alpha_7       = 0.7253
Mean value of alpha_8       = 0.6508
Allele frequencies uncorrelated


Inferred ancestry of individuals:
     (%Miss) :  Inferred clusters
  1    (0)   :  0.009 0.014 0.017 0.164 0.257 0.305 0.137 0.098 
  2    (0)   :  0.005 0.008 0.024 0.070 0.114 0.069 0.127 0.583 
  3    (0)   :  0.012 0.018 0.010 0.123 0.323 0.257 0.143 0.114 
  4    (0)   :  0.016 0.019 0.016 0.429 0.096 0.153 0.145 0.125 
  5    (0)   :  0.007 0.009 0.039 0.077 0.162 0.073 0.165 0.468 
  6    (0)   :  0.008 0.009 0.011 0.089 0.545 0.059 0.157 0.121 
  7    (0)   :  0.009 0.012 0.018 0.080 0.242 0.073 0.475 0.090 
  8    (0)   :  0.056 0.021 0.015 0.282 0.200 0.142 0.184 0.100 
  9    (0)   :  0.020 0.012 0.030 0.112 0.266 0.157 0.137 0.268 
 10    (0)   :  0.014 0.011 0.019 0.204 0.338 0.083 0.213 0.118 
 11    (0)   :  0.006 0.012 0.023 0.073 0.287 0.107 0.397 0.093 
 12    (0)   :  0.007 0.009 0.025 0.118 0.187 0.082 0.168 0.404 
 13    (0)   :  0.010 0.010 0.028 0.119 0.270 0.113 0.231 0.218 
 14    (0)   :  0.005 0.021 0.014 0.111 0.163 0.173 0.125 0.388 
 15    (0)   :  0.008 0.031 0.018 0.233 0.142 0.136 0.206 0.225 
 16    (0)   :  0.006 0.012 0.021 0.093 0.428 0.168 0.179 0.093 
 17    (0)   :  0.019 0.014 0.031 0.115 0.348 0.142 0.159 0.172 
 18    (0)   :  0.018 0.028 0.014 0.128 0.269 0.119 0.113 0.311 
 19    (0)   :  0.008 0.010 0.016 0.103 0.443 0.080 0.183 0.158 
 20    (0)   :  0.008 0.021 0.027 0.131 0.171 0.125 0.303 0.216 
 21    (0)   :  0.007 0.013 0.016 0.183 0.169 0.217 0.124 0.272 
 22    (0)   :  0.011 0.010 0.014 0.121 0.492 0.105 0.122 0.126 
 23    (0)   :  0.012 0.024 0.042 0.179 0.118 0.269 0.126 0.231 
 24    (0)   :  0.007 0.013 0.018 0.184 0.307 0.210 0.146 0.116 
 25    (0)   :  0.009 0.020 0.022 0.064 0.297 0.076 0.326 0.187 
 26    (0)   :  0.014 0.015 0.019 0.180 0.299 0.114 0.154 0.205 
 27    (0)   :  0.009 0.011 0.025 0.121 0.331 0.181 0.159 0.162 
 28    (0)   :  0.008 0.012 0.014 0.275 0.203 0.111 0.209 0.169 
 29    (0)   :  0.005 0.009 0.033 0.094 0.177 0.177 0.274 0.230 
 30    (0)   :  0.006 0.011 0.016 0.094 0.483 0.127 0.114 0.148 
 31    (0)   :  0.028 0.010 0.031 0.163 0.214 0.145 0.217 0.193 
 32    (0)   :  0.007 0.019 0.013 0.190 0.226 0.132 0.165 0.248 
 33    (0)   :  0.007 0.011 0.014 0.122 0.239 0.273 0.215 0.119 
 34    (0)   :  0.011 0.017 0.047 0.138 0.224 0.075 0.402 0.087 
 35    (0)   :  0.020 0.008 0.039 0.073 0.276 0.230 0.118 0.236 
 36    (0)   :  0.006 0.045 0.011 0.065 0.130 0.526 0.101 0.116 
 37    (0)   :  0.013 0.009 0.013 0.158 0.161 0.218 0.145 0.282 
 38    (0)   :  0.006 0.230 0.038 0.060 0.134 0.165 0.246 0.121 
 39    (0)   :  0.011 0.021 0.028 0.089 0.222 0.189 0.249 0.191 
 40    (0)   :  0.005 0.014 0.017 0.089 0.157 0.476 0.092 0.150 
 41    (0)   :  0.010 0.016 0.029 0.054 0.176 0.447 0.175 0.093 
 42    (0)   :  0.006 0.024 0.016 0.128 0.102 0.561 0.092 0.072 
 43    (0)   :  0.011 0.008 0.017 0.089 0.111 0.419 0.146 0.199 
 44    (0)   :  0.012 0.008 0.016 0.055 0.200 0.388 0.121 0.201 
 45    (0)   :  0.007 0.037 0.030 0.056 0.152 0.308 0.140 0.271 
 46    (0)   :  0.020 0.011 0.021 0.086 0.304 0.157 0.176 0.226 
 47    (0)   :  0.032 0.008 0.028 0.106 0.330 0.154 0.129 0.212 
 48    (0)   :  0.014 0.011 0.024 0.061 0.187 0.358 0.094 0.251 
 49    (0)   :  0.014 0.012 0.043 0.091 0.245 0.295 0.128 0.173 
 50    (0)   :  0.020 0.012 0.024 0.117 0.318 0.108 0.244 0.158 
 51    (0)   :  0.005 0.029 0.014 0.052 0.079 0.629 0.084 0.108 
 52    (0)   :  0.015 0.011 0.033 0.102 0.226 0.248 0.252 0.113 
 53    (0)   :  0.012 0.087 0.017 0.110 0.256 0.198 0.211 0.110 
 54    (0)   :  0.012 0.007 0.028 0.110 0.143 0.177 0.126 0.397 
 55    (0)   :  0.009 0.009 0.021 0.080 0.102 0.290 0.122 0.366 
 56    (0)   :  0.009 0.021 0.035 0.095 0.232 0.296 0.092 0.219 
 57    (0)   :  0.031 0.012 0.031 0.244 0.291 0.090 0.174 0.127 
 58    (0)   :  0.007 0.017 0.032 0.081 0.132 0.349 0.150 0.233 
 59    (0)   :  0.007 0.054 0.068 0.079 0.168 0.328 0.137 0.160 
 60    (0)   :  0.005 0.018 0.012 0.107 0.096 0.524 0.105 0.133 
 61    (0)   :  0.005 0.008 0.019 0.116 0.067 0.293 0.096 0.397 
 62    (0)   :  0.017 0.010 0.128 0.107 0.256 0.104 0.140 0.238 
 63    (0)   :  0.005 0.011 0.015 0.110 0.111 0.329 0.237 0.182 
 64    (0)   :  0.009 0.024 0.025 0.068 0.409 0.110 0.137 0.217 
 65    (0)   :  0.007 0.009 0.022 0.060 0.137 0.080 0.433 0.251 
 66    (0)   :  0.006 0.010 0.017 0.172 0.101 0.138 0.175 0.380 
 67    (0)   :  0.008 0.008 0.020 0.066 0.102 0.309 0.134 0.353 
 68    (0)   :  0.009 0.054 0.050 0.091 0.152 0.366 0.128 0.150 
 69    (0)   :  0.011 0.200 0.095 0.128 0.153 0.137 0.160 0.117 
 70    (0)   :  0.005 0.018 0.013 0.077 0.084 0.516 0.204 0.083 
 71    (0)   :  0.007 0.047 0.059 0.052 0.152 0.323 0.148 0.212 
 72    (0)   :  0.008 0.017 0.012 0.063 0.335 0.309 0.135 0.123 
 73    (0)   :  0.006 0.014 0.064 0.061 0.101 0.235 0.157 0.362 
 74    (0)   :  0.005 0.044 0.012 0.087 0.132 0.515 0.093 0.111 
 75    (0)   :  0.006 0.023 0.016 0.099 0.111 0.544 0.076 0.125 
 76    (0)   :  0.007 0.009 0.012 0.077 0.102 0.282 0.285 0.227 
 77    (0)   :  0.005 0.044 0.035 0.054 0.131 0.323 0.247 0.161 
 78    (0)   :  0.007 0.161 0.041 0.057 0.114 0.286 0.212 0.122 
 79    (0)   :  0.006 0.012 0.017 0.088 0.232 0.076 0.372 0.196 
 80    (0)   :  0.006 0.010 0.012 0.432 0.107 0.096 0.175 0.161 
 81    (0)   :  0.007 0.010 0.011 0.348 0.135 0.070 0.240 0.180 
 82    (0)   :  0.006 0.010 0.031 0.134 0.119 0.222 0.193 0.286 
 83    (0)   :  0.006 0.022 0.011 0.229 0.133 0.104 0.278 0.217 
 84    (0)   :  0.006 0.011 0.012 0.224 0.131 0.083 0.351 0.181 
 85    (0)   :  0.006 0.028 0.012 0.261 0.201 0.104 0.192 0.196 
 86    (0)   :  0.009 0.012 0.026 0.076 0.148 0.128 0.167 0.436 
 87    (0)   :  0.007 0.021 0.014 0.097 0.122 0.115 0.468 0.157 
 88    (0)   :  0.007 0.010 0.014 0.231 0.122 0.162 0.242 0.212 
 89    (0)   :  0.009 0.010 0.012 0.283 0.117 0.108 0.184 0.277 
 90    (0)   :  0.006 0.010 0.014 0.105 0.108 0.083 0.462 0.211 
 91    (0)   :  0.006 0.027 0.010 0.389 0.129 0.133 0.163 0.142 
 92    (0)   :  0.007 0.011 0.016 0.130 0.180 0.107 0.282 0.268 
 93    (0)   :  0.006 0.008 0.013 0.559 0.095 0.104 0.099 0.116 
 94    (0)   :  0.005 0.031 0.010 0.081 0.111 0.101 0.577 0.084 
 95    (0)   :  0.006 0.009 0.013 0.192 0.081 0.124 0.402 0.173 
 96    (0)   :  0.005 0.008 0.016 0.170 0.070 0.287 0.107 0.335 
 97    (0)   :  0.008 0.033 0.016 0.122 0.152 0.398 0.087 0.185 
 98    (0)   :  0.005 0.009 0.020 0.082 0.177 0.292 0.148 0.266 
 99    (0)   :  0.006 0.010 0.012 0.205 0.117 0.073 0.364 0.214 
100    (0)   :  0.006 0.007 0.015 0.392 0.075 0.128 0.085 0.292 
101    (0)   :  0.009 0.024 0.016 0.120 0.119 0.194 0.309 0.209 
102    (0)   :  0.007 0.018 0.027 0.284 0.087 0.213 0.232 0.133 
103    (0)   :  0.007 0.008 0.016 0.129 0.076 0.074 0.220 0.471 
104    (0)   :  0.006 0.008 0.017 0.120 0.089 0.060 0.524 0.176 
105    (0)   :  0.008 0.007 0.052 0.155 0.079 0.081 0.326 0.291 
106    (0)   :  0.006 0.014 0.013 0.048 0.144 0.076 0.587 0.112 
107    (0)   :  0.009 0.009 0.027 0.129 0.081 0.078 0.336 0.332 
108    (0)   :  0.005 0.189 0.012 0.072 0.079 0.083 0.110 0.450 
109    (0)   :  0.007 0.030 0.168 0.053 0.132 0.088 0.343 0.178 
110    (0)   :  0.007 0.014 0.016 0.054 0.142 0.080 0.598 0.089 
111    (0)   :  0.007 0.009 0.044 0.079 0.081 0.069 0.536 0.175 
112    (0)   :  0.005 0.013 0.224 0.055 0.089 0.100 0.433 0.080 
113    (0)   :  0.008 0.021 0.019 0.093 0.153 0.129 0.155 0.421 
114    (0)   :  0.005 0.007 0.032 0.146 0.086 0.059 0.478 0.186 
115    (0)   :  0.008 0.012 0.050 0.078 0.098 0.236 0.385 0.135 
116    (0)   :  0.008 0.030 0.024 0.051 0.132 0.185 0.401 0.170 
117    (0)   :  0.011 0.014 0.051 0.067 0.147 0.134 0.491 0.085 
118    (0)   :  0.006 0.013 0.050 0.069 0.091 0.069 0.198 0.503 
119    (0)   :  0.005 0.016 0.011 0.187 0.071 0.307 0.198 0.206 
120    (0)   :  0.008 0.011 0.073 0.096 0.098 0.148 0.380 0.185 
121    (0)   :  0.035 0.015 0.114 0.060 0.097 0.231 0.328 0.122 
122    (0)   :  0.005 0.012 0.025 0.069 0.150 0.073 0.510 0.156 
123    (0)   :  0.007 0.016 0.020 0.093 0.101 0.094 0.490 0.179 
124    (0)   :  0.016 0.016 0.045 0.063 0.197 0.168 0.291 0.204 
125    (0)   :  0.007 0.026 0.051 0.065 0.288 0.222 0.255 0.087 
126    (0)   :  0.005 0.015 0.012 0.088 0.109 0.195 0.417 0.160 
127    (0)   :  0.008 0.008 0.034 0.082 0.069 0.075 0.529 0.194 
128    (0)   :  0.005 0.008 0.038 0.068 0.101 0.077 0.174 0.529 
129    (0)   :  0.010 0.008 0.023 0.062 0.079 0.075 0.336 0.407 
130    (0)   :  0.009 0.009 0.060 0.137 0.089 0.058 0.419 0.220 
131    (0)   :  0.014 0.110 0.046 0.054 0.167 0.173 0.317 0.120 
132    (0)   :  0.006 0.011 0.016 0.054 0.123 0.074 0.461 0.254 
133    (0)   :  0.010 0.013 0.020 0.088 0.086 0.082 0.376 0.324 
134    (0)   :  0.005 0.010 0.024 0.043 0.115 0.061 0.652 0.091 
135    (0)   :  0.008 0.012 0.032 0.320 0.083 0.285 0.083 0.177 
136    (0)   :  0.008 0.009 0.023 0.562 0.126 0.085 0.076 0.112 
137    (0)   :  0.006 0.009 0.038 0.577 0.085 0.093 0.111 0.081 
138    (0)   :  0.006 0.012 0.011 0.586 0.103 0.113 0.082 0.088 
139    (0)   :  0.005 0.011 0.018 0.195 0.117 0.135 0.087 0.431 
140    (0)   :  0.006 0.013 0.015 0.324 0.136 0.197 0.143 0.166 
141    (0)   :  0.007 0.012 0.021 0.439 0.197 0.102 0.089 0.133 
142    (0)   :  0.007 0.011 0.028 0.317 0.080 0.261 0.083 0.214 
143    (0)   :  0.005 0.008 0.011 0.651 0.072 0.098 0.068 0.088 
144    (0)   :  0.006 0.008 0.039 0.579 0.077 0.100 0.106 0.085 
145    (0)   :  0.009 0.012 0.031 0.322 0.211 0.156 0.090 0.168 
146    (0)   :  0.012 0.013 0.015 0.359 0.165 0.164 0.155 0.118 
147    (0)   :  0.006 0.008 0.012 0.670 0.081 0.078 0.069 0.077 
148    (0)   :  0.007 0.008 0.027 0.408 0.127 0.128 0.114 0.180 
149    (0)   :  0.008 0.013 0.018 0.441 0.105 0.211 0.077 0.128 
150    (0)   :  0.008 0.009 0.048 0.412 0.100 0.107 0.156 0.161 
151    (0)   :  0.007 0.008 0.013 0.541 0.085 0.117 0.096 0.134 
152    (0)   :  0.007 0.019 0.027 0.386 0.129 0.160 0.109 0.163 
153    (0)   :  0.006 0.011 0.013 0.459 0.107 0.214 0.099 0.091 
154    (0)   :  0.010 0.009 0.022 0.468 0.123 0.127 0.076 0.165 
155    (0)   :  0.006 0.007 0.011 0.605 0.077 0.080 0.097 0.117 
156    (0)   :  0.005 0.007 0.017 0.451 0.064 0.234 0.090 0.132 
157    (0)   :  0.005 0.009 0.011 0.519 0.076 0.086 0.199 0.095 
158    (0)   :  0.009 0.013 0.031 0.377 0.210 0.151 0.088 0.121 
159    (0)   :  0.006 0.008 0.015 0.653 0.078 0.076 0.070 0.092 
160    (0)   :  0.008 0.009 0.016 0.635 0.079 0.069 0.071 0.114 
161    (0)   :  0.006 0.012 0.013 0.337 0.137 0.263 0.111 0.120 
162    (0)   :  0.015 0.012 0.017 0.324 0.169 0.130 0.153 0.180 
163    (0)   :  0.006 0.007 0.011 0.583 0.070 0.136 0.088 0.099 
164    (0)   :  0.015 0.010 0.014 0.379 0.121 0.083 0.133 0.247 
165    (0)   :  0.008 0.009 0.047 0.469 0.087 0.112 0.149 0.120 
166    (0)   :  0.006 0.025 0.011 0.394 0.081 0.138 0.195 0.151 
167    (0)   :  0.021 0.010 0.018 0.522 0.152 0.067 0.107 0.103 
168    (0)   :  0.006 0.032 0.012 0.467 0.114 0.167 0.099 0.102 
169    (0)   :  0.010 0.036 0.030 0.260 0.306 0.172 0.082 0.103 
170    (0)   :  0.006 0.008 0.012 0.320 0.084 0.299 0.092 0.178 
171    (0)   :  0.007 0.022 0.014 0.378 0.133 0.120 0.118 0.208 
172    (0)   :  0.006 0.031 0.018 0.274 0.130 0.353 0.073 0.113 
173    (0)   :  0.007 0.007 0.015 0.582 0.077 0.071 0.072 0.169 
174    (0)   :  0.007 0.008 0.012 0.585 0.094 0.077 0.099 0.118 
175    (0)   :  0.007 0.008 0.014 0.548 0.121 0.130 0.074 0.097 
176    (0)   :  0.006 0.009 0.038 0.578 0.077 0.102 0.106 0.083 
177    (0)   :  0.007 0.014 0.013 0.403 0.112 0.124 0.224 0.103 
178    (0)   :  0.007 0.008 0.014 0.501 0.156 0.069 0.108 0.136 
179    (0)   :  0.006 0.008 0.010 0.653 0.080 0.064 0.072 0.108 
180    (0)   :  0.012 0.013 0.017 0.423 0.159 0.162 0.114 0.100 
181    (0)   :  0.008 0.011 0.022 0.357 0.120 0.192 0.084 0.206 
182    (0)   :  0.009 0.008 0.017 0.477 0.073 0.131 0.072 0.213 
183    (0)   :  0.006 0.008 0.012 0.606 0.084 0.086 0.073 0.125 
184    (0)   :  0.008 0.011 0.015 0.069 0.126 0.069 0.111 0.591 
185    (0)   :  0.005 0.008 0.017 0.521 0.060 0.228 0.060 0.100 
186    (0)   :  0.007 0.007 0.012 0.068 0.132 0.078 0.169 0.527 
187    (0)   :  0.005 0.009 0.011 0.246 0.106 0.075 0.098 0.451 
188    (0)   :  0.007 0.007 0.012 0.055 0.108 0.065 0.128 0.618 
189    (0)   :  0.006 0.033 0.011 0.218 0.228 0.149 0.119 0.236 
190    (0)   :  0.004 0.007 0.019 0.184 0.054 0.269 0.065 0.398 
191    (0)   :  0.005 0.007 0.016 0.090 0.090 0.056 0.091 0.645 
192    (0)   :  0.005 0.008 0.013 0.214 0.109 0.095 0.131 0.425 
193    (0)   :  0.005 0.009 0.023 0.182 0.141 0.111 0.118 0.411 
194    (0)   :  0.006 0.009 0.013 0.170 0.099 0.227 0.122 0.354 
195    (0)   :  0.005 0.007 0.011 0.244 0.071 0.136 0.066 0.461 
196    (0)   :  0.004 0.009 0.018 0.153 0.065 0.143 0.086 0.522 
197    (0)   :  0.008 0.009 0.016 0.170 0.219 0.112 0.173 0.294 
198    (0)   :  0.005 0.011 0.013 0.143 0.185 0.132 0.176 0.335 
199    (0)   :  0.006 0.012 0.021 0.119 0.077 0.343 0.095 0.328 
200    (0)   :  0.005 0.016 0.030 0.147 0.110 0.126 0.103 0.462 
201    (0)   :  0.005 0.007 0.012 0.382 0.081 0.085 0.075 0.353 
202    (0)   :  0.005 0.007 0.016 0.304 0.072 0.314 0.088 0.195 
203    (0)   :  0.005 0.007 0.015 0.361 0.067 0.086 0.072 0.386 
204    (0)   :  0.005 0.007 0.013 0.115 0.061 0.111 0.068 0.620 
205    (0)   :  0.005 0.011 0.013 0.098 0.079 0.098 0.089 0.606 
206    (0)   :  0.006 0.007 0.012 0.136 0.080 0.080 0.069 0.612 
207    (0)   :  0.005 0.007 0.022 0.084 0.068 0.122 0.090 0.603 
208    (0)   :  0.005 0.007 0.015 0.223 0.070 0.073 0.079 0.529 
209    (0)   :  0.005 0.007 0.021 0.124 0.099 0.086 0.098 0.560 
210    (0)   :  0.005 0.007 0.012 0.129 0.071 0.079 0.082 0.616 
211    (0)   :  0.007 0.007 0.072 0.164 0.071 0.262 0.120 0.296 
212    (0)   :  0.005 0.007 0.015 0.371 0.112 0.180 0.081 0.229 
213    (0)   :  0.005 0.010 0.014 0.095 0.091 0.333 0.158 0.293 
214    (0)   :  0.005 0.007 0.019 0.377 0.076 0.133 0.076 0.307 
215    (0)   :  0.004 0.010 0.018 0.079 0.072 0.064 0.093 0.660 
216    (0)   :  0.009 0.011 0.016 0.094 0.176 0.098 0.130 0.466 
217    (0)   :  0.005 0.010 0.013 0.309 0.085 0.116 0.074 0.387 
218    (0)   :  0.005 0.010 0.014 0.110 0.081 0.068 0.099 0.614 
219    (0)   :  0.011 0.017 0.012 0.213 0.187 0.093 0.111 0.355 
220    (0)   :  0.005 0.006 0.013 0.086 0.067 0.061 0.078 0.684 
221    (0)   :  0.005 0.007 0.015 0.321 0.063 0.362 0.065 0.163 
222    (0)   :  0.009 0.010 0.012 0.137 0.243 0.101 0.131 0.357 
223    (0)   :  0.005 0.011 0.012 0.318 0.134 0.094 0.110 0.316 
224    (0)   :  0.006 0.007 0.013 0.264 0.080 0.100 0.072 0.459 
225    (0)   :  0.005 0.008 0.013 0.119 0.077 0.119 0.083 0.576 
226    (0)   :  0.007 0.080 0.018 0.139 0.121 0.084 0.108 0.443 
227    (0)   :  0.005 0.007 0.014 0.198 0.073 0.256 0.095 0.353 
228    (0)   :  0.005 0.008 0.019 0.241 0.065 0.240 0.062 0.360 
229    (0)   :  0.005 0.007 0.012 0.289 0.083 0.079 0.079 0.445 
230    (0)   :  0.005 0.007 0.015 0.209 0.069 0.087 0.077 0.531 
231    (0)   :  0.005 0.007 0.014 0.227 0.116 0.066 0.082 0.482 
232    (0)   :  0.007 0.012 0.015 0.156 0.117 0.303 0.133 0.256 
233    (0)   :  0.005 0.007 0.017 0.455 0.077 0.085 0.078 0.277 
234    (0)   :  0.005 0.008 0.015 0.163 0.146 0.074 0.128 0.461 
235    (0)   :  0.006 0.014 0.013 0.248 0.118 0.120 0.102 0.381 
236    (0)   :  0.005 0.009 0.017 0.301 0.098 0.093 0.092 0.384 
237    (0)   :  0.005 0.007 0.023 0.092 0.080 0.126 0.088 0.579 
238    (0)   :  0.005 0.007 0.015 0.346 0.088 0.151 0.100 0.289 
239    (0)   :  0.005 0.007 0.011 0.245 0.070 0.135 0.066 0.462 
240    (0)   :  0.005 0.007 0.014 0.344 0.088 0.152 0.099 0.291 
241    (0)   :  0.007 0.009 0.015 0.331 0.085 0.177 0.083 0.293 
242    (0)   :  0.006 0.015 0.011 0.154 0.145 0.104 0.097 0.467 
243    (0)   :  0.004 0.007 0.022 0.161 0.059 0.139 0.071 0.536 
244    (0)   :  0.005 0.007 0.016 0.273 0.069 0.092 0.071 0.468 
245    (0)   :  0.005 0.007 0.011 0.451 0.073 0.177 0.087 0.189 
246    (0)   :  0.005 0.010 0.013 0.311 0.086 0.116 0.074 0.384 
247    (0)   :  0.005 0.012 0.012 0.064 0.111 0.124 0.274 0.398 
248    (0)   :  0.005 0.008 0.019 0.071 0.082 0.076 0.110 0.630 
249    (0)   :  0.005 0.007 0.018 0.276 0.074 0.128 0.083 0.410 
250    (0)   :  0.005 0.009 0.016 0.222 0.095 0.090 0.098 0.466 
251    (0)   :  0.005 0.030 0.025 0.116 0.165 0.089 0.141 0.429 
252    (0)   :  0.005 0.008 0.011 0.188 0.098 0.125 0.088 0.477 
253    (0)   :  0.005 0.017 0.015 0.091 0.113 0.211 0.157 0.391 
254    (0)   :  0.008 0.008 0.012 0.139 0.171 0.087 0.108 0.466 
255    (0)   :  0.005 0.007 0.016 0.190 0.134 0.085 0.109 0.453 
256    (0)   :  0.006 0.008 0.017 0.220 0.090 0.152 0.086 0.422 
257    (0)   :  0.015 0.010 0.018 0.141 0.095 0.095 0.108 0.519 
258    (0)   :  0.004 0.009 0.018 0.113 0.102 0.125 0.134 0.495 
259    (0)   :  0.006 0.008 0.016 0.143 0.088 0.105 0.091 0.544 
260    (0)   :  0.008 0.009 0.013 0.281 0.194 0.099 0.121 0.274 
261    (0)   :  0.005 0.009 0.011 0.264 0.096 0.154 0.083 0.378 
262    (0)   :  0.005 0.010 0.015 0.236 0.063 0.227 0.065 0.380 
263    (0)   :  0.008 0.007 0.015 0.084 0.093 0.075 0.086 0.632 
264    (0)   :  0.011 0.010 0.016 0.059 0.358 0.079 0.130 0.336 
265    (0)   :  0.005 0.012 0.012 0.180 0.114 0.070 0.096 0.512 
266    (0)   :  0.005 0.007 0.015 0.393 0.064 0.245 0.066 0.206 
267    (0)   :  0.005 0.007 0.024 0.198 0.126 0.130 0.113 0.397 
268    (0)   :  0.005 0.009 0.018 0.154 0.065 0.144 0.087 0.519 
269    (0)   :  0.005 0.021 0.013 0.206 0.211 0.074 0.114 0.355 
270    (0)   :  0.008 0.008 0.015 0.092 0.144 0.078 0.126 0.528 
271    (0)   :  0.005 0.011 0.019 0.108 0.096 0.089 0.119 0.552 
272    (0)   :  0.007 0.078 0.025 0.115 0.096 0.092 0.109 0.479 
273    (0)   :  0.037 0.025 0.034 0.192 0.148 0.091 0.142 0.332 
274    (0)   :  0.006 0.017 0.015 0.127 0.121 0.078 0.117 0.520 
275    (0)   :  0.008 0.023 0.023 0.139 0.114 0.070 0.090 0.531 
276    (0)   :  0.007 0.053 0.030 0.100 0.094 0.169 0.117 0.430 
277    (0)   :  0.006 0.011 0.012 0.240 0.149 0.094 0.107 0.383 
278    (0)   :  0.004 0.011 0.018 0.097 0.071 0.071 0.089 0.639 
279    (0)   :  0.006 0.011 0.015 0.162 0.115 0.092 0.104 0.496 
280    (0)   :  0.005 0.020 0.014 0.144 0.175 0.131 0.097 0.413 
281    (0)   :  0.006 0.010 0.014 0.129 0.113 0.082 0.137 0.509 
282    (0)   :  0.005 0.009 0.013 0.399 0.125 0.083 0.100 0.268 
283    (0)   :  0.005 0.007 0.013 0.443 0.082 0.100 0.094 0.256 
284    (0)   :  0.005 0.009 0.019 0.235 0.102 0.110 0.128 0.392 
285    (0)   :  0.004 0.012 0.021 0.053 0.105 0.110 0.117 0.577 
286    (0)   :  0.005 0.007 0.016 0.272 0.070 0.091 0.072 0.469 
287    (0)   :  0.006 0.016 0.011 0.190 0.154 0.078 0.139 0.406 
288    (0)   :  0.006 0.045 0.016 0.096 0.089 0.066 0.092 0.590 
289    (0)   :  0.009 0.033 0.020 0.089 0.091 0.080 0.124 0.554 
290    (0)   :  0.009 0.010 0.030 0.105 0.187 0.260 0.092 0.307 
291    (0)   :  0.005 0.011 0.019 0.107 0.096 0.089 0.118 0.555 
292    (0)   :  0.005 0.021 0.012 0.157 0.140 0.253 0.089 0.322 
293    (0)   :  0.007 0.010 0.028 0.086 0.264 0.217 0.112 0.277 
294    (0)   :  0.009 0.009 0.013 0.071 0.089 0.110 0.086 0.613 
295    (0)   :  0.007 0.043 0.033 0.130 0.118 0.183 0.129 0.357 
296    (0)   :  0.005 0.010 0.016 0.095 0.068 0.071 0.098 0.637 
297    (0)   :  0.006 0.019 0.013 0.104 0.179 0.111 0.106 0.463 
298    (0)   :  0.005 0.009 0.012 0.308 0.122 0.080 0.109 0.355 
299    (0)   :  0.009 0.007 0.012 0.099 0.126 0.071 0.093 0.583 
300    (0)   :  0.005 0.010 0.016 0.068 0.096 0.114 0.085 0.607 
301    (0)   :  0.008 0.012 0.017 0.092 0.155 0.073 0.109 0.535 
302    (0)   :  0.008 0.009 0.018 0.082 0.087 0.124 0.086 0.585 
303    (0)   :  0.006 0.010 0.014 0.244 0.121 0.160 0.083 0.362 
304    (0)   :  0.008 0.007 0.017 0.346 0.218 0.090 0.161 0.153 
305    (0)   :  0.005 0.009 0.014 0.162 0.069 0.113 0.067 0.561 
306    (0)   :  0.006 0.014 0.013 0.322 0.110 0.132 0.088 0.316 
307    (0)   :  0.007 0.011 0.017 0.196 0.121 0.134 0.107 0.408 
308    (0)   :  0.005 0.009 0.011 0.265 0.096 0.152 0.083 0.380 
309    (0)   :  0.016 0.016 0.030 0.090 0.073 0.072 0.100 0.605 
310    (0)   :  0.005 0.007 0.017 0.203 0.069 0.124 0.071 0.505 
311    (0)   :  0.005 0.007 0.015 0.208 0.069 0.086 0.075 0.534 
312    (0)   :  0.004 0.007 0.014 0.086 0.062 0.073 0.086 0.668 
313    (0)   :  0.005 0.008 0.016 0.065 0.065 0.130 0.081 0.629 
314    (0)   :  0.005 0.010 0.013 0.613 0.071 0.136 0.066 0.087 
315    (0)   :  0.005 0.018 0.011 0.560 0.082 0.154 0.086 0.084 
316    (0)   :  0.008 0.034 0.012 0.573 0.104 0.086 0.097 0.086 
317    (0)   :  0.005 0.010 0.012 0.679 0.074 0.075 0.068 0.075 
318    (0)   :  0.005 0.010 0.011 0.696 0.080 0.056 0.070 0.071 
319    (0)   :  0.006 0.008 0.012 0.657 0.072 0.086 0.068 0.093 
320    (0)   :  0.005 0.010 0.013 0.615 0.070 0.135 0.066 0.086 
321    (0)   :  0.006 0.010 0.013 0.673 0.082 0.072 0.070 0.074 
322    (0)   :  0.009 0.031 0.014 0.534 0.092 0.133 0.092 0.095 
323    (0)   :  0.013 0.009 0.010 0.681 0.079 0.062 0.069 0.077 
324    (0)   :  0.006 0.010 0.012 0.673 0.083 0.071 0.070 0.074 
325    (0)   :  0.006 0.033 0.012 0.609 0.092 0.079 0.093 0.076 
326    (0)   :  0.013 0.062 0.015 0.569 0.091 0.082 0.092 0.076 
327    (0)   :  0.005 0.010 0.013 0.677 0.075 0.076 0.068 0.076 
328    (0)   :  0.006 0.021 0.012 0.563 0.090 0.123 0.092 0.094 
329    (0)   :  0.005 0.008 0.010 0.693 0.078 0.066 0.068 0.071 
330    (0)   :  0.006 0.010 0.012 0.680 0.074 0.075 0.068 0.075 
331    (0)   :  0.005 0.008 0.010 0.689 0.077 0.060 0.069 0.081 
332    (0)   :  0.019 0.043 0.013 0.581 0.099 0.080 0.093 0.072 
333    (0)   :  0.013 0.036 0.013 0.577 0.088 0.094 0.093 0.086 
334    (0)   :  0.005 0.021 0.011 0.565 0.090 0.122 0.093 0.093 
335    (0)   :  0.005 0.019 0.011 0.582 0.080 0.133 0.088 0.081 
336    (0)   :  0.015 0.011 0.012 0.636 0.081 0.099 0.068 0.078 
337    (0)   :  0.006 0.033 0.013 0.574 0.095 0.105 0.093 0.081 
338    (0)   :  0.006 0.011 0.012 0.689 0.083 0.056 0.071 0.071 
339    (0)   :  0.005 0.008 0.010 0.689 0.078 0.061 0.069 0.081 
340    (0)   :  0.005 0.008 0.010 0.693 0.070 0.064 0.067 0.083 
341    (0)   :  0.015 0.012 0.013 0.661 0.079 0.066 0.070 0.083 
342    (0)   :  0.006 0.010 0.012 0.679 0.074 0.075 0.068 0.076 
343    (0)   :  0.012 0.019 0.012 0.481 0.084 0.226 0.084 0.083 
344    (0)   :  0.005 0.008 0.010 0.701 0.078 0.060 0.069 0.070 
345    (0)   :  0.005 0.010 0.012 0.678 0.074 0.075 0.068 0.077 
346    (0)   :  0.005 0.010 0.011 0.702 0.073 0.058 0.067 0.074 
347    (0)   :  0.005 0.008 0.010 0.705 0.071 0.062 0.067 0.072 
348    (0)   :  0.005 0.015 0.012 0.488 0.072 0.238 0.080 0.089 
349    (0)   :  0.005 0.010 0.012 0.680 0.074 0.075 0.067 0.076 
350    (0)   :  0.005 0.008 0.011 0.631 0.074 0.107 0.067 0.098 
351    (0)   :  0.005 0.019 0.012 0.582 0.081 0.132 0.088 0.081 
352    (0)   :  0.006 0.030 0.013 0.580 0.084 0.116 0.089 0.082 
353    (0)   :  0.016 0.012 0.012 0.635 0.079 0.099 0.068 0.079 
354    (0)   :  0.008 0.009 0.012 0.679 0.082 0.063 0.070 0.078 
355    (0)   :  0.005 0.011 0.011 0.696 0.080 0.056 0.070 0.071 
356    (0)   :  0.004 0.014 0.011 0.424 0.072 0.304 0.079 0.091 
357    (0)   :  0.005 0.032 0.013 0.402 0.220 0.082 0.140 0.106 
358    (0)   :  0.006 0.023 0.011 0.610 0.095 0.087 0.094 0.075 
359    (0)   :  0.006 0.008 0.010 0.684 0.080 0.060 0.070 0.081 
360    (0)   :  0.005 0.010 0.011 0.703 0.073 0.058 0.068 0.073 
361    (0)   :  0.005 0.030 0.015 0.337 0.224 0.128 0.139 0.121 
362    (0)   :  0.006 0.038 0.013 0.086 0.173 0.106 0.277 0.300 
363    (0)   :  0.008 0.020 0.018 0.063 0.222 0.099 0.389 0.180 
364    (0)   :  0.018 0.012 0.032 0.210 0.304 0.128 0.152 0.145 
365    (0)   :  0.019 0.031 0.046 0.072 0.435 0.094 0.173 0.130 
366    (0)   :  0.006 0.027 0.026 0.114 0.266 0.224 0.119 0.218 
367    (0)   :  0.005 0.020 0.012 0.052 0.140 0.066 0.619 0.086 
368    (0)   :  0.006 0.011 0.017 0.089 0.180 0.076 0.314 0.307 
369    (0)   :  0.010 0.013 0.027 0.137 0.201 0.327 0.133 0.152 
370    (0)   :  0.020 0.017 0.036 0.094 0.147 0.094 0.275 0.317 
371    (0)   :  0.014 0.012 0.030 0.110 0.260 0.112 0.149 0.314 
372    (0)   :  0.055 0.022 0.050 0.101 0.111 0.087 0.181 0.394 
373    (0)   :  0.007 0.010 0.021 0.132 0.206 0.120 0.361 0.144 
374    (0)   :  0.008 0.033 0.044 0.217 0.233 0.118 0.181 0.167 
375    (0)   :  0.022 0.015 0.023 0.064 0.326 0.069 0.315 0.165 
376    (0)   :  0.127 0.019 0.014 0.058 0.382 0.080 0.244 0.075 
377    (0)   :  0.008 0.025 0.022 0.091 0.261 0.083 0.182 0.328 
378    (0)   :  0.006 0.011 0.018 0.207 0.096 0.082 0.426 0.153 
379    (0)   :  0.219 0.022 0.017 0.052 0.276 0.085 0.241 0.087 
380    (0)   :  0.012 0.060 0.019 0.126 0.370 0.187 0.097 0.130 
381    (0)   :  0.009 0.013 0.015 0.095 0.457 0.237 0.084 0.090 
382    (0)   :  0.006 0.012 0.015 0.078 0.301 0.061 0.400 0.128 
383    (0)   :  0.017 0.081 0.021 0.146 0.446 0.067 0.089 0.132 
384    (0)   :  0.077 0.027 0.028 0.124 0.381 0.074 0.175 0.114 
385    (0)   :  0.008 0.010 0.280 0.189 0.220 0.061 0.121 0.112 
386    (0)   :  0.005 0.016 0.014 0.066 0.248 0.085 0.442 0.125 
387    (0)   :  0.005 0.014 0.018 0.084 0.290 0.094 0.384 0.112 
388    (0)   :  0.019 0.018 0.049 0.208 0.265 0.074 0.195 0.172 
389    (0)   :  0.011 0.012 0.165 0.073 0.112 0.114 0.138 0.375 
390    (0)   :  0.023 0.052 0.026 0.059 0.148 0.213 0.372 0.106 
391    (0)   :  0.015 0.022 0.133 0.100 0.135 0.197 0.243 0.155 
392    (0)   :  0.009 0.012 0.011 0.123 0.398 0.086 0.211 0.149 
393    (0)   :  0.008 0.053 0.014 0.096 0.384 0.255 0.109 0.082 
394    (0)   :  0.005 0.025 0.011 0.247 0.151 0.078 0.326 0.155 
395    (0)   :  0.005 0.042 0.013 0.071 0.161 0.195 0.231 0.282 
396    (0)   :  0.007 0.009 0.015 0.055 0.315 0.066 0.382 0.152 
397    (0)   :  0.106 0.009 0.012 0.137 0.209 0.107 0.107 0.312 
398    (0)   :  0.048 0.059 0.011 0.058 0.234 0.102 0.402 0.086 
399    (0)   :  0.006 0.031 0.027 0.076 0.095 0.115 0.504 0.145 
400    (0)   :  0.009 0.011 0.016 0.093 0.295 0.126 0.359 0.091 
401    (0)   :  0.005 0.011 0.016 0.097 0.104 0.182 0.460 0.125 
402    (0)   :  0.008 0.010 0.021 0.095 0.257 0.188 0.271 0.150 
403    (0)   :  0.009 0.018 0.046 0.308 0.185 0.111 0.165 0.157 
404    (0)   :  0.009 0.010 0.028 0.110 0.349 0.128 0.153 0.212 
405    (0)   :  0.005 0.031 0.014 0.099 0.278 0.146 0.204 0.222 
406    (0)   :  0.004 0.231 0.013 0.107 0.106 0.290 0.099 0.149 
407    (0)   :  0.005 0.033 0.013 0.053 0.541 0.083 0.173 0.100 
408    (0)   :  0.005 0.008 0.013 0.048 0.079 0.165 0.454 0.228 
409    (0)   :  0.015 0.034 0.017 0.114 0.141 0.484 0.106 0.090 
410    (0)   :  0.102 0.029 0.019 0.097 0.220 0.131 0.285 0.117 
411    (0)   :  0.026 0.012 0.013 0.153 0.384 0.154 0.165 0.093 
412    (0)   :  0.006 0.011 0.017 0.079 0.219 0.072 0.341 0.255 
413    (0)   :  0.005 0.009 0.012 0.173 0.132 0.064 0.378 0.226 
414    (0)   :  0.005 0.008 0.034 0.058 0.193 0.059 0.412 0.230 
415    (0)   :  0.006 0.024 0.015 0.069 0.367 0.164 0.227 0.127 
416    (0)   :  0.007 0.011 0.036 0.090 0.262 0.215 0.266 0.113 
417    (0)   :  0.007 0.126 0.013 0.065 0.285 0.097 0.296 0.112 
418    (0)   :  0.008 0.011 0.013 0.065 0.214 0.064 0.495 0.130 
419    (0)   :  0.012 0.020 0.037 0.165 0.223 0.204 0.204 0.134 
420    (0)   :  0.005 0.010 0.013 0.056 0.096 0.275 0.430 0.115 
421    (0)   :  0.008 0.043 0.014 0.067 0.224 0.104 0.363 0.176 
422    (0)   :  0.007 0.045 0.014 0.068 0.231 0.167 0.140 0.328 
423    (0)   :  0.010 0.028 0.015 0.098 0.270 0.105 0.270 0.204 
424    (0)   :  0.009 0.037 0.035 0.097 0.114 0.197 0.409 0.103 
425    (0)   :  0.025 0.016 0.075 0.124 0.326 0.091 0.187 0.157 
426    (0)   :  0.036 0.051 0.050 0.125 0.174 0.097 0.342 0.125 
427    (0)   :  0.006 0.066 0.012 0.147 0.249 0.091 0.346 0.084 
428    (0)   :  0.026 0.118 0.015 0.133 0.181 0.221 0.132 0.173 
429    (0)   :  0.007 0.016 0.011 0.052 0.333 0.065 0.424 0.093 
430    (0)   :  0.006 0.076 0.013 0.060 0.374 0.140 0.206 0.126 
431    (0)   :  0.012 0.025 0.027 0.114 0.127 0.078 0.357 0.260 
432    (0)   :  0.007 0.011 0.015 0.093 0.187 0.086 0.349 0.252 
433    (0)   :  0.013 0.010 0.016 0.253 0.131 0.155 0.163 0.259 
434    (0)   :  0.007 0.011 0.020 0.114 0.315 0.155 0.155 0.223 
435    (0)   :  0.005 0.141 0.010 0.058 0.235 0.098 0.361 0.092 
436    (0)   :  0.008 0.258 0.014 0.084 0.199 0.135 0.244 0.059 
437    (0)   :  0.009 0.023 0.011 0.063 0.534 0.070 0.179 0.112 
438    (0)   :  0.006 0.123 0.012 0.076 0.109 0.388 0.208 0.077 
439    (0)   :  0.006 0.166 0.012 0.071 0.329 0.141 0.209 0.065 
440    (0)   :  0.004 0.260 0.014 0.048 0.194 0.074 0.326 0.078 
441    (0)   :  0.006 0.039 0.014 0.107 0.341 0.176 0.222 0.095 
442    (0)   :  0.007 0.011 0.034 0.061 0.334 0.122 0.317 0.114 
443    (0)   :  0.005 0.030 0.018 0.051 0.115 0.232 0.457 0.093 
444    (0)   :  0.006 0.022 0.032 0.061 0.332 0.135 0.309 0.103 
445    (0)   :  0.052 0.025 0.012 0.078 0.203 0.445 0.105 0.080 
446    (0)   :  0.058 0.083 0.012 0.062 0.205 0.122 0.398 0.060 
447    (0)   :  0.007 0.178 0.048 0.102 0.177 0.202 0.195 0.092 
448    (0)   :  0.006 0.036 0.014 0.065 0.370 0.105 0.291 0.113 
449    (0)   :  0.006 0.038 0.015 0.094 0.357 0.146 0.223 0.121 
450    (0)   :  0.009 0.012 0.016 0.094 0.529 0.085 0.186 0.071 
451    (0)   :  0.006 0.016 0.015 0.049 0.120 0.067 0.598 0.129 
452    (0)   :  0.006 0.019 0.013 0.089 0.465 0.081 0.252 0.076 
453    (0)   :  0.005 0.012 0.019 0.063 0.096 0.525 0.164 0.116 
454    (0)   :  0.005 0.051 0.013 0.107 0.337 0.101 0.263 0.123 
455    (0)   :  0.005 0.179 0.013 0.055 0.178 0.228 0.274 0.069 
456    (0)   :  0.006 0.045 0.016 0.054 0.287 0.222 0.260 0.109 
457    (0)   :  0.006 0.041 0.011 0.068 0.535 0.085 0.163 0.090 
458    (0)   :  0.052 0.041 0.013 0.066 0.390 0.150 0.211 0.077 
459    (0)   :  0.005 0.044 0.013 0.106 0.166 0.233 0.373 0.060 
460    (0)   :  0.005 0.037 0.013 0.058 0.163 0.122 0.536 0.066 
461    (0)   :  0.007 0.012 0.013 0.062 0.166 0.077 0.601 0.062 
462    (0)   :  0.009 0.024 0.065 0.045 0.312 0.183 0.217 0.145 
463    (0)   :  0.005 0.188 0.012 0.066 0.108 0.370 0.120 0.131 
464    (0)   :  0.004 0.034 0.011 0.055 0.126 0.176 0.515 0.078 
465    (0)   :  0.008 0.020 0.014 0.064 0.172 0.194 0.419 0.109 
466    (0)   :  0.005 0.037 0.012 0.054 0.126 0.271 0.381 0.115 
467    (0)   :  0.006 0.027 0.016 0.076 0.222 0.284 0.234 0.136 
468    (0)   :  0.006 0.257 0.011 0.054 0.294 0.144 0.137 0.097 
469    (0)   :  0.005 0.420 0.013 0.059 0.191 0.100 0.150 0.061 
470    (0)   :  0.005 0.214 0.010 0.060 0.173 0.091 0.377 0.071 
471    (0)   :  0.007 0.015 0.031 0.063 0.243 0.223 0.273 0.145 
472    (0)   :  0.007 0.014 0.019 0.058 0.315 0.245 0.219 0.123 
473    (0)   :  0.006 0.046 0.013 0.094 0.323 0.122 0.220 0.177 
474    (0)   :  0.005 0.017 0.013 0.082 0.387 0.165 0.244 0.088 
475    (0)   :  0.006 0.021 0.013 0.102 0.166 0.197 0.395 0.100 
476    (0)   :  0.008 0.024 0.012 0.062 0.424 0.178 0.220 0.072 
477    (0)   :  0.007 0.022 0.024 0.084 0.137 0.202 0.443 0.080 
478    (0)   :  0.007 0.016 0.024 0.057 0.100 0.083 0.645 0.067 
479    (0)   :  0.005 0.052 0.013 0.057 0.281 0.086 0.435 0.070 
480    (0)   :  0.006 0.049 0.010 0.063 0.517 0.080 0.202 0.072 
481    (0)   :  0.006 0.014 0.030 0.061 0.353 0.096 0.223 0.218 
482    (0)   :  0.007 0.020 0.011 0.056 0.378 0.070 0.388 0.070 
483    (0)   :  0.007 0.226 0.013 0.074 0.240 0.129 0.244 0.068 
484    (0)   :  0.006 0.164 0.017 0.064 0.184 0.314 0.142 0.108 
485    (0)   :  0.005 0.479 0.011 0.057 0.107 0.084 0.191 0.065 
486    (0)   :  0.011 0.010 0.069 0.086 0.164 0.148 0.220 0.292 
487    (0)   :  0.012 0.011 0.061 0.166 0.246 0.149 0.188 0.168 
488    (0)   :  0.010 0.012 0.121 0.146 0.146 0.089 0.252 0.225 
489    (0)   :  0.011 0.008 0.032 0.131 0.277 0.207 0.111 0.223 
490    (0)   :  0.007 0.011 0.033 0.057 0.167 0.164 0.408 0.153 
491    (0)   :  0.008 0.009 0.075 0.135 0.139 0.130 0.113 0.391 
492    (0)   :  0.005 0.010 0.057 0.238 0.111 0.214 0.239 0.125 
493    (0)   :  0.014 0.009 0.166 0.117 0.178 0.081 0.158 0.277 
494    (0)   :  0.043 0.016 0.058 0.130 0.173 0.168 0.150 0.263 
495    (0)   :  0.035 0.010 0.162 0.164 0.114 0.178 0.242 0.094 
496    (0)   :  0.007 0.012 0.012 0.206 0.127 0.291 0.129 0.216 
497    (0)   :  0.020 0.009 0.182 0.156 0.165 0.076 0.102 0.290 
498    (0)   :  0.012 0.012 0.118 0.079 0.186 0.183 0.217 0.195 
499    (0)   :  0.035 0.010 0.038 0.247 0.181 0.141 0.115 0.232 
500    (0)   :  0.021 0.017 0.025 0.098 0.281 0.086 0.139 0.334 
501    (0)   :  0.013 0.011 0.021 0.201 0.247 0.149 0.192 0.166 
502    (0)   :  0.008 0.010 0.048 0.254 0.189 0.124 0.246 0.120 
503    (0)   :  0.008 0.013 0.016 0.072 0.447 0.081 0.191 0.174 
504    (0)   :  0.009 0.011 0.121 0.079 0.124 0.160 0.343 0.152 
505    (0)   :  0.009 0.014 0.041 0.122 0.109 0.221 0.143 0.341 
506    (0)   :  0.007 0.008 0.055 0.208 0.144 0.132 0.243 0.203 
507    (0)   :  0.008 0.008 0.012 0.374 0.087 0.237 0.075 0.199 
508    (0)   :  0.021 0.008 0.025 0.367 0.077 0.242 0.092 0.168 
509    (0)   :  0.008 0.011 0.026 0.179 0.107 0.184 0.128 0.357 
510    (0)   :  0.030 0.009 0.023 0.276 0.235 0.124 0.150 0.154 
511    (0)   :  0.013 0.038 0.040 0.085 0.207 0.143 0.288 0.186 
512    (0)   :  0.008 0.012 0.026 0.062 0.362 0.071 0.314 0.145 
513    (0)   :  0.007 0.007 0.497 0.091 0.057 0.099 0.088 0.155 
514    (0)   :  0.008 0.010 0.019 0.119 0.097 0.102 0.460 0.185 
515    (0)   :  0.014 0.036 0.020 0.191 0.251 0.192 0.145 0.151 
516    (0)   :  0.011 0.012 0.023 0.094 0.103 0.179 0.286 0.293 
517    (0)   :  0.008 0.026 0.014 0.162 0.109 0.241 0.269 0.171 
518    (0)   :  0.074 0.008 0.018 0.213 0.228 0.073 0.122 0.263 
519    (0)   :  0.006 0.012 0.025 0.113 0.103 0.150 0.463 0.128 
520    (0)   :  0.008 0.169 0.013 0.223 0.092 0.246 0.101 0.148 
521    (0)   :  0.006 0.009 0.015 0.301 0.089 0.100 0.215 0.266 
522    (0)   :  0.033 0.021 0.020 0.093 0.296 0.220 0.173 0.143 
523    (0)   :  0.009 0.017 0.014 0.152 0.072 0.410 0.177 0.148 
524    (0)   :  0.009 0.227 0.013 0.129 0.123 0.110 0.190 0.199 
525    (0)   :  0.098 0.031 0.013 0.192 0.176 0.191 0.118 0.182 
526    (0)   :  0.005 0.271 0.011 0.089 0.089 0.288 0.088 0.158 
527    (0)   :  0.080 0.009 0.039 0.097 0.279 0.084 0.266 0.146 
528    (0)   :  0.005 0.007 0.012 0.400 0.090 0.094 0.107 0.284 
529    (0)   :  0.089 0.008 0.023 0.136 0.129 0.086 0.141 0.388 
530    (0)   :  0.007 0.020 0.030 0.118 0.307 0.206 0.170 0.140 
531    (0)   :  0.007 0.028 0.016 0.342 0.172 0.163 0.160 0.113 
532    (0)   :  0.024 0.008 0.022 0.298 0.158 0.088 0.179 0.223 
533    (0)   :  0.069 0.027 0.016 0.103 0.209 0.137 0.158 0.281 
534    (0)   :  0.080 0.010 0.037 0.142 0.066 0.188 0.128 0.351 
535    (0)   :  0.005 0.021 0.013 0.084 0.102 0.375 0.259 0.141 
536    (0)   :  0.007 0.025 0.017 0.130 0.194 0.321 0.130 0.176 
537    (0)   :  0.007 0.010 0.019 0.140 0.127 0.438 0.107 0.153 
538    (0)   :  0.005 0.017 0.015 0.137 0.113 0.315 0.121 0.278 
539    (0)   :  0.005 0.007 0.014 0.435 0.092 0.185 0.081 0.181 
540    (0)   :  0.007 0.030 0.016 0.178 0.155 0.186 0.116 0.313 
541    (0)   :  0.008 0.013 0.021 0.302 0.164 0.199 0.120 0.173 
542    (0)   :  0.006 0.021 0.023 0.063 0.173 0.386 0.095 0.234 
543    (0)   :  0.008 0.028 0.026 0.177 0.088 0.264 0.204 0.205 
544    (0)   :  0.005 0.016 0.015 0.095 0.119 0.479 0.118 0.153 
545    (0)   :  0.005 0.068 0.021 0.056 0.122 0.443 0.135 0.149 
546    (0)   :  0.005 0.009 0.027 0.101 0.139 0.302 0.097 0.319 
547    (0)   :  0.005 0.018 0.015 0.088 0.073 0.611 0.103 0.088 
548    (0)   :  0.005 0.008 0.016 0.220 0.094 0.089 0.097 0.470 
549    (0)   :  0.007 0.025 0.013 0.169 0.140 0.481 0.089 0.076 
550    (0)   :  0.005 0.113 0.019 0.073 0.108 0.344 0.233 0.106 
551    (0)   :  0.008 0.014 0.014 0.290 0.135 0.332 0.115 0.094 
552    (0)   :  0.006 0.010 0.014 0.141 0.139 0.246 0.089 0.356 
553    (0)   :  0.007 0.019 0.025 0.158 0.067 0.434 0.120 0.170 
554    (0)   :  0.012 0.019 0.019 0.141 0.225 0.161 0.163 0.260 
555    (0)   :  0.007 0.012 0.045 0.236 0.099 0.285 0.113 0.203 
556    (0)   :  0.006 0.010 0.016 0.106 0.126 0.310 0.117 0.310 
557    (0)   :  0.005 0.069 0.016 0.101 0.137 0.339 0.232 0.101 
558    (0)   :  0.006 0.023 0.010 0.059 0.383 0.070 0.388 0.060 
559    (0)   :  0.006 0.009 0.015 0.068 0.134 0.115 0.240 0.413 
560    (0)   :  0.005 0.040 0.021 0.045 0.159 0.087 0.536 0.106 
561    (0)   :  0.006 0.017 0.024 0.060 0.253 0.121 0.362 0.158 
562    (0)   :  0.006 0.025 0.028 0.045 0.174 0.101 0.419 0.201 
563    (0)   :  0.009 0.016 0.032 0.136 0.108 0.251 0.379 0.069 
564    (0)   :  0.009 0.019 0.015 0.083 0.124 0.105 0.158 0.488 
565    (0)   :  0.006 0.047 0.012 0.063 0.555 0.085 0.146 0.087 
566    (0)   :  0.004 0.021 0.014 0.049 0.129 0.064 0.638 0.081 
567    (0)   :  0.006 0.015 0.021 0.058 0.118 0.085 0.191 0.506 
568    (0)   :  0.006 0.019 0.011 0.079 0.141 0.149 0.372 0.224 
569    (0)   :  0.008 0.025 0.014 0.091 0.222 0.169 0.340 0.131 
570    (0)   :  0.009 0.024 0.011 0.052 0.403 0.058 0.346 0.098 
571    (0)   :  0.005 0.020 0.012 0.075 0.090 0.073 0.584 0.141 
572    (0)   :  0.004 0.021 0.021 0.148 0.149 0.373 0.129 0.155 
573    (0)   :  0.007 0.172 0.013 0.081 0.104 0.079 0.145 0.399 
574    (0)   :  0.008 0.022 0.016 0.147 0.373 0.133 0.163 0.139 
575    (0)   :  0.006 0.013 0.013 0.124 0.128 0.171 0.398 0.147 
576    (0)   :  0.005 0.019 0.028 0.050 0.151 0.058 0.599 0.090 
577    (0)   :  0.009 0.012 0.016 0.131 0.375 0.131 0.186 0.139 
