

----------------------------------------------------
STRUCTURE by Pritchard, Stephens and Donnelly (2000)
     and Falush, Stephens and Pritchard (2003)
       Code by Pritchard, Falush and Hubisz
             Version 2.3.4 (Jul 2012)
----------------------------------------------------



Command line arguments:   ./structure -K 8 -D 108007 -m brooktrout/mainparams -e brooktrout/extraparams -o brooktrout/250914_output/results_K8_rep7 
Input File:    brooktrout/brooktrout.txt

Run parameters:
   8454 individuals
   5 loci
   8 populations assumed
   50000 Burn-in period
   100000 Reps
RANDOMIZE turned off


--------------------------------------------
Overall proportion of membership of the
sample in each of the 8 clusters

Inferred Clusters
  1      2      3      4      5      6      7      8    
0.022  0.014  0.048  0.089  0.148  0.191  0.248  0.241  

--------------------------------------------

Allele-freq. divergence among pops (Net nucleotide distance),
computed using point estimates of P.

      1       2       3       4       5       6       7       8      
 1      -    0.1630  0.1740  0.1557  0.1392  0.2040  0.2012  0.1058  
 2   0.1630     -    0.1762  0.0879  0.1035  0.1123  0.1102  0.0817  
 3   0.1740  0.1762     -    0.1253  0.1661  0.1229  0.1603  0.1732  
 4   0.1557  0.0879  0.1253     -    0.0767  0.0833  0.1240  0.0697  
 5   0.1392  0.1035  0.1661  0.0767     -    0.0998  0.1648  0.0609  
 6   0.2040  0.1123  0.1229  0.0833  0.0998     -    0.1045  0.0952  
 7   0.2012  0.1102  0.1603  0.1240  0.1648  0.1045     -    0.1418  
 8   0.1058  0.0817  0.1732  0.0697  0.0609  0.0952  0.1418     -    

Average distances (expected heterozygosity) between individuals in same cluster:
cluster  1  : 0.6800 
cluster  2  : 0.8196 
cluster  3  : 0.7432 
cluster  4  : 0.8184 
cluster  5  : 0.7775 
cluster  6  : 0.7709 
cluster  7  : 0.7224 
cluster  8  : 0.7577 

--------------------------------------------
Estimated Ln Prob of Data   = -193110.9
Mean value of ln likelihood = -171472.9
Variance of ln likelihood   = 43276.0

Mean value of alpha_1       = 0.0651
Mean value of alpha_2       = 0.0480
Mean value of alpha_3       = 0.1530
Mean value of alpha_4       = 0.3019
Mean value of alpha_5       = 0.4898
Mean value of alpha_6       = 0.6470
Mean value of alpha_7       = 0.8138
Mean value of alpha_8       = 0.8012
Allele frequencies uncorrelated


Inferred ancestry of individuals:
     (%Miss) :  Inferred clusters
  1    (0)   :  0.011 0.009 0.050 0.175 0.093 0.105 0.293 0.263 
  2    (0)   :  0.007 0.005 0.015 0.071 0.082 0.564 0.108 0.148 
  3    (0)   :  0.014 0.012 0.045 0.049 0.093 0.126 0.260 0.402 
  4    (0)   :  0.016 0.018 0.033 0.043 0.117 0.125 0.521 0.126 
  5    (0)   :  0.007 0.007 0.016 0.123 0.103 0.439 0.116 0.189 
  6    (0)   :  0.008 0.010 0.016 0.042 0.087 0.123 0.137 0.578 
  7    (0)   :  0.010 0.010 0.014 0.064 0.331 0.100 0.116 0.355 
  8    (0)   :  0.018 0.065 0.026 0.057 0.128 0.095 0.352 0.259 
  9    (0)   :  0.009 0.023 0.022 0.089 0.092 0.261 0.197 0.307 
 10    (0)   :  0.009 0.016 0.014 0.092 0.112 0.108 0.251 0.398 
 11    (0)   :  0.011 0.006 0.015 0.138 0.254 0.099 0.112 0.364 
 12    (0)   :  0.007 0.009 0.018 0.084 0.107 0.409 0.169 0.198 
 13    (0)   :  0.009 0.012 0.024 0.075 0.137 0.244 0.180 0.319 
 14    (0)   :  0.017 0.006 0.055 0.050 0.078 0.371 0.198 0.225 
 15    (0)   :  0.025 0.009 0.026 0.058 0.153 0.203 0.333 0.194 
 16    (0)   :  0.010 0.006 0.027 0.108 0.092 0.100 0.154 0.503 
 17    (0)   :  0.011 0.027 0.039 0.100 0.103 0.193 0.176 0.352 
 18    (0)   :  0.021 0.020 0.029 0.054 0.071 0.285 0.207 0.313 
 19    (0)   :  0.008 0.009 0.014 0.070 0.102 0.156 0.159 0.481 
 20    (0)   :  0.018 0.008 0.024 0.099 0.219 0.197 0.195 0.239 
 21    (0)   :  0.010 0.007 0.035 0.088 0.075 0.253 0.319 0.213 
 22    (0)   :  0.008 0.016 0.022 0.055 0.072 0.130 0.197 0.500 
 23    (0)   :  0.022 0.013 0.063 0.068 0.096 0.228 0.343 0.167 
 24    (0)   :  0.010 0.007 0.025 0.131 0.083 0.120 0.302 0.322 
 25    (0)   :  0.015 0.009 0.022 0.067 0.194 0.194 0.093 0.405 
 26    (0)   :  0.012 0.017 0.021 0.088 0.097 0.203 0.271 0.292 
 27    (0)   :  0.009 0.009 0.041 0.098 0.087 0.178 0.193 0.385 
 28    (0)   :  0.010 0.008 0.022 0.071 0.150 0.145 0.364 0.230 
 29    (0)   :  0.007 0.005 0.022 0.130 0.171 0.265 0.158 0.241 
 30    (0)   :  0.009 0.008 0.029 0.080 0.066 0.163 0.160 0.486 
 31    (0)   :  0.009 0.036 0.036 0.115 0.150 0.217 0.212 0.225 
 32    (0)   :  0.014 0.008 0.024 0.044 0.101 0.212 0.286 0.310 
 33    (0)   :  0.009 0.007 0.034 0.064 0.128 0.131 0.264 0.363 
 34    (0)   :  0.013 0.014 0.021 0.107 0.231 0.082 0.165 0.368 
 35    (0)   :  0.007 0.025 0.062 0.123 0.078 0.287 0.132 0.287 
 36    (0)   :  0.049 0.006 0.184 0.140 0.073 0.191 0.135 0.221 
 37    (0)   :  0.008 0.013 0.029 0.052 0.095 0.311 0.280 0.213 
 38    (0)   :  0.230 0.006 0.046 0.108 0.166 0.134 0.098 0.213 
 39    (0)   :  0.017 0.011 0.057 0.092 0.146 0.217 0.140 0.319 
 40    (0)   :  0.013 0.006 0.209 0.065 0.057 0.222 0.214 0.214 
 41    (0)   :  0.013 0.010 0.317 0.084 0.118 0.113 0.102 0.244 
 42    (0)   :  0.028 0.006 0.148 0.125 0.072 0.093 0.368 0.160 
 43    (0)   :  0.007 0.012 0.212 0.051 0.105 0.258 0.189 0.167 
 44    (0)   :  0.006 0.013 0.298 0.045 0.077 0.215 0.102 0.246 
 45    (0)   :  0.032 0.006 0.099 0.156 0.081 0.317 0.100 0.209 
 46    (0)   :  0.009 0.023 0.054 0.067 0.112 0.228 0.138 0.370 
 47    (0)   :  0.007 0.049 0.039 0.096 0.093 0.221 0.171 0.323 
 48    (0)   :  0.009 0.018 0.251 0.053 0.058 0.286 0.117 0.208 
 49    (0)   :  0.010 0.014 0.064 0.160 0.095 0.221 0.165 0.270 
 50    (0)   :  0.009 0.019 0.035 0.058 0.156 0.169 0.149 0.405 
 51    (0)   :  0.024 0.005 0.501 0.074 0.062 0.133 0.090 0.111 
 52    (0)   :  0.009 0.013 0.074 0.122 0.154 0.118 0.181 0.328 
 53    (0)   :  0.077 0.011 0.050 0.057 0.122 0.134 0.171 0.377 
 54    (0)   :  0.006 0.015 0.048 0.085 0.082 0.418 0.179 0.167 
 55    (0)   :  0.007 0.010 0.107 0.056 0.079 0.457 0.143 0.140 
 56    (0)   :  0.019 0.011 0.066 0.107 0.064 0.299 0.182 0.253 
 57    (0)   :  0.010 0.037 0.018 0.096 0.116 0.114 0.312 0.297 
 58    (0)   :  0.015 0.007 0.080 0.128 0.091 0.318 0.166 0.194 
 59    (0)   :  0.062 0.007 0.077 0.215 0.094 0.194 0.145 0.205 
 60    (0)   :  0.020 0.006 0.186 0.074 0.082 0.226 0.242 0.162 
 61    (0)   :  0.006 0.005 0.124 0.057 0.068 0.450 0.193 0.097 
 62    (0)   :  0.008 0.020 0.024 0.223 0.093 0.219 0.152 0.261 
 63    (0)   :  0.010 0.005 0.064 0.067 0.171 0.240 0.229 0.213 
 64    (0)   :  0.022 0.010 0.019 0.102 0.086 0.230 0.110 0.421 
 65    (0)   :  0.008 0.008 0.022 0.065 0.293 0.251 0.091 0.264 
 66    (0)   :  0.008 0.006 0.026 0.053 0.126 0.365 0.266 0.150 
 67    (0)   :  0.006 0.009 0.134 0.062 0.084 0.439 0.116 0.150 
 68    (0)   :  0.062 0.009 0.101 0.173 0.090 0.198 0.170 0.198 
 69    (0)   :  0.156 0.012 0.097 0.168 0.117 0.107 0.165 0.178 
 70    (0)   :  0.018 0.006 0.207 0.075 0.189 0.116 0.209 0.180 
 71    (0)   :  0.042 0.007 0.153 0.161 0.098 0.257 0.086 0.196 
 72    (0)   :  0.014 0.008 0.072 0.124 0.094 0.172 0.115 0.402 
 73    (0)   :  0.012 0.007 0.083 0.136 0.104 0.416 0.102 0.140 
 74    (0)   :  0.055 0.006 0.116 0.140 0.064 0.182 0.221 0.214 
 75    (0)   :  0.030 0.007 0.110 0.152 0.055 0.188 0.294 0.164 
 76    (0)   :  0.007 0.007 0.100 0.045 0.198 0.299 0.143 0.202 
 77    (0)   :  0.039 0.006 0.191 0.119 0.152 0.177 0.105 0.212 
 78    (0)   :  0.159 0.006 0.152 0.113 0.144 0.134 0.112 0.179 
 79    (0)   :  0.010 0.006 0.014 0.056 0.194 0.208 0.130 0.381 
 80    (0)   :  0.008 0.007 0.016 0.041 0.124 0.148 0.506 0.150 
 81    (0)   :  0.009 0.007 0.013 0.041 0.163 0.164 0.405 0.198 
 82    (0)   :  0.008 0.006 0.034 0.090 0.133 0.341 0.224 0.164 
 83    (0)   :  0.017 0.006 0.026 0.034 0.184 0.181 0.313 0.239 
 84    (0)   :  0.009 0.006 0.016 0.040 0.203 0.162 0.292 0.271 
 85    (0)   :  0.021 0.006 0.023 0.042 0.105 0.164 0.343 0.296 
 86    (0)   :  0.010 0.010 0.034 0.079 0.102 0.446 0.118 0.201 
 87    (0)   :  0.018 0.007 0.028 0.048 0.371 0.169 0.146 0.215 
 88    (0)   :  0.008 0.007 0.016 0.054 0.174 0.214 0.354 0.172 
 89    (0)   :  0.008 0.007 0.015 0.045 0.121 0.240 0.392 0.171 
 90    (0)   :  0.008 0.006 0.015 0.049 0.335 0.223 0.154 0.209 
 91    (0)   :  0.021 0.006 0.025 0.038 0.106 0.125 0.486 0.193 
 92    (0)   :  0.009 0.007 0.015 0.062 0.169 0.282 0.196 0.260 
 93    (0)   :  0.007 0.006 0.016 0.044 0.062 0.107 0.640 0.118 
 94    (0)   :  0.027 0.005 0.030 0.038 0.466 0.086 0.126 0.222 
 95    (0)   :  0.008 0.006 0.016 0.043 0.333 0.175 0.277 0.142 
 96    (0)   :  0.007 0.006 0.121 0.045 0.077 0.345 0.298 0.101 
 97    (0)   :  0.036 0.008 0.061 0.147 0.058 0.249 0.244 0.197 
 98    (0)   :  0.008 0.005 0.093 0.073 0.077 0.292 0.194 0.258 
 99    (0)   :  0.009 0.006 0.015 0.042 0.222 0.198 0.265 0.245 
100    (0)   :  0.006 0.007 0.019 0.043 0.057 0.259 0.515 0.096 
101    (0)   :  0.022 0.009 0.040 0.054 0.258 0.224 0.204 0.190 
102    (0)   :  0.015 0.007 0.064 0.066 0.190 0.125 0.388 0.145 
103    (0)   :  0.006 0.007 0.022 0.042 0.174 0.425 0.193 0.132 
104    (0)   :  0.006 0.006 0.019 0.046 0.439 0.176 0.151 0.157 
105    (0)   :  0.006 0.009 0.023 0.104 0.295 0.237 0.206 0.121 
106    (0)   :  0.012 0.006 0.022 0.048 0.392 0.129 0.075 0.317 
107    (0)   :  0.007 0.010 0.024 0.057 0.300 0.281 0.186 0.134 
108    (0)   :  0.147 0.005 0.075 0.033 0.078 0.436 0.105 0.120 
109    (0)   :  0.024 0.008 0.030 0.206 0.250 0.190 0.078 0.213 
110    (0)   :  0.012 0.007 0.019 0.061 0.447 0.091 0.084 0.279 
111    (0)   :  0.008 0.007 0.019 0.087 0.489 0.160 0.111 0.121 
112    (0)   :  0.011 0.005 0.036 0.217 0.421 0.085 0.087 0.139 
113    (0)   :  0.017 0.008 0.029 0.071 0.101 0.430 0.147 0.196 
114    (0)   :  0.006 0.006 0.017 0.077 0.397 0.170 0.182 0.146 
115    (0)   :  0.009 0.009 0.082 0.117 0.349 0.150 0.133 0.152 
116    (0)   :  0.025 0.008 0.067 0.089 0.267 0.212 0.083 0.249 
117    (0)   :  0.012 0.010 0.034 0.145 0.371 0.083 0.107 0.238 
118    (0)   :  0.012 0.006 0.019 0.130 0.155 0.462 0.101 0.115 
119    (0)   :  0.011 0.005 0.200 0.032 0.142 0.189 0.294 0.126 
120    (0)   :  0.008 0.007 0.038 0.132 0.318 0.184 0.152 0.160 
121    (0)   :  0.011 0.035 0.135 0.149 0.296 0.123 0.095 0.157 
122    (0)   :  0.009 0.005 0.020 0.081 0.318 0.159 0.100 0.307 
123    (0)   :  0.013 0.007 0.029 0.057 0.414 0.169 0.138 0.173 
124    (0)   :  0.012 0.018 0.066 0.113 0.246 0.199 0.097 0.250 
125    (0)   :  0.022 0.008 0.063 0.206 0.160 0.084 0.111 0.346 
126    (0)   :  0.012 0.005 0.059 0.060 0.291 0.188 0.153 0.232 
127    (0)   :  0.007 0.008 0.021 0.061 0.502 0.180 0.116 0.106 
128    (0)   :  0.006 0.006 0.020 0.115 0.124 0.496 0.102 0.132 
129    (0)   :  0.006 0.010 0.022 0.056 0.301 0.390 0.090 0.126 
130    (0)   :  0.007 0.010 0.017 0.103 0.344 0.179 0.182 0.157 
131    (0)   :  0.077 0.013 0.087 0.122 0.248 0.121 0.082 0.251 
132    (0)   :  0.009 0.006 0.023 0.052 0.303 0.274 0.081 0.253 
133    (0)   :  0.010 0.010 0.030 0.044 0.323 0.304 0.131 0.149 
134    (0)   :  0.008 0.005 0.017 0.073 0.523 0.094 0.065 0.215 
135    (0)   :  0.010 0.008 0.054 0.105 0.057 0.187 0.476 0.101 
136    (0)   :  0.007 0.008 0.016 0.062 0.048 0.100 0.618 0.141 
137    (0)   :  0.007 0.007 0.016 0.072 0.085 0.077 0.634 0.101 
138    (0)   :  0.009 0.006 0.023 0.043 0.049 0.085 0.674 0.109 
139    (0)   :  0.008 0.005 0.028 0.068 0.055 0.410 0.292 0.134 
140    (0)   :  0.010 0.006 0.033 0.070 0.084 0.178 0.438 0.181 
141    (0)   :  0.010 0.008 0.020 0.066 0.052 0.125 0.517 0.203 
142    (0)   :  0.009 0.007 0.065 0.077 0.056 0.247 0.437 0.101 
143    (0)   :  0.006 0.005 0.016 0.036 0.046 0.086 0.721 0.084 
144    (0)   :  0.007 0.007 0.017 0.070 0.083 0.080 0.644 0.092 
145    (0)   :  0.010 0.010 0.027 0.093 0.052 0.149 0.452 0.207 
146    (0)   :  0.010 0.011 0.022 0.079 0.098 0.118 0.461 0.201 
147    (0)   :  0.007 0.006 0.015 0.038 0.047 0.073 0.720 0.094 
148    (0)   :  0.007 0.007 0.036 0.067 0.073 0.179 0.465 0.166 
149    (0)   :  0.010 0.007 0.031 0.086 0.049 0.127 0.574 0.116 
150    (0)   :  0.007 0.008 0.019 0.089 0.115 0.134 0.501 0.127 
151    (0)   :  0.007 0.007 0.017 0.045 0.061 0.118 0.639 0.107 
152    (0)   :  0.014 0.008 0.075 0.062 0.073 0.146 0.451 0.171 
153    (0)   :  0.009 0.006 0.033 0.067 0.063 0.092 0.596 0.135 
154    (0)   :  0.008 0.011 0.026 0.061 0.048 0.149 0.561 0.136 
155    (0)   :  0.006 0.006 0.016 0.034 0.061 0.103 0.674 0.099 
156    (0)   :  0.006 0.005 0.050 0.054 0.068 0.151 0.577 0.088 
157    (0)   :  0.007 0.005 0.016 0.035 0.135 0.087 0.580 0.135 
158    (0)   :  0.010 0.010 0.023 0.100 0.052 0.109 0.498 0.199 
159    (0)   :  0.007 0.008 0.013 0.045 0.047 0.086 0.701 0.092 
160    (0)   :  0.007 0.009 0.013 0.047 0.047 0.102 0.682 0.092 
161    (0)   :  0.009 0.006 0.023 0.079 0.066 0.114 0.536 0.166 
162    (0)   :  0.009 0.015 0.024 0.074 0.094 0.164 0.415 0.204 
163    (0)   :  0.006 0.005 0.024 0.039 0.057 0.093 0.684 0.091 
164    (0)   :  0.008 0.015 0.017 0.053 0.083 0.214 0.457 0.153 
165    (0)   :  0.007 0.008 0.019 0.093 0.109 0.107 0.547 0.111 
166    (0)   :  0.021 0.007 0.045 0.040 0.148 0.141 0.455 0.144 
167    (0)   :  0.009 0.029 0.019 0.051 0.073 0.097 0.553 0.169 
168    (0)   :  0.025 0.007 0.038 0.048 0.063 0.095 0.578 0.146 
169    (0)   :  0.031 0.010 0.029 0.160 0.051 0.096 0.352 0.272 
170    (0)   :  0.007 0.006 0.041 0.047 0.065 0.185 0.539 0.109 
171    (0)   :  0.018 0.007 0.030 0.042 0.070 0.170 0.483 0.180 
172    (0)   :  0.029 0.006 0.067 0.149 0.047 0.123 0.423 0.156 
173    (0)   :  0.006 0.007 0.015 0.041 0.048 0.137 0.652 0.093 
174    (0)   :  0.007 0.007 0.013 0.041 0.062 0.101 0.652 0.117 
175    (0)   :  0.006 0.007 0.025 0.040 0.047 0.089 0.650 0.135 
176    (0)   :  0.007 0.006 0.018 0.071 0.082 0.080 0.643 0.091 
177    (0)   :  0.011 0.007 0.021 0.054 0.137 0.095 0.487 0.189 
178    (0)   :  0.007 0.008 0.014 0.045 0.063 0.115 0.559 0.191 
179    (0)   :  0.006 0.006 0.014 0.032 0.047 0.098 0.699 0.097 
180    (0)   :  0.011 0.013 0.028 0.081 0.076 0.106 0.519 0.165 
181    (0)   :  0.009 0.008 0.027 0.078 0.052 0.176 0.521 0.130 
182    (0)   :  0.007 0.009 0.019 0.048 0.047 0.167 0.618 0.085 
183    (0)   :  0.006 0.007 0.017 0.037 0.048 0.110 0.676 0.099 
184    (0)   :  0.009 0.009 0.015 0.044 0.069 0.582 0.106 0.166 
185    (0)   :  0.007 0.005 0.071 0.055 0.045 0.108 0.636 0.073 
186    (0)   :  0.006 0.008 0.017 0.039 0.102 0.524 0.105 0.199 
187    (0)   :  0.007 0.006 0.019 0.038 0.069 0.425 0.310 0.127 
188    (0)   :  0.006 0.008 0.017 0.035 0.078 0.616 0.083 0.158 
189    (0)   :  0.030 0.007 0.032 0.046 0.068 0.239 0.311 0.266 
190    (0)   :  0.006 0.005 0.097 0.048 0.047 0.439 0.287 0.070 
191    (0)   :  0.006 0.005 0.015 0.043 0.056 0.613 0.140 0.122 
192    (0)   :  0.007 0.005 0.015 0.043 0.085 0.379 0.307 0.160 
193    (0)   :  0.007 0.006 0.022 0.065 0.070 0.387 0.264 0.178 
194    (0)   :  0.007 0.007 0.029 0.048 0.083 0.364 0.322 0.141 
195    (0)   :  0.006 0.005 0.032 0.038 0.046 0.443 0.347 0.083 
196    (0)   :  0.007 0.005 0.038 0.045 0.060 0.529 0.227 0.089 
197    (0)   :  0.007 0.009 0.025 0.067 0.119 0.296 0.231 0.246 
198    (0)   :  0.009 0.005 0.028 0.054 0.096 0.318 0.223 0.267 
199    (0)   :  0.011 0.006 0.047 0.063 0.068 0.470 0.238 0.098 
200    (0)   :  0.013 0.005 0.042 0.059 0.059 0.462 0.211 0.149 
201    (0)   :  0.005 0.006 0.021 0.037 0.052 0.322 0.460 0.097 
202    (0)   :  0.006 0.005 0.040 0.051 0.068 0.225 0.521 0.084 
203    (0)   :  0.006 0.005 0.017 0.041 0.050 0.358 0.439 0.085 
204    (0)   :  0.005 0.005 0.027 0.037 0.047 0.609 0.190 0.079 
205    (0)   :  0.009 0.005 0.027 0.040 0.059 0.594 0.159 0.106 
206    (0)   :  0.006 0.006 0.019 0.037 0.047 0.595 0.198 0.092 
207    (0)   :  0.005 0.005 0.023 0.055 0.063 0.629 0.134 0.086 
208    (0)   :  0.006 0.005 0.022 0.040 0.054 0.485 0.297 0.091 
209    (0)   :  0.006 0.005 0.021 0.053 0.060 0.533 0.189 0.134 
210    (0)   :  0.005 0.005 0.018 0.037 0.056 0.583 0.200 0.096 
211    (0)   :  0.006 0.008 0.045 0.147 0.092 0.330 0.285 0.087 
212    (0)   :  0.006 0.005 0.035 0.051 0.050 0.213 0.508 0.131 
213    (0)   :  0.009 0.005 0.067 0.067 0.102 0.385 0.218 0.147 
214    (0)   :  0.005 0.005 0.021 0.050 0.051 0.273 0.497 0.096 
215    (0)   :  0.009 0.005 0.020 0.043 0.063 0.642 0.120 0.098 
216    (0)   :  0.009 0.010 0.018 0.054 0.082 0.465 0.145 0.217 
217    (0)   :  0.009 0.006 0.025 0.039 0.050 0.369 0.402 0.100 
218    (0)   :  0.008 0.006 0.016 0.038 0.064 0.587 0.170 0.112 
219    (0)   :  0.014 0.013 0.019 0.042 0.072 0.340 0.287 0.212 
220    (0)   :  0.005 0.005 0.017 0.035 0.052 0.662 0.136 0.088 
221    (0)   :  0.006 0.005 0.054 0.044 0.044 0.155 0.611 0.080 
222    (0)   :  0.008 0.010 0.019 0.049 0.085 0.362 0.204 0.262 
223    (0)   :  0.009 0.006 0.021 0.044 0.076 0.297 0.392 0.155 
224    (0)   :  0.006 0.006 0.017 0.038 0.049 0.425 0.364 0.095 
225    (0)   :  0.007 0.005 0.027 0.043 0.057 0.560 0.200 0.101 
226    (0)   :  0.074 0.007 0.019 0.050 0.070 0.432 0.202 0.148 
227    (0)   :  0.006 0.005 0.054 0.046 0.071 0.415 0.317 0.086 
228    (0)   :  0.006 0.006 0.083 0.056 0.045 0.387 0.340 0.077 
229    (0)   :  0.006 0.006 0.015 0.036 0.054 0.411 0.372 0.101 
230    (0)   :  0.005 0.006 0.015 0.040 0.052 0.492 0.300 0.091 
231    (0)   :  0.006 0.006 0.015 0.044 0.052 0.439 0.304 0.134 
232    (0)   :  0.010 0.006 0.033 0.088 0.080 0.283 0.335 0.163 
233    (0)   :  0.006 0.006 0.017 0.045 0.052 0.241 0.537 0.097 
234    (0)   :  0.007 0.005 0.016 0.052 0.075 0.403 0.240 0.203 
235    (0)   :  0.011 0.006 0.026 0.043 0.064 0.381 0.328 0.140 
236    (0)   :  0.007 0.005 0.017 0.054 0.062 0.330 0.400 0.125 
237    (0)   :  0.006 0.005 0.026 0.059 0.058 0.597 0.149 0.099 
238    (0)   :  0.006 0.005 0.021 0.046 0.066 0.262 0.475 0.120 
239    (0)   :  0.006 0.005 0.032 0.039 0.046 0.442 0.349 0.083 
240    (0)   :  0.005 0.005 0.021 0.045 0.066 0.259 0.477 0.120 
241    (0)   :  0.007 0.007 0.027 0.050 0.056 0.279 0.472 0.102 
242    (0)   :  0.013 0.006 0.026 0.037 0.056 0.454 0.229 0.179 
243    (0)   :  0.005 0.005 0.042 0.053 0.051 0.529 0.239 0.076 
244    (0)   :  0.006 0.005 0.016 0.043 0.049 0.421 0.373 0.088 
245    (0)   :  0.005 0.005 0.028 0.039 0.058 0.168 0.598 0.098 
246    (0)   :  0.008 0.006 0.025 0.039 0.049 0.372 0.401 0.100 
247    (0)   :  0.010 0.005 0.030 0.048 0.170 0.428 0.103 0.207 
248    (0)   :  0.006 0.005 0.020 0.054 0.074 0.630 0.105 0.106 
249    (0)   :  0.005 0.006 0.019 0.046 0.057 0.371 0.398 0.098 
250    (0)   :  0.007 0.006 0.015 0.049 0.067 0.416 0.316 0.125 
251    (0)   :  0.023 0.006 0.024 0.060 0.079 0.415 0.170 0.222 
252    (0)   :  0.007 0.006 0.028 0.044 0.061 0.456 0.281 0.117 
253    (0)   :  0.014 0.006 0.030 0.055 0.107 0.480 0.157 0.151 
254    (0)   :  0.007 0.009 0.020 0.045 0.071 0.449 0.204 0.195 
255    (0)   :  0.006 0.006 0.021 0.048 0.065 0.425 0.260 0.170 
256    (0)   :  0.007 0.006 0.026 0.053 0.059 0.410 0.331 0.109 
257    (0)   :  0.008 0.014 0.022 0.048 0.078 0.489 0.221 0.120 
258    (0)   :  0.007 0.004 0.046 0.053 0.082 0.486 0.172 0.150 
259    (0)   :  0.007 0.006 0.016 0.046 0.062 0.513 0.233 0.116 
260    (0)   :  0.007 0.009 0.016 0.045 0.079 0.250 0.368 0.227 
261    (0)   :  0.007 0.005 0.035 0.048 0.057 0.361 0.373 0.113 
262    (0)   :  0.008 0.005 0.047 0.043 0.045 0.404 0.368 0.080 
263    (0)   :  0.005 0.009 0.018 0.041 0.056 0.622 0.127 0.121 
264    (0)   :  0.008 0.013 0.020 0.055 0.081 0.348 0.092 0.384 
265    (0)   :  0.010 0.006 0.019 0.039 0.063 0.482 0.243 0.138 
266    (0)   :  0.006 0.005 0.035 0.045 0.045 0.191 0.593 0.080 
267    (0)   :  0.006 0.006 0.023 0.072 0.074 0.398 0.282 0.140 
268    (0)   :  0.007 0.005 0.038 0.046 0.059 0.528 0.228 0.089 
269    (0)   :  0.017 0.006 0.019 0.040 0.065 0.334 0.268 0.251 
270    (0)   :  0.006 0.009 0.018 0.049 0.080 0.510 0.141 0.187 
271    (0)   :  0.009 0.005 0.025 0.054 0.079 0.541 0.161 0.126 
272    (0)   :  0.069 0.006 0.026 0.057 0.075 0.479 0.165 0.122 
273    (0)   :  0.023 0.037 0.026 0.068 0.094 0.308 0.257 0.186 
274    (0)   :  0.014 0.006 0.017 0.047 0.072 0.504 0.187 0.154 
275    (0)   :  0.021 0.010 0.021 0.056 0.061 0.493 0.200 0.138 
276    (0)   :  0.047 0.007 0.029 0.069 0.081 0.494 0.158 0.115 
277    (0)   :  0.009 0.006 0.019 0.047 0.072 0.357 0.325 0.165 
278    (0)   :  0.009 0.005 0.024 0.047 0.060 0.614 0.146 0.096 
279    (0)   :  0.009 0.006 0.018 0.052 0.069 0.461 0.245 0.140 
280    (0)   :  0.016 0.006 0.026 0.059 0.059 0.435 0.218 0.180 
281    (0)   :  0.008 0.006 0.019 0.047 0.086 0.493 0.192 0.149 
282    (0)   :  0.007 0.006 0.016 0.044 0.066 0.240 0.474 0.147 
283    (0)   :  0.006 0.006 0.019 0.037 0.063 0.244 0.520 0.106 
284    (0)   :  0.007 0.005 0.022 0.060 0.088 0.353 0.323 0.142 
285    (0)   :  0.009 0.005 0.035 0.060 0.072 0.602 0.084 0.134 
286    (0)   :  0.005 0.006 0.016 0.043 0.048 0.422 0.371 0.088 
287    (0)   :  0.013 0.007 0.018 0.040 0.085 0.396 0.254 0.187 
288    (0)   :  0.040 0.006 0.018 0.042 0.063 0.572 0.146 0.115 
289    (0)   :  0.029 0.008 0.031 0.045 0.088 0.532 0.134 0.133 
290    (0)   :  0.008 0.010 0.049 0.091 0.061 0.353 0.217 0.211 
291    (0)   :  0.009 0.005 0.026 0.054 0.081 0.538 0.160 0.126 
292    (0)   :  0.018 0.006 0.050 0.070 0.056 0.380 0.266 0.154 
293    (0)   :  0.007 0.007 0.058 0.095 0.069 0.318 0.144 0.300 
294    (0)   :  0.007 0.009 0.025 0.038 0.056 0.633 0.115 0.118 
295    (0)   :  0.039 0.007 0.036 0.072 0.090 0.415 0.199 0.142 
296    (0)   :  0.008 0.005 0.020 0.041 0.067 0.621 0.144 0.094 
297    (0)   :  0.015 0.006 0.022 0.057 0.063 0.478 0.165 0.194 
298    (0)   :  0.007 0.006 0.014 0.042 0.072 0.320 0.387 0.153 
299    (0)   :  0.006 0.011 0.016 0.037 0.061 0.573 0.147 0.149 
300    (0)   :  0.008 0.005 0.024 0.052 0.052 0.633 0.111 0.116 
301    (0)   :  0.010 0.009 0.016 0.052 0.068 0.511 0.140 0.193 
302    (0)   :  0.008 0.009 0.036 0.046 0.057 0.604 0.126 0.114 
303    (0)   :  0.008 0.006 0.023 0.058 0.053 0.351 0.368 0.134 
304    (0)   :  0.006 0.010 0.015 0.062 0.100 0.138 0.411 0.258 
305    (0)   :  0.008 0.005 0.025 0.042 0.045 0.529 0.259 0.087 
306    (0)   :  0.012 0.006 0.024 0.042 0.057 0.316 0.417 0.126 
307    (0)   :  0.009 0.007 0.017 0.055 0.070 0.375 0.318 0.149 
308    (0)   :  0.007 0.005 0.036 0.046 0.057 0.362 0.374 0.113 
309    (0)   :  0.015 0.017 0.032 0.048 0.072 0.583 0.133 0.100 
310    (0)   :  0.005 0.005 0.026 0.046 0.049 0.479 0.303 0.087 
311    (0)   :  0.006 0.006 0.015 0.040 0.051 0.492 0.301 0.090 
312    (0)   :  0.005 0.005 0.021 0.036 0.060 0.652 0.135 0.086 
313    (0)   :  0.007 0.005 0.040 0.043 0.056 0.659 0.105 0.085 
314    (0)   :  0.009 0.005 0.029 0.039 0.045 0.086 0.705 0.083 
315    (0)   :  0.015 0.005 0.041 0.036 0.059 0.081 0.651 0.112 
316    (0)   :  0.030 0.009 0.029 0.037 0.065 0.083 0.612 0.135 
317    (0)   :  0.009 0.006 0.017 0.036 0.046 0.075 0.722 0.089 
318    (0)   :  0.010 0.006 0.013 0.034 0.047 0.069 0.725 0.096 
319    (0)   :  0.006 0.006 0.016 0.037 0.046 0.086 0.716 0.086 
320    (0)   :  0.009 0.005 0.029 0.039 0.045 0.086 0.703 0.084 
321    (0)   :  0.010 0.006 0.016 0.037 0.047 0.073 0.712 0.098 
322    (0)   :  0.027 0.009 0.045 0.039 0.064 0.094 0.600 0.121 
323    (0)   :  0.008 0.017 0.013 0.033 0.048 0.074 0.714 0.094 
324    (0)   :  0.010 0.006 0.016 0.037 0.047 0.072 0.715 0.097 
325    (0)   :  0.030 0.006 0.024 0.034 0.061 0.073 0.647 0.125 
326    (0)   :  0.071 0.016 0.029 0.037 0.063 0.074 0.589 0.121 
327    (0)   :  0.009 0.006 0.016 0.035 0.046 0.075 0.723 0.089 
328    (0)   :  0.017 0.005 0.029 0.037 0.062 0.087 0.638 0.123 
329    (0)   :  0.007 0.005 0.013 0.034 0.046 0.068 0.734 0.092 
330    (0)   :  0.009 0.006 0.017 0.035 0.046 0.076 0.723 0.089 
331    (0)   :  0.007 0.006 0.013 0.034 0.046 0.076 0.727 0.092 
332    (0)   :  0.045 0.027 0.025 0.035 0.064 0.071 0.606 0.127 
333    (0)   :  0.038 0.015 0.030 0.038 0.064 0.083 0.614 0.117 
334    (0)   :  0.017 0.006 0.030 0.037 0.061 0.088 0.639 0.123 
335    (0)   :  0.016 0.006 0.033 0.034 0.060 0.079 0.662 0.111 
336    (0)   :  0.012 0.023 0.023 0.041 0.048 0.077 0.684 0.093 
337    (0)   :  0.030 0.006 0.030 0.037 0.061 0.077 0.629 0.129 
338    (0)   :  0.011 0.007 0.013 0.037 0.047 0.068 0.716 0.099 
339    (0)   :  0.007 0.006 0.013 0.034 0.046 0.076 0.727 0.092 
340    (0)   :  0.006 0.006 0.014 0.032 0.045 0.079 0.735 0.084 
341    (0)   :  0.012 0.022 0.016 0.040 0.049 0.080 0.689 0.093 
342    (0)   :  0.009 0.006 0.017 0.035 0.046 0.077 0.721 0.090 
343    (0)   :  0.017 0.014 0.064 0.038 0.061 0.083 0.611 0.113 
344    (0)   :  0.007 0.006 0.013 0.034 0.046 0.068 0.735 0.092 
345    (0)   :  0.009 0.006 0.017 0.035 0.046 0.075 0.723 0.088 
346    (0)   :  0.009 0.006 0.014 0.033 0.045 0.071 0.734 0.088 
347    (0)   :  0.006 0.006 0.014 0.032 0.045 0.071 0.743 0.084 
348    (0)   :  0.013 0.005 0.067 0.038 0.058 0.091 0.628 0.101 
349    (0)   :  0.009 0.006 0.017 0.035 0.046 0.074 0.723 0.089 
350    (0)   :  0.006 0.005 0.019 0.039 0.045 0.089 0.709 0.087 
351    (0)   :  0.015 0.005 0.033 0.034 0.060 0.080 0.662 0.111 
352    (0)   :  0.027 0.006 0.034 0.035 0.060 0.080 0.644 0.114 
353    (0)   :  0.011 0.022 0.023 0.039 0.048 0.077 0.685 0.094 
354    (0)   :  0.008 0.009 0.014 0.037 0.047 0.075 0.715 0.096 
355    (0)   :  0.010 0.006 0.013 0.034 0.047 0.069 0.726 0.095 
356    (0)   :  0.013 0.005 0.066 0.038 0.057 0.090 0.629 0.101 
357    (0)   :  0.024 0.006 0.023 0.038 0.070 0.095 0.448 0.296 
358    (0)   :  0.019 0.007 0.023 0.036 0.063 0.073 0.653 0.126 
359    (0)   :  0.007 0.007 0.013 0.037 0.047 0.077 0.718 0.095 
360    (0)   :  0.009 0.006 0.014 0.032 0.045 0.073 0.732 0.088 
361    (0)   :  0.023 0.005 0.032 0.045 0.072 0.109 0.415 0.299 
362    (0)   :  0.028 0.006 0.025 0.045 0.129 0.305 0.127 0.334 
363    (0)   :  0.015 0.008 0.030 0.048 0.190 0.183 0.098 0.428 
364    (0)   :  0.011 0.031 0.026 0.082 0.103 0.157 0.306 0.284 
365    (0)   :  0.027 0.020 0.022 0.131 0.090 0.135 0.112 0.464 
366    (0)   :  0.022 0.007 0.096 0.071 0.071 0.226 0.184 0.323 
367    (0)   :  0.019 0.006 0.018 0.045 0.442 0.089 0.079 0.303 
368    (0)   :  0.010 0.006 0.015 0.063 0.179 0.329 0.130 0.268 
369    (0)   :  0.010 0.010 0.109 0.060 0.076 0.177 0.293 0.264 
370    (0)   :  0.015 0.019 0.021 0.084 0.221 0.301 0.143 0.196 
371    (0)   :  0.011 0.015 0.030 0.070 0.084 0.299 0.168 0.324 
372    (0)   :  0.021 0.058 0.025 0.078 0.137 0.394 0.146 0.141 
373    (0)   :  0.009 0.008 0.021 0.073 0.247 0.157 0.190 0.295 
374    (0)   :  0.026 0.008 0.022 0.095 0.100 0.143 0.298 0.307 
375    (0)   :  0.014 0.022 0.017 0.067 0.164 0.154 0.092 0.469 
376    (0)   :  0.016 0.111 0.020 0.050 0.118 0.075 0.088 0.522 
377    (0)   :  0.020 0.008 0.027 0.070 0.108 0.305 0.129 0.333 
378    (0)   :  0.009 0.006 0.021 0.050 0.378 0.138 0.255 0.142 
379    (0)   :  0.019 0.202 0.025 0.051 0.136 0.090 0.079 0.400 
380    (0)   :  0.057 0.014 0.052 0.138 0.060 0.141 0.200 0.339 
381    (0)   :  0.011 0.012 0.066 0.107 0.054 0.109 0.191 0.449 
382    (0)   :  0.009 0.006 0.014 0.043 0.161 0.115 0.109 0.543 
383    (0)   :  0.085 0.028 0.023 0.116 0.059 0.140 0.185 0.364 
384    (0)   :  0.027 0.100 0.022 0.092 0.119 0.110 0.164 0.366 
385    (0)   :  0.009 0.016 0.014 0.262 0.112 0.116 0.241 0.229 
386    (0)   :  0.011 0.005 0.019 0.045 0.171 0.128 0.101 0.521 
387    (0)   :  0.010 0.005 0.023 0.072 0.171 0.114 0.120 0.484 
388    (0)   :  0.017 0.021 0.017 0.118 0.118 0.144 0.264 0.302 
389    (0)   :  0.011 0.012 0.045 0.202 0.095 0.397 0.108 0.130 
390    (0)   :  0.045 0.019 0.089 0.102 0.264 0.116 0.096 0.269 
391    (0)   :  0.023 0.016 0.045 0.236 0.193 0.157 0.161 0.170 
392    (0)   :  0.009 0.010 0.022 0.067 0.119 0.148 0.180 0.446 
393    (0)   :  0.040 0.010 0.093 0.190 0.070 0.083 0.153 0.361 
394    (0)   :  0.019 0.006 0.022 0.040 0.206 0.139 0.294 0.273 
395    (0)   :  0.031 0.005 0.053 0.087 0.141 0.309 0.113 0.260 
396    (0)   :  0.007 0.007 0.015 0.055 0.170 0.151 0.081 0.515 
397    (0)   :  0.007 0.118 0.020 0.046 0.071 0.313 0.207 0.218 
398    (0)   :  0.044 0.041 0.026 0.072 0.227 0.089 0.087 0.414 
399    (0)   :  0.026 0.006 0.030 0.068 0.437 0.158 0.111 0.163 
400    (0)   :  0.009 0.009 0.022 0.059 0.183 0.093 0.146 0.479 
401    (0)   :  0.009 0.005 0.050 0.070 0.341 0.145 0.157 0.222 
402    (0)   :  0.008 0.010 0.069 0.095 0.180 0.182 0.145 0.311 
403    (0)   :  0.013 0.010 0.022 0.114 0.111 0.144 0.394 0.191 
404    (0)   :  0.008 0.009 0.017 0.111 0.095 0.198 0.183 0.378 
405    (0)   :  0.023 0.005 0.031 0.057 0.102 0.222 0.162 0.398 
406    (0)   :  0.211 0.005 0.127 0.058 0.067 0.161 0.223 0.148 
407    (0)   :  0.028 0.005 0.017 0.082 0.083 0.103 0.081 0.601 
408    (0)   :  0.006 0.005 0.054 0.049 0.387 0.278 0.078 0.143 
409    (0)   :  0.035 0.013 0.131 0.133 0.073 0.101 0.307 0.207 
410    (0)   :  0.025 0.090 0.030 0.083 0.176 0.120 0.145 0.331 
411    (0)   :  0.010 0.025 0.066 0.048 0.099 0.101 0.197 0.454 
412    (0)   :  0.009 0.006 0.015 0.050 0.175 0.269 0.116 0.360 
413    (0)   :  0.008 0.006 0.017 0.040 0.212 0.203 0.223 0.291 
414    (0)   :  0.007 0.005 0.015 0.089 0.239 0.235 0.081 0.329 
415    (0)   :  0.017 0.007 0.052 0.056 0.125 0.136 0.116 0.491 
416    (0)   :  0.009 0.007 0.049 0.151 0.152 0.124 0.156 0.352 
417    (0)   :  0.093 0.007 0.025 0.053 0.136 0.110 0.097 0.479 
418    (0)   :  0.009 0.008 0.014 0.050 0.297 0.132 0.094 0.396 
419    (0)   :  0.016 0.013 0.032 0.152 0.122 0.132 0.256 0.277 
420    (0)   :  0.008 0.005 0.115 0.067 0.324 0.153 0.106 0.221 
421    (0)   :  0.033 0.008 0.022 0.070 0.185 0.184 0.104 0.394 
422    (0)   :  0.032 0.008 0.039 0.115 0.080 0.343 0.110 0.273 
423    (0)   :  0.019 0.011 0.031 0.050 0.149 0.182 0.153 0.405 
424    (0)   :  0.030 0.009 0.111 0.077 0.330 0.104 0.147 0.192 
425    (0)   :  0.013 0.029 0.020 0.176 0.109 0.151 0.164 0.339 
426    (0)   :  0.041 0.041 0.026 0.079 0.296 0.119 0.171 0.227 
427    (0)   :  0.042 0.006 0.023 0.071 0.170 0.077 0.181 0.431 
428    (0)   :  0.105 0.025 0.053 0.101 0.082 0.168 0.223 0.243 
429    (0)   :  0.012 0.006 0.016 0.037 0.201 0.095 0.077 0.555 
430    (0)   :  0.048 0.006 0.036 0.121 0.104 0.118 0.092 0.474 
431    (0)   :  0.023 0.013 0.019 0.071 0.282 0.230 0.160 0.203 
432    (0)   :  0.009 0.007 0.016 0.056 0.201 0.279 0.140 0.291 
433    (0)   :  0.008 0.013 0.022 0.055 0.112 0.244 0.374 0.174 
434    (0)   :  0.009 0.007 0.029 0.072 0.078 0.224 0.186 0.397 
435    (0)   :  0.093 0.005 0.032 0.063 0.170 0.094 0.085 0.457 
436    (0)   :  0.217 0.009 0.055 0.048 0.214 0.062 0.133 0.263 
437    (0)   :  0.017 0.009 0.019 0.038 0.091 0.106 0.092 0.629 
438    (0)   :  0.133 0.006 0.152 0.102 0.189 0.090 0.138 0.189 
439    (0)   :  0.116 0.006 0.028 0.120 0.127 0.065 0.108 0.429 
440    (0)   :  0.207 0.005 0.032 0.047 0.195 0.079 0.072 0.365 
441    (0)   :  0.031 0.006 0.031 0.102 0.115 0.093 0.168 0.455 
442    (0)   :  0.008 0.007 0.031 0.100 0.157 0.120 0.097 0.479 
443    (0)   :  0.024 0.005 0.118 0.067 0.399 0.105 0.085 0.197 
444    (0)   :  0.016 0.006 0.050 0.086 0.153 0.106 0.096 0.487 
445    (0)   :  0.021 0.047 0.084 0.179 0.072 0.094 0.193 0.311 
446    (0)   :  0.068 0.050 0.025 0.090 0.296 0.060 0.094 0.318 
447    (0)   :  0.159 0.007 0.065 0.156 0.121 0.094 0.166 0.232 
448    (0)   :  0.027 0.006 0.026 0.068 0.131 0.111 0.098 0.533 
449    (0)   :  0.030 0.006 0.025 0.081 0.117 0.122 0.150 0.469 
450    (0)   :  0.010 0.010 0.014 0.118 0.107 0.071 0.141 0.527 
451    (0)   :  0.013 0.006 0.026 0.044 0.435 0.151 0.073 0.253 
452    (0)   :  0.016 0.007 0.016 0.073 0.129 0.077 0.135 0.548 
453    (0)   :  0.012 0.006 0.194 0.131 0.178 0.177 0.135 0.167 
454    (0)   :  0.033 0.006 0.025 0.047 0.122 0.111 0.153 0.503 
455    (0)   :  0.144 0.005 0.086 0.100 0.190 0.074 0.092 0.309 
456    (0)   :  0.032 0.007 0.115 0.064 0.162 0.124 0.090 0.407 
457    (0)   :  0.030 0.007 0.021 0.054 0.085 0.088 0.101 0.615 
458    (0)   :  0.027 0.047 0.024 0.139 0.120 0.077 0.104 0.463 
459    (0)   :  0.037 0.005 0.035 0.105 0.255 0.060 0.185 0.317 
460    (0)   :  0.029 0.005 0.032 0.074 0.372 0.067 0.091 0.331 
461    (0)   :  0.010 0.007 0.015 0.060 0.435 0.062 0.091 0.319 
462    (0)   :  0.017 0.009 0.084 0.178 0.145 0.138 0.068 0.362 
463    (0)   :  0.118 0.005 0.270 0.081 0.094 0.146 0.117 0.169 
464    (0)   :  0.028 0.005 0.065 0.063 0.368 0.088 0.092 0.291 
465    (0)   :  0.017 0.008 0.039 0.104 0.308 0.122 0.105 0.298 
466    (0)   :  0.030 0.005 0.121 0.075 0.275 0.137 0.093 0.264 
467    (0)   :  0.022 0.006 0.070 0.127 0.142 0.137 0.128 0.368 
468    (0)   :  0.188 0.006 0.082 0.054 0.083 0.102 0.089 0.396 
469    (0)   :  0.383 0.005 0.029 0.084 0.089 0.062 0.090 0.256 
470    (0)   :  0.167 0.005 0.027 0.056 0.241 0.073 0.088 0.343 
471    (0)   :  0.013 0.007 0.079 0.137 0.166 0.167 0.102 0.329 
472    (0)   :  0.011 0.008 0.052 0.139 0.122 0.144 0.103 0.422 
473    (0)   :  0.031 0.006 0.031 0.054 0.104 0.168 0.143 0.464 
474    (0)   :  0.014 0.006 0.033 0.098 0.128 0.095 0.135 0.491 
475    (0)   :  0.016 0.006 0.028 0.097 0.279 0.113 0.166 0.295 
476    (0)   :  0.017 0.009 0.043 0.080 0.138 0.077 0.106 0.529 
477    (0)   :  0.019 0.007 0.049 0.088 0.374 0.089 0.141 0.234 
478    (0)   :  0.014 0.007 0.022 0.063 0.584 0.067 0.084 0.158 
479    (0)   :  0.034 0.005 0.022 0.047 0.178 0.070 0.085 0.558 
480    (0)   :  0.031 0.007 0.021 0.042 0.103 0.072 0.095 0.631 
481    (0)   :  0.011 0.006 0.019 0.124 0.109 0.229 0.095 0.406 
482    (0)   :  0.015 0.006 0.016 0.039 0.175 0.070 0.085 0.593 
483    (0)   :  0.199 0.007 0.028 0.088 0.179 0.068 0.111 0.322 
484    (0)   :  0.146 0.006 0.130 0.136 0.107 0.124 0.103 0.247 
485    (0)   :  0.461 0.006 0.027 0.044 0.154 0.066 0.085 0.158 
486    (0)   :  0.008 0.012 0.046 0.130 0.150 0.309 0.133 0.211 
487    (0)   :  0.009 0.012 0.028 0.143 0.123 0.186 0.246 0.253 
488    (0)   :  0.009 0.010 0.022 0.192 0.186 0.224 0.189 0.168 
489    (0)   :  0.006 0.013 0.064 0.079 0.067 0.232 0.265 0.272 
490    (0)   :  0.009 0.007 0.054 0.093 0.310 0.184 0.092 0.251 
491    (0)   :  0.007 0.009 0.021 0.164 0.070 0.354 0.225 0.151 
492    (0)   :  0.008 0.006 0.037 0.129 0.212 0.134 0.348 0.126 
493    (0)   :  0.007 0.016 0.023 0.239 0.102 0.274 0.151 0.187 
494    (0)   :  0.015 0.047 0.026 0.139 0.098 0.281 0.203 0.190 
495    (0)   :  0.008 0.031 0.051 0.197 0.233 0.095 0.248 0.135 
496    (0)   :  0.009 0.007 0.030 0.054 0.086 0.228 0.414 0.171 
497    (0)   :  0.007 0.027 0.018 0.241 0.068 0.258 0.212 0.168 
498    (0)   :  0.010 0.012 0.070 0.188 0.142 0.191 0.160 0.228 
499    (0)   :  0.009 0.036 0.027 0.094 0.075 0.214 0.356 0.190 
500    (0)   :  0.015 0.024 0.022 0.072 0.082 0.338 0.139 0.308 
501    (0)   :  0.010 0.014 0.015 0.089 0.120 0.155 0.305 0.292 
502    (0)   :  0.009 0.009 0.014 0.164 0.174 0.112 0.337 0.181 
503    (0)   :  0.011 0.009 0.021 0.074 0.104 0.195 0.114 0.471 
504    (0)   :  0.009 0.009 0.036 0.201 0.277 0.172 0.127 0.170 
505    (0)   :  0.012 0.010 0.030 0.105 0.102 0.406 0.207 0.128 
506    (0)   :  0.007 0.008 0.019 0.134 0.190 0.187 0.296 0.160 
507    (0)   :  0.007 0.008 0.036 0.044 0.051 0.179 0.577 0.098 
508    (0)   :  0.007 0.019 0.053 0.055 0.067 0.159 0.545 0.095 
509    (0)   :  0.009 0.008 0.027 0.085 0.091 0.347 0.305 0.128 
510    (0)   :  0.007 0.037 0.023 0.067 0.099 0.153 0.365 0.248 
511    (0)   :  0.034 0.014 0.027 0.104 0.194 0.208 0.136 0.283 
512    (0)   :  0.010 0.009 0.014 0.078 0.164 0.143 0.096 0.485 
513    (0)   :  0.006 0.011 0.041 0.400 0.130 0.203 0.136 0.073 
514    (0)   :  0.008 0.008 0.023 0.057 0.374 0.184 0.171 0.175 
515    (0)   :  0.029 0.014 0.062 0.077 0.096 0.149 0.272 0.302 
516    (0)   :  0.010 0.010 0.041 0.072 0.245 0.331 0.154 0.137 
517    (0)   :  0.020 0.008 0.106 0.046 0.173 0.165 0.263 0.218 
518    (0)   :  0.006 0.081 0.017 0.050 0.072 0.212 0.283 0.278 
519    (0)   :  0.009 0.006 0.025 0.081 0.396 0.138 0.180 0.165 
520    (0)   :  0.135 0.008 0.127 0.043 0.068 0.141 0.348 0.131 
521    (0)   :  0.007 0.007 0.025 0.046 0.158 0.246 0.357 0.154 
522    (0)   :  0.014 0.037 0.169 0.049 0.107 0.131 0.138 0.354 
523    (0)   :  0.014 0.008 0.221 0.040 0.145 0.153 0.289 0.130 
524    (0)   :  0.170 0.009 0.073 0.043 0.124 0.184 0.192 0.206 
525    (0)   :  0.026 0.096 0.045 0.049 0.075 0.164 0.308 0.238 
526    (0)   :  0.228 0.006 0.172 0.057 0.063 0.186 0.161 0.127 
527    (0)   :  0.008 0.085 0.016 0.127 0.164 0.144 0.137 0.321 
528    (0)   :  0.006 0.005 0.022 0.040 0.072 0.262 0.472 0.121 
529    (0)   :  0.007 0.090 0.023 0.066 0.097 0.343 0.204 0.171 
530    (0)   :  0.015 0.008 0.059 0.097 0.098 0.138 0.192 0.394 
531    (0)   :  0.021 0.008 0.035 0.079 0.100 0.102 0.420 0.234 
532    (0)   :  0.007 0.031 0.032 0.057 0.113 0.216 0.337 0.208 
533    (0)   :  0.020 0.073 0.049 0.051 0.089 0.258 0.168 0.292 
534    (0)   :  0.008 0.081 0.063 0.082 0.118 0.342 0.221 0.086 
535    (0)   :  0.018 0.006 0.140 0.067 0.207 0.188 0.165 0.209 
536    (0)   :  0.026 0.008 0.062 0.144 0.101 0.179 0.252 0.228 
537    (0)   :  0.009 0.008 0.114 0.089 0.093 0.165 0.372 0.148 
538    (0)   :  0.016 0.005 0.064 0.055 0.081 0.295 0.300 0.183 
539    (0)   :  0.006 0.005 0.028 0.040 0.054 0.162 0.595 0.110 
540    (0)   :  0.023 0.008 0.059 0.066 0.076 0.318 0.253 0.198 
541    (0)   :  0.011 0.008 0.047 0.120 0.089 0.153 0.398 0.174 
542    (0)   :  0.018 0.006 0.117 0.165 0.063 0.298 0.119 0.214 
543    (0)   :  0.020 0.008 0.183 0.066 0.184 0.183 0.230 0.126 
544    (0)   :  0.013 0.005 0.195 0.112 0.087 0.215 0.189 0.183 
545    (0)   :  0.062 0.006 0.303 0.098 0.112 0.163 0.094 0.162 
546    (0)   :  0.008 0.006 0.064 0.140 0.066 0.358 0.191 0.168 
547    (0)   :  0.018 0.006 0.366 0.064 0.096 0.106 0.232 0.112 
548    (0)   :  0.007 0.006 0.015 0.048 0.067 0.417 0.315 0.125 
549    (0)   :  0.031 0.008 0.117 0.136 0.072 0.079 0.394 0.164 
550    (0)   :  0.064 0.005 0.254 0.062 0.172 0.117 0.145 0.180 
551    (0)   :  0.013 0.009 0.038 0.094 0.094 0.098 0.501 0.152 
552    (0)   :  0.008 0.006 0.045 0.064 0.058 0.414 0.251 0.154 
553    (0)   :  0.014 0.007 0.357 0.050 0.105 0.159 0.217 0.091 
554    (0)   :  0.014 0.013 0.053 0.081 0.116 0.246 0.196 0.281 
555    (0)   :  0.012 0.007 0.075 0.093 0.085 0.162 0.434 0.133 
556    (0)   :  0.008 0.006 0.044 0.065 0.077 0.372 0.248 0.180 
557    (0)   :  0.062 0.005 0.137 0.100 0.178 0.098 0.193 0.226 
558    (0)   :  0.018 0.006 0.015 0.042 0.177 0.061 0.088 0.593 
559    (0)   :  0.007 0.007 0.029 0.050 0.158 0.430 0.116 0.204 
560    (0)   :  0.029 0.005 0.025 0.079 0.395 0.113 0.068 0.286 
561    (0)   :  0.013 0.006 0.031 0.100 0.184 0.172 0.090 0.404 
562    (0)   :  0.020 0.007 0.051 0.074 0.265 0.219 0.068 0.295 
563    (0)   :  0.014 0.009 0.035 0.102 0.314 0.077 0.259 0.191 
564    (0)   :  0.015 0.010 0.050 0.040 0.104 0.471 0.121 0.190 
565    (0)   :  0.041 0.006 0.017 0.090 0.073 0.087 0.095 0.591 
566    (0)   :  0.018 0.005 0.019 0.041 0.478 0.086 0.071 0.283 
567    (0)   :  0.012 0.007 0.027 0.056 0.125 0.512 0.089 0.172 
568    (0)   :  0.015 0.006 0.035 0.055 0.227 0.253 0.126 0.284 
569    (0)   :  0.016 0.008 0.105 0.043 0.175 0.126 0.128 0.399 
570    (0)   :  0.015 0.008 0.018 0.031 0.144 0.092 0.075 0.617 
571    (0)   :  0.017 0.005 0.022 0.035 0.486 0.146 0.110 0.179 
572    (0)   :  0.014 0.004 0.287 0.046 0.066 0.144 0.228 0.211 
573    (0)   :  0.143 0.007 0.044 0.036 0.096 0.385 0.122 0.167 
574    (0)   :  0.016 0.008 0.034 0.046 0.080 0.132 0.216 0.468 
575    (0)   :  0.011 0.006 0.022 0.070 0.266 0.151 0.211 0.263 
576    (0)   :  0.018 0.006 0.017 0.076 0.398 0.094 0.073 0.318 
577    (0)   :  0.009 0.009 0.023 0.051 0.088 0.137 0.205 0.479 
