

----------------------------------------------------
STRUCTURE by Pritchard, Stephens and Donnelly (2000)
     and Falush, Stephens and Pritchard (2003)
       Code by Pritchard, Falush and Hubisz
             Version 2.3.4 (Jul 2012)
----------------------------------------------------



Command line arguments:   ./structure -K 6 -D 106011 -m brooktrout/mainparams -e brooktrout/extraparams -o brooktrout/250914_output/results_K6_rep11 
Input File:    brooktrout/brooktrout.txt

Run parameters:
   8454 individuals
   5 loci
   6 populations assumed
   50000 Burn-in period
   100000 Reps
RANDOMIZE turned off


--------------------------------------------
Overall proportion of membership of the
sample in each of the 6 clusters

Inferred Clusters
  1      2      3      4      5      6    
0.024  0.073  0.120  0.175  0.337  0.271  

--------------------------------------------

Allele-freq. divergence among pops (Net nucleotide distance),
computed using point estimates of P.

      1       2       3       4       5       6      
 1      -    0.1423  0.1330  0.1258  0.1139  0.0743  
 2   0.1423     -    0.0932  0.1365  0.0806  0.1579  
 3   0.1330  0.0932     -    0.1034  0.0563  0.1248  
 4   0.1258  0.1365  0.1034     -    0.0698  0.0900  
 5   0.1139  0.0806  0.0563  0.0698     -    0.1197  
 6   0.0743  0.1579  0.1248  0.0900  0.1197     -    

Average distances (expected heterozygosity) between individuals in same cluster:
cluster  1  : 0.7764 
cluster  2  : 0.7209 
cluster  3  : 0.7642 
cluster  4  : 0.8124 
cluster  5  : 0.8055 
cluster  6  : 0.7339 

--------------------------------------------
Estimated Ln Prob of Data   = -183088.1
Mean value of ln likelihood = -171900.9
Variance of ln likelihood   = 22374.4

Mean value of alpha_1       = 0.0486
Mean value of alpha_2       = 0.1431
Mean value of alpha_3       = 0.2387
Mean value of alpha_4       = 0.3659
Mean value of alpha_5       = 0.6870
Mean value of alpha_6       = 0.5699
Allele frequencies uncorrelated


Inferred ancestry of individuals:
     (%Miss) :  Inferred clusters
  1    (0)   :  0.018 0.100 0.140 0.113 0.236 0.393 
  2    (0)   :  0.006 0.020 0.120 0.355 0.343 0.156 
  3    (0)   :  0.009 0.086 0.292 0.124 0.205 0.284 
  4    (0)   :  0.063 0.035 0.068 0.111 0.171 0.552 
  5    (0)   :  0.010 0.022 0.217 0.309 0.315 0.127 
  6    (0)   :  0.007 0.032 0.579 0.069 0.216 0.096 
  7    (0)   :  0.008 0.044 0.111 0.051 0.684 0.102 
  8    (0)   :  0.225 0.028 0.196 0.081 0.227 0.243 
  9    (0)   :  0.006 0.037 0.243 0.169 0.304 0.240 
 10    (0)   :  0.187 0.028 0.188 0.059 0.389 0.149 
 11    (0)   :  0.008 0.065 0.077 0.052 0.692 0.105 
 12    (0)   :  0.006 0.020 0.210 0.222 0.331 0.212 
 13    (0)   :  0.008 0.029 0.192 0.110 0.443 0.217 
 14    (0)   :  0.039 0.053 0.105 0.371 0.219 0.213 
 15    (0)   :  0.014 0.061 0.104 0.168 0.292 0.361 
 16    (0)   :  0.008 0.064 0.218 0.097 0.424 0.187 
 17    (0)   :  0.007 0.026 0.480 0.131 0.205 0.151 
 18    (0)   :  0.009 0.077 0.276 0.161 0.222 0.255 
 19    (0)   :  0.006 0.023 0.518 0.073 0.247 0.134 
 20    (0)   :  0.008 0.039 0.161 0.231 0.389 0.173 
 21    (0)   :  0.015 0.052 0.089 0.252 0.216 0.377 
 22    (0)   :  0.008 0.033 0.487 0.090 0.195 0.186 
 23    (0)   :  0.045 0.040 0.077 0.258 0.215 0.365 
 24    (0)   :  0.008 0.051 0.167 0.101 0.268 0.406 
 25    (0)   :  0.009 0.040 0.268 0.102 0.498 0.083 
 26    (0)   :  0.006 0.035 0.402 0.131 0.191 0.235 
 27    (0)   :  0.008 0.043 0.203 0.160 0.342 0.244 
 28    (0)   :  0.083 0.061 0.086 0.072 0.308 0.390 
 29    (0)   :  0.006 0.023 0.080 0.196 0.520 0.174 
 30    (0)   :  0.006 0.051 0.432 0.148 0.201 0.162 
 31    (0)   :  0.161 0.025 0.151 0.200 0.323 0.138 
 32    (0)   :  0.022 0.033 0.258 0.144 0.243 0.300 
 33    (0)   :  0.006 0.090 0.140 0.127 0.338 0.298 
 34    (0)   :  0.175 0.031 0.161 0.063 0.485 0.086 
 35    (0)   :  0.006 0.027 0.278 0.368 0.195 0.126 
 36    (0)   :  0.011 0.307 0.045 0.346 0.149 0.142 
 37    (0)   :  0.010 0.024 0.098 0.158 0.300 0.411 
 38    (0)   :  0.006 0.433 0.052 0.175 0.249 0.085 
 39    (0)   :  0.007 0.124 0.112 0.233 0.388 0.135 
 40    (0)   :  0.008 0.040 0.086 0.472 0.139 0.255 
 41    (0)   :  0.011 0.113 0.092 0.408 0.262 0.114 
 42    (0)   :  0.008 0.194 0.032 0.176 0.138 0.452 
 43    (0)   :  0.019 0.020 0.066 0.421 0.274 0.200 
 44    (0)   :  0.005 0.025 0.160 0.536 0.178 0.096 
 45    (0)   :  0.006 0.164 0.046 0.455 0.235 0.096 
 46    (0)   :  0.006 0.040 0.300 0.266 0.283 0.106 
 47    (0)   :  0.017 0.023 0.339 0.162 0.268 0.192 
 48    (0)   :  0.005 0.023 0.189 0.582 0.110 0.091 
 49    (0)   :  0.008 0.074 0.140 0.291 0.308 0.180 
 50    (0)   :  0.082 0.039 0.232 0.128 0.420 0.099 
 51    (0)   :  0.008 0.132 0.028 0.631 0.105 0.095 
 52    (0)   :  0.007 0.110 0.129 0.194 0.386 0.174 
 53    (0)   :  0.028 0.432 0.101 0.111 0.202 0.127 
 54    (0)   :  0.008 0.016 0.121 0.332 0.288 0.235 
 55    (0)   :  0.007 0.021 0.080 0.580 0.184 0.129 
 56    (0)   :  0.006 0.058 0.217 0.441 0.119 0.159 
 57    (0)   :  0.027 0.028 0.316 0.074 0.273 0.283 
 58    (0)   :  0.008 0.052 0.054 0.472 0.249 0.166 
 59    (0)   :  0.007 0.197 0.062 0.381 0.213 0.140 
 60    (0)   :  0.018 0.064 0.048 0.461 0.150 0.258 
 61    (0)   :  0.010 0.017 0.029 0.569 0.156 0.219 
 62    (0)   :  0.005 0.034 0.294 0.250 0.273 0.144 
 63    (0)   :  0.009 0.048 0.047 0.255 0.380 0.261 
 64    (0)   :  0.006 0.076 0.401 0.158 0.254 0.105 
 65    (0)   :  0.007 0.023 0.063 0.117 0.710 0.079 
 66    (0)   :  0.030 0.027 0.044 0.286 0.304 0.310 
 67    (0)   :  0.007 0.017 0.066 0.525 0.269 0.116 
 68    (0)   :  0.008 0.229 0.053 0.330 0.205 0.176 
 69    (0)   :  0.373 0.170 0.060 0.108 0.212 0.077 
 70    (0)   :  0.022 0.101 0.042 0.359 0.283 0.193 
 71    (0)   :  0.008 0.138 0.043 0.541 0.198 0.072 
 72    (0)   :  0.012 0.185 0.169 0.224 0.290 0.120 
 73    (0)   :  0.009 0.024 0.040 0.586 0.253 0.087 
 74    (0)   :  0.007 0.306 0.051 0.246 0.131 0.259 
 75    (0)   :  0.013 0.173 0.046 0.342 0.096 0.330 
 76    (0)   :  0.008 0.029 0.052 0.308 0.455 0.148 
 77    (0)   :  0.006 0.187 0.038 0.407 0.268 0.094 
 78    (0)   :  0.006 0.314 0.042 0.325 0.209 0.104 
 79    (0)   :  0.009 0.040 0.065 0.060 0.705 0.122 
 80    (0)   :  0.011 0.027 0.045 0.060 0.238 0.620 
 81    (0)   :  0.012 0.034 0.052 0.054 0.344 0.504 
 82    (0)   :  0.009 0.030 0.050 0.257 0.385 0.269 
 83    (0)   :  0.019 0.078 0.059 0.111 0.361 0.371 
 84    (0)   :  0.014 0.049 0.048 0.066 0.477 0.345 
 85    (0)   :  0.023 0.091 0.094 0.098 0.286 0.409 
 86    (0)   :  0.007 0.026 0.109 0.384 0.352 0.122 
 87    (0)   :  0.028 0.054 0.044 0.091 0.660 0.122 
 88    (0)   :  0.009 0.030 0.044 0.087 0.379 0.452 
 89    (0)   :  0.041 0.029 0.044 0.081 0.308 0.497 
 90    (0)   :  0.009 0.029 0.040 0.071 0.696 0.154 
 91    (0)   :  0.019 0.076 0.058 0.087 0.199 0.562 
 92    (0)   :  0.009 0.035 0.066 0.096 0.555 0.238 
 93    (0)   :  0.142 0.021 0.035 0.061 0.122 0.620 
 94    (0)   :  0.011 0.174 0.040 0.064 0.605 0.106 
 95    (0)   :  0.008 0.028 0.031 0.069 0.548 0.316 
 96    (0)   :  0.013 0.020 0.029 0.439 0.167 0.332 
 97    (0)   :  0.007 0.199 0.055 0.274 0.120 0.346 
 98    (0)   :  0.007 0.031 0.066 0.433 0.278 0.185 
 99    (0)   :  0.015 0.036 0.042 0.062 0.528 0.316 
100    (0)   :  0.008 0.016 0.041 0.109 0.119 0.707 
101    (0)   :  0.143 0.047 0.047 0.143 0.448 0.171 
102    (0)   :  0.033 0.056 0.041 0.137 0.314 0.420 
103    (0)   :  0.083 0.021 0.037 0.194 0.432 0.234 
104    (0)   :  0.020 0.022 0.042 0.117 0.661 0.138 
105    (0)   :  0.070 0.018 0.034 0.150 0.541 0.187 
106    (0)   :  0.005 0.054 0.060 0.086 0.732 0.063 
107    (0)   :  0.037 0.022 0.041 0.177 0.519 0.204 
108    (0)   :  0.009 0.072 0.044 0.654 0.134 0.087 
109    (0)   :  0.011 0.063 0.071 0.172 0.620 0.064 
110    (0)   :  0.009 0.052 0.053 0.064 0.754 0.068 
111    (0)   :  0.008 0.020 0.035 0.088 0.755 0.094 
112    (0)   :  0.006 0.039 0.035 0.099 0.752 0.069 
113    (0)   :  0.015 0.044 0.089 0.379 0.310 0.163 
114    (0)   :  0.026 0.020 0.034 0.097 0.659 0.165 
115    (0)   :  0.007 0.028 0.057 0.305 0.478 0.125 
116    (0)   :  0.006 0.103 0.062 0.276 0.481 0.071 
117    (0)   :  0.013 0.043 0.057 0.088 0.701 0.097 
118    (0)   :  0.006 0.024 0.054 0.401 0.413 0.101 
119    (0)   :  0.023 0.049 0.031 0.329 0.240 0.327 
120    (0)   :  0.011 0.028 0.047 0.188 0.594 0.132 
121    (0)   :  0.017 0.036 0.053 0.329 0.476 0.089 
122    (0)   :  0.012 0.039 0.048 0.087 0.735 0.080 
123    (0)   :  0.011 0.040 0.042 0.110 0.680 0.117 
124    (0)   :  0.006 0.094 0.102 0.202 0.499 0.097 
125    (0)   :  0.011 0.124 0.119 0.131 0.505 0.111 
126    (0)   :  0.007 0.083 0.036 0.176 0.556 0.143 
127    (0)   :  0.006 0.019 0.033 0.121 0.718 0.104 
128    (0)   :  0.006 0.018 0.047 0.346 0.473 0.110 
129    (0)   :  0.024 0.019 0.040 0.185 0.651 0.081 
130    (0)   :  0.032 0.022 0.042 0.106 0.625 0.173 
131    (0)   :  0.021 0.329 0.056 0.156 0.369 0.069 
132    (0)   :  0.010 0.036 0.049 0.120 0.713 0.071 
133    (0)   :  0.022 0.029 0.043 0.163 0.608 0.134 
134    (0)   :  0.005 0.028 0.041 0.055 0.820 0.053 
135    (0)   :  0.007 0.029 0.039 0.264 0.113 0.548 
136    (0)   :  0.026 0.021 0.090 0.065 0.094 0.704 
137    (0)   :  0.029 0.021 0.038 0.049 0.156 0.707 
138    (0)   :  0.008 0.025 0.042 0.060 0.086 0.779 
139    (0)   :  0.018 0.023 0.063 0.402 0.129 0.364 
140    (0)   :  0.047 0.045 0.042 0.144 0.241 0.482 
141    (0)   :  0.140 0.033 0.118 0.093 0.115 0.501 
142    (0)   :  0.032 0.025 0.035 0.323 0.110 0.475 
143    (0)   :  0.008 0.017 0.031 0.050 0.078 0.817 
144    (0)   :  0.011 0.019 0.032 0.053 0.145 0.741 
145    (0)   :  0.019 0.033 0.153 0.123 0.118 0.555 
146    (0)   :  0.024 0.040 0.076 0.091 0.233 0.537 
147    (0)   :  0.020 0.018 0.041 0.045 0.083 0.793 
148    (0)   :  0.219 0.022 0.060 0.158 0.176 0.364 
149    (0)   :  0.326 0.035 0.049 0.174 0.097 0.319 
150    (0)   :  0.030 0.022 0.043 0.078 0.239 0.588 
151    (0)   :  0.009 0.019 0.033 0.064 0.114 0.760 
152    (0)   :  0.069 0.036 0.089 0.223 0.141 0.442 
153    (0)   :  0.022 0.037 0.041 0.086 0.121 0.693 
154    (0)   :  0.479 0.022 0.073 0.129 0.092 0.206 
155    (0)   :  0.011 0.017 0.033 0.058 0.105 0.777 
156    (0)   :  0.009 0.019 0.026 0.166 0.125 0.655 
157    (0)   :  0.038 0.034 0.030 0.050 0.224 0.625 
158    (0)   :  0.022 0.038 0.137 0.092 0.116 0.596 
159    (0)   :  0.226 0.018 0.040 0.054 0.080 0.583 
160    (0)   :  0.222 0.019 0.047 0.065 0.083 0.564 
161    (0)   :  0.020 0.039 0.043 0.075 0.154 0.669 
162    (0)   :  0.021 0.035 0.100 0.125 0.235 0.483 
163    (0)   :  0.009 0.019 0.029 0.069 0.096 0.778 
164    (0)   :  0.364 0.026 0.053 0.103 0.208 0.245 
165    (0)   :  0.011 0.022 0.034 0.067 0.212 0.654 
166    (0)   :  0.430 0.042 0.031 0.103 0.171 0.224 
167    (0)   :  0.563 0.019 0.123 0.051 0.109 0.136 
168    (0)   :  0.016 0.072 0.052 0.101 0.118 0.640 
169    (0)   :  0.018 0.215 0.161 0.099 0.102 0.404 
170    (0)   :  0.011 0.020 0.032 0.118 0.129 0.690 
171    (0)   :  0.035 0.051 0.066 0.124 0.170 0.553 
172    (0)   :  0.065 0.179 0.044 0.182 0.090 0.440 
173    (0)   :  0.018 0.017 0.043 0.072 0.085 0.765 
174    (0)   :  0.029 0.021 0.039 0.053 0.120 0.739 
175    (0)   :  0.010 0.018 0.075 0.063 0.088 0.746 
176    (0)   :  0.010 0.019 0.033 0.052 0.146 0.741 
177    (0)   :  0.029 0.062 0.041 0.066 0.265 0.536 
178    (0)   :  0.042 0.022 0.088 0.060 0.139 0.650 
179    (0)   :  0.110 0.017 0.039 0.052 0.085 0.697 
180    (0)   :  0.097 0.034 0.099 0.094 0.156 0.519 
181    (0)   :  0.015 0.029 0.061 0.133 0.106 0.657 
182    (0)   :  0.010 0.017 0.036 0.102 0.088 0.747 
183    (0)   :  0.017 0.017 0.043 0.061 0.087 0.774 
184    (0)   :  0.007 0.020 0.254 0.364 0.216 0.140 
185    (0)   :  0.008 0.017 0.029 0.152 0.076 0.719 
186    (0)   :  0.007 0.018 0.090 0.213 0.527 0.145 
187    (0)   :  0.010 0.019 0.094 0.243 0.199 0.433 
188    (0)   :  0.007 0.016 0.077 0.276 0.521 0.104 
189    (0)   :  0.011 0.100 0.170 0.167 0.164 0.387 
190    (0)   :  0.007 0.014 0.025 0.565 0.080 0.308 
191    (0)   :  0.009 0.018 0.080 0.378 0.276 0.238 
192    (0)   :  0.008 0.021 0.076 0.153 0.318 0.424 
193    (0)   :  0.010 0.025 0.100 0.311 0.217 0.337 
194    (0)   :  0.010 0.025 0.054 0.214 0.263 0.433 
195    (0)   :  0.007 0.016 0.033 0.215 0.098 0.631 
196    (0)   :  0.008 0.017 0.033 0.560 0.120 0.263 
197    (0)   :  0.007 0.018 0.250 0.223 0.251 0.251 
198    (0)   :  0.012 0.046 0.081 0.207 0.375 0.280 
199    (0)   :  0.007 0.024 0.043 0.533 0.120 0.273 
200    (0)   :  0.008 0.033 0.065 0.527 0.148 0.220 
201    (0)   :  0.008 0.015 0.050 0.185 0.116 0.626 
202    (0)   :  0.006 0.016 0.032 0.167 0.114 0.665 
203    (0)   :  0.007 0.015 0.046 0.199 0.112 0.621 
204    (0)   :  0.008 0.015 0.035 0.446 0.123 0.373 
205    (0)   :  0.009 0.023 0.056 0.565 0.151 0.196 
206    (0)   :  0.009 0.015 0.054 0.385 0.135 0.403 
207    (0)   :  0.006 0.014 0.042 0.603 0.163 0.172 
208    (0)   :  0.009 0.015 0.041 0.427 0.129 0.379 
209    (0)   :  0.009 0.018 0.079 0.394 0.229 0.271 
210    (0)   :  0.008 0.016 0.039 0.359 0.190 0.388 
211    (0)   :  0.005 0.014 0.040 0.527 0.139 0.274 
212    (0)   :  0.007 0.021 0.055 0.129 0.115 0.673 
213    (0)   :  0.006 0.034 0.034 0.365 0.293 0.268 
214    (0)   :  0.007 0.015 0.049 0.195 0.106 0.628 
215    (0)   :  0.008 0.019 0.048 0.635 0.157 0.134 
216    (0)   :  0.007 0.022 0.228 0.310 0.238 0.195 
217    (0)   :  0.008 0.019 0.062 0.274 0.102 0.536 
218    (0)   :  0.009 0.024 0.072 0.416 0.199 0.280 
219    (0)   :  0.008 0.029 0.257 0.154 0.165 0.387 
220    (0)   :  0.009 0.015 0.043 0.541 0.179 0.213 
221    (0)   :  0.007 0.015 0.030 0.155 0.075 0.718 
222    (0)   :  0.008 0.022 0.288 0.179 0.235 0.268 
223    (0)   :  0.011 0.025 0.108 0.185 0.175 0.495 
224    (0)   :  0.009 0.015 0.054 0.190 0.136 0.596 
225    (0)   :  0.008 0.020 0.052 0.458 0.152 0.310 
226    (0)   :  0.013 0.079 0.134 0.395 0.138 0.240 
227    (0)   :  0.008 0.016 0.040 0.365 0.140 0.432 
228    (0)   :  0.008 0.015 0.032 0.347 0.089 0.509 
229    (0)   :  0.008 0.015 0.063 0.149 0.181 0.584 
230    (0)   :  0.007 0.014 0.055 0.247 0.167 0.510 
231    (0)   :  0.008 0.018 0.097 0.160 0.184 0.534 
232    (0)   :  0.007 0.043 0.052 0.203 0.214 0.480 
233    (0)   :  0.007 0.015 0.051 0.148 0.108 0.671 
234    (0)   :  0.008 0.025 0.104 0.187 0.315 0.361 
235    (0)   :  0.011 0.026 0.083 0.321 0.147 0.412 
236    (0)   :  0.007 0.021 0.086 0.211 0.153 0.522 
237    (0)   :  0.006 0.018 0.049 0.489 0.174 0.265 
238    (0)   :  0.007 0.016 0.045 0.159 0.160 0.613 
239    (0)   :  0.008 0.015 0.033 0.219 0.098 0.628 
240    (0)   :  0.007 0.016 0.045 0.159 0.160 0.612 
241    (0)   :  0.010 0.020 0.040 0.153 0.105 0.672 
242    (0)   :  0.010 0.043 0.101 0.254 0.197 0.394 
243    (0)   :  0.007 0.014 0.029 0.587 0.092 0.271 
244    (0)   :  0.007 0.015 0.049 0.218 0.122 0.589 
245    (0)   :  0.008 0.017 0.029 0.101 0.108 0.737 
246    (0)   :  0.007 0.019 0.063 0.268 0.100 0.542 
247    (0)   :  0.006 0.034 0.047 0.278 0.518 0.117 
248    (0)   :  0.006 0.018 0.051 0.615 0.196 0.115 
249    (0)   :  0.007 0.015 0.056 0.225 0.144 0.554 
250    (0)   :  0.007 0.019 0.094 0.227 0.201 0.452 
251    (0)   :  0.010 0.059 0.128 0.408 0.207 0.188 
252    (0)   :  0.009 0.022 0.065 0.273 0.174 0.457 
253    (0)   :  0.008 0.041 0.063 0.439 0.259 0.190 
254    (0)   :  0.007 0.018 0.216 0.244 0.214 0.302 
255    (0)   :  0.010 0.019 0.107 0.214 0.276 0.375 
256    (0)   :  0.009 0.018 0.055 0.327 0.125 0.466 
257    (0)   :  0.017 0.021 0.060 0.420 0.178 0.303 
258    (0)   :  0.009 0.025 0.047 0.459 0.262 0.198 
259    (0)   :  0.008 0.019 0.087 0.345 0.203 0.339 
260    (0)   :  0.006 0.018 0.227 0.107 0.194 0.448 
261    (0)   :  0.008 0.024 0.057 0.243 0.130 0.539 
262    (0)   :  0.007 0.018 0.035 0.396 0.078 0.466 
263    (0)   :  0.006 0.014 0.110 0.454 0.191 0.224 
264    (0)   :  0.005 0.027 0.441 0.232 0.210 0.085 
265    (0)   :  0.009 0.026 0.107 0.365 0.165 0.327 
266    (0)   :  0.006 0.015 0.030 0.146 0.078 0.726 
267    (0)   :  0.007 0.017 0.087 0.249 0.221 0.419 
268    (0)   :  0.008 0.017 0.032 0.557 0.122 0.264 
269    (0)   :  0.010 0.046 0.216 0.191 0.184 0.354 
270    (0)   :  0.014 0.020 0.165 0.311 0.286 0.203 
271    (0)   :  0.009 0.024 0.054 0.556 0.175 0.180 
272    (0)   :  0.011 0.060 0.072 0.553 0.129 0.175 
273    (0)   :  0.138 0.046 0.121 0.204 0.205 0.287 
274    (0)   :  0.010 0.033 0.109 0.439 0.179 0.230 
275    (0)   :  0.053 0.035 0.144 0.401 0.132 0.235 
276    (0)   :  0.008 0.047 0.063 0.586 0.141 0.155 
277    (0)   :  0.010 0.026 0.116 0.196 0.193 0.459 
278    (0)   :  0.008 0.019 0.044 0.653 0.122 0.155 
279    (0)   :  0.009 0.025 0.093 0.338 0.178 0.356 
280    (0)   :  0.007 0.038 0.149 0.357 0.148 0.301 
281    (0)   :  0.010 0.027 0.063 0.373 0.261 0.266 
282    (0)   :  0.007 0.021 0.097 0.126 0.163 0.585 
283    (0)   :  0.008 0.015 0.059 0.129 0.142 0.648 
284    (0)   :  0.019 0.022 0.059 0.271 0.253 0.376 
285    (0)   :  0.005 0.024 0.048 0.657 0.189 0.077 
286    (0)   :  0.007 0.015 0.048 0.216 0.123 0.592 
287    (0)   :  0.012 0.041 0.116 0.248 0.244 0.339 
288    (0)   :  0.011 0.046 0.100 0.505 0.148 0.190 
289    (0)   :  0.054 0.031 0.076 0.457 0.236 0.147 
290    (0)   :  0.005 0.032 0.157 0.432 0.148 0.226 
291    (0)   :  0.009 0.025 0.054 0.557 0.175 0.181 
292    (0)   :  0.007 0.046 0.088 0.378 0.122 0.358 
293    (0)   :  0.005 0.044 0.172 0.411 0.228 0.140 
294    (0)   :  0.007 0.018 0.109 0.503 0.185 0.179 
295    (0)   :  0.044 0.072 0.082 0.468 0.174 0.160 
296    (0)   :  0.008 0.021 0.044 0.561 0.177 0.190 
297    (0)   :  0.007 0.037 0.200 0.328 0.195 0.232 
298    (0)   :  0.008 0.020 0.113 0.127 0.218 0.515 
299    (0)   :  0.008 0.015 0.166 0.257 0.277 0.278 
300    (0)   :  0.006 0.019 0.051 0.587 0.170 0.166 
301    (0)   :  0.014 0.023 0.310 0.308 0.173 0.171 
302    (0)   :  0.014 0.018 0.092 0.578 0.153 0.144 
303    (0)   :  0.006 0.022 0.067 0.185 0.149 0.571 
304    (0)   :  0.015 0.016 0.215 0.082 0.232 0.441 
305    (0)   :  0.019 0.020 0.043 0.396 0.096 0.426 
306    (0)   :  0.009 0.025 0.087 0.220 0.115 0.544 
307    (0)   :  0.009 0.025 0.104 0.254 0.185 0.423 
308    (0)   :  0.008 0.022 0.057 0.242 0.130 0.540 
309    (0)   :  0.057 0.024 0.046 0.468 0.233 0.173 
310    (0)   :  0.007 0.015 0.041 0.405 0.105 0.427 
311    (0)   :  0.008 0.015 0.055 0.248 0.167 0.507 
312    (0)   :  0.009 0.015 0.033 0.517 0.215 0.211 
313    (0)   :  0.007 0.017 0.036 0.704 0.127 0.109 
314    (0)   :  0.185 0.024 0.032 0.077 0.080 0.602 
315    (0)   :  0.278 0.034 0.036 0.082 0.090 0.480 
316    (0)   :  0.588 0.028 0.036 0.048 0.086 0.214 
317    (0)   :  0.222 0.023 0.035 0.052 0.083 0.585 
318    (0)   :  0.513 0.019 0.037 0.038 0.079 0.313 
319    (0)   :  0.008 0.017 0.034 0.051 0.078 0.813 
320    (0)   :  0.183 0.023 0.033 0.079 0.080 0.603 
321    (0)   :  0.445 0.020 0.037 0.047 0.082 0.368 
322    (0)   :  0.269 0.037 0.040 0.085 0.099 0.470 
323    (0)   :  0.177 0.018 0.049 0.043 0.081 0.631 
324    (0)   :  0.449 0.021 0.038 0.047 0.082 0.364 
325    (0)   :  0.631 0.025 0.033 0.044 0.084 0.183 
326    (0)   :  0.708 0.023 0.031 0.042 0.082 0.113 
327    (0)   :  0.223 0.022 0.035 0.052 0.082 0.585 
328    (0)   :  0.280 0.033 0.039 0.075 0.100 0.472 
329    (0)   :  0.023 0.018 0.035 0.039 0.081 0.803 
330    (0)   :  0.226 0.022 0.035 0.052 0.083 0.582 
331    (0)   :  0.137 0.018 0.036 0.044 0.081 0.684 
332    (0)   :  0.705 0.023 0.035 0.041 0.082 0.114 
333    (0)   :  0.588 0.024 0.034 0.056 0.088 0.210 
334    (0)   :  0.286 0.034 0.039 0.075 0.100 0.467 
335    (0)   :  0.102 0.036 0.038 0.077 0.100 0.646 
336    (0)   :  0.594 0.020 0.038 0.060 0.077 0.212 
337    (0)   :  0.575 0.028 0.034 0.057 0.088 0.218 
338    (0)   :  0.645 0.018 0.037 0.038 0.078 0.183 
339    (0)   :  0.138 0.018 0.036 0.042 0.080 0.686 
340    (0)   :  0.034 0.017 0.031 0.045 0.077 0.796 
341    (0)   :  0.306 0.018 0.044 0.047 0.080 0.505 
342    (0)   :  0.219 0.022 0.035 0.052 0.083 0.589 
343    (0)   :  0.267 0.033 0.046 0.099 0.093 0.463 
344    (0)   :  0.139 0.018 0.037 0.040 0.080 0.686 
345    (0)   :  0.220 0.022 0.035 0.051 0.082 0.590 
346    (0)   :  0.258 0.022 0.034 0.045 0.081 0.561 
347    (0)   :  0.037 0.017 0.032 0.041 0.077 0.796 
348    (0)   :  0.072 0.037 0.035 0.123 0.094 0.639 
349    (0)   :  0.218 0.023 0.035 0.052 0.084 0.590 
350    (0)   :  0.018 0.018 0.036 0.061 0.078 0.790 
351    (0)   :  0.099 0.037 0.038 0.076 0.100 0.650 
352    (0)   :  0.364 0.035 0.034 0.075 0.095 0.397 
353    (0)   :  0.592 0.020 0.038 0.060 0.077 0.213 
354    (0)   :  0.160 0.019 0.038 0.041 0.081 0.660 
355    (0)   :  0.512 0.019 0.037 0.039 0.079 0.314 
356    (0)   :  0.015 0.038 0.036 0.124 0.096 0.691 
357    (0)   :  0.025 0.110 0.100 0.070 0.204 0.491 
358    (0)   :  0.589 0.025 0.036 0.046 0.086 0.218 
359    (0)   :  0.458 0.018 0.039 0.045 0.083 0.358 
360    (0)   :  0.256 0.021 0.034 0.045 0.081 0.562 
361    (0)   :  0.020 0.109 0.101 0.088 0.215 0.467 
362    (0)   :  0.021 0.153 0.069 0.165 0.438 0.153 
363    (0)   :  0.012 0.075 0.130 0.121 0.567 0.095 
364    (0)   :  0.015 0.028 0.314 0.100 0.209 0.334 
365    (0)   :  0.010 0.095 0.437 0.096 0.261 0.102 
366    (0)   :  0.012 0.060 0.205 0.351 0.178 0.194 
367    (0)   :  0.005 0.075 0.048 0.050 0.755 0.065 
368    (0)   :  0.009 0.030 0.065 0.086 0.689 0.122 
369    (0)   :  0.053 0.039 0.132 0.245 0.246 0.286 
370    (0)   :  0.046 0.035 0.088 0.167 0.530 0.133 
371    (0)   :  0.045 0.029 0.238 0.187 0.317 0.184 
372    (0)   :  0.059 0.044 0.108 0.223 0.356 0.211 
373    (0)   :  0.008 0.031 0.094 0.081 0.557 0.230 
374    (0)   :  0.072 0.076 0.102 0.100 0.350 0.301 
375    (0)   :  0.013 0.036 0.243 0.065 0.558 0.085 
376    (0)   :  0.009 0.165 0.419 0.048 0.282 0.078 
377    (0)   :  0.032 0.135 0.102 0.186 0.424 0.121 
378    (0)   :  0.046 0.034 0.033 0.076 0.573 0.237 
379    (0)   :  0.011 0.126 0.470 0.063 0.263 0.067 
380    (0)   :  0.015 0.321 0.151 0.114 0.132 0.268 
381    (0)   :  0.007 0.073 0.444 0.141 0.116 0.218 
382    (0)   :  0.014 0.041 0.150 0.057 0.649 0.087 
383    (0)   :  0.220 0.247 0.218 0.079 0.127 0.109 
384    (0)   :  0.086 0.041 0.480 0.059 0.209 0.125 
385    (0)   :  0.209 0.025 0.134 0.062 0.432 0.138 
386    (0)   :  0.007 0.087 0.074 0.075 0.667 0.090 
387    (0)   :  0.006 0.063 0.121 0.078 0.621 0.110 
388    (0)   :  0.048 0.051 0.154 0.071 0.389 0.288 
389    (0)   :  0.021 0.023 0.087 0.578 0.199 0.092 
390    (0)   :  0.026 0.229 0.074 0.161 0.423 0.087 
391    (0)   :  0.024 0.037 0.105 0.279 0.405 0.149 
392    (0)   :  0.007 0.102 0.222 0.089 0.380 0.202 
393    (0)   :  0.010 0.524 0.099 0.072 0.123 0.172 
394    (0)   :  0.085 0.089 0.050 0.083 0.426 0.267 
395    (0)   :  0.005 0.194 0.045 0.327 0.311 0.118 
396    (0)   :  0.005 0.027 0.138 0.072 0.688 0.071 
397    (0)   :  0.008 0.019 0.402 0.160 0.154 0.256 
398    (0)   :  0.007 0.449 0.090 0.058 0.324 0.072 
399    (0)   :  0.014 0.071 0.045 0.173 0.606 0.091 
400    (0)   :  0.007 0.043 0.115 0.067 0.628 0.140 
401    (0)   :  0.006 0.045 0.034 0.134 0.634 0.147 
402    (0)   :  0.009 0.032 0.154 0.221 0.413 0.171 
403    (0)   :  0.008 0.044 0.100 0.095 0.275 0.477 
404    (0)   :  0.006 0.039 0.267 0.109 0.371 0.209 
405    (0)   :  0.010 0.104 0.144 0.187 0.379 0.176 
406    (0)   :  0.006 0.333 0.049 0.253 0.116 0.243 
407    (0)   :  0.005 0.393 0.118 0.073 0.335 0.075 
408    (0)   :  0.005 0.027 0.030 0.261 0.605 0.072 
409    (0)   :  0.015 0.247 0.042 0.126 0.147 0.423 
410    (0)   :  0.032 0.076 0.228 0.091 0.429 0.144 
411    (0)   :  0.066 0.055 0.311 0.134 0.275 0.159 
412    (0)   :  0.008 0.033 0.065 0.071 0.709 0.115 
413    (0)   :  0.039 0.038 0.046 0.078 0.568 0.232 
414    (0)   :  0.011 0.023 0.100 0.084 0.708 0.074 
415    (0)   :  0.007 0.159 0.200 0.182 0.344 0.108 
416    (0)   :  0.007 0.054 0.106 0.134 0.490 0.210 
417    (0)   :  0.023 0.303 0.094 0.072 0.423 0.085 
418    (0)   :  0.007 0.029 0.083 0.053 0.750 0.078 
419    (0)   :  0.013 0.072 0.102 0.128 0.371 0.314 
420    (0)   :  0.005 0.055 0.034 0.242 0.563 0.100 
421    (0)   :  0.025 0.128 0.065 0.088 0.599 0.095 
422    (0)   :  0.007 0.251 0.066 0.332 0.216 0.128 
423    (0)   :  0.007 0.098 0.286 0.154 0.333 0.123 
424    (0)   :  0.011 0.094 0.056 0.168 0.528 0.142 
425    (0)   :  0.013 0.038 0.378 0.111 0.284 0.177 
426    (0)   :  0.091 0.074 0.115 0.077 0.512 0.130 
427    (0)   :  0.024 0.453 0.040 0.053 0.265 0.165 
428    (0)   :  0.009 0.344 0.058 0.124 0.151 0.314 
429    (0)   :  0.006 0.159 0.133 0.050 0.586 0.067 
430    (0)   :  0.007 0.486 0.068 0.067 0.283 0.089 
431    (0)   :  0.022 0.048 0.115 0.138 0.526 0.151 
432    (0)   :  0.009 0.035 0.059 0.090 0.670 0.136 
433    (0)   :  0.010 0.025 0.081 0.140 0.300 0.442 
434    (0)   :  0.011 0.043 0.167 0.129 0.391 0.260 
435    (0)   :  0.006 0.578 0.044 0.062 0.244 0.067 
436    (0)   :  0.009 0.568 0.056 0.058 0.202 0.107 
437    (0)   :  0.008 0.077 0.515 0.072 0.250 0.078 
438    (0)   :  0.014 0.508 0.031 0.122 0.190 0.135 
439    (0)   :  0.007 0.663 0.046 0.042 0.156 0.086 
440    (0)   :  0.006 0.419 0.087 0.081 0.350 0.058 
441    (0)   :  0.016 0.352 0.076 0.064 0.315 0.177 
442    (0)   :  0.006 0.078 0.153 0.112 0.563 0.089 
443    (0)   :  0.007 0.125 0.046 0.200 0.550 0.072 
444    (0)   :  0.007 0.149 0.173 0.141 0.447 0.083 
445    (0)   :  0.008 0.403 0.109 0.088 0.147 0.245 
446    (0)   :  0.011 0.533 0.076 0.040 0.268 0.073 
447    (0)   :  0.010 0.283 0.086 0.152 0.310 0.159 
448    (0)   :  0.009 0.158 0.157 0.102 0.483 0.090 
449    (0)   :  0.009 0.144 0.201 0.109 0.391 0.145 
450    (0)   :  0.009 0.063 0.382 0.042 0.349 0.155 
451    (0)   :  0.006 0.048 0.063 0.112 0.711 0.059 
452    (0)   :  0.008 0.124 0.242 0.053 0.424 0.148 
453    (0)   :  0.009 0.062 0.046 0.403 0.326 0.154 
454    (0)   :  0.028 0.246 0.111 0.083 0.388 0.144 
455    (0)   :  0.008 0.658 0.039 0.061 0.167 0.068 
456    (0)   :  0.006 0.348 0.100 0.188 0.288 0.070 
457    (0)   :  0.008 0.324 0.275 0.068 0.238 0.086 
458    (0)   :  0.007 0.503 0.123 0.049 0.221 0.097 
459    (0)   :  0.010 0.334 0.050 0.054 0.371 0.181 
460    (0)   :  0.007 0.308 0.052 0.056 0.503 0.074 
461    (0)   :  0.007 0.067 0.064 0.038 0.745 0.079 
462    (0)   :  0.006 0.217 0.136 0.140 0.443 0.059 
463    (0)   :  0.009 0.404 0.039 0.264 0.158 0.126 
464    (0)   :  0.007 0.258 0.044 0.111 0.506 0.073 
465    (0)   :  0.008 0.152 0.053 0.086 0.603 0.098 
466    (0)   :  0.007 0.189 0.047 0.230 0.446 0.080 
467    (0)   :  0.012 0.302 0.070 0.113 0.370 0.133 
468    (0)   :  0.006 0.607 0.091 0.089 0.141 0.066 
469    (0)   :  0.006 0.738 0.037 0.038 0.114 0.067 
470    (0)   :  0.006 0.621 0.037 0.051 0.221 0.064 
471    (0)   :  0.006 0.055 0.127 0.339 0.383 0.090 
472    (0)   :  0.007 0.146 0.116 0.146 0.472 0.112 
473    (0)   :  0.013 0.177 0.138 0.135 0.393 0.144 
474    (0)   :  0.007 0.149 0.188 0.097 0.398 0.162 
475    (0)   :  0.008 0.098 0.061 0.085 0.576 0.172 
476    (0)   :  0.008 0.279 0.248 0.071 0.298 0.095 
477    (0)   :  0.013 0.128 0.057 0.095 0.575 0.133 
478    (0)   :  0.009 0.079 0.040 0.054 0.750 0.068 
479    (0)   :  0.007 0.302 0.095 0.058 0.467 0.070 
480    (0)   :  0.007 0.421 0.210 0.051 0.229 0.082 
481    (0)   :  0.005 0.048 0.251 0.219 0.385 0.092 
482    (0)   :  0.006 0.331 0.123 0.045 0.425 0.070 
483    (0)   :  0.011 0.623 0.049 0.046 0.187 0.085 
484    (0)   :  0.007 0.538 0.036 0.164 0.170 0.084 
485    (0)   :  0.008 0.691 0.037 0.047 0.151 0.066 
486    (0)   :  0.009 0.028 0.128 0.403 0.313 0.120 
487    (0)   :  0.011 0.028 0.268 0.182 0.252 0.259 
488    (0)   :  0.009 0.026 0.124 0.201 0.432 0.209 
489    (0)   :  0.011 0.018 0.292 0.250 0.163 0.266 
490    (0)   :  0.006 0.039 0.089 0.206 0.580 0.081 
491    (0)   :  0.011 0.021 0.114 0.324 0.237 0.293 
492    (0)   :  0.007 0.022 0.058 0.159 0.353 0.401 
493    (0)   :  0.007 0.018 0.266 0.337 0.232 0.140 
494    (0)   :  0.008 0.027 0.282 0.234 0.218 0.230 
495    (0)   :  0.009 0.024 0.111 0.147 0.442 0.267 
496    (0)   :  0.012 0.036 0.061 0.163 0.218 0.510 
497    (0)   :  0.017 0.021 0.210 0.204 0.252 0.295 
498    (0)   :  0.010 0.026 0.098 0.252 0.461 0.152 
499    (0)   :  0.014 0.023 0.224 0.179 0.157 0.403 
500    (0)   :  0.006 0.026 0.481 0.183 0.158 0.146 
501    (0)   :  0.007 0.026 0.255 0.094 0.272 0.346 
502    (0)   :  0.008 0.024 0.101 0.073 0.413 0.382 
503    (0)   :  0.006 0.045 0.413 0.118 0.312 0.107 
504    (0)   :  0.008 0.027 0.050 0.164 0.634 0.117 
505    (0)   :  0.007 0.024 0.096 0.495 0.175 0.203 
506    (0)   :  0.008 0.022 0.073 0.124 0.416 0.357 
507    (0)   :  0.010 0.019 0.042 0.130 0.091 0.707 
508    (0)   :  0.011 0.016 0.062 0.205 0.114 0.591 
509    (0)   :  0.007 0.028 0.079 0.338 0.183 0.366 
510    (0)   :  0.007 0.018 0.376 0.099 0.167 0.333 
511    (0)   :  0.007 0.063 0.215 0.226 0.361 0.127 
512    (0)   :  0.005 0.034 0.354 0.088 0.436 0.083 
513    (0)   :  0.007 0.014 0.036 0.532 0.289 0.122 
514    (0)   :  0.012 0.029 0.052 0.133 0.609 0.164 
515    (0)   :  0.009 0.169 0.155 0.204 0.211 0.253 
516    (0)   :  0.008 0.029 0.049 0.262 0.497 0.155 
517    (0)   :  0.012 0.105 0.055 0.258 0.311 0.258 
518    (0)   :  0.012 0.020 0.372 0.105 0.165 0.326 
519    (0)   :  0.007 0.032 0.045 0.099 0.637 0.179 
520    (0)   :  0.012 0.203 0.054 0.237 0.115 0.380 
521    (0)   :  0.254 0.023 0.042 0.157 0.291 0.232 
522    (0)   :  0.008 0.053 0.338 0.297 0.204 0.100 
523    (0)   :  0.045 0.061 0.039 0.372 0.220 0.262 
524    (0)   :  0.011 0.310 0.065 0.204 0.218 0.192 
525    (0)   :  0.014 0.072 0.287 0.149 0.143 0.336 
526    (0)   :  0.008 0.395 0.037 0.272 0.113 0.175 
527    (0)   :  0.006 0.021 0.419 0.095 0.345 0.113 
528    (0)   :  0.031 0.018 0.051 0.170 0.167 0.564 
529    (0)   :  0.020 0.026 0.153 0.188 0.337 0.276 
530    (0)   :  0.007 0.046 0.294 0.265 0.222 0.166 
531    (0)   :  0.032 0.067 0.107 0.141 0.221 0.432 
532    (0)   :  0.037 0.019 0.248 0.193 0.221 0.282 
533    (0)   :  0.009 0.047 0.313 0.298 0.188 0.145 
534    (0)   :  0.008 0.021 0.097 0.460 0.189 0.226 
535    (0)   :  0.009 0.082 0.047 0.322 0.372 0.167 
536    (0)   :  0.009 0.164 0.082 0.168 0.225 0.353 
537    (0)   :  0.035 0.030 0.065 0.257 0.167 0.445 
538    (0)   :  0.009 0.038 0.064 0.354 0.191 0.344 
539    (0)   :  0.007 0.015 0.052 0.125 0.108 0.693 
540    (0)   :  0.210 0.038 0.067 0.368 0.159 0.158 
541    (0)   :  0.148 0.055 0.078 0.106 0.178 0.436 
542    (0)   :  0.006 0.187 0.059 0.462 0.146 0.141 
543    (0)   :  0.286 0.049 0.033 0.259 0.219 0.153 
544    (0)   :  0.015 0.043 0.052 0.554 0.171 0.165 
545    (0)   :  0.009 0.251 0.039 0.439 0.173 0.088 
546    (0)   :  0.017 0.043 0.062 0.432 0.182 0.263 
547    (0)   :  0.018 0.078 0.035 0.410 0.169 0.290 
548    (0)   :  0.007 0.019 0.097 0.222 0.201 0.452 
549    (0)   :  0.013 0.204 0.043 0.089 0.114 0.537 
550    (0)   :  0.007 0.145 0.048 0.417 0.250 0.133 
551    (0)   :  0.015 0.051 0.052 0.076 0.161 0.645 
552    (0)   :  0.007 0.025 0.079 0.384 0.139 0.367 
553    (0)   :  0.125 0.036 0.032 0.449 0.148 0.211 
554    (0)   :  0.262 0.035 0.125 0.172 0.287 0.119 
555    (0)   :  0.039 0.023 0.055 0.331 0.158 0.393 
556    (0)   :  0.015 0.028 0.058 0.416 0.194 0.289 
557    (0)   :  0.024 0.350 0.045 0.146 0.227 0.208 
558    (0)   :  0.006 0.404 0.107 0.039 0.372 0.071 
559    (0)   :  0.011 0.026 0.060 0.210 0.557 0.137 
560    (0)   :  0.005 0.205 0.036 0.067 0.629 0.058 
561    (0)   :  0.006 0.067 0.074 0.128 0.646 0.079 
562    (0)   :  0.006 0.047 0.095 0.205 0.590 0.057 
563    (0)   :  0.009 0.065 0.043 0.071 0.524 0.287 
564    (0)   :  0.032 0.030 0.085 0.371 0.357 0.126 
565    (0)   :  0.007 0.513 0.104 0.054 0.233 0.089 
566    (0)   :  0.006 0.071 0.061 0.069 0.735 0.058 
567    (0)   :  0.007 0.024 0.092 0.325 0.452 0.100 
568    (0)   :  0.009 0.078 0.047 0.152 0.590 0.126 
569    (0)   :  0.036 0.071 0.152 0.201 0.436 0.105 
570    (0)   :  0.007 0.101 0.357 0.052 0.421 0.062 
571    (0)   :  0.011 0.055 0.039 0.080 0.724 0.090 
572    (0)   :  0.013 0.066 0.065 0.422 0.185 0.249 
573    (0)   :  0.033 0.151 0.057 0.251 0.365 0.144 
574    (0)   :  0.038 0.065 0.281 0.102 0.298 0.216 
575    (0)   :  0.006 0.045 0.052 0.086 0.576 0.234 
576    (0)   :  0.007 0.053 0.063 0.057 0.762 0.058 
577    (0)   :  0.011 0.044 0.204 0.080 0.431 0.231 
578    (0)   :  0.011 0.093 0.061 0.088 0.652 0.095 
579    (0)   :  0.013 0.061 0.081 0.123 0.631 0.091 
580    (0)   :  0.009 0.141 0.163 0.073 0.460 0.154 
581    (0)   :  0.009 0.165 0.081 0.063 0.569 0.114 
582    (0)   :  0.007 0.250 0.126 0.091 0.458 0.070 
583    (0)   :  0.021 0.046 0.132 0.069 0.642 0.089 
584    (0)   :  0.006 0.053 0.077 0.056 0.736 0.071 
585    (0)   :  0.008 0.075 0.078 0.077 0.679 0.083 
586    (0)   :  0.008 0.031 0.038 0.111 0.693 0.120 
587    (0)   :  0.005 0.043 0.235 0.196 0.451 0.069 
588    (0)   :  0.014 0.016 0.034 0.728 0.124 0.084 
589    (0)   :  0.015 0.180 0.172 0.208 0.356 0.069 
590    (0)   :  0.005 0.020 0.077 0.127 0.680 0.090 
591    (0)   :  0.008 0.038 0.042 0.073 0.738 0.102 
592    (0)   :  0.006 0.052 0.059 0.290 0.512 0.082 
593    (0)   :  0.011 0.106 0.059 0.121 0.545 0.158 
594    (0)   :  0.036 0.041 0.089 0.096 0.543 0.195 
595    (0)   :  0.005 0.020 0.429 0.086 0.391 0.069 
596    (0)   :  0.008 0.091 0.072 0.455 0.248 0.126 
597    (0)   :  0.040 0.042 0.034 0.110 0.513 0.262 
598    (0)   :  0.008 0.181 0.375 0.046 0.323 0.066 
599    (0)   :  0.006 0.042 0.069 0.133 0.686 0.063 
600    (0)   :  0.019 0.166 0.131 0.120 0.395 0.168 
601    (0)   :  0.005 0.084 0.064 0.108 0.668 0.071 
602    (0)   :  0.009 0.036 0.095 0.160 0.375 0.325 
603    (0)   :  0.008 0.029 0.073 0.153 0.454 0.284 
604    (0)   :  0.038 0.298 0.181 0.116 0.207 0.161 
605    (0)   :  0.008 0.074 0.073 0.178 0.550 0.117 
606    (0)   :  0.020 0.043 0.165 0.204 0.301 0.268 
607    (0)   :  0.013 0.072 0.157 0.085 0.299 0.374 
608    (0)   :  0.010 0.074 0.054 0.063 0.265 0.535 
609    (0)   :  0.008 0.100 0.170 0.103 0.458 0.161 
610    (0)   :  0.007 0.446 0.070 0.172 0.193 0.112 
611    (0)   :  0.008 0.041 0.067 0.218 0.401 0.264 
612    (0)   :  0.013 0.489 0.139 0.076 0.191 0.092 
613    (0)   :  0.026 0.073 0.270 0.206 0.289 0.136 
614    (0)   :  0.005 0.063 0.614 0.080 0.158 0.080 
615    (0)   :  0.006 0.246 0.293 0.103 0.175 0.176 
616    (0)   :  0.015 0.034 0.192 0.086 0.406 0.268 
617    (0)   :  0.019 0.049 0.339 0.210 0.304 0.080 
618    (0)   :  0.084 0.302 0.127 0.126 0.138 0.224 
619    (0)   :  0.020 0.110 0.059 0.210 0.392 0.208 
620    (0)   :  0.006 0.040 0.040 0.308 0.543 0.064 
621    (0)   :  0.007 0.058 0.098 0.053 0.693 0.092 
622    (0)   :  0.045 0.096 0.262 0.268 0.192 0.136 
623    (0)   :  0.010 0.047 0.082 0.176 0.584 0.101 
624    (0)   :  0.175 0.303 0.089 0.076 0.208 0.150 
625    (0)   :  0.036 0.060 0.339 0.071 0.297 0.198 
626    (0)   :  0.180 0.190 0.075 0.175 0.100 0.281 
627    (0)   :  0.015 0.051 0.100 0.168 0.524 0.141 
628    (0)   :  0.006 0.033 0.098 0.236 0.471 0.157 
629    (0)   :  0.007 0.026 0.253 0.118 0.419 0.178 
630    (0)   :  0.014 0.096 0.246 0.096 0.408 0.140 
631    (0)   :  0.008 0.050 0.265 0.094 0.420 0.164 
632    (0)   :  0.012 0.035 0.134 0.253 0.180 0.386 
633    (0)   :  0.020 0.149 0.166 0.094 0.349 0.221 
634    (0)   :  0.011 0.058 0.098 0.166 0.334 0.333 
635    (0)   :  0.010 0.050 0.123 0.092 0.179 0.546 
636    (0)   :  0.053 0.066 0.178 0.093 0.352 0.258 
637    (0)   :  0.006 0.051 0.103 0.402 0.229 0.209 
638    (0)   :  0.010 0.038 0.158 0.110 0.439 0.246 
639    (0)   :  0.017 0.093 0.309 0.120 0.263 0.198 
640    (0)   :  0.018 0.037 0.065 0.059 0.707 0.114 
641    (0)   :  0.009 0.032 0.324 0.132 0.333 0.169 
642    (0)   :  0.024 0.044 0.047 0.127 0.190 0.568 
643    (0)   :  0.034 0.028 0.037 0.056 0.152 0.692 
644    (0)   :  0.100 0.029 0.047 0.094 0.211 0.519 
645    (0)   :  0.018 0.236 0.065 0.089 0.086 0.507 
646    (0)   :  0.023 0.037 0.053 0.261 0.392 0.234 
647    (0)   :  0.016 0.029 0.046 0.109 0.302 0.498 
648    (0)   :  0.098 0.024 0.223 0.344 0.120 0.192 
649    (0)   :  0.041 0.026 0.042 0.405 0.226 0.260 
650    (0)   :  0.028 0.028 0.042 0.233 0.380 0.290 
651    (0)   :  0.111 0.020 0.079 0.114 0.287 0.389 
652    (0)   :  0.030 0.027 0.046 0.105 0.215 0.577 
653    (0)   :  0.024 0.042 0.152 0.190 0.134 0.457 
654    (0)   :  0.009 0.026 0.056 0.186 0.159 0.564 
655    (0)   :  0.235 0.034 0.031 0.083 0.299 0.318 
656    (0)   :  0.019 0.039 0.081 0.376 0.164 0.321 
657    (0)   :  0.030 0.061 0.246 0.103 0.272 0.288 
658    (0)   :  0.056 0.065 0.053 0.140 0.413 0.273 
659    (0)   :  0.036 0.035 0.100 0.188 0.164 0.477 
660    (0)   :  0.035 0.021 0.058 0.147 0.153 0.586 
661    (0)   :  0.107 0.046 0.052 0.219 0.137 0.440 
662    (0)   :  0.032 0.025 0.034 0.539 0.194 0.177 
663    (0)   :  0.025 0.023 0.074 0.145 0.197 0.535 
664    (0)   :  0.274 0.104 0.034 0.091 0.347 0.150 
665    (0)   :  0.031 0.019 0.045 0.512 0.189 0.204 
666    (0)   :  0.026 0.035 0.046 0.162 0.191 0.539 
667    (0)   :  0.024 0.034 0.070 0.270 0.405 0.197 
668    (0)   :  0.135 0.044 0.051 0.170 0.260 0.340 
669    (0)   :  0.049 0.026 0.115 0.264 0.187 0.358 
670    (0)   :  0.028 0.019 0.037 0.068 0.093 0.756 
671    (0)   :  0.028 0.023 0.037 0.106 0.149 0.658 
672    (0)   :  0.024 0.069 0.031 0.075 0.184 0.617 
673    (0)   :  0.257 0.018 0.048 0.043 0.080 0.554 
674    (0)   :  0.020 0.026 0.063 0.086 0.118 0.687 
675    (0)   :  0.010 0.019 0.032 0.053 0.144 0.741 
676    (0)   :  0.019 0.018 0.036 0.043 0.082 0.801 
677    (0)   :  0.008 0.017 0.030 0.138 0.083 0.724 
678    (0)   :  0.341 0.019 0.045 0.039 0.086 0.470 
679    (0)   :  0.033 0.025 0.070 0.050 0.122 0.700 
680    (0)   :  0.019 0.031 0.053 0.068 0.097 0.732 
681    (0)   :  0.031 0.071 0.102 0.367 0.140 0.289 
682    (0)   :  0.016 0.032 0.047 0.054 0.098 0.753 
683    (0)   :  0.026 0.018 0.034 0.068 0.086 0.767 
684    (0)   :  0.044 0.020 0.053 0.044 0.091 0.748 
685    (0)   :  0.008 0.017 0.032 0.045 0.079 0.819 
686    (0)   :  0.008 0.029 0.041 0.123 0.102 0.696 
687    (0)   :  0.028 0.020 0.035 0.133 0.135 0.650 
688    (0)   :  0.022 0.021 0.035 0.056 0.124 0.741 
689    (0)   :  0.021 0.018 0.036 0.048 0.077 0.800 
690    (0)   :  0.020 0.019 0.036 0.044 0.082 0.800 
691    (0)   :  0.011 0.023 0.057 0.061 0.114 0.734 
692    (0)   :  0.294 0.021 0.052 0.054 0.118 0.460 
693    (0)   :  0.041 0.032 0.035 0.046 0.144 0.702 
694    (0)   :  0.008 0.016 0.029 0.047 0.073 0.826 
695    (0)   :  0.022 0.041 0.039 0.081 0.098 0.719 
696    (0)   :  0.022 0.021 0.035 0.057 0.123 0.741 
697    (0)   :  0.201 0.019 0.040 0.066 0.079 0.595 
698    (0)   :  0.019 0.018 0.036 0.048 0.083 0.796 
699    (0)   :  0.015 0.038 0.034 0.150 0.092 0.671 
700    (0)   :  0.012 0.060 0.032 0.073 0.118 0.705 
701    (0)   :  0.221 0.039 0.090 0.080 0.105 0.465 
702    (0)   :  0.188 0.044 0.042 0.110 0.141 0.474 
703    (0)   :  0.016 0.032 0.045 0.059 0.099 0.749 
704    (0)   :  0.022 0.021 0.032 0.071 0.112 0.742 
705    (0)   :  0.156 0.067 0.060 0.293 0.118 0.306 
706    (0)   :  0.008 0.028 0.044 0.069 0.089 0.762 
707    (0)   :  0.021 0.019 0.056 0.072 0.081 0.750 
708    (0)   :  0.019 0.018 0.037 0.057 0.083 0.786 
709    (0)   :  0.008 0.024 0.029 0.065 0.085 0.788 
710    (0)   :  0.009 0.017 0.031 0.046 0.076 0.821 
711    (0)   :  0.006 0.028 0.040 0.105 0.088 0.733 
712    (0)   :  0.007 0.017 0.029 0.105 0.075 0.767 
713    (0)   :  0.009 0.019 0.030 0.061 0.114 0.766 
714    (0)   :  0.024 0.026 0.073 0.072 0.125 0.681 
715    (0)   :  0.007 0.017 0.028 0.072 0.073 0.802 
