

----------------------------------------------------
STRUCTURE by Pritchard, Stephens and Donnelly (2000)
     and Falush, Stephens and Pritchard (2003)
       Code by Pritchard, Falush and Hubisz
             Version 2.3.4 (Jul 2012)
----------------------------------------------------



Command line arguments:   ./structure -K 7 -D 107019 -m brooktrout/mainparams -e brooktrout/extraparams -o brooktrout/250914_output/results_K7_rep19 
Input File:    brooktrout/brooktrout.txt

Run parameters:
   8454 individuals
   5 loci
   7 populations assumed
   50000 Burn-in period
   100000 Reps
RANDOMIZE turned off


--------------------------------------------
Overall proportion of membership of the
sample in each of the 7 clusters

Inferred Clusters
  1      2      3      4      5      6      7    
0.022  0.026  0.177  0.086  0.228  0.207  0.254  

--------------------------------------------

Allele-freq. divergence among pops (Net nucleotide distance),
computed using point estimates of P.

      1       2       3       4       5       6       7      
 1      -    0.1833  0.0897  0.1612  0.1364  0.1274  0.1206  
 2   0.1833     -    0.1881  0.1883  0.1195  0.1210  0.1323  
 3   0.0897  0.1881     -    0.1785  0.1533  0.0926  0.1209  
 4   0.1612  0.1883  0.1785     -    0.0871  0.1506  0.0874  
 5   0.1364  0.1195  0.1533  0.0871     -    0.0919  0.0548  
 6   0.1274  0.1210  0.0926  0.1506  0.0919     -    0.0957  
 7   0.1206  0.1323  0.1209  0.0874  0.0548  0.0957     -    

Average distances (expected heterozygosity) between individuals in same cluster:
cluster  1  : 0.7648 
cluster  2  : 0.7725 
cluster  3  : 0.7062 
cluster  4  : 0.7264 
cluster  5  : 0.7947 
cluster  6  : 0.7888 
cluster  7  : 0.7771 

--------------------------------------------
Estimated Ln Prob of Data   = -200101.5
Mean value of ln likelihood = -171410.3
Variance of ln likelihood   = 57382.4

Mean value of alpha_1       = 0.0525
Mean value of alpha_2       = 0.0600
Mean value of alpha_3       = 0.4187
Mean value of alpha_4       = 0.2149
Mean value of alpha_5       = 0.5637
Mean value of alpha_6       = 0.5264
Mean value of alpha_7       = 0.6428
Allele frequencies uncorrelated


Inferred ancestry of individuals:
     (%Miss) :  Inferred clusters
  1    (0)   :  0.025 0.012 0.245 0.131 0.152 0.147 0.289 
  2    (0)   :  0.006 0.014 0.071 0.027 0.190 0.343 0.349 
  3    (0)   :  0.008 0.006 0.160 0.104 0.136 0.207 0.380 
  4    (0)   :  0.061 0.009 0.411 0.048 0.151 0.175 0.146 
  5    (0)   :  0.010 0.015 0.063 0.028 0.179 0.237 0.467 
  6    (0)   :  0.007 0.006 0.066 0.037 0.117 0.075 0.691 
  7    (0)   :  0.008 0.008 0.066 0.051 0.417 0.068 0.382 
  8    (0)   :  0.234 0.008 0.150 0.044 0.169 0.117 0.278 
  9    (0)   :  0.007 0.018 0.127 0.046 0.183 0.240 0.380 
 10    (0)   :  0.176 0.009 0.085 0.035 0.187 0.078 0.429 
 11    (0)   :  0.008 0.014 0.069 0.084 0.472 0.067 0.286 
 12    (0)   :  0.006 0.010 0.112 0.026 0.201 0.226 0.418 
 13    (0)   :  0.007 0.013 0.102 0.034 0.206 0.144 0.494 
 14    (0)   :  0.032 0.007 0.090 0.067 0.118 0.410 0.277 
 15    (0)   :  0.012 0.008 0.214 0.073 0.203 0.211 0.280 
 16    (0)   :  0.007 0.014 0.092 0.068 0.159 0.110 0.550 
 17    (0)   :  0.007 0.012 0.087 0.037 0.124 0.161 0.571 
 18    (0)   :  0.008 0.010 0.107 0.083 0.117 0.239 0.436 
 19    (0)   :  0.006 0.007 0.078 0.031 0.146 0.091 0.641 
 20    (0)   :  0.007 0.010 0.104 0.056 0.287 0.190 0.346 
 21    (0)   :  0.016 0.009 0.172 0.061 0.125 0.340 0.276 
 22    (0)   :  0.007 0.008 0.111 0.038 0.101 0.104 0.630 
 23    (0)   :  0.031 0.029 0.202 0.054 0.125 0.391 0.167 
 24    (0)   :  0.008 0.012 0.206 0.058 0.134 0.133 0.449 
 25    (0)   :  0.008 0.008 0.049 0.052 0.255 0.111 0.518 
 26    (0)   :  0.007 0.008 0.135 0.044 0.116 0.137 0.554 
 27    (0)   :  0.007 0.013 0.126 0.046 0.140 0.184 0.484 
 28    (0)   :  0.134 0.010 0.209 0.077 0.203 0.107 0.259 
 29    (0)   :  0.006 0.017 0.092 0.034 0.319 0.228 0.304 
 30    (0)   :  0.006 0.011 0.087 0.054 0.100 0.147 0.596 
 31    (0)   :  0.168 0.013 0.071 0.033 0.223 0.192 0.301 
 32    (0)   :  0.022 0.007 0.172 0.047 0.155 0.233 0.364 
 33    (0)   :  0.006 0.012 0.176 0.124 0.229 0.203 0.251 
 34    (0)   :  0.145 0.024 0.060 0.057 0.371 0.069 0.274 
 35    (0)   :  0.006 0.025 0.069 0.038 0.120 0.347 0.396 
 36    (0)   :  0.011 0.011 0.072 0.337 0.100 0.340 0.129 
 37    (0)   :  0.010 0.008 0.176 0.034 0.182 0.320 0.270 
 38    (0)   :  0.006 0.033 0.053 0.468 0.173 0.132 0.134 
 39    (0)   :  0.006 0.030 0.087 0.160 0.253 0.222 0.242 
 40    (0)   :  0.007 0.013 0.109 0.051 0.078 0.527 0.214 
 41    (0)   :  0.008 0.063 0.066 0.169 0.175 0.348 0.172 
 42    (0)   :  0.007 0.035 0.338 0.212 0.105 0.208 0.095 
 43    (0)   :  0.014 0.016 0.099 0.029 0.169 0.510 0.164 
 44    (0)   :  0.005 0.015 0.056 0.034 0.115 0.537 0.239 
 45    (0)   :  0.006 0.035 0.055 0.213 0.159 0.358 0.175 
 46    (0)   :  0.006 0.011 0.068 0.054 0.180 0.251 0.430 
 47    (0)   :  0.015 0.019 0.092 0.031 0.148 0.212 0.483 
 48    (0)   :  0.005 0.017 0.058 0.035 0.078 0.559 0.248 
 49    (0)   :  0.007 0.047 0.093 0.081 0.168 0.311 0.293 
 50    (0)   :  0.075 0.017 0.074 0.050 0.252 0.150 0.383 
 51    (0)   :  0.008 0.021 0.057 0.196 0.081 0.557 0.080 
 52    (0)   :  0.006 0.029 0.106 0.149 0.244 0.186 0.279 
 53    (0)   :  0.018 0.015 0.077 0.446 0.138 0.127 0.178 
 54    (0)   :  0.008 0.018 0.103 0.023 0.158 0.399 0.290 
 55    (0)   :  0.006 0.011 0.070 0.029 0.127 0.587 0.169 
 56    (0)   :  0.006 0.026 0.097 0.085 0.085 0.426 0.276 
 57    (0)   :  0.022 0.014 0.172 0.035 0.141 0.089 0.527 
 58    (0)   :  0.007 0.027 0.088 0.076 0.159 0.434 0.208 
 59    (0)   :  0.006 0.096 0.088 0.243 0.150 0.259 0.159 
 60    (0)   :  0.020 0.009 0.129 0.091 0.105 0.507 0.140 
 61    (0)   :  0.008 0.009 0.090 0.023 0.099 0.683 0.088 
 62    (0)   :  0.005 0.087 0.089 0.043 0.150 0.187 0.440 
 63    (0)   :  0.007 0.012 0.136 0.074 0.304 0.333 0.135 
 64    (0)   :  0.006 0.015 0.059 0.091 0.132 0.152 0.545 
 65    (0)   :  0.007 0.012 0.050 0.034 0.573 0.133 0.192 
 66    (0)   :  0.025 0.010 0.138 0.038 0.199 0.448 0.142 
 67    (0)   :  0.006 0.011 0.059 0.025 0.156 0.571 0.172 
 68    (0)   :  0.007 0.072 0.107 0.266 0.143 0.257 0.149 
 69    (0)   :  0.327 0.049 0.049 0.226 0.124 0.092 0.133 
 70    (0)   :  0.015 0.011 0.090 0.172 0.233 0.369 0.111 
 71    (0)   :  0.008 0.081 0.046 0.203 0.150 0.369 0.144 
 72    (0)   :  0.012 0.008 0.061 0.182 0.166 0.260 0.310 
 73    (0)   :  0.009 0.064 0.051 0.041 0.180 0.503 0.152 
 74    (0)   :  0.006 0.010 0.140 0.323 0.095 0.290 0.136 
 75    (0)   :  0.013 0.013 0.121 0.200 0.070 0.461 0.122 
 76    (0)   :  0.007 0.008 0.077 0.045 0.352 0.369 0.142 
 77    (0)   :  0.005 0.066 0.064 0.253 0.205 0.282 0.125 
 78    (0)   :  0.005 0.073 0.068 0.374 0.150 0.217 0.113 
 79    (0)   :  0.008 0.009 0.074 0.046 0.382 0.096 0.384 
 80    (0)   :  0.011 0.008 0.480 0.035 0.180 0.125 0.162 
 81    (0)   :  0.013 0.007 0.369 0.041 0.247 0.105 0.217 
 82    (0)   :  0.009 0.020 0.138 0.041 0.248 0.350 0.194 
 83    (0)   :  0.016 0.006 0.229 0.090 0.255 0.213 0.191 
 84    (0)   :  0.014 0.007 0.229 0.067 0.364 0.131 0.189 
 85    (0)   :  0.018 0.007 0.261 0.093 0.160 0.165 0.295 
 86    (0)   :  0.006 0.015 0.073 0.038 0.210 0.367 0.290 
 87    (0)   :  0.025 0.009 0.077 0.072 0.502 0.136 0.179 
 88    (0)   :  0.010 0.008 0.274 0.040 0.304 0.177 0.188 
 89    (0)   :  0.050 0.007 0.280 0.037 0.220 0.214 0.192 
 90    (0)   :  0.009 0.008 0.093 0.041 0.563 0.113 0.173 
 91    (0)   :  0.016 0.006 0.421 0.087 0.144 0.158 0.169 
 92    (0)   :  0.010 0.009 0.123 0.043 0.329 0.157 0.329 
 93    (0)   :  0.115 0.008 0.523 0.030 0.092 0.114 0.118 
 94    (0)   :  0.010 0.007 0.068 0.203 0.504 0.087 0.120 
 95    (0)   :  0.009 0.007 0.201 0.037 0.509 0.123 0.115 
 96    (0)   :  0.010 0.011 0.165 0.028 0.116 0.580 0.091 
 97    (0)   :  0.007 0.013 0.146 0.220 0.087 0.372 0.155 
 98    (0)   :  0.006 0.019 0.095 0.041 0.139 0.445 0.254 
 99    (0)   :  0.014 0.007 0.215 0.050 0.410 0.122 0.181 
100    (0)   :  0.009 0.009 0.463 0.023 0.091 0.277 0.128 
101    (0)   :  0.108 0.009 0.087 0.064 0.325 0.229 0.178 
102    (0)   :  0.015 0.019 0.306 0.084 0.267 0.200 0.109 
103    (0)   :  0.074 0.011 0.100 0.031 0.329 0.352 0.101 
104    (0)   :  0.025 0.009 0.092 0.031 0.583 0.136 0.125 
105    (0)   :  0.082 0.028 0.104 0.026 0.473 0.184 0.104 
106    (0)   :  0.005 0.007 0.041 0.076 0.598 0.092 0.180 
107    (0)   :  0.033 0.013 0.114 0.030 0.460 0.246 0.103 
108    (0)   :  0.009 0.007 0.058 0.162 0.116 0.522 0.127 
109    (0)   :  0.011 0.147 0.040 0.110 0.357 0.135 0.201 
110    (0)   :  0.009 0.010 0.043 0.074 0.643 0.074 0.146 
111    (0)   :  0.008 0.021 0.063 0.026 0.677 0.104 0.101 
112    (0)   :  0.006 0.249 0.046 0.063 0.449 0.088 0.098 
113    (0)   :  0.016 0.012 0.083 0.058 0.209 0.398 0.223 
114    (0)   :  0.033 0.020 0.112 0.030 0.560 0.127 0.118 
115    (0)   :  0.006 0.022 0.080 0.041 0.492 0.231 0.128 
116    (0)   :  0.006 0.015 0.044 0.164 0.390 0.200 0.182 
117    (0)   :  0.013 0.033 0.058 0.066 0.597 0.084 0.150 
118    (0)   :  0.006 0.025 0.065 0.036 0.362 0.329 0.176 
119    (0)   :  0.013 0.008 0.183 0.069 0.196 0.447 0.085 
120    (0)   :  0.010 0.039 0.081 0.043 0.480 0.201 0.145 
121    (0)   :  0.014 0.072 0.053 0.055 0.464 0.221 0.121 
122    (0)   :  0.013 0.018 0.052 0.063 0.555 0.105 0.195 
123    (0)   :  0.011 0.011 0.073 0.058 0.595 0.136 0.117 
124    (0)   :  0.006 0.033 0.056 0.134 0.411 0.189 0.170 
125    (0)   :  0.010 0.050 0.070 0.181 0.314 0.108 0.266 
126    (0)   :  0.007 0.008 0.086 0.115 0.456 0.209 0.119 
127    (0)   :  0.006 0.014 0.066 0.027 0.665 0.134 0.088 
128    (0)   :  0.006 0.021 0.066 0.026 0.372 0.330 0.179 
129    (0)   :  0.025 0.013 0.044 0.027 0.564 0.214 0.114 
130    (0)   :  0.032 0.032 0.120 0.032 0.518 0.138 0.129 
131    (0)   :  0.020 0.040 0.043 0.340 0.305 0.132 0.121 
132    (0)   :  0.011 0.011 0.042 0.054 0.554 0.153 0.176 
133    (0)   :  0.021 0.013 0.079 0.039 0.517 0.210 0.121 
134    (0)   :  0.005 0.015 0.035 0.044 0.709 0.064 0.127 
135    (0)   :  0.007 0.023 0.376 0.043 0.081 0.347 0.123 
136    (0)   :  0.025 0.011 0.538 0.028 0.063 0.110 0.225 
137    (0)   :  0.029 0.026 0.620 0.029 0.113 0.077 0.106 
138    (0)   :  0.009 0.007 0.664 0.039 0.069 0.096 0.116 
139    (0)   :  0.024 0.010 0.150 0.033 0.083 0.546 0.155 
140    (0)   :  0.039 0.011 0.362 0.056 0.152 0.208 0.172 
141    (0)   :  0.171 0.012 0.281 0.042 0.072 0.136 0.285 
142    (0)   :  0.033 0.021 0.312 0.037 0.079 0.415 0.103 
143    (0)   :  0.007 0.006 0.734 0.023 0.060 0.085 0.084 
144    (0)   :  0.010 0.024 0.663 0.026 0.109 0.080 0.088 
145    (0)   :  0.018 0.016 0.274 0.043 0.073 0.189 0.388 
146    (0)   :  0.031 0.009 0.388 0.052 0.151 0.129 0.239 
147    (0)   :  0.018 0.006 0.708 0.025 0.062 0.073 0.108 
148    (0)   :  0.176 0.018 0.262 0.031 0.107 0.231 0.176 
149    (0)   :  0.333 0.011 0.150 0.048 0.070 0.252 0.136 
150    (0)   :  0.032 0.031 0.439 0.031 0.176 0.143 0.148 
151    (0)   :  0.009 0.008 0.635 0.027 0.089 0.123 0.109 
152    (0)   :  0.045 0.014 0.306 0.052 0.090 0.288 0.205 
153    (0)   :  0.032 0.009 0.530 0.060 0.094 0.144 0.131 
154    (0)   :  0.439 0.010 0.104 0.030 0.063 0.175 0.180 
155    (0)   :  0.011 0.006 0.672 0.025 0.089 0.100 0.097 
156    (0)   :  0.009 0.012 0.526 0.028 0.097 0.255 0.073 
157    (0)   :  0.040 0.007 0.535 0.047 0.193 0.087 0.091 
158    (0)   :  0.020 0.016 0.335 0.048 0.071 0.138 0.373 
159    (0)   :  0.224 0.009 0.485 0.026 0.062 0.091 0.103 
160    (0)   :  0.237 0.009 0.425 0.026 0.062 0.113 0.128 
161    (0)   :  0.022 0.010 0.466 0.056 0.111 0.159 0.176 
162    (0)   :  0.028 0.009 0.299 0.045 0.137 0.173 0.309 
163    (0)   :  0.011 0.007 0.675 0.028 0.079 0.119 0.082 
164    (0)   :  0.339 0.007 0.148 0.031 0.134 0.136 0.205 
165    (0)   :  0.010 0.029 0.551 0.030 0.162 0.108 0.110 
166    (0)   :  0.364 0.006 0.141 0.069 0.166 0.170 0.084 
167    (0)   :  0.526 0.006 0.088 0.027 0.077 0.063 0.214 
168    (0)   :  0.013 0.007 0.515 0.093 0.084 0.151 0.138 
169    (0)   :  0.016 0.020 0.226 0.206 0.065 0.116 0.351 
170    (0)   :  0.011 0.009 0.435 0.029 0.104 0.307 0.106 
171    (0)   :  0.032 0.008 0.370 0.061 0.107 0.218 0.205 
172    (0)   :  0.070 0.018 0.271 0.203 0.065 0.244 0.129 
173    (0)   :  0.025 0.008 0.612 0.024 0.065 0.141 0.125 
174    (0)   :  0.036 0.007 0.618 0.028 0.091 0.094 0.127 
175    (0)   :  0.009 0.008 0.609 0.024 0.061 0.109 0.179 
176    (0)   :  0.009 0.023 0.662 0.026 0.110 0.080 0.089 
177    (0)   :  0.035 0.009 0.408 0.091 0.206 0.108 0.142 
178    (0)   :  0.047 0.008 0.472 0.029 0.092 0.105 0.247 
179    (0)   :  0.130 0.006 0.571 0.024 0.066 0.096 0.108 
180    (0)   :  0.085 0.011 0.382 0.047 0.100 0.123 0.252 
181    (0)   :  0.018 0.013 0.380 0.042 0.076 0.260 0.211 
182    (0)   :  0.011 0.009 0.544 0.024 0.067 0.222 0.122 
183    (0)   :  0.019 0.007 0.643 0.024 0.067 0.117 0.124 
184    (0)   :  0.006 0.009 0.067 0.030 0.128 0.377 0.383 
185    (0)   :  0.009 0.010 0.569 0.024 0.057 0.258 0.073 
186    (0)   :  0.007 0.007 0.067 0.025 0.289 0.314 0.290 
187    (0)   :  0.013 0.006 0.239 0.027 0.135 0.378 0.202 
188    (0)   :  0.006 0.008 0.050 0.022 0.260 0.407 0.246 
189    (0)   :  0.012 0.006 0.223 0.100 0.096 0.270 0.292 
190    (0)   :  0.006 0.009 0.128 0.020 0.060 0.710 0.066 
191    (0)   :  0.008 0.013 0.095 0.023 0.129 0.492 0.240 
192    (0)   :  0.008 0.007 0.247 0.028 0.191 0.310 0.209 
193    (0)   :  0.008 0.012 0.181 0.032 0.116 0.375 0.276 
194    (0)   :  0.010 0.007 0.208 0.033 0.168 0.405 0.169 
195    (0)   :  0.009 0.007 0.249 0.021 0.068 0.548 0.098 
196    (0)   :  0.007 0.010 0.122 0.024 0.085 0.668 0.085 
197    (0)   :  0.008 0.008 0.147 0.027 0.195 0.252 0.363 
198    (0)   :  0.011 0.008 0.150 0.054 0.196 0.302 0.279 
199    (0)   :  0.006 0.010 0.113 0.034 0.091 0.631 0.114 
200    (0)   :  0.007 0.014 0.110 0.042 0.087 0.596 0.145 
201    (0)   :  0.011 0.006 0.394 0.020 0.083 0.371 0.115 
202    (0)   :  0.007 0.009 0.394 0.022 0.092 0.380 0.096 
203    (0)   :  0.008 0.010 0.358 0.021 0.077 0.422 0.105 
204    (0)   :  0.007 0.008 0.103 0.021 0.075 0.694 0.092 
205    (0)   :  0.008 0.008 0.088 0.033 0.104 0.612 0.148 
206    (0)   :  0.009 0.007 0.137 0.020 0.078 0.613 0.135 
207    (0)   :  0.006 0.011 0.071 0.020 0.109 0.669 0.114 
208    (0)   :  0.010 0.008 0.190 0.021 0.084 0.586 0.102 
209    (0)   :  0.008 0.013 0.123 0.025 0.119 0.477 0.235 
210    (0)   :  0.008 0.008 0.130 0.021 0.102 0.626 0.105 
211    (0)   :  0.005 0.025 0.166 0.021 0.129 0.550 0.103 
212    (0)   :  0.008 0.009 0.416 0.029 0.078 0.296 0.165 
213    (0)   :  0.007 0.010 0.109 0.047 0.194 0.510 0.124 
214    (0)   :  0.007 0.010 0.390 0.021 0.073 0.387 0.112 
215    (0)   :  0.006 0.010 0.068 0.029 0.121 0.631 0.134 
216    (0)   :  0.007 0.008 0.085 0.031 0.146 0.359 0.364 
217    (0)   :  0.008 0.007 0.309 0.026 0.070 0.449 0.131 
218    (0)   :  0.008 0.008 0.115 0.031 0.122 0.531 0.185 
219    (0)   :  0.009 0.006 0.217 0.039 0.107 0.240 0.382 
220    (0)   :  0.007 0.009 0.080 0.020 0.100 0.665 0.119 
221    (0)   :  0.007 0.009 0.437 0.022 0.058 0.385 0.081 
222    (0)   :  0.008 0.006 0.122 0.030 0.147 0.260 0.426 
223    (0)   :  0.013 0.006 0.313 0.036 0.128 0.296 0.207 
224    (0)   :  0.010 0.008 0.284 0.020 0.083 0.457 0.139 
225    (0)   :  0.008 0.008 0.113 0.027 0.098 0.614 0.132 
226    (0)   :  0.011 0.010 0.131 0.112 0.098 0.422 0.216 
227    (0)   :  0.010 0.008 0.191 0.022 0.101 0.556 0.113 
228    (0)   :  0.009 0.009 0.219 0.021 0.061 0.595 0.086 
229    (0)   :  0.009 0.008 0.320 0.020 0.109 0.371 0.163 
230    (0)   :  0.008 0.010 0.207 0.020 0.095 0.530 0.129 
231    (0)   :  0.009 0.010 0.272 0.023 0.100 0.345 0.240 
232    (0)   :  0.008 0.009 0.215 0.056 0.140 0.376 0.196 
233    (0)   :  0.008 0.009 0.481 0.021 0.076 0.289 0.117 
234    (0)   :  0.008 0.009 0.202 0.032 0.162 0.301 0.287 
235    (0)   :  0.010 0.007 0.241 0.035 0.096 0.415 0.196 
236    (0)   :  0.007 0.009 0.328 0.028 0.102 0.355 0.172 
237    (0)   :  0.006 0.015 0.089 0.025 0.104 0.613 0.149 
238    (0)   :  0.008 0.008 0.387 0.023 0.107 0.346 0.121 
239    (0)   :  0.009 0.007 0.252 0.021 0.068 0.548 0.096 
240    (0)   :  0.007 0.008 0.384 0.023 0.106 0.351 0.120 
241    (0)   :  0.010 0.008 0.363 0.030 0.084 0.381 0.123 
242    (0)   :  0.010 0.007 0.151 0.044 0.097 0.462 0.228 
243    (0)   :  0.006 0.011 0.119 0.019 0.068 0.701 0.076 
244    (0)   :  0.007 0.010 0.281 0.020 0.077 0.493 0.111 
245    (0)   :  0.009 0.006 0.524 0.025 0.087 0.260 0.088 
246    (0)   :  0.008 0.007 0.309 0.025 0.069 0.452 0.130 
247    (0)   :  0.006 0.008 0.060 0.054 0.395 0.327 0.149 
248    (0)   :  0.006 0.010 0.063 0.026 0.161 0.580 0.154 
249    (0)   :  0.007 0.010 0.283 0.021 0.091 0.457 0.131 
250    (0)   :  0.008 0.009 0.242 0.026 0.124 0.388 0.203 
251    (0)   :  0.008 0.013 0.101 0.073 0.124 0.433 0.247 
252    (0)   :  0.010 0.006 0.194 0.028 0.109 0.488 0.166 
253    (0)   :  0.007 0.008 0.087 0.053 0.181 0.483 0.180 
254    (0)   :  0.007 0.007 0.142 0.025 0.135 0.351 0.334 
255    (0)   :  0.010 0.009 0.198 0.024 0.133 0.319 0.307 
256    (0)   :  0.008 0.009 0.199 0.027 0.083 0.545 0.129 
257    (0)   :  0.015 0.010 0.131 0.029 0.122 0.543 0.150 
258    (0)   :  0.008 0.011 0.103 0.037 0.171 0.508 0.162 
259    (0)   :  0.009 0.008 0.140 0.026 0.120 0.494 0.203 
260    (0)   :  0.007 0.007 0.307 0.026 0.125 0.190 0.339 
261    (0)   :  0.009 0.006 0.273 0.030 0.091 0.455 0.136 
262    (0)   :  0.007 0.008 0.190 0.025 0.058 0.628 0.084 
263    (0)   :  0.006 0.010 0.081 0.020 0.107 0.574 0.201 
264    (0)   :  0.005 0.008 0.049 0.036 0.142 0.227 0.532 
265    (0)   :  0.009 0.007 0.189 0.034 0.109 0.428 0.224 
266    (0)   :  0.007 0.008 0.443 0.022 0.061 0.377 0.082 
267    (0)   :  0.007 0.013 0.206 0.024 0.132 0.373 0.246 
268    (0)   :  0.007 0.009 0.123 0.024 0.084 0.667 0.085 
269    (0)   :  0.009 0.007 0.212 0.053 0.103 0.284 0.333 
270    (0)   :  0.013 0.009 0.083 0.026 0.149 0.371 0.348 
271    (0)   :  0.008 0.010 0.092 0.036 0.142 0.568 0.146 
272    (0)   :  0.009 0.013 0.097 0.102 0.103 0.527 0.148 
273    (0)   :  0.118 0.022 0.170 0.052 0.137 0.254 0.248 
274    (0)   :  0.009 0.008 0.123 0.045 0.120 0.456 0.239 
275    (0)   :  0.047 0.014 0.121 0.047 0.093 0.454 0.224 
276    (0)   :  0.008 0.015 0.084 0.074 0.107 0.561 0.151 
277    (0)   :  0.011 0.007 0.251 0.034 0.127 0.336 0.235 
278    (0)   :  0.007 0.010 0.082 0.030 0.100 0.653 0.118 
279    (0)   :  0.009 0.008 0.160 0.035 0.116 0.476 0.196 
280    (0)   :  0.007 0.008 0.147 0.049 0.095 0.411 0.283 
281    (0)   :  0.009 0.008 0.122 0.035 0.166 0.461 0.198 
282    (0)   :  0.008 0.007 0.444 0.028 0.109 0.206 0.198 
283    (0)   :  0.009 0.007 0.473 0.022 0.103 0.243 0.144 
284    (0)   :  0.020 0.011 0.213 0.032 0.165 0.403 0.156 
285    (0)   :  0.005 0.012 0.045 0.037 0.154 0.588 0.158 
286    (0)   :  0.007 0.010 0.281 0.020 0.077 0.496 0.110 
287    (0)   :  0.011 0.007 0.188 0.048 0.140 0.310 0.296 
288    (0)   :  0.009 0.009 0.093 0.071 0.106 0.527 0.185 
289    (0)   :  0.019 0.014 0.085 0.055 0.174 0.500 0.153 
290    (0)   :  0.005 0.021 0.107 0.042 0.092 0.499 0.233 
291    (0)   :  0.008 0.010 0.093 0.036 0.141 0.568 0.145 
292    (0)   :  0.007 0.007 0.165 0.059 0.084 0.482 0.196 
293    (0)   :  0.005 0.023 0.078 0.053 0.120 0.408 0.313 
294    (0)   :  0.006 0.009 0.066 0.024 0.101 0.588 0.206 
295    (0)   :  0.035 0.022 0.090 0.092 0.130 0.441 0.190 
296    (0)   :  0.007 0.010 0.084 0.029 0.123 0.619 0.128 
297    (0)   :  0.007 0.007 0.100 0.046 0.112 0.362 0.366 
298    (0)   :  0.009 0.007 0.345 0.026 0.137 0.233 0.242 
299    (0)   :  0.007 0.008 0.095 0.021 0.135 0.423 0.310 
300    (0)   :  0.006 0.011 0.062 0.028 0.096 0.655 0.143 
301    (0)   :  0.013 0.009 0.080 0.033 0.105 0.333 0.427 
302    (0)   :  0.013 0.012 0.064 0.026 0.093 0.618 0.174 
303    (0)   :  0.007 0.010 0.289 0.030 0.091 0.401 0.171 
304    (0)   :  0.021 0.008 0.328 0.024 0.146 0.123 0.349 
305    (0)   :  0.019 0.008 0.138 0.026 0.065 0.640 0.104 
306    (0)   :  0.009 0.007 0.327 0.034 0.079 0.369 0.173 
307    (0)   :  0.010 0.008 0.206 0.034 0.116 0.385 0.241 
308    (0)   :  0.008 0.006 0.270 0.030 0.091 0.458 0.137 
309    (0)   :  0.039 0.035 0.082 0.030 0.145 0.561 0.108 
310    (0)   :  0.007 0.009 0.177 0.020 0.070 0.622 0.096 
311    (0)   :  0.008 0.010 0.205 0.020 0.093 0.535 0.129 
312    (0)   :  0.007 0.009 0.077 0.021 0.120 0.674 0.092 
313    (0)   :  0.006 0.008 0.055 0.026 0.099 0.701 0.104 
314    (0)   :  0.124 0.010 0.559 0.032 0.060 0.131 0.084 
315    (0)   :  0.199 0.006 0.445 0.054 0.071 0.134 0.092 
316    (0)   :  0.521 0.007 0.191 0.043 0.068 0.076 0.095 
317    (0)   :  0.137 0.009 0.590 0.030 0.061 0.082 0.091 
318    (0)   :  0.461 0.006 0.290 0.026 0.060 0.061 0.096 
319    (0)   :  0.008 0.006 0.725 0.023 0.060 0.086 0.092 
320    (0)   :  0.123 0.010 0.559 0.032 0.060 0.132 0.083 
321    (0)   :  0.343 0.009 0.379 0.028 0.061 0.079 0.101 
322    (0)   :  0.151 0.009 0.462 0.058 0.078 0.137 0.104 
323    (0)   :  0.167 0.006 0.561 0.025 0.063 0.070 0.109 
324    (0)   :  0.340 0.009 0.381 0.029 0.061 0.079 0.101 
325    (0)   :  0.566 0.006 0.162 0.040 0.065 0.071 0.089 
326    (0)   :  0.647 0.006 0.094 0.036 0.065 0.066 0.086 
327    (0)   :  0.134 0.010 0.595 0.030 0.061 0.081 0.090 
328    (0)   :  0.178 0.007 0.447 0.052 0.076 0.130 0.109 
329    (0)   :  0.024 0.006 0.726 0.025 0.061 0.064 0.095 
330    (0)   :  0.136 0.010 0.590 0.029 0.061 0.082 0.091 
331    (0)   :  0.138 0.006 0.601 0.024 0.062 0.071 0.098 
332    (0)   :  0.641 0.006 0.095 0.037 0.065 0.066 0.090 
333    (0)   :  0.535 0.006 0.164 0.038 0.069 0.092 0.096 
334    (0)   :  0.181 0.007 0.443 0.053 0.076 0.130 0.109 
335    (0)   :  0.044 0.007 0.611 0.054 0.076 0.114 0.094 
336    (0)   :  0.570 0.006 0.149 0.029 0.059 0.096 0.091 
337    (0)   :  0.445 0.009 0.227 0.049 0.070 0.102 0.098 
338    (0)   :  0.609 0.006 0.143 0.025 0.060 0.060 0.098 
339    (0)   :  0.135 0.006 0.604 0.025 0.061 0.070 0.099 
340    (0)   :  0.027 0.006 0.730 0.023 0.059 0.073 0.083 
341    (0)   :  0.294 0.007 0.425 0.025 0.061 0.077 0.111 
342    (0)   :  0.129 0.010 0.600 0.030 0.061 0.080 0.090 
343    (0)   :  0.159 0.008 0.427 0.056 0.074 0.172 0.104 
344    (0)   :  0.106 0.006 0.646 0.024 0.061 0.062 0.094 
345    (0)   :  0.136 0.010 0.591 0.029 0.062 0.081 0.091 
346    (0)   :  0.182 0.008 0.564 0.028 0.061 0.070 0.087 
347    (0)   :  0.025 0.006 0.741 0.023 0.058 0.065 0.082 
348    (0)   :  0.037 0.007 0.555 0.053 0.072 0.191 0.085 
349    (0)   :  0.131 0.010 0.596 0.030 0.061 0.082 0.090 
350    (0)   :  0.025 0.006 0.674 0.026 0.059 0.113 0.098 
351    (0)   :  0.043 0.007 0.612 0.053 0.076 0.115 0.095 
352    (0)   :  0.214 0.010 0.425 0.060 0.075 0.122 0.094 
353    (0)   :  0.568 0.006 0.150 0.028 0.059 0.097 0.092 
354    (0)   :  0.183 0.007 0.556 0.026 0.062 0.067 0.099 
355    (0)   :  0.458 0.006 0.296 0.026 0.059 0.062 0.093 
356    (0)   :  0.010 0.007 0.564 0.053 0.072 0.209 0.084 
357    (0)   :  0.021 0.008 0.402 0.108 0.106 0.110 0.244 
358    (0)   :  0.507 0.006 0.206 0.039 0.069 0.075 0.096 
359    (0)   :  0.449 0.006 0.278 0.025 0.062 0.076 0.104 
360    (0)   :  0.180 0.008 0.567 0.028 0.060 0.070 0.087 
361    (0)   :  0.014 0.009 0.353 0.112 0.110 0.148 0.255 
362    (0)   :  0.022 0.011 0.071 0.189 0.256 0.234 0.217 
363    (0)   :  0.010 0.013 0.055 0.098 0.385 0.139 0.300 
364    (0)   :  0.013 0.015 0.185 0.036 0.130 0.132 0.489 
365    (0)   :  0.010 0.026 0.060 0.090 0.135 0.096 0.582 
366    (0)   :  0.009 0.019 0.105 0.081 0.105 0.354 0.326 
367    (0)   :  0.006 0.008 0.043 0.111 0.613 0.064 0.156 
368    (0)   :  0.009 0.009 0.075 0.038 0.420 0.124 0.326 
369    (0)   :  0.034 0.040 0.149 0.048 0.125 0.326 0.278 
370    (0)   :  0.042 0.021 0.077 0.043 0.405 0.192 0.220 
371    (0)   :  0.034 0.022 0.095 0.037 0.145 0.223 0.443 
372    (0)   :  0.051 0.054 0.105 0.044 0.252 0.241 0.253 
373    (0)   :  0.008 0.013 0.122 0.041 0.362 0.123 0.331 
374    (0)   :  0.021 0.033 0.239 0.097 0.168 0.155 0.288 
375    (0)   :  0.012 0.014 0.053 0.042 0.308 0.081 0.490 
376    (0)   :  0.009 0.012 0.050 0.205 0.194 0.064 0.466 
377    (0)   :  0.029 0.016 0.072 0.125 0.242 0.205 0.311 
378    (0)   :  0.045 0.012 0.172 0.046 0.482 0.128 0.115 
379    (0)   :  0.014 0.026 0.047 0.200 0.204 0.081 0.429 
380    (0)   :  0.015 0.017 0.146 0.275 0.086 0.147 0.315 
381    (0)   :  0.008 0.013 0.117 0.097 0.075 0.181 0.509 
382    (0)   :  0.014 0.008 0.056 0.063 0.364 0.078 0.416 
383    (0)   :  0.243 0.012 0.066 0.213 0.082 0.093 0.292 
384    (0)   :  0.102 0.023 0.092 0.052 0.159 0.077 0.494 
385    (0)   :  0.178 0.228 0.077 0.031 0.121 0.074 0.292 
386    (0)   :  0.007 0.009 0.056 0.126 0.400 0.099 0.304 
387    (0)   :  0.006 0.010 0.071 0.089 0.378 0.092 0.355 
388    (0)   :  0.037 0.035 0.211 0.053 0.195 0.100 0.369 
389    (0)   :  0.019 0.096 0.056 0.032 0.153 0.420 0.223 
390    (0)   :  0.023 0.024 0.054 0.265 0.350 0.141 0.143 
391    (0)   :  0.016 0.097 0.096 0.056 0.284 0.218 0.231 
392    (0)   :  0.007 0.008 0.118 0.084 0.203 0.117 0.464 
393    (0)   :  0.011 0.010 0.113 0.457 0.089 0.095 0.225 
394    (0)   :  0.063 0.007 0.199 0.106 0.288 0.134 0.204 
395    (0)   :  0.005 0.009 0.065 0.240 0.246 0.314 0.122 
396    (0)   :  0.005 0.008 0.045 0.035 0.347 0.086 0.473 
397    (0)   :  0.008 0.007 0.117 0.026 0.110 0.244 0.489 
398    (0)   :  0.007 0.007 0.048 0.389 0.260 0.073 0.215 
399    (0)   :  0.012 0.019 0.060 0.104 0.521 0.160 0.123 
400    (0)   :  0.007 0.011 0.089 0.060 0.350 0.095 0.388 
401    (0)   :  0.006 0.012 0.096 0.073 0.525 0.166 0.122 
402    (0)   :  0.008 0.010 0.078 0.037 0.248 0.220 0.398 
403    (0)   :  0.009 0.026 0.326 0.055 0.182 0.129 0.272 
404    (0)   :  0.006 0.018 0.121 0.046 0.184 0.146 0.478 
405    (0)   :  0.009 0.008 0.087 0.108 0.170 0.204 0.414 
406    (0)   :  0.006 0.008 0.139 0.373 0.087 0.279 0.108 
407    (0)   :  0.006 0.009 0.047 0.316 0.164 0.084 0.375 
408    (0)   :  0.005 0.007 0.041 0.039 0.581 0.235 0.093 
409    (0)   :  0.013 0.030 0.278 0.243 0.114 0.197 0.125 
410    (0)   :  0.015 0.015 0.096 0.104 0.281 0.114 0.375 
411    (0)   :  0.058 0.009 0.113 0.055 0.151 0.158 0.456 
412    (0)   :  0.008 0.009 0.066 0.041 0.379 0.116 0.380 
413    (0)   :  0.037 0.008 0.153 0.056 0.411 0.135 0.200 
414    (0)   :  0.011 0.016 0.043 0.034 0.466 0.109 0.321 
415    (0)   :  0.006 0.011 0.065 0.186 0.184 0.182 0.367 
416    (0)   :  0.007 0.035 0.099 0.073 0.257 0.170 0.358 
417    (0)   :  0.010 0.008 0.055 0.326 0.231 0.089 0.282 
418    (0)   :  0.006 0.007 0.053 0.039 0.520 0.070 0.304 
419    (0)   :  0.012 0.036 0.210 0.080 0.260 0.150 0.252 
420    (0)   :  0.005 0.011 0.058 0.088 0.470 0.253 0.115 
421    (0)   :  0.011 0.009 0.062 0.149 0.382 0.109 0.278 
422    (0)   :  0.007 0.010 0.063 0.238 0.144 0.322 0.217 
423    (0)   :  0.006 0.008 0.076 0.151 0.229 0.159 0.371 
424    (0)   :  0.009 0.020 0.094 0.136 0.466 0.145 0.130 
425    (0)   :  0.010 0.050 0.116 0.044 0.169 0.106 0.504 
426    (0)   :  0.076 0.030 0.088 0.101 0.352 0.103 0.251 
427    (0)   :  0.031 0.008 0.114 0.445 0.197 0.080 0.125 
428    (0)   :  0.009 0.010 0.172 0.323 0.112 0.190 0.185 
429    (0)   :  0.006 0.007 0.043 0.193 0.384 0.068 0.300 
430    (0)   :  0.007 0.009 0.053 0.436 0.171 0.087 0.237 
431    (0)   :  0.021 0.015 0.090 0.072 0.402 0.157 0.243 
432    (0)   :  0.009 0.008 0.081 0.042 0.408 0.133 0.319 
433    (0)   :  0.011 0.008 0.297 0.032 0.207 0.209 0.237 
434    (0)   :  0.009 0.012 0.109 0.046 0.142 0.181 0.501 
435    (0)   :  0.006 0.006 0.045 0.541 0.182 0.073 0.146 
436    (0)   :  0.007 0.010 0.072 0.563 0.161 0.071 0.117 
437    (0)   :  0.007 0.006 0.051 0.093 0.140 0.083 0.621 
438    (0)   :  0.009 0.010 0.074 0.520 0.167 0.139 0.082 
439    (0)   :  0.008 0.007 0.061 0.615 0.116 0.059 0.134 
440    (0)   :  0.005 0.008 0.039 0.466 0.226 0.075 0.182 
441    (0)   :  0.014 0.010 0.107 0.333 0.170 0.088 0.277 
442    (0)   :  0.005 0.033 0.056 0.106 0.311 0.113 0.376 
443    (0)   :  0.006 0.012 0.045 0.189 0.464 0.170 0.114 
444    (0)   :  0.006 0.029 0.053 0.207 0.245 0.122 0.338 
445    (0)   :  0.009 0.012 0.142 0.364 0.113 0.142 0.217 
446    (0)   :  0.010 0.009 0.051 0.462 0.244 0.053 0.171 
447    (0)   :  0.007 0.035 0.099 0.346 0.165 0.118 0.230 
448    (0)   :  0.007 0.008 0.054 0.173 0.240 0.097 0.421 
449    (0)   :  0.008 0.008 0.081 0.161 0.190 0.114 0.438 
450    (0)   :  0.010 0.011 0.096 0.077 0.190 0.055 0.562 
451    (0)   :  0.006 0.007 0.039 0.066 0.594 0.103 0.185 
452    (0)   :  0.007 0.008 0.082 0.117 0.219 0.066 0.501 
453    (0)   :  0.009 0.018 0.079 0.103 0.282 0.382 0.126 
454    (0)   :  0.024 0.008 0.083 0.237 0.195 0.110 0.342 
455    (0)   :  0.007 0.008 0.043 0.641 0.134 0.069 0.098 
456    (0)   :  0.006 0.011 0.045 0.399 0.187 0.173 0.179 
457    (0)   :  0.007 0.007 0.057 0.252 0.127 0.077 0.473 
458    (0)   :  0.009 0.010 0.062 0.414 0.159 0.070 0.276 
459    (0)   :  0.009 0.009 0.124 0.393 0.279 0.067 0.120 
460    (0)   :  0.007 0.009 0.048 0.383 0.365 0.063 0.125 
461    (0)   :  0.007 0.008 0.055 0.095 0.621 0.050 0.163 
462    (0)   :  0.007 0.087 0.037 0.272 0.246 0.122 0.230 
463    (0)   :  0.008 0.008 0.065 0.452 0.115 0.254 0.097 
464    (0)   :  0.006 0.007 0.046 0.333 0.388 0.100 0.120 
465    (0)   :  0.008 0.009 0.058 0.191 0.484 0.100 0.151 
466    (0)   :  0.006 0.007 0.048 0.267 0.366 0.186 0.120 
467    (0)   :  0.012 0.013 0.077 0.343 0.209 0.139 0.208 
468    (0)   :  0.006 0.006 0.043 0.581 0.096 0.089 0.178 
469    (0)   :  0.006 0.007 0.047 0.695 0.087 0.050 0.108 
470    (0)   :  0.006 0.006 0.047 0.596 0.179 0.061 0.106 
471    (0)   :  0.006 0.016 0.053 0.074 0.254 0.274 0.324 
472    (0)   :  0.007 0.013 0.062 0.176 0.252 0.153 0.338 
473    (0)   :  0.010 0.007 0.081 0.161 0.180 0.143 0.418 
474    (0)   :  0.007 0.009 0.084 0.161 0.220 0.119 0.401 
475    (0)   :  0.007 0.008 0.100 0.134 0.488 0.104 0.158 
476    (0)   :  0.008 0.008 0.059 0.334 0.183 0.088 0.321 
477    (0)   :  0.009 0.017 0.085 0.187 0.434 0.104 0.164 
478    (0)   :  0.008 0.015 0.048 0.105 0.649 0.060 0.116 
479    (0)   :  0.006 0.007 0.046 0.374 0.269 0.064 0.233 
480    (0)   :  0.007 0.007 0.054 0.377 0.137 0.068 0.350 
481    (0)   :  0.005 0.013 0.050 0.054 0.183 0.141 0.554 
482    (0)   :  0.006 0.007 0.047 0.336 0.282 0.061 0.262 
483    (0)   :  0.010 0.008 0.061 0.569 0.155 0.061 0.137 
484    (0)   :  0.007 0.013 0.052 0.535 0.135 0.164 0.094 
485    (0)   :  0.008 0.007 0.046 0.658 0.131 0.059 0.092 
486    (0)   :  0.008 0.028 0.066 0.038 0.190 0.353 0.317 
487    (0)   :  0.009 0.020 0.134 0.036 0.144 0.170 0.488 
488    (0)   :  0.010 0.046 0.126 0.036 0.318 0.170 0.296 
489    (0)   :  0.009 0.016 0.135 0.024 0.086 0.271 0.460 
490    (0)   :  0.006 0.014 0.050 0.054 0.421 0.206 0.250 
491    (0)   :  0.010 0.042 0.133 0.028 0.116 0.322 0.350 
492    (0)   :  0.009 0.025 0.289 0.034 0.319 0.181 0.142 
493    (0)   :  0.008 0.041 0.090 0.025 0.170 0.236 0.431 
494    (0)   :  0.007 0.026 0.121 0.038 0.123 0.236 0.449 
495    (0)   :  0.010 0.087 0.190 0.039 0.313 0.140 0.221 
496    (0)   :  0.012 0.007 0.293 0.045 0.153 0.308 0.181 
497    (0)   :  0.015 0.077 0.144 0.026 0.116 0.194 0.427 
498    (0)   :  0.008 0.094 0.085 0.036 0.229 0.236 0.313 
499    (0)   :  0.012 0.013 0.197 0.031 0.091 0.207 0.450 
500    (0)   :  0.006 0.009 0.084 0.037 0.105 0.206 0.553 
501    (0)   :  0.007 0.010 0.220 0.036 0.174 0.133 0.420 
502    (0)   :  0.009 0.021 0.268 0.034 0.285 0.094 0.290 
503    (0)   :  0.006 0.008 0.059 0.047 0.148 0.103 0.630 
504    (0)   :  0.007 0.064 0.074 0.040 0.466 0.171 0.178 
505    (0)   :  0.006 0.016 0.117 0.034 0.140 0.475 0.212 
506    (0)   :  0.008 0.035 0.211 0.031 0.270 0.184 0.261 
507    (0)   :  0.011 0.007 0.444 0.028 0.071 0.304 0.136 
508    (0)   :  0.011 0.013 0.447 0.024 0.085 0.263 0.157 
509    (0)   :  0.007 0.011 0.183 0.037 0.134 0.413 0.214 
510    (0)   :  0.006 0.009 0.255 0.026 0.116 0.126 0.461 
511    (0)   :  0.006 0.024 0.075 0.097 0.236 0.196 0.366 
512    (0)   :  0.005 0.012 0.050 0.046 0.245 0.090 0.551 
513    (0)   :  0.007 0.477 0.081 0.019 0.131 0.204 0.081 
514    (0)   :  0.013 0.010 0.100 0.042 0.502 0.160 0.174 
515    (0)   :  0.008 0.013 0.173 0.179 0.129 0.220 0.279 
516    (0)   :  0.008 0.011 0.089 0.038 0.413 0.287 0.154 
517    (0)   :  0.009 0.009 0.160 0.151 0.224 0.280 0.166 
518    (0)   :  0.012 0.008 0.193 0.026 0.096 0.172 0.495 
519    (0)   :  0.007 0.013 0.111 0.051 0.537 0.133 0.148 
520    (0)   :  0.010 0.008 0.236 0.254 0.085 0.272 0.135 
521    (0)   :  0.224 0.008 0.135 0.035 0.255 0.239 0.104 
522    (0)   :  0.008 0.011 0.066 0.074 0.138 0.294 0.410 
523    (0)   :  0.026 0.008 0.148 0.098 0.176 0.433 0.110 
524    (0)   :  0.009 0.007 0.116 0.330 0.147 0.184 0.205 
525    (0)   :  0.012 0.007 0.176 0.080 0.095 0.207 0.423 
526    (0)   :  0.007 0.007 0.084 0.423 0.086 0.300 0.094 
527    (0)   :  0.006 0.011 0.067 0.028 0.200 0.096 0.592 
528    (0)   :  0.048 0.008 0.366 0.026 0.124 0.303 0.125 
529    (0)   :  0.016 0.016 0.142 0.029 0.188 0.279 0.330 
530    (0)   :  0.006 0.013 0.092 0.073 0.127 0.209 0.480 
531    (0)   :  0.037 0.009 0.290 0.097 0.141 0.162 0.264 
532    (0)   :  0.047 0.011 0.228 0.026 0.143 0.166 0.380 
533    (0)   :  0.008 0.008 0.080 0.061 0.116 0.255 0.471 
534    (0)   :  0.008 0.019 0.133 0.027 0.162 0.485 0.165 
535    (0)   :  0.007 0.009 0.085 0.135 0.302 0.331 0.130 
536    (0)   :  0.011 0.019 0.207 0.178 0.166 0.217 0.203 
537    (0)   :  0.035 0.024 0.209 0.042 0.122 0.408 0.159 
538    (0)   :  0.008 0.009 0.157 0.049 0.113 0.508 0.155 
539    (0)   :  0.007 0.009 0.524 0.022 0.075 0.240 0.124 
540    (0)   :  0.195 0.008 0.071 0.055 0.100 0.416 0.155 
541    (0)   :  0.209 0.014 0.250 0.067 0.119 0.170 0.171 
542    (0)   :  0.006 0.028 0.067 0.226 0.099 0.429 0.146 
543    (0)   :  0.236 0.016 0.093 0.072 0.184 0.304 0.095 
544    (0)   :  0.014 0.011 0.078 0.072 0.130 0.541 0.154 
545    (0)   :  0.008 0.020 0.053 0.312 0.155 0.355 0.097 
546    (0)   :  0.020 0.031 0.104 0.066 0.117 0.488 0.173 
547    (0)   :  0.014 0.016 0.153 0.122 0.149 0.454 0.092 
548    (0)   :  0.008 0.009 0.242 0.026 0.122 0.389 0.204 
549    (0)   :  0.013 0.018 0.406 0.214 0.096 0.134 0.119 
550    (0)   :  0.006 0.021 0.093 0.256 0.188 0.308 0.128 
551    (0)   :  0.018 0.012 0.473 0.071 0.137 0.130 0.159 
552    (0)   :  0.007 0.008 0.142 0.032 0.085 0.539 0.186 
553    (0)   :  0.091 0.023 0.115 0.055 0.132 0.508 0.077 
554    (0)   :  0.255 0.011 0.060 0.054 0.176 0.218 0.226 
555    (0)   :  0.024 0.037 0.204 0.032 0.103 0.462 0.137 
556    (0)   :  0.013 0.010 0.095 0.036 0.109 0.579 0.158 
557    (0)   :  0.019 0.014 0.128 0.381 0.188 0.164 0.106 
558    (0)   :  0.006 0.007 0.049 0.402 0.248 0.053 0.234 
559    (0)   :  0.010 0.008 0.066 0.036 0.352 0.292 0.236 
560    (0)   :  0.005 0.015 0.037 0.221 0.531 0.077 0.114 
561    (0)   :  0.006 0.015 0.050 0.089 0.411 0.134 0.295 
562    (0)   :  0.006 0.014 0.037 0.072 0.460 0.171 0.240 
563    (0)   :  0.008 0.025 0.197 0.097 0.437 0.103 0.132 
564    (0)   :  0.026 0.010 0.064 0.043 0.199 0.450 0.208 
565    (0)   :  0.007 0.008 0.056 0.398 0.131 0.072 0.329 
566    (0)   :  0.005 0.007 0.039 0.107 0.610 0.075 0.156 
567    (0)   :  0.006 0.011 0.051 0.034 0.264 0.357 0.277 
568    (0)   :  0.008 0.007 0.070 0.104 0.458 0.191 0.162 
569    (0)   :  0.025 0.008 0.064 0.106 0.290 0.210 0.296 
570    (0)   :  0.006 0.006 0.041 0.151 0.270 0.067 0.459 
571    (0)   :  0.009 0.007 0.061 0.074 0.626 0.101 0.122 
572    (0)   :  0.009 0.017 0.129 0.082 0.097 0.500 0.166 
573    (0)   :  0.018 0.009 0.070 0.194 0.199 0.293 0.216 
574    (0)   :  0.024 0.009 0.113 0.075 0.121 0.147 0.510 
575    (0)   :  0.007 0.008 0.135 0.067 0.487 0.134 0.163 
576    (0)   :  0.006 0.014 0.040 0.082 0.585 0.064 0.209 
577    (0)   :  0.009 0.010 0.124 0.048 0.157 0.124 0.529 
578    (0)   :  0.009 0.016 0.060 0.139 0.477 0.107 0.192 
579    (0)   :  0.013 0.030 0.051 0.080 0.298 0.171 0.357 
580    (0)   :  0.008 0.008 0.081 0.106 0.170 0.098 0.528 
581    (0)   :  0.008 0.008 0.070 0.196 0.327 0.086 0.304 
582    (0)   :  0.006 0.008 0.043 0.310 0.320 0.098 0.215 
583    (0)   :  0.015 0.008 0.058 0.072 0.499 0.091 0.257 
584    (0)   :  0.006 0.008 0.047 0.073 0.543 0.069 0.254 
585    (0)   :  0.007 0.018 0.051 0.107 0.431 0.090 0.295 
586    (0)   :  0.008 0.008 0.072 0.041 0.574 0.163 0.134 
587    (0)   :  0.006 0.011 0.044 0.055 0.246 0.211 0.428 
588    (0)   :  0.013 0.011 0.046 0.023 0.094 0.709 0.104 
589    (0)   :  0.012 0.008 0.044 0.277 0.223 0.136 0.301 
590    (0)   :  0.005 0.010 0.058 0.028 0.521 0.138 0.240 
591    (0)   :  0.008 0.008 0.066 0.049 0.597 0.100 0.172 
592    (0)   :  0.006 0.008 0.047 0.088 0.447 0.249 0.154 
593    (0)   :  0.009 0.008 0.085 0.150 0.355 0.167 0.226 
594    (0)   :  0.025 0.012 0.121 0.057 0.367 0.139 0.279 
595    (0)   :  0.005 0.024 0.040 0.028 0.168 0.080 0.655 
596    (0)   :  0.007 0.010 0.081 0.161 0.199 0.358 0.183 
597    (0)   :  0.031 0.009 0.189 0.052 0.485 0.150 0.083 
598    (0)   :  0.006 0.006 0.045 0.243 0.207 0.059 0.433 
599    (0)   :  0.006 0.006 0.040 0.061 0.595 0.128 0.164 
600    (0)   :  0.017 0.009 0.086 0.141 0.151 0.161 0.435 
601    (0)   :  0.005 0.009 0.042 0.139 0.453 0.123 0.229 
602    (0)   :  0.009 0.013 0.139 0.040 0.207 0.212 0.381 
603    (0)   :  0.008 0.010 0.149 0.034 0.269 0.242 0.287 
604    (0)   :  0.045 0.022 0.078 0.249 0.126 0.116 0.365 
605    (0)   :  0.008 0.014 0.069 0.088 0.306 0.207 0.309 
606    (0)   :  0.026 0.010 0.117 0.054 0.205 0.261 0.328 
607    (0)   :  0.014 0.009 0.216 0.059 0.126 0.134 0.442 
608    (0)   :  0.011 0.008 0.400 0.089 0.190 0.100 0.202 
609    (0)   :  0.007 0.012 0.086 0.089 0.169 0.122 0.515 
610    (0)   :  0.007 0.012 0.068 0.433 0.128 0.172 0.180 
611    (0)   :  0.009 0.009 0.155 0.053 0.280 0.252 0.243 
612    (0)   :  0.013 0.009 0.055 0.410 0.113 0.094 0.306 
613    (0)   :  0.022 0.010 0.066 0.077 0.145 0.245 0.435 
614    (0)   :  0.005 0.010 0.049 0.069 0.093 0.092 0.682 
615    (0)   :  0.006 0.008 0.093 0.212 0.098 0.113 0.469 
616    (0)   :  0.012 0.008 0.154 0.037 0.159 0.140 0.490 
617    (0)   :  0.017 0.050 0.048 0.075 0.153 0.164 0.494 
618    (0)   :  0.105 0.024 0.113 0.251 0.086 0.127 0.295 
619    (0)   :  0.012 0.007 0.124 0.154 0.281 0.261 0.161 
620    (0)   :  0.006 0.009 0.037 0.067 0.468 0.288 0.126 
621    (0)   :  0.007 0.009 0.060 0.061 0.366 0.071 0.427 
622    (0)   :  0.037 0.079 0.086 0.095 0.119 0.214 0.370 
623    (0)   :  0.008 0.009 0.060 0.061 0.351 0.192 0.319 
624    (0)   :  0.188 0.009 0.085 0.251 0.139 0.094 0.234 
625    (0)   :  0.037 0.033 0.115 0.069 0.177 0.088 0.482 
626    (0)   :  0.209 0.009 0.126 0.197 0.076 0.238 0.146 
627    (0)   :  0.016 0.011 0.070 0.060 0.245 0.228 0.370 
628    (0)   :  0.006 0.016 0.086 0.043 0.294 0.261 0.294 
629    (0)   :  0.006 0.010 0.090 0.032 0.241 0.126 0.495 
630    (0)   :  0.012 0.016 0.073 0.080 0.199 0.094 0.526 
631    (0)   :  0.007 0.008 0.070 0.045 0.145 0.114 0.610 
632    (0)   :  0.014 0.012 0.193 0.044 0.107 0.344 0.286 
633    (0)   :  0.019 0.013 0.107 0.127 0.162 0.109 0.462 
634    (0)   :  0.012 0.008 0.158 0.062 0.186 0.279 0.296 
635    (0)   :  0.011 0.007 0.374 0.056 0.108 0.159 0.285 
636    (0)   :  0.048 0.009 0.169 0.073 0.196 0.094 0.411 
637    (0)   :  0.006 0.013 0.107 0.075 0.179 0.375 0.245 
638    (0)   :  0.010 0.008 0.119 0.039 0.231 0.134 0.460 
639    (0)   :  0.016 0.012 0.086 0.070 0.103 0.125 0.589 
