

----------------------------------------------------
STRUCTURE by Pritchard, Stephens and Donnelly (2000)
     and Falush, Stephens and Pritchard (2003)
       Code by Pritchard, Falush and Hubisz
             Version 2.3.4 (Jul 2012)
----------------------------------------------------



Command line arguments:   ./structure -K 7 -D 107009 -m brooktrout/mainparams -e brooktrout/extraparams -o brooktrout/250914_output/results_K7_rep9 
Input File:    brooktrout/brooktrout.txt

Run parameters:
   8454 individuals
   5 loci
   7 populations assumed
   50000 Burn-in period
   100000 Reps
RANDOMIZE turned off


--------------------------------------------
Overall proportion of membership of the
sample in each of the 7 clusters

Inferred Clusters
  1      2      3      4      5      6      7    
0.041  0.023  0.103  0.138  0.177  0.233  0.285  

--------------------------------------------

Allele-freq. divergence among pops (Net nucleotide distance),
computed using point estimates of P.

      1       2       3       4       5       6       7      
 1      -    0.1838  0.1627  0.1523  0.1762  0.1122  0.1353  
 2   0.1838     -    0.1525  0.1534  0.1386  0.1353  0.0892  
 3   0.1627  0.1525     -    0.0750  0.0810  0.0621  0.1533  
 4   0.1523  0.1534  0.0750     -    0.0666  0.0972  0.1486  
 5   0.1762  0.1386  0.0810  0.0666     -    0.0633  0.1287  
 6   0.1122  0.1353  0.0621  0.0972  0.0633     -    0.1032  
 7   0.1353  0.0892  0.1533  0.1486  0.1287  0.1032     -    

Average distances (expected heterozygosity) between individuals in same cluster:
cluster  1  : 0.7529 
cluster  2  : 0.7589 
cluster  3  : 0.7867 
cluster  4  : 0.7436 
cluster  5  : 0.7643 
cluster  6  : 0.8099 
cluster  7  : 0.7330 

--------------------------------------------
Estimated Ln Prob of Data   = -181907.8
Mean value of ln likelihood = -171560.6
Variance of ln likelihood   = 20694.5

Mean value of alpha_1       = 0.0994
Mean value of alpha_2       = 0.0593
Mean value of alpha_3       = 0.2641
Mean value of alpha_4       = 0.3602
Mean value of alpha_5       = 0.4680
Mean value of alpha_6       = 0.6110
Mean value of alpha_7       = 0.7580
Allele frequencies uncorrelated


Inferred ancestry of individuals:
     (%Miss) :  Inferred clusters
  1    (0)   :  0.027 0.020 0.070 0.184 0.179 0.135 0.385 
  2    (0)   :  0.011 0.007 0.043 0.046 0.119 0.636 0.139 
  3    (0)   :  0.030 0.008 0.052 0.137 0.357 0.107 0.309 
  4    (0)   :  0.027 0.063 0.067 0.067 0.115 0.124 0.536 
  5    (0)   :  0.011 0.011 0.048 0.050 0.161 0.596 0.123 
  6    (0)   :  0.011 0.009 0.040 0.080 0.602 0.138 0.120 
  7    (0)   :  0.010 0.010 0.274 0.125 0.288 0.170 0.123 
  8    (0)   :  0.017 0.203 0.073 0.079 0.252 0.116 0.259 
  9    (0)   :  0.015 0.007 0.065 0.095 0.273 0.294 0.251 
 10    (0)   :  0.009 0.180 0.066 0.092 0.316 0.179 0.157 
 11    (0)   :  0.009 0.009 0.188 0.269 0.181 0.214 0.129 
 12    (0)   :  0.014 0.007 0.055 0.047 0.210 0.454 0.213 
 13    (0)   :  0.018 0.009 0.072 0.072 0.327 0.292 0.212 
 14    (0)   :  0.058 0.041 0.039 0.114 0.195 0.293 0.260 
 15    (0)   :  0.021 0.013 0.081 0.111 0.165 0.242 0.367 
 16    (0)   :  0.018 0.008 0.054 0.226 0.330 0.173 0.189 
 17    (0)   :  0.026 0.008 0.052 0.059 0.454 0.211 0.189 
 18    (0)   :  0.020 0.010 0.037 0.139 0.291 0.255 0.248 
 19    (0)   :  0.010 0.007 0.053 0.070 0.517 0.182 0.162 
 20    (0)   :  0.019 0.008 0.107 0.115 0.203 0.355 0.193 
 21    (0)   :  0.023 0.016 0.043 0.127 0.134 0.252 0.404 
 22    (0)   :  0.017 0.008 0.035 0.083 0.502 0.143 0.212 
 23    (0)   :  0.075 0.035 0.081 0.084 0.144 0.187 0.394 
 24    (0)   :  0.016 0.008 0.044 0.175 0.195 0.171 0.391 
 25    (0)   :  0.018 0.009 0.080 0.080 0.430 0.287 0.095 
 26    (0)   :  0.015 0.007 0.050 0.088 0.313 0.234 0.293 
 27    (0)   :  0.032 0.008 0.048 0.103 0.313 0.248 0.249 
 28    (0)   :  0.015 0.119 0.127 0.128 0.157 0.113 0.342 
 29    (0)   :  0.015 0.006 0.080 0.083 0.141 0.489 0.184 
 30    (0)   :  0.023 0.007 0.032 0.139 0.410 0.192 0.195 
 31    (0)   :  0.026 0.169 0.055 0.080 0.162 0.355 0.153 
 32    (0)   :  0.019 0.020 0.058 0.070 0.361 0.161 0.311 
 33    (0)   :  0.022 0.006 0.084 0.210 0.209 0.151 0.318 
 34    (0)   :  0.014 0.142 0.163 0.102 0.323 0.153 0.103 
 35    (0)   :  0.056 0.007 0.041 0.075 0.269 0.368 0.186 
 36    (0)   :  0.086 0.011 0.038 0.445 0.081 0.145 0.195 
 37    (0)   :  0.022 0.010 0.060 0.061 0.186 0.236 0.425 
 38    (0)   :  0.025 0.006 0.076 0.537 0.084 0.163 0.109 
 39    (0)   :  0.037 0.007 0.072 0.285 0.151 0.274 0.174 
 40    (0)   :  0.154 0.009 0.034 0.103 0.155 0.155 0.390 
 41    (0)   :  0.246 0.009 0.073 0.240 0.134 0.147 0.151 
 42    (0)   :  0.075 0.008 0.042 0.242 0.059 0.123 0.452 
 43    (0)   :  0.231 0.016 0.072 0.056 0.139 0.243 0.243 
 44    (0)   :  0.339 0.006 0.044 0.062 0.218 0.205 0.126 
 45    (0)   :  0.054 0.006 0.042 0.312 0.077 0.371 0.138 
 46    (0)   :  0.044 0.006 0.055 0.105 0.339 0.311 0.140 
 47    (0)   :  0.033 0.017 0.051 0.060 0.370 0.251 0.217 
 48    (0)   :  0.332 0.006 0.033 0.058 0.212 0.211 0.149 
 49    (0)   :  0.045 0.007 0.051 0.161 0.163 0.363 0.210 
 50    (0)   :  0.028 0.082 0.101 0.104 0.353 0.223 0.109 
 51    (0)   :  0.473 0.008 0.036 0.185 0.057 0.125 0.118 
 52    (0)   :  0.043 0.006 0.072 0.305 0.157 0.217 0.200 
 53    (0)   :  0.029 0.027 0.058 0.465 0.156 0.109 0.155 
 54    (0)   :  0.043 0.009 0.048 0.044 0.164 0.419 0.273 
 55    (0)   :  0.140 0.007 0.047 0.053 0.121 0.426 0.205 
 56    (0)   :  0.067 0.006 0.037 0.131 0.205 0.298 0.254 
 57    (0)   :  0.013 0.027 0.072 0.070 0.366 0.157 0.295 
 58    (0)   :  0.058 0.008 0.046 0.171 0.092 0.375 0.249 
 59    (0)   :  0.049 0.006 0.063 0.303 0.089 0.302 0.188 
 60    (0)   :  0.129 0.021 0.044 0.167 0.091 0.164 0.384 
 61    (0)   :  0.107 0.010 0.040 0.051 0.062 0.409 0.321 
 62    (0)   :  0.018 0.006 0.050 0.097 0.219 0.437 0.173 
 63    (0)   :  0.046 0.008 0.102 0.149 0.104 0.274 0.316 
 64    (0)   :  0.013 0.006 0.051 0.184 0.340 0.270 0.135 
 65    (0)   :  0.017 0.007 0.168 0.083 0.191 0.435 0.099 
 66    (0)   :  0.022 0.028 0.084 0.075 0.093 0.357 0.341 
 67    (0)   :  0.123 0.007 0.055 0.050 0.129 0.464 0.172 
 68    (0)   :  0.054 0.007 0.054 0.321 0.079 0.262 0.223 
 69    (0)   :  0.045 0.330 0.078 0.231 0.099 0.126 0.091 
 70    (0)   :  0.115 0.017 0.088 0.293 0.079 0.136 0.272 
 71    (0)   :  0.105 0.009 0.057 0.282 0.082 0.361 0.104 
 72    (0)   :  0.051 0.012 0.046 0.337 0.201 0.202 0.152 
 73    (0)   :  0.071 0.011 0.058 0.084 0.081 0.564 0.130 
 74    (0)   :  0.047 0.007 0.036 0.376 0.080 0.125 0.330 
 75    (0)   :  0.051 0.013 0.029 0.232 0.066 0.144 0.464 
 76    (0)   :  0.100 0.008 0.117 0.103 0.143 0.331 0.198 
 77    (0)   :  0.120 0.006 0.070 0.332 0.078 0.245 0.148 
 78    (0)   :  0.097 0.006 0.073 0.428 0.079 0.163 0.156 
 79    (0)   :  0.010 0.010 0.113 0.145 0.261 0.316 0.145 
 80    (0)   :  0.011 0.012 0.094 0.072 0.105 0.119 0.588 
 81    (0)   :  0.009 0.014 0.125 0.104 0.133 0.143 0.472 
 82    (0)   :  0.025 0.009 0.064 0.073 0.097 0.458 0.274 
 83    (0)   :  0.020 0.016 0.113 0.184 0.149 0.128 0.389 
 84    (0)   :  0.012 0.014 0.109 0.184 0.147 0.191 0.343 
 85    (0)   :  0.018 0.020 0.049 0.172 0.202 0.150 0.390 
 86    (0)   :  0.034 0.007 0.062 0.071 0.177 0.479 0.171 
 87    (0)   :  0.022 0.030 0.268 0.168 0.136 0.220 0.156 
 88    (0)   :  0.011 0.010 0.107 0.089 0.099 0.249 0.435 
 89    (0)   :  0.010 0.036 0.077 0.087 0.104 0.220 0.466 
 90    (0)   :  0.011 0.010 0.178 0.122 0.121 0.390 0.168 
 91    (0)   :  0.019 0.016 0.056 0.141 0.121 0.109 0.538 
 92    (0)   :  0.011 0.010 0.085 0.109 0.160 0.383 0.241 
 93    (0)   :  0.011 0.129 0.037 0.056 0.071 0.103 0.593 
 94    (0)   :  0.022 0.011 0.365 0.285 0.095 0.089 0.134 
 95    (0)   :  0.011 0.009 0.240 0.091 0.080 0.255 0.313 
 96    (0)   :  0.122 0.010 0.039 0.054 0.059 0.313 0.402 
 97    (0)   :  0.035 0.008 0.030 0.246 0.073 0.213 0.396 
 98    (0)   :  0.078 0.007 0.038 0.105 0.143 0.366 0.263 
 99    (0)   :  0.010 0.014 0.124 0.147 0.140 0.253 0.311 
100    (0)   :  0.013 0.008 0.035 0.040 0.070 0.172 0.662 
101    (0)   :  0.027 0.121 0.136 0.123 0.121 0.271 0.201 
102    (0)   :  0.047 0.017 0.115 0.127 0.089 0.155 0.449 
103    (0)   :  0.019 0.071 0.132 0.062 0.086 0.388 0.243 
104    (0)   :  0.017 0.025 0.321 0.082 0.104 0.304 0.147 
105    (0)   :  0.018 0.074 0.230 0.052 0.072 0.359 0.194 
106    (0)   :  0.018 0.006 0.236 0.250 0.169 0.242 0.079 
107    (0)   :  0.022 0.035 0.285 0.065 0.087 0.273 0.234 
108    (0)   :  0.222 0.011 0.043 0.142 0.113 0.336 0.131 
109    (0)   :  0.019 0.011 0.145 0.171 0.115 0.459 0.080 
110    (0)   :  0.013 0.009 0.417 0.219 0.124 0.134 0.085 
111    (0)   :  0.014 0.008 0.553 0.049 0.070 0.194 0.112 
112    (0)   :  0.027 0.007 0.540 0.107 0.071 0.154 0.095 
113    (0)   :  0.025 0.014 0.082 0.113 0.153 0.402 0.211 
114    (0)   :  0.014 0.034 0.306 0.077 0.086 0.312 0.172 
115    (0)   :  0.060 0.007 0.372 0.062 0.104 0.251 0.146 
116    (0)   :  0.041 0.006 0.109 0.291 0.113 0.346 0.093 
117    (0)   :  0.020 0.011 0.452 0.160 0.109 0.148 0.100 
118    (0)   :  0.016 0.007 0.080 0.053 0.080 0.643 0.121 
119    (0)   :  0.229 0.014 0.060 0.111 0.071 0.163 0.352 
120    (0)   :  0.031 0.011 0.353 0.077 0.102 0.263 0.162 
121    (0)   :  0.118 0.011 0.384 0.089 0.095 0.202 0.100 
122    (0)   :  0.015 0.014 0.222 0.209 0.137 0.302 0.101 
123    (0)   :  0.022 0.010 0.428 0.115 0.094 0.182 0.148 
124    (0)   :  0.049 0.007 0.212 0.194 0.146 0.268 0.124 
125    (0)   :  0.035 0.010 0.186 0.326 0.168 0.150 0.124 
126    (0)   :  0.040 0.007 0.149 0.314 0.085 0.220 0.185 
127    (0)   :  0.016 0.007 0.566 0.045 0.065 0.173 0.127 
128    (0)   :  0.015 0.006 0.055 0.046 0.078 0.680 0.120 
129    (0)   :  0.018 0.023 0.208 0.054 0.085 0.520 0.093 
130    (0)   :  0.014 0.033 0.302 0.081 0.095 0.288 0.187 
131    (0)   :  0.046 0.017 0.241 0.354 0.099 0.160 0.084 
132    (0)   :  0.017 0.011 0.185 0.167 0.137 0.398 0.085 
133    (0)   :  0.030 0.017 0.377 0.070 0.093 0.259 0.154 
134    (0)   :  0.012 0.005 0.515 0.140 0.097 0.162 0.069 
135    (0)   :  0.043 0.008 0.033 0.065 0.058 0.215 0.578 
136    (0)   :  0.012 0.028 0.028 0.047 0.126 0.100 0.660 
137    (0)   :  0.011 0.031 0.070 0.052 0.068 0.097 0.671 
138    (0)   :  0.015 0.011 0.027 0.055 0.065 0.076 0.752 
139    (0)   :  0.023 0.022 0.032 0.064 0.094 0.337 0.428 
140    (0)   :  0.025 0.045 0.041 0.128 0.083 0.210 0.468 
141    (0)   :  0.015 0.182 0.029 0.073 0.148 0.126 0.428 
142    (0)   :  0.062 0.032 0.032 0.060 0.057 0.233 0.524 
143    (0)   :  0.011 0.009 0.027 0.039 0.056 0.072 0.787 
144    (0)   :  0.012 0.011 0.068 0.046 0.059 0.095 0.709 
145    (0)   :  0.019 0.020 0.030 0.075 0.171 0.147 0.539 
146    (0)   :  0.016 0.027 0.058 0.097 0.130 0.161 0.511 
147    (0)   :  0.010 0.022 0.028 0.044 0.068 0.072 0.757 
148    (0)   :  0.034 0.193 0.046 0.055 0.118 0.194 0.360 
149    (0)   :  0.024 0.311 0.027 0.079 0.064 0.139 0.355 
150    (0)   :  0.013 0.029 0.093 0.059 0.082 0.164 0.560 
151    (0)   :  0.012 0.010 0.036 0.050 0.065 0.103 0.724 
152    (0)   :  0.079 0.055 0.039 0.070 0.155 0.155 0.446 
153    (0)   :  0.019 0.029 0.035 0.086 0.073 0.096 0.662 
154    (0)   :  0.023 0.443 0.027 0.048 0.095 0.131 0.233 
155    (0)   :  0.011 0.012 0.036 0.044 0.063 0.089 0.744 
156    (0)   :  0.038 0.010 0.042 0.049 0.051 0.150 0.660 
157    (0)   :  0.011 0.039 0.087 0.092 0.073 0.099 0.599 
158    (0)   :  0.015 0.023 0.029 0.079 0.161 0.124 0.568 
159    (0)   :  0.009 0.223 0.028 0.043 0.061 0.083 0.553 
160    (0)   :  0.009 0.229 0.026 0.042 0.064 0.103 0.526 
161    (0)   :  0.014 0.019 0.039 0.098 0.084 0.118 0.627 
162    (0)   :  0.018 0.025 0.052 0.089 0.145 0.213 0.458 
163    (0)   :  0.014 0.011 0.033 0.046 0.054 0.082 0.759 
164    (0)   :  0.013 0.315 0.038 0.071 0.094 0.224 0.244 
165    (0)   :  0.013 0.011 0.092 0.057 0.067 0.134 0.625 
166    (0)   :  0.029 0.353 0.062 0.096 0.069 0.130 0.261 
167    (0)   :  0.013 0.552 0.036 0.041 0.141 0.085 0.131 
168    (0)   :  0.029 0.016 0.033 0.116 0.088 0.091 0.628 
169    (0)   :  0.017 0.019 0.028 0.249 0.155 0.120 0.411 
170    (0)   :  0.024 0.009 0.036 0.051 0.063 0.131 0.686 
171    (0)   :  0.028 0.035 0.035 0.093 0.135 0.151 0.523 
172    (0)   :  0.033 0.061 0.027 0.224 0.062 0.122 0.471 
173    (0)   :  0.011 0.025 0.027 0.041 0.067 0.107 0.722 
174    (0)   :  0.009 0.036 0.036 0.054 0.075 0.099 0.690 
175    (0)   :  0.018 0.011 0.026 0.040 0.117 0.077 0.711 
176    (0)   :  0.012 0.011 0.068 0.045 0.060 0.095 0.708 
177    (0)   :  0.013 0.034 0.076 0.162 0.087 0.122 0.507 
178    (0)   :  0.010 0.046 0.037 0.053 0.162 0.111 0.580 
179    (0)   :  0.010 0.155 0.027 0.041 0.068 0.082 0.616 
180    (0)   :  0.022 0.106 0.043 0.078 0.127 0.134 0.489 
181    (0)   :  0.017 0.016 0.029 0.068 0.080 0.145 0.644 
182    (0)   :  0.015 0.010 0.028 0.040 0.058 0.127 0.721 
183    (0)   :  0.012 0.019 0.027 0.041 0.070 0.088 0.742 
184    (0)   :  0.014 0.007 0.046 0.048 0.240 0.477 0.169 
185    (0)   :  0.042 0.009 0.027 0.037 0.049 0.089 0.747 
186    (0)   :  0.014 0.007 0.071 0.052 0.199 0.511 0.146 
187    (0)   :  0.015 0.013 0.044 0.045 0.133 0.312 0.437 
188    (0)   :  0.015 0.007 0.051 0.042 0.157 0.620 0.107 
189    (0)   :  0.023 0.011 0.039 0.143 0.223 0.122 0.439 
190    (0)   :  0.125 0.007 0.028 0.036 0.046 0.257 0.501 
191    (0)   :  0.012 0.011 0.031 0.043 0.100 0.575 0.228 
192    (0)   :  0.011 0.009 0.063 0.055 0.140 0.316 0.408 
193    (0)   :  0.018 0.010 0.035 0.064 0.133 0.379 0.362 
194    (0)   :  0.023 0.010 0.058 0.063 0.109 0.298 0.439 
195    (0)   :  0.026 0.009 0.026 0.038 0.058 0.200 0.643 
196    (0)   :  0.048 0.008 0.043 0.048 0.069 0.380 0.405 
197    (0)   :  0.019 0.009 0.066 0.052 0.269 0.297 0.288 
198    (0)   :  0.021 0.011 0.044 0.132 0.163 0.322 0.306 
199    (0)   :  0.041 0.007 0.040 0.057 0.068 0.314 0.473 
200    (0)   :  0.062 0.008 0.042 0.076 0.125 0.326 0.361 
201    (0)   :  0.018 0.010 0.033 0.038 0.081 0.186 0.635 
202    (0)   :  0.025 0.007 0.039 0.038 0.055 0.148 0.689 
203    (0)   :  0.013 0.009 0.033 0.036 0.072 0.235 0.602 
204    (0)   :  0.024 0.008 0.030 0.038 0.061 0.418 0.420 
205    (0)   :  0.027 0.010 0.034 0.066 0.091 0.469 0.303 
206    (0)   :  0.021 0.010 0.031 0.036 0.083 0.423 0.395 
207    (0)   :  0.022 0.006 0.039 0.037 0.067 0.606 0.224 
208    (0)   :  0.023 0.011 0.030 0.041 0.069 0.380 0.446 
209    (0)   :  0.017 0.009 0.032 0.048 0.110 0.487 0.297 
210    (0)   :  0.016 0.009 0.038 0.041 0.076 0.429 0.390 
211    (0)   :  0.045 0.006 0.058 0.036 0.066 0.437 0.352 
212    (0)   :  0.023 0.008 0.026 0.052 0.099 0.137 0.655 
213    (0)   :  0.045 0.007 0.061 0.106 0.074 0.403 0.305 
214    (0)   :  0.016 0.007 0.034 0.038 0.076 0.178 0.652 
215    (0)   :  0.022 0.010 0.037 0.050 0.081 0.599 0.202 
216    (0)   :  0.016 0.007 0.051 0.051 0.241 0.415 0.219 
217    (0)   :  0.021 0.008 0.032 0.045 0.095 0.180 0.619 
218    (0)   :  0.014 0.009 0.044 0.058 0.105 0.448 0.323 
219    (0)   :  0.015 0.009 0.044 0.060 0.268 0.176 0.428 
220    (0)   :  0.015 0.010 0.030 0.038 0.070 0.595 0.241 
221    (0)   :  0.031 0.007 0.025 0.037 0.051 0.096 0.753 
222    (0)   :  0.016 0.009 0.049 0.052 0.327 0.261 0.287 
223    (0)   :  0.016 0.013 0.045 0.058 0.144 0.219 0.505 
224    (0)   :  0.015 0.010 0.034 0.037 0.085 0.269 0.549 
225    (0)   :  0.025 0.009 0.036 0.050 0.082 0.403 0.395 
226    (0)   :  0.018 0.013 0.046 0.161 0.162 0.274 0.324 
227    (0)   :  0.043 0.010 0.043 0.038 0.065 0.297 0.504 
228    (0)   :  0.066 0.009 0.028 0.036 0.053 0.220 0.589 
229    (0)   :  0.011 0.009 0.038 0.037 0.099 0.283 0.522 
230    (0)   :  0.011 0.008 0.036 0.037 0.081 0.368 0.459 
231    (0)   :  0.012 0.010 0.032 0.044 0.135 0.293 0.474 
232    (0)   :  0.020 0.008 0.046 0.113 0.088 0.260 0.466 
233    (0)   :  0.013 0.009 0.033 0.037 0.077 0.166 0.665 
234    (0)   :  0.013 0.009 0.046 0.064 0.181 0.335 0.352 
235    (0)   :  0.024 0.010 0.035 0.070 0.125 0.267 0.469 
236    (0)   :  0.013 0.007 0.042 0.049 0.112 0.247 0.530 
237    (0)   :  0.022 0.007 0.032 0.044 0.073 0.546 0.277 
238    (0)   :  0.016 0.007 0.044 0.046 0.087 0.188 0.612 
239    (0)   :  0.028 0.009 0.026 0.038 0.058 0.201 0.641 
240    (0)   :  0.015 0.007 0.046 0.046 0.087 0.185 0.614 
241    (0)   :  0.018 0.009 0.030 0.047 0.064 0.157 0.674 
242    (0)   :  0.023 0.011 0.037 0.085 0.172 0.247 0.426 
243    (0)   :  0.054 0.008 0.032 0.035 0.056 0.397 0.418 
244    (0)   :  0.013 0.008 0.032 0.036 0.074 0.273 0.564 
245    (0)   :  0.017 0.009 0.033 0.046 0.058 0.109 0.727 
246    (0)   :  0.021 0.008 0.033 0.044 0.095 0.179 0.620 
247    (0)   :  0.022 0.007 0.089 0.113 0.107 0.527 0.134 
248    (0)   :  0.018 0.006 0.040 0.044 0.076 0.673 0.144 
249    (0)   :  0.015 0.008 0.039 0.039 0.084 0.269 0.548 
250    (0)   :  0.011 0.008 0.045 0.046 0.122 0.332 0.436 
251    (0)   :  0.027 0.011 0.052 0.112 0.192 0.351 0.256 
252    (0)   :  0.024 0.009 0.039 0.053 0.102 0.288 0.486 
253    (0)   :  0.024 0.008 0.063 0.096 0.109 0.431 0.268 
254    (0)   :  0.019 0.008 0.048 0.043 0.253 0.300 0.330 
255    (0)   :  0.017 0.010 0.035 0.051 0.157 0.366 0.364 
256    (0)   :  0.022 0.008 0.035 0.046 0.085 0.272 0.531 
257    (0)   :  0.023 0.015 0.050 0.052 0.095 0.412 0.353 
258    (0)   :  0.046 0.010 0.041 0.072 0.091 0.478 0.262 
259    (0)   :  0.014 0.009 0.043 0.045 0.108 0.448 0.333 
260    (0)   :  0.012 0.007 0.053 0.044 0.269 0.169 0.445 
261    (0)   :  0.028 0.008 0.035 0.054 0.088 0.196 0.591 
262    (0)   :  0.036 0.007 0.026 0.045 0.056 0.151 0.679 
263    (0)   :  0.017 0.007 0.040 0.035 0.137 0.532 0.232 
264    (0)   :  0.017 0.006 0.039 0.067 0.397 0.366 0.109 
265    (0)   :  0.018 0.010 0.037 0.065 0.142 0.342 0.386 
266    (0)   :  0.022 0.007 0.026 0.038 0.051 0.106 0.751 
267    (0)   :  0.018 0.008 0.043 0.044 0.125 0.351 0.412 
268    (0)   :  0.047 0.008 0.043 0.048 0.069 0.380 0.405 
269    (0)   :  0.017 0.010 0.042 0.087 0.274 0.176 0.395 
270    (0)   :  0.015 0.014 0.051 0.050 0.202 0.466 0.202 
271    (0)   :  0.025 0.010 0.041 0.056 0.084 0.546 0.237 
272    (0)   :  0.034 0.013 0.049 0.144 0.114 0.384 0.262 
273    (0)   :  0.025 0.115 0.067 0.091 0.150 0.246 0.306 
274    (0)   :  0.016 0.011 0.039 0.079 0.139 0.418 0.297 
275    (0)   :  0.023 0.061 0.041 0.069 0.169 0.332 0.305 
276    (0)   :  0.034 0.009 0.055 0.122 0.105 0.419 0.256 
277    (0)   :  0.015 0.010 0.044 0.059 0.154 0.253 0.465 
278    (0)   :  0.030 0.009 0.035 0.050 0.076 0.549 0.251 
279    (0)   :  0.015 0.010 0.042 0.058 0.118 0.364 0.393 
280    (0)   :  0.021 0.008 0.038 0.093 0.172 0.287 0.381 
281    (0)   :  0.017 0.011 0.045 0.070 0.099 0.466 0.292 
282    (0)   :  0.012 0.008 0.043 0.051 0.136 0.175 0.575 
283    (0)   :  0.014 0.009 0.041 0.038 0.094 0.178 0.625 
284    (0)   :  0.018 0.019 0.060 0.057 0.106 0.355 0.386 
285    (0)   :  0.029 0.006 0.036 0.065 0.078 0.684 0.102 
286    (0)   :  0.013 0.008 0.032 0.036 0.074 0.272 0.565 
287    (0)   :  0.016 0.013 0.047 0.101 0.164 0.300 0.359 
288    (0)   :  0.018 0.013 0.045 0.117 0.145 0.393 0.270 
289    (0)   :  0.043 0.034 0.068 0.066 0.131 0.456 0.201 
290    (0)   :  0.039 0.006 0.038 0.082 0.171 0.369 0.294 
291    (0)   :  0.026 0.011 0.040 0.056 0.085 0.544 0.238 
292    (0)   :  0.038 0.008 0.033 0.110 0.116 0.202 0.493 
293    (0)   :  0.051 0.006 0.040 0.110 0.212 0.392 0.189 
294    (0)   :  0.024 0.007 0.038 0.045 0.144 0.504 0.237 
295    (0)   :  0.040 0.047 0.056 0.114 0.116 0.399 0.229 
296    (0)   :  0.020 0.009 0.042 0.051 0.075 0.545 0.258 
297    (0)   :  0.017 0.008 0.039 0.088 0.210 0.369 0.268 
298    (0)   :  0.011 0.009 0.049 0.049 0.157 0.239 0.487 
299    (0)   :  0.014 0.009 0.042 0.037 0.210 0.446 0.243 
300    (0)   :  0.018 0.007 0.031 0.054 0.079 0.632 0.178 
301    (0)   :  0.014 0.014 0.043 0.054 0.283 0.379 0.212 
302    (0)   :  0.044 0.015 0.039 0.047 0.125 0.512 0.218 
303    (0)   :  0.016 0.007 0.034 0.056 0.100 0.242 0.544 
304    (0)   :  0.011 0.019 0.066 0.052 0.267 0.153 0.432 
305    (0)   :  0.023 0.019 0.027 0.049 0.070 0.276 0.538 
306    (0)   :  0.019 0.009 0.036 0.056 0.118 0.167 0.595 
307    (0)   :  0.015 0.010 0.046 0.057 0.130 0.325 0.418 
308    (0)   :  0.028 0.009 0.034 0.055 0.089 0.195 0.590 
309    (0)   :  0.045 0.065 0.063 0.049 0.087 0.495 0.196 
310    (0)   :  0.026 0.008 0.031 0.038 0.070 0.288 0.539 
311    (0)   :  0.011 0.008 0.035 0.037 0.081 0.369 0.458 
312    (0)   :  0.019 0.010 0.039 0.038 0.063 0.591 0.240 
313    (0)   :  0.058 0.008 0.034 0.043 0.062 0.628 0.168 
314    (0)   :  0.024 0.187 0.027 0.047 0.057 0.077 0.582 
315    (0)   :  0.027 0.251 0.031 0.066 0.068 0.072 0.485 
316    (0)   :  0.014 0.561 0.030 0.056 0.068 0.066 0.206 
317    (0)   :  0.014 0.226 0.029 0.045 0.062 0.074 0.550 
318    (0)   :  0.009 0.531 0.027 0.042 0.062 0.064 0.265 
319    (0)   :  0.011 0.009 0.027 0.039 0.058 0.075 0.781 
320    (0)   :  0.025 0.184 0.028 0.047 0.057 0.077 0.583 
321    (0)   :  0.013 0.417 0.027 0.045 0.065 0.070 0.363 
322    (0)   :  0.037 0.208 0.035 0.069 0.076 0.079 0.495 
323    (0)   :  0.010 0.233 0.028 0.041 0.074 0.070 0.544 
324    (0)   :  0.012 0.416 0.028 0.045 0.065 0.070 0.364 
325    (0)   :  0.012 0.594 0.029 0.053 0.064 0.064 0.184 
326    (0)   :  0.012 0.647 0.029 0.051 0.062 0.064 0.136 
327    (0)   :  0.014 0.227 0.029 0.046 0.061 0.074 0.550 
328    (0)   :  0.021 0.225 0.033 0.069 0.077 0.081 0.494 
329    (0)   :  0.009 0.032 0.027 0.042 0.063 0.065 0.762 
330    (0)   :  0.014 0.228 0.029 0.046 0.061 0.074 0.549 
331    (0)   :  0.009 0.196 0.027 0.042 0.063 0.072 0.593 
332    (0)   :  0.012 0.641 0.028 0.051 0.065 0.063 0.139 
333    (0)   :  0.013 0.529 0.029 0.053 0.066 0.078 0.232 
334    (0)   :  0.021 0.223 0.032 0.069 0.076 0.082 0.496 
335    (0)   :  0.027 0.072 0.035 0.070 0.074 0.074 0.647 
336    (0)   :  0.016 0.553 0.026 0.045 0.061 0.069 0.230 
337    (0)   :  0.019 0.491 0.031 0.060 0.068 0.072 0.260 
338    (0)   :  0.008 0.608 0.026 0.041 0.063 0.063 0.189 
339    (0)   :  0.009 0.191 0.027 0.041 0.063 0.071 0.597 
340    (0)   :  0.010 0.052 0.027 0.039 0.056 0.071 0.746 
341    (0)   :  0.010 0.302 0.027 0.041 0.066 0.075 0.478 
342    (0)   :  0.014 0.229 0.029 0.046 0.061 0.073 0.547 
343    (0)   :  0.047 0.191 0.033 0.067 0.082 0.074 0.506 
344    (0)   :  0.009 0.190 0.027 0.042 0.063 0.065 0.604 
345    (0)   :  0.014 0.228 0.029 0.047 0.061 0.073 0.548 
346    (0)   :  0.011 0.306 0.028 0.043 0.061 0.070 0.481 
347    (0)   :  0.010 0.050 0.027 0.039 0.056 0.065 0.754 
348    (0)   :  0.051 0.055 0.032 0.068 0.067 0.075 0.651 
349    (0)   :  0.014 0.228 0.028 0.046 0.062 0.073 0.548 
350    (0)   :  0.013 0.025 0.026 0.042 0.060 0.076 0.759 
351    (0)   :  0.028 0.072 0.034 0.069 0.075 0.074 0.648 
352    (0)   :  0.028 0.309 0.033 0.064 0.067 0.079 0.420 
353    (0)   :  0.017 0.553 0.026 0.046 0.061 0.070 0.228 
354    (0)   :  0.010 0.213 0.028 0.043 0.067 0.067 0.572 
355    (0)   :  0.009 0.529 0.027 0.043 0.063 0.064 0.266 
356    (0)   :  0.051 0.012 0.033 0.070 0.067 0.074 0.693 
357    (0)   :  0.017 0.025 0.036 0.146 0.211 0.092 0.473 
358    (0)   :  0.012 0.517 0.030 0.054 0.068 0.066 0.252 
359    (0)   :  0.009 0.451 0.027 0.041 0.064 0.075 0.334 
360    (0)   :  0.011 0.306 0.028 0.044 0.061 0.071 0.481 
361    (0)   :  0.024 0.016 0.037 0.154 0.210 0.100 0.458 
362    (0)   :  0.018 0.022 0.073 0.295 0.163 0.257 0.172 
363    (0)   :  0.024 0.011 0.115 0.216 0.286 0.237 0.112 
364    (0)   :  0.019 0.016 0.055 0.059 0.352 0.170 0.328 
365    (0)   :  0.017 0.012 0.050 0.253 0.332 0.210 0.127 
366    (0)   :  0.104 0.011 0.039 0.114 0.289 0.199 0.244 
367    (0)   :  0.012 0.006 0.325 0.316 0.131 0.128 0.081 
368    (0)   :  0.010 0.010 0.072 0.093 0.159 0.514 0.142 
369    (0)   :  0.111 0.040 0.049 0.080 0.249 0.161 0.310 
370    (0)   :  0.018 0.040 0.206 0.076 0.159 0.351 0.151 
371    (0)   :  0.028 0.038 0.057 0.064 0.370 0.246 0.198 
372    (0)   :  0.025 0.049 0.105 0.076 0.116 0.443 0.187 
373    (0)   :  0.015 0.008 0.206 0.117 0.220 0.202 0.233 
374    (0)   :  0.018 0.028 0.079 0.160 0.208 0.175 0.330 
375    (0)   :  0.013 0.012 0.103 0.099 0.448 0.229 0.096 
376    (0)   :  0.013 0.009 0.065 0.262 0.468 0.090 0.093 
377    (0)   :  0.021 0.032 0.050 0.202 0.161 0.404 0.129 
378    (0)   :  0.016 0.048 0.375 0.091 0.076 0.144 0.250 
379    (0)   :  0.020 0.012 0.093 0.209 0.482 0.101 0.083 
380    (0)   :  0.036 0.019 0.032 0.330 0.180 0.125 0.278 
381    (0)   :  0.053 0.009 0.029 0.142 0.398 0.102 0.267 
382    (0)   :  0.010 0.015 0.114 0.118 0.494 0.144 0.104 
383    (0)   :  0.016 0.266 0.032 0.239 0.202 0.125 0.120 
384    (0)   :  0.017 0.100 0.089 0.093 0.429 0.125 0.147 
385    (0)   :  0.010 0.209 0.089 0.066 0.220 0.271 0.135 
386    (0)   :  0.014 0.008 0.104 0.332 0.252 0.179 0.113 
387    (0)   :  0.016 0.007 0.100 0.257 0.281 0.204 0.135 
388    (0)   :  0.013 0.040 0.080 0.115 0.252 0.218 0.283 
389    (0)   :  0.054 0.024 0.053 0.050 0.108 0.589 0.121 
390    (0)   :  0.060 0.021 0.153 0.416 0.107 0.141 0.101 
391    (0)   :  0.041 0.020 0.154 0.105 0.137 0.361 0.181 
392    (0)   :  0.017 0.008 0.065 0.256 0.273 0.158 0.223 
393    (0)   :  0.042 0.013 0.045 0.483 0.139 0.082 0.196 
394    (0)   :  0.017 0.066 0.095 0.259 0.141 0.143 0.280 
395    (0)   :  0.031 0.006 0.068 0.304 0.085 0.355 0.152 
396    (0)   :  0.011 0.006 0.088 0.122 0.386 0.301 0.085 
397    (0)   :  0.018 0.009 0.039 0.044 0.397 0.200 0.293 
398    (0)   :  0.013 0.008 0.084 0.549 0.159 0.102 0.086 
399    (0)   :  0.021 0.013 0.380 0.183 0.092 0.196 0.115 
400    (0)   :  0.015 0.007 0.178 0.178 0.337 0.117 0.167 
401    (0)   :  0.034 0.006 0.184 0.293 0.082 0.221 0.179 
402    (0)   :  0.063 0.010 0.098 0.106 0.249 0.294 0.181 
403    (0)   :  0.015 0.010 0.085 0.100 0.133 0.188 0.469 
404    (0)   :  0.011 0.006 0.062 0.107 0.306 0.290 0.218 
405    (0)   :  0.023 0.010 0.050 0.220 0.259 0.243 0.195 
406    (0)   :  0.107 0.007 0.039 0.355 0.089 0.127 0.277 
407    (0)   :  0.011 0.006 0.047 0.503 0.209 0.136 0.088 
408    (0)   :  0.042 0.006 0.154 0.128 0.070 0.507 0.093 
409    (0)   :  0.058 0.011 0.054 0.288 0.075 0.097 0.417 
410    (0)   :  0.025 0.020 0.135 0.208 0.293 0.146 0.173 
411    (0)   :  0.055 0.064 0.072 0.111 0.418 0.111 0.170 
412    (0)   :  0.011 0.009 0.102 0.122 0.258 0.364 0.135 
413    (0)   :  0.013 0.040 0.093 0.192 0.146 0.275 0.241 
414    (0)   :  0.011 0.012 0.138 0.083 0.244 0.428 0.084 
415    (0)   :  0.039 0.007 0.064 0.329 0.274 0.155 0.132 
416    (0)   :  0.032 0.007 0.122 0.232 0.200 0.187 0.220 
417    (0)   :  0.016 0.012 0.064 0.499 0.175 0.136 0.098 
418    (0)   :  0.009 0.007 0.206 0.145 0.301 0.235 0.097 
419    (0)   :  0.024 0.012 0.093 0.206 0.143 0.205 0.316 
420    (0)   :  0.070 0.006 0.155 0.358 0.080 0.204 0.128 
421    (0)   :  0.014 0.012 0.071 0.378 0.133 0.286 0.106 
422    (0)   :  0.026 0.007 0.035 0.336 0.088 0.362 0.145 
423    (0)   :  0.021 0.007 0.071 0.198 0.336 0.217 0.151 
424    (0)   :  0.099 0.009 0.308 0.172 0.109 0.151 0.152 
425    (0)   :  0.017 0.013 0.074 0.096 0.346 0.261 0.192 
426    (0)   :  0.019 0.078 0.276 0.128 0.201 0.146 0.151 
427    (0)   :  0.012 0.030 0.081 0.532 0.092 0.079 0.174 
428    (0)   :  0.028 0.010 0.041 0.372 0.087 0.139 0.323 
429    (0)   :  0.011 0.006 0.139 0.366 0.280 0.116 0.082 
430    (0)   :  0.014 0.008 0.050 0.556 0.135 0.136 0.100 
431    (0)   :  0.014 0.022 0.221 0.097 0.189 0.276 0.182 
432    (0)   :  0.012 0.010 0.081 0.127 0.158 0.453 0.160 
433    (0)   :  0.019 0.010 0.075 0.061 0.144 0.260 0.432 
434    (0)   :  0.021 0.010 0.044 0.109 0.309 0.260 0.248 
435    (0)   :  0.015 0.007 0.045 0.656 0.091 0.105 0.081 
436    (0)   :  0.034 0.009 0.155 0.493 0.117 0.064 0.128 
437    (0)   :  0.015 0.008 0.040 0.131 0.587 0.129 0.092 
438    (0)   :  0.071 0.011 0.078 0.508 0.062 0.110 0.160 
439    (0)   :  0.011 0.008 0.056 0.662 0.091 0.069 0.102 
440    (0)   :  0.019 0.006 0.085 0.560 0.161 0.096 0.072 
441    (0)   :  0.015 0.015 0.055 0.472 0.153 0.107 0.183 
442    (0)   :  0.022 0.006 0.081 0.275 0.253 0.258 0.106 
443    (0)   :  0.083 0.007 0.300 0.299 0.085 0.135 0.092 
444    (0)   :  0.037 0.006 0.069 0.335 0.256 0.197 0.100 
445    (0)   :  0.023 0.008 0.047 0.424 0.154 0.089 0.255 
446    (0)   :  0.011 0.010 0.155 0.529 0.136 0.070 0.090 
447    (0)   :  0.039 0.008 0.054 0.433 0.122 0.164 0.179 
448    (0)   :  0.016 0.008 0.048 0.432 0.217 0.177 0.101 
449    (0)   :  0.015 0.009 0.049 0.348 0.244 0.171 0.163 
450    (0)   :  0.009 0.011 0.086 0.177 0.461 0.097 0.159 
451    (0)   :  0.024 0.007 0.186 0.168 0.186 0.353 0.076 
452    (0)   :  0.010 0.008 0.083 0.337 0.310 0.093 0.159 
453    (0)   :  0.141 0.009 0.120 0.186 0.086 0.252 0.206 
454    (0)   :  0.018 0.026 0.073 0.350 0.263 0.107 0.162 
455    (0)   :  0.027 0.008 0.067 0.651 0.082 0.080 0.086 
456    (0)   :  0.068 0.007 0.061 0.484 0.142 0.150 0.088 
457    (0)   :  0.014 0.008 0.035 0.404 0.319 0.118 0.101 
458    (0)   :  0.011 0.009 0.071 0.528 0.188 0.081 0.111 
459    (0)   :  0.014 0.009 0.114 0.520 0.086 0.074 0.184 
460    (0)   :  0.015 0.007 0.159 0.560 0.094 0.079 0.086 
461    (0)   :  0.009 0.008 0.460 0.202 0.149 0.081 0.091 
462    (0)   :  0.030 0.007 0.137 0.350 0.179 0.226 0.070 
463    (0)   :  0.189 0.010 0.051 0.373 0.085 0.138 0.155 
464    (0)   :  0.026 0.006 0.096 0.605 0.079 0.104 0.084 
465    (0)   :  0.025 0.009 0.172 0.359 0.116 0.198 0.121 
466    (0)   :  0.065 0.007 0.070 0.479 0.082 0.198 0.100 
467    (0)   :  0.023 0.012 0.099 0.442 0.136 0.137 0.151 
468    (0)   :  0.039 0.006 0.031 0.588 0.153 0.099 0.084 
469    (0)   :  0.013 0.008 0.037 0.716 0.076 0.065 0.084 
470    (0)   :  0.013 0.007 0.064 0.677 0.078 0.081 0.080 
471    (0)   :  0.075 0.007 0.119 0.206 0.204 0.264 0.126 
472    (0)   :  0.030 0.007 0.077 0.340 0.212 0.207 0.128 
473    (0)   :  0.023 0.012 0.042 0.308 0.249 0.209 0.158 
474    (0)   :  0.019 0.008 0.075 0.382 0.237 0.104 0.175 
475    (0)   :  0.017 0.008 0.124 0.361 0.108 0.183 0.198 
476    (0)   :  0.024 0.008 0.104 0.325 0.342 0.079 0.118 
477    (0)   :  0.034 0.011 0.250 0.246 0.143 0.166 0.150 
478    (0)   :  0.015 0.008 0.566 0.141 0.083 0.102 0.084 
479    (0)   :  0.014 0.007 0.066 0.558 0.182 0.091 0.081 
480    (0)   :  0.013 0.007 0.056 0.428 0.321 0.076 0.098 
481    (0)   :  0.014 0.006 0.047 0.170 0.214 0.444 0.106 
482    (0)   :  0.011 0.006 0.102 0.492 0.224 0.080 0.085 
483    (0)   :  0.014 0.011 0.086 0.616 0.095 0.074 0.104 
484    (0)   :  0.052 0.009 0.050 0.541 0.071 0.169 0.107 
485    (0)   :  0.020 0.009 0.081 0.661 0.075 0.070 0.085 
486    (0)   :  0.061 0.009 0.110 0.068 0.209 0.389 0.153 
487    (0)   :  0.022 0.013 0.058 0.060 0.275 0.296 0.275 
488    (0)   :  0.016 0.011 0.115 0.058 0.140 0.458 0.203 
489    (0)   :  0.071 0.010 0.036 0.044 0.338 0.201 0.300 
490    (0)   :  0.044 0.007 0.228 0.105 0.200 0.313 0.103 
491    (0)   :  0.018 0.010 0.040 0.052 0.120 0.479 0.282 
492    (0)   :  0.023 0.009 0.182 0.065 0.086 0.225 0.412 
493    (0)   :  0.019 0.010 0.061 0.040 0.231 0.474 0.165 
494    (0)   :  0.020 0.008 0.064 0.061 0.232 0.331 0.284 
495    (0)   :  0.036 0.010 0.290 0.054 0.133 0.184 0.294 
496    (0)   :  0.023 0.011 0.055 0.087 0.116 0.190 0.517 
497    (0)   :  0.017 0.017 0.046 0.047 0.195 0.437 0.242 
498    (0)   :  0.079 0.009 0.101 0.075 0.223 0.326 0.187 
499    (0)   :  0.026 0.013 0.042 0.051 0.220 0.236 0.411 
500    (0)   :  0.019 0.007 0.045 0.056 0.410 0.275 0.188 
501    (0)   :  0.011 0.008 0.078 0.082 0.269 0.199 0.354 
502    (0)   :  0.009 0.009 0.131 0.080 0.137 0.258 0.376 
503    (0)   :  0.015 0.007 0.042 0.120 0.424 0.266 0.126 
504    (0)   :  0.028 0.008 0.184 0.079 0.111 0.449 0.141 
505    (0)   :  0.027 0.007 0.059 0.056 0.117 0.449 0.285 
506    (0)   :  0.014 0.009 0.179 0.063 0.127 0.246 0.363 
507    (0)   :  0.027 0.010 0.029 0.045 0.067 0.111 0.711 
508    (0)   :  0.056 0.012 0.039 0.037 0.082 0.160 0.615 
509    (0)   :  0.019 0.008 0.052 0.062 0.095 0.352 0.412 
510    (0)   :  0.018 0.007 0.056 0.045 0.346 0.144 0.385 
511    (0)   :  0.021 0.007 0.149 0.171 0.264 0.216 0.172 
512    (0)   :  0.010 0.006 0.125 0.114 0.466 0.175 0.104 
513    (0)   :  0.048 0.008 0.181 0.034 0.054 0.512 0.162 
514    (0)   :  0.019 0.014 0.248 0.106 0.114 0.324 0.176 
515    (0)   :  0.046 0.009 0.048 0.245 0.175 0.195 0.283 
516    (0)   :  0.032 0.008 0.103 0.071 0.088 0.514 0.183 
517    (0)   :  0.090 0.010 0.065 0.247 0.110 0.190 0.289 
518    (0)   :  0.012 0.012 0.042 0.047 0.410 0.147 0.329 
519    (0)   :  0.017 0.007 0.246 0.130 0.103 0.296 0.201 
520    (0)   :  0.130 0.010 0.035 0.207 0.092 0.112 0.414 
521    (0)   :  0.021 0.211 0.098 0.071 0.093 0.239 0.266 
522    (0)   :  0.180 0.008 0.059 0.096 0.381 0.143 0.132 
523    (0)   :  0.248 0.028 0.073 0.122 0.082 0.137 0.311 
524    (0)   :  0.062 0.010 0.043 0.380 0.120 0.173 0.212 
525    (0)   :  0.030 0.013 0.037 0.119 0.295 0.130 0.375 
526    (0)   :  0.169 0.008 0.032 0.363 0.069 0.143 0.217 
527    (0)   :  0.011 0.007 0.096 0.063 0.432 0.252 0.138 
528    (0)   :  0.017 0.041 0.045 0.048 0.094 0.204 0.551 
529    (0)   :  0.018 0.017 0.050 0.065 0.201 0.364 0.285 
530    (0)   :  0.048 0.007 0.051 0.146 0.352 0.186 0.209 
531    (0)   :  0.023 0.035 0.049 0.189 0.135 0.140 0.429 
532    (0)   :  0.030 0.054 0.054 0.046 0.262 0.255 0.299 
533    (0)   :  0.040 0.010 0.039 0.119 0.373 0.236 0.183 
534    (0)   :  0.060 0.008 0.084 0.045 0.113 0.390 0.300 
535    (0)   :  0.101 0.008 0.085 0.262 0.095 0.229 0.220 
536    (0)   :  0.031 0.010 0.077 0.233 0.119 0.179 0.351 
537    (0)   :  0.078 0.025 0.069 0.076 0.105 0.144 0.503 
538    (0)   :  0.050 0.009 0.050 0.103 0.143 0.242 0.403 
539    (0)   :  0.020 0.007 0.034 0.038 0.085 0.120 0.695 
540    (0)   :  0.051 0.206 0.037 0.100 0.123 0.280 0.203 
541    (0)   :  0.026 0.150 0.076 0.103 0.116 0.115 0.414 
542    (0)   :  0.061 0.007 0.042 0.289 0.092 0.306 0.203 
543    (0)   :  0.158 0.191 0.119 0.104 0.072 0.158 0.199 
544    (0)   :  0.152 0.016 0.043 0.173 0.097 0.249 0.270 
545    (0)   :  0.264 0.008 0.065 0.278 0.077 0.195 0.112 
546    (0)   :  0.045 0.019 0.048 0.113 0.101 0.336 0.338 
547    (0)   :  0.335 0.011 0.065 0.114 0.065 0.112 0.297 
548    (0)   :  0.011 0.008 0.045 0.046 0.122 0.331 0.437 
549    (0)   :  0.049 0.011 0.046 0.229 0.068 0.077 0.520 
550    (0)   :  0.217 0.006 0.097 0.257 0.102 0.136 0.186 
551    (0)   :  0.024 0.015 0.063 0.105 0.085 0.093 0.615 
552    (0)   :  0.040 0.007 0.034 0.066 0.120 0.281 0.451 
553    (0)   :  0.416 0.049 0.075 0.058 0.057 0.108 0.237 
554    (0)   :  0.037 0.246 0.076 0.081 0.225 0.195 0.140 
555    (0)   :  0.065 0.029 0.058 0.062 0.110 0.185 0.491 
556    (0)   :  0.032 0.016 0.050 0.087 0.121 0.299 0.396 
557    (0)   :  0.060 0.019 0.110 0.393 0.089 0.109 0.221 
558    (0)   :  0.009 0.006 0.098 0.534 0.196 0.071 0.086 
559    (0)   :  0.029 0.011 0.120 0.090 0.155 0.436 0.159 
560    (0)   :  0.013 0.005 0.306 0.358 0.084 0.161 0.072 
561    (0)   :  0.019 0.007 0.066 0.294 0.148 0.372 0.094 
562    (0)   :  0.046 0.006 0.150 0.151 0.219 0.356 0.071 
563    (0)   :  0.023 0.008 0.288 0.174 0.092 0.131 0.283 
564    (0)   :  0.058 0.031 0.054 0.073 0.180 0.468 0.135 
565    (0)   :  0.010 0.007 0.040 0.549 0.187 0.105 0.102 
566    (0)   :  0.015 0.006 0.403 0.209 0.166 0.128 0.074 
567    (0)   :  0.023 0.008 0.056 0.064 0.161 0.585 0.103 
568    (0)   :  0.026 0.009 0.088 0.270 0.110 0.342 0.155 
569    (0)   :  0.104 0.029 0.099 0.126 0.385 0.131 0.126 
570    (0)   :  0.013 0.007 0.075 0.142 0.587 0.101 0.075 
571    (0)   :  0.019 0.011 0.321 0.175 0.115 0.246 0.112 
572    (0)   :  0.312 0.011 0.034 0.108 0.146 0.123 0.267 
573    (0)   :  0.057 0.025 0.044 0.205 0.134 0.394 0.140 
574    (0)   :  0.027 0.027 0.042 0.101 0.465 0.115 0.223 
575    (0)   :  0.013 0.007 0.159 0.213 0.119 0.245 0.245 
576    (0)   :  0.013 0.007 0.251 0.203 0.222 0.230 0.074 
577    (0)   :  0.016 0.010 0.054 0.100 0.440 0.137 0.244 
578    (0)   :  0.023 0.011 0.180 0.258 0.181 0.228 0.119 
579    (0)   :  0.017 0.014 0.059 0.240 0.194 0.374 0.102 
580    (0)   :  0.012 0.010 0.049 0.267 0.346 0.151 0.165 
581    (0)   :  0.013 0.009 0.081 0.385 0.239 0.135 0.137 
582    (0)   :  0.028 0.007 0.116 0.430 0.214 0.121 0.085 
583    (0)   :  0.018 0.017 0.272 0.106 0.341 0.138 0.109 
584    (0)   :  0.012 0.007 0.224 0.175 0.275 0.216 0.090 
585    (0)   :  0.017 0.009 0.135 0.304 0.194 0.244 0.099 
586    (0)   :  0.019 0.008 0.413 0.083 0.093 0.217 0.167 
587    (0)   :  0.033 0.006 0.053 0.107 0.350 0.362 0.089 
588    (0)   :  0.075 0.014 0.032 0.042 0.059 0.664 0.114 
589    (0)   :  0.069 0.014 0.057 0.302 0.294 0.178 0.086 
590    (0)   :  0.014 0.006 0.201 0.064 0.172 0.436 0.106 
591    (0)   :  0.013 0.009 0.167 0.174 0.132 0.376 0.129 
592    (0)   :  0.039 0.006 0.108 0.206 0.130 0.408 0.104 
593    (0)   :  0.023 0.011 0.086 0.286 0.168 0.252 0.175 
594    (0)   :  0.018 0.028 0.113 0.117 0.208 0.308 0.208 
595    (0)   :  0.009 0.006 0.064 0.065 0.460 0.315 0.080 
596    (0)   :  0.076 0.009 0.065 0.152 0.154 0.379 0.164 
597    (0)   :  0.035 0.028 0.405 0.075 0.068 0.112 0.277 
598    (0)   :  0.013 0.008 0.066 0.190 0.566 0.077 0.081 
599    (0)   :  0.034 0.007 0.188 0.177 0.215 0.299 0.081 
600    (0)   :  0.021 0.019 0.044 0.304 0.260 0.166 0.186 
601    (0)   :  0.020 0.006 0.096 0.407 0.175 0.210 0.086 
602    (0)   :  0.011 0.009 0.060 0.086 0.136 0.426 0.271 
603    (0)   :  0.012 0.008 0.061 0.069 0.135 0.456 0.259 
604    (0)   :  0.014 0.042 0.050 0.339 0.172 0.215 0.168 
605    (0)   :  0.023 0.009 0.054 0.208 0.154 0.416 0.136 
606    (0)   :  0.024 0.022 0.070 0.100 0.214 0.285 0.286 
607    (0)   :  0.011 0.014 0.045 0.148 0.265 0.166 0.352 
608    (0)   :  0.013 0.013 0.089 0.172 0.104 0.098 0.511 
609    (0)   :  0.024 0.008 0.057 0.225 0.335 0.175 0.176 
610    (0)   :  0.034 0.008 0.040 0.468 0.116 0.203 0.132 
611    (0)   :  0.019 0.009 0.073 0.109 0.114 0.399 0.277 
612    (0)   :  0.018 0.014 0.038 0.520 0.201 0.103 0.106 
613    (0)   :  0.046 0.025 0.057 0.114 0.384 0.207 0.165 
614    (0)   :  0.012 0.006 0.034 0.149 0.520 0.168 0.111 
615    (0)   :  0.013 0.007 0.035 0.315 0.260 0.168 0.203 
616    (0)   :  0.011 0.014 0.056 0.089 0.381 0.195 0.255 
617    (0)   :  0.043 0.019 0.054 0.108 0.413 0.270 0.092 
618    (0)   :  0.016 0.115 0.032 0.311 0.119 0.185 0.222 
619    (0)   :  0.052 0.016 0.069 0.271 0.151 0.200 0.242 
620    (0)   :  0.043 0.007 0.085 0.178 0.097 0.512 0.078 
621    (0)   :  0.011 0.008 0.139 0.181 0.317 0.231 0.113 
622    (0)   :  0.034 0.051 0.044 0.140 0.218 0.356 0.157 
623    (0)   :  0.023 0.010 0.080 0.137 0.207 0.423 0.120 
624    (0)   :  0.014 0.187 0.045 0.369 0.120 0.112 0.153 
625    (0)   :  0.015 0.042 0.082 0.124 0.361 0.169 0.207 
626    (0)   :  0.046 0.192 0.027 0.221 0.081 0.128 0.305 
627    (0)   :  0.021 0.016 0.070 0.134 0.251 0.344 0.163 
628    (0)   :  0.015 0.007 0.145 0.095 0.200 0.360 0.179 
629    (0)   :  0.010 0.007 0.074 0.078 0.275 0.367 0.188 
630    (0)   :  0.019 0.014 0.054 0.291 0.265 0.209 0.148 
631    (0)   :  0.013 0.008 0.046 0.124 0.440 0.214 0.156 
632    (0)   :  0.015 0.014 0.040 0.084 0.149 0.300 0.399 
633    (0)   :  0.012 0.022 0.071 0.272 0.241 0.152 0.230 
634    (0)   :  0.036 0.013 0.087 0.129 0.213 0.159 0.363 
635    (0)   :  0.014 0.011 0.036 0.097 0.177 0.142 0.523 
636    (0)   :  0.014 0.059 0.052 0.233 0.205 0.190 0.246 
637    (0)   :  0.038 0.007 0.050 0.167 0.116 0.334 0.289 
638    (0)   :  0.012 0.012 0.056 0.090 0.234 0.354 0.243 
639    (0)   :  0.013 0.019 0.037 0.175 0.338 0.213 0.206 
