

----------------------------------------------------
STRUCTURE by Pritchard, Stephens and Donnelly (2000)
     and Falush, Stephens and Pritchard (2003)
       Code by Pritchard, Falush and Hubisz
             Version 2.3.4 (Jul 2012)
----------------------------------------------------



Command line arguments:   ./structure -K 9 -D 109014 -m brooktrout/mainparams -e brooktrout/extraparams -o brooktrout/250914_output/results_K9_rep14 
Input File:    brooktrout/brooktrout.txt

Run parameters:
   8454 individuals
   5 loci
   9 populations assumed
   50000 Burn-in period
   100000 Reps
RANDOMIZE turned off


--------------------------------------------
Overall proportion of membership of the
sample in each of the 9 clusters

Inferred Clusters
  1      2      3      4      5      6      7      8      9    
0.010  0.010  0.024  0.112  0.134  0.154  0.176  0.189  0.192  

--------------------------------------------

Allele-freq. divergence among pops (Net nucleotide distance),
computed using point estimates of P.

      1       2       3       4       5       6       7       8       9      
 1      -    0.1344  0.1487  0.1228  0.1394  0.1272  0.1203  0.1000  0.1364  
 2   0.1344     -    0.2103  0.1935  0.1480  0.1716  0.1749  0.1776  0.1711  
 3   0.1487  0.2103     -    0.1475  0.2368  0.1964  0.1947  0.1746  0.1474  
 4   0.1228  0.1935  0.1475     -    0.2258  0.1880  0.0953  0.1068  0.1264  
 5   0.1394  0.1480  0.2368  0.2258     -    0.0759  0.1987  0.1857  0.1447  
 6   0.1272  0.1716  0.1964  0.1880  0.0759     -    0.1415  0.1451  0.1163  
 7   0.1203  0.1749  0.1947  0.0953  0.1987  0.1415     -    0.0887  0.1539  
 8   0.1000  0.1776  0.1746  0.1068  0.1857  0.1451  0.0887     -    0.1217  
 9   0.1364  0.1711  0.1474  0.1264  0.1447  0.1163  0.1539  0.1217     -    

Average distances (expected heterozygosity) between individuals in same cluster:
cluster  1  : 0.8225 
cluster  2  : 0.7612 
cluster  3  : 0.7437 
cluster  4  : 0.7479 
cluster  5  : 0.6865 
cluster  6  : 0.7048 
cluster  7  : 0.7326 
cluster  8  : 0.7346 
cluster  9  : 0.7742 

--------------------------------------------
Estimated Ln Prob of Data   = -188641.0
Mean value of ln likelihood = -172426.1
Variance of ln likelihood   = 32429.7

Mean value of alpha_1       = 0.0473
Mean value of alpha_2       = 0.0498
Mean value of alpha_3       = 0.1100
Mean value of alpha_4       = 0.5285
Mean value of alpha_5       = 0.6265
Mean value of alpha_6       = 0.7334
Mean value of alpha_7       = 0.8558
Mean value of alpha_8       = 0.9095
Mean value of alpha_9       = 0.9281
Allele frequencies uncorrelated


Inferred ancestry of individuals:
     (%Miss) :  Inferred clusters
  1    (0)   :  0.006 0.011 0.014 0.067 0.113 0.241 0.233 0.181 0.134 
  2    (0)   :  0.005 0.004 0.016 0.085 0.076 0.102 0.092 0.237 0.382 
  3    (0)   :  0.008 0.005 0.008 0.064 0.088 0.206 0.195 0.278 0.148 
  4    (0)   :  0.014 0.018 0.012 0.076 0.280 0.214 0.121 0.116 0.149 
  5    (0)   :  0.006 0.008 0.018 0.091 0.080 0.088 0.102 0.280 0.329 
  6    (0)   :  0.006 0.005 0.009 0.077 0.101 0.072 0.130 0.488 0.112 
  7    (0)   :  0.007 0.005 0.011 0.276 0.070 0.098 0.171 0.260 0.102 
  8    (0)   :  0.022 0.134 0.012 0.079 0.117 0.171 0.149 0.203 0.114 
  9    (0)   :  0.010 0.005 0.018 0.089 0.085 0.177 0.131 0.271 0.213 
 10    (0)   :  0.008 0.105 0.013 0.088 0.101 0.113 0.155 0.318 0.100 
 11    (0)   :  0.005 0.005 0.019 0.167 0.062 0.109 0.310 0.220 0.102 
 12    (0)   :  0.005 0.004 0.013 0.096 0.121 0.101 0.092 0.278 0.289 
 13    (0)   :  0.007 0.005 0.016 0.107 0.088 0.156 0.110 0.333 0.179 
 14    (0)   :  0.004 0.015 0.010 0.049 0.097 0.130 0.164 0.197 0.332 
 15    (0)   :  0.006 0.006 0.011 0.089 0.188 0.160 0.176 0.157 0.206 
 16    (0)   :  0.005 0.005 0.016 0.077 0.074 0.155 0.250 0.306 0.113 
 17    (0)   :  0.010 0.005 0.015 0.066 0.101 0.114 0.108 0.384 0.196 
 18    (0)   :  0.011 0.006 0.012 0.058 0.138 0.117 0.194 0.230 0.235 
 19    (0)   :  0.006 0.004 0.011 0.084 0.090 0.111 0.128 0.445 0.121 
 20    (0)   :  0.006 0.005 0.014 0.144 0.121 0.106 0.189 0.193 0.222 
 21    (0)   :  0.005 0.009 0.011 0.060 0.169 0.156 0.176 0.161 0.253 
 22    (0)   :  0.008 0.005 0.011 0.057 0.091 0.159 0.122 0.428 0.120 
 23    (0)   :  0.009 0.014 0.027 0.066 0.100 0.281 0.127 0.144 0.231 
 24    (0)   :  0.005 0.005 0.015 0.066 0.120 0.254 0.220 0.197 0.119 
 25    (0)   :  0.006 0.006 0.013 0.122 0.060 0.078 0.149 0.396 0.172 
 26    (0)   :  0.009 0.005 0.011 0.078 0.164 0.138 0.152 0.261 0.184 
 27    (0)   :  0.007 0.005 0.015 0.069 0.110 0.135 0.155 0.308 0.197 
 28    (0)   :  0.006 0.032 0.012 0.097 0.233 0.129 0.203 0.150 0.139 
 29    (0)   :  0.004 0.004 0.020 0.147 0.072 0.160 0.139 0.228 0.225 
 30    (0)   :  0.006 0.004 0.012 0.058 0.077 0.154 0.168 0.364 0.158 
 31    (0)   :  0.014 0.111 0.018 0.108 0.081 0.110 0.130 0.213 0.215 
 32    (0)   :  0.006 0.011 0.009 0.065 0.132 0.166 0.130 0.303 0.179 
 33    (0)   :  0.006 0.004 0.012 0.104 0.083 0.237 0.213 0.195 0.146 
 34    (0)   :  0.007 0.115 0.025 0.158 0.075 0.079 0.172 0.278 0.092 
 35    (0)   :  0.013 0.004 0.027 0.065 0.062 0.136 0.104 0.288 0.301 
 36    (0)   :  0.005 0.007 0.012 0.057 0.060 0.172 0.361 0.108 0.218 
 37    (0)   :  0.008 0.005 0.010 0.072 0.106 0.263 0.105 0.209 0.221 
 38    (0)   :  0.006 0.005 0.027 0.109 0.052 0.100 0.427 0.121 0.153 
 39    (0)   :  0.008 0.005 0.024 0.113 0.085 0.106 0.264 0.171 0.223 
 40    (0)   :  0.005 0.005 0.012 0.049 0.071 0.313 0.140 0.169 0.237 
 41    (0)   :  0.008 0.009 0.034 0.097 0.049 0.219 0.262 0.148 0.175 
 42    (0)   :  0.005 0.005 0.021 0.055 0.077 0.397 0.229 0.083 0.129 
 43    (0)   :  0.008 0.011 0.019 0.079 0.071 0.261 0.100 0.164 0.287 
 44    (0)   :  0.008 0.004 0.017 0.064 0.049 0.184 0.093 0.221 0.359 
 45    (0)   :  0.006 0.004 0.025 0.082 0.053 0.123 0.268 0.133 0.307 
 46    (0)   :  0.011 0.004 0.014 0.083 0.085 0.084 0.139 0.311 0.269 
 47    (0)   :  0.017 0.012 0.023 0.077 0.087 0.164 0.099 0.345 0.176 
 48    (0)   :  0.010 0.004 0.021 0.051 0.052 0.178 0.092 0.204 0.389 
 49    (0)   :  0.011 0.005 0.041 0.075 0.076 0.171 0.186 0.181 0.255 
 50    (0)   :  0.012 0.036 0.018 0.120 0.089 0.073 0.152 0.327 0.173 
 51    (0)   :  0.005 0.008 0.020 0.053 0.050 0.217 0.266 0.082 0.299 
 52    (0)   :  0.010 0.004 0.027 0.115 0.094 0.135 0.262 0.178 0.175 
 53    (0)   :  0.008 0.012 0.018 0.083 0.080 0.133 0.366 0.162 0.137 
 54    (0)   :  0.008 0.005 0.021 0.078 0.086 0.166 0.077 0.233 0.325 
 55    (0)   :  0.007 0.004 0.016 0.063 0.069 0.130 0.090 0.156 0.466 
 56    (0)   :  0.008 0.004 0.025 0.053 0.080 0.176 0.157 0.177 0.321 
 57    (0)   :  0.016 0.012 0.020 0.080 0.197 0.131 0.126 0.318 0.100 
 58    (0)   :  0.006 0.005 0.025 0.076 0.068 0.187 0.188 0.142 0.303 
 59    (0)   :  0.006 0.004 0.051 0.081 0.070 0.154 0.274 0.125 0.234 
 60    (0)   :  0.005 0.012 0.012 0.060 0.117 0.193 0.212 0.107 0.282 
 61    (0)   :  0.004 0.005 0.013 0.059 0.099 0.170 0.080 0.100 0.471 
 62    (0)   :  0.013 0.004 0.069 0.092 0.113 0.101 0.138 0.236 0.232 
 63    (0)   :  0.004 0.004 0.012 0.116 0.086 0.231 0.183 0.123 0.240 
 64    (0)   :  0.007 0.004 0.018 0.078 0.064 0.105 0.222 0.315 0.186 
 65    (0)   :  0.006 0.004 0.016 0.226 0.058 0.081 0.134 0.256 0.219 
 66    (0)   :  0.005 0.012 0.015 0.109 0.135 0.193 0.123 0.136 0.273 
 67    (0)   :  0.006 0.004 0.014 0.071 0.060 0.120 0.079 0.177 0.468 
 68    (0)   :  0.007 0.005 0.045 0.073 0.081 0.172 0.288 0.110 0.219 
 69    (0)   :  0.007 0.231 0.036 0.069 0.065 0.075 0.277 0.124 0.117 
 70    (0)   :  0.005 0.011 0.014 0.095 0.073 0.225 0.314 0.091 0.173 
 71    (0)   :  0.006 0.007 0.048 0.084 0.050 0.092 0.280 0.122 0.310 
 72    (0)   :  0.006 0.008 0.011 0.067 0.056 0.133 0.307 0.212 0.199 
 73    (0)   :  0.006 0.008 0.050 0.094 0.057 0.108 0.136 0.134 0.407 
 74    (0)   :  0.005 0.004 0.011 0.052 0.075 0.257 0.304 0.105 0.188 
 75    (0)   :  0.006 0.009 0.015 0.045 0.085 0.310 0.228 0.093 0.208 
 76    (0)   :  0.006 0.005 0.011 0.139 0.066 0.150 0.140 0.167 0.316 
 77    (0)   :  0.005 0.004 0.031 0.120 0.048 0.169 0.307 0.120 0.195 
 78    (0)   :  0.006 0.005 0.035 0.104 0.048 0.174 0.363 0.113 0.153 
 79    (0)   :  0.005 0.005 0.013 0.154 0.075 0.116 0.175 0.315 0.143 
 80    (0)   :  0.005 0.005 0.010 0.104 0.225 0.300 0.107 0.124 0.118 
 81    (0)   :  0.005 0.006 0.009 0.141 0.232 0.206 0.139 0.149 0.113 
 82    (0)   :  0.005 0.005 0.024 0.092 0.099 0.197 0.128 0.153 0.296 
 83    (0)   :  0.005 0.006 0.009 0.109 0.175 0.171 0.230 0.136 0.158 
 84    (0)   :  0.005 0.005 0.010 0.132 0.167 0.164 0.225 0.168 0.124 
 85    (0)   :  0.005 0.006 0.009 0.063 0.179 0.185 0.232 0.187 0.134 
 86    (0)   :  0.007 0.005 0.017 0.088 0.078 0.088 0.111 0.249 0.358 
 87    (0)   :  0.006 0.013 0.012 0.223 0.082 0.125 0.234 0.149 0.157 
 88    (0)   :  0.005 0.005 0.011 0.132 0.130 0.278 0.138 0.140 0.162 
 89    (0)   :  0.006 0.013 0.010 0.108 0.167 0.277 0.128 0.152 0.139 
 90    (0)   :  0.005 0.005 0.012 0.249 0.094 0.127 0.171 0.176 0.161 
 91    (0)   :  0.005 0.006 0.008 0.065 0.205 0.272 0.191 0.124 0.123 
 92    (0)   :  0.005 0.005 0.012 0.129 0.105 0.167 0.169 0.223 0.185 
 93    (0)   :  0.005 0.025 0.010 0.056 0.342 0.235 0.101 0.113 0.112 
 94    (0)   :  0.005 0.006 0.009 0.255 0.075 0.099 0.341 0.105 0.105 
 95    (0)   :  0.005 0.005 0.011 0.257 0.122 0.210 0.138 0.113 0.140 
 96    (0)   :  0.005 0.005 0.014 0.063 0.101 0.294 0.092 0.093 0.333 
 97    (0)   :  0.006 0.004 0.014 0.047 0.096 0.238 0.253 0.102 0.241 
 98    (0)   :  0.004 0.004 0.015 0.066 0.061 0.250 0.143 0.216 0.240 
 99    (0)   :  0.005 0.005 0.010 0.163 0.159 0.159 0.190 0.179 0.128 
100    (0)   :  0.005 0.005 0.012 0.054 0.201 0.348 0.076 0.109 0.190 
101    (0)   :  0.007 0.049 0.013 0.147 0.087 0.178 0.195 0.148 0.176 
102    (0)   :  0.006 0.006 0.022 0.108 0.157 0.265 0.178 0.104 0.153 
103    (0)   :  0.005 0.030 0.014 0.161 0.135 0.114 0.108 0.129 0.304 
104    (0)   :  0.005 0.010 0.011 0.370 0.124 0.059 0.116 0.134 0.171 
105    (0)   :  0.006 0.025 0.029 0.270 0.155 0.080 0.094 0.122 0.218 
106    (0)   :  0.005 0.004 0.010 0.293 0.047 0.068 0.252 0.172 0.149 
107    (0)   :  0.006 0.015 0.016 0.255 0.132 0.107 0.103 0.123 0.242 
108    (0)   :  0.004 0.006 0.009 0.058 0.072 0.070 0.215 0.114 0.452 
109    (0)   :  0.006 0.009 0.127 0.162 0.052 0.063 0.245 0.154 0.182 
110    (0)   :  0.005 0.007 0.013 0.340 0.049 0.076 0.260 0.146 0.104 
111    (0)   :  0.006 0.006 0.021 0.434 0.086 0.070 0.089 0.121 0.166 
112    (0)   :  0.005 0.005 0.171 0.289 0.056 0.074 0.167 0.103 0.130 
113    (0)   :  0.006 0.010 0.014 0.093 0.090 0.111 0.159 0.179 0.338 
114    (0)   :  0.005 0.010 0.020 0.346 0.154 0.066 0.110 0.131 0.159 
115    (0)   :  0.006 0.006 0.023 0.260 0.065 0.145 0.115 0.139 0.242 
116    (0)   :  0.006 0.004 0.018 0.173 0.047 0.080 0.291 0.148 0.231 
117    (0)   :  0.007 0.010 0.035 0.297 0.052 0.119 0.222 0.158 0.100 
118    (0)   :  0.005 0.005 0.026 0.172 0.078 0.076 0.100 0.152 0.386 
119    (0)   :  0.004 0.006 0.010 0.089 0.103 0.296 0.170 0.092 0.230 
120    (0)   :  0.006 0.007 0.031 0.249 0.081 0.116 0.128 0.142 0.241 
121    (0)   :  0.013 0.016 0.059 0.235 0.052 0.114 0.149 0.127 0.235 
122    (0)   :  0.004 0.009 0.019 0.243 0.068 0.075 0.235 0.189 0.158 
123    (0)   :  0.005 0.009 0.014 0.311 0.092 0.085 0.176 0.123 0.186 
124    (0)   :  0.010 0.006 0.030 0.170 0.066 0.072 0.233 0.150 0.262 
125    (0)   :  0.006 0.006 0.037 0.108 0.053 0.131 0.358 0.191 0.110 
126    (0)   :  0.004 0.004 0.010 0.164 0.089 0.099 0.289 0.113 0.228 
127    (0)   :  0.005 0.005 0.017 0.426 0.087 0.072 0.086 0.099 0.203 
128    (0)   :  0.005 0.004 0.023 0.129 0.073 0.079 0.093 0.174 0.421 
129    (0)   :  0.006 0.022 0.017 0.273 0.059 0.070 0.098 0.133 0.323 
130    (0)   :  0.006 0.013 0.031 0.304 0.131 0.092 0.119 0.143 0.160 
131    (0)   :  0.010 0.021 0.034 0.170 0.051 0.074 0.329 0.135 0.176 
132    (0)   :  0.005 0.009 0.013 0.247 0.055 0.064 0.199 0.168 0.240 
133    (0)   :  0.009 0.014 0.015 0.267 0.092 0.085 0.114 0.134 0.271 
134    (0)   :  0.004 0.004 0.018 0.463 0.043 0.060 0.171 0.137 0.100 
135    (0)   :  0.006 0.005 0.024 0.046 0.268 0.187 0.121 0.084 0.258 
136    (0)   :  0.006 0.009 0.014 0.043 0.399 0.179 0.089 0.150 0.110 
137    (0)   :  0.005 0.012 0.028 0.066 0.274 0.331 0.093 0.105 0.086 
138    (0)   :  0.005 0.005 0.009 0.043 0.517 0.113 0.114 0.090 0.104 
139    (0)   :  0.005 0.009 0.013 0.049 0.211 0.117 0.111 0.129 0.357 
140    (0)   :  0.005 0.013 0.012 0.065 0.231 0.190 0.170 0.126 0.187 
141    (0)   :  0.006 0.025 0.014 0.044 0.364 0.110 0.132 0.172 0.132 
142    (0)   :  0.006 0.013 0.023 0.045 0.253 0.157 0.109 0.084 0.310 
143    (0)   :  0.004 0.005 0.009 0.041 0.374 0.302 0.077 0.087 0.101 
144    (0)   :  0.005 0.005 0.028 0.066 0.325 0.297 0.085 0.093 0.095 
145    (0)   :  0.007 0.010 0.017 0.045 0.254 0.183 0.130 0.187 0.167 
146    (0)   :  0.008 0.010 0.012 0.077 0.261 0.189 0.162 0.156 0.127 
147    (0)   :  0.005 0.008 0.010 0.042 0.435 0.233 0.082 0.099 0.085 
148    (0)   :  0.006 0.037 0.019 0.061 0.288 0.140 0.097 0.156 0.196 
149    (0)   :  0.006 0.181 0.013 0.042 0.159 0.187 0.129 0.099 0.184 
150    (0)   :  0.006 0.012 0.033 0.091 0.287 0.206 0.105 0.128 0.132 
151    (0)   :  0.005 0.005 0.011 0.055 0.379 0.221 0.094 0.103 0.128 
152    (0)   :  0.006 0.015 0.017 0.049 0.299 0.135 0.126 0.145 0.208 
153    (0)   :  0.005 0.010 0.010 0.053 0.390 0.150 0.153 0.100 0.129 
154    (0)   :  0.006 0.245 0.012 0.043 0.140 0.135 0.089 0.150 0.179 
155    (0)   :  0.005 0.005 0.009 0.058 0.526 0.104 0.086 0.097 0.111 
156    (0)   :  0.004 0.005 0.014 0.057 0.350 0.196 0.087 0.082 0.204 
157    (0)   :  0.005 0.009 0.009 0.100 0.390 0.160 0.137 0.098 0.093 
158    (0)   :  0.007 0.010 0.016 0.044 0.270 0.204 0.140 0.176 0.132 
159    (0)   :  0.006 0.098 0.012 0.043 0.309 0.256 0.084 0.096 0.096 
160    (0)   :  0.007 0.089 0.012 0.043 0.401 0.152 0.085 0.099 0.112 
161    (0)   :  0.005 0.010 0.011 0.054 0.154 0.382 0.148 0.119 0.117 
162    (0)   :  0.009 0.010 0.012 0.076 0.291 0.117 0.154 0.165 0.166 
163    (0)   :  0.004 0.005 0.009 0.054 0.492 0.131 0.090 0.086 0.128 
164    (0)   :  0.009 0.158 0.010 0.069 0.186 0.133 0.120 0.143 0.172 
165    (0)   :  0.006 0.005 0.033 0.091 0.331 0.206 0.101 0.107 0.118 
166    (0)   :  0.005 0.147 0.009 0.078 0.189 0.152 0.173 0.089 0.158 
167    (0)   :  0.009 0.300 0.010 0.057 0.186 0.087 0.087 0.168 0.096 
168    (0)   :  0.005 0.006 0.009 0.045 0.394 0.130 0.190 0.099 0.122 
169    (0)   :  0.008 0.010 0.019 0.044 0.214 0.163 0.258 0.165 0.121 
170    (0)   :  0.005 0.005 0.010 0.052 0.118 0.476 0.089 0.095 0.151 
171    (0)   :  0.006 0.009 0.010 0.047 0.314 0.136 0.151 0.149 0.178 
172    (0)   :  0.005 0.029 0.016 0.042 0.185 0.216 0.235 0.095 0.177 
173    (0)   :  0.006 0.008 0.011 0.043 0.505 0.118 0.079 0.100 0.131 
174    (0)   :  0.005 0.008 0.009 0.057 0.465 0.137 0.101 0.117 0.101 
175    (0)   :  0.006 0.005 0.010 0.043 0.283 0.327 0.078 0.149 0.100 
176    (0)   :  0.005 0.006 0.028 0.066 0.322 0.299 0.084 0.093 0.096 
177    (0)   :  0.005 0.009 0.010 0.089 0.337 0.119 0.222 0.105 0.105 
178    (0)   :  0.005 0.010 0.010 0.057 0.420 0.105 0.098 0.186 0.109 
179    (0)   :  0.005 0.016 0.008 0.043 0.530 0.117 0.079 0.101 0.100 
180    (0)   :  0.009 0.032 0.014 0.059 0.257 0.224 0.135 0.142 0.127 
181    (0)   :  0.006 0.009 0.015 0.043 0.269 0.229 0.124 0.113 0.191 
182    (0)   :  0.007 0.006 0.013 0.043 0.334 0.222 0.081 0.092 0.202 
183    (0)   :  0.005 0.008 0.010 0.044 0.430 0.201 0.081 0.104 0.118 
184    (0)   :  0.007 0.004 0.011 0.068 0.076 0.099 0.087 0.268 0.381 
185    (0)   :  0.004 0.005 0.012 0.039 0.416 0.174 0.070 0.078 0.202 
186    (0)   :  0.006 0.004 0.009 0.112 0.070 0.104 0.096 0.267 0.330 
187    (0)   :  0.004 0.006 0.009 0.071 0.246 0.122 0.083 0.163 0.297 
188    (0)   :  0.006 0.004 0.010 0.089 0.058 0.080 0.079 0.253 0.420 
189    (0)   :  0.005 0.005 0.009 0.053 0.155 0.201 0.174 0.204 0.193 
190    (0)   :  0.004 0.004 0.014 0.041 0.157 0.154 0.067 0.071 0.489 
191    (0)   :  0.005 0.005 0.014 0.063 0.115 0.109 0.084 0.212 0.394 
192    (0)   :  0.004 0.005 0.010 0.091 0.152 0.220 0.094 0.205 0.219 
193    (0)   :  0.005 0.004 0.015 0.060 0.136 0.193 0.107 0.210 0.269 
194    (0)   :  0.005 0.006 0.009 0.075 0.099 0.287 0.098 0.153 0.268 
195    (0)   :  0.004 0.005 0.009 0.042 0.240 0.167 0.071 0.094 0.368 
196    (0)   :  0.004 0.004 0.013 0.057 0.147 0.139 0.079 0.094 0.463 
197    (0)   :  0.006 0.005 0.011 0.097 0.185 0.087 0.101 0.253 0.256 
198    (0)   :  0.004 0.005 0.010 0.074 0.114 0.167 0.165 0.235 0.227 
199    (0)   :  0.005 0.004 0.014 0.058 0.090 0.225 0.095 0.098 0.411 
200    (0)   :  0.004 0.004 0.017 0.050 0.144 0.120 0.101 0.133 0.426 
201    (0)   :  0.004 0.004 0.009 0.050 0.368 0.122 0.070 0.115 0.258 
202    (0)   :  0.004 0.004 0.011 0.056 0.191 0.317 0.071 0.090 0.255 
203    (0)   :  0.005 0.005 0.012 0.050 0.350 0.125 0.068 0.101 0.286 
204    (0)   :  0.004 0.005 0.011 0.048 0.127 0.152 0.070 0.096 0.486 
205    (0)   :  0.005 0.004 0.010 0.059 0.108 0.130 0.098 0.133 0.452 
206    (0)   :  0.005 0.006 0.010 0.047 0.148 0.128 0.069 0.120 0.469 
207    (0)   :  0.004 0.004 0.015 0.066 0.075 0.133 0.069 0.111 0.524 
208    (0)   :  0.004 0.004 0.011 0.052 0.259 0.094 0.074 0.110 0.390 
209    (0)   :  0.005 0.004 0.015 0.063 0.119 0.158 0.086 0.203 0.347 
210    (0)   :  0.004 0.005 0.010 0.058 0.162 0.127 0.076 0.118 0.439 
211    (0)   :  0.005 0.004 0.027 0.078 0.124 0.186 0.067 0.097 0.413 
212    (0)   :  0.004 0.004 0.011 0.043 0.255 0.244 0.089 0.137 0.213 
213    (0)   :  0.004 0.005 0.013 0.087 0.087 0.196 0.147 0.112 0.350 
214    (0)   :  0.004 0.004 0.013 0.049 0.250 0.246 0.070 0.108 0.255 
215    (0)   :  0.004 0.004 0.014 0.067 0.099 0.093 0.088 0.125 0.505 
216    (0)   :  0.007 0.004 0.011 0.068 0.087 0.128 0.098 0.271 0.325 
217    (0)   :  0.004 0.005 0.010 0.048 0.248 0.197 0.079 0.116 0.294 
218    (0)   :  0.005 0.005 0.011 0.075 0.133 0.139 0.100 0.145 0.387 
219    (0)   :  0.008 0.005 0.009 0.057 0.206 0.138 0.110 0.246 0.221 
220    (0)   :  0.004 0.005 0.012 0.059 0.109 0.111 0.072 0.123 0.506 
221    (0)   :  0.004 0.004 0.012 0.040 0.124 0.492 0.071 0.081 0.172 
222    (0)   :  0.006 0.005 0.009 0.067 0.113 0.155 0.097 0.311 0.238 
223    (0)   :  0.005 0.005 0.009 0.066 0.275 0.145 0.101 0.160 0.235 
224    (0)   :  0.005 0.006 0.010 0.049 0.214 0.190 0.069 0.124 0.334 
225    (0)   :  0.005 0.005 0.011 0.056 0.127 0.162 0.086 0.124 0.425 
226    (0)   :  0.007 0.005 0.013 0.063 0.132 0.147 0.184 0.169 0.279 
227    (0)   :  0.005 0.005 0.011 0.064 0.172 0.176 0.071 0.096 0.400 
228    (0)   :  0.004 0.005 0.012 0.040 0.224 0.154 0.068 0.085 0.408 
229    (0)   :  0.005 0.005 0.010 0.061 0.217 0.219 0.070 0.154 0.258 
230    (0)   :  0.005 0.005 0.013 0.058 0.176 0.200 0.070 0.131 0.344 
231    (0)   :  0.004 0.005 0.011 0.050 0.260 0.128 0.081 0.198 0.262 
232    (0)   :  0.005 0.004 0.012 0.069 0.108 0.293 0.153 0.125 0.230 
233    (0)   :  0.005 0.004 0.011 0.050 0.396 0.142 0.070 0.114 0.208 
234    (0)   :  0.004 0.004 0.010 0.069 0.189 0.124 0.107 0.250 0.242 
235    (0)   :  0.005 0.005 0.010 0.059 0.161 0.228 0.105 0.152 0.276 
236    (0)   :  0.005 0.004 0.012 0.057 0.251 0.179 0.086 0.151 0.256 
237    (0)   :  0.004 0.004 0.016 0.053 0.099 0.105 0.082 0.129 0.508 
238    (0)   :  0.004 0.004 0.010 0.062 0.220 0.265 0.079 0.125 0.230 
239    (0)   :  0.004 0.005 0.009 0.042 0.238 0.166 0.071 0.094 0.369 
240    (0)   :  0.004 0.004 0.010 0.063 0.223 0.261 0.079 0.125 0.231 
241    (0)   :  0.006 0.005 0.012 0.047 0.186 0.327 0.090 0.100 0.228 
242    (0)   :  0.005 0.005 0.010 0.053 0.149 0.161 0.108 0.186 0.323 
243    (0)   :  0.004 0.004 0.015 0.047 0.158 0.134 0.066 0.083 0.490 
244    (0)   :  0.005 0.005 0.013 0.049 0.250 0.174 0.069 0.113 0.323 
245    (0)   :  0.004 0.005 0.009 0.053 0.357 0.197 0.085 0.097 0.194 
246    (0)   :  0.004 0.005 0.010 0.048 0.250 0.196 0.079 0.117 0.292 
247    (0)   :  0.004 0.004 0.010 0.141 0.065 0.100 0.172 0.149 0.353 
248    (0)   :  0.004 0.004 0.013 0.073 0.074 0.080 0.084 0.133 0.535 
249    (0)   :  0.005 0.004 0.012 0.059 0.164 0.289 0.070 0.128 0.269 
250    (0)   :  0.005 0.004 0.012 0.069 0.172 0.209 0.084 0.176 0.269 
251    (0)   :  0.005 0.004 0.016 0.063 0.117 0.117 0.148 0.191 0.338 
252    (0)   :  0.005 0.005 0.009 0.059 0.163 0.206 0.088 0.143 0.323 
253    (0)   :  0.004 0.004 0.011 0.087 0.079 0.156 0.139 0.145 0.374 
254    (0)   :  0.006 0.004 0.009 0.062 0.147 0.118 0.081 0.265 0.307 
255    (0)   :  0.004 0.005 0.012 0.067 0.149 0.184 0.087 0.250 0.243 
256    (0)   :  0.005 0.004 0.012 0.053 0.150 0.252 0.083 0.117 0.324 
257    (0)   :  0.009 0.008 0.015 0.070 0.126 0.188 0.092 0.139 0.354 
258    (0)   :  0.004 0.005 0.013 0.067 0.125 0.102 0.117 0.156 0.411 
259    (0)   :  0.005 0.005 0.012 0.064 0.109 0.190 0.083 0.162 0.371 
260    (0)   :  0.006 0.005 0.009 0.063 0.216 0.169 0.082 0.272 0.178 
261    (0)   :  0.004 0.005 0.009 0.049 0.231 0.178 0.091 0.120 0.314 
262    (0)   :  0.004 0.004 0.011 0.040 0.188 0.202 0.077 0.084 0.388 
263    (0)   :  0.007 0.004 0.012 0.054 0.099 0.091 0.069 0.184 0.479 
264    (0)   :  0.007 0.004 0.011 0.070 0.057 0.082 0.110 0.390 0.269 
265    (0)   :  0.004 0.005 0.009 0.061 0.198 0.119 0.103 0.176 0.324 
266    (0)   :  0.004 0.004 0.011 0.041 0.240 0.301 0.072 0.082 0.243 
267    (0)   :  0.004 0.004 0.015 0.066 0.164 0.172 0.081 0.183 0.310 
268    (0)   :  0.004 0.004 0.013 0.057 0.149 0.139 0.080 0.094 0.461 
269    (0)   :  0.004 0.005 0.009 0.056 0.206 0.119 0.126 0.244 0.232 
270    (0)   :  0.006 0.009 0.012 0.074 0.100 0.107 0.097 0.252 0.343 
271    (0)   :  0.005 0.004 0.014 0.069 0.112 0.117 0.105 0.132 0.442 
272    (0)   :  0.006 0.005 0.017 0.065 0.118 0.120 0.170 0.130 0.368 
273    (0)   :  0.024 0.042 0.023 0.087 0.155 0.167 0.128 0.179 0.196 
274    (0)   :  0.005 0.005 0.011 0.066 0.126 0.138 0.126 0.178 0.345 
275    (0)   :  0.009 0.025 0.017 0.058 0.158 0.123 0.111 0.184 0.316 
276    (0)   :  0.006 0.005 0.019 0.074 0.079 0.158 0.144 0.126 0.389 
277    (0)   :  0.005 0.005 0.009 0.064 0.184 0.204 0.101 0.185 0.243 
278    (0)   :  0.004 0.004 0.013 0.057 0.126 0.086 0.089 0.110 0.511 
279    (0)   :  0.005 0.004 0.011 0.061 0.149 0.177 0.103 0.162 0.328 
280    (0)   :  0.005 0.005 0.010 0.053 0.149 0.137 0.139 0.173 0.330 
281    (0)   :  0.005 0.005 0.011 0.082 0.126 0.145 0.122 0.155 0.350 
282    (0)   :  0.004 0.004 0.009 0.059 0.301 0.185 0.088 0.167 0.183 
283    (0)   :  0.004 0.005 0.010 0.064 0.308 0.219 0.070 0.129 0.191 
284    (0)   :  0.004 0.009 0.014 0.078 0.185 0.170 0.102 0.157 0.282 
285    (0)   :  0.004 0.004 0.014 0.066 0.054 0.074 0.114 0.129 0.540 
286    (0)   :  0.004 0.004 0.013 0.049 0.252 0.172 0.069 0.112 0.324 
287    (0)   :  0.005 0.005 0.009 0.083 0.159 0.161 0.144 0.192 0.242 
288    (0)   :  0.006 0.006 0.013 0.067 0.115 0.123 0.142 0.169 0.359 
289    (0)   :  0.007 0.009 0.016 0.095 0.098 0.123 0.105 0.158 0.390 
290    (0)   :  0.007 0.004 0.023 0.056 0.082 0.193 0.110 0.179 0.345 
291    (0)   :  0.005 0.004 0.014 0.069 0.114 0.117 0.105 0.134 0.438 
292    (0)   :  0.005 0.005 0.009 0.047 0.149 0.168 0.147 0.131 0.339 
293    (0)   :  0.005 0.004 0.020 0.058 0.080 0.107 0.144 0.226 0.355 
294    (0)   :  0.007 0.005 0.012 0.056 0.075 0.106 0.076 0.180 0.484 
295    (0)   :  0.006 0.013 0.022 0.073 0.101 0.131 0.146 0.142 0.366 
296    (0)   :  0.005 0.005 0.013 0.075 0.119 0.108 0.093 0.112 0.470 
297    (0)   :  0.005 0.005 0.010 0.063 0.102 0.147 0.137 0.214 0.317 
298    (0)   :  0.004 0.005 0.009 0.072 0.202 0.229 0.085 0.205 0.189 
299    (0)   :  0.007 0.005 0.010 0.064 0.104 0.121 0.069 0.256 0.364 
300    (0)   :  0.005 0.004 0.013 0.053 0.071 0.106 0.095 0.124 0.529 
301    (0)   :  0.006 0.008 0.012 0.059 0.100 0.103 0.099 0.281 0.333 
302    (0)   :  0.007 0.010 0.015 0.051 0.087 0.089 0.080 0.154 0.508 
303    (0)   :  0.005 0.005 0.012 0.050 0.203 0.205 0.100 0.136 0.286 
304    (0)   :  0.006 0.008 0.012 0.084 0.277 0.130 0.096 0.269 0.118 
305    (0)   :  0.005 0.010 0.012 0.042 0.178 0.151 0.084 0.100 0.418 
306    (0)   :  0.005 0.004 0.010 0.053 0.189 0.276 0.096 0.135 0.232 
307    (0)   :  0.006 0.005 0.011 0.062 0.124 0.237 0.101 0.166 0.287 
308    (0)   :  0.004 0.005 0.009 0.048 0.232 0.177 0.089 0.119 0.316 
309    (0)   :  0.017 0.028 0.033 0.090 0.113 0.106 0.082 0.134 0.398 
310    (0)   :  0.004 0.004 0.012 0.047 0.185 0.172 0.069 0.101 0.406 
311    (0)   :  0.005 0.005 0.013 0.058 0.177 0.200 0.070 0.133 0.340 
312    (0)   :  0.004 0.005 0.012 0.069 0.108 0.110 0.072 0.106 0.514 
313    (0)   :  0.004 0.005 0.012 0.053 0.064 0.088 0.078 0.096 0.599 
314    (0)   :  0.005 0.026 0.012 0.042 0.419 0.198 0.084 0.088 0.126 
315    (0)   :  0.004 0.029 0.009 0.044 0.407 0.158 0.131 0.096 0.122 
316    (0)   :  0.007 0.070 0.010 0.047 0.408 0.115 0.140 0.109 0.093 
317    (0)   :  0.005 0.025 0.012 0.043 0.485 0.165 0.083 0.092 0.091 
318    (0)   :  0.005 0.054 0.010 0.043 0.518 0.108 0.086 0.099 0.076 
319    (0)   :  0.005 0.005 0.010 0.042 0.472 0.199 0.078 0.089 0.101 
320    (0)   :  0.005 0.026 0.012 0.041 0.418 0.199 0.084 0.088 0.128 
321    (0)   :  0.005 0.068 0.012 0.043 0.417 0.182 0.088 0.100 0.084 
322    (0)   :  0.008 0.030 0.012 0.048 0.368 0.181 0.133 0.099 0.122 
323    (0)   :  0.014 0.023 0.009 0.044 0.504 0.139 0.082 0.102 0.083 
324    (0)   :  0.005 0.068 0.012 0.043 0.417 0.181 0.088 0.101 0.085 
325    (0)   :  0.005 0.095 0.010 0.045 0.412 0.105 0.136 0.103 0.088 
326    (0)   :  0.006 0.341 0.010 0.045 0.170 0.129 0.114 0.099 0.085 
327    (0)   :  0.005 0.024 0.012 0.043 0.491 0.159 0.083 0.092 0.091 
328    (0)   :  0.005 0.037 0.010 0.045 0.344 0.213 0.132 0.102 0.113 
329    (0)   :  0.005 0.008 0.008 0.042 0.497 0.186 0.081 0.097 0.076 
330    (0)   :  0.005 0.024 0.012 0.043 0.487 0.163 0.084 0.092 0.091 
331    (0)   :  0.005 0.015 0.008 0.042 0.545 0.124 0.083 0.095 0.083 
332    (0)   :  0.008 0.329 0.009 0.046 0.175 0.130 0.116 0.102 0.085 
333    (0)   :  0.007 0.248 0.009 0.045 0.215 0.162 0.114 0.097 0.101 
334    (0)   :  0.005 0.034 0.010 0.045 0.346 0.212 0.133 0.101 0.115 
335    (0)   :  0.005 0.013 0.010 0.045 0.391 0.210 0.122 0.093 0.111 
336    (0)   :  0.009 0.274 0.009 0.043 0.209 0.172 0.085 0.097 0.102 
337    (0)   :  0.005 0.116 0.012 0.045 0.305 0.180 0.135 0.103 0.100 
338    (0)   :  0.005 0.268 0.009 0.043 0.273 0.136 0.086 0.102 0.078 
339    (0)   :  0.005 0.015 0.008 0.042 0.546 0.123 0.081 0.096 0.083 
340    (0)   :  0.005 0.008 0.008 0.042 0.568 0.118 0.076 0.089 0.087 
341    (0)   :  0.010 0.126 0.010 0.044 0.379 0.165 0.082 0.097 0.087 
342    (0)   :  0.005 0.024 0.012 0.043 0.489 0.161 0.082 0.092 0.091 
343    (0)   :  0.012 0.048 0.011 0.045 0.237 0.300 0.121 0.097 0.130 
344    (0)   :  0.004 0.015 0.008 0.042 0.546 0.132 0.081 0.095 0.076 
345    (0)   :  0.005 0.025 0.012 0.043 0.487 0.161 0.083 0.093 0.091 
346    (0)   :  0.005 0.019 0.010 0.042 0.568 0.103 0.082 0.091 0.080 
347    (0)   :  0.005 0.007 0.008 0.042 0.570 0.124 0.077 0.088 0.079 
348    (0)   :  0.005 0.013 0.010 0.043 0.327 0.245 0.117 0.087 0.153 
349    (0)   :  0.005 0.025 0.012 0.043 0.486 0.163 0.084 0.091 0.091 
350    (0)   :  0.005 0.008 0.009 0.041 0.491 0.154 0.084 0.092 0.117 
351    (0)   :  0.005 0.013 0.010 0.045 0.395 0.207 0.121 0.093 0.112 
352    (0)   :  0.005 0.043 0.012 0.046 0.391 0.161 0.132 0.096 0.114 
353    (0)   :  0.009 0.271 0.010 0.042 0.211 0.172 0.085 0.098 0.103 
354    (0)   :  0.007 0.031 0.010 0.044 0.493 0.152 0.084 0.100 0.078 
355    (0)   :  0.005 0.053 0.010 0.043 0.520 0.108 0.087 0.099 0.076 
356    (0)   :  0.004 0.005 0.009 0.042 0.224 0.367 0.113 0.085 0.150 
357    (0)   :  0.005 0.006 0.009 0.047 0.332 0.106 0.197 0.195 0.104 
358    (0)   :  0.005 0.220 0.009 0.045 0.249 0.167 0.118 0.100 0.086 
359    (0)   :  0.005 0.162 0.008 0.043 0.350 0.162 0.084 0.099 0.086 
360    (0)   :  0.005 0.020 0.010 0.042 0.567 0.102 0.081 0.092 0.080 
361    (0)   :  0.005 0.006 0.011 0.048 0.226 0.186 0.197 0.194 0.128 
362    (0)   :  0.005 0.012 0.012 0.089 0.087 0.095 0.309 0.164 0.227 
363    (0)   :  0.007 0.007 0.014 0.145 0.063 0.088 0.256 0.248 0.172 
364    (0)   :  0.015 0.009 0.018 0.077 0.148 0.197 0.107 0.288 0.140 
365    (0)   :  0.016 0.009 0.031 0.071 0.070 0.095 0.280 0.294 0.135 
366    (0)   :  0.006 0.008 0.018 0.053 0.101 0.133 0.175 0.234 0.273 
367    (0)   :  0.005 0.004 0.011 0.313 0.052 0.068 0.301 0.152 0.096 
368    (0)   :  0.005 0.005 0.012 0.148 0.076 0.114 0.148 0.295 0.197 
369    (0)   :  0.007 0.013 0.022 0.060 0.085 0.285 0.109 0.254 0.164 
370    (0)   :  0.012 0.022 0.021 0.198 0.077 0.127 0.119 0.218 0.207 
371    (0)   :  0.009 0.022 0.019 0.068 0.089 0.134 0.100 0.371 0.187 
372    (0)   :  0.039 0.026 0.039 0.142 0.101 0.131 0.114 0.161 0.247 
373    (0)   :  0.005 0.005 0.016 0.215 0.093 0.165 0.150 0.215 0.136 
374    (0)   :  0.006 0.006 0.025 0.085 0.112 0.248 0.150 0.240 0.128 
375    (0)   :  0.014 0.009 0.017 0.136 0.060 0.080 0.146 0.427 0.112 
376    (0)   :  0.113 0.007 0.013 0.092 0.056 0.081 0.308 0.242 0.087 
377    (0)   :  0.007 0.016 0.017 0.078 0.090 0.084 0.239 0.223 0.247 
378    (0)   :  0.006 0.013 0.016 0.279 0.167 0.122 0.149 0.110 0.140 
379    (0)   :  0.187 0.009 0.016 0.116 0.051 0.074 0.230 0.209 0.107 
380    (0)   :  0.010 0.012 0.017 0.051 0.105 0.193 0.293 0.189 0.130 
381    (0)   :  0.009 0.006 0.015 0.046 0.081 0.216 0.173 0.316 0.138 
382    (0)   :  0.005 0.008 0.010 0.120 0.069 0.076 0.177 0.430 0.105 
383    (0)   :  0.011 0.202 0.013 0.053 0.086 0.084 0.218 0.224 0.111 
384    (0)   :  0.043 0.063 0.022 0.096 0.107 0.101 0.141 0.331 0.097 
385    (0)   :  0.006 0.110 0.163 0.069 0.104 0.096 0.098 0.246 0.108 
386    (0)   :  0.004 0.004 0.011 0.124 0.062 0.086 0.323 0.256 0.130 
387    (0)   :  0.005 0.005 0.013 0.127 0.090 0.072 0.302 0.260 0.127 
388    (0)   :  0.014 0.011 0.031 0.090 0.149 0.156 0.151 0.291 0.105 
389    (0)   :  0.010 0.021 0.062 0.084 0.068 0.086 0.091 0.174 0.405 
390    (0)   :  0.019 0.020 0.024 0.162 0.057 0.097 0.349 0.130 0.143 
391    (0)   :  0.012 0.012 0.070 0.160 0.077 0.155 0.157 0.158 0.199 
392    (0)   :  0.008 0.005 0.010 0.102 0.131 0.102 0.261 0.238 0.144 
393    (0)   :  0.007 0.007 0.013 0.054 0.094 0.137 0.425 0.152 0.111 
394    (0)   :  0.005 0.014 0.009 0.113 0.174 0.136 0.281 0.144 0.124 
395    (0)   :  0.004 0.004 0.010 0.100 0.074 0.079 0.302 0.116 0.311 
396    (0)   :  0.005 0.004 0.011 0.150 0.050 0.072 0.170 0.412 0.127 
397    (0)   :  0.062 0.005 0.010 0.061 0.116 0.161 0.086 0.275 0.225 
398    (0)   :  0.040 0.005 0.010 0.137 0.054 0.074 0.457 0.124 0.100 
399    (0)   :  0.005 0.011 0.018 0.327 0.064 0.094 0.201 0.120 0.161 
400    (0)   :  0.006 0.004 0.013 0.163 0.070 0.140 0.209 0.291 0.103 
401    (0)   :  0.005 0.004 0.014 0.215 0.091 0.111 0.273 0.105 0.181 
402    (0)   :  0.006 0.006 0.014 0.139 0.088 0.116 0.163 0.250 0.218 
403    (0)   :  0.007 0.006 0.029 0.082 0.277 0.138 0.164 0.156 0.141 
404    (0)   :  0.007 0.004 0.019 0.092 0.080 0.162 0.141 0.344 0.151 
405    (0)   :  0.004 0.005 0.010 0.068 0.085 0.130 0.276 0.229 0.194 
406    (0)   :  0.004 0.005 0.010 0.054 0.085 0.193 0.358 0.106 0.184 
407    (0)   :  0.004 0.004 0.010 0.076 0.050 0.076 0.406 0.265 0.109 
408    (0)   :  0.004 0.004 0.011 0.277 0.047 0.073 0.163 0.104 0.318 
409    (0)   :  0.009 0.008 0.016 0.063 0.073 0.369 0.249 0.106 0.106 
410    (0)   :  0.078 0.009 0.016 0.146 0.096 0.109 0.251 0.161 0.135 
411    (0)   :  0.014 0.021 0.010 0.086 0.118 0.102 0.153 0.345 0.152 
412    (0)   :  0.005 0.005 0.012 0.147 0.072 0.103 0.154 0.330 0.171 
413    (0)   :  0.005 0.012 0.010 0.144 0.153 0.111 0.228 0.194 0.144 
414    (0)   :  0.004 0.009 0.018 0.224 0.059 0.061 0.137 0.311 0.177 
415    (0)   :  0.005 0.004 0.012 0.093 0.058 0.119 0.304 0.230 0.174 
416    (0)   :  0.005 0.005 0.032 0.140 0.074 0.172 0.215 0.211 0.146 
417    (0)   :  0.005 0.006 0.011 0.096 0.056 0.095 0.431 0.189 0.111 
418    (0)   :  0.006 0.004 0.010 0.259 0.058 0.081 0.176 0.298 0.107 
419    (0)   :  0.010 0.009 0.028 0.102 0.136 0.167 0.235 0.169 0.144 
420    (0)   :  0.004 0.004 0.013 0.201 0.052 0.115 0.283 0.105 0.223 
421    (0)   :  0.006 0.006 0.012 0.148 0.057 0.107 0.333 0.184 0.148 
422    (0)   :  0.006 0.005 0.012 0.064 0.067 0.101 0.325 0.128 0.292 
423    (0)   :  0.007 0.005 0.011 0.105 0.102 0.083 0.256 0.241 0.190 
424    (0)   :  0.008 0.008 0.030 0.183 0.088 0.121 0.276 0.124 0.163 
425    (0)   :  0.019 0.008 0.045 0.087 0.121 0.096 0.152 0.333 0.140 
426    (0)   :  0.029 0.033 0.031 0.172 0.092 0.126 0.215 0.170 0.133 
427    (0)   :  0.005 0.010 0.009 0.106 0.140 0.068 0.455 0.121 0.086 
428    (0)   :  0.020 0.007 0.012 0.059 0.126 0.142 0.360 0.109 0.167 
429    (0)   :  0.006 0.004 0.009 0.175 0.051 0.069 0.330 0.258 0.098 
430    (0)   :  0.005 0.005 0.011 0.072 0.055 0.084 0.483 0.173 0.113 
431    (0)   :  0.009 0.013 0.020 0.202 0.113 0.100 0.163 0.207 0.174 
432    (0)   :  0.005 0.005 0.012 0.151 0.080 0.122 0.185 0.247 0.193 
433    (0)   :  0.008 0.007 0.011 0.090 0.164 0.220 0.108 0.173 0.221 
434    (0)   :  0.005 0.005 0.013 0.065 0.087 0.179 0.152 0.326 0.167 
435    (0)   :  0.004 0.004 0.009 0.081 0.053 0.068 0.558 0.124 0.098 
436    (0)   :  0.007 0.006 0.012 0.143 0.064 0.122 0.439 0.122 0.085 
437    (0)   :  0.007 0.005 0.009 0.064 0.059 0.077 0.209 0.459 0.111 
438    (0)   :  0.005 0.006 0.012 0.100 0.064 0.161 0.433 0.082 0.135 
439    (0)   :  0.005 0.005 0.010 0.068 0.060 0.089 0.575 0.113 0.077 
440    (0)   :  0.004 0.004 0.010 0.109 0.047 0.061 0.505 0.160 0.100 
441    (0)   :  0.005 0.006 0.011 0.059 0.083 0.133 0.446 0.160 0.097 
442    (0)   :  0.006 0.004 0.027 0.132 0.052 0.102 0.249 0.289 0.140 
443    (0)   :  0.004 0.005 0.016 0.230 0.049 0.079 0.325 0.102 0.189 
444    (0)   :  0.006 0.005 0.026 0.103 0.052 0.095 0.316 0.256 0.141 
445    (0)   :  0.041 0.005 0.013 0.057 0.071 0.210 0.362 0.124 0.117 
446    (0)   :  0.048 0.006 0.011 0.177 0.056 0.086 0.437 0.107 0.072 
447    (0)   :  0.006 0.005 0.032 0.071 0.078 0.140 0.421 0.134 0.113 
448    (0)   :  0.005 0.005 0.011 0.077 0.058 0.084 0.423 0.219 0.118 
449    (0)   :  0.005 0.005 0.011 0.067 0.078 0.117 0.392 0.201 0.123 
450    (0)   :  0.007 0.005 0.014 0.082 0.085 0.120 0.249 0.365 0.074 
451    (0)   :  0.005 0.005 0.012 0.274 0.047 0.063 0.218 0.199 0.178 
452    (0)   :  0.005 0.005 0.010 0.106 0.087 0.115 0.348 0.238 0.086 
453    (0)   :  0.004 0.005 0.020 0.100 0.059 0.172 0.240 0.106 0.292 
454    (0)   :  0.005 0.011 0.010 0.076 0.092 0.101 0.382 0.203 0.120 
455    (0)   :  0.004 0.005 0.011 0.093 0.050 0.086 0.544 0.111 0.096 
456    (0)   :  0.005 0.004 0.013 0.087 0.050 0.079 0.415 0.153 0.193 
457    (0)   :  0.006 0.005 0.009 0.058 0.059 0.087 0.397 0.281 0.098 
458    (0)   :  0.045 0.005 0.012 0.086 0.060 0.098 0.466 0.141 0.088 
459    (0)   :  0.004 0.005 0.011 0.090 0.077 0.141 0.497 0.101 0.073 
460    (0)   :  0.004 0.005 0.011 0.128 0.053 0.072 0.540 0.105 0.082 
461    (0)   :  0.006 0.005 0.012 0.273 0.056 0.079 0.318 0.180 0.072 
462    (0)   :  0.007 0.005 0.055 0.096 0.044 0.062 0.338 0.218 0.174 
463    (0)   :  0.004 0.005 0.011 0.052 0.062 0.112 0.423 0.099 0.233 
464    (0)   :  0.004 0.004 0.010 0.137 0.049 0.077 0.498 0.104 0.117 
465    (0)   :  0.007 0.005 0.012 0.151 0.057 0.102 0.381 0.135 0.151 
466    (0)   :  0.004 0.004 0.010 0.107 0.050 0.086 0.432 0.106 0.200 
467    (0)   :  0.005 0.006 0.013 0.073 0.070 0.110 0.424 0.154 0.146 
468    (0)   :  0.005 0.004 0.009 0.052 0.049 0.077 0.507 0.177 0.119 
469    (0)   :  0.004 0.005 0.010 0.052 0.053 0.072 0.632 0.102 0.071 
470    (0)   :  0.004 0.004 0.009 0.101 0.053 0.070 0.573 0.101 0.084 
471    (0)   :  0.005 0.004 0.018 0.135 0.058 0.093 0.244 0.184 0.260 
472    (0)   :  0.006 0.005 0.014 0.084 0.053 0.111 0.326 0.233 0.169 
473    (0)   :  0.005 0.005 0.010 0.062 0.078 0.115 0.337 0.231 0.157 
474    (0)   :  0.005 0.005 0.011 0.100 0.076 0.127 0.346 0.213 0.118 
475    (0)   :  0.005 0.005 0.011 0.148 0.079 0.156 0.346 0.125 0.126 
476    (0)   :  0.007 0.005 0.010 0.086 0.054 0.100 0.360 0.275 0.102 
477    (0)   :  0.006 0.006 0.022 0.171 0.065 0.139 0.318 0.143 0.130 
478    (0)   :  0.007 0.006 0.022 0.363 0.054 0.072 0.272 0.111 0.094 
479    (0)   :  0.004 0.004 0.010 0.088 0.053 0.068 0.516 0.173 0.084 
480    (0)   :  0.005 0.004 0.009 0.074 0.057 0.082 0.433 0.247 0.087 
481    (0)   :  0.005 0.004 0.018 0.089 0.057 0.085 0.240 0.297 0.205 
482    (0)   :  0.006 0.004 0.009 0.130 0.054 0.074 0.425 0.216 0.083 
483    (0)   :  0.006 0.006 0.010 0.107 0.060 0.099 0.516 0.117 0.079 
484    (0)   :  0.005 0.005 0.015 0.059 0.056 0.090 0.494 0.095 0.181 
485    (0)   :  0.005 0.006 0.010 0.106 0.054 0.075 0.565 0.098 0.081 
486    (0)   :  0.008 0.006 0.026 0.122 0.070 0.107 0.112 0.200 0.350 
487    (0)   :  0.008 0.006 0.026 0.093 0.147 0.131 0.113 0.269 0.205 
488    (0)   :  0.007 0.006 0.057 0.154 0.154 0.077 0.117 0.194 0.233 
489    (0)   :  0.007 0.006 0.014 0.058 0.076 0.244 0.080 0.328 0.187 
490    (0)   :  0.006 0.004 0.017 0.223 0.054 0.080 0.144 0.209 0.262 
491    (0)   :  0.007 0.005 0.040 0.063 0.100 0.197 0.096 0.211 0.281 
492    (0)   :  0.005 0.006 0.036 0.171 0.219 0.141 0.118 0.118 0.186 
493    (0)   :  0.009 0.006 0.040 0.097 0.128 0.064 0.081 0.259 0.316 
494    (0)   :  0.021 0.005 0.034 0.082 0.098 0.180 0.108 0.239 0.233 
495    (0)   :  0.019 0.006 0.090 0.194 0.162 0.121 0.096 0.160 0.151 
496    (0)   :  0.005 0.006 0.009 0.066 0.106 0.342 0.121 0.145 0.200 
497    (0)   :  0.014 0.009 0.066 0.061 0.154 0.106 0.090 0.260 0.240 
498    (0)   :  0.008 0.007 0.048 0.125 0.055 0.194 0.103 0.276 0.184 
499    (0)   :  0.016 0.007 0.017 0.061 0.181 0.181 0.098 0.216 0.224 
500    (0)   :  0.010 0.005 0.013 0.065 0.102 0.083 0.107 0.351 0.265 
501    (0)   :  0.009 0.005 0.015 0.091 0.126 0.209 0.143 0.266 0.136 
502    (0)   :  0.007 0.005 0.029 0.158 0.143 0.230 0.135 0.183 0.111 
503    (0)   :  0.006 0.004 0.011 0.080 0.069 0.096 0.177 0.397 0.161 
504    (0)   :  0.007 0.005 0.081 0.196 0.066 0.126 0.134 0.169 0.216 
505    (0)   :  0.007 0.004 0.019 0.089 0.086 0.198 0.094 0.142 0.360 
506    (0)   :  0.006 0.005 0.029 0.176 0.127 0.226 0.099 0.163 0.169 
507    (0)   :  0.006 0.006 0.010 0.044 0.219 0.318 0.084 0.102 0.212 
508    (0)   :  0.012 0.008 0.016 0.057 0.239 0.288 0.075 0.103 0.203 
509    (0)   :  0.006 0.005 0.015 0.073 0.160 0.167 0.109 0.134 0.333 
510    (0)   :  0.013 0.004 0.013 0.077 0.182 0.199 0.082 0.289 0.141 
511    (0)   :  0.009 0.005 0.024 0.152 0.068 0.128 0.198 0.240 0.175 
512    (0)   :  0.006 0.004 0.016 0.150 0.059 0.077 0.170 0.385 0.133 
513    (0)   :  0.006 0.006 0.294 0.093 0.085 0.096 0.065 0.090 0.264 
514    (0)   :  0.007 0.009 0.013 0.273 0.118 0.097 0.162 0.140 0.183 
515    (0)   :  0.009 0.005 0.016 0.060 0.185 0.097 0.288 0.145 0.196 
516    (0)   :  0.008 0.005 0.015 0.185 0.074 0.154 0.117 0.130 0.312 
517    (0)   :  0.006 0.006 0.011 0.085 0.143 0.143 0.280 0.110 0.216 
518    (0)   :  0.050 0.006 0.011 0.067 0.199 0.116 0.092 0.297 0.163 
519    (0)   :  0.005 0.005 0.019 0.273 0.086 0.154 0.178 0.134 0.146 
520    (0)   :  0.006 0.006 0.011 0.047 0.179 0.180 0.288 0.097 0.185 
521    (0)   :  0.005 0.113 0.010 0.122 0.161 0.144 0.111 0.122 0.212 
522    (0)   :  0.018 0.006 0.014 0.075 0.096 0.077 0.173 0.270 0.272 
523    (0)   :  0.007 0.016 0.012 0.083 0.131 0.187 0.207 0.094 0.264 
524    (0)   :  0.006 0.006 0.009 0.067 0.131 0.094 0.392 0.118 0.177 
525    (0)   :  0.066 0.007 0.011 0.050 0.174 0.158 0.203 0.149 0.182 
