

----------------------------------------------------
STRUCTURE by Pritchard, Stephens and Donnelly (2000)
     and Falush, Stephens and Pritchard (2003)
       Code by Pritchard, Falush and Hubisz
             Version 2.3.4 (Jul 2012)
----------------------------------------------------



Command line arguments:   ./structure -K 6 -D 106001 -m brooktrout/mainparams -e brooktrout/extraparams -o brooktrout/250914_output/results_K6_rep1 
Input File:    brooktrout/brooktrout.txt

Run parameters:
   8454 individuals
   5 loci
   6 populations assumed
   50000 Burn-in period
   100000 Reps
RANDOMIZE turned off


--------------------------------------------
Overall proportion of membership of the
sample in each of the 6 clusters

Inferred Clusters
  1      2      3      4      5      6    
0.033  0.054  0.143  0.190  0.286  0.294  

--------------------------------------------

Allele-freq. divergence among pops (Net nucleotide distance),
computed using point estimates of P.

      1       2       3       4       5       6      
 1      -    0.1595  0.1104  0.0921  0.1400  0.1841  
 2   0.1595     -    0.1361  0.1525  0.1043  0.1310  
 3   0.1104  0.1361     -    0.0622  0.0524  0.1395  
 4   0.0921  0.1525  0.0622     -    0.0555  0.1213  
 5   0.1400  0.1043  0.0524  0.0555     -    0.0954  
 6   0.1841  0.1310  0.1395  0.1213  0.0954     -    

Average distances (expected heterozygosity) between individuals in same cluster:
cluster  1  : 0.6941 
cluster  2  : 0.7645 
cluster  3  : 0.7915 
cluster  4  : 0.7645 
cluster  5  : 0.8197 
cluster  6  : 0.7410 

--------------------------------------------
Estimated Ln Prob of Data   = -194453.9
Mean value of ln likelihood = -172093.7
Variance of ln likelihood   = 44720.6

Mean value of alpha_1       = 0.0686
Mean value of alpha_2       = 0.1150
Mean value of alpha_3       = 0.3183
Mean value of alpha_4       = 0.4216
Mean value of alpha_5       = 0.6487
Mean value of alpha_6       = 0.6779
Allele frequencies uncorrelated


Inferred ancestry of individuals:
     (%Miss) :  Inferred clusters
  1    (0)   :  0.017 0.055 0.135 0.247 0.155 0.391 
  2    (0)   :  0.008 0.014 0.051 0.092 0.706 0.129 
  3    (0)   :  0.022 0.043 0.090 0.381 0.150 0.314 
  4    (0)   :  0.020 0.025 0.073 0.084 0.156 0.641 
  5    (0)   :  0.009 0.014 0.056 0.115 0.683 0.123 
  6    (0)   :  0.010 0.014 0.056 0.643 0.164 0.113 
  7    (0)   :  0.016 0.012 0.323 0.270 0.263 0.117 
  8    (0)   :  0.024 0.024 0.116 0.248 0.159 0.429 
  9    (0)   :  0.011 0.023 0.088 0.305 0.333 0.239 
 10    (0)   :  0.013 0.012 0.105 0.354 0.231 0.285 
 11    (0)   :  0.016 0.014 0.318 0.283 0.250 0.120 
 12    (0)   :  0.009 0.016 0.058 0.156 0.557 0.204 
 13    (0)   :  0.012 0.021 0.089 0.302 0.379 0.197 
 14    (0)   :  0.027 0.050 0.058 0.144 0.439 0.283 
 15    (0)   :  0.036 0.020 0.098 0.120 0.370 0.357 
 16    (0)   :  0.015 0.028 0.093 0.490 0.204 0.171 
 17    (0)   :  0.014 0.030 0.065 0.327 0.380 0.185 
 18    (0)   :  0.028 0.025 0.059 0.312 0.329 0.247 
 19    (0)   :  0.011 0.013 0.076 0.482 0.261 0.157 
 20    (0)   :  0.022 0.021 0.134 0.143 0.505 0.175 
 21    (0)   :  0.015 0.037 0.078 0.153 0.295 0.422 
 22    (0)   :  0.010 0.022 0.048 0.574 0.161 0.185 
 23    (0)   :  0.024 0.074 0.108 0.113 0.254 0.426 
 24    (0)   :  0.016 0.026 0.075 0.323 0.194 0.367 
 25    (0)   :  0.026 0.018 0.088 0.255 0.519 0.094 
 26    (0)   :  0.015 0.021 0.073 0.290 0.322 0.280 
 27    (0)   :  0.013 0.046 0.068 0.307 0.343 0.224 
 28    (0)   :  0.016 0.020 0.198 0.174 0.143 0.449 
 29    (0)   :  0.009 0.022 0.107 0.142 0.549 0.170 
 30    (0)   :  0.011 0.033 0.050 0.567 0.180 0.159 
 31    (0)   :  0.011 0.032 0.084 0.223 0.371 0.279 
 32    (0)   :  0.020 0.023 0.093 0.234 0.286 0.344 
 33    (0)   :  0.014 0.042 0.157 0.301 0.180 0.306 
 34    (0)   :  0.025 0.019 0.245 0.287 0.254 0.170 
 35    (0)   :  0.008 0.081 0.061 0.284 0.397 0.168 
 36    (0)   :  0.059 0.345 0.073 0.169 0.167 0.189 
 37    (0)   :  0.009 0.028 0.077 0.148 0.332 0.406 
 38    (0)   :  0.274 0.075 0.179 0.136 0.233 0.104 
 39    (0)   :  0.025 0.079 0.139 0.250 0.350 0.158 
 40    (0)   :  0.014 0.269 0.050 0.148 0.199 0.320 
 41    (0)   :  0.016 0.405 0.130 0.184 0.154 0.111 
 42    (0)   :  0.040 0.241 0.070 0.111 0.122 0.415 
 43    (0)   :  0.008 0.262 0.089 0.106 0.291 0.244 
 44    (0)   :  0.007 0.410 0.060 0.214 0.206 0.103 
 45    (0)   :  0.040 0.216 0.074 0.156 0.397 0.116 
 46    (0)   :  0.011 0.052 0.085 0.330 0.396 0.126 
 47    (0)   :  0.008 0.039 0.073 0.375 0.282 0.223 
 48    (0)   :  0.010 0.415 0.045 0.196 0.218 0.116 
 49    (0)   :  0.013 0.081 0.093 0.248 0.368 0.197 
 50    (0)   :  0.012 0.038 0.163 0.356 0.264 0.165 
 51    (0)   :  0.017 0.676 0.047 0.062 0.109 0.090 
 52    (0)   :  0.014 0.084 0.165 0.277 0.277 0.183 
 53    (0)   :  0.132 0.057 0.134 0.316 0.159 0.203 
 54    (0)   :  0.006 0.052 0.060 0.127 0.489 0.266 
 55    (0)   :  0.009 0.179 0.059 0.088 0.483 0.182 
 56    (0)   :  0.023 0.132 0.058 0.253 0.313 0.221 
 57    (0)   :  0.012 0.015 0.105 0.289 0.235 0.344 
 58    (0)   :  0.017 0.122 0.086 0.123 0.424 0.228 
 59    (0)   :  0.066 0.170 0.101 0.174 0.322 0.167 
 60    (0)   :  0.022 0.261 0.072 0.100 0.184 0.362 
 61    (0)   :  0.007 0.147 0.051 0.060 0.419 0.316 
 62    (0)   :  0.011 0.026 0.081 0.259 0.470 0.153 
 63    (0)   :  0.015 0.083 0.160 0.121 0.328 0.293 
 64    (0)   :  0.025 0.021 0.078 0.421 0.328 0.127 
 65    (0)   :  0.010 0.019 0.176 0.126 0.578 0.090 
 66    (0)   :  0.010 0.028 0.112 0.088 0.392 0.369 
 67    (0)   :  0.007 0.147 0.065 0.091 0.539 0.150 
 68    (0)   :  0.073 0.184 0.095 0.157 0.288 0.203 
 69    (0)   :  0.197 0.093 0.259 0.117 0.146 0.188 
 70    (0)   :  0.033 0.255 0.186 0.095 0.174 0.256 
 71    (0)   :  0.039 0.340 0.095 0.128 0.306 0.092 
 72    (0)   :  0.021 0.095 0.101 0.396 0.229 0.158 
 73    (0)   :  0.013 0.127 0.097 0.082 0.553 0.126 
 74    (0)   :  0.072 0.209 0.065 0.179 0.161 0.314 
 75    (0)   :  0.043 0.197 0.046 0.130 0.149 0.435 
 76    (0)   :  0.010 0.120 0.146 0.109 0.442 0.173 
 77    (0)   :  0.039 0.348 0.121 0.118 0.275 0.098 
 78    (0)   :  0.151 0.290 0.143 0.105 0.201 0.110 
 79    (0)   :  0.017 0.012 0.161 0.271 0.402 0.137 
 80    (0)   :  0.011 0.013 0.127 0.106 0.137 0.606 
 81    (0)   :  0.013 0.011 0.180 0.143 0.166 0.486 
 82    (0)   :  0.011 0.030 0.080 0.090 0.533 0.256 
 83    (0)   :  0.032 0.022 0.204 0.149 0.174 0.418 
 84    (0)   :  0.018 0.015 0.171 0.156 0.292 0.348 
 85    (0)   :  0.044 0.020 0.078 0.201 0.232 0.426 
 86    (0)   :  0.011 0.039 0.076 0.115 0.612 0.146 
 87    (0)   :  0.028 0.022 0.389 0.124 0.271 0.166 
 88    (0)   :  0.011 0.014 0.134 0.103 0.306 0.431 
 89    (0)   :  0.011 0.013 0.103 0.106 0.258 0.509 
 90    (0)   :  0.014 0.012 0.192 0.107 0.522 0.152 
 91    (0)   :  0.035 0.022 0.090 0.119 0.153 0.582 
 92    (0)   :  0.013 0.013 0.109 0.156 0.487 0.222 
 93    (0)   :  0.008 0.014 0.049 0.070 0.109 0.750 
 94    (0)   :  0.048 0.024 0.597 0.099 0.107 0.125 
 95    (0)   :  0.012 0.014 0.259 0.075 0.338 0.303 
 96    (0)   :  0.008 0.168 0.052 0.059 0.315 0.398 
 97    (0)   :  0.061 0.118 0.048 0.163 0.219 0.391 
 98    (0)   :  0.010 0.137 0.061 0.182 0.371 0.238 
 99    (0)   :  0.015 0.013 0.169 0.130 0.359 0.314 
100    (0)   :  0.007 0.017 0.043 0.063 0.195 0.675 
101    (0)   :  0.031 0.031 0.196 0.109 0.364 0.268 
102    (0)   :  0.026 0.048 0.153 0.077 0.221 0.474 
103    (0)   :  0.009 0.021 0.131 0.072 0.453 0.314 
104    (0)   :  0.009 0.021 0.358 0.089 0.359 0.163 
105    (0)   :  0.008 0.021 0.204 0.064 0.449 0.254 
106    (0)   :  0.018 0.023 0.423 0.182 0.281 0.072 
107    (0)   :  0.010 0.025 0.269 0.077 0.361 0.259 
108    (0)   :  0.186 0.110 0.052 0.068 0.455 0.130 
109    (0)   :  0.028 0.027 0.218 0.110 0.539 0.079 
110    (0)   :  0.016 0.017 0.605 0.134 0.147 0.081 
111    (0)   :  0.009 0.017 0.545 0.064 0.257 0.108 
112    (0)   :  0.013 0.033 0.649 0.068 0.154 0.083 
113    (0)   :  0.021 0.039 0.106 0.144 0.469 0.221 
114    (0)   :  0.008 0.016 0.363 0.079 0.340 0.194 
115    (0)   :  0.011 0.073 0.301 0.082 0.394 0.139 
116    (0)   :  0.035 0.071 0.195 0.129 0.482 0.088 
117    (0)   :  0.014 0.027 0.589 0.114 0.160 0.096 
118    (0)   :  0.013 0.019 0.079 0.064 0.717 0.109 
119    (0)   :  0.021 0.227 0.086 0.067 0.227 0.372 
120    (0)   :  0.011 0.032 0.335 0.085 0.385 0.152 
121    (0)   :  0.014 0.153 0.348 0.082 0.301 0.102 
122    (0)   :  0.014 0.020 0.412 0.148 0.307 0.099 
123    (0)   :  0.018 0.026 0.507 0.085 0.220 0.144 
124    (0)   :  0.017 0.085 0.284 0.196 0.309 0.109 
125    (0)   :  0.026 0.060 0.405 0.240 0.157 0.113 
126    (0)   :  0.019 0.066 0.365 0.115 0.276 0.160 
127    (0)   :  0.008 0.019 0.540 0.056 0.257 0.119 
128    (0)   :  0.007 0.018 0.066 0.070 0.726 0.112 
129    (0)   :  0.008 0.020 0.159 0.067 0.642 0.103 
130    (0)   :  0.009 0.016 0.328 0.086 0.353 0.209 
131    (0)   :  0.113 0.117 0.320 0.165 0.201 0.083 
132    (0)   :  0.014 0.023 0.317 0.138 0.425 0.084 
133    (0)   :  0.013 0.031 0.370 0.080 0.355 0.151 
134    (0)   :  0.010 0.014 0.663 0.098 0.154 0.061 
135    (0)   :  0.012 0.067 0.047 0.063 0.238 0.572 
136    (0)   :  0.009 0.014 0.036 0.094 0.124 0.723 
137    (0)   :  0.009 0.014 0.079 0.064 0.111 0.723 
138    (0)   :  0.010 0.020 0.039 0.070 0.086 0.774 
139    (0)   :  0.010 0.039 0.049 0.099 0.322 0.481 
140    (0)   :  0.013 0.039 0.068 0.116 0.229 0.534 
141    (0)   :  0.013 0.019 0.041 0.143 0.136 0.648 
142    (0)   :  0.011 0.092 0.047 0.061 0.222 0.567 
143    (0)   :  0.007 0.013 0.034 0.054 0.080 0.811 
144    (0)   :  0.009 0.015 0.075 0.056 0.112 0.732 
145    (0)   :  0.012 0.026 0.043 0.159 0.182 0.577 
146    (0)   :  0.014 0.022 0.087 0.136 0.189 0.553 
147    (0)   :  0.008 0.012 0.035 0.061 0.079 0.804 
148    (0)   :  0.009 0.036 0.058 0.098 0.235 0.565 
149    (0)   :  0.013 0.029 0.041 0.074 0.113 0.730 
150    (0)   :  0.008 0.017 0.105 0.075 0.189 0.606 
151    (0)   :  0.008 0.015 0.047 0.063 0.121 0.746 
152    (0)   :  0.021 0.066 0.055 0.101 0.226 0.532 
153    (0)   :  0.011 0.029 0.056 0.081 0.107 0.715 
154    (0)   :  0.009 0.021 0.036 0.087 0.150 0.696 
155    (0)   :  0.007 0.014 0.045 0.058 0.106 0.770 
156    (0)   :  0.007 0.053 0.056 0.049 0.161 0.673 
157    (0)   :  0.012 0.014 0.121 0.071 0.128 0.654 
158    (0)   :  0.014 0.021 0.044 0.155 0.155 0.612 
159    (0)   :  0.008 0.012 0.036 0.057 0.087 0.800 
160    (0)   :  0.009 0.011 0.035 0.058 0.103 0.785 
161    (0)   :  0.012 0.022 0.062 0.102 0.123 0.678 
162    (0)   :  0.012 0.025 0.077 0.140 0.249 0.497 
163    (0)   :  0.007 0.020 0.043 0.052 0.097 0.781 
164    (0)   :  0.011 0.017 0.057 0.098 0.293 0.524 
165    (0)   :  0.009 0.016 0.102 0.065 0.168 0.640 
166    (0)   :  0.042 0.034 0.107 0.073 0.170 0.573 
167    (0)   :  0.012 0.017 0.049 0.136 0.169 0.618 
168    (0)   :  0.033 0.032 0.052 0.087 0.113 0.683 
169    (0)   :  0.056 0.038 0.043 0.297 0.142 0.424 
170    (0)   :  0.008 0.032 0.046 0.062 0.144 0.708 
171    (0)   :  0.027 0.025 0.047 0.108 0.214 0.579 
172    (0)   :  0.049 0.106 0.042 0.128 0.117 0.557 
173    (0)   :  0.008 0.013 0.034 0.057 0.115 0.774 
174    (0)   :  0.008 0.012 0.048 0.069 0.111 0.753 
175    (0)   :  0.008 0.021 0.034 0.093 0.097 0.747 
176    (0)   :  0.009 0.015 0.074 0.056 0.112 0.733 
177    (0)   :  0.019 0.020 0.141 0.101 0.158 0.561 
178    (0)   :  0.008 0.013 0.047 0.121 0.143 0.667 
179    (0)   :  0.008 0.012 0.034 0.060 0.085 0.801 
180    (0)   :  0.014 0.027 0.061 0.133 0.154 0.611 
181    (0)   :  0.011 0.026 0.042 0.085 0.153 0.682 
182    (0)   :  0.008 0.018 0.034 0.052 0.152 0.736 
183    (0)   :  0.007 0.014 0.035 0.063 0.097 0.785 
184    (0)   :  0.012 0.017 0.053 0.122 0.651 0.144 
185    (0)   :  0.008 0.060 0.034 0.046 0.105 0.748 
186    (0)   :  0.007 0.017 0.081 0.126 0.635 0.133 
187    (0)   :  0.009 0.019 0.054 0.103 0.368 0.446 
188    (0)   :  0.006 0.017 0.059 0.100 0.718 0.099 
189    (0)   :  0.046 0.031 0.066 0.234 0.173 0.449 
190    (0)   :  0.007 0.184 0.036 0.042 0.247 0.485 
191    (0)   :  0.007 0.015 0.040 0.084 0.620 0.234 
192    (0)   :  0.009 0.014 0.079 0.114 0.372 0.412 
193    (0)   :  0.009 0.025 0.047 0.127 0.423 0.368 
194    (0)   :  0.009 0.029 0.074 0.094 0.365 0.428 
195    (0)   :  0.007 0.033 0.034 0.053 0.208 0.665 
196    (0)   :  0.009 0.076 0.053 0.059 0.407 0.396 
197    (0)   :  0.008 0.026 0.082 0.203 0.398 0.283 
198    (0)   :  0.013 0.028 0.071 0.181 0.397 0.310 
199    (0)   :  0.013 0.061 0.051 0.061 0.382 0.433 
200    (0)   :  0.019 0.088 0.062 0.108 0.374 0.349 
201    (0)   :  0.007 0.023 0.041 0.072 0.202 0.656 
202    (0)   :  0.006 0.034 0.047 0.052 0.166 0.694 
203    (0)   :  0.007 0.018 0.040 0.058 0.256 0.622 
204    (0)   :  0.007 0.032 0.038 0.053 0.439 0.431 
205    (0)   :  0.013 0.038 0.045 0.077 0.531 0.296 
206    (0)   :  0.007 0.024 0.038 0.070 0.452 0.409 
207    (0)   :  0.007 0.030 0.046 0.059 0.640 0.218 
208    (0)   :  0.007 0.034 0.039 0.064 0.395 0.461 
209    (0)   :  0.007 0.022 0.043 0.098 0.528 0.301 
210    (0)   :  0.007 0.022 0.047 0.065 0.454 0.405 
211    (0)   :  0.007 0.066 0.060 0.054 0.477 0.336 
212    (0)   :  0.008 0.030 0.035 0.094 0.160 0.673 
213    (0)   :  0.011 0.089 0.113 0.086 0.412 0.289 
214    (0)   :  0.006 0.023 0.042 0.067 0.198 0.664 
215    (0)   :  0.012 0.028 0.046 0.063 0.654 0.198 
216    (0)   :  0.010 0.020 0.062 0.153 0.566 0.189 
217    (0)   :  0.010 0.029 0.041 0.078 0.214 0.629 
218    (0)   :  0.012 0.018 0.054 0.083 0.515 0.318 
219    (0)   :  0.019 0.019 0.059 0.188 0.289 0.426 
220    (0)   :  0.007 0.020 0.039 0.062 0.623 0.250 
221    (0)   :  0.006 0.049 0.033 0.048 0.105 0.759 
222    (0)   :  0.011 0.019 0.065 0.245 0.375 0.285 
223    (0)   :  0.012 0.021 0.057 0.122 0.266 0.522 
224    (0)   :  0.006 0.018 0.041 0.071 0.296 0.568 
225    (0)   :  0.009 0.034 0.047 0.073 0.443 0.395 
226    (0)   :  0.117 0.026 0.063 0.119 0.350 0.324 
227    (0)   :  0.007 0.055 0.051 0.059 0.330 0.499 
228    (0)   :  0.007 0.086 0.034 0.048 0.233 0.592 
229    (0)   :  0.007 0.014 0.047 0.082 0.312 0.539 
230    (0)   :  0.007 0.015 0.044 0.066 0.398 0.470 
231    (0)   :  0.007 0.015 0.039 0.111 0.337 0.490 
232    (0)   :  0.014 0.035 0.082 0.114 0.293 0.461 
233    (0)   :  0.006 0.018 0.041 0.066 0.183 0.685 
234    (0)   :  0.009 0.016 0.061 0.146 0.418 0.350 
235    (0)   :  0.014 0.033 0.048 0.115 0.312 0.479 
236    (0)   :  0.009 0.017 0.052 0.095 0.290 0.536 
237    (0)   :  0.007 0.029 0.041 0.064 0.592 0.268 
238    (0)   :  0.006 0.023 0.057 0.079 0.206 0.628 
239    (0)   :  0.007 0.032 0.034 0.053 0.211 0.663 
240    (0)   :  0.007 0.023 0.057 0.079 0.208 0.626 
241    (0)   :  0.009 0.025 0.039 0.061 0.174 0.693 
242    (0)   :  0.020 0.028 0.058 0.156 0.307 0.430 
243    (0)   :  0.007 0.086 0.040 0.050 0.395 0.423 
244    (0)   :  0.007 0.017 0.040 0.062 0.291 0.582 
245    (0)   :  0.006 0.024 0.045 0.056 0.120 0.749 
246    (0)   :  0.010 0.030 0.041 0.077 0.213 0.629 
247    (0)   :  0.013 0.033 0.128 0.105 0.596 0.124 
248    (0)   :  0.008 0.024 0.048 0.067 0.717 0.136 
249    (0)   :  0.007 0.020 0.047 0.073 0.295 0.559 
250    (0)   :  0.009 0.015 0.057 0.095 0.384 0.440 
251    (0)   :  0.037 0.033 0.078 0.160 0.439 0.252 
252    (0)   :  0.009 0.030 0.051 0.093 0.328 0.488 
253    (0)   :  0.017 0.033 0.082 0.093 0.539 0.236 
254    (0)   :  0.008 0.022 0.057 0.175 0.421 0.317 
255    (0)   :  0.007 0.021 0.047 0.146 0.406 0.373 
256    (0)   :  0.008 0.031 0.045 0.076 0.300 0.541 
257    (0)   :  0.009 0.028 0.055 0.080 0.468 0.360 
258    (0)   :  0.009 0.058 0.058 0.087 0.528 0.260 
259    (0)   :  0.008 0.017 0.050 0.083 0.516 0.326 
260    (0)   :  0.009 0.016 0.067 0.201 0.255 0.451 
261    (0)   :  0.010 0.036 0.047 0.083 0.228 0.596 
262    (0)   :  0.010 0.057 0.033 0.051 0.176 0.673 
263    (0)   :  0.006 0.022 0.044 0.083 0.635 0.210 
264    (0)   :  0.010 0.022 0.054 0.383 0.432 0.100 
265    (0)   :  0.014 0.024 0.048 0.120 0.406 0.387 
266    (0)   :  0.006 0.032 0.033 0.048 0.118 0.763 
267    (0)   :  0.008 0.022 0.050 0.107 0.403 0.410 
268    (0)   :  0.009 0.073 0.053 0.058 0.408 0.399 
269    (0)   :  0.028 0.021 0.064 0.240 0.244 0.403 
270    (0)   :  0.008 0.019 0.065 0.137 0.568 0.204 
271    (0)   :  0.010 0.034 0.052 0.076 0.591 0.236 
272    (0)   :  0.105 0.047 0.066 0.082 0.446 0.253 
273    (0)   :  0.031 0.036 0.094 0.168 0.280 0.392 
274    (0)   :  0.018 0.021 0.052 0.114 0.502 0.292 
275    (0)   :  0.036 0.030 0.054 0.130 0.394 0.356 
276    (0)   :  0.065 0.050 0.071 0.083 0.496 0.233 
277    (0)   :  0.011 0.018 0.057 0.134 0.304 0.476 
278    (0)   :  0.012 0.042 0.045 0.063 0.591 0.247 
279    (0)   :  0.011 0.020 0.054 0.101 0.418 0.396 
280    (0)   :  0.024 0.034 0.057 0.172 0.346 0.367 
281    (0)   :  0.010 0.022 0.060 0.099 0.512 0.296 
282    (0)   :  0.010 0.015 0.057 0.118 0.212 0.588 
283    (0)   :  0.007 0.019 0.050 0.079 0.203 0.642 
284    (0)   :  0.009 0.024 0.079 0.089 0.387 0.412 
285    (0)   :  0.012 0.050 0.056 0.084 0.703 0.096 
286    (0)   :  0.007 0.017 0.040 0.063 0.288 0.584 
287    (0)   :  0.018 0.020 0.065 0.161 0.369 0.367 
288    (0)   :  0.074 0.024 0.060 0.098 0.478 0.266 
289    (0)   :  0.046 0.042 0.081 0.097 0.520 0.215 
290    (0)   :  0.010 0.087 0.060 0.208 0.361 0.275 
291    (0)   :  0.011 0.034 0.053 0.075 0.591 0.237 
292    (0)   :  0.027 0.067 0.052 0.131 0.251 0.472 
293    (0)   :  0.010 0.095 0.062 0.275 0.384 0.174 
294    (0)   :  0.009 0.033 0.046 0.083 0.627 0.203 
295    (0)   :  0.046 0.043 0.070 0.097 0.439 0.305 
296    (0)   :  0.011 0.026 0.052 0.060 0.596 0.254 
297    (0)   :  0.022 0.025 0.059 0.199 0.437 0.259 
298    (0)   :  0.009 0.013 0.061 0.128 0.288 0.500 
299    (0)   :  0.007 0.017 0.049 0.135 0.548 0.244 
300    (0)   :  0.009 0.030 0.046 0.083 0.653 0.179 
301    (0)   :  0.014 0.018 0.056 0.157 0.552 0.203 
302    (0)   :  0.010 0.055 0.048 0.073 0.604 0.210 
303    (0)   :  0.009 0.024 0.049 0.106 0.252 0.559 
304    (0)   :  0.007 0.014 0.093 0.215 0.199 0.471 
305    (0)   :  0.011 0.031 0.036 0.057 0.288 0.578 
306    (0)   :  0.013 0.025 0.046 0.096 0.209 0.611 
307    (0)   :  0.011 0.018 0.058 0.105 0.393 0.415 
308    (0)   :  0.010 0.036 0.046 0.083 0.229 0.595 
309    (0)   :  0.020 0.058 0.078 0.077 0.542 0.226 
310    (0)   :  0.006 0.037 0.039 0.062 0.299 0.557 
311    (0)   :  0.007 0.015 0.044 0.066 0.397 0.472 
312    (0)   :  0.007 0.024 0.049 0.054 0.621 0.245 
313    (0)   :  0.008 0.069 0.043 0.052 0.673 0.155 
314    (0)   :  0.010 0.023 0.034 0.052 0.077 0.804 
315    (0)   :  0.019 0.030 0.045 0.064 0.086 0.757 
316    (0)   :  0.037 0.022 0.050 0.080 0.087 0.724 
317    (0)   :  0.011 0.015 0.034 0.057 0.075 0.808 
318    (0)   :  0.012 0.011 0.036 0.061 0.072 0.808 
319    (0)   :  0.007 0.014 0.034 0.054 0.086 0.805 
320    (0)   :  0.010 0.023 0.034 0.053 0.077 0.804 
321    (0)   :  0.012 0.013 0.036 0.064 0.074 0.800 
322    (0)   :  0.031 0.035 0.048 0.072 0.093 0.722 
323    (0)   :  0.009 0.011 0.034 0.066 0.075 0.805 
324    (0)   :  0.012 0.013 0.036 0.062 0.074 0.803 
325    (0)   :  0.038 0.019 0.046 0.073 0.084 0.741 
326    (0)   :  0.086 0.023 0.048 0.073 0.082 0.688 
327    (0)   :  0.011 0.014 0.035 0.057 0.075 0.809 
328    (0)   :  0.022 0.023 0.047 0.071 0.095 0.742 
329    (0)   :  0.008 0.010 0.035 0.059 0.072 0.816 
330    (0)   :  0.011 0.014 0.035 0.057 0.075 0.808 
331    (0)   :  0.008 0.011 0.034 0.057 0.077 0.813 
332    (0)   :  0.051 0.019 0.048 0.087 0.082 0.712 
333    (0)   :  0.045 0.024 0.048 0.070 0.090 0.723 
334    (0)   :  0.022 0.023 0.047 0.071 0.096 0.741 
335    (0)   :  0.020 0.025 0.045 0.063 0.090 0.757 
336    (0)   :  0.012 0.018 0.035 0.067 0.073 0.795 
337    (0)   :  0.038 0.024 0.048 0.074 0.087 0.730 
338    (0)   :  0.013 0.011 0.036 0.065 0.073 0.802 
339    (0)   :  0.008 0.011 0.034 0.058 0.078 0.811 
340    (0)   :  0.008 0.012 0.033 0.052 0.078 0.818 
341    (0)   :  0.014 0.014 0.037 0.063 0.083 0.790 
342    (0)   :  0.010 0.014 0.035 0.057 0.075 0.809 
343    (0)   :  0.019 0.045 0.045 0.073 0.088 0.730 
344    (0)   :  0.008 0.010 0.035 0.060 0.072 0.815 
345    (0)   :  0.011 0.014 0.035 0.056 0.075 0.809 
346    (0)   :  0.011 0.012 0.034 0.055 0.073 0.816 
347    (0)   :  0.007 0.011 0.033 0.053 0.072 0.823 
348    (0)   :  0.016 0.048 0.043 0.057 0.091 0.745 
349    (0)   :  0.011 0.014 0.035 0.056 0.075 0.808 
350    (0)   :  0.007 0.015 0.033 0.055 0.084 0.806 
351    (0)   :  0.019 0.026 0.045 0.063 0.089 0.758 
352    (0)   :  0.033 0.027 0.046 0.066 0.088 0.740 
353    (0)   :  0.012 0.018 0.035 0.067 0.074 0.794 
354    (0)   :  0.009 0.011 0.036 0.061 0.075 0.808 
355    (0)   :  0.011 0.011 0.035 0.061 0.071 0.810 
356    (0)   :  0.016 0.049 0.044 0.059 0.090 0.742 
357    (0)   :  0.049 0.019 0.060 0.226 0.126 0.519 
358    (0)   :  0.025 0.017 0.047 0.074 0.085 0.752 
359    (0)   :  0.008 0.011 0.035 0.060 0.077 0.809 
360    (0)   :  0.011 0.012 0.034 0.055 0.072 0.816 
361    (0)   :  0.049 0.026 0.064 0.230 0.139 0.491 
362    (0)   :  0.068 0.027 0.164 0.201 0.359 0.181 
363    (0)   :  0.029 0.034 0.203 0.328 0.302 0.105 
364    (0)   :  0.014 0.021 0.065 0.330 0.236 0.333 
365    (0)   :  0.044 0.024 0.088 0.502 0.226 0.116 
366    (0)   :  0.029 0.132 0.059 0.299 0.248 0.232 
367    (0)   :  0.029 0.015 0.596 0.148 0.139 0.074 
368    (0)   :  0.012 0.012 0.088 0.145 0.611 0.131 
369    (0)   :  0.013 0.111 0.065 0.211 0.213 0.387 
370    (0)   :  0.018 0.023 0.209 0.129 0.454 0.166 
371    (0)   :  0.014 0.034 0.077 0.305 0.358 0.213 
372    (0)   :  0.035 0.031 0.122 0.116 0.508 0.189 
373    (0)   :  0.012 0.018 0.291 0.248 0.215 0.217 
374    (0)   :  0.036 0.020 0.131 0.247 0.202 0.364 
375    (0)   :  0.019 0.016 0.142 0.409 0.323 0.091 
376    (0)   :  0.023 0.016 0.110 0.657 0.110 0.083 
377    (0)   :  0.037 0.025 0.073 0.257 0.471 0.137 
378    (0)   :  0.011 0.018 0.456 0.074 0.153 0.287 
379    (0)   :  0.028 0.025 0.148 0.610 0.113 0.075 
380    (0)   :  0.086 0.069 0.048 0.426 0.131 0.240 
381    (0)   :  0.014 0.070 0.046 0.548 0.108 0.215 
382    (0)   :  0.017 0.013 0.196 0.423 0.241 0.109 
383    (0)   :  0.110 0.022 0.044 0.509 0.123 0.191 
384    (0)   :  0.040 0.022 0.130 0.486 0.154 0.167 
385    (0)   :  0.013 0.012 0.135 0.242 0.327 0.271 
386    (0)   :  0.026 0.019 0.242 0.371 0.237 0.104 
387    (0)   :  0.022 0.023 0.183 0.342 0.311 0.120 
388    (0)   :  0.025 0.015 0.109 0.257 0.282 0.312 
389    (0)   :  0.015 0.067 0.060 0.092 0.642 0.124 
390    (0)   :  0.067 0.109 0.382 0.164 0.180 0.098 
391    (0)   :  0.026 0.048 0.183 0.124 0.441 0.177 
392    (0)   :  0.015 0.023 0.119 0.489 0.170 0.185 
393    (0)   :  0.074 0.116 0.095 0.451 0.095 0.169 
394    (0)   :  0.043 0.020 0.213 0.177 0.199 0.348 
395    (0)   :  0.057 0.108 0.120 0.174 0.406 0.134 
396    (0)   :  0.010 0.014 0.132 0.387 0.379 0.078 
397    (0)   :  0.008 0.021 0.052 0.342 0.284 0.292 
398    (0)   :  0.070 0.028 0.236 0.441 0.141 0.084 
399    (0)   :  0.031 0.031 0.528 0.086 0.212 0.112 
400    (0)   :  0.012 0.020 0.307 0.374 0.137 0.150 
401    (0)   :  0.014 0.064 0.410 0.114 0.239 0.160 
402    (0)   :  0.012 0.074 0.128 0.294 0.327 0.166 
403    (0)   :  0.019 0.021 0.118 0.147 0.233 0.463 
404    (0)   :  0.011 0.017 0.099 0.370 0.293 0.210 
405    (0)   :  0.043 0.031 0.091 0.303 0.341 0.192 
406    (0)   :  0.233 0.217 0.054 0.094 0.148 0.255 
407    (0)   :  0.043 0.018 0.078 0.641 0.140 0.080 
408    (0)   :  0.009 0.057 0.218 0.074 0.557 0.085 
409    (0)   :  0.049 0.229 0.091 0.155 0.111 0.365 
410    (0)   :  0.035 0.031 0.228 0.390 0.156 0.160 
411    (0)   :  0.013 0.066 0.098 0.472 0.129 0.222 
412    (0)   :  0.015 0.013 0.144 0.253 0.450 0.125 
413    (0)   :  0.015 0.016 0.153 0.157 0.389 0.270 
414    (0)   :  0.009 0.013 0.143 0.165 0.587 0.082 
415    (0)   :  0.028 0.060 0.137 0.481 0.174 0.120 
416    (0)   :  0.011 0.048 0.266 0.310 0.171 0.195 
417    (0)   :  0.183 0.021 0.165 0.358 0.174 0.099 
418    (0)   :  0.012 0.012 0.313 0.290 0.283 0.090 
419    (0)   :  0.023 0.046 0.178 0.222 0.224 0.307 
420    (0)   :  0.012 0.151 0.395 0.113 0.218 0.111 
421    (0)   :  0.056 0.022 0.181 0.291 0.339 0.111 
422    (0)   :  0.062 0.081 0.064 0.259 0.398 0.136 
423    (0)   :  0.036 0.030 0.126 0.335 0.330 0.142 
424    (0)   :  0.050 0.095 0.407 0.098 0.209 0.142 
425    (0)   :  0.020 0.025 0.099 0.326 0.354 0.176 
426    (0)   :  0.055 0.019 0.361 0.181 0.196 0.187 
427    (0)   :  0.109 0.027 0.268 0.298 0.100 0.199 
428    (0)   :  0.182 0.060 0.071 0.181 0.195 0.311 
429    (0)   :  0.021 0.015 0.312 0.446 0.131 0.075 
430    (0)   :  0.110 0.037 0.124 0.468 0.160 0.101 
431    (0)   :  0.031 0.015 0.208 0.110 0.464 0.171 
432    (0)   :  0.013 0.014 0.110 0.168 0.548 0.146 
433    (0)   :  0.010 0.021 0.080 0.109 0.358 0.422 
434    (0)   :  0.012 0.028 0.066 0.318 0.339 0.236 
435    (0)   :  0.348 0.030 0.112 0.253 0.179 0.079 
436    (0)   :  0.313 0.042 0.263 0.180 0.075 0.128 
437    (0)   :  0.029 0.018 0.063 0.629 0.173 0.088 
438    (0)   :  0.285 0.170 0.154 0.099 0.131 0.161 
439    (0)   :  0.244 0.027 0.202 0.322 0.089 0.116 
440    (0)   :  0.343 0.026 0.234 0.205 0.123 0.069 
441    (0)   :  0.074 0.028 0.164 0.384 0.150 0.200 
442    (0)   :  0.014 0.034 0.151 0.418 0.287 0.096 
443    (0)   :  0.030 0.103 0.539 0.098 0.145 0.085 
444    (0)   :  0.032 0.057 0.142 0.424 0.251 0.094 
445    (0)   :  0.026 0.111 0.108 0.400 0.103 0.252 
446    (0)   :  0.106 0.024 0.386 0.308 0.087 0.090 
447    (0)   :  0.257 0.059 0.112 0.152 0.244 0.175 
448    (0)   :  0.061 0.026 0.109 0.440 0.263 0.101 
449    (0)   :  0.066 0.025 0.103 0.387 0.258 0.161 
450    (0)   :  0.014 0.013 0.127 0.597 0.115 0.135 
451    (0)   :  0.030 0.023 0.220 0.136 0.521 0.071 
452    (0)   :  0.023 0.014 0.170 0.562 0.103 0.128 
453    (0)   :  0.015 0.245 0.193 0.101 0.264 0.183 
454    (0)   :  0.085 0.022 0.186 0.390 0.138 0.178 
455    (0)   :  0.398 0.075 0.155 0.157 0.122 0.093 
456    (0)   :  0.065 0.123 0.198 0.330 0.196 0.089 
457    (0)   :  0.067 0.020 0.063 0.604 0.149 0.098 
458    (0)   :  0.036 0.024 0.181 0.561 0.091 0.108 
459    (0)   :  0.079 0.031 0.457 0.149 0.099 0.186 
460    (0)   :  0.055 0.026 0.585 0.147 0.100 0.088 
461    (0)   :  0.014 0.012 0.642 0.147 0.100 0.085 
462    (0)   :  0.021 0.076 0.371 0.264 0.203 0.065 
463    (0)   :  0.173 0.327 0.101 0.099 0.153 0.146 
464    (0)   :  0.064 0.063 0.468 0.147 0.169 0.090 
465    (0)   :  0.029 0.040 0.398 0.170 0.241 0.120 
466    (0)   :  0.073 0.144 0.233 0.143 0.306 0.101 
467    (0)   :  0.028 0.063 0.398 0.207 0.158 0.146 
468    (0)   :  0.353 0.068 0.056 0.286 0.147 0.089 
469    (0)   :  0.576 0.022 0.091 0.139 0.082 0.089 
470    (0)   :  0.432 0.023 0.182 0.164 0.121 0.078 
471    (0)   :  0.018 0.115 0.225 0.275 0.253 0.113 
472    (0)   :  0.016 0.064 0.177 0.373 0.249 0.121 
473    (0)   :  0.071 0.031 0.080 0.354 0.304 0.160 
474    (0)   :  0.020 0.032 0.202 0.477 0.119 0.150 
475    (0)   :  0.032 0.028 0.310 0.180 0.256 0.194 
476    (0)   :  0.027 0.040 0.238 0.481 0.101 0.112 
477    (0)   :  0.040 0.045 0.378 0.150 0.240 0.146 
478    (0)   :  0.020 0.017 0.676 0.077 0.132 0.077 
479    (0)   :  0.151 0.020 0.216 0.386 0.145 0.081 
480    (0)   :  0.071 0.018 0.122 0.603 0.093 0.093 
481    (0)   :  0.016 0.021 0.080 0.321 0.465 0.097 
482    (0)   :  0.032 0.014 0.298 0.473 0.101 0.082 
483    (0)   :  0.355 0.024 0.198 0.213 0.096 0.114 
484    (0)   :  0.261 0.157 0.127 0.163 0.178 0.115 
485    (0)   :  0.610 0.022 0.124 0.085 0.081 0.079 
486    (0)   :  0.011 0.057 0.132 0.139 0.523 0.137 
487    (0)   :  0.013 0.026 0.062 0.180 0.456 0.263 
488    (0)   :  0.012 0.019 0.095 0.101 0.594 0.179 
489    (0)   :  0.008 0.071 0.044 0.231 0.334 0.311 
490    (0)   :  0.013 0.043 0.271 0.153 0.428 0.091 
491    (0)   :  0.008 0.022 0.050 0.099 0.551 0.270 
492    (0)   :  0.009 0.034 0.198 0.086 0.269 0.404 
493    (0)   :  0.008 0.022 0.051 0.114 0.658 0.147 
494    (0)   :  0.014 0.026 0.071 0.137 0.509 0.243 
495    (0)   :  0.010 0.042 0.252 0.095 0.336 0.264 
496    (0)   :  0.012 0.029 0.078 0.112 0.247 0.521 
497    (0)   :  0.009 0.016 0.046 0.113 0.600 0.217 
498    (0)   :  0.014 0.077 0.115 0.170 0.444 0.179 
499    (0)   :  0.010 0.026 0.049 0.137 0.384 0.393 
500    (0)   :  0.018 0.023 0.056 0.225 0.521 0.157 
501    (0)   :  0.013 0.015 0.110 0.231 0.286 0.346 
502    (0)   :  0.011 0.012 0.159 0.145 0.301 0.372 
503    (0)   :  0.015 0.020 0.064 0.483 0.306 0.113 
504    (0)   :  0.012 0.033 0.175 0.096 0.554 0.129 
505    (0)   :  0.013 0.035 0.062 0.087 0.545 0.258 
506    (0)   :  0.008 0.017 0.206 0.125 0.284 0.359 
507    (0)   :  0.008 0.029 0.037 0.063 0.133 0.730 
508    (0)   :  0.008 0.059 0.044 0.061 0.211 0.617 
509    (0)   :  0.011 0.025 0.063 0.083 0.446 0.372 
510    (0)   :  0.008 0.022 0.074 0.250 0.253 0.394 
511    (0)   :  0.040 0.037 0.253 0.235 0.278 0.157 
512    (0)   :  0.013 0.014 0.206 0.449 0.221 0.097 
513    (0)   :  0.007 0.056 0.132 0.045 0.601 0.159 
514    (0)   :  0.011 0.020 0.281 0.093 0.428 0.168 
515    (0)   :  0.049 0.063 0.088 0.263 0.261 0.275 
516    (0)   :  0.013 0.034 0.103 0.081 0.601 0.167 
517    (0)   :  0.045 0.122 0.128 0.122 0.303 0.279 
518    (0)   :  0.008 0.016 0.056 0.333 0.228 0.360 
519    (0)   :  0.018 0.022 0.267 0.098 0.416 0.179 
520    (0)   :  0.194 0.112 0.049 0.075 0.143 0.427 
521    (0)   :  0.010 0.025 0.125 0.088 0.279 0.473 
522    (0)   :  0.022 0.187 0.091 0.353 0.214 0.133 
523    (0)   :  0.025 0.224 0.113 0.068 0.220 0.350 
524    (0)   :  0.293 0.060 0.074 0.113 0.262 0.197 
525    (0)   :  0.031 0.038 0.059 0.287 0.183 0.402 
526    (0)   :  0.285 0.221 0.045 0.076 0.159 0.215 
527    (0)   :  0.009 0.014 0.109 0.359 0.378 0.132 
528    (0)   :  0.007 0.023 0.056 0.081 0.217 0.616 
529    (0)   :  0.009 0.022 0.067 0.195 0.411 0.296 
530    (0)   :  0.022 0.072 0.089 0.335 0.281 0.202 
531    (0)   :  0.033 0.036 0.099 0.159 0.173 0.500 
532    (0)   :  0.009 0.033 0.067 0.156 0.379 0.357 
533    (0)   :  0.022 0.051 0.065 0.344 0.333 0.185 
534    (0)   :  0.009 0.058 0.082 0.089 0.498 0.264 
535    (0)   :  0.035 0.182 0.171 0.110 0.297 0.206 
536    (0)   :  0.037 0.105 0.111 0.246 0.177 0.323 
537    (0)   :  0.011 0.142 0.088 0.113 0.145 0.501 
538    (0)   :  0.020 0.071 0.077 0.127 0.294 0.412 
539    (0)   :  0.007 0.029 0.042 0.076 0.133 0.712 
540    (0)   :  0.029 0.069 0.064 0.141 0.293 0.403 
541    (0)   :  0.014 0.041 0.152 0.129 0.125 0.537 
542    (0)   :  0.021 0.330 0.069 0.184 0.233 0.163 
543    (0)   :  0.029 0.169 0.251 0.069 0.182 0.300 
544    (0)   :  0.019 0.259 0.080 0.113 0.253 0.276 
545    (0)   :  0.061 0.491 0.085 0.098 0.165 0.099 
546    (0)   :  0.010 0.119 0.084 0.134 0.300 0.353 
547    (0)   :  0.022 0.448 0.089 0.064 0.117 0.261 
548    (0)   :  0.009 0.015 0.056 0.096 0.387 0.438 
549    (0)   :  0.050 0.167 0.067 0.139 0.086 0.491 
550    (0)   :  0.089 0.333 0.175 0.100 0.149 0.153 
551    (0)   :  0.018 0.039 0.093 0.105 0.104 0.642 
552    (0)   :  0.010 0.068 0.051 0.137 0.286 0.448 
553    (0)   :  0.016 0.416 0.111 0.051 0.124 0.282 
554    (0)   :  0.018 0.058 0.136 0.227 0.263 0.297 
555    (0)   :  0.013 0.067 0.073 0.088 0.220 0.540 
556    (0)   :  0.010 0.060 0.077 0.137 0.302 0.414 
557    (0)   :  0.117 0.216 0.195 0.131 0.130 0.210 
558    (0)   :  0.042 0.013 0.303 0.467 0.092 0.084 
559    (0)   :  0.009 0.029 0.149 0.134 0.534 0.145 
560    (0)   :  0.047 0.029 0.518 0.178 0.161 0.066 
561    (0)   :  0.025 0.031 0.141 0.254 0.458 0.091 
562    (0)   :  0.030 0.048 0.218 0.190 0.448 0.066 
563    (0)   :  0.020 0.034 0.408 0.102 0.166 0.270 
564    (0)   :  0.020 0.047 0.070 0.104 0.614 0.146 
565    (0)   :  0.070 0.017 0.068 0.627 0.122 0.095 
566    (0)   :  0.032 0.017 0.584 0.142 0.156 0.068 
567    (0)   :  0.014 0.020 0.060 0.093 0.718 0.095 
568    (0)   :  0.029 0.038 0.178 0.153 0.455 0.146 
569    (0)   :  0.047 0.109 0.163 0.285 0.256 0.140 
570    (0)   :  0.042 0.016 0.130 0.582 0.158 0.072 
571    (0)   :  0.039 0.019 0.411 0.097 0.329 0.107 
572    (0)   :  0.026 0.310 0.059 0.155 0.165 0.286 
573    (0)   :  0.199 0.033 0.053 0.080 0.504 0.131 
574    (0)   :  0.030 0.029 0.076 0.437 0.175 0.254 
575    (0)   :  0.017 0.022 0.297 0.138 0.292 0.234 
576    (0)   :  0.039 0.015 0.357 0.198 0.322 0.069 
577    (0)   :  0.013 0.021 0.087 0.450 0.194 0.236 
578    (0)   :  0.068 0.027 0.278 0.172 0.343 0.112 
579    (0)   :  0.022 0.026 0.133 0.305 0.412 0.103 
580    (0)   :  0.028 0.017 0.092 0.516 0.188 0.160 
581    (0)   :  0.049 0.018 0.204 0.395 0.205 0.129 
582    (0)   :  0.047 0.046 0.273 0.386 0.165 0.083 
583    (0)   :  0.030 0.020 0.367 0.203 0.274 0.108 
584    (0)   :  0.027 0.014 0.290 0.253 0.333 0.084 
585    (0)   :  0.039 0.023 0.257 0.270 0.315 0.096 
586    (0)   :  0.010 0.021 0.495 0.086 0.244 0.144 
587    (0)   :  0.011 0.039 0.083 0.358 0.430 0.079 
588    (0)   :  0.007 0.082 0.040 0.052 0.702 0.117 
589    (0)   :  0.175 0.085 0.105 0.243 0.305 0.088 
590    (0)   :  0.009 0.017 0.194 0.141 0.545 0.095 
591    (0)   :  0.017 0.015 0.213 0.131 0.507 0.117 
592    (0)   :  0.032 0.055 0.181 0.124 0.512 0.096 
593    (0)   :  0.060 0.030 0.170 0.178 0.397 0.164 
594    (0)   :  0.018 0.018 0.119 0.141 0.516 0.188 
595    (0)   :  0.010 0.012 0.100 0.387 0.418 0.074 
596    (0)   :  0.155 0.053 0.067 0.086 0.490 0.150 
597    (0)   :  0.021 0.033 0.434 0.060 0.153 0.298 
598    (0)   :  0.060 0.016 0.120 0.611 0.117 0.077 
599    (0)   :  0.024 0.038 0.263 0.162 0.436 0.077 
600    (0)   :  0.024 0.031 0.096 0.444 0.207 0.198 
601    (0)   :  0.021 0.037 0.278 0.309 0.276 0.080 
602    (0)   :  0.013 0.014 0.075 0.128 0.522 0.248 
603    (0)   :  0.010 0.015 0.072 0.114 0.552 0.236 
604    (0)   :  0.081 0.026 0.070 0.399 0.228 0.196 
605    (0)   :  0.026 0.033 0.098 0.207 0.507 0.130 
606    (0)   :  0.017 0.031 0.092 0.234 0.315 0.311 
607    (0)   :  0.023 0.014 0.073 0.316 0.212 0.362 
608    (0)   :  0.022 0.018 0.168 0.154 0.117 0.521 
609    (0)   :  0.021 0.032 0.099 0.478 0.210 0.160 
610    (0)   :  0.294 0.058 0.063 0.199 0.258 0.127 
611    (0)   :  0.013 0.024 0.098 0.112 0.506 0.248 
612    (0)   :  0.057 0.041 0.070 0.596 0.125 0.112 
613    (0)   :  0.024 0.046 0.093 0.371 0.289 0.177 
614    (0)   :  0.016 0.017 0.051 0.641 0.178 0.098 
615    (0)   :  0.042 0.021 0.050 0.544 0.174 0.169 
616    (0)   :  0.011 0.013 0.076 0.339 0.291 0.269 
617    (0)   :  0.034 0.047 0.084 0.335 0.400 0.100 
618    (0)   :  0.129 0.035 0.054 0.307 0.204 0.272 
619    (0)   :  0.050 0.060 0.131 0.153 0.353 0.253 
620    (0)   :  0.024 0.060 0.141 0.100 0.601 0.074 
621    (0)   :  0.022 0.012 0.195 0.352 0.314 0.105 
622    (0)   :  0.074 0.048 0.064 0.261 0.357 0.195 
623    (0)   :  0.023 0.022 0.107 0.167 0.567 0.114 
624    (0)   :  0.069 0.027 0.095 0.442 0.126 0.241 
625    (0)   :  0.031 0.017 0.114 0.417 0.201 0.220 
626    (0)   :  0.055 0.103 0.042 0.184 0.119 0.496 
627    (0)   :  0.015 0.025 0.117 0.260 0.417 0.165 
628    (0)   :  0.014 0.019 0.204 0.180 0.419 0.165 
629    (0)   :  0.011 0.013 0.094 0.266 0.439 0.178 
630    (0)   :  0.029 0.027 0.098 0.510 0.216 0.120 
631    (0)   :  0.014 0.016 0.077 0.512 0.235 0.146 
632    (0)   :  0.015 0.023 0.065 0.161 0.313 0.424 
633    (0)   :  0.041 0.016 0.160 0.366 0.175 0.243 
634    (0)   :  0.017 0.036 0.150 0.227 0.205 0.366 
635    (0)   :  0.018 0.018 0.052 0.189 0.186 0.537 
636    (0)   :  0.023 0.021 0.099 0.349 0.215 0.294 
637    (0)   :  0.017 0.079 0.093 0.174 0.377 0.261 
638    (0)   :  0.014 0.014 0.073 0.238 0.427 0.234 
639    (0)   :  0.027 0.018 0.063 0.430 0.247 0.215 
640    (0)   :  0.014 0.012 0.369 0.208 0.249 0.149 
641    (0)   :  0.014 0.015 0.064 0.282 0.460 0.165 
642    (0)   :  0.013 0.036 0.065 0.111 0.177 0.599 
643    (0)   :  0.008 0.017 0.078 0.083 0.102 0.712 
644    (0)   :  0.011 0.017 0.093 0.089 0.186 0.604 
645    (0)   :  0.099 0.028 0.038 0.181 0.126 0.527 
646    (0)   :  0.011 0.046 0.080 0.129 0.461 0.272 
647    (0)   :  0.008 0.033 0.135 0.101 0.230 0.494 
648    (0)   :  0.012 0.060 0.055 0.206 0.323 0.344 
649    (0)   :  0.011 0.070 0.056 0.079 0.490 0.293 
650    (0)   :  0.010 0.027 0.075 0.087 0.483 0.318 
651    (0)   :  0.008 0.015 0.057 0.100 0.409 0.412 
652    (0)   :  0.009 0.018 0.056 0.095 0.226 0.595 
653    (0)   :  0.015 0.042 0.059 0.166 0.227 0.491 
654    (0)   :  0.009 0.063 0.057 0.094 0.197 0.580 
655    (0)   :  0.013 0.023 0.131 0.087 0.225 0.521 
656    (0)   :  0.015 0.048 0.056 0.103 0.405 0.372 
657    (0)   :  0.014 0.019 0.069 0.347 0.242 0.308 
658    (0)   :  0.022 0.049 0.141 0.139 0.303 0.345 
659    (0)   :  0.015 0.039 0.063 0.120 0.232 0.530 
660    (0)   :  0.008 0.026 0.049 0.082 0.185 0.649 
661    (0)   :  0.017 0.099 0.051 0.108 0.172 0.553 
662    (0)   :  0.011 0.136 0.058 0.062 0.527 0.206 
663    (0)   :  0.009 0.020 0.066 0.114 0.231 0.560 
664    (0)   :  0.023 0.045 0.263 0.127 0.177 0.365 
665    (0)   :  0.008 0.055 0.051 0.079 0.515 0.292 
666    (0)   :  0.012 0.032 0.059 0.102 0.214 0.582 
667    (0)   :  0.013 0.029 0.092 0.097 0.578 0.191 
668    (0)   :  0.013 0.038 0.070 0.140 0.248 0.492 
669    (0)   :  0.009 0.039 0.059 0.137 0.340 0.415 
670    (0)   :  0.008 0.015 0.035 0.059 0.106 0.778 
671    (0)   :  0.008 0.020 0.050 0.070 0.165 0.686 
672    (0)   :  0.030 0.036 0.110 0.065 0.110 0.649 
673    (0)   :  0.009 0.011 0.035 0.068 0.075 0.802 
674    (0)   :  0.009 0.021 0.037 0.108 0.138 0.686 
675    (0)   :  0.009 0.015 0.074 0.057 0.112 0.732 
676    (0)   :  0.008 0.012 0.035 0.060 0.075 0.809 
677    (0)   :  0.007 0.053 0.033 0.051 0.103 0.754 
678    (0)   :  0.010 0.011 0.039 0.070 0.075 0.794 
679    (0)   :  0.011 0.011 0.037 0.116 0.124 0.701 
680    (0)   :  0.013 0.016 0.042 0.081 0.107 0.741 
681    (0)   :  0.029 0.208 0.058 0.131 0.208 0.367 
682    (0)   :  0.012 0.019 0.043 0.089 0.082 0.754 
683    (0)   :  0.008 0.018 0.035 0.055 0.093 0.791 
684    (0)   :  0.009 0.013 0.039 0.068 0.079 0.792 
685    (0)   :  0.008 0.014 0.034 0.054 0.076 0.815 
686    (0)   :  0.011 0.053 0.040 0.078 0.116 0.702 
687    (0)   :  0.008 0.027 0.047 0.063 0.164 0.691 
688    (0)   :  0.008 0.014 0.051 0.068 0.108 0.752 
689    (0)   :  0.008 0.013 0.034 0.055 0.079 0.811 
690    (0)   :  0.008 0.012 0.035 0.061 0.074 0.809 
691    (0)   :  0.010 0.019 0.036 0.105 0.121 0.709 
692    (0)   :  0.009 0.012 0.049 0.084 0.111 0.736 
693    (0)   :  0.008 0.016 0.078 0.082 0.093 0.723 
694    (0)   :  0.008 0.014 0.033 0.049 0.075 0.822 
695    (0)   :  0.019 0.038 0.044 0.063 0.082 0.755 
696    (0)   :  0.008 0.014 0.049 0.069 0.109 0.751 
697    (0)   :  0.008 0.016 0.035 0.057 0.084 0.801 
698    (0)   :  0.008 0.013 0.035 0.059 0.080 0.806 
699    (0)   :  0.016 0.077 0.041 0.057 0.089 0.719 
700    (0)   :  0.008 0.072 0.116 0.066 0.082 0.655 
701    (0)   :  0.027 0.026 0.050 0.125 0.110 0.662 
702    (0)   :  0.012 0.030 0.061 0.094 0.121 0.683 
703    (0)   :  0.013 0.019 0.042 0.087 0.090 0.750 
704    (0)   :  0.007 0.018 0.047 0.061 0.107 0.760 
705    (0)   :  0.035 0.189 0.061 0.087 0.159 0.469 
706    (0)   :  0.011 0.028 0.039 0.077 0.089 0.755 
707    (0)   :  0.008 0.020 0.034 0.063 0.085 0.789 
708    (0)   :  0.008 0.014 0.036 0.056 0.090 0.796 
709    (0)   :  0.007 0.050 0.047 0.057 0.071 0.768 
710    (0)   :  0.008 0.017 0.034 0.054 0.070 0.818 
711    (0)   :  0.010 0.040 0.039 0.071 0.101 0.739 
712    (0)   :  0.007 0.036 0.033 0.047 0.093 0.784 
713    (0)   :  0.008 0.015 0.047 0.061 0.109 0.759 
714    (0)   :  0.011 0.014 0.039 0.110 0.155 0.671 
715    (0)   :  0.007 0.030 0.033 0.050 0.076 0.805 
