

----------------------------------------------------
STRUCTURE by Pritchard, Stephens and Donnelly (2000)
     and Falush, Stephens and Pritchard (2003)
       Code by Pritchard, Falush and Hubisz
             Version 2.3.4 (Jul 2012)
----------------------------------------------------



Command line arguments:   ./structure -K 5 -D 105019 -m brooktrout/mainparams -e brooktrout/extraparams -o brooktrout/250914_output/results_K5_rep19 
Input File:    brooktrout/brooktrout.txt

Run parameters:
   8454 individuals
   5 loci
   5 populations assumed
   50000 Burn-in period
   100000 Reps
RANDOMIZE turned off


--------------------------------------------
Overall proportion of membership of the
sample in each of the 5 clusters

Inferred Clusters
  1      2      3      4      5    
0.086  0.103  0.158  0.237  0.416  

--------------------------------------------

Allele-freq. divergence among pops (Net nucleotide distance),
computed using point estimates of P.

      1       2       3       4       5      
 1      -    0.0789  0.1289  0.1411  0.0636  
 2   0.0789     -    0.1072  0.1218  0.0511  
 3   0.1289  0.1072     -    0.0803  0.0687  
 4   0.1411  0.1218  0.0803     -    0.1028  
 5   0.0636  0.0511  0.0687  0.1028     -    

Average distances (expected heterozygosity) between individuals in same cluster:
cluster  1  : 0.7469 
cluster  2  : 0.7684 
cluster  3  : 0.8020 
cluster  4  : 0.7383 
cluster  5  : 0.8218 

--------------------------------------------
Estimated Ln Prob of Data   = -179008.8
Mean value of ln likelihood = -172351.7
Variance of ln likelihood   = 13314.4

Mean value of alpha_1       = 0.1269
Mean value of alpha_2       = 0.1525
Mean value of alpha_3       = 0.2457
Mean value of alpha_4       = 0.3665
Mean value of alpha_5       = 0.6470
Allele frequencies uncorrelated


Inferred ancestry of individuals:
     (%Miss) :  Inferred clusters
  1    (0)   :  0.125 0.102 0.101 0.363 0.309 
  2    (0)   :  0.020 0.080 0.265 0.091 0.544 
  3    (0)   :  0.093 0.293 0.134 0.214 0.266 
  4    (0)   :  0.028 0.048 0.090 0.621 0.212 
  5    (0)   :  0.022 0.150 0.175 0.088 0.566 
  6    (0)   :  0.041 0.596 0.050 0.065 0.248 
  7    (0)   :  0.045 0.071 0.032 0.073 0.779 
  8    (0)   :  0.030 0.265 0.058 0.367 0.280 
  9    (0)   :  0.051 0.223 0.158 0.152 0.416 
 10    (0)   :  0.035 0.188 0.037 0.240 0.500 
 11    (0)   :  0.077 0.050 0.032 0.074 0.766 
 12    (0)   :  0.021 0.165 0.191 0.137 0.486 
 13    (0)   :  0.033 0.152 0.088 0.147 0.579 
 14    (0)   :  0.054 0.087 0.352 0.178 0.329 
 15    (0)   :  0.048 0.089 0.121 0.300 0.442 
 16    (0)   :  0.090 0.154 0.062 0.132 0.562 
 17    (0)   :  0.027 0.477 0.100 0.102 0.294 
 18    (0)   :  0.080 0.292 0.169 0.157 0.301 
 19    (0)   :  0.024 0.530 0.055 0.088 0.304 
 20    (0)   :  0.036 0.137 0.123 0.116 0.589 
 21    (0)   :  0.061 0.069 0.236 0.323 0.312 
 22    (0)   :  0.045 0.514 0.074 0.134 0.234 
 23    (0)   :  0.038 0.061 0.311 0.300 0.290 
 24    (0)   :  0.067 0.144 0.086 0.335 0.368 
 25    (0)   :  0.036 0.201 0.062 0.057 0.645 
 26    (0)   :  0.038 0.418 0.111 0.170 0.264 
 27    (0)   :  0.051 0.145 0.114 0.176 0.514 
 28    (0)   :  0.075 0.070 0.061 0.421 0.373 
 29    (0)   :  0.026 0.054 0.119 0.108 0.692 
 30    (0)   :  0.097 0.416 0.129 0.113 0.245 
 31    (0)   :  0.032 0.159 0.130 0.219 0.460 
 32    (0)   :  0.030 0.239 0.148 0.254 0.329 
 33    (0)   :  0.154 0.115 0.128 0.215 0.388 
 34    (0)   :  0.045 0.181 0.039 0.122 0.613 
 35    (0)   :  0.041 0.243 0.317 0.084 0.315 
 36    (0)   :  0.396 0.031 0.315 0.092 0.166 
 37    (0)   :  0.026 0.079 0.164 0.298 0.432 
 38    (0)   :  0.589 0.035 0.098 0.052 0.226 
 39    (0)   :  0.237 0.080 0.164 0.090 0.428 
 40    (0)   :  0.046 0.069 0.543 0.171 0.171 
 41    (0)   :  0.232 0.064 0.339 0.081 0.284 
 42    (0)   :  0.237 0.021 0.156 0.418 0.168 
 43    (0)   :  0.022 0.050 0.412 0.156 0.361 
 44    (0)   :  0.033 0.149 0.547 0.061 0.210 
 45    (0)   :  0.263 0.031 0.352 0.059 0.295 
 46    (0)   :  0.054 0.271 0.179 0.074 0.421 
 47    (0)   :  0.030 0.319 0.137 0.134 0.379 
 48    (0)   :  0.027 0.182 0.606 0.056 0.129 
 49    (0)   :  0.124 0.099 0.193 0.120 0.464 
 50    (0)   :  0.052 0.223 0.081 0.128 0.516 
 51    (0)   :  0.153 0.019 0.649 0.062 0.117 
 52    (0)   :  0.216 0.086 0.111 0.122 0.465 
 53    (0)   :  0.582 0.070 0.073 0.097 0.178 
 54    (0)   :  0.019 0.086 0.359 0.138 0.399 
 55    (0)   :  0.020 0.061 0.588 0.082 0.249 
 56    (0)   :  0.081 0.209 0.438 0.109 0.163 
 57    (0)   :  0.029 0.269 0.049 0.265 0.389 
 58    (0)   :  0.084 0.039 0.413 0.108 0.356 
 59    (0)   :  0.308 0.044 0.252 0.097 0.299 
 60    (0)   :  0.073 0.036 0.513 0.195 0.184 
 61    (0)   :  0.017 0.019 0.698 0.105 0.160 
 62    (0)   :  0.047 0.236 0.138 0.099 0.481 
 63    (0)   :  0.058 0.034 0.242 0.173 0.493 
 64    (0)   :  0.134 0.381 0.106 0.068 0.312 
 65    (0)   :  0.026 0.046 0.074 0.051 0.804 
 66    (0)   :  0.029 0.031 0.313 0.240 0.387 
 67    (0)   :  0.017 0.047 0.534 0.068 0.334 
 68    (0)   :  0.334 0.039 0.221 0.123 0.284 
 69    (0)   :  0.393 0.062 0.083 0.178 0.284 
 70    (0)   :  0.120 0.031 0.320 0.154 0.376 
 71    (0)   :  0.232 0.033 0.397 0.050 0.288 
 72    (0)   :  0.297 0.116 0.168 0.079 0.340 
 73    (0)   :  0.033 0.030 0.485 0.059 0.392 
 74    (0)   :  0.392 0.039 0.247 0.175 0.147 
 75    (0)   :  0.192 0.031 0.414 0.241 0.122 
 76    (0)   :  0.033 0.039 0.282 0.092 0.553 
 77    (0)   :  0.318 0.026 0.308 0.066 0.282 
 78    (0)   :  0.458 0.029 0.239 0.071 0.203 
 79    (0)   :  0.042 0.045 0.041 0.081 0.791 
 80    (0)   :  0.029 0.036 0.066 0.579 0.290 
 81    (0)   :  0.038 0.041 0.057 0.455 0.409 
 82    (0)   :  0.029 0.034 0.166 0.188 0.584 
 83    (0)   :  0.081 0.047 0.131 0.327 0.415 
 84    (0)   :  0.056 0.034 0.066 0.299 0.546 
 85    (0)   :  0.085 0.077 0.095 0.388 0.354 
 86    (0)   :  0.030 0.081 0.331 0.076 0.483 
 87    (0)   :  0.051 0.032 0.065 0.090 0.762 
 88    (0)   :  0.031 0.031 0.076 0.348 0.514 
 89    (0)   :  0.030 0.030 0.084 0.460 0.396 
 90    (0)   :  0.029 0.027 0.048 0.096 0.800 
 91    (0)   :  0.066 0.043 0.084 0.571 0.236 
 92    (0)   :  0.035 0.044 0.064 0.154 0.703 
 93    (0)   :  0.022 0.023 0.044 0.783 0.129 
 94    (0)   :  0.243 0.030 0.049 0.078 0.601 
 95    (0)   :  0.027 0.021 0.057 0.217 0.678 
 96    (0)   :  0.022 0.021 0.536 0.225 0.196 
 97    (0)   :  0.237 0.040 0.318 0.238 0.167 
 98    (0)   :  0.042 0.049 0.436 0.130 0.343 
 99    (0)   :  0.038 0.030 0.063 0.264 0.605 
100    (0)   :  0.016 0.031 0.164 0.625 0.164 
101    (0)   :  0.044 0.034 0.120 0.162 0.640 
102    (0)   :  0.060 0.028 0.118 0.404 0.390 
103    (0)   :  0.024 0.026 0.258 0.199 0.494 
104    (0)   :  0.027 0.030 0.091 0.120 0.732 
105    (0)   :  0.020 0.023 0.112 0.186 0.658 
106    (0)   :  0.072 0.044 0.056 0.042 0.786 
107    (0)   :  0.024 0.028 0.170 0.166 0.612 
108    (0)   :  0.057 0.040 0.691 0.055 0.158 
109    (0)   :  0.081 0.050 0.097 0.043 0.729 
110    (0)   :  0.071 0.039 0.042 0.049 0.799 
111    (0)   :  0.021 0.024 0.059 0.060 0.837 
112    (0)   :  0.050 0.023 0.055 0.045 0.828 
113    (0)   :  0.052 0.068 0.378 0.112 0.390 
114    (0)   :  0.024 0.023 0.075 0.149 0.729 
115    (0)   :  0.026 0.041 0.179 0.079 0.676 
116    (0)   :  0.150 0.045 0.178 0.045 0.582 
117    (0)   :  0.053 0.038 0.053 0.068 0.789 
118    (0)   :  0.026 0.040 0.278 0.062 0.593 
119    (0)   :  0.048 0.022 0.427 0.239 0.265 
120    (0)   :  0.027 0.030 0.099 0.084 0.758 
121    (0)   :  0.039 0.039 0.184 0.064 0.674 
122    (0)   :  0.054 0.033 0.056 0.058 0.800 
123    (0)   :  0.046 0.030 0.084 0.081 0.759 
124    (0)   :  0.134 0.079 0.130 0.060 0.597 
125    (0)   :  0.172 0.082 0.076 0.079 0.590 
126    (0)   :  0.107 0.024 0.140 0.093 0.635 
127    (0)   :  0.022 0.023 0.074 0.065 0.816 
128    (0)   :  0.019 0.030 0.206 0.070 0.676 
129    (0)   :  0.019 0.028 0.124 0.055 0.774 
130    (0)   :  0.025 0.027 0.085 0.157 0.706 
131    (0)   :  0.409 0.040 0.101 0.052 0.398 
132    (0)   :  0.045 0.034 0.085 0.047 0.789 
133    (0)   :  0.032 0.031 0.135 0.092 0.710 
134    (0)   :  0.038 0.028 0.036 0.035 0.864 
135    (0)   :  0.029 0.028 0.248 0.529 0.166 
136    (0)   :  0.019 0.052 0.048 0.772 0.109 
137    (0)   :  0.020 0.025 0.038 0.749 0.168 
138    (0)   :  0.025 0.031 0.054 0.794 0.096 
139    (0)   :  0.025 0.040 0.507 0.267 0.161 
140    (0)   :  0.052 0.028 0.113 0.522 0.285 
141    (0)   :  0.032 0.072 0.066 0.692 0.137 
142    (0)   :  0.025 0.025 0.311 0.495 0.145 
143    (0)   :  0.016 0.021 0.045 0.832 0.086 
144    (0)   :  0.018 0.022 0.043 0.756 0.161 
145    (0)   :  0.035 0.104 0.097 0.600 0.163 
146    (0)   :  0.040 0.050 0.068 0.550 0.292 
147    (0)   :  0.017 0.026 0.035 0.836 0.086 
148    (0)   :  0.024 0.041 0.115 0.584 0.237 
149    (0)   :  0.033 0.029 0.095 0.734 0.109 
150    (0)   :  0.023 0.029 0.062 0.602 0.283 
151    (0)   :  0.020 0.023 0.054 0.773 0.130 
152    (0)   :  0.032 0.068 0.180 0.520 0.200 
153    (0)   :  0.041 0.028 0.071 0.725 0.136 
154    (0)   :  0.020 0.048 0.078 0.738 0.117 
155    (0)   :  0.018 0.023 0.049 0.794 0.117 
156    (0)   :  0.020 0.018 0.173 0.635 0.155 
157    (0)   :  0.036 0.020 0.040 0.664 0.239 
158    (0)   :  0.037 0.087 0.065 0.660 0.152 
159    (0)   :  0.017 0.026 0.038 0.830 0.090 
160    (0)   :  0.018 0.028 0.043 0.818 0.093 
161    (0)   :  0.043 0.029 0.062 0.689 0.177 
162    (0)   :  0.037 0.074 0.094 0.480 0.316 
163    (0)   :  0.019 0.020 0.060 0.797 0.104 
164    (0)   :  0.030 0.038 0.074 0.551 0.307 
165    (0)   :  0.022 0.022 0.053 0.651 0.252 
166    (0)   :  0.066 0.027 0.101 0.544 0.262 
167    (0)   :  0.020 0.120 0.044 0.644 0.172 
168    (0)   :  0.058 0.036 0.080 0.695 0.131 
169    (0)   :  0.247 0.111 0.069 0.436 0.138 
170    (0)   :  0.022 0.023 0.151 0.646 0.158 
171    (0)   :  0.042 0.051 0.099 0.599 0.208 
172    (0)   :  0.207 0.029 0.149 0.511 0.105 
173    (0)   :  0.016 0.030 0.062 0.795 0.098 
174    (0)   :  0.021 0.025 0.040 0.788 0.126 
175    (0)   :  0.017 0.051 0.056 0.776 0.099 
176    (0)   :  0.019 0.022 0.043 0.755 0.162 
177    (0)   :  0.071 0.028 0.049 0.551 0.300 
178    (0)   :  0.022 0.058 0.047 0.714 0.160 
179    (0)   :  0.016 0.027 0.042 0.826 0.090 
180    (0)   :  0.035 0.069 0.071 0.627 0.198 
181    (0)   :  0.030 0.043 0.124 0.664 0.139 
182    (0)   :  0.016 0.024 0.091 0.758 0.111 
183    (0)   :  0.017 0.030 0.053 0.804 0.096 
184    (0)   :  0.019 0.223 0.391 0.080 0.287 
185    (0)   :  0.017 0.020 0.216 0.657 0.091 
186    (0)   :  0.019 0.064 0.188 0.080 0.649 
187    (0)   :  0.019 0.074 0.418 0.274 0.215 
188    (0)   :  0.016 0.057 0.282 0.057 0.589 
189    (0)   :  0.110 0.166 0.256 0.279 0.189 
190    (0)   :  0.013 0.017 0.743 0.141 0.087 
191    (0)   :  0.019 0.050 0.498 0.118 0.315 
192    (0)   :  0.022 0.055 0.240 0.311 0.373 
193    (0)   :  0.029 0.072 0.360 0.242 0.298 
194    (0)   :  0.026 0.039 0.278 0.304 0.354 
195    (0)   :  0.015 0.024 0.539 0.317 0.104 
196    (0)   :  0.016 0.022 0.701 0.131 0.129 
197    (0)   :  0.019 0.232 0.233 0.169 0.347 
198    (0)   :  0.054 0.061 0.232 0.209 0.445 
199    (0)   :  0.024 0.031 0.634 0.154 0.157 
200    (0)   :  0.034 0.048 0.645 0.108 0.166 
201    (0)   :  0.015 0.036 0.333 0.485 0.131 
202    (0)   :  0.016 0.023 0.278 0.539 0.144 
203    (0)   :  0.014 0.031 0.396 0.428 0.131 
204    (0)   :  0.014 0.022 0.716 0.129 0.120 
205    (0)   :  0.022 0.035 0.697 0.090 0.157 
206    (0)   :  0.015 0.034 0.630 0.178 0.143 
207    (0)   :  0.014 0.027 0.671 0.090 0.199 
208    (0)   :  0.015 0.024 0.617 0.214 0.130 
209    (0)   :  0.019 0.053 0.489 0.155 0.284 
210    (0)   :  0.016 0.025 0.600 0.174 0.185 
211    (0)   :  0.014 0.028 0.549 0.185 0.225 
212    (0)   :  0.023 0.044 0.202 0.590 0.142 
213    (0)   :  0.035 0.023 0.417 0.150 0.375 
214    (0)   :  0.015 0.034 0.335 0.486 0.130 
215    (0)   :  0.019 0.033 0.713 0.065 0.170 
216    (0)   :  0.022 0.184 0.301 0.119 0.375 
217    (0)   :  0.018 0.043 0.500 0.332 0.107 
218    (0)   :  0.023 0.043 0.583 0.130 0.221 
219    (0)   :  0.029 0.281 0.193 0.284 0.213 
220    (0)   :  0.014 0.026 0.710 0.087 0.163 
221    (0)   :  0.015 0.020 0.267 0.612 0.086 
222    (0)   :  0.023 0.278 0.206 0.173 0.320 
223    (0)   :  0.027 0.089 0.278 0.394 0.213 
224    (0)   :  0.015 0.038 0.385 0.401 0.161 
225    (0)   :  0.019 0.034 0.651 0.136 0.161 
226    (0)   :  0.066 0.102 0.536 0.138 0.158 
227    (0)   :  0.015 0.028 0.580 0.221 0.155 
228    (0)   :  0.014 0.023 0.636 0.235 0.092 
229    (0)   :  0.015 0.046 0.335 0.399 0.206 
230    (0)   :  0.014 0.034 0.501 0.271 0.180 
231    (0)   :  0.019 0.075 0.313 0.366 0.226 
232    (0)   :  0.045 0.035 0.285 0.325 0.310 
233    (0)   :  0.015 0.037 0.231 0.587 0.130 
234    (0)   :  0.027 0.079 0.235 0.266 0.392 
235    (0)   :  0.028 0.063 0.480 0.271 0.157 
236    (0)   :  0.020 0.058 0.343 0.388 0.191 
237    (0)   :  0.018 0.034 0.578 0.125 0.245 
238    (0)   :  0.018 0.033 0.254 0.507 0.188 
239    (0)   :  0.015 0.025 0.530 0.326 0.105 
240    (0)   :  0.018 0.034 0.246 0.511 0.191 
241    (0)   :  0.021 0.029 0.215 0.593 0.142 
242    (0)   :  0.039 0.083 0.503 0.175 0.200 
243    (0)   :  0.013 0.020 0.739 0.129 0.100 
244    (0)   :  0.014 0.030 0.461 0.357 0.138 
245    (0)   :  0.018 0.020 0.141 0.697 0.124 
246    (0)   :  0.018 0.044 0.497 0.333 0.107 
247    (0)   :  0.037 0.035 0.247 0.068 0.613 
248    (0)   :  0.018 0.035 0.592 0.070 0.285 
249    (0)   :  0.015 0.036 0.420 0.359 0.170 
250    (0)   :  0.019 0.064 0.375 0.298 0.245 
251    (0)   :  0.062 0.106 0.461 0.111 0.259 
252    (0)   :  0.020 0.048 0.511 0.240 0.181 
253    (0)   :  0.042 0.049 0.447 0.112 0.350 
254    (0)   :  0.018 0.192 0.325 0.182 0.283 
255    (0)   :  0.022 0.079 0.325 0.256 0.318 
256    (0)   :  0.020 0.037 0.505 0.287 0.151 
257    (0)   :  0.022 0.040 0.524 0.187 0.227 
258    (0)   :  0.029 0.035 0.485 0.122 0.328 
259    (0)   :  0.018 0.055 0.454 0.196 0.276 
260    (0)   :  0.019 0.215 0.139 0.372 0.255 
261    (0)   :  0.022 0.041 0.465 0.330 0.143 
262    (0)   :  0.016 0.023 0.651 0.223 0.087 
263    (0)   :  0.013 0.081 0.560 0.103 0.243 
264    (0)   :  0.033 0.418 0.187 0.055 0.308 
265    (0)   :  0.024 0.073 0.558 0.176 0.169 
266    (0)   :  0.015 0.021 0.265 0.607 0.092 
267    (0)   :  0.019 0.067 0.313 0.293 0.309 
268    (0)   :  0.017 0.022 0.703 0.129 0.129 
269    (0)   :  0.052 0.197 0.308 0.236 0.207 
270    (0)   :  0.021 0.119 0.290 0.132 0.438 
271    (0)   :  0.026 0.039 0.609 0.101 0.225 
272    (0)   :  0.051 0.054 0.646 0.097 0.152 
273    (0)   :  0.062 0.101 0.353 0.250 0.234 
274    (0)   :  0.033 0.079 0.543 0.133 0.213 
275    (0)   :  0.032 0.114 0.549 0.155 0.149 
276    (0)   :  0.042 0.047 0.638 0.096 0.176 
277    (0)   :  0.028 0.095 0.311 0.333 0.233 
278    (0)   :  0.018 0.029 0.741 0.076 0.135 
279    (0)   :  0.026 0.064 0.467 0.220 0.223 
280    (0)   :  0.039 0.109 0.524 0.162 0.167 
281    (0)   :  0.030 0.040 0.442 0.161 0.326 
282    (0)   :  0.022 0.079 0.188 0.514 0.197 
283    (0)   :  0.016 0.046 0.212 0.553 0.173 
284    (0)   :  0.024 0.041 0.299 0.309 0.328 
285    (0)   :  0.025 0.034 0.633 0.048 0.260 
286    (0)   :  0.014 0.030 0.457 0.360 0.139 
287    (0)   :  0.048 0.091 0.366 0.224 0.272 
288    (0)   :  0.034 0.061 0.669 0.087 0.150 
289    (0)   :  0.034 0.065 0.567 0.099 0.236 
290    (0)   :  0.043 0.128 0.512 0.127 0.190 
291    (0)   :  0.027 0.038 0.607 0.101 0.227 
292    (0)   :  0.042 0.063 0.574 0.184 0.137 
293    (0)   :  0.070 0.152 0.349 0.095 0.334 
294    (0)   :  0.016 0.083 0.610 0.080 0.212 
295    (0)   :  0.072 0.073 0.445 0.168 0.242 
296    (0)   :  0.021 0.028 0.666 0.091 0.195 
297    (0)   :  0.036 0.158 0.466 0.120 0.220 
298    (0)   :  0.020 0.090 0.216 0.411 0.262 
299    (0)   :  0.015 0.137 0.400 0.129 0.320 
300    (0)   :  0.019 0.032 0.692 0.075 0.181 
301    (0)   :  0.023 0.307 0.311 0.118 0.241 
302    (0)   :  0.017 0.074 0.633 0.087 0.190 
303    (0)   :  0.023 0.047 0.390 0.369 0.172 
304    (0)   :  0.017 0.197 0.073 0.423 0.290 
305    (0)   :  0.018 0.028 0.629 0.217 0.107 
306    (0)   :  0.026 0.073 0.375 0.397 0.129 
307    (0)   :  0.025 0.075 0.311 0.311 0.278 
308    (0)   :  0.022 0.041 0.463 0.332 0.143 
309    (0)   :  0.020 0.032 0.692 0.080 0.176 
310    (0)   :  0.014 0.025 0.641 0.208 0.112 
311    (0)   :  0.014 0.033 0.503 0.269 0.181 
312    (0)   :  0.015 0.021 0.678 0.090 0.196 
313    (0)   :  0.016 0.025 0.739 0.063 0.157 
314    (0)   :  0.019 0.021 0.059 0.820 0.080 
315    (0)   :  0.033 0.026 0.073 0.768 0.099 
316    (0)   :  0.042 0.038 0.056 0.759 0.106 
317    (0)   :  0.019 0.022 0.037 0.840 0.082 
318    (0)   :  0.020 0.025 0.030 0.844 0.081 
319    (0)   :  0.016 0.023 0.044 0.830 0.087 
320    (0)   :  0.020 0.021 0.060 0.818 0.081 
321    (0)   :  0.021 0.025 0.033 0.838 0.083 
322    (0)   :  0.038 0.034 0.079 0.741 0.107 
323    (0)   :  0.016 0.031 0.033 0.838 0.082 
324    (0)   :  0.021 0.025 0.033 0.838 0.083 
325    (0)   :  0.043 0.032 0.043 0.782 0.101 
326    (0)   :  0.054 0.035 0.044 0.771 0.096 
327    (0)   :  0.019 0.023 0.037 0.838 0.083 
328    (0)   :  0.034 0.031 0.058 0.768 0.109 
329    (0)   :  0.017 0.024 0.031 0.846 0.082 
330    (0)   :  0.019 0.022 0.037 0.840 0.082 
331    (0)   :  0.017 0.024 0.033 0.842 0.084 
332    (0)   :  0.045 0.049 0.041 0.766 0.100 
333    (0)   :  0.038 0.033 0.051 0.777 0.101 
334    (0)   :  0.033 0.030 0.059 0.767 0.111 
335    (0)   :  0.030 0.027 0.058 0.781 0.104 
336    (0)   :  0.021 0.034 0.042 0.823 0.080 
337    (0)   :  0.045 0.032 0.050 0.768 0.105 
338    (0)   :  0.021 0.027 0.028 0.842 0.081 
339    (0)   :  0.016 0.024 0.033 0.844 0.083 
340    (0)   :  0.015 0.021 0.036 0.847 0.081 
341    (0)   :  0.019 0.030 0.035 0.833 0.083 
342    (0)   :  0.019 0.023 0.037 0.840 0.081 
343    (0)   :  0.032 0.039 0.088 0.738 0.102 
344    (0)   :  0.017 0.024 0.030 0.848 0.081 
345    (0)   :  0.019 0.023 0.038 0.838 0.082 
346    (0)   :  0.017 0.022 0.032 0.851 0.078 
347    (0)   :  0.015 0.021 0.033 0.851 0.079 
348    (0)   :  0.029 0.025 0.110 0.734 0.101 
349    (0)   :  0.019 0.023 0.037 0.840 0.082 
350    (0)   :  0.017 0.024 0.054 0.822 0.083 
351    (0)   :  0.031 0.027 0.059 0.781 0.103 
352    (0)   :  0.040 0.028 0.059 0.772 0.102 
353    (0)   :  0.022 0.033 0.042 0.823 0.080 
354    (0)   :  0.017 0.025 0.031 0.844 0.083 
355    (0)   :  0.020 0.024 0.030 0.845 0.081 
356    (0)   :  0.030 0.024 0.126 0.719 0.101 
357    (0)   :  0.101 0.089 0.060 0.516 0.233 
358    (0)   :  0.035 0.032 0.042 0.786 0.104 
359    (0)   :  0.017 0.025 0.032 0.843 0.084 
360    (0)   :  0.018 0.022 0.033 0.848 0.079 
361    (0)   :  0.109 0.086 0.084 0.465 0.256 
362    (0)   :  0.178 0.055 0.165 0.097 0.505 
363    (0)   :  0.095 0.135 0.099 0.064 0.607 
364    (0)   :  0.028 0.328 0.080 0.281 0.282 
365    (0)   :  0.114 0.392 0.065 0.069 0.360 
366    (0)   :  0.070 0.212 0.357 0.141 0.221 
367    (0)   :  0.092 0.036 0.036 0.043 0.792 
368    (0)   :  0.031 0.042 0.055 0.079 0.793 
369    (0)   :  0.042 0.116 0.217 0.332 0.294 
370    (0)   :  0.039 0.076 0.155 0.102 0.628 
371    (0)   :  0.034 0.250 0.179 0.144 0.393 
372    (0)   :  0.047 0.104 0.208 0.141 0.501 
373    (0)   :  0.039 0.078 0.069 0.149 0.664 
374    (0)   :  0.104 0.077 0.087 0.336 0.395 
375    (0)   :  0.040 0.248 0.047 0.058 0.607 
376    (0)   :  0.265 0.393 0.032 0.052 0.258 
377    (0)   :  0.161 0.082 0.111 0.099 0.546 
378    (0)   :  0.046 0.023 0.064 0.238 0.628 
379    (0)   :  0.193 0.483 0.043 0.045 0.236 
380    (0)   :  0.409 0.139 0.119 0.181 0.151 
381    (0)   :  0.123 0.454 0.136 0.153 0.135 
382    (0)   :  0.050 0.130 0.040 0.064 0.715 
383    (0)   :  0.357 0.292 0.067 0.154 0.130 
384    (0)   :  0.045 0.608 0.044 0.098 0.206 
385    (0)   :  0.032 0.109 0.041 0.241 0.577 
386    (0)   :  0.129 0.053 0.054 0.060 0.704 
387    (0)   :  0.071 0.081 0.049 0.074 0.724 
388    (0)   :  0.068 0.133 0.061 0.286 0.452 
389    (0)   :  0.026 0.076 0.480 0.071 0.347 
390    (0)   :  0.327 0.069 0.136 0.057 0.410 
391    (0)   :  0.045 0.092 0.160 0.116 0.586 
392    (0)   :  0.195 0.177 0.081 0.144 0.404 
393    (0)   :  0.631 0.069 0.062 0.113 0.124 
394    (0)   :  0.111 0.038 0.079 0.302 0.469 
395    (0)   :  0.243 0.031 0.296 0.072 0.358 
396    (0)   :  0.030 0.103 0.047 0.047 0.773 
397    (0)   :  0.019 0.435 0.186 0.163 0.197 
398    (0)   :  0.584 0.066 0.038 0.048 0.264 
399    (0)   :  0.103 0.037 0.128 0.063 0.668 
400    (0)   :  0.058 0.097 0.047 0.092 0.706 
401    (0)   :  0.065 0.024 0.092 0.096 0.724 
402    (0)   :  0.038 0.118 0.205 0.106 0.534 
403    (0)   :  0.047 0.083 0.082 0.424 0.364 
404    (0)   :  0.060 0.220 0.089 0.132 0.498 
405    (0)   :  0.111 0.117 0.152 0.122 0.498 
406    (0)   :  0.342 0.036 0.329 0.162 0.132 
407    (0)   :  0.526 0.071 0.048 0.049 0.306 
408    (0)   :  0.031 0.020 0.178 0.045 0.726 
409    (0)   :  0.320 0.028 0.136 0.356 0.159 
410    (0)   :  0.116 0.236 0.067 0.121 0.460 
411    (0)   :  0.075 0.327 0.118 0.182 0.297 
412    (0)   :  0.035 0.047 0.050 0.073 0.795 
413    (0)   :  0.048 0.031 0.074 0.222 0.624 
414    (0)   :  0.023 0.064 0.052 0.050 0.811 
415    (0)   :  0.294 0.161 0.128 0.071 0.345 
416    (0)   :  0.088 0.076 0.120 0.131 0.586 
417    (0)   :  0.370 0.080 0.052 0.065 0.433 
418    (0)   :  0.032 0.063 0.036 0.052 0.817 
419    (0)   :  0.097 0.074 0.107 0.243 0.478 
420    (0)   :  0.089 0.024 0.179 0.064 0.644 
421    (0)   :  0.178 0.046 0.062 0.079 0.636 
422    (0)   :  0.302 0.043 0.283 0.079 0.293 
423    (0)   :  0.110 0.290 0.110 0.079 0.411 
424    (0)   :  0.083 0.041 0.118 0.099 0.658 
425    (0)   :  0.043 0.303 0.074 0.130 0.450 
426    (0)   :  0.070 0.111 0.055 0.121 0.643 
427    (0)   :  0.561 0.028 0.043 0.151 0.217 
428    (0)   :  0.374 0.047 0.131 0.249 0.199 
429    (0)   :  0.288 0.108 0.038 0.044 0.522 
430    (0)   :  0.552 0.050 0.051 0.057 0.289 
431    (0)   :  0.047 0.091 0.101 0.101 0.661 
432    (0)   :  0.037 0.039 0.058 0.090 0.776 
433    (0)   :  0.025 0.058 0.115 0.371 0.432 
434    (0)   :  0.049 0.122 0.105 0.178 0.546 
435    (0)   :  0.654 0.031 0.040 0.046 0.229 
436    (0)   :  0.694 0.038 0.039 0.071 0.158 
437    (0)   :  0.083 0.539 0.049 0.054 0.275 
438    (0)   :  0.582 0.021 0.091 0.090 0.216 
439    (0)   :  0.736 0.032 0.030 0.059 0.143 
440    (0)   :  0.501 0.085 0.051 0.039 0.323 
441    (0)   :  0.396 0.054 0.049 0.142 0.360 
442    (0)   :  0.173 0.110 0.064 0.057 0.596 
443    (0)   :  0.186 0.034 0.121 0.048 0.611 
444    (0)   :  0.288 0.125 0.078 0.055 0.454 
445    (0)   :  0.508 0.078 0.079 0.176 0.158 
446    (0)   :  0.648 0.054 0.027 0.051 0.220 
447    (0)   :  0.339 0.071 0.087 0.115 0.388 
448    (0)   :  0.192 0.121 0.061 0.062 0.563 
449    (0)   :  0.151 0.175 0.072 0.103 0.498 
450    (0)   :  0.079 0.352 0.031 0.121 0.417 
451    (0)   :  0.049 0.045 0.065 0.041 0.800 
452    (0)   :  0.200 0.219 0.041 0.102 0.437 
453    (0)   :  0.076 0.032 0.322 0.105 0.464 
454    (0)   :  0.284 0.102 0.065 0.117 0.432 
455    (0)   :  0.718 0.028 0.041 0.046 0.167 
456    (0)   :  0.469 0.068 0.119 0.047 0.297 
457    (0)   :  0.434 0.226 0.043 0.061 0.236 
458    (0)   :  0.624 0.089 0.034 0.063 0.189 
459    (0)   :  0.376 0.036 0.039 0.140 0.408 
460    (0)   :  0.415 0.037 0.036 0.052 0.460 
461    (0)   :  0.093 0.050 0.026 0.056 0.776 
462    (0)   :  0.345 0.093 0.081 0.038 0.442 
463    (0)   :  0.423 0.031 0.271 0.086 0.189 
464    (0)   :  0.344 0.031 0.068 0.049 0.508 
465    (0)   :  0.180 0.036 0.056 0.065 0.662 
466    (0)   :  0.233 0.033 0.151 0.054 0.529 
467    (0)   :  0.404 0.049 0.091 0.098 0.358 
468    (0)   :  0.691 0.066 0.058 0.044 0.141 
469    (0)   :  0.787 0.026 0.027 0.049 0.112 
470    (0)   :  0.707 0.025 0.033 0.045 0.190 
471    (0)   :  0.070 0.099 0.287 0.059 0.485 
472    (0)   :  0.200 0.079 0.094 0.072 0.556 
473    (0)   :  0.185 0.114 0.098 0.106 0.496 
474    (0)   :  0.243 0.149 0.082 0.100 0.425 
475    (0)   :  0.113 0.042 0.055 0.112 0.679 
476    (0)   :  0.365 0.225 0.050 0.065 0.296 
477    (0)   :  0.130 0.040 0.055 0.097 0.679 
478    (0)   :  0.096 0.027 0.032 0.050 0.795 
479    (0)   :  0.363 0.078 0.037 0.049 0.474 
480    (0)   :  0.539 0.171 0.035 0.056 0.199 
481    (0)   :  0.057 0.163 0.119 0.059 0.602 
482    (0)   :  0.515 0.085 0.031 0.047 0.322 
483    (0)   :  0.693 0.034 0.032 0.061 0.181 
484    (0)   :  0.592 0.026 0.114 0.057 0.211 
485    (0)   :  0.749 0.027 0.034 0.046 0.144 
486    (0)   :  0.027 0.092 0.265 0.087 0.529 
487    (0)   :  0.028 0.205 0.112 0.212 0.442 
488    (0)   :  0.024 0.079 0.109 0.141 0.647 
489    (0)   :  0.020 0.263 0.264 0.216 0.237 
490    (0)   :  0.038 0.056 0.109 0.054 0.743 
491    (0)   :  0.024 0.077 0.237 0.230 0.433 
492    (0)   :  0.023 0.042 0.147 0.325 0.462 
493    (0)   :  0.018 0.222 0.183 0.107 0.470 
494    (0)   :  0.030 0.245 0.196 0.161 0.369 
495    (0)   :  0.025 0.077 0.089 0.204 0.605 
496    (0)   :  0.040 0.046 0.171 0.442 0.301 
497    (0)   :  0.021 0.123 0.111 0.233 0.512 
498    (0)   :  0.031 0.064 0.184 0.123 0.597 
499    (0)   :  0.023 0.177 0.132 0.393 0.276 
500    (0)   :  0.024 0.486 0.154 0.101 0.235 
501    (0)   :  0.026 0.202 0.077 0.265 0.430 
502    (0)   :  0.027 0.071 0.050 0.312 0.539 
503    (0)   :  0.058 0.367 0.091 0.073 0.411 
504    (0)   :  0.027 0.033 0.079 0.076 0.785 
505    (0)   :  0.024 0.082 0.480 0.137 0.277 
506    (0)   :  0.025 0.056 0.112 0.267 0.539 
507    (0)   :  0.019 0.032 0.155 0.681 0.112 
508    (0)   :  0.016 0.047 0.179 0.596 0.161 
509    (0)   :  0.027 0.061 0.333 0.275 0.304 
510    (0)   :  0.019 0.405 0.080 0.274 0.222 
511    (0)   :  0.076 0.198 0.183 0.081 0.461 
512    (0)   :  0.038 0.285 0.054 0.053 0.569 
513    (0)   :  0.015 0.025 0.293 0.093 0.574 
514    (0)   :  0.029 0.034 0.075 0.103 0.760 
515    (0)   :  0.195 0.132 0.145 0.214 0.314 
516    (0)   :  0.029 0.033 0.164 0.099 0.676 
517    (0)   :  0.113 0.045 0.217 0.208 0.417 
518    (0)   :  0.021 0.391 0.112 0.282 0.194 
519    (0)   :  0.034 0.031 0.062 0.111 0.762 
520    (0)   :  0.181 0.057 0.271 0.337 0.154 
521    (0)   :  0.030 0.033 0.146 0.409 0.381 
522    (0)   :  0.057 0.358 0.247 0.071 0.267 
523    (0)   :  0.061 0.029 0.347 0.250 0.314 
524    (0)   :  0.314 0.066 0.166 0.151 0.304 
525    (0)   :  0.068 0.323 0.132 0.290 0.185 
526    (0)   :  0.424 0.029 0.297 0.112 0.137 
527    (0)   :  0.023 0.392 0.053 0.075 0.458 
528    (0)   :  0.020 0.036 0.204 0.537 0.202 
529    (0)   :  0.032 0.132 0.189 0.210 0.437 
530    (0)   :  0.055 0.300 0.181 0.130 0.334 
531    (0)   :  0.069 0.084 0.099 0.466 0.283 
532    (0)   :  0.020 0.251 0.126 0.292 0.310 
533    (0)   :  0.053 0.339 0.255 0.105 0.249 
534    (0)   :  0.021 0.086 0.424 0.164 0.304 
535    (0)   :  0.092 0.037 0.265 0.110 0.496 
536    (0)   :  0.201 0.059 0.239 0.244 0.257 
537    (0)   :  0.035 0.046 0.369 0.357 0.194 
538    (0)   :  0.033 0.044 0.495 0.213 0.215 
539    (0)   :  0.016 0.041 0.196 0.623 0.124 
540    (0)   :  0.054 0.070 0.384 0.274 0.218 
541    (0)   :  0.067 0.057 0.117 0.546 0.214 
542    (0)   :  0.237 0.038 0.466 0.084 0.175 
543    (0)   :  0.070 0.027 0.339 0.220 0.344 
544    (0)   :  0.051 0.040 0.540 0.126 0.243 
545    (0)   :  0.306 0.027 0.383 0.061 0.222 
546    (0)   :  0.055 0.042 0.450 0.197 0.256 
547    (0)   :  0.076 0.025 0.455 0.218 0.225 
548    (0)   :  0.019 0.062 0.384 0.292 0.243 
549    (0)   :  0.244 0.031 0.096 0.505 0.124 
550    (0)   :  0.174 0.043 0.400 0.094 0.289 
551    (0)   :  0.055 0.039 0.071 0.649 0.186 
552    (0)   :  0.025 0.054 0.579 0.190 0.152 
553    (0)   :  0.038 0.023 0.570 0.184 0.186 
554    (0)   :  0.053 0.159 0.161 0.218 0.408 
555    (0)   :  0.026 0.042 0.365 0.353 0.214 
556    (0)   :  0.031 0.042 0.489 0.195 0.243 
557    (0)   :  0.426 0.031 0.124 0.164 0.254 
558    (0)   :  0.587 0.066 0.026 0.048 0.271 
559    (0)   :  0.028 0.040 0.165 0.084 0.682 
560    (0)   :  0.282 0.026 0.048 0.038 0.606 
561    (0)   :  0.081 0.048 0.064 0.052 0.754 
562    (0)   :  0.051 0.073 0.118 0.038 0.720 
563    (0)   :  0.072 0.029 0.052 0.214 0.633 
564    (0)   :  0.029 0.067 0.329 0.090 0.485 
565    (0)   :  0.610 0.070 0.037 0.059 0.224 
566    (0)   :  0.083 0.052 0.045 0.040 0.780 
567    (0)   :  0.023 0.070 0.245 0.057 0.605 
568    (0)   :  0.088 0.033 0.112 0.081 0.687 
569    (0)   :  0.071 0.154 0.181 0.081 0.514 
570    (0)   :  0.112 0.396 0.036 0.042 0.414 
571    (0)   :  0.054 0.030 0.055 0.062 0.799 
572    (0)   :  0.069 0.055 0.505 0.158 0.213 
573    (0)   :  0.129 0.051 0.237 0.093 0.489 
574    (0)   :  0.064 0.280 0.081 0.189 0.386 
575    (0)   :  0.048 0.034 0.071 0.145 0.701 
576    (0)   :  0.054 0.048 0.034 0.040 0.824 
577    (0)   :  0.050 0.175 0.062 0.167 0.546 
578    (0)   :  0.089 0.046 0.063 0.065 0.738 
579    (0)   :  0.072 0.052 0.075 0.061 0.739 
580    (0)   :  0.172 0.129 0.055 0.108 0.536 
581    (0)   :  0.200 0.061 0.045 0.079 0.614 
582    (0)   :  0.357 0.096 0.061 0.045 0.440 
583    (0)   :  0.044 0.119 0.051 0.063 0.723 
584    (0)   :  0.056 0.056 0.035 0.049 0.804 
585    (0)   :  0.081 0.056 0.052 0.056 0.756 
586    (0)   :  0.036 0.027 0.085 0.075 0.777 
587    (0)   :  0.057 0.200 0.124 0.046 0.574 
588    (0)   :  0.016 0.025 0.734 0.059 0.167 
589    (0)   :  0.194 0.178 0.136 0.050 0.442 
590    (0)   :  0.021 0.052 0.077 0.057 0.794 
591    (0)   :  0.040 0.028 0.047 0.070 0.815 
592    (0)   :  0.056 0.045 0.216 0.050 0.633 
593    (0)   :  0.099 0.045 0.095 0.101 0.660 
594    (0)   :  0.036 0.057 0.061 0.144 0.702 
595    (0)   :  0.022 0.295 0.050 0.043 0.591 
596    (0)   :  0.080 0.073 0.394 0.084 0.369 
597    (0)   :  0.042 0.026 0.102 0.239 0.591 
598    (0)   :  0.190 0.415 0.031 0.046 0.318 
599    (0)   :  0.044 0.056 0.088 0.042 0.770 
600    (0)   :  0.214 0.090 0.091 0.127 0.478 
601    (0)   :  0.112 0.046 0.073 0.044 0.726 
602    (0)   :  0.033 0.064 0.111 0.208 0.585 
603    (0)   :  0.027 0.051 0.112 0.189 0.621 
604    (0)   :  0.348 0.124 0.078 0.146 0.305 
605    (0)   :  0.079 0.049 0.101 0.078 0.693 
606    (0)   :  0.051 0.132 0.221 0.203 0.393 
607    (0)   :  0.077 0.112 0.082 0.323 0.405 
608    (0)   :  0.091 0.041 0.056 0.504 0.308 
609    (0)   :  0.133 0.123 0.070 0.108 0.566 
610    (0)   :  0.482 0.054 0.117 0.080 0.266 
611    (0)   :  0.042 0.046 0.140 0.184 0.588 
612    (0)   :  0.577 0.109 0.050 0.068 0.197 
613    (0)   :  0.074 0.277 0.163 0.103 0.383 
614    (0)   :  0.087 0.606 0.059 0.055 0.194 
615    (0)   :  0.319 0.254 0.095 0.120 0.212 
616    (0)   :  0.040 0.146 0.088 0.227 0.500 
617    (0)   :  0.054 0.304 0.113 0.062 0.466 
618    (0)   :  0.368 0.107 0.097 0.239 0.190 
619    (0)   :  0.117 0.045 0.238 0.158 0.442 
620    (0)   :  0.043 0.029 0.266 0.040 0.622 
621    (0)   :  0.063 0.066 0.033 0.064 0.774 
622    (0)   :  0.120 0.276 0.204 0.139 0.261 
623    (0)   :  0.046 0.060 0.115 0.068 0.711 
624    (0)   :  0.439 0.073 0.056 0.225 0.207 
625    (0)   :  0.066 0.357 0.054 0.170 0.353 
626    (0)   :  0.225 0.067 0.168 0.420 0.120 
627    (0)   :  0.055 0.069 0.114 0.096 0.666 
628    (0)   :  0.033 0.064 0.170 0.091 0.642 
629    (0)   :  0.028 0.212 0.085 0.117 0.558 
630    (0)   :  0.156 0.207 0.074 0.097 0.466 
631    (0)   :  0.067 0.229 0.092 0.107 0.505 
632    (0)   :  0.037 0.095 0.302 0.301 0.264 
633    (0)   :  0.164 0.115 0.066 0.174 0.480 
634    (0)   :  0.067 0.083 0.210 0.229 0.411 
635    (0)   :  0.053 0.104 0.099 0.517 0.227 
636    (0)   :  0.092 0.131 0.066 0.290 0.421 
637    (0)   :  0.061 0.077 0.346 0.139 0.378 
638    (0)   :  0.041 0.124 0.082 0.179 0.575 
639    (0)   :  0.102 0.238 0.088 0.155 0.418 
640    (0)   :  0.042 0.045 0.038 0.085 0.790 
641    (0)   :  0.033 0.242 0.092 0.112 0.521 
642    (0)   :  0.050 0.033 0.118 0.540 0.258 
643    (0)   :  0.030 0.025 0.047 0.740 0.158 
644    (0)   :  0.030 0.031 0.073 0.595 0.272 
645    (0)   :  0.246 0.048 0.069 0.531 0.107 
646    (0)   :  0.049 0.033 0.172 0.180 0.566 
647    (0)   :  0.036 0.029 0.084 0.440 0.411 
648    (0)   :  0.027 0.248 0.301 0.255 0.169 
649    (0)   :  0.029 0.030 0.435 0.205 0.300 
650    (0)   :  0.030 0.029 0.169 0.226 0.547 
651    (0)   :  0.020 0.050 0.084 0.435 0.410 
652    (0)   :  0.030 0.031 0.083 0.601 0.255 
653    (0)   :  0.046 0.133 0.164 0.452 0.205 
654    (0)   :  0.034 0.041 0.202 0.495 0.227 
655    (0)   :  0.043 0.022 0.062 0.516 0.357 
656    (0)   :  0.047 0.061 0.290 0.308 0.294 
657    (0)   :  0.080 0.218 0.072 0.264 0.366 
658    (0)   :  0.075 0.038 0.121 0.281 0.485 
659    (0)   :  0.037 0.073 0.150 0.506 0.235 
660    (0)   :  0.021 0.040 0.174 0.578 0.188 
661    (0)   :  0.055 0.035 0.235 0.522 0.154 
662    (0)   :  0.027 0.024 0.538 0.141 0.270 
663    (0)   :  0.026 0.056 0.181 0.491 0.246 
664    (0)   :  0.163 0.028 0.069 0.296 0.444 
665    (0)   :  0.021 0.032 0.530 0.164 0.253 
666    (0)   :  0.040 0.034 0.183 0.504 0.239 
667    (0)   :  0.035 0.041 0.097 0.150 0.677 
668    (0)   :  0.054 0.035 0.130 0.467 0.314 
669    (0)   :  0.029 0.109 0.294 0.312 0.256 
670    (0)   :  0.018 0.025 0.071 0.779 0.107 
671    (0)   :  0.023 0.025 0.110 0.659 0.182 
672    (0)   :  0.060 0.022 0.065 0.652 0.201 
673    (0)   :  0.016 0.035 0.033 0.832 0.084 
674    (0)   :  0.027 0.045 0.086 0.700 0.141 
675    (0)   :  0.018 0.023 0.043 0.755 0.161 
676    (0)   :  0.017 0.024 0.035 0.839 0.085 
677    (0)   :  0.018 0.023 0.248 0.617 0.095 
678    (0)   :  0.017 0.034 0.031 0.828 0.090 
679    (0)   :  0.026 0.050 0.038 0.752 0.134 
680    (0)   :  0.031 0.035 0.051 0.771 0.112 
681    (0)   :  0.075 0.081 0.298 0.331 0.215 
682    (0)   :  0.033 0.031 0.043 0.788 0.105 
683    (0)   :  0.018 0.023 0.067 0.793 0.099 
684    (0)   :  0.017 0.032 0.035 0.824 0.091 
685    (0)   :  0.016 0.022 0.039 0.841 0.082 
686    (0)   :  0.033 0.031 0.162 0.648 0.126 
687    (0)   :  0.021 0.025 0.152 0.639 0.164 
688    (0)   :  0.022 0.023 0.047 0.775 0.134 
689    (0)   :  0.017 0.024 0.037 0.839 0.082 
690    (0)   :  0.018 0.025 0.035 0.838 0.085 
691    (0)   :  0.024 0.042 0.056 0.748 0.131 
692    (0)   :  0.021 0.038 0.038 0.773 0.129 
693    (0)   :  0.032 0.023 0.035 0.766 0.144 
694    (0)   :  0.015 0.020 0.040 0.846 0.078 
695    (0)   :  0.031 0.026 0.065 0.778 0.100 
696    (0)   :  0.021 0.023 0.046 0.777 0.132 
697    (0)   :  0.018 0.026 0.051 0.821 0.084 
698    (0)   :  0.017 0.024 0.038 0.834 0.087 
699    (0)   :  0.029 0.024 0.179 0.671 0.097 
700    (0)   :  0.078 0.023 0.080 0.697 0.122 
701    (0)   :  0.037 0.095 0.073 0.675 0.120 
702    (0)   :  0.047 0.029 0.086 0.677 0.161 
703    (0)   :  0.031 0.031 0.051 0.778 0.110 
704    (0)   :  0.021 0.021 0.067 0.770 0.121 
705    (0)   :  0.071 0.052 0.298 0.422 0.157 
706    (0)   :  0.029 0.030 0.062 0.779 0.100 
707    (0)   :  0.018 0.034 0.066 0.796 0.087 
708    (0)   :  0.016 0.024 0.047 0.820 0.092 
709    (0)   :  0.025 0.020 0.069 0.796 0.090 
710    (0)   :  0.016 0.021 0.040 0.844 0.080 
711    (0)   :  0.030 0.030 0.126 0.710 0.105 
712    (0)   :  0.016 0.020 0.141 0.738 0.085 
713    (0)   :  0.020 0.021 0.054 0.778 0.127 
714    (0)   :  0.025 0.050 0.054 0.719 0.153 
715    (0)   :  0.017 0.020 0.083 0.801 0.079 
716    (0)   :  0.029 0.027 0.052 0.797 0.096 
717    (0)   :  0.017 0.020 0.051 0.834 0.078 
718    (0)   :  0.029 0.031 0.094 0.726 0.120 
719    (0)   :  0.018 0.020 0.069 0.809 0.084 
720    (0)   :  0.043 0.096 0.064 0.068 0.729 
721    (0)   :  0.052 0.106 0.076 0.563 0.204 
722    (0)   :  0.054 0.324 0.112 0.119 0.391 
723    (0)   :  0.031 0.571 0.053 0.094 0.250 
724    (0)   :  0.039 0.460 0.070 0.202 0.230 
725    (0)   :  0.024 0.086 0.100 0.292 0.498 
726    (0)   :  0.038 0.400 0.171 0.143 0.249 
727    (0)   :  0.032 0.159 0.298 0.254 0.256 
728    (0)   :  0.064 0.755 0.041 0.037 0.103 
729    (0)   :  0.051 0.706 0.038 0.044 0.161 
730    (0)   :  0.031 0.362 0.054 0.071 0.481 
731    (0)   :  0.078 0.461 0.050 0.106 0.305 
732    (0)   :  0.031 0.576 0.054 0.095 0.244 
733    (0)   :  0.037 0.678 0.033 0.062 0.189 
734    (0)   :  0.051 0.537 0.036 0.043 0.333 
735    (0)   :  0.040 0.728 0.029 0.064 0.138 
736    (0)   :  0.097 0.183 0.046 0.079 0.594 
737    (0)   :  0.047 0.408 0.110 0.086 0.350 
738    (0)   :  0.032 0.530 0.052 0.076 0.310 
739    (0)   :  0.045 0.671 0.033 0.057 0.194 
740    (0)   :  0.022 0.191 0.055 0.612 0.119 
741    (0)   :  0.044 0.133 0.081 0.527 0.215 
742    (0)   :  0.037 0.061 0.034 0.191 0.677 
743    (0)   :  0.024 0.244 0.073 0.145 0.514 
744    (0)   :  0.037 0.046 0.333 0.140 0.445 
745    (0)   :  0.042 0.071 0.082 0.060 0.745 
746    (0)   :  0.031 0.204 0.095 0.278 0.392 
747    (0)   :  0.018 0.090 0.102 0.124 0.665 
748    (0)   :  0.030 0.029 0.052 0.490 0.399 
749    (0)   :  0.047 0.064 0.169 0.225 0.495 
750    (0)   :  0.026 0.122 0.150 0.139 0.564 
751    (0)   :  0.027 0.047 0.073 0.469 0.383 
752    (0)   :  0.025 0.084 0.103 0.140 0.649 
753    (0)   :  0.035 0.268 0.106 0.237 0.354 
754    (0)   :  0.019 0.162 0.051 0.467 0.301 
755    (0)   :  0.022 0.278 0.065 0.270 0.365 
756    (0)   :  0.038 0.025 0.086 0.303 0.548 
757    (0)   :  0.022 0.054 0.055 0.218 0.651 
758    (0)   :  0.027 0.050 0.070 0.063 0.790 
759    (0)   :  0.021 0.170 0.086 0.475 0.248 
760    (0)   :  0.039 0.421 0.052 0.140 0.348 
761    (0)   :  0.021 0.448 0.079 0.275 0.177 
762    (0)   :  0.039 0.437 0.033 0.077 0.414 
763    (0)   :  0.036 0.260 0.107 0.241 0.355 
764    (0)   :  0.024 0.092 0.059 0.168 0.657 
765    (0)   :  0.023 0.481 0.088 0.086 0.323 
766    (0)   :  0.021 0.064 0.058 0.344 0.514 
767    (0)   :  0.048 0.035 0.067 0.304 0.546 
768    (0)   :  0.032 0.530 0.034 0.077 0.328 
769    (0)   :  0.044 0.346 0.051 0.275 0.285 
770    (0)   :  0.035 0.295 0.046 0.066 0.558 
771    (0)   :  0.026 0.054 0.418 0.213 0.289 
772    (0)   :  0.036 0.081 0.097 0.325 0.461 
773    (0)   :  0.020 0.216 0.086 0.147 0.530 
774    (0)   :  0.017 0.148 0.096 0.482 0.257 
775    (0)   :  0.086 0.241 0.034 0.132 0.507 
776    (0)   :  0.028 0.043 0.056 0.088 0.785 
777    (0)   :  0.030 0.066 0.170 0.164 0.570 
778    (0)   :  0.017 0.083 0.215 0.255 0.431 
779    (0)   :  0.032 0.106 0.063 0.233 0.566 
780    (0)   :  0.030 0.054 0.059 0.461 0.397 
781    (0)   :  0.017 0.071 0.561 0.179 0.172 
782    (0)   :  0.031 0.106 0.061 0.230 0.572 
783    (0)   :  0.023 0.107 0.053 0.286 0.531 
784    (0)   :  0.035 0.067 0.046 0.117 0.734 
785    (0)   :  0.022 0.113 0.057 0.230 0.578 
786    (0)   :  0.022 0.067 0.051 0.455 0.406 
787    (0)   :  0.020 0.029 0.123 0.495 0.333 
788    (0)   :  0.036 0.221 0.070 0.147 0.525 
789    (0)   :  0.042 0.047 0.037 0.132 0.742 
790    (0)   :  0.032 0.201 0.048 0.372 0.347 
791    (0)   :  0.028 0.053 0.052 0.214 0.654 
792    (0)   :  0.022 0.046 0.168 0.461 0.303 
793    (0)   :  0.082 0.073 0.161 0.480 0.204 
794    (0)   :  0.035 0.062 0.071 0.244 0.588 
795    (0)   :  0.056 0.087 0.081 0.570 0.206 
796    (0)   :  0.049 0.023 0.054 0.259 0.615 
797    (0)   :  0.045 0.047 0.178 0.563 0.167 
798    (0)   :  0.600 0.022 0.108 0.045 0.226 
799    (0)   :  0.038 0.029 0.071 0.110 0.752 
800    (0)   :  0.022 0.020 0.168 0.557 0.233 
801    (0)   :  0.520 0.028 0.109 0.091 0.253 
802    (0)   :  0.240 0.050 0.185 0.294 0.232 
803    (0)   :  0.054 0.051 0.092 0.510 0.293 
804    (0)   :  0.083 0.041 0.298 0.167 0.411 
805    (0)   :  0.031 0.021 0.047 0.751 0.151 
806    (0)   :  0.375 0.047 0.229 0.150 0.199 
807    (0)   :  0.033 0.039 0.186 0.627 0.116 
808    (0)   :  0.039 0.029 0.323 0.401 0.208 
809    (0)   :  0.252 0.027 0.445 0.090 0.187 
810    (0)   :  0.128 0.113 0.114 0.268 0.378 
