

----------------------------------------------------
STRUCTURE by Pritchard, Stephens and Donnelly (2000)
     and Falush, Stephens and Pritchard (2003)
       Code by Pritchard, Falush and Hubisz
             Version 2.3.4 (Jul 2012)
----------------------------------------------------



Command line arguments:   ./structure -K 8 -D 108019 -m brooktrout/mainparams -e brooktrout/extraparams -o brooktrout/250914_output/results_K8_rep19 
Input File:    brooktrout/brooktrout.txt

Run parameters:
   8454 individuals
   5 loci
   8 populations assumed
   50000 Burn-in period
   100000 Reps
RANDOMIZE turned off


--------------------------------------------
Overall proportion of membership of the
sample in each of the 8 clusters

Inferred Clusters
  1      2      3      4      5      6      7      8    
0.017  0.014  0.044  0.126  0.164  0.193  0.220  0.222  

--------------------------------------------

Allele-freq. divergence among pops (Net nucleotide distance),
computed using point estimates of P.

      1       2       3       4       5       6       7       8      
 1      -    0.0794  0.2001  0.1930  0.1537  0.1176  0.1387  0.1186  
 2   0.0794     -    0.1588  0.1217  0.1089  0.1069  0.0767  0.0848  
 3   0.2001  0.1588     -    0.2285  0.1867  0.1971  0.1225  0.1310  
 4   0.1930  0.1217  0.2285     -    0.0716  0.1337  0.1628  0.1826  
 5   0.1537  0.1089  0.1867  0.0716     -    0.1037  0.1239  0.1493  
 6   0.1176  0.1069  0.1971  0.1337  0.1037     -    0.1182  0.1054  
 7   0.1387  0.0767  0.1225  0.1628  0.1239  0.1182     -    0.0667  
 8   0.1186  0.0848  0.1310  0.1826  0.1493  0.1054  0.0667     -    

Average distances (expected heterozygosity) between individuals in same cluster:
cluster  1  : 0.8090 
cluster  2  : 0.8517 
cluster  3  : 0.6740 
cluster  4  : 0.7047 
cluster  5  : 0.7147 
cluster  6  : 0.7831 
cluster  7  : 0.7504 
cluster  8  : 0.7778 

--------------------------------------------
Estimated Ln Prob of Data   = -185970.2
Mean value of ln likelihood = -171876.3
Variance of ln likelihood   = 28187.8

Mean value of alpha_1       = 0.0603
Mean value of alpha_2       = 0.0509
Mean value of alpha_3       = 0.1605
Mean value of alpha_4       = 0.4571
Mean value of alpha_5       = 0.6144
Mean value of alpha_6       = 0.7350
Mean value of alpha_7       = 0.8272
Mean value of alpha_8       = 0.8290
Allele frequencies uncorrelated


Inferred ancestry of individuals:
     (%Miss) :  Inferred clusters
  1    (0)   :  0.024 0.008 0.030 0.103 0.277 0.125 0.281 0.152 
  2    (0)   :  0.008 0.006 0.016 0.060 0.095 0.440 0.201 0.174 
  3    (0)   :  0.006 0.009 0.040 0.073 0.236 0.145 0.347 0.143 
  4    (0)   :  0.007 0.014 0.035 0.332 0.208 0.140 0.115 0.149 
  5    (0)   :  0.010 0.008 0.018 0.069 0.080 0.362 0.261 0.191 
  6    (0)   :  0.006 0.007 0.019 0.078 0.067 0.103 0.568 0.153 
  7    (0)   :  0.007 0.009 0.024 0.059 0.088 0.085 0.293 0.437 
  8    (0)   :  0.008 0.038 0.037 0.231 0.157 0.103 0.242 0.183 
  9    (0)   :  0.011 0.016 0.020 0.068 0.190 0.230 0.311 0.154 
 10    (0)   :  0.008 0.011 0.020 0.193 0.100 0.088 0.375 0.205 
 11    (0)   :  0.011 0.006 0.025 0.052 0.106 0.083 0.307 0.410 
 12    (0)   :  0.007 0.008 0.016 0.098 0.102 0.310 0.262 0.196 
 13    (0)   :  0.009 0.010 0.020 0.072 0.155 0.172 0.325 0.236 
 14    (0)   :  0.007 0.006 0.036 0.096 0.124 0.397 0.210 0.125 
 15    (0)   :  0.007 0.008 0.049 0.171 0.176 0.208 0.174 0.207 
 16    (0)   :  0.009 0.007 0.025 0.061 0.161 0.102 0.459 0.177 
 17    (0)   :  0.010 0.016 0.023 0.083 0.113 0.204 0.399 0.152 
 18    (0)   :  0.008 0.016 0.045 0.112 0.122 0.271 0.303 0.123 
 19    (0)   :  0.006 0.007 0.018 0.072 0.105 0.116 0.499 0.176 
 20    (0)   :  0.007 0.008 0.038 0.101 0.110 0.226 0.216 0.294 
 21    (0)   :  0.009 0.007 0.025 0.154 0.170 0.294 0.208 0.133 
 22    (0)   :  0.007 0.010 0.019 0.073 0.152 0.112 0.502 0.125 
 23    (0)   :  0.021 0.015 0.039 0.094 0.315 0.243 0.145 0.130 
 24    (0)   :  0.009 0.007 0.026 0.095 0.277 0.112 0.318 0.156 
 25    (0)   :  0.007 0.008 0.035 0.050 0.072 0.163 0.369 0.295 
 26    (0)   :  0.007 0.012 0.028 0.134 0.143 0.187 0.336 0.153 
 27    (0)   :  0.009 0.009 0.022 0.088 0.147 0.194 0.375 0.156 
 28    (0)   :  0.012 0.007 0.026 0.274 0.127 0.128 0.210 0.216 
 29    (0)   :  0.010 0.006 0.017 0.058 0.164 0.215 0.231 0.299 
 30    (0)   :  0.007 0.007 0.022 0.059 0.144 0.150 0.491 0.120 
 31    (0)   :  0.014 0.023 0.019 0.156 0.103 0.215 0.242 0.227 
 32    (0)   :  0.006 0.007 0.033 0.132 0.175 0.193 0.297 0.158 
 33    (0)   :  0.008 0.007 0.030 0.066 0.271 0.129 0.264 0.225 
 34    (0)   :  0.017 0.012 0.036 0.140 0.071 0.087 0.269 0.370 
 35    (0)   :  0.017 0.018 0.016 0.048 0.138 0.314 0.321 0.128 
 36    (0)   :  0.012 0.006 0.159 0.050 0.226 0.242 0.178 0.126 
 37    (0)   :  0.006 0.011 0.018 0.089 0.294 0.217 0.206 0.161 
 38    (0)   :  0.020 0.009 0.304 0.041 0.102 0.143 0.151 0.229 
 39    (0)   :  0.017 0.012 0.046 0.066 0.116 0.242 0.246 0.256 
 40    (0)   :  0.009 0.006 0.030 0.058 0.348 0.255 0.197 0.097 
 41    (0)   :  0.032 0.013 0.048 0.040 0.248 0.194 0.208 0.217 
 42    (0)   :  0.018 0.008 0.079 0.060 0.478 0.120 0.127 0.112 
 43    (0)   :  0.012 0.012 0.017 0.059 0.286 0.282 0.150 0.182 
 44    (0)   :  0.012 0.012 0.014 0.038 0.194 0.369 0.230 0.129 
 45    (0)   :  0.025 0.009 0.087 0.041 0.131 0.352 0.201 0.155 
 46    (0)   :  0.009 0.016 0.021 0.066 0.084 0.283 0.343 0.178 
 47    (0)   :  0.014 0.026 0.016 0.071 0.166 0.176 0.373 0.158 
 48    (0)   :  0.015 0.014 0.019 0.040 0.182 0.417 0.216 0.097 
 49    (0)   :  0.027 0.015 0.025 0.062 0.188 0.256 0.269 0.159 
 50    (0)   :  0.013 0.016 0.022 0.105 0.070 0.159 0.357 0.257 
 51    (0)   :  0.023 0.007 0.118 0.041 0.254 0.325 0.119 0.113 
 52    (0)   :  0.020 0.014 0.029 0.073 0.157 0.184 0.259 0.263 
 53    (0)   :  0.014 0.011 0.175 0.076 0.144 0.133 0.250 0.197 
 54    (0)   :  0.013 0.013 0.013 0.072 0.172 0.350 0.213 0.154 
 55    (0)   :  0.009 0.010 0.018 0.054 0.131 0.499 0.148 0.131 
 56    (0)   :  0.014 0.010 0.037 0.064 0.182 0.347 0.246 0.099 
 57    (0)   :  0.011 0.023 0.022 0.191 0.135 0.097 0.344 0.176 
 58    (0)   :  0.016 0.008 0.033 0.054 0.208 0.343 0.176 0.162 
 59    (0)   :  0.042 0.013 0.121 0.057 0.175 0.240 0.193 0.160 
 60    (0)   :  0.011 0.006 0.047 0.102 0.244 0.318 0.141 0.131 
 61    (0)   :  0.008 0.005 0.014 0.075 0.167 0.531 0.092 0.108 
 62    (0)   :  0.039 0.025 0.020 0.092 0.101 0.249 0.310 0.164 
 63    (0)   :  0.008 0.005 0.028 0.068 0.260 0.227 0.138 0.264 
 64    (0)   :  0.011 0.009 0.043 0.051 0.102 0.197 0.438 0.151 
 65    (0)   :  0.009 0.007 0.020 0.047 0.074 0.193 0.193 0.458 
 66    (0)   :  0.009 0.007 0.020 0.126 0.203 0.284 0.141 0.211 
 67    (0)   :  0.009 0.008 0.014 0.047 0.118 0.509 0.152 0.142 
 68    (0)   :  0.039 0.014 0.130 0.066 0.196 0.227 0.175 0.152 
 69    (0)   :  0.078 0.016 0.221 0.140 0.082 0.117 0.175 0.171 
 70    (0)   :  0.010 0.005 0.071 0.060 0.287 0.179 0.121 0.266 
 71    (0)   :  0.039 0.012 0.111 0.041 0.098 0.340 0.185 0.173 
 72    (0)   :  0.009 0.008 0.040 0.048 0.153 0.208 0.365 0.168 
 73    (0)   :  0.030 0.011 0.025 0.047 0.107 0.453 0.139 0.188 
 74    (0)   :  0.011 0.006 0.135 0.058 0.330 0.191 0.165 0.105 
 75    (0)   :  0.014 0.007 0.085 0.069 0.383 0.208 0.148 0.085 
 76    (0)   :  0.007 0.007 0.020 0.052 0.156 0.311 0.141 0.305 
 77    (0)   :  0.031 0.009 0.125 0.037 0.182 0.199 0.162 0.254 
 78    (0)   :  0.031 0.010 0.257 0.037 0.182 0.140 0.137 0.206 
 79    (0)   :  0.007 0.006 0.024 0.064 0.107 0.124 0.306 0.361 
 80    (0)   :  0.006 0.006 0.019 0.201 0.342 0.114 0.134 0.177 
 81    (0)   :  0.006 0.007 0.021 0.221 0.220 0.107 0.173 0.245 
 82    (0)   :  0.012 0.008 0.020 0.084 0.209 0.288 0.154 0.225 
 83    (0)   :  0.005 0.006 0.046 0.159 0.188 0.167 0.170 0.259 
 84    (0)   :  0.006 0.006 0.026 0.154 0.172 0.119 0.176 0.341 
 85    (0)   :  0.006 0.006 0.051 0.165 0.207 0.144 0.243 0.178 
 86    (0)   :  0.011 0.010 0.020 0.060 0.087 0.403 0.223 0.186 
 87    (0)   :  0.007 0.007 0.041 0.072 0.118 0.134 0.157 0.464 
 88    (0)   :  0.006 0.007 0.020 0.112 0.304 0.144 0.152 0.257 
 89    (0)   :  0.006 0.007 0.020 0.164 0.303 0.134 0.157 0.208 
 90    (0)   :  0.006 0.006 0.022 0.079 0.119 0.138 0.150 0.481 
 91    (0)   :  0.005 0.006 0.048 0.185 0.324 0.123 0.153 0.158 
 92    (0)   :  0.006 0.007 0.021 0.090 0.165 0.168 0.237 0.305 
 93    (0)   :  0.007 0.006 0.016 0.409 0.230 0.102 0.122 0.108 
 94    (0)   :  0.006 0.006 0.087 0.061 0.098 0.094 0.136 0.512 
 95    (0)   :  0.006 0.006 0.020 0.104 0.219 0.120 0.107 0.417 
 96    (0)   :  0.009 0.006 0.015 0.082 0.319 0.346 0.094 0.130 
 97    (0)   :  0.010 0.008 0.099 0.075 0.296 0.238 0.176 0.097 
 98    (0)   :  0.009 0.006 0.019 0.048 0.269 0.248 0.242 0.160 
 99    (0)   :  0.006 0.006 0.023 0.146 0.161 0.121 0.164 0.373 
100    (0)   :  0.007 0.007 0.014 0.165 0.407 0.198 0.106 0.097 
101    (0)   :  0.007 0.008 0.045 0.092 0.196 0.162 0.155 0.335 
102    (0)   :  0.013 0.008 0.044 0.139 0.302 0.145 0.107 0.242 
103    (0)   :  0.009 0.008 0.018 0.139 0.106 0.333 0.110 0.278 
104    (0)   :  0.007 0.006 0.017 0.123 0.053 0.156 0.118 0.520 
105    (0)   :  0.018 0.010 0.015 0.169 0.073 0.207 0.109 0.400 
106    (0)   :  0.006 0.006 0.032 0.038 0.063 0.123 0.187 0.545 
107    (0)   :  0.010 0.009 0.017 0.123 0.099 0.259 0.111 0.373 
108    (0)   :  0.005 0.005 0.178 0.059 0.066 0.468 0.104 0.114 
109    (0)   :  0.095 0.025 0.055 0.046 0.058 0.185 0.172 0.364 
110    (0)   :  0.008 0.006 0.032 0.041 0.072 0.091 0.177 0.573 
111    (0)   :  0.016 0.009 0.017 0.068 0.067 0.160 0.110 0.552 
112    (0)   :  0.149 0.031 0.029 0.044 0.070 0.119 0.117 0.442 
113    (0)   :  0.009 0.008 0.035 0.077 0.115 0.383 0.195 0.177 
114    (0)   :  0.011 0.006 0.015 0.152 0.059 0.143 0.116 0.497 
115    (0)   :  0.016 0.009 0.023 0.055 0.148 0.239 0.124 0.387 
116    (0)   :  0.012 0.008 0.061 0.038 0.082 0.252 0.166 0.380 
117    (0)   :  0.022 0.011 0.029 0.045 0.123 0.090 0.183 0.497 
118    (0)   :  0.015 0.008 0.024 0.059 0.072 0.424 0.136 0.263 
119    (0)   :  0.007 0.005 0.039 0.085 0.323 0.232 0.091 0.218 
120    (0)   :  0.020 0.010 0.022 0.073 0.113 0.242 0.131 0.389 
121    (0)   :  0.043 0.033 0.031 0.045 0.119 0.247 0.128 0.355 
122    (0)   :  0.011 0.006 0.026 0.058 0.068 0.140 0.201 0.490 
123    (0)   :  0.009 0.007 0.035 0.078 0.085 0.176 0.129 0.481 
124    (0)   :  0.027 0.014 0.033 0.051 0.078 0.257 0.216 0.324 
125    (0)   :  0.029 0.009 0.056 0.044 0.148 0.103 0.329 0.281 
126    (0)   :  0.008 0.005 0.038 0.068 0.113 0.231 0.138 0.399 
127    (0)   :  0.010 0.008 0.016 0.067 0.069 0.207 0.091 0.532 
128    (0)   :  0.012 0.007 0.015 0.057 0.076 0.435 0.155 0.242 
129    (0)   :  0.010 0.010 0.017 0.056 0.064 0.318 0.111 0.413 
130    (0)   :  0.019 0.011 0.017 0.124 0.085 0.167 0.127 0.450 
131    (0)   :  0.048 0.015 0.181 0.043 0.074 0.162 0.175 0.302 
132    (0)   :  0.009 0.007 0.025 0.048 0.059 0.228 0.166 0.459 
133    (0)   :  0.012 0.011 0.024 0.081 0.084 0.280 0.118 0.390 
134    (0)   :  0.011 0.005 0.021 0.034 0.054 0.086 0.152 0.637 
135    (0)   :  0.015 0.009 0.025 0.221 0.243 0.286 0.107 0.095 
136    (0)   :  0.008 0.008 0.017 0.438 0.182 0.109 0.158 0.080 
137    (0)   :  0.015 0.008 0.017 0.298 0.347 0.078 0.112 0.123 
138    (0)   :  0.006 0.006 0.025 0.542 0.122 0.099 0.115 0.085 
139    (0)   :  0.008 0.006 0.020 0.206 0.110 0.406 0.148 0.097 
140    (0)   :  0.009 0.007 0.025 0.241 0.221 0.183 0.163 0.151 
141    (0)   :  0.009 0.007 0.024 0.423 0.103 0.128 0.216 0.090 
142    (0)   :  0.015 0.009 0.022 0.255 0.175 0.331 0.101 0.092 
143    (0)   :  0.006 0.005 0.015 0.326 0.387 0.094 0.092 0.076 
144    (0)   :  0.015 0.008 0.017 0.282 0.377 0.088 0.095 0.117 
145    (0)   :  0.010 0.009 0.024 0.255 0.195 0.173 0.244 0.090 
146    (0)   :  0.007 0.010 0.025 0.281 0.199 0.117 0.197 0.162 
147    (0)   :  0.006 0.006 0.016 0.477 0.236 0.077 0.104 0.078 
148    (0)   :  0.013 0.008 0.017 0.360 0.132 0.196 0.152 0.123 
149    (0)   :  0.012 0.007 0.026 0.389 0.178 0.175 0.130 0.084 
150    (0)   :  0.018 0.011 0.016 0.301 0.219 0.130 0.130 0.175 
151    (0)   :  0.006 0.007 0.015 0.347 0.288 0.126 0.107 0.103 
152    (0)   :  0.011 0.008 0.034 0.328 0.137 0.225 0.149 0.108 
153    (0)   :  0.010 0.006 0.025 0.419 0.170 0.129 0.130 0.111 
154    (0)   :  0.009 0.008 0.017 0.442 0.123 0.180 0.142 0.079 
155    (0)   :  0.006 0.006 0.014 0.557 0.105 0.106 0.097 0.109 
156    (0)   :  0.009 0.006 0.015 0.344 0.228 0.209 0.084 0.105 
157    (0)   :  0.006 0.005 0.021 0.430 0.155 0.083 0.097 0.204 
158    (0)   :  0.011 0.009 0.026 0.276 0.220 0.130 0.239 0.089 
159    (0)   :  0.007 0.007 0.016 0.515 0.191 0.086 0.101 0.077 
160    (0)   :  0.007 0.007 0.016 0.567 0.122 0.100 0.103 0.078 
161    (0)   :  0.007 0.006 0.022 0.152 0.435 0.108 0.155 0.115 
162    (0)   :  0.008 0.012 0.023 0.308 0.118 0.165 0.206 0.160 
163    (0)   :  0.007 0.005 0.015 0.511 0.147 0.127 0.090 0.098 
164    (0)   :  0.007 0.011 0.018 0.373 0.117 0.171 0.153 0.150 
165    (0)   :  0.018 0.009 0.017 0.305 0.261 0.115 0.110 0.166 
166    (0)   :  0.006 0.006 0.058 0.355 0.129 0.154 0.096 0.196 
167    (0)   :  0.007 0.014 0.018 0.523 0.074 0.096 0.157 0.109 
168    (0)   :  0.006 0.006 0.061 0.408 0.153 0.128 0.136 0.102 
169    (0)   :  0.014 0.010 0.088 0.200 0.180 0.117 0.304 0.085 
170    (0)   :  0.006 0.006 0.015 0.097 0.538 0.139 0.098 0.101 
171    (0)   :  0.006 0.007 0.039 0.342 0.141 0.183 0.166 0.117 
172    (0)   :  0.019 0.007 0.089 0.214 0.252 0.179 0.160 0.081 
173    (0)   :  0.006 0.007 0.015 0.544 0.113 0.132 0.104 0.079 
174    (0)   :  0.006 0.006 0.016 0.512 0.133 0.095 0.121 0.109 
175    (0)   :  0.007 0.007 0.016 0.273 0.370 0.093 0.156 0.078 
176    (0)   :  0.015 0.008 0.016 0.284 0.376 0.088 0.095 0.117 
177    (0)   :  0.007 0.007 0.036 0.368 0.126 0.098 0.134 0.224 
178    (0)   :  0.006 0.007 0.016 0.472 0.101 0.104 0.184 0.111 
179    (0)   :  0.005 0.005 0.015 0.596 0.104 0.093 0.103 0.079 
180    (0)   :  0.009 0.011 0.025 0.310 0.220 0.118 0.186 0.119 
181    (0)   :  0.009 0.008 0.022 0.259 0.259 0.203 0.148 0.091 
182    (0)   :  0.007 0.009 0.016 0.321 0.264 0.205 0.098 0.080 
183    (0)   :  0.006 0.006 0.015 0.459 0.210 0.113 0.109 0.081 
184    (0)   :  0.007 0.009 0.021 0.059 0.091 0.447 0.231 0.136 
185    (0)   :  0.011 0.005 0.015 0.410 0.201 0.212 0.079 0.068 
186    (0)   :  0.006 0.008 0.015 0.057 0.102 0.348 0.229 0.235 
187    (0)   :  0.006 0.005 0.017 0.226 0.128 0.337 0.152 0.129 
188    (0)   :  0.006 0.008 0.013 0.046 0.075 0.472 0.195 0.184 
189    (0)   :  0.006 0.005 0.056 0.132 0.219 0.218 0.249 0.114 
190    (0)   :  0.008 0.005 0.013 0.113 0.159 0.557 0.070 0.074 
191    (0)   :  0.008 0.006 0.014 0.089 0.098 0.494 0.167 0.123 
192    (0)   :  0.006 0.005 0.016 0.130 0.240 0.248 0.180 0.174 
193    (0)   :  0.009 0.006 0.018 0.109 0.200 0.314 0.212 0.132 
194    (0)   :  0.006 0.006 0.017 0.089 0.314 0.281 0.143 0.143 
195    (0)   :  0.006 0.005 0.013 0.194 0.189 0.422 0.094 0.077 
196    (0)   :  0.008 0.005 0.016 0.108 0.142 0.532 0.088 0.100 
197    (0)   :  0.007 0.007 0.017 0.157 0.091 0.269 0.268 0.185 
198    (0)   :  0.007 0.005 0.022 0.094 0.178 0.258 0.248 0.187 
199    (0)   :  0.008 0.006 0.022 0.071 0.237 0.449 0.101 0.106 
200    (0)   :  0.009 0.006 0.027 0.104 0.117 0.499 0.137 0.101 
201    (0)   :  0.005 0.005 0.013 0.364 0.123 0.287 0.112 0.091 
202    (0)   :  0.007 0.005 0.013 0.151 0.390 0.245 0.088 0.100 
203    (0)   :  0.007 0.006 0.014 0.311 0.142 0.343 0.093 0.084 
204    (0)   :  0.007 0.006 0.013 0.097 0.140 0.565 0.088 0.084 
205    (0)   :  0.006 0.006 0.020 0.081 0.117 0.540 0.121 0.109 
206    (0)   :  0.006 0.006 0.013 0.129 0.125 0.521 0.115 0.084 
207    (0)   :  0.008 0.006 0.013 0.058 0.126 0.578 0.100 0.112 
208    (0)   :  0.006 0.005 0.013 0.228 0.090 0.460 0.102 0.095 
209    (0)   :  0.008 0.006 0.014 0.092 0.150 0.428 0.175 0.127 
210    (0)   :  0.006 0.005 0.013 0.121 0.127 0.517 0.107 0.104 
211    (0)   :  0.014 0.009 0.013 0.098 0.210 0.441 0.089 0.127 
212    (0)   :  0.007 0.005 0.015 0.208 0.299 0.234 0.142 0.088 
213    (0)   :  0.009 0.006 0.021 0.069 0.223 0.363 0.126 0.182 
214    (0)   :  0.007 0.006 0.013 0.196 0.297 0.292 0.104 0.086 
215    (0)   :  0.007 0.005 0.020 0.072 0.082 0.588 0.108 0.118 
216    (0)   :  0.007 0.008 0.019 0.070 0.125 0.356 0.268 0.146 
217    (0)   :  0.006 0.006 0.018 0.206 0.225 0.342 0.113 0.084 
218    (0)   :  0.006 0.006 0.020 0.103 0.131 0.463 0.139 0.132 
219    (0)   :  0.006 0.010 0.031 0.178 0.155 0.248 0.252 0.121 
220    (0)   :  0.007 0.006 0.013 0.080 0.099 0.586 0.106 0.103 
221    (0)   :  0.007 0.005 0.013 0.094 0.561 0.166 0.082 0.071 
222    (0)   :  0.006 0.008 0.020 0.096 0.159 0.249 0.315 0.148 
223    (0)   :  0.006 0.005 0.022 0.261 0.155 0.252 0.170 0.129 
224    (0)   :  0.006 0.006 0.013 0.192 0.210 0.371 0.114 0.086 
225    (0)   :  0.006 0.006 0.016 0.097 0.155 0.503 0.115 0.104 
226    (0)   :  0.008 0.007 0.113 0.109 0.146 0.329 0.172 0.116 
227    (0)   :  0.007 0.006 0.014 0.148 0.194 0.426 0.095 0.110 
228    (0)   :  0.009 0.006 0.013 0.184 0.168 0.464 0.085 0.071 
229    (0)   :  0.006 0.006 0.013 0.195 0.238 0.305 0.130 0.106 
230    (0)   :  0.007 0.007 0.013 0.143 0.212 0.410 0.110 0.098 
231    (0)   :  0.007 0.006 0.015 0.222 0.141 0.326 0.183 0.101 
232    (0)   :  0.008 0.007 0.025 0.085 0.344 0.234 0.156 0.142 
233    (0)   :  0.006 0.006 0.013 0.388 0.154 0.234 0.110 0.088 
234    (0)   :  0.006 0.005 0.017 0.153 0.134 0.296 0.234 0.154 
235    (0)   :  0.006 0.006 0.024 0.136 0.246 0.313 0.156 0.114 
236    (0)   :  0.007 0.006 0.017 0.207 0.209 0.304 0.146 0.107 
237    (0)   :  0.008 0.006 0.014 0.072 0.103 0.573 0.119 0.105 
238    (0)   :  0.006 0.005 0.013 0.172 0.324 0.249 0.119 0.112 
239    (0)   :  0.006 0.006 0.013 0.197 0.190 0.418 0.094 0.077 
240    (0)   :  0.006 0.005 0.013 0.173 0.323 0.249 0.118 0.112 
241    (0)   :  0.007 0.007 0.017 0.159 0.374 0.237 0.107 0.092 
242    (0)   :  0.007 0.006 0.028 0.123 0.163 0.380 0.186 0.106 
243    (0)   :  0.008 0.005 0.013 0.112 0.132 0.570 0.078 0.081 
244    (0)   :  0.007 0.006 0.013 0.201 0.197 0.390 0.101 0.085 
245    (0)   :  0.006 0.005 0.013 0.347 0.234 0.201 0.097 0.096 
246    (0)   :  0.006 0.005 0.018 0.205 0.224 0.343 0.115 0.083 
247    (0)   :  0.007 0.005 0.026 0.052 0.098 0.355 0.147 0.311 
248    (0)   :  0.007 0.005 0.015 0.057 0.075 0.583 0.123 0.135 
249    (0)   :  0.007 0.006 0.013 0.128 0.320 0.310 0.114 0.101 
250    (0)   :  0.006 0.006 0.016 0.142 0.229 0.317 0.159 0.125 
251    (0)   :  0.009 0.006 0.049 0.094 0.110 0.387 0.207 0.138 
252    (0)   :  0.006 0.005 0.017 0.137 0.215 0.370 0.139 0.111 
253    (0)   :  0.007 0.006 0.029 0.063 0.161 0.408 0.149 0.176 
254    (0)   :  0.006 0.007 0.016 0.121 0.126 0.338 0.259 0.127 
255    (0)   :  0.007 0.006 0.014 0.127 0.191 0.289 0.224 0.141 
256    (0)   :  0.007 0.006 0.016 0.119 0.271 0.361 0.121 0.098 
257    (0)   :  0.009 0.013 0.018 0.102 0.195 0.400 0.135 0.129 
258    (0)   :  0.008 0.005 0.018 0.094 0.100 0.477 0.146 0.152 
259    (0)   :  0.007 0.007 0.016 0.093 0.194 0.421 0.144 0.117 
260    (0)   :  0.006 0.007 0.016 0.186 0.199 0.192 0.264 0.129 
261    (0)   :  0.006 0.005 0.017 0.193 0.204 0.356 0.125 0.095 
262    (0)   :  0.007 0.005 0.017 0.137 0.224 0.456 0.082 0.072 
263    (0)   :  0.007 0.009 0.013 0.073 0.089 0.542 0.159 0.107 
264    (0)   :  0.007 0.010 0.019 0.044 0.076 0.272 0.428 0.145 
265    (0)   :  0.006 0.005 0.023 0.165 0.125 0.392 0.169 0.114 
266    (0)   :  0.007 0.005 0.013 0.182 0.383 0.253 0.084 0.073 
267    (0)   :  0.008 0.006 0.014 0.132 0.188 0.340 0.178 0.132 
268    (0)   :  0.007 0.005 0.016 0.108 0.143 0.533 0.088 0.100 
269    (0)   :  0.006 0.005 0.037 0.176 0.127 0.271 0.263 0.115 
270    (0)   :  0.007 0.008 0.016 0.088 0.100 0.375 0.252 0.154 
271    (0)   :  0.008 0.006 0.021 0.088 0.110 0.496 0.132 0.139 
272    (0)   :  0.010 0.008 0.106 0.094 0.113 0.422 0.128 0.119 
273    (0)   :  0.019 0.033 0.035 0.149 0.177 0.228 0.206 0.153 
274    (0)   :  0.007 0.006 0.030 0.101 0.135 0.407 0.183 0.132 
275    (0)   :  0.011 0.010 0.039 0.150 0.111 0.396 0.178 0.106 
276    (0)   :  0.010 0.008 0.078 0.062 0.156 0.432 0.127 0.128 
277    (0)   :  0.005 0.006 0.020 0.164 0.215 0.266 0.194 0.129 
278    (0)   :  0.007 0.005 0.020 0.090 0.080 0.592 0.102 0.104 
279    (0)   :  0.006 0.006 0.021 0.122 0.177 0.382 0.165 0.122 
280    (0)   :  0.007 0.006 0.034 0.116 0.146 0.377 0.210 0.105 
281    (0)   :  0.006 0.006 0.020 0.102 0.141 0.389 0.169 0.168 
282    (0)   :  0.005 0.005 0.017 0.271 0.221 0.201 0.168 0.112 
283    (0)   :  0.006 0.005 0.014 0.279 0.260 0.207 0.121 0.109 
284    (0)   :  0.008 0.005 0.018 0.181 0.174 0.311 0.148 0.155 
285    (0)   :  0.008 0.006 0.022 0.043 0.070 0.588 0.133 0.132 
286    (0)   :  0.007 0.006 0.013 0.199 0.197 0.392 0.101 0.085 
287    (0)   :  0.005 0.006 0.031 0.141 0.163 0.276 0.213 0.164 
288    (0)   :  0.008 0.007 0.074 0.090 0.113 0.446 0.147 0.115 
289    (0)   :  0.010 0.009 0.041 0.077 0.114 0.454 0.135 0.160 
290    (0)   :  0.014 0.010 0.019 0.064 0.208 0.369 0.215 0.102 
291    (0)   :  0.007 0.006 0.022 0.088 0.109 0.497 0.133 0.139 
292    (0)   :  0.007 0.005 0.035 0.117 0.189 0.388 0.164 0.095 
293    (0)   :  0.012 0.007 0.019 0.060 0.113 0.379 0.288 0.121 
294    (0)   :  0.007 0.010 0.017 0.058 0.100 0.551 0.151 0.107 
295    (0)   :  0.015 0.009 0.065 0.101 0.129 0.395 0.146 0.139 
296    (0)   :  0.007 0.006 0.019 0.088 0.100 0.545 0.106 0.129 
297    (0)   :  0.006 0.006 0.033 0.083 0.146 0.362 0.239 0.125 
298    (0)   :  0.006 0.006 0.017 0.183 0.252 0.213 0.189 0.136 
299    (0)   :  0.006 0.010 0.013 0.087 0.120 0.418 0.219 0.127 
300    (0)   :  0.008 0.006 0.017 0.056 0.100 0.588 0.125 0.100 
301    (0)   :  0.007 0.009 0.023 0.088 0.094 0.387 0.269 0.123 
302    (0)   :  0.009 0.010 0.017 0.073 0.080 0.570 0.139 0.101 
303    (0)   :  0.007 0.006 0.018 0.166 0.242 0.318 0.148 0.095 
304    (0)   :  0.007 0.008 0.014 0.294 0.127 0.115 0.275 0.161 
305    (0)   :  0.007 0.006 0.018 0.158 0.136 0.501 0.097 0.078 
306    (0)   :  0.006 0.006 0.024 0.161 0.310 0.259 0.140 0.096 
307    (0)   :  0.007 0.007 0.020 0.113 0.249 0.311 0.172 0.121 
308    (0)   :  0.006 0.005 0.017 0.195 0.200 0.357 0.126 0.094 
309    (0)   :  0.026 0.021 0.023 0.092 0.098 0.497 0.108 0.136 
310    (0)   :  0.007 0.005 0.013 0.136 0.181 0.480 0.095 0.083 
311    (0)   :  0.007 0.007 0.013 0.144 0.212 0.408 0.110 0.099 
312    (0)   :  0.007 0.005 0.013 0.081 0.100 0.586 0.091 0.117 
313    (0)   :  0.007 0.006 0.016 0.051 0.081 0.653 0.090 0.097 
314    (0)   :  0.008 0.006 0.019 0.479 0.206 0.120 0.089 0.074 
315    (0)   :  0.006 0.005 0.036 0.480 0.155 0.125 0.102 0.090 
316    (0)   :  0.006 0.008 0.054 0.524 0.104 0.088 0.118 0.097 
317    (0)   :  0.007 0.006 0.018 0.559 0.158 0.081 0.095 0.076 
318    (0)   :  0.006 0.006 0.018 0.636 0.092 0.066 0.099 0.077 
319    (0)   :  0.006 0.006 0.015 0.462 0.243 0.098 0.094 0.076 
320    (0)   :  0.009 0.006 0.018 0.478 0.207 0.120 0.089 0.074 
321    (0)   :  0.007 0.006 0.019 0.561 0.151 0.075 0.103 0.077 
322    (0)   :  0.008 0.008 0.048 0.417 0.197 0.118 0.109 0.095 
323    (0)   :  0.005 0.011 0.016 0.597 0.119 0.073 0.101 0.077 
324    (0)   :  0.007 0.006 0.019 0.563 0.151 0.076 0.101 0.077 
325    (0)   :  0.006 0.006 0.050 0.559 0.093 0.082 0.110 0.094 
326    (0)   :  0.009 0.011 0.066 0.528 0.102 0.082 0.107 0.094 
327    (0)   :  0.007 0.006 0.018 0.559 0.158 0.081 0.094 0.076 
328    (0)   :  0.006 0.006 0.037 0.425 0.210 0.109 0.112 0.095 
329    (0)   :  0.005 0.005 0.016 0.559 0.171 0.067 0.100 0.077 
330    (0)   :  0.007 0.006 0.018 0.563 0.154 0.081 0.093 0.077 
331    (0)   :  0.005 0.005 0.016 0.614 0.111 0.073 0.099 0.076 
332    (0)   :  0.007 0.015 0.056 0.531 0.100 0.082 0.114 0.095 
333    (0)   :  0.007 0.010 0.049 0.510 0.128 0.094 0.106 0.095 
334    (0)   :  0.006 0.006 0.037 0.423 0.211 0.110 0.112 0.096 
335    (0)   :  0.006 0.006 0.036 0.419 0.237 0.106 0.099 0.092 
336    (0)   :  0.009 0.012 0.020 0.559 0.129 0.097 0.098 0.075 
337    (0)   :  0.008 0.006 0.051 0.473 0.159 0.095 0.113 0.095 
338    (0)   :  0.006 0.006 0.019 0.631 0.092 0.066 0.101 0.078 
339    (0)   :  0.005 0.005 0.016 0.614 0.110 0.073 0.099 0.077 
340    (0)   :  0.005 0.005 0.015 0.615 0.114 0.079 0.092 0.076 
341    (0)   :  0.007 0.011 0.019 0.578 0.132 0.076 0.099 0.077 
342    (0)   :  0.007 0.006 0.018 0.559 0.158 0.082 0.094 0.076 
343    (0)   :  0.008 0.012 0.037 0.321 0.302 0.130 0.103 0.088 
344    (0)   :  0.005 0.005 0.015 0.620 0.113 0.066 0.099 0.076 
345    (0)   :  0.007 0.006 0.019 0.561 0.155 0.081 0.094 0.076 
346    (0)   :  0.006 0.006 0.018 0.637 0.095 0.071 0.093 0.075 
347    (0)   :  0.005 0.005 0.015 0.617 0.120 0.070 0.092 0.075 
348    (0)   :  0.007 0.005 0.032 0.336 0.288 0.153 0.093 0.087 
349    (0)   :  0.007 0.006 0.018 0.560 0.157 0.082 0.094 0.076 
350    (0)   :  0.006 0.005 0.015 0.533 0.156 0.115 0.095 0.075 
351    (0)   :  0.006 0.006 0.035 0.419 0.236 0.106 0.100 0.092 
352    (0)   :  0.008 0.006 0.048 0.470 0.167 0.106 0.102 0.093 
353    (0)   :  0.009 0.012 0.021 0.559 0.129 0.096 0.099 0.075 
354    (0)   :  0.006 0.007 0.017 0.598 0.125 0.068 0.102 0.078 
355    (0)   :  0.006 0.006 0.019 0.635 0.092 0.066 0.100 0.076 
356    (0)   :  0.006 0.005 0.029 0.171 0.474 0.144 0.087 0.085 
357    (0)   :  0.006 0.005 0.058 0.347 0.109 0.103 0.244 0.126 
358    (0)   :  0.006 0.006 0.039 0.537 0.123 0.082 0.112 0.096 
359    (0)   :  0.005 0.006 0.016 0.610 0.112 0.074 0.100 0.077 
360    (0)   :  0.006 0.006 0.017 0.639 0.094 0.071 0.093 0.075 
361    (0)   :  0.007 0.006 0.057 0.200 0.227 0.134 0.245 0.125 
362    (0)   :  0.009 0.007 0.088 0.082 0.093 0.250 0.211 0.260 
363    (0)   :  0.010 0.008 0.041 0.051 0.086 0.159 0.279 0.366 
364    (0)   :  0.012 0.018 0.024 0.138 0.202 0.134 0.316 0.157 
365    (0)   :  0.020 0.019 0.048 0.057 0.088 0.123 0.484 0.162 
366    (0)   :  0.012 0.007 0.047 0.080 0.145 0.302 0.289 0.117 
367    (0)   :  0.007 0.005 0.049 0.041 0.063 0.083 0.186 0.566 
368    (0)   :  0.007 0.006 0.021 0.064 0.107 0.176 0.258 0.363 
369    (0)   :  0.018 0.011 0.025 0.087 0.315 0.162 0.247 0.134 
370    (0)   :  0.016 0.018 0.027 0.073 0.125 0.214 0.200 0.328 
371    (0)   :  0.013 0.014 0.022 0.086 0.133 0.214 0.362 0.157 
372    (0)   :  0.035 0.061 0.030 0.090 0.131 0.255 0.163 0.235 
373    (0)   :  0.009 0.007 0.021 0.077 0.164 0.123 0.245 0.353 
374    (0)   :  0.016 0.009 0.042 0.095 0.274 0.127 0.264 0.173 
375    (0)   :  0.012 0.019 0.024 0.050 0.076 0.107 0.419 0.292 
376    (0)   :  0.010 0.106 0.050 0.046 0.077 0.077 0.401 0.234 
377    (0)   :  0.011 0.009 0.055 0.089 0.080 0.253 0.290 0.214 
378    (0)   :  0.009 0.007 0.022 0.166 0.116 0.125 0.124 0.431 
379    (0)   :  0.018 0.177 0.050 0.041 0.071 0.093 0.314 0.237 
380    (0)   :  0.014 0.012 0.125 0.085 0.201 0.127 0.333 0.103 
381    (0)   :  0.012 0.010 0.028 0.061 0.219 0.133 0.445 0.091 
382    (0)   :  0.006 0.006 0.027 0.063 0.070 0.098 0.389 0.342 
383    (0)   :  0.017 0.016 0.144 0.170 0.076 0.109 0.369 0.100 
384    (0)   :  0.028 0.061 0.036 0.111 0.095 0.090 0.400 0.179 
385    (0)   :  0.145 0.041 0.019 0.188 0.085 0.098 0.267 0.157 
386    (0)   :  0.006 0.005 0.041 0.050 0.083 0.116 0.316 0.383 
387    (0)   :  0.008 0.006 0.034 0.074 0.073 0.118 0.344 0.345 
388    (0)   :  0.021 0.019 0.028 0.145 0.161 0.105 0.316 0.204 
389    (0)   :  0.038 0.020 0.022 0.061 0.078 0.465 0.159 0.157 
390    (0)   :  0.046 0.022 0.087 0.047 0.106 0.152 0.176 0.364 
391    (0)   :  0.048 0.025 0.037 0.065 0.162 0.199 0.177 0.287 
392    (0)   :  0.007 0.007 0.028 0.101 0.100 0.137 0.408 0.212 
393    (0)   :  0.037 0.009 0.152 0.074 0.156 0.105 0.345 0.122 
394    (0)   :  0.006 0.006 0.051 0.190 0.135 0.124 0.189 0.300 
395    (0)   :  0.009 0.005 0.113 0.059 0.087 0.320 0.171 0.237 
396    (0)   :  0.006 0.006 0.018 0.040 0.066 0.114 0.414 0.337 
397    (0)   :  0.006 0.078 0.016 0.097 0.163 0.233 0.287 0.121 
398    (0)   :  0.008 0.040 0.152 0.044 0.076 0.090 0.234 0.354 
399    (0)   :  0.012 0.007 0.062 0.055 0.091 0.155 0.125 0.494 
400    (0)   :  0.008 0.008 0.024 0.056 0.142 0.092 0.347 0.324 
401    (0)   :  0.009 0.006 0.026 0.070 0.126 0.170 0.134 0.459 
402    (0)   :  0.008 0.008 0.020 0.072 0.114 0.207 0.297 0.274 
403    (0)   :  0.017 0.011 0.031 0.254 0.160 0.143 0.208 0.176 
404    (0)   :  0.011 0.009 0.019 0.065 0.170 0.146 0.407 0.172 
405    (0)   :  0.006 0.005 0.058 0.070 0.137 0.204 0.330 0.189 
406    (0)   :  0.007 0.005 0.297 0.066 0.220 0.181 0.122 0.103 
407    (0)   :  0.007 0.005 0.087 0.040 0.072 0.094 0.524 0.170 
408    (0)   :  0.007 0.005 0.018 0.037 0.071 0.285 0.104 0.473 
409    (0)   :  0.020 0.013 0.092 0.057 0.441 0.096 0.166 0.115 
410    (0)   :  0.013 0.080 0.043 0.076 0.117 0.128 0.265 0.278 
411    (0)   :  0.007 0.020 0.023 0.130 0.098 0.145 0.410 0.166 
412    (0)   :  0.007 0.006 0.021 0.061 0.097 0.152 0.300 0.356 
413    (0)   :  0.006 0.005 0.022 0.156 0.105 0.135 0.185 0.386 
414    (0)   :  0.011 0.006 0.018 0.055 0.054 0.173 0.272 0.411 
415    (0)   :  0.008 0.006 0.054 0.046 0.123 0.174 0.375 0.213 
416    (0)   :  0.021 0.009 0.025 0.057 0.182 0.145 0.300 0.260 
417    (0)   :  0.007 0.006 0.174 0.047 0.098 0.103 0.308 0.257 
418    (0)   :  0.006 0.007 0.020 0.047 0.075 0.094 0.286 0.465 
419    (0)   :  0.025 0.013 0.034 0.113 0.204 0.137 0.256 0.219 
420    (0)   :  0.010 0.005 0.026 0.041 0.127 0.225 0.129 0.436 
421    (0)   :  0.008 0.008 0.064 0.047 0.117 0.133 0.265 0.358 
422    (0)   :  0.009 0.008 0.103 0.054 0.104 0.306 0.262 0.155 
423    (0)   :  0.007 0.010 0.064 0.081 0.085 0.201 0.302 0.251 
424    (0)   :  0.016 0.011 0.085 0.072 0.135 0.151 0.136 0.394 
425    (0)   :  0.030 0.027 0.026 0.100 0.099 0.138 0.397 0.182 
426    (0)   :  0.024 0.037 0.074 0.096 0.122 0.119 0.196 0.332 
427    (0)   :  0.008 0.006 0.175 0.146 0.067 0.081 0.223 0.293 
428    (0)   :  0.009 0.021 0.204 0.102 0.182 0.170 0.182 0.131 
429    (0)   :  0.006 0.006 0.042 0.041 0.065 0.085 0.369 0.386 
430    (0)   :  0.011 0.006 0.167 0.047 0.095 0.103 0.368 0.204 
431    (0)   :  0.012 0.012 0.050 0.106 0.093 0.182 0.180 0.364 
432    (0)   :  0.006 0.006 0.021 0.068 0.114 0.163 0.250 0.371 
433    (0)   :  0.006 0.012 0.019 0.153 0.246 0.215 0.172 0.178 
434    (0)   :  0.008 0.007 0.021 0.075 0.184 0.168 0.384 0.152 
435    (0)   :  0.006 0.005 0.301 0.043 0.068 0.095 0.210 0.272 
436    (0)   :  0.009 0.008 0.326 0.053 0.127 0.074 0.191 0.212 
437    (0)   :  0.005 0.008 0.045 0.047 0.073 0.105 0.550 0.167 
438    (0)   :  0.009 0.006 0.338 0.053 0.175 0.120 0.105 0.194 
439    (0)   :  0.010 0.006 0.312 0.051 0.110 0.070 0.251 0.190 
440    (0)   :  0.007 0.005 0.318 0.037 0.057 0.090 0.219 0.267 
441    (0)   :  0.010 0.006 0.092 0.071 0.170 0.093 0.350 0.208 
442    (0)   :  0.016 0.009 0.026 0.041 0.100 0.127 0.371 0.310 
443    (0)   :  0.011 0.006 0.074 0.039 0.084 0.194 0.144 0.447 
444    (0)   :  0.015 0.008 0.059 0.042 0.098 0.137 0.356 0.285 
445    (0)   :  0.034 0.040 0.084 0.056 0.292 0.111 0.260 0.123 
446    (0)   :  0.009 0.048 0.206 0.047 0.088 0.064 0.189 0.349 
447    (0)   :  0.023 0.010 0.231 0.066 0.153 0.111 0.209 0.198 
448    (0)   :  0.007 0.006 0.073 0.048 0.085 0.118 0.404 0.260 
449    (0)   :  0.007 0.006 0.078 0.066 0.127 0.125 0.379 0.212 
450    (0)   :  0.009 0.008 0.024 0.067 0.112 0.064 0.523 0.192 
451    (0)   :  0.006 0.005 0.036 0.037 0.057 0.142 0.165 0.551 
452    (0)   :  0.007 0.006 0.043 0.066 0.103 0.075 0.458 0.243 
453    (0)   :  0.017 0.006 0.033 0.048 0.211 0.284 0.144 0.257 
454    (0)   :  0.007 0.006 0.107 0.086 0.102 0.117 0.356 0.220 
455    (0)   :  0.009 0.005 0.399 0.040 0.092 0.097 0.150 0.208 
456    (0)   :  0.010 0.007 0.111 0.041 0.089 0.213 0.289 0.240 
457    (0)   :  0.006 0.006 0.084 0.049 0.087 0.094 0.516 0.158 
458    (0)   :  0.016 0.044 0.110 0.050 0.113 0.078 0.371 0.218 
459    (0)   :  0.011 0.006 0.126 0.066 0.188 0.069 0.181 0.352 
460    (0)   :  0.010 0.006 0.106 0.045 0.082 0.077 0.186 0.488 
461    (0)   :  0.008 0.007 0.029 0.046 0.078 0.061 0.202 0.568 
462    (0)   :  0.081 0.013 0.047 0.035 0.068 0.170 0.339 0.246 
463    (0)   :  0.015 0.005 0.282 0.051 0.144 0.236 0.131 0.137 
464    (0)   :  0.008 0.005 0.109 0.041 0.091 0.129 0.155 0.461 
465    (0)   :  0.011 0.008 0.049 0.048 0.115 0.120 0.194 0.457 
466    (0)   :  0.008 0.005 0.105 0.041 0.099 0.211 0.153 0.379 
467    (0)   :  0.035 0.006 0.067 0.058 0.147 0.141 0.289 0.256 
468    (0)   :  0.008 0.006 0.320 0.040 0.080 0.132 0.288 0.126 
469    (0)   :  0.009 0.005 0.475 0.044 0.080 0.063 0.181 0.142 
470    (0)   :  0.006 0.005 0.378 0.044 0.069 0.079 0.146 0.274 
471    (0)   :  0.010 0.007 0.032 0.046 0.092 0.261 0.288 0.264 
472    (0)   :  0.017 0.007 0.031 0.043 0.130 0.168 0.374 0.230 
473    (0)   :  0.006 0.006 0.079 0.067 0.119 0.163 0.362 0.197 
474    (0)   :  0.009 0.005 0.043 0.057 0.132 0.119 0.399 0.236 
475    (0)   :  0.007 0.006 0.048 0.069 0.166 0.109 0.184 0.411 
476    (0)   :  0.013 0.008 0.061 0.045 0.118 0.105 0.429 0.221 
477    (0)   :  0.013 0.008 0.056 0.056 0.155 0.105 0.164 0.444 
478    (0)   :  0.012 0.008 0.039 0.044 0.068 0.076 0.123 0.630 
479    (0)   :  0.007 0.005 0.147 0.044 0.069 0.078 0.306 0.344 
480    (0)   :  0.006 0.006 0.113 0.047 0.081 0.080 0.483 0.183 
481    (0)   :  0.010 0.006 0.027 0.045 0.079 0.192 0.432 0.210 
482    (0)   :  0.006 0.007 0.060 0.043 0.071 0.073 0.388 0.352 
483    (0)   :  0.007 0.006 0.359 0.052 0.103 0.071 0.196 0.206 
484    (0)   :  0.016 0.007 0.317 0.047 0.108 0.171 0.165 0.168 
485    (0)   :  0.006 0.005 0.521 0.043 0.070 0.069 0.114 0.171 
486    (0)   :  0.015 0.012 0.022 0.060 0.101 0.373 0.212 0.204 
487    (0)   :  0.015 0.013 0.022 0.129 0.134 0.208 0.295 0.185 
488    (0)   :  0.027 0.015 0.021 0.133 0.079 0.238 0.188 0.300 
489    (0)   :  0.009 0.011 0.015 0.068 0.253 0.201 0.327 0.115 
490    (0)   :  0.011 0.008 0.024 0.046 0.077 0.246 0.212 0.377 
491    (0)   :  0.021 0.013 0.016 0.086 0.193 0.324 0.215 0.131 
492    (0)   :  0.022 0.008 0.018 0.195 0.168 0.180 0.130 0.278 
493    (0)   :  0.020 0.016 0.016 0.108 0.062 0.372 0.238 0.168 
494    (0)   :  0.020 0.039 0.027 0.077 0.186 0.250 0.242 0.157 
495    (0)   :  0.062 0.042 0.020 0.142 0.137 0.153 0.151 0.293 
496    (0)   :  0.006 0.006 0.021 0.096 0.382 0.200 0.153 0.135 
497    (0)   :  0.040 0.030 0.017 0.147 0.103 0.276 0.265 0.122 
498    (0)   :  0.037 0.017 0.021 0.046 0.197 0.190 0.252 0.240 
499    (0)   :  0.010 0.029 0.019 0.173 0.186 0.234 0.235 0.115 
500    (0)   :  0.007 0.018 0.029 0.084 0.081 0.288 0.361 0.132 
501    (0)   :  0.008 0.011 0.022 0.106 0.229 0.129 0.309 0.186 
502    (0)   :  0.014 0.010 0.020 0.124 0.240 0.100 0.215 0.277 
503    (0)   :  0.006 0.007 0.026 0.053 0.085 0.149 0.488 0.184 
504    (0)   :  0.036 0.016 0.021 0.053 0.124 0.193 0.153 0.404 
505    (0)   :  0.010 0.010 0.023 0.071 0.202 0.394 0.139 0.151 
506    (0)   :  0.017 0.009 0.016 0.106 0.239 0.168 0.177 0.268 
507    (0)   :  0.006 0.008 0.016 0.201 0.367 0.214 0.106 0.082 
508    (0)   :  0.011 0.018 0.015 0.225 0.323 0.205 0.103 0.100 
509    (0)   :  0.009 0.008 0.022 0.128 0.179 0.373 0.142 0.139 
510    (0)   :  0.008 0.022 0.016 0.156 0.219 0.144 0.286 0.148 
511    (0)   :  0.015 0.014 0.066 0.054 0.129 0.183 0.277 0.262 
512    (0)   :  0.009 0.008 0.024 0.046 0.071 0.120 0.455 0.267 
513    (0)   :  0.218 0.064 0.013 0.067 0.097 0.304 0.084 0.154 
514    (0)   :  0.007 0.008 0.022 0.102 0.096 0.164 0.133 0.469 
515    (0)   :  0.010 0.013 0.074 0.158 0.117 0.217 0.262 0.150 
516    (0)   :  0.009 0.010 0.023 0.059 0.156 0.288 0.131 0.325 
517    (0)   :  0.007 0.007 0.073 0.118 0.169 0.239 0.138 0.249 
518    (0)   :  0.007 0.057 0.016 0.187 0.122 0.178 0.308 0.125 
519    (0)   :  0.010 0.007 0.025 0.070 0.158 0.131 0.131 0.469 
520    (0)   :  0.007 0.007 0.219 0.153 0.218 0.186 0.111 0.099 
521    (0)   :  0.007 0.006 0.019 0.286 0.117 0.208 0.114 0.243 
522    (0)   :  0.008 0.023 0.041 0.078 0.076 0.286 0.322 0.165 
523    (0)   :  0.008 0.008 0.053 0.120 0.214 0.290 0.098 0.209 
524    (0)   :  0.006 0.008 0.260 0.112 0.097 0.190 0.152 0.174 
525    (0)   :  0.007 0.074 0.057 0.150 0.183 0.196 0.218 0.116 
526    (0)   :  0.007 0.005 0.339 0.061 0.163 0.226 0.102 0.097 
527    (0)   :  0.009 0.064 0.017 0.081 0.082 0.135 0.353 0.259 
528    (0)   :  0.006 0.005 0.014 0.386 0.107 0.234 0.119 0.129 
529    (0)   :  0.011 0.072 0.016 0.113 0.150 0.258 0.199 0.180 
530    (0)   :  0.010 0.008 0.040 0.088 0.130 0.205 0.360 0.159 
531    (0)   :  0.008 0.007 0.052 0.316 0.109 0.134 0.208 0.165 
532    (0)   :  0.010 0.017 0.015 0.280 0.078 0.218 0.210 0.171 
533    (0)   :  0.007 0.056 0.042 0.084 0.100 0.313 0.259 0.140 
534    (0)   :  0.012 0.065 0.018 0.116 0.096 0.456 0.093 0.143 
535    (0)   :  0.008 0.006 0.063 0.062 0.175 0.250 0.134 0.302 
536    (0)   :  0.012 0.007 0.072 0.069 0.320 0.144 0.224 0.152 
537    (0)   :  0.010 0.007 0.021 0.070 0.481 0.140 0.144 0.127 
538    (0)   :  0.007 0.005 0.033 0.074 0.308 0.293 0.150 0.129 
539    (0)   :  0.006 0.005 0.013 0.120 0.502 0.145 0.119 0.089 
540    (0)   :  0.008 0.007 0.045 0.181 0.113 0.356 0.171 0.119 
541    (0)   :  0.038 0.008 0.025 0.231 0.220 0.155 0.188 0.134 
542    (0)   :  0.024 0.007 0.071 0.047 0.171 0.335 0.229 0.116 
543    (0)   :  0.022 0.010 0.056 0.148 0.139 0.284 0.109 0.233 
544    (0)   :  0.011 0.005 0.039 0.071 0.182 0.377 0.164 0.150 
545    (0)   :  0.014 0.007 0.210 0.043 0.127 0.309 0.129 0.161 
546    (0)   :  0.018 0.007 0.021 0.079 0.195 0.371 0.191 0.120 
547    (0)   :  0.013 0.007 0.061 0.062 0.366 0.245 0.100 0.146 
548    (0)   :  0.007 0.006 0.017 0.142 0.229 0.316 0.158 0.126 
549    (0)   :  0.010 0.007 0.082 0.068 0.508 0.078 0.147 0.099 
550    (0)   :  0.012 0.006 0.193 0.047 0.228 0.151 0.139 0.225 
551    (0)   :  0.007 0.007 0.028 0.103 0.510 0.091 0.135 0.119 
552    (0)   :  0.007 0.006 0.019 0.088 0.253 0.360 0.167 0.101 
553    (0)   :  0.022 0.010 0.044 0.102 0.229 0.350 0.086 0.157 
554    (0)   :  0.013 0.010 0.032 0.150 0.102 0.240 0.270 0.183 
555    (0)   :  0.017 0.009 0.023 0.093 0.413 0.181 0.135 0.130 
556    (0)   :  0.008 0.006 0.020 0.072 0.296 0.301 0.165 0.132 
557    (0)   :  0.011 0.006 0.220 0.076 0.195 0.126 0.147 0.220 
558    (0)   :  0.006 0.006 0.071 0.044 0.075 0.064 0.387 0.346 
559    (0)   :  0.008 0.007 0.017 0.055 0.109 0.337 0.196 0.271 
560    (0)   :  0.012 0.006 0.096 0.035 0.060 0.099 0.177 0.515 
561    (0)   :  0.010 0.007 0.035 0.045 0.078 0.169 0.297 0.360 
562    (0)   :  0.010 0.007 0.044 0.035 0.058 0.246 0.220 0.379 
563    (0)   :  0.016 0.010 0.035 0.066 0.283 0.084 0.130 0.377 
564    (0)   :  0.008 0.009 0.031 0.082 0.078 0.442 0.179 0.172 
565    (0)   :  0.007 0.006 0.119 0.046 0.087 0.082 0.504 0.148 
566    (0)   :  0.006 0.005 0.054 0.038 0.057 0.094 0.173 0.574 
567    (0)   :  0.008 0.007 0.023 0.046 0.074 0.464 0.172 0.206 
568    (0)   :  0.006 0.006 0.044 0.059 0.117 0.209 0.174 0.385 
569    (0)   :  0.007 0.008 0.062 0.077 0.084 0.201 0.270 0.292 
570    (0)   :  0.005 0.008 0.057 0.041 0.058 0.088 0.454 0.289 
571    (0)   :  0.006 0.005 0.046 0.058 0.081 0.129 0.122 0.554 
572    (0)   :  0.012 0.006 0.045 0.069 0.298 0.274 0.174 0.123 
573    (0)   :  0.007 0.008 0.185 0.070 0.093 0.323 0.150 0.165 
574    (0)   :  0.007 0.007 0.043 0.100 0.150 0.135 0.415 0.143 
575    (0)   :  0.007 0.006 0.030 0.077 0.188 0.122 0.166 0.404 
576    (0)   :  0.010 0.006 0.045 0.040 0.055 0.086 0.207 0.551 
577    (0)   :  0.007 0.008 0.023 0.075 0.185 0.115 0.420 0.166 
