

----------------------------------------------------
STRUCTURE by Pritchard, Stephens and Donnelly (2000)
     and Falush, Stephens and Pritchard (2003)
       Code by Pritchard, Falush and Hubisz
             Version 2.3.4 (Jul 2012)
----------------------------------------------------



Command line arguments:   ./structure -K 3 -D 103004 -m brooktrout/mainparams -e brooktrout/extraparams -o brooktrout/250914_output/results_K3_rep4 
Input File:    brooktrout/brooktrout.txt

Run parameters:
   8454 individuals
   5 loci
   3 populations assumed
   50000 Burn-in period
   100000 Reps
RANDOMIZE turned off


--------------------------------------------
Overall proportion of membership of the
sample in each of the 3 clusters

Inferred Clusters
  1      2      3    
0.158  0.427  0.415  

--------------------------------------------

Allele-freq. divergence among pops (Net nucleotide distance),
computed using point estimates of P.

      1       2       3      
 1      -    0.0938  0.0503  
 2   0.0938     -    0.0281  
 3   0.0503  0.0281     -    

Average distances (expected heterozygosity) between individuals in same cluster:
cluster  1  : 0.7479 
cluster  2  : 0.8246 
cluster  3  : 0.8457 

--------------------------------------------
Estimated Ln Prob of Data   = -180065.2
Mean value of ln likelihood = -175647.0
Variance of ln likelihood   = 8836.3

Mean value of alpha_1       = 0.0764
Mean value of alpha_2       = 0.2054
Mean value of alpha_3       = 0.1976
Allele frequencies uncorrelated


Inferred ancestry of individuals:
     (%Miss) :  Inferred clusters
  1    (0)   :  0.133 0.260 0.607 
  2    (0)   :  0.021 0.195 0.785 
  3    (0)   :  0.090 0.518 0.393 
  4    (0)   :  0.544 0.111 0.345 
  5    (0)   :  0.020 0.307 0.673 
  6    (0)   :  0.022 0.913 0.065 
  7    (0)   :  0.017 0.918 0.065 
  8    (0)   :  0.273 0.355 0.372 
  9    (0)   :  0.038 0.361 0.600 
 10    (0)   :  0.103 0.719 0.178 
 11    (0)   :  0.019 0.840 0.141 
 12    (0)   :  0.037 0.364 0.599 
 13    (0)   :  0.037 0.780 0.184 
 14    (0)   :  0.047 0.189 0.764 
 15    (0)   :  0.106 0.288 0.607 
 16    (0)   :  0.039 0.836 0.124 
 17    (0)   :  0.035 0.610 0.354 
 18    (0)   :  0.058 0.605 0.337 
 19    (0)   :  0.031 0.783 0.187 
 20    (0)   :  0.031 0.443 0.526 
 21    (0)   :  0.101 0.183 0.717 
 22    (0)   :  0.048 0.842 0.110 
 23    (0)   :  0.109 0.123 0.768 
 24    (0)   :  0.146 0.468 0.386 
 25    (0)   :  0.015 0.868 0.117 
 26    (0)   :  0.073 0.467 0.460 
 27    (0)   :  0.064 0.698 0.238 
 28    (0)   :  0.212 0.528 0.260 
 29    (0)   :  0.029 0.374 0.597 
 30    (0)   :  0.037 0.817 0.146 
 31    (0)   :  0.066 0.560 0.375 
 32    (0)   :  0.073 0.234 0.693 
 33    (0)   :  0.076 0.439 0.485 
 34    (0)   :  0.037 0.834 0.130 
 35    (0)   :  0.023 0.396 0.580 
 36    (0)   :  0.031 0.358 0.611 
 37    (0)   :  0.095 0.159 0.746 
 38    (0)   :  0.016 0.816 0.168 
 39    (0)   :  0.025 0.713 0.262 
 40    (0)   :  0.197 0.187 0.616 
 41    (0)   :  0.030 0.356 0.614 
 42    (0)   :  0.220 0.121 0.659 
 43    (0)   :  0.034 0.077 0.889 
 44    (0)   :  0.019 0.233 0.748 
 45    (0)   :  0.017 0.353 0.631 
 46    (0)   :  0.020 0.741 0.239 
 47    (0)   :  0.037 0.532 0.431 
 48    (0)   :  0.023 0.233 0.744 
 49    (0)   :  0.028 0.361 0.610 
 50    (0)   :  0.049 0.817 0.134 
 51    (0)   :  0.022 0.097 0.881 
 52    (0)   :  0.033 0.693 0.274 
 53    (0)   :  0.041 0.865 0.094 
 54    (0)   :  0.032 0.128 0.840 
 55    (0)   :  0.022 0.080 0.898 
 56    (0)   :  0.036 0.398 0.566 
 57    (0)   :  0.109 0.584 0.307 
 58    (0)   :  0.030 0.207 0.763 
 59    (0)   :  0.025 0.358 0.616 
 60    (0)   :  0.094 0.155 0.750 
 61    (0)   :  0.038 0.047 0.916 
 62    (0)   :  0.027 0.539 0.434 
 63    (0)   :  0.043 0.157 0.800 
 64    (0)   :  0.018 0.801 0.181 
 65    (0)   :  0.013 0.515 0.472 
 66    (0)   :  0.047 0.077 0.876 
 67    (0)   :  0.018 0.093 0.889 
 68    (0)   :  0.031 0.309 0.660 
 69    (0)   :  0.079 0.510 0.411 
 70    (0)   :  0.027 0.139 0.834 
 71    (0)   :  0.014 0.327 0.659 
 72    (0)   :  0.021 0.598 0.381 
 73    (0)   :  0.015 0.137 0.848 
 74    (0)   :  0.079 0.312 0.609 
 75    (0)   :  0.074 0.096 0.830 
 76    (0)   :  0.022 0.194 0.784 
 77    (0)   :  0.022 0.283 0.695 
 78    (0)   :  0.030 0.449 0.522 
 79    (0)   :  0.022 0.862 0.116 
 80    (0)   :  0.636 0.187 0.177 
 81    (0)   :  0.403 0.355 0.242 
 82    (0)   :  0.045 0.161 0.794 
 83    (0)   :  0.235 0.387 0.378 
 84    (0)   :  0.152 0.357 0.491 
 85    (0)   :  0.271 0.292 0.436 
 86    (0)   :  0.022 0.329 0.650 
 87    (0)   :  0.026 0.746 0.228 
 88    (0)   :  0.104 0.155 0.741 
 89    (0)   :  0.160 0.104 0.736 
 90    (0)   :  0.029 0.552 0.419 
 91    (0)   :  0.488 0.134 0.378 
 92    (0)   :  0.048 0.475 0.477 
 93    (0)   :  0.884 0.051 0.066 
 94    (0)   :  0.020 0.921 0.059 
 95    (0)   :  0.049 0.186 0.765 
 96    (0)   :  0.072 0.046 0.882 
 97    (0)   :  0.087 0.148 0.765 
 98    (0)   :  0.042 0.174 0.784 
 99    (0)   :  0.118 0.344 0.538 
100    (0)   :  0.508 0.054 0.438 
101    (0)   :  0.030 0.170 0.800 
102    (0)   :  0.165 0.117 0.717 
103    (0)   :  0.035 0.069 0.896 
104    (0)   :  0.031 0.640 0.329 
105    (0)   :  0.028 0.085 0.886 
106    (0)   :  0.010 0.903 0.087 
107    (0)   :  0.042 0.228 0.729 
108    (0)   :  0.019 0.267 0.714 
109    (0)   :  0.010 0.731 0.259 
110    (0)   :  0.013 0.803 0.184 
111    (0)   :  0.018 0.826 0.157 
112    (0)   :  0.012 0.890 0.098 
113    (0)   :  0.026 0.174 0.801 
114    (0)   :  0.043 0.553 0.404 
115    (0)   :  0.017 0.197 0.786 
116    (0)   :  0.011 0.654 0.335 
117    (0)   :  0.017 0.403 0.580 
118    (0)   :  0.016 0.240 0.744 
119    (0)   :  0.088 0.069 0.843 
120    (0)   :  0.022 0.501 0.477 
121    (0)   :  0.013 0.133 0.854 
122    (0)   :  0.014 0.845 0.140 
123    (0)   :  0.023 0.522 0.455 
124    (0)   :  0.015 0.502 0.483 
125    (0)   :  0.024 0.583 0.393 
126    (0)   :  0.028 0.690 0.282 
127    (0)   :  0.021 0.792 0.187 
128    (0)   :  0.016 0.134 0.850 
129    (0)   :  0.012 0.120 0.868 
130    (0)   :  0.053 0.424 0.523 
131    (0)   :  0.013 0.420 0.567 
132    (0)   :  0.011 0.825 0.164 
133    (0)   :  0.028 0.455 0.517 
134    (0)   :  0.008 0.935 0.057 
135    (0)   :  0.343 0.066 0.591 
136    (0)   :  0.892 0.051 0.057 
137    (0)   :  0.818 0.054 0.128 
138    (0)   :  0.893 0.047 0.060 
139    (0)   :  0.115 0.067 0.818 
140    (0)   :  0.498 0.197 0.305 
141    (0)   :  0.837 0.085 0.077 
142    (0)   :  0.508 0.065 0.427 
143    (0)   :  0.913 0.032 0.055 
144    (0)   :  0.824 0.050 0.126 
145    (0)   :  0.655 0.149 0.196 
146    (0)   :  0.360 0.165 0.475 
147    (0)   :  0.920 0.035 0.044 
148    (0)   :  0.688 0.116 0.197 
149    (0)   :  0.844 0.055 0.100 
150    (0)   :  0.537 0.091 0.372 
151    (0)   :  0.857 0.048 0.095 
152    (0)   :  0.566 0.133 0.302 
153    (0)   :  0.807 0.071 0.122 
154    (0)   :  0.859 0.056 0.084 
155    (0)   :  0.890 0.045 0.065 
156    (0)   :  0.635 0.051 0.315 
157    (0)   :  0.683 0.116 0.202 
158    (0)   :  0.760 0.121 0.120 
159    (0)   :  0.914 0.034 0.052 
160    (0)   :  0.909 0.036 0.055 
161    (0)   :  0.620 0.087 0.293 
162    (0)   :  0.278 0.204 0.518 
163    (0)   :  0.893 0.040 0.067 
164    (0)   :  0.397 0.191 0.411 
165    (0)   :  0.660 0.079 0.261 
166    (0)   :  0.465 0.122 0.414 
167    (0)   :  0.748 0.152 0.101 
168    (0)   :  0.790 0.079 0.131 
169    (0)   :  0.436 0.395 0.169 
170    (0)   :  0.579 0.047 0.374 
171    (0)   :  0.548 0.114 0.338 
172    (0)   :  0.640 0.122 0.238 
173    (0)   :  0.877 0.038 0.085 
174    (0)   :  0.878 0.051 0.072 
175    (0)   :  0.904 0.044 0.051 
176    (0)   :  0.828 0.050 0.122 
177    (0)   :  0.463 0.212 0.325 
178    (0)   :  0.848 0.080 0.071 
179    (0)   :  0.919 0.037 0.045 
180    (0)   :  0.661 0.163 0.176 
181    (0)   :  0.584 0.074 0.343 
182    (0)   :  0.748 0.040 0.213 
183    (0)   :  0.892 0.039 0.069 
184    (0)   :  0.023 0.238 0.739 
185    (0)   :  0.811 0.035 0.154 
186    (0)   :  0.019 0.229 0.752 
187    (0)   :  0.129 0.083 0.789 
188    (0)   :  0.015 0.192 0.793 
189    (0)   :  0.246 0.455 0.300 
190    (0)   :  0.112 0.032 0.856 
191    (0)   :  0.039 0.110 0.851 
192    (0)   :  0.087 0.092 0.821 
193    (0)   :  0.106 0.138 0.757 
194    (0)   :  0.056 0.074 0.869 
195    (0)   :  0.357 0.042 0.602 
196    (0)   :  0.078 0.054 0.868 
197    (0)   :  0.052 0.265 0.683 
198    (0)   :  0.072 0.238 0.690 
199    (0)   :  0.060 0.066 0.874 
200    (0)   :  0.103 0.227 0.670 
201    (0)   :  0.538 0.054 0.407 
202    (0)   :  0.360 0.053 0.587 
203    (0)   :  0.425 0.052 0.523 
204    (0)   :  0.072 0.040 0.888 
205    (0)   :  0.036 0.080 0.884 
206    (0)   :  0.078 0.054 0.868 
207    (0)   :  0.023 0.053 0.924 
208    (0)   :  0.132 0.049 0.819 
209    (0)   :  0.055 0.103 0.841 
210    (0)   :  0.085 0.053 0.861 
211    (0)   :  0.037 0.049 0.915 
212    (0)   :  0.685 0.069 0.247 
213    (0)   :  0.027 0.080 0.894 
214    (0)   :  0.497 0.051 0.452 
215    (0)   :  0.022 0.079 0.899 
216    (0)   :  0.028 0.176 0.796 
217    (0)   :  0.438 0.073 0.489 
218    (0)   :  0.054 0.090 0.856 
219    (0)   :  0.141 0.308 0.551 
220    (0)   :  0.030 0.054 0.916 
221    (0)   :  0.725 0.033 0.242 
222    (0)   :  0.054 0.273 0.673 
223    (0)   :  0.248 0.112 0.640 
224    (0)   :  0.232 0.059 0.710 
225    (0)   :  0.050 0.051 0.899 
226    (0)   :  0.083 0.252 0.664 
227    (0)   :  0.094 0.053 0.853 
228    (0)   :  0.244 0.038 0.718 
229    (0)   :  0.263 0.070 0.667 
230    (0)   :  0.121 0.053 0.826 
231    (0)   :  0.317 0.115 0.568 
232    (0)   :  0.081 0.092 0.827 
233    (0)   :  0.650 0.054 0.296 
234    (0)   :  0.106 0.170 0.724 
235    (0)   :  0.194 0.136 0.671 
236    (0)   :  0.197 0.073 0.731 
237    (0)   :  0.044 0.073 0.883 
238    (0)   :  0.417 0.066 0.517 
239    (0)   :  0.368 0.041 0.590 
240    (0)   :  0.423 0.065 0.512 
241    (0)   :  0.475 0.047 0.478 
242    (0)   :  0.172 0.329 0.499 
243    (0)   :  0.077 0.037 0.886 
244    (0)   :  0.293 0.049 0.658 
245    (0)   :  0.775 0.045 0.180 
246    (0)   :  0.444 0.072 0.484 
247    (0)   :  0.015 0.187 0.798 
248    (0)   :  0.018 0.082 0.900 
249    (0)   :  0.212 0.053 0.735 
250    (0)   :  0.088 0.069 0.843 
251    (0)   :  0.058 0.386 0.556 
252    (0)   :  0.108 0.065 0.827 
253    (0)   :  0.029 0.164 0.807 
254    (0)   :  0.055 0.167 0.778 
255    (0)   :  0.115 0.162 0.723 
256    (0)   :  0.182 0.053 0.765 
257    (0)   :  0.046 0.059 0.895 
258    (0)   :  0.038 0.107 0.855 
259    (0)   :  0.034 0.065 0.901 
260    (0)   :  0.157 0.186 0.657 
261    (0)   :  0.235 0.061 0.703 
262    (0)   :  0.379 0.043 0.578 
263    (0)   :  0.032 0.079 0.889 
264    (0)   :  0.014 0.636 0.350 
265    (0)   :  0.109 0.145 0.746 
266    (0)   :  0.710 0.034 0.256 
267    (0)   :  0.122 0.136 0.742 
268    (0)   :  0.079 0.056 0.865 
269    (0)   :  0.214 0.460 0.326 
270    (0)   :  0.031 0.161 0.809 
271    (0)   :  0.027 0.069 0.903 
272    (0)   :  0.044 0.181 0.775 
273    (0)   :  0.199 0.132 0.669 
274    (0)   :  0.052 0.137 0.811 
275    (0)   :  0.092 0.116 0.792 
276    (0)   :  0.036 0.243 0.721 
277    (0)   :  0.157 0.105 0.738 
278    (0)   :  0.031 0.070 0.899 
279    (0)   :  0.074 0.074 0.852 
280    (0)   :  0.078 0.207 0.716 
281    (0)   :  0.046 0.093 0.860 
282    (0)   :  0.395 0.108 0.497 
283    (0)   :  0.546 0.077 0.378 
284    (0)   :  0.076 0.074 0.850 
285    (0)   :  0.012 0.097 0.891 
286    (0)   :  0.295 0.050 0.655 
287    (0)   :  0.116 0.235 0.649 
288    (0)   :  0.051 0.202 0.747 
289    (0)   :  0.076 0.235 0.688 
290    (0)   :  0.031 0.200 0.769 
291    (0)   :  0.028 0.069 0.903 
292    (0)   :  0.103 0.133 0.765 
293    (0)   :  0.031 0.477 0.492 
294    (0)   :  0.028 0.102 0.870 
295    (0)   :  0.088 0.363 0.549 
296    (0)   :  0.030 0.067 0.902 
297    (0)   :  0.041 0.275 0.684 
298    (0)   :  0.202 0.106 0.693 
299    (0)   :  0.035 0.135 0.830 
300    (0)   :  0.022 0.068 0.910 
301    (0)   :  0.035 0.258 0.707 
302    (0)   :  0.027 0.082 0.891 
303    (0)   :  0.238 0.083 0.679 
304    (0)   :  0.257 0.227 0.516 
305    (0)   :  0.217 0.051 0.732 
306    (0)   :  0.427 0.095 0.478 
307    (0)   :  0.064 0.078 0.858 
308    (0)   :  0.232 0.062 0.706 
309    (0)   :  0.037 0.072 0.891 
310    (0)   :  0.178 0.043 0.779 
311    (0)   :  0.123 0.052 0.825 
312    (0)   :  0.028 0.049 0.923 
313    (0)   :  0.017 0.045 0.939 
314    (0)   :  0.925 0.033 0.042 
315    (0)   :  0.898 0.044 0.058 
316    (0)   :  0.900 0.050 0.050 
317    (0)   :  0.932 0.033 0.035 
318    (0)   :  0.935 0.034 0.031 
319    (0)   :  0.916 0.034 0.051 
320    (0)   :  0.926 0.032 0.042 
321    (0)   :  0.929 0.036 0.035 
322    (0)   :  0.894 0.048 0.059 
323    (0)   :  0.930 0.034 0.036 
324    (0)   :  0.929 0.036 0.035 
325    (0)   :  0.910 0.049 0.041 
326    (0)   :  0.917 0.046 0.037 
327    (0)   :  0.932 0.033 0.036 
328    (0)   :  0.890 0.049 0.061 
329    (0)   :  0.929 0.032 0.038 
330    (0)   :  0.933 0.033 0.034 
331    (0)   :  0.931 0.032 0.036 
332    (0)   :  0.905 0.055 0.040 
333    (0)   :  0.913 0.043 0.044 
334    (0)   :  0.892 0.049 0.060 
335    (0)   :  0.902 0.044 0.054 
336    (0)   :  0.928 0.036 0.036 
337    (0)   :  0.901 0.051 0.048 
338    (0)   :  0.933 0.035 0.032 
339    (0)   :  0.931 0.032 0.037 
340    (0)   :  0.932 0.031 0.037 
341    (0)   :  0.932 0.032 0.036 
342    (0)   :  0.933 0.033 0.035 
343    (0)   :  0.883 0.051 0.066 
344    (0)   :  0.933 0.032 0.034 
345    (0)   :  0.932 0.032 0.035 
346    (0)   :  0.936 0.032 0.032 
347    (0)   :  0.936 0.030 0.034 
348    (0)   :  0.887 0.043 0.070 
349    (0)   :  0.932 0.033 0.035 
350    (0)   :  0.915 0.033 0.052 
351    (0)   :  0.901 0.045 0.054 
352    (0)   :  0.904 0.048 0.048 
353    (0)   :  0.927 0.036 0.036 
354    (0)   :  0.928 0.033 0.039 
355    (0)   :  0.934 0.034 0.032 
356    (0)   :  0.836 0.042 0.121 
357    (0)   :  0.566 0.345 0.089 
358    (0)   :  0.908 0.048 0.044 
359    (0)   :  0.930 0.034 0.037 
360    (0)   :  0.937 0.032 0.032 
361    (0)   :  0.476 0.379 0.145 
362    (0)   :  0.026 0.787 0.187 
363    (0)   :  0.017 0.857 0.126 
364    (0)   :  0.243 0.617 0.141 
365    (0)   :  0.022 0.882 0.096 
366    (0)   :  0.064 0.596 0.340 
367    (0)   :  0.010 0.931 0.059 
368    (0)   :  0.021 0.615 0.363 
369    (0)   :  0.286 0.305 0.409 
370    (0)   :  0.022 0.180 0.798 
371    (0)   :  0.055 0.461 0.485 
372    (0)   :  0.071 0.284 0.645 
373    (0)   :  0.035 0.838 0.127 
374    (0)   :  0.264 0.554 0.182 
375    (0)   :  0.018 0.858 0.124 
376    (0)   :  0.013 0.943 0.044 
377    (0)   :  0.028 0.750 0.221 
378    (0)   :  0.146 0.645 0.210 
379    (0)   :  0.013 0.941 0.046 
380    (0)   :  0.112 0.569 0.319 
381    (0)   :  0.065 0.813 0.122 
382    (0)   :  0.017 0.916 0.067 
383    (0)   :  0.148 0.741 0.111 
384    (0)   :  0.076 0.751 0.173 
385    (0)   :  0.073 0.786 0.141 
386    (0)   :  0.015 0.909 0.076 
387    (0)   :  0.019 0.892 0.089 
388    (0)   :  0.210 0.422 0.368 
389    (0)   :  0.019 0.152 0.829 
390    (0)   :  0.021 0.600 0.379 
391    (0)   :  0.039 0.381 0.580 
392    (0)   :  0.037 0.872 0.091 
393    (0)   :  0.044 0.606 0.350 
394    (0)   :  0.198 0.528 0.273 
395    (0)   :  0.018 0.312 0.670 
396    (0)   :  0.011 0.888 0.101 
397    (0)   :  0.069 0.372 0.559 
398    (0)   :  0.012 0.930 0.057 
399    (0)   :  0.016 0.832 0.153 
400    (0)   :  0.025 0.901 0.074 
401    (0)   :  0.028 0.728 0.243 
402    (0)   :  0.024 0.367 0.610 
403    (0)   :  0.209 0.260 0.531 
404    (0)   :  0.038 0.484 0.477 
405    (0)   :  0.037 0.598 0.366 
406    (0)   :  0.058 0.260 0.682 
407    (0)   :  0.012 0.932 0.056 
408    (0)   :  0.010 0.259 0.731 
409    (0)   :  0.189 0.150 0.661 
410    (0)   :  0.041 0.880 0.079 
411    (0)   :  0.097 0.668 0.234 
412    (0)   :  0.020 0.843 0.137 
413    (0)   :  0.089 0.412 0.499 
414    (0)   :  0.013 0.850 0.137 
415    (0)   :  0.021 0.871 0.109 
416    (0)   :  0.032 0.825 0.144 
417    (0)   :  0.017 0.925 0.058 
418    (0)   :  0.013 0.907 0.080 
419    (0)   :  0.067 0.221 0.713 
420    (0)   :  0.017 0.689 0.294 
421    (0)   :  0.018 0.876 0.106 
422    (0)   :  0.019 0.334 0.646 
423    (0)   :  0.024 0.780 0.196 
424    (0)   :  0.027 0.355 0.618 
425    (0)   :  0.043 0.594 0.363 
426    (0)   :  0.033 0.840 0.128 
427    (0)   :  0.059 0.859 0.082 
428    (0)   :  0.062 0.301 0.638 
429    (0)   :  0.011 0.945 0.044 
430    (0)   :  0.016 0.866 0.118 
431    (0)   :  0.028 0.547 0.425 
432    (0)   :  0.025 0.655 0.319 
433    (0)   :  0.091 0.117 0.792 
434    (0)   :  0.068 0.671 0.261 
435    (0)   :  0.012 0.913 0.075 
436    (0)   :  0.025 0.925 0.050 
437    (0)   :  0.014 0.925 0.061 
438    (0)   :  0.030 0.395 0.574 
439    (0)   :  0.020 0.918 0.062 
440    (0)   :  0.010 0.944 0.046 
441    (0)   :  0.047 0.802 0.151 
442    (0)   :  0.014 0.875 0.111 
443    (0)   :  0.012 0.881 0.107 
444    (0)   :  0.014 0.878 0.108 
445    (0)   :  0.082 0.459 0.459 
446    (0)   :  0.014 0.911 0.075 
447    (0)   :  0.035 0.692 0.273 
448    (0)   :  0.015 0.863 0.122 
449    (0)   :  0.029 0.757 0.214 
450    (0)   :  0.031 0.890 0.079 
451    (0)   :  0.010 0.834 0.156 
452    (0)   :  0.023 0.925 0.053 
453    (0)   :  0.024 0.147 0.830 
454    (0)   :  0.029 0.893 0.078 
455    (0)   :  0.014 0.804 0.181 
456    (0)   :  0.013 0.868 0.119 
457    (0)   :  0.016 0.920 0.064 
458    (0)   :  0.019 0.917 0.065 
459    (0)   :  0.062 0.576 0.362 
460    (0)   :  0.014 0.919 0.067 
461    (0)   :  0.014 0.933 0.054 
462    (0)   :  0.010 0.857 0.133 
463    (0)   :  0.024 0.331 0.645 
464    (0)   :  0.012 0.888 0.100 
465    (0)   :  0.019 0.609 0.372 
466    (0)   :  0.014 0.492 0.494 
467    (0)   :  0.028 0.783 0.188 
468    (0)   :  0.013 0.909 0.078 
469    (0)   :  0.016 0.924 0.060 
470    (0)   :  0.013 0.930 0.058 
471    (0)   :  0.015 0.507 0.478 
472    (0)   :  0.018 0.716 0.266 
473    (0)   :  0.028 0.755 0.218 
474    (0)   :  0.024 0.898 0.078 
475    (0)   :  0.030 0.534 0.436 
476    (0)   :  0.018 0.917 0.065 
477    (0)   :  0.027 0.726 0.247 
478    (0)   :  0.012 0.900 0.088 
479    (0)   :  0.012 0.935 0.053 
480    (0)   :  0.014 0.942 0.043 
481    (0)   :  0.014 0.715 0.271 
482    (0)   :  0.012 0.947 0.041 
483    (0)   :  0.019 0.887 0.094 
484    (0)   :  0.020 0.536 0.444 
485    (0)   :  0.014 0.898 0.088 
486    (0)   :  0.028 0.518 0.455 
487    (0)   :  0.084 0.594 0.322 
488    (0)   :  0.031 0.310 0.658 
489    (0)   :  0.135 0.312 0.553 
490    (0)   :  0.013 0.799 0.188 
491    (0)   :  0.049 0.123 0.828 
492    (0)   :  0.071 0.119 0.810 
493    (0)   :  0.037 0.492 0.472 
494    (0)   :  0.043 0.281 0.675 
495    (0)   :  0.048 0.326 0.626 
496    (0)   :  0.120 0.094 0.786 
497    (0)   :  0.093 0.322 0.585 
498    (0)   :  0.035 0.457 0.508 
499    (0)   :  0.253 0.279 0.468 
500    (0)   :  0.034 0.697 0.269 
501    (0)   :  0.078 0.265 0.657 
502    (0)   :  0.089 0.247 0.664 
503    (0)   :  0.018 0.815 0.167 
504    (0)   :  0.019 0.315 0.666 
505    (0)   :  0.035 0.135 0.829 
506    (0)   :  0.093 0.420 0.486 
507    (0)   :  0.668 0.050 0.282 
508    (0)   :  0.414 0.068 0.518 
509    (0)   :  0.072 0.101 0.827 
510    (0)   :  0.187 0.396 0.417 
511    (0)   :  0.024 0.812 0.164 
512    (0)   :  0.014 0.914 0.072 
513    (0)   :  0.017 0.051 0.932 
514    (0)   :  0.027 0.464 0.509 
515    (0)   :  0.078 0.603 0.319 
516    (0)   :  0.021 0.154 0.825 
517    (0)   :  0.061 0.334 0.605 
518    (0)   :  0.272 0.436 0.293 
519    (0)   :  0.027 0.463 0.510 
520    (0)   :  0.205 0.234 0.561 
521    (0)   :  0.222 0.119 0.659 
522    (0)   :  0.019 0.555 0.426 
523    (0)   :  0.075 0.119 0.806 
524    (0)   :  0.038 0.645 0.317 
525    (0)   :  0.183 0.407 0.410 
526    (0)   :  0.035 0.289 0.677 
527    (0)   :  0.024 0.861 0.114 
528    (0)   :  0.493 0.073 0.434 
529    (0)   :  0.055 0.190 0.755 
530    (0)   :  0.049 0.698 0.252 
531    (0)   :  0.302 0.249 0.449 
532    (0)   :  0.207 0.374 0.419 
533    (0)   :  0.035 0.597 0.368 
534    (0)   :  0.042 0.112 0.846 
535    (0)   :  0.025 0.208 0.767 
536    (0)   :  0.058 0.165 0.777 
537    (0)   :  0.092 0.059 0.849 
538    (0)   :  0.067 0.091 0.842 
539    (0)   :  0.716 0.055 0.229 
540    (0)   :  0.121 0.148 0.731 
541    (0)   :  0.390 0.125 0.485 
542    (0)   :  0.025 0.185 0.790 
543    (0)   :  0.057 0.074 0.868 
544    (0)   :  0.036 0.105 0.859 
545    (0)   :  0.016 0.173 0.811 
546    (0)   :  0.049 0.090 0.861 
547    (0)   :  0.048 0.068 0.884 
548    (0)   :  0.092 0.070 0.838 
549    (0)   :  0.327 0.112 0.561 
550    (0)   :  0.055 0.432 0.512 
551    (0)   :  0.460 0.096 0.444 
552    (0)   :  0.086 0.088 0.826 
553    (0)   :  0.070 0.049 0.882 
554    (0)   :  0.077 0.346 0.576 
555    (0)   :  0.129 0.054 0.816 
556    (0)   :  0.042 0.081 0.877 
557    (0)   :  0.035 0.237 0.728 
558    (0)   :  0.012 0.949 0.038 
559    (0)   :  0.022 0.522 0.456 
560    (0)   :  0.009 0.896 0.095 
561    (0)   :  0.012 0.754 0.233 
562    (0)   :  0.009 0.830 0.161 
563    (0)   :  0.064 0.283 0.653 
564    (0)   :  0.021 0.166 0.813 
565    (0)   :  0.015 0.930 0.055 
566    (0)   :  0.009 0.933 0.058 
567    (0)   :  0.015 0.325 0.660 
568    (0)   :  0.021 0.393 0.586 
569    (0)   :  0.021 0.509 0.469 
570    (0)   :  0.010 0.945 0.044 
571    (0)   :  0.016 0.827 0.157 
572    (0)   :  0.162 0.271 0.567 
573    (0)   :  0.024 0.461 0.515 
574    (0)   :  0.065 0.800 0.135 
575    (0)   :  0.034 0.288 0.678 
576    (0)   :  0.009 0.921 0.070 
577    (0)   :  0.055 0.823 0.122 
578    (0)   :  0.017 0.706 0.277 
579    (0)   :  0.015 0.833 0.152 
580    (0)   :  0.027 0.885 0.088 
581    (0)   :  0.019 0.905 0.076 
582    (0)   :  0.011 0.920 0.068 
583    (0)   :  0.017 0.873 0.111 
584    (0)   :  0.011 0.916 0.073 
585    (0)   :  0.014 0.794 0.192 
586    (0)   :  0.021 0.831 0.148 
587    (0)   :  0.011 0.831 0.158 
588    (0)   :  0.013 0.049 0.937 
589    (0)   :  0.012 0.847 0.141 
590    (0)   :  0.015 0.786 0.200 
591    (0)   :  0.018 0.736 0.246 
592    (0)   :  0.012 0.335 0.653 
593    (0)   :  0.028 0.620 0.352 
594    (0)   :  0.042 0.485 0.473 
595    (0)   :  0.011 0.890 0.099 
596    (0)   :  0.027 0.395 0.578 
597    (0)   :  0.126 0.617 0.257 
598    (0)   :  0.011 0.949 0.039 
599    (0)   :  0.011 0.684 0.305 
600    (0)   :  0.035 0.831 0.134 
601    (0)   :  0.010 0.896 0.094 
602    (0)   :  0.057 0.299 0.644 
603    (0)   :  0.053 0.272 0.675 
604    (0)   :  0.035 0.495 0.470 
605    (0)   :  0.020 0.584 0.396 
606    (0)   :  0.043 0.167 0.790 
607    (0)   :  0.222 0.546 0.233 
608    (0)   :  0.422 0.415 0.163 
609    (0)   :  0.029 0.857 0.114 
610    (0)   :  0.022 0.696 0.282 
611    (0)   :  0.048 0.309 0.644 
612    (0)   :  0.018 0.911 0.072 
613    (0)   :  0.028 0.806 0.166 
614    (0)   :  0.015 0.910 0.076 
615    (0)   :  0.038 0.767 0.195 
616    (0)   :  0.144 0.580 0.275 
617    (0)   :  0.018 0.828 0.154 
618    (0)   :  0.109 0.598 0.294 
619    (0)   :  0.057 0.317 0.626 
620    (0)   :  0.010 0.314 0.676 
621    (0)   :  0.014 0.916 0.070 
622    (0)   :  0.085 0.665 0.251 
623    (0)   :  0.018 0.665 0.318 
624    (0)   :  0.088 0.814 0.098 
625    (0)   :  0.076 0.762 0.162 
626    (0)   :  0.397 0.200 0.403 
627    (0)   :  0.026 0.761 0.213 
628    (0)   :  0.031 0.725 0.245 
629    (0)   :  0.030 0.622 0.348 
630    (0)   :  0.030 0.829 0.141 
631    (0)   :  0.027 0.864 0.110 
632    (0)   :  0.069 0.105 0.827 
633    (0)   :  0.050 0.840 0.110 
634    (0)   :  0.099 0.632 0.269 
635    (0)   :  0.433 0.206 0.361 
636    (0)   :  0.159 0.664 0.176 
637    (0)   :  0.030 0.153 0.818 
638    (0)   :  0.046 0.610 0.344 
639    (0)   :  0.044 0.791 0.165 
640    (0)   :  0.022 0.882 0.096 
641    (0)   :  0.031 0.659 0.310 
642    (0)   :  0.319 0.113 0.568 
643    (0)   :  0.800 0.066 0.135 
644    (0)   :  0.582 0.171 0.246 
645    (0)   :  0.707 0.164 0.129 
646    (0)   :  0.038 0.148 0.814 
647    (0)   :  0.105 0.096 0.799 
648    (0)   :  0.222 0.263 0.515 
649    (0)   :  0.062 0.067 0.871 
650    (0)   :  0.052 0.123 0.825 
651    (0)   :  0.421 0.243 0.335 
652    (0)   :  0.530 0.132 0.338 
653    (0)   :  0.195 0.147 0.658 
654    (0)   :  0.212 0.072 0.716 
655    (0)   :  0.509 0.223 0.269 
656    (0)   :  0.091 0.122 0.787 
657    (0)   :  0.105 0.619 0.276 
658    (0)   :  0.096 0.250 0.654 
659    (0)   :  0.446 0.175 0.379 
660    (0)   :  0.443 0.064 0.493 
661    (0)   :  0.613 0.113 0.274 
662    (0)   :  0.035 0.054 0.911 
663    (0)   :  0.376 0.109 0.515 
664    (0)   :  0.131 0.354 0.516 
665    (0)   :  0.042 0.077 0.881 
666    (0)   :  0.264 0.091 0.645 
667    (0)   :  0.033 0.207 0.760 
668    (0)   :  0.392 0.241 0.367 
669    (0)   :  0.109 0.110 0.781 
670    (0)   :  0.853 0.038 0.109 
671    (0)   :  0.563 0.058 0.379 
672    (0)   :  0.681 0.106 0.213 
673    (0)   :  0.925 0.034 0.040 
674    (0)   :  0.782 0.071 0.147 
675    (0)   :  0.826 0.049 0.125 
676    (0)   :  0.924 0.033 0.043 
677    (0)   :  0.725 0.034 0.241 
678    (0)   :  0.923 0.035 0.042 
679    (0)   :  0.865 0.069 0.066 
680    (0)   :  0.855 0.055 0.090 
681    (0)   :  0.259 0.272 0.470 
682    (0)   :  0.869 0.052 0.078 
683    (0)   :  0.875 0.036 0.089 
684    (0)   :  0.913 0.036 0.051 
685    (0)   :  0.923 0.031 0.045 
686    (0)   :  0.581 0.056 0.362 
687    (0)   :  0.544 0.054 0.401 
688    (0)   :  0.833 0.050 0.118 
689    (0)   :  0.926 0.032 0.042 
690    (0)   :  0.922 0.033 0.044 
691    (0)   :  0.848 0.063 0.089 
692    (0)   :  0.881 0.056 0.064 
693    (0)   :  0.854 0.058 0.088 
694    (0)   :  0.928 0.029 0.043 
695    (0)   :  0.885 0.041 0.074 
696    (0)   :  0.837 0.051 0.112 
697    (0)   :  0.915 0.035 0.051 
698    (0)   :  0.913 0.034 0.053 
699    (0)   :  0.800 0.040 0.160 
700    (0)   :  0.826 0.066 0.108 
701    (0)   :  0.825 0.074 0.102 
702    (0)   :  0.655 0.083 0.262 
703    (0)   :  0.843 0.054 0.103 
704    (0)   :  0.835 0.045 0.120 
705    (0)   :  0.327 0.100 0.573 
706    (0)   :  0.866 0.048 0.086 
707    (0)   :  0.902 0.036 0.062 
708    (0)   :  0.896 0.034 0.070 
709    (0)   :  0.881 0.035 0.084 
710    (0)   :  0.926 0.030 0.044 
711    (0)   :  0.796 0.051 0.153 
712    (0)   :  0.818 0.031 0.150 
713    (0)   :  0.840 0.045 0.115 
714    (0)   :  0.797 0.075 0.129 
715    (0)   :  0.899 0.030 0.072 
716    (0)   :  0.875 0.044 0.081 
717    (0)   :  0.922 0.031 0.047 
718    (0)   :  0.734 0.058 0.209 
719    (0)   :  0.890 0.031 0.079 
720    (0)   :  0.017 0.862 0.121 
721    (0)   :  0.618 0.268 0.114 
722    (0)   :  0.035 0.841 0.124 
723    (0)   :  0.030 0.890 0.081 
724    (0)   :  0.112 0.802 0.086 
725    (0)   :  0.135 0.381 0.483 
726    (0)   :  0.060 0.742 0.198 
727    (0)   :  0.113 0.186 0.701 
728    (0)   :  0.011 0.949 0.040 
729    (0)   :  0.011 0.944 0.044 
730    (0)   :  0.018 0.885 0.097 
731    (0)   :  0.027 0.907 0.066 
732    (0)   :  0.030 0.890 0.080 
733    (0)   :  0.015 0.933 0.052 
734    (0)   :  0.010 0.944 0.046 
735    (0)   :  0.021 0.934 0.044 
736    (0)   :  0.019 0.911 0.070 
737    (0)   :  0.021 0.834 0.145 
738    (0)   :  0.019 0.911 0.070 
739    (0)   :  0.014 0.940 0.046 
740    (0)   :  0.785 0.091 0.124 
741    (0)   :  0.505 0.181 0.314 
742    (0)   :  0.104 0.719 0.177 
743    (0)   :  0.051 0.626 0.322 
744    (0)   :  0.032 0.104 0.864 
745    (0)   :  0.015 0.556 0.429 
746    (0)   :  0.098 0.294 0.608 
747    (0)   :  0.028 0.269 0.703 
748    (0)   :  0.313 0.139 0.548 
749    (0)   :  0.060 0.153 0.787 
750    (0)   :  0.044 0.229 0.728 
751    (0)   :  0.428 0.192 0.380 
752    (0)   :  0.035 0.281 0.684 
753    (0)   :  0.115 0.350 0.535 
754    (0)   :  0.286 0.247 0.467 
755    (0)   :  0.074 0.244 0.682 
756    (0)   :  0.136 0.148 0.716 
757    (0)   :  0.051 0.197 0.752 
758    (0)   :  0.015 0.320 0.665 
759    (0)   :  0.481 0.256 0.262 
760    (0)   :  0.075 0.706 0.219 
761    (0)   :  0.204 0.548 0.248 
762    (0)   :  0.025 0.823 0.152 
763    (0)   :  0.121 0.348 0.531 
764    (0)   :  0.038 0.265 0.697 
765    (0)   :  0.031 0.779 0.190 
766    (0)   :  0.312 0.332 0.356 
767    (0)   :  0.119 0.260 0.621 
768    (0)   :  0.025 0.814 0.161 
769    (0)   :  0.145 0.629 0.226 
770    (0)   :  0.021 0.802 0.177 
771    (0)   :  0.052 0.072 0.876 
772    (0)   :  0.227 0.401 0.372 
773    (0)   :  0.059 0.476 0.466 
774    (0)   :  0.365 0.192 0.443 
775    (0)   :  0.045 0.855 0.100 
776    (0)   :  0.025 0.358 0.617 
777    (0)   :  0.043 0.230 0.727 
778    (0)   :  0.056 0.121 0.824 
779    (0)   :  0.097 0.391 0.512 
780    (0)   :  0.292 0.179 0.529 
781    (0)   :  0.069 0.068 0.863 
782    (0)   :  0.096 0.402 0.503 
783    (0)   :  0.200 0.456 0.344 
784    (0)   :  0.034 0.687 0.280 
785    (0)   :  0.086 0.382 0.532 
786    (0)   :  0.445 0.264 0.291 
787    (0)   :  0.151 0.067 0.782 
788    (0)   :  0.049 0.663 0.288 
789    (0)   :  0.041 0.740 0.218 
790    (0)   :  0.171 0.302 0.527 
791    (0)   :  0.071 0.317 0.612 
792    (0)   :  0.358 0.116 0.526 
793    (0)   :  0.167 0.135 0.698 
794    (0)   :  0.060 0.279 0.660 
795    (0)   :  0.367 0.162 0.470 
796    (0)   :  0.079 0.219 0.703 
797    (0)   :  0.557 0.098 0.345 
798    (0)   :  0.013 0.862 0.125 
799    (0)   :  0.032 0.603 0.365 
800    (0)   :  0.217 0.056 0.727 
801    (0)   :  0.026 0.773 0.201 
802    (0)   :  0.145 0.435 0.421 
803    (0)   :  0.153 0.128 0.719 
804    (0)   :  0.041 0.173 0.785 
805    (0)   :  0.816 0.056 0.128 
806    (0)   :  0.059 0.298 0.643 
807    (0)   :  0.703 0.067 0.230 
808    (0)   :  0.234 0.078 0.688 
809    (0)   :  0.034 0.194 0.771 
810    (0)   :  0.090 0.514 0.395 
811    (0)   :  0.218 0.086 0.696 
812    (0)   :  0.015 0.085 0.899 
813    (0)   :  0.016 0.833 0.151 
814    (0)   :  0.020 0.120 0.860 
815    (0)   :  0.159 0.170 0.671 
816    (0)   :  0.259 0.345 0.396 
817    (0)   :  0.146 0.429 0.425 
818    (0)   :  0.034 0.404 0.562 
819    (0)   :  0.043 0.087 0.870 
820    (0)   :  0.063 0.174 0.763 
821    (0)   :  0.049 0.750 0.201 
822    (0)   :  0.012 0.796 0.192 
823    (0)   :  0.170 0.574 0.256 
824    (0)   :  0.085 0.483 0.432 
825    (0)   :  0.021 0.736 0.243 
826    (0)   :  0.019 0.510 0.471 
827    (0)   :  0.023 0.893 0.084 
828    (0)   :  0.043 0.855 0.102 
829    (0)   :  0.047 0.742 0.211 
830    (0)   :  0.016 0.916 0.068 
831    (0)   :  0.071 0.589 0.340 
832    (0)   :  0.060 0.316 0.624 
833    (0)   :  0.101 0.488 0.411 
834    (0)   :  0.059 0.582 0.359 
835    (0)   :  0.016 0.415 0.569 
836    (0)   :  0.031 0.216 0.753 
837    (0)   :  0.139 0.503 0.357 
838    (0)   :  0.015 0.184 0.800 
839    (0)   :  0.031 0.771 0.198 
840    (0)   :  0.049 0.112 0.840 
841    (0)   :  0.033 0.122 0.845 
842    (0)   :  0.013 0.616 0.371 
843    (0)   :  0.116 0.090 0.794 
844    (0)   :  0.055 0.253 0.692 
845    (0)   :  0.018 0.548 0.434 
846    (0)   :  0.041 0.236 0.724 
847    (0)   :  0.080 0.181 0.739 
848    (0)   :  0.032 0.139 0.829 
849    (0)   :  0.028 0.651 0.321 
850    (0)   :  0.025 0.866 0.110 
851    (0)   :  0.021 0.418 0.561 
852    (0)   :  0.528 0.335 0.137 
853    (0)   :  0.022 0.551 0.427 
854    (0)   :  0.146 0.580 0.274 
855    (0)   :  0.037 0.375 0.588 
856    (0)   :  0.062 0.382 0.556 
857    (0)   :  0.025 0.191 0.784 
858    (0)   :  0.020 0.541 0.439 
859    (0)   :  0.020 0.892 0.088 
860    (0)   :  0.020 0.520 0.460 
861    (0)   :  0.220 0.109 0.671 
862    (0)   :  0.018 0.932 0.051 
863    (0)   :  0.046 0.871 0.083 
864    (0)   :  0.034 0.922 0.044 
865    (0)   :  0.010 0.938 0.052 
866    (0)   :  0.017 0.895 0.088 
867    (0)   :  0.027 0.898 0.075 
868    (0)   :  0.018 0.885 0.097 
869    (0)   :  0.018 0.904 0.078 
870    (0)   :  0.012 0.728 0.260 
871    (0)   :  0.013 0.898 0.090 
872    (0)   :  0.018 0.934 0.048 
873    (0)   :  0.023 0.923 0.053 
874    (0)   :  0.012 0.930 0.059 
875    (0)   :  0.019 0.754 0.227 
876    (0)   :  0.015 0.790 0.195 
877    (0)   :  0.020 0.937 0.042 
878    (0)   :  0.026 0.827 0.147 
879    (0)   :  0.026 0.920 0.054 
880    (0)   :  0.015 0.834 0.151 
881    (0)   :  0.025 0.907 0.068 
882    (0)   :  0.021 0.934 0.045 
883    (0)   :  0.026 0.609 0.365 
884    (0)   :  0.010 0.945 0.045 
885    (0)   :  0.033 0.813 0.154 
886    (0)   :  0.030 0.895 0.075 
887    (0)   :  0.012 0.938 0.050 
888    (0)   :  0.048 0.731 0.221 
889    (0)   :  0.010 0.942 0.048 
890    (0)   :  0.010 0.923 0.066 
891    (0)   :  0.017 0.508 0.475 
892    (0)   :  0.020 0.423 0.557 
893    (0)   :  0.023 0.201 0.776 
894    (0)   :  0.011 0.872 0.117 
895    (0)   :  0.013 0.924 0.063 
896    (0)   :  0.029 0.213 0.757 
897    (0)   :  0.018 0.369 0.613 
898    (0)   :  0.038 0.700 0.262 
899    (0)   :  0.010 0.858 0.132 
900    (0)   :  0.015 0.510 0.475 
901    (0)   :  0.017 0.688 0.295 
902    (0)   :  0.020 0.182 0.798 
903    (0)   :  0.015 0.896 0.089 
904    (0)   :  0.033 0.673 0.293 
905    (0)   :  0.011 0.935 0.054 
906    (0)   :  0.021 0.632 0.347 
907    (0)   :  0.028 0.805 0.166 
908    (0)   :  0.021 0.874 0.105 
909    (0)   :  0.022 0.609 0.369 
910    (0)   :  0.020 0.290 0.689 
911    (0)   :  0.010 0.935 0.055 
912    (0)   :  0.012 0.892 0.096 
913    (0)   :  0.011 0.891 0.098 
914    (0)   :  0.090 0.536 0.375 
915    (0)   :  0.009 0.906 0.085 
916    (0)   :  0.015 0.646 0.338 
917    (0)   :  0.014 0.565 0.421 
918    (0)   :  0.062 0.709 0.229 
919    (0)   :  0.030 0.886 0.084 
920    (0)   :  0.024 0.827 0.149 
921    (0)   :  0.103 0.111 0.787 
922    (0)   :  0.019 0.126 0.855 
923    (0)   :  0.028 0.075 0.897 
924    (0)   :  0.017 0.085 0.897 
925    (0)   :  0.027 0.106 0.867 
926    (0)   :  0.026 0.043 0.931 
927    (0)   :  0.050 0.064 0.886 
928    (0)   :  0.087 0.044 0.869 
929    (0)   :  0.016 0.049 0.935 
930    (0)   :  0.029 0.092 0.879 
931    (0)   :  0.113 0.153 0.734 
932    (0)   :  0.014 0.060 0.926 
933    (0)   :  0.228 0.059 0.713 
934    (0)   :  0.012 0.060 0.928 
935    (0)   :  0.021 0.083 0.896 
936    (0)   :  0.015 0.057 0.928 
937    (0)   :  0.037 0.056 0.907 
938    (0)   :  0.068 0.039 0.892 
939    (0)   :  0.090 0.059 0.850 
940    (0)   :  0.039 0.071 0.889 
941    (0)   :  0.016 0.119 0.865 
942    (0)   :  0.096 0.092 0.812 
943    (0)   :  0.138 0.052 0.810 
944    (0)   :  0.043 0.052 0.905 
945    (0)   :  0.027 0.079 0.894 
946    (0)   :  0.021 0.058 0.921 
947    (0)   :  0.071 0.043 0.886 
948    (0)   :  0.013 0.145 0.843 
949    (0)   :  0.012 0.199 0.789 
950    (0)   :  0.032 0.040 0.928 
951    (0)   :  0.043 0.065 0.892 
952    (0)   :  0.019 0.060 0.921 
953    (0)   :  0.023 0.144 0.834 
954    (0)   :  0.022 0.130 0.848 
955    (0)   :  0.794 0.047 0.159 
956    (0)   :  0.694 0.045 0.261 
957    (0)   :  0.188 0.121 0.691 
958    (0)   :  0.035 0.257 0.708 
959    (0)   :  0.085 0.111 0.804 
960    (0)   :  0.061 0.609 0.330 
961    (0)   :  0.926 0.031 0.043 
962    (0)   :  0.021 0.051 0.928 
963    (0)   :  0.034 0.262 0.704 
964    (0)   :  0.079 0.696 0.225 
965    (0)   :  0.117 0.092 0.791 
966    (0)   :  0.073 0.117 0.810 
967    (0)   :  0.843 0.053 0.104 
968    (0)   :  0.028 0.067 0.906 
969    (0)   :  0.249 0.552 0.199 
970    (0)   :  0.737 0.068 0.195 
971    (0)   :  0.038 0.073 0.888 
972    (0)   :  0.115 0.221 0.664 
973    (0)   :  0.114 0.061 0.825 
974    (0)   :  0.052 0.338 0.610 
975    (0)   :  0.255 0.548 0.196 
976    (0)   :  0.040 0.076 0.885 
977    (0)   :  0.255 0.274 0.471 
978    (0)   :  0.077 0.079 0.844 
979    (0)   :  0.030 0.175 0.795 
980    (0)   :  0.122 0.089 0.789 
981    (0)   :  0.101 0.174 0.725 
982    (0)   :  0.024 0.732 0.244 
983    (0)   :  0.026 0.532 0.442 
984    (0)   :  0.724 0.168 0.108 
985    (0)   :  0.055 0.112 0.833 
986    (0)   :  0.044 0.450 0.506 
987    (0)   :  0.016 0.369 0.614 
988    (0)   :  0.011 0.933 0.056 
989    (0)   :  0.430 0.143 0.426 
990    (0)   :  0.056 0.685 0.259 
991    (0)   :  0.057 0.283 0.661 
992    (0)   :  0.013 0.098 0.889 
993    (0)   :  0.029 0.686 0.285 
994    (0)   :  0.073 0.083 0.844 
995    (0)   :  0.855 0.036 0.108 
996    (0)   :  0.024 0.860 0.116 
997    (0)   :  0.031 0.083 0.886 
998    (0)   :  0.023 0.403 0.574 
999    (0)   :  0.072 0.166 0.763 
1000    (0)   :  0.018 0.398 0.584 
1001    (0)   :  0.028 0.843 0.128 
1002    (0)   :  0.011 0.842 0.147 
1003    (0)   :  0.034 0.167 0.799 
1004    (0)   :  0.029 0.152 0.819 
1005    (0)   :  0.017 0.270 0.713 
1006    (0)   :  0.048 0.118 0.834 
1007    (0)   :  0.108 0.098 0.795 
1008    (0)   :  0.141 0.069 0.790 
1009    (0)   :  0.046 0.152 0.802 
1010    (0)   :  0.062 0.145 0.792 
1011    (0)   :  0.184 0.109 0.707 
1012    (0)   :  0.021 0.110 0.869 
1013    (0)   :  0.037 0.142 0.821 
1014    (0)   :  0.020 0.408 0.572 
1015    (0)   :  0.020 0.111 0.869 
1016    (0)   :  0.019 0.522 0.459 
1017    (0)   :  0.051 0.098 0.851 
1018    (0)   :  0.056 0.114 0.830 
1019    (0)   :  0.080 0.511 0.409 
1020    (0)   :  0.704 0.049 0.247 
1021    (0)   :  0.231 0.066 0.703 
1022    (0)   :  0.057 0.160 0.784 
1023    (0)   :  0.025 0.828 0.147 
1024    (0)   :  0.019 0.769 0.212 
1025    (0)   :  0.040 0.203 0.757 
1026    (0)   :  0.172 0.690 0.138 
1027    (0)   :  0.084 0.415 0.501 
1028    (0)   :  0.087 0.827 0.085 
1029    (0)   :  0.125 0.534 0.341 
1030    (0)   :  0.430 0.190 0.380 
1031    (0)   :  0.230 0.520 0.250 
1032    (0)   :  0.281 0.335 0.384 
1033    (0)   :  0.313 0.541 0.146 
1034    (0)   :  0.117 0.457 0.425 
1035    (0)   :  0.794 0.110 0.096 
1036    (0)   :  0.309 0.257 0.434 
1037    (0)   :  0.407 0.168 0.424 
1038    (0)   :  0.535 0.290 0.174 
1039    (0)   :  0.222 0.188 0.590 
1040    (0)   :  0.138 0.691 0.171 
1041    (0)   :  0.200 0.653 0.147 
1042    (0)   :  0.472 0.272 0.256 
1043    (0)   :  0.260 0.611 0.128 
1044    (0)   :  0.088 0.475 0.437 
1045    (0)   :  0.179 0.722 0.098 
1046    (0)   :  0.320 0.242 0.438 
1047    (0)   :  0.748 0.108 0.144 
1048    (0)   :  0.046 0.765 0.189 
1049    (0)   :  0.033 0.482 0.485 
1050    (0)   :  0.010 0.919 0.071 
1051    (0)   :  0.012 0.838 0.150 
1052    (0)   :  0.018 0.853 0.130 
1053    (0)   :  0.022 0.886 0.092 
1054    (0)   :  0.021 0.833 0.146 
1055    (0)   :  0.017 0.416 0.568 
1056    (0)   :  0.018 0.747 0.235 
1057    (0)   :  0.013 0.892 0.096 
1058    (0)   :  0.013 0.869 0.118 
1059    (0)   :  0.030 0.881 0.090 
1060    (0)   :  0.050 0.516 0.434 
1061    (0)   :  0.013 0.224 0.763 
1062    (0)   :  0.015 0.884 0.101 
1063    (0)   :  0.024 0.078 0.899 
1064    (0)   :  0.019 0.803 0.179 
1065    (0)   :  0.025 0.309 0.666 
1066    (0)   :  0.032 0.230 0.738 
1067    (0)   :  0.013 0.877 0.110 
1068    (0)   :  0.248 0.524 0.228 
1069    (0)   :  0.011 0.908 0.080 
1070    (0)   :  0.016 0.736 0.249 
1071    (0)   :  0.053 0.561 0.386 
1072    (0)   :  0.027 0.403 0.570 
1073    (0)   :  0.017 0.867 0.115 
1074    (0)   :  0.047 0.725 0.227 
1075    (0)   :  0.032 0.488 0.480 
1076    (0)   :  0.038 0.715 0.246 
1077    (0)   :  0.012 0.936 0.051 
1078    (0)   :  0.021 0.420 0.559 
1079    (0)   :  0.017 0.764 0.219 
1080    (0)   :  0.079 0.279 0.642 
1081    (0)   :  0.012 0.934 0.054 
1082    (0)   :  0.036 0.357 0.607 
1083    (0)   :  0.031 0.368 0.602 
1084    (0)   :  0.044 0.227 0.729 
1085    (0)   :  0.009 0.848 0.143 
1086    (0)   :  0.013 0.195 0.792 
1087    (0)   :  0.009 0.866 0.125 
1088    (0)   :  0.010 0.735 0.255 
1089    (0)   :  0.011 0.903 0.086 
1090    (0)   :  0.014 0.862 0.124 
1091    (0)   :  0.020 0.809 0.171 
1092    (0)   :  0.014 0.912 0.074 
1093    (0)   :  0.039 0.487 0.474 
1094    (0)   :  0.039 0.842 0.119 
