

----------------------------------------------------
STRUCTURE by Pritchard, Stephens and Donnelly (2000)
     and Falush, Stephens and Pritchard (2003)
       Code by Pritchard, Falush and Hubisz
             Version 2.3.4 (Jul 2012)
----------------------------------------------------



Command line arguments:   ./structure -K 10 -D 110006 -m brooktrout/mainparams -e brooktrout/extraparams -o brooktrout/250914_output/results_K10_rep6 
Input File:    brooktrout/brooktrout.txt

Run parameters:
   8454 individuals
   5 loci
   10 populations assumed
   50000 Burn-in period
   100000 Reps
RANDOMIZE turned off


--------------------------------------------
Overall proportion of membership of the
sample in each of the 10 clusters

Inferred Clusters
  1      2      3      4      5      6      7      8      9     10    
0.008  0.014  0.019  0.075  0.123  0.142  0.145  0.157  0.160  0.157  

--------------------------------------------

Allele-freq. divergence among pops (Net nucleotide distance),
computed using point estimates of P.

      1       2       3       4       5       6       7       8       9      10      
 1      -    0.1780  0.1441  0.1403  0.1522  0.1293  0.1271  0.1312  0.1389  0.1500  
 2   0.1780     -    0.2300  0.2485  0.2603  0.1842  0.1648  0.1363  0.2108  0.2150  
 3   0.1441  0.2300     -    0.2175  0.1310  0.2091  0.2036  0.1882  0.1547  0.1819  
 4   0.1403  0.2485  0.2175     -    0.2334  0.1370  0.1535  0.1697  0.2033  0.1461  
 5   0.1522  0.2603  0.1310  0.2334     -    0.2309  0.2256  0.2028  0.0832  0.1527  
 6   0.1293  0.1842  0.2091  0.1370  0.2309     -    0.1035  0.1139  0.1906  0.1460  
 7   0.1271  0.1648  0.2036  0.1535  0.2256  0.1035     -    0.1102  0.1826  0.1520  
 8   0.1312  0.1363  0.1882  0.1697  0.2028  0.1139  0.1102     -    0.1298  0.1775  
 9   0.1389  0.2108  0.1547  0.2033  0.0832  0.1906  0.1826  0.1298     -    0.1235  
10   0.1500  0.2150  0.1819  0.1461  0.1527  0.1460  0.1520  0.1775  0.1235     -    

Average distances (expected heterozygosity) between individuals in same cluster:
cluster  1  : 0.8285 
cluster  2  : 0.6747 
cluster  3  : 0.7272 
cluster  4  : 0.7444 
cluster  5  : 0.6762 
cluster  6  : 0.7388 
cluster  7  : 0.7093 
cluster  8  : 0.6973 
cluster  9  : 0.6943 
cluster 10  : 0.7556 

--------------------------------------------
Estimated Ln Prob of Data   = -185700.1
Mean value of ln likelihood = -172596.5
Variance of ln likelihood   = 26207.2

Mean value of alpha_1       = 0.0472
Mean value of alpha_2       = 0.0785
Mean value of alpha_3       = 0.1182
Mean value of alpha_4       = 0.4590
Mean value of alpha_5       = 0.7273
Mean value of alpha_6       = 0.8499
Mean value of alpha_7       = 0.8762
Mean value of alpha_8       = 0.9566
Mean value of alpha_9       = 0.9623
Mean value of alpha_10       = 0.9488
Allele frequencies uncorrelated


Inferred ancestry of individuals:
     (%Miss) :  Inferred clusters
  1    (0)   :  0.005 0.009 0.020 0.054 0.098 0.089 0.109 0.301 0.200 0.115 
  2    (0)   :  0.004 0.006 0.010 0.136 0.082 0.127 0.172 0.103 0.127 0.233 
  3    (0)   :  0.006 0.011 0.010 0.034 0.084 0.107 0.264 0.143 0.209 0.133 
  4    (0)   :  0.012 0.013 0.032 0.050 0.241 0.109 0.117 0.087 0.218 0.119 
  5    (0)   :  0.005 0.006 0.016 0.180 0.079 0.120 0.190 0.114 0.106 0.183 
  6    (0)   :  0.006 0.007 0.012 0.042 0.113 0.134 0.321 0.174 0.090 0.101 
  7    (0)   :  0.005 0.008 0.011 0.066 0.070 0.304 0.158 0.188 0.108 0.082 
  8    (0)   :  0.017 0.012 0.128 0.047 0.101 0.116 0.186 0.112 0.184 0.097 
  9    (0)   :  0.008 0.009 0.010 0.088 0.083 0.113 0.196 0.152 0.185 0.158 
 10    (0)   :  0.006 0.007 0.121 0.059 0.084 0.120 0.198 0.193 0.128 0.083 
 11    (0)   :  0.004 0.008 0.010 0.082 0.061 0.174 0.127 0.350 0.106 0.078 
 12    (0)   :  0.005 0.006 0.009 0.113 0.131 0.130 0.182 0.116 0.122 0.185 
 13    (0)   :  0.006 0.006 0.011 0.082 0.088 0.164 0.183 0.154 0.171 0.136 
 14    (0)   :  0.004 0.010 0.033 0.049 0.090 0.080 0.197 0.128 0.148 0.260 
 15    (0)   :  0.005 0.015 0.014 0.062 0.175 0.133 0.155 0.119 0.181 0.141 
 16    (0)   :  0.004 0.008 0.010 0.064 0.072 0.110 0.182 0.299 0.154 0.098 
 17    (0)   :  0.007 0.008 0.011 0.085 0.106 0.099 0.260 0.135 0.139 0.148 
 18    (0)   :  0.008 0.014 0.012 0.048 0.141 0.094 0.193 0.151 0.137 0.203 
 19    (0)   :  0.005 0.007 0.010 0.065 0.094 0.123 0.299 0.163 0.135 0.099 
 20    (0)   :  0.005 0.013 0.010 0.101 0.119 0.185 0.182 0.122 0.125 0.138 
 21    (0)   :  0.004 0.008 0.020 0.051 0.159 0.088 0.117 0.195 0.165 0.194 
 22    (0)   :  0.007 0.007 0.011 0.042 0.090 0.093 0.287 0.177 0.177 0.110 
 23    (0)   :  0.007 0.016 0.023 0.062 0.093 0.092 0.144 0.094 0.274 0.195 
 24    (0)   :  0.004 0.008 0.010 0.053 0.105 0.096 0.109 0.268 0.244 0.102 
 25    (0)   :  0.005 0.010 0.011 0.084 0.063 0.174 0.320 0.118 0.093 0.122 
 26    (0)   :  0.006 0.010 0.010 0.071 0.156 0.112 0.165 0.176 0.156 0.140 
 27    (0)   :  0.005 0.007 0.011 0.076 0.106 0.100 0.195 0.198 0.140 0.163 
 28    (0)   :  0.005 0.007 0.070 0.041 0.189 0.135 0.110 0.196 0.128 0.118 
 29    (0)   :  0.004 0.006 0.009 0.115 0.072 0.176 0.145 0.156 0.169 0.149 
 30    (0)   :  0.005 0.008 0.009 0.052 0.076 0.091 0.223 0.235 0.160 0.142 
 31    (0)   :  0.012 0.007 0.110 0.080 0.075 0.145 0.116 0.174 0.120 0.162 
 32    (0)   :  0.004 0.010 0.022 0.046 0.117 0.090 0.302 0.092 0.181 0.135 
 33    (0)   :  0.005 0.008 0.009 0.044 0.080 0.144 0.197 0.153 0.235 0.125 
 34    (0)   :  0.006 0.009 0.112 0.108 0.069 0.173 0.255 0.103 0.091 0.075 
 35    (0)   :  0.009 0.007 0.009 0.099 0.061 0.089 0.198 0.129 0.142 0.257 
 36    (0)   :  0.004 0.037 0.015 0.040 0.059 0.086 0.088 0.289 0.160 0.222 
 37    (0)   :  0.006 0.007 0.011 0.040 0.098 0.101 0.161 0.119 0.261 0.196 
 38    (0)   :  0.005 0.159 0.009 0.083 0.053 0.161 0.110 0.179 0.110 0.131 
 39    (0)   :  0.007 0.013 0.010 0.073 0.084 0.151 0.142 0.193 0.115 0.211 
 40    (0)   :  0.004 0.012 0.011 0.046 0.071 0.073 0.133 0.132 0.275 0.243 
 41    (0)   :  0.007 0.015 0.015 0.070 0.052 0.135 0.140 0.178 0.204 0.184 
 42    (0)   :  0.004 0.019 0.010 0.055 0.077 0.076 0.068 0.213 0.361 0.117 
 43    (0)   :  0.007 0.006 0.021 0.053 0.071 0.108 0.136 0.100 0.240 0.258 
 44    (0)   :  0.007 0.006 0.009 0.046 0.051 0.092 0.189 0.095 0.175 0.333 
 45    (0)   :  0.005 0.024 0.009 0.079 0.053 0.102 0.078 0.258 0.120 0.273 
 46    (0)   :  0.008 0.007 0.009 0.063 0.091 0.118 0.259 0.135 0.097 0.213 
 47    (0)   :  0.016 0.006 0.021 0.080 0.088 0.105 0.213 0.142 0.173 0.156 
 48    (0)   :  0.007 0.008 0.009 0.054 0.054 0.075 0.181 0.082 0.173 0.356 
 49    (0)   :  0.007 0.009 0.010 0.100 0.074 0.091 0.125 0.201 0.171 0.213 
 50    (0)   :  0.008 0.008 0.066 0.063 0.069 0.159 0.265 0.144 0.082 0.136 
 51    (0)   :  0.004 0.033 0.014 0.048 0.052 0.080 0.073 0.201 0.193 0.301 
 52    (0)   :  0.008 0.008 0.009 0.081 0.093 0.154 0.138 0.222 0.137 0.150 
 53    (0)   :  0.007 0.038 0.036 0.040 0.068 0.140 0.184 0.196 0.149 0.143 
 54    (0)   :  0.008 0.006 0.011 0.083 0.087 0.104 0.131 0.109 0.175 0.287 
 55    (0)   :  0.006 0.007 0.010 0.054 0.069 0.090 0.128 0.089 0.136 0.412 
 56    (0)   :  0.006 0.015 0.009 0.074 0.078 0.076 0.158 0.128 0.179 0.277 
 57    (0)   :  0.011 0.008 0.025 0.087 0.183 0.106 0.188 0.158 0.151 0.083 
 58    (0)   :  0.005 0.013 0.010 0.079 0.067 0.097 0.084 0.195 0.174 0.275 
 59    (0)   :  0.005 0.041 0.009 0.129 0.069 0.092 0.091 0.212 0.159 0.192 
 60    (0)   :  0.004 0.015 0.024 0.039 0.114 0.093 0.089 0.169 0.178 0.276 
 61    (0)   :  0.004 0.006 0.011 0.051 0.092 0.086 0.074 0.094 0.176 0.406 
 62    (0)   :  0.008 0.007 0.009 0.207 0.107 0.114 0.137 0.155 0.111 0.146 
 63    (0)   :  0.004 0.008 0.010 0.044 0.084 0.164 0.118 0.134 0.218 0.215 
 64    (0)   :  0.006 0.018 0.009 0.095 0.065 0.101 0.220 0.210 0.119 0.158 
 65    (0)   :  0.005 0.007 0.010 0.081 0.060 0.239 0.208 0.116 0.092 0.183 
 66    (0)   :  0.005 0.007 0.026 0.065 0.125 0.145 0.106 0.124 0.195 0.202 
 67    (0)   :  0.005 0.006 0.010 0.054 0.061 0.101 0.131 0.093 0.126 0.414 
 68    (0)   :  0.006 0.036 0.010 0.097 0.079 0.089 0.081 0.230 0.172 0.199 
 69    (0)   :  0.006 0.075 0.210 0.094 0.062 0.085 0.129 0.155 0.082 0.103 
 70    (0)   :  0.004 0.017 0.022 0.044 0.071 0.174 0.110 0.159 0.218 0.179 
 71    (0)   :  0.005 0.033 0.013 0.120 0.053 0.103 0.094 0.216 0.101 0.261 
 72    (0)   :  0.005 0.011 0.014 0.040 0.056 0.097 0.164 0.306 0.127 0.179 
 73    (0)   :  0.005 0.011 0.016 0.138 0.059 0.114 0.091 0.128 0.114 0.322 
 74    (0)   :  0.004 0.036 0.009 0.038 0.073 0.079 0.085 0.249 0.233 0.194 
 75    (0)   :  0.005 0.021 0.018 0.050 0.081 0.068 0.075 0.218 0.270 0.193 
 76    (0)   :  0.005 0.006 0.010 0.037 0.065 0.180 0.154 0.107 0.144 0.292 
 77    (0)   :  0.004 0.034 0.009 0.084 0.050 0.164 0.099 0.208 0.167 0.181 
 78    (0)   :  0.005 0.144 0.009 0.085 0.050 0.149 0.102 0.156 0.168 0.132 
 79    (0)   :  0.004 0.007 0.012 0.063 0.076 0.217 0.161 0.226 0.126 0.107 
 80    (0)   :  0.004 0.007 0.013 0.038 0.179 0.139 0.084 0.112 0.319 0.105 
 81    (0)   :  0.005 0.007 0.013 0.037 0.190 0.184 0.086 0.152 0.228 0.097 
 82    (0)   :  0.005 0.007 0.011 0.094 0.097 0.128 0.114 0.133 0.204 0.207 
 83    (0)   :  0.004 0.012 0.015 0.035 0.153 0.192 0.125 0.136 0.192 0.135 
 84    (0)   :  0.004 0.007 0.013 0.041 0.148 0.200 0.136 0.173 0.178 0.100 
 85    (0)   :  0.004 0.013 0.016 0.040 0.153 0.113 0.165 0.175 0.207 0.114 
 86    (0)   :  0.006 0.009 0.010 0.089 0.081 0.113 0.170 0.123 0.099 0.300 
 87    (0)   :  0.005 0.013 0.026 0.049 0.079 0.306 0.115 0.154 0.131 0.121 
 88    (0)   :  0.004 0.007 0.011 0.050 0.117 0.171 0.091 0.158 0.269 0.121 
 89    (0)   :  0.005 0.007 0.030 0.042 0.144 0.144 0.091 0.156 0.267 0.113 
 90    (0)   :  0.004 0.006 0.011 0.058 0.092 0.299 0.120 0.153 0.141 0.115 
 91    (0)   :  0.004 0.013 0.015 0.034 0.168 0.113 0.115 0.137 0.290 0.110 
 92    (0)   :  0.004 0.007 0.012 0.062 0.100 0.175 0.128 0.205 0.176 0.131 
 93    (0)   :  0.004 0.006 0.093 0.041 0.205 0.079 0.084 0.120 0.269 0.098 
 94    (0)   :  0.004 0.016 0.014 0.032 0.074 0.369 0.109 0.167 0.114 0.101 
 95    (0)   :  0.004 0.006 0.011 0.046 0.111 0.294 0.086 0.119 0.215 0.108 
 96    (0)   :  0.004 0.006 0.012 0.046 0.097 0.093 0.075 0.095 0.277 0.295 
 97    (0)   :  0.005 0.019 0.010 0.048 0.089 0.072 0.078 0.239 0.231 0.211 
 98    (0)   :  0.004 0.007 0.009 0.061 0.063 0.105 0.141 0.175 0.236 0.200 
 99    (0)   :  0.004 0.007 0.013 0.045 0.142 0.226 0.126 0.162 0.174 0.102 
100    (0)   :  0.005 0.006 0.012 0.049 0.167 0.080 0.081 0.085 0.357 0.159 
101    (0)   :  0.005 0.014 0.077 0.054 0.082 0.208 0.114 0.148 0.166 0.131 
102    (0)   :  0.005 0.012 0.015 0.064 0.137 0.146 0.111 0.100 0.269 0.140 
103    (0)   :  0.005 0.006 0.061 0.056 0.116 0.173 0.122 0.091 0.120 0.250 
104    (0)   :  0.004 0.006 0.021 0.060 0.116 0.387 0.113 0.097 0.070 0.125 
105    (0)   :  0.005 0.006 0.056 0.135 0.135 0.218 0.101 0.092 0.088 0.165 
106    (0)   :  0.004 0.009 0.008 0.048 0.050 0.371 0.141 0.169 0.078 0.122 
107    (0)   :  0.006 0.007 0.033 0.076 0.118 0.240 0.119 0.095 0.120 0.186 
108    (0)   :  0.004 0.080 0.013 0.042 0.077 0.091 0.161 0.079 0.083 0.370 
109    (0)   :  0.005 0.017 0.017 0.204 0.053 0.187 0.119 0.166 0.074 0.158 
110    (0)   :  0.004 0.010 0.014 0.057 0.052 0.372 0.132 0.183 0.083 0.092 
111    (0)   :  0.007 0.008 0.013 0.124 0.090 0.343 0.109 0.092 0.081 0.133 
112    (0)   :  0.004 0.010 0.010 0.206 0.058 0.298 0.087 0.129 0.085 0.113 
113    (0)   :  0.005 0.015 0.021 0.068 0.089 0.112 0.143 0.150 0.114 0.283 
114    (0)   :  0.004 0.006 0.025 0.100 0.138 0.332 0.100 0.100 0.078 0.117 
115    (0)   :  0.005 0.009 0.010 0.118 0.067 0.254 0.137 0.090 0.143 0.166 
116    (0)   :  0.006 0.018 0.009 0.079 0.050 0.220 0.118 0.196 0.090 0.215 
117    (0)   :  0.006 0.011 0.018 0.127 0.054 0.262 0.125 0.192 0.118 0.087 
118    (0)   :  0.005 0.011 0.010 0.175 0.083 0.158 0.106 0.096 0.090 0.265 
119    (0)   :  0.004 0.010 0.014 0.034 0.098 0.148 0.106 0.089 0.278 0.218 
120    (0)   :  0.005 0.008 0.014 0.128 0.081 0.247 0.119 0.098 0.126 0.174 
121    (0)   :  0.010 0.013 0.022 0.167 0.055 0.209 0.116 0.122 0.114 0.173 
122    (0)   :  0.004 0.008 0.020 0.087 0.066 0.288 0.133 0.182 0.085 0.127 
123    (0)   :  0.005 0.010 0.018 0.064 0.095 0.316 0.120 0.121 0.093 0.157 
124    (0)   :  0.009 0.010 0.010 0.096 0.073 0.177 0.159 0.176 0.080 0.210 
125    (0)   :  0.005 0.019 0.013 0.121 0.055 0.126 0.156 0.284 0.125 0.097 
126    (0)   :  0.004 0.009 0.010 0.041 0.090 0.246 0.100 0.189 0.108 0.204 
127    (0)   :  0.005 0.007 0.011 0.085 0.094 0.392 0.093 0.078 0.084 0.152 
128    (0)   :  0.004 0.006 0.010 0.150 0.079 0.142 0.109 0.112 0.093 0.296 
129    (0)   :  0.006 0.006 0.037 0.088 0.060 0.261 0.120 0.090 0.078 0.253 
130    (0)   :  0.006 0.007 0.030 0.135 0.115 0.276 0.106 0.105 0.105 0.116 
131    (0)   :  0.008 0.054 0.025 0.087 0.053 0.195 0.138 0.215 0.081 0.144 
132    (0)   :  0.004 0.007 0.018 0.058 0.058 0.312 0.124 0.149 0.074 0.196 
133    (0)   :  0.008 0.010 0.022 0.054 0.097 0.263 0.135 0.097 0.096 0.219 
134    (0)   :  0.004 0.008 0.008 0.083 0.046 0.439 0.104 0.153 0.069 0.087 
135    (0)   :  0.005 0.008 0.010 0.075 0.238 0.067 0.067 0.118 0.202 0.210 
136    (0)   :  0.005 0.007 0.025 0.064 0.303 0.064 0.115 0.104 0.216 0.097 
137    (0)   :  0.005 0.006 0.029 0.071 0.203 0.077 0.079 0.110 0.340 0.080 
138    (0)   :  0.004 0.007 0.012 0.033 0.472 0.066 0.070 0.116 0.125 0.095 
139    (0)   :  0.004 0.007 0.023 0.060 0.190 0.072 0.099 0.120 0.134 0.291 
140    (0)   :  0.005 0.008 0.044 0.044 0.167 0.095 0.081 0.198 0.189 0.170 
141    (0)   :  0.005 0.008 0.100 0.056 0.252 0.068 0.122 0.143 0.126 0.120 
142    (0)   :  0.005 0.008 0.039 0.063 0.192 0.067 0.069 0.106 0.175 0.278 
143    (0)   :  0.004 0.006 0.011 0.035 0.296 0.061 0.068 0.090 0.334 0.093 
144    (0)   :  0.005 0.007 0.013 0.072 0.265 0.075 0.071 0.097 0.307 0.089 
145    (0)   :  0.006 0.008 0.024 0.072 0.210 0.068 0.127 0.148 0.196 0.142 
146    (0)   :  0.006 0.008 0.024 0.052 0.215 0.103 0.098 0.194 0.195 0.105 
147    (0)   :  0.004 0.006 0.023 0.038 0.335 0.062 0.076 0.102 0.275 0.078 
148    (0)   :  0.005 0.006 0.113 0.067 0.180 0.084 0.124 0.100 0.161 0.160 
149    (0)   :  0.004 0.008 0.210 0.048 0.102 0.063 0.073 0.138 0.189 0.164 
150    (0)   :  0.005 0.006 0.028 0.090 0.231 0.101 0.095 0.122 0.212 0.111 
151    (0)   :  0.004 0.006 0.011 0.043 0.318 0.078 0.078 0.109 0.242 0.110 
152    (0)   :  0.005 0.011 0.034 0.064 0.247 0.075 0.150 0.086 0.157 0.171 
153    (0)   :  0.004 0.008 0.024 0.039 0.341 0.077 0.077 0.163 0.150 0.119 
154    (0)   :  0.005 0.007 0.271 0.057 0.094 0.063 0.110 0.098 0.141 0.155 
155    (0)   :  0.004 0.006 0.012 0.036 0.482 0.082 0.078 0.089 0.116 0.096 
156    (0)   :  0.004 0.006 0.011 0.050 0.311 0.076 0.069 0.093 0.201 0.179 
157    (0)   :  0.004 0.006 0.026 0.035 0.321 0.135 0.094 0.110 0.187 0.081 
158    (0)   :  0.005 0.008 0.024 0.072 0.215 0.067 0.119 0.162 0.214 0.113 
159    (0)   :  0.005 0.007 0.140 0.045 0.198 0.064 0.075 0.093 0.288 0.086 
160    (0)   :  0.005 0.007 0.138 0.051 0.280 0.064 0.075 0.097 0.188 0.096 
161    (0)   :  0.004 0.007 0.022 0.041 0.127 0.078 0.084 0.178 0.353 0.104 
162    (0)   :  0.006 0.007 0.022 0.055 0.257 0.106 0.107 0.182 0.128 0.130 
163    (0)   :  0.004 0.006 0.011 0.036 0.443 0.076 0.071 0.097 0.141 0.115 
164    (0)   :  0.006 0.007 0.188 0.046 0.144 0.099 0.089 0.144 0.143 0.135 
165    (0)   :  0.005 0.007 0.012 0.088 0.279 0.096 0.080 0.116 0.214 0.103 
166    (0)   :  0.004 0.012 0.183 0.033 0.135 0.122 0.105 0.093 0.168 0.143 
167    (0)   :  0.006 0.007 0.326 0.045 0.133 0.081 0.117 0.097 0.102 0.085 
168    (0)   :  0.004 0.018 0.014 0.038 0.348 0.073 0.098 0.138 0.150 0.118 
169    (0)   :  0.006 0.019 0.020 0.075 0.169 0.065 0.114 0.261 0.172 0.100 
170    (0)   :  0.004 0.006 0.012 0.038 0.110 0.077 0.075 0.104 0.434 0.140 
171    (0)   :  0.004 0.012 0.021 0.044 0.274 0.076 0.141 0.117 0.159 0.150 
172    (0)   :  0.005 0.019 0.069 0.052 0.117 0.061 0.071 0.231 0.217 0.158 
173    (0)   :  0.004 0.006 0.022 0.047 0.428 0.065 0.080 0.091 0.145 0.113 
174    (0)   :  0.004 0.006 0.024 0.041 0.388 0.079 0.086 0.123 0.161 0.087 
175    (0)   :  0.005 0.006 0.012 0.043 0.244 0.065 0.114 0.088 0.333 0.090 
176    (0)   :  0.004 0.007 0.013 0.071 0.262 0.076 0.072 0.097 0.310 0.089 
177    (0)   :  0.004 0.008 0.023 0.040 0.294 0.135 0.096 0.174 0.133 0.092 
178    (0)   :  0.005 0.006 0.027 0.045 0.364 0.083 0.139 0.116 0.123 0.093 
179    (0)   :  0.004 0.006 0.078 0.034 0.398 0.066 0.080 0.093 0.150 0.092 
180    (0)   :  0.006 0.009 0.084 0.052 0.157 0.083 0.090 0.171 0.238 0.111 
181    (0)   :  0.005 0.007 0.022 0.058 0.221 0.068 0.082 0.138 0.241 0.158 
182    (0)   :  0.005 0.006 0.014 0.052 0.280 0.064 0.071 0.090 0.251 0.167 
183    (0)   :  0.004 0.006 0.023 0.039 0.340 0.066 0.082 0.097 0.241 0.104 
184    (0)   :  0.005 0.009 0.010 0.067 0.080 0.100 0.224 0.085 0.123 0.298 
185    (0)   :  0.004 0.007 0.011 0.048 0.366 0.056 0.063 0.078 0.190 0.177 
186    (0)   :  0.005 0.006 0.010 0.048 0.074 0.165 0.184 0.117 0.124 0.268 
187    (0)   :  0.004 0.006 0.013 0.047 0.231 0.102 0.127 0.088 0.141 0.240 
188    (0)   :  0.005 0.005 0.010 0.051 0.061 0.131 0.180 0.094 0.093 0.370 
189    (0)   :  0.004 0.016 0.012 0.037 0.138 0.084 0.167 0.151 0.210 0.180 
190    (0)   :  0.004 0.005 0.010 0.050 0.148 0.060 0.062 0.068 0.166 0.427 
191    (0)   :  0.004 0.006 0.012 0.088 0.112 0.100 0.139 0.102 0.130 0.308 
192    (0)   :  0.004 0.006 0.011 0.055 0.137 0.126 0.155 0.103 0.235 0.166 
193    (0)   :  0.004 0.006 0.011 0.079 0.119 0.094 0.146 0.124 0.210 0.208 
194    (0)   :  0.004 0.007 0.012 0.044 0.097 0.107 0.115 0.112 0.274 0.228 
195    (0)   :  0.004 0.005 0.011 0.037 0.219 0.062 0.071 0.083 0.179 0.328 
196    (0)   :  0.004 0.008 0.010 0.056 0.143 0.081 0.086 0.076 0.155 0.382 
197    (0)   :  0.005 0.006 0.011 0.059 0.192 0.126 0.190 0.107 0.103 0.200 
198    (0)   :  0.004 0.007 0.012 0.049 0.105 0.115 0.161 0.192 0.171 0.185 
199    (0)   :  0.004 0.010 0.010 0.062 0.088 0.085 0.081 0.093 0.231 0.338 
200    (0)   :  0.004 0.009 0.010 0.069 0.136 0.078 0.122 0.083 0.136 0.353 
201    (0)   :  0.004 0.005 0.011 0.043 0.334 0.072 0.092 0.080 0.142 0.216 
202    (0)   :  0.004 0.005 0.010 0.049 0.175 0.079 0.070 0.083 0.312 0.213 
203    (0)   :  0.004 0.006 0.011 0.057 0.325 0.071 0.085 0.068 0.145 0.227 
204    (0)   :  0.004 0.005 0.011 0.047 0.123 0.071 0.074 0.077 0.169 0.419 
205    (0)   :  0.004 0.009 0.011 0.052 0.103 0.092 0.103 0.099 0.145 0.380 
206    (0)   :  0.004 0.005 0.012 0.044 0.147 0.069 0.088 0.082 0.145 0.404 
207    (0)   :  0.004 0.005 0.009 0.080 0.078 0.099 0.089 0.077 0.158 0.401 
208    (0)   :  0.004 0.005 0.011 0.054 0.242 0.079 0.087 0.082 0.112 0.323 
209    (0)   :  0.004 0.006 0.011 0.086 0.109 0.102 0.138 0.104 0.177 0.263 
210    (0)   :  0.004 0.005 0.011 0.049 0.158 0.084 0.096 0.087 0.144 0.362 
211    (0)   :  0.005 0.005 0.008 0.141 0.121 0.101 0.083 0.068 0.193 0.274 
212    (0)   :  0.004 0.005 0.011 0.046 0.224 0.064 0.102 0.108 0.255 0.180 
213    (0)   :  0.004 0.007 0.010 0.049 0.086 0.127 0.079 0.152 0.192 0.295 
214    (0)   :  0.004 0.005 0.010 0.060 0.217 0.070 0.091 0.075 0.267 0.201 
215    (0)   :  0.004 0.009 0.010 0.073 0.097 0.101 0.111 0.081 0.110 0.403 
216    (0)   :  0.005 0.008 0.010 0.063 0.088 0.095 0.225 0.101 0.149 0.257 
217    (0)   :  0.004 0.008 0.011 0.045 0.220 0.070 0.094 0.081 0.218 0.250 
218    (0)   :  0.004 0.009 0.011 0.059 0.126 0.117 0.105 0.106 0.165 0.297 
219    (0)   :  0.006 0.012 0.012 0.040 0.195 0.084 0.193 0.107 0.163 0.186 
220    (0)   :  0.004 0.006 0.011 0.058 0.106 0.090 0.092 0.080 0.128 0.425 
221    (0)   :  0.004 0.005 0.010 0.043 0.115 0.061 0.068 0.076 0.459 0.159 
222    (0)   :  0.005 0.007 0.011 0.045 0.113 0.097 0.238 0.112 0.178 0.194 
223    (0)   :  0.004 0.008 0.013 0.044 0.247 0.093 0.134 0.101 0.165 0.191 
224    (0)   :  0.004 0.005 0.013 0.047 0.200 0.071 0.092 0.080 0.207 0.279 
225    (0)   :  0.004 0.007 0.011 0.052 0.119 0.083 0.098 0.093 0.182 0.351 
226    (0)   :  0.005 0.066 0.013 0.065 0.119 0.093 0.151 0.105 0.166 0.217 
227    (0)   :  0.004 0.006 0.013 0.047 0.165 0.093 0.072 0.080 0.185 0.336 
228    (0)   :  0.004 0.006 0.012 0.047 0.204 0.057 0.065 0.079 0.168 0.359 
229    (0)   :  0.004 0.006 0.011 0.050 0.192 0.090 0.106 0.082 0.244 0.214 
230    (0)   :  0.004 0.006 0.011 0.066 0.158 0.086 0.098 0.077 0.224 0.270 
231    (0)   :  0.004 0.006 0.012 0.062 0.245 0.075 0.138 0.100 0.153 0.205 
232    (0)   :  0.004 0.008 0.010 0.050 0.102 0.102 0.077 0.174 0.281 0.192 
233    (0)   :  0.004 0.005 0.010 0.057 0.354 0.071 0.094 0.075 0.169 0.162 
234    (0)   :  0.004 0.006 0.011 0.066 0.179 0.099 0.195 0.123 0.146 0.172 
235    (0)   :  0.004 0.010 0.011 0.044 0.140 0.091 0.111 0.107 0.241 0.239 
236    (0)   :  0.004 0.006 0.010 0.068 0.225 0.081 0.125 0.088 0.203 0.190 
237    (0)   :  0.004 0.005 0.010 0.092 0.111 0.081 0.098 0.097 0.127 0.375 
238    (0)   :  0.004 0.005 0.010 0.050 0.196 0.087 0.102 0.089 0.271 0.187 
239    (0)   :  0.004 0.005 0.011 0.037 0.216 0.062 0.071 0.083 0.181 0.329 
240    (0)   :  0.004 0.005 0.010 0.050 0.197 0.087 0.103 0.088 0.271 0.184 
241    (0)   :  0.004 0.006 0.012 0.045 0.156 0.071 0.079 0.097 0.329 0.200 
242    (0)   :  0.005 0.010 0.013 0.039 0.139 0.086 0.126 0.112 0.173 0.297 
243    (0)   :  0.004 0.005 0.010 0.065 0.151 0.067 0.075 0.066 0.153 0.404 
244    (0)   :  0.004 0.005 0.010 0.062 0.227 0.071 0.091 0.075 0.197 0.257 
245    (0)   :  0.004 0.005 0.011 0.037 0.318 0.075 0.078 0.096 0.206 0.169 
246    (0)   :  0.004 0.009 0.011 0.045 0.221 0.069 0.095 0.081 0.218 0.248 
247    (0)   :  0.004 0.008 0.009 0.048 0.069 0.192 0.141 0.127 0.113 0.289 
248    (0)   :  0.004 0.006 0.009 0.085 0.083 0.109 0.107 0.092 0.096 0.409 
249    (0)   :  0.004 0.005 0.010 0.064 0.143 0.086 0.099 0.077 0.303 0.210 
250    (0)   :  0.004 0.007 0.011 0.070 0.151 0.100 0.137 0.089 0.235 0.197 
251    (0)   :  0.004 0.015 0.011 0.077 0.110 0.098 0.182 0.108 0.133 0.262 
252    (0)   :  0.004 0.006 0.012 0.041 0.149 0.087 0.104 0.105 0.218 0.274 
253    (0)   :  0.004 0.012 0.010 0.056 0.079 0.126 0.119 0.130 0.169 0.295 
254    (0)   :  0.005 0.006 0.011 0.048 0.151 0.087 0.208 0.094 0.142 0.248 
255    (0)   :  0.004 0.006 0.012 0.061 0.135 0.106 0.151 0.119 0.203 0.203 
256    (0)   :  0.004 0.006 0.011 0.057 0.131 0.077 0.097 0.088 0.266 0.263 
257    (0)   :  0.006 0.007 0.017 0.064 0.117 0.099 0.106 0.101 0.192 0.291 
258    (0)   :  0.004 0.006 0.011 0.066 0.124 0.101 0.128 0.126 0.115 0.319 
259    (0)   :  0.004 0.006 0.012 0.069 0.105 0.096 0.129 0.088 0.212 0.277 
260    (0)   :  0.005 0.006 0.010 0.048 0.201 0.086 0.219 0.091 0.191 0.143 
261    (0)   :  0.004 0.006 0.011 0.040 0.211 0.072 0.096 0.101 0.192 0.268 
262    (0)   :  0.004 0.008 0.010 0.045 0.168 0.060 0.071 0.077 0.218 0.339 
263    (0)   :  0.006 0.006 0.010 0.060 0.105 0.078 0.151 0.074 0.112 0.400 
264    (0)   :  0.006 0.007 0.009 0.061 0.059 0.101 0.313 0.117 0.096 0.231 
265    (0)   :  0.004 0.011 0.011 0.049 0.185 0.093 0.132 0.105 0.139 0.271 
266    (0)   :  0.004 0.005 0.010 0.044 0.206 0.061 0.069 0.078 0.310 0.213 
267    (0)   :  0.004 0.006 0.010 0.089 0.164 0.096 0.128 0.102 0.192 0.210 
268    (0)   :  0.004 0.007 0.010 0.056 0.143 0.081 0.086 0.076 0.155 0.381 
269    (0)   :  0.004 0.012 0.012 0.047 0.194 0.087 0.199 0.114 0.139 0.193 
270    (0)   :  0.006 0.006 0.020 0.063 0.097 0.111 0.180 0.117 0.129 0.270 
271    (0)   :  0.004 0.008 0.011 0.072 0.106 0.103 0.115 0.099 0.132 0.351 
272    (0)   :  0.005 0.063 0.012 0.080 0.110 0.094 0.128 0.091 0.136 0.280 
273    (0)   :  0.018 0.015 0.042 0.073 0.136 0.123 0.124 0.139 0.177 0.152 
274    (0)   :  0.004 0.013 0.011 0.063 0.115 0.102 0.145 0.114 0.157 0.275 
275    (0)   :  0.007 0.020 0.041 0.076 0.138 0.084 0.157 0.102 0.141 0.235 
276    (0)   :  0.005 0.048 0.011 0.086 0.077 0.106 0.108 0.093 0.173 0.292 
277    (0)   :  0.004 0.008 0.012 0.047 0.163 0.091 0.143 0.114 0.221 0.198 
278    (0)   :  0.004 0.009 0.011 0.071 0.125 0.085 0.103 0.080 0.103 0.409 
279    (0)   :  0.004 0.007 0.011 0.063 0.135 0.089 0.135 0.103 0.200 0.253 
280    (0)   :  0.004 0.014 0.010 0.050 0.146 0.081 0.130 0.138 0.152 0.275 
281    (0)   :  0.004 0.007 0.011 0.057 0.115 0.127 0.104 0.136 0.161 0.279 
282    (0)   :  0.004 0.006 0.010 0.049 0.269 0.083 0.135 0.093 0.207 0.143 
283    (0)   :  0.004 0.005 0.012 0.045 0.268 0.090 0.099 0.074 0.243 0.159 
284    (0)   :  0.004 0.007 0.021 0.075 0.160 0.103 0.137 0.101 0.189 0.203 
285    (0)   :  0.004 0.008 0.009 0.071 0.058 0.101 0.103 0.109 0.086 0.451 
286    (0)   :  0.004 0.006 0.011 0.062 0.230 0.071 0.090 0.075 0.196 0.256 
287    (0)   :  0.004 0.012 0.012 0.043 0.143 0.128 0.119 0.152 0.178 0.210 
288    (0)   :  0.005 0.047 0.013 0.068 0.110 0.102 0.143 0.090 0.143 0.278 
289    (0)   :  0.006 0.019 0.017 0.068 0.096 0.124 0.150 0.090 0.126 0.303 
290    (0)   :  0.006 0.007 0.009 0.080 0.081 0.082 0.147 0.109 0.200 0.280 
291    (0)   :  0.004 0.008 0.011 0.073 0.105 0.103 0.116 0.099 0.132 0.350 
292    (0)   :  0.004 0.013 0.010 0.041 0.142 0.071 0.099 0.144 0.170 0.306 
293    (0)   :  0.005 0.007 0.008 0.079 0.085 0.084 0.189 0.149 0.120 0.275 
294    (0)   :  0.006 0.007 0.010 0.050 0.078 0.082 0.140 0.079 0.126 0.423 
295    (0)   :  0.005 0.025 0.038 0.078 0.078 0.106 0.118 0.116 0.146 0.289 
296    (0)   :  0.004 0.008 0.011 0.067 0.115 0.115 0.089 0.090 0.132 0.368 
297    (0)   :  0.004 0.013 0.011 0.051 0.102 0.097 0.146 0.141 0.163 0.271 
298    (0)   :  0.004 0.007 0.011 0.052 0.178 0.105 0.147 0.096 0.252 0.148 
299    (0)   :  0.006 0.005 0.011 0.048 0.110 0.095 0.176 0.086 0.145 0.318 
300    (0)   :  0.004 0.007 0.009 0.060 0.076 0.080 0.091 0.102 0.123 0.448 
301    (0)   :  0.005 0.010 0.019 0.068 0.098 0.085 0.241 0.095 0.127 0.251 
302    (0)   :  0.006 0.008 0.020 0.057 0.087 0.073 0.133 0.076 0.105 0.435 
303    (0)   :  0.004 0.007 0.010 0.050 0.192 0.074 0.095 0.113 0.211 0.245 
304    (0)   :  0.005 0.006 0.020 0.058 0.243 0.112 0.188 0.115 0.154 0.099 
305    (0)   :  0.004 0.008 0.024 0.049 0.154 0.064 0.081 0.087 0.171 0.358 
306    (0)   :  0.004 0.011 0.011 0.044 0.161 0.077 0.109 0.094 0.291 0.198 
307    (0)   :  0.005 0.008 0.012 0.066 0.113 0.089 0.138 0.102 0.255 0.214 
308    (0)   :  0.004 0.007 0.011 0.040 0.210 0.072 0.096 0.101 0.193 0.268 
309    (0)   :  0.015 0.014 0.031 0.081 0.110 0.117 0.110 0.084 0.117 0.321 
310    (0)   :  0.004 0.005 0.010 0.056 0.170 0.068 0.085 0.074 0.195 0.332 
311    (0)   :  0.004 0.006 0.011 0.066 0.157 0.086 0.099 0.076 0.224 0.270 
312    (0)   :  0.004 0.006 0.011 0.055 0.107 0.097 0.089 0.076 0.128 0.428 
313    (0)   :  0.004 0.006 0.010 0.055 0.068 0.080 0.086 0.078 0.106 0.507 
314    (0)   :  0.005 0.008 0.119 0.037 0.244 0.061 0.070 0.095 0.232 0.129 
315    (0)   :  0.004 0.012 0.108 0.035 0.284 0.068 0.096 0.097 0.181 0.115 
316    (0)   :  0.006 0.015 0.200 0.035 0.249 0.072 0.102 0.103 0.134 0.084 
317    (0)   :  0.005 0.008 0.126 0.038 0.287 0.064 0.073 0.097 0.211 0.092 
318    (0)   :  0.004 0.007 0.227 0.034 0.278 0.063 0.076 0.101 0.139 0.071 
319    (0)   :  0.004 0.006 0.011 0.037 0.388 0.062 0.069 0.091 0.238 0.093 
320    (0)   :  0.004 0.008 0.119 0.037 0.242 0.061 0.071 0.095 0.234 0.129 
321    (0)   :  0.004 0.007 0.227 0.036 0.180 0.064 0.075 0.102 0.226 0.079 
322    (0)   :  0.006 0.018 0.092 0.040 0.250 0.073 0.098 0.098 0.208 0.117 
323    (0)   :  0.011 0.007 0.083 0.035 0.375 0.064 0.079 0.095 0.173 0.078 
324    (0)   :  0.004 0.008 0.226 0.037 0.181 0.063 0.075 0.102 0.225 0.080 
325    (0)   :  0.004 0.013 0.277 0.034 0.207 0.070 0.094 0.097 0.126 0.078 
326    (0)   :  0.005 0.014 0.385 0.033 0.103 0.069 0.088 0.094 0.133 0.076 
327    (0)   :  0.005 0.008 0.128 0.038 0.283 0.063 0.073 0.096 0.214 0.092 
328    (0)   :  0.004 0.012 0.120 0.037 0.201 0.071 0.099 0.099 0.252 0.105 
329    (0)   :  0.004 0.006 0.024 0.034 0.401 0.063 0.075 0.099 0.224 0.070 
330    (0)   :  0.005 0.008 0.127 0.037 0.286 0.063 0.073 0.097 0.211 0.092 
331    (0)   :  0.004 0.006 0.078 0.035 0.399 0.063 0.075 0.100 0.163 0.076 
332    (0)   :  0.007 0.012 0.379 0.034 0.103 0.069 0.092 0.094 0.134 0.078 
333    (0)   :  0.006 0.014 0.285 0.035 0.140 0.070 0.091 0.094 0.176 0.091 
334    (0)   :  0.004 0.012 0.120 0.037 0.198 0.070 0.100 0.099 0.256 0.104 
335    (0)   :  0.004 0.013 0.050 0.036 0.287 0.071 0.094 0.090 0.247 0.108 
336    (0)   :  0.007 0.007 0.329 0.033 0.121 0.062 0.074 0.098 0.173 0.096 
337    (0)   :  0.004 0.013 0.264 0.037 0.131 0.069 0.094 0.098 0.200 0.091 
338    (0)   :  0.004 0.007 0.356 0.033 0.140 0.063 0.075 0.100 0.152 0.070 
339    (0)   :  0.004 0.006 0.080 0.034 0.398 0.063 0.075 0.100 0.162 0.077 
340    (0)   :  0.004 0.006 0.031 0.033 0.470 0.062 0.070 0.091 0.151 0.080 
341    (0)   :  0.008 0.009 0.151 0.038 0.288 0.064 0.074 0.096 0.194 0.078 
342    (0)   :  0.005 0.008 0.129 0.038 0.282 0.063 0.073 0.096 0.213 0.092 
343    (0)   :  0.009 0.014 0.100 0.037 0.157 0.068 0.098 0.091 0.299 0.126 
344    (0)   :  0.004 0.006 0.079 0.033 0.400 0.063 0.075 0.099 0.170 0.070 
345    (0)   :  0.005 0.008 0.128 0.037 0.283 0.063 0.073 0.096 0.214 0.091 
346    (0)   :  0.005 0.008 0.124 0.035 0.386 0.063 0.074 0.094 0.134 0.077 
347    (0)   :  0.004 0.006 0.032 0.033 0.470 0.062 0.070 0.090 0.157 0.075 
348    (0)   :  0.004 0.013 0.045 0.036 0.239 0.067 0.090 0.088 0.266 0.152 
349    (0)   :  0.004 0.008 0.126 0.038 0.283 0.063 0.074 0.096 0.217 0.092 
350    (0)   :  0.004 0.006 0.022 0.036 0.410 0.061 0.074 0.100 0.180 0.108 
351    (0)   :  0.004 0.013 0.050 0.036 0.285 0.070 0.095 0.091 0.249 0.108 
352    (0)   :  0.004 0.016 0.159 0.038 0.216 0.070 0.093 0.095 0.197 0.112 
353    (0)   :  0.007 0.007 0.327 0.033 0.122 0.061 0.074 0.098 0.173 0.096 
354    (0)   :  0.006 0.008 0.075 0.036 0.375 0.065 0.077 0.103 0.182 0.072 
355    (0)   :  0.004 0.007 0.227 0.034 0.280 0.064 0.076 0.100 0.138 0.070 
356    (0)   :  0.004 0.012 0.012 0.035 0.193 0.067 0.088 0.085 0.356 0.148 
357    (0)   :  0.004 0.013 0.016 0.041 0.294 0.081 0.199 0.136 0.126 0.092 
358    (0)   :  0.004 0.011 0.289 0.034 0.145 0.068 0.091 0.095 0.184 0.078 
359    (0)   :  0.004 0.006 0.249 0.034 0.194 0.063 0.074 0.100 0.195 0.079 
360    (0)   :  0.005 0.008 0.123 0.035 0.388 0.063 0.073 0.095 0.132 0.078 
361    (0)   :  0.004 0.013 0.014 0.044 0.190 0.080 0.194 0.140 0.205 0.115 
362    (0)   :  0.005 0.016 0.026 0.041 0.084 0.156 0.156 0.189 0.107 0.219 
363    (0)   :  0.006 0.010 0.013 0.050 0.065 0.218 0.209 0.193 0.097 0.138 
364    (0)   :  0.012 0.009 0.017 0.073 0.141 0.108 0.196 0.127 0.207 0.112 
365    (0)   :  0.012 0.015 0.014 0.093 0.070 0.110 0.177 0.294 0.106 0.109 
366    (0)   :  0.005 0.016 0.013 0.061 0.101 0.081 0.221 0.137 0.142 0.224 
367    (0)   :  0.004 0.010 0.009 0.044 0.055 0.403 0.126 0.182 0.080 0.086 
368    (0)   :  0.004 0.007 0.012 0.076 0.076 0.206 0.158 0.190 0.127 0.144 
369    (0)   :  0.006 0.009 0.039 0.051 0.068 0.088 0.201 0.117 0.269 0.153 
370    (0)   :  0.010 0.012 0.033 0.101 0.075 0.194 0.167 0.130 0.130 0.149 
371    (0)   :  0.008 0.008 0.033 0.069 0.083 0.098 0.285 0.122 0.144 0.149 
372    (0)   :  0.030 0.015 0.030 0.093 0.099 0.179 0.099 0.133 0.143 0.180 
373    (0)   :  0.005 0.006 0.011 0.060 0.087 0.268 0.117 0.163 0.173 0.110 
374    (0)   :  0.006 0.014 0.015 0.099 0.102 0.111 0.164 0.140 0.244 0.105 
375    (0)   :  0.012 0.010 0.014 0.066 0.062 0.185 0.275 0.184 0.095 0.096 
376    (0)   :  0.087 0.011 0.012 0.041 0.059 0.141 0.230 0.245 0.093 0.081 
377    (0)   :  0.005 0.011 0.029 0.074 0.087 0.118 0.162 0.226 0.098 0.189 
378    (0)   :  0.005 0.007 0.032 0.054 0.137 0.288 0.083 0.142 0.135 0.117 
379    (0)   :  0.149 0.016 0.012 0.044 0.054 0.156 0.216 0.170 0.085 0.097 
380    (0)   :  0.009 0.026 0.017 0.045 0.093 0.078 0.121 0.314 0.183 0.116 
381    (0)   :  0.008 0.010 0.012 0.043 0.078 0.070 0.215 0.233 0.201 0.129 
382    (0)   :  0.004 0.007 0.018 0.049 0.068 0.149 0.400 0.129 0.088 0.088 
383    (0)   :  0.010 0.033 0.164 0.055 0.080 0.077 0.157 0.232 0.096 0.096 
384    (0)   :  0.036 0.016 0.061 0.059 0.103 0.126 0.215 0.184 0.117 0.084 
385    (0)   :  0.005 0.006 0.133 0.236 0.090 0.084 0.129 0.129 0.107 0.081 
386    (0)   :  0.004 0.008 0.010 0.046 0.063 0.213 0.212 0.237 0.097 0.109 
387    (0)   :  0.004 0.008 0.010 0.061 0.095 0.182 0.219 0.230 0.084 0.107 
388    (0)   :  0.011 0.011 0.021 0.105 0.132 0.109 0.157 0.199 0.167 0.087 
389    (0)   :  0.008 0.009 0.026 0.233 0.066 0.108 0.130 0.093 0.100 0.227 
390    (0)   :  0.016 0.028 0.020 0.052 0.058 0.224 0.125 0.240 0.104 0.133 
391    (0)   :  0.009 0.019 0.016 0.194 0.074 0.150 0.125 0.116 0.160 0.137 
392    (0)   :  0.006 0.008 0.011 0.037 0.123 0.156 0.131 0.293 0.110 0.125 
393    (0)   :  0.006 0.021 0.013 0.038 0.080 0.079 0.100 0.441 0.119 0.104 
394    (0)   :  0.004 0.013 0.040 0.038 0.141 0.197 0.119 0.185 0.153 0.111 
395    (0)   :  0.004 0.019 0.009 0.047 0.081 0.153 0.126 0.211 0.093 0.258 
396    (0)   :  0.005 0.006 0.008 0.059 0.053 0.227 0.241 0.213 0.084 0.105 
397    (0)   :  0.049 0.007 0.012 0.043 0.114 0.088 0.208 0.105 0.183 0.191 
398    (0)   :  0.031 0.019 0.010 0.034 0.057 0.245 0.104 0.322 0.086 0.092 
399    (0)   :  0.004 0.022 0.020 0.071 0.062 0.371 0.112 0.108 0.104 0.126 
400    (0)   :  0.005 0.007 0.010 0.047 0.068 0.230 0.202 0.194 0.146 0.091 
401    (0)   :  0.004 0.007 0.009 0.046 0.090 0.297 0.083 0.184 0.119 0.159 
402    (0)   :  0.005 0.007 0.012 0.067 0.086 0.185 0.122 0.224 0.124 0.169 
403    (0)   :  0.005 0.010 0.012 0.088 0.247 0.095 0.105 0.174 0.145 0.119 
404    (0)   :  0.006 0.008 0.009 0.106 0.077 0.117 0.208 0.179 0.169 0.122 
405    (0)   :  0.004 0.014 0.011 0.050 0.083 0.119 0.200 0.214 0.145 0.159 
406    (0)   :  0.004 0.156 0.009 0.041 0.081 0.084 0.133 0.124 0.201 0.167 
407    (0)   :  0.004 0.013 0.008 0.047 0.052 0.119 0.175 0.406 0.085 0.092 
408    (0)   :  0.004 0.006 0.008 0.045 0.050 0.341 0.083 0.127 0.082 0.253 
409    (0)   :  0.008 0.024 0.013 0.040 0.072 0.086 0.081 0.245 0.330 0.100 
410    (0)   :  0.060 0.014 0.015 0.050 0.097 0.183 0.110 0.242 0.111 0.117 
411    (0)   :  0.010 0.008 0.049 0.037 0.088 0.128 0.246 0.188 0.109 0.138 
412    (0)   :  0.004 0.006 0.012 0.062 0.075 0.224 0.173 0.198 0.118 0.128 
413    (0)   :  0.004 0.006 0.029 0.043 0.133 0.222 0.137 0.188 0.125 0.113 
414    (0)   :  0.004 0.006 0.018 0.112 0.061 0.242 0.236 0.119 0.071 0.132 
415    (0)   :  0.004 0.014 0.010 0.045 0.058 0.161 0.226 0.191 0.130 0.161 
416    (0)   :  0.005 0.007 0.010 0.087 0.071 0.177 0.100 0.252 0.161 0.131 
417    (0)   :  0.005 0.042 0.015 0.043 0.059 0.182 0.164 0.271 0.116 0.104 
418    (0)   :  0.005 0.007 0.010 0.049 0.060 0.319 0.176 0.186 0.095 0.094 
419    (0)   :  0.008 0.012 0.014 0.066 0.128 0.127 0.112 0.248 0.166 0.120 
420    (0)   :  0.004 0.007 0.008 0.042 0.054 0.299 0.087 0.177 0.119 0.203 
421    (0)   :  0.005 0.017 0.013 0.047 0.059 0.216 0.102 0.296 0.120 0.124 
422    (0)   :  0.005 0.015 0.010 0.046 0.067 0.103 0.084 0.314 0.110 0.248 
423    (0)   :  0.005 0.014 0.009 0.051 0.106 0.155 0.286 0.126 0.103 0.145 
424    (0)   :  0.006 0.021 0.015 0.085 0.092 0.212 0.150 0.142 0.127 0.150 
425    (0)   :  0.014 0.010 0.014 0.119 0.114 0.112 0.216 0.178 0.112 0.110 
426    (0)   :  0.021 0.025 0.044 0.075 0.086 0.214 0.161 0.135 0.134 0.105 
427    (0)   :  0.004 0.017 0.022 0.034 0.130 0.206 0.119 0.310 0.080 0.079 
428    (0)   :  0.014 0.046 0.013 0.042 0.121 0.095 0.099 0.266 0.153 0.152 
429    (0)   :  0.005 0.009 0.009 0.037 0.054 0.268 0.234 0.213 0.082 0.089 
430    (0)   :  0.004 0.025 0.011 0.041 0.057 0.117 0.137 0.411 0.091 0.105 
431    (0)   :  0.008 0.016 0.028 0.088 0.105 0.198 0.193 0.106 0.118 0.140 
432    (0)   :  0.004 0.007 0.012 0.060 0.079 0.211 0.129 0.230 0.131 0.137 
433    (0)   :  0.006 0.007 0.014 0.055 0.152 0.119 0.127 0.120 0.224 0.176 
434    (0)   :  0.004 0.007 0.012 0.059 0.086 0.102 0.201 0.198 0.180 0.149 
435    (0)   :  0.004 0.034 0.011 0.036 0.057 0.187 0.145 0.343 0.085 0.099 
436    (0)   :  0.006 0.115 0.011 0.035 0.064 0.201 0.177 0.166 0.140 0.085 
437    (0)   :  0.005 0.011 0.011 0.040 0.061 0.107 0.415 0.157 0.093 0.100 
438    (0)   :  0.005 0.072 0.013 0.039 0.065 0.173 0.100 0.231 0.165 0.138 
439    (0)   :  0.004 0.045 0.011 0.037 0.059 0.127 0.123 0.420 0.100 0.075 
440    (0)   :  0.004 0.088 0.009 0.047 0.050 0.213 0.248 0.176 0.076 0.091 
441    (0)   :  0.004 0.017 0.015 0.040 0.078 0.098 0.137 0.386 0.134 0.090 
442    (0)   :  0.005 0.008 0.008 0.096 0.053 0.171 0.211 0.222 0.107 0.119 
443    (0)   :  0.004 0.018 0.010 0.055 0.052 0.300 0.111 0.171 0.091 0.188 
444    (0)   :  0.005 0.013 0.009 0.087 0.053 0.156 0.262 0.182 0.106 0.127 
445    (0)   :  0.029 0.015 0.010 0.037 0.071 0.080 0.092 0.379 0.177 0.110 
446    (0)   :  0.036 0.026 0.012 0.037 0.058 0.258 0.095 0.314 0.096 0.068 
447    (0)   :  0.005 0.088 0.011 0.102 0.077 0.107 0.147 0.201 0.162 0.100 
448    (0)   :  0.004 0.017 0.011 0.050 0.060 0.142 0.189 0.317 0.099 0.110 
449    (0)   :  0.004 0.018 0.011 0.052 0.077 0.120 0.192 0.278 0.137 0.110 
450    (0)   :  0.006 0.008 0.011 0.051 0.081 0.110 0.213 0.336 0.119 0.065 
451    (0)   :  0.004 0.010 0.009 0.061 0.050 0.362 0.184 0.120 0.074 0.125 
452    (0)   :  0.004 0.009 0.010 0.041 0.079 0.171 0.141 0.347 0.120 0.077 
453    (0)   :  0.004 0.011 0.011 0.067 0.059 0.140 0.100 0.195 0.157 0.255 
454    (0)   :  0.004 0.017 0.028 0.039 0.085 0.150 0.217 0.231 0.117 0.112 
455    (0)   :  0.004 0.067 0.012 0.043 0.053 0.172 0.152 0.295 0.100 0.103 
456    (0)   :  0.005 0.021 0.009 0.049 0.053 0.159 0.186 0.225 0.095 0.198 
457    (0)   :  0.005 0.019 0.011 0.040 0.061 0.101 0.263 0.303 0.104 0.094 
458    (0)   :  0.031 0.013 0.010 0.037 0.060 0.129 0.099 0.443 0.098 0.080 
459    (0)   :  0.004 0.022 0.012 0.042 0.075 0.181 0.134 0.300 0.156 0.074 
460    (0)   :  0.004 0.019 0.011 0.040 0.056 0.276 0.135 0.288 0.088 0.083 
461    (0)   :  0.005 0.008 0.010 0.042 0.058 0.321 0.163 0.241 0.088 0.065 
462    (0)   :  0.006 0.016 0.011 0.134 0.048 0.108 0.201 0.263 0.070 0.143 
463    (0)   :  0.004 0.100 0.012 0.039 0.063 0.086 0.140 0.201 0.118 0.237 
464    (0)   :  0.004 0.020 0.009 0.039 0.052 0.299 0.124 0.229 0.096 0.128 
465    (0)   :  0.005 0.010 0.010 0.047 0.058 0.205 0.118 0.312 0.105 0.130 
466    (0)   :  0.004 0.021 0.009 0.041 0.053 0.214 0.127 0.222 0.102 0.206 
467    (0)   :  0.004 0.016 0.013 0.045 0.068 0.113 0.148 0.347 0.111 0.133 
468    (0)   :  0.004 0.094 0.009 0.039 0.052 0.092 0.263 0.218 0.095 0.133 
469    (0)   :  0.004 0.171 0.011 0.037 0.056 0.089 0.120 0.356 0.087 0.069 
470    (0)   :  0.004 0.060 0.010 0.034 0.056 0.240 0.126 0.296 0.088 0.086 
471    (0)   :  0.005 0.010 0.009 0.081 0.059 0.187 0.129 0.209 0.101 0.211 
472    (0)   :  0.005 0.008 0.009 0.059 0.054 0.114 0.149 0.360 0.104 0.139 
473    (0)   :  0.004 0.018 0.013 0.044 0.077 0.113 0.204 0.253 0.129 0.145 
474    (0)   :  0.004 0.009 0.009 0.042 0.071 0.164 0.134 0.333 0.126 0.108 
475    (0)   :  0.004 0.011 0.010 0.043 0.078 0.213 0.110 0.254 0.161 0.114 
476    (0)   :  0.005 0.014 0.011 0.039 0.055 0.135 0.297 0.237 0.107 0.101 
477    (0)   :  0.005 0.014 0.012 0.072 0.066 0.233 0.158 0.195 0.143 0.102 
478    (0)   :  0.005 0.012 0.012 0.078 0.056 0.398 0.103 0.175 0.082 0.079 
479    (0)   :  0.004 0.018 0.010 0.043 0.056 0.191 0.249 0.261 0.087 0.081 
480    (0)   :  0.005 0.019 0.011 0.035 0.060 0.144 0.290 0.252 0.099 0.085 
481    (0)   :  0.004 0.009 0.008 0.108 0.059 0.134 0.170 0.255 0.097 0.155 
