

----------------------------------------------------
STRUCTURE by Pritchard, Stephens and Donnelly (2000)
     and Falush, Stephens and Pritchard (2003)
       Code by Pritchard, Falush and Hubisz
             Version 2.3.4 (Jul 2012)
----------------------------------------------------



Command line arguments:   ./structure -K 6 -D 106010 -m brooktrout/mainparams -e brooktrout/extraparams -o brooktrout/250914_output/results_K6_rep10 
Input File:    brooktrout/brooktrout.txt

Run parameters:
   8454 individuals
   5 loci
   6 populations assumed
   50000 Burn-in period
   100000 Reps
RANDOMIZE turned off


--------------------------------------------
Overall proportion of membership of the
sample in each of the 6 clusters

Inferred Clusters
  1      2      3      4      5      6    
0.039  0.062  0.111  0.265  0.270  0.254  

--------------------------------------------

Allele-freq. divergence among pops (Net nucleotide distance),
computed using point estimates of P.

      1       2       3       4       5       6      
 1      -    0.1266  0.1050  0.0757  0.0951  0.1238  
 2   0.1266     -    0.1037  0.1082  0.1234  0.1244  
 3   0.1050  0.1037     -    0.0827  0.1078  0.0886  
 4   0.0757  0.1082  0.0827     -    0.0424  0.1115  
 5   0.0951  0.1234  0.1078  0.0424     -    0.1142  
 6   0.1238  0.1244  0.0886  0.1115  0.1142     -    

Average distances (expected heterozygosity) between individuals in same cluster:
cluster  1  : 0.8225 
cluster  2  : 0.7803 
cluster  3  : 0.7564 
cluster  4  : 0.8100 
cluster  5  : 0.7832 
cluster  6  : 0.7414 

--------------------------------------------
Estimated Ln Prob of Data   = -208451.8
Mean value of ln likelihood = -171501.9
Variance of ln likelihood   = 73899.6

Mean value of alpha_1       = 0.0675
Mean value of alpha_2       = 0.1064
Mean value of alpha_3       = 0.2004
Mean value of alpha_4       = 0.4774
Mean value of alpha_5       = 0.4954
Mean value of alpha_6       = 0.4660
Allele frequencies uncorrelated


Inferred ancestry of individuals:
     (%Miss) :  Inferred clusters
  1    (0)   :  0.019 0.061 0.040 0.177 0.338 0.364 
  2    (0)   :  0.023 0.014 0.626 0.147 0.111 0.079 
  3    (0)   :  0.009 0.049 0.058 0.130 0.504 0.249 
  4    (0)   :  0.015 0.029 0.044 0.146 0.112 0.654 
  5    (0)   :  0.086 0.020 0.316 0.279 0.197 0.101 
  6    (0)   :  0.011 0.015 0.055 0.115 0.717 0.088 
  7    (0)   :  0.020 0.013 0.027 0.522 0.328 0.090 
  8    (0)   :  0.027 0.026 0.040 0.175 0.334 0.398 
  9    (0)   :  0.031 0.026 0.199 0.217 0.350 0.178 
 10    (0)   :  0.026 0.013 0.040 0.244 0.425 0.252 
 11    (0)   :  0.017 0.013 0.030 0.549 0.299 0.092 
 12    (0)   :  0.038 0.022 0.319 0.291 0.189 0.141 
 13    (0)   :  0.037 0.022 0.104 0.346 0.324 0.167 
 14    (0)   :  0.014 0.063 0.269 0.176 0.256 0.222 
 15    (0)   :  0.017 0.026 0.082 0.286 0.221 0.367 
 16    (0)   :  0.018 0.027 0.034 0.182 0.601 0.139 
 17    (0)   :  0.051 0.039 0.089 0.219 0.459 0.144 
 18    (0)   :  0.030 0.025 0.219 0.117 0.439 0.171 
 19    (0)   :  0.015 0.014 0.093 0.177 0.583 0.117 
 20    (0)   :  0.026 0.027 0.084 0.412 0.286 0.164 
 21    (0)   :  0.016 0.043 0.141 0.171 0.246 0.384 
 22    (0)   :  0.015 0.022 0.056 0.116 0.631 0.161 
 23    (0)   :  0.044 0.086 0.144 0.178 0.165 0.383 
 24    (0)   :  0.016 0.029 0.049 0.159 0.424 0.323 
 25    (0)   :  0.028 0.019 0.065 0.389 0.429 0.071 
 26    (0)   :  0.030 0.026 0.091 0.178 0.437 0.238 
 27    (0)   :  0.038 0.054 0.058 0.219 0.425 0.205 
 28    (0)   :  0.014 0.020 0.067 0.221 0.264 0.415 
 29    (0)   :  0.026 0.026 0.103 0.501 0.200 0.143 
 30    (0)   :  0.014 0.031 0.076 0.109 0.642 0.128 
 31    (0)   :  0.043 0.041 0.108 0.320 0.243 0.246 
 32    (0)   :  0.012 0.026 0.168 0.170 0.350 0.274 
 33    (0)   :  0.010 0.048 0.054 0.214 0.417 0.257 
 34    (0)   :  0.060 0.018 0.030 0.316 0.443 0.133 
 35    (0)   :  0.061 0.117 0.177 0.165 0.358 0.122 
 36    (0)   :  0.010 0.348 0.066 0.121 0.330 0.125 
 37    (0)   :  0.013 0.034 0.165 0.255 0.189 0.344 
 38    (0)   :  0.020 0.072 0.056 0.162 0.620 0.072 
 39    (0)   :  0.025 0.082 0.079 0.259 0.438 0.118 
 40    (0)   :  0.016 0.293 0.108 0.092 0.244 0.247 
 41    (0)   :  0.023 0.403 0.035 0.161 0.294 0.084 
 42    (0)   :  0.017 0.231 0.029 0.118 0.186 0.419 
 43    (0)   :  0.017 0.281 0.102 0.264 0.130 0.207 
 44    (0)   :  0.014 0.456 0.077 0.131 0.248 0.074 
 45    (0)   :  0.024 0.191 0.173 0.187 0.344 0.081 
 46    (0)   :  0.024 0.075 0.094 0.264 0.440 0.103 
 47    (0)   :  0.057 0.039 0.132 0.221 0.380 0.170 
 48    (0)   :  0.024 0.440 0.135 0.079 0.243 0.080 
 49    (0)   :  0.043 0.119 0.077 0.274 0.331 0.156 
 50    (0)   :  0.020 0.039 0.066 0.309 0.420 0.144 
 51    (0)   :  0.008 0.716 0.039 0.079 0.095 0.064 
 52    (0)   :  0.030 0.088 0.038 0.281 0.411 0.153 
 53    (0)   :  0.012 0.044 0.043 0.137 0.629 0.136 
 54    (0)   :  0.033 0.048 0.453 0.185 0.135 0.146 
 55    (0)   :  0.021 0.238 0.325 0.163 0.126 0.126 
 56    (0)   :  0.047 0.144 0.170 0.099 0.377 0.163 
 57    (0)   :  0.057 0.015 0.048 0.214 0.346 0.319 
 58    (0)   :  0.028 0.157 0.159 0.226 0.268 0.163 
 59    (0)   :  0.066 0.161 0.075 0.187 0.387 0.122 
 60    (0)   :  0.009 0.366 0.082 0.126 0.174 0.243 
 61    (0)   :  0.014 0.149 0.482 0.134 0.071 0.149 
 62    (0)   :  0.250 0.025 0.114 0.174 0.325 0.112 
 63    (0)   :  0.012 0.086 0.095 0.394 0.182 0.232 
 64    (0)   :  0.021 0.019 0.089 0.136 0.655 0.080 
 65    (0)   :  0.016 0.021 0.092 0.641 0.166 0.064 
 66    (0)   :  0.013 0.029 0.305 0.284 0.120 0.248 
 67    (0)   :  0.018 0.167 0.378 0.227 0.111 0.098 
 68    (0)   :  0.047 0.186 0.070 0.183 0.361 0.153 
 69    (0)   :  0.078 0.108 0.043 0.171 0.409 0.191 
 70    (0)   :  0.009 0.353 0.038 0.246 0.177 0.176 
 71    (0)   :  0.041 0.338 0.094 0.189 0.274 0.064 
 72    (0)   :  0.010 0.109 0.064 0.227 0.483 0.108 
 73    (0)   :  0.053 0.145 0.279 0.282 0.153 0.088 
 74    (0)   :  0.010 0.201 0.069 0.105 0.384 0.230 
 75    (0)   :  0.015 0.260 0.086 0.081 0.212 0.347 
 76    (0)   :  0.009 0.133 0.126 0.456 0.150 0.126 
 77    (0)   :  0.027 0.343 0.057 0.214 0.281 0.078 
 78    (0)   :  0.029 0.275 0.057 0.154 0.396 0.090 
 79    (0)   :  0.015 0.012 0.075 0.502 0.294 0.102 
 80    (0)   :  0.011 0.014 0.101 0.187 0.141 0.546 
 81    (0)   :  0.010 0.011 0.128 0.248 0.200 0.402 
 82    (0)   :  0.027 0.043 0.119 0.445 0.126 0.239 
 83    (0)   :  0.008 0.022 0.125 0.245 0.284 0.316 
 84    (0)   :  0.009 0.015 0.088 0.387 0.214 0.287 
 85    (0)   :  0.010 0.020 0.092 0.178 0.331 0.369 
 86    (0)   :  0.027 0.043 0.401 0.236 0.203 0.090 
 87    (0)   :  0.011 0.021 0.056 0.606 0.188 0.117 
 88    (0)   :  0.011 0.016 0.079 0.378 0.131 0.385 
 89    (0)   :  0.010 0.013 0.157 0.258 0.135 0.426 
 90    (0)   :  0.011 0.013 0.070 0.660 0.130 0.116 
 91    (0)   :  0.008 0.022 0.061 0.150 0.203 0.556 
 92    (0)   :  0.013 0.015 0.096 0.484 0.202 0.190 
 93    (0)   :  0.009 0.013 0.039 0.087 0.084 0.767 
 94    (0)   :  0.008 0.025 0.030 0.538 0.308 0.091 
 95    (0)   :  0.009 0.014 0.062 0.584 0.095 0.235 
 96    (0)   :  0.013 0.194 0.213 0.175 0.077 0.329 
 97    (0)   :  0.017 0.148 0.124 0.104 0.294 0.314 
 98    (0)   :  0.021 0.148 0.164 0.203 0.258 0.207 
 99    (0)   :  0.010 0.012 0.115 0.440 0.174 0.249 
100    (0)   :  0.014 0.018 0.234 0.091 0.076 0.567 
101    (0)   :  0.012 0.032 0.078 0.518 0.157 0.203 
102    (0)   :  0.019 0.050 0.049 0.308 0.137 0.437 
103    (0)   :  0.012 0.018 0.444 0.298 0.090 0.137 
104    (0)   :  0.014 0.024 0.064 0.648 0.114 0.136 
105    (0)   :  0.033 0.023 0.098 0.565 0.079 0.202 
106    (0)   :  0.011 0.023 0.039 0.581 0.295 0.051 
107    (0)   :  0.016 0.021 0.223 0.492 0.090 0.156 
108    (0)   :  0.010 0.193 0.380 0.119 0.220 0.078 
109    (0)   :  0.153 0.038 0.066 0.400 0.290 0.053 
110    (0)   :  0.011 0.019 0.033 0.620 0.258 0.060 
111    (0)   :  0.027 0.016 0.066 0.738 0.080 0.072 
112    (0)   :  0.172 0.030 0.030 0.576 0.132 0.060 
113    (0)   :  0.016 0.039 0.379 0.211 0.223 0.132 
114    (0)   :  0.026 0.018 0.070 0.619 0.102 0.164 
115    (0)   :  0.036 0.081 0.046 0.626 0.111 0.100 
116    (0)   :  0.018 0.097 0.065 0.430 0.332 0.058 
117    (0)   :  0.029 0.030 0.028 0.637 0.192 0.083 
118    (0)   :  0.043 0.022 0.400 0.354 0.109 0.072 
119    (0)   :  0.008 0.248 0.089 0.216 0.109 0.330 
120    (0)   :  0.062 0.032 0.068 0.607 0.123 0.107 
121    (0)   :  0.067 0.157 0.041 0.542 0.118 0.075 
122    (0)   :  0.021 0.019 0.057 0.567 0.265 0.072 
123    (0)   :  0.014 0.028 0.077 0.639 0.146 0.098 
124    (0)   :  0.026 0.077 0.088 0.457 0.278 0.074 
125    (0)   :  0.040 0.059 0.030 0.296 0.477 0.098 
126    (0)   :  0.010 0.072 0.070 0.534 0.197 0.117 
127    (0)   :  0.018 0.019 0.078 0.729 0.077 0.078 
128    (0)   :  0.037 0.023 0.346 0.417 0.097 0.080 
129    (0)   :  0.021 0.021 0.186 0.624 0.083 0.065 
130    (0)   :  0.041 0.014 0.123 0.553 0.115 0.153 
131    (0)   :  0.030 0.137 0.056 0.377 0.339 0.062 
132    (0)   :  0.017 0.025 0.120 0.564 0.216 0.058 
133    (0)   :  0.017 0.030 0.190 0.571 0.098 0.094 
134    (0)   :  0.015 0.015 0.034 0.717 0.176 0.044 
135    (0)   :  0.048 0.085 0.083 0.102 0.090 0.591 
136    (0)   :  0.026 0.014 0.042 0.061 0.112 0.745 
137    (0)   :  0.022 0.013 0.032 0.120 0.076 0.737 
138    (0)   :  0.009 0.021 0.034 0.063 0.091 0.782 
139    (0)   :  0.017 0.044 0.404 0.093 0.128 0.314 
140    (0)   :  0.012 0.042 0.067 0.182 0.162 0.536 
141    (0)   :  0.023 0.019 0.052 0.068 0.179 0.660 
142    (0)   :  0.029 0.115 0.124 0.096 0.086 0.551 
143    (0)   :  0.008 0.014 0.038 0.059 0.064 0.817 
144    (0)   :  0.020 0.015 0.034 0.119 0.067 0.744 
145    (0)   :  0.039 0.026 0.062 0.075 0.209 0.589 
146    (0)   :  0.018 0.029 0.034 0.185 0.184 0.551 
147    (0)   :  0.010 0.012 0.030 0.059 0.071 0.818 
148    (0)   :  0.027 0.037 0.086 0.141 0.127 0.581 
149    (0)   :  0.016 0.032 0.050 0.066 0.101 0.736 
150    (0)   :  0.026 0.016 0.056 0.200 0.093 0.608 
151    (0)   :  0.010 0.016 0.047 0.089 0.077 0.761 
152    (0)   :  0.029 0.078 0.072 0.114 0.165 0.542 
153    (0)   :  0.010 0.032 0.031 0.087 0.112 0.728 
154    (0)   :  0.032 0.022 0.060 0.066 0.102 0.718 
155    (0)   :  0.008 0.016 0.043 0.082 0.071 0.780 
156    (0)   :  0.015 0.060 0.073 0.121 0.063 0.669 
157    (0)   :  0.008 0.014 0.034 0.190 0.100 0.654 
158    (0)   :  0.037 0.021 0.041 0.071 0.192 0.639 
159    (0)   :  0.013 0.012 0.035 0.058 0.070 0.812 
160    (0)   :  0.017 0.012 0.044 0.059 0.071 0.797 
161    (0)   :  0.011 0.022 0.038 0.106 0.136 0.687 
162    (0)   :  0.025 0.031 0.049 0.195 0.205 0.495 
163    (0)   :  0.008 0.022 0.036 0.075 0.065 0.794 
164    (0)   :  0.023 0.019 0.080 0.195 0.127 0.556 
165    (0)   :  0.027 0.016 0.042 0.184 0.080 0.651 
166    (0)   :  0.009 0.043 0.056 0.207 0.135 0.550 
167    (0)   :  0.065 0.019 0.028 0.108 0.151 0.629 
168    (0)   :  0.010 0.036 0.034 0.080 0.147 0.692 
169    (0)   :  0.044 0.033 0.036 0.067 0.429 0.392 
170    (0)   :  0.009 0.039 0.073 0.110 0.076 0.692 
171    (0)   :  0.014 0.029 0.068 0.123 0.168 0.599 
172    (0)   :  0.016 0.109 0.050 0.065 0.224 0.536 
173    (0)   :  0.014 0.014 0.073 0.062 0.073 0.765 
174    (0)   :  0.009 0.011 0.039 0.086 0.085 0.769 
175    (0)   :  0.013 0.019 0.039 0.060 0.104 0.765 
176    (0)   :  0.020 0.015 0.035 0.119 0.066 0.746 
177    (0)   :  0.011 0.021 0.032 0.208 0.167 0.562 
178    (0)   :  0.015 0.013 0.051 0.090 0.143 0.688 
179    (0)   :  0.008 0.012 0.048 0.060 0.072 0.799 
180    (0)   :  0.022 0.033 0.032 0.122 0.175 0.616 
181    (0)   :  0.020 0.027 0.074 0.076 0.120 0.682 
182    (0)   :  0.019 0.019 0.070 0.069 0.066 0.757 
183    (0)   :  0.010 0.014 0.052 0.064 0.078 0.783 
184    (0)   :  0.013 0.014 0.692 0.087 0.125 0.069 
185    (0)   :  0.016 0.072 0.069 0.063 0.058 0.722 
186    (0)   :  0.010 0.016 0.525 0.232 0.140 0.078 
187    (0)   :  0.009 0.019 0.576 0.089 0.097 0.211 
188    (0)   :  0.010 0.014 0.681 0.136 0.100 0.058 
189    (0)   :  0.009 0.028 0.246 0.094 0.353 0.269 
190    (0)   :  0.013 0.150 0.486 0.070 0.052 0.230 
191    (0)   :  0.013 0.012 0.742 0.077 0.082 0.073 
192    (0)   :  0.009 0.015 0.491 0.148 0.106 0.230 
193    (0)   :  0.022 0.026 0.412 0.137 0.165 0.238 
194    (0)   :  0.011 0.030 0.300 0.209 0.109 0.339 
195    (0)   :  0.008 0.025 0.633 0.062 0.059 0.213 
196    (0)   :  0.012 0.049 0.624 0.093 0.068 0.154 
197    (0)   :  0.016 0.040 0.287 0.209 0.258 0.191 
198    (0)   :  0.010 0.029 0.271 0.246 0.239 0.204 
199    (0)   :  0.017 0.079 0.410 0.119 0.098 0.277 
200    (0)   :  0.023 0.048 0.578 0.086 0.134 0.130 
201    (0)   :  0.009 0.022 0.426 0.077 0.071 0.395 
202    (0)   :  0.012 0.044 0.136 0.104 0.064 0.640 
203    (0)   :  0.013 0.019 0.470 0.064 0.063 0.371 
204    (0)   :  0.009 0.021 0.748 0.061 0.056 0.104 
205    (0)   :  0.009 0.023 0.729 0.076 0.080 0.083 
206    (0)   :  0.010 0.017 0.723 0.065 0.063 0.122 
207    (0)   :  0.017 0.026 0.684 0.101 0.062 0.110 
208    (0)   :  0.011 0.024 0.628 0.074 0.063 0.200 
209    (0)   :  0.016 0.020 0.657 0.094 0.093 0.120 
210    (0)   :  0.009 0.016 0.712 0.084 0.065 0.114 
211    (0)   :  0.121 0.126 0.180 0.219 0.073 0.281 
212    (0)   :  0.012 0.032 0.212 0.083 0.106 0.554 
213    (0)   :  0.012 0.115 0.258 0.292 0.126 0.197 
214    (0)   :  0.015 0.025 0.326 0.076 0.074 0.483 
215    (0)   :  0.012 0.019 0.757 0.080 0.072 0.062 
216    (0)   :  0.017 0.020 0.494 0.151 0.197 0.121 
217    (0)   :  0.010 0.023 0.543 0.063 0.080 0.281 
218    (0)   :  0.010 0.013 0.721 0.080 0.084 0.092 
219    (0)   :  0.013 0.018 0.370 0.109 0.243 0.247 
220    (0)   :  0.010 0.014 0.779 0.066 0.059 0.071 
221    (0)   :  0.012 0.055 0.088 0.059 0.060 0.726 
222    (0)   :  0.012 0.020 0.386 0.159 0.254 0.170 
223    (0)   :  0.009 0.023 0.320 0.124 0.150 0.374 
224    (0)   :  0.011 0.017 0.550 0.071 0.066 0.285 
225    (0)   :  0.009 0.024 0.707 0.076 0.071 0.113 
226    (0)   :  0.013 0.017 0.552 0.087 0.202 0.129 
227    (0)   :  0.010 0.069 0.399 0.125 0.068 0.329 
228    (0)   :  0.015 0.073 0.565 0.067 0.058 0.222 
229    (0)   :  0.010 0.013 0.588 0.069 0.067 0.254 
230    (0)   :  0.011 0.014 0.659 0.065 0.060 0.192 
231    (0)   :  0.012 0.013 0.648 0.072 0.091 0.164 
232    (0)   :  0.015 0.042 0.216 0.167 0.174 0.385 
233    (0)   :  0.013 0.019 0.283 0.074 0.076 0.535 
234    (0)   :  0.013 0.015 0.508 0.148 0.150 0.165 
235    (0)   :  0.010 0.030 0.457 0.095 0.141 0.267 
236    (0)   :  0.014 0.018 0.481 0.088 0.092 0.307 
237    (0)   :  0.020 0.025 0.671 0.099 0.074 0.111 
238    (0)   :  0.011 0.025 0.255 0.117 0.093 0.499 
239    (0)   :  0.008 0.026 0.635 0.061 0.060 0.210 
240    (0)   :  0.011 0.025 0.255 0.117 0.092 0.500 
241    (0)   :  0.012 0.030 0.176 0.091 0.083 0.608 
242    (0)   :  0.010 0.018 0.624 0.072 0.157 0.118 
243    (0)   :  0.016 0.054 0.646 0.072 0.055 0.158 
244    (0)   :  0.013 0.016 0.591 0.063 0.060 0.257 
245    (0)   :  0.008 0.029 0.105 0.086 0.070 0.703 
246    (0)   :  0.009 0.024 0.534 0.064 0.082 0.287 
247    (0)   :  0.009 0.037 0.290 0.410 0.172 0.083 
248    (0)   :  0.016 0.023 0.681 0.131 0.075 0.074 
249    (0)   :  0.013 0.020 0.492 0.078 0.070 0.327 
250    (0)   :  0.011 0.015 0.588 0.088 0.086 0.211 
251    (0)   :  0.020 0.025 0.481 0.116 0.248 0.109 
252    (0)   :  0.008 0.023 0.640 0.083 0.082 0.164 
253    (0)   :  0.012 0.044 0.386 0.244 0.163 0.151 
254    (0)   :  0.012 0.018 0.601 0.106 0.136 0.127 
255    (0)   :  0.012 0.019 0.578 0.104 0.117 0.170 
256    (0)   :  0.014 0.032 0.444 0.095 0.092 0.323 
257    (0)   :  0.020 0.025 0.524 0.143 0.098 0.190 
258    (0)   :  0.013 0.054 0.519 0.186 0.109 0.119 
259    (0)   :  0.013 0.017 0.614 0.099 0.083 0.175 
260    (0)   :  0.013 0.016 0.334 0.125 0.193 0.318 
261    (0)   :  0.009 0.032 0.508 0.086 0.086 0.279 
262    (0)   :  0.011 0.056 0.521 0.059 0.066 0.287 
263    (0)   :  0.013 0.016 0.734 0.075 0.080 0.081 
264    (0)   :  0.020 0.027 0.286 0.146 0.451 0.070 
265    (0)   :  0.009 0.016 0.679 0.076 0.100 0.120 
266    (0)   :  0.011 0.040 0.151 0.061 0.061 0.676 
267    (0)   :  0.024 0.023 0.429 0.145 0.113 0.265 
268    (0)   :  0.011 0.047 0.628 0.093 0.068 0.153 
269    (0)   :  0.011 0.016 0.476 0.086 0.247 0.163 
270    (0)   :  0.016 0.017 0.574 0.133 0.153 0.107 
271    (0)   :  0.015 0.033 0.594 0.141 0.110 0.108 
272    (0)   :  0.015 0.027 0.601 0.098 0.154 0.104 
273    (0)   :  0.030 0.024 0.453 0.123 0.171 0.199 
274    (0)   :  0.012 0.018 0.588 0.107 0.152 0.123 
275    (0)   :  0.016 0.015 0.689 0.069 0.106 0.105 
276    (0)   :  0.024 0.038 0.520 0.123 0.154 0.141 
277    (0)   :  0.010 0.018 0.444 0.121 0.148 0.259 
278    (0)   :  0.013 0.024 0.740 0.078 0.071 0.074 
279    (0)   :  0.013 0.019 0.552 0.113 0.123 0.180 
280    (0)   :  0.011 0.030 0.503 0.089 0.205 0.162 
281    (0)   :  0.011 0.020 0.542 0.156 0.132 0.139 
282    (0)   :  0.011 0.016 0.341 0.099 0.120 0.413 
283    (0)   :  0.010 0.019 0.279 0.091 0.083 0.519 
284    (0)   :  0.016 0.026 0.383 0.184 0.110 0.281 
285    (0)   :  0.017 0.058 0.601 0.136 0.126 0.062 
286    (0)   :  0.012 0.016 0.588 0.064 0.061 0.260 
287    (0)   :  0.009 0.017 0.470 0.126 0.204 0.175 
288    (0)   :  0.010 0.014 0.732 0.066 0.104 0.074 
289    (0)   :  0.013 0.025 0.660 0.114 0.106 0.082 
290    (0)   :  0.034 0.097 0.326 0.108 0.242 0.192 
291    (0)   :  0.014 0.031 0.598 0.143 0.107 0.107 
292    (0)   :  0.010 0.069 0.423 0.086 0.187 0.225 
293    (0)   :  0.031 0.123 0.191 0.175 0.351 0.129 
294    (0)   :  0.012 0.020 0.739 0.070 0.084 0.076 
295    (0)   :  0.028 0.049 0.379 0.149 0.194 0.201 
296    (0)   :  0.011 0.017 0.739 0.086 0.072 0.075 
297    (0)   :  0.010 0.023 0.544 0.093 0.216 0.114 
298    (0)   :  0.010 0.014 0.483 0.100 0.105 0.288 
299    (0)   :  0.011 0.013 0.719 0.078 0.094 0.086 
300    (0)   :  0.013 0.028 0.686 0.079 0.108 0.086 
301    (0)   :  0.017 0.015 0.602 0.093 0.176 0.097 
302    (0)   :  0.017 0.033 0.699 0.078 0.087 0.086 
303    (0)   :  0.013 0.027 0.429 0.082 0.116 0.333 
304    (0)   :  0.017 0.017 0.104 0.168 0.266 0.428 
305    (0)   :  0.010 0.021 0.689 0.058 0.068 0.154 
306    (0)   :  0.010 0.024 0.373 0.080 0.130 0.383 
307    (0)   :  0.018 0.021 0.369 0.133 0.136 0.323 
308    (0)   :  0.009 0.034 0.508 0.087 0.086 0.277 
309    (0)   :  0.014 0.020 0.756 0.082 0.062 0.066 
310    (0)   :  0.013 0.030 0.612 0.070 0.062 0.214 
311    (0)   :  0.011 0.014 0.659 0.065 0.060 0.192 
312    (0)   :  0.009 0.019 0.749 0.089 0.059 0.075 
313    (0)   :  0.012 0.049 0.711 0.089 0.063 0.075 
314    (0)   :  0.009 0.023 0.038 0.055 0.066 0.807 
315    (0)   :  0.008 0.032 0.032 0.068 0.094 0.766 
316    (0)   :  0.010 0.023 0.038 0.072 0.123 0.735 
317    (0)   :  0.009 0.013 0.031 0.057 0.069 0.820 
318    (0)   :  0.009 0.010 0.028 0.055 0.075 0.822 
319    (0)   :  0.009 0.013 0.038 0.059 0.065 0.815 
320    (0)   :  0.009 0.022 0.039 0.056 0.067 0.808 
321    (0)   :  0.010 0.012 0.029 0.058 0.077 0.814 
322    (0)   :  0.010 0.036 0.044 0.075 0.110 0.725 
323    (0)   :  0.010 0.011 0.031 0.058 0.072 0.818 
324    (0)   :  0.009 0.012 0.029 0.057 0.077 0.815 
325    (0)   :  0.009 0.018 0.027 0.068 0.116 0.762 
326    (0)   :  0.013 0.023 0.029 0.068 0.114 0.752 
327    (0)   :  0.009 0.013 0.032 0.057 0.069 0.820 
328    (0)   :  0.008 0.023 0.033 0.074 0.106 0.755 
329    (0)   :  0.008 0.010 0.028 0.057 0.069 0.828 
330    (0)   :  0.009 0.013 0.032 0.057 0.069 0.821 
331    (0)   :  0.008 0.011 0.031 0.057 0.067 0.826 
332    (0)   :  0.012 0.018 0.026 0.070 0.127 0.747 
333    (0)   :  0.012 0.024 0.033 0.071 0.103 0.757 
334    (0)   :  0.008 0.023 0.033 0.073 0.106 0.756 
335    (0)   :  0.008 0.026 0.031 0.070 0.092 0.773 
336    (0)   :  0.012 0.017 0.032 0.056 0.079 0.804 
337    (0)   :  0.009 0.023 0.028 0.070 0.118 0.751 
338    (0)   :  0.010 0.010 0.028 0.056 0.078 0.818 
339    (0)   :  0.008 0.010 0.033 0.057 0.069 0.822 
340    (0)   :  0.008 0.012 0.035 0.056 0.063 0.827 
341    (0)   :  0.015 0.013 0.035 0.058 0.071 0.809 
342    (0)   :  0.009 0.014 0.032 0.055 0.070 0.820 
343    (0)   :  0.010 0.045 0.032 0.071 0.101 0.741 
344    (0)   :  0.008 0.010 0.027 0.056 0.068 0.830 
345    (0)   :  0.009 0.013 0.031 0.057 0.069 0.820 
346    (0)   :  0.009 0.011 0.030 0.055 0.068 0.828 
347    (0)   :  0.008 0.011 0.030 0.055 0.062 0.834 
348    (0)   :  0.008 0.050 0.036 0.069 0.085 0.751 
349    (0)   :  0.009 0.013 0.032 0.057 0.069 0.820 
350    (0)   :  0.009 0.017 0.043 0.058 0.067 0.807 
351    (0)   :  0.008 0.026 0.030 0.071 0.093 0.771 
352    (0)   :  0.009 0.026 0.032 0.069 0.102 0.761 
353    (0)   :  0.012 0.017 0.032 0.056 0.077 0.806 
354    (0)   :  0.010 0.011 0.031 0.057 0.070 0.821 
355    (0)   :  0.009 0.011 0.028 0.056 0.076 0.820 
356    (0)   :  0.008 0.056 0.037 0.070 0.085 0.744 
357    (0)   :  0.012 0.019 0.046 0.100 0.318 0.505 
358    (0)   :  0.009 0.018 0.027 0.070 0.107 0.769 
359    (0)   :  0.009 0.011 0.031 0.057 0.071 0.821 
360    (0)   :  0.008 0.011 0.030 0.055 0.068 0.828 
361    (0)   :  0.013 0.026 0.055 0.111 0.329 0.467 
362    (0)   :  0.014 0.023 0.212 0.224 0.424 0.103 
363    (0)   :  0.012 0.030 0.090 0.322 0.471 0.075 
364    (0)   :  0.042 0.023 0.069 0.171 0.338 0.358 
365    (0)   :  0.071 0.026 0.064 0.133 0.621 0.086 
366    (0)   :  0.026 0.121 0.139 0.120 0.408 0.185 
367    (0)   :  0.009 0.015 0.032 0.566 0.325 0.053 
368    (0)   :  0.014 0.013 0.118 0.564 0.190 0.101 
369    (0)   :  0.021 0.106 0.090 0.149 0.273 0.360 
370    (0)   :  0.025 0.020 0.237 0.456 0.146 0.116 
371    (0)   :  0.029 0.027 0.324 0.170 0.303 0.146 
372    (0)   :  0.075 0.024 0.418 0.232 0.124 0.128 
373    (0)   :  0.021 0.019 0.078 0.406 0.309 0.166 
374    (0)   :  0.038 0.019 0.085 0.173 0.366 0.319 
375    (0)   :  0.027 0.016 0.087 0.376 0.425 0.068 
376    (0)   :  0.026 0.015 0.025 0.132 0.740 0.062 
377    (0)   :  0.021 0.031 0.143 0.315 0.385 0.106 
378    (0)   :  0.013 0.017 0.064 0.536 0.125 0.245 
379    (0)   :  0.051 0.024 0.038 0.138 0.693 0.056 
380    (0)   :  0.016 0.058 0.087 0.085 0.569 0.185 
381    (0)   :  0.014 0.066 0.049 0.077 0.614 0.179 
382    (0)   :  0.013 0.013 0.052 0.303 0.539 0.081 
383    (0)   :  0.030 0.021 0.094 0.071 0.626 0.158 
384    (0)   :  0.076 0.024 0.092 0.172 0.494 0.142 
385    (0)   :  0.399 0.011 0.049 0.152 0.183 0.205 
386    (0)   :  0.010 0.018 0.051 0.320 0.525 0.076 
387    (0)   :  0.016 0.024 0.041 0.336 0.489 0.093 
388    (0)   :  0.065 0.015 0.104 0.262 0.288 0.266 
389    (0)   :  0.241 0.070 0.279 0.205 0.119 0.086 
390    (0)   :  0.021 0.138 0.073 0.390 0.304 0.074 
391    (0)   :  0.149 0.058 0.069 0.385 0.195 0.144 
392    (0)   :  0.011 0.023 0.073 0.169 0.576 0.148 
393    (0)   :  0.012 0.099 0.034 0.094 0.631 0.130 
394    (0)   :  0.009 0.019 0.073 0.284 0.317 0.298 
395    (0)   :  0.010 0.128 0.173 0.281 0.319 0.090 
396    (0)   :  0.011 0.014 0.059 0.397 0.462 0.056 
397    (0)   :  0.044 0.022 0.331 0.125 0.296 0.183 
398    (0)   :  0.014 0.023 0.029 0.227 0.647 0.060 
399    (0)   :  0.017 0.032 0.072 0.556 0.242 0.081 
400    (0)   :  0.013 0.021 0.032 0.301 0.521 0.112 
401    (0)   :  0.012 0.061 0.045 0.580 0.183 0.120 
402    (0)   :  0.023 0.078 0.100 0.350 0.317 0.132 
403    (0)   :  0.039 0.021 0.078 0.217 0.204 0.441 
404    (0)   :  0.027 0.018 0.118 0.224 0.453 0.160 
405    (0)   :  0.012 0.029 0.105 0.188 0.524 0.142 
406    (0)   :  0.009 0.422 0.060 0.083 0.267 0.159 
407    (0)   :  0.009 0.015 0.036 0.121 0.762 0.056 
408    (0)   :  0.008 0.060 0.083 0.697 0.096 0.056 
409    (0)   :  0.015 0.212 0.039 0.126 0.255 0.353 
410    (0)   :  0.042 0.032 0.053 0.243 0.494 0.136 
411    (0)   :  0.018 0.067 0.044 0.148 0.520 0.204 
412    (0)   :  0.014 0.013 0.112 0.490 0.278 0.093 
413    (0)   :  0.010 0.015 0.117 0.436 0.209 0.213 
414    (0)   :  0.041 0.014 0.124 0.494 0.266 0.062 
415    (0)   :  0.011 0.051 0.051 0.154 0.643 0.089 
416    (0)   :  0.038 0.049 0.066 0.250 0.459 0.138 
417    (0)   :  0.010 0.019 0.041 0.162 0.700 0.068 
418    (0)   :  0.011 0.012 0.048 0.543 0.322 0.065 
419    (0)   :  0.042 0.048 0.066 0.286 0.292 0.266 
420    (0)   :  0.009 0.156 0.048 0.514 0.194 0.079 
421    (0)   :  0.010 0.020 0.067 0.343 0.479 0.081 
422    (0)   :  0.014 0.089 0.211 0.162 0.427 0.097 
423    (0)   :  0.014 0.028 0.089 0.199 0.563 0.107 
424    (0)   :  0.022 0.119 0.033 0.525 0.185 0.116 
425    (0)   :  0.168 0.023 0.082 0.207 0.378 0.142 
426    (0)   :  0.069 0.022 0.049 0.428 0.281 0.151 
427    (0)   :  0.009 0.024 0.029 0.177 0.589 0.172 
428    (0)   :  0.022 0.073 0.080 0.130 0.436 0.259 
429    (0)   :  0.008 0.013 0.036 0.254 0.634 0.053 
430    (0)   :  0.010 0.025 0.043 0.146 0.709 0.067 
431    (0)   :  0.024 0.019 0.130 0.444 0.263 0.121 
432    (0)   :  0.012 0.015 0.084 0.570 0.204 0.114 
433    (0)   :  0.023 0.029 0.082 0.321 0.143 0.402 
434    (0)   :  0.020 0.027 0.117 0.198 0.440 0.198 
435    (0)   :  0.007 0.029 0.028 0.191 0.686 0.059 
436    (0)   :  0.010 0.046 0.021 0.187 0.636 0.101 
437    (0)   :  0.010 0.016 0.038 0.122 0.750 0.064 
438    (0)   :  0.009 0.242 0.027 0.280 0.317 0.125 
439    (0)   :  0.008 0.021 0.021 0.121 0.750 0.079 
440    (0)   :  0.009 0.027 0.026 0.132 0.758 0.048 
441    (0)   :  0.011 0.023 0.032 0.182 0.600 0.153 
442    (0)   :  0.025 0.030 0.038 0.296 0.540 0.071 
443    (0)   :  0.012 0.127 0.034 0.507 0.259 0.061 
444    (0)   :  0.023 0.046 0.035 0.216 0.611 0.070 
445    (0)   :  0.020 0.100 0.039 0.121 0.501 0.219 
446    (0)   :  0.018 0.023 0.020 0.308 0.560 0.071 
447    (0)   :  0.030 0.076 0.029 0.176 0.550 0.139 
448    (0)   :  0.010 0.024 0.036 0.206 0.654 0.070 
449    (0)   :  0.011 0.024 0.042 0.182 0.626 0.114 
450    (0)   :  0.013 0.012 0.028 0.156 0.679 0.112 
451    (0)   :  0.012 0.026 0.042 0.662 0.208 0.050 
452    (0)   :  0.010 0.013 0.029 0.140 0.713 0.094 
453    (0)   :  0.014 0.295 0.059 0.350 0.151 0.132 
454    (0)   :  0.010 0.020 0.046 0.153 0.646 0.124 
455    (0)   :  0.009 0.106 0.025 0.252 0.539 0.069 
456    (0)   :  0.012 0.132 0.041 0.218 0.533 0.063 
457    (0)   :  0.009 0.017 0.028 0.114 0.761 0.071 
458    (0)   :  0.018 0.019 0.026 0.136 0.721 0.079 
459    (0)   :  0.009 0.034 0.021 0.337 0.426 0.172 
460    (0)   :  0.008 0.027 0.022 0.365 0.513 0.065 
461    (0)   :  0.010 0.012 0.021 0.537 0.354 0.066 
462    (0)   :  0.046 0.062 0.060 0.276 0.508 0.048 
463    (0)   :  0.009 0.431 0.056 0.139 0.266 0.099 
464    (0)   :  0.008 0.068 0.028 0.428 0.404 0.065 
465    (0)   :  0.011 0.038 0.031 0.575 0.265 0.081 
466    (0)   :  0.008 0.173 0.042 0.428 0.280 0.068 
467    (0)   :  0.012 0.051 0.055 0.246 0.525 0.111 
468    (0)   :  0.008 0.072 0.032 0.104 0.722 0.062 
469    (0)   :  0.008 0.028 0.019 0.094 0.783 0.067 
470    (0)   :  0.007 0.026 0.023 0.212 0.671 0.061 
471    (0)   :  0.041 0.125 0.091 0.223 0.441 0.078 
472    (0)   :  0.015 0.061 0.045 0.300 0.493 0.086 
473    (0)   :  0.011 0.027 0.064 0.199 0.581 0.118 
474    (0)   :  0.010 0.031 0.040 0.154 0.662 0.102 
475    (0)   :  0.010 0.028 0.032 0.531 0.262 0.136 
476    (0)   :  0.009 0.033 0.028 0.137 0.713 0.079 
477    (0)   :  0.017 0.045 0.024 0.567 0.230 0.118 
478    (0)   :  0.017 0.019 0.021 0.712 0.170 0.061 
479    (0)   :  0.009 0.019 0.023 0.195 0.696 0.058 
480    (0)   :  0.008 0.016 0.025 0.099 0.786 0.066 
481    (0)   :  0.032 0.026 0.120 0.209 0.538 0.074 
482    (0)   :  0.008 0.014 0.023 0.190 0.707 0.059 
483    (0)   :  0.010 0.028 0.022 0.210 0.646 0.083 
484    (0)   :  0.013 0.192 0.042 0.212 0.452 0.089 
485    (0)   :  0.009 0.061 0.023 0.181 0.660 0.066 
486    (0)   :  0.156 0.089 0.130 0.284 0.220 0.120 
487    (0)   :  0.106 0.041 0.059 0.237 0.283 0.276 
488    (0)   :  0.129 0.031 0.092 0.402 0.160 0.186 
489    (0)   :  0.082 0.089 0.113 0.145 0.287 0.284 
490    (0)   :  0.029 0.055 0.050 0.575 0.221 0.069 
491    (0)   :  0.160 0.024 0.245 0.170 0.152 0.249 
492    (0)   :  0.029 0.048 0.066 0.378 0.110 0.369 
493    (0)   :  0.298 0.037 0.140 0.208 0.182 0.135 
494    (0)   :  0.141 0.039 0.137 0.178 0.302 0.203 
495    (0)   :  0.121 0.053 0.031 0.425 0.133 0.238 
496    (0)   :  0.011 0.033 0.114 0.203 0.149 0.489 
497    (0)   :  0.443 0.016 0.103 0.121 0.122 0.195 
498    (0)   :  0.242 0.071 0.055 0.311 0.182 0.139 
499    (0)   :  0.135 0.035 0.068 0.142 0.196 0.423 
500    (0)   :  0.068 0.030 0.210 0.138 0.433 0.120 
501    (0)   :  0.025 0.018 0.088 0.218 0.335 0.316 
502    (0)   :  0.046 0.014 0.046 0.363 0.185 0.345 
503    (0)   :  0.017 0.023 0.076 0.193 0.611 0.081 
504    (0)   :  0.050 0.035 0.039 0.665 0.114 0.097 
505    (0)   :  0.071 0.065 0.263 0.226 0.167 0.209 
506    (0)   :  0.066 0.018 0.111 0.346 0.161 0.299 
507    (0)   :  0.011 0.034 0.081 0.077 0.079 0.718 
508    (0)   :  0.050 0.076 0.047 0.109 0.084 0.633 
509    (0)   :  0.032 0.034 0.259 0.187 0.126 0.363 
510    (0)   :  0.050 0.025 0.069 0.184 0.302 0.370 
511    (0)   :  0.037 0.033 0.116 0.189 0.514 0.110 
512    (0)   :  0.028 0.016 0.073 0.193 0.621 0.069 
513    (0)   :  0.493 0.040 0.093 0.216 0.053 0.105 
514    (0)   :  0.014 0.020 0.063 0.632 0.129 0.141 
515    (0)   :  0.026 0.078 0.059 0.172 0.409 0.255 
516    (0)   :  0.015 0.047 0.075 0.631 0.106 0.127 
517    (0)   :  0.012 0.134 0.060 0.276 0.263 0.255 
518    (0)   :  0.061 0.016 0.201 0.112 0.327 0.283 
519    (0)   :  0.014 0.023 0.041 0.661 0.124 0.137 
520    (0)   :  0.011 0.196 0.053 0.093 0.267 0.380 
521    (0)   :  0.012 0.025 0.159 0.285 0.120 0.398 
522    (0)   :  0.027 0.194 0.053 0.151 0.473 0.102 
523    (0)   :  0.012 0.263 0.050 0.230 0.120 0.324 
524    (0)   :  0.012 0.088 0.064 0.173 0.501 0.163 
525    (0)   :  0.038 0.041 0.073 0.105 0.395 0.348 
526    (0)   :  0.008 0.463 0.056 0.096 0.245 0.133 
527    (0)   :  0.114 0.016 0.055 0.300 0.400 0.115 
528    (0)   :  0.010 0.026 0.197 0.131 0.097 0.538 
529    (0)   :  0.068 0.023 0.278 0.242 0.196 0.193 
530    (0)   :  0.027 0.065 0.054 0.139 0.548 0.166 
531    (0)   :  0.015 0.041 0.038 0.143 0.294 0.469 
532    (0)   :  0.044 0.051 0.090 0.228 0.240 0.348 
533    (0)   :  0.040 0.052 0.143 0.140 0.480 0.145 
534    (0)   :  0.109 0.086 0.233 0.254 0.090 0.228 
535    (0)   :  0.009 0.232 0.062 0.341 0.217 0.140 
536    (0)   :  0.015 0.098 0.129 0.171 0.322 0.265 
537    (0)   :  0.018 0.146 0.098 0.142 0.140 0.456 
538    (0)   :  0.012 0.090 0.234 0.151 0.202 0.312 
539    (0)   :  0.012 0.030 0.136 0.080 0.091 0.651 
540    (0)   :  0.015 0.086 0.210 0.137 0.240 0.311 
541    (0)   :  0.015 0.036 0.138 0.144 0.168 0.498 
542    (0)   :  0.020 0.291 0.187 0.106 0.284 0.112 
543    (0)   :  0.015 0.184 0.131 0.301 0.115 0.252 
544    (0)   :  0.014 0.363 0.089 0.154 0.192 0.188 
545    (0)   :  0.011 0.561 0.047 0.146 0.165 0.070 
546    (0)   :  0.031 0.110 0.292 0.133 0.186 0.247 
547    (0)   :  0.010 0.530 0.038 0.126 0.095 0.202 
548    (0)   :  0.012 0.015 0.582 0.090 0.085 0.216 
549    (0)   :  0.011 0.151 0.031 0.096 0.219 0.492 
550    (0)   :  0.013 0.401 0.041 0.171 0.269 0.106 
551    (0)   :  0.011 0.037 0.038 0.134 0.137 0.644 
552    (0)   :  0.011 0.070 0.414 0.104 0.151 0.250 
553    (0)   :  0.012 0.443 0.106 0.136 0.072 0.230 
554    (0)   :  0.020 0.053 0.163 0.210 0.327 0.228 
555    (0)   :  0.047 0.077 0.104 0.144 0.137 0.492 
556    (0)   :  0.013 0.071 0.264 0.174 0.178 0.301 
557    (0)   :  0.011 0.250 0.039 0.217 0.310 0.172 
558    (0)   :  0.008 0.012 0.020 0.185 0.714 0.060 
559    (0)   :  0.013 0.028 0.280 0.445 0.138 0.096 
560    (0)   :  0.012 0.026 0.043 0.510 0.363 0.047 
561    (0)   :  0.017 0.036 0.047 0.488 0.348 0.064 
562    (0)   :  0.021 0.054 0.074 0.530 0.274 0.047 
563    (0)   :  0.018 0.037 0.022 0.529 0.153 0.241 
564    (0)   :  0.017 0.057 0.394 0.243 0.186 0.102 
565    (0)   :  0.009 0.015 0.029 0.108 0.772 0.068 
566    (0)   :  0.011 0.018 0.032 0.552 0.337 0.050 
567    (0)   :  0.026 0.031 0.384 0.322 0.170 0.066 
568    (0)   :  0.009 0.041 0.081 0.544 0.224 0.102 
569    (0)   :  0.015 0.106 0.060 0.265 0.448 0.106 
570    (0)   :  0.009 0.014 0.038 0.166 0.723 0.050 
571    (0)   :  0.009 0.019 0.050 0.686 0.159 0.076 
572    (0)   :  0.019 0.315 0.092 0.112 0.216 0.246 
573    (0)   :  0.016 0.051 0.281 0.220 0.329 0.104 
574    (0)   :  0.015 0.027 0.056 0.128 0.563 0.211 
575    (0)   :  0.010 0.025 0.060 0.522 0.215 0.169 
576    (0)   :  0.024 0.015 0.031 0.586 0.294 0.049 
577    (0)   :  0.015 0.020 0.056 0.196 0.513 0.199 
578    (0)   :  0.016 0.027 0.055 0.527 0.295 0.081 
579    (0)   :  0.041 0.028 0.122 0.325 0.413 0.072 
580    (0)   :  0.011 0.016 0.049 0.175 0.629 0.120 
581    (0)   :  0.010 0.017 0.038 0.281 0.559 0.096 
582    (0)   :  0.009 0.039 0.038 0.306 0.550 0.058 
583    (0)   :  0.032 0.019 0.058 0.543 0.271 0.077 
584    (0)   :  0.013 0.014 0.029 0.598 0.286 0.060 
585    (0)   :  0.018 0.021 0.043 0.459 0.392 0.068 
586    (0)   :  0.011 0.022 0.084 0.668 0.119 0.096 
587    (0)   :  0.016 0.046 0.120 0.322 0.440 0.056 
588    (0)   :  0.031 0.120 0.569 0.136 0.071 0.072 
589    (0)   :  0.010 0.080 0.051 0.182 0.615 0.062 
590    (0)   :  0.024 0.018 0.096 0.649 0.143 0.070 
591    (0)   :  0.010 0.015 0.051 0.685 0.155 0.085 
592    (0)   :  0.009 0.071 0.138 0.465 0.253 0.064 
593    (0)   :  0.010 0.031 0.091 0.385 0.364 0.120 
594    (0)   :  0.053 0.020 0.068 0.538 0.154 0.167 
595    (0)   :  0.117 0.012 0.116 0.216 0.486 0.054 
596    (0)   :  0.018 0.091 0.236 0.244 0.295 0.116 
597    (0)   :  0.011 0.044 0.053 0.541 0.094 0.257 
598    (0)   :  0.008 0.014 0.024 0.128 0.771 0.055 
599    (0)   :  0.009 0.037 0.061 0.586 0.256 0.052 
600    (0)   :  0.013 0.031 0.063 0.168 0.576 0.149 
601    (0)   :  0.010 0.036 0.054 0.400 0.444 0.055 
602    (0)   :  0.030 0.017 0.194 0.298 0.207 0.253 
603    (0)   :  0.019 0.018 0.220 0.371 0.163 0.209 
604    (0)   :  0.041 0.024 0.073 0.137 0.566 0.160 
605    (0)   :  0.017 0.041 0.091 0.435 0.318 0.098 
606    (0)   :  0.015 0.033 0.229 0.232 0.272 0.219 
607    (0)   :  0.019 0.014 0.129 0.136 0.405 0.298 
608    (0)   :  0.010 0.020 0.045 0.181 0.257 0.488 
609    (0)   :  0.019 0.033 0.035 0.218 0.570 0.125 
610    (0)   :  0.015 0.085 0.059 0.169 0.575 0.096 
611    (0)   :  0.018 0.031 0.095 0.446 0.165 0.244 
612    (0)   :  0.012 0.034 0.034 0.107 0.731 0.082 
613    (0)   :  0.041 0.048 0.107 0.213 0.454 0.137 
614    (0)   :  0.022 0.017 0.069 0.085 0.736 0.071 
615    (0)   :  0.011 0.019 0.075 0.094 0.682 0.119 
616    (0)   :  0.015 0.013 0.157 0.184 0.428 0.203 
617    (0)   :  0.135 0.045 0.066 0.192 0.484 0.077 
618    (0)   :  0.043 0.038 0.080 0.091 0.532 0.216 
619    (0)   :  0.009 0.062 0.137 0.323 0.286 0.184 
620    (0)   :  0.011 0.074 0.236 0.431 0.199 0.049 
621    (0)   :  0.017 0.012 0.029 0.504 0.357 0.080 
622    (0)   :  0.108 0.043 0.243 0.110 0.364 0.133 
623    (0)   :  0.013 0.025 0.125 0.468 0.281 0.087 
624    (0)   :  0.014 0.022 0.045 0.118 0.599 0.202 
625    (0)   :  0.043 0.017 0.063 0.212 0.465 0.200 
626    (0)   :  0.017 0.130 0.065 0.083 0.267 0.437 
627    (0)   :  0.019 0.028 0.147 0.361 0.322 0.124 
628    (0)   :  0.045 0.020 0.308 0.283 0.238 0.106 
629    (0)   :  0.024 0.015 0.138 0.346 0.337 0.139 
630    (0)   :  0.021 0.028 0.065 0.197 0.594 0.095 
631    (0)   :  0.013 0.015 0.175 0.145 0.551 0.101 
632    (0)   :  0.022 0.027 0.290 0.116 0.220 0.325 
633    (0)   :  0.027 0.017 0.063 0.140 0.562 0.191 
634    (0)   :  0.014 0.037 0.225 0.193 0.289 0.242 
635    (0)   :  0.013 0.020 0.111 0.126 0.243 0.488 
636    (0)   :  0.012 0.022 0.046 0.201 0.449 0.270 
637    (0)   :  0.026 0.124 0.135 0.224 0.284 0.206 
638    (0)   :  0.016 0.016 0.144 0.335 0.295 0.194 
639    (0)   :  0.030 0.018 0.104 0.111 0.568 0.169 
640    (0)   :  0.039 0.012 0.050 0.501 0.286 0.112 
641    (0)   :  0.026 0.017 0.181 0.206 0.431 0.138 
642    (0)   :  0.012 0.040 0.061 0.157 0.147 0.582 
643    (0)   :  0.009 0.016 0.046 0.107 0.103 0.719 
644    (0)   :  0.013 0.019 0.059 0.185 0.115 0.609 
645    (0)   :  0.028 0.030 0.045 0.065 0.325 0.508 
646    (0)   :  0.035 0.057 0.125 0.350 0.200 0.233 
647    (0)   :  0.037 0.030 0.066 0.265 0.131 0.473 
648    (0)   :  0.169 0.059 0.202 0.103 0.189 0.279 
649    (0)   :  0.015 0.063 0.401 0.200 0.096 0.225 
650    (0)   :  0.015 0.035 0.136 0.411 0.114 0.288 
651    (0)   :  0.126 0.015 0.181 0.163 0.134 0.381 
652    (0)   :  0.012 0.021 0.076 0.165 0.125 0.601 
653    (0)   :  0.119 0.047 0.079 0.107 0.172 0.477 
654    (0)   :  0.041 0.074 0.075 0.129 0.127 0.554 
655    (0)   :  0.009 0.021 0.049 0.286 0.121 0.514 
656    (0)   :  0.088 0.070 0.148 0.159 0.165 0.370 
657    (0)   :  0.053 0.020 0.058 0.172 0.408 0.289 
658    (0)   :  0.012 0.056 0.064 0.387 0.180 0.301 
659    (0)   :  0.034 0.056 0.058 0.143 0.179 0.530 
660    (0)   :  0.012 0.031 0.161 0.132 0.095 0.569 
661    (0)   :  0.014 0.102 0.106 0.104 0.136 0.538 
662    (0)   :  0.018 0.142 0.378 0.217 0.081 0.164 
663    (0)   :  0.010 0.021 0.234 0.140 0.137 0.457 
664    (0)   :  0.013 0.042 0.044 0.363 0.208 0.330 
665    (0)   :  0.012 0.073 0.410 0.177 0.103 0.225 
666    (0)   :  0.010 0.040 0.129 0.148 0.144 0.529 
667    (0)   :  0.204 0.037 0.069 0.361 0.153 0.176 
668    (0)   :  0.011 0.040 0.083 0.186 0.201 0.479 
669    (0)   :  0.047 0.040 0.325 0.162 0.142 0.284 
670    (0)   :  0.008 0.017 0.067 0.074 0.072 0.762 
671    (0)   :  0.009 0.023 0.094 0.125 0.089 0.659 
672    (0)   :  0.008 0.037 0.029 0.157 0.116 0.654 
673    (0)   :  0.012 0.011 0.030 0.059 0.073 0.815 
674    (0)   :  0.013 0.023 0.074 0.085 0.128 0.677 
675    (0)   :  0.021 0.015 0.036 0.118 0.066 0.744 
676    (0)   :  0.009 0.012 0.029 0.058 0.070 0.822 
677    (0)   :  0.008 0.066 0.081 0.068 0.062 0.715 
678    (0)   :  0.014 0.011 0.031 0.065 0.072 0.807 
679    (0)   :  0.013 0.011 0.049 0.081 0.133 0.713 
680    (0)   :  0.018 0.016 0.035 0.066 0.105 0.761 
681    (0)   :  0.036 0.238 0.045 0.103 0.219 0.360 
682    (0)   :  0.009 0.018 0.027 0.066 0.108 0.771 
683    (0)   :  0.008 0.021 0.045 0.070 0.066 0.790 
684    (0)   :  0.013 0.013 0.032 0.067 0.073 0.802 
685    (0)   :  0.008 0.013 0.030 0.057 0.063 0.827 
686    (0)   :  0.010 0.063 0.057 0.081 0.101 0.688 
687    (0)   :  0.009 0.033 0.114 0.116 0.083 0.646 
688    (0)   :  0.009 0.014 0.041 0.090 0.085 0.761 
689    (0)   :  0.009 0.013 0.029 0.056 0.066 0.827 
690    (0)   :  0.009 0.012 0.029 0.058 0.070 0.822 
691    (0)   :  0.013 0.018 0.043 0.079 0.117 0.730 
692    (0)   :  0.016 0.012 0.036 0.088 0.093 0.755 
693    (0)   :  0.009 0.013 0.033 0.101 0.100 0.744 
694    (0)   :  0.008 0.014 0.031 0.055 0.059 0.832 
695    (0)   :  0.008 0.034 0.026 0.068 0.090 0.774 
696    (0)   :  0.009 0.014 0.040 0.089 0.084 0.763 
697    (0)   :  0.010 0.015 0.041 0.058 0.070 0.806 
698    (0)   :  0.008 0.012 0.034 0.059 0.071 0.816 
699    (0)   :  0.008 0.085 0.037 0.066 0.082 0.722 
700    (0)   :  0.011 0.058 0.049 0.096 0.102 0.684 
701    (0)   :  0.030 0.027 0.046 0.082 0.135 0.681 
702    (0)   :  0.011 0.033 0.045 0.101 0.128 0.683 
703    (0)   :  0.010 0.019 0.033 0.068 0.110 0.761 
704    (0)   :  0.008 0.019 0.049 0.085 0.077 0.761 
705    (0)   :  0.033 0.229 0.057 0.100 0.129 0.453 
706    (0)   :  0.011 0.026 0.030 0.063 0.098 0.772 
707    (0)   :  0.012 0.021 0.042 0.060 0.073 0.793 
708    (0)   :  0.013 0.014 0.038 0.059 0.069 0.808 
709    (0)   :  0.009 0.038 0.032 0.063 0.070 0.787 
710    (0)   :  0.008 0.015 0.026 0.055 0.063 0.832 
711    (0)   :  0.011 0.045 0.047 0.066 0.093 0.739 
712    (0)   :  0.011 0.041 0.052 0.057 0.059 0.781 
713    (0)   :  0.009 0.016 0.045 0.088 0.076 0.766 
714    (0)   :  0.026 0.014 0.057 0.085 0.133 0.685 
715    (0)   :  0.008 0.030 0.038 0.056 0.060 0.809 
