

----------------------------------------------------
STRUCTURE by Pritchard, Stephens and Donnelly (2000)
     and Falush, Stephens and Pritchard (2003)
       Code by Pritchard, Falush and Hubisz
             Version 2.3.4 (Jul 2012)
----------------------------------------------------



Command line arguments:   ./structure -K 7 -D 107003 -m brooktrout/mainparams -e brooktrout/extraparams -o brooktrout/250914_output/results_K7_rep3 
Input File:    brooktrout/brooktrout.txt

Run parameters:
   8454 individuals
   5 loci
   7 populations assumed
   50000 Burn-in period
   100000 Reps
RANDOMIZE turned off


--------------------------------------------
Overall proportion of membership of the
sample in each of the 7 clusters

Inferred Clusters
  1      2      3      4      5      6      7    
0.018  0.032  0.074  0.156  0.212  0.226  0.283  

--------------------------------------------

Allele-freq. divergence among pops (Net nucleotide distance),
computed using point estimates of P.

      1       2       3       4       5       6       7      
 1      -    0.1882  0.1372  0.0997  0.1312  0.1069  0.0957  
 2   0.1882     -    0.2232  0.1402  0.1933  0.1728  0.1065  
 3   0.1372  0.2232     -    0.1730  0.0717  0.1334  0.1597  
 4   0.0997  0.1402  0.1730     -    0.1460  0.0815  0.0574  
 5   0.1312  0.1933  0.0717  0.1460     -    0.0938  0.1240  
 6   0.1069  0.1728  0.1334  0.0815  0.0938     -    0.0871  
 7   0.0957  0.1065  0.1597  0.0574  0.1240  0.0871     -    

Average distances (expected heterozygosity) between individuals in same cluster:
cluster  1  : 0.8286 
cluster  2  : 0.6821 
cluster  3  : 0.7163 
cluster  4  : 0.7963 
cluster  5  : 0.7201 
cluster  6  : 0.8069 
cluster  7  : 0.7677 

--------------------------------------------
Estimated Ln Prob of Data   = -202088.6
Mean value of ln likelihood = -171857.9
Variance of ln likelihood   = 60461.5

Mean value of alpha_1       = 0.0479
Mean value of alpha_2       = 0.0830
Mean value of alpha_3       = 0.1907
Mean value of alpha_4       = 0.4298
Mean value of alpha_5       = 0.5855
Mean value of alpha_6       = 0.6341
Mean value of alpha_7       = 0.7844
Allele frequencies uncorrelated


Inferred ancestry of individuals:
     (%Miss) :  Inferred clusters
  1    (0)   :  0.011 0.019 0.052 0.125 0.347 0.142 0.303 
  2    (0)   :  0.007 0.009 0.025 0.082 0.104 0.574 0.199 
  3    (0)   :  0.011 0.024 0.031 0.072 0.281 0.145 0.436 
  4    (0)   :  0.012 0.022 0.326 0.097 0.241 0.170 0.132 
  5    (0)   :  0.010 0.010 0.030 0.096 0.087 0.535 0.232 
  6    (0)   :  0.008 0.010 0.041 0.065 0.084 0.110 0.681 
  7    (0)   :  0.009 0.013 0.029 0.329 0.090 0.103 0.426 
  8    (0)   :  0.045 0.025 0.205 0.107 0.188 0.117 0.313 
  9    (0)   :  0.021 0.012 0.030 0.103 0.219 0.251 0.363 
 10    (0)   :  0.018 0.012 0.156 0.109 0.115 0.105 0.485 
 11    (0)   :  0.006 0.015 0.024 0.357 0.104 0.101 0.393 
 12    (0)   :  0.009 0.010 0.044 0.108 0.140 0.433 0.257 
 13    (0)   :  0.013 0.011 0.030 0.134 0.185 0.215 0.413 
 14    (0)   :  0.007 0.022 0.045 0.061 0.147 0.493 0.225 
 15    (0)   :  0.008 0.035 0.078 0.124 0.265 0.277 0.213 
 16    (0)   :  0.006 0.014 0.024 0.092 0.163 0.113 0.588 
 17    (0)   :  0.023 0.015 0.039 0.094 0.150 0.245 0.434 
 18    (0)   :  0.042 0.027 0.050 0.060 0.166 0.286 0.369 
 19    (0)   :  0.008 0.011 0.033 0.088 0.131 0.139 0.590 
 20    (0)   :  0.008 0.025 0.043 0.172 0.139 0.351 0.263 
 21    (0)   :  0.008 0.015 0.071 0.071 0.242 0.350 0.243 
 22    (0)   :  0.012 0.011 0.029 0.062 0.186 0.112 0.588 
 23    (0)   :  0.024 0.028 0.042 0.099 0.379 0.259 0.169 
 24    (0)   :  0.007 0.015 0.037 0.081 0.344 0.128 0.388 
 25    (0)   :  0.010 0.021 0.024 0.160 0.075 0.227 0.483 
 26    (0)   :  0.017 0.017 0.062 0.087 0.216 0.242 0.360 
 27    (0)   :  0.010 0.012 0.037 0.087 0.181 0.228 0.445 
 28    (0)   :  0.008 0.015 0.215 0.157 0.193 0.138 0.275 
 29    (0)   :  0.006 0.010 0.022 0.181 0.170 0.318 0.292 
 30    (0)   :  0.007 0.012 0.024 0.059 0.169 0.153 0.576 
 31    (0)   :  0.031 0.012 0.137 0.131 0.115 0.294 0.280 
 32    (0)   :  0.008 0.020 0.063 0.084 0.236 0.220 0.369 
 33    (0)   :  0.006 0.014 0.026 0.116 0.301 0.137 0.400 
 34    (0)   :  0.024 0.019 0.110 0.230 0.074 0.103 0.440 
 35    (0)   :  0.044 0.010 0.020 0.083 0.157 0.364 0.323 
 36    (0)   :  0.006 0.125 0.022 0.070 0.242 0.267 0.268 
 37    (0)   :  0.010 0.010 0.034 0.097 0.365 0.230 0.254 
 38    (0)   :  0.008 0.294 0.017 0.190 0.104 0.160 0.226 
 39    (0)   :  0.014 0.025 0.027 0.160 0.139 0.278 0.357 
 40    (0)   :  0.006 0.020 0.027 0.053 0.401 0.260 0.232 
 41    (0)   :  0.015 0.029 0.018 0.141 0.263 0.230 0.305 
 42    (0)   :  0.007 0.055 0.027 0.079 0.516 0.134 0.182 
 43    (0)   :  0.012 0.010 0.027 0.113 0.311 0.337 0.191 
 44    (0)   :  0.015 0.009 0.016 0.075 0.201 0.413 0.271 
 45    (0)   :  0.010 0.060 0.017 0.092 0.137 0.404 0.280 
 46    (0)   :  0.020 0.012 0.031 0.098 0.098 0.324 0.417 
 47    (0)   :  0.074 0.009 0.031 0.103 0.202 0.194 0.387 
 48    (0)   :  0.023 0.012 0.017 0.054 0.204 0.453 0.237 
 49    (0)   :  0.021 0.015 0.025 0.125 0.198 0.309 0.306 
 50    (0)   :  0.019 0.013 0.077 0.142 0.081 0.192 0.476 
 51    (0)   :  0.006 0.102 0.018 0.067 0.263 0.375 0.169 
 52    (0)   :  0.019 0.015 0.029 0.161 0.183 0.213 0.380 
 53    (0)   :  0.009 0.130 0.039 0.115 0.158 0.141 0.407 
 54    (0)   :  0.027 0.008 0.029 0.099 0.224 0.388 0.226 
 55    (0)   :  0.011 0.010 0.023 0.077 0.150 0.560 0.168 
 56    (0)   :  0.014 0.026 0.028 0.061 0.210 0.388 0.274 
 57    (0)   :  0.052 0.013 0.110 0.119 0.209 0.117 0.380 
 58    (0)   :  0.009 0.021 0.022 0.105 0.223 0.411 0.208 
 59    (0)   :  0.012 0.095 0.025 0.127 0.183 0.300 0.259 
 60    (0)   :  0.005 0.031 0.044 0.072 0.326 0.347 0.175 
 61    (0)   :  0.005 0.008 0.032 0.065 0.223 0.561 0.105 
 62    (0)   :  0.092 0.012 0.041 0.104 0.122 0.312 0.317 
 63    (0)   :  0.005 0.015 0.030 0.175 0.280 0.261 0.233 
 64    (0)   :  0.013 0.031 0.022 0.094 0.109 0.235 0.496 
 65    (0)   :  0.009 0.011 0.021 0.330 0.077 0.245 0.307 
 66    (0)   :  0.006 0.012 0.055 0.128 0.264 0.356 0.179 
 67    (0)   :  0.011 0.008 0.020 0.088 0.136 0.556 0.183 
 68    (0)   :  0.014 0.102 0.029 0.118 0.217 0.278 0.243 
 69    (0)   :  0.025 0.234 0.133 0.198 0.088 0.132 0.190 
 70    (0)   :  0.005 0.045 0.025 0.178 0.309 0.222 0.215 
 71    (0)   :  0.010 0.081 0.018 0.113 0.101 0.424 0.253 
 72    (0)   :  0.007 0.025 0.022 0.100 0.147 0.241 0.457 
 73    (0)   :  0.010 0.015 0.020 0.121 0.111 0.563 0.160 
 74    (0)   :  0.006 0.107 0.025 0.062 0.368 0.193 0.239 
 75    (0)   :  0.008 0.061 0.026 0.048 0.478 0.199 0.181 
 76    (0)   :  0.007 0.011 0.022 0.184 0.169 0.363 0.245 
 77    (0)   :  0.008 0.083 0.016 0.161 0.190 0.248 0.294 
 78    (0)   :  0.009 0.253 0.016 0.167 0.187 0.165 0.202 
 79    (0)   :  0.007 0.013 0.029 0.186 0.118 0.160 0.487 
 80    (0)   :  0.007 0.011 0.066 0.110 0.521 0.104 0.182 
 81    (0)   :  0.008 0.012 0.101 0.142 0.361 0.110 0.265 
 82    (0)   :  0.006 0.012 0.033 0.138 0.237 0.383 0.190 
 83    (0)   :  0.006 0.028 0.076 0.133 0.281 0.179 0.298 
 84    (0)   :  0.005 0.014 0.075 0.170 0.250 0.143 0.342 
 85    (0)   :  0.006 0.030 0.080 0.082 0.300 0.166 0.336 
 86    (0)   :  0.015 0.013 0.027 0.118 0.104 0.474 0.249 
 87    (0)   :  0.008 0.028 0.036 0.328 0.135 0.176 0.289 
 88    (0)   :  0.006 0.012 0.046 0.169 0.382 0.179 0.205 
 89    (0)   :  0.008 0.011 0.069 0.118 0.428 0.151 0.216 
 90    (0)   :  0.006 0.012 0.036 0.325 0.144 0.196 0.280 
 91    (0)   :  0.006 0.031 0.076 0.082 0.466 0.130 0.210 
 92    (0)   :  0.006 0.012 0.040 0.169 0.195 0.241 0.337 
 93    (0)   :  0.006 0.010 0.271 0.064 0.406 0.107 0.135 
 94    (0)   :  0.005 0.057 0.029 0.431 0.107 0.099 0.273 
 95    (0)   :  0.006 0.011 0.046 0.338 0.274 0.149 0.175 
 96    (0)   :  0.005 0.009 0.035 0.077 0.373 0.391 0.109 
 97    (0)   :  0.008 0.068 0.029 0.055 0.373 0.249 0.218 
 98    (0)   :  0.005 0.011 0.020 0.075 0.281 0.297 0.311 
 99    (0)   :  0.006 0.012 0.072 0.197 0.237 0.149 0.328 
100    (0)   :  0.008 0.008 0.050 0.052 0.596 0.177 0.109 
101    (0)   :  0.009 0.029 0.044 0.224 0.226 0.233 0.235 
102    (0)   :  0.009 0.025 0.061 0.202 0.392 0.160 0.151 
103    (0)   :  0.011 0.009 0.083 0.196 0.147 0.399 0.155 
104    (0)   :  0.007 0.010 0.085 0.400 0.057 0.249 0.192 
105    (0)   :  0.010 0.008 0.128 0.380 0.076 0.275 0.122 
106    (0)   :  0.006 0.018 0.017 0.337 0.063 0.150 0.410 
107    (0)   :  0.008 0.010 0.073 0.336 0.134 0.290 0.149 
108    (0)   :  0.005 0.173 0.029 0.062 0.079 0.535 0.118 
109    (0)   :  0.038 0.034 0.022 0.381 0.063 0.228 0.234 
110    (0)   :  0.006 0.019 0.019 0.483 0.071 0.097 0.306 
111    (0)   :  0.008 0.009 0.031 0.592 0.077 0.162 0.121 
112    (0)   :  0.014 0.016 0.020 0.613 0.075 0.121 0.142 
113    (0)   :  0.008 0.023 0.038 0.126 0.149 0.428 0.227 
114    (0)   :  0.007 0.008 0.114 0.424 0.064 0.217 0.166 
115    (0)   :  0.008 0.013 0.027 0.418 0.132 0.246 0.156 
116    (0)   :  0.009 0.041 0.017 0.268 0.081 0.321 0.264 
117    (0)   :  0.009 0.017 0.020 0.541 0.097 0.093 0.222 
118    (0)   :  0.008 0.015 0.026 0.195 0.080 0.543 0.132 
119    (0)   :  0.005 0.023 0.036 0.127 0.385 0.270 0.154 
120    (0)   :  0.010 0.012 0.037 0.388 0.121 0.257 0.175 
121    (0)   :  0.019 0.019 0.020 0.460 0.101 0.227 0.153 
122    (0)   :  0.007 0.014 0.028 0.336 0.072 0.171 0.371 
123    (0)   :  0.006 0.019 0.037 0.463 0.102 0.187 0.186 
124    (0)   :  0.013 0.019 0.025 0.333 0.084 0.261 0.265 
125    (0)   :  0.009 0.036 0.021 0.316 0.132 0.114 0.372 
126    (0)   :  0.005 0.020 0.032 0.282 0.130 0.260 0.271 
127    (0)   :  0.006 0.009 0.030 0.553 0.083 0.201 0.117 
128    (0)   :  0.008 0.008 0.025 0.159 0.084 0.561 0.156 
129    (0)   :  0.014 0.009 0.027 0.340 0.067 0.399 0.142 
130    (0)   :  0.011 0.009 0.074 0.403 0.116 0.206 0.181 
131    (0)   :  0.012 0.150 0.021 0.295 0.076 0.168 0.278 
132    (0)   :  0.011 0.014 0.023 0.264 0.061 0.283 0.345 
133    (0)   :  0.010 0.015 0.041 0.364 0.098 0.308 0.163 
134    (0)   :  0.006 0.012 0.015 0.582 0.054 0.094 0.236 
135    (0)   :  0.012 0.014 0.080 0.059 0.420 0.306 0.109 
136    (0)   :  0.015 0.010 0.280 0.047 0.366 0.121 0.161 
137    (0)   :  0.007 0.011 0.125 0.102 0.567 0.078 0.112 
138    (0)   :  0.006 0.014 0.521 0.047 0.179 0.101 0.132 
139    (0)   :  0.007 0.011 0.130 0.051 0.133 0.521 0.147 
140    (0)   :  0.007 0.014 0.142 0.086 0.342 0.198 0.212 
141    (0)   :  0.011 0.014 0.434 0.048 0.132 0.146 0.215 
142    (0)   :  0.009 0.013 0.148 0.055 0.311 0.357 0.107 
143    (0)   :  0.005 0.008 0.097 0.044 0.673 0.083 0.090 
144    (0)   :  0.006 0.010 0.089 0.096 0.625 0.080 0.094 
145    (0)   :  0.019 0.013 0.137 0.050 0.328 0.200 0.253 
146    (0)   :  0.013 0.015 0.232 0.102 0.248 0.152 0.238 
147    (0)   :  0.008 0.009 0.260 0.046 0.493 0.078 0.107 
148    (0)   :  0.008 0.009 0.302 0.078 0.202 0.230 0.170 
149    (0)   :  0.011 0.015 0.358 0.048 0.249 0.184 0.134 
150    (0)   :  0.009 0.010 0.142 0.143 0.411 0.140 0.145 
151    (0)   :  0.007 0.008 0.123 0.060 0.567 0.121 0.114 
152    (0)   :  0.011 0.020 0.225 0.064 0.236 0.268 0.176 
153    (0)   :  0.006 0.015 0.396 0.066 0.216 0.140 0.160 
154    (0)   :  0.018 0.010 0.453 0.045 0.157 0.188 0.129 
155    (0)   :  0.006 0.008 0.550 0.061 0.149 0.111 0.116 
156    (0)   :  0.006 0.009 0.269 0.074 0.321 0.228 0.093 
157    (0)   :  0.005 0.011 0.391 0.132 0.217 0.092 0.152 
158    (0)   :  0.018 0.014 0.156 0.051 0.366 0.149 0.245 
159    (0)   :  0.010 0.009 0.469 0.045 0.280 0.086 0.100 
160    (0)   :  0.012 0.009 0.529 0.044 0.196 0.107 0.102 
161    (0)   :  0.006 0.013 0.063 0.067 0.559 0.111 0.180 
162    (0)   :  0.017 0.013 0.256 0.089 0.151 0.225 0.248 
163    (0)   :  0.006 0.009 0.483 0.061 0.213 0.128 0.102 
164    (0)   :  0.018 0.011 0.351 0.084 0.145 0.201 0.189 
165    (0)   :  0.007 0.010 0.119 0.138 0.496 0.114 0.116 
166    (0)   :  0.007 0.035 0.336 0.128 0.171 0.175 0.148 
167    (0)   :  0.022 0.010 0.569 0.067 0.084 0.104 0.143 
168    (0)   :  0.007 0.038 0.354 0.056 0.234 0.146 0.164 
169    (0)   :  0.021 0.053 0.102 0.049 0.289 0.133 0.353 
170    (0)   :  0.005 0.009 0.037 0.061 0.644 0.136 0.108 
171    (0)   :  0.008 0.024 0.283 0.062 0.189 0.241 0.193 
172    (0)   :  0.010 0.062 0.122 0.047 0.391 0.179 0.188 
173    (0)   :  0.009 0.008 0.498 0.044 0.190 0.148 0.103 
174    (0)   :  0.007 0.009 0.485 0.064 0.193 0.104 0.138 
175    (0)   :  0.009 0.009 0.122 0.043 0.559 0.092 0.166 
176    (0)   :  0.006 0.009 0.090 0.095 0.625 0.080 0.094 
177    (0)   :  0.007 0.018 0.336 0.132 0.162 0.120 0.224 
178    (0)   :  0.008 0.009 0.481 0.061 0.131 0.113 0.197 
179    (0)   :  0.006 0.008 0.588 0.044 0.151 0.094 0.109 
180    (0)   :  0.017 0.015 0.197 0.076 0.361 0.134 0.199 
181    (0)   :  0.012 0.012 0.102 0.049 0.461 0.215 0.147 
182    (0)   :  0.012 0.009 0.113 0.047 0.526 0.201 0.093 
183    (0)   :  0.008 0.009 0.224 0.046 0.487 0.114 0.114 
184    (0)   :  0.014 0.013 0.025 0.072 0.112 0.515 0.249 
185    (0)   :  0.006 0.009 0.299 0.045 0.363 0.202 0.078 
186    (0)   :  0.009 0.008 0.025 0.115 0.115 0.416 0.312 
187    (0)   :  0.006 0.010 0.129 0.070 0.232 0.387 0.167 
188    (0)   :  0.013 0.008 0.021 0.091 0.081 0.533 0.253 
189    (0)   :  0.006 0.044 0.058 0.057 0.338 0.201 0.295 
190    (0)   :  0.005 0.007 0.047 0.045 0.270 0.553 0.072 
191    (0)   :  0.010 0.008 0.040 0.055 0.134 0.582 0.171 
192    (0)   :  0.006 0.010 0.052 0.095 0.336 0.278 0.224 
193    (0)   :  0.007 0.010 0.042 0.064 0.274 0.379 0.224 
194    (0)   :  0.008 0.010 0.040 0.088 0.377 0.305 0.173 
195    (0)   :  0.008 0.008 0.088 0.044 0.358 0.402 0.094 
196    (0)   :  0.005 0.010 0.046 0.059 0.218 0.565 0.098 
197    (0)   :  0.009 0.010 0.085 0.106 0.146 0.339 0.306 
198    (0)   :  0.005 0.013 0.044 0.089 0.222 0.306 0.321 
199    (0)   :  0.006 0.013 0.027 0.062 0.310 0.477 0.104 
200    (0)   :  0.006 0.018 0.046 0.052 0.187 0.525 0.166 
201    (0)   :  0.006 0.008 0.290 0.052 0.207 0.323 0.114 
202    (0)   :  0.005 0.007 0.046 0.062 0.573 0.219 0.088 
203    (0)   :  0.008 0.007 0.162 0.047 0.296 0.382 0.097 
204    (0)   :  0.009 0.007 0.042 0.046 0.218 0.584 0.093 
205    (0)   :  0.007 0.013 0.037 0.056 0.165 0.591 0.131 
206    (0)   :  0.009 0.008 0.061 0.047 0.196 0.565 0.115 
207    (0)   :  0.007 0.007 0.023 0.065 0.154 0.641 0.103 
208    (0)   :  0.006 0.008 0.157 0.050 0.129 0.546 0.104 
209    (0)   :  0.007 0.008 0.037 0.060 0.209 0.494 0.185 
210    (0)   :  0.006 0.007 0.058 0.058 0.191 0.564 0.115 
211    (0)   :  0.009 0.008 0.041 0.089 0.267 0.496 0.091 
212    (0)   :  0.005 0.009 0.065 0.047 0.519 0.210 0.145 
213    (0)   :  0.006 0.012 0.029 0.106 0.257 0.417 0.172 
214    (0)   :  0.006 0.007 0.061 0.050 0.494 0.275 0.106 
215    (0)   :  0.006 0.012 0.035 0.060 0.108 0.663 0.116 
216    (0)   :  0.012 0.012 0.030 0.083 0.152 0.429 0.284 
217    (0)   :  0.006 0.012 0.073 0.048 0.427 0.317 0.117 
218    (0)   :  0.007 0.012 0.046 0.066 0.191 0.525 0.153 
219    (0)   :  0.013 0.021 0.083 0.069 0.275 0.258 0.282 
220    (0)   :  0.008 0.007 0.038 0.053 0.134 0.648 0.111 
221    (0)   :  0.005 0.008 0.032 0.040 0.692 0.141 0.081 
222    (0)   :  0.010 0.012 0.043 0.083 0.216 0.284 0.353 
223    (0)   :  0.005 0.013 0.146 0.073 0.289 0.290 0.185 
224    (0)   :  0.010 0.007 0.079 0.049 0.351 0.389 0.115 
225    (0)   :  0.006 0.010 0.042 0.057 0.229 0.536 0.120 
226    (0)   :  0.008 0.101 0.051 0.066 0.208 0.391 0.175 
227    (0)   :  0.006 0.008 0.059 0.066 0.330 0.432 0.100 
228    (0)   :  0.008 0.008 0.084 0.043 0.318 0.456 0.083 
229    (0)   :  0.011 0.008 0.072 0.057 0.397 0.315 0.141 
230    (0)   :  0.011 0.008 0.055 0.053 0.326 0.429 0.117 
231    (0)   :  0.009 0.008 0.110 0.052 0.261 0.378 0.183 
232    (0)   :  0.009 0.014 0.034 0.079 0.426 0.249 0.190 
233    (0)   :  0.006 0.008 0.280 0.050 0.270 0.277 0.109 
234    (0)   :  0.005 0.010 0.072 0.078 0.207 0.370 0.259 
235    (0)   :  0.006 0.015 0.052 0.061 0.371 0.322 0.173 
236    (0)   :  0.006 0.010 0.080 0.062 0.361 0.335 0.146 
237    (0)   :  0.008 0.008 0.031 0.055 0.129 0.655 0.115 
238    (0)   :  0.005 0.008 0.057 0.067 0.489 0.240 0.134 
239    (0)   :  0.008 0.008 0.086 0.043 0.359 0.402 0.094 
240    (0)   :  0.005 0.008 0.056 0.067 0.493 0.238 0.133 
241    (0)   :  0.007 0.010 0.053 0.052 0.555 0.216 0.107 
242    (0)   :  0.011 0.018 0.057 0.050 0.266 0.368 0.230 
243    (0)   :  0.005 0.007 0.048 0.048 0.215 0.597 0.080 
244    (0)   :  0.009 0.007 0.081 0.048 0.347 0.406 0.102 
245    (0)   :  0.005 0.008 0.241 0.056 0.374 0.210 0.107 
246    (0)   :  0.006 0.012 0.071 0.048 0.428 0.319 0.117 
247    (0)   :  0.005 0.015 0.023 0.169 0.105 0.440 0.243 
248    (0)   :  0.006 0.009 0.026 0.072 0.087 0.680 0.122 
249    (0)   :  0.007 0.008 0.043 0.057 0.463 0.299 0.124 
250    (0)   :  0.007 0.010 0.054 0.070 0.343 0.348 0.168 
251    (0)   :  0.007 0.032 0.045 0.070 0.152 0.442 0.252 
252    (0)   :  0.006 0.011 0.059 0.063 0.343 0.369 0.149 
253    (0)   :  0.005 0.019 0.027 0.105 0.181 0.493 0.170 
254    (0)   :  0.011 0.009 0.057 0.073 0.195 0.382 0.274 
255    (0)   :  0.007 0.008 0.051 0.066 0.285 0.324 0.260 
256    (0)   :  0.006 0.009 0.043 0.056 0.388 0.375 0.121 
257    (0)   :  0.015 0.011 0.047 0.077 0.267 0.442 0.142 
258    (0)   :  0.005 0.010 0.046 0.077 0.135 0.567 0.161 
259    (0)   :  0.008 0.010 0.038 0.066 0.256 0.473 0.148 
260    (0)   :  0.010 0.010 0.076 0.077 0.333 0.205 0.289 
261    (0)   :  0.005 0.011 0.085 0.056 0.372 0.344 0.127 
262    (0)   :  0.006 0.011 0.049 0.041 0.426 0.386 0.082 
263    (0)   :  0.017 0.008 0.032 0.058 0.115 0.605 0.164 
264    (0)   :  0.015 0.012 0.020 0.074 0.084 0.331 0.465 
265    (0)   :  0.006 0.015 0.084 0.061 0.218 0.434 0.183 
266    (0)   :  0.006 0.007 0.051 0.041 0.618 0.194 0.082 
267    (0)   :  0.006 0.008 0.049 0.075 0.292 0.396 0.174 
268    (0)   :  0.005 0.010 0.046 0.059 0.216 0.567 0.096 
269    (0)   :  0.006 0.025 0.093 0.059 0.232 0.279 0.307 
270    (0)   :  0.013 0.009 0.041 0.077 0.124 0.466 0.269 
271    (0)   :  0.006 0.012 0.042 0.076 0.141 0.584 0.140 
272    (0)   :  0.008 0.094 0.045 0.070 0.151 0.500 0.132 
273    (0)   :  0.034 0.027 0.103 0.090 0.246 0.272 0.229 
274    (0)   :  0.006 0.019 0.045 0.068 0.188 0.484 0.191 
275    (0)   :  0.013 0.029 0.095 0.059 0.158 0.477 0.169 
276    (0)   :  0.008 0.062 0.026 0.078 0.185 0.513 0.128 
277    (0)   :  0.006 0.012 0.073 0.073 0.336 0.294 0.205 
278    (0)   :  0.005 0.012 0.044 0.057 0.114 0.663 0.105 
279    (0)   :  0.006 0.012 0.053 0.069 0.254 0.439 0.167 
280    (0)   :  0.007 0.022 0.053 0.058 0.225 0.413 0.221 
281    (0)   :  0.006 0.011 0.046 0.081 0.191 0.469 0.194 
282    (0)   :  0.006 0.010 0.110 0.065 0.414 0.219 0.177 
283    (0)   :  0.006 0.008 0.099 0.060 0.491 0.203 0.133 
284    (0)   :  0.006 0.010 0.094 0.096 0.250 0.377 0.167 
285    (0)   :  0.006 0.013 0.019 0.070 0.074 0.669 0.149 
286    (0)   :  0.009 0.008 0.079 0.047 0.347 0.409 0.101 
287    (0)   :  0.006 0.019 0.068 0.079 0.251 0.309 0.268 
288    (0)   :  0.008 0.061 0.043 0.062 0.157 0.519 0.150 
289    (0)   :  0.009 0.036 0.040 0.096 0.145 0.510 0.164 
290    (0)   :  0.015 0.011 0.025 0.060 0.253 0.395 0.240 
291    (0)   :  0.006 0.013 0.042 0.076 0.141 0.581 0.140 
292    (0)   :  0.006 0.026 0.048 0.053 0.305 0.388 0.173 
293    (0)   :  0.008 0.011 0.024 0.069 0.132 0.431 0.326 
294    (0)   :  0.024 0.010 0.025 0.057 0.130 0.587 0.167 
295    (0)   :  0.009 0.057 0.062 0.088 0.154 0.469 0.161 
296    (0)   :  0.007 0.012 0.040 0.066 0.140 0.618 0.118 
297    (0)   :  0.007 0.021 0.037 0.064 0.200 0.400 0.271 
298    (0)   :  0.006 0.010 0.070 0.074 0.398 0.230 0.212 
299    (0)   :  0.024 0.008 0.040 0.067 0.165 0.453 0.243 
300    (0)   :  0.009 0.010 0.024 0.053 0.118 0.651 0.135 
301    (0)   :  0.013 0.015 0.039 0.066 0.122 0.472 0.274 
302    (0)   :  0.019 0.011 0.034 0.056 0.098 0.635 0.146 
303    (0)   :  0.009 0.010 0.065 0.052 0.378 0.329 0.157 
304    (0)   :  0.010 0.008 0.241 0.091 0.180 0.149 0.321 
305    (0)   :  0.010 0.011 0.077 0.042 0.231 0.532 0.098 
306    (0)   :  0.006 0.015 0.054 0.054 0.483 0.244 0.145 
307    (0)   :  0.009 0.012 0.044 0.069 0.331 0.361 0.174 
308    (0)   :  0.006 0.010 0.083 0.055 0.374 0.344 0.128 
309    (0)   :  0.032 0.018 0.061 0.083 0.120 0.562 0.124 
310    (0)   :  0.006 0.007 0.054 0.048 0.313 0.475 0.097 
311    (0)   :  0.011 0.007 0.054 0.054 0.327 0.431 0.116 
312    (0)   :  0.007 0.008 0.039 0.065 0.130 0.649 0.103 
313    (0)   :  0.007 0.009 0.023 0.054 0.095 0.718 0.094 
314    (0)   :  0.006 0.011 0.370 0.045 0.368 0.110 0.091 
315    (0)   :  0.005 0.022 0.481 0.052 0.199 0.124 0.117 
316    (0)   :  0.007 0.032 0.566 0.053 0.121 0.088 0.132 
317    (0)   :  0.006 0.011 0.465 0.046 0.293 0.082 0.097 
318    (0)   :  0.006 0.010 0.662 0.044 0.114 0.065 0.100 
319    (0)   :  0.007 0.009 0.168 0.044 0.588 0.093 0.093 
320    (0)   :  0.006 0.012 0.368 0.045 0.369 0.110 0.092 
321    (0)   :  0.006 0.011 0.492 0.046 0.261 0.077 0.105 
322    (0)   :  0.007 0.032 0.317 0.057 0.350 0.114 0.123 
323    (0)   :  0.009 0.009 0.614 0.043 0.153 0.072 0.100 
324    (0)   :  0.006 0.012 0.490 0.047 0.263 0.076 0.105 
325    (0)   :  0.006 0.030 0.596 0.053 0.108 0.082 0.125 
326    (0)   :  0.008 0.040 0.586 0.053 0.112 0.080 0.120 
327    (0)   :  0.006 0.011 0.463 0.046 0.294 0.082 0.098 
328    (0)   :  0.006 0.023 0.296 0.055 0.377 0.113 0.129 
329    (0)   :  0.006 0.009 0.527 0.044 0.247 0.067 0.100 
330    (0)   :  0.006 0.011 0.463 0.046 0.295 0.081 0.098 
331    (0)   :  0.006 0.009 0.616 0.043 0.152 0.073 0.101 
332    (0)   :  0.011 0.034 0.589 0.053 0.110 0.079 0.124 
333    (0)   :  0.009 0.030 0.545 0.053 0.150 0.093 0.119 
334    (0)   :  0.006 0.024 0.297 0.056 0.376 0.113 0.129 
335    (0)   :  0.006 0.022 0.265 0.054 0.438 0.102 0.113 
336    (0)   :  0.010 0.011 0.585 0.044 0.159 0.092 0.098 
337    (0)   :  0.006 0.035 0.424 0.056 0.248 0.099 0.132 
338    (0)   :  0.006 0.010 0.661 0.043 0.113 0.064 0.103 
339    (0)   :  0.006 0.009 0.615 0.043 0.154 0.073 0.100 
340    (0)   :  0.006 0.009 0.600 0.043 0.171 0.078 0.094 
341    (0)   :  0.011 0.010 0.583 0.044 0.179 0.075 0.098 
342    (0)   :  0.006 0.011 0.464 0.046 0.294 0.081 0.098 
343    (0)   :  0.012 0.024 0.239 0.054 0.434 0.122 0.115 
344    (0)   :  0.006 0.009 0.633 0.043 0.145 0.065 0.100 
345    (0)   :  0.006 0.011 0.461 0.046 0.297 0.081 0.098 
346    (0)   :  0.006 0.010 0.657 0.044 0.121 0.067 0.095 
347    (0)   :  0.006 0.009 0.617 0.043 0.163 0.069 0.094 
348    (0)   :  0.006 0.020 0.190 0.051 0.497 0.135 0.101 
349    (0)   :  0.006 0.011 0.465 0.046 0.295 0.080 0.097 
350    (0)   :  0.006 0.008 0.481 0.043 0.250 0.114 0.097 
351    (0)   :  0.006 0.021 0.269 0.054 0.434 0.102 0.113 
352    (0)   :  0.006 0.033 0.400 0.056 0.278 0.108 0.119 
353    (0)   :  0.010 0.011 0.589 0.044 0.157 0.092 0.097 
354    (0)   :  0.007 0.009 0.620 0.044 0.152 0.066 0.102 
355    (0)   :  0.006 0.010 0.664 0.043 0.112 0.064 0.101 
356    (0)   :  0.005 0.018 0.060 0.050 0.646 0.124 0.098 
357    (0)   :  0.005 0.034 0.316 0.058 0.149 0.114 0.324 
358    (0)   :  0.006 0.023 0.565 0.053 0.143 0.083 0.126 
359    (0)   :  0.006 0.009 0.614 0.044 0.155 0.071 0.101 
360    (0)   :  0.006 0.010 0.656 0.043 0.122 0.068 0.094 
361    (0)   :  0.005 0.033 0.080 0.062 0.367 0.133 0.318 
362    (0)   :  0.009 0.048 0.040 0.111 0.107 0.279 0.406 
363    (0)   :  0.007 0.022 0.024 0.147 0.088 0.171 0.541 
364    (0)   :  0.019 0.014 0.089 0.098 0.264 0.161 0.355 
365    (0)   :  0.029 0.038 0.029 0.082 0.103 0.158 0.560 
366    (0)   :  0.008 0.032 0.034 0.065 0.186 0.327 0.349 
367    (0)   :  0.006 0.033 0.019 0.399 0.064 0.090 0.389 
368    (0)   :  0.007 0.012 0.029 0.202 0.117 0.256 0.377 
369    (0)   :  0.011 0.017 0.048 0.075 0.360 0.176 0.313 
370    (0)   :  0.017 0.020 0.039 0.295 0.138 0.264 0.228 
371    (0)   :  0.017 0.015 0.044 0.085 0.153 0.261 0.425 
372    (0)   :  0.088 0.026 0.055 0.155 0.156 0.331 0.190 
373    (0)   :  0.007 0.012 0.030 0.226 0.193 0.142 0.390 
374    (0)   :  0.010 0.027 0.039 0.115 0.326 0.139 0.345 
375    (0)   :  0.022 0.017 0.025 0.148 0.079 0.119 0.590 
376    (0)   :  0.074 0.023 0.022 0.105 0.074 0.076 0.626 
377    (0)   :  0.008 0.028 0.049 0.106 0.086 0.308 0.415 
378    (0)   :  0.007 0.013 0.110 0.411 0.158 0.133 0.169 
379    (0)   :  0.156 0.031 0.021 0.129 0.070 0.097 0.498 
380    (0)   :  0.012 0.101 0.039 0.055 0.247 0.135 0.412 
381    (0)   :  0.013 0.018 0.026 0.051 0.262 0.130 0.501 
382    (0)   :  0.006 0.013 0.031 0.127 0.076 0.106 0.640 
383    (0)   :  0.024 0.105 0.175 0.053 0.087 0.117 0.439 
384    (0)   :  0.092 0.032 0.084 0.116 0.114 0.101 0.461 
385    (0)   :  0.113 0.012 0.153 0.191 0.103 0.125 0.303 
386    (0)   :  0.005 0.017 0.022 0.133 0.084 0.121 0.618 
387    (0)   :  0.006 0.016 0.036 0.162 0.086 0.137 0.556 
388    (0)   :  0.026 0.021 0.097 0.148 0.209 0.128 0.370 
389    (0)   :  0.018 0.014 0.029 0.089 0.084 0.621 0.144 
390    (0)   :  0.019 0.085 0.026 0.284 0.104 0.177 0.305 
391    (0)   :  0.026 0.027 0.030 0.263 0.173 0.282 0.198 
392    (0)   :  0.009 0.014 0.051 0.094 0.135 0.143 0.554 
393    (0)   :  0.010 0.131 0.037 0.083 0.187 0.111 0.441 
394    (0)   :  0.006 0.031 0.115 0.154 0.190 0.144 0.360 
395    (0)   :  0.005 0.058 0.026 0.130 0.101 0.372 0.309 
396    (0)   :  0.006 0.010 0.018 0.135 0.066 0.131 0.635 
397    (0)   :  0.089 0.010 0.045 0.070 0.223 0.251 0.312 
398    (0)   :  0.026 0.064 0.020 0.163 0.073 0.089 0.564 
399    (0)   :  0.006 0.041 0.024 0.449 0.092 0.195 0.193 
400    (0)   :  0.007 0.013 0.022 0.161 0.144 0.093 0.560 
401    (0)   :  0.005 0.015 0.028 0.337 0.143 0.193 0.279 
402    (0)   :  0.007 0.012 0.033 0.146 0.136 0.283 0.383 
403    (0)   :  0.010 0.020 0.130 0.145 0.314 0.161 0.221 
404    (0)   :  0.015 0.011 0.029 0.112 0.194 0.168 0.470 
405    (0)   :  0.005 0.033 0.030 0.082 0.154 0.240 0.457 
406    (0)   :  0.005 0.315 0.026 0.058 0.261 0.185 0.151 
407    (0)   :  0.005 0.035 0.018 0.070 0.070 0.093 0.709 
408    (0)   :  0.004 0.010 0.017 0.323 0.071 0.398 0.177 
409    (0)   :  0.011 0.072 0.026 0.081 0.477 0.098 0.236 
410    (0)   :  0.066 0.032 0.039 0.175 0.135 0.134 0.418 
411    (0)   :  0.020 0.014 0.091 0.085 0.130 0.155 0.505 
412    (0)   :  0.007 0.011 0.027 0.166 0.106 0.199 0.484 
413    (0)   :  0.005 0.012 0.092 0.169 0.148 0.179 0.394 
414    (0)   :  0.009 0.009 0.026 0.227 0.058 0.253 0.418 
415    (0)   :  0.006 0.029 0.019 0.100 0.122 0.170 0.554 
416    (0)   :  0.011 0.013 0.023 0.163 0.203 0.149 0.438 
417    (0)   :  0.007 0.115 0.021 0.103 0.093 0.105 0.556 
418    (0)   :  0.008 0.011 0.020 0.244 0.075 0.106 0.536 
419    (0)   :  0.021 0.024 0.056 0.157 0.261 0.156 0.325 
420    (0)   :  0.004 0.014 0.017 0.293 0.125 0.258 0.289 
421    (0)   :  0.008 0.040 0.021 0.159 0.105 0.152 0.515 
422    (0)   :  0.008 0.060 0.024 0.070 0.115 0.357 0.366 
423    (0)   :  0.012 0.032 0.037 0.106 0.108 0.238 0.468 
424    (0)   :  0.008 0.054 0.033 0.416 0.136 0.158 0.195 
425    (0)   :  0.071 0.018 0.052 0.121 0.134 0.179 0.425 
426    (0)   :  0.053 0.055 0.059 0.314 0.127 0.132 0.261 
427    (0)   :  0.006 0.070 0.117 0.130 0.069 0.091 0.517 
428    (0)   :  0.020 0.163 0.046 0.070 0.241 0.188 0.271 
429    (0)   :  0.006 0.018 0.018 0.152 0.064 0.083 0.658 
430    (0)   :  0.006 0.086 0.021 0.101 0.093 0.103 0.589 
431    (0)   :  0.019 0.036 0.055 0.302 0.120 0.230 0.239 
432    (0)   :  0.006 0.012 0.031 0.194 0.125 0.238 0.395 
433    (0)   :  0.013 0.011 0.074 0.119 0.329 0.255 0.198 
434    (0)   :  0.008 0.012 0.032 0.075 0.208 0.178 0.488 
435    (0)   :  0.005 0.175 0.020 0.114 0.069 0.103 0.514 
436    (0)   :  0.008 0.341 0.021 0.180 0.130 0.072 0.247 
437    (0)   :  0.008 0.024 0.021 0.071 0.074 0.103 0.697 
438    (0)   :  0.006 0.328 0.022 0.179 0.176 0.122 0.167 
439    (0)   :  0.006 0.238 0.024 0.135 0.110 0.070 0.418 
440    (0)   :  0.004 0.319 0.017 0.137 0.058 0.096 0.369 
441    (0)   :  0.006 0.052 0.034 0.123 0.174 0.098 0.513 
442    (0)   :  0.008 0.013 0.017 0.167 0.098 0.145 0.553 
443    (0)   :  0.005 0.056 0.018 0.411 0.085 0.207 0.218 
444    (0)   :  0.009 0.027 0.017 0.147 0.095 0.157 0.548 
445    (0)   :  0.037 0.053 0.026 0.089 0.310 0.109 0.377 
446    (0)   :  0.034 0.132 0.022 0.293 0.086 0.063 0.372 
447    (0)   :  0.010 0.238 0.026 0.143 0.171 0.146 0.267 
448    (0)   :  0.005 0.040 0.022 0.106 0.083 0.133 0.610 
449    (0)   :  0.006 0.047 0.029 0.100 0.137 0.148 0.534 
450    (0)   :  0.009 0.014 0.033 0.127 0.126 0.068 0.623 
451    (0)   :  0.006 0.023 0.017 0.340 0.059 0.227 0.328 
452    (0)   :  0.006 0.023 0.029 0.107 0.110 0.076 0.649 
453    (0)   :  0.005 0.021 0.021 0.230 0.215 0.336 0.172 
454    (0)   :  0.006 0.056 0.043 0.095 0.112 0.119 0.570 
455    (0)   :  0.005 0.375 0.018 0.154 0.090 0.103 0.255 
456    (0)   :  0.007 0.070 0.018 0.142 0.085 0.237 0.440 
457    (0)   :  0.006 0.049 0.022 0.071 0.086 0.096 0.670 
458    (0)   :  0.032 0.054 0.023 0.135 0.106 0.076 0.574 
459    (0)   :  0.005 0.077 0.030 0.307 0.191 0.075 0.314 
460    (0)   :  0.005 0.062 0.021 0.377 0.080 0.083 0.373 
461    (0)   :  0.006 0.015 0.021 0.478 0.075 0.063 0.341 
462    (0)   :  0.018 0.029 0.017 0.324 0.064 0.172 0.376 
463    (0)   :  0.005 0.301 0.025 0.104 0.160 0.247 0.158 
464    (0)   :  0.005 0.074 0.018 0.316 0.088 0.147 0.353 
465    (0)   :  0.007 0.029 0.022 0.419 0.106 0.130 0.287 
466    (0)   :  0.004 0.075 0.019 0.248 0.095 0.264 0.295 
467    (0)   :  0.006 0.040 0.028 0.248 0.146 0.146 0.385 
468    (0)   :  0.006 0.329 0.018 0.062 0.080 0.140 0.365 
469    (0)   :  0.005 0.497 0.021 0.092 0.080 0.065 0.241 
470    (0)   :  0.005 0.301 0.020 0.164 0.070 0.083 0.358 
471    (0)   :  0.008 0.021 0.020 0.152 0.099 0.322 0.379 
472    (0)   :  0.007 0.018 0.019 0.162 0.125 0.190 0.479 
473    (0)   :  0.005 0.047 0.030 0.083 0.126 0.182 0.527 
474    (0)   :  0.005 0.022 0.025 0.111 0.140 0.118 0.578 
475    (0)   :  0.006 0.028 0.033 0.317 0.166 0.126 0.324 
476    (0)   :  0.008 0.032 0.020 0.147 0.115 0.103 0.574 
477    (0)   :  0.007 0.033 0.023 0.425 0.147 0.123 0.242 
478    (0)   :  0.008 0.022 0.020 0.642 0.067 0.080 0.161 
479    (0)   :  0.005 0.072 0.020 0.136 0.069 0.084 0.614 
480    (0)   :  0.006 0.055 0.021 0.081 0.080 0.079 0.678 
481    (0)   :  0.008 0.016 0.020 0.095 0.086 0.273 0.503 
482    (0)   :  0.006 0.026 0.020 0.141 0.070 0.071 0.667 
483    (0)   :  0.006 0.338 0.025 0.157 0.104 0.072 0.299 
484    (0)   :  0.006 0.314 0.023 0.143 0.107 0.185 0.221 
485    (0)   :  0.005 0.575 0.020 0.115 0.070 0.067 0.148 
486    (0)   :  0.017 0.012 0.027 0.135 0.109 0.446 0.253 
487    (0)   :  0.017 0.013 0.064 0.111 0.182 0.299 0.315 
488    (0)   :  0.012 0.013 0.070 0.253 0.112 0.350 0.190 
489    (0)   :  0.016 0.009 0.032 0.063 0.297 0.254 0.330 
490    (0)   :  0.008 0.014 0.022 0.296 0.076 0.295 0.289 
491    (0)   :  0.018 0.009 0.031 0.083 0.231 0.432 0.195 
492    (0)   :  0.006 0.011 0.097 0.267 0.276 0.205 0.139 
493    (0)   :  0.020 0.010 0.060 0.099 0.076 0.522 0.213 
494    (0)   :  0.093 0.017 0.030 0.109 0.241 0.287 0.223 
495    (0)   :  0.044 0.012 0.067 0.360 0.203 0.169 0.145 
496    (0)   :  0.006 0.013 0.043 0.085 0.452 0.217 0.184 
497    (0)   :  0.100 0.010 0.082 0.085 0.138 0.354 0.231 
498    (0)   :  0.023 0.014 0.020 0.187 0.209 0.260 0.287 
499    (0)   :  0.062 0.012 0.076 0.067 0.272 0.283 0.228 
500    (0)   :  0.034 0.019 0.043 0.076 0.106 0.353 0.369 
501    (0)   :  0.014 0.013 0.043 0.113 0.304 0.157 0.356 
502    (0)   :  0.011 0.012 0.055 0.254 0.321 0.127 0.221 
503    (0)   :  0.008 0.015 0.025 0.088 0.096 0.180 0.588 
504    (0)   :  0.008 0.012 0.021 0.418 0.123 0.235 0.183 
505    (0)   :  0.010 0.014 0.030 0.096 0.237 0.471 0.142 
506    (0)   :  0.010 0.009 0.040 0.235 0.313 0.194 0.199 
507    (0)   :  0.008 0.009 0.064 0.045 0.590 0.180 0.103 
508    (0)   :  0.026 0.009 0.092 0.060 0.485 0.224 0.104 
509    (0)   :  0.009 0.013 0.051 0.081 0.250 0.453 0.142 
510    (0)   :  0.037 0.009 0.062 0.091 0.326 0.164 0.311 
511    (0)   :  0.016 0.047 0.021 0.175 0.145 0.231 0.365 
512    (0)   :  0.011 0.013 0.020 0.125 0.082 0.149 0.600 
513    (0)   :  0.024 0.008 0.032 0.303 0.122 0.428 0.082 
514    (0)   :  0.008 0.012 0.050 0.328 0.122 0.250 0.229 
515    (0)   :  0.017 0.047 0.081 0.088 0.172 0.266 0.330 
516    (0)   :  0.009 0.015 0.026 0.258 0.165 0.374 0.154 
517    (0)   :  0.007 0.041 0.047 0.124 0.228 0.287 0.266 
518    (0)   :  0.067 0.009 0.110 0.065 0.195 0.205 0.349 
519    (0)   :  0.005 0.016 0.028 0.407 0.176 0.171 0.197 
520    (0)   :  0.007 0.220 0.058 0.054 0.333 0.196 0.133 
521    (0)   :  0.007 0.010 0.267 0.156 0.143 0.242 0.175 
522    (0)   :  0.028 0.024 0.037 0.084 0.094 0.329 0.405 
523    (0)   :  0.008 0.030 0.049 0.124 0.283 0.348 0.157 
524    (0)   :  0.008 0.258 0.056 0.081 0.132 0.235 0.230 
525    (0)   :  0.076 0.037 0.073 0.059 0.269 0.210 0.276 
526    (0)   :  0.005 0.369 0.025 0.054 0.197 0.227 0.122 
527    (0)   :  0.075 0.010 0.040 0.170 0.099 0.187 0.419 
528    (0)   :  0.005 0.008 0.371 0.075 0.135 0.269 0.136 
529    (0)   :  0.093 0.009 0.057 0.110 0.201 0.306 0.223 
530    (0)   :  0.009 0.023 0.037 0.080 0.162 0.246 0.443 
531    (0)   :  0.008 0.032 0.272 0.085 0.143 0.181 0.279 
532    (0)   :  0.028 0.009 0.229 0.094 0.108 0.284 0.246 
533    (0)   :  0.058 0.026 0.041 0.067 0.121 0.350 0.337 
534    (0)   :  0.075 0.011 0.056 0.107 0.133 0.522 0.096 
535    (0)   :  0.005 0.038 0.025 0.178 0.194 0.313 0.246 
536    (0)   :  0.008 0.050 0.028 0.108 0.371 0.143 0.292 
537    (0)   :  0.006 0.013 0.028 0.096 0.551 0.149 0.157 
538    (0)   :  0.006 0.020 0.028 0.069 0.374 0.305 0.197 
539    (0)   :  0.005 0.007 0.039 0.051 0.633 0.142 0.123 
540    (0)   :  0.010 0.029 0.147 0.065 0.134 0.410 0.205 
541    (0)   :  0.009 0.016 0.167 0.122 0.333 0.157 0.196 
542    (0)   :  0.007 0.048 0.020 0.080 0.198 0.359 0.287 
543    (0)   :  0.009 0.039 0.103 0.229 0.178 0.310 0.132 
544    (0)   :  0.006 0.023 0.030 0.081 0.205 0.458 0.197 
545    (0)   :  0.006 0.205 0.018 0.135 0.127 0.335 0.175 
546    (0)   :  0.008 0.012 0.036 0.086 0.251 0.413 0.194 
547    (0)   :  0.006 0.048 0.027 0.127 0.407 0.259 0.126 
548    (0)   :  0.007 0.010 0.054 0.068 0.341 0.352 0.168 
549    (0)   :  0.007 0.066 0.029 0.070 0.576 0.075 0.177 
550    (0)   :  0.005 0.198 0.019 0.145 0.243 0.180 0.210 
551    (0)   :  0.006 0.018 0.040 0.086 0.619 0.087 0.144 
552    (0)   :  0.006 0.011 0.034 0.056 0.346 0.370 0.178 
553    (0)   :  0.008 0.035 0.053 0.164 0.295 0.345 0.101 
554    (0)   :  0.018 0.020 0.130 0.130 0.115 0.264 0.322 
555    (0)   :  0.010 0.014 0.035 0.092 0.490 0.215 0.144 
556    (0)   :  0.006 0.011 0.028 0.073 0.345 0.334 0.203 
557    (0)   :  0.005 0.167 0.034 0.178 0.221 0.134 0.261 
558    (0)   :  0.005 0.029 0.020 0.151 0.072 0.064 0.658 
559    (0)   :  0.008 0.010 0.025 0.178 0.120 0.395 0.263 
560    (0)   :  0.005 0.046 0.016 0.392 0.060 0.103 0.377 
561    (0)   :  0.006 0.021 0.020 0.185 0.077 0.221 0.469 
562    (0)   :  0.008 0.029 0.016 0.256 0.058 0.310 0.322 
563    (0)   :  0.008 0.019 0.026 0.390 0.287 0.088 0.182 
564    (0)   :  0.016 0.018 0.041 0.088 0.089 0.520 0.229 
565    (0)   :  0.005 0.055 0.021 0.067 0.083 0.082 0.688 
566    (0)   :  0.004 0.035 0.017 0.405 0.058 0.113 0.367 
567    (0)   :  0.010 0.013 0.020 0.093 0.077 0.596 0.191 
568    (0)   :  0.005 0.025 0.028 0.215 0.123 0.264 0.340 
569    (0)   :  0.008 0.034 0.039 0.126 0.096 0.238 0.458 
570    (0)   :  0.008 0.026 0.018 0.097 0.059 0.086 0.706 
571    (0)   :  0.006 0.029 0.028 0.449 0.089 0.168 0.232 
572    (0)   :  0.005 0.028 0.029 0.062 0.351 0.293 0.231 
573    (0)   :  0.013 0.177 0.034 0.080 0.105 0.391 0.199 
574    (0)   :  0.008 0.023 0.042 0.065 0.183 0.139 0.539 
575    (0)   :  0.006 0.017 0.033 0.256 0.216 0.146 0.326 
576    (0)   :  0.007 0.026 0.018 0.381 0.058 0.111 0.398 
577    (0)   :  0.007 0.012 0.029 0.077 0.212 0.117 0.545 
578    (0)   :  0.006 0.046 0.026 0.304 0.098 0.153 0.367 
579    (0)   :  0.011 0.017 0.028 0.113 0.071 0.262 0.498 
580    (0)   :  0.006 0.021 0.029 0.078 0.124 0.111 0.632 
581    (0)   :  0.005 0.025 0.027 0.124 0.102 0.103 0.614 
582    (0)   :  0.007 0.046 0.017 0.205 0.082 0.134 0.509 
583    (0)   :  0.050 0.029 0.032 0.328 0.086 0.131 0.344 
584    (0)   :  0.007 0.018 0.020 0.312 0.069 0.122 0.452 
585    (0)   :  0.007 0.031 0.021 0.267 0.086 0.125 0.464 
586    (0)   :  0.006 0.011 0.024 0.454 0.131 0.195 0.178 
587    (0)   :  0.011 0.011 0.017 0.110 0.070 0.285 0.496 
588    (0)   :  0.011 0.008 0.025 0.052 0.066 0.749 0.089 
589    (0)   :  0.007 0.170 0.023 0.106 0.067 0.221 0.406 
590    (0)   :  0.007 0.010 0.024 0.325 0.075 0.297 0.261 
591    (0)   :  0.005 0.013 0.028 0.335 0.097 0.186 0.335 
592    (0)   :  0.005 0.030 0.019 0.208 0.082 0.376 0.280 
593    (0)   :  0.006 0.036 0.033 0.146 0.139 0.214 0.425 
594    (0)   :  0.050 0.016 0.073 0.231 0.138 0.224 0.268 
595    (0)   :  0.024 0.010 0.018 0.113 0.066 0.181 0.587 
596    (0)   :  0.005 0.138 0.033 0.090 0.096 0.478 0.160 
597    (0)   :  0.007 0.024 0.182 0.402 0.095 0.170 0.120 
598    (0)   :  0.007 0.035 0.020 0.089 0.063 0.073 0.713 
599    (0)   :  0.006 0.022 0.017 0.297 0.064 0.223 0.371 
600    (0)   :  0.006 0.019 0.034 0.074 0.142 0.168 0.556 
601    (0)   :  0.005 0.018 0.016 0.164 0.076 0.166 0.555 
602    (0)   :  0.009 0.014 0.044 0.119 0.221 0.322 0.271 
603    (0)   :  0.006 0.011 0.050 0.124 0.179 0.377 0.252 
604    (0)   :  0.022 0.067 0.049 0.087 0.139 0.164 0.471 
605    (0)   :  0.006 0.022 0.027 0.129 0.107 0.299 0.410 
606    (0)   :  0.010 0.019 0.047 0.123 0.243 0.260 0.299 
607    (0)   :  0.009 0.017 0.072 0.067 0.255 0.153 0.429 
608    (0)   :  0.006 0.020 0.190 0.122 0.283 0.112 0.267 
609    (0)   :  0.008 0.018 0.022 0.095 0.162 0.134 0.561 
610    (0)   :  0.006 0.235 0.026 0.078 0.108 0.222 0.324 
611    (0)   :  0.008 0.015 0.046 0.158 0.208 0.342 0.223 
612    (0)   :  0.012 0.076 0.026 0.069 0.102 0.120 0.596 
613    (0)   :  0.035 0.025 0.034 0.088 0.114 0.296 0.408 
614    (0)   :  0.010 0.017 0.020 0.056 0.087 0.155 0.655 
615    (0)   :  0.006 0.045 0.032 0.059 0.151 0.137 0.570 
616    (0)   :  0.006 0.011 0.062 0.083 0.175 0.153 0.511 
617    (0)   :  0.031 0.031 0.035 0.115 0.070 0.269 0.449 
618    (0)   :  0.023 0.088 0.150 0.058 0.120 0.189 0.373 
619    (0)   :  0.005 0.036 0.045 0.139 0.176 0.287 0.312 
620    (0)   :  0.006 0.023 0.016 0.183 0.061 0.471 0.240 
621    (0)   :  0.008 0.016 0.023 0.231 0.089 0.119 0.514 
622    (0)   :  0.024 0.065 0.079 0.073 0.104 0.330 0.325 
623    (0)   :  0.005 0.021 0.024 0.151 0.094 0.343 0.361 
624    (0)   :  0.012 0.057 0.148 0.079 0.106 0.103 0.494 
625    (0)   :  0.018 0.029 0.103 0.152 0.149 0.117 0.431 
626    (0)   :  0.029 0.086 0.173 0.053 0.258 0.188 0.213 
627    (0)   :  0.005 0.013 0.031 0.113 0.111 0.311 0.416 
628    (0)   :  0.007 0.014 0.033 0.151 0.106 0.378 0.311 
629    (0)   :  0.006 0.012 0.034 0.155 0.149 0.235 0.408 
630    (0)   :  0.014 0.027 0.033 0.104 0.109 0.125 0.589 
631    (0)   :  0.007 0.012 0.030 0.069 0.117 0.148 0.616 
632    (0)   :  0.008 0.015 0.058 0.065 0.289 0.331 0.233 
633    (0)   :  0.010 0.029 0.054 0.092 0.160 0.143 0.513 
634    (0)   :  0.007 0.016 0.058 0.094 0.223 0.268 0.334 
635    (0)   :  0.006 0.016 0.068 0.066 0.436 0.147 0.261 
636    (0)   :  0.008 0.021 0.123 0.104 0.149 0.122 0.472 
637    (0)   :  0.007 0.019 0.030 0.103 0.235 0.353 0.252 
638    (0)   :  0.007 0.014 0.047 0.129 0.179 0.227 0.397 
639    (0)   :  0.010 0.020 0.049 0.060 0.140 0.192 0.530 
