

----------------------------------------------------
STRUCTURE by Pritchard, Stephens and Donnelly (2000)
     and Falush, Stephens and Pritchard (2003)
       Code by Pritchard, Falush and Hubisz
             Version 2.3.4 (Jul 2012)
----------------------------------------------------



Command line arguments:   ./structure -K 4 -D 104002 -m brooktrout/mainparams -e brooktrout/extraparams -o brooktrout/250914_output/results_K4_rep2 
Input File:    brooktrout/brooktrout.txt

Run parameters:
   8454 individuals
   5 loci
   4 populations assumed
   50000 Burn-in period
   100000 Reps
RANDOMIZE turned off


--------------------------------------------
Overall proportion of membership of the
sample in each of the 4 clusters

Inferred Clusters
  1      2      3      4    
0.248  0.162  0.241  0.349  

--------------------------------------------

Allele-freq. divergence among pops (Net nucleotide distance),
computed using point estimates of P.

      1       2       3       4      
 1      -    0.1138  0.0352  0.0418  
 2   0.1138     -    0.1089  0.0570  
 3   0.0352  0.1089     -    0.0528  
 4   0.0418  0.0570  0.0528     -    

Average distances (expected heterozygosity) between individuals in same cluster:
cluster  1  : 0.8166 
cluster  2  : 0.7355 
cluster  3  : 0.8000 
cluster  4  : 0.8368 

--------------------------------------------
Estimated Ln Prob of Data   = -178978.4
Mean value of ln likelihood = -173445.5
Variance of ln likelihood   = 11065.8

Mean value of alpha_1       = 0.2138
Mean value of alpha_2       = 0.1383
Mean value of alpha_3       = 0.2106
Mean value of alpha_4       = 0.3098
Allele frequencies uncorrelated


Inferred ancestry of individuals:
     (%Miss) :  Inferred clusters
  1    (0)   :  0.122 0.196 0.321 0.361 
  2    (0)   :  0.126 0.027 0.074 0.773 
  3    (0)   :  0.083 0.109 0.538 0.269 
  4    (0)   :  0.116 0.577 0.059 0.249 
  5    (0)   :  0.151 0.028 0.110 0.712 
  6    (0)   :  0.065 0.029 0.814 0.091 
  7    (0)   :  0.708 0.034 0.171 0.086 
  8    (0)   :  0.176 0.317 0.329 0.177 
  9    (0)   :  0.150 0.060 0.341 0.450 
 10    (0)   :  0.277 0.140 0.459 0.124 
 11    (0)   :  0.666 0.033 0.199 0.102 
 12    (0)   :  0.150 0.046 0.116 0.689 
 13    (0)   :  0.338 0.063 0.237 0.361 
 14    (0)   :  0.105 0.058 0.120 0.717 
 15    (0)   :  0.178 0.144 0.133 0.544 
 16    (0)   :  0.159 0.052 0.626 0.163 
 17    (0)   :  0.132 0.045 0.447 0.376 
 18    (0)   :  0.087 0.060 0.462 0.392 
 19    (0)   :  0.121 0.039 0.650 0.190 
 20    (0)   :  0.237 0.047 0.181 0.535 
 21    (0)   :  0.089 0.125 0.160 0.626 
 22    (0)   :  0.065 0.057 0.752 0.126 
 23    (0)   :  0.183 0.158 0.080 0.579 
 24    (0)   :  0.090 0.131 0.441 0.338 
 25    (0)   :  0.504 0.025 0.243 0.228 
 26    (0)   :  0.086 0.078 0.385 0.451 
 27    (0)   :  0.187 0.077 0.353 0.382 
 28    (0)   :  0.243 0.320 0.233 0.204 
 29    (0)   :  0.320 0.042 0.121 0.517 
 30    (0)   :  0.056 0.040 0.734 0.170 
 31    (0)   :  0.237 0.116 0.243 0.404 
 32    (0)   :  0.155 0.120 0.231 0.494 
 33    (0)   :  0.161 0.117 0.448 0.274 
 34    (0)   :  0.453 0.058 0.398 0.091 
 35    (0)   :  0.070 0.030 0.385 0.516 
 36    (0)   :  0.058 0.036 0.414 0.491 
 37    (0)   :  0.165 0.124 0.138 0.573 
 38    (0)   :  0.093 0.023 0.735 0.150 
 39    (0)   :  0.170 0.039 0.519 0.272 
 40    (0)   :  0.050 0.085 0.122 0.743 
 41    (0)   :  0.101 0.038 0.359 0.502 
 42    (0)   :  0.062 0.305 0.214 0.419 
 43    (0)   :  0.107 0.052 0.064 0.777 
 44    (0)   :  0.075 0.029 0.244 0.653 
 45    (0)   :  0.077 0.024 0.320 0.579 
 46    (0)   :  0.138 0.030 0.540 0.292 
 47    (0)   :  0.105 0.046 0.447 0.402 
 48    (0)   :  0.043 0.027 0.246 0.684 
 49    (0)   :  0.104 0.042 0.363 0.492 
 50    (0)   :  0.255 0.080 0.487 0.177 
 51    (0)   :  0.042 0.029 0.143 0.787 
 52    (0)   :  0.165 0.047 0.553 0.235 
 53    (0)   :  0.089 0.053 0.753 0.106 
 54    (0)   :  0.096 0.042 0.087 0.775 
 55    (0)   :  0.074 0.032 0.068 0.827 
 56    (0)   :  0.044 0.041 0.388 0.526 
 57    (0)   :  0.156 0.147 0.394 0.302 
 58    (0)   :  0.094 0.041 0.132 0.733 
 59    (0)   :  0.080 0.038 0.400 0.482 
 60    (0)   :  0.060 0.077 0.108 0.755 
 61    (0)   :  0.060 0.049 0.035 0.856 
 62    (0)   :  0.094 0.035 0.403 0.467 
 63    (0)   :  0.289 0.076 0.129 0.506 
 64    (0)   :  0.073 0.026 0.727 0.175 
 65    (0)   :  0.714 0.021 0.103 0.162 
 66    (0)   :  0.115 0.073 0.058 0.755 
 67    (0)   :  0.125 0.027 0.064 0.784 
 68    (0)   :  0.076 0.046 0.375 0.503 
 69    (0)   :  0.258 0.137 0.460 0.145 
 70    (0)   :  0.176 0.049 0.157 0.619 
 71    (0)   :  0.078 0.020 0.286 0.615 
 72    (0)   :  0.107 0.029 0.553 0.311 
 73    (0)   :  0.103 0.022 0.064 0.810 
 74    (0)   :  0.052 0.078 0.468 0.403 
 75    (0)   :  0.036 0.063 0.192 0.709 
 76    (0)   :  0.393 0.040 0.102 0.466 
 77    (0)   :  0.122 0.032 0.352 0.494 
 78    (0)   :  0.083 0.039 0.505 0.373 
 79    (0)   :  0.719 0.034 0.127 0.120 
 80    (0)   :  0.169 0.549 0.097 0.185 
 81    (0)   :  0.263 0.388 0.141 0.207 
 82    (0)   :  0.216 0.068 0.070 0.646 
 83    (0)   :  0.250 0.223 0.200 0.327 
 84    (0)   :  0.414 0.201 0.136 0.249 
 85    (0)   :  0.142 0.248 0.225 0.386 
 86    (0)   :  0.171 0.029 0.152 0.647 
 87    (0)   :  0.689 0.038 0.099 0.174 
 88    (0)   :  0.305 0.183 0.073 0.439 
 89    (0)   :  0.168 0.226 0.070 0.536 
 90    (0)   :  0.729 0.043 0.067 0.160 
 91    (0)   :  0.106 0.495 0.122 0.277 
 92    (0)   :  0.445 0.069 0.124 0.362 
 93    (0)   :  0.048 0.823 0.043 0.086 
 94    (0)   :  0.719 0.032 0.171 0.077 
 95    (0)   :  0.614 0.111 0.050 0.225 
 96    (0)   :  0.063 0.102 0.036 0.799 
 97    (0)   :  0.044 0.076 0.281 0.599 
 98    (0)   :  0.097 0.049 0.118 0.736 
 99    (0)   :  0.489 0.173 0.095 0.242 
100    (0)   :  0.054 0.410 0.042 0.495 
101    (0)   :  0.292 0.048 0.079 0.581 
102    (0)   :  0.230 0.294 0.090 0.385 
103    (0)   :  0.306 0.079 0.047 0.568 
104    (0)   :  0.734 0.056 0.055 0.156 
105    (0)   :  0.503 0.076 0.042 0.378 
106    (0)   :  0.709 0.017 0.186 0.088 
107    (0)   :  0.558 0.089 0.048 0.305 
108    (0)   :  0.088 0.026 0.131 0.755 
109    (0)   :  0.522 0.017 0.223 0.238 
110    (0)   :  0.755 0.020 0.145 0.080 
111    (0)   :  0.854 0.024 0.037 0.084 
112    (0)   :  0.818 0.018 0.069 0.094 
113    (0)   :  0.137 0.042 0.127 0.694 
114    (0)   :  0.713 0.073 0.050 0.164 
115    (0)   :  0.620 0.034 0.059 0.287 
116    (0)   :  0.376 0.019 0.287 0.318 
117    (0)   :  0.749 0.027 0.106 0.118 
118    (0)   :  0.268 0.024 0.065 0.643 
119    (0)   :  0.135 0.143 0.062 0.660 
120    (0)   :  0.702 0.035 0.067 0.196 
121    (0)   :  0.602 0.025 0.067 0.306 
122    (0)   :  0.711 0.024 0.155 0.111 
123    (0)   :  0.753 0.033 0.075 0.138 
124    (0)   :  0.447 0.026 0.303 0.224 
125    (0)   :  0.315 0.038 0.468 0.179 
126    (0)   :  0.611 0.042 0.141 0.207 
127    (0)   :  0.834 0.027 0.037 0.102 
128    (0)   :  0.290 0.025 0.054 0.631 
129    (0)   :  0.671 0.021 0.041 0.267 
130    (0)   :  0.640 0.089 0.060 0.210 
131    (0)   :  0.435 0.022 0.373 0.170 
132    (0)   :  0.742 0.019 0.108 0.132 
133    (0)   :  0.790 0.036 0.045 0.130 
134    (0)   :  0.836 0.014 0.090 0.060 
135    (0)   :  0.046 0.262 0.060 0.632 
136    (0)   :  0.034 0.789 0.058 0.119 
137    (0)   :  0.069 0.802 0.038 0.091 
138    (0)   :  0.034 0.814 0.057 0.094 
139    (0)   :  0.044 0.103 0.062 0.790 
140    (0)   :  0.121 0.498 0.115 0.266 
141    (0)   :  0.043 0.691 0.113 0.153 
142    (0)   :  0.045 0.403 0.051 0.501 
143    (0)   :  0.029 0.865 0.031 0.074 
144    (0)   :  0.066 0.798 0.034 0.102 
145    (0)   :  0.047 0.411 0.168 0.374 
146    (0)   :  0.137 0.466 0.124 0.274 
147    (0)   :  0.030 0.871 0.037 0.062 
148    (0)   :  0.094 0.585 0.068 0.252 
149    (0)   :  0.036 0.727 0.067 0.170 
150    (0)   :  0.136 0.579 0.053 0.232 
151    (0)   :  0.048 0.789 0.041 0.122 
152    (0)   :  0.068 0.417 0.094 0.421 
153    (0)   :  0.051 0.736 0.074 0.140 
154    (0)   :  0.040 0.751 0.053 0.156 
155    (0)   :  0.045 0.832 0.038 0.085 
156    (0)   :  0.063 0.612 0.035 0.289 
157    (0)   :  0.148 0.704 0.057 0.092 
158    (0)   :  0.045 0.549 0.165 0.241 
159    (0)   :  0.030 0.864 0.034 0.072 
160    (0)   :  0.030 0.841 0.038 0.091 
161    (0)   :  0.070 0.627 0.088 0.215 
162    (0)   :  0.122 0.317 0.141 0.420 
163    (0)   :  0.040 0.834 0.034 0.092 
164    (0)   :  0.166 0.490 0.086 0.258 
165    (0)   :  0.115 0.684 0.043 0.158 
166    (0)   :  0.174 0.525 0.087 0.214 
167    (0)   :  0.090 0.705 0.085 0.120 
168    (0)   :  0.046 0.693 0.092 0.169 
169    (0)   :  0.037 0.207 0.568 0.187 
170    (0)   :  0.057 0.523 0.043 0.378 
171    (0)   :  0.087 0.452 0.094 0.367 
172    (0)   :  0.034 0.447 0.248 0.272 
173    (0)   :  0.033 0.782 0.039 0.147 
174    (0)   :  0.046 0.824 0.045 0.085 
175    (0)   :  0.033 0.812 0.052 0.103 
176    (0)   :  0.065 0.802 0.035 0.098 
177    (0)   :  0.179 0.530 0.129 0.161 
178    (0)   :  0.060 0.757 0.073 0.110 
179    (0)   :  0.032 0.860 0.037 0.072 
180    (0)   :  0.080 0.603 0.131 0.187 
181    (0)   :  0.042 0.425 0.083 0.450 
182    (0)   :  0.038 0.612 0.038 0.313 
183    (0)   :  0.033 0.815 0.041 0.111 
184    (0)   :  0.087 0.026 0.141 0.745 
185    (0)   :  0.034 0.649 0.034 0.283 
186    (0)   :  0.314 0.030 0.109 0.546 
187    (0)   :  0.064 0.121 0.065 0.750 
188    (0)   :  0.321 0.022 0.076 0.581 
189    (0)   :  0.075 0.174 0.337 0.414 
190    (0)   :  0.031 0.084 0.026 0.859 
191    (0)   :  0.078 0.038 0.052 0.832 
192    (0)   :  0.133 0.134 0.067 0.665 
193    (0)   :  0.070 0.090 0.088 0.753 
194    (0)   :  0.142 0.113 0.054 0.690 
195    (0)   :  0.036 0.178 0.034 0.753 
196    (0)   :  0.048 0.072 0.037 0.843 
197    (0)   :  0.110 0.062 0.204 0.623 
198    (0)   :  0.168 0.090 0.143 0.599 
199    (0)   :  0.045 0.055 0.045 0.854 
200    (0)   :  0.074 0.061 0.102 0.763 
201    (0)   :  0.046 0.367 0.045 0.542 
202    (0)   :  0.050 0.302 0.034 0.614 
203    (0)   :  0.043 0.253 0.035 0.669 
204    (0)   :  0.040 0.054 0.031 0.876 
205    (0)   :  0.052 0.039 0.052 0.857 
206    (0)   :  0.046 0.065 0.039 0.850 
207    (0)   :  0.057 0.031 0.034 0.878 
208    (0)   :  0.044 0.124 0.038 0.794 
209    (0)   :  0.069 0.053 0.057 0.821 
210    (0)   :  0.063 0.079 0.038 0.820 
211    (0)   :  0.063 0.061 0.033 0.843 
212    (0)   :  0.046 0.402 0.063 0.489 
213    (0)   :  0.125 0.047 0.060 0.767 
214    (0)   :  0.041 0.326 0.041 0.592 
215    (0)   :  0.058 0.028 0.049 0.865 
216    (0)   :  0.105 0.038 0.152 0.705 
217    (0)   :  0.036 0.219 0.055 0.690 
218    (0)   :  0.058 0.048 0.055 0.839 
219    (0)   :  0.077 0.128 0.238 0.557 
220    (0)   :  0.056 0.037 0.036 0.871 
221    (0)   :  0.029 0.521 0.032 0.418 
222    (0)   :  0.111 0.068 0.240 0.581 
223    (0)   :  0.068 0.216 0.094 0.623 
224    (0)   :  0.053 0.163 0.041 0.744 
225    (0)   :  0.048 0.054 0.040 0.858 
226    (0)   :  0.050 0.066 0.170 0.713 
227    (0)   :  0.048 0.084 0.036 0.832 
228    (0)   :  0.033 0.125 0.031 0.811 
229    (0)   :  0.064 0.194 0.044 0.698 
230    (0)   :  0.051 0.099 0.035 0.816 
231    (0)   :  0.062 0.153 0.064 0.722 
232    (0)   :  0.077 0.095 0.080 0.748 
233    (0)   :  0.044 0.472 0.046 0.439 
234    (0)   :  0.128 0.114 0.106 0.652 
235    (0)   :  0.051 0.140 0.090 0.718 
236    (0)   :  0.054 0.184 0.057 0.706 
237    (0)   :  0.056 0.037 0.040 0.867 
238    (0)   :  0.068 0.367 0.052 0.513 
239    (0)   :  0.037 0.178 0.034 0.750 
240    (0)   :  0.070 0.366 0.051 0.512 
241    (0)   :  0.043 0.339 0.047 0.571 
242    (0)   :  0.089 0.083 0.140 0.688 
243    (0)   :  0.035 0.068 0.029 0.868 
244    (0)   :  0.043 0.171 0.035 0.751 
245    (0)   :  0.048 0.683 0.037 0.232 
246    (0)   :  0.036 0.220 0.056 0.688 
247    (0)   :  0.396 0.026 0.103 0.475 
248    (0)   :  0.083 0.026 0.048 0.844 
249    (0)   :  0.048 0.165 0.039 0.748 
250    (0)   :  0.065 0.107 0.054 0.773 
251    (0)   :  0.107 0.050 0.195 0.649 
252    (0)   :  0.053 0.099 0.052 0.796 
253    (0)   :  0.116 0.040 0.080 0.763 
254    (0)   :  0.088 0.064 0.138 0.711 
255    (0)   :  0.086 0.097 0.084 0.733 
256    (0)   :  0.044 0.127 0.048 0.781 
257    (0)   :  0.064 0.063 0.048 0.825 
258    (0)   :  0.114 0.050 0.060 0.776 
259    (0)   :  0.072 0.051 0.048 0.829 
260    (0)   :  0.105 0.188 0.162 0.545 
261    (0)   :  0.045 0.178 0.052 0.725 
262    (0)   :  0.030 0.143 0.036 0.791 
263    (0)   :  0.068 0.035 0.059 0.838 
264    (0)   :  0.085 0.021 0.567 0.327 
265    (0)   :  0.055 0.086 0.087 0.772 
266    (0)   :  0.031 0.510 0.032 0.427 
267    (0)   :  0.074 0.092 0.062 0.773 
268    (0)   :  0.047 0.073 0.038 0.842 
269    (0)   :  0.086 0.148 0.277 0.489 
270    (0)   :  0.111 0.041 0.124 0.724 
271    (0)   :  0.070 0.039 0.056 0.835 
272    (0)   :  0.051 0.043 0.111 0.796 
273    (0)   :  0.084 0.156 0.118 0.643 
274    (0)   :  0.063 0.055 0.098 0.783 
275    (0)   :  0.049 0.075 0.102 0.775 
276    (0)   :  0.054 0.036 0.095 0.815 
277    (0)   :  0.069 0.152 0.094 0.685 
278    (0)   :  0.048 0.036 0.045 0.871 
279    (0)   :  0.058 0.077 0.067 0.798 
280    (0)   :  0.052 0.067 0.151 0.731 
281    (0)   :  0.085 0.057 0.069 0.790 
282    (0)   :  0.071 0.353 0.084 0.492 
283    (0)   :  0.066 0.415 0.052 0.467 
284    (0)   :  0.103 0.134 0.059 0.704 
285    (0)   :  0.082 0.019 0.065 0.834 
286    (0)   :  0.044 0.175 0.035 0.746 
287    (0)   :  0.079 0.100 0.143 0.678 
288    (0)   :  0.052 0.040 0.108 0.799 
289    (0)   :  0.129 0.075 0.106 0.689 
290    (0)   :  0.051 0.044 0.219 0.687 
291    (0)   :  0.068 0.040 0.056 0.836 
292    (0)   :  0.043 0.078 0.111 0.767 
293    (0)   :  0.086 0.039 0.364 0.511 
294    (0)   :  0.062 0.028 0.064 0.846 
295    (0)   :  0.085 0.089 0.147 0.679 
296    (0)   :  0.056 0.036 0.045 0.863 
297    (0)   :  0.063 0.043 0.178 0.715 
298    (0)   :  0.085 0.211 0.078 0.626 
299    (0)   :  0.095 0.041 0.085 0.780 
300    (0)   :  0.053 0.027 0.049 0.871 
301    (0)   :  0.076 0.040 0.196 0.688 
302    (0)   :  0.054 0.031 0.060 0.854 
303    (0)   :  0.053 0.161 0.065 0.721 
304    (0)   :  0.127 0.301 0.199 0.373 
305    (0)   :  0.035 0.093 0.039 0.833 
306    (0)   :  0.042 0.243 0.083 0.632 
307    (0)   :  0.074 0.090 0.067 0.768 
308    (0)   :  0.045 0.180 0.052 0.723 
309    (0)   :  0.110 0.047 0.048 0.795 
310    (0)   :  0.037 0.111 0.035 0.817 
311    (0)   :  0.051 0.100 0.035 0.814 
312    (0)   :  0.077 0.039 0.033 0.851 
313    (0)   :  0.053 0.024 0.034 0.889 
314    (0)   :  0.028 0.866 0.033 0.073 
315    (0)   :  0.035 0.833 0.047 0.086 
316    (0)   :  0.039 0.829 0.056 0.075 
317    (0)   :  0.028 0.884 0.034 0.054 
318    (0)   :  0.029 0.890 0.035 0.047 
319    (0)   :  0.029 0.859 0.033 0.078 
320    (0)   :  0.028 0.865 0.034 0.073 
321    (0)   :  0.029 0.882 0.037 0.052 
322    (0)   :  0.039 0.813 0.052 0.096 
323    (0)   :  0.029 0.883 0.036 0.052 
324    (0)   :  0.029 0.881 0.037 0.053 
325    (0)   :  0.037 0.851 0.053 0.059 
326    (0)   :  0.036 0.860 0.051 0.053 
327    (0)   :  0.029 0.884 0.034 0.054 
328    (0)   :  0.038 0.825 0.050 0.086 
329    (0)   :  0.029 0.884 0.034 0.053 
330    (0)   :  0.029 0.885 0.033 0.054 
331    (0)   :  0.029 0.882 0.033 0.056 
332    (0)   :  0.039 0.845 0.062 0.054 
333    (0)   :  0.036 0.855 0.046 0.063 
334    (0)   :  0.038 0.825 0.051 0.086 
335    (0)   :  0.037 0.843 0.045 0.076 
336    (0)   :  0.029 0.874 0.039 0.057 
337    (0)   :  0.039 0.840 0.055 0.067 
338    (0)   :  0.029 0.889 0.037 0.045 
339    (0)   :  0.029 0.882 0.034 0.056 
340    (0)   :  0.028 0.886 0.031 0.056 
341    (0)   :  0.028 0.883 0.034 0.055 
342    (0)   :  0.028 0.884 0.034 0.054 
343    (0)   :  0.038 0.809 0.055 0.098 
344    (0)   :  0.029 0.888 0.032 0.050 
345    (0)   :  0.029 0.885 0.033 0.053 
346    (0)   :  0.028 0.891 0.033 0.049 
347    (0)   :  0.028 0.891 0.030 0.051 
348    (0)   :  0.036 0.810 0.043 0.111 
349    (0)   :  0.029 0.884 0.034 0.054 
350    (0)   :  0.029 0.846 0.034 0.091 
351    (0)   :  0.037 0.841 0.045 0.076 
352    (0)   :  0.037 0.842 0.051 0.070 
353    (0)   :  0.029 0.876 0.039 0.056 
354    (0)   :  0.029 0.883 0.034 0.055 
355    (0)   :  0.028 0.890 0.035 0.047 
356    (0)   :  0.038 0.765 0.045 0.153 
357    (0)   :  0.114 0.496 0.257 0.133 
358    (0)   :  0.038 0.851 0.050 0.061 
359    (0)   :  0.029 0.884 0.034 0.053 
360    (0)   :  0.027 0.892 0.032 0.048 
361    (0)   :  0.122 0.405 0.275 0.198 
362    (0)   :  0.362 0.038 0.311 0.289 
363    (0)   :  0.394 0.027 0.440 0.140 
364    (0)   :  0.143 0.212 0.347 0.298 
365    (0)   :  0.100 0.028 0.737 0.134 
366    (0)   :  0.083 0.073 0.412 0.432 
367    (0)   :  0.776 0.017 0.147 0.060 
368    (0)   :  0.635 0.033 0.100 0.232 
369    (0)   :  0.123 0.214 0.222 0.440 
370    (0)   :  0.471 0.042 0.083 0.404 
371    (0)   :  0.185 0.066 0.323 0.426 
372    (0)   :  0.257 0.074 0.102 0.566 
373    (0)   :  0.468 0.076 0.235 0.222 
374    (0)   :  0.203 0.271 0.314 0.211 
375    (0)   :  0.521 0.025 0.343 0.111 
376    (0)   :  0.085 0.021 0.844 0.051 
377    (0)   :  0.255 0.041 0.407 0.296 
378    (0)   :  0.617 0.163 0.066 0.154 
379    (0)   :  0.085 0.019 0.841 0.054 
380    (0)   :  0.045 0.069 0.700 0.186 
381    (0)   :  0.039 0.056 0.762 0.142 
382    (0)   :  0.572 0.028 0.321 0.079 
383    (0)   :  0.042 0.071 0.800 0.086 
384    (0)   :  0.154 0.078 0.644 0.124 
385    (0)   :  0.410 0.145 0.232 0.213 
386    (0)   :  0.534 0.026 0.342 0.098 
387    (0)   :  0.425 0.034 0.427 0.114 
388    (0)   :  0.281 0.215 0.238 0.265 
389    (0)   :  0.098 0.026 0.069 0.807 
390    (0)   :  0.440 0.030 0.346 0.183 
391    (0)   :  0.292 0.057 0.141 0.511 
392    (0)   :  0.104 0.053 0.713 0.129 
393    (0)   :  0.046 0.042 0.804 0.108 
394    (0)   :  0.334 0.228 0.223 0.215 
395    (0)   :  0.182 0.030 0.359 0.429 
396    (0)   :  0.499 0.019 0.366 0.116 
397    (0)   :  0.087 0.074 0.364 0.475 
398    (0)   :  0.173 0.020 0.745 0.061 
399    (0)   :  0.625 0.027 0.167 0.181 
400    (0)   :  0.417 0.042 0.447 0.095 
401    (0)   :  0.636 0.044 0.141 0.179 
402    (0)   :  0.184 0.036 0.164 0.615 
403    (0)   :  0.149 0.272 0.166 0.414 
404    (0)   :  0.161 0.055 0.443 0.341 
405    (0)   :  0.155 0.050 0.423 0.372 
406    (0)   :  0.049 0.087 0.445 0.419 
407    (0)   :  0.090 0.019 0.821 0.070 
408    (0)   :  0.640 0.017 0.056 0.286 
409    (0)   :  0.094 0.288 0.284 0.334 
410    (0)   :  0.217 0.068 0.605 0.110 
411    (0)   :  0.111 0.130 0.566 0.194 
412    (0)   :  0.709 0.030 0.117 0.143 
413    (0)   :  0.506 0.130 0.116 0.248 
414    (0)   :  0.735 0.021 0.106 0.137 
415    (0)   :  0.097 0.028 0.745 0.130 
416    (0)   :  0.229 0.046 0.490 0.235 
417    (0)   :  0.173 0.027 0.715 0.085 
418    (0)   :  0.687 0.022 0.207 0.084 
419    (0)   :  0.235 0.126 0.237 0.402 
420    (0)   :  0.562 0.027 0.175 0.235 
421    (0)   :  0.363 0.033 0.461 0.142 
422    (0)   :  0.074 0.026 0.416 0.484 
423    (0)   :  0.136 0.033 0.649 0.181 
424    (0)   :  0.652 0.047 0.114 0.187 
425    (0)   :  0.165 0.060 0.489 0.286 
426    (0)   :  0.671 0.057 0.155 0.117 
427    (0)   :  0.190 0.093 0.630 0.087 
428    (0)   :  0.065 0.079 0.434 0.423 
429    (0)   :  0.303 0.018 0.622 0.057 
430    (0)   :  0.105 0.023 0.780 0.092 
431    (0)   :  0.477 0.045 0.192 0.286 
432    (0)   :  0.603 0.038 0.119 0.239 
433    (0)   :  0.233 0.188 0.074 0.505 
434    (0)   :  0.204 0.078 0.327 0.391 
435    (0)   :  0.139 0.020 0.766 0.075 
436    (0)   :  0.147 0.037 0.754 0.062 
437    (0)   :  0.085 0.022 0.817 0.076 
438    (0)   :  0.208 0.048 0.496 0.249 
439    (0)   :  0.076 0.028 0.843 0.053 
440    (0)   :  0.137 0.016 0.785 0.061 
441    (0)   :  0.184 0.070 0.628 0.118 
442    (0)   :  0.228 0.023 0.627 0.122 
443    (0)   :  0.596 0.021 0.221 0.162 
444    (0)   :  0.153 0.023 0.710 0.115 
445    (0)   :  0.075 0.105 0.624 0.196 
446    (0)   :  0.259 0.025 0.655 0.061 
447    (0)   :  0.114 0.047 0.624 0.216 
448    (0)   :  0.179 0.024 0.668 0.129 
449    (0)   :  0.132 0.040 0.654 0.174 
450    (0)   :  0.111 0.044 0.775 0.070 
451    (0)   :  0.761 0.016 0.105 0.118 
452    (0)   :  0.117 0.034 0.779 0.070 
453    (0)   :  0.204 0.042 0.110 0.644 
454    (0)   :  0.214 0.053 0.624 0.109 
455    (0)   :  0.178 0.024 0.687 0.112 
456    (0)   :  0.138 0.020 0.675 0.166 
457    (0)   :  0.067 0.024 0.836 0.072 
458    (0)   :  0.084 0.026 0.832 0.058 
459    (0)   :  0.421 0.085 0.385 0.108 
460    (0)   :  0.447 0.023 0.465 0.064 
461    (0)   :  0.697 0.024 0.230 0.049 
462    (0)   :  0.203 0.016 0.646 0.134 
463    (0)   :  0.121 0.039 0.406 0.434 
464    (0)   :  0.476 0.022 0.394 0.108 
465    (0)   :  0.613 0.029 0.233 0.126 
466    (0)   :  0.410 0.023 0.293 0.274 
467    (0)   :  0.235 0.045 0.585 0.135 
468    (0)   :  0.057 0.020 0.832 0.091 
469    (0)   :  0.057 0.023 0.869 0.051 
470    (0)   :  0.161 0.021 0.760 0.058 
471    (0)   :  0.178 0.022 0.366 0.434 
472    (0)   :  0.268 0.028 0.500 0.205 
473    (0)   :  0.183 0.044 0.538 0.236 
474    (0)   :  0.114 0.032 0.749 0.105 
475    (0)   :  0.532 0.050 0.259 0.159 
476    (0)   :  0.088 0.026 0.816 0.069 
477    (0)   :  0.675 0.047 0.146 0.132 
478    (0)   :  0.837 0.021 0.081 0.060 
479    (0)   :  0.263 0.020 0.654 0.064 
480    (0)   :  0.070 0.022 0.854 0.053 
481    (0)   :  0.133 0.021 0.510 0.336 
482    (0)   :  0.194 0.020 0.737 0.049 
483    (0)   :  0.144 0.029 0.750 0.076 
484    (0)   :  0.113 0.028 0.627 0.232 
485    (0)   :  0.126 0.023 0.776 0.075 
486    (0)   :  0.250 0.035 0.148 0.567 
487    (0)   :  0.143 0.089 0.193 0.575 
488    (0)   :  0.281 0.056 0.090 0.572 
489    (0)   :  0.081 0.080 0.137 0.702 
490    (0)   :  0.642 0.022 0.121 0.215 
491    (0)   :  0.082 0.054 0.075 0.790 
492    (0)   :  0.199 0.141 0.063 0.598 
493    (0)   :  0.143 0.040 0.106 0.712 
494    (0)   :  0.100 0.051 0.197 0.652 
495    (0)   :  0.411 0.116 0.110 0.363 
496    (0)   :  0.139 0.226 0.079 0.556 
497    (0)   :  0.134 0.080 0.106 0.680 
498    (0)   :  0.384 0.048 0.114 0.455 
499    (0)   :  0.087 0.188 0.125 0.600 
500    (0)   :  0.099 0.040 0.400 0.461 
501    (0)   :  0.152 0.120 0.268 0.460 
502    (0)   :  0.249 0.160 0.132 0.459 
503    (0)   :  0.128 0.027 0.613 0.231 
504    (0)   :  0.640 0.032 0.059 0.269 
505    (0)   :  0.074 0.045 0.066 0.814 
506    (0)   :  0.275 0.128 0.127 0.469 
507    (0)   :  0.041 0.484 0.048 0.428 
508    (0)   :  0.053 0.367 0.045 0.534 
509    (0)   :  0.068 0.073 0.064 0.795 
510    (0)   :  0.116 0.189 0.306 0.390 
511    (0)   :  0.137 0.032 0.585 0.246 
512    (0)   :  0.196 0.022 0.661 0.121 
513    (0)   :  0.195 0.032 0.031 0.742 
514    (0)   :  0.610 0.046 0.079 0.265 
515    (0)   :  0.082 0.095 0.503 0.320 
516    (0)   :  0.401 0.038 0.061 0.501 
517    (0)   :  0.220 0.096 0.224 0.460 
518    (0)   :  0.095 0.209 0.319 0.377 
519    (0)   :  0.670 0.053 0.077 0.200 
520    (0)   :  0.059 0.174 0.254 0.513 
521    (0)   :  0.276 0.330 0.078 0.316 
522    (0)   :  0.083 0.028 0.505 0.384 
523    (0)   :  0.170 0.100 0.079 0.651 
524    (0)   :  0.125 0.056 0.488 0.330 
525    (0)   :  0.065 0.158 0.422 0.355 
526    (0)   :  0.053 0.045 0.481 0.422 
527    (0)   :  0.302 0.040 0.404 0.254 
528    (0)   :  0.081 0.434 0.056 0.429 
529    (0)   :  0.158 0.086 0.150 0.606 
530    (0)   :  0.086 0.053 0.512 0.350 
531    (0)   :  0.090 0.319 0.236 0.355 
532    (0)   :  0.151 0.224 0.216 0.409 
533    (0)   :  0.091 0.048 0.464 0.398 
534    (0)   :  0.123 0.060 0.066 0.751 
535    (0)   :  0.245 0.044 0.191 0.521 
536    (0)   :  0.081 0.089 0.270 0.560 
537    (0)   :  0.051 0.107 0.064 0.778 
538    (0)   :  0.074 0.087 0.082 0.757 
539    (0)   :  0.046 0.549 0.052 0.353 
540    (0)   :  0.090 0.158 0.168 0.584 
541    (0)   :  0.113 0.506 0.125 0.256 
542    (0)   :  0.054 0.033 0.349 0.564 
543    (0)   :  0.226 0.141 0.059 0.574 
544    (0)   :  0.067 0.046 0.114 0.773 
545    (0)   :  0.095 0.025 0.275 0.605 
546    (0)   :  0.068 0.068 0.110 0.754 
547    (0)   :  0.086 0.090 0.070 0.754 
548    (0)   :  0.064 0.102 0.052 0.783 
549    (0)   :  0.050 0.361 0.232 0.358 
550    (0)   :  0.134 0.060 0.371 0.435 
551    (0)   :  0.078 0.526 0.099 0.298 
552    (0)   :  0.047 0.071 0.084 0.799 
553    (0)   :  0.116 0.150 0.044 0.689 
554    (0)   :  0.243 0.114 0.319 0.323 
555    (0)   :  0.049 0.131 0.047 0.773 
556    (0)   :  0.068 0.053 0.075 0.804 
557    (0)   :  0.184 0.083 0.392 0.342 
558    (0)   :  0.185 0.021 0.749 0.045 
559    (0)   :  0.592 0.033 0.080 0.295 
560    (0)   :  0.578 0.015 0.329 0.078 
561    (0)   :  0.448 0.021 0.316 0.215 
562    (0)   :  0.626 0.015 0.182 0.177 
563    (0)   :  0.617 0.124 0.096 0.163 
564    (0)   :  0.204 0.034 0.098 0.664 
565    (0)   :  0.074 0.023 0.840 0.063 
566    (0)   :  0.774 0.016 0.142 0.068 
567    (0)   :  0.274 0.021 0.076 0.629 
568    (0)   :  0.538 0.033 0.164 0.265 
569    (0)   :  0.330 0.034 0.318 0.319 
570    (0)   :  0.185 0.017 0.739 0.059 
571    (0)   :  0.809 0.026 0.071 0.094 
572    (0)   :  0.098 0.104 0.143 0.655 
573    (0)   :  0.312 0.035 0.152 0.502 
574    (0)   :  0.171 0.094 0.557 0.178 
575    (0)   :  0.543 0.065 0.130 0.262 
576    (0)   :  0.804 0.016 0.112 0.068 
577    (0)   :  0.276 0.083 0.477 0.165 
578    (0)   :  0.678 0.027 0.162 0.134 
579    (0)   :  0.492 0.024 0.266 0.218 
580    (0)   :  0.224 0.046 0.604 0.125 
581    (0)   :  0.456 0.033 0.420 0.091 
582    (0)   :  0.285 0.019 0.612 0.084 
583    (0)   :  0.724 0.026 0.158 0.091 
584    (0)   :  0.790 0.019 0.120 0.071 
585    (0)   :  0.569 0.023 0.263 0.144 
586    (0)   :  0.771 0.032 0.060 0.137 
587    (0)   :  0.259 0.017 0.499 0.224 
588    (0)   :  0.058 0.021 0.033 0.888 
589    (0)   :  0.159 0.020 0.658 0.162 
590    (0)   :  0.743 0.024 0.079 0.155 
591    (0)   :  0.787 0.028 0.074 0.111 
592    (0)   :  0.411 0.020 0.184 0.385 
593    (0)   :  0.448 0.044 0.246 0.263 
594    (0)   :  0.654 0.062 0.093 0.192 
595    (0)   :  0.279 0.018 0.519 0.184 
596    (0)   :  0.173 0.034 0.160 0.633 
597    (0)   :  0.660 0.154 0.046 0.139 
598    (0)   :  0.112 0.019 0.821 0.049 
599    (0)   :  0.644 0.017 0.189 0.150 
600    (0)   :  0.194 0.056 0.562 0.188 
601    (0)   :  0.557 0.017 0.309 0.117 
602    (0)   :  0.172 0.070 0.118 0.640 
603    (0)   :  0.279 0.072 0.092 0.556 
604    (0)   :  0.087 0.054 0.594 0.264 
605    (0)   :  0.370 0.033 0.245 0.352 
606    (0)   :  0.118 0.068 0.176 0.639 
607    (0)   :  0.158 0.191 0.343 0.308 
608    (0)   :  0.154 0.408 0.264 0.174 
609    (0)   :  0.244 0.043 0.556 0.158 
610    (0)   :  0.082 0.030 0.667 0.220 
611    (0)   :  0.264 0.081 0.109 0.546 
612    (0)   :  0.066 0.025 0.832 0.077 
613    (0)   :  0.238 0.039 0.395 0.328 
614    (0)   :  0.050 0.021 0.824 0.104 
615    (0)   :  0.048 0.039 0.777 0.136 
616    (0)   :  0.225 0.134 0.301 0.340 
617    (0)   :  0.206 0.028 0.509 0.257 
618    (0)   :  0.052 0.087 0.647 0.214 
619    (0)   :  0.295 0.082 0.179 0.444 
620    (0)   :  0.517 0.016 0.101 0.366 
621    (0)   :  0.700 0.027 0.184 0.089 
622    (0)   :  0.088 0.075 0.513 0.325 
623    (0)   :  0.465 0.028 0.154 0.354 
624    (0)   :  0.075 0.087 0.752 0.086 
625    (0)   :  0.182 0.103 0.545 0.170 
626    (0)   :  0.045 0.241 0.428 0.287 
627    (0)   :  0.472 0.038 0.196 0.294 
628    (0)   :  0.392 0.041 0.173 0.395 
629    (0)   :  0.225 0.046 0.260 0.470 
630    (0)   :  0.135 0.036 0.676 0.154 
631    (0)   :  0.176 0.041 0.562 0.222 
632    (0)   :  0.063 0.098 0.111 0.728 
633    (0)   :  0.151 0.077 0.611 0.162 
634    (0)   :  0.251 0.117 0.243 0.389 
635    (0)   :  0.081 0.349 0.185 0.385 
636    (0)   :  0.143 0.195 0.497 0.165 
637    (0)   :  0.084 0.044 0.166 0.707 
638    (0)   :  0.250 0.075 0.217 0.458 
639    (0)   :  0.103 0.063 0.592 0.241 
640    (0)   :  0.733 0.037 0.127 0.103 
641    (0)   :  0.179 0.048 0.409 0.364 
642    (0)   :  0.099 0.359 0.113 0.429 
643    (0)   :  0.067 0.775 0.056 0.102 
644    (0)   :  0.150 0.538 0.066 0.247 
645    (0)   :  0.034 0.358 0.416 0.191 
646    (0)   :  0.160 0.065 0.110 0.664 
647    (0)   :  0.213 0.245 0.076 0.465 
648    (0)   :  0.066 0.220 0.218 0.496 
649    (0)   :  0.122 0.094 0.050 0.734 
650    (0)   :  0.214 0.090 0.067 0.629 
651    (0)   :  0.212 0.362 0.072 0.354 
652    (0)   :  0.106 0.545 0.078 0.271 
653    (0)   :  0.063 0.224 0.168 0.545 
654    (0)   :  0.051 0.194 0.071 0.683 
655    (0)   :  0.262 0.526 0.079 0.133 
656    (0)   :  0.066 0.098 0.097 0.739 
657    (0)   :  0.129 0.149 0.482 0.240 
658    (0)   :  0.373 0.161 0.148 0.317 
659    (0)   :  0.078 0.396 0.129 0.398 
660    (0)   :  0.075 0.424 0.058 0.442 
661    (0)   :  0.062 0.534 0.098 0.306 
662    (0)   :  0.116 0.061 0.041 0.782 
663    (0)   :  0.086 0.324 0.086 0.504 
664    (0)   :  0.444 0.190 0.200 0.166 
665    (0)   :  0.090 0.062 0.052 0.796 
666    (0)   :  0.079 0.278 0.084 0.559 
667    (0)   :  0.247 0.063 0.100 0.589 
668    (0)   :  0.137 0.410 0.141 0.312 
669    (0)   :  0.092 0.143 0.101 0.664 
670    (0)   :  0.039 0.760 0.038 0.163 
671    (0)   :  0.068 0.526 0.052 0.354 
672    (0)   :  0.120 0.705 0.067 0.108 
673    (0)   :  0.030 0.877 0.037 0.056 
674    (0)   :  0.052 0.581 0.085 0.282 
675    (0)   :  0.066 0.799 0.035 0.101 
676    (0)   :  0.030 0.874 0.035 0.061 
677    (0)   :  0.033 0.523 0.035 0.409 
678    (0)   :  0.035 0.879 0.036 0.050 
679    (0)   :  0.054 0.740 0.087 0.119 
680    (0)   :  0.036 0.763 0.069 0.132 
681    (0)   :  0.065 0.170 0.181 0.583 
682    (0)   :  0.037 0.801 0.067 0.094 
683    (0)   :  0.037 0.790 0.036 0.137 
684    (0)   :  0.035 0.871 0.036 0.058 
685    (0)   :  0.029 0.878 0.031 0.061 
686    (0)   :  0.042 0.447 0.069 0.442 
687    (0)   :  0.061 0.492 0.046 0.401 
688    (0)   :  0.049 0.804 0.042 0.104 
689    (0)   :  0.028 0.875 0.033 0.064 
690    (0)   :  0.030 0.874 0.035 0.061 
691    (0)   :  0.051 0.700 0.076 0.173 
692    (0)   :  0.048 0.829 0.050 0.072 
693    (0)   :  0.059 0.818 0.050 0.074 
694    (0)   :  0.027 0.877 0.029 0.066 
695    (0)   :  0.036 0.830 0.044 0.091 
696    (0)   :  0.049 0.801 0.042 0.108 
697    (0)   :  0.030 0.852 0.037 0.081 
698    (0)   :  0.030 0.862 0.035 0.073 
699    (0)   :  0.035 0.702 0.042 0.220 
700    (0)   :  0.053 0.761 0.072 0.114 
701    (0)   :  0.046 0.752 0.088 0.114 
702    (0)   :  0.065 0.649 0.088 0.198 
703    (0)   :  0.037 0.770 0.069 0.124 
704    (0)   :  0.045 0.784 0.040 0.131 
705    (0)   :  0.060 0.314 0.107 0.519 
706    (0)   :  0.034 0.761 0.062 0.143 
707    (0)   :  0.030 0.824 0.040 0.106 
708    (0)   :  0.030 0.838 0.035 0.096 
709    (0)   :  0.032 0.831 0.037 0.099 
710    (0)   :  0.027 0.878 0.031 0.064 
711    (0)   :  0.035 0.611 0.066 0.289 
712    (0)   :  0.028 0.696 0.031 0.245 
713    (0)   :  0.046 0.799 0.039 0.116 
714    (0)   :  0.055 0.628 0.089 0.228 
715    (0)   :  0.027 0.821 0.030 0.121 
716    (0)   :  0.033 0.815 0.055 0.097 
717    (0)   :  0.028 0.869 0.031 0.073 
718    (0)   :  0.037 0.585 0.067 0.311 
719    (0)   :  0.031 0.847 0.030 0.092 
720    (0)   :  0.597 0.028 0.201 0.174 
721    (0)   :  0.090 0.486 0.223 0.201 
722    (0)   :  0.177 0.052 0.578 0.193 
723    (0)   :  0.117 0.046 0.711 0.126 
724    (0)   :  0.084 0.143 0.651 0.122 
725    (0)   :  0.256 0.164 0.171 0.410 
726    (0)   :  0.091 0.084 0.571 0.254 
727    (0)   :  0.097 0.128 0.159 0.616 
728    (0)   :  0.047 0.016 0.886 0.051 
729    (0)   :  0.064 0.018 0.860 0.058 
730    (0)   :  0.304 0.030 0.511 0.156 
731    (0)   :  0.089 0.039 0.787 0.084 
732    (0)   :  0.124 0.047 0.702 0.127 
733    (0)   :  0.072 0.025 0.840 0.063 
734    (0)   :  0.132 0.017 0.792 0.059 
735    (0)   :  0.052 0.029 0.863 0.056 
736    (0)   :  0.403 0.035 0.475 0.088 
737    (0)   :  0.183 0.037 0.561 0.219 
738    (0)   :  0.191 0.034 0.666 0.110 
739    (0)   :  0.070 0.023 0.848 0.058 
740    (0)   :  0.057 0.709 0.104 0.130 
741    (0)   :  0.097 0.512 0.153 0.237 
742    (0)   :  0.725 0.121 0.093 0.061 
743    (0)   :  0.390 0.080 0.289 0.241 
744    (0)   :  0.323 0.062 0.075 0.540 
745    (0)   :  0.688 0.024 0.127 0.162 
746    (0)   :  0.250 0.176 0.237 0.337 
747    (0)   :  0.433 0.048 0.112 0.407 
748    (0)   :  0.301 0.435 0.069 0.195 
749    (0)   :  0.270 0.095 0.107 0.528 
750    (0)   :  0.353 0.062 0.121 0.464 
751    (0)   :  0.276 0.452 0.085 0.188 
752    (0)   :  0.348 0.059 0.155 0.438 
753    (0)   :  0.155 0.137 0.325 0.383 
754    (0)   :  0.152 0.350 0.177 0.321 
755    (0)   :  0.255 0.153 0.188 0.403 
756    (0)   :  0.604 0.201 0.041 0.154 
757    (0)   :  0.532 0.102 0.091 0.275 
758    (0)   :  0.745 0.023 0.059 0.172 
759    (0)   :  0.108 0.372 0.197 0.322 
760    (0)   :  0.278 0.099 0.486 0.136 
761    (0)   :  0.064 0.171 0.508 0.257 
762    (0)   :  0.304 0.039 0.563 0.094 
763    (0)   :  0.156 0.135 0.326 0.382 
764    (0)   :  0.562 0.066 0.103 0.269 
765    (0)   :  0.198 0.041 0.532 0.229 
766    (0)   :  0.481 0.280 0.081 0.157 
767    (0)   :  0.440 0.222 0.107 0.230 
768    (0)   :  0.264 0.039 0.598 0.098 
769    (0)   :  0.146 0.218 0.509 0.127 
770    (0)   :  0.462 0.035 0.404 0.099 
771    (0)   :  0.104 0.070 0.057 0.769 
772    (0)   :  0.390 0.268 0.149 0.194 
773    (0)   :  0.607 0.076 0.131 0.186 
774    (0)   :  0.100 0.307 0.139 0.453 
775    (0)   :  0.175 0.068 0.668 0.088 
776    (0)   :  0.784 0.035 0.066 0.115 
777    (0)   :  0.256 0.069 0.152 0.522 
778    (0)   :  0.170 0.093 0.087 0.650 
779    (0)   :  0.616 0.125 0.099 0.160 
780    (0)   :  0.266 0.403 0.093 0.238 
781    (0)   :  0.063 0.077 0.056 0.803 
782    (0)   :  0.613 0.124 0.102 0.162 
783    (0)   :  0.511 0.227 0.129 0.133 
784    (0)   :  0.622 0.065 0.177 0.136 
785    (0)   :  0.473 0.150 0.138 0.238 
786    (0)   :  0.319 0.439 0.103 0.140 
787    (0)   :  0.221 0.312 0.046 0.421 
788    (0)   :  0.457 0.083 0.296 0.164 
789    (0)   :  0.652 0.077 0.163 0.107 
790    (0)   :  0.228 0.262 0.238 0.273 
791    (0)   :  0.584 0.119 0.105 0.192 
792    (0)   :  0.154 0.364 0.057 0.424 
793    (0)   :  0.062 0.183 0.166 0.590 
794    (0)   :  0.319 0.117 0.154 0.410 
795    (0)   :  0.075 0.406 0.180 0.340 
796    (0)   :  0.627 0.148 0.062 0.163 
797    (0)   :  0.061 0.446 0.093 0.400 
798    (0)   :  0.137 0.020 0.668 0.175 
799    (0)   :  0.663 0.053 0.094 0.191 
800    (0)   :  0.128 0.418 0.036 0.419 
801    (0)   :  0.146 0.041 0.643 0.170 
802    (0)   :  0.116 0.176 0.386 0.321 
803    (0)   :  0.074 0.172 0.126 0.627 
804    (0)   :  0.132 0.071 0.133 0.665 
805    (0)   :  0.060 0.794 0.048 0.098 
806    (0)   :  0.083 0.089 0.482 0.346 
807    (0)   :  0.040 0.472 0.065 0.423 
808    (0)   :  0.072 0.258 0.064 0.607 
809    (0)   :  0.083 0.048 0.315 0.553 
810    (0)   :  0.170 0.134 0.284 0.412 
811    (0)   :  0.061 0.263 0.081 0.594 
812    (0)   :  0.074 0.023 0.073 0.830 
813    (0)   :  0.207 0.024 0.628 0.141 
814    (0)   :  0.112 0.029 0.052 0.807 
815    (0)   :  0.081 0.237 0.385 0.297 
816    (0)   :  0.214 0.299 0.240 0.247 
817    (0)   :  0.117 0.173 0.387 0.323 
818    (0)   :  0.732 0.055 0.092 0.122 
819    (0)   :  0.364 0.111 0.053 0.472 
820    (0)   :  0.576 0.151 0.050 0.223 
821    (0)   :  0.586 0.098 0.209 0.106 
822    (0)   :  0.260 0.019 0.399 0.322 
823    (0)   :  0.424 0.199 0.308 0.069 
824    (0)   :  0.480 0.130 0.122 0.268 
825    (0)   :  0.490 0.036 0.250 0.224 
826    (0)   :  0.827 0.026 0.057 0.091 
827    (0)   :  0.463 0.041 0.396 0.100 
828    (0)   :  0.097 0.059 0.674 0.170 
829    (0)   :  0.144 0.064 0.577 0.215 
830    (0)   :  0.330 0.026 0.545 0.098 
831    (0)   :  0.082 0.071 0.364 0.482 
832    (0)   :  0.368 0.110 0.229 0.294 
833    (0)   :  0.460 0.146 0.270 0.124 
834    (0)   :  0.196 0.094 0.390 0.319 
835    (0)   :  0.791 0.026 0.055 0.128 
836    (0)   :  0.806 0.046 0.050 0.098 
837    (0)   :  0.139 0.181 0.410 0.271 
838    (0)   :  0.822 0.026 0.042 0.111 
839    (0)   :  0.610 0.046 0.251 0.093 
840    (0)   :  0.104 0.068 0.066 0.761 
841    (0)   :  0.596 0.069 0.056 0.279 
842    (0)   :  0.859 0.020 0.059 0.062 
843    (0)   :  0.263 0.266 0.078 0.393 
844    (0)   :  0.135 0.092 0.228 0.546 
845    (0)   :  0.767 0.034 0.089 0.111 
846    (0)   :  0.694 0.072 0.077 0.156 
847    (0)   :  0.203 0.133 0.070 0.593 
848    (0)   :  0.774 0.062 0.040 0.125 
849    (0)   :  0.532 0.057 0.177 0.234 
850    (0)   :  0.713 0.042 0.152 0.093 
851    (0)   :  0.803 0.033 0.051 0.112 
852    (0)   :  0.104 0.453 0.314 0.128 
853    (0)   :  0.804 0.031 0.105 0.060 
854    (0)   :  0.144 0.208 0.469 0.179 
855    (0)   :  0.611 0.061 0.101 0.227 
856    (0)   :  0.260 0.090 0.135 0.514 
857    (0)   :  0.493 0.043 0.091 0.372 
858    (0)   :  0.489 0.037 0.173 0.301 
859    (0)   :  0.530 0.037 0.295 0.138 
860    (0)   :  0.763 0.032 0.058 0.147 
861    (0)   :  0.123 0.289 0.058 0.529 
862    (0)   :  0.081 0.025 0.840 0.055 
863    (0)   :  0.045 0.047 0.800 0.109 
864    (0)   :  0.040 0.040 0.865 0.055 
865    (0)   :  0.132 0.016 0.791 0.060 
866    (0)   :  0.411 0.028 0.428 0.134 
867    (0)   :  0.040 0.030 0.852 0.077 
868    (0)   :  0.051 0.022 0.803 0.123 
869    (0)   :  0.402 0.030 0.453 0.115 
870    (0)   :  0.180 0.018 0.613 0.189 
871    (0)   :  0.183 0.020 0.720 0.077 
872    (0)   :  0.057 0.026 0.857 0.061 
873    (0)   :  0.063 0.033 0.843 0.061 
874    (0)   :  0.060 0.019 0.852 0.069 
875    (0)   :  0.233 0.032 0.458 0.278 
876    (0)   :  0.575 0.024 0.156 0.245 
877    (0)   :  0.052 0.028 0.866 0.054 
878    (0)   :  0.132 0.036 0.580 0.252 
879    (0)   :  0.046 0.034 0.857 0.063 
880    (0)   :  0.384 0.023 0.369 0.224 
881    (0)   :  0.049 0.028 0.841 0.081 
882    (0)   :  0.052 0.028 0.864 0.056 
883    (0)   :  0.351 0.038 0.183 0.428 
884    (0)   :  0.144 0.016 0.782 0.057 
885    (0)   :  0.065 0.044 0.644 0.247 
886    (0)   :  0.083 0.037 0.768 0.112 
887    (0)   :  0.091 0.019 0.823 0.068 
888    (0)   :  0.123 0.084 0.430 0.363 
889    (0)   :  0.110 0.016 0.816 0.059 
890    (0)   :  0.397 0.017 0.449 0.137 
891    (0)   :  0.778 0.027 0.058 0.137 
892    (0)   :  0.376 0.031 0.107 0.486 
893    (0)   :  0.169 0.037 0.153 0.641 
894    (0)   :  0.752 0.020 0.161 0.067 
895    (0)   :  0.154 0.020 0.755 0.070 
896    (0)   :  0.529 0.049 0.061 0.361 
897    (0)   :  0.204 0.031 0.108 0.657 
898    (0)   :  0.173 0.050 0.515 0.263 
899    (0)   :  0.808 0.016 0.111 0.065 
900    (0)   :  0.806 0.025 0.051 0.118 
901    (0)   :  0.798 0.027 0.068 0.107 
902    (0)   :  0.164 0.028 0.074 0.733 
903    (0)   :  0.206 0.025 0.644 0.125 
904    (0)   :  0.104 0.042 0.539 0.316 
905    (0)   :  0.363 0.019 0.541 0.077 
906    (0)   :  0.622 0.032 0.172 0.174 
907    (0)   :  0.672 0.049 0.142 0.137 
908    (0)   :  0.656 0.034 0.181 0.129 
909    (0)   :  0.588 0.037 0.170 0.205 
910    (0)   :  0.743 0.034 0.063 0.159 
911    (0)   :  0.438 0.017 0.476 0.069 
912    (0)   :  0.688 0.021 0.197 0.094 
913    (0)   :  0.491 0.019 0.357 0.133 
914    (0)   :  0.362 0.158 0.265 0.215 
915    (0)   :  0.755 0.017 0.141 0.088 
916    (0)   :  0.760 0.022 0.108 0.110 
917    (0)   :  0.668 0.025 0.187 0.120 
918    (0)   :  0.258 0.107 0.438 0.196 
919    (0)   :  0.350 0.052 0.487 0.112 
920    (0)   :  0.790 0.043 0.083 0.084 
921    (0)   :  0.244 0.220 0.085 0.451 
922    (0)   :  0.125 0.029 0.078 0.769 
923    (0)   :  0.104 0.040 0.053 0.803 
924    (0)   :  0.307 0.030 0.052 0.611 
925    (0)   :  0.280 0.053 0.074 0.593 
926    (0)   :  0.062 0.048 0.032 0.858 
927    (0)   :  0.064 0.067 0.059 0.810 
928    (0)   :  0.045 0.082 0.036 0.837 
929    (0)   :  0.058 0.028 0.037 0.877 
930    (0)   :  0.197 0.052 0.071 0.680 
931    (0)   :  0.039 0.143 0.296 0.522 
932    (0)   :  0.072 0.023 0.043 0.862 
933    (0)   :  0.074 0.273 0.046 0.607 
