

----------------------------------------------------
STRUCTURE by Pritchard, Stephens and Donnelly (2000)
     and Falush, Stephens and Pritchard (2003)
       Code by Pritchard, Falush and Hubisz
             Version 2.3.4 (Jul 2012)
----------------------------------------------------



Command line arguments:   ./structure -K 6 -D 106014 -m brooktrout/mainparams -e brooktrout/extraparams -o brooktrout/250914_output/results_K6_rep14 
Input File:    brooktrout/brooktrout.txt

Run parameters:
   8454 individuals
   5 loci
   6 populations assumed
   50000 Burn-in period
   100000 Reps
RANDOMIZE turned off


--------------------------------------------
Overall proportion of membership of the
sample in each of the 6 clusters

Inferred Clusters
  1      2      3      4      5      6    
0.045  0.076  0.118  0.202  0.290  0.269  

--------------------------------------------

Allele-freq. divergence among pops (Net nucleotide distance),
computed using point estimates of P.

      1       2       3       4       5       6      
 1      -    0.1795  0.1334  0.1216  0.1051  0.1382  
 2   0.1795     -    0.1564  0.0622  0.1148  0.1530  
 3   0.1334  0.1564     -    0.1338  0.0530  0.0559  
 4   0.1216  0.0622  0.1338     -    0.0856  0.1251  
 5   0.1051  0.1148  0.0530  0.0856     -    0.0569  
 6   0.1382  0.1530  0.0559  0.1251  0.0569     -    

Average distances (expected heterozygosity) between individuals in same cluster:
cluster  1  : 0.7701 
cluster  2  : 0.7282 
cluster  3  : 0.8061 
cluster  4  : 0.7261 
cluster  5  : 0.8192 
cluster  6  : 0.7768 

--------------------------------------------
Estimated Ln Prob of Data   = -183947.0
Mean value of ln likelihood = -171851.7
Variance of ln likelihood   = 24190.5

Mean value of alpha_1       = 0.0889
Mean value of alpha_2       = 0.1495
Mean value of alpha_3       = 0.2462
Mean value of alpha_4       = 0.4258
Mean value of alpha_5       = 0.6218
Mean value of alpha_6       = 0.5713
Allele frequencies uncorrelated


Inferred ancestry of individuals:
     (%Miss) :  Inferred clusters
  1    (0)   :  0.032 0.059 0.139 0.320 0.170 0.279 
  2    (0)   :  0.011 0.021 0.040 0.085 0.734 0.108 
  3    (0)   :  0.028 0.031 0.055 0.279 0.126 0.481 
  4    (0)   :  0.027 0.399 0.077 0.207 0.163 0.127 
  5    (0)   :  0.011 0.024 0.045 0.067 0.728 0.124 
  6    (0)   :  0.012 0.038 0.036 0.070 0.194 0.649 
  7    (0)   :  0.010 0.026 0.255 0.072 0.274 0.363 
  8    (0)   :  0.019 0.246 0.087 0.162 0.150 0.337 
  9    (0)   :  0.016 0.029 0.094 0.224 0.307 0.330 
 10    (0)   :  0.009 0.158 0.075 0.092 0.265 0.400 
 11    (0)   :  0.009 0.022 0.269 0.082 0.245 0.373 
 12    (0)   :  0.014 0.036 0.048 0.106 0.663 0.132 
 13    (0)   :  0.016 0.026 0.058 0.156 0.477 0.267 
 14    (0)   :  0.062 0.055 0.044 0.178 0.410 0.251 
 15    (0)   :  0.021 0.075 0.078 0.221 0.384 0.222 
 16    (0)   :  0.017 0.023 0.059 0.134 0.210 0.556 
 17    (0)   :  0.027 0.034 0.058 0.130 0.462 0.289 
 18    (0)   :  0.020 0.043 0.036 0.164 0.352 0.384 
 19    (0)   :  0.010 0.029 0.053 0.111 0.332 0.464 
 20    (0)   :  0.021 0.037 0.103 0.108 0.469 0.263 
 21    (0)   :  0.030 0.077 0.055 0.260 0.364 0.214 
 22    (0)   :  0.015 0.028 0.035 0.163 0.198 0.561 
 23    (0)   :  0.060 0.043 0.098 0.393 0.237 0.169 
 24    (0)   :  0.017 0.035 0.049 0.326 0.222 0.350 
 25    (0)   :  0.018 0.021 0.077 0.061 0.468 0.355 
 26    (0)   :  0.017 0.053 0.052 0.177 0.431 0.271 
 27    (0)   :  0.036 0.035 0.054 0.152 0.410 0.313 
 28    (0)   :  0.016 0.246 0.161 0.161 0.175 0.242 
 29    (0)   :  0.015 0.019 0.087 0.137 0.557 0.185 
 30    (0)   :  0.021 0.022 0.033 0.149 0.214 0.561 
 31    (0)   :  0.030 0.149 0.069 0.098 0.443 0.210 
 32    (0)   :  0.020 0.066 0.071 0.240 0.252 0.352 
 33    (0)   :  0.020 0.024 0.094 0.296 0.141 0.424 
 34    (0)   :  0.013 0.104 0.167 0.058 0.178 0.480 
 35    (0)   :  0.056 0.018 0.044 0.152 0.441 0.289 
 36    (0)   :  0.167 0.019 0.048 0.219 0.165 0.382 
 37    (0)   :  0.020 0.032 0.060 0.358 0.353 0.177 
 38    (0)   :  0.036 0.015 0.088 0.091 0.154 0.617 
 39    (0)   :  0.050 0.025 0.088 0.126 0.285 0.427 
 40    (0)   :  0.097 0.025 0.038 0.432 0.186 0.222 
 41    (0)   :  0.218 0.015 0.091 0.182 0.147 0.348 
 42    (0)   :  0.087 0.027 0.055 0.493 0.125 0.214 
 43    (0)   :  0.152 0.024 0.073 0.276 0.338 0.137 
 44    (0)   :  0.344 0.014 0.045 0.121 0.218 0.257 
 45    (0)   :  0.120 0.015 0.053 0.132 0.364 0.315 
 46    (0)   :  0.047 0.027 0.058 0.082 0.396 0.391 
 47    (0)   :  0.025 0.029 0.054 0.186 0.371 0.335 
 48    (0)   :  0.323 0.015 0.033 0.152 0.240 0.238 
 49    (0)   :  0.055 0.022 0.072 0.173 0.377 0.301 
 50    (0)   :  0.029 0.075 0.104 0.073 0.272 0.447 
 51    (0)   :  0.590 0.015 0.041 0.102 0.119 0.133 
 52    (0)   :  0.054 0.028 0.095 0.147 0.260 0.417 
 53    (0)   :  0.028 0.031 0.066 0.129 0.118 0.629 
 54    (0)   :  0.038 0.026 0.046 0.223 0.549 0.119 
 55    (0)   :  0.154 0.021 0.045 0.163 0.501 0.115 
 56    (0)   :  0.068 0.024 0.044 0.229 0.311 0.324 
 57    (0)   :  0.011 0.109 0.071 0.174 0.359 0.275 
 58    (0)   :  0.068 0.021 0.061 0.250 0.393 0.208 
 59    (0)   :  0.079 0.022 0.081 0.162 0.301 0.354 
 60    (0)   :  0.170 0.041 0.053 0.357 0.189 0.190 
 61    (0)   :  0.123 0.030 0.046 0.339 0.379 0.083 
 62    (0)   :  0.018 0.034 0.056 0.098 0.519 0.275 
 63    (0)   :  0.046 0.028 0.137 0.285 0.271 0.232 
 64    (0)   :  0.013 0.019 0.052 0.093 0.279 0.542 
 65    (0)   :  0.017 0.018 0.159 0.061 0.508 0.237 
 66    (0)   :  0.021 0.052 0.096 0.303 0.397 0.131 
 67    (0)   :  0.130 0.018 0.058 0.155 0.521 0.118 
 68    (0)   :  0.092 0.026 0.075 0.194 0.285 0.328 
 69    (0)   :  0.081 0.146 0.240 0.066 0.124 0.343 
 70    (0)   :  0.175 0.023 0.139 0.273 0.133 0.258 
 71    (0)   :  0.195 0.015 0.073 0.082 0.337 0.298 
 72    (0)   :  0.068 0.021 0.064 0.132 0.223 0.492 
 73    (0)   :  0.071 0.018 0.074 0.116 0.580 0.141 
 74    (0)   :  0.079 0.023 0.043 0.364 0.135 0.356 
 75    (0)   :  0.096 0.024 0.033 0.494 0.144 0.209 
 76    (0)   :  0.104 0.020 0.122 0.166 0.375 0.213 
 77    (0)   :  0.170 0.013 0.083 0.145 0.225 0.364 
 78    (0)   :  0.124 0.014 0.086 0.162 0.146 0.469 
 79    (0)   :  0.009 0.025 0.095 0.094 0.427 0.351 
 80    (0)   :  0.010 0.058 0.082 0.571 0.133 0.145 
 81    (0)   :  0.009 0.095 0.110 0.383 0.185 0.218 
 82    (0)   :  0.022 0.029 0.072 0.206 0.544 0.127 
 83    (0)   :  0.019 0.077 0.105 0.311 0.162 0.327 
 84    (0)   :  0.011 0.074 0.106 0.247 0.250 0.312 
 85    (0)   :  0.016 0.082 0.047 0.308 0.200 0.346 
 86    (0)   :  0.035 0.025 0.062 0.109 0.597 0.171 
 87    (0)   :  0.019 0.032 0.259 0.114 0.283 0.294 
 88    (0)   :  0.011 0.047 0.123 0.354 0.320 0.145 
 89    (0)   :  0.010 0.063 0.078 0.448 0.257 0.144 
 90    (0)   :  0.010 0.028 0.169 0.107 0.478 0.208 
 91    (0)   :  0.017 0.083 0.060 0.485 0.137 0.218 
 92    (0)   :  0.010 0.033 0.079 0.146 0.528 0.204 
 93    (0)   :  0.011 0.281 0.042 0.435 0.129 0.102 
 94    (0)   :  0.020 0.025 0.454 0.083 0.099 0.319 
 95    (0)   :  0.010 0.041 0.291 0.240 0.280 0.138 
 96    (0)   :  0.106 0.032 0.043 0.405 0.327 0.086 
 97    (0)   :  0.069 0.028 0.034 0.374 0.239 0.256 
 98    (0)   :  0.056 0.018 0.041 0.281 0.370 0.235 
 99    (0)   :  0.010 0.066 0.115 0.236 0.310 0.263 
100    (0)   :  0.011 0.041 0.032 0.669 0.172 0.074 
101    (0)   :  0.028 0.042 0.164 0.204 0.352 0.210 
102    (0)   :  0.041 0.063 0.142 0.404 0.171 0.178 
103    (0)   :  0.018 0.084 0.170 0.180 0.431 0.117 
104    (0)   :  0.026 0.088 0.331 0.046 0.342 0.167 
105    (0)   :  0.023 0.139 0.318 0.065 0.363 0.092 
106    (0)   :  0.019 0.014 0.240 0.048 0.235 0.443 
107    (0)   :  0.022 0.074 0.357 0.153 0.278 0.116 
108    (0)   :  0.274 0.027 0.043 0.077 0.355 0.225 
109    (0)   :  0.023 0.018 0.198 0.049 0.458 0.255 
110    (0)   :  0.013 0.016 0.502 0.055 0.123 0.292 
111    (0)   :  0.014 0.025 0.620 0.061 0.192 0.088 
112    (0)   :  0.022 0.017 0.663 0.057 0.122 0.119 
113    (0)   :  0.028 0.038 0.111 0.163 0.428 0.232 
114    (0)   :  0.018 0.113 0.335 0.051 0.340 0.142 
115    (0)   :  0.042 0.023 0.498 0.092 0.228 0.118 
116    (0)   :  0.063 0.015 0.156 0.068 0.356 0.342 
117    (0)   :  0.015 0.017 0.604 0.061 0.123 0.180 
118    (0)   :  0.018 0.023 0.087 0.070 0.699 0.103 
119    (0)   :  0.192 0.039 0.066 0.364 0.178 0.161 
120    (0)   :  0.025 0.031 0.418 0.101 0.282 0.143 
121    (0)   :  0.072 0.016 0.576 0.065 0.154 0.117 
122    (0)   :  0.015 0.023 0.254 0.058 0.286 0.363 
123    (0)   :  0.024 0.031 0.524 0.084 0.171 0.165 
124    (0)   :  0.062 0.023 0.339 0.072 0.224 0.280 
125    (0)   :  0.029 0.020 0.343 0.088 0.135 0.385 
126    (0)   :  0.064 0.030 0.239 0.118 0.241 0.308 
127    (0)   :  0.015 0.026 0.622 0.070 0.181 0.086 
128    (0)   :  0.017 0.022 0.062 0.067 0.741 0.091 
129    (0)   :  0.018 0.022 0.265 0.058 0.537 0.099 
130    (0)   :  0.014 0.071 0.330 0.112 0.315 0.158 
131    (0)   :  0.075 0.018 0.373 0.059 0.131 0.344 
132    (0)   :  0.019 0.019 0.207 0.051 0.407 0.298 
133    (0)   :  0.028 0.036 0.450 0.086 0.284 0.116 
134    (0)   :  0.011 0.013 0.598 0.043 0.140 0.195 
135    (0)   :  0.050 0.080 0.038 0.450 0.291 0.090 
136    (0)   :  0.012 0.337 0.030 0.337 0.173 0.112 
137    (0)   :  0.010 0.132 0.078 0.580 0.112 0.088 
138    (0)   :  0.021 0.583 0.032 0.151 0.099 0.114 
139    (0)   :  0.045 0.186 0.037 0.160 0.444 0.129 
140    (0)   :  0.032 0.143 0.050 0.344 0.255 0.177 
141    (0)   :  0.017 0.495 0.032 0.117 0.165 0.174 
142    (0)   :  0.085 0.148 0.038 0.387 0.254 0.088 
143    (0)   :  0.011 0.091 0.028 0.712 0.089 0.069 
144    (0)   :  0.011 0.086 0.071 0.654 0.104 0.073 
145    (0)   :  0.021 0.144 0.033 0.314 0.295 0.192 
146    (0)   :  0.022 0.270 0.080 0.219 0.220 0.190 
147    (0)   :  0.010 0.307 0.029 0.474 0.097 0.083 
148    (0)   :  0.031 0.325 0.054 0.210 0.258 0.121 
149    (0)   :  0.031 0.424 0.034 0.245 0.148 0.117 
150    (0)   :  0.013 0.151 0.107 0.410 0.214 0.105 
151    (0)   :  0.012 0.128 0.038 0.594 0.144 0.085 
152    (0)   :  0.077 0.271 0.045 0.230 0.220 0.157 
153    (0)   :  0.031 0.468 0.051 0.182 0.122 0.146 
154    (0)   :  0.021 0.538 0.030 0.140 0.178 0.092 
155    (0)   :  0.012 0.607 0.042 0.131 0.122 0.087 
156    (0)   :  0.054 0.313 0.059 0.337 0.163 0.074 
157    (0)   :  0.011 0.437 0.107 0.190 0.117 0.138 
158    (0)   :  0.017 0.173 0.035 0.338 0.241 0.197 
159    (0)   :  0.009 0.548 0.030 0.239 0.100 0.075 
160    (0)   :  0.009 0.600 0.027 0.163 0.126 0.075 
161    (0)   :  0.013 0.060 0.051 0.587 0.138 0.152 
162    (0)   :  0.024 0.281 0.061 0.125 0.323 0.186 
163    (0)   :  0.020 0.556 0.043 0.188 0.110 0.082 
164    (0)   :  0.013 0.358 0.045 0.112 0.343 0.129 
165    (0)   :  0.012 0.118 0.099 0.511 0.172 0.088 
166    (0)   :  0.041 0.387 0.087 0.165 0.148 0.171 
167    (0)   :  0.016 0.613 0.043 0.065 0.161 0.102 
168    (0)   :  0.034 0.422 0.038 0.205 0.120 0.181 
169    (0)   :  0.024 0.111 0.032 0.247 0.205 0.382 
170    (0)   :  0.017 0.032 0.036 0.697 0.137 0.080 
171    (0)   :  0.033 0.347 0.036 0.169 0.231 0.184 
172    (0)   :  0.075 0.134 0.031 0.400 0.139 0.220 
173    (0)   :  0.011 0.566 0.028 0.169 0.151 0.076 
174    (0)   :  0.009 0.545 0.041 0.167 0.137 0.102 
175    (0)   :  0.014 0.129 0.027 0.583 0.127 0.120 
176    (0)   :  0.011 0.088 0.070 0.652 0.106 0.073 
177    (0)   :  0.016 0.372 0.100 0.132 0.153 0.227 
178    (0)   :  0.010 0.539 0.041 0.113 0.161 0.136 
179    (0)   :  0.010 0.653 0.027 0.131 0.099 0.079 
180    (0)   :  0.026 0.222 0.052 0.345 0.191 0.164 
181    (0)   :  0.020 0.108 0.033 0.482 0.237 0.120 
182    (0)   :  0.016 0.119 0.029 0.539 0.226 0.070 
183    (0)   :  0.012 0.247 0.029 0.501 0.126 0.085 
184    (0)   :  0.013 0.022 0.039 0.110 0.657 0.159 
185    (0)   :  0.067 0.321 0.033 0.416 0.102 0.062 
186    (0)   :  0.013 0.021 0.060 0.097 0.656 0.152 
187    (0)   :  0.018 0.125 0.041 0.276 0.419 0.121 
188    (0)   :  0.013 0.018 0.042 0.069 0.741 0.116 
189    (0)   :  0.022 0.053 0.038 0.393 0.158 0.337 
190    (0)   :  0.164 0.048 0.031 0.443 0.257 0.057 
191    (0)   :  0.011 0.042 0.029 0.156 0.666 0.096 
192    (0)   :  0.011 0.048 0.066 0.372 0.360 0.143 
193    (0)   :  0.017 0.041 0.034 0.301 0.462 0.146 
194    (0)   :  0.021 0.038 0.070 0.416 0.332 0.124 
195    (0)   :  0.031 0.074 0.028 0.551 0.250 0.066 
196    (0)   :  0.052 0.046 0.047 0.363 0.402 0.090 
197    (0)   :  0.027 0.079 0.062 0.130 0.503 0.199 
198    (0)   :  0.022 0.046 0.048 0.247 0.391 0.246 
199    (0)   :  0.038 0.025 0.044 0.464 0.342 0.088 
200    (0)   :  0.064 0.048 0.038 0.294 0.395 0.160 
201    (0)   :  0.026 0.344 0.034 0.238 0.271 0.087 
202    (0)   :  0.026 0.043 0.045 0.644 0.177 0.066 
203    (0)   :  0.016 0.164 0.033 0.405 0.308 0.074 
204    (0)   :  0.026 0.040 0.030 0.404 0.434 0.067 
205    (0)   :  0.032 0.038 0.035 0.264 0.513 0.119 
206    (0)   :  0.022 0.055 0.031 0.225 0.591 0.077 
207    (0)   :  0.022 0.022 0.039 0.184 0.660 0.073 
208    (0)   :  0.036 0.233 0.032 0.145 0.473 0.081 
209    (0)   :  0.016 0.037 0.032 0.245 0.559 0.111 
210    (0)   :  0.018 0.060 0.039 0.289 0.510 0.083 
211    (0)   :  0.052 0.038 0.073 0.286 0.483 0.068 
212    (0)   :  0.024 0.061 0.027 0.595 0.182 0.111 
213    (0)   :  0.056 0.027 0.099 0.305 0.374 0.138 
214    (0)   :  0.016 0.054 0.034 0.601 0.214 0.081 
215    (0)   :  0.023 0.038 0.037 0.143 0.660 0.099 
216    (0)   :  0.015 0.026 0.046 0.132 0.614 0.167 
217    (0)   :  0.021 0.059 0.033 0.567 0.219 0.101 
218    (0)   :  0.013 0.045 0.040 0.267 0.514 0.121 
219    (0)   :  0.016 0.073 0.044 0.292 0.350 0.225 
220    (0)   :  0.016 0.040 0.030 0.174 0.664 0.076 
221    (0)   :  0.021 0.027 0.025 0.764 0.101 0.062 
222    (0)   :  0.016 0.038 0.049 0.194 0.475 0.228 
223    (0)   :  0.020 0.143 0.046 0.326 0.312 0.151 
224    (0)   :  0.015 0.074 0.034 0.422 0.375 0.079 
225    (0)   :  0.029 0.041 0.038 0.362 0.437 0.093 
226    (0)   :  0.018 0.051 0.042 0.274 0.317 0.299 
227    (0)   :  0.055 0.051 0.044 0.432 0.346 0.072 
228    (0)   :  0.081 0.068 0.030 0.518 0.242 0.061 
229    (0)   :  0.010 0.061 0.036 0.484 0.321 0.088 
230    (0)   :  0.011 0.050 0.035 0.419 0.407 0.079 
231    (0)   :  0.012 0.099 0.030 0.317 0.429 0.112 
232    (0)   :  0.021 0.031 0.055 0.481 0.264 0.149 
233    (0)   :  0.017 0.338 0.035 0.300 0.226 0.084 
234    (0)   :  0.013 0.072 0.046 0.234 0.460 0.175 
235    (0)   :  0.022 0.046 0.034 0.429 0.315 0.154 
236    (0)   :  0.014 0.081 0.044 0.426 0.321 0.113 
237    (0)   :  0.026 0.031 0.034 0.176 0.655 0.079 
238    (0)   :  0.016 0.050 0.048 0.577 0.212 0.097 
239    (0)   :  0.031 0.072 0.028 0.551 0.251 0.067 
240    (0)   :  0.017 0.050 0.048 0.575 0.211 0.098 
241    (0)   :  0.019 0.047 0.031 0.639 0.185 0.079 
242    (0)   :  0.020 0.045 0.032 0.404 0.305 0.193 
243    (0)   :  0.073 0.052 0.035 0.344 0.429 0.066 
244    (0)   :  0.013 0.076 0.033 0.465 0.338 0.075 
245    (0)   :  0.027 0.281 0.041 0.426 0.144 0.081 
246    (0)   :  0.021 0.056 0.033 0.571 0.217 0.102 
247    (0)   :  0.027 0.020 0.113 0.100 0.524 0.215 
248    (0)   :  0.020 0.025 0.041 0.082 0.747 0.086 
249    (0)   :  0.014 0.037 0.037 0.555 0.273 0.084 
250    (0)   :  0.012 0.051 0.045 0.393 0.384 0.116 
251    (0)   :  0.026 0.046 0.047 0.192 0.435 0.253 
252    (0)   :  0.026 0.051 0.041 0.445 0.326 0.111 
253    (0)   :  0.028 0.025 0.075 0.222 0.494 0.156 
254    (0)   :  0.020 0.049 0.045 0.184 0.544 0.158 
255    (0)   :  0.015 0.046 0.033 0.307 0.457 0.142 
256    (0)   :  0.022 0.039 0.035 0.499 0.313 0.092 
257    (0)   :  0.022 0.046 0.046 0.292 0.495 0.100 
258    (0)   :  0.061 0.053 0.048 0.181 0.531 0.127 
259    (0)   :  0.013 0.036 0.046 0.269 0.536 0.099 
260    (0)   :  0.013 0.074 0.055 0.343 0.314 0.201 
261    (0)   :  0.038 0.077 0.039 0.492 0.250 0.104 
262    (0)   :  0.038 0.042 0.026 0.658 0.166 0.070 
263    (0)   :  0.017 0.030 0.035 0.126 0.701 0.090 
264    (0)   :  0.018 0.017 0.040 0.070 0.473 0.382 
265    (0)   :  0.021 0.081 0.037 0.261 0.441 0.160 
266    (0)   :  0.024 0.046 0.027 0.722 0.120 0.061 
267    (0)   :  0.018 0.043 0.041 0.285 0.503 0.110 
268    (0)   :  0.052 0.046 0.047 0.363 0.403 0.089 
269    (0)   :  0.017 0.093 0.039 0.284 0.255 0.312 
270    (0)   :  0.014 0.035 0.045 0.109 0.651 0.145 
271    (0)   :  0.032 0.045 0.042 0.161 0.614 0.106 
272    (0)   :  0.037 0.048 0.049 0.209 0.426 0.231 
273    (0)   :  0.026 0.123 0.070 0.289 0.310 0.183 
274    (0)   :  0.017 0.047 0.038 0.222 0.507 0.169 
275    (0)   :  0.023 0.113 0.042 0.211 0.436 0.175 
276    (0)   :  0.030 0.023 0.053 0.231 0.463 0.200 
277    (0)   :  0.016 0.070 0.045 0.373 0.341 0.155 
278    (0)   :  0.041 0.054 0.037 0.160 0.612 0.095 
279    (0)   :  0.016 0.053 0.041 0.301 0.464 0.125 
280    (0)   :  0.027 0.049 0.041 0.274 0.387 0.223 
281    (0)   :  0.017 0.048 0.044 0.209 0.555 0.127 
282    (0)   :  0.013 0.106 0.047 0.459 0.240 0.135 
283    (0)   :  0.014 0.086 0.039 0.572 0.195 0.093 
284    (0)   :  0.019 0.097 0.078 0.284 0.396 0.127 
285    (0)   :  0.043 0.017 0.042 0.069 0.710 0.119 
286    (0)   :  0.013 0.076 0.032 0.466 0.336 0.076 
287    (0)   :  0.015 0.063 0.043 0.274 0.379 0.225 
288    (0)   :  0.017 0.043 0.041 0.228 0.433 0.237 
289    (0)   :  0.033 0.039 0.071 0.210 0.488 0.160 
290    (0)   :  0.046 0.023 0.048 0.295 0.354 0.234 
291    (0)   :  0.031 0.046 0.044 0.160 0.615 0.105 
292    (0)   :  0.056 0.046 0.039 0.415 0.260 0.184 
293    (0)   :  0.068 0.023 0.048 0.139 0.397 0.324 
294    (0)   :  0.024 0.022 0.035 0.190 0.621 0.108 
295    (0)   :  0.039 0.061 0.063 0.184 0.456 0.196 
296    (0)   :  0.021 0.043 0.043 0.198 0.601 0.095 
297    (0)   :  0.018 0.031 0.041 0.217 0.447 0.247 
298    (0)   :  0.011 0.064 0.049 0.440 0.295 0.141 
299    (0)   :  0.013 0.031 0.035 0.156 0.647 0.118 
300    (0)   :  0.022 0.021 0.034 0.139 0.681 0.103 
301    (0)   :  0.014 0.036 0.040 0.121 0.594 0.195 
302    (0)   :  0.047 0.034 0.038 0.142 0.637 0.102 
303    (0)   :  0.018 0.056 0.037 0.472 0.299 0.117 
304    (0)   :  0.013 0.277 0.073 0.160 0.250 0.227 
305    (0)   :  0.024 0.073 0.029 0.454 0.338 0.083 
306    (0)   :  0.016 0.043 0.035 0.583 0.196 0.127 
307    (0)   :  0.014 0.044 0.051 0.336 0.428 0.128 
308    (0)   :  0.037 0.076 0.038 0.491 0.253 0.104 
309    (0)   :  0.047 0.076 0.069 0.155 0.557 0.095 
310    (0)   :  0.029 0.052 0.033 0.470 0.340 0.077 
311    (0)   :  0.011 0.048 0.035 0.423 0.405 0.077 
312    (0)   :  0.020 0.041 0.041 0.183 0.641 0.074 
313    (0)   :  0.070 0.022 0.037 0.122 0.675 0.074 
314    (0)   :  0.024 0.410 0.029 0.372 0.089 0.077 
315    (0)   :  0.034 0.566 0.035 0.168 0.084 0.112 
316    (0)   :  0.018 0.634 0.035 0.104 0.081 0.128 
317    (0)   :  0.013 0.524 0.029 0.268 0.088 0.079 
318    (0)   :  0.008 0.719 0.027 0.092 0.076 0.078 
319    (0)   :  0.011 0.192 0.027 0.594 0.104 0.072 
320    (0)   :  0.024 0.418 0.030 0.364 0.088 0.076 
321    (0)   :  0.012 0.555 0.029 0.231 0.086 0.087 
322    (0)   :  0.036 0.357 0.037 0.357 0.093 0.120 
323    (0)   :  0.009 0.678 0.027 0.127 0.083 0.077 
324    (0)   :  0.012 0.561 0.030 0.227 0.086 0.085 
325    (0)   :  0.015 0.663 0.033 0.088 0.077 0.124 
326    (0)   :  0.017 0.667 0.035 0.088 0.075 0.118 
327    (0)   :  0.013 0.522 0.029 0.268 0.088 0.080 
328    (0)   :  0.023 0.337 0.036 0.380 0.098 0.127 
329    (0)   :  0.008 0.603 0.029 0.206 0.077 0.076 
330    (0)   :  0.013 0.521 0.029 0.272 0.086 0.079 
331    (0)   :  0.008 0.678 0.027 0.126 0.085 0.076 
332    (0)   :  0.015 0.659 0.033 0.088 0.076 0.128 
333    (0)   :  0.018 0.622 0.034 0.129 0.084 0.113 
334    (0)   :  0.022 0.333 0.036 0.385 0.098 0.126 
335    (0)   :  0.025 0.299 0.036 0.446 0.087 0.108 
336    (0)   :  0.016 0.664 0.029 0.129 0.081 0.081 
337    (0)   :  0.025 0.496 0.038 0.216 0.088 0.138 
338    (0)   :  0.008 0.719 0.027 0.091 0.076 0.079 
339    (0)   :  0.008 0.675 0.026 0.128 0.085 0.076 
340    (0)   :  0.009 0.658 0.026 0.148 0.087 0.071 
341    (0)   :  0.009 0.658 0.027 0.145 0.087 0.073 
342    (0)   :  0.012 0.526 0.029 0.266 0.086 0.079 
343    (0)   :  0.045 0.280 0.037 0.436 0.084 0.117 
344    (0)   :  0.008 0.693 0.028 0.118 0.076 0.076 
345    (0)   :  0.013 0.522 0.029 0.269 0.087 0.080 
346    (0)   :  0.009 0.714 0.027 0.099 0.077 0.074 
347    (0)   :  0.009 0.679 0.027 0.134 0.078 0.073 
348    (0)   :  0.049 0.206 0.035 0.527 0.086 0.097 
349    (0)   :  0.013 0.524 0.029 0.269 0.087 0.079 
350    (0)   :  0.016 0.560 0.028 0.223 0.099 0.075 
351    (0)   :  0.024 0.303 0.036 0.441 0.088 0.109 
352    (0)   :  0.029 0.464 0.036 0.258 0.089 0.123 
353    (0)   :  0.017 0.665 0.029 0.128 0.081 0.081 
354    (0)   :  0.008 0.686 0.027 0.122 0.079 0.077 
355    (0)   :  0.008 0.722 0.027 0.090 0.076 0.077 
356    (0)   :  0.039 0.061 0.035 0.690 0.081 0.094 
357    (0)   :  0.018 0.359 0.033 0.130 0.119 0.341 
358    (0)   :  0.015 0.636 0.034 0.116 0.079 0.119 
359    (0)   :  0.008 0.672 0.027 0.130 0.086 0.077 
360    (0)   :  0.009 0.713 0.027 0.100 0.077 0.074 
361    (0)   :  0.023 0.083 0.036 0.381 0.136 0.341 
362    (0)   :  0.018 0.034 0.075 0.109 0.308 0.456 
363    (0)   :  0.020 0.022 0.107 0.075 0.220 0.557 
364    (0)   :  0.017 0.102 0.056 0.234 0.302 0.289 
365    (0)   :  0.020 0.028 0.054 0.089 0.279 0.530 
366    (0)   :  0.104 0.034 0.045 0.189 0.239 0.389 
367    (0)   :  0.012 0.016 0.325 0.050 0.132 0.466 
368    (0)   :  0.010 0.024 0.068 0.086 0.625 0.188 
369    (0)   :  0.062 0.041 0.049 0.347 0.206 0.295 
370    (0)   :  0.017 0.036 0.273 0.113 0.402 0.159 
371    (0)   :  0.025 0.043 0.061 0.139 0.430 0.301 
372    (0)   :  0.027 0.059 0.107 0.141 0.543 0.123 
373    (0)   :  0.013 0.027 0.172 0.175 0.272 0.340 
374    (0)   :  0.013 0.036 0.070 0.331 0.206 0.343 
375    (0)   :  0.014 0.023 0.108 0.067 0.351 0.436 
376    (0)   :  0.012 0.018 0.060 0.055 0.109 0.746 
377    (0)   :  0.023 0.045 0.054 0.070 0.463 0.345 
378    (0)   :  0.014 0.108 0.442 0.155 0.153 0.128 
379    (0)   :  0.020 0.020 0.092 0.055 0.118 0.696 
380    (0)   :  0.046 0.039 0.034 0.216 0.157 0.507 
381    (0)   :  0.041 0.025 0.033 0.231 0.119 0.551 
382    (0)   :  0.010 0.028 0.088 0.063 0.190 0.622 
383    (0)   :  0.020 0.197 0.034 0.071 0.145 0.533 
384    (0)   :  0.021 0.104 0.118 0.110 0.216 0.431 
385    (0)   :  0.009 0.170 0.092 0.078 0.424 0.227 
386    (0)   :  0.013 0.020 0.090 0.070 0.179 0.627 
387    (0)   :  0.019 0.032 0.109 0.070 0.238 0.531 
388    (0)   :  0.012 0.105 0.088 0.203 0.317 0.275 
389    (0)   :  0.056 0.029 0.057 0.078 0.675 0.105 
390    (0)   :  0.097 0.024 0.317 0.081 0.149 0.333 
391    (0)   :  0.045 0.030 0.187 0.150 0.386 0.202 
392    (0)   :  0.019 0.048 0.061 0.121 0.198 0.552 
393    (0)   :  0.075 0.037 0.073 0.133 0.103 0.578 
394    (0)   :  0.017 0.121 0.097 0.183 0.183 0.400 
395    (0)   :  0.080 0.025 0.085 0.097 0.350 0.363 
396    (0)   :  0.010 0.015 0.075 0.053 0.361 0.486 
397    (0)   :  0.016 0.040 0.042 0.200 0.490 0.213 
398    (0)   :  0.016 0.017 0.087 0.054 0.131 0.695 
399    (0)   :  0.020 0.020 0.423 0.076 0.186 0.274 
400    (0)   :  0.014 0.019 0.132 0.119 0.140 0.575 
401    (0)   :  0.049 0.025 0.279 0.119 0.231 0.296 
402    (0)   :  0.057 0.031 0.095 0.132 0.410 0.276 
403    (0)   :  0.018 0.128 0.103 0.280 0.286 0.185 
404    (0)   :  0.011 0.026 0.084 0.183 0.298 0.397 
405    (0)   :  0.023 0.029 0.050 0.140 0.273 0.484 
406    (0)   :  0.236 0.025 0.040 0.235 0.115 0.349 
407    (0)   :  0.011 0.015 0.044 0.055 0.132 0.743 
408    (0)   :  0.059 0.014 0.230 0.063 0.476 0.157 
409    (0)   :  0.071 0.025 0.078 0.458 0.103 0.266 
410    (0)   :  0.025 0.036 0.149 0.127 0.210 0.453 
411    (0)   :  0.052 0.092 0.068 0.131 0.138 0.520 
412    (0)   :  0.010 0.023 0.082 0.085 0.484 0.316 
413    (0)   :  0.013 0.091 0.095 0.142 0.340 0.319 
414    (0)   :  0.010 0.021 0.129 0.046 0.538 0.254 
415    (0)   :  0.036 0.016 0.057 0.101 0.149 0.641 
416    (0)   :  0.029 0.021 0.132 0.189 0.199 0.430 
417    (0)   :  0.015 0.017 0.060 0.072 0.135 0.701 
418    (0)   :  0.010 0.018 0.165 0.061 0.278 0.469 
419    (0)   :  0.032 0.054 0.165 0.245 0.229 0.276 
420    (0)   :  0.108 0.015 0.252 0.103 0.197 0.325 
421    (0)   :  0.015 0.018 0.083 0.084 0.290 0.511 
422    (0)   :  0.053 0.021 0.039 0.097 0.422 0.367 
423    (0)   :  0.021 0.034 0.063 0.093 0.258 0.530 
424    (0)   :  0.086 0.029 0.451 0.090 0.143 0.201 
425    (0)   :  0.020 0.046 0.080 0.114 0.433 0.308 
426    (0)   :  0.018 0.057 0.318 0.102 0.199 0.305 
427    (0)   :  0.021 0.121 0.092 0.054 0.092 0.620 
428    (0)   :  0.057 0.044 0.048 0.222 0.223 0.406 
429    (0)   :  0.010 0.015 0.106 0.052 0.115 0.701 
430    (0)   :  0.018 0.018 0.066 0.071 0.133 0.695 
431    (0)   :  0.014 0.045 0.200 0.102 0.382 0.256 
432    (0)   :  0.011 0.026 0.077 0.095 0.566 0.225 
433    (0)   :  0.019 0.074 0.092 0.302 0.383 0.129 
434    (0)   :  0.018 0.029 0.047 0.193 0.368 0.346 
435    (0)   :  0.020 0.017 0.052 0.051 0.121 0.740 
436    (0)   :  0.038 0.019 0.189 0.100 0.073 0.580 
437    (0)   :  0.013 0.019 0.037 0.057 0.150 0.725 
438    (0)   :  0.155 0.022 0.167 0.153 0.115 0.388 
439    (0)   :  0.015 0.020 0.090 0.073 0.080 0.722 
440    (0)   :  0.021 0.014 0.072 0.045 0.089 0.759 
441    (0)   :  0.016 0.033 0.086 0.133 0.129 0.603 
442    (0)   :  0.021 0.014 0.083 0.076 0.231 0.576 
443    (0)   :  0.099 0.016 0.449 0.063 0.123 0.251 
444    (0)   :  0.033 0.014 0.068 0.072 0.178 0.634 
445    (0)   :  0.038 0.028 0.089 0.260 0.120 0.465 
446    (0)   :  0.015 0.019 0.254 0.063 0.091 0.558 
447    (0)   :  0.054 0.023 0.065 0.141 0.187 0.531 
448    (0)   :  0.018 0.018 0.051 0.064 0.186 0.662 
449    (0)   :  0.018 0.026 0.054 0.109 0.195 0.597 
450    (0)   :  0.009 0.031 0.092 0.103 0.135 0.630 
451    (0)   :  0.026 0.015 0.171 0.047 0.391 0.351 
452    (0)   :  0.010 0.026 0.069 0.089 0.111 0.694 
453    (0)   :  0.164 0.020 0.215 0.197 0.228 0.175 
454    (0)   :  0.016 0.040 0.067 0.093 0.127 0.656 
455    (0)   :  0.064 0.017 0.148 0.074 0.093 0.605 
456    (0)   :  0.110 0.016 0.086 0.064 0.159 0.565 
457    (0)   :  0.014 0.019 0.036 0.064 0.127 0.741 
458    (0)   :  0.013 0.020 0.101 0.077 0.106 0.683 
459    (0)   :  0.017 0.028 0.322 0.135 0.083 0.416 
460    (0)   :  0.017 0.018 0.310 0.059 0.086 0.510 
461    (0)   :  0.008 0.018 0.482 0.055 0.094 0.342 
462    (0)   :  0.033 0.014 0.343 0.048 0.174 0.389 
463    (0)   :  0.341 0.023 0.087 0.117 0.133 0.299 
464    (0)   :  0.048 0.016 0.183 0.064 0.124 0.566 
465    (0)   :  0.028 0.020 0.352 0.086 0.202 0.311 
466    (0)   :  0.148 0.016 0.132 0.077 0.206 0.420 
467    (0)   :  0.027 0.025 0.300 0.114 0.141 0.393 
468    (0)   :  0.063 0.016 0.035 0.061 0.110 0.715 
469    (0)   :  0.021 0.018 0.055 0.058 0.076 0.772 
470    (0)   :  0.018 0.017 0.077 0.053 0.096 0.739 
471    (0)   :  0.086 0.019 0.133 0.101 0.271 0.391 
472    (0)   :  0.035 0.018 0.139 0.100 0.238 0.469 
473    (0)   :  0.023 0.028 0.045 0.102 0.234 0.568 
474    (0)   :  0.022 0.023 0.081 0.116 0.121 0.638 
475    (0)   :  0.021 0.030 0.227 0.138 0.205 0.378 
476    (0)   :  0.024 0.018 0.112 0.084 0.089 0.674 
477    (0)   :  0.030 0.021 0.345 0.110 0.188 0.306 
478    (0)   :  0.014 0.018 0.652 0.050 0.110 0.157 
479    (0)   :  0.014 0.017 0.068 0.051 0.098 0.752 
480    (0)   :  0.012 0.018 0.049 0.061 0.085 0.776 
481    (0)   :  0.016 0.017 0.050 0.069 0.480 0.368 
482    (0)   :  0.010 0.016 0.090 0.052 0.087 0.744 
483    (0)   :  0.020 0.021 0.157 0.079 0.085 0.637 
484    (0)   :  0.127 0.021 0.108 0.088 0.174 0.482 
485    (0)   :  0.041 0.018 0.137 0.060 0.079 0.665 
486    (0)   :  0.045 0.023 0.109 0.095 0.546 0.183 
487    (0)   :  0.023 0.056 0.052 0.142 0.544 0.184 
488    (0)   :  0.018 0.055 0.110 0.083 0.615 0.119 
489    (0)   :  0.043 0.028 0.035 0.277 0.433 0.185 
490    (0)   :  0.041 0.019 0.270 0.063 0.374 0.233 
491    (0)   :  0.015 0.028 0.039 0.192 0.618 0.108 
492    (0)   :  0.034 0.100 0.258 0.256 0.241 0.111 
493    (0)   :  0.021 0.051 0.050 0.063 0.702 0.113 
494    (0)   :  0.018 0.025 0.057 0.203 0.535 0.161 
495    (0)   :  0.041 0.068 0.303 0.159 0.311 0.119 
496    (0)   :  0.021 0.045 0.070 0.474 0.240 0.150 
497    (0)   :  0.014 0.057 0.043 0.100 0.675 0.112 
498    (0)   :  0.051 0.017 0.088 0.175 0.459 0.210 
499    (0)   :  0.021 0.067 0.041 0.210 0.523 0.138 
500    (0)   :  0.019 0.035 0.044 0.090 0.571 0.241 
501    (0)   :  0.011 0.041 0.087 0.281 0.316 0.264 
502    (0)   :  0.010 0.055 0.158 0.281 0.334 0.163 
503    (0)   :  0.017 0.022 0.045 0.082 0.392 0.442 
504    (0)   :  0.025 0.019 0.227 0.100 0.497 0.133 
505    (0)   :  0.023 0.025 0.060 0.233 0.544 0.115 
506    (0)   :  0.013 0.037 0.168 0.280 0.347 0.154 
507    (0)   :  0.024 0.067 0.030 0.633 0.167 0.079 
508    (0)   :  0.051 0.096 0.039 0.473 0.265 0.076 
509    (0)   :  0.022 0.047 0.052 0.255 0.517 0.107 
510    (0)   :  0.017 0.063 0.062 0.301 0.353 0.204 
511    (0)   :  0.019 0.019 0.110 0.133 0.263 0.455 
512    (0)   :  0.011 0.018 0.093 0.069 0.254 0.555 
513    (0)   :  0.040 0.031 0.283 0.103 0.483 0.060 
514    (0)   :  0.017 0.041 0.231 0.093 0.440 0.179 
515    (0)   :  0.059 0.084 0.055 0.148 0.267 0.387 
516    (0)   :  0.032 0.022 0.113 0.127 0.595 0.111 
517    (0)   :  0.105 0.048 0.075 0.204 0.251 0.318 
518    (0)   :  0.012 0.111 0.041 0.186 0.429 0.221 
519    (0)   :  0.017 0.025 0.279 0.143 0.339 0.197 
520    (0)   :  0.170 0.064 0.036 0.316 0.156 0.257 
521    (0)   :  0.022 0.290 0.124 0.145 0.268 0.151 
522    (0)   :  0.176 0.037 0.059 0.084 0.215 0.430 
523    (0)   :  0.236 0.058 0.087 0.256 0.202 0.161 
524    (0)   :  0.086 0.053 0.047 0.110 0.239 0.465 
525    (0)   :  0.033 0.080 0.040 0.254 0.273 0.320 
526    (0)   :  0.396 0.026 0.034 0.154 0.134 0.256 
527    (0)   :  0.010 0.032 0.079 0.071 0.557 0.250 
528    (0)   :  0.022 0.424 0.051 0.134 0.265 0.105 
529    (0)   :  0.015 0.056 0.047 0.187 0.565 0.129 
530    (0)   :  0.047 0.036 0.055 0.141 0.269 0.451 
531    (0)   :  0.034 0.318 0.058 0.119 0.172 0.300 
532    (0)   :  0.037 0.244 0.051 0.086 0.429 0.153 
533    (0)   :  0.043 0.039 0.040 0.108 0.416 0.353 
534    (0)   :  0.056 0.057 0.074 0.136 0.602 0.075 
535    (0)   :  0.159 0.024 0.114 0.182 0.224 0.296 
536    (0)   :  0.042 0.027 0.098 0.365 0.161 0.306 
537    (0)   :  0.045 0.026 0.083 0.576 0.144 0.127 
538    (0)   :  0.043 0.027 0.054 0.448 0.224 0.204 
539    (0)   :  0.015 0.033 0.033 0.696 0.134 0.088 
540    (0)   :  0.078 0.175 0.051 0.150 0.305 0.242 
541    (0)   :  0.027 0.204 0.145 0.322 0.143 0.159 
542    (0)   :  0.135 0.019 0.060 0.198 0.281 0.307 
543    (0)   :  0.168 0.110 0.270 0.174 0.155 0.124 
544    (0)   :  0.238 0.034 0.058 0.224 0.237 0.210 
545    (0)   :  0.461 0.016 0.086 0.085 0.143 0.208 
546    (0)   :  0.053 0.038 0.077 0.300 0.360 0.171 
547    (0)   :  0.336 0.028 0.103 0.309 0.109 0.116 
548    (0)   :  0.011 0.050 0.045 0.390 0.388 0.115 
549    (0)   :  0.057 0.028 0.059 0.557 0.083 0.217 
550    (0)   :  0.244 0.017 0.096 0.174 0.124 0.346 
551    (0)   :  0.020 0.040 0.076 0.636 0.100 0.128 
552    (0)   :  0.042 0.029 0.038 0.425 0.319 0.147 
553    (0)   :  0.382 0.053 0.128 0.245 0.111 0.081 
554    (0)   :  0.044 0.145 0.124 0.107 0.265 0.315 
555    (0)   :  0.039 0.031 0.063 0.537 0.198 0.132 
556    (0)   :  0.030 0.026 0.059 0.417 0.297 0.171 
557    (0)   :  0.106 0.032 0.201 0.177 0.101 0.383 
558    (0)   :  0.009 0.017 0.091 0.053 0.080 0.750 
559    (0)   :  0.025 0.022 0.150 0.113 0.512 0.178 
560    (0)   :  0.017 0.013 0.358 0.048 0.143 0.421 
561    (0)   :  0.024 0.018 0.087 0.061 0.409 0.402 
562    (0)   :  0.051 0.014 0.193 0.047 0.353 0.342 
563    (0)   :  0.021 0.026 0.437 0.221 0.127 0.169 
564    (0)   :  0.063 0.037 0.054 0.081 0.579 0.187 
565    (0)   :  0.011 0.018 0.039 0.064 0.116 0.752 
566    (0)   :  0.015 0.014 0.327 0.045 0.142 0.456 
567    (0)   :  0.024 0.018 0.053 0.069 0.675 0.162 
568    (0)   :  0.033 0.024 0.124 0.103 0.382 0.333 
569    (0)   :  0.097 0.037 0.089 0.088 0.182 0.506 
570    (0)   :  0.011 0.015 0.053 0.047 0.120 0.755 
571    (0)   :  0.019 0.024 0.319 0.073 0.277 0.289 
572    (0)   :  0.228 0.031 0.035 0.312 0.155 0.239 
573    (0)   :  0.057 0.030 0.041 0.091 0.474 0.308 
574    (0)   :  0.022 0.042 0.043 0.167 0.176 0.550 
575    (0)   :  0.015 0.031 0.233 0.194 0.236 0.292 
576    (0)   :  0.012 0.015 0.219 0.046 0.255 0.453 
577    (0)   :  0.014 0.027 0.052 0.192 0.215 0.499 
578    (0)   :  0.021 0.022 0.219 0.082 0.230 0.426 
579    (0)   :  0.019 0.023 0.069 0.060 0.423 0.406 
580    (0)   :  0.012 0.027 0.049 0.107 0.185 0.619 
581    (0)   :  0.012 0.025 0.078 0.083 0.154 0.648 
582    (0)   :  0.031 0.015 0.145 0.062 0.118 0.630 
583    (0)   :  0.017 0.028 0.230 0.069 0.270 0.385 
584    (0)   :  0.012 0.017 0.195 0.054 0.284 0.439 
585    (0)   :  0.017 0.018 0.176 0.068 0.244 0.477 
586    (0)   :  0.017 0.022 0.489 0.115 0.224 0.134 
587    (0)   :  0.034 0.015 0.061 0.059 0.401 0.430 
588    (0)   :  0.095 0.024 0.034 0.069 0.710 0.068 
589    (0)   :  0.073 0.020 0.053 0.054 0.183 0.618 
590    (0)   :  0.015 0.020 0.217 0.060 0.523 0.165 
591    (0)   :  0.013 0.023 0.166 0.075 0.446 0.277 
592    (0)   :  0.058 0.017 0.131 0.076 0.374 0.344 
593    (0)   :  0.024 0.030 0.088 0.124 0.271 0.463 
594    (0)   :  0.015 0.050 0.109 0.097 0.532 0.196 
595    (0)   :  0.009 0.015 0.059 0.051 0.495 0.372 
596    (0)   :  0.094 0.034 0.061 0.095 0.426 0.291 
597    (0)   :  0.047 0.188 0.454 0.080 0.124 0.108 
598    (0)   :  0.011 0.016 0.048 0.048 0.088 0.789 
599    (0)   :  0.039 0.015 0.154 0.052 0.308 0.432 
600    (0)   :  0.022 0.033 0.053 0.129 0.200 0.562 
601    (0)   :  0.026 0.014 0.112 0.062 0.196 0.591 
602    (0)   :  0.011 0.035 0.055 0.157 0.586 0.156 
603    (0)   :  0.013 0.042 0.059 0.138 0.606 0.142 
604    (0)   :  0.018 0.051 0.065 0.119 0.268 0.479 
605    (0)   :  0.026 0.024 0.066 0.087 0.474 0.323 
606    (0)   :  0.024 0.044 0.094 0.238 0.356 0.244 
607    (0)   :  0.010 0.072 0.040 0.259 0.257 0.361 
608    (0)   :  0.016 0.201 0.099 0.270 0.144 0.270 
609    (0)   :  0.022 0.019 0.062 0.131 0.234 0.530 
610    (0)   :  0.059 0.024 0.047 0.092 0.229 0.550 
611    (0)   :  0.020 0.041 0.080 0.165 0.535 0.159 
612    (0)   :  0.024 0.022 0.044 0.077 0.117 0.717 
613    (0)   :  0.040 0.034 0.062 0.105 0.348 0.412 
614    (0)   :  0.012 0.019 0.034 0.076 0.225 0.635 
615    (0)   :  0.015 0.030 0.034 0.129 0.196 0.597 
616    (0)   :  0.010 0.064 0.053 0.176 0.327 0.369 
617    (0)   :  0.040 0.030 0.067 0.058 0.350 0.456 
618    (0)   :  0.032 0.161 0.038 0.104 0.249 0.417 
619    (0)   :  0.057 0.049 0.075 0.193 0.224 0.402 
620    (0)   :  0.063 0.014 0.107 0.054 0.487 0.275 
621    (0)   :  0.010 0.020 0.124 0.070 0.336 0.440 
622    (0)   :  0.043 0.081 0.050 0.097 0.396 0.333 
623    (0)   :  0.021 0.021 0.075 0.077 0.487 0.318 
624    (0)   :  0.018 0.154 0.049 0.083 0.137 0.559 
625    (0)   :  0.015 0.103 0.103 0.129 0.218 0.431 
626    (0)   :  0.107 0.210 0.035 0.235 0.147 0.266 
627    (0)   :  0.020 0.030 0.078 0.103 0.434 0.334 
628    (0)   :  0.015 0.031 0.115 0.097 0.478 0.263 
629    (0)   :  0.011 0.028 0.070 0.116 0.519 0.256 
630    (0)   :  0.021 0.031 0.061 0.094 0.256 0.536 
631    (0)   :  0.012 0.028 0.043 0.112 0.293 0.513 
632    (0)   :  0.016 0.061 0.051 0.315 0.360 0.197 
633    (0)   :  0.012 0.054 0.068 0.141 0.214 0.510 
634    (0)   :  0.039 0.064 0.078 0.245 0.258 0.316 
635    (0)   :  0.014 0.069 0.039 0.456 0.203 0.220 
636    (0)   :  0.016 0.130 0.059 0.136 0.222 0.437 
637    (0)   :  0.054 0.028 0.072 0.243 0.375 0.229 
638    (0)   :  0.011 0.043 0.054 0.141 0.517 0.234 
639    (0)   :  0.014 0.046 0.038 0.124 0.318 0.460 
640    (0)   :  0.009 0.036 0.233 0.080 0.297 0.346 
641    (0)   :  0.012 0.029 0.043 0.105 0.523 0.289 
642    (0)   :  0.024 0.062 0.053 0.496 0.205 0.161 
643    (0)   :  0.012 0.418 0.081 0.247 0.120 0.122 
644    (0)   :  0.016 0.294 0.086 0.261 0.223 0.120 
645    (0)   :  0.023 0.160 0.030 0.320 0.177 0.290 
646    (0)   :  0.033 0.035 0.061 0.182 0.520 0.169 
647    (0)   :  0.017 0.039 0.145 0.437 0.241 0.120 
648    (0)   :  0.042 0.169 0.043 0.133 0.460 0.154 
649    (0)   :  0.054 0.036 0.046 0.240 0.524 0.100 
650    (0)   :  0.022 0.043 0.065 0.200 0.550 0.120 
651    (0)   :  0.012 0.232 0.048 0.120 0.484 0.104 
652    (0)   :  0.015 0.162 0.043 0.367 0.280 0.133 
653    (0)   :  0.027 0.093 0.049 0.343 0.340 0.149 
654    (0)   :  0.030 0.030 0.044 0.574 0.214 0.107 
655    (0)   :  0.020 0.255 0.101 0.229 0.210 0.183 
656    (0)   :  0.043 0.079 0.051 0.207 0.479 0.140 
657    (0)   :  0.014 0.092 0.047 0.146 0.404 0.296 
658    (0)   :  0.059 0.183 0.108 0.099 0.289 0.262 
659    (0)   :  0.034 0.103 0.049 0.391 0.277 0.146 
660    (0)   :  0.023 0.093 0.044 0.513 0.220 0.107 
661    (0)   :  0.079 0.126 0.035 0.440 0.182 0.138 
662    (0)   :  0.123 0.032 0.051 0.164 0.543 0.087 
663    (0)   :  0.019 0.283 0.053 0.230 0.279 0.137 
664    (0)   :  0.030 0.167 0.255 0.126 0.177 0.245 
665    (0)   :  0.053 0.063 0.044 0.142 0.594 0.105 
666    (0)   :  0.035 0.240 0.048 0.211 0.307 0.158 
667    (0)   :  0.024 0.058 0.087 0.088 0.609 0.134 
668    (0)   :  0.029 0.155 0.050 0.265 0.287 0.214 
669    (0)   :  0.026 0.111 0.046 0.222 0.486 0.108 
670    (0)   :  0.015 0.506 0.030 0.229 0.142 0.077 
671    (0)   :  0.016 0.088 0.044 0.551 0.200 0.101 
672    (0)   :  0.029 0.105 0.088 0.541 0.087 0.150 
673    (0)   :  0.009 0.568 0.029 0.231 0.083 0.080 
674    (0)   :  0.016 0.093 0.030 0.557 0.166 0.139 
675    (0)   :  0.012 0.087 0.070 0.653 0.105 0.074 
676    (0)   :  0.010 0.169 0.031 0.622 0.085 0.083 
677    (0)   :  0.027 0.032 0.026 0.751 0.101 0.063 
678    (0)   :  0.009 0.492 0.037 0.299 0.082 0.082 
679    (0)   :  0.009 0.517 0.027 0.159 0.148 0.140 
680    (0)   :  0.015 0.489 0.033 0.200 0.136 0.127 
681    (0)   :  0.209 0.111 0.046 0.202 0.214 0.219 
682    (0)   :  0.013 0.100 0.035 0.635 0.095 0.121 
683    (0)   :  0.019 0.300 0.032 0.459 0.114 0.077 
684    (0)   :  0.011 0.126 0.036 0.653 0.085 0.089 
685    (0)   :  0.011 0.105 0.029 0.704 0.082 0.070 
686    (0)   :  0.025 0.030 0.030 0.704 0.117 0.094 
687    (0)   :  0.024 0.167 0.042 0.460 0.213 0.094 
688    (0)   :  0.010 0.096 0.042 0.630 0.123 0.100 
689    (0)   :  0.012 0.460 0.028 0.334 0.092 0.073 
690    (0)   :  0.010 0.168 0.031 0.624 0.085 0.082 
691    (0)   :  0.011 0.044 0.027 0.661 0.132 0.124 
692    (0)   :  0.009 0.540 0.043 0.170 0.132 0.106 
693    (0)   :  0.010 0.445 0.080 0.244 0.104 0.117 
694    (0)   :  0.013 0.213 0.028 0.597 0.082 0.067 
695    (0)   :  0.021 0.044 0.033 0.725 0.074 0.103 
696    (0)   :  0.010 0.099 0.043 0.626 0.122 0.100 
697    (0)   :  0.015 0.553 0.029 0.228 0.099 0.077 
698    (0)   :  0.010 0.144 0.030 0.639 0.094 0.083 
699    (0)   :  0.040 0.030 0.031 0.731 0.077 0.091 
700    (0)   :  0.025 0.071 0.110 0.628 0.085 0.081 
701    (0)   :  0.023 0.163 0.040 0.487 0.141 0.146 
702    (0)   :  0.024 0.238 0.056 0.388 0.141 0.153 
703    (0)   :  0.013 0.087 0.034 0.638 0.105 0.121 
704    (0)   :  0.017 0.360 0.043 0.363 0.123 0.093 
705    (0)   :  0.247 0.309 0.047 0.112 0.152 0.133 
706    (0)   :  0.015 0.050 0.028 0.712 0.099 0.096 
707    (0)   :  0.018 0.185 0.029 0.583 0.103 0.081 
708    (0)   :  0.010 0.133 0.031 0.640 0.107 0.079 
709    (0)   :  0.017 0.034 0.038 0.768 0.070 0.072 
710    (0)   :  0.010 0.047 0.027 0.774 0.072 0.069 
711    (0)   :  0.029 0.070 0.030 0.664 0.118 0.089 
712    (0)   :  0.017 0.029 0.026 0.776 0.091 0.061 
713    (0)   :  0.011 0.065 0.039 0.690 0.114 0.081 
714    (0)   :  0.011 0.130 0.031 0.491 0.198 0.139 
715    (0)   :  0.015 0.033 0.025 0.788 0.075 0.063 
