

----------------------------------------------------
STRUCTURE by Pritchard, Stephens and Donnelly (2000)
     and Falush, Stephens and Pritchard (2003)
       Code by Pritchard, Falush and Hubisz
             Version 2.3.4 (Jul 2012)
----------------------------------------------------



Command line arguments:   ./structure -K 5 -D 105020 -m brooktrout/mainparams -e brooktrout/extraparams -o brooktrout/250914_output/results_K5_rep20 
Input File:    brooktrout/brooktrout.txt

Run parameters:
   8454 individuals
   5 loci
   5 populations assumed
   50000 Burn-in period
   100000 Reps
RANDOMIZE turned off


--------------------------------------------
Overall proportion of membership of the
sample in each of the 5 clusters

Inferred Clusters
  1      2      3      4      5    
0.053  0.085  0.177  0.267  0.418  

--------------------------------------------

Allele-freq. divergence among pops (Net nucleotide distance),
computed using point estimates of P.

      1       2       3       4       5      
 1      -    0.1297  0.0707  0.1610  0.0790  
 2   0.1297     -    0.1082  0.0948  0.0759  
 3   0.0707  0.1082     -    0.1010  0.0427  
 4   0.1610  0.0948  0.1010     -    0.0927  
 5   0.0790  0.0759  0.0427  0.0927     -    

Average distances (expected heterozygosity) between individuals in same cluster:
cluster  1  : 0.7416 
cluster  2  : 0.7991 
cluster  3  : 0.7842 
cluster  4  : 0.7488 
cluster  5  : 0.8258 

--------------------------------------------
Estimated Ln Prob of Data   = -179564.2
Mean value of ln likelihood = -172471.7
Variance of ln likelihood   = 14184.9

Mean value of alpha_1       = 0.0680
Mean value of alpha_2       = 0.1117
Mean value of alpha_3       = 0.2339
Mean value of alpha_4       = 0.3646
Mean value of alpha_5       = 0.5715
Allele frequencies uncorrelated


Inferred ancestry of individuals:
     (%Miss) :  Inferred clusters
  1    (0)   :  0.018 0.068 0.430 0.275 0.210 
  2    (0)   :  0.011 0.030 0.089 0.129 0.742 
  3    (0)   :  0.091 0.073 0.362 0.247 0.227 
  4    (0)   :  0.025 0.037 0.048 0.691 0.199 
  5    (0)   :  0.012 0.032 0.126 0.107 0.723 
  6    (0)   :  0.020 0.018 0.726 0.065 0.171 
  7    (0)   :  0.024 0.014 0.144 0.073 0.744 
  8    (0)   :  0.062 0.032 0.197 0.403 0.306 
  9    (0)   :  0.021 0.038 0.345 0.191 0.405 
 10    (0)   :  0.021 0.016 0.337 0.216 0.410 
 11    (0)   :  0.020 0.017 0.231 0.074 0.658 
 12    (0)   :  0.011 0.034 0.197 0.191 0.567 
 13    (0)   :  0.014 0.026 0.274 0.164 0.522 
 14    (0)   :  0.041 0.120 0.106 0.260 0.472 
 15    (0)   :  0.046 0.034 0.081 0.338 0.502 
 16    (0)   :  0.022 0.030 0.502 0.110 0.335 
 17    (0)   :  0.021 0.041 0.449 0.128 0.361 
 18    (0)   :  0.066 0.034 0.350 0.251 0.300 
 19    (0)   :  0.018 0.018 0.572 0.103 0.290 
 20    (0)   :  0.032 0.036 0.106 0.131 0.695 
 21    (0)   :  0.019 0.079 0.187 0.378 0.338 
 22    (0)   :  0.016 0.025 0.696 0.108 0.156 
 23    (0)   :  0.031 0.177 0.069 0.381 0.342 
 24    (0)   :  0.020 0.034 0.454 0.265 0.227 
 25    (0)   :  0.040 0.022 0.137 0.063 0.738 
 26    (0)   :  0.018 0.034 0.473 0.193 0.281 
 27    (0)   :  0.016 0.063 0.341 0.160 0.420 
 28    (0)   :  0.027 0.026 0.215 0.397 0.335 
 29    (0)   :  0.011 0.038 0.108 0.125 0.718 
 30    (0)   :  0.016 0.039 0.706 0.087 0.152 
 31    (0)   :  0.013 0.050 0.313 0.214 0.410 
 32    (0)   :  0.053 0.043 0.142 0.303 0.458 
 33    (0)   :  0.058 0.091 0.263 0.227 0.362 
 34    (0)   :  0.077 0.020 0.151 0.119 0.633 
 35    (0)   :  0.013 0.176 0.437 0.105 0.269 
 36    (0)   :  0.044 0.508 0.176 0.109 0.163 
 37    (0)   :  0.014 0.052 0.122 0.387 0.424 
 38    (0)   :  0.374 0.119 0.117 0.067 0.323 
 39    (0)   :  0.067 0.117 0.257 0.101 0.459 
 40    (0)   :  0.018 0.445 0.122 0.241 0.173 
 41    (0)   :  0.042 0.476 0.181 0.072 0.229 
 42    (0)   :  0.042 0.318 0.111 0.374 0.156 
 43    (0)   :  0.014 0.351 0.074 0.194 0.367 
 44    (0)   :  0.018 0.541 0.209 0.059 0.173 
 45    (0)   :  0.029 0.335 0.232 0.072 0.332 
 46    (0)   :  0.026 0.094 0.390 0.077 0.413 
 47    (0)   :  0.012 0.046 0.504 0.155 0.282 
 48    (0)   :  0.026 0.580 0.204 0.062 0.128 
 49    (0)   :  0.026 0.140 0.297 0.135 0.402 
 50    (0)   :  0.041 0.048 0.319 0.145 0.447 
 51    (0)   :  0.016 0.793 0.042 0.053 0.095 
 52    (0)   :  0.032 0.110 0.341 0.105 0.413 
 53    (0)   :  0.370 0.063 0.203 0.134 0.231 
 54    (0)   :  0.008 0.106 0.188 0.241 0.458 
 55    (0)   :  0.015 0.476 0.084 0.110 0.316 
 56    (0)   :  0.043 0.313 0.297 0.149 0.197 
 57    (0)   :  0.017 0.018 0.361 0.270 0.334 
 58    (0)   :  0.018 0.294 0.136 0.147 0.405 
 59    (0)   :  0.058 0.290 0.211 0.105 0.335 
 60    (0)   :  0.022 0.488 0.079 0.235 0.176 
 61    (0)   :  0.008 0.367 0.047 0.281 0.297 
 62    (0)   :  0.018 0.044 0.379 0.108 0.451 
 63    (0)   :  0.022 0.151 0.080 0.213 0.535 
 64    (0)   :  0.043 0.036 0.548 0.082 0.290 
 65    (0)   :  0.016 0.026 0.065 0.055 0.838 
 66    (0)   :  0.013 0.060 0.054 0.373 0.500 
 67    (0)   :  0.009 0.309 0.081 0.108 0.493 
 68    (0)   :  0.067 0.268 0.199 0.140 0.325 
 69    (0)   :  0.354 0.082 0.125 0.162 0.278 
 70    (0)   :  0.063 0.421 0.061 0.143 0.312 
 71    (0)   :  0.038 0.502 0.122 0.054 0.284 
 72    (0)   :  0.032 0.122 0.484 0.094 0.269 
 73    (0)   :  0.015 0.241 0.065 0.086 0.594 
 74    (0)   :  0.051 0.340 0.243 0.210 0.156 
 75    (0)   :  0.032 0.420 0.146 0.282 0.119 
 76    (0)   :  0.017 0.203 0.069 0.113 0.599 
 77    (0)   :  0.049 0.498 0.088 0.058 0.306 
 78    (0)   :  0.180 0.422 0.080 0.071 0.247 
 79    (0)   :  0.018 0.014 0.116 0.087 0.765 
 80    (0)   :  0.016 0.016 0.083 0.646 0.239 
 81    (0)   :  0.020 0.013 0.115 0.504 0.348 
 82    (0)   :  0.013 0.058 0.058 0.216 0.655 
 83    (0)   :  0.079 0.031 0.082 0.407 0.401 
 84    (0)   :  0.030 0.019 0.067 0.323 0.560 
 85    (0)   :  0.070 0.026 0.114 0.445 0.344 
 86    (0)   :  0.016 0.116 0.127 0.114 0.627 
 87    (0)   :  0.038 0.024 0.063 0.102 0.772 
 88    (0)   :  0.014 0.023 0.066 0.383 0.515 
 89    (0)   :  0.013 0.018 0.068 0.544 0.357 
 90    (0)   :  0.016 0.016 0.051 0.100 0.817 
 91    (0)   :  0.053 0.028 0.068 0.625 0.226 
 92    (0)   :  0.015 0.020 0.093 0.167 0.704 
 93    (0)   :  0.009 0.017 0.047 0.805 0.122 
 94    (0)   :  0.396 0.024 0.058 0.076 0.447 
 95    (0)   :  0.015 0.019 0.040 0.219 0.708 
 96    (0)   :  0.009 0.350 0.039 0.358 0.243 
 97    (0)   :  0.049 0.224 0.235 0.322 0.170 
 98    (0)   :  0.013 0.293 0.150 0.173 0.371 
 99    (0)   :  0.021 0.016 0.060 0.292 0.611 
100    (0)   :  0.008 0.025 0.044 0.782 0.140 
101    (0)   :  0.031 0.038 0.057 0.195 0.679 
102    (0)   :  0.043 0.056 0.046 0.458 0.398 
103    (0)   :  0.012 0.035 0.039 0.338 0.577 
104    (0)   :  0.014 0.041 0.048 0.128 0.768 
105    (0)   :  0.010 0.036 0.038 0.215 0.701 
106    (0)   :  0.037 0.030 0.102 0.043 0.787 
107    (0)   :  0.013 0.036 0.042 0.231 0.679 
108    (0)   :  0.171 0.413 0.044 0.091 0.281 
109    (0)   :  0.036 0.040 0.081 0.047 0.796 
110    (0)   :  0.046 0.022 0.098 0.051 0.783 
111    (0)   :  0.011 0.023 0.041 0.061 0.864 
112    (0)   :  0.032 0.033 0.054 0.046 0.835 
113    (0)   :  0.027 0.105 0.128 0.175 0.565 
114    (0)   :  0.013 0.029 0.044 0.155 0.759 
115    (0)   :  0.016 0.106 0.051 0.084 0.744 
116    (0)   :  0.044 0.124 0.102 0.052 0.678 
117    (0)   :  0.027 0.037 0.097 0.068 0.772 
118    (0)   :  0.017 0.047 0.053 0.088 0.796 
119    (0)   :  0.034 0.327 0.035 0.340 0.264 
120    (0)   :  0.015 0.038 0.046 0.084 0.817 
121    (0)   :  0.020 0.173 0.055 0.066 0.685 
122    (0)   :  0.026 0.024 0.081 0.057 0.811 
123    (0)   :  0.045 0.035 0.058 0.085 0.777 
124    (0)   :  0.061 0.089 0.221 0.069 0.560 
125    (0)   :  0.051 0.078 0.341 0.076 0.455 
126    (0)   :  0.035 0.100 0.080 0.097 0.688 
127    (0)   :  0.014 0.024 0.034 0.068 0.860 
128    (0)   :  0.008 0.048 0.053 0.086 0.805 
129    (0)   :  0.011 0.029 0.038 0.069 0.853 
130    (0)   :  0.013 0.020 0.044 0.180 0.742 
131    (0)   :  0.232 0.129 0.130 0.057 0.452 
132    (0)   :  0.022 0.031 0.076 0.053 0.818 
133    (0)   :  0.020 0.050 0.047 0.096 0.788 
134    (0)   :  0.020 0.017 0.078 0.037 0.849 
135    (0)   :  0.013 0.141 0.057 0.603 0.186 
136    (0)   :  0.011 0.018 0.069 0.797 0.106 
137    (0)   :  0.011 0.016 0.045 0.769 0.159 
138    (0)   :  0.012 0.026 0.064 0.809 0.088 
139    (0)   :  0.013 0.140 0.094 0.540 0.212 
140    (0)   :  0.015 0.071 0.110 0.527 0.277 
141    (0)   :  0.019 0.028 0.121 0.708 0.125 
142    (0)   :  0.012 0.179 0.048 0.597 0.164 
143    (0)   :  0.008 0.017 0.037 0.860 0.078 
144    (0)   :  0.010 0.018 0.040 0.781 0.152 
145    (0)   :  0.018 0.039 0.173 0.612 0.159 
146    (0)   :  0.016 0.043 0.129 0.537 0.275 
147    (0)   :  0.009 0.014 0.045 0.852 0.080 
148    (0)   :  0.012 0.049 0.056 0.643 0.240 
149    (0)   :  0.014 0.046 0.070 0.768 0.103 
150    (0)   :  0.010 0.021 0.051 0.643 0.274 
151    (0)   :  0.009 0.021 0.045 0.802 0.124 
152    (0)   :  0.032 0.086 0.058 0.603 0.220 
153    (0)   :  0.014 0.046 0.080 0.732 0.128 
154    (0)   :  0.011 0.030 0.062 0.781 0.115 
155    (0)   :  0.008 0.020 0.038 0.828 0.107 
156    (0)   :  0.008 0.091 0.033 0.713 0.156 
157    (0)   :  0.020 0.020 0.036 0.678 0.246 
158    (0)   :  0.020 0.030 0.170 0.635 0.145 
159    (0)   :  0.009 0.015 0.040 0.853 0.083 
160    (0)   :  0.010 0.015 0.043 0.844 0.089 
161    (0)   :  0.015 0.034 0.091 0.691 0.169 
162    (0)   :  0.015 0.049 0.155 0.479 0.303 
163    (0)   :  0.008 0.028 0.037 0.828 0.099 
164    (0)   :  0.012 0.029 0.081 0.539 0.339 
165    (0)   :  0.010 0.022 0.046 0.677 0.245 
166    (0)   :  0.075 0.044 0.038 0.590 0.253 
167    (0)   :  0.015 0.024 0.117 0.656 0.187 
168    (0)   :  0.042 0.048 0.066 0.715 0.129 
169    (0)   :  0.050 0.041 0.483 0.306 0.121 
170    (0)   :  0.009 0.048 0.042 0.765 0.136 
171    (0)   :  0.033 0.041 0.066 0.633 0.227 
172    (0)   :  0.044 0.156 0.183 0.517 0.100 
173    (0)   :  0.009 0.018 0.041 0.840 0.093 
174    (0)   :  0.009 0.015 0.047 0.812 0.117 
175    (0)   :  0.010 0.023 0.062 0.816 0.089 
176    (0)   :  0.010 0.018 0.039 0.782 0.151 
177    (0)   :  0.036 0.030 0.070 0.543 0.321 
178    (0)   :  0.011 0.017 0.076 0.746 0.150 
179    (0)   :  0.009 0.015 0.040 0.856 0.080 
180    (0)   :  0.017 0.040 0.160 0.602 0.181 
181    (0)   :  0.014 0.044 0.089 0.721 0.132 
182    (0)   :  0.008 0.030 0.039 0.815 0.109 
183    (0)   :  0.009 0.017 0.046 0.841 0.087 
184    (0)   :  0.022 0.053 0.153 0.161 0.610 
185    (0)   :  0.008 0.084 0.034 0.787 0.086 
186    (0)   :  0.010 0.032 0.088 0.113 0.757 
187    (0)   :  0.014 0.038 0.096 0.533 0.319 
188    (0)   :  0.009 0.034 0.073 0.086 0.798 
189    (0)   :  0.069 0.052 0.230 0.448 0.201 
190    (0)   :  0.007 0.457 0.029 0.395 0.112 
191    (0)   :  0.010 0.034 0.090 0.303 0.562 
192    (0)   :  0.012 0.026 0.083 0.449 0.430 
193    (0)   :  0.013 0.069 0.136 0.403 0.379 
194    (0)   :  0.011 0.062 0.072 0.421 0.434 
195    (0)   :  0.007 0.055 0.039 0.784 0.113 
196    (0)   :  0.011 0.311 0.039 0.394 0.245 
197    (0)   :  0.015 0.059 0.271 0.257 0.398 
198    (0)   :  0.017 0.058 0.155 0.291 0.479 
199    (0)   :  0.013 0.260 0.052 0.442 0.233 
200    (0)   :  0.026 0.294 0.074 0.326 0.281 
201    (0)   :  0.008 0.043 0.050 0.764 0.135 
202    (0)   :  0.007 0.068 0.039 0.742 0.144 
203    (0)   :  0.008 0.034 0.042 0.772 0.144 
204    (0)   :  0.007 0.077 0.044 0.652 0.220 
205    (0)   :  0.019 0.171 0.091 0.331 0.388 
206    (0)   :  0.008 0.067 0.057 0.624 0.243 
207    (0)   :  0.008 0.128 0.053 0.285 0.526 
208    (0)   :  0.009 0.167 0.055 0.518 0.251 
209    (0)   :  0.010 0.062 0.106 0.352 0.470 
210    (0)   :  0.008 0.056 0.051 0.576 0.309 
211    (0)   :  0.008 0.306 0.041 0.267 0.378 
212    (0)   :  0.010 0.043 0.079 0.735 0.133 
213    (0)   :  0.014 0.189 0.064 0.214 0.520 
214    (0)   :  0.008 0.049 0.047 0.762 0.133 
215    (0)   :  0.017 0.168 0.058 0.211 0.547 
216    (0)   :  0.016 0.059 0.164 0.195 0.566 
217    (0)   :  0.013 0.061 0.059 0.734 0.134 
218    (0)   :  0.018 0.051 0.082 0.439 0.409 
219    (0)   :  0.034 0.036 0.217 0.441 0.272 
220    (0)   :  0.008 0.073 0.059 0.352 0.508 
221    (0)   :  0.007 0.088 0.033 0.789 0.083 
222    (0)   :  0.018 0.039 0.277 0.277 0.389 
223    (0)   :  0.020 0.042 0.110 0.581 0.247 
224    (0)   :  0.008 0.033 0.051 0.729 0.178 
225    (0)   :  0.012 0.104 0.073 0.490 0.322 
226    (0)   :  0.167 0.102 0.117 0.366 0.248 
227    (0)   :  0.008 0.118 0.048 0.583 0.243 
228    (0)   :  0.008 0.146 0.038 0.685 0.123 
229    (0)   :  0.008 0.020 0.061 0.699 0.212 
230    (0)   :  0.008 0.028 0.055 0.654 0.254 
231    (0)   :  0.011 0.022 0.103 0.632 0.232 
232    (0)   :  0.017 0.073 0.119 0.467 0.324 
233    (0)   :  0.008 0.034 0.045 0.787 0.126 
234    (0)   :  0.013 0.031 0.124 0.386 0.446 
235    (0)   :  0.018 0.097 0.116 0.525 0.244 
236    (0)   :  0.014 0.043 0.085 0.613 0.245 
237    (0)   :  0.009 0.083 0.062 0.415 0.431 
238    (0)   :  0.008 0.044 0.051 0.709 0.188 
239    (0)   :  0.007 0.052 0.039 0.787 0.114 
240    (0)   :  0.008 0.044 0.053 0.708 0.187 
241    (0)   :  0.010 0.042 0.046 0.776 0.126 
242    (0)   :  0.026 0.045 0.130 0.538 0.261 
243    (0)   :  0.008 0.352 0.035 0.421 0.184 
244    (0)   :  0.008 0.033 0.046 0.751 0.162 
245    (0)   :  0.007 0.043 0.038 0.795 0.116 
246    (0)   :  0.013 0.064 0.060 0.731 0.133 
247    (0)   :  0.019 0.062 0.063 0.086 0.770 
248    (0)   :  0.010 0.141 0.062 0.131 0.656 
249    (0)   :  0.008 0.038 0.055 0.693 0.206 
250    (0)   :  0.013 0.031 0.087 0.526 0.344 
251    (0)   :  0.056 0.116 0.109 0.256 0.464 
252    (0)   :  0.013 0.058 0.091 0.571 0.268 
253    (0)   :  0.022 0.115 0.083 0.216 0.564 
254    (0)   :  0.014 0.053 0.208 0.340 0.385 
255    (0)   :  0.010 0.039 0.152 0.416 0.383 
256    (0)   :  0.010 0.082 0.060 0.656 0.192 
257    (0)   :  0.011 0.116 0.069 0.411 0.392 
258    (0)   :  0.012 0.179 0.067 0.236 0.506 
259    (0)   :  0.011 0.051 0.076 0.371 0.491 
260    (0)   :  0.017 0.029 0.198 0.466 0.291 
261    (0)   :  0.014 0.079 0.078 0.644 0.185 
262    (0)   :  0.010 0.156 0.039 0.696 0.100 
263    (0)   :  0.010 0.076 0.090 0.338 0.486 
264    (0)   :  0.020 0.055 0.517 0.069 0.338 
265    (0)   :  0.022 0.082 0.137 0.433 0.325 
266    (0)   :  0.007 0.063 0.035 0.808 0.088 
267    (0)   :  0.010 0.048 0.103 0.482 0.356 
268    (0)   :  0.011 0.301 0.040 0.400 0.248 
269    (0)   :  0.050 0.040 0.216 0.435 0.258 
270    (0)   :  0.014 0.050 0.138 0.222 0.576 
271    (0)   :  0.015 0.207 0.061 0.231 0.486 
272    (0)   :  0.135 0.250 0.068 0.250 0.297 
273    (0)   :  0.051 0.092 0.141 0.456 0.260 
274    (0)   :  0.029 0.094 0.128 0.329 0.420 
275    (0)   :  0.055 0.103 0.148 0.432 0.262 
276    (0)   :  0.071 0.284 0.075 0.221 0.349 
277    (0)   :  0.017 0.039 0.128 0.541 0.275 
278    (0)   :  0.017 0.335 0.053 0.233 0.362 
279    (0)   :  0.017 0.064 0.098 0.478 0.344 
280    (0)   :  0.034 0.100 0.235 0.373 0.259 
281    (0)   :  0.014 0.077 0.092 0.328 0.490 
282    (0)   :  0.015 0.027 0.101 0.649 0.207 
283    (0)   :  0.009 0.027 0.054 0.753 0.157 
284    (0)   :  0.013 0.058 0.059 0.426 0.444 
285    (0)   :  0.014 0.212 0.072 0.071 0.631 
286    (0)   :  0.008 0.033 0.048 0.749 0.162 
287    (0)   :  0.027 0.050 0.164 0.403 0.357 
288    (0)   :  0.112 0.109 0.107 0.320 0.353 
289    (0)   :  0.076 0.121 0.066 0.226 0.510 
290    (0)   :  0.020 0.244 0.235 0.218 0.283 
291    (0)   :  0.015 0.199 0.063 0.234 0.490 
292    (0)   :  0.030 0.182 0.168 0.434 0.186 
293    (0)   :  0.021 0.209 0.312 0.122 0.337 
294    (0)   :  0.015 0.104 0.101 0.326 0.454 
295    (0)   :  0.053 0.156 0.095 0.315 0.381 
296    (0)   :  0.016 0.113 0.052 0.320 0.498 
297    (0)   :  0.030 0.060 0.284 0.265 0.361 
298    (0)   :  0.013 0.022 0.110 0.570 0.284 
299    (0)   :  0.010 0.032 0.147 0.332 0.480 
300    (0)   :  0.011 0.103 0.091 0.264 0.531 
301    (0)   :  0.030 0.059 0.202 0.228 0.480 
302    (0)   :  0.018 0.223 0.074 0.267 0.418 
303    (0)   :  0.012 0.047 0.098 0.662 0.180 
304    (0)   :  0.013 0.024 0.211 0.480 0.272 
305    (0)   :  0.012 0.071 0.045 0.742 0.130 
306    (0)   :  0.016 0.050 0.077 0.711 0.145 
307    (0)   :  0.016 0.055 0.093 0.452 0.384 
308    (0)   :  0.014 0.080 0.080 0.645 0.182 
309    (0)   :  0.025 0.164 0.059 0.281 0.471 
310    (0)   :  0.008 0.117 0.047 0.665 0.162 
311    (0)   :  0.008 0.028 0.054 0.656 0.255 
312    (0)   :  0.008 0.081 0.038 0.316 0.556 
313    (0)   :  0.010 0.360 0.045 0.147 0.437 
314    (0)   :  0.010 0.026 0.038 0.854 0.072 
315    (0)   :  0.021 0.038 0.038 0.809 0.093 
316    (0)   :  0.039 0.025 0.046 0.791 0.098 
317    (0)   :  0.011 0.016 0.039 0.861 0.074 
318    (0)   :  0.012 0.012 0.041 0.862 0.073 
319    (0)   :  0.008 0.017 0.040 0.854 0.080 
320    (0)   :  0.009 0.027 0.038 0.854 0.072 
321    (0)   :  0.012 0.014 0.043 0.855 0.076 
322    (0)   :  0.031 0.037 0.043 0.789 0.100 
323    (0)   :  0.009 0.013 0.046 0.856 0.075 
324    (0)   :  0.012 0.015 0.043 0.854 0.077 
325    (0)   :  0.042 0.021 0.039 0.803 0.095 
326    (0)   :  0.069 0.024 0.041 0.776 0.091 
327    (0)   :  0.011 0.016 0.039 0.860 0.074 
328    (0)   :  0.026 0.027 0.041 0.800 0.106 
329    (0)   :  0.009 0.013 0.040 0.864 0.074 
330    (0)   :  0.011 0.016 0.039 0.860 0.075 
331    (0)   :  0.009 0.013 0.039 0.864 0.076 
332    (0)   :  0.053 0.020 0.052 0.781 0.095 
333    (0)   :  0.040 0.026 0.041 0.797 0.097 
334    (0)   :  0.026 0.027 0.041 0.801 0.105 
335    (0)   :  0.023 0.030 0.038 0.809 0.100 
336    (0)   :  0.012 0.019 0.049 0.848 0.072 
337    (0)   :  0.040 0.026 0.042 0.791 0.101 
338    (0)   :  0.013 0.012 0.044 0.856 0.075 
339    (0)   :  0.009 0.013 0.039 0.864 0.075 
340    (0)   :  0.008 0.014 0.036 0.869 0.074 
341    (0)   :  0.012 0.014 0.045 0.852 0.077 
342    (0)   :  0.011 0.016 0.039 0.860 0.074 
343    (0)   :  0.022 0.051 0.047 0.781 0.099 
344    (0)   :  0.009 0.012 0.040 0.864 0.074 
345    (0)   :  0.011 0.016 0.038 0.862 0.073 
346    (0)   :  0.010 0.014 0.037 0.868 0.071 
347    (0)   :  0.008 0.013 0.036 0.871 0.071 
348    (0)   :  0.019 0.059 0.036 0.792 0.094 
349    (0)   :  0.011 0.016 0.038 0.860 0.075 
350    (0)   :  0.008 0.020 0.041 0.854 0.077 
351    (0)   :  0.022 0.029 0.038 0.812 0.100 
352    (0)   :  0.033 0.031 0.039 0.799 0.097 
353    (0)   :  0.012 0.019 0.049 0.846 0.073 
354    (0)   :  0.009 0.013 0.041 0.862 0.075 
355    (0)   :  0.012 0.012 0.041 0.862 0.074 
356    (0)   :  0.018 0.068 0.036 0.780 0.097 
357    (0)   :  0.089 0.025 0.125 0.545 0.216 
358    (0)   :  0.029 0.020 0.043 0.809 0.098 
359    (0)   :  0.010 0.012 0.042 0.859 0.078 
360    (0)   :  0.011 0.014 0.037 0.868 0.071 
361    (0)   :  0.079 0.034 0.136 0.504 0.247 
362    (0)   :  0.110 0.039 0.104 0.139 0.609 
363    (0)   :  0.093 0.053 0.187 0.069 0.598 
364    (0)   :  0.020 0.030 0.350 0.315 0.286 
365    (0)   :  0.055 0.027 0.608 0.069 0.242 
366    (0)   :  0.051 0.238 0.274 0.179 0.259 
367    (0)   :  0.147 0.017 0.095 0.045 0.696 
368    (0)   :  0.013 0.017 0.086 0.086 0.798 
369    (0)   :  0.022 0.151 0.174 0.377 0.276 
370    (0)   :  0.025 0.043 0.088 0.123 0.720 
371    (0)   :  0.024 0.059 0.298 0.186 0.433 
372    (0)   :  0.041 0.062 0.125 0.195 0.577 
373    (0)   :  0.017 0.023 0.238 0.164 0.559 
374    (0)   :  0.061 0.029 0.168 0.377 0.365 
375    (0)   :  0.029 0.020 0.343 0.062 0.545 
376    (0)   :  0.078 0.019 0.620 0.050 0.233 
377    (0)   :  0.057 0.043 0.225 0.094 0.581 
378    (0)   :  0.026 0.021 0.051 0.257 0.646 
379    (0)   :  0.097 0.029 0.610 0.046 0.218 
380    (0)   :  0.068 0.063 0.599 0.154 0.117 
381    (0)   :  0.016 0.054 0.723 0.111 0.097 
382    (0)   :  0.049 0.016 0.155 0.065 0.715 
383    (0)   :  0.092 0.024 0.648 0.131 0.105 
384    (0)   :  0.071 0.025 0.610 0.109 0.186 
385    (0)   :  0.015 0.015 0.222 0.238 0.511 
386    (0)   :  0.066 0.024 0.154 0.061 0.695 
387    (0)   :  0.046 0.027 0.191 0.071 0.665 
388    (0)   :  0.029 0.021 0.234 0.307 0.409 
389    (0)   :  0.019 0.230 0.095 0.100 0.555 
390    (0)   :  0.185 0.178 0.159 0.062 0.416 
391    (0)   :  0.034 0.089 0.107 0.132 0.639 
392    (0)   :  0.026 0.028 0.613 0.106 0.228 
393    (0)   :  0.041 0.052 0.730 0.076 0.100 
394    (0)   :  0.081 0.026 0.094 0.327 0.473 
395    (0)   :  0.079 0.251 0.140 0.086 0.444 
396    (0)   :  0.015 0.019 0.255 0.049 0.662 
397    (0)   :  0.011 0.043 0.430 0.268 0.248 
398    (0)   :  0.170 0.030 0.398 0.050 0.352 
399    (0)   :  0.090 0.058 0.060 0.071 0.722 
400    (0)   :  0.028 0.023 0.338 0.092 0.519 
401    (0)   :  0.025 0.075 0.084 0.095 0.721 
402    (0)   :  0.016 0.099 0.305 0.124 0.456 
403    (0)   :  0.024 0.028 0.180 0.426 0.342 
404    (0)   :  0.018 0.027 0.428 0.151 0.376 
405    (0)   :  0.074 0.052 0.206 0.144 0.524 
406    (0)   :  0.255 0.386 0.060 0.177 0.123 
407    (0)   :  0.065 0.021 0.645 0.051 0.219 
408    (0)   :  0.013 0.098 0.046 0.053 0.791 
409    (0)   :  0.048 0.326 0.164 0.299 0.163 
410    (0)   :  0.069 0.037 0.492 0.102 0.300 
411    (0)   :  0.034 0.073 0.515 0.184 0.194 
412    (0)   :  0.016 0.015 0.104 0.082 0.782 
413    (0)   :  0.023 0.021 0.065 0.244 0.646 
414    (0)   :  0.015 0.016 0.076 0.057 0.836 
415    (0)   :  0.096 0.087 0.458 0.077 0.282 
416    (0)   :  0.016 0.047 0.496 0.109 0.331 
417    (0)   :  0.374 0.023 0.192 0.069 0.342 
418    (0)   :  0.019 0.015 0.175 0.055 0.736 
419    (0)   :  0.029 0.084 0.263 0.234 0.389 
420    (0)   :  0.025 0.199 0.086 0.066 0.624 
421    (0)   :  0.101 0.027 0.221 0.080 0.570 
422    (0)   :  0.055 0.162 0.369 0.096 0.319 
423    (0)   :  0.171 0.040 0.259 0.096 0.433 
424    (0)   :  0.092 0.115 0.065 0.096 0.633 
425    (0)   :  0.025 0.034 0.466 0.121 0.354 
426    (0)   :  0.087 0.025 0.126 0.124 0.637 
427    (0)   :  0.355 0.037 0.183 0.153 0.273 
428    (0)   :  0.200 0.087 0.238 0.263 0.211 
429    (0)   :  0.155 0.017 0.332 0.046 0.450 
430    (0)   :  0.150 0.034 0.490 0.064 0.262 
431    (0)   :  0.082 0.024 0.065 0.115 0.714 
432    (0)   :  0.015 0.020 0.095 0.096 0.774 
433    (0)   :  0.012 0.043 0.083 0.378 0.484 
434    (0)   :  0.017 0.035 0.291 0.196 0.460 
435    (0)   :  0.585 0.028 0.109 0.047 0.232 
436    (0)   :  0.673 0.031 0.080 0.088 0.128 
437    (0)   :  0.121 0.024 0.549 0.057 0.249 
438    (0)   :  0.420 0.161 0.073 0.115 0.231 
439    (0)   :  0.379 0.023 0.352 0.074 0.171 
440    (0)   :  0.668 0.022 0.085 0.040 0.186 
441    (0)   :  0.123 0.031 0.342 0.140 0.365 
442    (0)   :  0.035 0.041 0.378 0.056 0.490 
443    (0)   :  0.162 0.124 0.083 0.052 0.579 
444    (0)   :  0.139 0.063 0.313 0.057 0.428 
445    (0)   :  0.022 0.099 0.573 0.172 0.135 
446    (0)   :  0.295 0.023 0.306 0.055 0.321 
447    (0)   :  0.357 0.065 0.131 0.118 0.328 
448    (0)   :  0.113 0.036 0.320 0.063 0.467 
449    (0)   :  0.127 0.035 0.317 0.105 0.417 
450    (0)   :  0.019 0.013 0.718 0.074 0.176 
451    (0)   :  0.044 0.030 0.058 0.043 0.825 
452    (0)   :  0.050 0.016 0.647 0.074 0.213 
453    (0)   :  0.019 0.374 0.091 0.114 0.402 
454    (0)   :  0.252 0.029 0.216 0.129 0.374 
455    (0)   :  0.608 0.063 0.088 0.056 0.185 
456    (0)   :  0.245 0.154 0.246 0.052 0.303 
457    (0)   :  0.175 0.025 0.532 0.062 0.207 
458    (0)   :  0.037 0.020 0.730 0.060 0.154 
459    (0)   :  0.280 0.039 0.135 0.136 0.409 
460    (0)   :  0.347 0.027 0.143 0.054 0.430 
461    (0)   :  0.057 0.015 0.177 0.055 0.697 
462    (0)   :  0.046 0.064 0.469 0.042 0.380 
463    (0)   :  0.216 0.415 0.087 0.096 0.186 
464    (0)   :  0.263 0.074 0.099 0.053 0.511 
465    (0)   :  0.046 0.041 0.160 0.069 0.684 
466    (0)   :  0.133 0.188 0.090 0.060 0.529 
467    (0)   :  0.059 0.062 0.429 0.102 0.348 
468    (0)   :  0.568 0.064 0.167 0.053 0.149 
469    (0)   :  0.687 0.018 0.121 0.053 0.120 
470    (0)   :  0.691 0.022 0.070 0.045 0.172 
471    (0)   :  0.031 0.177 0.327 0.063 0.403 
472    (0)   :  0.018 0.065 0.480 0.067 0.370 
473    (0)   :  0.116 0.046 0.241 0.108 0.490 
474    (0)   :  0.037 0.033 0.637 0.078 0.216 
475    (0)   :  0.053 0.033 0.133 0.112 0.669 
476    (0)   :  0.116 0.038 0.585 0.065 0.196 
477    (0)   :  0.060 0.046 0.095 0.096 0.703 
478    (0)   :  0.054 0.020 0.067 0.050 0.808 
479    (0)   :  0.508 0.019 0.124 0.047 0.303 
480    (0)   :  0.349 0.019 0.400 0.063 0.169 
481    (0)   :  0.022 0.038 0.409 0.060 0.471 
482    (0)   :  0.287 0.017 0.323 0.050 0.323 
483    (0)   :  0.545 0.024 0.157 0.075 0.199 
484    (0)   :  0.306 0.169 0.179 0.074 0.272 
485    (0)   :  0.771 0.019 0.048 0.046 0.116 
486    (0)   :  0.017 0.127 0.090 0.100 0.666 
487    (0)   :  0.018 0.048 0.194 0.234 0.507 
488    (0)   :  0.014 0.037 0.090 0.150 0.708 
489    (0)   :  0.011 0.139 0.254 0.299 0.297 
490    (0)   :  0.019 0.058 0.083 0.056 0.784 
491    (0)   :  0.010 0.055 0.111 0.307 0.516 
492    (0)   :  0.013 0.062 0.084 0.374 0.468 
493    (0)   :  0.012 0.053 0.129 0.136 0.669 
494    (0)   :  0.020 0.065 0.211 0.220 0.483 
495    (0)   :  0.016 0.060 0.102 0.190 0.632 
496    (0)   :  0.015 0.066 0.086 0.499 0.334 
497    (0)   :  0.011 0.029 0.114 0.244 0.602 
498    (0)   :  0.017 0.124 0.096 0.140 0.623 
499    (0)   :  0.014 0.058 0.152 0.421 0.356 
500    (0)   :  0.033 0.056 0.325 0.136 0.451 
501    (0)   :  0.023 0.027 0.234 0.284 0.433 
502    (0)   :  0.014 0.018 0.147 0.324 0.498 
503    (0)   :  0.018 0.029 0.595 0.066 0.292 
504    (0)   :  0.013 0.041 0.057 0.080 0.809 
505    (0)   :  0.016 0.162 0.095 0.237 0.490 
506    (0)   :  0.012 0.027 0.119 0.324 0.518 
507    (0)   :  0.009 0.047 0.051 0.785 0.108 
508    (0)   :  0.009 0.119 0.054 0.639 0.179 
509    (0)   :  0.015 0.073 0.085 0.416 0.412 
510    (0)   :  0.012 0.032 0.363 0.319 0.274 
511    (0)   :  0.096 0.073 0.284 0.103 0.444 
512    (0)   :  0.030 0.020 0.407 0.056 0.487 
513    (0)   :  0.008 0.102 0.035 0.118 0.737 
514    (0)   :  0.015 0.026 0.053 0.107 0.798 
515    (0)   :  0.128 0.092 0.249 0.216 0.316 
516    (0)   :  0.014 0.070 0.061 0.114 0.740 
517    (0)   :  0.080 0.182 0.077 0.212 0.449 
518    (0)   :  0.011 0.026 0.341 0.389 0.233 
519    (0)   :  0.025 0.028 0.056 0.114 0.777 
520    (0)   :  0.248 0.161 0.056 0.392 0.143 
521    (0)   :  0.016 0.040 0.047 0.497 0.399 
522    (0)   :  0.098 0.221 0.324 0.083 0.273 
523    (0)   :  0.036 0.353 0.042 0.260 0.309 
524    (0)   :  0.398 0.080 0.085 0.148 0.290 
525    (0)   :  0.048 0.063 0.309 0.366 0.214 
526    (0)   :  0.314 0.329 0.063 0.156 0.137 
527    (0)   :  0.012 0.020 0.383 0.088 0.497 
528    (0)   :  0.009 0.045 0.053 0.699 0.194 
529    (0)   :  0.010 0.044 0.214 0.294 0.438 
530    (0)   :  0.048 0.113 0.339 0.145 0.355 
531    (0)   :  0.059 0.061 0.144 0.479 0.257 
532    (0)   :  0.014 0.069 0.204 0.333 0.380 
533    (0)   :  0.033 0.118 0.376 0.136 0.336 
534    (0)   :  0.012 0.164 0.092 0.254 0.479 
535    (0)   :  0.073 0.258 0.072 0.134 0.464 
536    (0)   :  0.040 0.131 0.318 0.280 0.231 
537    (0)   :  0.014 0.227 0.098 0.485 0.176 
538    (0)   :  0.029 0.161 0.086 0.396 0.328 
539    (0)   :  0.008 0.041 0.048 0.794 0.108 
540    (0)   :  0.044 0.160 0.107 0.410 0.279 
541    (0)   :  0.020 0.048 0.165 0.573 0.193 
542    (0)   :  0.019 0.472 0.251 0.098 0.159 
543    (0)   :  0.049 0.232 0.045 0.299 0.375 
544    (0)   :  0.023 0.484 0.093 0.170 0.230 
545    (0)   :  0.074 0.621 0.069 0.061 0.176 
546    (0)   :  0.012 0.274 0.164 0.285 0.265 
547    (0)   :  0.025 0.609 0.042 0.162 0.162 
548    (0)   :  0.013 0.031 0.089 0.525 0.342 
549    (0)   :  0.057 0.189 0.172 0.469 0.113 
550    (0)   :  0.187 0.416 0.066 0.103 0.227 
551    (0)   :  0.022 0.050 0.104 0.657 0.167 
552    (0)   :  0.013 0.179 0.144 0.456 0.208 
553    (0)   :  0.021 0.539 0.032 0.246 0.162 
554    (0)   :  0.039 0.080 0.201 0.256 0.425 
555    (0)   :  0.018 0.124 0.058 0.555 0.246 
556    (0)   :  0.013 0.191 0.107 0.365 0.324 
557    (0)   :  0.252 0.277 0.074 0.156 0.240 
558    (0)   :  0.338 0.015 0.306 0.051 0.290 
559    (0)   :  0.011 0.046 0.085 0.100 0.757 
560    (0)   :  0.131 0.034 0.152 0.041 0.642 
561    (0)   :  0.030 0.039 0.163 0.054 0.713 
562    (0)   :  0.038 0.054 0.095 0.041 0.772 
563    (0)   :  0.031 0.047 0.076 0.196 0.650 
564    (0)   :  0.027 0.090 0.061 0.119 0.703 
565    (0)   :  0.091 0.019 0.648 0.059 0.183 
566    (0)   :  0.150 0.021 0.067 0.042 0.719 
567    (0)   :  0.017 0.031 0.064 0.079 0.807 
568    (0)   :  0.037 0.055 0.088 0.087 0.733 
569    (0)   :  0.177 0.125 0.115 0.087 0.497 
570    (0)   :  0.354 0.016 0.260 0.044 0.327 
571    (0)   :  0.061 0.022 0.045 0.064 0.808 
572    (0)   :  0.045 0.391 0.088 0.246 0.230 
573    (0)   :  0.219 0.053 0.051 0.116 0.561 
574    (0)   :  0.087 0.039 0.277 0.204 0.393 
575    (0)   :  0.028 0.032 0.082 0.146 0.712 
576    (0)   :  0.062 0.016 0.070 0.042 0.810 
577    (0)   :  0.024 0.026 0.339 0.167 0.444 
578    (0)   :  0.118 0.028 0.071 0.069 0.714 
579    (0)   :  0.031 0.030 0.169 0.070 0.700 
580    (0)   :  0.046 0.022 0.406 0.110 0.416 
581    (0)   :  0.117 0.022 0.179 0.079 0.603 
582    (0)   :  0.203 0.042 0.278 0.051 0.426 
583    (0)   :  0.085 0.020 0.087 0.067 0.740 
584    (0)   :  0.040 0.016 0.093 0.050 0.800 
585    (0)   :  0.057 0.025 0.147 0.060 0.711 
586    (0)   :  0.015 0.029 0.061 0.086 0.808 
587    (0)   :  0.024 0.055 0.367 0.048 0.506 
588    (0)   :  0.009 0.445 0.043 0.105 0.399 
589    (0)   :  0.366 0.086 0.144 0.055 0.349 
590    (0)   :  0.010 0.026 0.081 0.062 0.821 
591    (0)   :  0.020 0.019 0.058 0.070 0.834 
592    (0)   :  0.056 0.082 0.071 0.061 0.728 
593    (0)   :  0.108 0.035 0.080 0.109 0.668 
594    (0)   :  0.020 0.024 0.077 0.131 0.747 
595    (0)   :  0.014 0.016 0.350 0.048 0.571 
596    (0)   :  0.202 0.121 0.054 0.129 0.495 
597    (0)   :  0.040 0.061 0.039 0.250 0.611 
598    (0)   :  0.553 0.015 0.199 0.045 0.188 
599    (0)   :  0.056 0.046 0.070 0.046 0.782 
600    (0)   :  0.035 0.042 0.413 0.128 0.382 
601    (0)   :  0.041 0.043 0.168 0.048 0.700 
602    (0)   :  0.016 0.025 0.106 0.241 0.611 
603    (0)   :  0.013 0.027 0.084 0.213 0.663 
604    (0)   :  0.068 0.029 0.534 0.131 0.237 
605    (0)   :  0.030 0.051 0.132 0.078 0.709 
606    (0)   :  0.021 0.055 0.270 0.267 0.387 
607    (0)   :  0.039 0.019 0.242 0.366 0.335 
608    (0)   :  0.044 0.024 0.183 0.482 0.266 
609    (0)   :  0.027 0.038 0.440 0.100 0.396 
610    (0)   :  0.385 0.086 0.158 0.085 0.286 
611    (0)   :  0.014 0.050 0.099 0.189 0.647 
612    (0)   :  0.050 0.034 0.708 0.060 0.148 
613    (0)   :  0.042 0.070 0.304 0.126 0.457 
614    (0)   :  0.027 0.021 0.739 0.056 0.156 
615    (0)   :  0.039 0.025 0.692 0.097 0.147 
616    (0)   :  0.019 0.020 0.224 0.276 0.461 
617    (0)   :  0.069 0.060 0.224 0.068 0.579 
618    (0)   :  0.112 0.043 0.493 0.188 0.164 
619    (0)   :  0.093 0.100 0.071 0.219 0.517 
620    (0)   :  0.032 0.083 0.057 0.050 0.778 
621    (0)   :  0.025 0.015 0.169 0.065 0.726 
622    (0)   :  0.085 0.088 0.392 0.164 0.272 
623    (0)   :  0.031 0.035 0.085 0.075 0.775 
624    (0)   :  0.074 0.026 0.584 0.153 0.163 
625    (0)   :  0.038 0.020 0.476 0.159 0.307 
626    (0)   :  0.040 0.119 0.340 0.395 0.106 
627    (0)   :  0.018 0.039 0.152 0.110 0.681 
628    (0)   :  0.018 0.035 0.103 0.116 0.728 
629    (0)   :  0.015 0.021 0.291 0.143 0.530 
630    (0)   :  0.035 0.030 0.630 0.071 0.235 
631    (0)   :  0.020 0.021 0.509 0.110 0.340 
632    (0)   :  0.022 0.066 0.170 0.420 0.322 
633    (0)   :  0.068 0.023 0.364 0.165 0.380 
634    (0)   :  0.029 0.063 0.210 0.302 0.397 
635    (0)   :  0.023 0.026 0.192 0.552 0.207 
636    (0)   :  0.032 0.027 0.432 0.242 0.268 
637    (0)   :  0.021 0.190 0.249 0.175 0.365 
638    (0)   :  0.017 0.022 0.232 0.194 0.535 
639    (0)   :  0.042 0.027 0.437 0.159 0.335 
640    (0)   :  0.020 0.014 0.107 0.087 0.772 
641    (0)   :  0.022 0.027 0.290 0.123 0.538 
642    (0)   :  0.015 0.058 0.107 0.591 0.229 
643    (0)   :  0.009 0.021 0.065 0.762 0.142 
644    (0)   :  0.012 0.024 0.072 0.648 0.243 
645    (0)   :  0.076 0.036 0.315 0.468 0.105 
646    (0)   :  0.013 0.089 0.132 0.204 0.562 
647    (0)   :  0.009 0.050 0.098 0.446 0.398 
648    (0)   :  0.015 0.142 0.248 0.358 0.239 
649    (0)   :  0.012 0.236 0.061 0.289 0.402 
650    (0)   :  0.011 0.060 0.065 0.267 0.598 
651    (0)   :  0.010 0.020 0.077 0.506 0.387 
652    (0)   :  0.011 0.032 0.077 0.626 0.254 
653    (0)   :  0.018 0.082 0.190 0.487 0.224 
654    (0)   :  0.011 0.093 0.116 0.584 0.196 
655    (0)   :  0.020 0.032 0.046 0.527 0.375 
656    (0)   :  0.016 0.124 0.151 0.353 0.356 
657    (0)   :  0.016 0.027 0.452 0.224 0.281 
658    (0)   :  0.031 0.088 0.095 0.291 0.495 
659    (0)   :  0.018 0.082 0.142 0.525 0.233 
660    (0)   :  0.009 0.041 0.059 0.721 0.170 
661    (0)   :  0.017 0.184 0.114 0.538 0.147 
662    (0)   :  0.012 0.406 0.044 0.170 0.368 
663    (0)   :  0.014 0.031 0.090 0.634 0.230 
664    (0)   :  0.042 0.050 0.124 0.297 0.488 
665    (0)   :  0.010 0.257 0.062 0.259 0.412 
666    (0)   :  0.014 0.063 0.089 0.610 0.225 
667    (0)   :  0.015 0.044 0.082 0.133 0.726 
668    (0)   :  0.016 0.070 0.130 0.483 0.301 
669    (0)   :  0.011 0.083 0.125 0.461 0.320 
670    (0)   :  0.009 0.019 0.042 0.838 0.091 
671    (0)   :  0.009 0.031 0.049 0.752 0.160 
672    (0)   :  0.057 0.043 0.032 0.668 0.201 
673    (0)   :  0.010 0.013 0.051 0.848 0.078 
674    (0)   :  0.012 0.028 0.091 0.740 0.129 
675    (0)   :  0.010 0.018 0.040 0.780 0.152 
676    (0)   :  0.009 0.014 0.042 0.857 0.079 
677    (0)   :  0.008 0.073 0.038 0.797 0.084 
678    (0)   :  0.010 0.013 0.049 0.846 0.082 
679    (0)   :  0.013 0.013 0.086 0.763 0.125 
680    (0)   :  0.015 0.023 0.079 0.776 0.106 
681    (0)   :  0.045 0.290 0.110 0.324 0.230 
682    (0)   :  0.015 0.023 0.082 0.783 0.096 
683    (0)   :  0.009 0.022 0.040 0.842 0.087 
684    (0)   :  0.010 0.015 0.049 0.842 0.084 
685    (0)   :  0.008 0.016 0.038 0.862 0.076 
686    (0)   :  0.013 0.074 0.074 0.730 0.109 
687    (0)   :  0.009 0.041 0.043 0.757 0.150 
688    (0)   :  0.009 0.019 0.046 0.802 0.124 
689    (0)   :  0.009 0.015 0.040 0.859 0.077 
690    (0)   :  0.009 0.015 0.042 0.858 0.077 
691    (0)   :  0.012 0.022 0.077 0.771 0.118 
692    (0)   :  0.010 0.015 0.061 0.792 0.122 
693    (0)   :  0.010 0.018 0.064 0.775 0.133 
694    (0)   :  0.008 0.017 0.034 0.867 0.074 
695    (0)   :  0.022 0.039 0.037 0.809 0.093 
696    (0)   :  0.009 0.019 0.045 0.804 0.123 
697    (0)   :  0.008 0.019 0.045 0.850 0.078 
698    (0)   :  0.009 0.015 0.041 0.854 0.080 
699    (0)   :  0.018 0.108 0.035 0.747 0.092 
700    (0)   :  0.009 0.056 0.158 0.673 0.104 
701    (0)   :  0.032 0.032 0.090 0.727 0.119 
702    (0)   :  0.015 0.050 0.087 0.697 0.151 
703    (0)   :  0.014 0.026 0.081 0.778 0.101 
704    (0)   :  0.008 0.026 0.042 0.810 0.113 
705    (0)   :  0.039 0.283 0.074 0.443 0.161 
706    (0)   :  0.013 0.036 0.073 0.785 0.092 
707    (0)   :  0.008 0.025 0.053 0.835 0.079 
708    (0)   :  0.009 0.018 0.039 0.848 0.086 
709    (0)   :  0.008 0.049 0.052 0.810 0.081 
710    (0)   :  0.008 0.019 0.037 0.864 0.072 
711    (0)   :  0.011 0.062 0.076 0.753 0.098 
712    (0)   :  0.007 0.056 0.034 0.824 0.079 
713    (0)   :  0.008 0.022 0.041 0.810 0.118 
714    (0)   :  0.013 0.018 0.084 0.738 0.146 
715    (0)   :  0.007 0.034 0.035 0.850 0.072 
716    (0)   :  0.013 0.035 0.067 0.798 0.087 
717    (0)   :  0.008 0.024 0.037 0.860 0.071 
718    (0)   :  0.013 0.041 0.071 0.758 0.117 
719    (0)   :  0.008 0.036 0.035 0.846 0.075 
720    (0)   :  0.021 0.019 0.148 0.075 0.737 
721    (0)   :  0.025 0.029 0.181 0.597 0.169 
722    (0)   :  0.069 0.051 0.289 0.132 0.459 
723    (0)   :  0.024 0.018 0.589 0.111 0.257 
724    (0)   :  0.023 0.025 0.585 0.204 0.163 
725    (0)   :  0.013 0.036 0.155 0.320 0.476 
726    (0)   :  0.047 0.083 0.429 0.168 0.273 
727    (0)   :  0.041 0.220 0.159 0.302 0.278 
728    (0)   :  0.503 0.022 0.309 0.042 0.123 
729    (0)   :  0.132 0.020 0.604 0.048 0.195 
730    (0)   :  0.021 0.017 0.472 0.084 0.405 
731    (0)   :  0.024 0.021 0.684 0.086 0.184 
732    (0)   :  0.025 0.018 0.590 0.109 0.258 
733    (0)   :  0.024 0.014 0.745 0.060 0.157 
734    (0)   :  0.074 0.017 0.521 0.046 0.343 
735    (0)   :  0.027 0.012 0.780 0.064 0.118 
736    (0)   :  0.311 0.019 0.118 0.082 0.470 
737    (0)   :  0.157 0.056 0.231 0.093 0.462 
738    (0)   :  0.017 0.019 0.571 0.083 0.310 
739    (0)   :  0.028 0.014 0.747 0.055 0.156 
740    (0)   :  0.011 0.021 0.194 0.659 0.115 
741    (0)   :  0.030 0.036 0.141 0.576 0.216 
742    (0)   :  0.037 0.018 0.081 0.195 0.670 
743    (0)   :  0.014 0.020 0.288 0.179 0.499 
744    (0)   :  0.018 0.187 0.063 0.199 0.532 
745    (0)   :  0.020 0.051 0.111 0.063 0.755 
746    (0)   :  0.024 0.026 0.231 0.350 0.368 
747    (0)   :  0.010 0.026 0.106 0.138 0.720 
748    (0)   :  0.013 0.015 0.067 0.556 0.349 
749    (0)   :  0.018 0.051 0.114 0.298 0.518 
750    (0)   :  0.014 0.028 0.145 0.238 0.574 
751    (0)   :  0.014 0.018 0.077 0.539 0.352 
752    (0)   :  0.015 0.024 0.115 0.172 0.673 
753    (0)   :  0.022 0.032 0.340 0.311 0.295 
754    (0)   :  0.013 0.027 0.203 0.461 0.297 
755    (0)   :  0.018 0.017 0.255 0.341 0.369 
756    (0)   :  0.024 0.020 0.041 0.386 0.529 
757    (0)   :  0.012 0.018 0.094 0.244 0.632 
758    (0)   :  0.015 0.026 0.060 0.065 0.834 
759    (0)   :  0.015 0.044 0.180 0.514 0.247 
760    (0)   :  0.023 0.021 0.492 0.166 0.298 
761    (0)   :  0.015 0.021 0.487 0.317 0.160 
762    (0)   :  0.018 0.013 0.584 0.083 0.303 
763    (0)   :  0.022 0.032 0.340 0.314 0.292 
764    (0)   :  0.015 0.018 0.125 0.196 0.647 
765    (0)   :  0.014 0.017 0.528 0.132 0.309 
766    (0)   :  0.013 0.015 0.092 0.436 0.445 
767    (0)   :  0.019 0.022 0.077 0.328 0.554 
768    (0)   :  0.019 0.013 0.608 0.081 0.279 
769    (0)   :  0.022 0.023 0.450 0.273 0.233 
770    (0)   :  0.036 0.017 0.276 0.074 0.597 
771    (0)   :  0.009 0.244 0.085 0.321 0.341 
772    (0)   :  0.021 0.066 0.103 0.337 0.473 
773    (0)   :  0.013 0.018 0.202 0.225 0.543 
774    (0)   :  0.012 0.021 0.152 0.583 0.233 
775    (0)   :  0.076 0.016 0.351 0.128 0.429 
776    (0)   :  0.020 0.020 0.059 0.099 0.801 
777    (0)   :  0.014 0.068 0.129 0.203 0.586 
778    (0)   :  0.010 0.042 0.102 0.354 0.492 
779    (0)   :  0.015 0.021 0.150 0.261 0.554 
780    (0)   :  0.015 0.015 0.087 0.514 0.370 
781    (0)   :  0.009 0.102 0.110 0.493 0.285 
782    (0)   :  0.015 0.020 0.149 0.259 0.557 
783    (0)   :  0.018 0.017 0.125 0.325 0.516 
784    (0)   :  0.019 0.019 0.120 0.114 0.728 
785    (0)   :  0.012 0.024 0.144 0.232 0.587 
786    (0)   :  0.013 0.018 0.103 0.506 0.359 
787    (0)   :  0.009 0.033 0.048 0.597 0.313 
788    (0)   :  0.025 0.040 0.221 0.148 0.566 
789    (0)   :  0.019 0.016 0.113 0.123 0.728 
790    (0)   :  0.024 0.016 0.261 0.401 0.298 
791    (0)   :  0.024 0.019 0.069 0.211 0.677 
792    (0)   :  0.009 0.057 0.075 0.560 0.299 
793    (0)   :  0.031 0.059 0.202 0.522 0.187 
794    (0)   :  0.012 0.026 0.209 0.256 0.496 
795    (0)   :  0.028 0.026 0.183 0.579 0.183 
796    (0)   :  0.019 0.029 0.057 0.245 0.649 
797    (0)   :  0.016 0.038 0.060 0.727 0.160 
798    (0)   :  0.326 0.180 0.121 0.055 0.319 
799    (0)   :  0.010 0.032 0.100 0.118 0.739 
800    (0)   :  0.008 0.105 0.039 0.628 0.219 
801    (0)   :  0.043 0.137 0.470 0.089 0.262 
802    (0)   :  0.014 0.103 0.478 0.239 0.166 
803    (0)   :  0.016 0.049 0.181 0.514 0.239 
804    (0)   :  0.019 0.197 0.116 0.204 0.465 
805    (0)   :  0.009 0.025 0.061 0.769 0.137 
806    (0)   :  0.041 0.338 0.318 0.121 0.182 
807    (0)   :  0.014 0.040 0.049 0.791 0.106 
808    (0)   :  0.023 0.147 0.052 0.541 0.237 
809    (0)   :  0.052 0.606 0.064 0.086 0.192 
810    (0)   :  0.036 0.031 0.233 0.324 0.377 
