

----------------------------------------------------
STRUCTURE by Pritchard, Stephens and Donnelly (2000)
     and Falush, Stephens and Pritchard (2003)
       Code by Pritchard, Falush and Hubisz
             Version 2.3.4 (Jul 2012)
----------------------------------------------------



Command line arguments:   ./structure -K 9 -D 109008 -m brooktrout/mainparams -e brooktrout/extraparams -o brooktrout/250914_output/results_K9_rep8 
Input File:    brooktrout/brooktrout.txt

Run parameters:
   8454 individuals
   5 loci
   9 populations assumed
   50000 Burn-in period
   100000 Reps
RANDOMIZE turned off


--------------------------------------------
Overall proportion of membership of the
sample in each of the 9 clusters

Inferred Clusters
  1      2      3      4      5      6      7      8      9    
0.015  0.010  0.026  0.107  0.124  0.179  0.172  0.176  0.192  

--------------------------------------------

Allele-freq. divergence among pops (Net nucleotide distance),
computed using point estimates of P.

      1       2       3       4       5       6       7       8       9      
 1      -    0.1690  0.2485  0.1736  0.1251  0.2329  0.1360  0.1803  0.2110  
 2   0.1690     -    0.1488  0.1319  0.1216  0.1336  0.1085  0.1404  0.1235  
 3   0.2485  0.1488     -    0.1606  0.1953  0.2352  0.1831  0.1639  0.1400  
 4   0.1736  0.1319  0.1606     -    0.1253  0.2176  0.0907  0.1707  0.1187  
 5   0.1251  0.1216  0.1953  0.1253     -    0.1646  0.1011  0.1385  0.1432  
 6   0.2329  0.1336  0.2352  0.2176  0.1646     -    0.2035  0.1050  0.1548  
 7   0.1360  0.1085  0.1831  0.0907  0.1011  0.2035     -    0.1641  0.0974  
 8   0.1803  0.1404  0.1639  0.1707  0.1385  0.1050  0.1641     -    0.1056  
 9   0.2110  0.1235  0.1400  0.1187  0.1432  0.1548  0.0974  0.1056     -    

Average distances (expected heterozygosity) between individuals in same cluster:
cluster  1  : 0.6850 
cluster  2  : 0.8217 
cluster  3  : 0.7501 
cluster  4  : 0.7332 
cluster  5  : 0.6985 
cluster  6  : 0.6868 
cluster  7  : 0.7340 
cluster  8  : 0.7553 
cluster  9  : 0.7667 

--------------------------------------------
Estimated Ln Prob of Data   = -186716.9
Mean value of ln likelihood = -172396.7
Variance of ln likelihood   = 28640.3

Mean value of alpha_1       = 0.0664
Mean value of alpha_2       = 0.0480
Mean value of alpha_3       = 0.1262
Mean value of alpha_4       = 0.5315
Mean value of alpha_5       = 0.6234
Mean value of alpha_6       = 0.8758
Mean value of alpha_7       = 0.8619
Mean value of alpha_8       = 0.8943
Mean value of alpha_9       = 0.9783
Allele frequencies uncorrelated


Inferred ancestry of individuals:
     (%Miss) :  Inferred clusters
  1    (0)   :  0.009 0.006 0.014 0.065 0.311 0.170 0.122 0.176 0.128 
  2    (0)   :  0.005 0.004 0.016 0.058 0.065 0.096 0.121 0.110 0.524 
  3    (0)   :  0.010 0.008 0.010 0.070 0.099 0.127 0.301 0.260 0.115 
  4    (0)   :  0.013 0.013 0.014 0.076 0.063 0.373 0.119 0.192 0.137 
  5    (0)   :  0.006 0.005 0.019 0.064 0.075 0.101 0.150 0.099 0.480 
  6    (0)   :  0.006 0.008 0.011 0.076 0.143 0.146 0.350 0.079 0.182 
  7    (0)   :  0.007 0.006 0.014 0.282 0.137 0.101 0.213 0.093 0.147 
  8    (0)   :  0.013 0.033 0.014 0.082 0.090 0.268 0.238 0.148 0.113 
  9    (0)   :  0.008 0.011 0.025 0.072 0.107 0.125 0.199 0.170 0.282 
 10    (0)   :  0.007 0.009 0.015 0.086 0.166 0.215 0.263 0.098 0.141 
 11    (0)   :  0.008 0.005 0.019 0.153 0.322 0.087 0.169 0.094 0.145 
 12    (0)   :  0.006 0.006 0.015 0.067 0.087 0.155 0.142 0.105 0.418 
 13    (0)   :  0.006 0.007 0.019 0.091 0.141 0.143 0.179 0.132 0.280 
 14    (0)   :  0.011 0.004 0.011 0.050 0.091 0.137 0.193 0.254 0.248 
 15    (0)   :  0.016 0.006 0.013 0.090 0.084 0.237 0.167 0.176 0.212 
 16    (0)   :  0.007 0.005 0.017 0.084 0.264 0.109 0.246 0.149 0.119 
 17    (0)   :  0.008 0.012 0.022 0.061 0.112 0.154 0.269 0.158 0.204 
 18    (0)   :  0.015 0.010 0.012 0.058 0.111 0.160 0.211 0.140 0.284 
 19    (0)   :  0.006 0.006 0.013 0.076 0.142 0.141 0.326 0.102 0.186 
 20    (0)   :  0.013 0.005 0.017 0.134 0.089 0.151 0.214 0.136 0.241 
 21    (0)   :  0.008 0.005 0.012 0.061 0.144 0.205 0.128 0.229 0.208 
 22    (0)   :  0.006 0.011 0.012 0.057 0.167 0.158 0.303 0.130 0.155 
 23    (0)   :  0.015 0.008 0.030 0.064 0.070 0.163 0.149 0.312 0.189 
 24    (0)   :  0.007 0.005 0.015 0.068 0.293 0.180 0.129 0.177 0.126 
 25    (0)   :  0.010 0.006 0.015 0.096 0.083 0.084 0.326 0.094 0.286 
 26    (0)   :  0.009 0.008 0.013 0.071 0.152 0.208 0.167 0.122 0.249 
 27    (0)   :  0.007 0.007 0.017 0.067 0.157 0.143 0.230 0.172 0.201 
 28    (0)   :  0.007 0.006 0.013 0.110 0.180 0.282 0.129 0.111 0.162 
 29    (0)   :  0.006 0.004 0.022 0.124 0.119 0.108 0.169 0.181 0.266 
 30    (0)   :  0.007 0.007 0.013 0.057 0.224 0.119 0.238 0.144 0.190 
 31    (0)   :  0.007 0.023 0.022 0.103 0.183 0.167 0.125 0.145 0.225 
 32    (0)   :  0.009 0.005 0.011 0.055 0.065 0.198 0.298 0.163 0.195 
 33    (0)   :  0.007 0.006 0.013 0.099 0.098 0.132 0.269 0.247 0.130 
 34    (0)   :  0.009 0.008 0.032 0.114 0.082 0.156 0.397 0.086 0.116 
 35    (0)   :  0.006 0.013 0.030 0.058 0.097 0.086 0.222 0.262 0.226 
 36    (0)   :  0.038 0.005 0.012 0.060 0.242 0.081 0.096 0.347 0.120 
 37    (0)   :  0.006 0.008 0.012 0.066 0.087 0.164 0.177 0.276 0.204 
 38    (0)   :  0.176 0.005 0.030 0.133 0.139 0.075 0.156 0.146 0.140 
 39    (0)   :  0.013 0.008 0.025 0.115 0.130 0.111 0.207 0.184 0.207 
 40    (0)   :  0.009 0.004 0.012 0.050 0.093 0.096 0.144 0.458 0.133 
 41    (0)   :  0.011 0.008 0.027 0.100 0.103 0.066 0.193 0.386 0.107 
 42    (0)   :  0.020 0.005 0.015 0.056 0.191 0.137 0.081 0.403 0.093 
 43    (0)   :  0.006 0.008 0.016 0.067 0.066 0.098 0.148 0.421 0.170 
 44    (0)   :  0.005 0.008 0.015 0.057 0.065 0.067 0.211 0.374 0.198 
 45    (0)   :  0.026 0.005 0.022 0.067 0.235 0.072 0.085 0.224 0.264 
 46    (0)   :  0.007 0.011 0.015 0.075 0.089 0.107 0.298 0.179 0.218 
 47    (0)   :  0.006 0.025 0.025 0.068 0.128 0.138 0.220 0.179 0.210 
 48    (0)   :  0.008 0.010 0.018 0.048 0.059 0.071 0.194 0.393 0.199 
 49    (0)   :  0.008 0.010 0.036 0.071 0.147 0.106 0.167 0.278 0.177 
 50    (0)   :  0.008 0.011 0.019 0.116 0.094 0.126 0.322 0.129 0.174 
 51    (0)   :  0.033 0.004 0.015 0.055 0.153 0.067 0.078 0.475 0.118 
 52    (0)   :  0.007 0.010 0.027 0.123 0.149 0.118 0.211 0.212 0.143 
 53    (0)   :  0.043 0.008 0.017 0.104 0.133 0.123 0.262 0.194 0.116 
 54    (0)   :  0.005 0.010 0.023 0.059 0.091 0.131 0.125 0.236 0.319 
 55    (0)   :  0.006 0.007 0.018 0.057 0.063 0.093 0.134 0.365 0.257 
 56    (0)   :  0.014 0.007 0.023 0.053 0.091 0.106 0.187 0.332 0.188 
 57    (0)   :  0.008 0.017 0.024 0.078 0.136 0.264 0.214 0.116 0.142 
 58    (0)   :  0.012 0.005 0.023 0.072 0.149 0.095 0.100 0.327 0.217 
 59    (0)   :  0.040 0.005 0.044 0.073 0.189 0.097 0.114 0.250 0.187 
 60    (0)   :  0.013 0.005 0.012 0.064 0.113 0.135 0.097 0.438 0.123 
 61    (0)   :  0.006 0.004 0.015 0.056 0.065 0.129 0.075 0.379 0.271 
 62    (0)   :  0.007 0.012 0.056 0.079 0.112 0.135 0.164 0.135 0.300 
 63    (0)   :  0.007 0.004 0.013 0.116 0.090 0.124 0.161 0.302 0.183 
 64    (0)   :  0.016 0.007 0.020 0.072 0.151 0.088 0.273 0.142 0.231 
 65    (0)   :  0.006 0.006 0.018 0.135 0.071 0.080 0.273 0.103 0.308 
 66    (0)   :  0.007 0.005 0.015 0.101 0.080 0.192 0.117 0.230 0.253 
 67    (0)   :  0.006 0.006 0.017 0.061 0.065 0.083 0.130 0.338 0.294 
 68    (0)   :  0.037 0.006 0.036 0.069 0.206 0.108 0.096 0.275 0.166 
 69    (0)   :  0.124 0.010 0.056 0.076 0.161 0.147 0.176 0.111 0.138 
 70    (0)   :  0.013 0.004 0.014 0.140 0.101 0.095 0.148 0.391 0.093 
 71    (0)   :  0.038 0.006 0.043 0.078 0.184 0.070 0.112 0.239 0.230 
 72    (0)   :  0.010 0.006 0.011 0.073 0.219 0.078 0.215 0.255 0.134 
 73    (0)   :  0.010 0.005 0.042 0.080 0.090 0.080 0.101 0.263 0.329 
 74    (0)   :  0.034 0.004 0.011 0.055 0.222 0.103 0.094 0.359 0.118 
 75    (0)   :  0.020 0.005 0.014 0.048 0.196 0.114 0.079 0.404 0.120 
 76    (0)   :  0.006 0.006 0.012 0.114 0.072 0.091 0.198 0.300 0.204 
 77    (0)   :  0.035 0.005 0.028 0.123 0.167 0.067 0.132 0.240 0.203 
 78    (0)   :  0.145 0.005 0.032 0.118 0.119 0.068 0.138 0.232 0.142 
 79    (0)   :  0.007 0.005 0.014 0.142 0.161 0.109 0.195 0.103 0.264 
 80    (0)   :  0.006 0.005 0.011 0.110 0.093 0.380 0.095 0.153 0.145 
 81    (0)   :  0.007 0.006 0.010 0.150 0.120 0.332 0.099 0.112 0.165 
 82    (0)   :  0.007 0.005 0.023 0.085 0.092 0.143 0.125 0.267 0.253 
 83    (0)   :  0.012 0.005 0.010 0.151 0.092 0.236 0.160 0.176 0.159 
 84    (0)   :  0.007 0.005 0.011 0.149 0.112 0.229 0.190 0.132 0.166 
 85    (0)   :  0.013 0.005 0.011 0.076 0.125 0.252 0.191 0.166 0.161 
 86    (0)   :  0.009 0.007 0.020 0.069 0.082 0.100 0.175 0.190 0.350 
 87    (0)   :  0.013 0.006 0.012 0.269 0.107 0.115 0.138 0.155 0.184 
 88    (0)   :  0.006 0.005 0.012 0.130 0.111 0.216 0.107 0.200 0.214 
 89    (0)   :  0.007 0.006 0.011 0.105 0.111 0.273 0.100 0.171 0.215 
 90    (0)   :  0.006 0.005 0.013 0.217 0.098 0.125 0.151 0.116 0.268 
 91    (0)   :  0.014 0.005 0.009 0.080 0.100 0.324 0.134 0.204 0.130 
 92    (0)   :  0.007 0.005 0.013 0.119 0.141 0.145 0.143 0.144 0.283 
 93    (0)   :  0.006 0.005 0.011 0.056 0.089 0.473 0.093 0.150 0.117 
 94    (0)   :  0.017 0.005 0.010 0.380 0.106 0.104 0.148 0.129 0.101 
 95    (0)   :  0.006 0.005 0.012 0.239 0.078 0.188 0.110 0.155 0.206 
 96    (0)   :  0.006 0.005 0.014 0.061 0.065 0.152 0.082 0.382 0.235 
 97    (0)   :  0.020 0.006 0.014 0.050 0.231 0.132 0.085 0.289 0.174 
 98    (0)   :  0.006 0.004 0.015 0.060 0.116 0.088 0.139 0.287 0.285 
 99    (0)   :  0.006 0.005 0.011 0.162 0.104 0.218 0.167 0.117 0.210 
100    (0)   :  0.005 0.005 0.013 0.051 0.062 0.339 0.078 0.227 0.219 
101    (0)   :  0.016 0.006 0.014 0.161 0.109 0.132 0.125 0.229 0.209 
102    (0)   :  0.011 0.006 0.023 0.109 0.070 0.238 0.150 0.270 0.123 
103    (0)   :  0.006 0.005 0.015 0.115 0.059 0.185 0.137 0.119 0.360 
104    (0)   :  0.006 0.005 0.014 0.299 0.062 0.144 0.142 0.075 0.253 
105    (0)   :  0.005 0.006 0.036 0.174 0.060 0.187 0.126 0.105 0.300 
106    (0)   :  0.009 0.004 0.012 0.292 0.109 0.066 0.218 0.088 0.202 
107    (0)   :  0.007 0.007 0.025 0.203 0.062 0.174 0.138 0.127 0.258 
108    (0)   :  0.113 0.004 0.011 0.055 0.052 0.099 0.156 0.140 0.371 
109    (0)   :  0.017 0.006 0.131 0.147 0.112 0.073 0.171 0.095 0.249 
110    (0)   :  0.009 0.005 0.015 0.358 0.120 0.072 0.202 0.088 0.130 
111    (0)   :  0.007 0.006 0.030 0.345 0.060 0.104 0.127 0.094 0.227 
112    (0)   :  0.009 0.005 0.172 0.304 0.084 0.075 0.121 0.122 0.108 
113    (0)   :  0.014 0.006 0.015 0.076 0.107 0.120 0.140 0.164 0.358 
114    (0)   :  0.005 0.004 0.024 0.277 0.065 0.172 0.128 0.081 0.242 
115    (0)   :  0.008 0.006 0.034 0.188 0.059 0.091 0.180 0.226 0.209 
116    (0)   :  0.018 0.006 0.022 0.180 0.134 0.066 0.175 0.172 0.228 
117    (0)   :  0.010 0.007 0.045 0.266 0.136 0.080 0.200 0.122 0.133 
118    (0)   :  0.010 0.005 0.028 0.101 0.062 0.095 0.101 0.105 0.493 
119    (0)   :  0.009 0.004 0.011 0.096 0.060 0.157 0.129 0.367 0.167 
120    (0)   :  0.007 0.005 0.043 0.205 0.063 0.109 0.177 0.186 0.205 
121    (0)   :  0.012 0.013 0.104 0.181 0.081 0.076 0.158 0.192 0.183 
122    (0)   :  0.008 0.004 0.020 0.236 0.115 0.092 0.199 0.091 0.234 
123    (0)   :  0.010 0.005 0.017 0.295 0.081 0.120 0.155 0.116 0.200 
124    (0)   :  0.010 0.010 0.043 0.151 0.131 0.086 0.207 0.133 0.228 
125    (0)   :  0.017 0.005 0.038 0.106 0.261 0.079 0.221 0.146 0.126 
126    (0)   :  0.009 0.004 0.011 0.225 0.126 0.110 0.146 0.195 0.175 
127    (0)   :  0.006 0.006 0.025 0.377 0.051 0.109 0.106 0.103 0.218 
128    (0)   :  0.005 0.005 0.022 0.074 0.067 0.092 0.103 0.104 0.528 
129    (0)   :  0.006 0.006 0.019 0.166 0.058 0.083 0.133 0.090 0.440 
130    (0)   :  0.006 0.007 0.046 0.238 0.067 0.171 0.145 0.090 0.231 
131    (0)   :  0.070 0.009 0.043 0.164 0.171 0.071 0.190 0.131 0.151 
132    (0)   :  0.007 0.005 0.013 0.224 0.097 0.075 0.167 0.084 0.328 
133    (0)   :  0.009 0.008 0.018 0.220 0.064 0.115 0.153 0.118 0.295 
134    (0)   :  0.007 0.004 0.020 0.443 0.097 0.059 0.146 0.073 0.150 
135    (0)   :  0.008 0.006 0.021 0.048 0.087 0.302 0.075 0.304 0.150 
136    (0)   :  0.006 0.006 0.015 0.044 0.078 0.487 0.114 0.138 0.113 
137    (0)   :  0.006 0.005 0.038 0.062 0.091 0.485 0.083 0.140 0.091 
138    (0)   :  0.007 0.005 0.010 0.047 0.095 0.538 0.078 0.119 0.099 
139    (0)   :  0.007 0.005 0.014 0.047 0.090 0.241 0.099 0.176 0.321 
140    (0)   :  0.008 0.005 0.013 0.068 0.156 0.293 0.095 0.186 0.176 
141    (0)   :  0.008 0.006 0.015 0.047 0.115 0.413 0.133 0.124 0.139 
142    (0)   :  0.007 0.005 0.022 0.048 0.077 0.296 0.075 0.297 0.172 
143    (0)   :  0.006 0.004 0.010 0.042 0.070 0.543 0.072 0.160 0.093 
144    (0)   :  0.006 0.005 0.037 0.061 0.081 0.484 0.079 0.154 0.094 
145    (0)   :  0.007 0.007 0.018 0.047 0.122 0.320 0.137 0.188 0.153 
146    (0)   :  0.008 0.007 0.013 0.077 0.150 0.329 0.118 0.143 0.155 
147    (0)   :  0.006 0.005 0.011 0.043 0.076 0.575 0.076 0.122 0.087 
148    (0)   :  0.006 0.005 0.019 0.059 0.071 0.372 0.137 0.177 0.153 
149    (0)   :  0.008 0.006 0.014 0.045 0.121 0.371 0.081 0.232 0.122 
150    (0)   :  0.006 0.006 0.041 0.081 0.090 0.377 0.105 0.150 0.144 
151    (0)   :  0.006 0.005 0.011 0.056 0.078 0.460 0.087 0.173 0.124 
152    (0)   :  0.011 0.005 0.018 0.051 0.061 0.353 0.162 0.209 0.129 
153    (0)   :  0.008 0.005 0.011 0.057 0.121 0.410 0.090 0.198 0.100 
154    (0)   :  0.007 0.007 0.015 0.043 0.081 0.392 0.115 0.195 0.145 
155    (0)   :  0.005 0.005 0.010 0.057 0.062 0.549 0.086 0.108 0.118 
156    (0)   :  0.006 0.004 0.014 0.054 0.062 0.378 0.076 0.291 0.115 
157    (0)   :  0.006 0.004 0.010 0.105 0.069 0.463 0.122 0.117 0.103 
158    (0)   :  0.008 0.006 0.018 0.048 0.137 0.348 0.132 0.180 0.125 
159    (0)   :  0.006 0.006 0.013 0.043 0.070 0.558 0.077 0.124 0.103 
160    (0)   :  0.006 0.006 0.013 0.043 0.071 0.557 0.076 0.112 0.116 
161    (0)   :  0.008 0.005 0.012 0.058 0.149 0.295 0.100 0.251 0.122 
162    (0)   :  0.007 0.008 0.013 0.073 0.133 0.318 0.122 0.123 0.204 
163    (0)   :  0.005 0.004 0.010 0.054 0.067 0.503 0.079 0.179 0.098 
164    (0)   :  0.007 0.008 0.012 0.066 0.105 0.349 0.100 0.112 0.242 
165    (0)   :  0.006 0.006 0.042 0.080 0.088 0.405 0.094 0.159 0.120 
166    (0)   :  0.014 0.005 0.010 0.089 0.066 0.359 0.151 0.176 0.129 
167    (0)   :  0.007 0.011 0.013 0.056 0.079 0.484 0.132 0.084 0.134 
168    (0)   :  0.019 0.005 0.010 0.052 0.102 0.419 0.110 0.176 0.106 
169    (0)   :  0.018 0.007 0.019 0.046 0.265 0.261 0.123 0.147 0.114 
170    (0)   :  0.006 0.005 0.011 0.054 0.078 0.226 0.085 0.398 0.136 
171    (0)   :  0.011 0.005 0.011 0.049 0.082 0.350 0.150 0.171 0.169 
172    (0)   :  0.019 0.005 0.016 0.043 0.224 0.244 0.077 0.260 0.111 
173    (0)   :  0.005 0.005 0.012 0.043 0.062 0.536 0.078 0.115 0.143 
174    (0)   :  0.006 0.005 0.010 0.057 0.083 0.521 0.093 0.107 0.118 
175    (0)   :  0.005 0.006 0.012 0.043 0.072 0.423 0.112 0.226 0.101 
176    (0)   :  0.006 0.005 0.037 0.061 0.081 0.485 0.079 0.154 0.093 
177    (0)   :  0.008 0.005 0.011 0.112 0.117 0.376 0.133 0.125 0.113 
178    (0)   :  0.005 0.005 0.011 0.057 0.080 0.465 0.147 0.097 0.133 
179    (0)   :  0.005 0.005 0.009 0.043 0.066 0.589 0.079 0.096 0.108 
180    (0)   :  0.008 0.008 0.015 0.060 0.158 0.367 0.101 0.151 0.132 
181    (0)   :  0.007 0.006 0.015 0.047 0.110 0.337 0.088 0.223 0.167 
182    (0)   :  0.006 0.006 0.014 0.043 0.067 0.401 0.074 0.220 0.168 
183    (0)   :  0.005 0.005 0.010 0.043 0.071 0.538 0.078 0.134 0.115 
184    (0)   :  0.009 0.006 0.013 0.052 0.056 0.098 0.169 0.130 0.467 
185    (0)   :  0.006 0.004 0.013 0.038 0.058 0.445 0.064 0.280 0.092 
186    (0)   :  0.005 0.006 0.011 0.077 0.069 0.093 0.159 0.121 0.460 
187    (0)   :  0.006 0.004 0.010 0.054 0.064 0.295 0.105 0.120 0.341 
188    (0)   :  0.005 0.006 0.011 0.057 0.057 0.077 0.141 0.095 0.552 
189    (0)   :  0.017 0.005 0.010 0.057 0.129 0.222 0.181 0.234 0.146 
190    (0)   :  0.005 0.004 0.015 0.041 0.048 0.184 0.065 0.455 0.182 
191    (0)   :  0.005 0.004 0.014 0.047 0.060 0.148 0.097 0.102 0.524 
192    (0)   :  0.006 0.004 0.011 0.067 0.066 0.234 0.128 0.149 0.336 
193    (0)   :  0.006 0.005 0.017 0.055 0.085 0.203 0.134 0.187 0.308 
194    (0)   :  0.006 0.005 0.011 0.065 0.075 0.155 0.109 0.291 0.283 
195    (0)   :  0.005 0.005 0.010 0.040 0.065 0.287 0.070 0.250 0.268 
196    (0)   :  0.007 0.004 0.016 0.053 0.052 0.197 0.091 0.289 0.290 
197    (0)   :  0.006 0.007 0.013 0.077 0.086 0.220 0.206 0.121 0.264 
198    (0)   :  0.007 0.004 0.011 0.070 0.132 0.158 0.170 0.199 0.248 
199    (0)   :  0.009 0.005 0.015 0.057 0.067 0.121 0.081 0.448 0.198 
200    (0)   :  0.010 0.004 0.022 0.052 0.059 0.185 0.139 0.268 0.261 
201    (0)   :  0.005 0.005 0.010 0.044 0.058 0.407 0.087 0.140 0.244 
202    (0)   :  0.005 0.004 0.013 0.053 0.066 0.270 0.070 0.365 0.155 
203    (0)   :  0.005 0.004 0.013 0.044 0.048 0.376 0.081 0.137 0.291 
204    (0)   :  0.005 0.005 0.012 0.044 0.056 0.163 0.071 0.252 0.394 
205    (0)   :  0.009 0.004 0.012 0.052 0.069 0.141 0.093 0.221 0.398 
206    (0)   :  0.005 0.005 0.011 0.042 0.062 0.191 0.078 0.141 0.465 
207    (0)   :  0.005 0.004 0.017 0.054 0.054 0.111 0.080 0.214 0.462 
208    (0)   :  0.005 0.004 0.012 0.046 0.054 0.288 0.082 0.128 0.381 
209    (0)   :  0.005 0.004 0.017 0.049 0.067 0.172 0.107 0.161 0.418 
210    (0)   :  0.005 0.004 0.011 0.050 0.056 0.203 0.088 0.151 0.433 
211    (0)   :  0.005 0.005 0.033 0.066 0.048 0.168 0.086 0.281 0.308 
212    (0)   :  0.005 0.004 0.012 0.041 0.088 0.325 0.099 0.274 0.151 
213    (0)   :  0.007 0.004 0.013 0.088 0.102 0.112 0.086 0.334 0.254 
214    (0)   :  0.005 0.004 0.014 0.045 0.054 0.335 0.088 0.239 0.216 
215    (0)   :  0.009 0.004 0.015 0.053 0.052 0.133 0.095 0.135 0.504 
216    (0)   :  0.007 0.007 0.013 0.057 0.070 0.119 0.209 0.162 0.356 
217    (0)   :  0.008 0.005 0.011 0.045 0.062 0.333 0.091 0.220 0.226 
218    (0)   :  0.008 0.005 0.012 0.062 0.065 0.174 0.090 0.149 0.435 
219    (0)   :  0.012 0.008 0.010 0.053 0.083 0.263 0.182 0.151 0.238 
220    (0)   :  0.005 0.004 0.012 0.046 0.053 0.146 0.077 0.117 0.541 
221    (0)   :  0.005 0.004 0.012 0.039 0.054 0.203 0.068 0.496 0.117 
222    (0)   :  0.007 0.007 0.010 0.058 0.091 0.175 0.219 0.151 0.282 
223    (0)   :  0.007 0.005 0.010 0.057 0.076 0.333 0.130 0.143 0.238 
224    (0)   :  0.005 0.005 0.011 0.043 0.060 0.290 0.082 0.151 0.353 
225    (0)   :  0.006 0.004 0.012 0.050 0.066 0.164 0.092 0.261 0.345 
226    (0)   :  0.074 0.006 0.014 0.062 0.074 0.179 0.143 0.169 0.279 
227    (0)   :  0.005 0.005 0.012 0.060 0.064 0.215 0.070 0.313 0.255 
228    (0)   :  0.006 0.005 0.015 0.038 0.061 0.262 0.064 0.333 0.216 
229    (0)   :  0.005 0.005 0.011 0.047 0.060 0.319 0.084 0.126 0.343 
230    (0)   :  0.005 0.005 0.013 0.046 0.052 0.245 0.082 0.150 0.404 
231    (0)   :  0.005 0.005 0.012 0.044 0.071 0.303 0.109 0.113 0.339 
232    (0)   :  0.007 0.005 0.013 0.072 0.132 0.153 0.084 0.318 0.215 
233    (0)   :  0.005 0.004 0.013 0.045 0.052 0.436 0.088 0.144 0.212 
234    (0)   :  0.006 0.004 0.012 0.057 0.077 0.221 0.170 0.130 0.322 
235    (0)   :  0.010 0.005 0.012 0.056 0.086 0.259 0.106 0.202 0.266 
236    (0)   :  0.006 0.004 0.013 0.050 0.060 0.313 0.115 0.165 0.274 
237    (0)   :  0.005 0.004 0.017 0.049 0.066 0.124 0.087 0.223 0.426 
238    (0)   :  0.005 0.004 0.012 0.055 0.061 0.313 0.102 0.235 0.212 
239    (0)   :  0.005 0.004 0.010 0.041 0.066 0.286 0.070 0.252 0.266 
240    (0)   :  0.005 0.004 0.012 0.055 0.061 0.314 0.103 0.232 0.214 
241    (0)   :  0.006 0.005 0.013 0.048 0.073 0.287 0.084 0.301 0.181 
242    (0)   :  0.010 0.005 0.011 0.053 0.095 0.200 0.124 0.203 0.298 
243    (0)   :  0.005 0.004 0.018 0.045 0.047 0.205 0.078 0.295 0.303 
244    (0)   :  0.005 0.005 0.013 0.043 0.051 0.307 0.082 0.158 0.336 
245    (0)   :  0.005 0.004 0.010 0.051 0.066 0.393 0.082 0.249 0.140 
246    (0)   :  0.008 0.005 0.012 0.045 0.062 0.331 0.091 0.220 0.227 
247    (0)   :  0.008 0.004 0.011 0.117 0.082 0.086 0.162 0.148 0.381 
248    (0)   :  0.006 0.004 0.014 0.057 0.058 0.099 0.093 0.118 0.553 
249    (0)   :  0.005 0.005 0.014 0.049 0.054 0.265 0.088 0.229 0.291 
250    (0)   :  0.006 0.004 0.013 0.053 0.059 0.246 0.110 0.155 0.354 
251    (0)   :  0.015 0.005 0.019 0.064 0.072 0.155 0.204 0.188 0.278 
252    (0)   :  0.006 0.005 0.010 0.052 0.082 0.228 0.095 0.234 0.289 
253    (0)   :  0.012 0.004 0.013 0.084 0.089 0.107 0.123 0.297 0.272 
254    (0)   :  0.006 0.007 0.011 0.051 0.071 0.197 0.180 0.140 0.337 
255    (0)   :  0.005 0.005 0.013 0.052 0.085 0.234 0.113 0.139 0.354 
256    (0)   :  0.006 0.005 0.014 0.050 0.064 0.222 0.098 0.285 0.257 
257    (0)   :  0.007 0.008 0.016 0.061 0.069 0.180 0.102 0.178 0.378 
258    (0)   :  0.006 0.004 0.015 0.062 0.081 0.155 0.127 0.219 0.332 
259    (0)   :  0.006 0.005 0.012 0.051 0.058 0.157 0.101 0.168 0.444 
260    (0)   :  0.006 0.007 0.011 0.052 0.069 0.294 0.202 0.138 0.221 
261    (0)   :  0.006 0.004 0.010 0.047 0.080 0.285 0.095 0.262 0.210 
262    (0)   :  0.007 0.004 0.013 0.040 0.056 0.222 0.071 0.417 0.170 
263    (0)   :  0.005 0.006 0.013 0.045 0.051 0.125 0.127 0.136 0.493 
264    (0)   :  0.007 0.008 0.013 0.059 0.080 0.078 0.313 0.111 0.331 
265    (0)   :  0.010 0.005 0.010 0.052 0.075 0.249 0.112 0.125 0.363 
266    (0)   :  0.005 0.004 0.012 0.040 0.056 0.294 0.069 0.384 0.135 
267    (0)   :  0.005 0.005 0.017 0.056 0.080 0.228 0.111 0.185 0.313 
268    (0)   :  0.007 0.004 0.016 0.054 0.052 0.194 0.092 0.294 0.288 
269    (0)   :  0.014 0.005 0.011 0.055 0.088 0.262 0.197 0.131 0.238 
270    (0)   :  0.005 0.006 0.013 0.062 0.074 0.130 0.162 0.134 0.413 
271    (0)   :  0.007 0.005 0.016 0.061 0.064 0.152 0.113 0.166 0.415 
272    (0)   :  0.073 0.006 0.020 0.064 0.062 0.154 0.128 0.194 0.299 
273    (0)   :  0.018 0.024 0.027 0.087 0.105 0.211 0.132 0.151 0.246 
274    (0)   :  0.012 0.005 0.013 0.059 0.077 0.171 0.132 0.152 0.379 
275    (0)   :  0.022 0.008 0.019 0.052 0.073 0.206 0.135 0.141 0.344 
276    (0)   :  0.051 0.006 0.022 0.073 0.069 0.114 0.106 0.259 0.300 
277    (0)   :  0.007 0.005 0.010 0.056 0.087 0.274 0.134 0.159 0.269 
278    (0)   :  0.009 0.004 0.015 0.051 0.053 0.163 0.096 0.153 0.456 
279    (0)   :  0.007 0.005 0.012 0.055 0.072 0.205 0.126 0.184 0.335 
280    (0)   :  0.014 0.005 0.011 0.052 0.115 0.189 0.123 0.181 0.310 
281    (0)   :  0.006 0.005 0.012 0.072 0.087 0.174 0.104 0.148 0.392 
282    (0)   :  0.006 0.004 0.010 0.051 0.069 0.392 0.125 0.131 0.210 
283    (0)   :  0.005 0.005 0.011 0.052 0.055 0.413 0.090 0.154 0.215 
284    (0)   :  0.006 0.004 0.015 0.065 0.064 0.254 0.135 0.173 0.284 
285    (0)   :  0.007 0.004 0.016 0.057 0.078 0.073 0.098 0.135 0.532 
286    (0)   :  0.005 0.004 0.013 0.043 0.052 0.306 0.082 0.158 0.337 
287    (0)   :  0.011 0.005 0.010 0.076 0.112 0.229 0.113 0.135 0.308 
288    (0)   :  0.053 0.006 0.014 0.058 0.061 0.154 0.115 0.142 0.397 
289    (0)   :  0.023 0.007 0.018 0.071 0.059 0.133 0.132 0.159 0.398 
290    (0)   :  0.007 0.007 0.022 0.053 0.078 0.116 0.159 0.290 0.268 
291    (0)   :  0.007 0.005 0.016 0.060 0.065 0.153 0.114 0.164 0.415 
292    (0)   :  0.013 0.005 0.010 0.049 0.127 0.185 0.102 0.305 0.204 
293    (0)   :  0.007 0.005 0.021 0.056 0.102 0.108 0.220 0.237 0.245 
294    (0)   :  0.007 0.007 0.012 0.047 0.057 0.098 0.120 0.223 0.428 
295    (0)   :  0.028 0.006 0.023 0.071 0.087 0.137 0.120 0.268 0.260 
296    (0)   :  0.008 0.005 0.015 0.063 0.056 0.153 0.083 0.166 0.451 
297    (0)   :  0.013 0.005 0.011 0.055 0.120 0.141 0.118 0.156 0.381 
298    (0)   :  0.006 0.005 0.010 0.057 0.069 0.319 0.118 0.128 0.289 
299    (0)   :  0.005 0.007 0.011 0.049 0.066 0.146 0.133 0.115 0.468 
300    (0)   :  0.007 0.004 0.013 0.047 0.077 0.095 0.085 0.153 0.520 
301    (0)   :  0.010 0.006 0.013 0.050 0.064 0.132 0.201 0.138 0.385 
302    (0)   :  0.008 0.008 0.018 0.046 0.056 0.117 0.125 0.254 0.369 
303    (0)   :  0.007 0.005 0.012 0.047 0.097 0.270 0.092 0.176 0.296 
304    (0)   :  0.005 0.007 0.014 0.075 0.088 0.347 0.202 0.104 0.158 
305    (0)   :  0.008 0.005 0.013 0.042 0.063 0.220 0.078 0.260 0.311 
306    (0)   :  0.010 0.005 0.011 0.050 0.076 0.304 0.106 0.236 0.202 
307    (0)   :  0.007 0.005 0.013 0.055 0.072 0.190 0.130 0.207 0.322 
308    (0)   :  0.006 0.004 0.010 0.047 0.080 0.285 0.095 0.263 0.208 
309    (0)   :  0.015 0.017 0.031 0.067 0.058 0.146 0.097 0.126 0.444 
310    (0)   :  0.005 0.004 0.014 0.044 0.054 0.244 0.084 0.260 0.292 
311    (0)   :  0.005 0.005 0.013 0.046 0.052 0.245 0.082 0.151 0.402 
312    (0)   :  0.005 0.004 0.013 0.052 0.049 0.145 0.082 0.148 0.502 
313    (0)   :  0.006 0.004 0.014 0.049 0.055 0.089 0.083 0.265 0.434 
314    (0)   :  0.007 0.005 0.013 0.042 0.074 0.502 0.072 0.199 0.087 
315    (0)   :  0.012 0.004 0.010 0.046 0.069 0.466 0.102 0.206 0.085 
316    (0)   :  0.022 0.007 0.012 0.053 0.080 0.497 0.122 0.116 0.092 
317    (0)   :  0.008 0.005 0.012 0.043 0.071 0.588 0.074 0.114 0.086 
318    (0)   :  0.008 0.005 0.010 0.043 0.073 0.617 0.078 0.082 0.084 
319    (0)   :  0.006 0.005 0.010 0.042 0.070 0.565 0.072 0.136 0.095 
320    (0)   :  0.008 0.005 0.012 0.042 0.073 0.501 0.072 0.200 0.087 
321    (0)   :  0.008 0.005 0.012 0.043 0.078 0.582 0.079 0.107 0.085 
322    (0)   :  0.020 0.007 0.014 0.051 0.076 0.444 0.108 0.184 0.095 
323    (0)   :  0.006 0.013 0.010 0.044 0.070 0.596 0.078 0.095 0.089 
324    (0)   :  0.008 0.005 0.012 0.043 0.078 0.584 0.079 0.107 0.084 
325    (0)   :  0.021 0.005 0.011 0.050 0.069 0.532 0.119 0.108 0.085 
326    (0)   :  0.052 0.013 0.015 0.053 0.073 0.480 0.113 0.115 0.087 
327    (0)   :  0.008 0.005 0.012 0.043 0.071 0.588 0.074 0.114 0.086 
328    (0)   :  0.012 0.005 0.011 0.049 0.071 0.468 0.111 0.179 0.095 
329    (0)   :  0.006 0.004 0.009 0.042 0.072 0.610 0.075 0.098 0.084 
330    (0)   :  0.008 0.005 0.012 0.043 0.071 0.587 0.074 0.114 0.087 
331    (0)   :  0.006 0.005 0.009 0.042 0.072 0.612 0.075 0.091 0.090 
332    (0)   :  0.029 0.018 0.012 0.051 0.070 0.500 0.123 0.112 0.084 
333    (0)   :  0.028 0.012 0.013 0.052 0.071 0.483 0.111 0.137 0.094 
334    (0)   :  0.013 0.005 0.011 0.048 0.071 0.469 0.110 0.179 0.095 
335    (0)   :  0.012 0.005 0.011 0.047 0.065 0.482 0.103 0.188 0.088 
336    (0)   :  0.010 0.017 0.012 0.044 0.081 0.526 0.079 0.146 0.084 
337    (0)   :  0.021 0.005 0.013 0.050 0.073 0.485 0.117 0.149 0.087 
338    (0)   :  0.008 0.006 0.011 0.043 0.077 0.610 0.078 0.082 0.084 
339    (0)   :  0.006 0.005 0.009 0.042 0.071 0.613 0.075 0.090 0.090 
340    (0)   :  0.006 0.005 0.009 0.042 0.065 0.617 0.070 0.095 0.091 
341    (0)   :  0.011 0.013 0.012 0.045 0.076 0.572 0.076 0.100 0.094 
342    (0)   :  0.008 0.005 0.012 0.043 0.071 0.588 0.074 0.114 0.086 
343    (0)   :  0.013 0.012 0.012 0.047 0.067 0.366 0.102 0.297 0.084 
344    (0)   :  0.006 0.004 0.009 0.042 0.071 0.620 0.075 0.089 0.083 
345    (0)   :  0.008 0.005 0.012 0.043 0.071 0.586 0.074 0.115 0.086 
346    (0)   :  0.007 0.005 0.011 0.042 0.067 0.624 0.074 0.086 0.084 
347    (0)   :  0.006 0.005 0.009 0.042 0.066 0.624 0.071 0.093 0.085 
348    (0)   :  0.010 0.004 0.011 0.045 0.063 0.381 0.091 0.309 0.087 
349    (0)   :  0.008 0.005 0.012 0.043 0.071 0.586 0.074 0.114 0.087 
350    (0)   :  0.005 0.005 0.009 0.041 0.077 0.537 0.073 0.159 0.094 
351    (0)   :  0.012 0.005 0.011 0.048 0.065 0.481 0.101 0.189 0.088 
352    (0)   :  0.020 0.005 0.013 0.049 0.066 0.488 0.108 0.163 0.089 
353    (0)   :  0.010 0.018 0.012 0.044 0.081 0.525 0.080 0.146 0.084 
354    (0)   :  0.007 0.007 0.011 0.043 0.077 0.596 0.077 0.095 0.087 
355    (0)   :  0.008 0.005 0.011 0.043 0.072 0.619 0.078 0.082 0.083 
356    (0)   :  0.009 0.004 0.010 0.044 0.061 0.308 0.087 0.389 0.088 
357    (0)   :  0.012 0.004 0.011 0.052 0.095 0.371 0.234 0.114 0.106 
358    (0)   :  0.014 0.005 0.010 0.050 0.071 0.526 0.115 0.123 0.086 
359    (0)   :  0.006 0.005 0.010 0.043 0.075 0.604 0.076 0.092 0.090 
360    (0)   :  0.007 0.005 0.010 0.043 0.067 0.624 0.074 0.086 0.084 
361    (0)   :  0.012 0.004 0.012 0.053 0.105 0.294 0.227 0.183 0.110 
362    (0)   :  0.019 0.005 0.012 0.110 0.127 0.116 0.218 0.131 0.262 
363    (0)   :  0.010 0.007 0.015 0.147 0.123 0.083 0.278 0.116 0.221 
364    (0)   :  0.008 0.020 0.023 0.075 0.121 0.233 0.200 0.161 0.158 
365    (0)   :  0.016 0.013 0.030 0.081 0.252 0.091 0.238 0.109 0.170 
366    (0)   :  0.015 0.006 0.019 0.053 0.104 0.133 0.237 0.236 0.198 
367    (0)   :  0.010 0.005 0.013 0.390 0.121 0.071 0.189 0.078 0.124 
368    (0)   :  0.007 0.005 0.013 0.101 0.120 0.107 0.154 0.102 0.391 
369    (0)   :  0.009 0.007 0.021 0.053 0.083 0.124 0.215 0.346 0.143 
370    (0)   :  0.012 0.012 0.026 0.137 0.092 0.114 0.165 0.125 0.316 
371    (0)   :  0.009 0.010 0.022 0.060 0.093 0.136 0.274 0.152 0.243 
372    (0)   :  0.017 0.035 0.036 0.113 0.096 0.123 0.095 0.125 0.359 
373    (0)   :  0.006 0.006 0.017 0.223 0.157 0.145 0.145 0.131 0.170 
374    (0)   :  0.017 0.006 0.031 0.081 0.107 0.188 0.228 0.187 0.155 
375    (0)   :  0.010 0.015 0.020 0.117 0.135 0.084 0.312 0.084 0.224 
376    (0)   :  0.012 0.099 0.015 0.104 0.167 0.078 0.331 0.092 0.103 
377    (0)   :  0.011 0.006 0.018 0.071 0.168 0.119 0.165 0.111 0.331 
378    (0)   :  0.007 0.005 0.016 0.299 0.089 0.221 0.100 0.127 0.136 
379    (0)   :  0.016 0.164 0.018 0.118 0.115 0.069 0.291 0.093 0.116 
380    (0)   :  0.027 0.010 0.016 0.052 0.358 0.135 0.118 0.149 0.135 
381    (0)   :  0.009 0.010 0.015 0.048 0.242 0.118 0.231 0.225 0.102 
382    (0)   :  0.006 0.004 0.012 0.085 0.080 0.100 0.489 0.083 0.140 
383    (0)   :  0.043 0.017 0.017 0.052 0.303 0.174 0.148 0.080 0.166 
384    (0)   :  0.019 0.058 0.025 0.093 0.183 0.160 0.241 0.087 0.134 
385    (0)   :  0.006 0.006 0.185 0.063 0.131 0.220 0.150 0.087 0.150 
386    (0)   :  0.008 0.004 0.012 0.147 0.150 0.085 0.324 0.106 0.164 
387    (0)   :  0.008 0.005 0.014 0.133 0.153 0.108 0.336 0.099 0.144 
388    (0)   :  0.011 0.014 0.035 0.083 0.157 0.213 0.199 0.113 0.175 
389    (0)   :  0.008 0.009 0.072 0.068 0.070 0.099 0.125 0.153 0.396 
390    (0)   :  0.032 0.017 0.024 0.214 0.175 0.073 0.186 0.161 0.117 
391    (0)   :  0.017 0.013 0.075 0.143 0.096 0.111 0.158 0.200 0.188 
392    (0)   :  0.007 0.008 0.010 0.122 0.257 0.153 0.170 0.102 0.171 
393    (0)   :  0.018 0.006 0.011 0.056 0.487 0.102 0.104 0.117 0.098 
394    (0)   :  0.014 0.005 0.010 0.164 0.129 0.247 0.157 0.121 0.154 
395    (0)   :  0.023 0.004 0.011 0.106 0.166 0.097 0.160 0.148 0.285 
396    (0)   :  0.006 0.005 0.013 0.137 0.145 0.072 0.303 0.081 0.237 
397    (0)   :  0.006 0.074 0.011 0.055 0.087 0.175 0.186 0.160 0.246 
398    (0)   :  0.023 0.035 0.011 0.228 0.264 0.076 0.154 0.087 0.122 
399    (0)   :  0.021 0.005 0.022 0.353 0.075 0.094 0.148 0.127 0.156 
400    (0)   :  0.007 0.006 0.014 0.175 0.143 0.106 0.307 0.136 0.106 
401    (0)   :  0.007 0.004 0.014 0.292 0.131 0.118 0.122 0.158 0.154 
402    (0)   :  0.006 0.006 0.017 0.136 0.204 0.119 0.136 0.178 0.197 
403    (0)   :  0.010 0.007 0.037 0.075 0.157 0.310 0.120 0.125 0.160 
404    (0)   :  0.007 0.007 0.022 0.075 0.126 0.119 0.233 0.144 0.267 
405    (0)   :  0.014 0.004 0.012 0.077 0.152 0.115 0.228 0.176 0.221 
406    (0)   :  0.170 0.004 0.012 0.054 0.096 0.123 0.138 0.258 0.145 
407    (0)   :  0.015 0.004 0.011 0.081 0.360 0.070 0.222 0.085 0.151 
408    (0)   :  0.005 0.004 0.012 0.286 0.086 0.064 0.110 0.169 0.263 
409    (0)   :  0.026 0.009 0.017 0.066 0.233 0.122 0.092 0.328 0.107 
410    (0)   :  0.017 0.069 0.016 0.176 0.191 0.119 0.152 0.122 0.139 
411    (0)   :  0.008 0.015 0.012 0.091 0.128 0.162 0.301 0.164 0.120 
412    (0)   :  0.006 0.005 0.013 0.128 0.133 0.100 0.193 0.101 0.321 
413    (0)   :  0.006 0.004 0.011 0.151 0.112 0.202 0.181 0.099 0.233 
414    (0)   :  0.005 0.004 0.020 0.155 0.079 0.079 0.294 0.075 0.290 
415    (0)   :  0.012 0.005 0.013 0.113 0.138 0.085 0.303 0.172 0.159 
416    (0)   :  0.007 0.005 0.028 0.152 0.264 0.101 0.134 0.177 0.131 
417    (0)   :  0.056 0.006 0.012 0.137 0.208 0.081 0.236 0.113 0.152 
418    (0)   :  0.007 0.006 0.012 0.235 0.130 0.083 0.244 0.080 0.203 
419    (0)   :  0.012 0.010 0.027 0.106 0.209 0.176 0.146 0.156 0.159 
420    (0)   :  0.007 0.004 0.013 0.283 0.124 0.072 0.128 0.227 0.142 
421    (0)   :  0.022 0.006 0.013 0.161 0.229 0.081 0.133 0.108 0.247 
422    (0)   :  0.017 0.006 0.012 0.067 0.272 0.086 0.092 0.136 0.312 
423    (0)   :  0.014 0.007 0.012 0.094 0.080 0.123 0.341 0.118 0.212 
424    (0)   :  0.022 0.007 0.040 0.182 0.097 0.115 0.216 0.177 0.144 
425    (0)   :  0.010 0.017 0.045 0.082 0.145 0.145 0.262 0.110 0.184 
426    (0)   :  0.028 0.028 0.036 0.190 0.101 0.140 0.200 0.132 0.146 
427    (0)   :  0.021 0.005 0.011 0.181 0.252 0.165 0.190 0.081 0.096 
428    (0)   :  0.057 0.017 0.013 0.071 0.233 0.152 0.113 0.191 0.154 
429    (0)   :  0.009 0.006 0.010 0.201 0.128 0.071 0.361 0.082 0.134 
430    (0)   :  0.027 0.005 0.011 0.078 0.386 0.076 0.155 0.103 0.160 
431    (0)   :  0.015 0.009 0.026 0.154 0.070 0.148 0.236 0.120 0.223 
432    (0)   :  0.007 0.005 0.013 0.131 0.152 0.112 0.142 0.115 0.324 
433    (0)   :  0.006 0.007 0.012 0.075 0.081 0.239 0.130 0.173 0.277 
434    (0)   :  0.007 0.005 0.015 0.065 0.157 0.132 0.208 0.178 0.232 
435    (0)   :  0.044 0.004 0.010 0.141 0.281 0.075 0.214 0.097 0.134 
436    (0)   :  0.110 0.007 0.013 0.198 0.119 0.096 0.235 0.149 0.072 
437    (0)   :  0.011 0.007 0.010 0.064 0.107 0.085 0.472 0.089 0.155 
438    (0)   :  0.076 0.005 0.013 0.150 0.199 0.094 0.132 0.234 0.097 
439    (0)   :  0.050 0.004 0.010 0.107 0.396 0.084 0.166 0.100 0.083 
440    (0)   :  0.084 0.004 0.012 0.152 0.112 0.065 0.381 0.088 0.102 
441    (0)   :  0.018 0.005 0.012 0.073 0.353 0.118 0.173 0.139 0.110 
442    (0)   :  0.007 0.006 0.028 0.117 0.146 0.076 0.321 0.128 0.171 
443    (0)   :  0.017 0.004 0.016 0.309 0.115 0.067 0.148 0.212 0.110 
444    (0)   :  0.012 0.006 0.027 0.100 0.124 0.076 0.369 0.138 0.150 
445    (0)   :  0.013 0.034 0.012 0.060 0.372 0.105 0.102 0.205 0.098 
446    (0)   :  0.031 0.038 0.012 0.281 0.260 0.079 0.131 0.089 0.079 
447    (0)   :  0.079 0.006 0.035 0.085 0.171 0.115 0.214 0.183 0.113 
448    (0)   :  0.018 0.005 0.012 0.100 0.246 0.084 0.263 0.109 0.164 
449    (0)   :  0.018 0.005 0.012 0.086 0.221 0.112 0.259 0.144 0.142 
450    (0)   :  0.007 0.007 0.013 0.075 0.350 0.115 0.253 0.081 0.097 
451    (0)   :  0.011 0.005 0.014 0.230 0.077 0.066 0.254 0.089 0.255 
452    (0)   :  0.010 0.005 0.011 0.142 0.327 0.113 0.201 0.090 0.100 
453    (0)   :  0.010 0.004 0.020 0.112 0.156 0.081 0.115 0.358 0.143 
454    (0)   :  0.019 0.005 0.011 0.109 0.164 0.131 0.308 0.124 0.130 
455    (0)   :  0.069 0.004 0.013 0.142 0.249 0.069 0.213 0.155 0.086 
456    (0)   :  0.020 0.005 0.014 0.129 0.152 0.070 0.267 0.208 0.135 
457    (0)   :  0.019 0.005 0.010 0.068 0.229 0.087 0.346 0.103 0.132 
458    (0)   :  0.014 0.035 0.012 0.112 0.431 0.082 0.125 0.092 0.098 
459    (0)   :  0.021 0.005 0.013 0.164 0.240 0.123 0.213 0.143 0.079 
460    (0)   :  0.018 0.004 0.012 0.266 0.212 0.076 0.223 0.099 0.089 
461    (0)   :  0.007 0.006 0.013 0.297 0.169 0.079 0.265 0.077 0.086 
462    (0)   :  0.015 0.007 0.046 0.081 0.238 0.060 0.245 0.106 0.203 
463    (0)   :  0.104 0.004 0.012 0.061 0.153 0.083 0.162 0.287 0.134 
464    (0)   :  0.018 0.004 0.011 0.284 0.158 0.069 0.195 0.155 0.106 
465    (0)   :  0.011 0.006 0.014 0.175 0.242 0.081 0.185 0.127 0.161 
466    (0)   :  0.020 0.004 0.012 0.176 0.155 0.070 0.200 0.213 0.150 
467    (0)   :  0.016 0.005 0.013 0.083 0.321 0.095 0.172 0.141 0.155 
468    (0)   :  0.092 0.005 0.011 0.062 0.156 0.069 0.334 0.152 0.119 
469    (0)   :  0.191 0.004 0.011 0.066 0.332 0.076 0.150 0.087 0.082 
470    (0)   :  0.074 0.004 0.010 0.208 0.235 0.077 0.196 0.091 0.103 
471    (0)   :  0.009 0.005 0.020 0.162 0.153 0.080 0.188 0.203 0.180 
472    (0)   :  0.008 0.006 0.015 0.080 0.318 0.072 0.182 0.150 0.169 
473    (0)   :  0.019 0.005 0.011 0.072 0.186 0.111 0.246 0.143 0.207 
474    (0)   :  0.009 0.005 0.011 0.132 0.321 0.096 0.187 0.139 0.100 
475    (0)   :  0.011 0.005 0.013 0.196 0.185 0.116 0.181 0.166 0.129 
476    (0)   :  0.012 0.006 0.012 0.097 0.183 0.076 0.380 0.150 0.084 
477    (0)   :  0.013 0.006 0.024 0.191 0.156 0.099 0.223 0.163 0.124 
478    (0)   :  0.011 0.006 0.025 0.422 0.122 0.074 0.145 0.087 0.109 
479    (0)   :  0.016 0.004 0.012 0.131 0.161 0.076 0.411 0.092 0.096 
480    (0)   :  0.018 0.006 0.010 0.103 0.167 0.083 0.418 0.100 0.095 
481    (0)   :  0.009 0.005 0.018 0.088 0.197 0.078 0.199 0.105 0.301 
482    (0)   :  0.010 0.005 0.010 0.180 0.149 0.076 0.391 0.086 0.093 
483    (0)   :  0.080 0.005 0.011 0.168 0.289 0.087 0.163 0.110 0.087 
484    (0)   :  0.067 0.005 0.015 0.066 0.310 0.080 0.132 0.188 0.137 
485    (0)   :  0.298 0.005 0.011 0.159 0.131 0.077 0.141 0.092 0.087 
486    (0)   :  0.007 0.007 0.033 0.114 0.066 0.099 0.201 0.199 0.275 
487    (0)   :  0.007 0.007 0.031 0.084 0.094 0.189 0.207 0.161 0.220 
488    (0)   :  0.007 0.007 0.075 0.105 0.083 0.168 0.144 0.103 0.309 
489    (0)   :  0.005 0.007 0.017 0.050 0.090 0.134 0.209 0.242 0.245 
490    (0)   :  0.007 0.005 0.022 0.211 0.083 0.072 0.225 0.177 0.197 
491    (0)   :  0.006 0.006 0.037 0.054 0.087 0.144 0.127 0.210 0.330 
492    (0)   :  0.007 0.005 0.051 0.143 0.105 0.244 0.105 0.192 0.148 
493    (0)   :  0.006 0.008 0.061 0.069 0.061 0.149 0.181 0.098 0.366 
494    (0)   :  0.011 0.020 0.039 0.069 0.087 0.139 0.174 0.216 0.245 
495    (0)   :  0.007 0.020 0.145 0.127 0.074 0.181 0.149 0.177 0.120 
496    (0)   :  0.007 0.005 0.011 0.064 0.093 0.174 0.129 0.338 0.179 
497    (0)   :  0.006 0.012 0.084 0.051 0.082 0.183 0.155 0.120 0.306 
498    (0)   :  0.007 0.007 0.056 0.096 0.084 0.079 0.202 0.215 0.255 
499    (0)   :  0.007 0.013 0.020 0.059 0.085 0.244 0.160 0.184 0.229 
500    (0)   :  0.011 0.010 0.015 0.057 0.072 0.128 0.280 0.125 0.301 
501    (0)   :  0.007 0.008 0.017 0.087 0.112 0.196 0.231 0.167 0.173 
502    (0)   :  0.007 0.007 0.032 0.137 0.160 0.237 0.121 0.134 0.166 
503    (0)   :  0.008 0.006 0.013 0.073 0.214 0.101 0.202 0.094 0.287 
504    (0)   :  0.007 0.007 0.104 0.145 0.099 0.097 0.147 0.169 0.224 
505    (0)   :  0.010 0.006 0.022 0.076 0.068 0.127 0.112 0.259 0.319 
506    (0)   :  0.006 0.006 0.033 0.152 0.099 0.205 0.115 0.177 0.206 
507    (0)   :  0.006 0.006 0.011 0.045 0.079 0.310 0.078 0.323 0.141 
508    (0)   :  0.006 0.010 0.018 0.054 0.057 0.290 0.084 0.298 0.183 
509    (0)   :  0.007 0.006 0.016 0.070 0.081 0.190 0.108 0.260 0.262 
510    (0)   :  0.006 0.014 0.015 0.065 0.080 0.281 0.213 0.149 0.177 
511    (0)   :  0.027 0.009 0.028 0.164 0.095 0.099 0.239 0.168 0.172 
512    (0)   :  0.007 0.006 0.018 0.140 0.101 0.081 0.380 0.095 0.171 
513    (0)   :  0.005 0.005 0.344 0.059 0.047 0.111 0.074 0.142 0.212 
514    (0)   :  0.007 0.006 0.015 0.265 0.078 0.142 0.144 0.129 0.215 
515    (0)   :  0.019 0.009 0.016 0.077 0.136 0.209 0.192 0.197 0.146 
516    (0)   :  0.008 0.007 0.019 0.147 0.090 0.112 0.101 0.185 0.331 
517    (0)   :  0.014 0.006 0.012 0.117 0.094 0.178 0.171 0.230 0.179 
518    (0)   :  0.006 0.049 0.013 0.062 0.073 0.246 0.227 0.115 0.211 
519    (0)   :  0.007 0.005 0.024 0.270 0.098 0.123 0.152 0.165 0.156 
520    (0)   :  0.087 0.006 0.012 0.054 0.080 0.223 0.139 0.270 0.129 
521    (0)   :  0.006 0.005 0.012 0.105 0.061 0.301 0.150 0.141 0.221 
522    (0)   :  0.011 0.016 0.016 0.080 0.079 0.122 0.309 0.217 0.151 
523    (0)   :  0.010 0.006 0.012 0.096 0.062 0.158 0.136 0.399 0.121 
524    (0)   :  0.105 0.006 0.011 0.091 0.115 0.156 0.166 0.139 0.210 
525    (0)   :  0.018 0.061 0.012 0.059 0.113 0.215 0.155 0.210 0.159 
