

----------------------------------------------------
STRUCTURE by Pritchard, Stephens and Donnelly (2000)
     and Falush, Stephens and Pritchard (2003)
       Code by Pritchard, Falush and Hubisz
             Version 2.3.4 (Jul 2012)
----------------------------------------------------



Command line arguments:   ./structure -K 9 -D 109015 -m brooktrout/mainparams -e brooktrout/extraparams -o brooktrout/250914_output/results_K9_rep15 
Input File:    brooktrout/brooktrout.txt

Run parameters:
   8454 individuals
   5 loci
   9 populations assumed
   50000 Burn-in period
   100000 Reps
RANDOMIZE turned off


--------------------------------------------
Overall proportion of membership of the
sample in each of the 9 clusters

Inferred Clusters
  1      2      3      4      5      6      7      8      9    
0.010  0.012  0.048  0.061  0.160  0.169  0.167  0.178  0.195  

--------------------------------------------

Allele-freq. divergence among pops (Net nucleotide distance),
computed using point estimates of P.

      1       2       3       4       5       6       7       8       9      
 1      -    0.1399  0.1624  0.1639  0.1456  0.1427  0.1292  0.1043  0.1006  
 2   0.1399     -    0.1542  0.2091  0.1658  0.1689  0.1826  0.1956  0.1737  
 3   0.1624  0.1542     -    0.2162  0.1095  0.1561  0.2232  0.2280  0.2070  
 4   0.1639  0.2091  0.2162     -    0.1622  0.1209  0.1685  0.1763  0.1968  
 5   0.1456  0.1658  0.1095  0.1622     -    0.1207  0.1646  0.1989  0.1522  
 6   0.1427  0.1689  0.1561  0.1209  0.1207     -    0.1700  0.1316  0.1204  
 7   0.1292  0.1826  0.2232  0.1685  0.1646  0.1700     -    0.0958  0.0822  
 8   0.1043  0.1956  0.2280  0.1763  0.1989  0.1316  0.0958     -    0.0943  
 9   0.1006  0.1737  0.2070  0.1968  0.1522  0.1204  0.0822  0.0943     -    

Average distances (expected heterozygosity) between individuals in same cluster:
cluster  1  : 0.8361 
cluster  2  : 0.7386 
cluster  3  : 0.6732 
cluster  4  : 0.7460 
cluster  5  : 0.6768 
cluster  6  : 0.7332 
cluster  7  : 0.7303 
cluster  8  : 0.7760 
cluster  9  : 0.7421 

--------------------------------------------
Estimated Ln Prob of Data   = -191619.8
Mean value of ln likelihood = -172342.2
Variance of ln likelihood   = 38555.2

Mean value of alpha_1       = 0.0462
Mean value of alpha_2       = 0.0553
Mean value of alpha_3       = 0.2146
Mean value of alpha_4       = 0.2931
Mean value of alpha_5       = 0.7445
Mean value of alpha_6       = 0.8207
Mean value of alpha_7       = 0.8186
Mean value of alpha_8       = 0.8540
Mean value of alpha_9       = 0.9476
Allele frequencies uncorrelated


Inferred ancestry of individuals:
     (%Miss) :  Inferred clusters
  1    (0)   :  0.006 0.013 0.033 0.063 0.241 0.088 0.227 0.118 0.211 
  2    (0)   :  0.004 0.005 0.019 0.028 0.085 0.424 0.086 0.144 0.205 
  3    (0)   :  0.006 0.005 0.024 0.057 0.207 0.115 0.188 0.095 0.302 
  4    (0)   :  0.012 0.022 0.174 0.048 0.213 0.156 0.122 0.117 0.136 
  5    (0)   :  0.006 0.008 0.021 0.034 0.082 0.294 0.093 0.176 0.286 
  6    (0)   :  0.005 0.005 0.037 0.029 0.082 0.094 0.114 0.124 0.510 
  7    (0)   :  0.006 0.005 0.021 0.026 0.091 0.083 0.164 0.336 0.267 
  8    (0)   :  0.019 0.137 0.035 0.034 0.181 0.110 0.143 0.119 0.222 
  9    (0)   :  0.008 0.005 0.025 0.035 0.158 0.229 0.131 0.153 0.256 
 10    (0)   :  0.008 0.115 0.027 0.023 0.112 0.113 0.144 0.158 0.301 
 11    (0)   :  0.005 0.005 0.019 0.024 0.092 0.088 0.258 0.301 0.207 
 12    (0)   :  0.005 0.005 0.038 0.037 0.121 0.232 0.084 0.192 0.285 
 13    (0)   :  0.006 0.006 0.023 0.042 0.143 0.157 0.106 0.191 0.326 
 14    (0)   :  0.005 0.015 0.025 0.079 0.115 0.291 0.164 0.086 0.220 
 15    (0)   :  0.006 0.007 0.047 0.040 0.188 0.211 0.177 0.141 0.184 
 16    (0)   :  0.004 0.005 0.020 0.038 0.128 0.100 0.235 0.139 0.332 
 17    (0)   :  0.008 0.006 0.028 0.070 0.124 0.115 0.097 0.135 0.416 
 18    (0)   :  0.009 0.006 0.035 0.038 0.119 0.281 0.193 0.085 0.234 
 19    (0)   :  0.005 0.005 0.024 0.024 0.116 0.126 0.119 0.143 0.439 
 20    (0)   :  0.006 0.005 0.033 0.037 0.122 0.190 0.180 0.218 0.209 
 21    (0)   :  0.005 0.010 0.043 0.055 0.163 0.268 0.181 0.098 0.176 
 22    (0)   :  0.007 0.005 0.022 0.038 0.159 0.107 0.114 0.102 0.447 
 23    (0)   :  0.011 0.015 0.027 0.074 0.256 0.217 0.129 0.110 0.161 
 24    (0)   :  0.005 0.005 0.027 0.036 0.255 0.117 0.213 0.116 0.225 
 25    (0)   :  0.006 0.006 0.019 0.038 0.069 0.128 0.132 0.205 0.398 
 26    (0)   :  0.007 0.005 0.042 0.036 0.176 0.148 0.139 0.125 0.322 
 27    (0)   :  0.006 0.005 0.032 0.065 0.136 0.138 0.145 0.130 0.342 
 28    (0)   :  0.006 0.031 0.112 0.040 0.142 0.155 0.198 0.130 0.186 
 29    (0)   :  0.004 0.004 0.019 0.036 0.135 0.211 0.128 0.264 0.199 
 30    (0)   :  0.005 0.005 0.020 0.045 0.142 0.127 0.153 0.107 0.397 
 31    (0)   :  0.012 0.120 0.025 0.063 0.104 0.148 0.120 0.201 0.208 
 32    (0)   :  0.005 0.012 0.033 0.035 0.179 0.197 0.127 0.100 0.312 
 33    (0)   :  0.005 0.004 0.023 0.037 0.219 0.139 0.218 0.152 0.201 
 34    (0)   :  0.008 0.119 0.028 0.028 0.080 0.078 0.143 0.261 0.255 
 35    (0)   :  0.012 0.005 0.017 0.129 0.116 0.190 0.097 0.138 0.296 
 36    (0)   :  0.005 0.007 0.017 0.103 0.118 0.151 0.386 0.093 0.120 
 37    (0)   :  0.007 0.006 0.025 0.045 0.200 0.277 0.109 0.120 0.213 
 38    (0)   :  0.006 0.005 0.016 0.042 0.086 0.119 0.413 0.193 0.120 
 39    (0)   :  0.008 0.005 0.028 0.070 0.108 0.155 0.237 0.215 0.175 
 40    (0)   :  0.004 0.005 0.020 0.166 0.190 0.186 0.143 0.085 0.200 
 41    (0)   :  0.008 0.007 0.016 0.199 0.118 0.104 0.222 0.171 0.156 
 42    (0)   :  0.005 0.005 0.026 0.079 0.351 0.097 0.237 0.108 0.092 
 43    (0)   :  0.007 0.009 0.022 0.182 0.156 0.226 0.097 0.134 0.165 
 44    (0)   :  0.007 0.004 0.016 0.290 0.095 0.156 0.090 0.121 0.221 
 45    (0)   :  0.006 0.005 0.016 0.095 0.097 0.205 0.275 0.176 0.126 
 46    (0)   :  0.010 0.005 0.028 0.093 0.093 0.157 0.131 0.159 0.323 
 47    (0)   :  0.014 0.010 0.024 0.057 0.135 0.182 0.091 0.146 0.340 
 48    (0)   :  0.008 0.004 0.016 0.304 0.101 0.172 0.088 0.087 0.219 
 49    (0)   :  0.010 0.005 0.022 0.092 0.135 0.194 0.170 0.177 0.196 
 50    (0)   :  0.010 0.048 0.028 0.047 0.083 0.133 0.140 0.194 0.317 
 51    (0)   :  0.004 0.006 0.016 0.309 0.100 0.134 0.250 0.092 0.088 
 52    (0)   :  0.010 0.005 0.027 0.088 0.140 0.106 0.223 0.215 0.186 
 53    (0)   :  0.007 0.019 0.021 0.048 0.111 0.112 0.383 0.120 0.178 
 54    (0)   :  0.009 0.006 0.023 0.096 0.157 0.263 0.074 0.162 0.210 
 55    (0)   :  0.007 0.005 0.019 0.221 0.114 0.266 0.090 0.112 0.167 
 56    (0)   :  0.008 0.005 0.025 0.107 0.154 0.231 0.155 0.097 0.220 
 57    (0)   :  0.014 0.013 0.058 0.029 0.182 0.109 0.111 0.142 0.341 
 58    (0)   :  0.006 0.005 0.019 0.113 0.151 0.198 0.193 0.168 0.146 
 59    (0)   :  0.007 0.005 0.023 0.076 0.136 0.159 0.269 0.195 0.131 
 60    (0)   :  0.005 0.010 0.041 0.182 0.150 0.174 0.213 0.097 0.128 
 61    (0)   :  0.004 0.006 0.024 0.194 0.145 0.326 0.080 0.123 0.099 
 62    (0)   :  0.017 0.005 0.041 0.052 0.116 0.202 0.125 0.190 0.253 
 63    (0)   :  0.004 0.005 0.027 0.064 0.178 0.220 0.194 0.176 0.132 
 64    (0)   :  0.007 0.004 0.019 0.030 0.091 0.168 0.202 0.156 0.323 
 65    (0)   :  0.006 0.005 0.019 0.036 0.073 0.172 0.113 0.371 0.206 
 66    (0)   :  0.005 0.011 0.032 0.038 0.148 0.365 0.118 0.157 0.126 
 67    (0)   :  0.005 0.005 0.018 0.217 0.097 0.256 0.080 0.152 0.171 
 68    (0)   :  0.008 0.005 0.027 0.085 0.142 0.160 0.289 0.165 0.119 
 69    (0)   :  0.009 0.222 0.025 0.048 0.069 0.101 0.259 0.139 0.128 
 70    (0)   :  0.004 0.011 0.021 0.114 0.156 0.140 0.323 0.132 0.100 
 71    (0)   :  0.007 0.006 0.016 0.104 0.074 0.204 0.273 0.190 0.126 
 72    (0)   :  0.006 0.007 0.018 0.087 0.096 0.138 0.289 0.120 0.239 
 73    (0)   :  0.007 0.007 0.018 0.103 0.086 0.311 0.132 0.206 0.129 
 74    (0)   :  0.004 0.005 0.023 0.078 0.198 0.141 0.343 0.089 0.119 
 75    (0)   :  0.006 0.009 0.021 0.089 0.213 0.227 0.251 0.074 0.111 
 76    (0)   :  0.005 0.005 0.020 0.123 0.118 0.213 0.144 0.210 0.162 
 77    (0)   :  0.005 0.004 0.015 0.097 0.122 0.134 0.286 0.224 0.112 
 78    (0)   :  0.006 0.005 0.016 0.080 0.128 0.119 0.352 0.184 0.111 
 79    (0)   :  0.005 0.006 0.022 0.025 0.100 0.163 0.171 0.239 0.269 
 80    (0)   :  0.005 0.007 0.039 0.027 0.395 0.160 0.110 0.136 0.122 
 81    (0)   :  0.005 0.007 0.050 0.023 0.290 0.168 0.145 0.166 0.146 
 82    (0)   :  0.005 0.006 0.025 0.058 0.168 0.273 0.121 0.192 0.153 
 83    (0)   :  0.005 0.008 0.039 0.035 0.182 0.213 0.245 0.129 0.144 
 84    (0)   :  0.004 0.007 0.042 0.025 0.184 0.175 0.217 0.185 0.162 
 85    (0)   :  0.004 0.008 0.040 0.033 0.214 0.169 0.222 0.101 0.207 
 86    (0)   :  0.007 0.005 0.027 0.079 0.095 0.257 0.111 0.190 0.229 
 87    (0)   :  0.005 0.013 0.024 0.040 0.106 0.159 0.244 0.260 0.149 
 88    (0)   :  0.005 0.006 0.032 0.028 0.260 0.201 0.140 0.189 0.140 
 89    (0)   :  0.006 0.014 0.038 0.025 0.232 0.276 0.131 0.143 0.136 
 90    (0)   :  0.005 0.006 0.027 0.025 0.115 0.189 0.163 0.322 0.148 
 91    (0)   :  0.004 0.008 0.042 0.034 0.343 0.141 0.195 0.095 0.138 
 92    (0)   :  0.005 0.006 0.026 0.028 0.139 0.222 0.163 0.203 0.207 
 93    (0)   :  0.005 0.063 0.057 0.028 0.380 0.157 0.101 0.093 0.117 
 94    (0)   :  0.005 0.007 0.024 0.034 0.092 0.093 0.410 0.223 0.113 
 95    (0)   :  0.005 0.006 0.034 0.025 0.213 0.173 0.140 0.297 0.107 
 96    (0)   :  0.004 0.006 0.028 0.136 0.220 0.301 0.089 0.119 0.096 
 97    (0)   :  0.006 0.005 0.022 0.063 0.183 0.255 0.267 0.081 0.120 
 98    (0)   :  0.004 0.005 0.017 0.085 0.183 0.212 0.144 0.135 0.216 
 99    (0)   :  0.005 0.007 0.042 0.024 0.175 0.190 0.182 0.224 0.153 
100    (0)   :  0.005 0.006 0.035 0.032 0.368 0.292 0.075 0.081 0.107 
101    (0)   :  0.006 0.039 0.026 0.046 0.123 0.220 0.200 0.191 0.149 
102    (0)   :  0.006 0.008 0.045 0.069 0.276 0.140 0.161 0.185 0.109 
103    (0)   :  0.005 0.025 0.033 0.030 0.090 0.426 0.103 0.184 0.104 
104    (0)   :  0.005 0.012 0.066 0.033 0.057 0.165 0.116 0.419 0.128 
105    (0)   :  0.007 0.025 0.078 0.035 0.067 0.249 0.085 0.349 0.105 
106    (0)   :  0.005 0.004 0.016 0.035 0.062 0.097 0.242 0.367 0.174 
107    (0)   :  0.005 0.016 0.035 0.036 0.097 0.300 0.101 0.296 0.113 
108    (0)   :  0.004 0.007 0.027 0.110 0.072 0.330 0.213 0.103 0.135 
109    (0)   :  0.010 0.009 0.018 0.042 0.058 0.116 0.208 0.390 0.148 
110    (0)   :  0.005 0.007 0.017 0.027 0.065 0.091 0.262 0.380 0.146 
111    (0)   :  0.007 0.007 0.033 0.032 0.077 0.145 0.086 0.501 0.110 
112    (0)   :  0.006 0.005 0.019 0.058 0.071 0.085 0.150 0.501 0.105 
113    (0)   :  0.005 0.009 0.030 0.045 0.097 0.321 0.162 0.150 0.181 
114    (0)   :  0.005 0.014 0.080 0.028 0.067 0.178 0.102 0.415 0.111 
115    (0)   :  0.006 0.005 0.027 0.117 0.107 0.106 0.104 0.388 0.141 
116    (0)   :  0.006 0.005 0.016 0.086 0.070 0.109 0.268 0.296 0.144 
117    (0)   :  0.007 0.009 0.019 0.046 0.090 0.080 0.190 0.417 0.141 
118    (0)   :  0.005 0.005 0.027 0.040 0.080 0.296 0.092 0.316 0.137 
119    (0)   :  0.004 0.007 0.030 0.148 0.228 0.193 0.163 0.130 0.096 
120    (0)   :  0.006 0.006 0.031 0.070 0.110 0.153 0.109 0.382 0.132 
121    (0)   :  0.009 0.009 0.019 0.171 0.075 0.102 0.131 0.356 0.127 
122    (0)   :  0.005 0.011 0.021 0.031 0.071 0.140 0.209 0.349 0.164 
123    (0)   :  0.005 0.008 0.034 0.041 0.087 0.164 0.180 0.354 0.127 
124    (0)   :  0.009 0.005 0.026 0.074 0.069 0.176 0.206 0.272 0.163 
125    (0)   :  0.006 0.007 0.018 0.059 0.100 0.083 0.307 0.225 0.195 
126    (0)   :  0.004 0.005 0.032 0.077 0.107 0.144 0.288 0.229 0.114 
127    (0)   :  0.005 0.005 0.030 0.036 0.077 0.177 0.093 0.480 0.097 
128    (0)   :  0.005 0.005 0.024 0.041 0.078 0.334 0.083 0.287 0.143 
129    (0)   :  0.007 0.016 0.020 0.038 0.059 0.306 0.093 0.342 0.120 
130    (0)   :  0.006 0.017 0.038 0.029 0.103 0.183 0.106 0.400 0.119 
131    (0)   :  0.010 0.016 0.020 0.076 0.063 0.109 0.315 0.257 0.135 
132    (0)   :  0.005 0.009 0.018 0.037 0.059 0.210 0.201 0.306 0.155 
133    (0)   :  0.009 0.012 0.036 0.046 0.084 0.267 0.119 0.297 0.130 
134    (0)   :  0.004 0.004 0.015 0.025 0.055 0.084 0.159 0.532 0.121 
135    (0)   :  0.007 0.005 0.066 0.094 0.293 0.233 0.116 0.085 0.101 
136    (0)   :  0.007 0.014 0.083 0.032 0.339 0.159 0.087 0.072 0.207 
137    (0)   :  0.005 0.018 0.050 0.027 0.474 0.103 0.087 0.122 0.114 
138    (0)   :  0.004 0.006 0.427 0.035 0.139 0.098 0.113 0.070 0.108 
139    (0)   :  0.005 0.010 0.065 0.043 0.095 0.463 0.112 0.077 0.130 
140    (0)   :  0.005 0.024 0.053 0.055 0.281 0.162 0.167 0.121 0.131 
141    (0)   :  0.006 0.080 0.154 0.036 0.126 0.177 0.127 0.072 0.222 
142    (0)   :  0.006 0.023 0.061 0.109 0.238 0.275 0.109 0.082 0.097 
143    (0)   :  0.004 0.005 0.058 0.028 0.558 0.110 0.074 0.069 0.093 
144    (0)   :  0.005 0.007 0.059 0.031 0.503 0.100 0.077 0.123 0.097 
145    (0)   :  0.007 0.012 0.052 0.049 0.215 0.210 0.128 0.074 0.253 
146    (0)   :  0.008 0.014 0.127 0.036 0.212 0.131 0.164 0.130 0.179 
147    (0)   :  0.005 0.014 0.093 0.026 0.490 0.105 0.082 0.070 0.116 
148    (0)   :  0.006 0.087 0.071 0.057 0.195 0.211 0.093 0.107 0.174 
149    (0)   :  0.005 0.222 0.029 0.060 0.191 0.174 0.131 0.071 0.116 
150    (0)   :  0.006 0.017 0.065 0.032 0.278 0.209 0.100 0.159 0.133 
151    (0)   :  0.005 0.006 0.077 0.031 0.419 0.171 0.091 0.093 0.107 
152    (0)   :  0.006 0.021 0.091 0.091 0.199 0.199 0.118 0.086 0.189 
153    (0)   :  0.005 0.012 0.299 0.056 0.156 0.111 0.158 0.089 0.116 
154    (0)   :  0.006 0.276 0.030 0.057 0.133 0.165 0.086 0.070 0.176 
155    (0)   :  0.004 0.006 0.436 0.027 0.124 0.127 0.084 0.091 0.100 
156    (0)   :  0.004 0.006 0.214 0.080 0.255 0.161 0.086 0.107 0.086 
157    (0)   :  0.005 0.015 0.210 0.024 0.235 0.136 0.138 0.137 0.100 
158    (0)   :  0.008 0.013 0.055 0.043 0.268 0.156 0.133 0.074 0.250 
159    (0)   :  0.006 0.137 0.062 0.026 0.389 0.122 0.080 0.070 0.109 
160    (0)   :  0.008 0.137 0.085 0.026 0.293 0.179 0.084 0.071 0.116 
161    (0)   :  0.005 0.012 0.033 0.033 0.386 0.145 0.161 0.092 0.135 
162    (0)   :  0.009 0.012 0.150 0.039 0.126 0.186 0.154 0.124 0.199 
163    (0)   :  0.004 0.006 0.391 0.047 0.171 0.110 0.090 0.090 0.091 
164    (0)   :  0.010 0.166 0.050 0.034 0.154 0.205 0.113 0.118 0.151 
165    (0)   :  0.006 0.006 0.079 0.033 0.364 0.143 0.092 0.167 0.110 
166    (0)   :  0.005 0.186 0.046 0.045 0.159 0.179 0.169 0.113 0.097 
167    (0)   :  0.009 0.326 0.067 0.035 0.107 0.077 0.079 0.090 0.211 
168    (0)   :  0.005 0.007 0.226 0.046 0.190 0.135 0.192 0.076 0.123 
169    (0)   :  0.008 0.011 0.047 0.041 0.207 0.132 0.251 0.073 0.230 
170    (0)   :  0.004 0.006 0.028 0.049 0.413 0.209 0.091 0.096 0.102 
171    (0)   :  0.005 0.010 0.152 0.049 0.160 0.217 0.148 0.085 0.174 
172    (0)   :  0.006 0.047 0.034 0.070 0.266 0.156 0.241 0.070 0.110 
173    (0)   :  0.006 0.013 0.228 0.027 0.182 0.275 0.081 0.069 0.119 
174    (0)   :  0.005 0.014 0.244 0.023 0.217 0.171 0.103 0.094 0.128 
175    (0)   :  0.005 0.006 0.060 0.037 0.445 0.116 0.076 0.069 0.186 
176    (0)   :  0.005 0.006 0.057 0.030 0.506 0.099 0.077 0.123 0.096 
177    (0)   :  0.005 0.013 0.202 0.028 0.144 0.140 0.224 0.128 0.116 
178    (0)   :  0.005 0.016 0.245 0.024 0.134 0.179 0.095 0.090 0.211 
179    (0)   :  0.005 0.067 0.254 0.025 0.215 0.165 0.081 0.070 0.119 
180    (0)   :  0.008 0.057 0.048 0.046 0.330 0.102 0.132 0.099 0.177 
181    (0)   :  0.007 0.011 0.048 0.045 0.274 0.273 0.129 0.073 0.140 
182    (0)   :  0.007 0.006 0.064 0.044 0.360 0.259 0.080 0.074 0.106 
183    (0)   :  0.005 0.014 0.084 0.029 0.407 0.185 0.083 0.070 0.123 
184    (0)   :  0.006 0.004 0.019 0.030 0.084 0.423 0.085 0.104 0.245 
185    (0)   :  0.004 0.006 0.209 0.114 0.303 0.137 0.067 0.071 0.087 
186    (0)   :  0.005 0.005 0.019 0.030 0.080 0.392 0.093 0.158 0.218 
187    (0)   :  0.004 0.007 0.093 0.035 0.153 0.362 0.079 0.104 0.164 
188    (0)   :  0.005 0.005 0.017 0.030 0.066 0.469 0.076 0.140 0.192 
189    (0)   :  0.004 0.007 0.038 0.050 0.226 0.188 0.176 0.084 0.227 
190    (0)   :  0.004 0.005 0.036 0.156 0.165 0.419 0.067 0.072 0.076 
191    (0)   :  0.004 0.005 0.023 0.028 0.093 0.511 0.077 0.102 0.156 
192    (0)   :  0.004 0.005 0.032 0.025 0.214 0.339 0.090 0.130 0.161 
193    (0)   :  0.005 0.005 0.026 0.042 0.195 0.307 0.101 0.112 0.207 
194    (0)   :  0.005 0.006 0.033 0.052 0.245 0.290 0.102 0.119 0.149 
195    (0)   :  0.004 0.006 0.052 0.053 0.207 0.444 0.070 0.068 0.096 
196    (0)   :  0.004 0.005 0.033 0.060 0.137 0.494 0.077 0.097 0.093 
197    (0)   :  0.005 0.006 0.086 0.049 0.112 0.226 0.094 0.156 0.267 
198    (0)   :  0.004 0.006 0.029 0.051 0.163 0.216 0.161 0.141 0.229 
199    (0)   :  0.005 0.005 0.022 0.088 0.189 0.383 0.102 0.098 0.109 
200    (0)   :  0.004 0.005 0.034 0.075 0.130 0.430 0.099 0.086 0.136 
201    (0)   :  0.004 0.006 0.160 0.034 0.155 0.382 0.067 0.078 0.114 
202    (0)   :  0.004 0.005 0.040 0.069 0.390 0.227 0.072 0.098 0.096 
203    (0)   :  0.004 0.006 0.127 0.034 0.205 0.386 0.064 0.074 0.099 
204    (0)   :  0.004 0.005 0.025 0.047 0.120 0.569 0.069 0.072 0.088 
205    (0)   :  0.004 0.005 0.024 0.058 0.112 0.467 0.102 0.097 0.130 
206    (0)   :  0.004 0.006 0.037 0.035 0.128 0.537 0.064 0.075 0.114 
207    (0)   :  0.004 0.005 0.019 0.043 0.105 0.553 0.066 0.104 0.101 
208    (0)   :  0.004 0.006 0.092 0.042 0.098 0.497 0.069 0.087 0.105 
209    (0)   :  0.004 0.005 0.024 0.039 0.137 0.429 0.081 0.108 0.173 
210    (0)   :  0.004 0.005 0.033 0.030 0.109 0.561 0.071 0.088 0.099 
211    (0)   :  0.006 0.004 0.040 0.119 0.217 0.261 0.066 0.172 0.114 
212    (0)   :  0.004 0.006 0.050 0.059 0.350 0.221 0.086 0.077 0.147 
213    (0)   :  0.004 0.005 0.026 0.089 0.173 0.292 0.159 0.142 0.110 
214    (0)   :  0.004 0.005 0.042 0.037 0.327 0.332 0.067 0.078 0.107 
215    (0)   :  0.004 0.005 0.023 0.045 0.081 0.518 0.086 0.116 0.122 
216    (0)   :  0.006 0.005 0.021 0.035 0.108 0.348 0.095 0.110 0.273 
217    (0)   :  0.004 0.005 0.048 0.040 0.261 0.372 0.075 0.076 0.118 
218    (0)   :  0.004 0.005 0.026 0.028 0.110 0.508 0.094 0.100 0.123 
219    (0)   :  0.006 0.006 0.054 0.034 0.176 0.264 0.104 0.091 0.265 
220    (0)   :  0.004 0.005 0.022 0.031 0.088 0.590 0.068 0.089 0.104 
221    (0)   :  0.004 0.005 0.026 0.068 0.484 0.186 0.071 0.066 0.090 
222    (0)   :  0.005 0.005 0.027 0.033 0.144 0.266 0.093 0.110 0.316 
223    (0)   :  0.004 0.007 0.102 0.038 0.201 0.265 0.097 0.103 0.182 
224    (0)   :  0.005 0.006 0.049 0.031 0.233 0.423 0.066 0.074 0.114 
225    (0)   :  0.004 0.005 0.026 0.052 0.130 0.491 0.085 0.087 0.119 
226    (0)   :  0.006 0.007 0.029 0.032 0.137 0.337 0.179 0.095 0.177 
227    (0)   :  0.004 0.006 0.060 0.111 0.192 0.346 0.071 0.105 0.105 
228    (0)   :  0.005 0.006 0.055 0.143 0.214 0.347 0.066 0.075 0.091 
229    (0)   :  0.004 0.006 0.041 0.024 0.260 0.394 0.067 0.084 0.121 
230    (0)   :  0.005 0.005 0.032 0.026 0.192 0.492 0.065 0.080 0.103 
231    (0)   :  0.004 0.006 0.055 0.027 0.176 0.404 0.074 0.084 0.171 
232    (0)   :  0.005 0.005 0.026 0.054 0.277 0.233 0.163 0.104 0.132 
233    (0)   :  0.005 0.005 0.153 0.031 0.209 0.345 0.067 0.076 0.109 
234    (0)   :  0.004 0.005 0.044 0.028 0.141 0.345 0.098 0.121 0.214 
235    (0)   :  0.004 0.006 0.032 0.044 0.251 0.299 0.103 0.100 0.160 
236    (0)   :  0.004 0.005 0.050 0.031 0.248 0.346 0.081 0.091 0.143 
237    (0)   :  0.004 0.005 0.026 0.056 0.105 0.506 0.079 0.096 0.123 
238    (0)   :  0.004 0.005 0.041 0.034 0.318 0.304 0.077 0.100 0.116 
239    (0)   :  0.004 0.006 0.051 0.054 0.207 0.443 0.069 0.069 0.096 
240    (0)   :  0.004 0.005 0.042 0.034 0.320 0.305 0.077 0.099 0.115 
241    (0)   :  0.005 0.006 0.033 0.045 0.304 0.324 0.091 0.080 0.112 
242    (0)   :  0.005 0.007 0.033 0.043 0.161 0.397 0.110 0.078 0.168 
243    (0)   :  0.004 0.005 0.033 0.071 0.136 0.521 0.064 0.081 0.085 
244    (0)   :  0.004 0.005 0.046 0.029 0.220 0.456 0.065 0.074 0.100 
245    (0)   :  0.004 0.006 0.159 0.047 0.256 0.259 0.086 0.085 0.098 
246    (0)   :  0.004 0.005 0.048 0.040 0.259 0.372 0.075 0.077 0.119 
247    (0)   :  0.004 0.005 0.019 0.039 0.078 0.347 0.179 0.192 0.137 
248    (0)   :  0.004 0.005 0.023 0.046 0.077 0.493 0.081 0.138 0.133 
249    (0)   :  0.004 0.005 0.029 0.032 0.278 0.388 0.068 0.085 0.111 
250    (0)   :  0.004 0.005 0.033 0.027 0.214 0.388 0.080 0.100 0.149 
251    (0)   :  0.005 0.005 0.028 0.047 0.113 0.342 0.143 0.110 0.206 
252    (0)   :  0.004 0.006 0.036 0.050 0.198 0.386 0.088 0.091 0.141 
253    (0)   :  0.004 0.005 0.021 0.056 0.129 0.334 0.151 0.150 0.150 
254    (0)   :  0.005 0.005 0.039 0.037 0.132 0.341 0.077 0.102 0.262 
255    (0)   :  0.004 0.006 0.031 0.036 0.195 0.317 0.083 0.118 0.212 
256    (0)   :  0.004 0.005 0.027 0.042 0.222 0.411 0.083 0.086 0.120 
257    (0)   :  0.009 0.007 0.028 0.045 0.146 0.423 0.090 0.112 0.140 
258    (0)   :  0.004 0.006 0.039 0.098 0.115 0.321 0.114 0.150 0.155 
259    (0)   :  0.005 0.005 0.026 0.030 0.163 0.448 0.079 0.097 0.146 
260    (0)   :  0.005 0.005 0.053 0.029 0.249 0.211 0.079 0.101 0.269 
261    (0)   :  0.004 0.006 0.055 0.064 0.230 0.339 0.088 0.083 0.131 
262    (0)   :  0.004 0.005 0.034 0.083 0.226 0.413 0.078 0.067 0.089 
263    (0)   :  0.006 0.004 0.026 0.034 0.087 0.526 0.065 0.086 0.166 
264    (0)   :  0.007 0.004 0.017 0.042 0.072 0.231 0.103 0.121 0.402 
265    (0)   :  0.004 0.006 0.051 0.036 0.154 0.370 0.097 0.104 0.178 
266    (0)   :  0.004 0.005 0.041 0.065 0.406 0.251 0.071 0.067 0.090 
267    (0)   :  0.004 0.005 0.038 0.041 0.200 0.335 0.077 0.124 0.177 
268    (0)   :  0.004 0.005 0.034 0.059 0.137 0.494 0.077 0.099 0.092 
269    (0)   :  0.004 0.006 0.057 0.032 0.160 0.283 0.119 0.090 0.248 
270    (0)   :  0.006 0.008 0.023 0.033 0.087 0.414 0.092 0.107 0.230 
271    (0)   :  0.005 0.005 0.027 0.057 0.108 0.421 0.101 0.133 0.143 
272    (0)   :  0.006 0.006 0.029 0.051 0.113 0.376 0.170 0.108 0.141 
273    (0)   :  0.023 0.040 0.043 0.039 0.167 0.266 0.125 0.117 0.181 
274    (0)   :  0.005 0.005 0.027 0.034 0.130 0.382 0.121 0.112 0.183 
275    (0)   :  0.007 0.025 0.036 0.035 0.109 0.425 0.101 0.088 0.173 
276    (0)   :  0.006 0.006 0.020 0.052 0.132 0.382 0.151 0.117 0.134 
277    (0)   :  0.004 0.006 0.039 0.032 0.216 0.314 0.097 0.102 0.191 
278    (0)   :  0.004 0.005 0.033 0.056 0.090 0.501 0.086 0.107 0.117 
279    (0)   :  0.004 0.005 0.029 0.032 0.153 0.413 0.100 0.100 0.162 
280    (0)   :  0.004 0.005 0.041 0.041 0.154 0.330 0.140 0.089 0.196 
281    (0)   :  0.005 0.005 0.027 0.038 0.128 0.399 0.118 0.128 0.152 
282    (0)   :  0.004 0.005 0.068 0.028 0.315 0.239 0.083 0.095 0.164 
283    (0)   :  0.004 0.006 0.087 0.034 0.340 0.242 0.068 0.092 0.127 
284    (0)   :  0.004 0.010 0.044 0.035 0.187 0.353 0.095 0.129 0.142 
285    (0)   :  0.004 0.005 0.018 0.072 0.067 0.443 0.122 0.130 0.139 
286    (0)   :  0.004 0.005 0.046 0.029 0.218 0.460 0.065 0.074 0.099 
287    (0)   :  0.005 0.007 0.038 0.032 0.182 0.281 0.137 0.124 0.194 
288    (0)   :  0.005 0.006 0.026 0.031 0.102 0.449 0.136 0.095 0.150 
289    (0)   :  0.007 0.010 0.027 0.046 0.095 0.428 0.104 0.142 0.141 
290    (0)   :  0.007 0.004 0.022 0.073 0.179 0.316 0.110 0.100 0.189 
291    (0)   :  0.005 0.005 0.027 0.057 0.108 0.422 0.103 0.133 0.141 
292    (0)   :  0.004 0.006 0.042 0.078 0.194 0.281 0.156 0.081 0.157 
293    (0)   :  0.005 0.004 0.025 0.086 0.108 0.268 0.137 0.123 0.243 
294    (0)   :  0.006 0.005 0.019 0.049 0.093 0.507 0.077 0.083 0.161 
295    (0)   :  0.006 0.024 0.024 0.076 0.121 0.305 0.155 0.125 0.162 
296    (0)   :  0.004 0.005 0.025 0.039 0.093 0.535 0.089 0.107 0.104 
297    (0)   :  0.004 0.005 0.027 0.034 0.128 0.348 0.139 0.098 0.216 
298    (0)   :  0.004 0.005 0.042 0.024 0.280 0.279 0.081 0.106 0.177 
299    (0)   :  0.006 0.006 0.025 0.028 0.108 0.455 0.066 0.094 0.212 
300    (0)   :  0.004 0.005 0.018 0.038 0.085 0.549 0.101 0.082 0.118 
301    (0)   :  0.006 0.008 0.023 0.031 0.089 0.390 0.093 0.092 0.270 
302    (0)   :  0.007 0.009 0.023 0.074 0.083 0.495 0.078 0.082 0.148 
303    (0)   :  0.004 0.006 0.048 0.035 0.258 0.336 0.100 0.080 0.133 
304    (0)   :  0.006 0.011 0.131 0.025 0.171 0.171 0.093 0.128 0.264 
305    (0)   :  0.004 0.010 0.030 0.046 0.132 0.533 0.081 0.066 0.097 
306    (0)   :  0.004 0.006 0.034 0.035 0.310 0.290 0.094 0.084 0.144 
307    (0)   :  0.005 0.005 0.028 0.033 0.224 0.333 0.098 0.097 0.176 
308    (0)   :  0.004 0.006 0.055 0.063 0.229 0.340 0.088 0.084 0.130 
309    (0)   :  0.015 0.023 0.035 0.045 0.086 0.496 0.077 0.118 0.105 
310    (0)   :  0.004 0.005 0.035 0.046 0.168 0.503 0.066 0.076 0.097 
311    (0)   :  0.004 0.005 0.031 0.026 0.193 0.491 0.066 0.080 0.104 
312    (0)   :  0.004 0.005 0.024 0.035 0.085 0.589 0.068 0.101 0.089 
313    (0)   :  0.005 0.005 0.019 0.094 0.081 0.521 0.081 0.092 0.103 
314    (0)   :  0.005 0.093 0.076 0.054 0.414 0.111 0.081 0.070 0.095 
315    (0)   :  0.004 0.093 0.197 0.058 0.232 0.110 0.125 0.071 0.110 
316    (0)   :  0.006 0.196 0.183 0.032 0.157 0.103 0.126 0.074 0.122 
317    (0)   :  0.005 0.101 0.095 0.032 0.408 0.103 0.082 0.072 0.102 
318    (0)   :  0.005 0.235 0.188 0.023 0.187 0.093 0.084 0.070 0.115 
319    (0)   :  0.005 0.006 0.093 0.029 0.503 0.123 0.075 0.069 0.098 
320    (0)   :  0.005 0.092 0.075 0.053 0.417 0.111 0.081 0.070 0.096 
321    (0)   :  0.005 0.219 0.057 0.028 0.329 0.096 0.085 0.071 0.111 
322    (0)   :  0.007 0.069 0.093 0.056 0.343 0.116 0.126 0.076 0.113 
323    (0)   :  0.010 0.067 0.259 0.024 0.265 0.108 0.081 0.071 0.115 
324    (0)   :  0.005 0.218 0.056 0.028 0.329 0.097 0.085 0.071 0.111 
325    (0)   :  0.005 0.294 0.132 0.029 0.140 0.096 0.118 0.073 0.113 
326    (0)   :  0.005 0.433 0.031 0.027 0.138 0.085 0.104 0.072 0.105 
327    (0)   :  0.005 0.101 0.098 0.032 0.405 0.102 0.083 0.073 0.102 
328    (0)   :  0.005 0.090 0.056 0.039 0.363 0.126 0.129 0.074 0.117 
329    (0)   :  0.005 0.016 0.257 0.022 0.339 0.097 0.082 0.069 0.112 
330    (0)   :  0.005 0.101 0.098 0.032 0.406 0.102 0.082 0.072 0.102 
331    (0)   :  0.005 0.064 0.261 0.023 0.265 0.118 0.083 0.070 0.112 
332    (0)   :  0.006 0.422 0.033 0.027 0.140 0.085 0.104 0.073 0.109 
333    (0)   :  0.005 0.325 0.039 0.029 0.200 0.112 0.109 0.074 0.106 
334    (0)   :  0.005 0.092 0.057 0.040 0.363 0.126 0.128 0.073 0.117 
335    (0)   :  0.005 0.029 0.087 0.047 0.437 0.101 0.117 0.074 0.105 
336    (0)   :  0.006 0.369 0.037 0.037 0.204 0.093 0.082 0.069 0.104 
337    (0)   :  0.004 0.267 0.041 0.039 0.245 0.100 0.118 0.073 0.112 
338    (0)   :  0.004 0.396 0.045 0.022 0.186 0.086 0.081 0.070 0.110 
339    (0)   :  0.005 0.065 0.261 0.023 0.262 0.118 0.084 0.070 0.113 
340    (0)   :  0.005 0.020 0.307 0.024 0.282 0.113 0.077 0.071 0.100 
341    (0)   :  0.009 0.169 0.099 0.024 0.329 0.112 0.079 0.071 0.108 
342    (0)   :  0.005 0.103 0.095 0.032 0.406 0.102 0.083 0.073 0.103 
343    (0)   :  0.010 0.075 0.055 0.074 0.391 0.097 0.115 0.073 0.111 
344    (0)   :  0.005 0.062 0.292 0.022 0.259 0.095 0.082 0.070 0.113 
345    (0)   :  0.005 0.102 0.093 0.032 0.409 0.102 0.082 0.072 0.102 
346    (0)   :  0.005 0.107 0.286 0.025 0.216 0.097 0.083 0.072 0.108 
347    (0)   :  0.005 0.019 0.345 0.024 0.268 0.092 0.076 0.070 0.102 
348    (0)   :  0.004 0.025 0.071 0.085 0.429 0.107 0.110 0.072 0.097 
349    (0)   :  0.005 0.103 0.094 0.031 0.407 0.103 0.083 0.072 0.102 
350    (0)   :  0.005 0.014 0.248 0.038 0.286 0.147 0.086 0.068 0.109 
351    (0)   :  0.005 0.028 0.087 0.047 0.436 0.101 0.118 0.073 0.105 
352    (0)   :  0.005 0.139 0.075 0.049 0.317 0.111 0.122 0.076 0.107 
353    (0)   :  0.006 0.367 0.038 0.038 0.203 0.094 0.082 0.069 0.104 
354    (0)   :  0.006 0.045 0.321 0.024 0.228 0.102 0.084 0.072 0.118 
355    (0)   :  0.005 0.238 0.188 0.022 0.185 0.092 0.085 0.070 0.113 
356    (0)   :  0.004 0.007 0.048 0.082 0.480 0.105 0.109 0.071 0.095 
357    (0)   :  0.004 0.009 0.195 0.035 0.149 0.120 0.181 0.084 0.223 
358    (0)   :  0.004 0.315 0.051 0.028 0.221 0.088 0.109 0.072 0.112 
359    (0)   :  0.005 0.271 0.059 0.023 0.272 0.110 0.081 0.070 0.110 
360    (0)   :  0.005 0.103 0.291 0.025 0.214 0.097 0.083 0.072 0.108 
361    (0)   :  0.004 0.008 0.050 0.048 0.277 0.130 0.184 0.085 0.215 
362    (0)   :  0.005 0.011 0.025 0.031 0.080 0.268 0.314 0.115 0.150 
363    (0)   :  0.007 0.007 0.021 0.036 0.075 0.167 0.255 0.195 0.237 
364    (0)   :  0.010 0.010 0.052 0.042 0.194 0.139 0.100 0.130 0.323 
365    (0)   :  0.015 0.009 0.023 0.037 0.086 0.125 0.255 0.118 0.331 
366    (0)   :  0.006 0.008 0.030 0.097 0.132 0.202 0.166 0.095 0.264 
367    (0)   :  0.005 0.005 0.018 0.026 0.062 0.089 0.319 0.327 0.149 
368    (0)   :  0.005 0.006 0.022 0.027 0.101 0.198 0.134 0.270 0.237 
369    (0)   :  0.006 0.023 0.022 0.112 0.212 0.144 0.112 0.109 0.260 
370    (0)   :  0.011 0.018 0.026 0.034 0.102 0.226 0.116 0.271 0.196 
371    (0)   :  0.009 0.022 0.025 0.042 0.114 0.232 0.099 0.120 0.338 
372    (0)   :  0.037 0.027 0.035 0.041 0.108 0.321 0.113 0.167 0.150 
373    (0)   :  0.005 0.006 0.025 0.033 0.155 0.144 0.157 0.269 0.206 
374    (0)   :  0.007 0.008 0.028 0.031 0.237 0.153 0.154 0.165 0.216 
375    (0)   :  0.014 0.010 0.022 0.027 0.074 0.126 0.140 0.218 0.372 
376    (0)   :  0.089 0.007 0.020 0.027 0.072 0.079 0.293 0.139 0.274 
377    (0)   :  0.006 0.015 0.032 0.048 0.081 0.223 0.214 0.163 0.219 
378    (0)   :  0.005 0.019 0.049 0.033 0.146 0.157 0.167 0.307 0.115 
379    (0)   :  0.167 0.009 0.019 0.031 0.067 0.095 0.228 0.158 0.226 
380    (0)   :  0.009 0.012 0.030 0.048 0.173 0.131 0.296 0.084 0.218 
381    (0)   :  0.007 0.007 0.022 0.082 0.179 0.100 0.161 0.078 0.364 
382    (0)   :  0.004 0.009 0.022 0.023 0.075 0.111 0.172 0.187 0.396 
383    (0)   :  0.009 0.198 0.029 0.026 0.085 0.121 0.213 0.087 0.231 
384    (0)   :  0.037 0.069 0.042 0.030 0.104 0.103 0.136 0.133 0.347 
385    (0)   :  0.012 0.146 0.029 0.025 0.098 0.112 0.091 0.240 0.246 
386    (0)   :  0.004 0.005 0.019 0.028 0.077 0.126 0.315 0.184 0.243 
387    (0)   :  0.004 0.005 0.035 0.034 0.078 0.106 0.264 0.205 0.269 
388    (0)   :  0.014 0.015 0.050 0.026 0.175 0.132 0.134 0.186 0.267 
389    (0)   :  0.012 0.017 0.022 0.109 0.082 0.300 0.084 0.184 0.191 
390    (0)   :  0.019 0.018 0.023 0.073 0.080 0.100 0.354 0.198 0.134 
391    (0)   :  0.014 0.013 0.023 0.059 0.144 0.155 0.146 0.288 0.158 
392    (0)   :  0.006 0.006 0.043 0.038 0.126 0.128 0.245 0.146 0.262 
393    (0)   :  0.007 0.008 0.029 0.065 0.132 0.084 0.405 0.089 0.180 
394    (0)   :  0.005 0.022 0.045 0.034 0.167 0.146 0.280 0.149 0.153 
395    (0)   :  0.004 0.004 0.026 0.046 0.077 0.270 0.300 0.156 0.117 
396    (0)   :  0.005 0.004 0.016 0.025 0.067 0.114 0.154 0.263 0.352 
397    (0)   :  0.046 0.006 0.029 0.034 0.148 0.262 0.084 0.098 0.294 
398    (0)   :  0.034 0.005 0.018 0.029 0.068 0.084 0.464 0.168 0.129 
399    (0)   :  0.005 0.010 0.019 0.039 0.081 0.150 0.227 0.352 0.117 
400    (0)   :  0.005 0.005 0.019 0.032 0.123 0.097 0.222 0.213 0.284 
401    (0)   :  0.004 0.005 0.028 0.061 0.112 0.132 0.274 0.278 0.106 
402    (0)   :  0.006 0.006 0.027 0.095 0.108 0.132 0.154 0.215 0.258 
403    (0)   :  0.006 0.007 0.095 0.036 0.221 0.151 0.146 0.153 0.185 
404    (0)   :  0.007 0.005 0.023 0.026 0.153 0.165 0.133 0.182 0.306 
405    (0)   :  0.004 0.006 0.022 0.038 0.116 0.184 0.268 0.113 0.249 
406    (0)   :  0.004 0.005 0.023 0.064 0.181 0.160 0.362 0.085 0.117 
407    (0)   :  0.004 0.004 0.016 0.024 0.068 0.103 0.395 0.126 0.260 
408    (0)   :  0.004 0.004 0.016 0.085 0.063 0.200 0.168 0.360 0.101 
409    (0)   :  0.010 0.009 0.023 0.058 0.310 0.105 0.272 0.097 0.115 
410    (0)   :  0.068 0.009 0.034 0.041 0.106 0.125 0.259 0.187 0.170 
411    (0)   :  0.011 0.035 0.033 0.079 0.115 0.092 0.152 0.128 0.355 
412    (0)   :  0.004 0.006 0.021 0.026 0.087 0.208 0.158 0.220 0.270 
413    (0)   :  0.004 0.015 0.044 0.028 0.122 0.197 0.210 0.207 0.173 
414    (0)   :  0.004 0.009 0.020 0.025 0.056 0.207 0.124 0.299 0.255 
415    (0)   :  0.005 0.005 0.016 0.059 0.102 0.123 0.289 0.143 0.258 
416    (0)   :  0.006 0.005 0.021 0.066 0.156 0.111 0.208 0.228 0.200 
417    (0)   :  0.005 0.006 0.018 0.030 0.078 0.108 0.444 0.131 0.179 
418    (0)   :  0.006 0.005 0.018 0.024 0.078 0.104 0.164 0.355 0.247 
419    (0)   :  0.012 0.009 0.048 0.041 0.191 0.131 0.229 0.165 0.173 
420    (0)   :  0.004 0.004 0.016 0.102 0.089 0.128 0.302 0.250 0.106 
421    (0)   :  0.005 0.006 0.018 0.030 0.084 0.143 0.339 0.212 0.162 
422    (0)   :  0.005 0.005 0.019 0.053 0.081 0.269 0.323 0.104 0.141 
423    (0)   :  0.007 0.005 0.031 0.036 0.091 0.182 0.249 0.145 0.254 
424    (0)   :  0.007 0.007 0.033 0.121 0.103 0.092 0.240 0.260 0.136 
425    (0)   :  0.023 0.009 0.041 0.039 0.120 0.134 0.135 0.152 0.348 
426    (0)   :  0.028 0.038 0.032 0.039 0.114 0.118 0.209 0.235 0.187 
427    (0)   :  0.005 0.012 0.079 0.026 0.064 0.099 0.468 0.126 0.122 
428    (0)   :  0.017 0.007 0.039 0.045 0.149 0.168 0.366 0.090 0.119 
429    (0)   :  0.005 0.005 0.017 0.024 0.062 0.097 0.339 0.203 0.247 
430    (0)   :  0.005 0.006 0.018 0.029 0.072 0.111 0.475 0.116 0.170 
431    (0)   :  0.009 0.014 0.034 0.030 0.101 0.194 0.148 0.273 0.199 
432    (0)   :  0.005 0.006 0.023 0.030 0.105 0.187 0.170 0.254 0.221 
433    (0)   :  0.008 0.006 0.057 0.047 0.248 0.182 0.104 0.153 0.194 
434    (0)   :  0.005 0.006 0.023 0.041 0.138 0.194 0.149 0.116 0.329 
435    (0)   :  0.004 0.005 0.018 0.031 0.066 0.079 0.540 0.123 0.134 
436    (0)   :  0.006 0.006 0.019 0.046 0.111 0.067 0.455 0.147 0.144 
437    (0)   :  0.006 0.006 0.018 0.032 0.074 0.089 0.180 0.110 0.485 
438    (0)   :  0.005 0.007 0.019 0.077 0.114 0.101 0.445 0.140 0.092 
439    (0)   :  0.004 0.005 0.018 0.026 0.084 0.067 0.567 0.101 0.127 
440    (0)   :  0.004 0.004 0.016 0.031 0.059 0.081 0.490 0.146 0.169 
441    (0)   :  0.005 0.007 0.024 0.032 0.122 0.091 0.432 0.103 0.186 
442    (0)   :  0.006 0.004 0.015 0.042 0.089 0.100 0.207 0.267 0.269 
443    (0)   :  0.004 0.005 0.016 0.106 0.069 0.091 0.336 0.260 0.113 
444    (0)   :  0.006 0.005 0.016 0.057 0.085 0.092 0.260 0.213 0.266 
445    (0)   :  0.035 0.005 0.023 0.049 0.173 0.098 0.386 0.095 0.135 
446    (0)   :  0.042 0.006 0.019 0.025 0.076 0.065 0.463 0.188 0.115 
447    (0)   :  0.006 0.006 0.021 0.054 0.134 0.093 0.378 0.155 0.152 
448    (0)   :  0.004 0.005 0.018 0.034 0.078 0.093 0.380 0.141 0.245 
449    (0)   :  0.005 0.005 0.022 0.032 0.110 0.111 0.362 0.118 0.235 
450    (0)   :  0.006 0.006 0.025 0.023 0.122 0.069 0.215 0.150 0.384 
451    (0)   :  0.005 0.005 0.016 0.042 0.060 0.104 0.195 0.381 0.193 
452    (0)   :  0.005 0.006 0.025 0.025 0.117 0.079 0.334 0.145 0.265 
453    (0)   :  0.004 0.005 0.017 0.173 0.114 0.160 0.228 0.183 0.116 
454    (0)   :  0.005 0.014 0.025 0.033 0.095 0.121 0.375 0.106 0.227 
455    (0)   :  0.004 0.006 0.017 0.050 0.074 0.066 0.526 0.135 0.123 
456    (0)   :  0.005 0.005 0.016 0.114 0.074 0.090 0.365 0.150 0.181 
457    (0)   :  0.005 0.005 0.018 0.032 0.085 0.078 0.332 0.105 0.340 
458    (0)   :  0.037 0.006 0.019 0.026 0.082 0.084 0.476 0.120 0.151 
459    (0)   :  0.004 0.006 0.025 0.028 0.149 0.062 0.476 0.138 0.112 
460    (0)   :  0.004 0.005 0.018 0.029 0.067 0.069 0.533 0.160 0.115 
461    (0)   :  0.006 0.005 0.019 0.022 0.076 0.064 0.307 0.323 0.179 
462    (0)   :  0.009 0.006 0.016 0.057 0.056 0.118 0.300 0.223 0.215 
463    (0)   :  0.004 0.006 0.020 0.142 0.086 0.143 0.395 0.092 0.112 
464    (0)   :  0.004 0.005 0.016 0.056 0.072 0.072 0.478 0.188 0.110 
465    (0)   :  0.006 0.005 0.019 0.049 0.080 0.101 0.345 0.250 0.145 
466    (0)   :  0.004 0.005 0.017 0.102 0.074 0.106 0.400 0.179 0.114 
467    (0)   :  0.004 0.006 0.021 0.038 0.094 0.133 0.423 0.116 0.164 
468    (0)   :  0.005 0.005 0.017 0.068 0.073 0.075 0.449 0.094 0.216 
469    (0)   :  0.004 0.005 0.018 0.028 0.071 0.061 0.612 0.086 0.115 
470    (0)   :  0.004 0.005 0.018 0.029 0.069 0.068 0.559 0.138 0.110 
471    (0)   :  0.006 0.005 0.017 0.110 0.081 0.141 0.231 0.191 0.218 
472    (0)   :  0.005 0.005 0.017 0.067 0.086 0.100 0.306 0.161 0.253 
473    (0)   :  0.004 0.006 0.022 0.041 0.103 0.130 0.312 0.112 0.268 
474    (0)   :  0.004 0.005 0.022 0.044 0.122 0.088 0.345 0.137 0.233 
475    (0)   :  0.005 0.005 0.029 0.039 0.127 0.105 0.332 0.224 0.135 
476    (0)   :  0.006 0.006 0.017 0.049 0.088 0.073 0.336 0.128 0.298 
477    (0)   :  0.006 0.006 0.019 0.060 0.118 0.080 0.282 0.276 0.153 
478    (0)   :  0.006 0.006 0.019 0.034 0.068 0.067 0.251 0.436 0.114 
479    (0)   :  0.004 0.005 0.018 0.027 0.066 0.069 0.488 0.134 0.189 
480    (0)   :  0.005 0.005 0.018 0.028 0.077 0.076 0.403 0.104 0.284 
481    (0)   :  0.005 0.004 0.017 0.037 0.078 0.163 0.209 0.169 0.319 
482    (0)   :  0.005 0.005 0.018 0.024 0.067 0.074 0.420 0.161 0.227 
483    (0)   :  0.005 0.006 0.019 0.029 0.088 0.069 0.518 0.137 0.130 
484    (0)   :  0.005 0.005 0.019 0.084 0.077 0.117 0.468 0.117 0.108 
485    (0)   :  0.004 0.006 0.018 0.033 0.068 0.068 0.571 0.124 0.106 
486    (0)   :  0.009 0.005 0.020 0.111 0.097 0.224 0.103 0.191 0.239 
487    (0)   :  0.008 0.006 0.044 0.070 0.138 0.141 0.099 0.158 0.334 
488    (0)   :  0.008 0.006 0.075 0.057 0.094 0.162 0.096 0.285 0.218 
489    (0)   :  0.006 0.006 0.021 0.084 0.199 0.146 0.074 0.101 0.363 
490    (0)   :  0.005 0.005 0.018 0.093 0.072 0.120 0.135 0.333 0.218 
491    (0)   :  0.008 0.006 0.022 0.042 0.175 0.311 0.087 0.137 0.211 
492    (0)   :  0.004 0.006 0.102 0.072 0.200 0.118 0.102 0.268 0.127 
493    (0)   :  0.009 0.006 0.064 0.070 0.077 0.198 0.071 0.200 0.305 
494    (0)   :  0.022 0.005 0.022 0.054 0.176 0.197 0.103 0.156 0.265 
495    (0)   :  0.019 0.006 0.062 0.100 0.158 0.083 0.082 0.324 0.166 
496    (0)   :  0.005 0.006 0.032 0.054 0.309 0.196 0.127 0.111 0.160 
497    (0)   :  0.017 0.009 0.047 0.048 0.117 0.254 0.078 0.141 0.288 
498    (0)   :  0.010 0.006 0.017 0.089 0.151 0.131 0.092 0.244 0.260 
499    (0)   :  0.016 0.007 0.039 0.063 0.204 0.192 0.093 0.099 0.286 
500    (0)   :  0.010 0.005 0.033 0.049 0.090 0.207 0.099 0.106 0.402 
501    (0)   :  0.008 0.005 0.029 0.028 0.231 0.147 0.135 0.138 0.281 
502    (0)   :  0.006 0.006 0.034 0.024 0.274 0.105 0.114 0.269 0.169 
503    (0)   :  0.005 0.005 0.020 0.036 0.092 0.110 0.155 0.149 0.428 
504    (0)   :  0.006 0.005 0.019 0.064 0.107 0.126 0.113 0.405 0.156 
505    (0)   :  0.007 0.005 0.025 0.070 0.178 0.273 0.097 0.169 0.177 
506    (0)   :  0.005 0.006 0.028 0.032 0.245 0.175 0.092 0.267 0.150 
507    (0)   :  0.006 0.006 0.042 0.065 0.394 0.212 0.085 0.072 0.118 
508    (0)   :  0.012 0.007 0.090 0.128 0.320 0.147 0.073 0.091 0.131 
509    (0)   :  0.006 0.005 0.036 0.056 0.193 0.322 0.108 0.122 0.152 
510    (0)   :  0.010 0.005 0.043 0.039 0.263 0.114 0.080 0.122 0.325 
511    (0)   :  0.008 0.005 0.018 0.043 0.116 0.164 0.208 0.191 0.248 
512    (0)   :  0.006 0.004 0.017 0.027 0.074 0.123 0.166 0.195 0.389 
513    (0)   :  0.010 0.006 0.033 0.120 0.103 0.232 0.062 0.338 0.096 
514    (0)   :  0.006 0.008 0.039 0.034 0.104 0.194 0.162 0.314 0.140 
515    (0)   :  0.009 0.006 0.069 0.078 0.146 0.147 0.257 0.108 0.180 
516    (0)   :  0.007 0.005 0.020 0.078 0.126 0.200 0.111 0.313 0.140 
517    (0)   :  0.006 0.006 0.039 0.084 0.157 0.171 0.284 0.124 0.129 
518    (0)   :  0.039 0.006 0.054 0.027 0.140 0.246 0.087 0.099 0.302 
519    (0)   :  0.005 0.005 0.023 0.037 0.144 0.132 0.163 0.359 0.131 
520    (0)   :  0.005 0.006 0.046 0.088 0.204 0.179 0.281 0.075 0.116 
521    (0)   :  0.005 0.126 0.050 0.034 0.133 0.267 0.110 0.162 0.112 
522    (0)   :  0.013 0.006 0.033 0.174 0.083 0.119 0.151 0.112 0.310 
523    (0)   :  0.007 0.012 0.038 0.181 0.171 0.173 0.197 0.114 0.108 
524    (0)   :  0.006 0.007 0.043 0.060 0.108 0.157 0.382 0.100 0.137 
525    (0)   :  0.052 0.008 0.047 0.048 0.165 0.198 0.210 0.078 0.195 
