

----------------------------------------------------
STRUCTURE by Pritchard, Stephens and Donnelly (2000)
     and Falush, Stephens and Pritchard (2003)
       Code by Pritchard, Falush and Hubisz
             Version 2.3.4 (Jul 2012)
----------------------------------------------------



Command line arguments:   ./structure -K 9 -D 109010 -m brooktrout/mainparams -e brooktrout/extraparams -o brooktrout/250914_output/results_K9_rep10 
Input File:    brooktrout/brooktrout.txt

Run parameters:
   8454 individuals
   5 loci
   9 populations assumed
   50000 Burn-in period
   100000 Reps
RANDOMIZE turned off


--------------------------------------------
Overall proportion of membership of the
sample in each of the 9 clusters

Inferred Clusters
  1      2      3      4      5      6      7      8      9    
0.017  0.010  0.031  0.083  0.099  0.163  0.173  0.214  0.209  

--------------------------------------------

Allele-freq. divergence among pops (Net nucleotide distance),
computed using point estimates of P.

      1       2       3       4       5       6       7       8       9      
 1      -    0.1669  0.2529  0.2326  0.1763  0.1209  0.1275  0.1972  0.2108  
 2   0.1669     -    0.1440  0.1361  0.1543  0.1108  0.0964  0.1085  0.1305  
 3   0.2529  0.1440     -    0.2322  0.1549  0.1585  0.1728  0.1254  0.2058  
 4   0.2326  0.1361  0.2322     -    0.1828  0.1971  0.1855  0.1597  0.0798  
 5   0.1763  0.1543  0.1549  0.1828     -    0.1489  0.1695  0.1119  0.1250  
 6   0.1209  0.1108  0.1585  0.1971  0.1489     -    0.0690  0.0837  0.1673  
 7   0.1275  0.0964  0.1728  0.1855  0.1695  0.0690     -    0.0769  0.1519  
 8   0.1972  0.1085  0.1254  0.1597  0.1119  0.0837  0.0769     -    0.1346  
 9   0.2108  0.1305  0.2058  0.0798  0.1250  0.1673  0.1519  0.1346     -    

Average distances (expected heterozygosity) between individuals in same cluster:
cluster  1  : 0.6758 
cluster  2  : 0.8227 
cluster  3  : 0.7492 
cluster  4  : 0.7117 
cluster  5  : 0.7662 
cluster  6  : 0.7544 
cluster  7  : 0.7385 
cluster  8  : 0.7797 
cluster  9  : 0.6941 

--------------------------------------------
Estimated Ln Prob of Data   = -192616.2
Mean value of ln likelihood = -171903.8
Variance of ln likelihood   = 41424.6

Mean value of alpha_1       = 0.0704
Mean value of alpha_2       = 0.0452
Mean value of alpha_3       = 0.1414
Mean value of alpha_4       = 0.3704
Mean value of alpha_5       = 0.4631
Mean value of alpha_6       = 0.7482
Mean value of alpha_7       = 0.7937
Mean value of alpha_8       = 0.9969
Mean value of alpha_9       = 0.9589
Allele frequencies uncorrelated


Inferred ancestry of individuals:
     (%Miss) :  Inferred clusters
  1    (0)   :  0.010 0.006 0.018 0.077 0.109 0.175 0.198 0.137 0.269 
  2    (0)   :  0.006 0.004 0.025 0.040 0.058 0.081 0.132 0.510 0.144 
  3    (0)   :  0.012 0.008 0.011 0.043 0.099 0.128 0.308 0.133 0.258 
  4    (0)   :  0.015 0.012 0.017 0.253 0.076 0.097 0.115 0.161 0.254 
  5    (0)   :  0.006 0.005 0.031 0.050 0.061 0.089 0.175 0.463 0.120 
  6    (0)   :  0.007 0.007 0.012 0.066 0.053 0.119 0.426 0.199 0.111 
  7    (0)   :  0.009 0.007 0.019 0.042 0.043 0.311 0.234 0.216 0.119 
  8    (0)   :  0.015 0.031 0.017 0.171 0.064 0.133 0.221 0.141 0.206 
  9    (0)   :  0.009 0.011 0.028 0.041 0.060 0.117 0.222 0.291 0.220 
 10    (0)   :  0.008 0.008 0.018 0.163 0.042 0.158 0.273 0.189 0.141 
 11    (0)   :  0.009 0.005 0.025 0.037 0.046 0.319 0.237 0.200 0.122 
 12    (0)   :  0.006 0.005 0.020 0.060 0.060 0.087 0.176 0.411 0.174 
 13    (0)   :  0.007 0.007 0.023 0.043 0.063 0.122 0.230 0.293 0.213 
 14    (0)   :  0.013 0.004 0.014 0.076 0.156 0.095 0.193 0.272 0.178 
 15    (0)   :  0.019 0.006 0.016 0.090 0.075 0.127 0.159 0.246 0.262 
 16    (0)   :  0.009 0.005 0.021 0.039 0.071 0.198 0.333 0.142 0.183 
 17    (0)   :  0.009 0.011 0.027 0.054 0.102 0.095 0.308 0.219 0.175 
 18    (0)   :  0.017 0.011 0.015 0.069 0.073 0.111 0.232 0.276 0.195 
 19    (0)   :  0.007 0.006 0.016 0.046 0.045 0.128 0.375 0.214 0.164 
 20    (0)   :  0.015 0.006 0.023 0.059 0.071 0.173 0.189 0.295 0.169 
 21    (0)   :  0.009 0.005 0.015 0.107 0.111 0.136 0.147 0.220 0.250 
 22    (0)   :  0.007 0.009 0.014 0.043 0.066 0.098 0.377 0.169 0.216 
 23    (0)   :  0.019 0.009 0.037 0.055 0.117 0.099 0.143 0.194 0.327 
 24    (0)   :  0.009 0.005 0.019 0.050 0.070 0.158 0.206 0.144 0.339 
 25    (0)   :  0.013 0.006 0.018 0.037 0.059 0.126 0.310 0.335 0.097 
 26    (0)   :  0.011 0.009 0.017 0.074 0.065 0.120 0.223 0.237 0.246 
 27    (0)   :  0.008 0.006 0.021 0.052 0.106 0.124 0.276 0.208 0.199 
 28    (0)   :  0.008 0.005 0.014 0.246 0.063 0.198 0.149 0.158 0.158 
 29    (0)   :  0.007 0.004 0.029 0.034 0.071 0.160 0.164 0.332 0.198 
 30    (0)   :  0.008 0.006 0.017 0.037 0.085 0.113 0.351 0.184 0.199 
 31    (0)   :  0.007 0.020 0.027 0.138 0.113 0.133 0.160 0.259 0.143 
 32    (0)   :  0.012 0.005 0.013 0.078 0.063 0.100 0.271 0.230 0.228 
 33    (0)   :  0.008 0.006 0.015 0.038 0.075 0.189 0.224 0.165 0.280 
 34    (0)   :  0.011 0.007 0.041 0.133 0.049 0.219 0.271 0.173 0.095 
 35    (0)   :  0.007 0.014 0.039 0.032 0.192 0.096 0.241 0.209 0.171 
 36    (0)   :  0.039 0.005 0.014 0.032 0.283 0.192 0.129 0.130 0.174 
 37    (0)   :  0.007 0.008 0.014 0.048 0.087 0.106 0.158 0.247 0.325 
 38    (0)   :  0.170 0.005 0.036 0.028 0.104 0.244 0.130 0.160 0.123 
 39    (0)   :  0.014 0.009 0.029 0.042 0.155 0.204 0.185 0.206 0.156 
 40    (0)   :  0.011 0.004 0.016 0.041 0.252 0.096 0.164 0.146 0.270 
 41    (0)   :  0.011 0.008 0.033 0.028 0.296 0.188 0.163 0.126 0.146 
 42    (0)   :  0.024 0.005 0.022 0.043 0.142 0.163 0.105 0.109 0.388 
 43    (0)   :  0.007 0.008 0.020 0.043 0.264 0.106 0.126 0.215 0.211 
 44    (0)   :  0.006 0.009 0.017 0.027 0.349 0.089 0.191 0.181 0.131 
 45    (0)   :  0.029 0.005 0.030 0.028 0.222 0.179 0.112 0.253 0.141 
 46    (0)   :  0.008 0.012 0.018 0.049 0.154 0.129 0.273 0.228 0.128 
 47    (0)   :  0.006 0.022 0.030 0.048 0.092 0.101 0.267 0.229 0.205 
 48    (0)   :  0.008 0.010 0.021 0.028 0.372 0.071 0.181 0.164 0.144 
 49    (0)   :  0.009 0.010 0.045 0.039 0.159 0.148 0.196 0.197 0.197 
 50    (0)   :  0.009 0.013 0.023 0.088 0.091 0.174 0.295 0.217 0.090 
 51    (0)   :  0.023 0.004 0.016 0.028 0.470 0.136 0.082 0.114 0.126 
 52    (0)   :  0.008 0.010 0.031 0.047 0.150 0.238 0.181 0.158 0.177 
 53    (0)   :  0.054 0.009 0.020 0.058 0.110 0.215 0.230 0.134 0.170 
 54    (0)   :  0.005 0.009 0.027 0.044 0.145 0.086 0.130 0.315 0.238 
 55    (0)   :  0.007 0.007 0.020 0.036 0.333 0.085 0.118 0.228 0.166 
 56    (0)   :  0.015 0.007 0.034 0.040 0.202 0.096 0.209 0.175 0.223 
 57    (0)   :  0.009 0.018 0.028 0.119 0.051 0.129 0.249 0.167 0.231 
 58    (0)   :  0.013 0.006 0.030 0.036 0.221 0.148 0.116 0.213 0.219 
 59    (0)   :  0.045 0.006 0.062 0.037 0.167 0.182 0.139 0.181 0.181 
 60    (0)   :  0.014 0.005 0.014 0.062 0.349 0.125 0.102 0.132 0.198 
 61    (0)   :  0.006 0.004 0.019 0.050 0.271 0.081 0.074 0.259 0.237 
 62    (0)   :  0.008 0.013 0.090 0.063 0.076 0.129 0.191 0.273 0.158 
 63    (0)   :  0.008 0.004 0.016 0.044 0.129 0.187 0.118 0.233 0.259 
 64    (0)   :  0.019 0.007 0.024 0.035 0.068 0.144 0.330 0.232 0.141 
 65    (0)   :  0.007 0.006 0.021 0.033 0.061 0.195 0.165 0.412 0.099 
 66    (0)   :  0.007 0.005 0.021 0.074 0.087 0.132 0.106 0.307 0.261 
 67    (0)   :  0.006 0.006 0.019 0.033 0.283 0.088 0.112 0.304 0.148 
 68    (0)   :  0.040 0.007 0.049 0.044 0.184 0.185 0.123 0.166 0.202 
 69    (0)   :  0.115 0.009 0.065 0.156 0.115 0.156 0.149 0.140 0.094 
 70    (0)   :  0.015 0.004 0.016 0.040 0.253 0.223 0.105 0.126 0.218 
 71    (0)   :  0.032 0.006 0.053 0.029 0.261 0.183 0.127 0.205 0.105 
 72    (0)   :  0.012 0.006 0.013 0.034 0.173 0.194 0.277 0.152 0.139 
 73    (0)   :  0.011 0.005 0.056 0.034 0.221 0.123 0.100 0.320 0.129 
 74    (0)   :  0.042 0.005 0.014 0.039 0.194 0.171 0.128 0.125 0.283 
 75    (0)   :  0.025 0.005 0.018 0.043 0.192 0.133 0.109 0.124 0.351 
 76    (0)   :  0.007 0.006 0.014 0.035 0.219 0.169 0.128 0.255 0.169 
 77    (0)   :  0.031 0.005 0.034 0.026 0.207 0.227 0.117 0.207 0.145 
 78    (0)   :  0.134 0.005 0.042 0.027 0.155 0.208 0.115 0.161 0.152 
 79    (0)   :  0.009 0.005 0.016 0.043 0.041 0.201 0.215 0.331 0.139 
 80    (0)   :  0.007 0.005 0.013 0.075 0.045 0.137 0.094 0.153 0.471 
 81    (0)   :  0.008 0.005 0.012 0.096 0.039 0.190 0.108 0.189 0.354 
 82    (0)   :  0.007 0.005 0.032 0.048 0.112 0.117 0.118 0.315 0.247 
 83    (0)   :  0.013 0.005 0.011 0.080 0.071 0.218 0.138 0.185 0.278 
 84    (0)   :  0.008 0.005 0.013 0.080 0.047 0.223 0.140 0.234 0.251 
 85    (0)   :  0.016 0.005 0.013 0.081 0.062 0.141 0.199 0.189 0.295 
 86    (0)   :  0.010 0.007 0.025 0.043 0.154 0.111 0.163 0.343 0.143 
 87    (0)   :  0.016 0.005 0.016 0.050 0.074 0.298 0.129 0.264 0.148 
 88    (0)   :  0.007 0.005 0.015 0.058 0.049 0.155 0.109 0.271 0.331 
 89    (0)   :  0.008 0.006 0.013 0.086 0.044 0.136 0.101 0.252 0.355 
 90    (0)   :  0.007 0.005 0.015 0.047 0.045 0.228 0.115 0.387 0.151 
 91    (0)   :  0.016 0.005 0.011 0.081 0.064 0.134 0.132 0.148 0.409 
 92    (0)   :  0.008 0.005 0.016 0.052 0.050 0.159 0.155 0.356 0.200 
 93    (0)   :  0.007 0.005 0.014 0.254 0.051 0.093 0.096 0.133 0.347 
 94    (0)   :  0.017 0.005 0.012 0.044 0.068 0.490 0.115 0.123 0.128 
 95    (0)   :  0.007 0.005 0.014 0.056 0.044 0.222 0.087 0.307 0.258 
 96    (0)   :  0.006 0.005 0.018 0.054 0.211 0.087 0.076 0.238 0.306 
 97    (0)   :  0.029 0.006 0.017 0.044 0.150 0.141 0.126 0.164 0.323 
 98    (0)   :  0.007 0.004 0.020 0.032 0.139 0.116 0.155 0.287 0.240 
 99    (0)   :  0.007 0.005 0.013 0.078 0.042 0.211 0.122 0.288 0.234 
100    (0)   :  0.006 0.005 0.015 0.061 0.055 0.068 0.077 0.183 0.530 
101    (0)   :  0.020 0.007 0.017 0.063 0.094 0.188 0.128 0.286 0.197 
102    (0)   :  0.013 0.006 0.027 0.075 0.110 0.164 0.107 0.157 0.341 
103    (0)   :  0.006 0.005 0.016 0.105 0.061 0.128 0.092 0.434 0.153 
104    (0)   :  0.006 0.005 0.017 0.114 0.057 0.269 0.101 0.357 0.075 
105    (0)   :  0.006 0.006 0.039 0.156 0.061 0.158 0.089 0.393 0.093 
106    (0)   :  0.010 0.005 0.014 0.028 0.061 0.381 0.151 0.267 0.084 
107    (0)   :  0.007 0.007 0.027 0.094 0.070 0.198 0.099 0.346 0.152 
108    (0)   :  0.097 0.004 0.013 0.046 0.219 0.081 0.118 0.312 0.109 
109    (0)   :  0.019 0.006 0.142 0.038 0.090 0.219 0.133 0.271 0.082 
110    (0)   :  0.010 0.005 0.018 0.033 0.049 0.455 0.148 0.194 0.088 
111    (0)   :  0.008 0.007 0.042 0.048 0.056 0.270 0.099 0.366 0.103 
112    (0)   :  0.009 0.005 0.196 0.034 0.075 0.367 0.094 0.128 0.092 
113    (0)   :  0.017 0.006 0.019 0.053 0.109 0.125 0.157 0.351 0.164 
114    (0)   :  0.006 0.005 0.030 0.138 0.050 0.261 0.094 0.332 0.085 
115    (0)   :  0.008 0.006 0.046 0.041 0.153 0.190 0.118 0.297 0.140 
116    (0)   :  0.018 0.006 0.025 0.029 0.171 0.270 0.132 0.248 0.100 
117    (0)   :  0.011 0.007 0.055 0.036 0.067 0.360 0.151 0.197 0.116 
118    (0)   :  0.011 0.005 0.038 0.043 0.083 0.105 0.104 0.494 0.116 
119    (0)   :  0.011 0.004 0.013 0.056 0.216 0.129 0.087 0.188 0.297 
120    (0)   :  0.008 0.006 0.060 0.054 0.105 0.243 0.117 0.270 0.138 
121    (0)   :  0.010 0.015 0.099 0.034 0.190 0.193 0.110 0.244 0.104 
122    (0)   :  0.008 0.004 0.025 0.047 0.057 0.340 0.144 0.283 0.093 
123    (0)   :  0.010 0.005 0.021 0.057 0.074 0.303 0.116 0.288 0.126 
124    (0)   :  0.010 0.011 0.044 0.040 0.145 0.215 0.182 0.253 0.100 
125    (0)   :  0.018 0.005 0.051 0.033 0.100 0.284 0.246 0.140 0.123 
126    (0)   :  0.009 0.004 0.013 0.048 0.147 0.332 0.107 0.194 0.145 
127    (0)   :  0.007 0.006 0.036 0.049 0.068 0.330 0.085 0.307 0.113 
128    (0)   :  0.006 0.004 0.028 0.041 0.070 0.097 0.101 0.541 0.111 
129    (0)   :  0.006 0.006 0.020 0.045 0.060 0.149 0.093 0.540 0.082 
130    (0)   :  0.006 0.007 0.054 0.093 0.051 0.250 0.101 0.304 0.134 
131    (0)   :  0.056 0.010 0.047 0.035 0.136 0.274 0.156 0.200 0.087 
132    (0)   :  0.008 0.005 0.016 0.038 0.062 0.289 0.120 0.382 0.080 
133    (0)   :  0.010 0.009 0.020 0.060 0.077 0.215 0.107 0.379 0.121 
134    (0)   :  0.007 0.004 0.026 0.026 0.042 0.477 0.115 0.229 0.073 
135    (0)   :  0.009 0.006 0.029 0.100 0.158 0.084 0.079 0.142 0.393 
136    (0)   :  0.007 0.006 0.019 0.231 0.053 0.071 0.137 0.112 0.364 
137    (0)   :  0.007 0.005 0.039 0.137 0.044 0.090 0.094 0.107 0.477 
138    (0)   :  0.008 0.005 0.012 0.429 0.064 0.083 0.090 0.099 0.210 
139    (0)   :  0.007 0.005 0.019 0.185 0.121 0.086 0.118 0.281 0.178 
140    (0)   :  0.009 0.005 0.016 0.148 0.107 0.137 0.108 0.184 0.286 
141    (0)   :  0.008 0.006 0.017 0.365 0.065 0.092 0.156 0.133 0.158 
142    (0)   :  0.008 0.006 0.027 0.164 0.201 0.080 0.078 0.159 0.277 
143    (0)   :  0.006 0.004 0.012 0.094 0.047 0.064 0.075 0.094 0.604 
144    (0)   :  0.007 0.005 0.038 0.092 0.048 0.082 0.079 0.104 0.546 
145    (0)   :  0.008 0.007 0.023 0.153 0.084 0.090 0.176 0.144 0.316 
146    (0)   :  0.010 0.007 0.015 0.212 0.062 0.141 0.138 0.171 0.244 
147    (0)   :  0.006 0.005 0.013 0.219 0.043 0.069 0.088 0.093 0.463 
148    (0)   :  0.006 0.005 0.027 0.271 0.107 0.090 0.128 0.167 0.199 
149    (0)   :  0.009 0.005 0.017 0.320 0.108 0.091 0.096 0.118 0.236 
150    (0)   :  0.007 0.006 0.045 0.152 0.057 0.115 0.102 0.171 0.344 
151    (0)   :  0.006 0.005 0.013 0.121 0.054 0.084 0.084 0.130 0.503 
152    (0)   :  0.011 0.005 0.022 0.220 0.154 0.080 0.145 0.135 0.227 
153    (0)   :  0.009 0.005 0.013 0.362 0.098 0.122 0.095 0.106 0.191 
154    (0)   :  0.007 0.006 0.016 0.392 0.091 0.071 0.116 0.129 0.172 
155    (0)   :  0.006 0.005 0.012 0.449 0.049 0.084 0.081 0.130 0.185 
156    (0)   :  0.006 0.004 0.019 0.238 0.134 0.085 0.072 0.130 0.311 
157    (0)   :  0.007 0.004 0.012 0.316 0.043 0.149 0.089 0.137 0.243 
158    (0)   :  0.009 0.006 0.023 0.161 0.071 0.095 0.176 0.119 0.340 
159    (0)   :  0.007 0.006 0.015 0.344 0.041 0.068 0.084 0.103 0.333 
160    (0)   :  0.007 0.006 0.015 0.405 0.043 0.068 0.084 0.116 0.255 
161    (0)   :  0.009 0.005 0.014 0.086 0.061 0.123 0.117 0.133 0.453 
162    (0)   :  0.008 0.008 0.015 0.247 0.070 0.130 0.136 0.216 0.171 
163    (0)   :  0.006 0.005 0.012 0.403 0.077 0.086 0.075 0.107 0.229 
164    (0)   :  0.007 0.007 0.013 0.303 0.056 0.106 0.103 0.238 0.166 
165    (0)   :  0.007 0.006 0.044 0.118 0.054 0.110 0.088 0.139 0.435 
166    (0)   :  0.015 0.005 0.011 0.292 0.096 0.136 0.101 0.160 0.185 
167    (0)   :  0.007 0.009 0.014 0.483 0.049 0.077 0.127 0.126 0.108 
168    (0)   :  0.020 0.005 0.012 0.287 0.089 0.105 0.117 0.113 0.253 
169    (0)   :  0.029 0.007 0.024 0.125 0.076 0.142 0.219 0.109 0.269 
170    (0)   :  0.006 0.004 0.013 0.055 0.080 0.083 0.082 0.154 0.523 
171    (0)   :  0.014 0.005 0.014 0.255 0.082 0.088 0.150 0.179 0.212 
172    (0)   :  0.027 0.005 0.019 0.154 0.156 0.135 0.114 0.111 0.278 
173    (0)   :  0.006 0.005 0.015 0.393 0.050 0.066 0.084 0.140 0.239 
174    (0)   :  0.006 0.005 0.012 0.384 0.041 0.092 0.096 0.134 0.230 
175    (0)   :  0.006 0.006 0.014 0.121 0.056 0.065 0.135 0.103 0.495 
176    (0)   :  0.007 0.005 0.037 0.091 0.048 0.083 0.079 0.104 0.547 
177    (0)   :  0.009 0.005 0.013 0.299 0.055 0.197 0.105 0.139 0.175 
178    (0)   :  0.006 0.005 0.013 0.385 0.044 0.089 0.144 0.148 0.166 
179    (0)   :  0.006 0.005 0.011 0.468 0.043 0.066 0.087 0.117 0.197 
180    (0)   :  0.010 0.009 0.018 0.206 0.078 0.105 0.131 0.135 0.308 
181    (0)   :  0.008 0.006 0.019 0.128 0.084 0.089 0.104 0.150 0.412 
182    (0)   :  0.006 0.006 0.016 0.122 0.074 0.065 0.075 0.145 0.489 
183    (0)   :  0.006 0.005 0.013 0.203 0.053 0.067 0.089 0.119 0.445 
184    (0)   :  0.010 0.006 0.017 0.040 0.079 0.077 0.176 0.434 0.160 
185    (0)   :  0.006 0.004 0.018 0.253 0.152 0.057 0.067 0.094 0.349 
186    (0)   :  0.006 0.006 0.012 0.037 0.057 0.103 0.134 0.516 0.129 
187    (0)   :  0.007 0.004 0.012 0.149 0.069 0.075 0.113 0.336 0.235 
188    (0)   :  0.005 0.005 0.013 0.033 0.058 0.081 0.117 0.585 0.101 
189    (0)   :  0.020 0.005 0.012 0.069 0.098 0.106 0.221 0.139 0.331 
190    (0)   :  0.005 0.004 0.019 0.069 0.315 0.058 0.061 0.166 0.302 
191    (0)   :  0.006 0.005 0.020 0.060 0.057 0.070 0.107 0.487 0.188 
192    (0)   :  0.006 0.004 0.013 0.062 0.045 0.094 0.121 0.344 0.310 
193    (0)   :  0.006 0.005 0.023 0.054 0.083 0.087 0.142 0.288 0.312 
194    (0)   :  0.007 0.005 0.013 0.057 0.087 0.098 0.105 0.297 0.333 
195    (0)   :  0.005 0.005 0.012 0.095 0.126 0.061 0.075 0.235 0.386 
196    (0)   :  0.008 0.004 0.020 0.066 0.187 0.077 0.083 0.275 0.280 
197    (0)   :  0.007 0.006 0.016 0.114 0.093 0.109 0.206 0.285 0.164 
198    (0)   :  0.008 0.004 0.014 0.058 0.095 0.129 0.174 0.278 0.240 
199    (0)   :  0.010 0.005 0.020 0.043 0.201 0.079 0.084 0.212 0.346 
200    (0)   :  0.011 0.004 0.030 0.066 0.206 0.084 0.136 0.216 0.248 
201    (0)   :  0.005 0.004 0.012 0.257 0.078 0.065 0.094 0.233 0.251 
202    (0)   :  0.005 0.004 0.016 0.061 0.112 0.070 0.073 0.157 0.501 
203    (0)   :  0.006 0.005 0.019 0.176 0.072 0.062 0.082 0.257 0.322 
204    (0)   :  0.005 0.005 0.016 0.061 0.125 0.064 0.072 0.352 0.299 
205    (0)   :  0.010 0.005 0.015 0.056 0.151 0.081 0.099 0.342 0.240 
206    (0)   :  0.005 0.005 0.013 0.082 0.092 0.062 0.091 0.407 0.242 
207    (0)   :  0.005 0.004 0.024 0.038 0.115 0.070 0.082 0.436 0.224 
208    (0)   :  0.005 0.004 0.017 0.196 0.116 0.068 0.086 0.325 0.183 
209    (0)   :  0.006 0.004 0.023 0.051 0.079 0.075 0.114 0.382 0.265 
210    (0)   :  0.005 0.004 0.014 0.079 0.075 0.073 0.086 0.418 0.246 
211    (0)   :  0.005 0.006 0.053 0.052 0.160 0.075 0.080 0.284 0.284 
212    (0)   :  0.006 0.004 0.014 0.078 0.098 0.067 0.111 0.146 0.476 
213    (0)   :  0.007 0.004 0.017 0.043 0.168 0.144 0.087 0.283 0.246 
214    (0)   :  0.005 0.004 0.018 0.069 0.074 0.065 0.088 0.185 0.490 
215    (0)   :  0.010 0.004 0.023 0.055 0.134 0.075 0.097 0.438 0.163 
216    (0)   :  0.008 0.007 0.017 0.045 0.081 0.090 0.200 0.361 0.191 
217    (0)   :  0.009 0.004 0.014 0.079 0.094 0.065 0.101 0.192 0.442 
218    (0)   :  0.010 0.005 0.016 0.062 0.077 0.087 0.102 0.385 0.257 
219    (0)   :  0.013 0.008 0.012 0.087 0.074 0.083 0.198 0.228 0.298 
220    (0)   :  0.005 0.005 0.017 0.059 0.078 0.066 0.081 0.495 0.193 
221    (0)   :  0.005 0.004 0.015 0.049 0.097 0.060 0.069 0.110 0.592 
222    (0)   :  0.008 0.007 0.013 0.056 0.066 0.090 0.235 0.297 0.230 
223    (0)   :  0.008 0.005 0.012 0.154 0.075 0.085 0.142 0.242 0.276 
224    (0)   :  0.006 0.005 0.014 0.093 0.064 0.062 0.091 0.314 0.352 
225    (0)   :  0.007 0.004 0.015 0.060 0.125 0.076 0.095 0.319 0.299 
226    (0)   :  0.080 0.006 0.020 0.063 0.084 0.091 0.157 0.246 0.253 
227    (0)   :  0.006 0.004 0.015 0.086 0.193 0.071 0.074 0.255 0.295 
228    (0)   :  0.006 0.005 0.019 0.102 0.219 0.057 0.069 0.191 0.332 
229    (0)   :  0.006 0.004 0.013 0.077 0.044 0.066 0.092 0.321 0.376 
230    (0)   :  0.006 0.005 0.018 0.066 0.052 0.066 0.084 0.359 0.345 
231    (0)   :  0.006 0.005 0.016 0.108 0.052 0.067 0.127 0.322 0.299 
232    (0)   :  0.009 0.005 0.016 0.048 0.095 0.130 0.098 0.209 0.391 
233    (0)   :  0.005 0.005 0.017 0.240 0.062 0.065 0.093 0.193 0.321 
234    (0)   :  0.006 0.004 0.015 0.082 0.054 0.092 0.166 0.341 0.239 
235    (0)   :  0.011 0.005 0.014 0.062 0.101 0.082 0.119 0.235 0.371 
236    (0)   :  0.007 0.004 0.017 0.087 0.061 0.075 0.120 0.245 0.383 
237    (0)   :  0.005 0.004 0.026 0.055 0.138 0.070 0.093 0.392 0.216 
238    (0)   :  0.005 0.004 0.015 0.067 0.065 0.080 0.097 0.211 0.457 
239    (0)   :  0.005 0.004 0.012 0.095 0.125 0.061 0.075 0.234 0.387 
240    (0)   :  0.006 0.004 0.015 0.067 0.066 0.080 0.097 0.211 0.455 
241    (0)   :  0.007 0.005 0.015 0.065 0.087 0.072 0.085 0.167 0.498 
242    (0)   :  0.012 0.005 0.013 0.069 0.100 0.087 0.146 0.265 0.302 
243    (0)   :  0.006 0.004 0.025 0.069 0.213 0.062 0.074 0.263 0.285 
244    (0)   :  0.006 0.005 0.018 0.088 0.064 0.063 0.086 0.287 0.384 
245    (0)   :  0.005 0.004 0.012 0.215 0.090 0.081 0.080 0.148 0.366 
246    (0)   :  0.008 0.004 0.014 0.079 0.095 0.065 0.100 0.195 0.441 
247    (0)   :  0.008 0.004 0.013 0.036 0.085 0.169 0.115 0.444 0.125 
248    (0)   :  0.006 0.004 0.021 0.044 0.114 0.078 0.100 0.499 0.134 
249    (0)   :  0.005 0.004 0.018 0.055 0.061 0.069 0.088 0.251 0.448 
250    (0)   :  0.006 0.005 0.017 0.065 0.052 0.078 0.117 0.317 0.345 
251    (0)   :  0.019 0.005 0.027 0.061 0.124 0.108 0.204 0.252 0.201 
252    (0)   :  0.007 0.004 0.012 0.071 0.101 0.078 0.105 0.274 0.349 
253    (0)   :  0.014 0.005 0.015 0.041 0.138 0.120 0.124 0.318 0.224 
254    (0)   :  0.006 0.006 0.013 0.071 0.078 0.077 0.189 0.334 0.225 
255    (0)   :  0.006 0.004 0.016 0.061 0.063 0.078 0.130 0.339 0.303 
256    (0)   :  0.006 0.005 0.018 0.057 0.099 0.073 0.100 0.236 0.407 
257    (0)   :  0.007 0.009 0.021 0.063 0.100 0.084 0.105 0.343 0.267 
258    (0)   :  0.006 0.004 0.019 0.070 0.182 0.100 0.118 0.320 0.182 
259    (0)   :  0.006 0.005 0.017 0.053 0.064 0.074 0.108 0.402 0.270 
260    (0)   :  0.006 0.006 0.013 0.078 0.053 0.081 0.204 0.229 0.329 
261    (0)   :  0.007 0.004 0.012 0.093 0.127 0.074 0.105 0.196 0.381 
262    (0)   :  0.008 0.004 0.015 0.066 0.181 0.060 0.071 0.147 0.447 
263    (0)   :  0.005 0.006 0.019 0.054 0.099 0.066 0.121 0.453 0.176 
264    (0)   :  0.008 0.008 0.017 0.032 0.082 0.094 0.329 0.317 0.113 
265    (0)   :  0.011 0.004 0.013 0.092 0.090 0.080 0.135 0.315 0.261 
266    (0)   :  0.005 0.004 0.015 0.066 0.106 0.060 0.069 0.120 0.554 
267    (0)   :  0.005 0.004 0.022 0.063 0.079 0.076 0.128 0.303 0.318 
268    (0)   :  0.008 0.004 0.020 0.065 0.187 0.077 0.083 0.276 0.279 
269    (0)   :  0.015 0.005 0.013 0.095 0.071 0.090 0.236 0.207 0.268 
270    (0)   :  0.006 0.006 0.017 0.063 0.079 0.094 0.165 0.412 0.157 
271    (0)   :  0.008 0.004 0.022 0.060 0.142 0.091 0.111 0.371 0.190 
272    (0)   :  0.076 0.006 0.029 0.062 0.142 0.092 0.127 0.264 0.201 
273    (0)   :  0.020 0.026 0.032 0.094 0.069 0.123 0.147 0.231 0.258 
274    (0)   :  0.014 0.005 0.017 0.061 0.093 0.092 0.144 0.335 0.240 
275    (0)   :  0.024 0.009 0.025 0.114 0.087 0.082 0.163 0.289 0.207 
276    (0)   :  0.054 0.006 0.031 0.039 0.147 0.092 0.115 0.280 0.235 
277    (0)   :  0.008 0.005 0.013 0.079 0.064 0.085 0.150 0.263 0.333 
278    (0)   :  0.010 0.004 0.022 0.070 0.180 0.074 0.099 0.364 0.176 
279    (0)   :  0.008 0.005 0.017 0.065 0.078 0.085 0.133 0.311 0.299 
280    (0)   :  0.016 0.005 0.014 0.067 0.107 0.092 0.167 0.260 0.272 
281    (0)   :  0.007 0.005 0.016 0.062 0.087 0.107 0.112 0.371 0.233 
282    (0)   :  0.007 0.004 0.013 0.100 0.051 0.077 0.133 0.207 0.408 
283    (0)   :  0.006 0.004 0.014 0.123 0.061 0.070 0.091 0.207 0.425 
284    (0)   :  0.007 0.004 0.021 0.108 0.076 0.098 0.122 0.311 0.254 
285    (0)   :  0.008 0.004 0.024 0.033 0.171 0.094 0.105 0.454 0.106 
286    (0)   :  0.005 0.005 0.019 0.089 0.063 0.063 0.085 0.288 0.383 
287    (0)   :  0.012 0.005 0.012 0.073 0.073 0.113 0.140 0.294 0.278 
288    (0)   :  0.057 0.006 0.019 0.060 0.085 0.082 0.131 0.347 0.214 
289    (0)   :  0.033 0.007 0.023 0.059 0.103 0.095 0.117 0.395 0.166 
290    (0)   :  0.007 0.007 0.034 0.038 0.142 0.088 0.172 0.249 0.264 
291    (0)   :  0.008 0.005 0.023 0.060 0.142 0.091 0.111 0.371 0.190 
292    (0)   :  0.015 0.004 0.013 0.065 0.176 0.090 0.131 0.181 0.325 
293    (0)   :  0.007 0.005 0.027 0.040 0.176 0.106 0.232 0.241 0.166 
294    (0)   :  0.008 0.007 0.017 0.042 0.142 0.070 0.115 0.400 0.198 
295    (0)   :  0.036 0.006 0.031 0.076 0.162 0.101 0.131 0.259 0.198 
296    (0)   :  0.009 0.005 0.022 0.062 0.123 0.084 0.084 0.407 0.203 
297    (0)   :  0.015 0.005 0.013 0.051 0.082 0.097 0.168 0.337 0.232 
298    (0)   :  0.007 0.004 0.013 0.075 0.044 0.080 0.129 0.275 0.375 
299    (0)   :  0.005 0.007 0.013 0.054 0.058 0.070 0.138 0.466 0.189 
300    (0)   :  0.007 0.005 0.020 0.040 0.105 0.082 0.097 0.469 0.174 
301    (0)   :  0.011 0.006 0.018 0.064 0.082 0.081 0.217 0.357 0.165 
302    (0)   :  0.008 0.007 0.023 0.063 0.226 0.069 0.114 0.339 0.150 
303    (0)   :  0.007 0.005 0.015 0.074 0.072 0.080 0.110 0.260 0.376 
304    (0)   :  0.006 0.007 0.017 0.214 0.047 0.110 0.206 0.189 0.205 
305    (0)   :  0.009 0.005 0.017 0.110 0.137 0.066 0.084 0.265 0.307 
306    (0)   :  0.011 0.004 0.014 0.062 0.078 0.075 0.116 0.181 0.459 
307    (0)   :  0.008 0.005 0.017 0.059 0.067 0.085 0.137 0.293 0.330 
308    (0)   :  0.007 0.004 0.012 0.093 0.127 0.075 0.105 0.197 0.381 
309    (0)   :  0.016 0.019 0.040 0.078 0.086 0.086 0.088 0.432 0.155 
310    (0)   :  0.005 0.004 0.018 0.069 0.123 0.064 0.086 0.252 0.379 
311    (0)   :  0.005 0.005 0.018 0.067 0.052 0.065 0.084 0.358 0.345 
312    (0)   :  0.005 0.004 0.018 0.060 0.088 0.073 0.074 0.503 0.175 
313    (0)   :  0.006 0.005 0.018 0.041 0.243 0.070 0.079 0.394 0.143 
314    (0)   :  0.009 0.005 0.015 0.306 0.088 0.067 0.078 0.090 0.343 
315    (0)   :  0.012 0.004 0.011 0.401 0.097 0.082 0.099 0.092 0.201 
316    (0)   :  0.022 0.007 0.013 0.450 0.058 0.086 0.118 0.097 0.150 
317    (0)   :  0.009 0.005 0.015 0.359 0.051 0.067 0.082 0.091 0.322 
318    (0)   :  0.008 0.005 0.012 0.538 0.036 0.068 0.087 0.090 0.156 
319    (0)   :  0.006 0.005 0.012 0.145 0.049 0.064 0.076 0.099 0.545 
320    (0)   :  0.009 0.005 0.015 0.309 0.088 0.067 0.078 0.089 0.342 
321    (0)   :  0.009 0.005 0.015 0.398 0.047 0.070 0.088 0.090 0.278 
322    (0)   :  0.021 0.007 0.015 0.258 0.094 0.084 0.107 0.101 0.313 
323    (0)   :  0.007 0.010 0.011 0.466 0.038 0.067 0.087 0.095 0.218 
324    (0)   :  0.009 0.005 0.015 0.397 0.047 0.070 0.089 0.091 0.279 
325    (0)   :  0.019 0.005 0.012 0.483 0.053 0.083 0.111 0.094 0.140 
326    (0)   :  0.036 0.009 0.014 0.456 0.055 0.083 0.108 0.093 0.146 
327    (0)   :  0.009 0.005 0.014 0.358 0.051 0.067 0.082 0.091 0.323 
328    (0)   :  0.014 0.005 0.013 0.273 0.076 0.084 0.109 0.105 0.322 
329    (0)   :  0.006 0.005 0.011 0.389 0.036 0.067 0.085 0.089 0.311 
330    (0)   :  0.009 0.005 0.014 0.357 0.051 0.067 0.083 0.091 0.323 
331    (0)   :  0.007 0.005 0.011 0.485 0.037 0.068 0.086 0.098 0.205 
332    (0)   :  0.025 0.011 0.013 0.461 0.053 0.083 0.116 0.093 0.144 
333    (0)   :  0.025 0.009 0.013 0.409 0.059 0.083 0.105 0.102 0.195 
334    (0)   :  0.015 0.004 0.013 0.276 0.075 0.084 0.109 0.105 0.319 
335    (0)   :  0.014 0.005 0.013 0.240 0.080 0.079 0.099 0.095 0.375 
336    (0)   :  0.009 0.010 0.013 0.470 0.065 0.069 0.087 0.088 0.189 
337    (0)   :  0.023 0.005 0.016 0.351 0.074 0.085 0.112 0.095 0.238 
338    (0)   :  0.008 0.005 0.012 0.534 0.036 0.069 0.088 0.089 0.158 
339    (0)   :  0.006 0.004 0.011 0.487 0.038 0.067 0.085 0.097 0.204 
340    (0)   :  0.006 0.004 0.011 0.456 0.041 0.066 0.080 0.099 0.236 
341    (0)   :  0.010 0.011 0.013 0.412 0.040 0.068 0.085 0.097 0.264 
342    (0)   :  0.009 0.005 0.015 0.358 0.052 0.067 0.083 0.091 0.321 
343    (0)   :  0.016 0.011 0.014 0.217 0.127 0.080 0.101 0.090 0.344 
344    (0)   :  0.007 0.005 0.011 0.499 0.036 0.068 0.085 0.089 0.201 
345    (0)   :  0.009 0.005 0.014 0.359 0.051 0.067 0.082 0.091 0.321 
346    (0)   :  0.008 0.005 0.012 0.522 0.039 0.067 0.082 0.090 0.176 
347    (0)   :  0.006 0.005 0.011 0.469 0.039 0.065 0.080 0.090 0.235 
348    (0)   :  0.012 0.004 0.013 0.196 0.138 0.076 0.089 0.093 0.379 
349    (0)   :  0.009 0.005 0.015 0.359 0.052 0.067 0.082 0.091 0.321 
350    (0)   :  0.006 0.004 0.011 0.387 0.064 0.067 0.082 0.097 0.281 
351    (0)   :  0.014 0.005 0.013 0.238 0.079 0.080 0.098 0.095 0.377 
352    (0)   :  0.023 0.005 0.015 0.316 0.084 0.082 0.102 0.096 0.278 
353    (0)   :  0.009 0.010 0.013 0.470 0.065 0.069 0.086 0.088 0.191 
354    (0)   :  0.007 0.005 0.012 0.479 0.037 0.069 0.087 0.091 0.212 
355    (0)   :  0.008 0.005 0.012 0.537 0.036 0.068 0.087 0.090 0.158 
356    (0)   :  0.012 0.004 0.012 0.076 0.122 0.075 0.087 0.090 0.522 
357    (0)   :  0.017 0.004 0.013 0.256 0.058 0.105 0.242 0.116 0.189 
358    (0)   :  0.015 0.005 0.011 0.450 0.053 0.084 0.110 0.094 0.179 
359    (0)   :  0.007 0.005 0.011 0.482 0.038 0.068 0.086 0.097 0.208 
360    (0)   :  0.008 0.005 0.011 0.520 0.039 0.067 0.082 0.090 0.178 
361    (0)   :  0.016 0.004 0.015 0.084 0.077 0.106 0.236 0.118 0.343 
362    (0)   :  0.022 0.005 0.014 0.063 0.083 0.221 0.181 0.279 0.132 
363    (0)   :  0.013 0.007 0.018 0.037 0.070 0.252 0.211 0.283 0.110 
364    (0)   :  0.009 0.014 0.027 0.082 0.067 0.096 0.262 0.177 0.264 
365    (0)   :  0.019 0.015 0.040 0.041 0.062 0.187 0.341 0.166 0.128 
366    (0)   :  0.016 0.006 0.022 0.047 0.168 0.099 0.255 0.188 0.199 
367    (0)   :  0.011 0.005 0.015 0.031 0.045 0.468 0.147 0.194 0.086 
368    (0)   :  0.008 0.005 0.016 0.042 0.045 0.136 0.153 0.458 0.137 
369    (0)   :  0.011 0.007 0.026 0.063 0.149 0.097 0.204 0.176 0.266 
370    (0)   :  0.014 0.013 0.030 0.051 0.056 0.145 0.153 0.397 0.142 
371    (0)   :  0.010 0.011 0.027 0.060 0.075 0.103 0.265 0.276 0.173 
372    (0)   :  0.018 0.042 0.047 0.060 0.067 0.122 0.106 0.369 0.170 
373    (0)   :  0.007 0.005 0.023 0.044 0.057 0.258 0.171 0.213 0.222 
374    (0)   :  0.022 0.006 0.037 0.053 0.053 0.143 0.215 0.169 0.301 
375    (0)   :  0.012 0.016 0.024 0.037 0.044 0.178 0.289 0.298 0.103 
376    (0)   :  0.013 0.103 0.016 0.034 0.049 0.234 0.323 0.128 0.099 
377    (0)   :  0.015 0.006 0.022 0.073 0.083 0.139 0.201 0.352 0.109 
378    (0)   :  0.008 0.005 0.020 0.118 0.065 0.359 0.095 0.160 0.171 
379    (0)   :  0.017 0.184 0.019 0.031 0.055 0.218 0.244 0.142 0.090 
380    (0)   :  0.046 0.011 0.020 0.051 0.093 0.153 0.241 0.138 0.247 
381    (0)   :  0.010 0.008 0.017 0.039 0.123 0.103 0.361 0.103 0.236 
382    (0)   :  0.008 0.005 0.014 0.049 0.042 0.199 0.377 0.208 0.099 
383    (0)   :  0.065 0.014 0.019 0.176 0.049 0.120 0.285 0.159 0.113 
384    (0)   :  0.022 0.056 0.027 0.091 0.048 0.146 0.311 0.158 0.139 
385    (0)   :  0.007 0.006 0.204 0.172 0.040 0.094 0.196 0.153 0.127 
386    (0)   :  0.009 0.004 0.014 0.035 0.055 0.309 0.251 0.211 0.111 
387    (0)   :  0.009 0.004 0.017 0.052 0.065 0.265 0.287 0.189 0.111 
388    (0)   :  0.013 0.014 0.042 0.087 0.043 0.145 0.224 0.208 0.224 
389    (0)   :  0.010 0.010 0.108 0.048 0.144 0.087 0.129 0.349 0.116 
390    (0)   :  0.033 0.019 0.026 0.036 0.131 0.351 0.145 0.149 0.109 
391    (0)   :  0.020 0.012 0.107 0.040 0.099 0.164 0.148 0.225 0.184 
392    (0)   :  0.008 0.007 0.012 0.064 0.068 0.232 0.253 0.179 0.175 
393    (0)   :  0.038 0.008 0.016 0.053 0.117 0.242 0.246 0.110 0.171 
394    (0)   :  0.016 0.005 0.012 0.124 0.063 0.254 0.145 0.181 0.201 
395    (0)   :  0.021 0.004 0.013 0.041 0.131 0.219 0.143 0.304 0.123 
396    (0)   :  0.007 0.005 0.016 0.029 0.046 0.218 0.270 0.317 0.093 
397    (0)   :  0.007 0.069 0.013 0.058 0.070 0.083 0.211 0.253 0.235 
398    (0)   :  0.026 0.037 0.012 0.033 0.065 0.425 0.165 0.143 0.095 
399    (0)   :  0.025 0.005 0.031 0.040 0.084 0.348 0.114 0.238 0.115 
400    (0)   :  0.008 0.006 0.018 0.034 0.057 0.303 0.269 0.133 0.172 
401    (0)   :  0.007 0.004 0.017 0.043 0.119 0.373 0.097 0.182 0.158 
402    (0)   :  0.007 0.006 0.022 0.048 0.126 0.179 0.202 0.254 0.155 
403    (0)   :  0.011 0.007 0.039 0.129 0.064 0.131 0.147 0.171 0.302 
404    (0)   :  0.008 0.007 0.026 0.039 0.047 0.134 0.265 0.277 0.198 
405    (0)   :  0.018 0.004 0.014 0.044 0.084 0.163 0.252 0.245 0.176 
406    (0)   :  0.169 0.004 0.014 0.037 0.155 0.107 0.124 0.148 0.242 
407    (0)   :  0.020 0.004 0.014 0.029 0.048 0.271 0.357 0.162 0.095 
408    (0)   :  0.006 0.004 0.015 0.027 0.156 0.264 0.085 0.352 0.091 
409    (0)   :  0.033 0.010 0.020 0.040 0.108 0.180 0.130 0.118 0.362 
410    (0)   :  0.021 0.077 0.019 0.052 0.070 0.291 0.169 0.153 0.147 
411    (0)   :  0.009 0.016 0.014 0.102 0.105 0.154 0.334 0.148 0.119 
412    (0)   :  0.008 0.005 0.016 0.040 0.044 0.176 0.203 0.383 0.126 
413    (0)   :  0.007 0.005 0.013 0.107 0.050 0.215 0.134 0.309 0.161 
414    (0)   :  0.006 0.004 0.025 0.044 0.044 0.191 0.219 0.390 0.076 
415    (0)   :  0.014 0.005 0.016 0.030 0.122 0.214 0.293 0.164 0.142 
416    (0)   :  0.008 0.006 0.037 0.038 0.101 0.279 0.176 0.147 0.209 
417    (0)   :  0.076 0.006 0.015 0.034 0.059 0.278 0.236 0.178 0.119 
418    (0)   :  0.008 0.007 0.014 0.034 0.041 0.316 0.197 0.279 0.105 
419    (0)   :  0.014 0.010 0.033 0.064 0.072 0.210 0.172 0.178 0.248 
420    (0)   :  0.007 0.004 0.015 0.028 0.198 0.366 0.094 0.166 0.122 
421    (0)   :  0.030 0.006 0.015 0.035 0.059 0.282 0.151 0.295 0.127 
422    (0)   :  0.025 0.006 0.016 0.037 0.135 0.199 0.152 0.289 0.141 
423    (0)   :  0.016 0.007 0.014 0.055 0.075 0.175 0.267 0.254 0.136 
424    (0)   :  0.023 0.007 0.041 0.049 0.153 0.256 0.142 0.189 0.141 
425    (0)   :  0.012 0.019 0.057 0.062 0.059 0.139 0.293 0.193 0.166 
426    (0)   :  0.034 0.030 0.044 0.070 0.063 0.232 0.188 0.186 0.152 
427    (0)   :  0.024 0.004 0.012 0.134 0.054 0.388 0.186 0.111 0.088 
428    (0)   :  0.067 0.017 0.015 0.060 0.108 0.189 0.153 0.158 0.235 
429    (0)   :  0.010 0.006 0.012 0.030 0.044 0.361 0.281 0.170 0.088 
430    (0)   :  0.039 0.005 0.015 0.034 0.074 0.287 0.251 0.189 0.106 
431    (0)   :  0.018 0.010 0.028 0.075 0.062 0.187 0.168 0.312 0.141 
432    (0)   :  0.008 0.005 0.015 0.044 0.052 0.175 0.153 0.401 0.147 
433    (0)   :  0.007 0.007 0.014 0.082 0.067 0.105 0.128 0.285 0.304 
434    (0)   :  0.008 0.005 0.018 0.047 0.074 0.125 0.254 0.247 0.222 
435    (0)   :  0.054 0.004 0.012 0.033 0.079 0.353 0.205 0.166 0.094 
436    (0)   :  0.134 0.007 0.015 0.034 0.088 0.297 0.199 0.080 0.146 
437    (0)   :  0.014 0.007 0.012 0.034 0.056 0.122 0.477 0.178 0.101 
438    (0)   :  0.079 0.005 0.015 0.036 0.176 0.289 0.119 0.120 0.162 
439    (0)   :  0.067 0.005 0.013 0.036 0.064 0.361 0.244 0.095 0.115 
440    (0)   :  0.126 0.004 0.015 0.028 0.069 0.297 0.258 0.123 0.080 
441    (0)   :  0.022 0.005 0.015 0.050 0.072 0.269 0.264 0.134 0.169 
442    (0)   :  0.008 0.006 0.036 0.028 0.081 0.237 0.277 0.210 0.118 
443    (0)   :  0.016 0.004 0.019 0.029 0.188 0.417 0.120 0.117 0.091 
444    (0)   :  0.014 0.006 0.033 0.028 0.107 0.215 0.306 0.177 0.114 
445    (0)   :  0.019 0.037 0.015 0.039 0.126 0.257 0.180 0.108 0.219 
446    (0)   :  0.036 0.042 0.014 0.035 0.051 0.467 0.155 0.100 0.101 
447    (0)   :  0.104 0.006 0.046 0.040 0.115 0.180 0.189 0.139 0.182 
448    (0)   :  0.021 0.005 0.015 0.034 0.075 0.242 0.299 0.196 0.112 
449    (0)   :  0.022 0.005 0.015 0.043 0.070 0.206 0.302 0.174 0.163 
450    (0)   :  0.009 0.007 0.018 0.048 0.041 0.198 0.408 0.120 0.150 
451    (0)   :  0.012 0.005 0.016 0.028 0.070 0.264 0.163 0.362 0.080 
452    (0)   :  0.011 0.005 0.014 0.046 0.044 0.307 0.305 0.113 0.154 
453    (0)   :  0.010 0.004 0.025 0.032 0.302 0.185 0.115 0.170 0.157 
454    (0)   :  0.022 0.005 0.013 0.065 0.066 0.247 0.303 0.143 0.136 
455    (0)   :  0.077 0.004 0.015 0.031 0.125 0.342 0.193 0.113 0.101 
456    (0)   :  0.023 0.005 0.016 0.030 0.204 0.255 0.239 0.130 0.097 
457    (0)   :  0.025 0.005 0.013 0.035 0.063 0.172 0.424 0.149 0.114 
458    (0)   :  0.021 0.039 0.014 0.035 0.059 0.366 0.240 0.109 0.116 
459    (0)   :  0.027 0.004 0.015 0.044 0.068 0.397 0.165 0.100 0.179 
460    (0)   :  0.019 0.004 0.014 0.033 0.067 0.502 0.159 0.108 0.094 
461    (0)   :  0.009 0.006 0.014 0.034 0.040 0.499 0.185 0.121 0.094 
462    (0)   :  0.015 0.007 0.057 0.028 0.127 0.239 0.251 0.200 0.075 
463    (0)   :  0.083 0.004 0.014 0.037 0.316 0.155 0.131 0.133 0.126 
464    (0)   :  0.020 0.004 0.012 0.029 0.125 0.457 0.130 0.125 0.097 
465    (0)   :  0.013 0.006 0.015 0.036 0.095 0.356 0.162 0.200 0.116 
466    (0)   :  0.021 0.004 0.013 0.030 0.216 0.308 0.136 0.168 0.104 
467    (0)   :  0.017 0.005 0.017 0.041 0.125 0.299 0.195 0.166 0.136 
468    (0)   :  0.120 0.005 0.013 0.030 0.156 0.142 0.310 0.126 0.099 
469    (0)   :  0.264 0.004 0.014 0.035 0.061 0.239 0.188 0.099 0.096 
470    (0)   :  0.082 0.004 0.011 0.033 0.067 0.423 0.163 0.123 0.094 
471    (0)   :  0.010 0.005 0.027 0.033 0.157 0.265 0.200 0.184 0.120 
472    (0)   :  0.010 0.006 0.019 0.031 0.128 0.241 0.253 0.190 0.122 
473    (0)   :  0.025 0.005 0.013 0.045 0.087 0.166 0.278 0.228 0.154 
474    (0)   :  0.011 0.005 0.014 0.040 0.083 0.306 0.266 0.111 0.164 
475    (0)   :  0.013 0.005 0.015 0.048 0.073 0.347 0.147 0.173 0.178 
476    (0)   :  0.014 0.006 0.014 0.032 0.093 0.247 0.381 0.098 0.115 
477    (0)   :  0.016 0.006 0.029 0.037 0.108 0.299 0.173 0.179 0.153 
478    (0)   :  0.012 0.007 0.032 0.033 0.058 0.476 0.117 0.177 0.087 
479    (0)   :  0.023 0.004 0.014 0.032 0.057 0.338 0.313 0.126 0.093 
480    (0)   :  0.021 0.005 0.012 0.033 0.053 0.234 0.432 0.104 0.106 
481    (0)   :  0.010 0.005 0.027 0.032 0.073 0.182 0.258 0.295 0.118 
482    (0)   :  0.011 0.005 0.012 0.032 0.043 0.375 0.315 0.115 0.093 
483    (0)   :  0.104 0.005 0.014 0.036 0.058 0.361 0.198 0.105 0.119 
484    (0)   :  0.088 0.005 0.019 0.036 0.188 0.251 0.168 0.135 0.110 
485    (0)   :  0.312 0.005 0.013 0.033 0.060 0.254 0.126 0.104 0.094 
486    (0)   :  0.007 0.008 0.046 0.042 0.167 0.145 0.181 0.261 0.142 
487    (0)   :  0.008 0.008 0.042 0.085 0.101 0.104 0.229 0.229 0.194 
488    (0)   :  0.008 0.008 0.089 0.098 0.081 0.123 0.146 0.316 0.131 
489    (0)   :  0.006 0.007 0.022 0.047 0.101 0.073 0.251 0.233 0.259 
490    (0)   :  0.008 0.005 0.028 0.034 0.148 0.236 0.195 0.249 0.096 
491    (0)   :  0.006 0.006 0.059 0.050 0.079 0.083 0.140 0.302 0.275 
492    (0)   :  0.007 0.005 0.060 0.115 0.115 0.155 0.111 0.185 0.247 
493    (0)   :  0.007 0.009 0.081 0.094 0.096 0.081 0.188 0.337 0.107 
494    (0)   :  0.012 0.021 0.050 0.043 0.094 0.100 0.176 0.236 0.268 
495    (0)   :  0.008 0.022 0.147 0.089 0.125 0.144 0.131 0.156 0.178 
496    (0)   :  0.008 0.005 0.013 0.060 0.088 0.112 0.125 0.202 0.387 
497    (0)   :  0.007 0.012 0.109 0.103 0.069 0.076 0.174 0.270 0.180 
498    (0)   :  0.008 0.008 0.075 0.032 0.098 0.124 0.198 0.274 0.183 
499    (0)   :  0.008 0.014 0.025 0.095 0.092 0.084 0.178 0.209 0.296 
500    (0)   :  0.012 0.011 0.019 0.058 0.094 0.087 0.297 0.275 0.147 
501    (0)   :  0.008 0.008 0.021 0.053 0.051 0.142 0.227 0.189 0.301 
502    (0)   :  0.008 0.006 0.045 0.062 0.042 0.167 0.151 0.208 0.311 
503    (0)   :  0.010 0.006 0.015 0.039 0.065 0.135 0.311 0.282 0.137 
504    (0)   :  0.008 0.007 0.117 0.035 0.098 0.169 0.130 0.287 0.149 
505    (0)   :  0.011 0.006 0.034 0.041 0.125 0.092 0.120 0.301 0.270 
506    (0)   :  0.006 0.006 0.048 0.053 0.057 0.166 0.123 0.232 0.309 
507    (0)   :  0.006 0.006 0.012 0.084 0.103 0.069 0.083 0.133 0.504 
508    (0)   :  0.006 0.010 0.022 0.135 0.130 0.070 0.082 0.161 0.385 
509    (0)   :  0.008 0.006 0.023 0.070 0.108 0.097 0.113 0.259 0.317 
510    (0)   :  0.007 0.014 0.019 0.071 0.060 0.094 0.214 0.188 0.334 
511    (0)   :  0.030 0.009 0.038 0.034 0.085 0.225 0.219 0.186 0.174 
512    (0)   :  0.008 0.006 0.025 0.032 0.048 0.234 0.355 0.181 0.110 
513    (0)   :  0.006 0.005 0.393 0.049 0.093 0.069 0.068 0.186 0.129 
514    (0)   :  0.008 0.006 0.018 0.068 0.067 0.259 0.109 0.323 0.142 
515    (0)   :  0.021 0.009 0.019 0.099 0.141 0.154 0.209 0.152 0.197 
516    (0)   :  0.009 0.007 0.022 0.037 0.115 0.136 0.101 0.388 0.185 
517    (0)   :  0.015 0.006 0.014 0.066 0.185 0.185 0.114 0.190 0.225 
518    (0)   :  0.006 0.052 0.016 0.114 0.051 0.094 0.234 0.218 0.216 
519    (0)   :  0.008 0.005 0.029 0.040 0.070 0.264 0.119 0.271 0.194 
520    (0)   :  0.088 0.006 0.013 0.075 0.185 0.094 0.110 0.131 0.298 
521    (0)   :  0.006 0.005 0.014 0.243 0.067 0.135 0.100 0.269 0.161 
522    (0)   :  0.012 0.019 0.017 0.059 0.209 0.126 0.281 0.161 0.117 
523    (0)   :  0.011 0.006 0.014 0.074 0.292 0.142 0.093 0.148 0.220 
524    (0)   :  0.108 0.006 0.013 0.073 0.145 0.155 0.132 0.211 0.158 
525    (0)   :  0.019 0.062 0.013 0.085 0.104 0.116 0.169 0.160 0.273 
