

----------------------------------------------------
STRUCTURE by Pritchard, Stephens and Donnelly (2000)
     and Falush, Stephens and Pritchard (2003)
       Code by Pritchard, Falush and Hubisz
             Version 2.3.4 (Jul 2012)
----------------------------------------------------



Command line arguments:   ./structure -K 8 -D 108020 -m brooktrout/mainparams -e brooktrout/extraparams -o brooktrout/250914_output/results_K8_rep20 
Input File:    brooktrout/brooktrout.txt

Run parameters:
   8454 individuals
   5 loci
   8 populations assumed
   50000 Burn-in period
   100000 Reps
RANDOMIZE turned off


--------------------------------------------
Overall proportion of membership of the
sample in each of the 8 clusters

Inferred Clusters
  1      2      3      4      5      6      7      8    
0.012  0.032  0.043  0.111  0.164  0.167  0.241  0.231  

--------------------------------------------

Allele-freq. divergence among pops (Net nucleotide distance),
computed using point estimates of P.

      1       2       3       4       5       6       7       8      
 1      -    0.1701  0.1413  0.1256  0.0903  0.1133  0.1009  0.1181  
 2   0.1701     -    0.1630  0.1900  0.1988  0.1724  0.1468  0.1278  
 3   0.1413  0.1630     -    0.2152  0.1547  0.1756  0.1151  0.1688  
 4   0.1256  0.1900  0.2152     -    0.1732  0.1869  0.1619  0.0695  
 5   0.0903  0.1988  0.1547  0.1732     -    0.0870  0.0754  0.1395  
 6   0.1133  0.1724  0.1756  0.1869  0.0870     -    0.0948  0.1484  
 7   0.1009  0.1468  0.1151  0.1619  0.0754  0.0948     -    0.1228  
 8   0.1181  0.1278  0.1688  0.0695  0.1395  0.1484  0.1228     -    

Average distances (expected heterozygosity) between individuals in same cluster:
cluster  1  : 0.8185 
cluster  2  : 0.7524 
cluster  3  : 0.7571 
cluster  4  : 0.7143 
cluster  5  : 0.7406 
cluster  6  : 0.7398 
cluster  7  : 0.7860 
cluster  8  : 0.7282 

--------------------------------------------
Estimated Ln Prob of Data   = -188325.0
Mean value of ln likelihood = -172123.7
Variance of ln likelihood   = 32402.5

Mean value of alpha_1       = 0.0456
Mean value of alpha_2       = 0.1140
Mean value of alpha_3       = 0.1680
Mean value of alpha_4       = 0.4237
Mean value of alpha_5       = 0.6495
Mean value of alpha_6       = 0.6566
Mean value of alpha_7       = 0.9439
Mean value of alpha_8       = 0.9025
Allele frequencies uncorrelated


Inferred ancestry of individuals:
     (%Miss) :  Inferred clusters
  1    (0)   :  0.008 0.028 0.026 0.108 0.186 0.226 0.142 0.275 
  2    (0)   :  0.005 0.012 0.045 0.057 0.174 0.069 0.416 0.223 
  3    (0)   :  0.009 0.024 0.014 0.059 0.293 0.161 0.146 0.295 
  4    (0)   :  0.012 0.021 0.022 0.327 0.104 0.095 0.177 0.241 
  5    (0)   :  0.007 0.014 0.056 0.066 0.248 0.074 0.371 0.164 
  6    (0)   :  0.007 0.012 0.015 0.073 0.490 0.101 0.203 0.100 
  7    (0)   :  0.009 0.011 0.026 0.056 0.238 0.207 0.337 0.117 
  8    (0)   :  0.034 0.016 0.021 0.213 0.229 0.129 0.161 0.197 
  9    (0)   :  0.012 0.015 0.038 0.056 0.231 0.116 0.262 0.269 
 10    (0)   :  0.011 0.009 0.025 0.189 0.280 0.137 0.213 0.136 
 11    (0)   :  0.006 0.009 0.041 0.048 0.178 0.315 0.276 0.126 
 12    (0)   :  0.006 0.016 0.030 0.081 0.219 0.068 0.387 0.193 
 13    (0)   :  0.008 0.016 0.032 0.061 0.268 0.094 0.289 0.231 
 14    (0)   :  0.005 0.048 0.018 0.104 0.198 0.131 0.243 0.252 
 15    (0)   :  0.007 0.016 0.023 0.136 0.143 0.138 0.267 0.270 
 16    (0)   :  0.006 0.014 0.033 0.054 0.302 0.233 0.159 0.199 
 17    (0)   :  0.012 0.036 0.034 0.070 0.384 0.083 0.195 0.187 
 18    (0)   :  0.014 0.018 0.020 0.096 0.215 0.159 0.231 0.247 
 19    (0)   :  0.006 0.010 0.022 0.060 0.434 0.100 0.206 0.162 
 20    (0)   :  0.007 0.014 0.036 0.082 0.182 0.150 0.352 0.177 
 21    (0)   :  0.006 0.022 0.021 0.144 0.139 0.160 0.194 0.314 
 22    (0)   :  0.010 0.015 0.019 0.063 0.415 0.101 0.169 0.209 
 23    (0)   :  0.011 0.043 0.046 0.083 0.137 0.111 0.188 0.381 
 24    (0)   :  0.006 0.013 0.027 0.077 0.185 0.188 0.149 0.354 
 25    (0)   :  0.007 0.016 0.024 0.046 0.345 0.103 0.353 0.106 
 26    (0)   :  0.011 0.015 0.025 0.110 0.268 0.120 0.212 0.239 
 27    (0)   :  0.008 0.032 0.032 0.074 0.294 0.130 0.201 0.228 
 28    (0)   :  0.006 0.016 0.020 0.290 0.132 0.202 0.179 0.156 
 29    (0)   :  0.005 0.012 0.048 0.048 0.157 0.114 0.379 0.238 
 30    (0)   :  0.006 0.018 0.023 0.051 0.373 0.139 0.177 0.213 
 31    (0)   :  0.019 0.028 0.035 0.157 0.173 0.108 0.316 0.164 
 32    (0)   :  0.006 0.015 0.018 0.109 0.307 0.097 0.206 0.242 
 33    (0)   :  0.006 0.013 0.021 0.053 0.179 0.211 0.199 0.317 
 34    (0)   :  0.008 0.013 0.056 0.143 0.280 0.167 0.243 0.089 
 35    (0)   :  0.016 0.056 0.054 0.043 0.260 0.097 0.205 0.270 
 36    (0)   :  0.005 0.032 0.019 0.043 0.092 0.367 0.129 0.313 
 37    (0)   :  0.009 0.017 0.017 0.068 0.156 0.088 0.233 0.411 
 38    (0)   :  0.005 0.016 0.048 0.036 0.102 0.479 0.164 0.148 
 39    (0)   :  0.009 0.031 0.042 0.056 0.149 0.263 0.250 0.200 
 40    (0)   :  0.005 0.036 0.022 0.051 0.164 0.113 0.121 0.487 
 41    (0)   :  0.008 0.047 0.046 0.035 0.134 0.272 0.158 0.300 
 42    (0)   :  0.005 0.026 0.032 0.061 0.066 0.246 0.119 0.444 
 43    (0)   :  0.010 0.052 0.031 0.053 0.118 0.084 0.283 0.370 
 44    (0)   :  0.009 0.155 0.026 0.035 0.189 0.086 0.255 0.245 
 45    (0)   :  0.006 0.039 0.041 0.037 0.092 0.297 0.248 0.240 
 46    (0)   :  0.016 0.041 0.027 0.063 0.272 0.131 0.301 0.149 
 47    (0)   :  0.022 0.020 0.037 0.063 0.294 0.086 0.219 0.260 
 48    (0)   :  0.011 0.137 0.037 0.037 0.211 0.082 0.171 0.313 
 49    (0)   :  0.012 0.036 0.071 0.052 0.156 0.177 0.219 0.277 
 50    (0)   :  0.015 0.018 0.032 0.101 0.295 0.143 0.296 0.101 
 51    (0)   :  0.005 0.125 0.030 0.036 0.070 0.266 0.143 0.325 
 52    (0)   :  0.012 0.033 0.046 0.065 0.142 0.287 0.214 0.201 
 53    (0)   :  0.009 0.017 0.023 0.068 0.167 0.374 0.143 0.198 
 54    (0)   :  0.010 0.040 0.035 0.059 0.145 0.068 0.318 0.325 
 55    (0)   :  0.008 0.125 0.035 0.049 0.124 0.079 0.266 0.313 
 56    (0)   :  0.008 0.036 0.063 0.052 0.220 0.133 0.142 0.347 
 57    (0)   :  0.022 0.010 0.037 0.166 0.285 0.109 0.171 0.200 
 58    (0)   :  0.006 0.039 0.043 0.047 0.106 0.187 0.221 0.349 
 59    (0)   :  0.006 0.026 0.105 0.050 0.106 0.294 0.178 0.235 
 60    (0)   :  0.005 0.052 0.019 0.092 0.099 0.181 0.141 0.411 
 61    (0)   :  0.005 0.119 0.028 0.063 0.070 0.072 0.274 0.369 
 62    (0)   :  0.016 0.018 0.159 0.080 0.205 0.126 0.226 0.170 
 63    (0)   :  0.005 0.023 0.023 0.061 0.099 0.166 0.288 0.334 
 64    (0)   :  0.008 0.012 0.036 0.044 0.341 0.188 0.192 0.180 
 65    (0)   :  0.007 0.013 0.028 0.042 0.156 0.105 0.546 0.104 
 66    (0)   :  0.006 0.016 0.028 0.094 0.095 0.105 0.340 0.316 
 67    (0)   :  0.007 0.141 0.030 0.044 0.119 0.074 0.336 0.250 
 68    (0)   :  0.007 0.029 0.076 0.057 0.089 0.304 0.167 0.270 
 69    (0)   :  0.009 0.035 0.099 0.170 0.121 0.330 0.137 0.098 
 70    (0)   :  0.005 0.042 0.022 0.051 0.080 0.316 0.159 0.325 
 71    (0)   :  0.006 0.037 0.102 0.037 0.107 0.307 0.227 0.177 
 72    (0)   :  0.007 0.035 0.018 0.043 0.208 0.294 0.186 0.209 
 73    (0)   :  0.006 0.035 0.112 0.044 0.102 0.133 0.327 0.242 
 74    (0)   :  0.005 0.026 0.018 0.050 0.089 0.301 0.115 0.396 
 75    (0)   :  0.006 0.025 0.023 0.054 0.077 0.215 0.098 0.502 
 76    (0)   :  0.007 0.049 0.017 0.047 0.111 0.117 0.398 0.255 
 77    (0)   :  0.005 0.030 0.052 0.033 0.089 0.318 0.246 0.227 
 78    (0)   :  0.005 0.024 0.056 0.033 0.092 0.399 0.162 0.228 
 79    (0)   :  0.006 0.009 0.022 0.055 0.207 0.167 0.384 0.149 
 80    (0)   :  0.006 0.011 0.017 0.132 0.088 0.114 0.169 0.464 
 81    (0)   :  0.006 0.009 0.015 0.158 0.104 0.151 0.229 0.329 
 82    (0)   :  0.006 0.019 0.046 0.066 0.104 0.101 0.349 0.308 
 83    (0)   :  0.005 0.015 0.015 0.116 0.116 0.225 0.219 0.289 
 84    (0)   :  0.005 0.010 0.016 0.116 0.114 0.185 0.315 0.239 
 85    (0)   :  0.006 0.014 0.016 0.127 0.172 0.181 0.198 0.287 
 86    (0)   :  0.008 0.039 0.034 0.058 0.187 0.105 0.351 0.218 
 87    (0)   :  0.006 0.015 0.020 0.063 0.108 0.239 0.385 0.164 
 88    (0)   :  0.006 0.010 0.019 0.087 0.096 0.120 0.304 0.358 
 89    (0)   :  0.007 0.010 0.016 0.121 0.090 0.114 0.258 0.386 
 90    (0)   :  0.005 0.010 0.019 0.063 0.096 0.129 0.522 0.156 
 91    (0)   :  0.006 0.015 0.014 0.139 0.109 0.166 0.157 0.394 
 92    (0)   :  0.006 0.010 0.022 0.071 0.141 0.130 0.397 0.223 
 93    (0)   :  0.006 0.011 0.019 0.365 0.083 0.089 0.129 0.298 
 94    (0)   :  0.005 0.014 0.015 0.056 0.082 0.538 0.167 0.125 
 95    (0)   :  0.005 0.009 0.017 0.082 0.072 0.124 0.428 0.263 
 96    (0)   :  0.005 0.051 0.025 0.067 0.066 0.077 0.288 0.421 
 97    (0)   :  0.006 0.023 0.023 0.059 0.084 0.229 0.126 0.450 
 98    (0)   :  0.004 0.025 0.030 0.043 0.156 0.123 0.285 0.334 
 99    (0)   :  0.005 0.010 0.016 0.113 0.103 0.149 0.379 0.224 
100    (0)   :  0.006 0.012 0.019 0.097 0.073 0.060 0.136 0.597 
101    (0)   :  0.008 0.017 0.022 0.076 0.107 0.169 0.353 0.249 
102    (0)   :  0.007 0.027 0.035 0.123 0.086 0.169 0.206 0.348 
103    (0)   :  0.006 0.014 0.021 0.131 0.083 0.080 0.494 0.171 
104    (0)   :  0.006 0.017 0.022 0.123 0.090 0.110 0.555 0.077 
105    (0)   :  0.006 0.016 0.051 0.170 0.078 0.079 0.500 0.100 
106    (0)   :  0.006 0.015 0.019 0.034 0.134 0.277 0.426 0.089 
107    (0)   :  0.007 0.018 0.031 0.113 0.088 0.093 0.491 0.159 
108    (0)   :  0.005 0.140 0.018 0.062 0.129 0.167 0.326 0.153 
109    (0)   :  0.007 0.020 0.172 0.043 0.124 0.217 0.324 0.093 
110    (0)   :  0.006 0.011 0.026 0.040 0.125 0.366 0.333 0.093 
111    (0)   :  0.007 0.015 0.053 0.054 0.086 0.092 0.593 0.100 
112    (0)   :  0.005 0.021 0.240 0.041 0.079 0.327 0.190 0.099 
113    (0)   :  0.007 0.022 0.028 0.073 0.171 0.143 0.317 0.239 
114    (0)   :  0.005 0.013 0.045 0.148 0.083 0.116 0.504 0.086 
115    (0)   :  0.007 0.077 0.066 0.056 0.113 0.100 0.424 0.157 
116    (0)   :  0.008 0.040 0.033 0.035 0.121 0.299 0.335 0.130 
117    (0)   :  0.010 0.021 0.088 0.049 0.129 0.277 0.310 0.118 
118    (0)   :  0.005 0.018 0.055 0.055 0.113 0.083 0.516 0.154 
119    (0)   :  0.005 0.058 0.016 0.072 0.071 0.131 0.264 0.382 
120    (0)   :  0.006 0.036 0.088 0.069 0.107 0.147 0.394 0.152 
121    (0)   :  0.016 0.135 0.117 0.043 0.102 0.138 0.333 0.116 
122    (0)   :  0.005 0.013 0.038 0.054 0.127 0.255 0.412 0.096 
123    (0)   :  0.006 0.018 0.028 0.067 0.100 0.203 0.449 0.129 
124    (0)   :  0.011 0.041 0.057 0.049 0.146 0.229 0.343 0.123 
125    (0)   :  0.007 0.026 0.086 0.045 0.181 0.370 0.158 0.128 
126    (0)   :  0.004 0.037 0.018 0.063 0.083 0.321 0.305 0.170 
127    (0)   :  0.006 0.018 0.047 0.057 0.076 0.168 0.515 0.114 
128    (0)   :  0.005 0.018 0.043 0.054 0.101 0.072 0.572 0.136 
129    (0)   :  0.006 0.015 0.026 0.050 0.083 0.074 0.655 0.091 
130    (0)   :  0.007 0.013 0.068 0.113 0.092 0.128 0.452 0.127 
131    (0)   :  0.013 0.048 0.063 0.042 0.113 0.353 0.270 0.098 
132    (0)   :  0.005 0.016 0.023 0.044 0.110 0.198 0.516 0.089 
133    (0)   :  0.009 0.026 0.024 0.070 0.094 0.104 0.542 0.129 
134    (0)   :  0.005 0.010 0.043 0.031 0.107 0.281 0.444 0.078 
135    (0)   :  0.007 0.034 0.051 0.156 0.069 0.095 0.121 0.468 
136    (0)   :  0.007 0.012 0.028 0.369 0.132 0.071 0.091 0.290 
137    (0)   :  0.006 0.011 0.048 0.265 0.085 0.081 0.117 0.387 
138    (0)   :  0.005 0.016 0.016 0.513 0.078 0.097 0.095 0.180 
139    (0)   :  0.005 0.028 0.031 0.223 0.126 0.094 0.199 0.293 
140    (0)   :  0.007 0.024 0.022 0.213 0.091 0.156 0.201 0.286 
141    (0)   :  0.006 0.015 0.025 0.414 0.158 0.106 0.102 0.174 
142    (0)   :  0.007 0.047 0.049 0.217 0.070 0.090 0.136 0.385 
143    (0)   :  0.005 0.012 0.015 0.207 0.068 0.063 0.092 0.538 
144    (0)   :  0.006 0.013 0.045 0.206 0.072 0.074 0.117 0.468 
145    (0)   :  0.008 0.017 0.035 0.220 0.182 0.105 0.106 0.327 
146    (0)   :  0.010 0.018 0.021 0.269 0.129 0.144 0.180 0.229 
147    (0)   :  0.006 0.011 0.017 0.420 0.079 0.069 0.089 0.310 
148    (0)   :  0.006 0.024 0.039 0.337 0.121 0.085 0.179 0.209 
149    (0)   :  0.006 0.023 0.023 0.373 0.084 0.111 0.094 0.286 
150    (0)   :  0.007 0.013 0.058 0.244 0.093 0.093 0.186 0.306 
151    (0)   :  0.006 0.012 0.018 0.236 0.075 0.079 0.128 0.445 
152    (0)   :  0.006 0.049 0.037 0.294 0.142 0.100 0.143 0.228 
153    (0)   :  0.005 0.024 0.018 0.417 0.080 0.146 0.111 0.199 
154    (0)   :  0.007 0.026 0.023 0.449 0.116 0.072 0.102 0.206 
155    (0)   :  0.005 0.012 0.015 0.528 0.072 0.073 0.134 0.159 
156    (0)   :  0.005 0.041 0.027 0.310 0.061 0.080 0.148 0.329 
157    (0)   :  0.005 0.010 0.015 0.399 0.070 0.126 0.177 0.198 
158    (0)   :  0.007 0.015 0.035 0.242 0.173 0.113 0.095 0.320 
159    (0)   :  0.006 0.010 0.019 0.481 0.077 0.067 0.087 0.253 
160    (0)   :  0.007 0.010 0.020 0.512 0.076 0.067 0.093 0.215 
161    (0)   :  0.006 0.013 0.019 0.136 0.097 0.138 0.131 0.461 
162    (0)   :  0.012 0.020 0.022 0.292 0.134 0.132 0.210 0.178 
163    (0)   :  0.005 0.021 0.016 0.487 0.065 0.081 0.115 0.210 
164    (0)   :  0.010 0.014 0.018 0.367 0.093 0.099 0.246 0.154 
165    (0)   :  0.007 0.013 0.056 0.226 0.078 0.092 0.162 0.365 
166    (0)   :  0.006 0.024 0.014 0.334 0.077 0.152 0.201 0.192 
167    (0)   :  0.012 0.018 0.018 0.522 0.138 0.066 0.128 0.099 
168    (0)   :  0.006 0.023 0.017 0.371 0.092 0.158 0.108 0.225 
169    (0)   :  0.008 0.015 0.039 0.188 0.168 0.243 0.090 0.247 
170    (0)   :  0.005 0.015 0.016 0.078 0.071 0.077 0.136 0.602 
171    (0)   :  0.006 0.028 0.017 0.324 0.133 0.113 0.166 0.212 
172    (0)   :  0.006 0.027 0.027 0.202 0.080 0.228 0.090 0.340 
173    (0)   :  0.006 0.011 0.020 0.488 0.081 0.063 0.107 0.225 
174    (0)   :  0.007 0.009 0.016 0.477 0.083 0.085 0.132 0.191 
175    (0)   :  0.006 0.013 0.019 0.204 0.134 0.062 0.094 0.466 
176    (0)   :  0.006 0.013 0.045 0.203 0.073 0.074 0.116 0.471 
177    (0)   :  0.006 0.012 0.017 0.348 0.079 0.208 0.169 0.162 
178    (0)   :  0.006 0.010 0.017 0.449 0.143 0.080 0.140 0.154 
179    (0)   :  0.005 0.010 0.014 0.552 0.079 0.063 0.103 0.174 
180    (0)   :  0.011 0.022 0.024 0.288 0.132 0.116 0.134 0.273 
181    (0)   :  0.007 0.016 0.028 0.198 0.097 0.100 0.112 0.441 
182    (0)   :  0.008 0.018 0.023 0.221 0.070 0.065 0.110 0.486 
183    (0)   :  0.006 0.012 0.017 0.345 0.083 0.065 0.106 0.366 
184    (0)   :  0.007 0.013 0.026 0.054 0.266 0.072 0.280 0.282 
185    (0)   :  0.004 0.066 0.024 0.331 0.062 0.057 0.089 0.367 
186    (0)   :  0.007 0.013 0.017 0.049 0.150 0.075 0.513 0.178 
187    (0)   :  0.005 0.016 0.016 0.192 0.131 0.066 0.304 0.271 
188    (0)   :  0.006 0.014 0.017 0.043 0.131 0.063 0.593 0.133 
189    (0)   :  0.005 0.019 0.015 0.093 0.217 0.144 0.121 0.387 
190    (0)   :  0.005 0.090 0.031 0.085 0.056 0.057 0.142 0.534 
191    (0)   :  0.006 0.013 0.035 0.083 0.138 0.064 0.408 0.254 
192    (0)   :  0.005 0.010 0.018 0.094 0.131 0.077 0.312 0.352 
193    (0)   :  0.005 0.016 0.035 0.083 0.169 0.084 0.247 0.359 
194    (0)   :  0.006 0.021 0.017 0.079 0.105 0.086 0.272 0.415 
195    (0)   :  0.005 0.029 0.016 0.125 0.068 0.057 0.168 0.532 
196    (0)   :  0.005 0.032 0.035 0.086 0.084 0.072 0.249 0.438 
197    (0)   :  0.006 0.022 0.022 0.142 0.238 0.080 0.304 0.186 
198    (0)   :  0.005 0.021 0.018 0.080 0.165 0.136 0.304 0.271 
199    (0)   :  0.005 0.021 0.027 0.054 0.078 0.074 0.150 0.591 
200    (0)   :  0.005 0.042 0.057 0.086 0.148 0.094 0.167 0.402 
201    (0)   :  0.005 0.020 0.017 0.314 0.095 0.057 0.193 0.299 
202    (0)   :  0.004 0.021 0.021 0.091 0.065 0.058 0.142 0.597 
203    (0)   :  0.005 0.015 0.028 0.254 0.089 0.056 0.183 0.371 
204    (0)   :  0.005 0.023 0.021 0.074 0.069 0.058 0.225 0.524 
205    (0)   :  0.005 0.027 0.021 0.067 0.115 0.090 0.277 0.396 
206    (0)   :  0.006 0.023 0.020 0.116 0.094 0.056 0.315 0.371 
207    (0)   :  0.005 0.018 0.038 0.053 0.088 0.057 0.335 0.406 
208    (0)   :  0.005 0.032 0.025 0.246 0.095 0.063 0.285 0.250 
209    (0)   :  0.005 0.016 0.036 0.075 0.143 0.068 0.316 0.340 
210    (0)   :  0.005 0.017 0.020 0.107 0.086 0.063 0.350 0.352 
211    (0)   :  0.007 0.043 0.103 0.079 0.085 0.057 0.270 0.357 
212    (0)   :  0.004 0.022 0.020 0.123 0.108 0.068 0.129 0.527 
213    (0)   :  0.005 0.036 0.024 0.056 0.075 0.137 0.308 0.359 
214    (0)   :  0.004 0.014 0.026 0.112 0.090 0.058 0.137 0.558 
215    (0)   :  0.005 0.026 0.040 0.071 0.118 0.077 0.402 0.261 
216    (0)   :  0.008 0.016 0.026 0.060 0.254 0.077 0.268 0.292 
217    (0)   :  0.004 0.016 0.019 0.114 0.103 0.062 0.144 0.538 
218    (0)   :  0.005 0.013 0.024 0.078 0.122 0.084 0.275 0.399 
219    (0)   :  0.008 0.015 0.016 0.122 0.236 0.082 0.174 0.347 
220    (0)   :  0.005 0.017 0.028 0.078 0.092 0.059 0.422 0.298 
221    (0)   :  0.004 0.018 0.018 0.066 0.062 0.056 0.090 0.686 
222    (0)   :  0.007 0.014 0.017 0.074 0.275 0.076 0.259 0.278 
223    (0)   :  0.005 0.017 0.016 0.208 0.152 0.080 0.226 0.296 
224    (0)   :  0.006 0.016 0.020 0.145 0.096 0.056 0.230 0.432 
225    (0)   :  0.005 0.025 0.021 0.074 0.100 0.073 0.232 0.471 
226    (0)   :  0.007 0.014 0.028 0.083 0.202 0.156 0.166 0.343 
227    (0)   :  0.005 0.039 0.019 0.115 0.072 0.058 0.234 0.458 
228    (0)   :  0.005 0.091 0.027 0.124 0.064 0.056 0.142 0.491 
229    (0)   :  0.005 0.010 0.018 0.120 0.101 0.056 0.246 0.442 
230    (0)   :  0.005 0.011 0.027 0.095 0.094 0.056 0.248 0.464 
231    (0)   :  0.005 0.012 0.024 0.164 0.148 0.063 0.243 0.340 
232    (0)   :  0.006 0.018 0.021 0.063 0.088 0.135 0.171 0.499 
233    (0)   :  0.005 0.014 0.025 0.319 0.097 0.058 0.145 0.338 
234    (0)   :  0.004 0.013 0.022 0.121 0.187 0.084 0.301 0.267 
235    (0)   :  0.005 0.017 0.019 0.089 0.132 0.084 0.217 0.437 
236    (0)   :  0.005 0.013 0.026 0.134 0.135 0.071 0.183 0.433 
237    (0)   :  0.005 0.025 0.045 0.076 0.098 0.067 0.283 0.401 
238    (0)   :  0.004 0.014 0.021 0.108 0.093 0.066 0.186 0.508 
239    (0)   :  0.005 0.028 0.016 0.125 0.068 0.058 0.168 0.533 
240    (0)   :  0.004 0.014 0.021 0.107 0.092 0.067 0.183 0.511 
241    (0)   :  0.005 0.016 0.019 0.095 0.076 0.070 0.126 0.593 
242    (0)   :  0.005 0.019 0.017 0.084 0.153 0.098 0.187 0.437 
243    (0)   :  0.005 0.047 0.046 0.092 0.076 0.057 0.213 0.465 
244    (0)   :  0.005 0.013 0.028 0.133 0.090 0.057 0.189 0.484 
245    (0)   :  0.005 0.021 0.015 0.277 0.070 0.072 0.137 0.402 
246    (0)   :  0.005 0.016 0.019 0.114 0.103 0.062 0.143 0.538 
247    (0)   :  0.004 0.018 0.018 0.045 0.101 0.136 0.505 0.173 
248    (0)   :  0.005 0.025 0.039 0.064 0.113 0.068 0.471 0.215 
249    (0)   :  0.005 0.012 0.025 0.080 0.094 0.058 0.180 0.547 
250    (0)   :  0.005 0.011 0.025 0.096 0.137 0.069 0.237 0.420 
251    (0)   :  0.005 0.023 0.047 0.078 0.236 0.127 0.197 0.286 
252    (0)   :  0.005 0.023 0.015 0.092 0.105 0.074 0.228 0.458 
253    (0)   :  0.005 0.019 0.021 0.052 0.119 0.119 0.299 0.366 
254    (0)   :  0.006 0.019 0.018 0.099 0.228 0.065 0.282 0.282 
255    (0)   :  0.005 0.014 0.023 0.094 0.158 0.068 0.310 0.329 
256    (0)   :  0.005 0.017 0.025 0.077 0.100 0.067 0.168 0.540 
257    (0)   :  0.013 0.022 0.028 0.086 0.114 0.074 0.305 0.358 
258    (0)   :  0.004 0.056 0.027 0.092 0.108 0.098 0.385 0.230 
259    (0)   :  0.006 0.015 0.026 0.079 0.132 0.068 0.293 0.381 
260    (0)   :  0.006 0.013 0.018 0.125 0.243 0.066 0.196 0.334 
261    (0)   :  0.004 0.031 0.015 0.124 0.100 0.075 0.173 0.477 
262    (0)   :  0.004 0.026 0.019 0.084 0.067 0.062 0.101 0.637 
263    (0)   :  0.008 0.021 0.031 0.078 0.152 0.056 0.327 0.327 
264    (0)   :  0.009 0.019 0.025 0.041 0.398 0.086 0.276 0.147 
265    (0)   :  0.005 0.018 0.018 0.127 0.165 0.083 0.276 0.309 
266    (0)   :  0.004 0.021 0.018 0.098 0.063 0.057 0.097 0.641 
267    (0)   :  0.005 0.015 0.035 0.095 0.141 0.063 0.264 0.383 
268    (0)   :  0.005 0.031 0.034 0.086 0.084 0.072 0.249 0.440 
269    (0)   :  0.005 0.015 0.018 0.132 0.272 0.100 0.158 0.300 
270    (0)   :  0.008 0.016 0.027 0.087 0.216 0.079 0.322 0.245 
271    (0)   :  0.005 0.031 0.040 0.082 0.115 0.083 0.385 0.258 
272    (0)   :  0.007 0.027 0.052 0.080 0.156 0.159 0.214 0.306 
273    (0)   :  0.036 0.023 0.043 0.128 0.169 0.117 0.195 0.288 
274    (0)   :  0.006 0.015 0.025 0.081 0.184 0.101 0.265 0.323 
275    (0)   :  0.010 0.020 0.037 0.142 0.234 0.092 0.182 0.283 
276    (0)   :  0.007 0.018 0.050 0.052 0.130 0.130 0.210 0.404 
277    (0)   :  0.005 0.014 0.017 0.112 0.161 0.081 0.229 0.380 
278    (0)   :  0.005 0.042 0.044 0.094 0.115 0.079 0.337 0.284 
279    (0)   :  0.005 0.015 0.025 0.090 0.150 0.081 0.231 0.403 
280    (0)   :  0.005 0.019 0.021 0.090 0.185 0.112 0.191 0.378 
281    (0)   :  0.006 0.018 0.024 0.086 0.119 0.096 0.349 0.302 
282    (0)   :  0.005 0.012 0.018 0.174 0.144 0.071 0.180 0.396 
283    (0)   :  0.005 0.013 0.018 0.197 0.098 0.057 0.177 0.436 
284    (0)   :  0.005 0.016 0.032 0.152 0.121 0.085 0.313 0.276 
285    (0)   :  0.005 0.044 0.050 0.044 0.115 0.102 0.459 0.180 
286    (0)   :  0.005 0.013 0.029 0.132 0.091 0.057 0.188 0.485 
287    (0)   :  0.005 0.014 0.016 0.104 0.158 0.115 0.277 0.311 
288    (0)   :  0.007 0.014 0.029 0.074 0.182 0.126 0.234 0.333 
289    (0)   :  0.008 0.028 0.033 0.071 0.137 0.095 0.384 0.243 
290    (0)   :  0.008 0.027 0.056 0.050 0.177 0.097 0.199 0.384 
291    (0)   :  0.005 0.031 0.040 0.083 0.114 0.083 0.386 0.257 
292    (0)   :  0.005 0.032 0.017 0.085 0.125 0.121 0.142 0.473 
293    (0)   :  0.006 0.040 0.051 0.055 0.223 0.127 0.252 0.245 
294    (0)   :  0.010 0.022 0.023 0.055 0.144 0.066 0.251 0.429 
295    (0)   :  0.007 0.028 0.047 0.094 0.145 0.128 0.207 0.344 
296    (0)   :  0.005 0.021 0.038 0.076 0.097 0.080 0.334 0.349 
297    (0)   :  0.005 0.015 0.019 0.065 0.201 0.111 0.246 0.339 
298    (0)   :  0.005 0.010 0.017 0.123 0.147 0.069 0.235 0.394 
299    (0)   :  0.008 0.014 0.018 0.072 0.169 0.057 0.393 0.270 
300    (0)   :  0.006 0.019 0.032 0.054 0.107 0.082 0.337 0.363 
301    (0)   :  0.007 0.013 0.028 0.086 0.323 0.079 0.204 0.260 
302    (0)   :  0.009 0.049 0.043 0.085 0.144 0.074 0.250 0.347 
303    (0)   :  0.005 0.015 0.022 0.112 0.108 0.081 0.194 0.464 
304    (0)   :  0.007 0.011 0.023 0.267 0.241 0.080 0.184 0.188 
305    (0)   :  0.006 0.020 0.023 0.132 0.088 0.070 0.150 0.511 
306    (0)   :  0.005 0.012 0.018 0.093 0.120 0.073 0.140 0.538 
307    (0)   :  0.006 0.014 0.025 0.088 0.153 0.082 0.218 0.415 
308    (0)   :  0.004 0.030 0.015 0.123 0.101 0.075 0.172 0.479 
309    (0)   :  0.023 0.039 0.059 0.097 0.096 0.072 0.420 0.194 
310    (0)   :  0.005 0.022 0.026 0.094 0.087 0.057 0.173 0.535 
311    (0)   :  0.005 0.011 0.027 0.094 0.094 0.057 0.247 0.465 
312    (0)   :  0.005 0.019 0.026 0.077 0.071 0.060 0.491 0.252 
313    (0)   :  0.006 0.089 0.032 0.057 0.080 0.070 0.347 0.319 
314    (0)   :  0.005 0.023 0.018 0.417 0.068 0.071 0.087 0.312 
315    (0)   :  0.005 0.031 0.014 0.471 0.085 0.108 0.094 0.192 
316    (0)   :  0.007 0.018 0.016 0.513 0.101 0.111 0.098 0.135 
317    (0)   :  0.006 0.012 0.018 0.501 0.072 0.069 0.088 0.235 
318    (0)   :  0.005 0.009 0.015 0.615 0.076 0.068 0.085 0.127 
319    (0)   :  0.006 0.012 0.016 0.316 0.071 0.064 0.094 0.422 
320    (0)   :  0.005 0.024 0.018 0.416 0.069 0.071 0.086 0.312 
321    (0)   :  0.005 0.011 0.018 0.521 0.078 0.072 0.087 0.208 
322    (0)   :  0.008 0.032 0.019 0.372 0.092 0.109 0.102 0.266 
323    (0)   :  0.010 0.010 0.014 0.564 0.078 0.066 0.089 0.169 
324    (0)   :  0.005 0.011 0.018 0.521 0.078 0.072 0.087 0.208 
325    (0)   :  0.005 0.015 0.015 0.546 0.092 0.109 0.096 0.122 
326    (0)   :  0.010 0.019 0.017 0.526 0.091 0.112 0.095 0.129 
327    (0)   :  0.006 0.013 0.018 0.499 0.072 0.069 0.087 0.237 
328    (0)   :  0.005 0.019 0.017 0.386 0.091 0.109 0.105 0.269 
329    (0)   :  0.005 0.009 0.014 0.538 0.075 0.066 0.086 0.207 
330    (0)   :  0.005 0.012 0.018 0.499 0.072 0.069 0.087 0.237 
331    (0)   :  0.005 0.009 0.014 0.579 0.074 0.066 0.090 0.163 
332    (0)   :  0.012 0.016 0.016 0.526 0.101 0.107 0.095 0.126 
333    (0)   :  0.011 0.019 0.016 0.489 0.089 0.105 0.102 0.168 
334    (0)   :  0.005 0.019 0.017 0.386 0.092 0.109 0.104 0.268 
335    (0)   :  0.005 0.023 0.017 0.377 0.084 0.101 0.098 0.295 
336    (0)   :  0.012 0.018 0.016 0.539 0.077 0.073 0.086 0.179 
337    (0)   :  0.005 0.020 0.019 0.451 0.094 0.116 0.098 0.197 
338    (0)   :  0.005 0.009 0.015 0.612 0.077 0.069 0.086 0.128 
339    (0)   :  0.005 0.009 0.014 0.580 0.074 0.065 0.090 0.163 
340    (0)   :  0.005 0.010 0.014 0.565 0.069 0.063 0.091 0.183 
341    (0)   :  0.011 0.011 0.016 0.532 0.075 0.066 0.092 0.197 
342    (0)   :  0.006 0.013 0.018 0.496 0.072 0.068 0.087 0.240 
343    (0)   :  0.011 0.041 0.017 0.313 0.092 0.104 0.095 0.327 
344    (0)   :  0.005 0.009 0.014 0.597 0.075 0.065 0.085 0.150 
345    (0)   :  0.005 0.013 0.018 0.498 0.073 0.069 0.088 0.237 
346    (0)   :  0.005 0.010 0.015 0.606 0.071 0.065 0.087 0.141 
347    (0)   :  0.005 0.010 0.014 0.586 0.069 0.063 0.086 0.167 
348    (0)   :  0.005 0.047 0.016 0.298 0.077 0.098 0.096 0.364 
349    (0)   :  0.005 0.013 0.018 0.501 0.072 0.068 0.087 0.236 
350    (0)   :  0.005 0.016 0.015 0.482 0.072 0.069 0.091 0.251 
351    (0)   :  0.005 0.023 0.017 0.379 0.083 0.101 0.098 0.294 
352    (0)   :  0.005 0.024 0.019 0.432 0.087 0.110 0.098 0.225 
353    (0)   :  0.011 0.018 0.015 0.539 0.077 0.073 0.086 0.180 
354    (0)   :  0.006 0.010 0.015 0.581 0.076 0.067 0.086 0.158 
355    (0)   :  0.005 0.009 0.015 0.614 0.075 0.069 0.085 0.128 
356    (0)   :  0.004 0.037 0.015 0.135 0.075 0.095 0.095 0.543 
357    (0)   :  0.005 0.018 0.017 0.320 0.207 0.155 0.117 0.161 
358    (0)   :  0.005 0.015 0.014 0.529 0.091 0.105 0.096 0.144 
359    (0)   :  0.005 0.009 0.014 0.575 0.075 0.066 0.091 0.165 
360    (0)   :  0.005 0.010 0.015 0.606 0.071 0.066 0.086 0.141 
361    (0)   :  0.005 0.022 0.021 0.147 0.203 0.162 0.120 0.320 
362    (0)   :  0.006 0.015 0.020 0.076 0.146 0.291 0.271 0.175 
363    (0)   :  0.007 0.017 0.024 0.045 0.204 0.223 0.354 0.124 
364    (0)   :  0.013 0.016 0.035 0.113 0.294 0.082 0.178 0.269 
365    (0)   :  0.018 0.016 0.055 0.051 0.343 0.235 0.140 0.142 
366    (0)   :  0.006 0.057 0.033 0.070 0.277 0.133 0.171 0.254 
367    (0)   :  0.005 0.010 0.019 0.037 0.118 0.421 0.299 0.090 
368    (0)   :  0.006 0.010 0.021 0.055 0.148 0.108 0.508 0.144 
369    (0)   :  0.008 0.033 0.031 0.075 0.217 0.098 0.168 0.370 
370    (0)   :  0.016 0.017 0.041 0.065 0.158 0.101 0.447 0.155 
371    (0)   :  0.012 0.020 0.039 0.080 0.334 0.087 0.232 0.196 
372    (0)   :  0.059 0.024 0.064 0.080 0.116 0.097 0.333 0.227 
373    (0)   :  0.006 0.012 0.034 0.063 0.176 0.184 0.283 0.241 
374    (0)   :  0.008 0.013 0.053 0.081 0.201 0.174 0.166 0.305 
375    (0)   :  0.020 0.013 0.030 0.046 0.325 0.128 0.330 0.109 
376    (0)   :  0.128 0.012 0.020 0.041 0.241 0.300 0.160 0.099 
377    (0)   :  0.007 0.021 0.030 0.085 0.161 0.185 0.395 0.115 
378    (0)   :  0.006 0.015 0.028 0.150 0.082 0.311 0.244 0.164 
379    (0)   :  0.216 0.015 0.024 0.037 0.202 0.231 0.180 0.095 
380    (0)   :  0.013 0.023 0.026 0.075 0.190 0.275 0.127 0.271 
381    (0)   :  0.009 0.033 0.022 0.052 0.356 0.139 0.100 0.289 
382    (0)   :  0.005 0.010 0.019 0.058 0.381 0.160 0.268 0.098 
383    (0)   :  0.019 0.016 0.028 0.200 0.252 0.232 0.139 0.114 
384    (0)   :  0.067 0.017 0.034 0.105 0.362 0.126 0.162 0.127 
385    (0)   :  0.007 0.010 0.243 0.191 0.201 0.086 0.139 0.122 
386    (0)   :  0.005 0.012 0.020 0.045 0.207 0.321 0.273 0.117 
387    (0)   :  0.005 0.015 0.026 0.066 0.243 0.267 0.264 0.114 
388    (0)   :  0.018 0.012 0.053 0.124 0.228 0.140 0.216 0.207 
389    (0)   :  0.011 0.044 0.217 0.060 0.158 0.073 0.290 0.147 
390    (0)   :  0.023 0.052 0.032 0.043 0.113 0.409 0.205 0.123 
391    (0)   :  0.014 0.025 0.157 0.055 0.138 0.142 0.258 0.211 
392    (0)   :  0.008 0.018 0.017 0.090 0.219 0.261 0.214 0.174 
393    (0)   :  0.009 0.042 0.021 0.074 0.150 0.428 0.107 0.168 
394    (0)   :  0.005 0.015 0.016 0.169 0.115 0.277 0.228 0.174 
395    (0)   :  0.004 0.025 0.019 0.053 0.093 0.278 0.365 0.162 
396    (0)   :  0.006 0.010 0.021 0.036 0.291 0.143 0.398 0.095 
397    (0)   :  0.074 0.015 0.017 0.076 0.246 0.070 0.214 0.287 
398    (0)   :  0.043 0.012 0.015 0.040 0.093 0.515 0.190 0.092 
399    (0)   :  0.005 0.015 0.046 0.049 0.099 0.282 0.375 0.129 
400    (0)   :  0.008 0.012 0.025 0.047 0.271 0.279 0.184 0.174 
401    (0)   :  0.005 0.026 0.025 0.059 0.077 0.329 0.304 0.175 
402    (0)   :  0.007 0.050 0.034 0.064 0.204 0.135 0.316 0.190 
403    (0)   :  0.008 0.016 0.053 0.199 0.138 0.138 0.178 0.270 
404    (0)   :  0.008 0.010 0.040 0.053 0.279 0.131 0.250 0.230 
405    (0)   :  0.005 0.017 0.020 0.060 0.229 0.222 0.240 0.208 
406    (0)   :  0.004 0.038 0.019 0.054 0.103 0.343 0.141 0.297 
407    (0)   :  0.005 0.010 0.019 0.036 0.235 0.420 0.175 0.101 
408    (0)   :  0.004 0.029 0.019 0.034 0.070 0.140 0.583 0.121 
409    (0)   :  0.013 0.023 0.024 0.054 0.082 0.269 0.118 0.417 
410    (0)   :  0.091 0.021 0.027 0.067 0.140 0.304 0.191 0.159 
411    (0)   :  0.022 0.049 0.019 0.123 0.334 0.147 0.170 0.136 
412    (0)   :  0.005 0.010 0.022 0.052 0.205 0.142 0.425 0.139 
413    (0)   :  0.005 0.011 0.017 0.137 0.114 0.158 0.408 0.150 
414    (0)   :  0.004 0.010 0.038 0.051 0.218 0.107 0.490 0.082 
415    (0)   :  0.006 0.025 0.022 0.040 0.246 0.303 0.194 0.163 
416    (0)   :  0.006 0.022 0.059 0.050 0.165 0.277 0.173 0.248 
417    (0)   :  0.006 0.013 0.018 0.042 0.160 0.452 0.188 0.121 
418    (0)   :  0.008 0.009 0.019 0.043 0.205 0.194 0.419 0.103 
419    (0)   :  0.012 0.020 0.046 0.091 0.143 0.227 0.202 0.258 
420    (0)   :  0.004 0.039 0.023 0.036 0.079 0.366 0.281 0.172 
421    (0)   :  0.007 0.013 0.020 0.042 0.116 0.331 0.340 0.132 
422    (0)   :  0.007 0.027 0.024 0.049 0.110 0.308 0.262 0.213 
423    (0)   :  0.009 0.017 0.020 0.072 0.238 0.207 0.289 0.149 
424    (0)   :  0.009 0.093 0.050 0.064 0.111 0.251 0.279 0.142 
425    (0)   :  0.021 0.017 0.079 0.085 0.334 0.124 0.174 0.165 
426    (0)   :  0.035 0.020 0.058 0.089 0.173 0.222 0.254 0.150 
427    (0)   :  0.005 0.012 0.015 0.144 0.094 0.507 0.136 0.086 
428    (0)   :  0.022 0.025 0.020 0.081 0.091 0.344 0.149 0.267 
429    (0)   :  0.006 0.010 0.015 0.037 0.213 0.394 0.231 0.093 
430    (0)   :  0.005 0.013 0.019 0.042 0.136 0.480 0.191 0.115 
431    (0)   :  0.010 0.012 0.034 0.090 0.178 0.137 0.381 0.158 
432    (0)   :  0.006 0.011 0.021 0.058 0.139 0.133 0.480 0.153 
433    (0)   :  0.010 0.023 0.019 0.133 0.133 0.088 0.289 0.304 
434    (0)   :  0.006 0.016 0.027 0.065 0.268 0.129 0.218 0.271 
435    (0)   :  0.005 0.014 0.015 0.039 0.105 0.545 0.190 0.088 
436    (0)   :  0.006 0.020 0.017 0.044 0.111 0.582 0.089 0.132 
437    (0)   :  0.008 0.014 0.015 0.043 0.484 0.149 0.188 0.099 
438    (0)   :  0.005 0.036 0.020 0.046 0.070 0.483 0.154 0.186 
439    (0)   :  0.005 0.011 0.016 0.044 0.103 0.614 0.101 0.105 
440    (0)   :  0.004 0.015 0.019 0.033 0.166 0.535 0.146 0.082 
441    (0)   :  0.005 0.013 0.020 0.066 0.154 0.440 0.138 0.163 
442    (0)   :  0.007 0.017 0.052 0.036 0.233 0.250 0.275 0.130 
443    (0)   :  0.005 0.046 0.028 0.035 0.086 0.528 0.165 0.106 
444    (0)   :  0.006 0.025 0.049 0.037 0.246 0.292 0.224 0.122 
445    (0)   :  0.046 0.018 0.019 0.053 0.101 0.402 0.111 0.251 
446    (0)   :  0.051 0.010 0.018 0.041 0.082 0.572 0.132 0.093 
447    (0)   :  0.006 0.024 0.054 0.055 0.127 0.405 0.141 0.188 
448    (0)   :  0.005 0.015 0.020 0.043 0.219 0.364 0.222 0.111 
449    (0)   :  0.005 0.014 0.021 0.057 0.229 0.320 0.182 0.172 
450    (0)   :  0.009 0.009 0.025 0.065 0.391 0.232 0.135 0.133 
451    (0)   :  0.005 0.017 0.020 0.035 0.138 0.157 0.544 0.084 
452    (0)   :  0.006 0.010 0.018 0.062 0.244 0.383 0.132 0.145 
453    (0)   :  0.005 0.063 0.041 0.043 0.094 0.241 0.237 0.276 
454    (0)   :  0.005 0.015 0.017 0.082 0.218 0.372 0.151 0.140 
455    (0)   :  0.004 0.021 0.018 0.036 0.100 0.590 0.130 0.100 
456    (0)   :  0.006 0.060 0.023 0.037 0.152 0.436 0.180 0.107 
457    (0)   :  0.006 0.015 0.016 0.045 0.335 0.317 0.158 0.108 
458    (0)   :  0.050 0.010 0.018 0.044 0.113 0.528 0.120 0.116 
459    (0)   :  0.005 0.012 0.018 0.060 0.090 0.539 0.118 0.158 
460    (0)   :  0.005 0.012 0.018 0.039 0.092 0.608 0.138 0.089 
461    (0)   :  0.008 0.009 0.019 0.042 0.165 0.472 0.196 0.089 
462    (0)   :  0.008 0.022 0.091 0.033 0.192 0.352 0.218 0.084 
463    (0)   :  0.004 0.105 0.018 0.048 0.093 0.392 0.157 0.183 
464    (0)   :  0.004 0.024 0.016 0.036 0.087 0.564 0.172 0.097 
465    (0)   :  0.008 0.022 0.021 0.043 0.111 0.391 0.283 0.122 
466    (0)   :  0.004 0.052 0.016 0.036 0.091 0.422 0.252 0.125 
467    (0)   :  0.005 0.016 0.023 0.053 0.140 0.445 0.169 0.150 
468    (0)   :  0.005 0.043 0.016 0.036 0.202 0.460 0.137 0.101 
469    (0)   :  0.005 0.013 0.016 0.040 0.093 0.649 0.098 0.086 
470    (0)   :  0.005 0.013 0.014 0.040 0.083 0.613 0.149 0.085 
471    (0)   :  0.006 0.061 0.057 0.042 0.217 0.263 0.189 0.165 
472    (0)   :  0.007 0.029 0.027 0.040 0.212 0.321 0.215 0.150 
473    (0)   :  0.005 0.020 0.018 0.060 0.232 0.270 0.238 0.157 
474    (0)   :  0.005 0.018 0.019 0.053 0.212 0.388 0.129 0.177 
475    (0)   :  0.005 0.015 0.019 0.064 0.104 0.366 0.244 0.182 
476    (0)   :  0.008 0.020 0.017 0.040 0.300 0.373 0.117 0.124 
477    (0)   :  0.007 0.024 0.043 0.050 0.127 0.313 0.276 0.159 
478    (0)   :  0.008 0.015 0.049 0.041 0.095 0.385 0.320 0.087 
479    (0)   :  0.004 0.012 0.018 0.039 0.182 0.504 0.151 0.089 
480    (0)   :  0.006 0.012 0.015 0.042 0.288 0.416 0.115 0.105 
481    (0)   :  0.006 0.014 0.047 0.041 0.297 0.193 0.263 0.139 
482    (0)   :  0.006 0.010 0.015 0.039 0.196 0.496 0.149 0.091 
483    (0)   :  0.006 0.012 0.018 0.044 0.103 0.590 0.119 0.109 
484    (0)   :  0.005 0.043 0.027 0.042 0.084 0.503 0.171 0.125 
485    (0)   :  0.005 0.016 0.016 0.039 0.087 0.628 0.118 0.091 
486    (0)   :  0.010 0.058 0.088 0.057 0.208 0.105 0.279 0.195 
487    (0)   :  0.010 0.023 0.061 0.112 0.284 0.084 0.210 0.218 
488    (0)   :  0.009 0.023 0.120 0.126 0.167 0.084 0.329 0.143 
489    (0)   :  0.008 0.033 0.030 0.060 0.314 0.063 0.184 0.308 
490    (0)   :  0.006 0.042 0.041 0.042 0.191 0.156 0.399 0.123 
491    (0)   :  0.008 0.016 0.096 0.076 0.160 0.077 0.215 0.352 
492    (0)   :  0.005 0.030 0.076 0.159 0.106 0.104 0.259 0.261 
493    (0)   :  0.010 0.033 0.134 0.110 0.255 0.061 0.274 0.124 
494    (0)   :  0.029 0.018 0.066 0.061 0.228 0.086 0.174 0.338 
495    (0)   :  0.030 0.045 0.159 0.119 0.148 0.092 0.223 0.182 
496    (0)   :  0.006 0.021 0.016 0.089 0.115 0.109 0.201 0.443 
497    (0)   :  0.015 0.024 0.159 0.147 0.200 0.069 0.184 0.201 
498    (0)   :  0.010 0.033 0.100 0.041 0.219 0.095 0.279 0.223 
499    (0)   :  0.024 0.028 0.036 0.146 0.212 0.077 0.162 0.315 
500    (0)   :  0.013 0.024 0.028 0.076 0.414 0.079 0.172 0.195 
501    (0)   :  0.010 0.010 0.028 0.080 0.256 0.121 0.180 0.315 
502    (0)   :  0.008 0.009 0.065 0.101 0.148 0.125 0.247 0.298 
503    (0)   :  0.007 0.016 0.021 0.049 0.371 0.138 0.265 0.133 
504    (0)   :  0.008 0.023 0.130 0.048 0.116 0.111 0.398 0.166 
505    (0)   :  0.008 0.022 0.055 0.056 0.144 0.077 0.251 0.386 
506    (0)   :  0.006 0.012 0.075 0.080 0.124 0.106 0.271 0.328 
507    (0)   :  0.007 0.023 0.016 0.136 0.077 0.068 0.117 0.557 
508    (0)   :  0.015 0.047 0.030 0.201 0.091 0.061 0.142 0.413 
509    (0)   :  0.007 0.019 0.034 0.101 0.114 0.089 0.217 0.420 
510    (0)   :  0.017 0.016 0.026 0.126 0.281 0.069 0.172 0.293 
511    (0)   :  0.010 0.015 0.054 0.045 0.259 0.231 0.181 0.205 
512    (0)   :  0.007 0.010 0.036 0.040 0.433 0.180 0.177 0.117 
513    (0)   :  0.006 0.033 0.486 0.065 0.063 0.053 0.155 0.139 
514    (0)   :  0.007 0.012 0.025 0.086 0.097 0.140 0.485 0.149 
515    (0)   :  0.011 0.040 0.029 0.141 0.151 0.259 0.170 0.200 
516    (0)   :  0.009 0.028 0.026 0.051 0.092 0.093 0.483 0.218 
517    (0)   :  0.007 0.038 0.020 0.099 0.094 0.242 0.249 0.251 
518    (0)   :  0.059 0.011 0.021 0.153 0.272 0.078 0.188 0.217 
519    (0)   :  0.006 0.013 0.037 0.055 0.097 0.164 0.422 0.205 
520    (0)   :  0.006 0.055 0.018 0.118 0.093 0.241 0.128 0.339 
521    (0)   :  0.005 0.015 0.018 0.278 0.089 0.092 0.332 0.172 
522    (0)   :  0.024 0.135 0.027 0.073 0.284 0.138 0.193 0.126 
523    (0)   :  0.008 0.082 0.019 0.107 0.079 0.180 0.203 0.322 
524    (0)   :  0.008 0.040 0.017 0.103 0.105 0.352 0.219 0.157 
525    (0)   :  0.081 0.023 0.018 0.121 0.149 0.167 0.145 0.296 
526    (0)   :  0.005 0.074 0.016 0.051 0.078 0.363 0.149 0.265 
527    (0)   :  0.068 0.010 0.046 0.072 0.283 0.109 0.283 0.128 
528    (0)   :  0.004 0.017 0.018 0.381 0.097 0.069 0.243 0.170 
529    (0)   :  0.079 0.017 0.030 0.094 0.117 0.093 0.334 0.236 
530    (0)   :  0.006 0.026 0.040 0.076 0.303 0.181 0.162 0.207 
531    (0)   :  0.006 0.019 0.022 0.301 0.122 0.228 0.142 0.160 
532    (0)   :  0.014 0.029 0.026 0.275 0.193 0.067 0.271 0.126 
533    (0)   :  0.062 0.030 0.022 0.081 0.208 0.164 0.256 0.176 
534    (0)   :  0.074 0.056 0.048 0.114 0.069 0.072 0.304 0.263 
535    (0)   :  0.005 0.040 0.021 0.051 0.090 0.279 0.253 0.262 
536    (0)   :  0.006 0.016 0.028 0.062 0.117 0.221 0.191 0.358 
537    (0)   :  0.006 0.020 0.034 0.059 0.107 0.100 0.154 0.520 
538    (0)   :  0.005 0.025 0.021 0.058 0.124 0.121 0.205 0.441 
539    (0)   :  0.004 0.012 0.019 0.084 0.091 0.057 0.124 0.609 
540    (0)   :  0.006 0.038 0.021 0.189 0.150 0.143 0.230 0.223 
541    (0)   :  0.007 0.024 0.033 0.237 0.134 0.159 0.134 0.272 
542    (0)   :  0.006 0.033 0.046 0.043 0.119 0.275 0.176 0.303 
543    (0)   :  0.008 0.111 0.045 0.156 0.084 0.187 0.220 0.190 
544    (0)   :  0.004 0.082 0.025 0.068 0.110 0.211 0.179 0.321 
545    (0)   :  0.005 0.100 0.043 0.038 0.092 0.321 0.228 0.171 
546    (0)   :  0.005 0.028 0.059 0.081 0.134 0.148 0.184 0.361 
547    (0)   :  0.005 0.124 0.033 0.058 0.077 0.184 0.147 0.371 
548    (0)   :  0.005 0.011 0.025 0.095 0.138 0.069 0.236 0.421 
549    (0)   :  0.006 0.017 0.022 0.065 0.079 0.232 0.102 0.477 
550    (0)   :  0.004 0.047 0.029 0.041 0.103 0.348 0.161 0.267 
551    (0)   :  0.007 0.015 0.022 0.096 0.094 0.139 0.121 0.506 
552    (0)   :  0.005 0.023 0.020 0.063 0.123 0.088 0.190 0.488 
553    (0)   :  0.008 0.193 0.048 0.093 0.075 0.119 0.166 0.299 
554    (0)   :  0.009 0.029 0.026 0.163 0.241 0.142 0.242 0.148 
555    (0)   :  0.006 0.023 0.055 0.073 0.116 0.088 0.157 0.483 
556    (0)   :  0.005 0.017 0.023 0.057 0.121 0.108 0.216 0.454 
557    (0)   :  0.005 0.024 0.028 0.069 0.099 0.395 0.172 0.208 
558    (0)   :  0.006 0.009 0.015 0.040 0.180 0.532 0.130 0.090 
559    (0)   :  0.006 0.027 0.019 0.050 0.132 0.103 0.476 0.187 
560    (0)   :  0.005 0.011 0.034 0.032 0.085 0.394 0.356 0.085 
561    (0)   :  0.005 0.018 0.033 0.040 0.151 0.296 0.351 0.105 
562    (0)   :  0.006 0.036 0.033 0.032 0.182 0.168 0.456 0.088 
563    (0)   :  0.010 0.019 0.053 0.062 0.094 0.257 0.238 0.268 
564    (0)   :  0.008 0.048 0.023 0.076 0.139 0.098 0.477 0.132 
565    (0)   :  0.005 0.010 0.017 0.042 0.220 0.453 0.141 0.112 
566    (0)   :  0.004 0.012 0.025 0.034 0.164 0.351 0.325 0.084 
567    (0)   :  0.006 0.017 0.026 0.042 0.148 0.081 0.552 0.130 
568    (0)   :  0.005 0.020 0.016 0.052 0.102 0.243 0.404 0.157 
569    (0)   :  0.007 0.079 0.020 0.073 0.280 0.171 0.248 0.121 
570    (0)   :  0.007 0.012 0.015 0.038 0.439 0.182 0.223 0.085 
571    (0)   :  0.005 0.015 0.018 0.052 0.094 0.217 0.488 0.112 
572    (0)   :  0.004 0.108 0.033 0.061 0.154 0.138 0.136 0.366 
573    (0)   :  0.007 0.044 0.018 0.066 0.116 0.200 0.409 0.141 
574    (0)   :  0.006 0.020 0.021 0.086 0.394 0.133 0.139 0.201 
575    (0)   :  0.005 0.011 0.019 0.061 0.101 0.234 0.338 0.229 
576    (0)   :  0.005 0.011 0.047 0.037 0.189 0.245 0.384 0.081 
577    (0)   :  0.007 0.013 0.021 0.061 0.356 0.131 0.168 0.242 
