

----------------------------------------------------
STRUCTURE by Pritchard, Stephens and Donnelly (2000)
     and Falush, Stephens and Pritchard (2003)
       Code by Pritchard, Falush and Hubisz
             Version 2.3.4 (Jul 2012)
----------------------------------------------------



Command line arguments:   ./structure -K 9 -D 109001 -m brooktrout/mainparams -e brooktrout/extraparams -o brooktrout/250914_output/results_K9_rep1 
Input File:    brooktrout/brooktrout.txt

Run parameters:
   8454 individuals
   5 loci
   9 populations assumed
   50000 Burn-in period
   100000 Reps
RANDOMIZE turned off


--------------------------------------------
Overall proportion of membership of the
sample in each of the 9 clusters

Inferred Clusters
  1      2      3      4      5      6      7      8      9    
0.014  0.011  0.021  0.062  0.114  0.181  0.189  0.196  0.212  

--------------------------------------------

Allele-freq. divergence among pops (Net nucleotide distance),
computed using point estimates of P.

      1       2       3       4       5       6       7       8       9      
 1      -    0.1478  0.1912  0.1592  0.2273  0.1869  0.1880  0.1509  0.1413  
 2   0.1478     -    0.1232  0.1767  0.1406  0.0983  0.1254  0.1093  0.1107  
 3   0.1912  0.1232     -    0.1808  0.0995  0.1497  0.1183  0.1628  0.1280  
 4   0.1592  0.1767  0.1808     -    0.1917  0.1751  0.1378  0.1730  0.1338  
 5   0.2273  0.1406  0.0995  0.1917     -    0.1898  0.0751  0.2044  0.1481  
 6   0.1869  0.0983  0.1497  0.1751  0.1898     -    0.1369  0.0701  0.1024  
 7   0.1880  0.1254  0.1183  0.1378  0.0751  0.1369     -    0.1592  0.1192  
 8   0.1509  0.1093  0.1628  0.1730  0.2044  0.0701  0.1592     -    0.0861  
 9   0.1413  0.1107  0.1280  0.1338  0.1481  0.1024  0.1192  0.0861     -    

Average distances (expected heterozygosity) between individuals in same cluster:
cluster  1  : 0.7651 
cluster  2  : 0.8124 
cluster  3  : 0.7699 
cluster  4  : 0.7479 
cluster  5  : 0.6927 
cluster  6  : 0.7406 
cluster  7  : 0.7039 
cluster  8  : 0.7648 
cluster  9  : 0.7806 

--------------------------------------------
Estimated Ln Prob of Data   = -189811.7
Mean value of ln likelihood = -171998.6
Variance of ln likelihood   = 35626.2

Mean value of alpha_1       = 0.0551
Mean value of alpha_2       = 0.0478
Mean value of alpha_3       = 0.0921
Mean value of alpha_4       = 0.2647
Mean value of alpha_5       = 0.4770
Mean value of alpha_6       = 0.7597
Mean value of alpha_7       = 0.8110
Mean value of alpha_8       = 0.8276
Mean value of alpha_9       = 0.9152
Allele frequencies uncorrelated


Inferred ancestry of individuals:
     (%Miss) :  Inferred clusters
  1    (0)   :  0.008 0.007 0.022 0.064 0.087 0.191 0.321 0.162 0.138 
  2    (0)   :  0.006 0.004 0.012 0.025 0.055 0.099 0.109 0.109 0.581 
  3    (0)   :  0.005 0.010 0.011 0.056 0.072 0.332 0.255 0.134 0.126 
  4    (0)   :  0.006 0.016 0.041 0.046 0.270 0.128 0.228 0.122 0.143 
  5    (0)   :  0.006 0.005 0.013 0.027 0.054 0.118 0.096 0.121 0.559 
  6    (0)   :  0.005 0.011 0.012 0.030 0.096 0.408 0.090 0.159 0.190 
  7    (0)   :  0.005 0.008 0.010 0.024 0.057 0.213 0.110 0.417 0.155 
  8    (0)   :  0.006 0.031 0.154 0.037 0.098 0.179 0.196 0.162 0.137 
  9    (0)   :  0.011 0.016 0.016 0.033 0.065 0.213 0.210 0.130 0.305 
 10    (0)   :  0.006 0.010 0.141 0.023 0.080 0.197 0.140 0.219 0.184 
 11    (0)   :  0.007 0.005 0.010 0.023 0.049 0.219 0.128 0.406 0.152 
 12    (0)   :  0.005 0.006 0.010 0.031 0.100 0.129 0.130 0.132 0.456 
 13    (0)   :  0.007 0.008 0.013 0.036 0.073 0.188 0.197 0.194 0.283 
 14    (0)   :  0.005 0.005 0.036 0.090 0.080 0.191 0.187 0.103 0.304 
 15    (0)   :  0.005 0.007 0.014 0.040 0.159 0.190 0.196 0.154 0.234 
 16    (0)   :  0.008 0.006 0.010 0.039 0.061 0.329 0.199 0.199 0.150 
 17    (0)   :  0.009 0.018 0.012 0.070 0.086 0.229 0.153 0.152 0.271 
 18    (0)   :  0.008 0.013 0.025 0.041 0.109 0.277 0.140 0.100 0.287 
 19    (0)   :  0.005 0.008 0.011 0.024 0.077 0.284 0.150 0.193 0.247 
 20    (0)   :  0.005 0.007 0.010 0.040 0.097 0.196 0.127 0.230 0.288 
 21    (0)   :  0.006 0.006 0.020 0.059 0.138 0.148 0.241 0.127 0.255 
 22    (0)   :  0.006 0.015 0.011 0.036 0.074 0.354 0.206 0.123 0.173 
 23    (0)   :  0.020 0.010 0.030 0.070 0.081 0.150 0.327 0.112 0.200 
 24    (0)   :  0.007 0.006 0.010 0.037 0.090 0.201 0.340 0.161 0.148 
 25    (0)   :  0.005 0.007 0.012 0.035 0.049 0.292 0.087 0.193 0.319 
 26    (0)   :  0.006 0.011 0.010 0.035 0.134 0.200 0.188 0.146 0.269 
 27    (0)   :  0.008 0.008 0.010 0.064 0.091 0.242 0.183 0.147 0.247 
 28    (0)   :  0.007 0.006 0.075 0.035 0.206 0.158 0.155 0.200 0.157 
 29    (0)   :  0.007 0.005 0.009 0.035 0.056 0.132 0.199 0.241 0.317 
 30    (0)   :  0.007 0.008 0.010 0.044 0.062 0.356 0.197 0.115 0.202 
 31    (0)   :  0.007 0.021 0.126 0.065 0.071 0.122 0.142 0.197 0.249 
 32    (0)   :  0.005 0.006 0.025 0.035 0.102 0.245 0.204 0.122 0.257 
 33    (0)   :  0.007 0.007 0.009 0.038 0.065 0.258 0.286 0.190 0.140 
 34    (0)   :  0.013 0.008 0.132 0.029 0.065 0.203 0.090 0.305 0.155 
 35    (0)   :  0.019 0.022 0.010 0.101 0.050 0.199 0.190 0.122 0.287 
 36    (0)   :  0.007 0.006 0.015 0.196 0.048 0.229 0.238 0.126 0.137 
 37    (0)   :  0.006 0.010 0.013 0.042 0.079 0.132 0.348 0.134 0.237 
 38    (0)   :  0.020 0.006 0.009 0.070 0.042 0.357 0.135 0.206 0.154 
 39    (0)   :  0.019 0.010 0.010 0.091 0.069 0.234 0.144 0.217 0.207 
 40    (0)   :  0.007 0.005 0.011 0.127 0.060 0.165 0.365 0.096 0.164 
 41    (0)   :  0.030 0.009 0.012 0.209 0.039 0.192 0.193 0.196 0.120 
 42    (0)   :  0.014 0.005 0.009 0.093 0.064 0.165 0.431 0.104 0.115 
 43    (0)   :  0.010 0.009 0.019 0.159 0.058 0.103 0.258 0.142 0.241 
 44    (0)   :  0.010 0.012 0.009 0.268 0.039 0.174 0.156 0.121 0.210 
 45    (0)   :  0.017 0.006 0.012 0.158 0.041 0.171 0.164 0.141 0.289 
 46    (0)   :  0.008 0.018 0.009 0.091 0.073 0.258 0.109 0.170 0.265 
 47    (0)   :  0.018 0.041 0.026 0.052 0.071 0.207 0.204 0.137 0.243 
 48    (0)   :  0.013 0.014 0.009 0.262 0.043 0.173 0.165 0.091 0.230 
 49    (0)   :  0.029 0.012 0.010 0.087 0.059 0.210 0.219 0.138 0.236 
 50    (0)   :  0.011 0.018 0.068 0.047 0.064 0.269 0.084 0.226 0.214 
 51    (0)   :  0.010 0.005 0.011 0.427 0.039 0.126 0.155 0.102 0.125 
 52    (0)   :  0.021 0.014 0.009 0.097 0.079 0.206 0.171 0.248 0.155 
 53    (0)   :  0.015 0.008 0.031 0.056 0.056 0.364 0.180 0.174 0.115 
 54    (0)   :  0.011 0.011 0.023 0.081 0.072 0.091 0.233 0.121 0.357 
 55    (0)   :  0.008 0.008 0.011 0.194 0.059 0.099 0.188 0.113 0.321 
 56    (0)   :  0.015 0.009 0.009 0.094 0.065 0.234 0.230 0.095 0.249 
 57    (0)   :  0.011 0.028 0.027 0.028 0.177 0.188 0.175 0.178 0.189 
 58    (0)   :  0.013 0.006 0.011 0.115 0.054 0.122 0.277 0.153 0.249 
 59    (0)   :  0.033 0.006 0.009 0.097 0.056 0.225 0.201 0.142 0.231 
 60    (0)   :  0.007 0.005 0.020 0.232 0.096 0.125 0.250 0.128 0.137 
 61    (0)   :  0.007 0.005 0.019 0.202 0.081 0.068 0.238 0.106 0.274 
 62    (0)   :  0.034 0.016 0.010 0.038 0.094 0.187 0.119 0.137 0.365 
 63    (0)   :  0.007 0.005 0.011 0.064 0.068 0.131 0.298 0.215 0.201 
 64    (0)   :  0.011 0.009 0.009 0.031 0.049 0.353 0.135 0.144 0.259 
 65    (0)   :  0.008 0.006 0.010 0.035 0.046 0.137 0.095 0.318 0.344 
 66    (0)   :  0.008 0.005 0.030 0.040 0.110 0.103 0.232 0.168 0.303 
 67    (0)   :  0.008 0.007 0.019 0.210 0.049 0.088 0.159 0.131 0.330 
 68    (0)   :  0.031 0.007 0.010 0.118 0.065 0.208 0.218 0.135 0.209 
 69    (0)   :  0.034 0.007 0.254 0.068 0.057 0.222 0.089 0.135 0.135 
 70    (0)   :  0.008 0.005 0.021 0.180 0.058 0.141 0.255 0.228 0.105 
 71    (0)   :  0.031 0.006 0.012 0.184 0.040 0.195 0.116 0.151 0.265 
 72    (0)   :  0.006 0.008 0.015 0.112 0.046 0.322 0.182 0.160 0.150 
 73    (0)   :  0.024 0.006 0.018 0.116 0.047 0.097 0.145 0.153 0.395 
 74    (0)   :  0.007 0.005 0.010 0.113 0.058 0.223 0.353 0.105 0.125 
 75    (0)   :  0.010 0.006 0.017 0.110 0.067 0.170 0.398 0.083 0.140 
 76    (0)   :  0.006 0.006 0.011 0.138 0.054 0.116 0.197 0.252 0.219 
 77    (0)   :  0.026 0.005 0.009 0.134 0.037 0.200 0.171 0.212 0.206 
 78    (0)   :  0.033 0.006 0.009 0.113 0.038 0.283 0.178 0.185 0.155 
 79    (0)   :  0.005 0.005 0.014 0.022 0.060 0.203 0.135 0.300 0.255 
 80    (0)   :  0.006 0.006 0.016 0.025 0.163 0.092 0.392 0.164 0.137 
 81    (0)   :  0.005 0.006 0.019 0.021 0.181 0.110 0.272 0.226 0.158 
 82    (0)   :  0.009 0.005 0.011 0.051 0.079 0.111 0.249 0.160 0.325 
 83    (0)   :  0.005 0.006 0.019 0.039 0.143 0.176 0.225 0.227 0.161 
 84    (0)   :  0.005 0.005 0.014 0.024 0.134 0.152 0.215 0.281 0.169 
 85    (0)   :  0.005 0.005 0.019 0.035 0.141 0.236 0.246 0.146 0.168 
 86    (0)   :  0.009 0.008 0.013 0.079 0.066 0.123 0.131 0.155 0.417 
 87    (0)   :  0.006 0.006 0.030 0.043 0.064 0.150 0.138 0.379 0.184 
 88    (0)   :  0.005 0.005 0.011 0.026 0.099 0.109 0.323 0.207 0.214 
 89    (0)   :  0.005 0.007 0.039 0.023 0.127 0.101 0.320 0.173 0.205 
 90    (0)   :  0.005 0.005 0.012 0.024 0.073 0.116 0.147 0.360 0.257 
 91    (0)   :  0.004 0.005 0.017 0.036 0.161 0.169 0.341 0.136 0.129 
 92    (0)   :  0.005 0.006 0.012 0.025 0.078 0.150 0.200 0.225 0.300 
 93    (0)   :  0.006 0.005 0.108 0.026 0.216 0.090 0.329 0.097 0.124 
 94    (0)   :  0.005 0.005 0.013 0.042 0.061 0.178 0.121 0.472 0.102 
 95    (0)   :  0.005 0.005 0.012 0.024 0.094 0.091 0.241 0.333 0.194 
 96    (0)   :  0.008 0.005 0.013 0.122 0.083 0.074 0.325 0.107 0.264 
 97    (0)   :  0.008 0.006 0.010 0.079 0.073 0.203 0.344 0.088 0.189 
 98    (0)   :  0.008 0.004 0.010 0.064 0.048 0.139 0.282 0.133 0.312 
 99    (0)   :  0.005 0.005 0.016 0.023 0.128 0.127 0.200 0.296 0.199 
100    (0)   :  0.006 0.006 0.015 0.028 0.145 0.071 0.437 0.083 0.209 
101    (0)   :  0.006 0.007 0.101 0.047 0.069 0.141 0.179 0.242 0.207 
102    (0)   :  0.012 0.006 0.018 0.070 0.130 0.127 0.313 0.192 0.132 
103    (0)   :  0.008 0.006 0.086 0.034 0.099 0.091 0.134 0.187 0.356 
104    (0)   :  0.005 0.005 0.021 0.033 0.111 0.093 0.069 0.424 0.239 
105    (0)   :  0.013 0.006 0.060 0.036 0.130 0.082 0.091 0.263 0.318 
106    (0)   :  0.005 0.005 0.008 0.035 0.038 0.158 0.079 0.492 0.180 
107    (0)   :  0.009 0.007 0.039 0.043 0.104 0.091 0.138 0.292 0.279 
108    (0)   :  0.005 0.004 0.014 0.163 0.064 0.199 0.093 0.097 0.361 
109    (0)   :  0.082 0.007 0.016 0.048 0.041 0.149 0.079 0.316 0.263 
110    (0)   :  0.007 0.006 0.013 0.028 0.040 0.155 0.085 0.535 0.131 
111    (0)   :  0.014 0.007 0.013 0.033 0.072 0.086 0.086 0.444 0.246 
112    (0)   :  0.137 0.005 0.010 0.058 0.045 0.098 0.086 0.440 0.121 
113    (0)   :  0.008 0.007 0.022 0.052 0.075 0.162 0.147 0.147 0.381 
114    (0)   :  0.010 0.005 0.025 0.027 0.132 0.086 0.078 0.390 0.248 
115    (0)   :  0.011 0.007 0.010 0.115 0.058 0.105 0.140 0.331 0.223 
116    (0)   :  0.010 0.006 0.008 0.108 0.039 0.155 0.108 0.352 0.214 
117    (0)   :  0.019 0.008 0.019 0.043 0.043 0.144 0.119 0.464 0.142 
118    (0)   :  0.010 0.005 0.011 0.038 0.062 0.091 0.092 0.165 0.525 
119    (0)   :  0.006 0.005 0.016 0.167 0.090 0.109 0.293 0.160 0.154 
120    (0)   :  0.019 0.006 0.013 0.067 0.071 0.102 0.133 0.345 0.244 
121    (0)   :  0.032 0.017 0.022 0.180 0.043 0.107 0.104 0.302 0.194 
122    (0)   :  0.011 0.005 0.018 0.031 0.051 0.141 0.090 0.409 0.243 
123    (0)   :  0.009 0.006 0.019 0.045 0.082 0.123 0.105 0.412 0.200 
124    (0)   :  0.022 0.013 0.012 0.101 0.058 0.214 0.095 0.262 0.223 
125    (0)   :  0.022 0.006 0.013 0.064 0.044 0.279 0.141 0.288 0.143 
126    (0)   :  0.006 0.004 0.010 0.096 0.078 0.127 0.141 0.372 0.165 
127    (0)   :  0.009 0.007 0.011 0.040 0.076 0.078 0.090 0.450 0.240 
128    (0)   :  0.008 0.005 0.009 0.036 0.057 0.084 0.093 0.137 0.572 
129    (0)   :  0.008 0.007 0.038 0.036 0.045 0.087 0.079 0.258 0.442 
130    (0)   :  0.017 0.007 0.032 0.029 0.101 0.089 0.112 0.352 0.260 
131    (0)   :  0.035 0.011 0.028 0.112 0.041 0.261 0.084 0.270 0.156 
132    (0)   :  0.008 0.005 0.019 0.037 0.043 0.126 0.076 0.370 0.317 
133    (0)   :  0.011 0.009 0.025 0.047 0.083 0.102 0.106 0.319 0.298 
134    (0)   :  0.009 0.005 0.008 0.025 0.034 0.108 0.067 0.602 0.143 
135    (0)   :  0.012 0.007 0.010 0.085 0.231 0.088 0.281 0.087 0.199 
136    (0)   :  0.007 0.007 0.026 0.027 0.353 0.119 0.248 0.076 0.139 
137    (0)   :  0.014 0.006 0.031 0.025 0.198 0.087 0.425 0.112 0.101 
138    (0)   :  0.005 0.005 0.011 0.037 0.524 0.098 0.143 0.082 0.095 
139    (0)   :  0.007 0.005 0.024 0.050 0.186 0.110 0.166 0.087 0.365 
140    (0)   :  0.007 0.006 0.045 0.058 0.167 0.117 0.279 0.136 0.185 
141    (0)   :  0.007 0.006 0.102 0.033 0.295 0.162 0.146 0.085 0.164 
142    (0)   :  0.013 0.006 0.034 0.107 0.209 0.084 0.240 0.084 0.222 
143    (0)   :  0.005 0.005 0.011 0.027 0.285 0.074 0.426 0.071 0.096 
144    (0)   :  0.014 0.006 0.013 0.029 0.246 0.077 0.408 0.109 0.099 
145    (0)   :  0.009 0.008 0.022 0.042 0.216 0.166 0.255 0.084 0.198 
146    (0)   :  0.006 0.008 0.026 0.035 0.223 0.135 0.252 0.152 0.162 
147    (0)   :  0.005 0.006 0.023 0.024 0.375 0.084 0.314 0.074 0.095 
148    (0)   :  0.010 0.006 0.123 0.054 0.207 0.115 0.182 0.103 0.199 
149    (0)   :  0.007 0.006 0.233 0.054 0.116 0.095 0.267 0.081 0.141 
150    (0)   :  0.016 0.007 0.031 0.029 0.231 0.092 0.277 0.151 0.166 
151    (0)   :  0.005 0.006 0.011 0.029 0.316 0.082 0.324 0.096 0.130 
152    (0)   :  0.008 0.006 0.039 0.097 0.276 0.153 0.166 0.088 0.167 
153    (0)   :  0.006 0.005 0.022 0.057 0.387 0.109 0.194 0.113 0.109 
154    (0)   :  0.006 0.006 0.304 0.046 0.122 0.109 0.171 0.075 0.160 
155    (0)   :  0.005 0.005 0.012 0.026 0.536 0.077 0.124 0.098 0.117 
156    (0)   :  0.007 0.005 0.011 0.079 0.344 0.069 0.244 0.101 0.139 
157    (0)   :  0.005 0.005 0.029 0.023 0.351 0.096 0.208 0.176 0.106 
158    (0)   :  0.009 0.008 0.022 0.036 0.228 0.173 0.282 0.085 0.157 
159    (0)   :  0.006 0.006 0.164 0.022 0.219 0.078 0.322 0.074 0.110 
160    (0)   :  0.006 0.007 0.159 0.023 0.306 0.080 0.208 0.074 0.137 
161    (0)   :  0.006 0.005 0.021 0.030 0.103 0.114 0.488 0.104 0.127 
162    (0)   :  0.006 0.010 0.023 0.039 0.264 0.135 0.155 0.148 0.221 
163    (0)   :  0.005 0.005 0.011 0.043 0.505 0.074 0.161 0.097 0.100 
164    (0)   :  0.005 0.008 0.211 0.029 0.143 0.098 0.153 0.121 0.232 
165    (0)   :  0.015 0.007 0.013 0.030 0.280 0.084 0.290 0.150 0.131 
166    (0)   :  0.005 0.005 0.238 0.052 0.134 0.115 0.184 0.138 0.129 
167    (0)   :  0.005 0.010 0.353 0.031 0.165 0.124 0.097 0.096 0.119 
168    (0)   :  0.005 0.006 0.015 0.054 0.381 0.162 0.176 0.092 0.108 
169    (0)   :  0.010 0.008 0.019 0.042 0.168 0.301 0.226 0.083 0.143 
170    (0)   :  0.005 0.005 0.012 0.038 0.089 0.077 0.550 0.089 0.136 
171    (0)   :  0.005 0.006 0.024 0.048 0.294 0.169 0.176 0.096 0.183 
172    (0)   :  0.011 0.006 0.071 0.092 0.124 0.174 0.312 0.079 0.133 
173    (0)   :  0.005 0.006 0.022 0.025 0.474 0.078 0.157 0.074 0.160 
174    (0)   :  0.005 0.006 0.027 0.021 0.428 0.094 0.184 0.102 0.132 
175    (0)   :  0.006 0.006 0.012 0.034 0.266 0.112 0.379 0.073 0.112 
176    (0)   :  0.014 0.006 0.013 0.028 0.247 0.077 0.407 0.109 0.099 
177    (0)   :  0.006 0.006 0.025 0.031 0.316 0.135 0.162 0.200 0.120 
178    (0)   :  0.005 0.006 0.028 0.023 0.419 0.130 0.133 0.102 0.154 
179    (0)   :  0.005 0.006 0.082 0.023 0.457 0.082 0.157 0.074 0.115 
180    (0)   :  0.008 0.010 0.092 0.044 0.165 0.123 0.309 0.112 0.137 
181    (0)   :  0.008 0.007 0.020 0.041 0.204 0.105 0.334 0.083 0.198 
182    (0)   :  0.006 0.007 0.013 0.036 0.279 0.074 0.323 0.074 0.188 
183    (0)   :  0.005 0.006 0.022 0.028 0.367 0.082 0.290 0.074 0.127 
184    (0)   :  0.005 0.007 0.024 0.028 0.056 0.120 0.117 0.101 0.542 
185    (0)   :  0.007 0.005 0.012 0.114 0.404 0.064 0.228 0.066 0.101 
186    (0)   :  0.005 0.006 0.023 0.029 0.052 0.106 0.120 0.151 0.507 
187    (0)   :  0.005 0.005 0.025 0.035 0.235 0.098 0.154 0.098 0.347 
188    (0)   :  0.005 0.006 0.041 0.029 0.044 0.090 0.090 0.116 0.578 
189    (0)   :  0.005 0.005 0.016 0.053 0.123 0.240 0.301 0.113 0.145 
190    (0)   :  0.008 0.004 0.012 0.196 0.149 0.060 0.263 0.069 0.239 
191    (0)   :  0.006 0.005 0.037 0.025 0.089 0.085 0.131 0.089 0.535 
192    (0)   :  0.005 0.005 0.017 0.023 0.117 0.104 0.260 0.125 0.344 
193    (0)   :  0.007 0.005 0.012 0.037 0.103 0.117 0.261 0.107 0.351 
194    (0)   :  0.005 0.005 0.017 0.044 0.082 0.094 0.343 0.123 0.285 
195    (0)   :  0.005 0.005 0.036 0.067 0.212 0.069 0.275 0.070 0.261 
196    (0)   :  0.008 0.005 0.013 0.078 0.137 0.079 0.226 0.094 0.362 
197    (0)   :  0.005 0.007 0.014 0.051 0.181 0.149 0.114 0.159 0.318 
198    (0)   :  0.005 0.005 0.014 0.051 0.093 0.161 0.234 0.165 0.273 
199    (0)   :  0.006 0.005 0.011 0.080 0.073 0.084 0.378 0.098 0.265 
200    (0)   :  0.009 0.005 0.013 0.090 0.135 0.132 0.188 0.099 0.329 
201    (0)   :  0.004 0.005 0.016 0.038 0.361 0.081 0.167 0.078 0.250 
202    (0)   :  0.005 0.005 0.010 0.062 0.152 0.067 0.439 0.090 0.170 
203    (0)   :  0.006 0.005 0.023 0.030 0.342 0.070 0.161 0.074 0.289 
204    (0)   :  0.006 0.005 0.046 0.056 0.105 0.065 0.239 0.074 0.403 
205    (0)   :  0.006 0.005 0.027 0.066 0.089 0.092 0.200 0.099 0.417 
206    (0)   :  0.005 0.006 0.035 0.039 0.127 0.076 0.174 0.072 0.466 
207    (0)   :  0.006 0.004 0.015 0.043 0.061 0.069 0.192 0.091 0.519 
208    (0)   :  0.005 0.005 0.015 0.045 0.257 0.074 0.125 0.081 0.393 
209    (0)   :  0.007 0.005 0.019 0.035 0.092 0.089 0.204 0.096 0.454 
210    (0)   :  0.006 0.004 0.035 0.034 0.140 0.075 0.175 0.088 0.442 
211    (0)   :  0.011 0.006 0.008 0.075 0.110 0.068 0.233 0.107 0.381 
212    (0)   :  0.005 0.005 0.012 0.058 0.202 0.096 0.377 0.080 0.165 
213    (0)   :  0.007 0.005 0.013 0.092 0.069 0.093 0.266 0.165 0.290 
214    (0)   :  0.006 0.005 0.012 0.035 0.198 0.076 0.350 0.077 0.241 
215    (0)   :  0.006 0.004 0.019 0.043 0.083 0.084 0.122 0.095 0.543 
216    (0)   :  0.005 0.007 0.013 0.032 0.067 0.147 0.161 0.117 0.450 
217    (0)   :  0.005 0.005 0.016 0.045 0.205 0.093 0.314 0.078 0.239 
218    (0)   :  0.005 0.005 0.026 0.029 0.104 0.091 0.183 0.104 0.453 
219    (0)   :  0.005 0.010 0.016 0.036 0.169 0.176 0.211 0.105 0.272 
220    (0)   :  0.006 0.004 0.044 0.030 0.087 0.069 0.136 0.081 0.542 
221    (0)   :  0.006 0.004 0.010 0.049 0.096 0.064 0.578 0.068 0.125 
222    (0)   :  0.005 0.009 0.016 0.032 0.091 0.180 0.210 0.121 0.336 
223    (0)   :  0.005 0.005 0.016 0.039 0.258 0.129 0.194 0.104 0.251 
224    (0)   :  0.005 0.005 0.026 0.030 0.177 0.076 0.250 0.074 0.355 
225    (0)   :  0.005 0.005 0.026 0.059 0.104 0.083 0.251 0.090 0.377 
226    (0)   :  0.006 0.006 0.019 0.035 0.105 0.219 0.205 0.102 0.302 
227    (0)   :  0.005 0.005 0.019 0.112 0.160 0.069 0.265 0.097 0.267 
228    (0)   :  0.008 0.005 0.032 0.159 0.207 0.064 0.235 0.067 0.223 
229    (0)   :  0.005 0.005 0.041 0.023 0.166 0.077 0.269 0.082 0.332 
230    (0)   :  0.006 0.005 0.039 0.024 0.132 0.070 0.243 0.079 0.402 
231    (0)   :  0.006 0.005 0.031 0.026 0.215 0.101 0.181 0.082 0.354 
232    (0)   :  0.006 0.005 0.014 0.047 0.080 0.104 0.387 0.134 0.222 
233    (0)   :  0.005 0.005 0.012 0.027 0.381 0.077 0.188 0.078 0.227 
234    (0)   :  0.005 0.004 0.013 0.027 0.150 0.135 0.172 0.120 0.374 
235    (0)   :  0.005 0.005 0.016 0.045 0.120 0.114 0.326 0.101 0.267 
236    (0)   :  0.005 0.005 0.012 0.028 0.205 0.100 0.246 0.090 0.310 
237    (0)   :  0.006 0.005 0.022 0.059 0.091 0.078 0.166 0.089 0.484 
238    (0)   :  0.005 0.005 0.012 0.034 0.174 0.084 0.362 0.100 0.226 
239    (0)   :  0.005 0.005 0.036 0.067 0.212 0.069 0.273 0.070 0.263 
240    (0)   :  0.005 0.005 0.012 0.033 0.174 0.084 0.360 0.099 0.228 
241    (0)   :  0.006 0.006 0.013 0.041 0.135 0.082 0.449 0.080 0.191 
242    (0)   :  0.006 0.006 0.048 0.051 0.121 0.142 0.240 0.102 0.286 
243    (0)   :  0.008 0.004 0.013 0.087 0.150 0.066 0.215 0.075 0.383 
244    (0)   :  0.006 0.005 0.027 0.027 0.209 0.073 0.233 0.073 0.348 
245    (0)   :  0.005 0.005 0.012 0.047 0.341 0.074 0.280 0.092 0.144 
246    (0)   :  0.005 0.005 0.016 0.044 0.206 0.092 0.314 0.077 0.241 
247    (0)   :  0.006 0.004 0.015 0.045 0.052 0.129 0.129 0.228 0.393 
248    (0)   :  0.005 0.004 0.010 0.041 0.064 0.082 0.099 0.099 0.595 
249    (0)   :  0.006 0.005 0.018 0.029 0.121 0.073 0.362 0.085 0.301 
250    (0)   :  0.005 0.005 0.019 0.025 0.129 0.093 0.256 0.097 0.371 
251    (0)   :  0.008 0.005 0.014 0.046 0.099 0.202 0.160 0.124 0.341 
252    (0)   :  0.005 0.005 0.028 0.055 0.129 0.093 0.303 0.096 0.286 
253    (0)   :  0.005 0.005 0.012 0.061 0.065 0.128 0.247 0.155 0.324 
254    (0)   :  0.005 0.008 0.017 0.037 0.125 0.136 0.167 0.103 0.403 
255    (0)   :  0.005 0.005 0.020 0.033 0.120 0.103 0.241 0.104 0.368 
256    (0)   :  0.006 0.005 0.014 0.041 0.114 0.088 0.356 0.086 0.291 
257    (0)   :  0.007 0.008 0.023 0.039 0.102 0.090 0.226 0.104 0.401 
258    (0)   :  0.006 0.004 0.013 0.103 0.117 0.105 0.151 0.133 0.367 
259    (0)   :  0.005 0.005 0.016 0.027 0.081 0.087 0.216 0.090 0.473 
260    (0)   :  0.005 0.008 0.014 0.028 0.174 0.151 0.233 0.110 0.278 
261    (0)   :  0.005 0.005 0.016 0.075 0.202 0.096 0.290 0.087 0.224 
262    (0)   :  0.006 0.004 0.014 0.089 0.161 0.072 0.383 0.069 0.202 
263    (0)   :  0.006 0.007 0.035 0.035 0.080 0.086 0.120 0.083 0.548 
264    (0)   :  0.006 0.012 0.010 0.035 0.044 0.284 0.099 0.122 0.389 
265    (0)   :  0.005 0.005 0.019 0.039 0.173 0.122 0.173 0.097 0.368 
266    (0)   :  0.006 0.005 0.011 0.058 0.189 0.065 0.449 0.068 0.149 
267    (0)   :  0.006 0.005 0.011 0.038 0.135 0.101 0.246 0.103 0.354 
268    (0)   :  0.007 0.004 0.013 0.078 0.137 0.079 0.226 0.094 0.362 
269    (0)   :  0.005 0.005 0.016 0.034 0.186 0.227 0.177 0.108 0.243 
270    (0)   :  0.005 0.007 0.021 0.031 0.070 0.115 0.126 0.115 0.510 
271    (0)   :  0.007 0.005 0.014 0.052 0.094 0.100 0.154 0.110 0.464 
272    (0)   :  0.009 0.006 0.018 0.056 0.100 0.180 0.165 0.106 0.360 
273    (0)   :  0.016 0.023 0.071 0.033 0.126 0.131 0.201 0.138 0.260 
274    (0)   :  0.005 0.005 0.015 0.034 0.100 0.134 0.188 0.110 0.408 
275    (0)   :  0.009 0.009 0.056 0.036 0.120 0.132 0.162 0.091 0.386 
276    (0)   :  0.009 0.006 0.014 0.055 0.063 0.156 0.228 0.111 0.358 
277    (0)   :  0.005 0.005 0.016 0.032 0.146 0.133 0.278 0.104 0.282 
278    (0)   :  0.006 0.004 0.014 0.057 0.117 0.087 0.122 0.090 0.502 
279    (0)   :  0.005 0.005 0.015 0.033 0.116 0.115 0.238 0.100 0.374 
280    (0)   :  0.005 0.005 0.014 0.048 0.125 0.170 0.214 0.097 0.322 
281    (0)   :  0.005 0.005 0.016 0.036 0.099 0.105 0.189 0.132 0.413 
282    (0)   :  0.005 0.005 0.013 0.027 0.254 0.114 0.257 0.095 0.231 
283    (0)   :  0.005 0.005 0.019 0.032 0.282 0.078 0.274 0.090 0.215 
284    (0)   :  0.007 0.004 0.021 0.035 0.143 0.103 0.217 0.119 0.351 
285    (0)   :  0.007 0.004 0.012 0.065 0.044 0.103 0.096 0.108 0.560 
286    (0)   :  0.006 0.005 0.028 0.027 0.209 0.072 0.232 0.074 0.346 
287    (0)   :  0.005 0.006 0.019 0.034 0.127 0.142 0.223 0.140 0.305 
288    (0)   :  0.006 0.006 0.032 0.034 0.091 0.156 0.160 0.096 0.418 
289    (0)   :  0.009 0.008 0.037 0.049 0.082 0.112 0.144 0.124 0.436 
290    (0)   :  0.015 0.009 0.011 0.063 0.065 0.169 0.246 0.093 0.329 
291    (0)   :  0.007 0.005 0.013 0.051 0.095 0.100 0.152 0.110 0.467 
292    (0)   :  0.005 0.005 0.013 0.099 0.127 0.144 0.294 0.092 0.220 
293    (0)   :  0.013 0.007 0.008 0.091 0.069 0.229 0.153 0.113 0.317 
294    (0)   :  0.006 0.008 0.047 0.055 0.062 0.087 0.163 0.087 0.484 
295    (0)   :  0.012 0.007 0.041 0.072 0.072 0.149 0.200 0.127 0.320 
296    (0)   :  0.007 0.005 0.021 0.040 0.100 0.079 0.146 0.102 0.500 
297    (0)   :  0.005 0.006 0.022 0.037 0.079 0.160 0.203 0.106 0.382 
298    (0)   :  0.005 0.005 0.020 0.023 0.161 0.107 0.285 0.105 0.289 
299    (0)   :  0.005 0.009 0.051 0.028 0.081 0.097 0.150 0.090 0.490 
300    (0)   :  0.007 0.005 0.037 0.040 0.056 0.092 0.143 0.085 0.535 
301    (0)   :  0.006 0.007 0.020 0.029 0.069 0.145 0.127 0.098 0.499 
302    (0)   :  0.008 0.007 0.035 0.087 0.071 0.090 0.138 0.085 0.479 
303    (0)   :  0.007 0.005 0.026 0.036 0.164 0.103 0.282 0.085 0.293 
304    (0)   :  0.006 0.009 0.022 0.025 0.256 0.143 0.167 0.160 0.212 
305    (0)   :  0.006 0.005 0.044 0.054 0.139 0.079 0.257 0.072 0.343 
306    (0)   :  0.005 0.005 0.015 0.035 0.134 0.111 0.402 0.087 0.205 
307    (0)   :  0.006 0.006 0.012 0.028 0.093 0.116 0.281 0.100 0.359 
308    (0)   :  0.005 0.005 0.016 0.074 0.202 0.096 0.292 0.087 0.223 
309    (0)   :  0.023 0.016 0.078 0.045 0.095 0.078 0.120 0.107 0.437 
310    (0)   :  0.006 0.005 0.015 0.052 0.159 0.073 0.280 0.076 0.336 
311    (0)   :  0.006 0.005 0.039 0.024 0.132 0.070 0.243 0.079 0.404 
312    (0)   :  0.006 0.005 0.038 0.038 0.091 0.067 0.141 0.092 0.523 
313    (0)   :  0.006 0.005 0.016 0.107 0.058 0.072 0.138 0.085 0.513 
314    (0)   :  0.008 0.005 0.125 0.052 0.275 0.078 0.292 0.072 0.093 
315    (0)   :  0.005 0.005 0.137 0.058 0.324 0.107 0.194 0.081 0.089 
316    (0)   :  0.005 0.006 0.273 0.031 0.262 0.119 0.131 0.083 0.089 
317    (0)   :  0.007 0.006 0.135 0.029 0.330 0.085 0.243 0.073 0.092 
318    (0)   :  0.005 0.005 0.269 0.021 0.315 0.087 0.138 0.074 0.085 
319    (0)   :  0.005 0.006 0.011 0.027 0.412 0.075 0.293 0.072 0.100 
320    (0)   :  0.007 0.005 0.123 0.053 0.278 0.078 0.290 0.073 0.093 
321    (0)   :  0.006 0.005 0.261 0.025 0.208 0.086 0.247 0.074 0.088 
322    (0)   :  0.007 0.007 0.119 0.057 0.273 0.118 0.235 0.085 0.098 
323    (0)   :  0.005 0.015 0.090 0.022 0.437 0.086 0.179 0.075 0.092 
324    (0)   :  0.006 0.005 0.260 0.025 0.209 0.086 0.247 0.074 0.088 
325    (0)   :  0.005 0.005 0.346 0.027 0.220 0.110 0.122 0.081 0.085 
326    (0)   :  0.005 0.006 0.455 0.027 0.117 0.102 0.126 0.081 0.082 
327    (0)   :  0.007 0.006 0.134 0.029 0.331 0.084 0.244 0.073 0.092 
328    (0)   :  0.005 0.005 0.158 0.039 0.214 0.115 0.279 0.083 0.101 
329    (0)   :  0.004 0.005 0.026 0.021 0.461 0.083 0.238 0.073 0.088 
330    (0)   :  0.007 0.006 0.137 0.029 0.327 0.083 0.245 0.073 0.092 
331    (0)   :  0.004 0.005 0.086 0.021 0.460 0.083 0.172 0.073 0.096 
332    (0)   :  0.005 0.008 0.446 0.026 0.118 0.106 0.126 0.080 0.083 
333    (0)   :  0.005 0.006 0.353 0.029 0.151 0.101 0.177 0.081 0.098 
334    (0)   :  0.005 0.005 0.156 0.040 0.213 0.116 0.281 0.082 0.101 
335    (0)   :  0.005 0.005 0.058 0.050 0.318 0.113 0.275 0.083 0.093 
336    (0)   :  0.005 0.009 0.380 0.035 0.142 0.080 0.191 0.074 0.084 
337    (0)   :  0.006 0.005 0.320 0.037 0.146 0.110 0.208 0.080 0.088 
338    (0)   :  0.005 0.005 0.416 0.020 0.159 0.085 0.151 0.074 0.085 
339    (0)   :  0.004 0.005 0.087 0.021 0.461 0.083 0.170 0.074 0.095 
340    (0)   :  0.004 0.005 0.031 0.022 0.537 0.076 0.160 0.071 0.093 
341    (0)   :  0.006 0.012 0.184 0.022 0.310 0.081 0.212 0.074 0.099 
342    (0)   :  0.007 0.006 0.135 0.029 0.327 0.084 0.246 0.073 0.092 
343    (0)   :  0.006 0.011 0.126 0.075 0.174 0.105 0.336 0.080 0.087 
344    (0)   :  0.004 0.005 0.085 0.020 0.470 0.083 0.171 0.073 0.087 
345    (0)   :  0.007 0.006 0.133 0.029 0.330 0.084 0.244 0.074 0.093 
346    (0)   :  0.006 0.006 0.132 0.023 0.449 0.085 0.138 0.073 0.088 
347    (0)   :  0.005 0.005 0.029 0.022 0.545 0.076 0.161 0.072 0.085 
348    (0)   :  0.005 0.005 0.051 0.092 0.262 0.098 0.317 0.078 0.092 
349    (0)   :  0.007 0.006 0.134 0.029 0.328 0.083 0.246 0.074 0.093 
350    (0)   :  0.005 0.005 0.021 0.035 0.471 0.077 0.213 0.073 0.100 
351    (0)   :  0.006 0.005 0.057 0.049 0.319 0.113 0.278 0.082 0.092 
352    (0)   :  0.007 0.005 0.191 0.049 0.239 0.113 0.218 0.082 0.096 
353    (0)   :  0.005 0.009 0.378 0.035 0.144 0.080 0.191 0.074 0.083 
354    (0)   :  0.006 0.007 0.088 0.021 0.442 0.085 0.186 0.075 0.090 
355    (0)   :  0.005 0.005 0.269 0.021 0.315 0.087 0.140 0.074 0.085 
356    (0)   :  0.005 0.004 0.013 0.086 0.182 0.098 0.442 0.078 0.091 
357    (0)   :  0.005 0.005 0.017 0.034 0.316 0.273 0.135 0.107 0.109 
358    (0)   :  0.005 0.005 0.352 0.027 0.163 0.105 0.180 0.080 0.085 
359    (0)   :  0.004 0.005 0.294 0.021 0.211 0.082 0.211 0.074 0.098 
360    (0)   :  0.006 0.006 0.130 0.023 0.453 0.084 0.138 0.073 0.088 
361    (0)   :  0.006 0.005 0.015 0.046 0.182 0.265 0.255 0.108 0.118 
362    (0)   :  0.008 0.006 0.032 0.038 0.068 0.248 0.128 0.210 0.262 
363    (0)   :  0.009 0.008 0.014 0.039 0.052 0.240 0.109 0.300 0.228 
364    (0)   :  0.010 0.021 0.017 0.037 0.145 0.221 0.241 0.128 0.180 
365    (0)   :  0.017 0.017 0.014 0.036 0.057 0.345 0.118 0.188 0.207 
366    (0)   :  0.010 0.006 0.015 0.107 0.086 0.275 0.178 0.102 0.222 
367    (0)   :  0.006 0.005 0.009 0.027 0.041 0.168 0.078 0.548 0.117 
368    (0)   :  0.005 0.006 0.013 0.025 0.059 0.146 0.132 0.220 0.395 
369    (0)   :  0.015 0.009 0.038 0.077 0.060 0.173 0.320 0.129 0.180 
370    (0)   :  0.012 0.014 0.042 0.031 0.062 0.137 0.139 0.228 0.335 
371    (0)   :  0.011 0.013 0.041 0.039 0.070 0.181 0.168 0.134 0.342 
372    (0)   :  0.025 0.036 0.044 0.035 0.080 0.100 0.140 0.164 0.376 
373    (0)   :  0.007 0.007 0.012 0.032 0.076 0.150 0.202 0.345 0.169 
374    (0)   :  0.015 0.007 0.021 0.028 0.087 0.215 0.283 0.167 0.178 
375    (0)   :  0.011 0.019 0.019 0.027 0.049 0.218 0.098 0.293 0.267 
376    (0)   :  0.010 0.130 0.011 0.028 0.044 0.370 0.095 0.207 0.104 
377    (0)   :  0.008 0.007 0.027 0.042 0.071 0.225 0.100 0.143 0.377 
378    (0)   :  0.008 0.005 0.037 0.034 0.129 0.099 0.150 0.382 0.155 
379    (0)   :  0.016 0.217 0.012 0.032 0.041 0.264 0.087 0.215 0.117 
380    (0)   :  0.012 0.012 0.020 0.059 0.082 0.343 0.234 0.098 0.140 
381    (0)   :  0.009 0.011 0.012 0.074 0.064 0.366 0.264 0.091 0.108 
382    (0)   :  0.005 0.005 0.018 0.022 0.058 0.332 0.094 0.277 0.188 
383    (0)   :  0.009 0.012 0.188 0.029 0.076 0.346 0.098 0.087 0.155 
384    (0)   :  0.018 0.068 0.080 0.030 0.093 0.234 0.125 0.189 0.163 
385    (0)   :  0.100 0.008 0.153 0.023 0.085 0.163 0.116 0.157 0.197 
386    (0)   :  0.005 0.005 0.010 0.029 0.050 0.287 0.108 0.335 0.171 
387    (0)   :  0.006 0.005 0.009 0.038 0.078 0.302 0.092 0.303 0.167 
388    (0)   :  0.020 0.017 0.028 0.025 0.123 0.192 0.197 0.186 0.211 
389    (0)   :  0.022 0.010 0.023 0.071 0.054 0.097 0.110 0.116 0.498 
390    (0)   :  0.021 0.020 0.024 0.100 0.049 0.172 0.119 0.374 0.122 
391    (0)   :  0.033 0.015 0.019 0.063 0.062 0.146 0.181 0.241 0.239 
392    (0)   :  0.006 0.010 0.011 0.041 0.109 0.303 0.137 0.213 0.171 
393    (0)   :  0.012 0.009 0.014 0.092 0.072 0.400 0.174 0.124 0.102 
394    (0)   :  0.005 0.005 0.052 0.037 0.134 0.186 0.170 0.256 0.156 
395    (0)   :  0.006 0.004 0.010 0.083 0.065 0.242 0.115 0.188 0.286 
396    (0)   :  0.005 0.006 0.009 0.025 0.040 0.204 0.087 0.352 0.271 
397    (0)   :  0.006 0.101 0.019 0.034 0.092 0.149 0.217 0.106 0.277 
398    (0)   :  0.007 0.041 0.010 0.040 0.044 0.305 0.091 0.346 0.116 
399    (0)   :  0.009 0.005 0.018 0.044 0.050 0.151 0.115 0.434 0.175 
400    (0)   :  0.007 0.007 0.010 0.031 0.055 0.225 0.172 0.373 0.120 
401    (0)   :  0.007 0.005 0.008 0.077 0.075 0.110 0.146 0.421 0.151 
402    (0)   :  0.006 0.008 0.013 0.095 0.075 0.177 0.146 0.259 0.221 
403    (0)   :  0.014 0.008 0.013 0.036 0.245 0.154 0.197 0.159 0.174 
404    (0)   :  0.013 0.008 0.011 0.025 0.061 0.247 0.187 0.153 0.294 
405    (0)   :  0.005 0.005 0.012 0.043 0.068 0.307 0.169 0.155 0.236 
406    (0)   :  0.006 0.005 0.009 0.125 0.067 0.323 0.236 0.090 0.139 
407    (0)   :  0.006 0.005 0.008 0.026 0.040 0.503 0.093 0.172 0.148 
408    (0)   :  0.005 0.004 0.009 0.102 0.039 0.086 0.095 0.409 0.250 
409    (0)   :  0.017 0.010 0.015 0.068 0.059 0.200 0.407 0.114 0.109 
410    (0)   :  0.010 0.088 0.019 0.046 0.080 0.175 0.134 0.301 0.146 
411    (0)   :  0.007 0.023 0.052 0.078 0.084 0.328 0.117 0.182 0.129 
412    (0)   :  0.005 0.005 0.014 0.024 0.057 0.188 0.119 0.270 0.318 
413    (0)   :  0.005 0.005 0.033 0.027 0.123 0.142 0.139 0.295 0.231 
414    (0)   :  0.007 0.005 0.019 0.024 0.049 0.178 0.070 0.296 0.352 
415    (0)   :  0.008 0.006 0.009 0.067 0.045 0.370 0.145 0.191 0.160 
416    (0)   :  0.016 0.006 0.012 0.064 0.061 0.159 0.223 0.316 0.142 
417    (0)   :  0.006 0.006 0.017 0.036 0.045 0.382 0.109 0.250 0.148 
418    (0)   :  0.005 0.007 0.011 0.023 0.046 0.158 0.096 0.458 0.196 
419    (0)   :  0.021 0.012 0.014 0.045 0.109 0.177 0.221 0.221 0.180 
420    (0)   :  0.007 0.004 0.008 0.134 0.042 0.106 0.140 0.421 0.137 
421    (0)   :  0.006 0.007 0.018 0.034 0.046 0.203 0.128 0.318 0.239 
422    (0)   :  0.007 0.006 0.010 0.071 0.052 0.255 0.130 0.133 0.335 
423    (0)   :  0.006 0.008 0.011 0.042 0.086 0.331 0.101 0.181 0.233 
424    (0)   :  0.014 0.007 0.012 0.135 0.073 0.172 0.126 0.324 0.136 
425    (0)   :  0.027 0.022 0.015 0.034 0.097 0.232 0.127 0.196 0.250 
426    (0)   :  0.021 0.031 0.061 0.038 0.074 0.213 0.138 0.272 0.151 
427    (0)   :  0.007 0.005 0.024 0.032 0.127 0.349 0.084 0.275 0.097 
428    (0)   :  0.007 0.020 0.013 0.075 0.102 0.304 0.202 0.119 0.158 
429    (0)   :  0.006 0.006 0.009 0.025 0.040 0.351 0.081 0.356 0.126 
430    (0)   :  0.007 0.005 0.012 0.041 0.045 0.438 0.106 0.185 0.161 
431    (0)   :  0.011 0.009 0.025 0.031 0.084 0.156 0.128 0.280 0.274 
432    (0)   :  0.005 0.006 0.012 0.027 0.063 0.153 0.143 0.263 0.329 
433    (0)   :  0.005 0.008 0.012 0.038 0.137 0.111 0.262 0.143 0.284 
434    (0)   :  0.007 0.006 0.014 0.038 0.074 0.230 0.228 0.136 0.267 
435    (0)   :  0.005 0.005 0.009 0.046 0.043 0.442 0.085 0.239 0.126 
436    (0)   :  0.008 0.007 0.010 0.062 0.051 0.399 0.145 0.245 0.073 
437    (0)   :  0.005 0.008 0.010 0.031 0.046 0.510 0.089 0.140 0.162 
438    (0)   :  0.008 0.006 0.014 0.141 0.051 0.281 0.190 0.213 0.097 
439    (0)   :  0.007 0.005 0.011 0.034 0.047 0.501 0.116 0.197 0.084 
440    (0)   :  0.006 0.004 0.008 0.042 0.037 0.473 0.073 0.254 0.104 
441    (0)   :  0.007 0.005 0.016 0.037 0.066 0.372 0.189 0.191 0.117 
442    (0)   :  0.018 0.007 0.008 0.045 0.041 0.295 0.122 0.273 0.192 
443    (0)   :  0.008 0.004 0.009 0.151 0.039 0.159 0.093 0.421 0.115 
444    (0)   :  0.016 0.006 0.009 0.063 0.041 0.365 0.113 0.221 0.166 
445    (0)   :  0.010 0.046 0.011 0.073 0.056 0.272 0.288 0.141 0.103 
446    (0)   :  0.009 0.048 0.011 0.032 0.045 0.288 0.103 0.385 0.079 
447    (0)   :  0.017 0.006 0.011 0.082 0.062 0.325 0.179 0.180 0.138 
448    (0)   :  0.005 0.005 0.010 0.043 0.047 0.381 0.104 0.233 0.171 
449    (0)   :  0.006 0.005 0.011 0.038 0.062 0.373 0.154 0.188 0.163 
450    (0)   :  0.007 0.009 0.012 0.023 0.070 0.367 0.154 0.244 0.115 
451    (0)   :  0.005 0.005 0.009 0.043 0.038 0.178 0.072 0.422 0.229 
452    (0)   :  0.006 0.006 0.010 0.026 0.068 0.353 0.142 0.283 0.105 
453    (0)   :  0.009 0.005 0.011 0.209 0.048 0.129 0.210 0.221 0.158 
454    (0)   :  0.005 0.005 0.028 0.036 0.072 0.399 0.129 0.189 0.136 
455    (0)   :  0.006 0.005 0.011 0.094 0.042 0.396 0.111 0.248 0.087 
456    (0)   :  0.007 0.006 0.009 0.154 0.040 0.339 0.099 0.216 0.130 
457    (0)   :  0.005 0.006 0.010 0.033 0.046 0.532 0.103 0.134 0.131 
458    (0)   :  0.010 0.047 0.011 0.032 0.048 0.378 0.129 0.244 0.101 
459    (0)   :  0.007 0.005 0.011 0.039 0.062 0.270 0.187 0.339 0.081 
460    (0)   :  0.007 0.005 0.010 0.040 0.043 0.253 0.093 0.460 0.089 
461    (0)   :  0.006 0.006 0.009 0.022 0.044 0.169 0.091 0.563 0.090 
462    (0)   :  0.064 0.009 0.011 0.072 0.036 0.291 0.076 0.233 0.207 
463    (0)   :  0.007 0.004 0.012 0.269 0.051 0.249 0.151 0.127 0.129 
464    (0)   :  0.005 0.004 0.009 0.092 0.040 0.194 0.101 0.453 0.101 
465    (0)   :  0.007 0.007 0.010 0.054 0.046 0.196 0.136 0.393 0.151 
466    (0)   :  0.005 0.004 0.009 0.178 0.041 0.196 0.112 0.318 0.135 
467    (0)   :  0.011 0.006 0.016 0.060 0.056 0.270 0.161 0.265 0.156 
468    (0)   :  0.005 0.005 0.009 0.106 0.041 0.497 0.101 0.122 0.115 
469    (0)   :  0.007 0.005 0.010 0.039 0.044 0.579 0.096 0.140 0.081 
470    (0)   :  0.005 0.005 0.009 0.042 0.043 0.413 0.087 0.297 0.098 
471    (0)   :  0.009 0.006 0.009 0.110 0.047 0.196 0.118 0.287 0.217 
472    (0)   :  0.008 0.006 0.010 0.076 0.044 0.258 0.157 0.262 0.179 
473    (0)   :  0.005 0.005 0.013 0.049 0.063 0.355 0.146 0.153 0.211 
474    (0)   :  0.006 0.006 0.010 0.052 0.061 0.297 0.174 0.287 0.107 
475    (0)   :  0.006 0.005 0.010 0.042 0.065 0.182 0.198 0.356 0.136 
476    (0)   :  0.007 0.007 0.011 0.056 0.045 0.440 0.128 0.217 0.090 
477    (0)   :  0.009 0.006 0.012 0.061 0.052 0.199 0.162 0.374 0.124 
478    (0)   :  0.010 0.007 0.011 0.035 0.042 0.131 0.080 0.577 0.107 
479    (0)   :  0.005 0.005 0.009 0.033 0.042 0.439 0.083 0.285 0.098 
480    (0)   :  0.005 0.006 0.010 0.028 0.045 0.555 0.095 0.164 0.092 
481    (0)   :  0.007 0.006 0.008 0.035 0.045 0.234 0.108 0.208 0.350 
482    (0)   :  0.005 0.006 0.008 0.024 0.042 0.424 0.086 0.312 0.092 
483    (0)   :  0.006 0.006 0.013 0.037 0.048 0.438 0.116 0.248 0.087 
484    (0)   :  0.010 0.005 0.011 0.136 0.047 0.378 0.127 0.145 0.140 
485    (0)   :  0.007 0.005 0.012 0.054 0.044 0.479 0.090 0.224 0.085 
486    (0)   :  0.012 0.008 0.011 0.075 0.060 0.146 0.136 0.186 0.367 
487    (0)   :  0.009 0.009 0.012 0.053 0.141 0.188 0.159 0.150 0.279 
488    (0)   :  0.017 0.008 0.011 0.044 0.141 0.122 0.094 0.217 0.346 
489    (0)   :  0.008 0.008 0.012 0.055 0.069 0.175 0.270 0.100 0.303 
490    (0)   :  0.007 0.006 0.009 0.089 0.047 0.167 0.095 0.348 0.231 
491    (0)   :  0.014 0.006 0.012 0.033 0.073 0.105 0.239 0.102 0.417 
492    (0)   :  0.013 0.005 0.011 0.071 0.214 0.096 0.175 0.257 0.159 
493    (0)   :  0.012 0.010 0.011 0.050 0.128 0.132 0.076 0.120 0.462 
494    (0)   :  0.016 0.025 0.011 0.042 0.071 0.135 0.241 0.139 0.320 
495    (0)   :  0.053 0.024 0.012 0.090 0.151 0.097 0.140 0.287 0.147 
496    (0)   :  0.005 0.005 0.013 0.044 0.087 0.118 0.412 0.125 0.192 
497    (0)   :  0.024 0.014 0.017 0.034 0.123 0.131 0.125 0.095 0.438 
498    (0)   :  0.026 0.009 0.011 0.060 0.043 0.153 0.197 0.209 0.292 
499    (0)   :  0.008 0.018 0.013 0.046 0.157 0.143 0.227 0.104 0.284 
500    (0)   :  0.006 0.014 0.011 0.042 0.087 0.228 0.108 0.117 0.387 
501    (0)   :  0.007 0.010 0.011 0.026 0.094 0.180 0.260 0.191 0.222 
502    (0)   :  0.011 0.008 0.010 0.023 0.112 0.129 0.271 0.245 0.191 
503    (0)   :  0.006 0.007 0.010 0.036 0.058 0.280 0.131 0.174 0.298 
504    (0)   :  0.025 0.007 0.010 0.060 0.052 0.114 0.150 0.314 0.268 
505    (0)   :  0.008 0.007 0.009 0.049 0.068 0.102 0.255 0.127 0.375 
506    (0)   :  0.013 0.007 0.011 0.029 0.097 0.104 0.280 0.228 0.232 
507    (0)   :  0.005 0.007 0.013 0.056 0.177 0.078 0.440 0.076 0.148 
508    (0)   :  0.008 0.011 0.014 0.080 0.231 0.074 0.301 0.088 0.193 
509    (0)   :  0.006 0.007 0.011 0.050 0.134 0.104 0.246 0.122 0.321 
510    (0)   :  0.006 0.023 0.011 0.034 0.159 0.145 0.255 0.142 0.223 
511    (0)   :  0.012 0.011 0.011 0.042 0.054 0.225 0.163 0.265 0.217 
512    (0)   :  0.007 0.007 0.009 0.024 0.046 0.268 0.095 0.325 0.219 
513    (0)   :  0.151 0.008 0.012 0.072 0.073 0.063 0.113 0.133 0.374 
514    (0)   :  0.006 0.007 0.016 0.034 0.100 0.106 0.114 0.387 0.230 
515    (0)   :  0.009 0.010 0.011 0.087 0.170 0.289 0.130 0.126 0.169 
516    (0)   :  0.007 0.008 0.011 0.072 0.058 0.098 0.189 0.234 0.323 
517    (0)   :  0.006 0.007 0.013 0.127 0.123 0.168 0.185 0.196 0.174 
518    (0)   :  0.006 0.068 0.016 0.026 0.189 0.171 0.151 0.116 0.257 
519    (0)   :  0.008 0.006 0.010 0.037 0.068 0.116 0.188 0.398 0.169 
520    (0)   :  0.006 0.007 0.013 0.143 0.156 0.210 0.236 0.091 0.137 
521    (0)   :  0.005 0.005 0.161 0.037 0.123 0.096 0.172 0.178 0.224 
522    (0)   :  0.008 0.025 0.011 0.176 0.086 0.299 0.087 0.142 0.167 
523    (0)   :  0.006 0.007 0.028 0.222 0.115 0.113 0.213 0.162 0.133 
524    (0)   :  0.005 0.007 0.013 0.107 0.113 0.282 0.119 0.153 0.200 
525    (0)   :  0.006 0.077 0.016 0.058 0.150 0.208 0.211 0.106 0.167 
