

----------------------------------------------------
STRUCTURE by Pritchard, Stephens and Donnelly (2000)
     and Falush, Stephens and Pritchard (2003)
       Code by Pritchard, Falush and Hubisz
             Version 2.3.4 (Jul 2012)
----------------------------------------------------



Command line arguments:   ./structure -K 8 -D 108014 -m brooktrout/mainparams -e brooktrout/extraparams -o brooktrout/250914_output/results_K8_rep14 
Input File:    brooktrout/brooktrout.txt

Run parameters:
   8454 individuals
   5 loci
   8 populations assumed
   50000 Burn-in period
   100000 Reps
RANDOMIZE turned off


--------------------------------------------
Overall proportion of membership of the
sample in each of the 8 clusters

Inferred Clusters
  1      2      3      4      5      6      7      8    
0.014  0.013  0.033  0.109  0.211  0.224  0.182  0.213  

--------------------------------------------

Allele-freq. divergence among pops (Net nucleotide distance),
computed using point estimates of P.

      1       2       3       4       5       6       7       8      
 1      -    0.1321  0.2013  0.1822  0.1272  0.1615  0.1704  0.1606  
 2   0.1321     -    0.1381  0.0993  0.1186  0.0895  0.1071  0.1289  
 3   0.2013  0.1381     -    0.1708  0.2041  0.1217  0.1700  0.1318  
 4   0.1822  0.0993  0.1708     -    0.1754  0.0821  0.0990  0.1367  
 5   0.1272  0.1186  0.2041  0.1754     -    0.1646  0.1630  0.1097  
 6   0.1615  0.0895  0.1217  0.0821  0.1646     -    0.0754  0.1027  
 7   0.1704  0.1071  0.1700  0.0990  0.1630  0.0754     -    0.1437  
 8   0.1606  0.1289  0.1318  0.1367  0.1097  0.1027  0.1437     -    

Average distances (expected heterozygosity) between individuals in same cluster:
cluster  1  : 0.7542 
cluster  2  : 0.8130 
cluster  3  : 0.7616 
cluster  4  : 0.7273 
cluster  5  : 0.6985 
cluster  6  : 0.7816 
cluster  7  : 0.7322 
cluster  8  : 0.7772 

--------------------------------------------
Estimated Ln Prob of Data   = -182373.7
Mean value of ln likelihood = -172050.2
Variance of ln likelihood   = 20646.9

Mean value of alpha_1       = 0.0510
Mean value of alpha_2       = 0.0470
Mean value of alpha_3       = 0.1204
Mean value of alpha_4       = 0.4029
Mean value of alpha_5       = 0.7556
Mean value of alpha_6       = 0.8227
Mean value of alpha_7       = 0.6803
Mean value of alpha_8       = 0.8021
Allele frequencies uncorrelated


Inferred ancestry of individuals:
     (%Miss) :  Inferred clusters
  1    (0)   :  0.015 0.009 0.020 0.109 0.256 0.131 0.304 0.157 
  2    (0)   :  0.005 0.006 0.029 0.124 0.112 0.273 0.086 0.365 
  3    (0)   :  0.006 0.010 0.010 0.233 0.205 0.143 0.199 0.193 
  4    (0)   :  0.025 0.015 0.017 0.085 0.433 0.153 0.102 0.170 
  5    (0)   :  0.009 0.008 0.037 0.186 0.110 0.263 0.095 0.293 
  6    (0)   :  0.006 0.007 0.011 0.420 0.111 0.202 0.136 0.107 
  7    (0)   :  0.006 0.010 0.016 0.117 0.102 0.478 0.184 0.087 
  8    (0)   :  0.154 0.025 0.015 0.171 0.213 0.164 0.130 0.128 
  9    (0)   :  0.006 0.013 0.030 0.175 0.168 0.197 0.158 0.253 
 10    (0)   :  0.133 0.011 0.018 0.163 0.140 0.262 0.170 0.104 
 11    (0)   :  0.006 0.006 0.025 0.082 0.094 0.338 0.362 0.088 
 12    (0)   :  0.005 0.007 0.021 0.192 0.170 0.271 0.086 0.247 
 13    (0)   :  0.006 0.009 0.023 0.171 0.168 0.322 0.123 0.178 
 14    (0)   :  0.021 0.006 0.014 0.135 0.141 0.140 0.149 0.396 
 15    (0)   :  0.007 0.009 0.016 0.102 0.278 0.215 0.158 0.214 
 16    (0)   :  0.006 0.006 0.024 0.161 0.131 0.175 0.364 0.134 
 17    (0)   :  0.006 0.014 0.022 0.334 0.149 0.178 0.105 0.191 
 18    (0)   :  0.007 0.017 0.016 0.159 0.177 0.144 0.205 0.275 
 19    (0)   :  0.005 0.007 0.016 0.392 0.135 0.200 0.124 0.122 
 20    (0)   :  0.005 0.007 0.023 0.145 0.162 0.288 0.161 0.208 
 21    (0)   :  0.012 0.007 0.015 0.081 0.232 0.136 0.194 0.323 
 22    (0)   :  0.006 0.011 0.014 0.346 0.174 0.157 0.148 0.145 
 23    (0)   :  0.018 0.013 0.037 0.095 0.260 0.134 0.115 0.329 
 24    (0)   :  0.006 0.007 0.020 0.108 0.270 0.141 0.289 0.159 
 25    (0)   :  0.006 0.008 0.018 0.285 0.081 0.343 0.125 0.134 
 26    (0)   :  0.005 0.013 0.017 0.208 0.231 0.167 0.159 0.200 
 27    (0)   :  0.006 0.009 0.025 0.177 0.166 0.189 0.199 0.229 
 28    (0)   :  0.080 0.007 0.015 0.093 0.282 0.186 0.205 0.131 
 29    (0)   :  0.004 0.005 0.030 0.093 0.132 0.345 0.144 0.245 
 30    (0)   :  0.005 0.006 0.017 0.269 0.136 0.135 0.225 0.207 
 31    (0)   :  0.135 0.014 0.024 0.122 0.112 0.246 0.131 0.215 
 32    (0)   :  0.013 0.006 0.013 0.273 0.237 0.152 0.103 0.203 
 33    (0)   :  0.005 0.007 0.016 0.112 0.212 0.184 0.261 0.205 
 34    (0)   :  0.122 0.008 0.038 0.206 0.095 0.303 0.141 0.087 
 35    (0)   :  0.005 0.019 0.040 0.201 0.101 0.148 0.122 0.363 
 36    (0)   :  0.007 0.006 0.014 0.052 0.097 0.102 0.390 0.332 
 37    (0)   :  0.006 0.012 0.013 0.108 0.225 0.213 0.113 0.309 
 38    (0)   :  0.005 0.006 0.034 0.063 0.079 0.165 0.467 0.181 
 39    (0)   :  0.005 0.010 0.029 0.082 0.117 0.203 0.313 0.241 
 40    (0)   :  0.006 0.005 0.019 0.102 0.140 0.099 0.135 0.496 
 41    (0)   :  0.008 0.009 0.041 0.077 0.094 0.149 0.282 0.341 
 42    (0)   :  0.005 0.006 0.028 0.039 0.338 0.100 0.284 0.200 
 43    (0)   :  0.012 0.012 0.021 0.083 0.138 0.184 0.090 0.462 
 44    (0)   :  0.004 0.010 0.018 0.149 0.083 0.135 0.093 0.509 
 45    (0)   :  0.005 0.006 0.032 0.049 0.080 0.165 0.308 0.356 
 46    (0)   :  0.005 0.017 0.019 0.231 0.110 0.201 0.148 0.270 
 47    (0)   :  0.013 0.027 0.030 0.255 0.146 0.186 0.114 0.229 
 48    (0)   :  0.004 0.010 0.022 0.164 0.086 0.097 0.081 0.535 
 49    (0)   :  0.006 0.014 0.050 0.089 0.128 0.148 0.259 0.306 
 50    (0)   :  0.048 0.016 0.022 0.218 0.106 0.260 0.157 0.172 
 51    (0)   :  0.007 0.005 0.019 0.038 0.085 0.088 0.240 0.519 
 52    (0)   :  0.005 0.013 0.035 0.082 0.145 0.190 0.335 0.195 
 53    (0)   :  0.017 0.009 0.018 0.103 0.115 0.141 0.432 0.166 
 54    (0)   :  0.006 0.012 0.029 0.119 0.151 0.211 0.078 0.394 
 55    (0)   :  0.005 0.009 0.019 0.088 0.107 0.145 0.080 0.547 
 56    (0)   :  0.005 0.008 0.034 0.151 0.139 0.092 0.162 0.410 
 57    (0)   :  0.017 0.026 0.028 0.221 0.271 0.195 0.130 0.112 
 58    (0)   :  0.005 0.007 0.034 0.055 0.118 0.159 0.214 0.407 
 59    (0)   :  0.005 0.007 0.072 0.065 0.122 0.137 0.313 0.279 
 60    (0)   :  0.014 0.006 0.013 0.056 0.164 0.109 0.190 0.448 
 61    (0)   :  0.006 0.005 0.015 0.038 0.142 0.130 0.075 0.589 
 62    (0)   :  0.005 0.017 0.130 0.142 0.143 0.182 0.163 0.219 
 63    (0)   :  0.005 0.005 0.016 0.057 0.173 0.225 0.181 0.336 
 64    (0)   :  0.005 0.009 0.028 0.218 0.095 0.166 0.281 0.199 
 65    (0)   :  0.005 0.007 0.021 0.094 0.078 0.522 0.104 0.168 
 66    (0)   :  0.014 0.006 0.018 0.055 0.206 0.223 0.115 0.363 
 67    (0)   :  0.005 0.008 0.018 0.079 0.089 0.194 0.075 0.532 
 68    (0)   :  0.005 0.008 0.054 0.054 0.143 0.129 0.335 0.272 
 69    (0)   :  0.293 0.006 0.051 0.074 0.076 0.113 0.267 0.121 
 70    (0)   :  0.012 0.005 0.016 0.051 0.127 0.159 0.300 0.331 
 71    (0)   :  0.007 0.007 0.058 0.059 0.070 0.141 0.284 0.374 
 72    (0)   :  0.008 0.007 0.012 0.110 0.086 0.136 0.396 0.244 
 73    (0)   :  0.008 0.006 0.063 0.054 0.079 0.184 0.121 0.483 
 74    (0)   :  0.005 0.005 0.014 0.056 0.165 0.097 0.363 0.294 
 75    (0)   :  0.010 0.007 0.018 0.048 0.163 0.083 0.264 0.407 
 76    (0)   :  0.005 0.007 0.013 0.071 0.108 0.309 0.116 0.372 
 77    (0)   :  0.005 0.006 0.042 0.049 0.088 0.194 0.308 0.308 
 78    (0)   :  0.005 0.006 0.046 0.055 0.092 0.152 0.377 0.267 
 79    (0)   :  0.006 0.006 0.015 0.084 0.114 0.479 0.179 0.116 
 80    (0)   :  0.007 0.006 0.013 0.053 0.478 0.199 0.105 0.139 
 81    (0)   :  0.007 0.007 0.011 0.057 0.396 0.270 0.135 0.117 
 82    (0)   :  0.006 0.007 0.030 0.063 0.184 0.257 0.127 0.326 
 83    (0)   :  0.008 0.006 0.011 0.068 0.267 0.234 0.205 0.200 
 84    (0)   :  0.007 0.006 0.012 0.060 0.264 0.332 0.187 0.132 
 85    (0)   :  0.008 0.006 0.012 0.097 0.302 0.179 0.231 0.164 
 86    (0)   :  0.005 0.009 0.026 0.124 0.106 0.256 0.110 0.364 
 87    (0)   :  0.016 0.007 0.014 0.061 0.115 0.425 0.201 0.160 
 88    (0)   :  0.006 0.007 0.014 0.052 0.312 0.304 0.136 0.169 
 89    (0)   :  0.020 0.009 0.013 0.051 0.330 0.259 0.131 0.188 
 90    (0)   :  0.006 0.006 0.014 0.051 0.135 0.529 0.131 0.129 
 91    (0)   :  0.008 0.006 0.011 0.064 0.431 0.146 0.184 0.150 
 92    (0)   :  0.006 0.007 0.016 0.073 0.176 0.383 0.168 0.172 
 93    (0)   :  0.041 0.006 0.013 0.048 0.544 0.116 0.103 0.128 
 94    (0)   :  0.007 0.006 0.011 0.051 0.104 0.357 0.351 0.112 
 95    (0)   :  0.006 0.006 0.013 0.040 0.249 0.444 0.113 0.128 
 96    (0)   :  0.007 0.005 0.016 0.039 0.221 0.138 0.084 0.490 
 97    (0)   :  0.005 0.008 0.017 0.051 0.180 0.095 0.295 0.348 
 98    (0)   :  0.005 0.005 0.022 0.079 0.124 0.174 0.148 0.443 
 99    (0)   :  0.007 0.006 0.012 0.054 0.248 0.400 0.149 0.125 
100    (0)   :  0.006 0.007 0.015 0.049 0.480 0.119 0.071 0.252 
101    (0)   :  0.064 0.009 0.015 0.062 0.135 0.321 0.171 0.223 
102    (0)   :  0.009 0.007 0.027 0.054 0.331 0.207 0.165 0.200 
103    (0)   :  0.040 0.007 0.018 0.055 0.159 0.323 0.087 0.313 
104    (0)   :  0.013 0.006 0.015 0.057 0.130 0.547 0.092 0.140 
105    (0)   :  0.040 0.007 0.042 0.050 0.158 0.431 0.082 0.190 
106    (0)   :  0.004 0.006 0.014 0.072 0.065 0.486 0.224 0.130 
107    (0)   :  0.021 0.007 0.023 0.062 0.159 0.404 0.088 0.235 
108    (0)   :  0.008 0.005 0.012 0.097 0.090 0.137 0.155 0.496 
109    (0)   :  0.010 0.007 0.162 0.073 0.066 0.292 0.221 0.169 
110    (0)   :  0.008 0.006 0.019 0.070 0.070 0.457 0.268 0.102 
111    (0)   :  0.007 0.007 0.035 0.054 0.098 0.587 0.081 0.131 
112    (0)   :  0.005 0.005 0.233 0.045 0.073 0.346 0.175 0.118 
113    (0)   :  0.011 0.008 0.021 0.097 0.119 0.208 0.153 0.384 
114    (0)   :  0.016 0.005 0.029 0.050 0.156 0.517 0.095 0.133 
115    (0)   :  0.006 0.007 0.044 0.078 0.121 0.392 0.100 0.252 
116    (0)   :  0.005 0.008 0.024 0.064 0.067 0.314 0.285 0.233 
117    (0)   :  0.011 0.010 0.065 0.070 0.091 0.387 0.252 0.113 
118    (0)   :  0.005 0.006 0.044 0.076 0.099 0.368 0.089 0.312 
119    (0)   :  0.008 0.005 0.012 0.044 0.232 0.184 0.126 0.388 
120    (0)   :  0.007 0.007 0.055 0.066 0.125 0.408 0.116 0.216 
121    (0)   :  0.013 0.019 0.107 0.067 0.082 0.322 0.137 0.253 
122    (0)   :  0.011 0.005 0.028 0.067 0.084 0.442 0.222 0.141 
123    (0)   :  0.009 0.006 0.021 0.059 0.110 0.462 0.155 0.177 
124    (0)   :  0.006 0.010 0.047 0.106 0.085 0.267 0.243 0.236 
125    (0)   :  0.007 0.007 0.063 0.109 0.095 0.169 0.425 0.125 
126    (0)   :  0.005 0.005 0.013 0.044 0.120 0.303 0.276 0.234 
127    (0)   :  0.005 0.006 0.027 0.048 0.100 0.577 0.076 0.161 
128    (0)   :  0.005 0.006 0.036 0.065 0.099 0.372 0.088 0.329 
129    (0)   :  0.020 0.008 0.022 0.059 0.072 0.510 0.078 0.232 
130    (0)   :  0.018 0.007 0.048 0.058 0.160 0.467 0.101 0.141 
131    (0)   :  0.019 0.013 0.052 0.073 0.068 0.260 0.343 0.172 
132    (0)   :  0.010 0.006 0.017 0.064 0.068 0.466 0.173 0.195 
133    (0)   :  0.016 0.011 0.020 0.064 0.117 0.449 0.098 0.226 
134    (0)   :  0.004 0.005 0.027 0.055 0.058 0.569 0.190 0.091 
135    (0)   :  0.005 0.008 0.032 0.042 0.391 0.086 0.114 0.321 
136    (0)   :  0.013 0.008 0.021 0.100 0.562 0.085 0.087 0.125 
137    (0)   :  0.015 0.006 0.038 0.050 0.589 0.119 0.088 0.094 
138    (0)   :  0.007 0.005 0.012 0.049 0.618 0.079 0.108 0.121 
139    (0)   :  0.013 0.005 0.018 0.066 0.223 0.100 0.099 0.475 
140    (0)   :  0.021 0.007 0.015 0.045 0.354 0.152 0.189 0.218 
141    (0)   :  0.074 0.008 0.021 0.117 0.388 0.091 0.137 0.164 
142    (0)   :  0.019 0.007 0.027 0.040 0.330 0.087 0.100 0.390 
143    (0)   :  0.006 0.005 0.011 0.042 0.682 0.078 0.070 0.106 
144    (0)   :  0.007 0.006 0.037 0.044 0.611 0.116 0.080 0.099 
145    (0)   :  0.014 0.009 0.028 0.130 0.359 0.093 0.144 0.223 
146    (0)   :  0.014 0.011 0.016 0.066 0.398 0.165 0.186 0.144 
147    (0)   :  0.011 0.006 0.012 0.050 0.676 0.079 0.078 0.090 
148    (0)   :  0.078 0.007 0.026 0.090 0.348 0.131 0.097 0.223 
149    (0)   :  0.237 0.007 0.018 0.048 0.213 0.082 0.132 0.264 
150    (0)   :  0.016 0.008 0.042 0.056 0.437 0.182 0.105 0.152 
151    (0)   :  0.006 0.007 0.013 0.043 0.586 0.112 0.092 0.141 
152    (0)   :  0.024 0.007 0.023 0.122 0.365 0.101 0.108 0.249 
153    (0)   :  0.016 0.006 0.014 0.048 0.498 0.097 0.162 0.158 
154    (0)   :  0.325 0.008 0.018 0.094 0.173 0.086 0.089 0.207 
155    (0)   :  0.007 0.006 0.011 0.044 0.623 0.112 0.079 0.117 
156    (0)   :  0.006 0.005 0.018 0.036 0.509 0.105 0.081 0.239 
157    (0)   :  0.015 0.006 0.011 0.041 0.525 0.183 0.121 0.098 
158    (0)   :  0.014 0.009 0.028 0.117 0.417 0.088 0.160 0.167 
159    (0)   :  0.141 0.007 0.016 0.049 0.526 0.080 0.076 0.105 
160    (0)   :  0.143 0.010 0.016 0.050 0.495 0.083 0.078 0.124 
161    (0)   :  0.012 0.006 0.015 0.051 0.445 0.116 0.191 0.165 
162    (0)   :  0.014 0.015 0.017 0.077 0.352 0.170 0.164 0.190 
163    (0)   :  0.007 0.005 0.012 0.039 0.616 0.097 0.083 0.140 
164    (0)   :  0.222 0.014 0.014 0.055 0.236 0.179 0.118 0.162 
165    (0)   :  0.006 0.008 0.043 0.044 0.505 0.167 0.100 0.126 
166    (0)   :  0.226 0.006 0.011 0.047 0.227 0.159 0.136 0.189 
167    (0)   :  0.426 0.012 0.013 0.119 0.156 0.110 0.080 0.085 
168    (0)   :  0.008 0.007 0.012 0.055 0.492 0.088 0.180 0.158 
169    (0)   :  0.012 0.010 0.029 0.113 0.301 0.083 0.310 0.140 
170    (0)   :  0.007 0.006 0.013 0.043 0.424 0.122 0.098 0.287 
171    (0)   :  0.013 0.007 0.013 0.084 0.411 0.128 0.140 0.203 
172    (0)   :  0.038 0.007 0.021 0.048 0.294 0.076 0.271 0.246 
173    (0)   :  0.012 0.007 0.015 0.052 0.604 0.085 0.073 0.151 
174    (0)   :  0.013 0.007 0.012 0.049 0.594 0.116 0.100 0.109 
175    (0)   :  0.007 0.007 0.014 0.099 0.587 0.084 0.073 0.129 
176    (0)   :  0.007 0.006 0.037 0.044 0.611 0.115 0.080 0.100 
177    (0)   :  0.015 0.007 0.013 0.045 0.412 0.168 0.221 0.119 
178    (0)   :  0.019 0.008 0.013 0.114 0.498 0.128 0.101 0.119 
179    (0)   :  0.044 0.006 0.011 0.054 0.618 0.085 0.074 0.110 
180    (0)   :  0.046 0.012 0.018 0.077 0.422 0.119 0.154 0.153 
181    (0)   :  0.011 0.009 0.021 0.058 0.417 0.089 0.130 0.267 
182    (0)   :  0.007 0.010 0.016 0.043 0.548 0.086 0.074 0.215 
183    (0)   :  0.012 0.006 0.012 0.055 0.620 0.086 0.075 0.134 
184    (0)   :  0.005 0.008 0.017 0.204 0.108 0.181 0.076 0.402 
185    (0)   :  0.006 0.005 0.017 0.040 0.554 0.069 0.063 0.246 
186    (0)   :  0.005 0.007 0.012 0.104 0.103 0.368 0.087 0.313 
187    (0)   :  0.009 0.005 0.012 0.109 0.294 0.168 0.074 0.328 
188    (0)   :  0.005 0.007 0.014 0.103 0.080 0.338 0.071 0.382 
189    (0)   :  0.007 0.006 0.011 0.160 0.266 0.116 0.181 0.253 
190    (0)   :  0.005 0.005 0.016 0.034 0.195 0.075 0.057 0.612 
191    (0)   :  0.006 0.006 0.023 0.089 0.147 0.208 0.077 0.445 
192    (0)   :  0.006 0.005 0.014 0.090 0.296 0.247 0.090 0.252 
193    (0)   :  0.006 0.006 0.023 0.101 0.232 0.165 0.106 0.361 
194    (0)   :  0.007 0.007 0.013 0.069 0.264 0.199 0.100 0.340 
195    (0)   :  0.006 0.005 0.012 0.049 0.309 0.088 0.064 0.468 
196    (0)   :  0.005 0.005 0.016 0.045 0.183 0.107 0.069 0.570 
197    (0)   :  0.007 0.007 0.015 0.230 0.199 0.198 0.089 0.257 
198    (0)   :  0.006 0.005 0.013 0.096 0.192 0.233 0.180 0.273 
199    (0)   :  0.005 0.006 0.018 0.051 0.160 0.113 0.087 0.560 
200    (0)   :  0.005 0.005 0.023 0.079 0.171 0.106 0.093 0.519 
201    (0)   :  0.006 0.005 0.012 0.063 0.427 0.103 0.062 0.322 
202    (0)   :  0.005 0.005 0.015 0.045 0.414 0.109 0.067 0.340 
203    (0)   :  0.006 0.005 0.018 0.056 0.409 0.101 0.058 0.347 
204    (0)   :  0.005 0.005 0.014 0.043 0.164 0.105 0.062 0.601 
205    (0)   :  0.006 0.005 0.014 0.068 0.142 0.140 0.089 0.537 
206    (0)   :  0.007 0.006 0.013 0.066 0.199 0.107 0.062 0.540 
207    (0)   :  0.005 0.005 0.021 0.052 0.113 0.148 0.062 0.596 
208    (0)   :  0.006 0.005 0.015 0.051 0.269 0.113 0.064 0.477 
209    (0)   :  0.005 0.005 0.024 0.088 0.179 0.185 0.080 0.434 
210    (0)   :  0.006 0.005 0.014 0.051 0.193 0.137 0.070 0.525 
211    (0)   :  0.005 0.007 0.048 0.054 0.233 0.148 0.059 0.447 
212    (0)   :  0.006 0.005 0.015 0.074 0.422 0.099 0.089 0.290 
213    (0)   :  0.005 0.005 0.016 0.041 0.161 0.184 0.144 0.444 
214    (0)   :  0.005 0.005 0.018 0.056 0.433 0.095 0.063 0.324 
215    (0)   :  0.005 0.005 0.019 0.070 0.116 0.160 0.076 0.550 
216    (0)   :  0.005 0.009 0.016 0.202 0.134 0.177 0.091 0.366 
217    (0)   :  0.006 0.005 0.013 0.073 0.355 0.090 0.068 0.390 
218    (0)   :  0.006 0.006 0.015 0.068 0.177 0.175 0.091 0.463 
219    (0)   :  0.006 0.009 0.012 0.214 0.284 0.139 0.097 0.239 
220    (0)   :  0.005 0.005 0.016 0.053 0.133 0.147 0.063 0.577 
221    (0)   :  0.005 0.005 0.015 0.040 0.448 0.074 0.065 0.348 
222    (0)   :  0.006 0.008 0.012 0.257 0.183 0.174 0.090 0.270 
223    (0)   :  0.008 0.005 0.012 0.119 0.354 0.141 0.091 0.271 
224    (0)   :  0.007 0.006 0.014 0.066 0.348 0.112 0.063 0.384 
225    (0)   :  0.005 0.005 0.014 0.062 0.174 0.128 0.080 0.531 
226    (0)   :  0.007 0.007 0.018 0.138 0.189 0.125 0.155 0.361 
227    (0)   :  0.008 0.005 0.014 0.052 0.240 0.127 0.063 0.491 
228    (0)   :  0.006 0.005 0.016 0.043 0.280 0.079 0.061 0.510 
229    (0)   :  0.006 0.006 0.014 0.075 0.372 0.154 0.063 0.310 
230    (0)   :  0.006 0.006 0.018 0.060 0.291 0.137 0.061 0.421 
231    (0)   :  0.006 0.005 0.018 0.114 0.326 0.142 0.077 0.313 
232    (0)   :  0.005 0.007 0.017 0.049 0.264 0.151 0.171 0.337 
233    (0)   :  0.005 0.005 0.016 0.061 0.502 0.098 0.062 0.251 
234    (0)   :  0.005 0.005 0.016 0.126 0.250 0.216 0.109 0.273 
235    (0)   :  0.006 0.006 0.013 0.089 0.294 0.126 0.094 0.372 
236    (0)   :  0.005 0.005 0.018 0.092 0.381 0.124 0.079 0.295 
237    (0)   :  0.005 0.005 0.026 0.060 0.133 0.142 0.077 0.552 
238    (0)   :  0.005 0.005 0.014 0.058 0.412 0.134 0.075 0.297 
239    (0)   :  0.006 0.005 0.012 0.047 0.307 0.088 0.064 0.472 
240    (0)   :  0.005 0.005 0.014 0.058 0.414 0.133 0.076 0.295 
241    (0)   :  0.006 0.007 0.015 0.050 0.400 0.101 0.087 0.334 
242    (0)   :  0.007 0.006 0.013 0.107 0.213 0.136 0.107 0.412 
243    (0)   :  0.005 0.005 0.019 0.042 0.187 0.087 0.057 0.599 
244    (0)   :  0.005 0.005 0.019 0.056 0.353 0.104 0.061 0.397 
245    (0)   :  0.006 0.005 0.011 0.042 0.505 0.106 0.081 0.244 
246    (0)   :  0.006 0.005 0.013 0.072 0.359 0.091 0.067 0.387 
247    (0)   :  0.005 0.005 0.013 0.062 0.090 0.325 0.147 0.353 
248    (0)   :  0.005 0.005 0.021 0.070 0.099 0.194 0.077 0.530 
249    (0)   :  0.005 0.006 0.018 0.060 0.348 0.125 0.063 0.376 
250    (0)   :  0.005 0.005 0.018 0.097 0.308 0.167 0.077 0.323 
251    (0)   :  0.006 0.006 0.024 0.141 0.155 0.145 0.138 0.387 
252    (0)   :  0.006 0.005 0.011 0.080 0.257 0.138 0.084 0.418 
253    (0)   :  0.005 0.005 0.015 0.075 0.128 0.206 0.135 0.431 
254    (0)   :  0.005 0.007 0.013 0.211 0.196 0.158 0.074 0.336 
255    (0)   :  0.006 0.005 0.016 0.118 0.256 0.206 0.085 0.307 
256    (0)   :  0.005 0.006 0.016 0.060 0.266 0.107 0.078 0.461 
257    (0)   :  0.009 0.015 0.019 0.068 0.197 0.157 0.084 0.452 
258    (0)   :  0.006 0.004 0.018 0.068 0.153 0.197 0.113 0.441 
259    (0)   :  0.006 0.007 0.018 0.088 0.211 0.168 0.076 0.427 
260    (0)   :  0.005 0.007 0.013 0.221 0.347 0.148 0.074 0.185 
261    (0)   :  0.006 0.005 0.011 0.072 0.323 0.107 0.086 0.391 
262    (0)   :  0.005 0.005 0.014 0.043 0.257 0.075 0.066 0.535 
263    (0)   :  0.005 0.009 0.018 0.113 0.125 0.140 0.060 0.530 
264    (0)   :  0.004 0.010 0.016 0.333 0.081 0.176 0.107 0.273 
265    (0)   :  0.006 0.005 0.013 0.119 0.248 0.145 0.091 0.373 
266    (0)   :  0.005 0.005 0.014 0.040 0.462 0.076 0.065 0.333 
267    (0)   :  0.005 0.005 0.024 0.105 0.262 0.172 0.078 0.349 
268    (0)   :  0.005 0.005 0.016 0.046 0.182 0.109 0.068 0.569 
269    (0)   :  0.006 0.005 0.013 0.210 0.264 0.130 0.117 0.256 
270    (0)   :  0.011 0.008 0.017 0.146 0.133 0.209 0.093 0.382 
271    (0)   :  0.006 0.005 0.020 0.073 0.147 0.163 0.095 0.491 
272    (0)   :  0.007 0.006 0.024 0.099 0.152 0.123 0.139 0.450 
273    (0)   :  0.053 0.037 0.034 0.102 0.229 0.175 0.129 0.241 
274    (0)   :  0.006 0.006 0.016 0.110 0.180 0.159 0.113 0.410 
275    (0)   :  0.032 0.010 0.024 0.160 0.188 0.119 0.096 0.371 
276    (0)   :  0.006 0.007 0.027 0.079 0.126 0.135 0.123 0.496 
277    (0)   :  0.006 0.005 0.012 0.124 0.306 0.148 0.096 0.301 
278    (0)   :  0.005 0.005 0.019 0.065 0.138 0.126 0.076 0.567 
279    (0)   :  0.006 0.006 0.016 0.096 0.226 0.140 0.098 0.412 
280    (0)   :  0.005 0.005 0.014 0.128 0.202 0.113 0.128 0.405 
281    (0)   :  0.006 0.006 0.015 0.065 0.182 0.206 0.114 0.406 
282    (0)   :  0.005 0.005 0.013 0.112 0.459 0.130 0.081 0.196 
283    (0)   :  0.006 0.005 0.013 0.070 0.483 0.133 0.061 0.228 
284    (0)   :  0.012 0.005 0.021 0.082 0.287 0.180 0.096 0.318 
285    (0)   :  0.005 0.005 0.022 0.065 0.073 0.163 0.101 0.567 
286    (0)   :  0.005 0.005 0.018 0.055 0.354 0.104 0.061 0.396 
287    (0)   :  0.007 0.006 0.012 0.106 0.249 0.197 0.135 0.289 
288    (0)   :  0.007 0.006 0.018 0.118 0.147 0.143 0.115 0.446 
289    (0)   :  0.013 0.009 0.021 0.103 0.129 0.204 0.093 0.427 
290    (0)   :  0.005 0.008 0.030 0.117 0.158 0.105 0.115 0.463 
291    (0)   :  0.006 0.005 0.020 0.073 0.147 0.162 0.095 0.493 
292    (0)   :  0.006 0.005 0.013 0.087 0.210 0.096 0.138 0.446 
293    (0)   :  0.004 0.006 0.027 0.141 0.111 0.131 0.166 0.413 
294    (0)   :  0.005 0.010 0.015 0.105 0.104 0.144 0.066 0.550 
295    (0)   :  0.021 0.007 0.032 0.098 0.133 0.151 0.144 0.414 
296    (0)   :  0.005 0.005 0.018 0.052 0.141 0.162 0.081 0.534 
297    (0)   :  0.006 0.005 0.014 0.148 0.153 0.146 0.128 0.400 
298    (0)   :  0.006 0.005 0.013 0.121 0.383 0.180 0.079 0.214 
299    (0)   :  0.006 0.009 0.013 0.165 0.149 0.189 0.063 0.406 
300    (0)   :  0.005 0.005 0.017 0.056 0.097 0.121 0.082 0.616 
301    (0)   :  0.010 0.008 0.018 0.257 0.134 0.138 0.085 0.351 
302    (0)   :  0.012 0.009 0.020 0.102 0.106 0.117 0.067 0.568 
303    (0)   :  0.005 0.005 0.016 0.071 0.332 0.108 0.094 0.368 
304    (0)   :  0.011 0.007 0.016 0.203 0.368 0.176 0.090 0.129 
305    (0)   :  0.013 0.005 0.015 0.053 0.215 0.085 0.073 0.540 
306    (0)   :  0.006 0.006 0.013 0.093 0.368 0.103 0.086 0.327 
307    (0)   :  0.007 0.007 0.017 0.105 0.280 0.146 0.096 0.342 
308    (0)   :  0.006 0.005 0.011 0.071 0.323 0.107 0.085 0.392 
309    (0)   :  0.035 0.022 0.041 0.067 0.129 0.193 0.073 0.440 
310    (0)   :  0.005 0.005 0.016 0.050 0.243 0.092 0.062 0.527 
311    (0)   :  0.006 0.006 0.019 0.061 0.289 0.136 0.061 0.423 
312    (0)   :  0.006 0.005 0.016 0.046 0.129 0.160 0.063 0.576 
313    (0)   :  0.005 0.005 0.016 0.051 0.089 0.122 0.071 0.640 
314    (0)   :  0.061 0.005 0.015 0.046 0.564 0.075 0.082 0.151 
315    (0)   :  0.064 0.005 0.011 0.056 0.517 0.082 0.114 0.151 
316    (0)   :  0.215 0.008 0.012 0.063 0.392 0.089 0.118 0.103 
317    (0)   :  0.063 0.006 0.014 0.047 0.614 0.079 0.080 0.098 
318    (0)   :  0.188 0.006 0.012 0.051 0.503 0.080 0.081 0.079 
319    (0)   :  0.006 0.006 0.011 0.043 0.678 0.077 0.072 0.108 
320    (0)   :  0.061 0.006 0.015 0.046 0.565 0.075 0.082 0.151 
321    (0)   :  0.162 0.006 0.014 0.052 0.507 0.080 0.086 0.094 
322    (0)   :  0.062 0.009 0.014 0.062 0.492 0.090 0.120 0.153 
323    (0)   :  0.053 0.015 0.011 0.057 0.623 0.081 0.074 0.087 
324    (0)   :  0.162 0.006 0.014 0.052 0.506 0.080 0.085 0.094 
325    (0)   :  0.278 0.005 0.012 0.057 0.356 0.085 0.112 0.094 
326    (0)   :  0.472 0.006 0.011 0.052 0.180 0.087 0.100 0.091 
327    (0)   :  0.065 0.006 0.014 0.048 0.609 0.079 0.081 0.099 
328    (0)   :  0.065 0.006 0.012 0.059 0.511 0.088 0.120 0.141 
329    (0)   :  0.012 0.005 0.010 0.047 0.693 0.078 0.074 0.079 
330    (0)   :  0.065 0.006 0.014 0.047 0.610 0.079 0.080 0.099 
331    (0)   :  0.039 0.006 0.010 0.047 0.656 0.080 0.076 0.087 
332    (0)   :  0.460 0.008 0.011 0.056 0.187 0.087 0.101 0.090 
333    (0)   :  0.352 0.008 0.011 0.052 0.273 0.088 0.101 0.116 
334    (0)   :  0.062 0.006 0.012 0.058 0.513 0.089 0.119 0.140 
335    (0)   :  0.020 0.005 0.012 0.054 0.583 0.086 0.110 0.129 
336    (0)   :  0.394 0.008 0.011 0.053 0.253 0.077 0.083 0.120 
337    (0)   :  0.238 0.005 0.014 0.059 0.356 0.086 0.120 0.121 
338    (0)   :  0.416 0.006 0.011 0.051 0.274 0.081 0.080 0.081 
339    (0)   :  0.040 0.006 0.010 0.048 0.655 0.080 0.075 0.087 
340    (0)   :  0.014 0.005 0.010 0.041 0.692 0.077 0.069 0.091 
341    (0)   :  0.189 0.012 0.012 0.050 0.487 0.081 0.075 0.093 
342    (0)   :  0.064 0.006 0.014 0.048 0.611 0.079 0.079 0.099 
343    (0)   :  0.066 0.012 0.013 0.067 0.461 0.082 0.114 0.184 
344    (0)   :  0.036 0.006 0.011 0.048 0.668 0.078 0.075 0.079 
345    (0)   :  0.065 0.006 0.015 0.047 0.609 0.080 0.080 0.098 
346    (0)   :  0.076 0.006 0.012 0.046 0.619 0.079 0.077 0.085 
347    (0)   :  0.013 0.005 0.010 0.043 0.704 0.076 0.068 0.081 
348    (0)   :  0.018 0.005 0.012 0.050 0.526 0.080 0.106 0.204 
349    (0)   :  0.065 0.006 0.015 0.048 0.611 0.078 0.079 0.098 
350    (0)   :  0.011 0.005 0.011 0.047 0.644 0.076 0.076 0.130 
351    (0)   :  0.020 0.005 0.012 0.054 0.584 0.085 0.109 0.131 
352    (0)   :  0.103 0.006 0.014 0.056 0.481 0.087 0.118 0.134 
353    (0)   :  0.393 0.008 0.011 0.053 0.255 0.077 0.083 0.120 
354    (0)   :  0.073 0.009 0.012 0.052 0.611 0.081 0.078 0.083 
355    (0)   :  0.198 0.006 0.012 0.051 0.493 0.080 0.080 0.080 
356    (0)   :  0.007 0.005 0.012 0.050 0.532 0.080 0.106 0.208 
357    (0)   :  0.009 0.005 0.013 0.119 0.411 0.124 0.203 0.117 
358    (0)   :  0.327 0.005 0.011 0.056 0.316 0.087 0.104 0.094 
359    (0)   :  0.268 0.006 0.011 0.050 0.410 0.083 0.078 0.094 
360    (0)   :  0.074 0.006 0.013 0.047 0.620 0.079 0.077 0.085 
361    (0)   :  0.008 0.005 0.014 0.115 0.363 0.125 0.215 0.153 
362    (0)   :  0.015 0.006 0.015 0.075 0.109 0.229 0.300 0.251 
363    (0)   :  0.008 0.008 0.019 0.135 0.085 0.336 0.233 0.177 
364    (0)   :  0.010 0.010 0.024 0.277 0.244 0.173 0.103 0.158 
365    (0)   :  0.009 0.018 0.047 0.183 0.098 0.161 0.343 0.141 
366    (0)   :  0.008 0.006 0.024 0.197 0.143 0.115 0.157 0.350 
367    (0)   :  0.005 0.005 0.015 0.063 0.068 0.466 0.290 0.088 
368    (0)   :  0.006 0.006 0.015 0.082 0.115 0.497 0.137 0.142 
369    (0)   :  0.020 0.009 0.030 0.154 0.177 0.161 0.117 0.331 
370    (0)   :  0.025 0.017 0.032 0.108 0.113 0.404 0.115 0.186 
371    (0)   :  0.024 0.012 0.027 0.260 0.139 0.199 0.105 0.233 
372    (0)   :  0.033 0.066 0.054 0.072 0.140 0.293 0.109 0.233 
373    (0)   :  0.006 0.007 0.021 0.097 0.180 0.381 0.162 0.146 
374    (0)   :  0.010 0.008 0.041 0.106 0.259 0.200 0.213 0.163 
375    (0)   :  0.010 0.020 0.022 0.217 0.083 0.397 0.150 0.103 
376    (0)   :  0.007 0.128 0.015 0.146 0.076 0.173 0.369 0.085 
377    (0)   :  0.021 0.008 0.023 0.099 0.110 0.257 0.258 0.224 
378    (0)   :  0.021 0.006 0.019 0.045 0.219 0.398 0.151 0.140 
379    (0)   :  0.008 0.207 0.020 0.154 0.069 0.186 0.249 0.108 
380    (0)   :  0.013 0.013 0.020 0.133 0.184 0.106 0.360 0.170 
381    (0)   :  0.006 0.009 0.018 0.299 0.151 0.088 0.226 0.203 
382    (0)   :  0.011 0.006 0.014 0.238 0.094 0.373 0.164 0.101 
383    (0)   :  0.214 0.010 0.017 0.188 0.101 0.112 0.246 0.112 
384    (0)   :  0.069 0.053 0.027 0.312 0.132 0.173 0.142 0.091 
385    (0)   :  0.147 0.007 0.223 0.129 0.130 0.158 0.108 0.098 
386    (0)   :  0.005 0.005 0.014 0.094 0.087 0.335 0.326 0.134 
387    (0)   :  0.005 0.006 0.018 0.139 0.109 0.286 0.318 0.119 
388    (0)   :  0.017 0.019 0.047 0.130 0.244 0.247 0.187 0.110 
389    (0)   :  0.019 0.012 0.119 0.114 0.090 0.187 0.082 0.379 
390    (0)   :  0.021 0.022 0.028 0.074 0.079 0.227 0.394 0.156 
391    (0)   :  0.012 0.014 0.119 0.098 0.133 0.248 0.153 0.222 
392    (0)   :  0.006 0.008 0.012 0.123 0.176 0.200 0.329 0.147 
393    (0)   :  0.008 0.009 0.015 0.089 0.141 0.099 0.517 0.121 
394    (0)   :  0.024 0.005 0.011 0.063 0.250 0.249 0.261 0.136 
395    (0)   :  0.004 0.004 0.013 0.057 0.097 0.213 0.296 0.315 
396    (0)   :  0.004 0.007 0.015 0.150 0.073 0.479 0.158 0.114 
397    (0)   :  0.006 0.087 0.012 0.222 0.182 0.140 0.080 0.270 
398    (0)   :  0.005 0.048 0.011 0.053 0.073 0.230 0.483 0.095 
399    (0)   :  0.011 0.005 0.027 0.062 0.090 0.425 0.202 0.178 
400    (0)   :  0.005 0.008 0.018 0.133 0.126 0.339 0.253 0.118 
401    (0)   :  0.005 0.005 0.018 0.041 0.130 0.339 0.271 0.190 
402    (0)   :  0.007 0.008 0.019 0.124 0.134 0.312 0.170 0.227 
403    (0)   :  0.007 0.009 0.043 0.091 0.363 0.163 0.171 0.154 
404    (0)   :  0.005 0.010 0.032 0.188 0.162 0.226 0.197 0.179 
405    (0)   :  0.006 0.005 0.014 0.124 0.132 0.189 0.286 0.243 
406    (0)   :  0.005 0.005 0.013 0.073 0.177 0.097 0.343 0.287 
407    (0)   :  0.004 0.005 0.014 0.109 0.071 0.188 0.499 0.109 
408    (0)   :  0.004 0.004 0.013 0.041 0.065 0.462 0.131 0.279 
409    (0)   :  0.009 0.015 0.023 0.049 0.279 0.111 0.322 0.191 
410    (0)   :  0.011 0.105 0.021 0.081 0.128 0.223 0.294 0.137 
411    (0)   :  0.031 0.027 0.013 0.214 0.154 0.205 0.190 0.166 
412    (0)   :  0.006 0.006 0.015 0.090 0.104 0.488 0.156 0.135 
413    (0)   :  0.018 0.005 0.012 0.062 0.200 0.393 0.173 0.137 
414    (0)   :  0.010 0.005 0.029 0.160 0.071 0.479 0.114 0.131 
415    (0)   :  0.005 0.006 0.016 0.147 0.094 0.176 0.343 0.213 
416    (0)   :  0.005 0.007 0.043 0.090 0.141 0.227 0.299 0.188 
417    (0)   :  0.007 0.007 0.013 0.082 0.082 0.207 0.490 0.112 
418    (0)   :  0.005 0.007 0.013 0.097 0.084 0.546 0.158 0.091 
419    (0)   :  0.009 0.013 0.040 0.081 0.235 0.190 0.281 0.152 
420    (0)   :  0.004 0.004 0.016 0.043 0.082 0.303 0.280 0.267 
421    (0)   :  0.007 0.007 0.014 0.058 0.085 0.319 0.378 0.132 
422    (0)   :  0.005 0.008 0.015 0.055 0.094 0.153 0.348 0.321 
423    (0)   :  0.005 0.009 0.014 0.204 0.123 0.214 0.231 0.199 
424    (0)   :  0.009 0.010 0.041 0.071 0.133 0.305 0.246 0.185 
425    (0)   :  0.008 0.025 0.068 0.236 0.163 0.206 0.159 0.134 
426    (0)   :  0.045 0.033 0.043 0.120 0.131 0.304 0.200 0.125 
427    (0)   :  0.015 0.005 0.011 0.053 0.152 0.184 0.491 0.089 
428    (0)   :  0.007 0.028 0.015 0.054 0.190 0.118 0.390 0.199 
429    (0)   :  0.005 0.007 0.011 0.117 0.069 0.317 0.384 0.091 
430    (0)   :  0.006 0.006 0.013 0.073 0.077 0.173 0.540 0.113 
431    (0)   :  0.015 0.010 0.026 0.126 0.140 0.382 0.130 0.171 
432    (0)   :  0.006 0.006 0.014 0.071 0.121 0.466 0.166 0.149 
433    (0)   :  0.007 0.012 0.015 0.086 0.336 0.237 0.107 0.201 
434    (0)   :  0.007 0.007 0.021 0.164 0.160 0.207 0.203 0.231 
435    (0)   :  0.005 0.005 0.011 0.056 0.072 0.186 0.568 0.097 
436    (0)   :  0.006 0.007 0.014 0.076 0.105 0.158 0.538 0.096 
437    (0)   :  0.005 0.008 0.011 0.393 0.085 0.184 0.204 0.109 
438    (0)   :  0.008 0.006 0.015 0.042 0.106 0.154 0.500 0.168 
439    (0)   :  0.006 0.005 0.012 0.057 0.084 0.113 0.649 0.075 
440    (0)   :  0.004 0.004 0.013 0.119 0.063 0.185 0.510 0.102 
441    (0)   :  0.008 0.006 0.014 0.070 0.135 0.135 0.527 0.105 
442    (0)   :  0.004 0.007 0.039 0.125 0.082 0.274 0.321 0.148 
443    (0)   :  0.005 0.005 0.021 0.060 0.069 0.278 0.359 0.203 
444    (0)   :  0.005 0.006 0.035 0.147 0.080 0.214 0.359 0.155 
445    (0)   :  0.006 0.052 0.015 0.059 0.162 0.100 0.462 0.144 
446    (0)   :  0.007 0.056 0.013 0.049 0.078 0.204 0.522 0.071 
447    (0)   :  0.006 0.006 0.039 0.071 0.132 0.133 0.478 0.134 
448    (0)   :  0.005 0.005 0.014 0.110 0.083 0.202 0.462 0.119 
449    (0)   :  0.005 0.006 0.015 0.121 0.122 0.165 0.430 0.136 
450    (0)   :  0.007 0.009 0.018 0.270 0.135 0.181 0.307 0.073 
451    (0)   :  0.005 0.006 0.014 0.088 0.064 0.542 0.149 0.132 
452    (0)   :  0.006 0.007 0.013 0.133 0.131 0.181 0.441 0.088 
453    (0)   :  0.006 0.005 0.027 0.056 0.100 0.177 0.260 0.368 
454    (0)   :  0.016 0.005 0.012 0.116 0.126 0.175 0.417 0.133 
455    (0)   :  0.006 0.005 0.013 0.059 0.071 0.146 0.599 0.100 
456    (0)   :  0.005 0.006 0.017 0.092 0.072 0.155 0.453 0.201 
457    (0)   :  0.005 0.006 0.012 0.163 0.087 0.140 0.488 0.098 
458    (0)   :  0.006 0.054 0.013 0.064 0.085 0.138 0.552 0.087 
459    (0)   :  0.006 0.005 0.014 0.054 0.157 0.145 0.542 0.078 
460    (0)   :  0.005 0.005 0.013 0.057 0.073 0.193 0.572 0.081 
461    (0)   :  0.006 0.008 0.015 0.086 0.080 0.398 0.342 0.067 
462    (0)   :  0.006 0.008 0.075 0.135 0.059 0.173 0.387 0.157 
463    (0)   :  0.007 0.004 0.013 0.063 0.090 0.107 0.425 0.292 
464    (0)   :  0.005 0.004 0.012 0.052 0.071 0.224 0.509 0.122 
465    (0)   :  0.006 0.009 0.015 0.057 0.083 0.288 0.403 0.138 
466    (0)   :  0.005 0.005 0.012 0.054 0.073 0.215 0.421 0.216 
467    (0)   :  0.007 0.005 0.016 0.082 0.104 0.146 0.475 0.165 
468    (0)   :  0.005 0.005 0.011 0.120 0.070 0.111 0.552 0.126 
469    (0)   :  0.005 0.005 0.011 0.052 0.074 0.097 0.685 0.069 
470    (0)   :  0.005 0.005 0.010 0.049 0.073 0.182 0.594 0.082 
471    (0)   :  0.004 0.006 0.030 0.101 0.084 0.220 0.260 0.295 
472    (0)   :  0.005 0.008 0.019 0.103 0.081 0.200 0.411 0.172 
473    (0)   :  0.007 0.006 0.013 0.119 0.122 0.190 0.370 0.175 
474    (0)   :  0.005 0.006 0.014 0.121 0.120 0.162 0.442 0.130 
475    (0)   :  0.005 0.006 0.015 0.058 0.137 0.271 0.376 0.133 
476    (0)   :  0.005 0.008 0.013 0.222 0.084 0.149 0.410 0.108 
477    (0)   :  0.007 0.008 0.029 0.071 0.116 0.321 0.320 0.129 
478    (0)   :  0.007 0.008 0.029 0.051 0.073 0.467 0.282 0.083 
479    (0)   :  0.005 0.005 0.013 0.094 0.072 0.192 0.535 0.083 
480    (0)   :  0.005 0.006 0.011 0.159 0.082 0.138 0.510 0.088 
481    (0)   :  0.004 0.006 0.033 0.156 0.085 0.234 0.264 0.218 
482    (0)   :  0.005 0.006 0.011 0.105 0.073 0.215 0.506 0.079 
483    (0)   :  0.007 0.006 0.013 0.059 0.087 0.150 0.600 0.078 
484    (0)   :  0.006 0.006 0.018 0.051 0.080 0.116 0.530 0.192 
485    (0)   :  0.007 0.005 0.012 0.058 0.073 0.144 0.616 0.084 
486    (0)   :  0.007 0.012 0.044 0.139 0.107 0.225 0.103 0.365 
487    (0)   :  0.008 0.011 0.043 0.209 0.205 0.213 0.110 0.201 
488    (0)   :  0.008 0.010 0.087 0.112 0.176 0.317 0.100 0.189 
489    (0)   :  0.007 0.009 0.024 0.271 0.182 0.134 0.076 0.297 
490    (0)   :  0.005 0.007 0.026 0.123 0.076 0.388 0.141 0.234 
491    (0)   :  0.007 0.010 0.074 0.102 0.195 0.166 0.104 0.344 
492    (0)   :  0.007 0.005 0.055 0.073 0.309 0.250 0.110 0.191 
493    (0)   :  0.008 0.011 0.084 0.244 0.133 0.209 0.070 0.242 
494    (0)   :  0.006 0.041 0.051 0.161 0.183 0.183 0.109 0.267 
495    (0)   :  0.008 0.030 0.124 0.101 0.219 0.267 0.092 0.159 
496    (0)   :  0.007 0.007 0.013 0.074 0.330 0.163 0.136 0.269 
497    (0)   :  0.012 0.022 0.132 0.161 0.212 0.160 0.092 0.210 
498    (0)   :  0.006 0.010 0.088 0.118 0.121 0.300 0.106 0.251 
499    (0)   :  0.008 0.036 0.027 0.156 0.299 0.136 0.097 0.241 
500    (0)   :  0.005 0.015 0.019 0.355 0.132 0.145 0.091 0.236 
501    (0)   :  0.005 0.012 0.022 0.184 0.281 0.206 0.138 0.150 
502    (0)   :  0.006 0.008 0.044 0.088 0.319 0.284 0.145 0.106 
503    (0)   :  0.005 0.008 0.016 0.261 0.105 0.232 0.206 0.167 
504    (0)   :  0.005 0.009 0.095 0.066 0.109 0.394 0.126 0.196 
505    (0)   :  0.005 0.009 0.031 0.094 0.167 0.176 0.088 0.431 
506    (0)   :  0.006 0.007 0.048 0.081 0.267 0.292 0.105 0.195 
507    (0)   :  0.007 0.008 0.012 0.055 0.460 0.090 0.082 0.287 
508    (0)   :  0.009 0.018 0.023 0.057 0.460 0.110 0.067 0.256 
509    (0)   :  0.005 0.008 0.023 0.076 0.245 0.159 0.105 0.378 
510    (0)   :  0.005 0.018 0.018 0.254 0.318 0.160 0.078 0.150 
511    (0)   :  0.005 0.011 0.037 0.173 0.113 0.246 0.196 0.218 
512    (0)   :  0.004 0.008 0.026 0.283 0.085 0.294 0.170 0.131 
513    (0)   :  0.005 0.006 0.437 0.042 0.117 0.124 0.056 0.212 
514    (0)   :  0.010 0.008 0.017 0.060 0.145 0.460 0.126 0.173 
515    (0)   :  0.006 0.012 0.020 0.092 0.228 0.119 0.309 0.215 
516    (0)   :  0.006 0.009 0.019 0.055 0.127 0.392 0.107 0.284 
517    (0)   :  0.007 0.007 0.014 0.057 0.205 0.189 0.239 0.281 
518    (0)   :  0.007 0.069 0.016 0.230 0.251 0.150 0.089 0.188 
519    (0)   :  0.005 0.006 0.024 0.057 0.153 0.454 0.150 0.152 
520    (0)   :  0.007 0.008 0.013 0.069 0.268 0.096 0.259 0.280 
521    (0)   :  0.156 0.005 0.014 0.058 0.202 0.238 0.092 0.234 
522    (0)   :  0.007 0.023 0.018 0.243 0.114 0.162 0.155 0.278 
523    (0)   :  0.018 0.009 0.013 0.053 0.200 0.162 0.161 0.385 
524    (0)   :  0.007 0.008 0.012 0.071 0.165 0.160 0.369 0.208 
525    (0)   :  0.008 0.095 0.013 0.102 0.239 0.108 0.193 0.242 
526    (0)   :  0.006 0.005 0.012 0.052 0.115 0.093 0.393 0.323 
527    (0)   :  0.006 0.077 0.030 0.223 0.119 0.299 0.120 0.127 
528    (0)   :  0.021 0.005 0.013 0.068 0.408 0.145 0.077 0.265 
529    (0)   :  0.009 0.099 0.024 0.067 0.189 0.232 0.112 0.267 
530    (0)   :  0.005 0.007 0.028 0.234 0.147 0.134 0.207 0.238 
531    (0)   :  0.016 0.007 0.017 0.078 0.342 0.122 0.266 0.153 
532    (0)   :  0.045 0.019 0.019 0.175 0.265 0.204 0.073 0.202 
533    (0)   :  0.007 0.070 0.016 0.133 0.131 0.142 0.163 0.338 
534    (0)   :  0.006 0.081 0.030 0.049 0.177 0.169 0.067 0.421 
535    (0)   :  0.006 0.005 0.015 0.054 0.117 0.196 0.278 0.328 
536    (0)   :  0.007 0.007 0.022 0.084 0.239 0.172 0.254 0.216 
537    (0)   :  0.022 0.007 0.028 0.074 0.247 0.128 0.120 0.375 
538    (0)   :  0.006 0.005 0.015 0.072 0.213 0.127 0.122 0.439 
539    (0)   :  0.005 0.005 0.014 0.066 0.516 0.096 0.064 0.233 
540    (0)   :  0.147 0.005 0.014 0.076 0.112 0.107 0.127 0.411 
541    (0)   :  0.106 0.007 0.024 0.094 0.295 0.112 0.178 0.184 
542    (0)   :  0.005 0.005 0.027 0.062 0.092 0.100 0.296 0.413 
543    (0)   :  0.156 0.007 0.028 0.050 0.147 0.160 0.150 0.302 
544    (0)   :  0.011 0.005 0.017 0.062 0.118 0.115 0.211 0.462 
545    (0)   :  0.007 0.005 0.026 0.056 0.081 0.137 0.320 0.367 
546    (0)   :  0.015 0.005 0.036 0.068 0.133 0.104 0.176 0.463 
547    (0)   :  0.009 0.006 0.024 0.047 0.200 0.120 0.194 0.400 
548    (0)   :  0.005 0.006 0.018 0.097 0.310 0.167 0.078 0.319 
549    (0)   :  0.009 0.007 0.019 0.051 0.380 0.102 0.284 0.149 
550    (0)   :  0.005 0.004 0.022 0.068 0.121 0.152 0.317 0.310 
551    (0)   :  0.010 0.008 0.018 0.059 0.443 0.125 0.189 0.148 
552    (0)   :  0.006 0.005 0.014 0.079 0.191 0.101 0.100 0.505 
553    (0)   :  0.055 0.009 0.035 0.049 0.165 0.124 0.107 0.456 
554    (0)   :  0.190 0.008 0.017 0.167 0.092 0.157 0.126 0.243 
555    (0)   :  0.016 0.007 0.045 0.070 0.275 0.121 0.090 0.376 
556    (0)   :  0.010 0.006 0.016 0.061 0.139 0.130 0.116 0.522 
557    (0)   :  0.016 0.005 0.020 0.065 0.167 0.170 0.380 0.177 
558    (0)   :  0.005 0.006 0.011 0.090 0.075 0.192 0.552 0.069 
559    (0)   :  0.008 0.006 0.014 0.084 0.097 0.373 0.116 0.301 
560    (0)   :  0.004 0.005 0.023 0.049 0.060 0.435 0.320 0.104 
561    (0)   :  0.005 0.006 0.025 0.075 0.076 0.292 0.355 0.166 
562    (0)   :  0.005 0.006 0.026 0.130 0.059 0.375 0.173 0.227 
563    (0)   :  0.006 0.010 0.042 0.049 0.226 0.299 0.249 0.120 
564    (0)   :  0.020 0.010 0.016 0.115 0.105 0.212 0.103 0.420 
565    (0)   :  0.005 0.006 0.012 0.097 0.083 0.145 0.562 0.089 
566    (0)   :  0.005 0.004 0.015 0.101 0.064 0.483 0.226 0.102 
567    (0)   :  0.005 0.007 0.021 0.119 0.081 0.334 0.090 0.343 
568    (0)   :  0.006 0.006 0.012 0.056 0.104 0.323 0.268 0.227 
569    (0)   :  0.019 0.007 0.013 0.210 0.103 0.264 0.174 0.210 
570    (0)   :  0.005 0.007 0.011 0.358 0.068 0.272 0.192 0.086 
571    (0)   :  0.007 0.005 0.012 0.058 0.095 0.536 0.162 0.125 
572    (0)   :  0.007 0.004 0.021 0.091 0.179 0.113 0.147 0.437 
573    (0)   :  0.013 0.008 0.015 0.085 0.112 0.253 0.225 0.289 
574    (0)   :  0.016 0.007 0.016 0.298 0.176 0.152 0.171 0.165 
575    (0)   :  0.005 0.006 0.015 0.057 0.181 0.345 0.245 0.148 
576    (0)   :  0.006 0.005 0.027 0.095 0.065 0.508 0.209 0.085 
577    (0)   :  0.006 0.009 0.017 0.215 0.178 0.236 0.185 0.154 
