

----------------------------------------------------
STRUCTURE by Pritchard, Stephens and Donnelly (2000)
     and Falush, Stephens and Pritchard (2003)
       Code by Pritchard, Falush and Hubisz
             Version 2.3.4 (Jul 2012)
----------------------------------------------------



Command line arguments:   ./structure -K 10 -D 110014 -m brooktrout/mainparams -e brooktrout/extraparams -o brooktrout/250914_output/results_K10_rep14 
Input File:    brooktrout/brooktrout.txt

Run parameters:
   8454 individuals
   5 loci
   10 populations assumed
   50000 Burn-in period
   100000 Reps
RANDOMIZE turned off


--------------------------------------------
Overall proportion of membership of the
sample in each of the 10 clusters

Inferred Clusters
  1      2      3      4      5      6      7      8      9     10    
0.008  0.010  0.033  0.067  0.109  0.163  0.140  0.145  0.162  0.163  

--------------------------------------------

Allele-freq. divergence among pops (Net nucleotide distance),
computed using point estimates of P.

      1       2       3       4       5       6       7       8       9      10      
 1      -    0.1587  0.1868  0.1320  0.1628  0.1426  0.1246  0.1301  0.1327  0.1070  
 2   0.1587     -    0.1854  0.2099  0.2442  0.2130  0.1427  0.1638  0.1274  0.1799  
 3   0.1868  0.1854     -    0.2153  0.1442  0.1761  0.2214  0.2141  0.1949  0.1638  
 4   0.1320  0.2099  0.2153     -    0.1494  0.0748  0.2040  0.2034  0.1707  0.1608  
 5   0.1628  0.2442  0.1442  0.1494     -    0.1259  0.1665  0.1666  0.1756  0.1073  
 6   0.1426  0.2130  0.1761  0.0748  0.1259     -    0.2076  0.2095  0.1412  0.1520  
 7   0.1246  0.1427  0.2214  0.2040  0.1665  0.2076     -    0.1035  0.1219  0.1149  
 8   0.1301  0.1638  0.2141  0.2034  0.1666  0.2095  0.1035     -    0.1230  0.1021  
 9   0.1327  0.1274  0.1949  0.1707  0.1756  0.1412  0.1219  0.1230     -    0.1156  
10   0.1070  0.1799  0.1638  0.1608  0.1073  0.1520  0.1149  0.1021  0.1156     -    

Average distances (expected heterozygosity) between individuals in same cluster:
cluster  1  : 0.8289 
cluster  2  : 0.7106 
cluster  3  : 0.7241 
cluster  4  : 0.7267 
cluster  5  : 0.7143 
cluster  6  : 0.6872 
cluster  7  : 0.7092 
cluster  8  : 0.7359 
cluster  9  : 0.6976 
cluster 10  : 0.7945 

--------------------------------------------
Estimated Ln Prob of Data   = -186086.7
Mean value of ln likelihood = -172647.8
Variance of ln likelihood   = 26877.7

Mean value of alpha_1       = 0.0466
Mean value of alpha_2       = 0.0522
Mean value of alpha_3       = 0.1871
Mean value of alpha_4       = 0.3859
Mean value of alpha_5       = 0.6444
Mean value of alpha_6       = 0.9309
Mean value of alpha_7       = 0.8291
Mean value of alpha_8       = 0.8548
Mean value of alpha_9       = 0.9695
Mean value of alpha_10       = 0.9791
Allele frequencies uncorrelated


Inferred ancestry of individuals:
     (%Miss) :  Inferred clusters
  1    (0)   :  0.005 0.006 0.027 0.062 0.058 0.171 0.101 0.089 0.356 0.125 
  2    (0)   :  0.004 0.004 0.014 0.035 0.229 0.102 0.134 0.108 0.105 0.265 
  3    (0)   :  0.006 0.007 0.029 0.040 0.086 0.198 0.271 0.114 0.162 0.087 
  4    (0)   :  0.011 0.009 0.025 0.176 0.077 0.252 0.123 0.111 0.097 0.120 
  5    (0)   :  0.005 0.004 0.015 0.048 0.113 0.089 0.157 0.102 0.116 0.351 
  6    (0)   :  0.006 0.005 0.015 0.060 0.076 0.111 0.301 0.134 0.179 0.113 
  7    (0)   :  0.005 0.005 0.014 0.038 0.052 0.094 0.151 0.303 0.164 0.173 
  8    (0)   :  0.021 0.009 0.020 0.165 0.070 0.170 0.204 0.122 0.119 0.102 
  9    (0)   :  0.008 0.006 0.018 0.039 0.154 0.156 0.172 0.119 0.166 0.163 
 10    (0)   :  0.007 0.005 0.013 0.153 0.063 0.106 0.190 0.123 0.195 0.144 
 11    (0)   :  0.004 0.005 0.013 0.034 0.052 0.089 0.123 0.168 0.321 0.191 
 12    (0)   :  0.005 0.004 0.016 0.046 0.118 0.147 0.144 0.106 0.126 0.288 
 13    (0)   :  0.006 0.004 0.020 0.040 0.097 0.148 0.157 0.155 0.176 0.197 
 14    (0)   :  0.004 0.007 0.042 0.090 0.174 0.123 0.198 0.082 0.149 0.131 
 15    (0)   :  0.005 0.010 0.021 0.072 0.092 0.204 0.161 0.131 0.128 0.176 
 16    (0)   :  0.004 0.005 0.019 0.036 0.063 0.113 0.171 0.119 0.324 0.145 
 17    (0)   :  0.008 0.005 0.032 0.047 0.075 0.145 0.235 0.095 0.153 0.205 
 18    (0)   :  0.008 0.010 0.022 0.058 0.196 0.144 0.192 0.100 0.166 0.105 
 19    (0)   :  0.005 0.005 0.013 0.040 0.087 0.134 0.269 0.120 0.180 0.149 
 20    (0)   :  0.004 0.009 0.019 0.047 0.089 0.133 0.179 0.168 0.123 0.230 
 21    (0)   :  0.004 0.005 0.026 0.091 0.130 0.160 0.107 0.095 0.239 0.142 
 22    (0)   :  0.008 0.004 0.018 0.039 0.077 0.160 0.266 0.093 0.218 0.119 
 23    (0)   :  0.007 0.012 0.044 0.061 0.155 0.238 0.149 0.098 0.110 0.125 
 24    (0)   :  0.005 0.005 0.018 0.042 0.073 0.192 0.098 0.098 0.342 0.127 
 25    (0)   :  0.005 0.007 0.019 0.035 0.078 0.081 0.302 0.156 0.115 0.203 
 26    (0)   :  0.006 0.006 0.018 0.056 0.089 0.179 0.143 0.110 0.202 0.192 
 27    (0)   :  0.005 0.005 0.030 0.043 0.082 0.136 0.174 0.103 0.219 0.204 
 28    (0)   :  0.005 0.005 0.018 0.211 0.085 0.133 0.105 0.153 0.190 0.096 
 29    (0)   :  0.004 0.004 0.017 0.032 0.109 0.126 0.124 0.150 0.168 0.267 
 30    (0)   :  0.005 0.005 0.021 0.033 0.095 0.128 0.197 0.092 0.289 0.135 
 31    (0)   :  0.016 0.005 0.026 0.121 0.100 0.106 0.104 0.131 0.203 0.188 
 32    (0)   :  0.004 0.006 0.019 0.079 0.110 0.179 0.297 0.091 0.103 0.112 
 33    (0)   :  0.005 0.005 0.022 0.036 0.091 0.200 0.199 0.159 0.170 0.113 
 34    (0)   :  0.007 0.007 0.017 0.124 0.051 0.087 0.278 0.169 0.098 0.163 
 35    (0)   :  0.009 0.004 0.042 0.029 0.157 0.114 0.184 0.084 0.146 0.231 
 36    (0)   :  0.004 0.022 0.047 0.032 0.135 0.107 0.085 0.092 0.378 0.098 
 37    (0)   :  0.006 0.005 0.023 0.046 0.184 0.195 0.150 0.107 0.152 0.132 
 38    (0)   :  0.005 0.149 0.024 0.027 0.097 0.085 0.108 0.168 0.178 0.160 
 39    (0)   :  0.007 0.010 0.030 0.036 0.127 0.114 0.152 0.163 0.176 0.185 
 40    (0)   :  0.004 0.008 0.092 0.037 0.176 0.179 0.130 0.083 0.181 0.110 
 41    (0)   :  0.007 0.011 0.130 0.031 0.099 0.121 0.146 0.145 0.175 0.136 
 42    (0)   :  0.004 0.013 0.051 0.037 0.062 0.306 0.068 0.084 0.246 0.128 
 43    (0)   :  0.007 0.004 0.116 0.045 0.156 0.166 0.130 0.114 0.117 0.145 
 44    (0)   :  0.006 0.004 0.164 0.027 0.161 0.112 0.184 0.097 0.110 0.135 
 45    (0)   :  0.005 0.018 0.036 0.027 0.196 0.089 0.071 0.102 0.282 0.174 
 46    (0)   :  0.008 0.005 0.038 0.040 0.105 0.105 0.253 0.118 0.140 0.188 
 47    (0)   :  0.016 0.005 0.028 0.048 0.134 0.141 0.191 0.102 0.168 0.167 
 48    (0)   :  0.007 0.006 0.123 0.027 0.211 0.131 0.181 0.077 0.095 0.140 
 49    (0)   :  0.007 0.006 0.039 0.036 0.108 0.125 0.123 0.092 0.209 0.256 
 50    (0)   :  0.009 0.006 0.025 0.089 0.085 0.075 0.257 0.170 0.138 0.147 
 51    (0)   :  0.004 0.022 0.202 0.030 0.132 0.109 0.073 0.088 0.230 0.109 
 52    (0)   :  0.007 0.005 0.039 0.038 0.073 0.130 0.140 0.164 0.215 0.189 
 53    (0)   :  0.007 0.029 0.029 0.059 0.096 0.110 0.206 0.158 0.208 0.097 
 54    (0)   :  0.008 0.004 0.036 0.038 0.253 0.148 0.108 0.095 0.129 0.180 
 55    (0)   :  0.006 0.004 0.067 0.033 0.271 0.120 0.121 0.093 0.111 0.175 
 56    (0)   :  0.006 0.011 0.038 0.034 0.179 0.152 0.165 0.084 0.156 0.174 
 57    (0)   :  0.012 0.006 0.016 0.090 0.064 0.195 0.168 0.106 0.165 0.178 
 58    (0)   :  0.005 0.009 0.041 0.033 0.181 0.127 0.079 0.100 0.229 0.197 
 59    (0)   :  0.005 0.032 0.034 0.033 0.119 0.128 0.089 0.094 0.228 0.237 
 60    (0)   :  0.004 0.011 0.065 0.070 0.168 0.153 0.088 0.102 0.237 0.102 
 61    (0)   :  0.004 0.004 0.088 0.039 0.306 0.142 0.066 0.087 0.110 0.154 
 62    (0)   :  0.009 0.005 0.021 0.045 0.104 0.126 0.131 0.125 0.142 0.292 
 63    (0)   :  0.004 0.005 0.033 0.038 0.159 0.171 0.116 0.181 0.164 0.128 
 64    (0)   :  0.006 0.011 0.016 0.031 0.126 0.091 0.214 0.102 0.199 0.204 
 65    (0)   :  0.005 0.005 0.019 0.032 0.131 0.078 0.195 0.210 0.102 0.223 
 66    (0)   :  0.004 0.005 0.022 0.073 0.202 0.167 0.094 0.146 0.122 0.164 
 67    (0)   :  0.005 0.004 0.098 0.031 0.264 0.102 0.115 0.105 0.114 0.163 
 68    (0)   :  0.006 0.028 0.037 0.038 0.118 0.143 0.081 0.096 0.249 0.204 
 69    (0)   :  0.008 0.068 0.051 0.165 0.068 0.074 0.152 0.096 0.168 0.150 
 70    (0)   :  0.004 0.010 0.077 0.050 0.097 0.154 0.116 0.196 0.191 0.103 
 71    (0)   :  0.005 0.025 0.047 0.030 0.156 0.079 0.090 0.107 0.234 0.227 
 72    (0)   :  0.005 0.007 0.039 0.033 0.099 0.088 0.158 0.103 0.350 0.117 
 73    (0)   :  0.005 0.008 0.045 0.035 0.239 0.089 0.081 0.116 0.139 0.244 
 74    (0)   :  0.004 0.022 0.037 0.034 0.131 0.166 0.085 0.085 0.341 0.096 
 75    (0)   :  0.005 0.012 0.037 0.048 0.143 0.186 0.071 0.073 0.305 0.121 
 76    (0)   :  0.005 0.004 0.052 0.033 0.202 0.118 0.150 0.187 0.130 0.121 
 77    (0)   :  0.005 0.030 0.057 0.026 0.120 0.120 0.097 0.170 0.198 0.178 
 78    (0)   :  0.005 0.134 0.053 0.026 0.100 0.119 0.100 0.156 0.153 0.154 
 79    (0)   :  0.004 0.005 0.014 0.039 0.092 0.105 0.147 0.230 0.199 0.165 
 80    (0)   :  0.004 0.004 0.016 0.062 0.116 0.353 0.075 0.151 0.125 0.094 
 81    (0)   :  0.005 0.005 0.013 0.072 0.112 0.272 0.077 0.201 0.152 0.092 
 82    (0)   :  0.004 0.005 0.026 0.044 0.118 0.166 0.102 0.117 0.143 0.275 
 83    (0)   :  0.004 0.007 0.021 0.066 0.123 0.206 0.129 0.221 0.131 0.091 
 84    (0)   :  0.004 0.005 0.014 0.064 0.096 0.193 0.133 0.214 0.161 0.115 
 85    (0)   :  0.004 0.009 0.019 0.068 0.096 0.222 0.169 0.122 0.181 0.110 
 86    (0)   :  0.006 0.007 0.028 0.036 0.227 0.104 0.152 0.107 0.120 0.214 
 87    (0)   :  0.005 0.009 0.023 0.052 0.088 0.110 0.112 0.334 0.146 0.121 
 88    (0)   :  0.004 0.005 0.014 0.054 0.099 0.247 0.086 0.178 0.164 0.150 
 89    (0)   :  0.005 0.005 0.014 0.092 0.152 0.227 0.081 0.152 0.158 0.113 
 90    (0)   :  0.004 0.005 0.014 0.046 0.101 0.120 0.111 0.294 0.140 0.166 
 91    (0)   :  0.004 0.009 0.021 0.067 0.087 0.330 0.122 0.126 0.143 0.091 
 92    (0)   :  0.004 0.005 0.014 0.047 0.104 0.143 0.115 0.166 0.207 0.194 
 93    (0)   :  0.004 0.004 0.017 0.230 0.086 0.245 0.079 0.082 0.142 0.111 
 94    (0)   :  0.004 0.010 0.023 0.040 0.061 0.098 0.109 0.430 0.146 0.079 
 95    (0)   :  0.004 0.005 0.014 0.052 0.096 0.208 0.082 0.301 0.113 0.127 
 96    (0)   :  0.004 0.004 0.069 0.045 0.214 0.232 0.072 0.096 0.107 0.157 
 97    (0)   :  0.005 0.011 0.027 0.038 0.155 0.163 0.074 0.077 0.310 0.140 
 98    (0)   :  0.004 0.005 0.046 0.031 0.142 0.169 0.121 0.107 0.200 0.175 
 99    (0)   :  0.004 0.005 0.014 0.062 0.111 0.182 0.118 0.236 0.147 0.120 
100    (0)   :  0.005 0.004 0.017 0.053 0.189 0.373 0.072 0.080 0.096 0.111 
101    (0)   :  0.006 0.011 0.027 0.091 0.110 0.127 0.112 0.226 0.156 0.134 
102    (0)   :  0.005 0.008 0.042 0.060 0.096 0.271 0.120 0.147 0.100 0.150 
103    (0)   :  0.005 0.004 0.018 0.101 0.300 0.100 0.110 0.160 0.089 0.112 
104    (0)   :  0.004 0.004 0.016 0.102 0.080 0.073 0.105 0.364 0.089 0.163 
105    (0)   :  0.005 0.004 0.019 0.155 0.120 0.081 0.094 0.190 0.084 0.247 
106    (0)   :  0.004 0.005 0.017 0.026 0.069 0.067 0.134 0.393 0.143 0.141 
107    (0)   :  0.006 0.005 0.022 0.081 0.190 0.107 0.111 0.236 0.093 0.149 
108    (0)   :  0.004 0.051 0.051 0.042 0.273 0.089 0.192 0.095 0.081 0.121 
109    (0)   :  0.005 0.012 0.020 0.039 0.090 0.062 0.122 0.186 0.140 0.323 
110    (0)   :  0.004 0.006 0.016 0.034 0.062 0.071 0.127 0.411 0.150 0.119 
111    (0)   :  0.006 0.006 0.018 0.041 0.097 0.093 0.103 0.325 0.083 0.229 
112    (0)   :  0.004 0.006 0.034 0.031 0.058 0.074 0.083 0.331 0.111 0.267 
113    (0)   :  0.005 0.010 0.023 0.050 0.237 0.107 0.130 0.118 0.163 0.159 
114    (0)   :  0.004 0.004 0.015 0.121 0.085 0.082 0.091 0.306 0.086 0.206 
115    (0)   :  0.005 0.005 0.069 0.035 0.070 0.120 0.138 0.235 0.090 0.233 
116    (0)   :  0.005 0.013 0.036 0.027 0.111 0.074 0.119 0.224 0.181 0.210 
117    (0)   :  0.006 0.007 0.031 0.038 0.057 0.090 0.123 0.285 0.160 0.203 
118    (0)   :  0.004 0.008 0.018 0.036 0.195 0.093 0.095 0.121 0.089 0.343 
119    (0)   :  0.004 0.007 0.090 0.049 0.151 0.236 0.113 0.153 0.095 0.102 
120    (0)   :  0.005 0.005 0.038 0.049 0.099 0.118 0.115 0.248 0.086 0.238 
121    (0)   :  0.009 0.008 0.113 0.038 0.073 0.082 0.115 0.221 0.115 0.226 
122    (0)   :  0.004 0.005 0.017 0.050 0.084 0.073 0.123 0.308 0.143 0.194 
123    (0)   :  0.005 0.006 0.023 0.051 0.106 0.101 0.117 0.336 0.114 0.142 
124    (0)   :  0.009 0.007 0.035 0.035 0.130 0.081 0.167 0.182 0.178 0.177 
125    (0)   :  0.005 0.012 0.044 0.032 0.058 0.093 0.157 0.141 0.269 0.189 
126    (0)   :  0.004 0.006 0.035 0.040 0.114 0.115 0.097 0.286 0.180 0.124 
127    (0)   :  0.005 0.005 0.019 0.040 0.115 0.096 0.087 0.389 0.077 0.168 
128    (0)   :  0.004 0.004 0.019 0.035 0.188 0.091 0.089 0.110 0.098 0.363 
129    (0)   :  0.006 0.004 0.020 0.059 0.208 0.066 0.113 0.235 0.089 0.198 
130    (0)   :  0.006 0.005 0.016 0.081 0.105 0.108 0.098 0.267 0.091 0.224 
131    (0)   :  0.009 0.042 0.050 0.039 0.077 0.069 0.141 0.211 0.206 0.156 
132    (0)   :  0.005 0.005 0.018 0.042 0.149 0.063 0.116 0.335 0.134 0.135 
133    (0)   :  0.007 0.007 0.026 0.054 0.188 0.103 0.129 0.265 0.089 0.132 
134    (0)   :  0.004 0.005 0.014 0.025 0.063 0.061 0.095 0.473 0.114 0.146 
135    (0)   :  0.005 0.006 0.036 0.070 0.113 0.289 0.065 0.073 0.140 0.203 
136    (0)   :  0.005 0.005 0.017 0.157 0.082 0.293 0.113 0.066 0.119 0.143 
137    (0)   :  0.005 0.005 0.016 0.115 0.064 0.375 0.075 0.075 0.134 0.136 
138    (0)   :  0.004 0.005 0.019 0.249 0.067 0.294 0.069 0.075 0.136 0.082 
139    (0)   :  0.004 0.005 0.022 0.135 0.260 0.120 0.088 0.076 0.146 0.146 
140    (0)   :  0.005 0.006 0.026 0.121 0.105 0.190 0.075 0.103 0.228 0.142 
141    (0)   :  0.005 0.005 0.018 0.292 0.091 0.118 0.111 0.075 0.161 0.124 
142    (0)   :  0.005 0.005 0.044 0.129 0.164 0.202 0.068 0.075 0.133 0.173 
143    (0)   :  0.004 0.004 0.016 0.068 0.073 0.520 0.064 0.062 0.102 0.087 
144    (0)   :  0.004 0.005 0.017 0.066 0.068 0.456 0.067 0.073 0.110 0.135 
145    (0)   :  0.006 0.005 0.023 0.114 0.101 0.201 0.125 0.075 0.189 0.162 
146    (0)   :  0.005 0.006 0.018 0.167 0.062 0.194 0.091 0.106 0.206 0.145 
147    (0)   :  0.005 0.004 0.016 0.152 0.061 0.409 0.073 0.065 0.124 0.091 
148    (0)   :  0.005 0.004 0.031 0.230 0.110 0.154 0.115 0.087 0.109 0.156 
149    (0)   :  0.004 0.006 0.026 0.271 0.111 0.140 0.070 0.068 0.185 0.118 
150    (0)   :  0.005 0.004 0.018 0.126 0.097 0.246 0.088 0.098 0.135 0.183 
151    (0)   :  0.004 0.004 0.017 0.085 0.092 0.404 0.073 0.080 0.121 0.119 
152    (0)   :  0.005 0.007 0.050 0.158 0.095 0.208 0.159 0.079 0.096 0.144 
153    (0)   :  0.004 0.005 0.027 0.260 0.069 0.195 0.073 0.085 0.186 0.096 
154    (0)   :  0.005 0.005 0.025 0.324 0.117 0.121 0.099 0.064 0.116 0.123 
155    (0)   :  0.004 0.004 0.015 0.256 0.080 0.294 0.075 0.087 0.093 0.092 
156    (0)   :  0.004 0.004 0.039 0.136 0.106 0.336 0.066 0.079 0.100 0.129 
157    (0)   :  0.004 0.004 0.014 0.238 0.067 0.241 0.092 0.143 0.105 0.091 
158    (0)   :  0.005 0.006 0.021 0.117 0.079 0.218 0.116 0.072 0.203 0.163 
159    (0)   :  0.005 0.005 0.013 0.257 0.071 0.305 0.071 0.065 0.104 0.103 
160    (0)   :  0.005 0.005 0.013 0.305 0.086 0.226 0.071 0.065 0.105 0.118 
161    (0)   :  0.004 0.005 0.019 0.087 0.080 0.285 0.081 0.087 0.238 0.114 
162    (0)   :  0.006 0.005 0.019 0.185 0.077 0.147 0.097 0.110 0.191 0.163 
163    (0)   :  0.004 0.004 0.023 0.232 0.081 0.314 0.067 0.079 0.104 0.092 
164    (0)   :  0.005 0.005 0.016 0.272 0.103 0.132 0.081 0.099 0.144 0.143 
165    (0)   :  0.005 0.005 0.018 0.080 0.081 0.339 0.074 0.090 0.122 0.185 
166    (0)   :  0.004 0.009 0.029 0.259 0.110 0.144 0.123 0.129 0.098 0.094 
167    (0)   :  0.006 0.005 0.018 0.424 0.052 0.102 0.105 0.079 0.097 0.112 
168    (0)   :  0.004 0.012 0.029 0.178 0.075 0.257 0.104 0.082 0.157 0.102 
169    (0)   :  0.006 0.012 0.019 0.090 0.065 0.170 0.110 0.068 0.305 0.154 
170    (0)   :  0.004 0.004 0.030 0.048 0.142 0.370 0.073 0.081 0.129 0.118 
171    (0)   :  0.004 0.008 0.027 0.179 0.107 0.209 0.140 0.077 0.124 0.125 
172    (0)   :  0.005 0.012 0.032 0.131 0.099 0.160 0.068 0.065 0.305 0.123 
173    (0)   :  0.005 0.004 0.014 0.262 0.112 0.245 0.076 0.068 0.100 0.115 
174    (0)   :  0.004 0.004 0.013 0.271 0.076 0.233 0.080 0.082 0.127 0.109 
175    (0)   :  0.005 0.004 0.023 0.080 0.074 0.437 0.113 0.066 0.104 0.095 
176    (0)   :  0.005 0.005 0.017 0.066 0.067 0.456 0.066 0.073 0.111 0.134 
177    (0)   :  0.005 0.006 0.016 0.223 0.066 0.163 0.094 0.156 0.166 0.106 
178    (0)   :  0.005 0.004 0.014 0.278 0.083 0.176 0.127 0.085 0.119 0.110 
179    (0)   :  0.004 0.004 0.014 0.371 0.085 0.191 0.074 0.068 0.106 0.082 
180    (0)   :  0.006 0.006 0.024 0.181 0.063 0.192 0.083 0.085 0.224 0.137 
181    (0)   :  0.005 0.005 0.022 0.108 0.122 0.252 0.080 0.075 0.183 0.148 
182    (0)   :  0.005 0.004 0.021 0.089 0.135 0.365 0.067 0.066 0.102 0.146 
183    (0)   :  0.005 0.004 0.017 0.155 0.094 0.363 0.077 0.068 0.121 0.097 
184    (0)   :  0.005 0.006 0.015 0.033 0.344 0.098 0.183 0.092 0.089 0.135 
185    (0)   :  0.004 0.004 0.062 0.148 0.095 0.373 0.060 0.057 0.092 0.106 
186    (0)   :  0.005 0.004 0.017 0.034 0.306 0.095 0.145 0.154 0.115 0.126 
187    (0)   :  0.004 0.004 0.017 0.098 0.285 0.186 0.105 0.091 0.097 0.113 
188    (0)   :  0.005 0.003 0.016 0.029 0.418 0.076 0.136 0.111 0.091 0.115 
189    (0)   :  0.004 0.010 0.024 0.053 0.173 0.211 0.165 0.093 0.178 0.091 
190    (0)   :  0.004 0.004 0.059 0.047 0.355 0.195 0.060 0.062 0.080 0.135 
191    (0)   :  0.004 0.004 0.014 0.038 0.401 0.108 0.104 0.082 0.099 0.147 
192    (0)   :  0.004 0.004 0.014 0.050 0.224 0.229 0.123 0.116 0.105 0.131 
193    (0)   :  0.004 0.004 0.019 0.043 0.195 0.193 0.121 0.087 0.135 0.198 
194    (0)   :  0.004 0.004 0.025 0.052 0.221 0.240 0.103 0.109 0.124 0.117 
195    (0)   :  0.004 0.004 0.025 0.058 0.385 0.214 0.063 0.062 0.100 0.086 
196    (0)   :  0.004 0.005 0.028 0.046 0.375 0.165 0.077 0.079 0.083 0.140 
197    (0)   :  0.005 0.004 0.021 0.083 0.168 0.157 0.175 0.120 0.117 0.149 
198    (0)   :  0.004 0.005 0.023 0.046 0.154 0.158 0.143 0.112 0.206 0.151 
199    (0)   :  0.004 0.007 0.032 0.037 0.286 0.182 0.078 0.087 0.120 0.167 
200    (0)   :  0.004 0.006 0.031 0.044 0.330 0.157 0.115 0.083 0.086 0.145 
201    (0)   :  0.004 0.004 0.019 0.139 0.257 0.232 0.079 0.068 0.092 0.106 
202    (0)   :  0.004 0.004 0.031 0.050 0.146 0.381 0.065 0.082 0.107 0.130 
203    (0)   :  0.004 0.004 0.016 0.095 0.290 0.273 0.073 0.068 0.072 0.105 
204    (0)   :  0.004 0.004 0.020 0.040 0.497 0.128 0.064 0.066 0.084 0.094 
205    (0)   :  0.004 0.006 0.022 0.038 0.404 0.121 0.092 0.087 0.105 0.123 
206    (0)   :  0.004 0.004 0.018 0.052 0.452 0.143 0.072 0.066 0.091 0.098 
207    (0)   :  0.004 0.004 0.020 0.033 0.389 0.119 0.073 0.088 0.086 0.183 
208    (0)   :  0.004 0.004 0.019 0.102 0.345 0.157 0.074 0.074 0.085 0.137 
209    (0)   :  0.004 0.004 0.018 0.039 0.303 0.150 0.106 0.086 0.110 0.179 
210    (0)   :  0.004 0.003 0.016 0.046 0.447 0.135 0.077 0.076 0.088 0.108 
211    (0)   :  0.005 0.004 0.032 0.041 0.121 0.241 0.078 0.093 0.076 0.310 
212    (0)   :  0.004 0.004 0.030 0.059 0.150 0.349 0.090 0.064 0.138 0.112 
213    (0)   :  0.004 0.005 0.042 0.041 0.212 0.171 0.072 0.142 0.176 0.136 
214    (0)   :  0.004 0.004 0.018 0.051 0.204 0.360 0.080 0.069 0.083 0.128 
215    (0)   :  0.004 0.006 0.019 0.036 0.407 0.097 0.096 0.093 0.080 0.163 
216    (0)   :  0.005 0.005 0.017 0.037 0.245 0.120 0.199 0.094 0.110 0.169 
217    (0)   :  0.004 0.005 0.019 0.056 0.295 0.275 0.082 0.066 0.095 0.102 
218    (0)   :  0.004 0.005 0.014 0.042 0.399 0.131 0.082 0.106 0.102 0.115 
219    (0)   :  0.007 0.008 0.017 0.065 0.190 0.216 0.181 0.086 0.123 0.108 
220    (0)   :  0.004 0.004 0.015 0.036 0.501 0.101 0.071 0.076 0.080 0.111 
221    (0)   :  0.004 0.004 0.036 0.042 0.137 0.458 0.064 0.063 0.094 0.099 
222    (0)   :  0.006 0.005 0.017 0.046 0.202 0.158 0.207 0.094 0.135 0.129 
223    (0)   :  0.004 0.005 0.018 0.105 0.191 0.229 0.120 0.090 0.117 0.121 
224    (0)   :  0.004 0.004 0.016 0.062 0.330 0.253 0.075 0.068 0.088 0.099 
225    (0)   :  0.004 0.004 0.023 0.043 0.391 0.144 0.087 0.079 0.102 0.123 
226    (0)   :  0.005 0.043 0.016 0.046 0.274 0.147 0.136 0.091 0.110 0.133 
227    (0)   :  0.004 0.004 0.039 0.073 0.286 0.206 0.065 0.092 0.104 0.126 
228    (0)   :  0.004 0.004 0.068 0.060 0.317 0.217 0.060 0.058 0.096 0.115 
229    (0)   :  0.004 0.004 0.014 0.054 0.325 0.264 0.079 0.076 0.089 0.091 
230    (0)   :  0.004 0.004 0.014 0.047 0.384 0.215 0.075 0.073 0.078 0.106 
231    (0)   :  0.004 0.004 0.015 0.064 0.296 0.211 0.107 0.068 0.110 0.120 
232    (0)   :  0.004 0.005 0.024 0.043 0.169 0.239 0.070 0.111 0.211 0.123 
233    (0)   :  0.004 0.004 0.015 0.126 0.188 0.309 0.081 0.070 0.080 0.122 
234    (0)   :  0.004 0.004 0.015 0.057 0.195 0.178 0.159 0.093 0.122 0.172 
235    (0)   :  0.004 0.007 0.020 0.048 0.259 0.232 0.097 0.086 0.131 0.116 
236    (0)   :  0.004 0.004 0.015 0.057 0.198 0.294 0.108 0.079 0.091 0.150 
237    (0)   :  0.004 0.004 0.023 0.039 0.346 0.127 0.085 0.077 0.107 0.189 
238    (0)   :  0.004 0.004 0.018 0.053 0.187 0.339 0.088 0.085 0.097 0.125 
239    (0)   :  0.004 0.004 0.024 0.058 0.385 0.214 0.064 0.062 0.099 0.085 
240    (0)   :  0.004 0.004 0.018 0.052 0.189 0.337 0.088 0.086 0.098 0.125 
241    (0)   :  0.005 0.005 0.022 0.055 0.210 0.303 0.077 0.074 0.121 0.129 
242    (0)   :  0.004 0.005 0.020 0.047 0.378 0.154 0.107 0.086 0.121 0.077 
243    (0)   :  0.004 0.004 0.032 0.045 0.377 0.173 0.068 0.066 0.074 0.157 
244    (0)   :  0.004 0.004 0.015 0.053 0.337 0.260 0.074 0.066 0.078 0.110 
245    (0)   :  0.004 0.004 0.023 0.129 0.154 0.328 0.073 0.078 0.109 0.098 
246    (0)   :  0.004 0.005 0.020 0.057 0.294 0.275 0.082 0.067 0.095 0.102 
247    (0)   :  0.004 0.005 0.021 0.034 0.256 0.087 0.124 0.204 0.132 0.134 
248    (0)   :  0.004 0.004 0.019 0.035 0.296 0.097 0.095 0.101 0.094 0.255 
249    (0)   :  0.004 0.004 0.017 0.045 0.272 0.292 0.080 0.078 0.085 0.123 
250    (0)   :  0.004 0.004 0.014 0.049 0.255 0.241 0.110 0.091 0.091 0.141 
251    (0)   :  0.004 0.009 0.021 0.043 0.242 0.129 0.179 0.103 0.103 0.166 
252    (0)   :  0.004 0.004 0.023 0.052 0.320 0.194 0.090 0.082 0.125 0.105 
253    (0)   :  0.004 0.008 0.023 0.037 0.242 0.129 0.111 0.125 0.152 0.169 
254    (0)   :  0.005 0.004 0.019 0.052 0.253 0.165 0.178 0.085 0.110 0.129 
255    (0)   :  0.004 0.004 0.018 0.048 0.247 0.197 0.113 0.093 0.134 0.143 
256    (0)   :  0.004 0.004 0.021 0.045 0.296 0.224 0.086 0.075 0.105 0.141 
257    (0)   :  0.006 0.005 0.019 0.049 0.313 0.153 0.092 0.093 0.106 0.164 
258    (0)   :  0.004 0.004 0.039 0.048 0.218 0.140 0.114 0.099 0.127 0.207 
259    (0)   :  0.004 0.004 0.016 0.048 0.309 0.185 0.106 0.087 0.091 0.149 
260    (0)   :  0.005 0.004 0.015 0.057 0.135 0.283 0.195 0.086 0.101 0.118 
261    (0)   :  0.004 0.004 0.029 0.063 0.259 0.245 0.088 0.072 0.125 0.110 
262    (0)   :  0.004 0.005 0.030 0.046 0.348 0.242 0.067 0.062 0.092 0.105 
263    (0)   :  0.005 0.004 0.017 0.037 0.437 0.109 0.122 0.074 0.079 0.118 
264    (0)   :  0.006 0.005 0.018 0.028 0.175 0.082 0.294 0.097 0.119 0.176 
265    (0)   :  0.004 0.006 0.017 0.058 0.302 0.177 0.112 0.087 0.112 0.125 
266    (0)   :  0.004 0.004 0.027 0.050 0.177 0.412 0.064 0.063 0.093 0.105 
267    (0)   :  0.004 0.004 0.020 0.050 0.173 0.225 0.106 0.086 0.122 0.211 
268    (0)   :  0.004 0.005 0.029 0.046 0.368 0.167 0.078 0.079 0.082 0.143 
269    (0)   :  0.004 0.007 0.017 0.061 0.221 0.193 0.182 0.091 0.119 0.105 
270    (0)   :  0.005 0.004 0.017 0.060 0.266 0.103 0.154 0.112 0.124 0.154 
271    (0)   :  0.004 0.005 0.023 0.042 0.286 0.123 0.106 0.098 0.100 0.213 
272    (0)   :  0.005 0.044 0.022 0.043 0.288 0.127 0.120 0.092 0.093 0.165 
273    (0)   :  0.018 0.014 0.023 0.069 0.187 0.173 0.111 0.123 0.140 0.141 
274    (0)   :  0.004 0.008 0.015 0.043 0.294 0.140 0.128 0.096 0.116 0.156 
275    (0)   :  0.007 0.013 0.019 0.083 0.289 0.125 0.138 0.080 0.107 0.140 
276    (0)   :  0.005 0.035 0.022 0.034 0.283 0.131 0.098 0.101 0.108 0.184 
277    (0)   :  0.004 0.005 0.017 0.059 0.225 0.220 0.121 0.087 0.132 0.130 
278    (0)   :  0.004 0.006 0.022 0.043 0.369 0.117 0.094 0.083 0.080 0.181 
279    (0)   :  0.004 0.005 0.016 0.047 0.281 0.173 0.117 0.086 0.112 0.158 
280    (0)   :  0.004 0.008 0.020 0.050 0.262 0.162 0.116 0.084 0.170 0.124 
281    (0)   :  0.004 0.005 0.017 0.043 0.287 0.141 0.090 0.123 0.136 0.155 
282    (0)   :  0.004 0.004 0.015 0.067 0.152 0.341 0.116 0.081 0.102 0.118 
283    (0)   :  0.004 0.004 0.018 0.085 0.181 0.358 0.083 0.086 0.085 0.096 
284    (0)   :  0.004 0.004 0.020 0.094 0.169 0.199 0.124 0.099 0.103 0.184 
285    (0)   :  0.004 0.005 0.029 0.029 0.324 0.075 0.095 0.108 0.123 0.209 
286    (0)   :  0.004 0.004 0.015 0.053 0.336 0.257 0.075 0.067 0.079 0.111 
287    (0)   :  0.004 0.008 0.015 0.052 0.241 0.178 0.101 0.124 0.162 0.114 
288    (0)   :  0.004 0.027 0.015 0.040 0.385 0.114 0.113 0.090 0.090 0.121 
289    (0)   :  0.006 0.014 0.026 0.043 0.336 0.104 0.126 0.112 0.088 0.144 
290    (0)   :  0.006 0.005 0.033 0.034 0.211 0.179 0.138 0.088 0.131 0.175 
291    (0)   :  0.004 0.005 0.023 0.042 0.284 0.123 0.106 0.097 0.100 0.214 
292    (0)   :  0.004 0.009 0.032 0.050 0.246 0.183 0.094 0.077 0.199 0.107 
293    (0)   :  0.005 0.004 0.038 0.035 0.150 0.120 0.178 0.088 0.167 0.214 
294    (0)   :  0.005 0.005 0.020 0.033 0.466 0.100 0.114 0.076 0.086 0.096 
295    (0)   :  0.005 0.019 0.029 0.067 0.221 0.117 0.118 0.105 0.134 0.183 
296    (0)   :  0.004 0.005 0.019 0.040 0.415 0.113 0.074 0.106 0.088 0.135 
297    (0)   :  0.004 0.008 0.017 0.041 0.297 0.129 0.117 0.097 0.173 0.116 
298    (0)   :  0.004 0.004 0.014 0.057 0.200 0.288 0.117 0.097 0.105 0.115 
299    (0)   :  0.006 0.004 0.015 0.041 0.411 0.121 0.128 0.083 0.095 0.096 
300    (0)   :  0.004 0.004 0.019 0.032 0.456 0.093 0.075 0.079 0.122 0.117 
301    (0)   :  0.005 0.006 0.015 0.059 0.261 0.105 0.217 0.083 0.101 0.149 
302    (0)   :  0.006 0.005 0.029 0.057 0.407 0.092 0.121 0.073 0.087 0.123 
303    (0)   :  0.004 0.005 0.019 0.055 0.264 0.254 0.080 0.076 0.142 0.104 
304    (0)   :  0.005 0.004 0.014 0.160 0.092 0.200 0.168 0.114 0.124 0.119 
305    (0)   :  0.004 0.005 0.020 0.076 0.423 0.138 0.074 0.063 0.099 0.098 
306    (0)   :  0.004 0.007 0.018 0.052 0.237 0.287 0.097 0.076 0.118 0.104 
307    (0)   :  0.004 0.005 0.017 0.054 0.205 0.231 0.122 0.087 0.110 0.165 
308    (0)   :  0.004 0.004 0.030 0.063 0.262 0.245 0.088 0.073 0.124 0.109 
309    (0)   :  0.012 0.010 0.028 0.048 0.418 0.099 0.084 0.098 0.082 0.122 
310    (0)   :  0.004 0.004 0.022 0.047 0.366 0.205 0.073 0.066 0.085 0.129 
311    (0)   :  0.004 0.004 0.014 0.046 0.384 0.216 0.075 0.073 0.079 0.105 
312    (0)   :  0.004 0.004 0.019 0.038 0.486 0.100 0.072 0.083 0.076 0.119 
313    (0)   :  0.004 0.004 0.038 0.036 0.429 0.093 0.080 0.079 0.087 0.152 
314    (0)   :  0.004 0.006 0.032 0.230 0.090 0.299 0.067 0.062 0.121 0.087 
315    (0)   :  0.004 0.008 0.035 0.317 0.074 0.198 0.099 0.071 0.114 0.080 
316    (0)   :  0.005 0.013 0.022 0.379 0.063 0.140 0.108 0.077 0.111 0.082 
317    (0)   :  0.005 0.006 0.019 0.264 0.070 0.301 0.069 0.065 0.113 0.089 
318    (0)   :  0.004 0.005 0.013 0.441 0.057 0.156 0.071 0.064 0.109 0.078 
319    (0)   :  0.004 0.004 0.016 0.094 0.074 0.482 0.065 0.063 0.105 0.093 
320    (0)   :  0.004 0.006 0.032 0.231 0.090 0.301 0.067 0.063 0.120 0.086 
321    (0)   :  0.005 0.006 0.017 0.334 0.063 0.226 0.072 0.065 0.125 0.086 
322    (0)   :  0.006 0.014 0.038 0.194 0.082 0.275 0.104 0.078 0.115 0.094 
323    (0)   :  0.010 0.005 0.013 0.350 0.066 0.227 0.073 0.065 0.108 0.083 
324    (0)   :  0.004 0.006 0.017 0.335 0.063 0.227 0.072 0.065 0.124 0.086 
325    (0)   :  0.004 0.011 0.019 0.420 0.058 0.128 0.104 0.073 0.102 0.080 
326    (0)   :  0.007 0.023 0.022 0.396 0.060 0.131 0.103 0.075 0.101 0.081 
327    (0)   :  0.005 0.006 0.019 0.264 0.071 0.301 0.069 0.065 0.112 0.088 
328    (0)   :  0.004 0.009 0.026 0.246 0.076 0.248 0.106 0.075 0.118 0.093 
329    (0)   :  0.004 0.004 0.013 0.243 0.057 0.353 0.071 0.065 0.111 0.079 
330    (0)   :  0.005 0.006 0.019 0.264 0.071 0.300 0.069 0.064 0.114 0.089 
331    (0)   :  0.004 0.004 0.013 0.378 0.065 0.206 0.070 0.064 0.111 0.083 
332    (0)   :  0.010 0.014 0.020 0.408 0.058 0.126 0.109 0.075 0.100 0.080 
333    (0)   :  0.007 0.017 0.023 0.347 0.071 0.167 0.102 0.077 0.103 0.086 
334    (0)   :  0.004 0.009 0.026 0.248 0.077 0.244 0.105 0.075 0.118 0.094 
335    (0)   :  0.004 0.009 0.029 0.166 0.070 0.354 0.100 0.075 0.104 0.088 
336    (0)   :  0.009 0.006 0.023 0.393 0.073 0.160 0.072 0.063 0.121 0.079 
337    (0)   :  0.004 0.013 0.028 0.316 0.065 0.187 0.106 0.074 0.116 0.089 
338    (0)   :  0.004 0.005 0.013 0.450 0.057 0.144 0.072 0.064 0.112 0.079 
339    (0)   :  0.004 0.004 0.013 0.375 0.065 0.209 0.070 0.064 0.112 0.083 
340    (0)   :  0.004 0.004 0.014 0.295 0.072 0.294 0.066 0.064 0.102 0.085 
341    (0)   :  0.010 0.007 0.015 0.291 0.069 0.272 0.071 0.066 0.110 0.089 
342    (0)   :  0.005 0.006 0.019 0.265 0.070 0.301 0.069 0.065 0.112 0.089 
343    (0)   :  0.010 0.010 0.055 0.177 0.080 0.289 0.105 0.073 0.116 0.086 
344    (0)   :  0.004 0.004 0.013 0.367 0.056 0.231 0.070 0.065 0.110 0.079 
345    (0)   :  0.005 0.006 0.019 0.263 0.071 0.301 0.069 0.065 0.113 0.089 
346    (0)   :  0.004 0.005 0.014 0.378 0.063 0.217 0.068 0.065 0.103 0.082 
347    (0)   :  0.004 0.004 0.014 0.289 0.061 0.314 0.067 0.064 0.102 0.081 
348    (0)   :  0.004 0.008 0.055 0.142 0.088 0.346 0.092 0.071 0.107 0.087 
349    (0)   :  0.005 0.006 0.019 0.267 0.070 0.299 0.069 0.065 0.112 0.089 
350    (0)   :  0.004 0.004 0.020 0.255 0.083 0.291 0.068 0.062 0.124 0.088 
351    (0)   :  0.004 0.009 0.030 0.167 0.069 0.356 0.099 0.075 0.102 0.088 
352    (0)   :  0.004 0.013 0.032 0.253 0.074 0.247 0.102 0.075 0.107 0.091 
353    (0)   :  0.010 0.006 0.023 0.393 0.073 0.160 0.072 0.064 0.121 0.079 
354    (0)   :  0.005 0.005 0.014 0.341 0.060 0.243 0.072 0.066 0.113 0.080 
355    (0)   :  0.004 0.005 0.013 0.443 0.056 0.155 0.070 0.065 0.110 0.079 
356    (0)   :  0.004 0.008 0.050 0.056 0.081 0.454 0.092 0.070 0.101 0.084 
357    (0)   :  0.004 0.008 0.021 0.153 0.070 0.221 0.205 0.087 0.132 0.100 
358    (0)   :  0.004 0.009 0.020 0.374 0.058 0.171 0.104 0.074 0.105 0.081 
359    (0)   :  0.004 0.005 0.013 0.398 0.065 0.184 0.069 0.064 0.114 0.083 
360    (0)   :  0.004 0.005 0.014 0.377 0.063 0.217 0.069 0.064 0.104 0.081 
361    (0)   :  0.004 0.008 0.027 0.064 0.080 0.276 0.201 0.087 0.144 0.109 
362    (0)   :  0.005 0.010 0.018 0.062 0.206 0.087 0.157 0.187 0.177 0.091 
363    (0)   :  0.006 0.007 0.021 0.035 0.105 0.082 0.200 0.245 0.179 0.119 
364    (0)   :  0.014 0.006 0.022 0.068 0.078 0.199 0.183 0.103 0.160 0.167 
365    (0)   :  0.011 0.012 0.019 0.036 0.078 0.093 0.181 0.128 0.269 0.174 
366    (0)   :  0.005 0.010 0.056 0.042 0.135 0.142 0.222 0.087 0.165 0.136 
367    (0)   :  0.004 0.006 0.015 0.030 0.059 0.070 0.118 0.463 0.140 0.095 
368    (0)   :  0.005 0.005 0.014 0.039 0.115 0.105 0.133 0.174 0.171 0.240 
369    (0)   :  0.006 0.007 0.074 0.062 0.111 0.192 0.189 0.091 0.147 0.120 
370    (0)   :  0.009 0.009 0.019 0.055 0.132 0.105 0.147 0.175 0.132 0.216 
371    (0)   :  0.008 0.006 0.025 0.061 0.139 0.115 0.253 0.098 0.143 0.151 
372    (0)   :  0.030 0.014 0.023 0.054 0.183 0.123 0.087 0.174 0.134 0.178 
373    (0)   :  0.005 0.004 0.018 0.039 0.090 0.154 0.103 0.288 0.172 0.127 
374    (0)   :  0.005 0.011 0.020 0.048 0.103 0.209 0.164 0.116 0.136 0.187 
375    (0)   :  0.012 0.008 0.016 0.036 0.090 0.084 0.253 0.189 0.168 0.145 
376    (0)   :  0.089 0.008 0.017 0.033 0.054 0.079 0.245 0.162 0.216 0.096 
377    (0)   :  0.005 0.007 0.023 0.072 0.108 0.089 0.152 0.116 0.207 0.219 
378    (0)   :  0.005 0.005 0.020 0.105 0.083 0.137 0.079 0.308 0.125 0.132 
379    (0)   :  0.153 0.013 0.020 0.030 0.067 0.072 0.219 0.175 0.155 0.097 
380    (0)   :  0.008 0.015 0.027 0.042 0.083 0.141 0.107 0.082 0.397 0.099 
381    (0)   :  0.008 0.006 0.039 0.035 0.075 0.145 0.196 0.073 0.327 0.095 
382    (0)   :  0.004 0.005 0.014 0.049 0.068 0.079 0.398 0.152 0.117 0.115 
383    (0)   :  0.012 0.030 0.018 0.155 0.087 0.090 0.144 0.076 0.278 0.110 
384    (0)   :  0.043 0.015 0.020 0.086 0.070 0.115 0.204 0.132 0.199 0.115 
385    (0)   :  0.006 0.005 0.014 0.162 0.062 0.102 0.123 0.089 0.140 0.298 
386    (0)   :  0.004 0.005 0.016 0.032 0.080 0.083 0.207 0.256 0.203 0.114 
387    (0)   :  0.004 0.005 0.018 0.042 0.066 0.094 0.223 0.203 0.197 0.148 
388    (0)   :  0.011 0.009 0.016 0.068 0.080 0.174 0.144 0.107 0.172 0.218 
389    (0)   :  0.008 0.007 0.037 0.048 0.118 0.086 0.119 0.095 0.102 0.381 
390    (0)   :  0.015 0.022 0.048 0.035 0.081 0.083 0.125 0.258 0.224 0.109 
391    (0)   :  0.010 0.016 0.033 0.038 0.088 0.128 0.125 0.142 0.122 0.297 
392    (0)   :  0.006 0.005 0.018 0.048 0.087 0.136 0.129 0.188 0.280 0.102 
393    (0)   :  0.006 0.013 0.043 0.038 0.057 0.105 0.093 0.085 0.474 0.086 
394    (0)   :  0.004 0.009 0.020 0.110 0.084 0.156 0.121 0.226 0.165 0.105 
395    (0)   :  0.004 0.013 0.025 0.035 0.183 0.095 0.123 0.164 0.219 0.140 
396    (0)   :  0.005 0.004 0.013 0.028 0.081 0.075 0.219 0.224 0.187 0.164 
397    (0)   :  0.050 0.005 0.018 0.049 0.205 0.160 0.178 0.088 0.130 0.116 
398    (0)   :  0.031 0.015 0.016 0.031 0.060 0.077 0.103 0.298 0.278 0.091 
399    (0)   :  0.005 0.017 0.021 0.044 0.095 0.085 0.108 0.371 0.110 0.144 
400    (0)   :  0.005 0.005 0.018 0.032 0.065 0.122 0.193 0.267 0.184 0.109 
401    (0)   :  0.004 0.005 0.028 0.037 0.086 0.124 0.080 0.342 0.167 0.127 
402    (0)   :  0.005 0.004 0.060 0.041 0.077 0.115 0.112 0.188 0.239 0.157 
403    (0)   :  0.005 0.006 0.019 0.084 0.085 0.229 0.097 0.096 0.198 0.181 
404    (0)   :  0.006 0.005 0.015 0.036 0.114 0.147 0.183 0.119 0.170 0.205 
405    (0)   :  0.004 0.009 0.023 0.041 0.115 0.120 0.196 0.130 0.229 0.131 
406    (0)   :  0.004 0.099 0.055 0.036 0.109 0.184 0.153 0.091 0.171 0.098 
407    (0)   :  0.004 0.009 0.014 0.027 0.069 0.072 0.172 0.139 0.380 0.113 
408    (0)   :  0.004 0.004 0.035 0.027 0.159 0.071 0.080 0.353 0.131 0.137 
409    (0)   :  0.008 0.018 0.044 0.038 0.070 0.260 0.078 0.096 0.292 0.095 
410    (0)   :  0.061 0.012 0.024 0.044 0.081 0.114 0.106 0.226 0.212 0.118 
411    (0)   :  0.011 0.006 0.059 0.093 0.064 0.098 0.248 0.142 0.183 0.096 
412    (0)   :  0.004 0.004 0.014 0.038 0.113 0.098 0.153 0.236 0.180 0.160 
413    (0)   :  0.004 0.004 0.015 0.095 0.101 0.127 0.131 0.233 0.165 0.126 
414    (0)   :  0.004 0.004 0.014 0.045 0.129 0.063 0.223 0.224 0.111 0.183 
415    (0)   :  0.005 0.008 0.033 0.029 0.090 0.101 0.234 0.184 0.200 0.117 
416    (0)   :  0.005 0.005 0.031 0.032 0.089 0.127 0.089 0.217 0.261 0.144 
417    (0)   :  0.005 0.029 0.024 0.035 0.074 0.089 0.179 0.239 0.231 0.095 
418    (0)   :  0.005 0.005 0.013 0.032 0.077 0.085 0.160 0.337 0.155 0.132 
419    (0)   :  0.009 0.009 0.024 0.051 0.081 0.191 0.108 0.143 0.242 0.144 
420    (0)   :  0.004 0.004 0.045 0.027 0.101 0.094 0.084 0.344 0.190 0.107 
421    (0)   :  0.005 0.013 0.018 0.034 0.100 0.090 0.101 0.251 0.263 0.124 
422    (0)   :  0.005 0.009 0.022 0.032 0.170 0.091 0.079 0.117 0.336 0.138 
423    (0)   :  0.006 0.008 0.021 0.047 0.107 0.111 0.289 0.167 0.124 0.121 
424    (0)   :  0.006 0.012 0.079 0.041 0.063 0.120 0.159 0.214 0.134 0.173 
425    (0)   :  0.014 0.008 0.019 0.047 0.080 0.131 0.207 0.113 0.164 0.216 
426    (0)   :  0.024 0.021 0.024 0.068 0.071 0.117 0.172 0.227 0.129 0.148 
427    (0)   :  0.004 0.013 0.016 0.111 0.054 0.083 0.120 0.263 0.256 0.079 
428    (0)   :  0.014 0.032 0.032 0.051 0.097 0.158 0.105 0.111 0.292 0.109 
429    (0)   :  0.005 0.005 0.015 0.029 0.064 0.071 0.235 0.328 0.161 0.086 
430    (0)   :  0.004 0.017 0.022 0.033 0.075 0.077 0.137 0.135 0.408 0.093 
431    (0)   :  0.008 0.011 0.016 0.078 0.117 0.107 0.197 0.184 0.099 0.184 
432    (0)   :  0.004 0.005 0.015 0.040 0.097 0.109 0.115 0.200 0.214 0.201 
433    (0)   :  0.006 0.005 0.022 0.066 0.106 0.265 0.118 0.117 0.121 0.177 
434    (0)   :  0.004 0.005 0.022 0.043 0.128 0.131 0.175 0.111 0.234 0.147 
435    (0)   :  0.004 0.023 0.021 0.031 0.056 0.076 0.156 0.220 0.314 0.098 
436    (0)   :  0.005 0.063 0.044 0.033 0.048 0.112 0.209 0.232 0.173 0.082 
437    (0)   :  0.005 0.007 0.016 0.032 0.065 0.085 0.422 0.106 0.148 0.113 
438    (0)   :  0.005 0.046 0.060 0.035 0.072 0.110 0.110 0.189 0.271 0.102 
439    (0)   :  0.004 0.031 0.019 0.033 0.046 0.087 0.132 0.163 0.399 0.085 
440    (0)   :  0.004 0.041 0.026 0.027 0.055 0.067 0.287 0.251 0.147 0.096 
441    (0)   :  0.004 0.012 0.022 0.044 0.058 0.111 0.143 0.114 0.391 0.101 
442    (0)   :  0.005 0.005 0.021 0.027 0.069 0.085 0.210 0.170 0.193 0.215 
443    (0)   :  0.004 0.010 0.073 0.028 0.072 0.076 0.114 0.336 0.164 0.123 
444    (0)   :  0.005 0.008 0.030 0.027 0.065 0.085 0.270 0.154 0.168 0.186 
445    (0)   :  0.029 0.009 0.024 0.035 0.068 0.146 0.087 0.088 0.428 0.086 
446    (0)   :  0.037 0.021 0.016 0.033 0.046 0.081 0.095 0.308 0.276 0.087 
447    (0)   :  0.005 0.049 0.048 0.038 0.058 0.128 0.164 0.112 0.205 0.192 
448    (0)   :  0.004 0.010 0.021 0.033 0.064 0.085 0.196 0.158 0.290 0.139 
449    (0)   :  0.004 0.011 0.020 0.039 0.068 0.114 0.201 0.131 0.278 0.134 
450    (0)   :  0.006 0.005 0.013 0.039 0.048 0.113 0.203 0.114 0.347 0.112 
451    (0)   :  0.004 0.007 0.020 0.027 0.067 0.067 0.191 0.327 0.109 0.180 
452    (0)   :  0.005 0.006 0.014 0.038 0.055 0.112 0.139 0.225 0.311 0.096 
453    (0)   :  0.004 0.008 0.084 0.031 0.120 0.108 0.103 0.145 0.240 0.158 
454    (0)   :  0.004 0.010 0.022 0.066 0.070 0.099 0.230 0.190 0.212 0.096 
455    (0)   :  0.004 0.039 0.040 0.030 0.052 0.079 0.170 0.184 0.306 0.097 
456    (0)   :  0.005 0.013 0.066 0.029 0.074 0.079 0.201 0.186 0.210 0.136 
457    (0)   :  0.005 0.012 0.019 0.033 0.056 0.089 0.283 0.107 0.278 0.119 
458    (0)   :  0.031 0.010 0.015 0.033 0.057 0.083 0.096 0.165 0.424 0.086 
459    (0)   :  0.004 0.014 0.020 0.041 0.044 0.145 0.149 0.220 0.269 0.092 
460    (0)   :  0.004 0.011 0.020 0.033 0.048 0.076 0.146 0.339 0.237 0.088 
461    (0)   :  0.005 0.005 0.013 0.033 0.045 0.080 0.164 0.363 0.196 0.096 
462    (0)   :  0.007 0.010 0.034 0.028 0.086 0.063 0.211 0.118 0.241 0.203 
463    (0)   :  0.004 0.043 0.123 0.035 0.114 0.090 0.160 0.097 0.237 0.097 
464    (0)   :  0.004 0.011 0.038 0.029 0.060 0.080 0.128 0.351 0.200 0.100 
465    (0)   :  0.005 0.007 0.023 0.033 0.070 0.082 0.123 0.222 0.289 0.147 
466    (0)   :  0.004 0.013 0.061 0.029 0.095 0.080 0.136 0.238 0.222 0.123 
467    (0)   :  0.004 0.010 0.025 0.037 0.091 0.093 0.147 0.134 0.357 0.102 
468    (0)   :  0.004 0.046 0.051 0.029 0.063 0.079 0.299 0.097 0.226 0.106 
469    (0)   :  0.004 0.127 0.025 0.032 0.043 0.077 0.144 0.100 0.364 0.084 
470    (0)   :  0.004 0.043 0.020 0.032 0.049 0.080 0.135 0.287 0.260 0.091 
471    (0)   :  0.005 0.007 0.065 0.029 0.097 0.087 0.127 0.218 0.188 0.177 
472    (0)   :  0.005 0.005 0.027 0.028 0.069 0.081 0.138 0.116 0.380 0.151 
473    (0)   :  0.004 0.011 0.024 0.042 0.084 0.108 0.211 0.123 0.258 0.135 
474    (0)   :  0.004 0.006 0.022 0.034 0.066 0.108 0.129 0.206 0.332 0.093 
475    (0)   :  0.004 0.007 0.021 0.040 0.073 0.129 0.115 0.244 0.238 0.129 
476    (0)   :  0.005 0.009 0.028 0.030 0.058 0.088 0.312 0.151 0.234 0.085 
477    (0)   :  0.005 0.010 0.031 0.035 0.050 0.111 0.169 0.217 0.200 0.173 
478    (0)   :  0.005 0.008 0.020 0.033 0.044 0.074 0.105 0.410 0.144 0.157 
479    (0)   :  0.004 0.010 0.019 0.031 0.048 0.076 0.279 0.226 0.206 0.099 
480    (0)   :  0.005 0.010 0.018 0.033 0.052 0.085 0.321 0.178 0.211 0.085 
481    (0)   :  0.004 0.005 0.016 0.028 0.102 0.082 0.150 0.134 0.235 0.244 
