

----------------------------------------------------
STRUCTURE by Pritchard, Stephens and Donnelly (2000)
     and Falush, Stephens and Pritchard (2003)
       Code by Pritchard, Falush and Hubisz
             Version 2.3.4 (Jul 2012)
----------------------------------------------------



Command line arguments:   ./structure -K 4 -D 104001 -m brooktrout/mainparams -e brooktrout/extraparams -o brooktrout/250914_output/results_K4_rep1 
Input File:    brooktrout/brooktrout.txt

Run parameters:
   8454 individuals
   5 loci
   4 populations assumed
   50000 Burn-in period
   100000 Reps
RANDOMIZE turned off


--------------------------------------------
Overall proportion of membership of the
sample in each of the 4 clusters

Inferred Clusters
  1      2      3      4    
0.220  0.398  0.155  0.227  

--------------------------------------------

Allele-freq. divergence among pops (Net nucleotide distance),
computed using point estimates of P.

      1       2       3       4      
 1      -    0.0320  0.0798  0.1065  
 2   0.0320     -    0.0509  0.0832  
 3   0.0798  0.0509     -    0.0676  
 4   0.1065  0.0832  0.0676     -    

Average distances (expected heterozygosity) between individuals in same cluster:
cluster  1  : 0.7956 
cluster  2  : 0.8331 
cluster  3  : 0.8166 
cluster  4  : 0.7488 

--------------------------------------------
Estimated Ln Prob of Data   = -178527.2
Mean value of ln likelihood = -173262.6
Variance of ln likelihood   = 10529.3

Mean value of alpha_1       = 0.1976
Mean value of alpha_2       = 0.3624
Mean value of alpha_3       = 0.1422
Mean value of alpha_4       = 0.2160
Allele frequencies uncorrelated


Inferred ancestry of individuals:
     (%Miss) :  Inferred clusters
  1    (0)   :  0.262 0.310 0.123 0.305 
  2    (0)   :  0.059 0.721 0.156 0.064 
  3    (0)   :  0.541 0.157 0.111 0.191 
  4    (0)   :  0.054 0.175 0.070 0.701 
  5    (0)   :  0.070 0.770 0.099 0.061 
  6    (0)   :  0.770 0.146 0.033 0.051 
  7    (0)   :  0.124 0.804 0.022 0.050 
  8    (0)   :  0.251 0.316 0.045 0.388 
  9    (0)   :  0.349 0.389 0.133 0.128 
 10    (0)   :  0.272 0.509 0.026 0.193 
 11    (0)   :  0.195 0.728 0.025 0.052 
 12    (0)   :  0.084 0.693 0.122 0.102 
 13    (0)   :  0.125 0.719 0.053 0.104 
 14    (0)   :  0.136 0.351 0.358 0.154 
 15    (0)   :  0.115 0.528 0.097 0.260 
 16    (0)   :  0.523 0.342 0.044 0.091 
 17    (0)   :  0.240 0.593 0.076 0.091 
 18    (0)   :  0.437 0.269 0.126 0.169 
 19    (0)   :  0.463 0.418 0.044 0.076 
 20    (0)   :  0.141 0.679 0.099 0.081 
 21    (0)   :  0.165 0.286 0.246 0.303 
 22    (0)   :  0.707 0.149 0.043 0.101 
 23    (0)   :  0.074 0.327 0.342 0.257 
 24    (0)   :  0.369 0.276 0.074 0.282 
 25    (0)   :  0.142 0.778 0.040 0.040 
 26    (0)   :  0.265 0.440 0.118 0.178 
 27    (0)   :  0.220 0.544 0.093 0.142 
 28    (0)   :  0.191 0.395 0.048 0.365 
 29    (0)   :  0.093 0.724 0.103 0.080 
 30    (0)   :  0.721 0.130 0.075 0.074 
 31    (0)   :  0.155 0.573 0.093 0.179 
 32    (0)   :  0.227 0.398 0.151 0.224 
 33    (0)   :  0.462 0.207 0.148 0.183 
 34    (0)   :  0.357 0.534 0.029 0.080 
 35    (0)   :  0.380 0.273 0.282 0.065 
 36    (0)   :  0.300 0.101 0.534 0.065 
 37    (0)   :  0.117 0.435 0.143 0.304 
 38    (0)   :  0.705 0.132 0.127 0.037 
 39    (0)   :  0.528 0.256 0.149 0.066 
 40    (0)   :  0.124 0.123 0.591 0.162 
 41    (0)   :  0.358 0.136 0.446 0.059 
 42    (0)   :  0.187 0.114 0.276 0.422 
 43    (0)   :  0.083 0.286 0.503 0.128 
 44    (0)   :  0.251 0.115 0.593 0.041 
 45    (0)   :  0.286 0.196 0.479 0.039 
 46    (0)   :  0.505 0.311 0.132 0.052 
 47    (0)   :  0.421 0.362 0.106 0.111 
 48    (0)   :  0.234 0.085 0.642 0.039 
 49    (0)   :  0.365 0.327 0.216 0.092 
 50    (0)   :  0.483 0.322 0.077 0.119 
 51    (0)   :  0.071 0.063 0.829 0.037 
 52    (0)   :  0.547 0.267 0.105 0.081 
 53    (0)   :  0.760 0.103 0.062 0.075 
 54    (0)   :  0.094 0.478 0.311 0.117 
 55    (0)   :  0.077 0.230 0.629 0.063 
 56    (0)   :  0.341 0.115 0.463 0.081 
 57    (0)   :  0.208 0.514 0.034 0.244 
 58    (0)   :  0.152 0.280 0.489 0.079 
 59    (0)   :  0.385 0.216 0.335 0.065 
 60    (0)   :  0.093 0.116 0.650 0.141 
 61    (0)   :  0.032 0.110 0.781 0.076 
 62    (0)   :  0.336 0.490 0.098 0.075 
 63    (0)   :  0.133 0.367 0.367 0.133 
 64    (0)   :  0.704 0.180 0.071 0.046 
 65    (0)   :  0.100 0.808 0.058 0.034 
 66    (0)   :  0.064 0.349 0.367 0.221 
 67    (0)   :  0.072 0.324 0.553 0.052 
 68    (0)   :  0.378 0.225 0.308 0.089 
 69    (0)   :  0.483 0.248 0.097 0.172 
 70    (0)   :  0.154 0.229 0.524 0.093 
 71    (0)   :  0.228 0.184 0.554 0.033 
 72    (0)   :  0.580 0.184 0.178 0.057 
 73    (0)   :  0.069 0.337 0.553 0.041 
 74    (0)   :  0.378 0.099 0.399 0.124 
 75    (0)   :  0.134 0.084 0.618 0.164 
 76    (0)   :  0.120 0.467 0.346 0.067 
 77    (0)   :  0.277 0.177 0.502 0.044 
 78    (0)   :  0.374 0.126 0.452 0.048 
 79    (0)   :  0.109 0.807 0.028 0.056 
 80    (0)   :  0.083 0.234 0.044 0.639 
 81    (0)   :  0.115 0.363 0.039 0.483 
 82    (0)   :  0.060 0.637 0.143 0.160 
 83    (0)   :  0.203 0.335 0.115 0.346 
 84    (0)   :  0.141 0.496 0.063 0.301 
 85    (0)   :  0.206 0.274 0.077 0.443 
 86    (0)   :  0.153 0.506 0.284 0.058 
 87    (0)   :  0.101 0.782 0.050 0.067 
 88    (0)   :  0.061 0.567 0.061 0.311 
 89    (0)   :  0.065 0.357 0.072 0.506 
 90    (0)   :  0.062 0.838 0.034 0.066 
 91    (0)   :  0.112 0.170 0.071 0.647 
 92    (0)   :  0.086 0.750 0.046 0.117 
 93    (0)   :  0.039 0.084 0.030 0.847 
 94    (0)   :  0.437 0.467 0.040 0.056 
 95    (0)   :  0.046 0.758 0.044 0.152 
 96    (0)   :  0.039 0.133 0.650 0.179 
 97    (0)   :  0.236 0.134 0.410 0.220 
 98    (0)   :  0.122 0.227 0.550 0.101 
 99    (0)   :  0.096 0.588 0.055 0.260 
100    (0)   :  0.035 0.128 0.109 0.727 
101    (0)   :  0.074 0.698 0.107 0.121 
102    (0)   :  0.102 0.344 0.144 0.410 
103    (0)   :  0.047 0.478 0.285 0.190 
104    (0)   :  0.060 0.779 0.076 0.084 
105    (0)   :  0.039 0.723 0.094 0.143 
106    (0)   :  0.255 0.670 0.049 0.027 
107    (0)   :  0.056 0.639 0.155 0.149 
108    (0)   :  0.081 0.118 0.763 0.038 
109    (0)   :  0.151 0.749 0.072 0.028 
110    (0)   :  0.255 0.677 0.033 0.035 
111    (0)   :  0.046 0.881 0.036 0.037 
112    (0)   :  0.104 0.826 0.041 0.029 
113    (0)   :  0.137 0.398 0.372 0.093 
114    (0)   :  0.054 0.779 0.060 0.106 
115    (0)   :  0.057 0.731 0.162 0.050 
116    (0)   :  0.246 0.538 0.185 0.031 
117    (0)   :  0.142 0.768 0.044 0.046 
118    (0)   :  0.060 0.706 0.190 0.044 
119    (0)   :  0.061 0.150 0.615 0.174 
120    (0)   :  0.068 0.813 0.069 0.051 
121    (0)   :  0.067 0.729 0.161 0.043 
122    (0)   :  0.200 0.714 0.048 0.038 
123    (0)   :  0.102 0.777 0.065 0.056 
124    (0)   :  0.382 0.445 0.127 0.045 
125    (0)   :  0.502 0.372 0.070 0.055 
126    (0)   :  0.211 0.562 0.159 0.068 
127    (0)   :  0.047 0.867 0.044 0.042 
128    (0)   :  0.047 0.749 0.158 0.047 
129    (0)   :  0.037 0.846 0.080 0.037 
130    (0)   :  0.065 0.734 0.071 0.131 
131    (0)   :  0.444 0.366 0.149 0.041 
132    (0)   :  0.121 0.773 0.074 0.032 
133    (0)   :  0.064 0.776 0.101 0.060 
134    (0)   :  0.163 0.787 0.027 0.023 
135    (0)   :  0.047 0.148 0.215 0.590 
136    (0)   :  0.043 0.080 0.029 0.848 
137    (0)   :  0.035 0.120 0.025 0.821 
138    (0)   :  0.045 0.064 0.036 0.855 
139    (0)   :  0.059 0.134 0.541 0.266 
140    (0)   :  0.105 0.220 0.115 0.560 
141    (0)   :  0.080 0.093 0.044 0.783 
142    (0)   :  0.043 0.115 0.270 0.572 
143    (0)   :  0.028 0.055 0.028 0.888 
144    (0)   :  0.033 0.115 0.028 0.825 
145    (0)   :  0.100 0.140 0.068 0.692 
146    (0)   :  0.086 0.278 0.067 0.569 
147    (0)   :  0.032 0.058 0.022 0.888 
148    (0)   :  0.056 0.180 0.084 0.680 
149    (0)   :  0.051 0.074 0.066 0.809 
150    (0)   :  0.046 0.233 0.043 0.679 
151    (0)   :  0.036 0.088 0.036 0.840 
152    (0)   :  0.077 0.160 0.146 0.617 
153    (0)   :  0.064 0.087 0.056 0.793 
154    (0)   :  0.041 0.093 0.048 0.818 
155    (0)   :  0.034 0.076 0.033 0.857 
156    (0)   :  0.032 0.107 0.155 0.706 
157    (0)   :  0.065 0.184 0.038 0.713 
158    (0)   :  0.091 0.120 0.045 0.743 
159    (0)   :  0.030 0.062 0.024 0.884 
160    (0)   :  0.031 0.066 0.027 0.877 
161    (0)   :  0.073 0.122 0.052 0.754 
162    (0)   :  0.095 0.320 0.090 0.495 
163    (0)   :  0.032 0.069 0.042 0.857 
164    (0)   :  0.068 0.359 0.057 0.517 
165    (0)   :  0.041 0.198 0.036 0.725 
166    (0)   :  0.093 0.209 0.108 0.590 
167    (0)   :  0.054 0.198 0.033 0.715 
168    (0)   :  0.082 0.087 0.064 0.766 
169    (0)   :  0.410 0.117 0.060 0.412 
170    (0)   :  0.038 0.104 0.132 0.726 
171    (0)   :  0.079 0.170 0.079 0.672 
172    (0)   :  0.193 0.071 0.188 0.548 
173    (0)   :  0.031 0.070 0.038 0.861 
174    (0)   :  0.038 0.083 0.026 0.852 
175    (0)   :  0.042 0.067 0.035 0.857 
176    (0)   :  0.033 0.116 0.028 0.823 
177    (0)   :  0.128 0.243 0.049 0.581 
178    (0)   :  0.058 0.111 0.031 0.800 
179    (0)   :  0.032 0.057 0.027 0.885 
180    (0)   :  0.081 0.183 0.060 0.676 
181    (0)   :  0.058 0.109 0.091 0.742 
182    (0)   :  0.029 0.093 0.059 0.819 
183    (0)   :  0.034 0.065 0.034 0.867 
184    (0)   :  0.131 0.453 0.352 0.064 
185    (0)   :  0.030 0.066 0.176 0.728 
186    (0)   :  0.082 0.718 0.139 0.061 
187    (0)   :  0.067 0.222 0.421 0.290 
188    (0)   :  0.064 0.692 0.201 0.042 
189    (0)   :  0.326 0.154 0.238 0.282 
190    (0)   :  0.023 0.060 0.791 0.125 
191    (0)   :  0.055 0.384 0.436 0.126 
192    (0)   :  0.075 0.353 0.273 0.298 
193    (0)   :  0.097 0.287 0.370 0.246 
194    (0)   :  0.061 0.385 0.290 0.263 
195    (0)   :  0.030 0.084 0.452 0.434 
196    (0)   :  0.033 0.089 0.771 0.107 
197    (0)   :  0.175 0.475 0.200 0.150 
198    (0)   :  0.167 0.376 0.267 0.191 
199    (0)   :  0.041 0.138 0.690 0.131 
200    (0)   :  0.089 0.149 0.667 0.095 
201    (0)   :  0.041 0.105 0.289 0.565 
202    (0)   :  0.030 0.124 0.250 0.597 
203    (0)   :  0.034 0.118 0.321 0.528 
204    (0)   :  0.028 0.109 0.711 0.152 
205    (0)   :  0.049 0.131 0.747 0.073 
206    (0)   :  0.037 0.176 0.575 0.212 
207    (0)   :  0.032 0.246 0.646 0.077 
208    (0)   :  0.033 0.109 0.657 0.201 
209    (0)   :  0.062 0.299 0.482 0.156 
210    (0)   :  0.037 0.165 0.607 0.191 
211    (0)   :  0.029 0.280 0.550 0.141 
212    (0)   :  0.054 0.099 0.151 0.696 
213    (0)   :  0.062 0.313 0.515 0.109 
214    (0)   :  0.039 0.103 0.285 0.573 
215    (0)   :  0.043 0.143 0.766 0.048 
216    (0)   :  0.130 0.527 0.247 0.096 
217    (0)   :  0.051 0.086 0.482 0.382 
218    (0)   :  0.060 0.219 0.584 0.136 
219    (0)   :  0.237 0.286 0.171 0.305 
220    (0)   :  0.033 0.175 0.709 0.083 
221    (0)   :  0.027 0.059 0.257 0.658 
222    (0)   :  0.207 0.461 0.171 0.161 
223    (0)   :  0.098 0.196 0.282 0.423 
224    (0)   :  0.039 0.178 0.305 0.478 
225    (0)   :  0.042 0.143 0.681 0.135 
226    (0)   :  0.143 0.121 0.617 0.118 
227    (0)   :  0.034 0.156 0.587 0.224 
228    (0)   :  0.029 0.074 0.628 0.269 
229    (0)   :  0.046 0.199 0.268 0.486 
230    (0)   :  0.035 0.195 0.449 0.321 
231    (0)   :  0.070 0.223 0.238 0.469 
232    (0)   :  0.087 0.292 0.295 0.326 
233    (0)   :  0.039 0.104 0.185 0.672 
234    (0)   :  0.115 0.373 0.239 0.274 
235    (0)   :  0.088 0.129 0.524 0.259 
236    (0)   :  0.063 0.181 0.359 0.398 
237    (0)   :  0.040 0.316 0.500 0.144 
238    (0)   :  0.049 0.141 0.256 0.554 
239    (0)   :  0.031 0.083 0.461 0.425 
240    (0)   :  0.048 0.143 0.247 0.562 
241    (0)   :  0.039 0.106 0.176 0.678 
242    (0)   :  0.135 0.200 0.456 0.209 
243    (0)   :  0.025 0.075 0.788 0.112 
244    (0)   :  0.035 0.130 0.384 0.451 
245    (0)   :  0.034 0.082 0.115 0.770 
246    (0)   :  0.051 0.086 0.480 0.383 
247    (0)   :  0.101 0.541 0.311 0.047 
248    (0)   :  0.043 0.369 0.537 0.051 
249    (0)   :  0.039 0.153 0.406 0.402 
250    (0)   :  0.061 0.263 0.373 0.303 
251    (0)   :  0.174 0.253 0.478 0.095 
252    (0)   :  0.057 0.164 0.523 0.257 
253    (0)   :  0.087 0.348 0.478 0.088 
254    (0)   :  0.139 0.401 0.280 0.180 
255    (0)   :  0.094 0.321 0.320 0.265 
256    (0)   :  0.045 0.124 0.523 0.307 
257    (0)   :  0.048 0.240 0.535 0.177 
258    (0)   :  0.068 0.263 0.572 0.097 
259    (0)   :  0.048 0.396 0.390 0.166 
260    (0)   :  0.155 0.343 0.126 0.376 
261    (0)   :  0.055 0.117 0.477 0.352 
262    (0)   :  0.030 0.063 0.672 0.236 
263    (0)   :  0.062 0.352 0.479 0.107 
264    (0)   :  0.496 0.300 0.163 0.041 
265    (0)   :  0.091 0.153 0.590 0.166 
266    (0)   :  0.028 0.065 0.213 0.694 
267    (0)   :  0.064 0.365 0.266 0.306 
268    (0)   :  0.033 0.093 0.769 0.106 
269    (0)   :  0.265 0.200 0.279 0.256 
270    (0)   :  0.102 0.572 0.215 0.111 
271    (0)   :  0.053 0.190 0.680 0.076 
272    (0)   :  0.082 0.108 0.740 0.071 
273    (0)   :  0.111 0.185 0.445 0.259 
274    (0)   :  0.095 0.192 0.601 0.112 
275    (0)   :  0.089 0.121 0.658 0.132 
276    (0)   :  0.071 0.146 0.712 0.071 
277    (0)   :  0.104 0.221 0.315 0.360 
278    (0)   :  0.038 0.108 0.796 0.058 
279    (0)   :  0.072 0.217 0.498 0.214 
280    (0)   :  0.150 0.153 0.547 0.150 
281    (0)   :  0.072 0.307 0.477 0.144 
282    (0)   :  0.086 0.180 0.176 0.558 
283    (0)   :  0.048 0.144 0.173 0.635 
284    (0)   :  0.062 0.291 0.372 0.275 
285    (0)   :  0.055 0.251 0.662 0.033 
286    (0)   :  0.034 0.128 0.388 0.451 
287    (0)   :  0.169 0.243 0.366 0.223 
288    (0)   :  0.080 0.124 0.725 0.071 
289    (0)   :  0.087 0.192 0.633 0.089 
290    (0)   :  0.199 0.144 0.559 0.098 
291    (0)   :  0.054 0.194 0.673 0.079 
292    (0)   :  0.106 0.108 0.621 0.165 
293    (0)   :  0.356 0.214 0.356 0.075 
294    (0)   :  0.072 0.265 0.586 0.077 
295    (0)   :  0.135 0.255 0.457 0.154 
296    (0)   :  0.043 0.179 0.701 0.077 
297    (0)   :  0.186 0.230 0.479 0.105 
298    (0)   :  0.084 0.269 0.207 0.439 
299    (0)   :  0.082 0.496 0.293 0.129 
300    (0)   :  0.044 0.205 0.685 0.066 
301    (0)   :  0.184 0.396 0.317 0.104 
302    (0)   :  0.068 0.212 0.643 0.077 
303    (0)   :  0.063 0.157 0.344 0.436 
304    (0)   :  0.165 0.316 0.072 0.447 
305    (0)   :  0.036 0.085 0.625 0.254 
306    (0)   :  0.079 0.106 0.368 0.447 
307    (0)   :  0.070 0.363 0.299 0.267 
308    (0)   :  0.053 0.117 0.477 0.353 
309    (0)   :  0.039 0.139 0.760 0.062 
310    (0)   :  0.032 0.092 0.634 0.242 
311    (0)   :  0.036 0.195 0.445 0.325 
312    (0)   :  0.031 0.184 0.703 0.082 
313    (0)   :  0.032 0.152 0.770 0.046 
314    (0)   :  0.032 0.051 0.038 0.879 
315    (0)   :  0.047 0.060 0.052 0.841 
316    (0)   :  0.055 0.065 0.039 0.842 
317    (0)   :  0.031 0.052 0.023 0.893 
318    (0)   :  0.034 0.050 0.019 0.897 
319    (0)   :  0.030 0.057 0.028 0.885 
320    (0)   :  0.031 0.050 0.037 0.881 
321    (0)   :  0.034 0.053 0.021 0.891 
322    (0)   :  0.050 0.065 0.055 0.829 
323    (0)   :  0.032 0.054 0.021 0.894 
324    (0)   :  0.035 0.054 0.021 0.889 
325    (0)   :  0.054 0.061 0.029 0.856 
326    (0)   :  0.054 0.059 0.029 0.858 
327    (0)   :  0.032 0.051 0.024 0.894 
328    (0)   :  0.050 0.069 0.039 0.842 
329    (0)   :  0.030 0.053 0.021 0.895 
330    (0)   :  0.031 0.052 0.023 0.893 
331    (0)   :  0.030 0.053 0.021 0.896 
332    (0)   :  0.062 0.064 0.026 0.847 
333    (0)   :  0.046 0.063 0.034 0.858 
334    (0)   :  0.050 0.069 0.040 0.840 
335    (0)   :  0.044 0.064 0.040 0.852 
336    (0)   :  0.036 0.051 0.026 0.886 
337    (0)   :  0.059 0.065 0.034 0.842 
338    (0)   :  0.035 0.052 0.018 0.895 
339    (0)   :  0.029 0.053 0.022 0.895 
340    (0)   :  0.028 0.052 0.023 0.898 
341    (0)   :  0.031 0.056 0.021 0.892 
342    (0)   :  0.032 0.052 0.024 0.893 
343    (0)   :  0.052 0.065 0.062 0.821 
344    (0)   :  0.031 0.052 0.019 0.898 
345    (0)   :  0.031 0.052 0.023 0.894 
346    (0)   :  0.030 0.050 0.021 0.899 
347    (0)   :  0.028 0.050 0.021 0.901 
348    (0)   :  0.043 0.062 0.079 0.815 
349    (0)   :  0.033 0.052 0.023 0.892 
350    (0)   :  0.031 0.055 0.035 0.879 
351    (0)   :  0.044 0.063 0.041 0.853 
352    (0)   :  0.052 0.063 0.039 0.847 
353    (0)   :  0.037 0.052 0.026 0.884 
354    (0)   :  0.031 0.052 0.020 0.897 
355    (0)   :  0.033 0.051 0.019 0.897 
356    (0)   :  0.043 0.064 0.108 0.785 
357    (0)   :  0.230 0.162 0.044 0.564 
358    (0)   :  0.051 0.065 0.029 0.856 
359    (0)   :  0.031 0.055 0.021 0.894 
360    (0)   :  0.031 0.050 0.020 0.899 
361    (0)   :  0.244 0.184 0.067 0.505 
362    (0)   :  0.311 0.467 0.143 0.079 
363    (0)   :  0.531 0.339 0.084 0.047 
364    (0)   :  0.233 0.321 0.054 0.393 
365    (0)   :  0.568 0.324 0.053 0.055 
366    (0)   :  0.355 0.166 0.356 0.122 
367    (0)   :  0.331 0.615 0.026 0.028 
368    (0)   :  0.076 0.831 0.038 0.054 
369    (0)   :  0.211 0.215 0.210 0.364 
370    (0)   :  0.089 0.688 0.148 0.075 
371    (0)   :  0.310 0.383 0.182 0.126 
372    (0)   :  0.080 0.626 0.164 0.131 
373    (0)   :  0.157 0.699 0.047 0.097 
374    (0)   :  0.302 0.285 0.076 0.338 
375    (0)   :  0.321 0.603 0.034 0.041 
376    (0)   :  0.840 0.106 0.021 0.033 
377    (0)   :  0.359 0.470 0.097 0.074 
378    (0)   :  0.092 0.633 0.053 0.222 
379    (0)   :  0.845 0.098 0.028 0.029 
380    (0)   :  0.669 0.093 0.112 0.126 
381    (0)   :  0.747 0.076 0.077 0.100 
382    (0)   :  0.398 0.525 0.029 0.047 
383    (0)   :  0.743 0.085 0.048 0.125 
384    (0)   :  0.586 0.264 0.043 0.107 
385    (0)   :  0.103 0.702 0.026 0.170 
386    (0)   :  0.460 0.451 0.044 0.044 
387    (0)   :  0.398 0.512 0.039 0.051 
388    (0)   :  0.201 0.442 0.053 0.303 
389    (0)   :  0.062 0.411 0.473 0.053 
390    (0)   :  0.496 0.262 0.200 0.041 
391    (0)   :  0.128 0.634 0.149 0.088 
392    (0)   :  0.670 0.188 0.051 0.090 
393    (0)   :  0.799 0.079 0.059 0.064 
394    (0)   :  0.234 0.397 0.071 0.298 
395    (0)   :  0.295 0.229 0.428 0.048 
396    (0)   :  0.304 0.633 0.033 0.031 
397    (0)   :  0.229 0.449 0.132 0.190 
398    (0)   :  0.763 0.176 0.029 0.032 
399    (0)   :  0.235 0.592 0.132 0.041 
400    (0)   :  0.476 0.426 0.034 0.063 
401    (0)   :  0.195 0.641 0.096 0.067 
402    (0)   :  0.169 0.564 0.193 0.074 
403    (0)   :  0.138 0.390 0.063 0.410 
404    (0)   :  0.431 0.381 0.081 0.106 
405    (0)   :  0.406 0.357 0.136 0.101 
406    (0)   :  0.251 0.073 0.577 0.099 
407    (0)   :  0.810 0.129 0.030 0.031 
408    (0)   :  0.067 0.697 0.205 0.030 
409    (0)   :  0.264 0.114 0.289 0.333 
410    (0)   :  0.521 0.334 0.050 0.095 
411    (0)   :  0.594 0.143 0.097 0.166 
412    (0)   :  0.101 0.815 0.034 0.051 
413    (0)   :  0.130 0.592 0.075 0.204 
414    (0)   :  0.086 0.846 0.035 0.034 
415    (0)   :  0.739 0.131 0.084 0.046 
416    (0)   :  0.428 0.407 0.085 0.079 
417    (0)   :  0.747 0.179 0.033 0.041 
418    (0)   :  0.221 0.719 0.025 0.035 
419    (0)   :  0.234 0.439 0.129 0.199 
420    (0)   :  0.268 0.468 0.222 0.042 
421    (0)   :  0.509 0.392 0.049 0.051 
422    (0)   :  0.376 0.240 0.326 0.058 
423    (0)   :  0.620 0.236 0.083 0.062 
424    (0)   :  0.135 0.677 0.118 0.070 
425    (0)   :  0.270 0.572 0.057 0.101 
426    (0)   :  0.156 0.722 0.039 0.083 
427    (0)   :  0.694 0.141 0.040 0.124 
428    (0)   :  0.428 0.207 0.150 0.214 
429    (0)   :  0.753 0.193 0.026 0.029 
430    (0)   :  0.777 0.149 0.035 0.039 
431    (0)   :  0.156 0.708 0.066 0.070 
432    (0)   :  0.087 0.810 0.042 0.062 
433    (0)   :  0.058 0.556 0.093 0.293 
434    (0)   :  0.255 0.495 0.082 0.167 
435    (0)   :  0.798 0.137 0.033 0.032 
436    (0)   :  0.820 0.097 0.032 0.052 
437    (0)   :  0.802 0.134 0.029 0.035 
438    (0)   :  0.530 0.225 0.164 0.082 
439    (0)   :  0.848 0.088 0.023 0.042 
440    (0)   :  0.831 0.113 0.031 0.025 
441    (0)   :  0.601 0.246 0.038 0.116 
442    (0)   :  0.646 0.266 0.050 0.037 
443    (0)   :  0.412 0.434 0.121 0.033 
444    (0)   :  0.720 0.187 0.057 0.036 
445    (0)   :  0.593 0.141 0.103 0.163 
446    (0)   :  0.708 0.230 0.024 0.038 
447    (0)   :  0.615 0.224 0.077 0.084 
448    (0)   :  0.636 0.280 0.044 0.039 
449    (0)   :  0.597 0.280 0.052 0.071 
450    (0)   :  0.663 0.247 0.021 0.070 
451    (0)   :  0.114 0.805 0.053 0.027 
452    (0)   :  0.745 0.179 0.024 0.053 
453    (0)   :  0.115 0.350 0.459 0.076 
454    (0)   :  0.632 0.238 0.045 0.085 
455    (0)   :  0.749 0.154 0.060 0.037 
456    (0)   :  0.680 0.163 0.124 0.033 
457    (0)   :  0.824 0.110 0.028 0.038 
458    (0)   :  0.811 0.122 0.024 0.044 
459    (0)   :  0.533 0.308 0.041 0.118 
460    (0)   :  0.719 0.220 0.027 0.034 
461    (0)   :  0.492 0.454 0.019 0.035 
462    (0)   :  0.676 0.234 0.064 0.026 
463    (0)   :  0.344 0.127 0.469 0.061 
464    (0)   :  0.623 0.282 0.062 0.033 
465    (0)   :  0.267 0.630 0.055 0.048 
466    (0)   :  0.374 0.358 0.231 0.037 
467    (0)   :  0.656 0.202 0.068 0.074 
468    (0)   :  0.833 0.084 0.053 0.030 
469    (0)   :  0.866 0.076 0.022 0.036 
470    (0)   :  0.817 0.125 0.028 0.031 
471    (0)   :  0.331 0.351 0.278 0.040 
472    (0)   :  0.434 0.426 0.092 0.049 
473    (0)   :  0.511 0.329 0.083 0.078 
474    (0)   :  0.734 0.168 0.045 0.053 
475    (0)   :  0.314 0.556 0.053 0.077 
476    (0)   :  0.835 0.095 0.032 0.039 
477    (0)   :  0.170 0.707 0.050 0.073 
478    (0)   :  0.132 0.809 0.025 0.034 
479    (0)   :  0.756 0.188 0.026 0.031 
480    (0)   :  0.854 0.086 0.024 0.036 
481    (0)   :  0.346 0.519 0.095 0.040 
482    (0)   :  0.819 0.129 0.021 0.031 
483    (0)   :  0.773 0.152 0.030 0.045 
484    (0)   :  0.623 0.181 0.147 0.049 
485    (0)   :  0.809 0.122 0.034 0.035 
486    (0)   :  0.077 0.708 0.154 0.061 
487    (0)   :  0.091 0.662 0.068 0.179 
488    (0)   :  0.052 0.807 0.055 0.086 
489    (0)   :  0.118 0.381 0.254 0.247 
490    (0)   :  0.097 0.790 0.077 0.036 
491    (0)   :  0.069 0.572 0.165 0.193 
492    (0)   :  0.060 0.543 0.137 0.261 
493    (0)   :  0.060 0.783 0.078 0.080 
494    (0)   :  0.126 0.593 0.154 0.127 
495    (0)   :  0.066 0.734 0.061 0.139 
496    (0)   :  0.086 0.313 0.192 0.409 
497    (0)   :  0.055 0.733 0.050 0.162 
498    (0)   :  0.084 0.648 0.164 0.104 
499    (0)   :  0.070 0.474 0.088 0.368 
500    (0)   :  0.219 0.569 0.133 0.079 
501    (0)   :  0.161 0.566 0.062 0.211 
502    (0)   :  0.081 0.651 0.036 0.232 
503    (0)   :  0.430 0.444 0.075 0.050 
504    (0)   :  0.050 0.840 0.056 0.054 
505    (0)   :  0.062 0.364 0.470 0.104 
506    (0)   :  0.081 0.631 0.075 0.214 
507    (0)   :  0.038 0.088 0.117 0.757 
508    (0)   :  0.033 0.179 0.156 0.632 
509    (0)   :  0.061 0.407 0.279 0.253 
510    (0)   :  0.164 0.435 0.072 0.329 
511    (0)   :  0.481 0.328 0.130 0.061 
512    (0)   :  0.432 0.493 0.039 0.037 
513    (0)   :  0.027 0.764 0.144 0.066 
514    (0)   :  0.064 0.812 0.059 0.065 
515    (0)   :  0.457 0.231 0.125 0.187 
516    (0)   :  0.052 0.747 0.132 0.069 
517    (0)   :  0.218 0.340 0.280 0.161 
518    (0)   :  0.195 0.356 0.087 0.362 
519    (0)   :  0.073 0.800 0.049 0.078 
520    (0)   :  0.227 0.115 0.345 0.313 
521    (0)   :  0.076 0.334 0.168 0.421 
522    (0)   :  0.522 0.185 0.238 0.056 
523    (0)   :  0.077 0.255 0.472 0.196 
524    (0)   :  0.476 0.235 0.184 0.106 
525    (0)   :  0.295 0.248 0.108 0.348 
526    (0)   :  0.333 0.092 0.494 0.081 
527    (0)   :  0.151 0.755 0.033 0.061 
528    (0)   :  0.054 0.157 0.189 0.600 
529    (0)   :  0.093 0.563 0.144 0.199 
530    (0)   :  0.478 0.272 0.144 0.106 
531    (0)   :  0.220 0.208 0.096 0.475 
532    (0)   :  0.115 0.453 0.106 0.326 
533    (0)   :  0.343 0.350 0.210 0.096 
534    (0)   :  0.045 0.534 0.272 0.149 
535    (0)   :  0.197 0.338 0.386 0.079 
536    (0)   :  0.266 0.187 0.360 0.187 
537    (0)   :  0.065 0.134 0.499 0.302 
538    (0)   :  0.078 0.159 0.588 0.175 
539    (0)   :  0.044 0.088 0.161 0.706 
540    (0)   :  0.131 0.197 0.395 0.277 
541    (0)   :  0.122 0.171 0.126 0.582 
542    (0)   :  0.222 0.113 0.605 0.060 
543    (0)   :  0.064 0.270 0.468 0.198 
544    (0)   :  0.104 0.143 0.667 0.086 
545    (0)   :  0.183 0.134 0.641 0.041 
546    (0)   :  0.099 0.193 0.547 0.162 
547    (0)   :  0.062 0.137 0.662 0.138 
548    (0)   :  0.060 0.263 0.374 0.303 
549    (0)   :  0.212 0.092 0.192 0.505 
550    (0)   :  0.302 0.158 0.469 0.072 
551    (0)   :  0.083 0.146 0.073 0.698 
552    (0)   :  0.074 0.119 0.628 0.178 
553    (0)   :  0.037 0.121 0.697 0.145 
554    (0)   :  0.271 0.390 0.147 0.192 
555    (0)   :  0.062 0.171 0.435 0.332 
556    (0)   :  0.073 0.182 0.590 0.155 
557    (0)   :  0.374 0.196 0.309 0.122 
558    (0)   :  0.829 0.121 0.019 0.032 
559    (0)   :  0.078 0.748 0.115 0.059 
560    (0)   :  0.474 0.461 0.040 0.025 
561    (0)   :  0.272 0.629 0.063 0.036 
562    (0)   :  0.170 0.703 0.101 0.026 
563    (0)   :  0.105 0.680 0.053 0.162 
564    (0)   :  0.094 0.539 0.298 0.069 
565    (0)   :  0.826 0.112 0.024 0.038 
566    (0)   :  0.288 0.650 0.035 0.026 
567    (0)   :  0.062 0.739 0.156 0.043 
568    (0)   :  0.191 0.616 0.134 0.059 
569    (0)   :  0.382 0.379 0.178 0.061 
570    (0)   :  0.789 0.160 0.024 0.027 
571    (0)   :  0.103 0.812 0.044 0.042 
572    (0)   :  0.146 0.151 0.566 0.136 
573    (0)   :  0.177 0.524 0.228 0.071 
574    (0)   :  0.488 0.292 0.061 0.159 
575    (0)   :  0.144 0.684 0.074 0.098 
576    (0)   :  0.157 0.792 0.025 0.026 
577    (0)   :  0.378 0.437 0.046 0.138 
578    (0)   :  0.218 0.681 0.053 0.048 
579    (0)   :  0.222 0.670 0.063 0.044 
580    (0)   :  0.551 0.332 0.039 0.078 
581    (0)   :  0.524 0.382 0.036 0.059 
582    (0)   :  0.736 0.190 0.044 0.029 
583    (0)   :  0.164 0.757 0.035 0.044 
584    (0)   :  0.140 0.804 0.025 0.032 
585    (0)   :  0.276 0.645 0.040 0.040 
586    (0)   :  0.077 0.814 0.058 0.051 
587    (0)   :  0.498 0.374 0.098 0.030 
588    (0)   :  0.029 0.176 0.754 0.041 
589    (0)   :  0.690 0.191 0.087 0.032 
590    (0)   :  0.062 0.856 0.046 0.037 
591    (0)   :  0.081 0.837 0.036 0.047 
592    (0)   :  0.187 0.495 0.283 0.035 
593    (0)   :  0.263 0.569 0.089 0.079 
594    (0)   :  0.064 0.808 0.039 0.089 
595    (0)   :  0.201 0.739 0.031 0.029 
596    (0)   :  0.162 0.350 0.426 0.062 
597    (0)   :  0.066 0.638 0.099 0.197 
598    (0)   :  0.846 0.104 0.020 0.030 
599    (0)   :  0.253 0.633 0.085 0.029 
600    (0)   :  0.534 0.298 0.072 0.095 
601    (0)   :  0.468 0.444 0.059 0.029 
602    (0)   :  0.075 0.696 0.069 0.161 
603    (0)   :  0.070 0.707 0.081 0.142 
604    (0)   :  0.525 0.292 0.061 0.122 
605    (0)   :  0.214 0.626 0.102 0.058 
606    (0)   :  0.181 0.444 0.201 0.175 
607    (0)   :  0.235 0.371 0.060 0.334 
608    (0)   :  0.200 0.255 0.043 0.502 
609    (0)   :  0.420 0.450 0.056 0.075 
610    (0)   :  0.639 0.186 0.118 0.056 
611    (0)   :  0.090 0.658 0.122 0.130 
612    (0)   :  0.820 0.101 0.037 0.041 
613    (0)   :  0.277 0.529 0.115 0.079 
614    (0)   :  0.761 0.147 0.049 0.042 
615    (0)   :  0.741 0.124 0.057 0.078 
616    (0)   :  0.232 0.457 0.073 0.238 
617    (0)   :  0.382 0.491 0.080 0.047 
618    (0)   :  0.540 0.171 0.088 0.201 
619    (0)   :  0.225 0.318 0.327 0.130 
620    (0)   :  0.109 0.498 0.366 0.027 
621    (0)   :  0.149 0.785 0.022 0.043 
622    (0)   :  0.418 0.250 0.204 0.128 
623    (0)   :  0.142 0.716 0.094 0.048 
624    (0)   :  0.685 0.135 0.038 0.142 
625    (0)   :  0.472 0.319 0.039 0.170 
626    (0)   :  0.311 0.091 0.180 0.419 
627    (0)   :  0.166 0.674 0.090 0.070 
628    (0)   :  0.099 0.742 0.094 0.064 
629    (0)   :  0.169 0.689 0.058 0.084 
630    (0)   :  0.600 0.287 0.054 0.059 
631    (0)   :  0.457 0.404 0.062 0.077 
632    (0)   :  0.118 0.268 0.346 0.268 
633    (0)   :  0.428 0.390 0.049 0.133 
634    (0)   :  0.209 0.436 0.164 0.190 
635    (0)   :  0.164 0.194 0.082 0.560 
636    (0)   :  0.427 0.278 0.050 0.246 
637    (0)   :  0.182 0.313 0.403 0.102 
638    (0)   :  0.144 0.673 0.055 0.127 
639    (0)   :  0.413 0.393 0.066 0.127 
640    (0)   :  0.114 0.804 0.026 0.056 
641    (0)   :  0.209 0.646 0.061 0.084 
642    (0)   :  0.094 0.193 0.114 0.599 
643    (0)   :  0.051 0.100 0.035 0.814 
644    (0)   :  0.054 0.232 0.055 0.659 
645    (0)   :  0.297 0.084 0.060 0.559 
646    (0)   :  0.114 0.545 0.194 0.147 
647    (0)   :  0.069 0.441 0.083 0.408 
648    (0)   :  0.131 0.299 0.231 0.339 
649    (0)   :  0.051 0.272 0.507 0.170 
650    (0)   :  0.059 0.592 0.165 0.183 
651    (0)   :  0.053 0.435 0.047 0.465 
652    (0)   :  0.071 0.220 0.074 0.635 
653    (0)   :  0.099 0.292 0.125 0.484 
654    (0)   :  0.077 0.190 0.216 0.518 
655    (0)   :  0.085 0.305 0.067 0.543 
656    (0)   :  0.096 0.369 0.246 0.289 
657    (0)   :  0.265 0.456 0.050 0.229 
658    (0)   :  0.158 0.438 0.153 0.252 
659    (0)   :  0.081 0.239 0.132 0.548 
660    (0)   :  0.049 0.142 0.136 0.674 
661    (0)   :  0.085 0.110 0.258 0.547 
662    (0)   :  0.041 0.225 0.630 0.104 
663    (0)   :  0.081 0.209 0.155 0.555 
664    (0)   :  0.212 0.430 0.073 0.284 
665    (0)   :  0.048 0.249 0.581 0.122 
666    (0)   :  0.080 0.176 0.183 0.560 
667    (0)   :  0.074 0.760 0.067 0.098 
668    (0)   :  0.129 0.240 0.128 0.502 
669    (0)   :  0.072 0.344 0.237 0.346 
670    (0)   :  0.032 0.072 0.045 0.851 
671    (0)   :  0.044 0.129 0.092 0.735 
672    (0)   :  0.083 0.145 0.069 0.703 
673    (0)   :  0.033 0.056 0.021 0.890 
674    (0)   :  0.060 0.095 0.060 0.785 
675    (0)   :  0.032 0.115 0.028 0.825 
676    (0)   :  0.031 0.056 0.023 0.889 
677    (0)   :  0.031 0.064 0.214 0.692 
678    (0)   :  0.032 0.061 0.019 0.888 
679    (0)   :  0.055 0.090 0.024 0.830 
680    (0)   :  0.050 0.078 0.036 0.836 
681    (0)   :  0.157 0.187 0.303 0.354 
682    (0)   :  0.056 0.070 0.031 0.843 
683    (0)   :  0.031 0.066 0.043 0.859 
684    (0)   :  0.033 0.062 0.023 0.881 
685    (0)   :  0.029 0.054 0.025 0.892 
686    (0)   :  0.056 0.084 0.144 0.716 
687    (0)   :  0.040 0.120 0.125 0.714 
688    (0)   :  0.039 0.086 0.034 0.841 
689    (0)   :  0.030 0.054 0.023 0.892 
690    (0)   :  0.031 0.056 0.024 0.890 
691    (0)   :  0.052 0.086 0.036 0.826 
692    (0)   :  0.044 0.090 0.024 0.842 
693    (0)   :  0.049 0.091 0.026 0.834 
694    (0)   :  0.027 0.051 0.026 0.896 
695    (0)   :  0.042 0.061 0.048 0.848 
696    (0)   :  0.038 0.087 0.033 0.842 
697    (0)   :  0.033 0.057 0.032 0.878 
698    (0)   :  0.031 0.059 0.027 0.884 
699    (0)   :  0.041 0.061 0.178 0.720 
700    (0)   :  0.079 0.076 0.064 0.781 
701    (0)   :  0.064 0.101 0.048 0.786 
702    (0)   :  0.073 0.111 0.075 0.741 
703    (0)   :  0.056 0.071 0.039 0.835 
704    (0)   :  0.037 0.078 0.052 0.833 
705    (0)   :  0.085 0.121 0.324 0.470 
706    (0)   :  0.050 0.065 0.044 0.840 
707    (0)   :  0.035 0.058 0.041 0.866 
708    (0)   :  0.030 0.064 0.030 0.877 
709    (0)   :  0.036 0.056 0.056 0.852 
710    (0)   :  0.028 0.051 0.027 0.894 
711    (0)   :  0.051 0.071 0.099 0.779 
712    (0)   :  0.027 0.058 0.117 0.797 
713    (0)   :  0.035 0.084 0.039 0.842 
714    (0)   :  0.056 0.114 0.036 0.794 
715    (0)   :  0.028 0.052 0.062 0.858 
716    (0)   :  0.048 0.061 0.039 0.852 
717    (0)   :  0.029 0.050 0.035 0.886 
718    (0)   :  0.049 0.089 0.066 0.796 
719    (0)   :  0.028 0.055 0.050 0.868 
720    (0)   :  0.170 0.738 0.045 0.047 
721    (0)   :  0.175 0.151 0.056 0.619 
722    (0)   :  0.518 0.305 0.086 0.091 
723    (0)   :  0.576 0.303 0.040 0.081 
724    (0)   :  0.617 0.130 0.053 0.200 
725    (0)   :  0.137 0.500 0.085 0.278 
726    (0)   :  0.561 0.173 0.133 0.133 
727    (0)   :  0.191 0.229 0.326 0.254 
728    (0)   :  0.877 0.072 0.025 0.026 
729    (0)   :  0.848 0.099 0.026 0.028 
730    (0)   :  0.407 0.497 0.040 0.057 
731    (0)   :  0.761 0.142 0.032 0.064 
732    (0)   :  0.575 0.303 0.041 0.081 
733    (0)   :  0.819 0.118 0.022 0.041 
734    (0)   :  0.810 0.137 0.025 0.028 
735    (0)   :  0.832 0.098 0.020 0.049 
736    (0)   :  0.549 0.356 0.035 0.060 
737    (0)   :  0.501 0.346 0.085 0.067 
738    (0)   :  0.469 0.442 0.035 0.054 
739    (0)   :  0.827 0.115 0.021 0.037 
740    (0)   :  0.048 0.141 0.033 0.778 
741    (0)   :  0.098 0.244 0.062 0.596 
742    (0)   :  0.114 0.681 0.025 0.179 
743    (0)   :  0.106 0.739 0.042 0.113 
744    (0)   :  0.068 0.444 0.376 0.113 
745    (0)   :  0.092 0.807 0.061 0.040 
746    (0)   :  0.168 0.508 0.066 0.258 
747    (0)   :  0.072 0.781 0.068 0.080 
748    (0)   :  0.063 0.345 0.040 0.553 
749    (0)   :  0.084 0.577 0.129 0.210 
750    (0)   :  0.083 0.689 0.092 0.136 
751    (0)   :  0.078 0.341 0.055 0.526 
752    (0)   :  0.104 0.716 0.075 0.105 
753    (0)   :  0.210 0.426 0.077 0.286 
754    (0)   :  0.088 0.406 0.038 0.469 
755    (0)   :  0.110 0.623 0.040 0.228 
756    (0)   :  0.051 0.556 0.071 0.322 
757    (0)   :  0.073 0.722 0.039 0.166 
758    (0)   :  0.045 0.875 0.042 0.038 
759    (0)   :  0.139 0.231 0.064 0.566 
760    (0)   :  0.219 0.580 0.037 0.164 
761    (0)   :  0.409 0.186 0.055 0.351 
762    (0)   :  0.424 0.487 0.022 0.067 
763    (0)   :  0.213 0.424 0.078 0.285 
764    (0)   :  0.071 0.790 0.034 0.105 
765    (0)   :  0.356 0.503 0.054 0.087 
766    (0)   :  0.069 0.504 0.036 0.391 
767    (0)   :  0.119 0.523 0.068 0.290 
768    (0)   :  0.450 0.462 0.022 0.065 
769    (0)   :  0.442 0.241 0.036 0.280 
770    (0)   :  0.419 0.495 0.033 0.053 
771    (0)   :  0.048 0.343 0.410 0.199 
772    (0)   :  0.122 0.454 0.083 0.341 
773    (0)   :  0.064 0.782 0.041 0.113 
774    (0)   :  0.094 0.277 0.058 0.571 
775    (0)   :  0.599 0.267 0.026 0.108 
776    (0)   :  0.077 0.820 0.041 0.062 
777    (0)   :  0.130 0.570 0.163 0.138 
778    (0)   :  0.084 0.495 0.191 0.230 
779    (0)   :  0.055 0.757 0.033 0.154 
780    (0)   :  0.079 0.389 0.045 0.487 
781    (0)   :  0.048 0.227 0.512 0.213 
782    (0)   :  0.056 0.755 0.034 0.156 
783    (0)   :  0.115 0.555 0.037 0.292 
784    (0)   :  0.164 0.721 0.034 0.081 
785    (0)   :  0.074 0.720 0.037 0.170 
786    (0)   :  0.089 0.359 0.036 0.516 
787    (0)   :  0.041 0.346 0.100 0.513 
788    (0)   :  0.118 0.729 0.049 0.104 
789    (0)   :  0.151 0.731 0.027 0.091 
790    (0)   :  0.137 0.472 0.031 0.360 
791    (0)   :  0.103 0.698 0.043 0.156 
792    (0)   :  0.043 0.313 0.117 0.527 
793    (0)   :  0.172 0.177 0.180 0.471 
794    (0)   :  0.118 0.645 0.060 0.177 
795    (0)   :  0.157 0.172 0.075 0.595 
796    (0)   :  0.071 0.682 0.051 0.196 
797    (0)   :  0.083 0.127 0.150 0.640 
798    (0)   :  0.654 0.161 0.152 0.032 
799    (0)   :  0.090 0.775 0.054 0.081 
800    (0)   :  0.034 0.190 0.187 0.589 
801    (0)   :  0.653 0.164 0.119 0.065 
802    (0)   :  0.377 0.172 0.195 0.256 
803    (0)   :  0.117 0.272 0.099 0.512 
804    (0)   :  0.148 0.345 0.376 0.131 
805    (0)   :  0.045 0.097 0.036 0.822 
806    (0)   :  0.349 0.158 0.375 0.118 
807    (0)   :  0.056 0.084 0.152 0.708 
808    (0)   :  0.066 0.156 0.376 0.401 
809    (0)   :  0.169 0.102 0.675 0.054 
810    (0)   :  0.247 0.435 0.092 0.227 
811    (0)   :  0.096 0.164 0.294 0.446 
812    (0)   :  0.054 0.107 0.807 0.032 
813    (0)   :  0.667 0.207 0.087 0.040 
814    (0)   :  0.050 0.264 0.630 0.055 
815    (0)   :  0.330 0.107 0.322 0.241 
816    (0)   :  0.250 0.224 0.114 0.412 
817    (0)   :  0.377 0.174 0.190 0.258 
818    (0)   :  0.118 0.767 0.037 0.079 
819    (0)   :  0.039 0.741 0.057 0.164 
820    (0)   :  0.059 0.595 0.151 0.195 
821    (0)   :  0.112 0.763 0.022 0.103 
822    (0)   :  0.161 0.765 0.042 0.032 
823    (0)   :  0.383 0.334 0.025 0.258 
824    (0)   :  0.076 0.712 0.040 0.173 
825    (0)   :  0.205 0.693 0.040 0.062 
826    (0)   :  0.064 0.857 0.035 0.044 
827    (0)   :  0.334 0.574 0.028 0.064 
828    (0)   :  0.486 0.358 0.042 0.113 
829    (0)   :  0.531 0.283 0.075 0.110 
830    (0)   :  0.228 0.707 0.021 0.044 
831    (0)   :  0.216 0.561 0.070 0.152 
832    (0)   :  0.174 0.579 0.083 0.164 
833    (0)   :  0.369 0.395 0.047 0.188 
834    (0)   :  0.286 0.510 0.056 0.148 
835    (0)   :  0.061 0.856 0.040 0.043 
836    (0)   :  0.068 0.775 0.075 0.082 
837    (0)   :  0.382 0.266 0.062 0.290 
838    (0)   :  0.053 0.814 0.089 0.044 
839    (0)   :  0.160 0.749 0.024 0.068 
840    (0)   :  0.073 0.471 0.273 0.184 
841    (0)   :  0.052 0.749 0.078 0.121 
842    (0)   :  0.067 0.876 0.024 0.032 
843    (0)   :  0.075 0.310 0.304 0.312 
844    (0)   :  0.145 0.577 0.083 0.194 
845    (0)   :  0.071 0.864 0.020 0.045 
846    (0)   :  0.054 0.807 0.031 0.108 
847    (0)   :  0.040 0.710 0.032 0.218 
848    (0)   :  0.043 0.810 0.053 0.094 
849    (0)   :  0.087 0.819 0.030 0.063 
850    (0)   :  0.144 0.765 0.029 0.062 
851    (0)   :  0.051 0.867 0.028 0.054 
852    (0)   :  0.182 0.211 0.026 0.581 
853    (0)   :  0.146 0.772 0.031 0.051 
854    (0)   :  0.261 0.434 0.027 0.278 
855    (0)   :  0.064 0.809 0.036 0.091 
856    (0)   :  0.067 0.752 0.036 0.145 
857    (0)   :  0.083 0.702 0.150 0.065 
858    (0)   :  0.072 0.846 0.033 0.049 
859    (0)   :  0.174 0.747 0.024 0.055 
860    (0)   :  0.055 0.853 0.044 0.048 
861    (0)   :  0.044 0.375 0.113 0.468 
862    (0)   :  0.856 0.079 0.030 0.035 
863    (0)   :  0.770 0.100 0.044 0.086 
864    (0)   :  0.850 0.070 0.022 0.059 
865    (0)   :  0.817 0.130 0.027 0.026 
866    (0)   :  0.362 0.547 0.044 0.047 
867    (0)   :  0.835 0.075 0.038 0.052 
868    (0)   :  0.722 0.175 0.055 0.048 
869    (0)   :  0.390 0.523 0.036 0.051 
870    (0)   :  0.630 0.192 0.146 0.032 
871    (0)   :  0.753 0.181 0.034 0.032 
872    (0)   :  0.828 0.108 0.022 0.042 
873    (0)   :  0.835 0.091 0.025 0.049 
874    (0)   :  0.849 0.089 0.032 0.030 
875    (0)   :  0.444 0.386 0.114 0.056 
876    (0)   :  0.119 0.764 0.076 0.040 
877    (0)   :  0.861 0.074 0.023 0.041 
878    (0)   :  0.397 0.446 0.082 0.075 
879    (0)   :  0.827 0.092 0.022 0.058 
880    (0)   :  0.453 0.367 0.138 0.041 
881    (0)   :  0.812 0.105 0.030 0.052 
882    (0)   :  0.833 0.098 0.020 0.049 
883    (0)   :  0.103 0.764 0.079 0.054 
884    (0)   :  0.821 0.129 0.025 0.026 
885    (0)   :  0.573 0.176 0.171 0.079 
886    (0)   :  0.564 0.326 0.033 0.077 
887    (0)   :  0.815 0.128 0.025 0.032 
888    (0)   :  0.403 0.187 0.292 0.117 
889    (0)   :  0.844 0.103 0.027 0.026 
890    (0)   :  0.448 0.461 0.063 0.028 
891    (0)   :  0.069 0.824 0.060 0.047 
892    (0)   :  0.078 0.786 0.082 0.054 
893    (0)   :  0.142 0.603 0.176 0.080 
894    (0)   :  0.212 0.734 0.022 0.032 
895    (0)   :  0.752 0.184 0.032 0.032 
896    (0)   :  0.053 0.789 0.071 0.088 
897    (0)   :  0.055 0.844 0.052 0.049 
898    (0)   :  0.325 0.515 0.066 0.095 
899    (0)   :  0.123 0.830 0.021 0.026 
900    (0)   :  0.060 0.851 0.048 0.040 
901    (0)   :  0.079 0.841 0.035 0.044 
902    (0)   :  0.069 0.497 0.376 0.058 
903    (0)   :  0.546 0.371 0.042 0.042 
904    (0)   :  0.381 0.442 0.087 0.089 
905    (0)   :  0.520 0.424 0.026 0.031 
906    (0)   :  0.235 0.613 0.092 0.060 
907    (0)   :  0.121 0.784 0.029 0.066 
908    (0)   :  0.136 0.784 0.026 0.054 
909    (0)   :  0.226 0.587 0.122 0.065 
910    (0)   :  0.083 0.760 0.102 0.055 
911    (0)   :  0.627 0.316 0.029 0.027 
912    (0)   :  0.177 0.759 0.029 0.035 
913    (0)   :  0.298 0.626 0.045 0.031 
914    (0)   :  0.190 0.585 0.035 0.190 
915    (0)   :  0.185 0.745 0.044 0.026 
916    (0)   :  0.112 0.816 0.035 0.037 
917    (0)   :  0.155 0.770 0.037 0.038 
918    (0)   :  0.362 0.425 0.050 0.162 
919    (0)   :  0.505 0.371 0.039 0.085 
920    (0)   :  0.106 0.806 0.027 0.060 
921    (0)   :  0.093 0.301 0.298 0.307 
922    (0)   :  0.060 0.252 0.638 0.049 
923    (0)   :  0.052 0.346 0.512 0.090 
924    (0)   :  0.052 0.339 0.562 0.047 
925    (0)   :  0.073 0.359 0.483 0.084 
926    (0)   :  0.032 0.126 0.760 0.081 
927    (0)   :  0.049 0.125 0.716 0.110 
928    (0)   :  0.033 0.136 0.615 0.215 
929    (0)   :  0.032 0.154 0.766 0.047 
930    (0)   :  0.066 0.252 0.595 0.088 
931    (0)   :  0.126 0.057 0.712 0.105 
932    (0)   :  0.038 0.123 0.802 0.037 
933    (0)   :  0.045 0.152 0.328 0.475 
