

----------------------------------------------------
STRUCTURE by Pritchard, Stephens and Donnelly (2000)
     and Falush, Stephens and Pritchard (2003)
       Code by Pritchard, Falush and Hubisz
             Version 2.3.4 (Jul 2012)
----------------------------------------------------



Command line arguments:   ./structure -K 7 -D 107001 -m brooktrout/mainparams -e brooktrout/extraparams -o brooktrout/250914_output/results_K7_rep1 
Input File:    brooktrout/brooktrout.txt

Run parameters:
   8454 individuals
   5 loci
   7 populations assumed
   50000 Burn-in period
   100000 Reps
RANDOMIZE turned off


--------------------------------------------
Overall proportion of membership of the
sample in each of the 7 clusters

Inferred Clusters
  1      2      3      4      5      6      7    
0.025  0.026  0.060  0.165  0.177  0.257  0.289  

--------------------------------------------

Allele-freq. divergence among pops (Net nucleotide distance),
computed using point estimates of P.

      1       2       3       4       5       6       7      
 1      -    0.1583  0.1683  0.1304  0.1772  0.0993  0.1907  
 2   0.1583     -    0.1251  0.0816  0.0394  0.0679  0.0742  
 3   0.1683  0.1251     -    0.1416  0.1116  0.1533  0.1389  
 4   0.1304  0.0816  0.1416     -    0.0638  0.0570  0.1435  
 5   0.1772  0.0394  0.1116  0.0638     -    0.0741  0.1003  
 6   0.0993  0.0679  0.1533  0.0570  0.0741     -    0.1283  
 7   0.1907  0.0742  0.1389  0.1435  0.1003  0.1283     -    

Average distances (expected heterozygosity) between individuals in same cluster:
cluster  1  : 0.6876 
cluster  2  : 0.8599 
cluster  3  : 0.7548 
cluster  4  : 0.7922 
cluster  5  : 0.8090 
cluster  6  : 0.7633 
cluster  7  : 0.7344 

--------------------------------------------
Estimated Ln Prob of Data   = -183851.6
Mean value of ln likelihood = -171928.3
Variance of ln likelihood   = 23846.7

Mean value of alpha_1       = 0.0653
Mean value of alpha_2       = 0.0740
Mean value of alpha_3       = 0.1663
Mean value of alpha_4       = 0.4631
Mean value of alpha_5       = 0.5058
Mean value of alpha_6       = 0.7259
Mean value of alpha_7       = 0.8242
Allele frequencies uncorrelated


Inferred ancestry of individuals:
     (%Miss) :  Inferred clusters
  1    (0)   :  0.014 0.014 0.066 0.120 0.096 0.312 0.378 
  2    (0)   :  0.007 0.052 0.018 0.086 0.564 0.145 0.129 
  3    (0)   :  0.016 0.018 0.050 0.093 0.084 0.434 0.305 
  4    (0)   :  0.018 0.017 0.033 0.112 0.095 0.120 0.605 
  5    (0)   :  0.008 0.016 0.018 0.094 0.564 0.171 0.128 
  6    (0)   :  0.008 0.015 0.019 0.082 0.093 0.642 0.140 
  7    (0)   :  0.011 0.012 0.017 0.337 0.125 0.368 0.130 
  8    (0)   :  0.021 0.051 0.030 0.130 0.083 0.279 0.406 
  9    (0)   :  0.010 0.048 0.027 0.102 0.232 0.348 0.233 
 10    (0)   :  0.010 0.020 0.017 0.120 0.110 0.424 0.298 
 11    (0)   :  0.012 0.009 0.019 0.324 0.119 0.386 0.132 
 12    (0)   :  0.008 0.024 0.021 0.109 0.439 0.198 0.201 
 13    (0)   :  0.010 0.022 0.027 0.145 0.234 0.350 0.213 
 14    (0)   :  0.021 0.019 0.069 0.086 0.263 0.244 0.298 
 15    (0)   :  0.031 0.014 0.028 0.157 0.189 0.189 0.391 
 16    (0)   :  0.011 0.009 0.035 0.099 0.099 0.563 0.184 
 17    (0)   :  0.012 0.032 0.042 0.112 0.237 0.366 0.199 
 18    (0)   :  0.023 0.076 0.034 0.072 0.207 0.350 0.238 
 19    (0)   :  0.009 0.021 0.017 0.105 0.145 0.528 0.176 
 20    (0)   :  0.021 0.014 0.029 0.223 0.260 0.240 0.213 
 21    (0)   :  0.012 0.017 0.048 0.087 0.184 0.238 0.414 
 22    (0)   :  0.008 0.017 0.028 0.071 0.097 0.563 0.215 
 23    (0)   :  0.024 0.030 0.072 0.114 0.177 0.171 0.412 
 24    (0)   :  0.011 0.011 0.033 0.090 0.105 0.377 0.372 
 25    (0)   :  0.020 0.016 0.025 0.189 0.243 0.401 0.106 
 26    (0)   :  0.013 0.025 0.027 0.099 0.211 0.324 0.301 
 27    (0)   :  0.010 0.015 0.054 0.095 0.194 0.399 0.234 
 28    (0)   :  0.012 0.013 0.027 0.168 0.100 0.245 0.436 
 29    (0)   :  0.008 0.012 0.030 0.192 0.312 0.252 0.195 
 30    (0)   :  0.009 0.014 0.039 0.068 0.117 0.570 0.183 
 31    (0)   :  0.009 0.039 0.046 0.159 0.213 0.260 0.273 
 32    (0)   :  0.016 0.024 0.029 0.111 0.159 0.327 0.335 
 33    (0)   :  0.010 0.012 0.044 0.138 0.095 0.393 0.309 
 34    (0)   :  0.016 0.023 0.023 0.255 0.107 0.392 0.185 
 35    (0)   :  0.008 0.041 0.100 0.088 0.284 0.308 0.172 
 36    (0)   :  0.049 0.014 0.322 0.079 0.105 0.252 0.179 
 37    (0)   :  0.008 0.026 0.040 0.115 0.178 0.220 0.413 
 38    (0)   :  0.236 0.015 0.078 0.187 0.135 0.237 0.112 
 39    (0)   :  0.019 0.018 0.094 0.161 0.190 0.349 0.168 
 40    (0)   :  0.013 0.017 0.284 0.062 0.139 0.216 0.270 
 41    (0)   :  0.013 0.015 0.381 0.122 0.093 0.260 0.116 
 42    (0)   :  0.031 0.009 0.217 0.076 0.083 0.168 0.416 
 43    (0)   :  0.007 0.019 0.282 0.126 0.163 0.168 0.234 
 44    (0)   :  0.006 0.017 0.397 0.081 0.132 0.257 0.110 
 45    (0)   :  0.031 0.029 0.211 0.094 0.267 0.247 0.121 
 46    (0)   :  0.010 0.023 0.072 0.121 0.228 0.397 0.149 
 47    (0)   :  0.007 0.064 0.049 0.107 0.175 0.370 0.228 
 48    (0)   :  0.009 0.031 0.370 0.059 0.192 0.219 0.121 
 49    (0)   :  0.012 0.019 0.099 0.114 0.244 0.299 0.213 
 50    (0)   :  0.010 0.022 0.047 0.164 0.151 0.438 0.169 
 51    (0)   :  0.018 0.009 0.628 0.061 0.078 0.108 0.098 
 52    (0)   :  0.010 0.017 0.101 0.170 0.130 0.365 0.208 
 53    (0)   :  0.089 0.015 0.069 0.126 0.089 0.407 0.206 
 54    (0)   :  0.006 0.083 0.071 0.098 0.330 0.175 0.237 
 55    (0)   :  0.008 0.030 0.205 0.094 0.334 0.145 0.185 
 56    (0)   :  0.021 0.025 0.115 0.066 0.277 0.277 0.219 
 57    (0)   :  0.011 0.043 0.021 0.122 0.132 0.321 0.351 
 58    (0)   :  0.016 0.021 0.154 0.106 0.268 0.214 0.221 
 59    (0)   :  0.059 0.016 0.148 0.110 0.245 0.244 0.179 
 60    (0)   :  0.019 0.015 0.289 0.084 0.112 0.162 0.318 
 61    (0)   :  0.006 0.065 0.178 0.085 0.302 0.103 0.261 
 62    (0)   :  0.009 0.051 0.030 0.090 0.366 0.290 0.165 
 63    (0)   :  0.010 0.015 0.091 0.214 0.150 0.219 0.300 
 64    (0)   :  0.023 0.025 0.027 0.089 0.234 0.472 0.132 
 65    (0)   :  0.009 0.019 0.027 0.360 0.235 0.246 0.106 
 66    (0)   :  0.009 0.027 0.036 0.152 0.272 0.159 0.346 
 67    (0)   :  0.006 0.055 0.195 0.108 0.326 0.160 0.150 
 68    (0)   :  0.062 0.016 0.176 0.103 0.207 0.225 0.211 
 69    (0)   :  0.183 0.024 0.106 0.174 0.117 0.194 0.202 
 70    (0)   :  0.021 0.010 0.256 0.197 0.079 0.178 0.259 
 71    (0)   :  0.036 0.015 0.285 0.110 0.235 0.217 0.101 
 72    (0)   :  0.016 0.014 0.115 0.116 0.113 0.467 0.159 
 73    (0)   :  0.012 0.034 0.144 0.123 0.406 0.151 0.130 
 74    (0)   :  0.058 0.015 0.208 0.071 0.107 0.248 0.292 
 75    (0)   :  0.034 0.017 0.181 0.056 0.120 0.181 0.411 
 76    (0)   :  0.008 0.019 0.162 0.248 0.169 0.207 0.186 
 77    (0)   :  0.031 0.013 0.304 0.155 0.161 0.226 0.110 
 78    (0)   :  0.146 0.017 0.242 0.155 0.132 0.188 0.121 
 79    (0)   :  0.011 0.015 0.016 0.210 0.186 0.410 0.152 
 80    (0)   :  0.008 0.025 0.019 0.130 0.097 0.162 0.559 
 81    (0)   :  0.010 0.030 0.015 0.170 0.105 0.223 0.447 
 82    (0)   :  0.010 0.012 0.043 0.152 0.341 0.157 0.285 
 83    (0)   :  0.022 0.020 0.029 0.189 0.103 0.253 0.385 
 84    (0)   :  0.011 0.014 0.020 0.218 0.112 0.281 0.345 
 85    (0)   :  0.026 0.016 0.026 0.107 0.113 0.307 0.405 
 86    (0)   :  0.010 0.051 0.055 0.114 0.420 0.203 0.147 
 87    (0)   :  0.020 0.015 0.029 0.401 0.125 0.234 0.175 
 88    (0)   :  0.009 0.012 0.019 0.187 0.166 0.176 0.430 
 89    (0)   :  0.009 0.031 0.018 0.136 0.145 0.188 0.473 
 90    (0)   :  0.009 0.015 0.018 0.372 0.194 0.211 0.181 
 91    (0)   :  0.025 0.013 0.027 0.106 0.083 0.194 0.551 
 92    (0)   :  0.010 0.013 0.019 0.189 0.242 0.272 0.255 
 93    (0)   :  0.007 0.010 0.019 0.063 0.075 0.110 0.716 
 94    (0)   :  0.035 0.009 0.034 0.492 0.063 0.228 0.140 
 95    (0)   :  0.009 0.015 0.018 0.367 0.136 0.142 0.314 
 96    (0)   :  0.007 0.017 0.199 0.088 0.220 0.104 0.364 
 97    (0)   :  0.045 0.019 0.116 0.063 0.171 0.216 0.370 
 98    (0)   :  0.008 0.016 0.139 0.087 0.224 0.295 0.231 
 99    (0)   :  0.010 0.023 0.017 0.247 0.136 0.258 0.310 
100    (0)   :  0.006 0.044 0.022 0.061 0.171 0.099 0.596 
101    (0)   :  0.023 0.019 0.039 0.290 0.156 0.200 0.271 
102    (0)   :  0.018 0.013 0.061 0.217 0.103 0.136 0.453 
103    (0)   :  0.007 0.103 0.027 0.216 0.274 0.130 0.243 
104    (0)   :  0.007 0.011 0.024 0.466 0.162 0.158 0.172 
105    (0)   :  0.006 0.017 0.026 0.362 0.225 0.114 0.250 
106    (0)   :  0.013 0.010 0.029 0.407 0.115 0.345 0.082 
107    (0)   :  0.008 0.034 0.029 0.364 0.200 0.128 0.237 
108    (0)   :  0.170 0.041 0.111 0.087 0.340 0.118 0.132 
109    (0)   :  0.025 0.029 0.040 0.292 0.298 0.228 0.088 
110    (0)   :  0.014 0.010 0.024 0.492 0.081 0.286 0.093 
111    (0)   :  0.008 0.015 0.022 0.559 0.167 0.111 0.118 
112    (0)   :  0.012 0.015 0.046 0.550 0.144 0.139 0.094 
113    (0)   :  0.020 0.057 0.047 0.122 0.328 0.226 0.200 
114    (0)   :  0.007 0.011 0.021 0.433 0.182 0.143 0.203 
115    (0)   :  0.009 0.014 0.082 0.424 0.187 0.138 0.147 
116    (0)   :  0.029 0.016 0.103 0.289 0.210 0.257 0.097 
117    (0)   :  0.013 0.014 0.039 0.484 0.100 0.234 0.117 
118    (0)   :  0.013 0.031 0.025 0.150 0.561 0.107 0.114 
119    (0)   :  0.013 0.014 0.240 0.150 0.106 0.123 0.353 
120    (0)   :  0.009 0.015 0.041 0.386 0.231 0.149 0.168 
121    (0)   :  0.012 0.035 0.155 0.385 0.159 0.146 0.108 
122    (0)   :  0.010 0.011 0.025 0.358 0.158 0.325 0.112 
123    (0)   :  0.014 0.017 0.035 0.483 0.132 0.165 0.154 
124    (0)   :  0.013 0.026 0.089 0.323 0.171 0.263 0.115 
125    (0)   :  0.023 0.012 0.077 0.243 0.103 0.410 0.131 
126    (0)   :  0.013 0.013 0.087 0.338 0.127 0.243 0.180 
127    (0)   :  0.007 0.016 0.025 0.565 0.160 0.100 0.127 
128    (0)   :  0.006 0.023 0.026 0.130 0.573 0.122 0.121 
129    (0)   :  0.007 0.041 0.027 0.361 0.337 0.122 0.106 
130    (0)   :  0.007 0.022 0.020 0.390 0.204 0.155 0.203 
131    (0)   :  0.085 0.021 0.117 0.296 0.113 0.275 0.092 
132    (0)   :  0.010 0.028 0.031 0.334 0.224 0.282 0.091 
133    (0)   :  0.011 0.032 0.036 0.400 0.223 0.140 0.157 
134    (0)   :  0.009 0.010 0.020 0.567 0.096 0.226 0.071 
135    (0)   :  0.010 0.014 0.074 0.062 0.199 0.099 0.540 
136    (0)   :  0.008 0.014 0.019 0.048 0.104 0.135 0.673 
137    (0)   :  0.008 0.010 0.019 0.102 0.075 0.097 0.689 
138    (0)   :  0.009 0.010 0.026 0.049 0.063 0.106 0.737 
139    (0)   :  0.009 0.040 0.043 0.063 0.289 0.147 0.410 
140    (0)   :  0.011 0.012 0.049 0.093 0.129 0.194 0.513 
141    (0)   :  0.010 0.014 0.024 0.051 0.108 0.199 0.594 
142    (0)   :  0.009 0.015 0.095 0.059 0.204 0.097 0.520 
143    (0)   :  0.007 0.010 0.019 0.046 0.061 0.082 0.775 
144    (0)   :  0.008 0.011 0.020 0.099 0.076 0.088 0.698 
145    (0)   :  0.010 0.017 0.033 0.053 0.146 0.206 0.535 
146    (0)   :  0.012 0.014 0.028 0.102 0.109 0.202 0.533 
147    (0)   :  0.007 0.010 0.017 0.047 0.059 0.091 0.769 
148    (0)   :  0.007 0.013 0.046 0.079 0.170 0.155 0.529 
149    (0)   :  0.011 0.015 0.038 0.050 0.092 0.116 0.678 
150    (0)   :  0.007 0.013 0.022 0.138 0.122 0.121 0.576 
151    (0)   :  0.006 0.012 0.021 0.062 0.087 0.101 0.712 
152    (0)   :  0.017 0.014 0.085 0.074 0.149 0.161 0.501 
153    (0)   :  0.009 0.009 0.039 0.064 0.068 0.131 0.679 
154    (0)   :  0.008 0.020 0.029 0.048 0.125 0.126 0.644 
155    (0)   :  0.006 0.011 0.020 0.060 0.074 0.093 0.736 
156    (0)   :  0.006 0.011 0.066 0.074 0.123 0.083 0.637 
157    (0)   :  0.008 0.009 0.018 0.140 0.064 0.129 0.631 
158    (0)   :  0.011 0.015 0.028 0.052 0.120 0.201 0.573 
159    (0)   :  0.008 0.013 0.015 0.047 0.071 0.087 0.760 
160    (0)   :  0.007 0.015 0.016 0.047 0.087 0.087 0.741 
161    (0)   :  0.010 0.010 0.028 0.070 0.081 0.163 0.638 
162    (0)   :  0.010 0.019 0.031 0.098 0.151 0.208 0.483 
163    (0)   :  0.006 0.010 0.028 0.059 0.066 0.085 0.745 
164    (0)   :  0.009 0.020 0.023 0.088 0.176 0.157 0.528 
165    (0)   :  0.007 0.013 0.022 0.133 0.111 0.104 0.610 
166    (0)   :  0.024 0.014 0.046 0.157 0.081 0.129 0.548 
167    (0)   :  0.010 0.039 0.022 0.072 0.104 0.163 0.590 
168    (0)   :  0.026 0.010 0.041 0.063 0.073 0.140 0.646 
169    (0)   :  0.040 0.016 0.042 0.050 0.113 0.315 0.423 
170    (0)   :  0.007 0.014 0.047 0.068 0.101 0.102 0.662 
171    (0)   :  0.021 0.012 0.033 0.071 0.127 0.173 0.563 
172    (0)   :  0.037 0.013 0.107 0.049 0.095 0.174 0.524 
173    (0)   :  0.007 0.015 0.017 0.047 0.103 0.088 0.723 
174    (0)   :  0.007 0.011 0.016 0.061 0.077 0.111 0.718 
175    (0)   :  0.007 0.012 0.028 0.047 0.074 0.130 0.703 
176    (0)   :  0.008 0.011 0.020 0.100 0.077 0.088 0.696 
177    (0)   :  0.012 0.010 0.026 0.145 0.075 0.185 0.548 
178    (0)   :  0.007 0.013 0.017 0.062 0.095 0.182 0.625 
179    (0)   :  0.007 0.012 0.016 0.047 0.066 0.092 0.760 
180    (0)   :  0.012 0.016 0.035 0.078 0.099 0.172 0.587 
181    (0)   :  0.009 0.015 0.033 0.053 0.132 0.129 0.628 
182    (0)   :  0.007 0.014 0.023 0.049 0.133 0.082 0.692 
183    (0)   :  0.007 0.013 0.019 0.048 0.075 0.094 0.745 
184    (0)   :  0.009 0.172 0.020 0.069 0.448 0.159 0.123 
185    (0)   :  0.007 0.014 0.079 0.049 0.088 0.071 0.692 
186    (0)   :  0.006 0.104 0.023 0.129 0.383 0.216 0.138 
187    (0)   :  0.008 0.124 0.023 0.076 0.275 0.134 0.361 
188    (0)   :  0.006 0.178 0.022 0.090 0.444 0.160 0.100 
189    (0)   :  0.036 0.052 0.041 0.070 0.131 0.289 0.381 
190    (0)   :  0.006 0.037 0.169 0.052 0.267 0.068 0.401 
191    (0)   :  0.006 0.178 0.019 0.057 0.456 0.126 0.158 
192    (0)   :  0.007 0.079 0.018 0.099 0.265 0.174 0.357 
193    (0)   :  0.008 0.031 0.031 0.075 0.331 0.193 0.332 
194    (0)   :  0.008 0.037 0.036 0.105 0.248 0.158 0.407 
195    (0)   :  0.006 0.165 0.039 0.049 0.226 0.081 0.435 
196    (0)   :  0.008 0.065 0.071 0.069 0.385 0.092 0.310 
197    (0)   :  0.007 0.045 0.035 0.131 0.244 0.257 0.280 
198    (0)   :  0.010 0.027 0.040 0.113 0.213 0.310 0.287 
199    (0)   :  0.012 0.037 0.075 0.076 0.335 0.098 0.368 
200    (0)   :  0.015 0.067 0.072 0.063 0.364 0.152 0.268 
201    (0)   :  0.006 0.067 0.027 0.059 0.182 0.101 0.559 
202    (0)   :  0.006 0.016 0.045 0.072 0.132 0.082 0.647 
203    (0)   :  0.006 0.107 0.021 0.051 0.255 0.082 0.478 
204    (0)   :  0.006 0.211 0.033 0.049 0.384 0.078 0.241 
205    (0)   :  0.010 0.178 0.038 0.063 0.407 0.112 0.192 
206    (0)   :  0.006 0.166 0.025 0.052 0.392 0.092 0.266 
207    (0)   :  0.006 0.088 0.034 0.075 0.520 0.088 0.189 
208    (0)   :  0.006 0.089 0.033 0.061 0.343 0.096 0.371 
209    (0)   :  0.006 0.088 0.029 0.066 0.422 0.147 0.242 
210    (0)   :  0.006 0.174 0.024 0.065 0.375 0.100 0.257 
211    (0)   :  0.006 0.015 0.057 0.093 0.426 0.081 0.321 
212    (0)   :  0.006 0.021 0.041 0.053 0.126 0.136 0.616 
213    (0)   :  0.009 0.031 0.107 0.136 0.268 0.169 0.279 
214    (0)   :  0.006 0.037 0.027 0.055 0.197 0.099 0.579 
215    (0)   :  0.009 0.148 0.029 0.067 0.509 0.097 0.140 
216    (0)   :  0.010 0.072 0.025 0.094 0.392 0.217 0.191 
217    (0)   :  0.009 0.090 0.035 0.053 0.213 0.105 0.495 
218    (0)   :  0.009 0.178 0.020 0.069 0.405 0.117 0.202 
219    (0)   :  0.018 0.071 0.025 0.076 0.220 0.227 0.364 
220    (0)   :  0.006 0.216 0.021 0.054 0.457 0.087 0.158 
221    (0)   :  0.006 0.016 0.060 0.045 0.096 0.075 0.701 
222    (0)   :  0.009 0.067 0.025 0.100 0.247 0.280 0.271 
223    (0)   :  0.010 0.043 0.026 0.089 0.189 0.166 0.477 
224    (0)   :  0.006 0.113 0.021 0.052 0.281 0.095 0.431 
225    (0)   :  0.007 0.164 0.035 0.064 0.363 0.104 0.263 
226    (0)   :  0.081 0.133 0.024 0.072 0.304 0.150 0.236 
227    (0)   :  0.006 0.052 0.072 0.089 0.253 0.088 0.438 
228    (0)   :  0.006 0.131 0.095 0.050 0.241 0.074 0.402 
229    (0)   :  0.006 0.169 0.017 0.054 0.262 0.102 0.391 
230    (0)   :  0.006 0.179 0.018 0.051 0.337 0.087 0.322 
231    (0)   :  0.006 0.140 0.018 0.054 0.296 0.142 0.343 
232    (0)   :  0.011 0.037 0.044 0.094 0.202 0.190 0.422 
233    (0)   :  0.006 0.037 0.021 0.056 0.178 0.099 0.604 
234    (0)   :  0.008 0.042 0.020 0.088 0.309 0.222 0.311 
235    (0)   :  0.012 0.074 0.040 0.070 0.240 0.161 0.402 
236    (0)   :  0.008 0.053 0.020 0.067 0.268 0.127 0.457 
237    (0)   :  0.006 0.091 0.036 0.065 0.501 0.100 0.201 
238    (0)   :  0.006 0.027 0.027 0.076 0.167 0.125 0.573 
239    (0)   :  0.006 0.164 0.039 0.048 0.225 0.081 0.436 
240    (0)   :  0.006 0.026 0.028 0.075 0.169 0.125 0.572 
241    (0)   :  0.008 0.023 0.034 0.059 0.153 0.097 0.627 
242    (0)   :  0.014 0.186 0.030 0.055 0.264 0.186 0.264 
243    (0)   :  0.006 0.060 0.072 0.057 0.401 0.075 0.329 
244    (0)   :  0.006 0.137 0.020 0.050 0.293 0.086 0.409 
245    (0)   :  0.006 0.016 0.033 0.060 0.094 0.094 0.698 
246    (0)   :  0.009 0.091 0.035 0.053 0.214 0.104 0.493 
247    (0)   :  0.011 0.052 0.044 0.230 0.304 0.222 0.137 
248    (0)   :  0.007 0.051 0.029 0.084 0.592 0.107 0.130 
249    (0)   :  0.006 0.087 0.025 0.060 0.259 0.103 0.460 
250    (0)   :  0.007 0.113 0.018 0.070 0.312 0.128 0.351 
251    (0)   :  0.029 0.061 0.035 0.083 0.362 0.224 0.206 
252    (0)   :  0.008 0.152 0.036 0.070 0.251 0.126 0.357 
253    (0)   :  0.017 0.038 0.049 0.131 0.366 0.164 0.235 
254    (0)   :  0.007 0.112 0.027 0.083 0.303 0.204 0.263 
255    (0)   :  0.007 0.085 0.027 0.074 0.292 0.199 0.316 
256    (0)   :  0.007 0.054 0.037 0.065 0.268 0.112 0.457 
257    (0)   :  0.008 0.092 0.032 0.089 0.368 0.124 0.286 
258    (0)   :  0.008 0.029 0.079 0.101 0.394 0.159 0.230 
259    (0)   :  0.008 0.082 0.020 0.070 0.420 0.118 0.281 
260    (0)   :  0.008 0.049 0.020 0.084 0.182 0.241 0.416 
261    (0)   :  0.009 0.072 0.047 0.067 0.186 0.120 0.499 
262    (0)   :  0.009 0.073 0.072 0.046 0.213 0.079 0.509 
263    (0)   :  0.006 0.196 0.023 0.059 0.453 0.112 0.152 
264    (0)   :  0.009 0.038 0.029 0.088 0.311 0.416 0.109 
265    (0)   :  0.011 0.142 0.027 0.068 0.321 0.150 0.281 
266    (0)   :  0.006 0.021 0.043 0.046 0.114 0.076 0.694 
267    (0)   :  0.006 0.026 0.029 0.084 0.333 0.149 0.374 
268    (0)   :  0.008 0.063 0.074 0.069 0.379 0.092 0.313 
269    (0)   :  0.021 0.103 0.024 0.067 0.206 0.268 0.311 
270    (0)   :  0.007 0.067 0.025 0.093 0.411 0.203 0.194 
271    (0)   :  0.010 0.054 0.041 0.092 0.472 0.123 0.208 
272    (0)   :  0.078 0.107 0.039 0.077 0.384 0.119 0.195 
273    (0)   :  0.025 0.117 0.031 0.099 0.234 0.198 0.296 
274    (0)   :  0.015 0.103 0.025 0.078 0.386 0.165 0.228 
275    (0)   :  0.024 0.151 0.025 0.062 0.365 0.139 0.235 
276    (0)   :  0.055 0.069 0.045 0.090 0.416 0.117 0.209 
277    (0)   :  0.010 0.068 0.024 0.084 0.221 0.179 0.413 
278    (0)   :  0.010 0.106 0.039 0.064 0.509 0.095 0.177 
279    (0)   :  0.010 0.081 0.024 0.079 0.339 0.146 0.321 
280    (0)   :  0.019 0.089 0.038 0.066 0.288 0.211 0.289 
281    (0)   :  0.009 0.074 0.027 0.102 0.372 0.166 0.250 
282    (0)   :  0.008 0.046 0.019 0.072 0.171 0.157 0.528 
283    (0)   :  0.006 0.055 0.024 0.069 0.161 0.114 0.571 
284    (0)   :  0.008 0.024 0.030 0.104 0.307 0.146 0.382 
285    (0)   :  0.010 0.064 0.064 0.085 0.532 0.144 0.101 
286    (0)   :  0.006 0.138 0.020 0.050 0.292 0.085 0.409 
287    (0)   :  0.015 0.090 0.026 0.094 0.250 0.227 0.298 
288    (0)   :  0.041 0.207 0.021 0.062 0.391 0.113 0.165 
289    (0)   :  0.033 0.142 0.038 0.096 0.401 0.133 0.156 
290    (0)   :  0.008 0.039 0.076 0.068 0.314 0.236 0.259 
291    (0)   :  0.010 0.058 0.041 0.093 0.468 0.125 0.204 
292    (0)   :  0.023 0.066 0.079 0.063 0.215 0.177 0.378 
293    (0)   :  0.008 0.015 0.095 0.079 0.293 0.331 0.179 
294    (0)   :  0.008 0.218 0.031 0.055 0.437 0.111 0.141 
295    (0)   :  0.044 0.040 0.053 0.099 0.355 0.143 0.266 
296    (0)   :  0.009 0.150 0.028 0.072 0.471 0.098 0.172 
297    (0)   :  0.018 0.134 0.029 0.068 0.318 0.228 0.205 
298    (0)   :  0.008 0.097 0.017 0.078 0.215 0.164 0.422 
299    (0)   :  0.006 0.217 0.019 0.062 0.378 0.145 0.174 
300    (0)   :  0.008 0.184 0.033 0.056 0.451 0.126 0.141 
301    (0)   :  0.012 0.095 0.021 0.072 0.427 0.198 0.175 
302    (0)   :  0.008 0.142 0.055 0.061 0.459 0.112 0.163 
303    (0)   :  0.008 0.102 0.029 0.057 0.226 0.143 0.434 
304    (0)   :  0.006 0.022 0.018 0.104 0.123 0.278 0.449 
305    (0)   :  0.008 0.161 0.033 0.047 0.325 0.086 0.339 
306    (0)   :  0.013 0.066 0.032 0.061 0.185 0.135 0.509 
307    (0)   :  0.010 0.029 0.022 0.079 0.324 0.151 0.385 
308    (0)   :  0.008 0.074 0.045 0.067 0.187 0.119 0.498 
309    (0)   :  0.013 0.211 0.036 0.073 0.428 0.094 0.144 
310    (0)   :  0.006 0.079 0.040 0.055 0.307 0.089 0.423 
311    (0)   :  0.006 0.179 0.018 0.051 0.334 0.088 0.323 
312    (0)   :  0.006 0.181 0.030 0.069 0.461 0.086 0.168 
313    (0)   :  0.007 0.082 0.072 0.068 0.540 0.085 0.147 
314    (0)   :  0.009 0.012 0.031 0.046 0.060 0.081 0.762 
315    (0)   :  0.016 0.009 0.041 0.058 0.057 0.105 0.713 
316    (0)   :  0.034 0.014 0.029 0.065 0.060 0.127 0.672 
317    (0)   :  0.011 0.010 0.019 0.047 0.057 0.086 0.770 
318    (0)   :  0.011 0.010 0.015 0.047 0.053 0.092 0.772 
319    (0)   :  0.007 0.011 0.019 0.046 0.065 0.083 0.769 
320    (0)   :  0.009 0.012 0.031 0.046 0.060 0.081 0.762 
321    (0)   :  0.011 0.010 0.017 0.047 0.056 0.095 0.764 
322    (0)   :  0.030 0.015 0.046 0.064 0.065 0.114 0.667 
323    (0)   :  0.008 0.017 0.015 0.048 0.056 0.090 0.766 
324    (0)   :  0.010 0.010 0.017 0.048 0.055 0.095 0.765 
325    (0)   :  0.034 0.009 0.025 0.060 0.055 0.117 0.700 
326    (0)   :  0.081 0.019 0.030 0.061 0.057 0.111 0.641 
327    (0)   :  0.010 0.010 0.019 0.047 0.057 0.086 0.770 
328    (0)   :  0.018 0.009 0.032 0.061 0.063 0.114 0.703 
329    (0)   :  0.007 0.009 0.015 0.046 0.052 0.089 0.782 
330    (0)   :  0.010 0.010 0.019 0.047 0.057 0.085 0.772 
331    (0)   :  0.007 0.010 0.014 0.046 0.057 0.089 0.776 
332    (0)   :  0.049 0.023 0.026 0.063 0.055 0.122 0.663 
333    (0)   :  0.041 0.019 0.030 0.064 0.062 0.109 0.673 
334    (0)   :  0.018 0.010 0.031 0.060 0.063 0.114 0.704 
335    (0)   :  0.017 0.009 0.035 0.060 0.059 0.104 0.717 
336    (0)   :  0.012 0.023 0.024 0.048 0.055 0.090 0.748 
337    (0)   :  0.033 0.009 0.032 0.062 0.058 0.119 0.687 
338    (0)   :  0.012 0.012 0.015 0.048 0.054 0.096 0.764 
339    (0)   :  0.007 0.010 0.014 0.046 0.056 0.089 0.778 
340    (0)   :  0.007 0.010 0.016 0.046 0.058 0.081 0.783 
341    (0)   :  0.013 0.024 0.018 0.050 0.063 0.089 0.742 
342    (0)   :  0.010 0.010 0.019 0.047 0.057 0.086 0.771 
343    (0)   :  0.018 0.015 0.061 0.061 0.059 0.107 0.679 
344    (0)   :  0.007 0.010 0.014 0.046 0.053 0.089 0.781 
345    (0)   :  0.010 0.010 0.019 0.047 0.057 0.085 0.771 
346    (0)   :  0.010 0.010 0.016 0.046 0.054 0.084 0.780 
347    (0)   :  0.007 0.010 0.015 0.045 0.055 0.082 0.787 
348    (0)   :  0.015 0.010 0.065 0.058 0.062 0.095 0.695 
349    (0)   :  0.010 0.010 0.019 0.047 0.057 0.084 0.773 
350    (0)   :  0.006 0.011 0.022 0.045 0.064 0.084 0.767 
351    (0)   :  0.018 0.009 0.034 0.059 0.060 0.102 0.718 
352    (0)   :  0.030 0.010 0.036 0.060 0.060 0.107 0.697 
353    (0)   :  0.012 0.022 0.024 0.048 0.055 0.092 0.748 
354    (0)   :  0.008 0.012 0.015 0.048 0.056 0.092 0.770 
355    (0)   :  0.011 0.010 0.015 0.047 0.053 0.092 0.773 
356    (0)   :  0.014 0.010 0.066 0.058 0.062 0.095 0.694 
357    (0)   :  0.030 0.011 0.025 0.071 0.076 0.294 0.495 
358    (0)   :  0.021 0.010 0.024 0.060 0.056 0.117 0.711 
359    (0)   :  0.008 0.011 0.014 0.047 0.057 0.091 0.772 
360    (0)   :  0.010 0.010 0.016 0.046 0.054 0.085 0.779 
361    (0)   :  0.029 0.011 0.036 0.072 0.082 0.301 0.468 
362    (0)   :  0.036 0.054 0.035 0.146 0.201 0.367 0.161 
363    (0)   :  0.017 0.018 0.038 0.204 0.132 0.476 0.115 
364    (0)   :  0.013 0.029 0.028 0.105 0.154 0.311 0.360 
365    (0)   :  0.034 0.030 0.030 0.090 0.166 0.522 0.128 
366    (0)   :  0.023 0.020 0.125 0.077 0.165 0.359 0.231 
367    (0)   :  0.023 0.010 0.021 0.448 0.075 0.338 0.085 
368    (0)   :  0.011 0.017 0.018 0.200 0.321 0.281 0.151 
369    (0)   :  0.011 0.018 0.125 0.084 0.123 0.280 0.359 
370    (0)   :  0.016 0.045 0.025 0.264 0.286 0.195 0.170 
371    (0)   :  0.012 0.043 0.038 0.096 0.249 0.352 0.210 
372    (0)   :  0.023 0.122 0.028 0.148 0.358 0.148 0.172 
373    (0)   :  0.009 0.017 0.025 0.258 0.133 0.339 0.219 
374    (0)   :  0.032 0.019 0.026 0.109 0.145 0.328 0.341 
375    (0)   :  0.015 0.035 0.021 0.173 0.145 0.511 0.101 
376    (0)   :  0.016 0.067 0.022 0.114 0.062 0.623 0.096 
377    (0)   :  0.025 0.014 0.036 0.118 0.292 0.365 0.149 
378    (0)   :  0.010 0.012 0.025 0.412 0.110 0.144 0.287 
379    (0)   :  0.023 0.127 0.031 0.136 0.073 0.522 0.087 
380    (0)   :  0.073 0.024 0.074 0.061 0.099 0.416 0.253 
381    (0)   :  0.012 0.016 0.083 0.056 0.076 0.522 0.235 
382    (0)   :  0.011 0.011 0.017 0.173 0.101 0.566 0.121 
383    (0)   :  0.104 0.045 0.027 0.058 0.108 0.443 0.216 
384    (0)   :  0.033 0.095 0.027 0.128 0.105 0.428 0.184 
385    (0)   :  0.011 0.065 0.016 0.130 0.245 0.267 0.266 
386    (0)   :  0.013 0.011 0.023 0.182 0.096 0.561 0.114 
387    (0)   :  0.012 0.010 0.029 0.189 0.113 0.512 0.136 
388    (0)   :  0.020 0.035 0.020 0.136 0.173 0.321 0.297 
389    (0)   :  0.012 0.027 0.055 0.091 0.568 0.124 0.124 
390    (0)   :  0.055 0.030 0.118 0.299 0.097 0.293 0.108 
391    (0)   :  0.025 0.027 0.056 0.252 0.264 0.183 0.193 
392    (0)   :  0.010 0.015 0.028 0.116 0.101 0.525 0.203 
393    (0)   :  0.059 0.014 0.127 0.082 0.065 0.464 0.188 
394    (0)   :  0.023 0.013 0.026 0.206 0.098 0.301 0.334 
395    (0)   :  0.034 0.024 0.104 0.172 0.225 0.295 0.147 
396    (0)   :  0.008 0.012 0.019 0.167 0.141 0.565 0.088 
397    (0)   :  0.008 0.138 0.027 0.081 0.209 0.262 0.275 
398    (0)   :  0.039 0.028 0.033 0.203 0.070 0.532 0.095 
399    (0)   :  0.032 0.014 0.040 0.484 0.137 0.165 0.128 
400    (0)   :  0.010 0.011 0.028 0.185 0.078 0.525 0.164 
401    (0)   :  0.010 0.009 0.077 0.377 0.110 0.238 0.179 
402    (0)   :  0.009 0.015 0.085 0.189 0.175 0.354 0.173 
403    (0)   :  0.015 0.017 0.027 0.140 0.145 0.201 0.455 
404    (0)   :  0.009 0.025 0.021 0.103 0.200 0.432 0.210 
405    (0)   :  0.026 0.017 0.037 0.109 0.163 0.447 0.201 
406    (0)   :  0.216 0.014 0.177 0.069 0.111 0.155 0.258 
407    (0)   :  0.024 0.009 0.022 0.078 0.080 0.698 0.089 
408    (0)   :  0.007 0.013 0.081 0.465 0.195 0.145 0.095 
409    (0)   :  0.042 0.016 0.187 0.082 0.074 0.230 0.368 
410    (0)   :  0.032 0.067 0.039 0.183 0.105 0.406 0.168 
411    (0)   :  0.011 0.025 0.077 0.100 0.076 0.489 0.221 
412    (0)   :  0.010 0.018 0.018 0.199 0.224 0.391 0.140 
413    (0)   :  0.009 0.014 0.022 0.232 0.143 0.313 0.268 
414    (0)   :  0.008 0.023 0.018 0.259 0.276 0.325 0.091 
415    (0)   :  0.019 0.011 0.067 0.124 0.098 0.547 0.134 
416    (0)   :  0.010 0.019 0.065 0.164 0.113 0.440 0.190 
417    (0)   :  0.110 0.014 0.027 0.131 0.086 0.525 0.106 
418    (0)   :  0.009 0.015 0.017 0.294 0.116 0.448 0.100 
419    (0)   :  0.019 0.021 0.047 0.149 0.135 0.322 0.306 
420    (0)   :  0.009 0.009 0.173 0.346 0.099 0.241 0.122 
421    (0)   :  0.037 0.017 0.027 0.189 0.139 0.474 0.116 
422    (0)   :  0.039 0.025 0.085 0.090 0.267 0.350 0.144 
423    (0)   :  0.023 0.024 0.035 0.151 0.159 0.442 0.167 
424    (0)   :  0.032 0.012 0.111 0.405 0.100 0.178 0.161 
425    (0)   :  0.017 0.049 0.027 0.122 0.232 0.367 0.186 
426    (0)   :  0.054 0.041 0.027 0.326 0.122 0.234 0.196 
427    (0)   :  0.048 0.008 0.029 0.161 0.058 0.492 0.205 
428    (0)   :  0.123 0.026 0.068 0.085 0.131 0.279 0.287 
429    (0)   :  0.013 0.011 0.019 0.197 0.070 0.606 0.085 
430    (0)   :  0.055 0.013 0.044 0.109 0.085 0.591 0.104 
431    (0)   :  0.028 0.029 0.023 0.303 0.232 0.194 0.189 
432    (0)   :  0.010 0.012 0.020 0.226 0.250 0.313 0.168 
433    (0)   :  0.009 0.018 0.027 0.123 0.225 0.170 0.428 
434    (0)   :  0.009 0.019 0.036 0.086 0.173 0.443 0.235 
435    (0)   :  0.110 0.008 0.042 0.159 0.075 0.514 0.093 
436    (0)   :  0.270 0.009 0.055 0.206 0.051 0.263 0.145 
437    (0)   :  0.019 0.012 0.023 0.091 0.085 0.669 0.101 
438    (0)   :  0.167 0.009 0.185 0.210 0.067 0.192 0.170 
439    (0)   :  0.155 0.008 0.034 0.135 0.055 0.488 0.125 
440    (0)   :  0.267 0.008 0.034 0.173 0.072 0.368 0.078 
441    (0)   :  0.037 0.010 0.036 0.128 0.074 0.516 0.200 
442    (0)   :  0.009 0.011 0.041 0.172 0.129 0.528 0.110 
443    (0)   :  0.028 0.008 0.138 0.445 0.089 0.196 0.095 
444    (0)   :  0.018 0.010 0.062 0.159 0.114 0.529 0.107 
445    (0)   :  0.026 0.037 0.121 0.084 0.070 0.410 0.253 
446    (0)   :  0.079 0.033 0.031 0.303 0.054 0.395 0.104 
447    (0)   :  0.191 0.011 0.079 0.140 0.133 0.254 0.193 
448    (0)   :  0.031 0.009 0.033 0.131 0.101 0.586 0.109 
449    (0)   :  0.036 0.011 0.031 0.119 0.110 0.515 0.178 
450    (0)   :  0.011 0.012 0.017 0.125 0.067 0.610 0.158 
451    (0)   :  0.017 0.010 0.030 0.453 0.157 0.254 0.080 
452    (0)   :  0.017 0.010 0.019 0.123 0.065 0.622 0.145 
453    (0)   :  0.012 0.012 0.270 0.227 0.134 0.166 0.180 
454    (0)   :  0.045 0.011 0.029 0.124 0.081 0.532 0.178 
455    (0)   :  0.201 0.008 0.101 0.209 0.063 0.315 0.103 
456    (0)   :  0.037 0.010 0.145 0.167 0.103 0.437 0.099 
457    (0)   :  0.037 0.009 0.025 0.082 0.076 0.660 0.110 
458    (0)   :  0.030 0.032 0.033 0.125 0.062 0.600 0.119 
459    (0)   :  0.048 0.008 0.043 0.303 0.054 0.333 0.212 
460    (0)   :  0.035 0.007 0.037 0.400 0.057 0.364 0.101 
461    (0)   :  0.011 0.009 0.018 0.482 0.057 0.324 0.099 
462    (0)   :  0.018 0.019 0.108 0.218 0.155 0.407 0.075 
463    (0)   :  0.134 0.012 0.338 0.108 0.093 0.167 0.147 
464    (0)   :  0.036 0.008 0.079 0.383 0.071 0.321 0.101 
465    (0)   :  0.020 0.011 0.051 0.403 0.099 0.289 0.127 
466    (0)   :  0.036 0.010 0.167 0.310 0.101 0.267 0.110 
467    (0)   :  0.025 0.014 0.092 0.213 0.096 0.407 0.153 
468    (0)   :  0.237 0.009 0.092 0.082 0.081 0.401 0.099 
469    (0)   :  0.453 0.007 0.031 0.096 0.054 0.258 0.100 
470    (0)   :  0.201 0.007 0.033 0.216 0.062 0.387 0.094 
471    (0)   :  0.014 0.017 0.115 0.176 0.184 0.375 0.118 
472    (0)   :  0.012 0.012 0.077 0.157 0.123 0.492 0.126 
473    (0)   :  0.039 0.012 0.039 0.108 0.130 0.506 0.167 
474    (0)   :  0.015 0.011 0.041 0.129 0.071 0.576 0.157 
475    (0)   :  0.020 0.010 0.036 0.337 0.093 0.301 0.204 
476    (0)   :  0.020 0.012 0.052 0.152 0.060 0.583 0.122 
477    (0)   :  0.023 0.009 0.055 0.433 0.098 0.222 0.159 
478    (0)   :  0.016 0.009 0.024 0.635 0.075 0.150 0.091 
479    (0)   :  0.049 0.007 0.026 0.176 0.062 0.587 0.091 
480    (0)   :  0.039 0.009 0.023 0.097 0.057 0.672 0.103 
481    (0)   :  0.013 0.015 0.027 0.107 0.279 0.451 0.108 
482    (0)   :  0.018 0.008 0.019 0.175 0.056 0.632 0.092 
483    (0)   :  0.258 0.009 0.031 0.183 0.059 0.335 0.125 
484    (0)   :  0.189 0.009 0.178 0.136 0.106 0.256 0.126 
485    (0)   :  0.526 0.008 0.029 0.144 0.053 0.149 0.091 
486    (0)   :  0.009 0.021 0.058 0.153 0.406 0.205 0.148 
487    (0)   :  0.010 0.019 0.034 0.117 0.298 0.240 0.283 
488    (0)   :  0.010 0.017 0.025 0.213 0.378 0.153 0.204 
489    (0)   :  0.007 0.021 0.077 0.070 0.249 0.275 0.302 
490    (0)   :  0.010 0.012 0.062 0.337 0.228 0.247 0.104 
491    (0)   :  0.007 0.020 0.025 0.074 0.460 0.147 0.267 
492    (0)   :  0.008 0.013 0.044 0.270 0.143 0.127 0.395 
493    (0)   :  0.008 0.028 0.027 0.094 0.526 0.163 0.155 
494    (0)   :  0.015 0.065 0.033 0.099 0.361 0.185 0.243 
495    (0)   :  0.009 0.038 0.057 0.317 0.170 0.129 0.280 
496    (0)   :  0.010 0.015 0.037 0.100 0.151 0.177 0.510 
497    (0)   :  0.008 0.064 0.020 0.069 0.464 0.159 0.216 
498    (0)   :  0.011 0.020 0.083 0.162 0.298 0.241 0.185 
499    (0)   :  0.009 0.046 0.033 0.074 0.277 0.174 0.387 
500    (0)   :  0.016 0.047 0.029 0.082 0.383 0.286 0.157 
501    (0)   :  0.011 0.022 0.020 0.125 0.168 0.308 0.347 
502    (0)   :  0.010 0.014 0.016 0.210 0.177 0.197 0.375 
503    (0)   :  0.012 0.016 0.026 0.103 0.177 0.540 0.127 
504    (0)   :  0.009 0.011 0.044 0.356 0.281 0.155 0.144 
505    (0)   :  0.012 0.025 0.040 0.101 0.445 0.126 0.252 
506    (0)   :  0.007 0.018 0.022 0.219 0.212 0.174 0.348 
507    (0)   :  0.007 0.015 0.040 0.053 0.103 0.096 0.686 
508    (0)   :  0.007 0.023 0.064 0.066 0.161 0.088 0.590 
509    (0)   :  0.010 0.022 0.034 0.098 0.340 0.128 0.369 
510    (0)   :  0.008 0.041 0.028 0.104 0.160 0.261 0.399 
511    (0)   :  0.039 0.037 0.041 0.202 0.208 0.312 0.162 
512    (0)   :  0.011 0.019 0.018 0.155 0.160 0.530 0.107 
513    (0)   :  0.006 0.030 0.051 0.193 0.496 0.072 0.153 
514    (0)   :  0.009 0.013 0.027 0.404 0.173 0.176 0.199 
515    (0)   :  0.034 0.017 0.077 0.101 0.157 0.319 0.296 
516    (0)   :  0.011 0.015 0.053 0.285 0.309 0.136 0.191 
517    (0)   :  0.024 0.012 0.144 0.174 0.120 0.225 0.301 
518    (0)   :  0.007 0.081 0.021 0.073 0.188 0.304 0.326 
519    (0)   :  0.012 0.009 0.030 0.435 0.145 0.164 0.206 
520    (0)   :  0.158 0.013 0.130 0.066 0.096 0.123 0.414 
521    (0)   :  0.007 0.024 0.032 0.185 0.150 0.156 0.444 
522    (0)   :  0.017 0.035 0.191 0.106 0.124 0.377 0.150 
523    (0)   :  0.016 0.012 0.240 0.148 0.097 0.127 0.360 
524    (0)   :  0.211 0.014 0.083 0.118 0.145 0.212 0.216 
525    (0)   :  0.027 0.070 0.051 0.074 0.118 0.273 0.386 
526    (0)   :  0.238 0.013 0.234 0.066 0.108 0.127 0.213 
527    (0)   :  0.008 0.068 0.019 0.163 0.238 0.352 0.152 
528    (0)   :  0.006 0.024 0.029 0.084 0.163 0.126 0.568 
529    (0)   :  0.007 0.088 0.030 0.111 0.294 0.197 0.272 
530    (0)   :  0.017 0.014 0.078 0.099 0.150 0.424 0.219 
531    (0)   :  0.022 0.012 0.043 0.103 0.092 0.247 0.480 
532    (0)   :  0.007 0.035 0.041 0.112 0.235 0.212 0.357 
533    (0)   :  0.020 0.061 0.066 0.091 0.213 0.354 0.194 
534    (0)   :  0.008 0.070 0.074 0.129 0.371 0.090 0.258 
535    (0)   :  0.021 0.013 0.194 0.227 0.119 0.210 0.217 
536    (0)   :  0.031 0.031 0.089 0.121 0.125 0.292 0.311 
537    (0)   :  0.010 0.021 0.132 0.109 0.107 0.160 0.461 
538    (0)   :  0.017 0.042 0.077 0.093 0.190 0.206 0.376 
539    (0)   :  0.006 0.023 0.033 0.057 0.111 0.113 0.657 
540    (0)   :  0.024 0.030 0.081 0.087 0.199 0.210 0.370 
541    (0)   :  0.013 0.027 0.057 0.123 0.099 0.187 0.493 
542    (0)   :  0.019 0.027 0.252 0.076 0.215 0.250 0.162 
543    (0)   :  0.024 0.019 0.188 0.242 0.122 0.124 0.282 
544    (0)   :  0.014 0.014 0.281 0.096 0.143 0.188 0.265 
545    (0)   :  0.056 0.011 0.422 0.122 0.116 0.166 0.108 
546    (0)   :  0.008 0.029 0.120 0.085 0.268 0.192 0.297 
547    (0)   :  0.020 0.010 0.411 0.105 0.078 0.107 0.271 
548    (0)   :  0.007 0.113 0.018 0.069 0.312 0.128 0.352 
549    (0)   :  0.040 0.011 0.153 0.079 0.060 0.182 0.475 
550    (0)   :  0.074 0.011 0.304 0.168 0.098 0.185 0.160 
551    (0)   :  0.015 0.013 0.045 0.105 0.068 0.152 0.602 
552    (0)   :  0.008 0.052 0.076 0.069 0.230 0.181 0.384 
553    (0)   :  0.014 0.019 0.396 0.127 0.095 0.085 0.264 
554    (0)   :  0.015 0.034 0.070 0.141 0.164 0.300 0.276 
555    (0)   :  0.012 0.021 0.077 0.094 0.161 0.136 0.499 
556    (0)   :  0.009 0.027 0.063 0.091 0.214 0.213 0.383 
557    (0)   :  0.072 0.010 0.179 0.195 0.077 0.241 0.225 
558    (0)   :  0.021 0.008 0.018 0.176 0.052 0.629 0.096 
559    (0)   :  0.008 0.034 0.041 0.206 0.321 0.231 0.159 
560    (0)   :  0.030 0.011 0.032 0.419 0.090 0.343 0.074 
561    (0)   :  0.016 0.009 0.045 0.199 0.199 0.432 0.101 
562    (0)   :  0.024 0.015 0.062 0.288 0.233 0.303 0.075 
563    (0)   :  0.015 0.010 0.041 0.382 0.082 0.179 0.292 
564    (0)   :  0.017 0.065 0.079 0.127 0.364 0.194 0.155 
565    (0)   :  0.041 0.009 0.022 0.074 0.071 0.678 0.106 
566    (0)   :  0.024 0.008 0.022 0.486 0.083 0.299 0.078 
567    (0)   :  0.014 0.073 0.032 0.132 0.475 0.170 0.103 
568    (0)   :  0.017 0.014 0.053 0.291 0.167 0.295 0.163 
569    (0)   :  0.022 0.013 0.120 0.182 0.102 0.414 0.147 
570    (0)   :  0.020 0.013 0.020 0.137 0.071 0.658 0.081 
571    (0)   :  0.021 0.012 0.024 0.525 0.120 0.178 0.119 
572    (0)   :  0.018 0.012 0.311 0.068 0.106 0.217 0.268 
573    (0)   :  0.180 0.058 0.045 0.102 0.309 0.160 0.146 
574    (0)   :  0.018 0.012 0.038 0.081 0.095 0.497 0.258 
575    (0)   :  0.012 0.015 0.027 0.292 0.121 0.288 0.244 
576    (0)   :  0.022 0.010 0.020 0.415 0.118 0.335 0.079 
577    (0)   :  0.010 0.013 0.027 0.093 0.102 0.509 0.246 
578    (0)   :  0.034 0.013 0.034 0.356 0.120 0.317 0.124 
579    (0)   :  0.014 0.023 0.036 0.125 0.242 0.452 0.109 
580    (0)   :  0.017 0.011 0.021 0.091 0.097 0.598 0.166 
581    (0)   :  0.020 0.010 0.023 0.162 0.084 0.562 0.140 
582    (0)   :  0.025 0.012 0.056 0.240 0.075 0.500 0.092 
583    (0)   :  0.020 0.050 0.026 0.414 0.113 0.259 0.118 
584    (0)   :  0.015 0.010 0.018 0.372 0.118 0.372 0.094 
585    (0)   :  0.024 0.013 0.028 0.281 0.118 0.432 0.105 
586    (0)   :  0.008 0.018 0.031 0.479 0.149 0.159 0.156 
587    (0)   :  0.009 0.021 0.059 0.132 0.224 0.467 0.089 
588    (0)   :  0.006 0.055 0.097 0.066 0.574 0.085 0.116 
589    (0)   :  0.116 0.012 0.109 0.149 0.123 0.392 0.098 
590    (0)   :  0.008 0.015 0.022 0.309 0.325 0.213 0.109 
591    (0)   :  0.010 0.010 0.022 0.406 0.160 0.257 0.135 
592    (0)   :  0.022 0.030 0.069 0.298 0.213 0.258 0.110 
593    (0)   :  0.028 0.018 0.038 0.224 0.144 0.364 0.184 
594    (0)   :  0.013 0.041 0.026 0.246 0.226 0.222 0.226 
595    (0)   :  0.008 0.028 0.016 0.113 0.279 0.473 0.083 
596    (0)   :  0.135 0.020 0.062 0.127 0.347 0.149 0.160 
597    (0)   :  0.018 0.012 0.039 0.443 0.088 0.104 0.296 
598    (0)   :  0.026 0.009 0.020 0.119 0.057 0.681 0.088 
599    (0)   :  0.015 0.013 0.046 0.423 0.132 0.286 0.085 
600    (0)   :  0.015 0.011 0.041 0.086 0.106 0.543 0.198 
601    (0)   :  0.012 0.013 0.047 0.219 0.103 0.517 0.089 
602    (0)   :  0.011 0.016 0.019 0.130 0.342 0.212 0.270 
603    (0)   :  0.009 0.016 0.021 0.132 0.362 0.199 0.261 
604    (0)   :  0.052 0.024 0.030 0.085 0.169 0.438 0.203 
605    (0)   :  0.017 0.011 0.050 0.152 0.255 0.370 0.145 
606    (0)   :  0.014 0.041 0.039 0.127 0.199 0.288 0.291 
607    (0)   :  0.013 0.019 0.018 0.081 0.145 0.382 0.342 
608    (0)   :  0.014 0.011 0.024 0.141 0.074 0.232 0.504 
609    (0)   :  0.014 0.012 0.041 0.107 0.115 0.537 0.175 
610    (0)   :  0.176 0.011 0.077 0.094 0.160 0.339 0.143 
611    (0)   :  0.011 0.014 0.037 0.188 0.260 0.196 0.293 
612    (0)   :  0.046 0.016 0.050 0.075 0.076 0.612 0.125 
613    (0)   :  0.020 0.035 0.060 0.124 0.179 0.398 0.183 
614    (0)   :  0.013 0.016 0.021 0.062 0.151 0.627 0.110 
615    (0)   :  0.032 0.016 0.025 0.065 0.121 0.552 0.188 
616    (0)   :  0.008 0.020 0.018 0.097 0.153 0.453 0.250 
617    (0)   :  0.031 0.027 0.058 0.117 0.249 0.406 0.112 
618    (0)   :  0.074 0.024 0.041 0.065 0.160 0.358 0.278 
619    (0)   :  0.025 0.018 0.075 0.214 0.133 0.292 0.243 
620    (0)   :  0.017 0.066 0.079 0.264 0.273 0.222 0.080 
621    (0)   :  0.015 0.011 0.017 0.248 0.140 0.450 0.120 
622    (0)   :  0.060 0.043 0.044 0.077 0.306 0.286 0.183 
623    (0)   :  0.019 0.014 0.032 0.216 0.268 0.323 0.129 
624    (0)   :  0.040 0.017 0.033 0.094 0.080 0.476 0.261 
625    (0)   :  0.025 0.029 0.024 0.146 0.121 0.408 0.248 
626    (0)   :  0.047 0.033 0.120 0.055 0.085 0.197 0.462 
627    (0)   :  0.011 0.014 0.036 0.143 0.240 0.381 0.176 
628    (0)   :  0.011 0.025 0.022 0.176 0.348 0.261 0.156 
629    (0)   :  0.009 0.017 0.018 0.169 0.255 0.337 0.194 
630    (0)   :  0.020 0.020 0.033 0.121 0.111 0.559 0.136 
631    (0)   :  0.010 0.031 0.021 0.083 0.145 0.560 0.151 
632    (0)   :  0.011 0.026 0.027 0.073 0.259 0.217 0.386 
633    (0)   :  0.025 0.014 0.021 0.108 0.129 0.460 0.243 
634    (0)   :  0.013 0.025 0.046 0.118 0.154 0.306 0.338 
635    (0)   :  0.013 0.017 0.024 0.074 0.112 0.246 0.514 
636    (0)   :  0.016 0.013 0.026 0.119 0.103 0.430 0.292 
637    (0)   :  0.014 0.020 0.098 0.118 0.225 0.257 0.267 
638    (0)   :  0.012 0.016 0.020 0.145 0.241 0.319 0.247 
639    (0)   :  0.017 0.016 0.023 0.068 0.176 0.481 0.218 
