

----------------------------------------------------
STRUCTURE by Pritchard, Stephens and Donnelly (2000)
     and Falush, Stephens and Pritchard (2003)
       Code by Pritchard, Falush and Hubisz
             Version 2.3.4 (Jul 2012)
----------------------------------------------------



Command line arguments:   ./structure -K 6 -D 106004 -m brooktrout/mainparams -e brooktrout/extraparams -o brooktrout/250914_output/results_K6_rep4 
Input File:    brooktrout/brooktrout.txt

Run parameters:
   8454 individuals
   5 loci
   6 populations assumed
   50000 Burn-in period
   100000 Reps
RANDOMIZE turned off


--------------------------------------------
Overall proportion of membership of the
sample in each of the 6 clusters

Inferred Clusters
  1      2      3      4      5      6    
0.050  0.044  0.168  0.228  0.227  0.283  

--------------------------------------------

Allele-freq. divergence among pops (Net nucleotide distance),
computed using point estimates of P.

      1       2       3       4       5       6      
 1      -    0.1171  0.1185  0.0942  0.0897  0.0798  
 2   0.1171     -    0.1877  0.0974  0.1556  0.0947  
 3   0.1185  0.1877     -    0.1387  0.0775  0.1068  
 4   0.0942  0.0974  0.1387     -    0.0735  0.0449  
 5   0.0897  0.1556  0.0775  0.0735     -    0.0718  
 6   0.0798  0.0947  0.1068  0.0449  0.0718     -    

Average distances (expected heterozygosity) between individuals in same cluster:
cluster  1  : 0.7867 
cluster  2  : 0.7068 
cluster  3  : 0.7204 
cluster  4  : 0.8072 
cluster  5  : 0.8053 
cluster  6  : 0.7945 

--------------------------------------------
Estimated Ln Prob of Data   = -181532.8
Mean value of ln likelihood = -171386.1
Variance of ln likelihood   = 20293.5

Mean value of alpha_1       = 0.0759
Mean value of alpha_2       = 0.0682
Mean value of alpha_3       = 0.2546
Mean value of alpha_4       = 0.3622
Mean value of alpha_5       = 0.3748
Mean value of alpha_6       = 0.4647
Allele frequencies uncorrelated


Inferred ancestry of individuals:
     (%Miss) :  Inferred clusters
  1    (0)   :  0.448 0.015 0.107 0.107 0.093 0.229 
  2    (0)   :  0.010 0.010 0.046 0.128 0.441 0.365 
  3    (0)   :  0.043 0.040 0.131 0.142 0.226 0.417 
  4    (0)   :  0.012 0.020 0.529 0.122 0.189 0.129 
  5    (0)   :  0.012 0.011 0.046 0.123 0.269 0.540 
  6    (0)   :  0.012 0.014 0.046 0.087 0.065 0.777 
  7    (0)   :  0.012 0.019 0.048 0.349 0.062 0.510 
  8    (0)   :  0.027 0.024 0.313 0.159 0.102 0.376 
  9    (0)   :  0.051 0.015 0.087 0.181 0.278 0.387 
 10    (0)   :  0.022 0.013 0.138 0.143 0.066 0.617 
 11    (0)   :  0.054 0.017 0.049 0.483 0.062 0.335 
 12    (0)   :  0.013 0.010 0.075 0.136 0.270 0.496 
 13    (0)   :  0.016 0.012 0.068 0.151 0.143 0.611 
 14    (0)   :  0.015 0.027 0.082 0.097 0.526 0.253 
 15    (0)   :  0.012 0.036 0.182 0.159 0.284 0.326 
 16    (0)   :  0.049 0.019 0.064 0.131 0.089 0.649 
 17    (0)   :  0.020 0.015 0.061 0.106 0.149 0.650 
 18    (0)   :  0.018 0.038 0.077 0.093 0.245 0.529 
 19    (0)   :  0.014 0.012 0.053 0.109 0.081 0.731 
 20    (0)   :  0.014 0.025 0.074 0.225 0.218 0.443 
 21    (0)   :  0.045 0.017 0.151 0.105 0.385 0.297 
 22    (0)   :  0.019 0.013 0.076 0.079 0.089 0.724 
 23    (0)   :  0.030 0.025 0.184 0.125 0.465 0.170 
 24    (0)   :  0.071 0.018 0.142 0.100 0.124 0.545 
 25    (0)   :  0.009 0.028 0.035 0.195 0.113 0.619 
 26    (0)   :  0.020 0.016 0.094 0.086 0.131 0.654 
 27    (0)   :  0.033 0.015 0.089 0.114 0.166 0.583 
 28    (0)   :  0.050 0.019 0.285 0.223 0.106 0.317 
 29    (0)   :  0.024 0.010 0.064 0.269 0.247 0.386 
 30    (0)   :  0.030 0.017 0.058 0.080 0.126 0.690 
 31    (0)   :  0.038 0.012 0.109 0.165 0.173 0.504 
 32    (0)   :  0.018 0.023 0.166 0.155 0.281 0.358 
 33    (0)   :  0.089 0.035 0.121 0.295 0.211 0.249 
 34    (0)   :  0.018 0.031 0.089 0.456 0.066 0.341 
 35    (0)   :  0.063 0.011 0.045 0.109 0.341 0.431 
 36    (0)   :  0.318 0.086 0.049 0.077 0.318 0.153 
 37    (0)   :  0.023 0.011 0.151 0.169 0.365 0.282 
 38    (0)   :  0.088 0.352 0.038 0.221 0.152 0.150 
 39    (0)   :  0.059 0.050 0.056 0.309 0.239 0.287 
 40    (0)   :  0.070 0.018 0.088 0.062 0.534 0.227 
 41    (0)   :  0.284 0.037 0.038 0.183 0.298 0.160 
 42    (0)   :  0.566 0.025 0.138 0.073 0.115 0.083 
 43    (0)   :  0.027 0.009 0.074 0.151 0.580 0.159 
 44    (0)   :  0.047 0.010 0.038 0.118 0.544 0.242 
 45    (0)   :  0.265 0.044 0.034 0.118 0.340 0.200 
 46    (0)   :  0.025 0.016 0.047 0.179 0.237 0.497 
 47    (0)   :  0.042 0.009 0.067 0.127 0.204 0.552 
 48    (0)   :  0.033 0.014 0.038 0.070 0.586 0.258 
 49    (0)   :  0.143 0.020 0.064 0.172 0.297 0.304 
 50    (0)   :  0.018 0.018 0.102 0.275 0.138 0.450 
 51    (0)   :  0.318 0.050 0.035 0.062 0.454 0.081 
 52    (0)   :  0.114 0.027 0.073 0.305 0.174 0.308 
 53    (0)   :  0.050 0.317 0.080 0.183 0.131 0.238 
 54    (0)   :  0.035 0.007 0.074 0.138 0.448 0.297 
 55    (0)   :  0.018 0.010 0.050 0.112 0.647 0.163 
 56    (0)   :  0.049 0.034 0.064 0.075 0.446 0.333 
 57    (0)   :  0.017 0.013 0.140 0.110 0.086 0.635 
 58    (0)   :  0.083 0.018 0.060 0.136 0.482 0.221 
 59    (0)   :  0.267 0.069 0.054 0.129 0.284 0.197 
 60    (0)   :  0.083 0.026 0.104 0.086 0.547 0.155 
 61    (0)   :  0.018 0.007 0.062 0.071 0.767 0.075 
 62    (0)   :  0.029 0.012 0.055 0.124 0.201 0.579 
 63    (0)   :  0.039 0.021 0.095 0.340 0.379 0.126 
 64    (0)   :  0.028 0.028 0.040 0.105 0.140 0.659 
 65    (0)   :  0.011 0.012 0.034 0.648 0.131 0.163 
 66    (0)   :  0.012 0.013 0.109 0.150 0.588 0.129 
 67    (0)   :  0.023 0.008 0.041 0.149 0.615 0.164 
 68    (0)   :  0.285 0.077 0.065 0.117 0.275 0.181 
 69    (0)   :  0.161 0.249 0.102 0.212 0.115 0.162 
 70    (0)   :  0.086 0.062 0.073 0.275 0.396 0.108 
 71    (0)   :  0.191 0.069 0.030 0.125 0.403 0.183 
 72    (0)   :  0.162 0.037 0.043 0.166 0.231 0.361 
 73    (0)   :  0.032 0.013 0.035 0.159 0.603 0.159 
 74    (0)   :  0.359 0.075 0.083 0.072 0.259 0.152 
 75    (0)   :  0.322 0.049 0.094 0.053 0.356 0.124 
 76    (0)   :  0.022 0.013 0.052 0.400 0.385 0.127 
 77    (0)   :  0.226 0.088 0.037 0.220 0.295 0.134 
 78    (0)   :  0.212 0.226 0.041 0.168 0.240 0.113 
 79    (0)   :  0.011 0.016 0.053 0.335 0.099 0.486 
 80    (0)   :  0.015 0.013 0.499 0.157 0.131 0.185 
 81    (0)   :  0.012 0.016 0.373 0.211 0.121 0.267 
 82    (0)   :  0.016 0.014 0.101 0.211 0.450 0.207 
 83    (0)   :  0.010 0.050 0.218 0.227 0.277 0.218 
 84    (0)   :  0.011 0.027 0.217 0.374 0.179 0.192 
 85    (0)   :  0.011 0.053 0.261 0.132 0.227 0.316 
 86    (0)   :  0.023 0.012 0.050 0.191 0.406 0.319 
 87    (0)   :  0.012 0.033 0.062 0.492 0.158 0.243 
 88    (0)   :  0.020 0.014 0.246 0.258 0.242 0.221 
 89    (0)   :  0.014 0.013 0.305 0.174 0.298 0.196 
 90    (0)   :  0.010 0.015 0.070 0.585 0.133 0.187 
 91    (0)   :  0.013 0.045 0.464 0.118 0.196 0.163 
 92    (0)   :  0.012 0.015 0.094 0.260 0.191 0.428 
 93    (0)   :  0.016 0.008 0.728 0.065 0.087 0.095 
 94    (0)   :  0.013 0.117 0.050 0.630 0.077 0.114 
 95    (0)   :  0.015 0.013 0.163 0.538 0.161 0.110 
 96    (0)   :  0.017 0.009 0.116 0.082 0.701 0.076 
 97    (0)   :  0.248 0.075 0.100 0.066 0.329 0.182 
 98    (0)   :  0.041 0.012 0.067 0.114 0.513 0.253 
 99    (0)   :  0.010 0.019 0.199 0.421 0.170 0.181 
100    (0)   :  0.017 0.008 0.421 0.065 0.376 0.113 
101    (0)   :  0.014 0.031 0.086 0.282 0.371 0.215 
102    (0)   :  0.023 0.031 0.303 0.295 0.253 0.096 
103    (0)   :  0.013 0.011 0.103 0.299 0.490 0.084 
104    (0)   :  0.010 0.011 0.082 0.614 0.159 0.124 
105    (0)   :  0.017 0.009 0.118 0.509 0.257 0.091 
106    (0)   :  0.014 0.027 0.027 0.670 0.080 0.182 
107    (0)   :  0.011 0.010 0.106 0.491 0.296 0.085 
108    (0)   :  0.009 0.148 0.041 0.084 0.613 0.105 
109    (0)   :  0.032 0.042 0.028 0.499 0.129 0.269 
110    (0)   :  0.021 0.023 0.031 0.736 0.062 0.127 
111    (0)   :  0.012 0.009 0.042 0.759 0.093 0.086 
112    (0)   :  0.036 0.018 0.031 0.742 0.077 0.096 
113    (0)   :  0.030 0.022 0.068 0.173 0.482 0.225 
114    (0)   :  0.011 0.010 0.108 0.610 0.148 0.112 
115    (0)   :  0.026 0.013 0.053 0.574 0.222 0.112 
116    (0)   :  0.039 0.052 0.030 0.454 0.223 0.203 
117    (0)   :  0.065 0.018 0.040 0.686 0.069 0.122 
118    (0)   :  0.013 0.016 0.043 0.293 0.457 0.179 
119    (0)   :  0.015 0.029 0.136 0.157 0.593 0.069 
120    (0)   :  0.017 0.012 0.059 0.591 0.194 0.127 
121    (0)   :  0.056 0.018 0.037 0.593 0.197 0.099 
122    (0)   :  0.017 0.019 0.038 0.651 0.092 0.183 
123    (0)   :  0.016 0.022 0.052 0.679 0.129 0.101 
124    (0)   :  0.068 0.028 0.035 0.570 0.158 0.141 
125    (0)   :  0.257 0.040 0.043 0.323 0.092 0.245 
126    (0)   :  0.031 0.028 0.058 0.573 0.191 0.119 
127    (0)   :  0.009 0.009 0.044 0.737 0.125 0.076 
128    (0)   :  0.015 0.008 0.044 0.309 0.436 0.187 
129    (0)   :  0.012 0.009 0.035 0.583 0.257 0.103 
130    (0)   :  0.011 0.011 0.117 0.582 0.167 0.112 
131    (0)   :  0.173 0.170 0.031 0.403 0.109 0.114 
132    (0)   :  0.015 0.017 0.030 0.621 0.134 0.183 
133    (0)   :  0.014 0.014 0.060 0.613 0.199 0.101 
134    (0)   :  0.016 0.013 0.023 0.786 0.052 0.110 
135    (0)   :  0.038 0.015 0.312 0.067 0.435 0.133 
136    (0)   :  0.013 0.009 0.663 0.045 0.095 0.175 
137    (0)   :  0.020 0.010 0.721 0.099 0.068 0.083 
138    (0)   :  0.024 0.015 0.708 0.054 0.087 0.112 
139    (0)   :  0.021 0.012 0.130 0.062 0.631 0.144 
140    (0)   :  0.039 0.017 0.422 0.134 0.199 0.189 
141    (0)   :  0.023 0.017 0.520 0.054 0.113 0.273 
142    (0)   :  0.032 0.014 0.346 0.064 0.443 0.102 
143    (0)   :  0.014 0.008 0.791 0.043 0.075 0.070 
144    (0)   :  0.019 0.009 0.726 0.096 0.075 0.075 
145    (0)   :  0.030 0.016 0.289 0.057 0.180 0.428 
146    (0)   :  0.049 0.016 0.427 0.128 0.135 0.246 
147    (0)   :  0.013 0.008 0.795 0.043 0.060 0.081 
148    (0)   :  0.017 0.010 0.494 0.094 0.220 0.165 
149    (0)   :  0.059 0.015 0.576 0.054 0.161 0.135 
150    (0)   :  0.019 0.010 0.533 0.165 0.150 0.124 
151    (0)   :  0.015 0.008 0.698 0.065 0.117 0.097 
152    (0)   :  0.013 0.025 0.387 0.073 0.315 0.187 
153    (0)   :  0.059 0.015 0.605 0.076 0.123 0.122 
154    (0)   :  0.020 0.010 0.612 0.047 0.143 0.168 
155    (0)   :  0.011 0.008 0.744 0.064 0.091 0.082 
156    (0)   :  0.027 0.008 0.537 0.079 0.285 0.065 
157    (0)   :  0.014 0.015 0.625 0.186 0.087 0.073 
158    (0)   :  0.035 0.017 0.368 0.055 0.127 0.399 
159    (0)   :  0.015 0.009 0.778 0.043 0.070 0.085 
160    (0)   :  0.012 0.009 0.753 0.043 0.083 0.101 
161    (0)   :  0.077 0.015 0.504 0.090 0.150 0.165 
162    (0)   :  0.026 0.014 0.320 0.112 0.190 0.338 
163    (0)   :  0.018 0.008 0.742 0.059 0.104 0.070 
164    (0)   :  0.014 0.012 0.431 0.112 0.162 0.269 
165    (0)   :  0.019 0.009 0.611 0.150 0.115 0.096 
166    (0)   :  0.014 0.055 0.443 0.192 0.211 0.086 
167    (0)   :  0.012 0.011 0.570 0.067 0.068 0.272 
168    (0)   :  0.022 0.044 0.578 0.067 0.152 0.137 
169    (0)   :  0.154 0.068 0.192 0.049 0.092 0.444 
170    (0)   :  0.028 0.009 0.438 0.078 0.355 0.093 
171    (0)   :  0.011 0.030 0.424 0.085 0.260 0.190 
172    (0)   :  0.364 0.039 0.296 0.046 0.140 0.115 
173    (0)   :  0.011 0.008 0.697 0.045 0.136 0.102 
174    (0)   :  0.013 0.008 0.732 0.064 0.082 0.101 
175    (0)   :  0.015 0.009 0.696 0.044 0.096 0.140 
176    (0)   :  0.019 0.009 0.728 0.095 0.074 0.074 
177    (0)   :  0.026 0.032 0.469 0.223 0.115 0.135 
178    (0)   :  0.012 0.010 0.620 0.068 0.095 0.196 
179    (0)   :  0.010 0.008 0.780 0.045 0.074 0.082 
180    (0)   :  0.041 0.016 0.496 0.083 0.105 0.260 
181    (0)   :  0.034 0.014 0.388 0.058 0.285 0.221 
182    (0)   :  0.014 0.008 0.587 0.049 0.233 0.109 
183    (0)   :  0.012 0.008 0.731 0.047 0.103 0.099 
184    (0)   :  0.010 0.012 0.045 0.099 0.426 0.407 
185    (0)   :  0.035 0.008 0.589 0.045 0.260 0.062 
186    (0)   :  0.011 0.009 0.047 0.247 0.380 0.306 
187    (0)   :  0.014 0.010 0.199 0.092 0.496 0.189 
188    (0)   :  0.010 0.007 0.034 0.223 0.475 0.250 
189    (0)   :  0.019 0.049 0.196 0.081 0.319 0.336 
190    (0)   :  0.013 0.007 0.088 0.043 0.795 0.054 
191    (0)   :  0.009 0.009 0.061 0.084 0.635 0.202 
192    (0)   :  0.014 0.010 0.188 0.141 0.465 0.182 
193    (0)   :  0.013 0.012 0.132 0.084 0.502 0.257 
194    (0)   :  0.027 0.010 0.162 0.134 0.520 0.147 
195    (0)   :  0.016 0.007 0.203 0.047 0.644 0.083 
196    (0)   :  0.011 0.008 0.082 0.061 0.766 0.072 
197    (0)   :  0.027 0.009 0.111 0.155 0.266 0.431 
198    (0)   :  0.018 0.016 0.116 0.161 0.408 0.281 
199    (0)   :  0.018 0.011 0.079 0.064 0.723 0.106 
200    (0)   :  0.011 0.021 0.076 0.075 0.667 0.151 
201    (0)   :  0.012 0.007 0.364 0.060 0.460 0.097 
202    (0)   :  0.029 0.007 0.348 0.067 0.459 0.090 
203    (0)   :  0.013 0.007 0.310 0.055 0.521 0.093 
204    (0)   :  0.011 0.007 0.069 0.051 0.786 0.076 
205    (0)   :  0.011 0.013 0.057 0.070 0.726 0.123 
206    (0)   :  0.012 0.007 0.103 0.055 0.703 0.119 
207    (0)   :  0.011 0.007 0.047 0.071 0.766 0.098 
208    (0)   :  0.010 0.007 0.137 0.055 0.707 0.085 
209    (0)   :  0.011 0.008 0.080 0.080 0.622 0.199 
210    (0)   :  0.011 0.007 0.090 0.070 0.734 0.089 
211    (0)   :  0.019 0.007 0.106 0.093 0.683 0.094 
212    (0)   :  0.020 0.009 0.390 0.059 0.370 0.151 
213    (0)   :  0.037 0.013 0.071 0.163 0.597 0.118 
214    (0)   :  0.015 0.007 0.325 0.053 0.505 0.095 
215    (0)   :  0.009 0.012 0.043 0.080 0.743 0.113 
216    (0)   :  0.013 0.012 0.060 0.121 0.410 0.384 
217    (0)   :  0.013 0.010 0.256 0.049 0.556 0.116 
218    (0)   :  0.009 0.011 0.073 0.078 0.675 0.155 
219    (0)   :  0.014 0.018 0.174 0.083 0.270 0.441 
220    (0)   :  0.009 0.007 0.050 0.064 0.773 0.097 
221    (0)   :  0.029 0.007 0.400 0.043 0.453 0.068 
222    (0)   :  0.015 0.011 0.092 0.121 0.298 0.463 
223    (0)   :  0.016 0.014 0.293 0.096 0.379 0.202 
224    (0)   :  0.015 0.007 0.241 0.060 0.553 0.124 
225    (0)   :  0.013 0.009 0.071 0.067 0.735 0.106 
226    (0)   :  0.013 0.066 0.091 0.073 0.566 0.191 
227    (0)   :  0.022 0.007 0.151 0.069 0.644 0.108 
228    (0)   :  0.019 0.007 0.167 0.044 0.689 0.074 
229    (0)   :  0.013 0.007 0.267 0.074 0.496 0.142 
230    (0)   :  0.012 0.007 0.140 0.063 0.676 0.103 
231    (0)   :  0.011 0.008 0.217 0.070 0.470 0.223 
232    (0)   :  0.059 0.017 0.153 0.111 0.461 0.200 
233    (0)   :  0.012 0.007 0.458 0.056 0.363 0.104 
234    (0)   :  0.012 0.011 0.152 0.124 0.434 0.266 
235    (0)   :  0.015 0.013 0.197 0.067 0.519 0.189 
236    (0)   :  0.016 0.010 0.251 0.073 0.504 0.146 
237    (0)   :  0.012 0.008 0.057 0.071 0.722 0.131 
238    (0)   :  0.017 0.007 0.346 0.080 0.445 0.105 
239    (0)   :  0.016 0.007 0.202 0.048 0.645 0.083 
240    (0)   :  0.017 0.007 0.344 0.081 0.444 0.107 
241    (0)   :  0.017 0.011 0.328 0.061 0.473 0.110 
242    (0)   :  0.014 0.019 0.112 0.075 0.537 0.243 
243    (0)   :  0.010 0.007 0.080 0.049 0.791 0.063 
244    (0)   :  0.013 0.007 0.207 0.054 0.626 0.092 
245    (0)   :  0.020 0.007 0.548 0.063 0.286 0.075 
246    (0)   :  0.013 0.009 0.257 0.049 0.555 0.117 
247    (0)   :  0.016 0.017 0.040 0.398 0.389 0.140 
248    (0)   :  0.011 0.009 0.041 0.101 0.696 0.142 
249    (0)   :  0.014 0.007 0.207 0.062 0.602 0.108 
250    (0)   :  0.014 0.010 0.171 0.083 0.554 0.169 
251    (0)   :  0.011 0.044 0.070 0.104 0.509 0.262 
252    (0)   :  0.018 0.009 0.147 0.073 0.608 0.145 
253    (0)   :  0.019 0.017 0.060 0.132 0.593 0.180 
254    (0)   :  0.015 0.009 0.105 0.109 0.408 0.354 
255    (0)   :  0.012 0.009 0.150 0.091 0.450 0.289 
256    (0)   :  0.014 0.009 0.147 0.060 0.659 0.110 
257    (0)   :  0.012 0.010 0.089 0.082 0.681 0.125 
258    (0)   :  0.013 0.012 0.066 0.128 0.644 0.137 
259    (0)   :  0.014 0.009 0.096 0.084 0.629 0.167 
260    (0)   :  0.018 0.010 0.274 0.110 0.229 0.360 
261    (0)   :  0.021 0.010 0.222 0.064 0.563 0.120 
262    (0)   :  0.014 0.008 0.137 0.041 0.728 0.071 
263    (0)   :  0.011 0.007 0.054 0.086 0.644 0.198 
264    (0)   :  0.015 0.014 0.033 0.121 0.223 0.594 
265    (0)   :  0.012 0.013 0.138 0.074 0.554 0.208 
266    (0)   :  0.022 0.007 0.412 0.044 0.444 0.071 
267    (0)   :  0.015 0.008 0.148 0.092 0.486 0.251 
268    (0)   :  0.011 0.008 0.081 0.062 0.767 0.072 
269    (0)   :  0.012 0.028 0.176 0.081 0.342 0.362 
270    (0)   :  0.012 0.009 0.062 0.118 0.432 0.367 
271    (0)   :  0.011 0.014 0.059 0.098 0.694 0.125 
272    (0)   :  0.011 0.058 0.063 0.074 0.668 0.126 
273    (0)   :  0.022 0.034 0.178 0.100 0.429 0.237 
274    (0)   :  0.011 0.020 0.083 0.083 0.584 0.218 
275    (0)   :  0.015 0.026 0.102 0.066 0.604 0.187 
276    (0)   :  0.015 0.034 0.057 0.075 0.675 0.144 
277    (0)   :  0.016 0.013 0.211 0.094 0.448 0.219 
278    (0)   :  0.010 0.012 0.051 0.068 0.762 0.097 
279    (0)   :  0.013 0.013 0.114 0.083 0.610 0.167 
280    (0)   :  0.023 0.021 0.103 0.071 0.477 0.304 
281    (0)   :  0.012 0.013 0.084 0.109 0.601 0.182 
282    (0)   :  0.015 0.011 0.421 0.084 0.283 0.186 
283    (0)   :  0.016 0.008 0.467 0.079 0.297 0.133 
284    (0)   :  0.017 0.011 0.183 0.127 0.531 0.133 
285    (0)   :  0.015 0.015 0.029 0.111 0.682 0.148 
286    (0)   :  0.013 0.007 0.208 0.054 0.627 0.092 
287    (0)   :  0.012 0.020 0.150 0.097 0.415 0.306 
288    (0)   :  0.010 0.032 0.058 0.070 0.678 0.153 
289    (0)   :  0.012 0.036 0.066 0.130 0.616 0.140 
290    (0)   :  0.057 0.015 0.069 0.081 0.530 0.248 
291    (0)   :  0.011 0.014 0.060 0.099 0.691 0.126 
292    (0)   :  0.039 0.021 0.118 0.063 0.558 0.202 
293    (0)   :  0.036 0.017 0.054 0.116 0.414 0.363 
294    (0)   :  0.012 0.009 0.043 0.080 0.659 0.198 
295    (0)   :  0.024 0.052 0.106 0.098 0.506 0.215 
296    (0)   :  0.008 0.011 0.053 0.078 0.741 0.108 
297    (0)   :  0.019 0.019 0.067 0.082 0.409 0.403 
298    (0)   :  0.015 0.010 0.306 0.103 0.339 0.227 
299    (0)   :  0.012 0.007 0.068 0.102 0.494 0.317 
300    (0)   :  0.016 0.010 0.041 0.069 0.733 0.132 
301    (0)   :  0.011 0.014 0.063 0.083 0.367 0.463 
302    (0)   :  0.012 0.010 0.049 0.078 0.680 0.171 
303    (0)   :  0.033 0.010 0.228 0.070 0.485 0.174 
304    (0)   :  0.024 0.008 0.352 0.127 0.122 0.367 
305    (0)   :  0.013 0.009 0.112 0.046 0.732 0.088 
306    (0)   :  0.015 0.013 0.288 0.058 0.464 0.163 
307    (0)   :  0.018 0.013 0.159 0.089 0.507 0.214 
308    (0)   :  0.020 0.010 0.216 0.064 0.572 0.119 
309    (0)   :  0.014 0.015 0.054 0.096 0.732 0.088 
310    (0)   :  0.013 0.007 0.121 0.049 0.731 0.079 
311    (0)   :  0.012 0.007 0.141 0.062 0.674 0.103 
312    (0)   :  0.009 0.007 0.051 0.081 0.777 0.075 
313    (0)   :  0.011 0.009 0.037 0.069 0.789 0.085 
314    (0)   :  0.020 0.009 0.777 0.042 0.087 0.064 
315    (0)   :  0.016 0.020 0.721 0.054 0.115 0.073 
316    (0)   :  0.011 0.034 0.723 0.057 0.082 0.094 
317    (0)   :  0.012 0.009 0.810 0.042 0.058 0.068 
318    (0)   :  0.011 0.010 0.817 0.041 0.049 0.072 
319    (0)   :  0.012 0.008 0.784 0.043 0.077 0.077 
320    (0)   :  0.019 0.009 0.778 0.042 0.087 0.064 
321    (0)   :  0.013 0.010 0.805 0.043 0.054 0.075 
322    (0)   :  0.014 0.029 0.701 0.057 0.112 0.087 
323    (0)   :  0.009 0.008 0.809 0.042 0.054 0.077 
324    (0)   :  0.013 0.010 0.804 0.043 0.054 0.076 
325    (0)   :  0.010 0.032 0.753 0.055 0.069 0.081 
326    (0)   :  0.012 0.045 0.748 0.054 0.063 0.079 
327    (0)   :  0.013 0.010 0.808 0.042 0.058 0.070 
328    (0)   :  0.012 0.023 0.717 0.057 0.103 0.088 
329    (0)   :  0.012 0.008 0.815 0.042 0.052 0.071 
330    (0)   :  0.012 0.009 0.810 0.042 0.058 0.069 
331    (0)   :  0.010 0.008 0.811 0.042 0.055 0.074 
332    (0)   :  0.010 0.036 0.742 0.056 0.064 0.092 
333    (0)   :  0.012 0.032 0.743 0.055 0.078 0.081 
334    (0)   :  0.012 0.023 0.719 0.058 0.101 0.087 
335    (0)   :  0.012 0.020 0.745 0.055 0.093 0.075 
336    (0)   :  0.016 0.011 0.791 0.043 0.064 0.075 
337    (0)   :  0.013 0.034 0.733 0.057 0.080 0.084 
338    (0)   :  0.011 0.010 0.814 0.042 0.047 0.075 
339    (0)   :  0.010 0.008 0.810 0.042 0.056 0.074 
340    (0)   :  0.010 0.008 0.814 0.041 0.061 0.066 
341    (0)   :  0.012 0.010 0.801 0.042 0.056 0.079 
342    (0)   :  0.012 0.010 0.810 0.042 0.058 0.068 
343    (0)   :  0.018 0.020 0.691 0.058 0.131 0.082 
344    (0)   :  0.011 0.008 0.818 0.042 0.050 0.072 
345    (0)   :  0.012 0.009 0.809 0.042 0.059 0.069 
346    (0)   :  0.010 0.009 0.823 0.041 0.051 0.066 
347    (0)   :  0.010 0.008 0.824 0.041 0.052 0.065 
348    (0)   :  0.018 0.018 0.681 0.055 0.158 0.069 
349    (0)   :  0.012 0.009 0.810 0.042 0.057 0.068 
350    (0)   :  0.016 0.008 0.766 0.042 0.092 0.076 
351    (0)   :  0.012 0.021 0.741 0.056 0.095 0.076 
352    (0)   :  0.012 0.029 0.739 0.056 0.088 0.076 
353    (0)   :  0.016 0.010 0.791 0.043 0.065 0.075 
354    (0)   :  0.011 0.009 0.811 0.043 0.052 0.074 
355    (0)   :  0.011 0.010 0.817 0.041 0.048 0.073 
356    (0)   :  0.022 0.018 0.637 0.057 0.197 0.069 
357    (0)   :  0.010 0.072 0.448 0.098 0.115 0.257 
358    (0)   :  0.011 0.024 0.755 0.055 0.069 0.086 
359    (0)   :  0.011 0.009 0.807 0.042 0.053 0.078 
360    (0)   :  0.010 0.009 0.822 0.041 0.051 0.066 
361    (0)   :  0.014 0.066 0.370 0.100 0.167 0.283 
362    (0)   :  0.018 0.102 0.056 0.304 0.255 0.264 
363    (0)   :  0.018 0.053 0.039 0.435 0.140 0.316 
364    (0)   :  0.016 0.017 0.157 0.095 0.128 0.587 
365    (0)   :  0.038 0.049 0.039 0.102 0.079 0.693 
366    (0)   :  0.027 0.043 0.079 0.094 0.381 0.375 
367    (0)   :  0.014 0.056 0.028 0.702 0.055 0.145 
368    (0)   :  0.011 0.014 0.054 0.356 0.150 0.415 
369    (0)   :  0.061 0.017 0.198 0.120 0.309 0.296 
370    (0)   :  0.023 0.019 0.069 0.387 0.280 0.223 
371    (0)   :  0.023 0.016 0.082 0.139 0.262 0.477 
372    (0)   :  0.034 0.032 0.085 0.192 0.344 0.312 
373    (0)   :  0.023 0.014 0.083 0.306 0.112 0.462 
374    (0)   :  0.023 0.041 0.264 0.176 0.166 0.331 
375    (0)   :  0.022 0.020 0.039 0.282 0.074 0.562 
376    (0)   :  0.027 0.098 0.034 0.232 0.056 0.552 
377    (0)   :  0.017 0.064 0.059 0.205 0.222 0.432 
378    (0)   :  0.012 0.016 0.190 0.531 0.139 0.112 
379    (0)   :  0.051 0.118 0.032 0.246 0.068 0.484 
380    (0)   :  0.185 0.145 0.100 0.068 0.136 0.367 
381    (0)   :  0.136 0.028 0.076 0.063 0.137 0.560 
382    (0)   :  0.010 0.027 0.043 0.457 0.072 0.391 
383    (0)   :  0.064 0.225 0.110 0.060 0.087 0.454 
384    (0)   :  0.083 0.042 0.089 0.136 0.071 0.580 
385    (0)   :  0.027 0.011 0.114 0.152 0.073 0.624 
386    (0)   :  0.013 0.050 0.037 0.500 0.091 0.309 
387    (0)   :  0.024 0.037 0.049 0.405 0.082 0.402 
388    (0)   :  0.027 0.025 0.221 0.187 0.128 0.413 
389    (0)   :  0.018 0.015 0.042 0.116 0.588 0.221 
390    (0)   :  0.189 0.109 0.037 0.412 0.122 0.130 
391    (0)   :  0.052 0.025 0.077 0.296 0.248 0.302 
392    (0)   :  0.024 0.025 0.075 0.156 0.100 0.619 
393    (0)   :  0.587 0.041 0.058 0.073 0.064 0.177 
394    (0)   :  0.011 0.061 0.237 0.272 0.165 0.254 
395    (0)   :  0.090 0.119 0.043 0.273 0.330 0.145 
396    (0)   :  0.012 0.011 0.031 0.292 0.079 0.575 
397    (0)   :  0.014 0.009 0.088 0.084 0.251 0.554 
398    (0)   :  0.045 0.241 0.034 0.318 0.064 0.298 
399    (0)   :  0.021 0.044 0.043 0.607 0.163 0.122 
400    (0)   :  0.025 0.018 0.062 0.347 0.078 0.471 
401    (0)   :  0.036 0.019 0.063 0.612 0.138 0.132 
402    (0)   :  0.030 0.014 0.053 0.179 0.245 0.480 
403    (0)   :  0.036 0.022 0.301 0.183 0.146 0.313 
404    (0)   :  0.066 0.013 0.083 0.177 0.158 0.504 
405    (0)   :  0.014 0.055 0.064 0.150 0.231 0.485 
406    (0)   :  0.053 0.364 0.109 0.072 0.303 0.099 
407    (0)   :  0.042 0.140 0.032 0.136 0.073 0.577 
408    (0)   :  0.017 0.011 0.028 0.621 0.234 0.090 
409    (0)   :  0.628 0.023 0.087 0.074 0.094 0.095 
410    (0)   :  0.048 0.046 0.075 0.240 0.094 0.497 
411    (0)   :  0.036 0.022 0.149 0.138 0.156 0.499 
412    (0)   :  0.010 0.015 0.047 0.323 0.124 0.481 
413    (0)   :  0.010 0.021 0.157 0.426 0.189 0.197 
414    (0)   :  0.011 0.013 0.032 0.471 0.109 0.362 
415    (0)   :  0.028 0.076 0.046 0.196 0.160 0.494 
416    (0)   :  0.154 0.016 0.059 0.235 0.119 0.418 
417    (0)   :  0.019 0.274 0.043 0.213 0.080 0.372 
418    (0)   :  0.013 0.014 0.037 0.495 0.063 0.378 
419    (0)   :  0.371 0.019 0.111 0.175 0.117 0.207 
420    (0)   :  0.056 0.019 0.038 0.572 0.202 0.113 
421    (0)   :  0.026 0.072 0.050 0.363 0.102 0.387 
422    (0)   :  0.085 0.119 0.042 0.110 0.329 0.315 
423    (0)   :  0.015 0.090 0.053 0.257 0.175 0.411 
424    (0)   :  0.032 0.067 0.065 0.592 0.131 0.113 
425    (0)   :  0.075 0.019 0.079 0.135 0.098 0.593 
426    (0)   :  0.014 0.057 0.085 0.391 0.101 0.352 
427    (0)   :  0.046 0.337 0.113 0.265 0.081 0.158 
428    (0)   :  0.067 0.240 0.120 0.087 0.223 0.263 
429    (0)   :  0.016 0.072 0.029 0.499 0.057 0.328 
430    (0)   :  0.118 0.220 0.039 0.195 0.088 0.341 
431    (0)   :  0.013 0.044 0.072 0.447 0.188 0.236 
432    (0)   :  0.011 0.015 0.058 0.341 0.153 0.421 
433    (0)   :  0.024 0.012 0.273 0.180 0.270 0.242 
434    (0)   :  0.025 0.015 0.082 0.121 0.175 0.583 
435    (0)   :  0.014 0.610 0.030 0.146 0.064 0.135 
436    (0)   :  0.026 0.555 0.058 0.179 0.064 0.118 
437    (0)   :  0.011 0.056 0.036 0.122 0.074 0.701 
438    (0)   :  0.151 0.405 0.055 0.185 0.126 0.078 
439    (0)   :  0.132 0.421 0.051 0.160 0.053 0.182 
440    (0)   :  0.015 0.506 0.026 0.210 0.061 0.182 
441    (0)   :  0.064 0.113 0.090 0.248 0.087 0.397 
442    (0)   :  0.035 0.027 0.036 0.410 0.099 0.393 
443    (0)   :  0.039 0.065 0.031 0.609 0.141 0.115 
444    (0)   :  0.029 0.087 0.037 0.356 0.116 0.376 
445    (0)   :  0.607 0.019 0.049 0.070 0.073 0.182 
446    (0)   :  0.100 0.285 0.037 0.329 0.045 0.204 
447    (0)   :  0.060 0.294 0.073 0.177 0.127 0.269 
448    (0)   :  0.021 0.095 0.039 0.212 0.092 0.540 
449    (0)   :  0.024 0.086 0.059 0.168 0.112 0.552 
450    (0)   :  0.072 0.017 0.066 0.174 0.047 0.625 
451    (0)   :  0.008 0.035 0.027 0.640 0.106 0.184 
452    (0)   :  0.028 0.041 0.053 0.175 0.054 0.649 
453    (0)   :  0.185 0.019 0.053 0.274 0.349 0.120 
454    (0)   :  0.016 0.164 0.073 0.196 0.103 0.448 
455    (0)   :  0.070 0.586 0.033 0.152 0.069 0.090 
456    (0)   :  0.041 0.223 0.033 0.271 0.176 0.256 
457    (0)   :  0.017 0.172 0.042 0.110 0.071 0.588 
458    (0)   :  0.257 0.076 0.043 0.176 0.056 0.392 
459    (0)   :  0.163 0.141 0.081 0.439 0.060 0.116 
460    (0)   :  0.045 0.131 0.035 0.606 0.055 0.128 
461    (0)   :  0.027 0.019 0.037 0.740 0.042 0.135 
462    (0)   :  0.264 0.037 0.024 0.311 0.120 0.243 
463    (0)   :  0.111 0.309 0.052 0.155 0.280 0.093 
464    (0)   :  0.036 0.145 0.033 0.566 0.094 0.125 
465    (0)   :  0.071 0.033 0.040 0.633 0.081 0.141 
466    (0)   :  0.048 0.112 0.034 0.500 0.183 0.123 
467    (0)   :  0.220 0.050 0.055 0.280 0.158 0.237 
468    (0)   :  0.024 0.597 0.032 0.082 0.097 0.168 
469    (0)   :  0.049 0.680 0.036 0.094 0.041 0.100 
470    (0)   :  0.015 0.659 0.030 0.151 0.051 0.093 
471    (0)   :  0.062 0.025 0.034 0.220 0.256 0.403 
472    (0)   :  0.167 0.021 0.039 0.270 0.124 0.377 
473    (0)   :  0.016 0.102 0.061 0.164 0.155 0.502 
474    (0)   :  0.075 0.041 0.054 0.203 0.097 0.531 
475    (0)   :  0.054 0.038 0.072 0.586 0.093 0.157 
476    (0)   :  0.093 0.077 0.046 0.310 0.081 0.393 
477    (0)   :  0.037 0.045 0.061 0.607 0.091 0.157 
478    (0)   :  0.018 0.026 0.033 0.770 0.051 0.102 
479    (0)   :  0.016 0.336 0.032 0.325 0.054 0.238 
480    (0)   :  0.016 0.276 0.039 0.136 0.060 0.474 
481    (0)   :  0.022 0.018 0.033 0.133 0.122 0.672 
482    (0)   :  0.018 0.156 0.033 0.415 0.051 0.328 
483    (0)   :  0.059 0.533 0.049 0.144 0.056 0.158 
484    (0)   :  0.230 0.311 0.040 0.166 0.144 0.109 
485    (0)   :  0.019 0.733 0.031 0.096 0.046 0.075 
486    (0)   :  0.014 0.015 0.050 0.163 0.360 0.398 
487    (0)   :  0.019 0.013 0.098 0.100 0.158 0.611 
488    (0)   :  0.018 0.014 0.092 0.300 0.204 0.371 
489    (0)   :  0.027 0.009 0.115 0.066 0.301 0.482 
490    (0)   :  0.019 0.018 0.035 0.437 0.189 0.302 
491    (0)   :  0.020 0.009 0.101 0.096 0.417 0.357 
492    (0)   :  0.111 0.010 0.233 0.314 0.184 0.148 
493    (0)   :  0.013 0.010 0.062 0.129 0.262 0.523 
494    (0)   :  0.024 0.014 0.083 0.098 0.246 0.535 
495    (0)   :  0.049 0.012 0.164 0.412 0.138 0.224 
496    (0)   :  0.041 0.013 0.268 0.135 0.374 0.168 
497    (0)   :  0.015 0.010 0.122 0.103 0.244 0.505 
498    (0)   :  0.030 0.016 0.066 0.249 0.312 0.326 
499    (0)   :  0.016 0.012 0.179 0.068 0.215 0.510 
500    (0)   :  0.012 0.018 0.058 0.075 0.189 0.648 
501    (0)   :  0.042 0.014 0.176 0.147 0.143 0.479 
502    (0)   :  0.062 0.011 0.221 0.238 0.106 0.362 
503    (0)   :  0.016 0.018 0.038 0.108 0.093 0.727 
504    (0)   :  0.018 0.013 0.050 0.561 0.184 0.173 
505    (0)   :  0.017 0.012 0.077 0.100 0.562 0.232 
506    (0)   :  0.023 0.010 0.164 0.239 0.211 0.353 
507    (0)   :  0.021 0.009 0.488 0.053 0.309 0.120 
508    (0)   :  0.021 0.008 0.454 0.063 0.300 0.154 
509    (0)   :  0.018 0.012 0.127 0.094 0.530 0.219 
510    (0)   :  0.018 0.009 0.205 0.095 0.124 0.549 
511    (0)   :  0.030 0.043 0.049 0.214 0.198 0.465 
512    (0)   :  0.014 0.017 0.033 0.192 0.074 0.671 
513    (0)   :  0.026 0.008 0.058 0.333 0.479 0.095 
514    (0)   :  0.011 0.015 0.077 0.497 0.201 0.200 
515    (0)   :  0.027 0.093 0.124 0.123 0.244 0.388 
516    (0)   :  0.017 0.015 0.062 0.363 0.384 0.159 
517    (0)   :  0.019 0.081 0.124 0.241 0.364 0.171 
518    (0)   :  0.010 0.009 0.184 0.071 0.197 0.529 
519    (0)   :  0.018 0.020 0.078 0.593 0.143 0.149 
520    (0)   :  0.017 0.234 0.208 0.067 0.344 0.130 
521    (0)   :  0.015 0.013 0.312 0.264 0.289 0.106 
522    (0)   :  0.016 0.039 0.046 0.125 0.318 0.456 
523    (0)   :  0.017 0.034 0.126 0.168 0.557 0.098 
524    (0)   :  0.011 0.365 0.090 0.111 0.212 0.211 
525    (0)   :  0.016 0.038 0.146 0.076 0.218 0.507 
526    (0)   :  0.035 0.429 0.064 0.066 0.320 0.086 
527    (0)   :  0.012 0.009 0.045 0.134 0.084 0.715 
528    (0)   :  0.015 0.008 0.416 0.096 0.355 0.110 
529    (0)   :  0.017 0.009 0.116 0.143 0.356 0.359 
530    (0)   :  0.028 0.030 0.068 0.103 0.187 0.585 
531    (0)   :  0.037 0.041 0.336 0.120 0.169 0.297 
532    (0)   :  0.021 0.010 0.247 0.120 0.153 0.449 
533    (0)   :  0.013 0.028 0.059 0.090 0.262 0.549 
534    (0)   :  0.014 0.010 0.084 0.116 0.605 0.170 
535    (0)   :  0.041 0.058 0.062 0.345 0.362 0.132 
536    (0)   :  0.440 0.024 0.076 0.111 0.165 0.185 
537    (0)   :  0.182 0.013 0.169 0.096 0.399 0.141 
538    (0)   :  0.028 0.019 0.110 0.091 0.611 0.140 
539    (0)   :  0.020 0.007 0.525 0.057 0.282 0.109 
540    (0)   :  0.027 0.035 0.152 0.092 0.478 0.216 
541    (0)   :  0.197 0.015 0.353 0.118 0.171 0.146 
542    (0)   :  0.392 0.024 0.039 0.079 0.321 0.146 
543    (0)   :  0.062 0.040 0.131 0.258 0.422 0.087 
544    (0)   :  0.112 0.023 0.066 0.114 0.529 0.155 
545    (0)   :  0.191 0.179 0.036 0.146 0.348 0.100 
546    (0)   :  0.167 0.011 0.078 0.103 0.476 0.165 
547    (0)   :  0.188 0.041 0.108 0.143 0.437 0.084 
548    (0)   :  0.014 0.009 0.173 0.084 0.554 0.165 
549    (0)   :  0.634 0.020 0.124 0.055 0.075 0.092 
550    (0)   :  0.058 0.213 0.067 0.191 0.335 0.136 
551    (0)   :  0.194 0.023 0.409 0.107 0.120 0.147 
552    (0)   :  0.032 0.011 0.102 0.066 0.604 0.185 
553    (0)   :  0.073 0.026 0.117 0.151 0.569 0.064 
554    (0)   :  0.054 0.021 0.126 0.240 0.243 0.317 
555    (0)   :  0.024 0.011 0.183 0.080 0.587 0.115 
556    (0)   :  0.026 0.011 0.075 0.089 0.647 0.151 
557    (0)   :  0.238 0.210 0.081 0.222 0.150 0.100 
558    (0)   :  0.019 0.207 0.035 0.390 0.046 0.302 
559    (0)   :  0.016 0.010 0.048 0.365 0.323 0.236 
560    (0)   :  0.049 0.107 0.025 0.620 0.066 0.133 
561    (0)   :  0.027 0.030 0.034 0.410 0.121 0.379 
562    (0)   :  0.013 0.035 0.025 0.518 0.161 0.248 
563    (0)   :  0.079 0.026 0.135 0.553 0.091 0.118 
564    (0)   :  0.011 0.020 0.052 0.187 0.526 0.204 
565    (0)   :  0.049 0.214 0.039 0.118 0.065 0.514 
566    (0)   :  0.009 0.060 0.027 0.691 0.064 0.149 
567    (0)   :  0.009 0.014 0.034 0.189 0.461 0.292 
568    (0)   :  0.021 0.037 0.049 0.527 0.201 0.164 
569    (0)   :  0.016 0.076 0.053 0.340 0.245 0.270 
570    (0)   :  0.009 0.123 0.029 0.330 0.060 0.449 
571    (0)   :  0.009 0.036 0.044 0.694 0.100 0.117 
572    (0)   :  0.019 0.041 0.095 0.090 0.591 0.164 
573    (0)   :  0.009 0.189 0.054 0.160 0.398 0.190 
574    (0)   :  0.015 0.036 0.105 0.119 0.142 0.584 
575    (0)   :  0.049 0.023 0.096 0.534 0.137 0.162 
576    (0)   :  0.010 0.040 0.027 0.667 0.057 0.198 
577    (0)   :  0.017 0.016 0.095 0.152 0.114 0.606 
578    (0)   :  0.013 0.079 0.041 0.594 0.105 0.168 
579    (0)   :  0.028 0.025 0.037 0.298 0.150 0.463 
580    (0)   :  0.017 0.038 0.058 0.155 0.089 0.643 
581    (0)   :  0.015 0.093 0.049 0.432 0.081 0.329 
582    (0)   :  0.031 0.140 0.029 0.481 0.091 0.228 
583    (0)   :  0.009 0.039 0.043 0.579 0.086 0.245 
584    (0)   :  0.010 0.031 0.033 0.603 0.064 0.259 
585    (0)   :  0.020 0.047 0.037 0.477 0.087 0.332 
586    (0)   :  0.019 0.011 0.052 0.635 0.152 0.131 
587    (0)   :  0.022 0.015 0.030 0.270 0.192 0.472 
588    (0)   :  0.012 0.008 0.034 0.069 0.789 0.089 
589    (0)   :  0.022 0.248 0.033 0.239 0.156 0.302 
590    (0)   :  0.012 0.010 0.039 0.511 0.145 0.283 
591    (0)   :  0.010 0.020 0.046 0.639 0.106 0.180 
592    (0)   :  0.019 0.041 0.032 0.491 0.268 0.148 
593    (0)   :  0.013 0.092 0.062 0.398 0.198 0.237 
594    (0)   :  0.013 0.022 0.101 0.417 0.157 0.291 
595    (0)   :  0.013 0.009 0.027 0.133 0.070 0.748 
596    (0)   :  0.009 0.139 0.052 0.151 0.485 0.164 
597    (0)   :  0.011 0.024 0.181 0.545 0.165 0.073 
598    (0)   :  0.010 0.250 0.031 0.245 0.051 0.414 
599    (0)   :  0.011 0.029 0.027 0.662 0.120 0.150 
600    (0)   :  0.046 0.035 0.069 0.160 0.151 0.539 
601    (0)   :  0.032 0.035 0.027 0.573 0.104 0.229 
602    (0)   :  0.012 0.016 0.097 0.145 0.265 0.465 
603    (0)   :  0.013 0.013 0.113 0.211 0.321 0.329 
604    (0)   :  0.143 0.106 0.071 0.103 0.109 0.467 
605    (0)   :  0.020 0.032 0.049 0.300 0.218 0.381 
606    (0)   :  0.048 0.019 0.106 0.177 0.311 0.338 
607    (0)   :  0.012 0.027 0.199 0.100 0.158 0.504 
608    (0)   :  0.027 0.034 0.374 0.173 0.099 0.292 
609    (0)   :  0.032 0.025 0.059 0.153 0.104 0.627 
610    (0)   :  0.031 0.438 0.047 0.104 0.179 0.201 
611    (0)   :  0.023 0.015 0.116 0.229 0.315 0.301 
612    (0)   :  0.136 0.140 0.044 0.113 0.086 0.481 
613    (0)   :  0.016 0.031 0.056 0.128 0.247 0.522 
614    (0)   :  0.016 0.028 0.031 0.071 0.077 0.777 
615    (0)   :  0.064 0.086 0.059 0.074 0.100 0.617 
616    (0)   :  0.010 0.014 0.146 0.125 0.172 0.532 
617    (0)   :  0.016 0.038 0.039 0.153 0.156 0.597 
618    (0)   :  0.166 0.127 0.102 0.067 0.107 0.431 
619    (0)   :  0.013 0.083 0.096 0.298 0.365 0.145 
620    (0)   :  0.016 0.028 0.025 0.507 0.303 0.122 
621    (0)   :  0.012 0.021 0.042 0.304 0.065 0.556 
622    (0)   :  0.051 0.086 0.089 0.094 0.209 0.471 
623    (0)   :  0.009 0.029 0.044 0.295 0.241 0.382 
624    (0)   :  0.095 0.132 0.123 0.114 0.075 0.460 
625    (0)   :  0.026 0.039 0.106 0.185 0.084 0.560 
626    (0)   :  0.358 0.046 0.209 0.057 0.153 0.176 
627    (0)   :  0.021 0.017 0.056 0.236 0.234 0.436 
628    (0)   :  0.012 0.017 0.058 0.249 0.268 0.395 
629    (0)   :  0.016 0.012 0.060 0.163 0.127 0.622 
630    (0)   :  0.046 0.039 0.050 0.147 0.081 0.637 
631    (0)   :  0.014 0.017 0.048 0.111 0.105 0.706 
632    (0)   :  0.039 0.016 0.158 0.086 0.415 0.286 
633    (0)   :  0.021 0.050 0.084 0.141 0.094 0.610 
634    (0)   :  0.020 0.023 0.134 0.171 0.287 0.365 
635    (0)   :  0.024 0.020 0.373 0.090 0.192 0.300 
636    (0)   :  0.042 0.030 0.201 0.154 0.083 0.491 
637    (0)   :  0.190 0.019 0.068 0.136 0.334 0.253 
638    (0)   :  0.013 0.016 0.086 0.161 0.147 0.578 
639    (0)   :  0.018 0.030 0.066 0.082 0.112 0.691 
640    (0)   :  0.014 0.015 0.060 0.420 0.081 0.409 
641    (0)   :  0.012 0.015 0.061 0.111 0.134 0.667 
642    (0)   :  0.087 0.016 0.316 0.125 0.271 0.186 
643    (0)   :  0.050 0.009 0.647 0.099 0.094 0.100 
644    (0)   :  0.022 0.012 0.499 0.144 0.154 0.169 
645    (0)   :  0.106 0.125 0.370 0.046 0.122 0.230 
646    (0)   :  0.069 0.013 0.093 0.195 0.361 0.269 
647    (0)   :  0.162 0.009 0.254 0.187 0.226 0.162 
648    (0)   :  0.021 0.013 0.199 0.074 0.323 0.370 
649    (0)   :  0.020 0.012 0.099 0.102 0.649 0.118 
650    (0)   :  0.023 0.012 0.130 0.207 0.444 0.184 
651    (0)   :  0.017 0.009 0.343 0.122 0.198 0.311 
652    (0)   :  0.016 0.010 0.513 0.106 0.178 0.176 
653    (0)   :  0.058 0.018 0.259 0.075 0.276 0.314 
654    (0)   :  0.149 0.010 0.247 0.080 0.340 0.173 
655    (0)   :  0.015 0.017 0.477 0.269 0.126 0.097 
656    (0)   :  0.045 0.017 0.146 0.094 0.436 0.261 
657    (0)   :  0.021 0.016 0.126 0.097 0.108 0.633 
658    (0)   :  0.024 0.031 0.184 0.378 0.232 0.151 
659    (0)   :  0.041 0.017 0.352 0.086 0.216 0.289 
660    (0)   :  0.017 0.009 0.355 0.088 0.400 0.130 
661    (0)   :  0.085 0.020 0.412 0.078 0.259 0.146 
662    (0)   :  0.016 0.012 0.071 0.102 0.710 0.088 
663    (0)   :  0.016 0.011 0.374 0.112 0.300 0.187 
664    (0)   :  0.145 0.030 0.172 0.402 0.118 0.132 
665    (0)   :  0.017 0.008 0.096 0.094 0.652 0.133 
666    (0)   :  0.034 0.014 0.263 0.103 0.420 0.166 
667    (0)   :  0.033 0.015 0.101 0.273 0.274 0.304 
668    (0)   :  0.036 0.017 0.346 0.133 0.227 0.240 
669    (0)   :  0.016 0.011 0.158 0.091 0.499 0.225 
670    (0)   :  0.015 0.009 0.678 0.056 0.157 0.085 
671    (0)   :  0.022 0.010 0.460 0.088 0.304 0.115 
672    (0)   :  0.014 0.043 0.608 0.160 0.113 0.063 
673    (0)   :  0.012 0.009 0.797 0.043 0.056 0.084 
674    (0)   :  0.024 0.011 0.531 0.062 0.195 0.177 
675    (0)   :  0.019 0.009 0.728 0.094 0.075 0.075 
676    (0)   :  0.015 0.008 0.799 0.044 0.060 0.075 
677    (0)   :  0.036 0.008 0.450 0.048 0.383 0.076 
678    (0)   :  0.012 0.009 0.803 0.048 0.049 0.079 
679    (0)   :  0.011 0.013 0.649 0.061 0.079 0.186 
680    (0)   :  0.030 0.015 0.640 0.054 0.100 0.160 
681    (0)   :  0.045 0.045 0.177 0.077 0.394 0.260 
682    (0)   :  0.057 0.016 0.669 0.056 0.075 0.128 
683    (0)   :  0.019 0.009 0.711 0.057 0.131 0.074 
684    (0)   :  0.013 0.009 0.791 0.049 0.058 0.080 
685    (0)   :  0.013 0.008 0.804 0.043 0.064 0.067 
686    (0)   :  0.090 0.015 0.390 0.064 0.308 0.132 
687    (0)   :  0.020 0.009 0.446 0.081 0.344 0.100 
688    (0)   :  0.019 0.008 0.709 0.067 0.101 0.096 
689    (0)   :  0.012 0.008 0.805 0.041 0.061 0.073 
690    (0)   :  0.015 0.008 0.801 0.043 0.060 0.074 
691    (0)   :  0.018 0.012 0.630 0.059 0.116 0.165 
692    (0)   :  0.012 0.009 0.723 0.065 0.073 0.118 
693    (0)   :  0.050 0.009 0.693 0.089 0.068 0.090 
694    (0)   :  0.013 0.008 0.814 0.041 0.065 0.061 
695    (0)   :  0.017 0.020 0.729 0.054 0.108 0.073 
696    (0)   :  0.020 0.009 0.709 0.067 0.101 0.094 
697    (0)   :  0.016 0.008 0.765 0.043 0.087 0.081 
698    (0)   :  0.015 0.008 0.788 0.044 0.068 0.077 
699    (0)   :  0.029 0.017 0.543 0.053 0.288 0.070 
700    (0)   :  0.347 0.008 0.403 0.054 0.118 0.070 
701    (0)   :  0.014 0.027 0.598 0.061 0.134 0.166 
702    (0)   :  0.119 0.015 0.473 0.083 0.167 0.142 
703    (0)   :  0.053 0.016 0.641 0.058 0.096 0.137 
704    (0)   :  0.024 0.008 0.680 0.064 0.143 0.082 
705    (0)   :  0.043 0.048 0.276 0.078 0.417 0.137 
706    (0)   :  0.048 0.015 0.639 0.052 0.114 0.132 
707    (0)   :  0.019 0.008 0.733 0.044 0.110 0.086 
708    (0)   :  0.017 0.008 0.758 0.044 0.089 0.084 
709    (0)   :  0.152 0.008 0.621 0.051 0.103 0.065 
710    (0)   :  0.017 0.008 0.804 0.041 0.065 0.066 
711    (0)   :  0.062 0.012 0.534 0.052 0.214 0.125 
712    (0)   :  0.035 0.007 0.579 0.042 0.268 0.068 
713    (0)   :  0.018 0.008 0.705 0.066 0.117 0.086 
714    (0)   :  0.017 0.012 0.566 0.063 0.132 0.210 
715    (0)   :  0.031 0.008 0.721 0.042 0.133 0.065 
