

----------------------------------------------------
STRUCTURE by Pritchard, Stephens and Donnelly (2000)
     and Falush, Stephens and Pritchard (2003)
       Code by Pritchard, Falush and Hubisz
             Version 2.3.4 (Jul 2012)
----------------------------------------------------



Command line arguments:   ./structure -K 3 -D 103016 -m brooktrout/mainparams -e brooktrout/extraparams -o brooktrout/250914_output/results_K3_rep16 
Input File:    brooktrout/brooktrout.txt

Run parameters:
   8454 individuals
   5 loci
   3 populations assumed
   50000 Burn-in period
   100000 Reps
RANDOMIZE turned off


--------------------------------------------
Overall proportion of membership of the
sample in each of the 3 clusters

Inferred Clusters
  1      2      3    
0.485  0.259  0.256  

--------------------------------------------

Allele-freq. divergence among pops (Net nucleotide distance),
computed using point estimates of P.

      1       2       3      
 1      -    0.0285  0.0543  
 2   0.0285     -    0.0850  
 3   0.0543  0.0850     -    

Average distances (expected heterozygosity) between individuals in same cluster:
cluster  1  : 0.8433 
cluster  2  : 0.8113 
cluster  3  : 0.7790 

--------------------------------------------
Estimated Ln Prob of Data   = -178686.6
Mean value of ln likelihood = -175551.3
Variance of ln likelihood   = 6270.7

Mean value of alpha_1       = 0.2747
Mean value of alpha_2       = 0.1449
Mean value of alpha_3       = 0.1482
Allele frequencies uncorrelated


Inferred ancestry of individuals:
     (%Miss) :  Inferred clusters
  1    (0)   :  0.370 0.312 0.318 
  2    (0)   :  0.902 0.047 0.052 
  3    (0)   :  0.186 0.621 0.193 
  4    (0)   :  0.190 0.038 0.771 
  5    (0)   :  0.901 0.055 0.044 
  6    (0)   :  0.123 0.838 0.039 
  7    (0)   :  0.820 0.143 0.037 
  8    (0)   :  0.375 0.291 0.335 
  9    (0)   :  0.400 0.476 0.124 
 10    (0)   :  0.441 0.437 0.122 
 11    (0)   :  0.706 0.253 0.040 
 12    (0)   :  0.853 0.069 0.078 
 13    (0)   :  0.810 0.119 0.071 
 14    (0)   :  0.736 0.093 0.171 
 15    (0)   :  0.703 0.082 0.215 
 16    (0)   :  0.275 0.660 0.065 
 17    (0)   :  0.662 0.260 0.077 
 18    (0)   :  0.260 0.566 0.173 
 19    (0)   :  0.369 0.577 0.055 
 20    (0)   :  0.824 0.113 0.064 
 21    (0)   :  0.445 0.174 0.381 
 22    (0)   :  0.126 0.807 0.066 
 23    (0)   :  0.577 0.064 0.360 
 24    (0)   :  0.291 0.479 0.230 
 25    (0)   :  0.858 0.111 0.031 
 26    (0)   :  0.521 0.318 0.161 
 27    (0)   :  0.603 0.286 0.112 
 28    (0)   :  0.506 0.186 0.308 
 29    (0)   :  0.850 0.089 0.061 
 30    (0)   :  0.124 0.819 0.057 
 31    (0)   :  0.719 0.143 0.137 
 32    (0)   :  0.607 0.185 0.208 
 33    (0)   :  0.222 0.588 0.190 
 34    (0)   :  0.414 0.534 0.052 
 35    (0)   :  0.383 0.529 0.088 
 36    (0)   :  0.153 0.702 0.144 
 37    (0)   :  0.567 0.120 0.312 
 38    (0)   :  0.119 0.849 0.032 
 39    (0)   :  0.258 0.685 0.056 
 40    (0)   :  0.219 0.142 0.639 
 41    (0)   :  0.218 0.657 0.124 
 42    (0)   :  0.107 0.209 0.685 
 43    (0)   :  0.667 0.072 0.261 
 44    (0)   :  0.439 0.425 0.135 
 45    (0)   :  0.275 0.669 0.056 
 46    (0)   :  0.311 0.644 0.045 
 47    (0)   :  0.277 0.629 0.094 
 48    (0)   :  0.379 0.439 0.183 
 49    (0)   :  0.362 0.533 0.105 
 50    (0)   :  0.230 0.660 0.110 
 51    (0)   :  0.246 0.437 0.317 
 52    (0)   :  0.228 0.709 0.063 
 53    (0)   :  0.103 0.829 0.068 
 54    (0)   :  0.772 0.096 0.132 
 55    (0)   :  0.825 0.058 0.116 
 56    (0)   :  0.256 0.584 0.160 
 57    (0)   :  0.510 0.321 0.169 
 58    (0)   :  0.654 0.216 0.130 
 59    (0)   :  0.244 0.675 0.080 
 60    (0)   :  0.304 0.153 0.542 
 61    (0)   :  0.645 0.039 0.316 
 62    (0)   :  0.417 0.514 0.069 
 63    (0)   :  0.627 0.181 0.192 
 64    (0)   :  0.162 0.798 0.040 
 65    (0)   :  0.841 0.131 0.028 
 66    (0)   :  0.690 0.051 0.260 
 67    (0)   :  0.853 0.065 0.083 
 68    (0)   :  0.246 0.643 0.111 
 69    (0)   :  0.364 0.464 0.172 
 70    (0)   :  0.594 0.222 0.184 
 71    (0)   :  0.311 0.640 0.049 
 72    (0)   :  0.183 0.758 0.059 
 73    (0)   :  0.849 0.094 0.057 
 74    (0)   :  0.123 0.616 0.260 
 75    (0)   :  0.124 0.202 0.674 
 76    (0)   :  0.813 0.112 0.076 
 77    (0)   :  0.247 0.682 0.071 
 78    (0)   :  0.149 0.780 0.071 
 79    (0)   :  0.838 0.121 0.041 
 80    (0)   :  0.262 0.093 0.645 
 81    (0)   :  0.433 0.131 0.436 
 82    (0)   :  0.827 0.049 0.125 
 83    (0)   :  0.521 0.160 0.319 
 84    (0)   :  0.675 0.124 0.201 
 85    (0)   :  0.440 0.156 0.405 
 86    (0)   :  0.808 0.134 0.058 
 87    (0)   :  0.854 0.094 0.052 
 88    (0)   :  0.688 0.054 0.258 
 89    (0)   :  0.475 0.059 0.466 
 90    (0)   :  0.895 0.059 0.046 
 91    (0)   :  0.198 0.082 0.720 
 92    (0)   :  0.837 0.078 0.085 
 93    (0)   :  0.076 0.034 0.890 
 94    (0)   :  0.383 0.573 0.045 
 95    (0)   :  0.851 0.045 0.104 
 96    (0)   :  0.455 0.041 0.504 
 97    (0)   :  0.168 0.333 0.498 
 98    (0)   :  0.605 0.208 0.187 
 99    (0)   :  0.757 0.089 0.154 
100    (0)   :  0.130 0.029 0.841 
101    (0)   :  0.847 0.056 0.097 
102    (0)   :  0.485 0.100 0.415 
103    (0)   :  0.783 0.040 0.177 
104    (0)   :  0.892 0.057 0.051 
105    (0)   :  0.872 0.035 0.093 
106    (0)   :  0.599 0.380 0.022 
107    (0)   :  0.862 0.047 0.090 
108    (0)   :  0.820 0.118 0.062 
109    (0)   :  0.778 0.200 0.022 
110    (0)   :  0.566 0.407 0.027 
111    (0)   :  0.920 0.053 0.027 
112    (0)   :  0.738 0.237 0.025 
113    (0)   :  0.743 0.149 0.108 
114    (0)   :  0.887 0.052 0.062 
115    (0)   :  0.899 0.052 0.049 
116    (0)   :  0.709 0.263 0.027 
117    (0)   :  0.709 0.251 0.040 
118    (0)   :  0.920 0.044 0.035 
119    (0)   :  0.464 0.073 0.462 
120    (0)   :  0.890 0.069 0.041 
121    (0)   :  0.885 0.072 0.043 
122    (0)   :  0.672 0.298 0.030 
123    (0)   :  0.835 0.122 0.043 
124    (0)   :  0.413 0.546 0.041 
125    (0)   :  0.280 0.670 0.050 
126    (0)   :  0.684 0.256 0.060 
127    (0)   :  0.920 0.050 0.030 
128    (0)   :  0.921 0.040 0.039 
129    (0)   :  0.937 0.033 0.031 
130    (0)   :  0.883 0.056 0.061 
131    (0)   :  0.374 0.587 0.039 
132    (0)   :  0.805 0.168 0.027 
133    (0)   :  0.899 0.057 0.044 
134    (0)   :  0.551 0.431 0.018 
135    (0)   :  0.176 0.043 0.781 
136    (0)   :  0.089 0.040 0.872 
137    (0)   :  0.120 0.035 0.845 
138    (0)   :  0.056 0.037 0.908 
139    (0)   :  0.264 0.064 0.671 
140    (0)   :  0.229 0.109 0.662 
141    (0)   :  0.087 0.061 0.852 
142    (0)   :  0.126 0.036 0.837 
143    (0)   :  0.052 0.024 0.924 
144    (0)   :  0.114 0.032 0.855 
145    (0)   :  0.166 0.088 0.746 
146    (0)   :  0.300 0.092 0.608 
147    (0)   :  0.054 0.028 0.917 
148    (0)   :  0.163 0.047 0.789 
149    (0)   :  0.068 0.040 0.891 
150    (0)   :  0.285 0.046 0.668 
151    (0)   :  0.089 0.032 0.879 
152    (0)   :  0.204 0.058 0.738 
153    (0)   :  0.082 0.052 0.866 
154    (0)   :  0.097 0.033 0.871 
155    (0)   :  0.070 0.028 0.902 
156    (0)   :  0.095 0.027 0.878 
157    (0)   :  0.171 0.060 0.770 
158    (0)   :  0.145 0.092 0.762 
159    (0)   :  0.059 0.026 0.915 
160    (0)   :  0.065 0.027 0.908 
161    (0)   :  0.131 0.067 0.802 
162    (0)   :  0.386 0.106 0.508 
163    (0)   :  0.063 0.027 0.910 
164    (0)   :  0.449 0.064 0.487 
165    (0)   :  0.230 0.040 0.730 
166    (0)   :  0.242 0.075 0.683 
167    (0)   :  0.194 0.051 0.755 
168    (0)   :  0.085 0.057 0.857 
169    (0)   :  0.113 0.459 0.428 
170    (0)   :  0.102 0.032 0.866 
171    (0)   :  0.249 0.061 0.690 
172    (0)   :  0.065 0.154 0.781 
173    (0)   :  0.066 0.025 0.908 
174    (0)   :  0.081 0.033 0.886 
175    (0)   :  0.065 0.034 0.901 
176    (0)   :  0.116 0.032 0.853 
177    (0)   :  0.265 0.129 0.606 
178    (0)   :  0.113 0.050 0.836 
179    (0)   :  0.052 0.025 0.923 
180    (0)   :  0.173 0.084 0.743 
181    (0)   :  0.122 0.050 0.828 
182    (0)   :  0.110 0.025 0.865 
183    (0)   :  0.062 0.027 0.910 
184    (0)   :  0.828 0.103 0.069 
185    (0)   :  0.054 0.021 0.925 
186    (0)   :  0.855 0.090 0.056 
187    (0)   :  0.451 0.070 0.479 
188    (0)   :  0.899 0.063 0.038 
189    (0)   :  0.325 0.263 0.412 
190    (0)   :  0.161 0.024 0.815 
191    (0)   :  0.825 0.044 0.132 
192    (0)   :  0.590 0.068 0.343 
193    (0)   :  0.625 0.080 0.294 
194    (0)   :  0.623 0.055 0.323 
195    (0)   :  0.102 0.025 0.873 
196    (0)   :  0.438 0.045 0.517 
197    (0)   :  0.634 0.222 0.144 
198    (0)   :  0.704 0.125 0.171 
199    (0)   :  0.468 0.037 0.495 
200    (0)   :  0.599 0.078 0.323 
201    (0)   :  0.109 0.033 0.858 
202    (0)   :  0.149 0.023 0.828 
203    (0)   :  0.131 0.028 0.842 
204    (0)   :  0.329 0.030 0.641 
205    (0)   :  0.741 0.059 0.200 
206    (0)   :  0.428 0.035 0.538 
207    (0)   :  0.816 0.032 0.152 
208    (0)   :  0.364 0.042 0.594 
209    (0)   :  0.742 0.056 0.202 
210    (0)   :  0.419 0.038 0.542 
211    (0)   :  0.757 0.029 0.214 
212    (0)   :  0.115 0.045 0.840 
213    (0)   :  0.723 0.075 0.202 
214    (0)   :  0.111 0.030 0.859 
215    (0)   :  0.872 0.041 0.087 
216    (0)   :  0.785 0.115 0.100 
217    (0)   :  0.122 0.042 0.836 
218    (0)   :  0.659 0.057 0.284 
219    (0)   :  0.455 0.208 0.337 
220    (0)   :  0.794 0.035 0.171 
221    (0)   :  0.060 0.022 0.918 
222    (0)   :  0.614 0.218 0.168 
223    (0)   :  0.306 0.087 0.607 
224    (0)   :  0.222 0.032 0.746 
225    (0)   :  0.534 0.047 0.419 
226    (0)   :  0.537 0.207 0.257 
227    (0)   :  0.391 0.031 0.578 
228    (0)   :  0.111 0.023 0.865 
229    (0)   :  0.229 0.040 0.732 
230    (0)   :  0.339 0.035 0.626 
231    (0)   :  0.287 0.062 0.652 
232    (0)   :  0.421 0.091 0.488 
233    (0)   :  0.098 0.029 0.873 
234    (0)   :  0.646 0.093 0.261 
235    (0)   :  0.359 0.096 0.546 
236    (0)   :  0.295 0.059 0.646 
237    (0)   :  0.717 0.034 0.248 
238    (0)   :  0.158 0.040 0.801 
239    (0)   :  0.104 0.026 0.871 
240    (0)   :  0.158 0.039 0.803 
241    (0)   :  0.115 0.031 0.854 
242    (0)   :  0.459 0.116 0.424 
243    (0)   :  0.333 0.030 0.637 
244    (0)   :  0.164 0.030 0.806 
245    (0)   :  0.078 0.027 0.895 
246    (0)   :  0.125 0.041 0.834 
247    (0)   :  0.831 0.118 0.051 
248    (0)   :  0.903 0.038 0.060 
249    (0)   :  0.221 0.038 0.741 
250    (0)   :  0.501 0.058 0.441 
251    (0)   :  0.757 0.110 0.133 
252    (0)   :  0.373 0.064 0.563 
253    (0)   :  0.818 0.066 0.116 
254    (0)   :  0.649 0.139 0.212 
255    (0)   :  0.599 0.090 0.312 
256    (0)   :  0.226 0.040 0.734 
257    (0)   :  0.690 0.043 0.267 
258    (0)   :  0.806 0.056 0.139 
259    (0)   :  0.762 0.041 0.197 
260    (0)   :  0.460 0.149 0.391 
261    (0)   :  0.206 0.056 0.737 
262    (0)   :  0.093 0.027 0.880 
263    (0)   :  0.747 0.053 0.200 
264    (0)   :  0.319 0.641 0.040 
265    (0)   :  0.551 0.104 0.345 
266    (0)   :  0.066 0.022 0.912 
267    (0)   :  0.579 0.056 0.365 
268    (0)   :  0.433 0.043 0.524 
269    (0)   :  0.438 0.218 0.344 
270    (0)   :  0.792 0.091 0.117 
271    (0)   :  0.838 0.045 0.117 
272    (0)   :  0.708 0.125 0.166 
273    (0)   :  0.282 0.113 0.606 
274    (0)   :  0.728 0.088 0.184 
275    (0)   :  0.511 0.120 0.369 
276    (0)   :  0.759 0.103 0.138 
277    (0)   :  0.376 0.095 0.530 
278    (0)   :  0.807 0.045 0.148 
279    (0)   :  0.544 0.069 0.388 
280    (0)   :  0.430 0.219 0.350 
281    (0)   :  0.752 0.060 0.187 
282    (0)   :  0.214 0.071 0.715 
283    (0)   :  0.134 0.037 0.829 
284    (0)   :  0.575 0.060 0.365 
285    (0)   :  0.892 0.068 0.040 
286    (0)   :  0.166 0.031 0.803 
287    (0)   :  0.559 0.136 0.306 
288    (0)   :  0.690 0.138 0.172 
289    (0)   :  0.681 0.112 0.207 
290    (0)   :  0.399 0.352 0.249 
291    (0)   :  0.838 0.044 0.118 
292    (0)   :  0.293 0.160 0.547 
293    (0)   :  0.337 0.555 0.108 
294    (0)   :  0.759 0.064 0.177 
295    (0)   :  0.641 0.099 0.260 
296    (0)   :  0.779 0.041 0.180 
297    (0)   :  0.569 0.260 0.171 
298    (0)   :  0.364 0.079 0.558 
299    (0)   :  0.751 0.081 0.168 
300    (0)   :  0.760 0.062 0.178 
301    (0)   :  0.740 0.146 0.114 
302    (0)   :  0.748 0.058 0.194 
303    (0)   :  0.187 0.059 0.754 
304    (0)   :  0.355 0.192 0.453 
305    (0)   :  0.161 0.030 0.809 
306    (0)   :  0.145 0.055 0.800 
307    (0)   :  0.626 0.056 0.318 
308    (0)   :  0.199 0.057 0.744 
309    (0)   :  0.739 0.057 0.204 
310    (0)   :  0.188 0.032 0.781 
311    (0)   :  0.332 0.035 0.633 
312    (0)   :  0.789 0.031 0.180 
313    (0)   :  0.872 0.031 0.097 
314    (0)   :  0.046 0.025 0.929 
315    (0)   :  0.058 0.030 0.912 
316    (0)   :  0.057 0.037 0.906 
317    (0)   :  0.046 0.026 0.928 
318    (0)   :  0.045 0.027 0.927 
319    (0)   :  0.055 0.025 0.920 
320    (0)   :  0.046 0.025 0.930 
321    (0)   :  0.049 0.029 0.922 
322    (0)   :  0.061 0.035 0.905 
323    (0)   :  0.049 0.027 0.924 
324    (0)   :  0.048 0.030 0.923 
325    (0)   :  0.056 0.038 0.906 
326    (0)   :  0.052 0.037 0.911 
327    (0)   :  0.046 0.026 0.928 
328    (0)   :  0.066 0.035 0.899 
329    (0)   :  0.049 0.025 0.926 
330    (0)   :  0.047 0.026 0.927 
331    (0)   :  0.049 0.025 0.926 
332    (0)   :  0.058 0.046 0.896 
333    (0)   :  0.056 0.033 0.911 
334    (0)   :  0.066 0.035 0.899 
335    (0)   :  0.060 0.032 0.908 
336    (0)   :  0.046 0.030 0.923 
337    (0)   :  0.061 0.042 0.897 
338    (0)   :  0.046 0.030 0.924 
339    (0)   :  0.048 0.025 0.926 
340    (0)   :  0.047 0.023 0.930 
341    (0)   :  0.050 0.026 0.924 
342    (0)   :  0.046 0.027 0.927 
343    (0)   :  0.062 0.038 0.900 
344    (0)   :  0.046 0.026 0.928 
345    (0)   :  0.046 0.026 0.927 
346    (0)   :  0.044 0.025 0.930 
347    (0)   :  0.045 0.023 0.932 
348    (0)   :  0.057 0.030 0.913 
349    (0)   :  0.046 0.027 0.927 
350    (0)   :  0.052 0.025 0.924 
351    (0)   :  0.058 0.032 0.910 
352    (0)   :  0.058 0.036 0.905 
353    (0)   :  0.046 0.030 0.924 
354    (0)   :  0.048 0.026 0.926 
355    (0)   :  0.045 0.027 0.928 
356    (0)   :  0.062 0.030 0.908 
357    (0)   :  0.233 0.211 0.557 
358    (0)   :  0.059 0.037 0.904 
359    (0)   :  0.050 0.025 0.925 
360    (0)   :  0.044 0.025 0.930 
361    (0)   :  0.307 0.219 0.474 
362    (0)   :  0.597 0.323 0.080 
363    (0)   :  0.311 0.646 0.042 
364    (0)   :  0.402 0.246 0.352 
365    (0)   :  0.239 0.720 0.041 
366    (0)   :  0.298 0.525 0.176 
367    (0)   :  0.411 0.568 0.021 
368    (0)   :  0.888 0.071 0.041 
369    (0)   :  0.310 0.226 0.464 
370    (0)   :  0.866 0.069 0.065 
371    (0)   :  0.561 0.320 0.119 
372    (0)   :  0.775 0.086 0.139 
373    (0)   :  0.738 0.193 0.070 
374    (0)   :  0.351 0.321 0.328 
375    (0)   :  0.437 0.531 0.032 
376    (0)   :  0.073 0.904 0.023 
377    (0)   :  0.489 0.449 0.062 
378    (0)   :  0.760 0.109 0.131 
379    (0)   :  0.067 0.912 0.022 
380    (0)   :  0.097 0.767 0.136 
381    (0)   :  0.077 0.835 0.089 
382    (0)   :  0.453 0.512 0.035 
383    (0)   :  0.082 0.814 0.104 
384    (0)   :  0.199 0.732 0.069 
385    (0)   :  0.756 0.135 0.110 
386    (0)   :  0.396 0.568 0.036 
387    (0)   :  0.398 0.564 0.038 
388    (0)   :  0.574 0.209 0.217 
389    (0)   :  0.884 0.056 0.060 
390    (0)   :  0.302 0.658 0.040 
391    (0)   :  0.806 0.119 0.074 
392    (0)   :  0.140 0.795 0.065 
393    (0)   :  0.064 0.861 0.075 
394    (0)   :  0.599 0.189 0.213 
395    (0)   :  0.325 0.605 0.071 
396    (0)   :  0.505 0.472 0.024 
397    (0)   :  0.547 0.263 0.190 
398    (0)   :  0.113 0.863 0.024 
399    (0)   :  0.786 0.182 0.032 
400    (0)   :  0.274 0.683 0.043 
401    (0)   :  0.617 0.330 0.053 
402    (0)   :  0.779 0.128 0.093 
403    (0)   :  0.446 0.159 0.394 
404    (0)   :  0.326 0.584 0.090 
405    (0)   :  0.495 0.407 0.098 
406    (0)   :  0.144 0.610 0.247 
407    (0)   :  0.096 0.880 0.025 
408    (0)   :  0.916 0.057 0.027 
409    (0)   :  0.121 0.369 0.510 
410    (0)   :  0.210 0.720 0.070 
411    (0)   :  0.126 0.637 0.237 
412    (0)   :  0.864 0.099 0.037 
413    (0)   :  0.787 0.100 0.113 
414    (0)   :  0.886 0.087 0.027 
415    (0)   :  0.123 0.839 0.038 
416    (0)   :  0.319 0.620 0.061 
417    (0)   :  0.127 0.841 0.032 
418    (0)   :  0.528 0.446 0.026 
419    (0)   :  0.438 0.377 0.185 
420    (0)   :  0.565 0.395 0.040 
421    (0)   :  0.284 0.677 0.039 
422    (0)   :  0.301 0.630 0.069 
423    (0)   :  0.213 0.737 0.051 
424    (0)   :  0.769 0.167 0.063 
425    (0)   :  0.463 0.465 0.072 
426    (0)   :  0.790 0.149 0.060 
427    (0)   :  0.114 0.796 0.090 
428    (0)   :  0.251 0.516 0.233 
429    (0)   :  0.114 0.865 0.021 
430    (0)   :  0.106 0.862 0.032 
431    (0)   :  0.816 0.135 0.049 
432    (0)   :  0.869 0.084 0.047 
433    (0)   :  0.701 0.054 0.245 
434    (0)   :  0.557 0.298 0.144 
435    (0)   :  0.113 0.863 0.024 
436    (0)   :  0.073 0.890 0.037 
437    (0)   :  0.115 0.858 0.027 
438    (0)   :  0.200 0.719 0.081 
439    (0)   :  0.067 0.901 0.032 
440    (0)   :  0.099 0.881 0.020 
441    (0)   :  0.232 0.673 0.095 
442    (0)   :  0.182 0.791 0.027 
443    (0)   :  0.412 0.559 0.029 
444    (0)   :  0.152 0.821 0.027 
445    (0)   :  0.127 0.717 0.156 
446    (0)   :  0.113 0.861 0.027 
447    (0)   :  0.254 0.683 0.063 
448    (0)   :  0.258 0.711 0.030 
449    (0)   :  0.281 0.666 0.053 
450    (0)   :  0.148 0.810 0.043 
451    (0)   :  0.889 0.090 0.021 
452    (0)   :  0.119 0.845 0.036 
453    (0)   :  0.777 0.116 0.107 
454    (0)   :  0.262 0.671 0.067 
455    (0)   :  0.128 0.841 0.031 
456    (0)   :  0.159 0.811 0.030 
457    (0)   :  0.093 0.879 0.028 
458    (0)   :  0.079 0.890 0.031 
459    (0)   :  0.261 0.651 0.088 
460    (0)   :  0.145 0.830 0.025 
461    (0)   :  0.221 0.754 0.025 
462    (0)   :  0.145 0.834 0.021 
463    (0)   :  0.326 0.561 0.113 
464    (0)   :  0.265 0.709 0.027 
465    (0)   :  0.540 0.420 0.040 
466    (0)   :  0.480 0.484 0.036 
467    (0)   :  0.192 0.740 0.067 
468    (0)   :  0.084 0.889 0.027 
469    (0)   :  0.061 0.912 0.027 
470    (0)   :  0.096 0.880 0.024 
471    (0)   :  0.532 0.407 0.061 
472    (0)   :  0.427 0.530 0.043 
473    (0)   :  0.428 0.508 0.064 
474    (0)   :  0.141 0.818 0.042 
475    (0)   :  0.423 0.517 0.061 
476    (0)   :  0.079 0.890 0.031 
477    (0)   :  0.792 0.155 0.052 
478    (0)   :  0.817 0.157 0.026 
479    (0)   :  0.146 0.831 0.023 
480    (0)   :  0.071 0.903 0.026 
481    (0)   :  0.526 0.441 0.033 
482    (0)   :  0.082 0.896 0.022 
483    (0)   :  0.102 0.865 0.032 
484    (0)   :  0.160 0.793 0.047 
485    (0)   :  0.091 0.881 0.028 
486    (0)   :  0.892 0.059 0.049 
487    (0)   :  0.802 0.077 0.122 
488    (0)   :  0.899 0.044 0.057 
489    (0)   :  0.651 0.095 0.254 
490    (0)   :  0.890 0.081 0.029 
491    (0)   :  0.795 0.057 0.148 
492    (0)   :  0.721 0.058 0.221 
493    (0)   :  0.899 0.047 0.054 
494    (0)   :  0.778 0.120 0.103 
495    (0)   :  0.839 0.074 0.086 
496    (0)   :  0.452 0.070 0.477 
497    (0)   :  0.851 0.050 0.099 
498    (0)   :  0.867 0.073 0.060 
499    (0)   :  0.635 0.062 0.303 
500    (0)   :  0.747 0.187 0.066 
501    (0)   :  0.635 0.202 0.163 
502    (0)   :  0.743 0.095 0.161 
503    (0)   :  0.472 0.487 0.041 
504    (0)   :  0.915 0.046 0.039 
505    (0)   :  0.813 0.055 0.132 
506    (0)   :  0.764 0.080 0.155 
507    (0)   :  0.099 0.029 0.872 
508    (0)   :  0.231 0.030 0.738 
509    (0)   :  0.676 0.048 0.277 
510    (0)   :  0.479 0.224 0.297 
511    (0)   :  0.391 0.560 0.049 
512    (0)   :  0.361 0.610 0.029 
513    (0)   :  0.918 0.024 0.059 
514    (0)   :  0.885 0.063 0.052 
515    (0)   :  0.234 0.590 0.176 
516    (0)   :  0.904 0.045 0.052 
517    (0)   :  0.581 0.245 0.174 
518    (0)   :  0.514 0.166 0.320 
519    (0)   :  0.878 0.072 0.049 
520    (0)   :  0.218 0.221 0.562 
521    (0)   :  0.433 0.075 0.492 
522    (0)   :  0.276 0.632 0.092 
523    (0)   :  0.594 0.071 0.336 
524    (0)   :  0.423 0.477 0.101 
525    (0)   :  0.343 0.302 0.355 
526    (0)   :  0.157 0.681 0.162 
527    (0)   :  0.782 0.173 0.045 
528    (0)   :  0.155 0.044 0.801 
529    (0)   :  0.780 0.085 0.135 
530    (0)   :  0.341 0.560 0.099 
531    (0)   :  0.270 0.231 0.499 
532    (0)   :  0.557 0.141 0.301 
533    (0)   :  0.513 0.397 0.090 
534    (0)   :  0.829 0.037 0.134 
535    (0)   :  0.600 0.297 0.102 
536    (0)   :  0.226 0.458 0.316 
537    (0)   :  0.219 0.070 0.710 
538    (0)   :  0.410 0.112 0.478 
539    (0)   :  0.079 0.032 0.889 
540    (0)   :  0.353 0.142 0.505 
541    (0)   :  0.216 0.096 0.688 
542    (0)   :  0.229 0.613 0.158 
543    (0)   :  0.627 0.054 0.318 
544    (0)   :  0.499 0.234 0.267 
545    (0)   :  0.343 0.579 0.078 
546    (0)   :  0.433 0.132 0.435 
547    (0)   :  0.417 0.090 0.493 
548    (0)   :  0.499 0.057 0.444 
549    (0)   :  0.084 0.198 0.718 
550    (0)   :  0.301 0.568 0.131 
551    (0)   :  0.139 0.076 0.785 
552    (0)   :  0.304 0.107 0.589 
553    (0)   :  0.418 0.043 0.540 
554    (0)   :  0.499 0.286 0.215 
555    (0)   :  0.301 0.065 0.634 
556    (0)   :  0.486 0.096 0.418 
557    (0)   :  0.244 0.598 0.158 
558    (0)   :  0.076 0.902 0.023 
559    (0)   :  0.892 0.063 0.044 
560    (0)   :  0.268 0.711 0.021 
561    (0)   :  0.570 0.402 0.028 
562    (0)   :  0.764 0.213 0.023 
563    (0)   :  0.736 0.142 0.122 
564    (0)   :  0.865 0.074 0.061 
565    (0)   :  0.083 0.889 0.028 
566    (0)   :  0.683 0.296 0.021 
567    (0)   :  0.916 0.048 0.036 
568    (0)   :  0.716 0.231 0.053 
569    (0)   :  0.610 0.310 0.080 
570    (0)   :  0.111 0.868 0.021 
571    (0)   :  0.878 0.091 0.031 
572    (0)   :  0.423 0.143 0.434 
573    (0)   :  0.839 0.103 0.058 
574    (0)   :  0.392 0.493 0.116 
575    (0)   :  0.716 0.205 0.079 
576    (0)   :  0.801 0.179 0.020 
577    (0)   :  0.448 0.455 0.097 
578    (0)   :  0.710 0.252 0.038 
579    (0)   :  0.596 0.366 0.039 
580    (0)   :  0.312 0.627 0.061 
581    (0)   :  0.339 0.617 0.044 
582    (0)   :  0.135 0.841 0.024 
583    (0)   :  0.760 0.208 0.032 
584    (0)   :  0.828 0.149 0.024 
585    (0)   :  0.555 0.414 0.031 
586    (0)   :  0.882 0.080 0.039 
587    (0)   :  0.324 0.650 0.026 
588    (0)   :  0.920 0.027 0.053 
589    (0)   :  0.277 0.696 0.027 
590    (0)   :  0.910 0.062 0.028 
591    (0)   :  0.889 0.076 0.035 
592    (0)   :  0.712 0.255 0.034 
593    (0)   :  0.659 0.273 0.067 
594    (0)   :  0.877 0.064 0.059 
595    (0)   :  0.600 0.377 0.023 
596    (0)   :  0.822 0.114 0.064 
597    (0)   :  0.801 0.061 0.138 
598    (0)   :  0.084 0.894 0.022 
599    (0)   :  0.643 0.333 0.024 
600    (0)   :  0.350 0.572 0.078 
601    (0)   :  0.381 0.595 0.024 
602    (0)   :  0.821 0.063 0.116 
603    (0)   :  0.839 0.059 0.101 
604    (0)   :  0.262 0.642 0.096 
605    (0)   :  0.709 0.242 0.048 
606    (0)   :  0.598 0.202 0.201 
607    (0)   :  0.550 0.203 0.247 
608    (0)   :  0.284 0.246 0.469 
609    (0)   :  0.413 0.533 0.054 
610    (0)   :  0.176 0.773 0.052 
611    (0)   :  0.829 0.072 0.098 
612    (0)   :  0.082 0.885 0.033 
613    (0)   :  0.737 0.200 0.063 
614    (0)   :  0.118 0.849 0.033 
615    (0)   :  0.110 0.827 0.062 
616    (0)   :  0.659 0.175 0.166 
617    (0)   :  0.551 0.409 0.040 
618    (0)   :  0.162 0.672 0.167 
619    (0)   :  0.729 0.147 0.124 
620    (0)   :  0.817 0.155 0.027 
621    (0)   :  0.794 0.173 0.033 
622    (0)   :  0.305 0.557 0.138 
623    (0)   :  0.865 0.097 0.039 
624    (0)   :  0.107 0.786 0.107 
625    (0)   :  0.269 0.605 0.127 
626    (0)   :  0.085 0.308 0.606 
627    (0)   :  0.826 0.122 0.052 
628    (0)   :  0.866 0.087 0.047 
629    (0)   :  0.785 0.152 0.063 
630    (0)   :  0.217 0.739 0.043 
631    (0)   :  0.399 0.536 0.064 
632    (0)   :  0.480 0.127 0.392 
633    (0)   :  0.374 0.528 0.098 
634    (0)   :  0.657 0.166 0.177 
635    (0)   :  0.265 0.139 0.596 
636    (0)   :  0.244 0.542 0.214 
637    (0)   :  0.571 0.280 0.149 
638    (0)   :  0.790 0.117 0.092 
639    (0)   :  0.451 0.449 0.100 
640    (0)   :  0.823 0.139 0.038 
641    (0)   :  0.710 0.228 0.062 
642    (0)   :  0.203 0.096 0.701 
643    (0)   :  0.091 0.045 0.864 
644    (0)   :  0.218 0.047 0.735 
645    (0)   :  0.085 0.312 0.604 
646    (0)   :  0.726 0.140 0.134 
647    (0)   :  0.573 0.072 0.355 
648    (0)   :  0.395 0.153 0.452 
649    (0)   :  0.693 0.045 0.262 
650    (0)   :  0.795 0.049 0.155 
651    (0)   :  0.468 0.060 0.472 
652    (0)   :  0.265 0.065 0.670 
653    (0)   :  0.369 0.110 0.521 
654    (0)   :  0.228 0.088 0.684 
655    (0)   :  0.333 0.086 0.581 
656    (0)   :  0.590 0.100 0.311 
657    (0)   :  0.461 0.368 0.171 
658    (0)   :  0.591 0.179 0.230 
659    (0)   :  0.262 0.085 0.654 
660    (0)   :  0.172 0.043 0.785 
661    (0)   :  0.147 0.080 0.773 
662    (0)   :  0.800 0.036 0.164 
663    (0)   :  0.222 0.066 0.712 
664    (0)   :  0.420 0.293 0.287 
665    (0)   :  0.772 0.047 0.181 
666    (0)   :  0.196 0.070 0.734 
667    (0)   :  0.841 0.086 0.073 
668    (0)   :  0.276 0.140 0.584 
669    (0)   :  0.568 0.065 0.367 
670    (0)   :  0.065 0.027 0.908 
671    (0)   :  0.137 0.038 0.825 
672    (0)   :  0.147 0.061 0.791 
673    (0)   :  0.053 0.029 0.918 
674    (0)   :  0.111 0.052 0.837 
675    (0)   :  0.114 0.031 0.855 
676    (0)   :  0.051 0.027 0.921 
677    (0)   :  0.061 0.025 0.914 
678    (0)   :  0.057 0.029 0.913 
679    (0)   :  0.096 0.054 0.851 
680    (0)   :  0.074 0.043 0.883 
681    (0)   :  0.298 0.148 0.555 
682    (0)   :  0.062 0.048 0.889 
683    (0)   :  0.059 0.027 0.914 
684    (0)   :  0.061 0.029 0.910 
685    (0)   :  0.050 0.024 0.926 
686    (0)   :  0.078 0.045 0.877 
687    (0)   :  0.124 0.034 0.842 
688    (0)   :  0.086 0.034 0.880 
689    (0)   :  0.052 0.026 0.923 
690    (0)   :  0.051 0.027 0.922 
691    (0)   :  0.091 0.049 0.861 
692    (0)   :  0.088 0.041 0.870 
693    (0)   :  0.084 0.045 0.871 
694    (0)   :  0.048 0.023 0.929 
695    (0)   :  0.059 0.031 0.910 
696    (0)   :  0.088 0.034 0.879 
697    (0)   :  0.053 0.026 0.921 
698    (0)   :  0.055 0.027 0.918 
699    (0)   :  0.062 0.030 0.908 
700    (0)   :  0.070 0.072 0.859 
701    (0)   :  0.125 0.058 0.817 
702    (0)   :  0.110 0.058 0.832 
703    (0)   :  0.069 0.046 0.885 
704    (0)   :  0.076 0.030 0.894 
705    (0)   :  0.152 0.075 0.773 
706    (0)   :  0.060 0.040 0.900 
707    (0)   :  0.057 0.029 0.914 
708    (0)   :  0.061 0.026 0.913 
709    (0)   :  0.051 0.028 0.920 
710    (0)   :  0.046 0.024 0.930 
711    (0)   :  0.068 0.039 0.893 
712    (0)   :  0.055 0.021 0.924 
713    (0)   :  0.081 0.030 0.889 
714    (0)   :  0.132 0.056 0.812 
715    (0)   :  0.049 0.022 0.929 
716    (0)   :  0.053 0.038 0.909 
717    (0)   :  0.047 0.023 0.930 
718    (0)   :  0.094 0.042 0.865 
719    (0)   :  0.052 0.022 0.926 
720    (0)   :  0.814 0.151 0.035 
721    (0)   :  0.191 0.177 0.631 
722    (0)   :  0.400 0.527 0.074 
723    (0)   :  0.309 0.630 0.061 
724    (0)   :  0.117 0.725 0.157 
725    (0)   :  0.640 0.146 0.214 
726    (0)   :  0.217 0.666 0.116 
727    (0)   :  0.346 0.168 0.486 
728    (0)   :  0.065 0.916 0.019 
729    (0)   :  0.085 0.892 0.022 
730    (0)   :  0.332 0.625 0.043 
731    (0)   :  0.105 0.851 0.044 
732    (0)   :  0.305 0.633 0.062 
733    (0)   :  0.086 0.885 0.029 
734    (0)   :  0.099 0.880 0.021 
735    (0)   :  0.076 0.890 0.034 
736    (0)   :  0.370 0.587 0.043 
737    (0)   :  0.388 0.559 0.054 
738    (0)   :  0.355 0.604 0.041 
739    (0)   :  0.082 0.892 0.026 
740    (0)   :  0.179 0.056 0.766 
741    (0)   :  0.340 0.108 0.553 
742    (0)   :  0.663 0.186 0.151 
743    (0)   :  0.748 0.167 0.086 
744    (0)   :  0.775 0.065 0.160 
745    (0)   :  0.846 0.121 0.032 
746    (0)   :  0.587 0.187 0.226 
747    (0)   :  0.858 0.083 0.060 
748    (0)   :  0.415 0.060 0.525 
749    (0)   :  0.681 0.077 0.243 
750    (0)   :  0.731 0.108 0.161 
751    (0)   :  0.356 0.075 0.569 
752    (0)   :  0.788 0.123 0.089 
753    (0)   :  0.439 0.266 0.295 
754    (0)   :  0.488 0.126 0.385 
755    (0)   :  0.729 0.112 0.159 
756    (0)   :  0.707 0.051 0.242 
757    (0)   :  0.792 0.084 0.124 
758    (0)   :  0.925 0.046 0.030 
759    (0)   :  0.306 0.161 0.533 
760    (0)   :  0.508 0.361 0.130 
761    (0)   :  0.171 0.539 0.291 
762    (0)   :  0.301 0.653 0.045 
763    (0)   :  0.442 0.264 0.294 
764    (0)   :  0.852 0.076 0.072 
765    (0)   :  0.356 0.570 0.074 
766    (0)   :  0.482 0.093 0.426 
767    (0)   :  0.670 0.117 0.213 
768    (0)   :  0.293 0.661 0.046 
769    (0)   :  0.216 0.577 0.207 
770    (0)   :  0.374 0.584 0.042 
771    (0)   :  0.662 0.042 0.296 
772    (0)   :  0.526 0.137 0.337 
773    (0)   :  0.809 0.090 0.101 
774    (0)   :  0.324 0.106 0.570 
775    (0)   :  0.175 0.755 0.069 
776    (0)   :  0.852 0.099 0.048 
777    (0)   :  0.734 0.142 0.124 
778    (0)   :  0.671 0.088 0.241 
779    (0)   :  0.821 0.062 0.117 
780    (0)   :  0.501 0.074 0.425 
781    (0)   :  0.484 0.052 0.464 
782    (0)   :  0.814 0.063 0.123 
783    (0)   :  0.570 0.145 0.286 
784    (0)   :  0.687 0.251 0.063 
785    (0)   :  0.779 0.099 0.122 
786    (0)   :  0.364 0.108 0.528 
787    (0)   :  0.444 0.035 0.521 
788    (0)   :  0.731 0.199 0.070 
789    (0)   :  0.656 0.273 0.071 
790    (0)   :  0.576 0.148 0.276 
791    (0)   :  0.763 0.124 0.113 
792    (0)   :  0.371 0.040 0.589 
793    (0)   :  0.248 0.147 0.606 
794    (0)   :  0.726 0.128 0.146 
795    (0)   :  0.200 0.137 0.663 
796    (0)   :  0.784 0.071 0.145 
797    (0)   :  0.140 0.055 0.805 
798    (0)   :  0.144 0.825 0.031 
799    (0)   :  0.838 0.100 0.062 
800    (0)   :  0.237 0.028 0.735 
801    (0)   :  0.131 0.811 0.058 
802    (0)   :  0.200 0.473 0.327 
803    (0)   :  0.352 0.138 0.510 
804    (0)   :  0.640 0.181 0.179 
805    (0)   :  0.090 0.042 0.868 
806    (0)   :  0.185 0.598 0.216 
807    (0)   :  0.087 0.037 0.876 
808    (0)   :  0.303 0.058 0.638 
809    (0)   :  0.210 0.597 0.193 
810    (0)   :  0.589 0.179 0.233 
811    (0)   :  0.232 0.105 0.663 
812    (0)   :  0.747 0.157 0.096 
813    (0)   :  0.143 0.822 0.035 
814    (0)   :  0.878 0.048 0.074 
815    (0)   :  0.103 0.466 0.431 
816    (0)   :  0.225 0.332 0.444 
817    (0)   :  0.195 0.474 0.330 
818    (0)   :  0.819 0.126 0.055 
819    (0)   :  0.863 0.037 0.100 
820    (0)   :  0.810 0.056 0.133 
821    (0)   :  0.778 0.159 0.063 
822    (0)   :  0.702 0.274 0.024 
823    (0)   :  0.308 0.499 0.193 
824    (0)   :  0.773 0.101 0.126 
825    (0)   :  0.728 0.225 0.047 
826    (0)   :  0.914 0.054 0.031 
827    (0)   :  0.537 0.416 0.047 
828    (0)   :  0.400 0.515 0.084 
829    (0)   :  0.211 0.704 0.085 
830    (0)   :  0.583 0.389 0.028 
831    (0)   :  0.626 0.252 0.122 
832    (0)   :  0.549 0.308 0.143 
833    (0)   :  0.364 0.500 0.136 
834    (0)   :  0.540 0.349 0.111 
835    (0)   :  0.914 0.055 0.032 
836    (0)   :  0.845 0.081 0.073 
837    (0)   :  0.200 0.536 0.264 
838    (0)   :  0.901 0.061 0.038 
839    (0)   :  0.726 0.227 0.047 
840    (0)   :  0.787 0.052 0.161 
841    (0)   :  0.852 0.048 0.100 
842    (0)   :  0.876 0.100 0.024 
843    (0)   :  0.507 0.074 0.419 
844    (0)   :  0.720 0.143 0.138 
845    (0)   :  0.886 0.084 0.030 
846    (0)   :  0.852 0.068 0.080 
847    (0)   :  0.819 0.040 0.141 
848    (0)   :  0.894 0.040 0.065 
849    (0)   :  0.803 0.153 0.044 
850    (0)   :  0.842 0.116 0.042 
851    (0)   :  0.917 0.046 0.037 
852    (0)   :  0.233 0.236 0.531 
853    (0)   :  0.692 0.270 0.038 
854    (0)   :  0.408 0.394 0.197 
855    (0)   :  0.876 0.057 0.066 
856    (0)   :  0.833 0.069 0.098 
857    (0)   :  0.840 0.102 0.058 
858    (0)   :  0.875 0.089 0.036 
859    (0)   :  0.764 0.195 0.041 
860    (0)   :  0.920 0.047 0.032 
861    (0)   :  0.499 0.041 0.460 
862    (0)   :  0.066 0.907 0.027 
863    (0)   :  0.090 0.848 0.062 
864    (0)   :  0.058 0.898 0.044 
865    (0)   :  0.092 0.888 0.020 
866    (0)   :  0.520 0.442 0.038 
867    (0)   :  0.072 0.883 0.045 
868    (0)   :  0.139 0.821 0.041 
869    (0)   :  0.458 0.501 0.041 
870    (0)   :  0.200 0.772 0.028 
871    (0)   :  0.130 0.846 0.024 
872    (0)   :  0.090 0.878 0.031 
873    (0)   :  0.070 0.894 0.036 
874    (0)   :  0.085 0.891 0.024 
875    (0)   :  0.498 0.452 0.050 
876    (0)   :  0.877 0.093 0.030 
877    (0)   :  0.061 0.907 0.032 
878    (0)   :  0.490 0.445 0.065 
879    (0)   :  0.074 0.886 0.040 
880    (0)   :  0.571 0.390 0.039 
881    (0)   :  0.089 0.871 0.039 
882    (0)   :  0.075 0.891 0.034 
883    (0)   :  0.833 0.122 0.045 
884    (0)   :  0.094 0.886 0.020 
885    (0)   :  0.174 0.744 0.082 
886    (0)   :  0.292 0.653 0.054 
887    (0)   :  0.090 0.886 0.024 
888    (0)   :  0.447 0.392 0.161 
889    (0)   :  0.086 0.894 0.020 
890    (0)   :  0.671 0.306 0.023 
891    (0)   :  0.906 0.058 0.036 
892    (0)   :  0.884 0.075 0.042 
893    (0)   :  0.669 0.257 0.073 
894    (0)   :  0.527 0.450 0.023 
895    (0)   :  0.116 0.860 0.025 
896    (0)   :  0.890 0.047 0.063 
897    (0)   :  0.912 0.051 0.037 
898    (0)   :  0.472 0.453 0.075 
899    (0)   :  0.627 0.353 0.019 
900    (0)   :  0.914 0.057 0.029 
901    (0)   :  0.901 0.067 0.032 
902    (0)   :  0.896 0.049 0.054 
903    (0)   :  0.331 0.637 0.032 
904    (0)   :  0.493 0.433 0.074 
905    (0)   :  0.278 0.699 0.023 
906    (0)   :  0.777 0.175 0.049 
907    (0)   :  0.799 0.154 0.047 
908    (0)   :  0.813 0.150 0.037 
909    (0)   :  0.795 0.152 0.053 
910    (0)   :  0.885 0.065 0.049 
911    (0)   :  0.220 0.759 0.021 
912    (0)   :  0.559 0.415 0.025 
913    (0)   :  0.511 0.463 0.025 
914    (0)   :  0.575 0.273 0.152 
915    (0)   :  0.834 0.146 0.020 
916    (0)   :  0.791 0.182 0.028 
917    (0)   :  0.713 0.257 0.030 
918    (0)   :  0.395 0.472 0.133 
919    (0)   :  0.328 0.607 0.065 
920    (0)   :  0.823 0.134 0.043 
921    (0)   :  0.518 0.078 0.405 
922    (0)   :  0.829 0.097 0.074 
923    (0)   :  0.826 0.046 0.128 
924    (0)   :  0.900 0.041 0.059 
925    (0)   :  0.832 0.061 0.107 
926    (0)   :  0.557 0.030 0.414 
927    (0)   :  0.433 0.090 0.478 
928    (0)   :  0.345 0.033 0.623 
929    (0)   :  0.848 0.031 0.121 
930    (0)   :  0.784 0.060 0.156 
931    (0)   :  0.098 0.352 0.551 
932    (0)   :  0.853 0.041 0.107 
933    (0)   :  0.194 0.040 0.766 
934    (0)   :  0.928 0.031 0.041 
935    (0)   :  0.599 0.094 0.307 
936    (0)   :  0.704 0.084 0.212 
937    (0)   :  0.242 0.074 0.684 
938    (0)   :  0.304 0.029 0.667 
939    (0)   :  0.185 0.077 0.738 
940    (0)   :  0.615 0.102 0.284 
941    (0)   :  0.770 0.146 0.084 
942    (0)   :  0.527 0.073 0.400 
943    (0)   :  0.090 0.052 0.858 
944    (0)   :  0.261 0.063 0.675 
945    (0)   :  0.789 0.057 0.154 
946    (0)   :  0.745 0.057 0.198 
947    (0)   :  0.203 0.048 0.749 
948    (0)   :  0.208 0.666 0.126 
949    (0)   :  0.505 0.420 0.075 
950    (0)   :  0.280 0.033 0.687 
951    (0)   :  0.433 0.075 0.492 
952    (0)   :  0.580 0.102 0.318 
953    (0)   :  0.735 0.113 0.152 
954    (0)   :  0.387 0.356 0.256 
955    (0)   :  0.064 0.037 0.899 
956    (0)   :  0.075 0.028 0.897 
957    (0)   :  0.328 0.136 0.537 
958    (0)   :  0.793 0.126 0.080 
959    (0)   :  0.626 0.058 0.316 
960    (0)   :  0.380 0.531 0.089 
961    (0)   :  0.049 0.024 0.926 
962    (0)   :  0.881 0.029 0.090 
963    (0)   :  0.767 0.155 0.078 
964    (0)   :  0.785 0.105 0.110 
965    (0)   :  0.584 0.051 0.366 
966    (0)   :  0.607 0.124 0.269 
967    (0)   :  0.061 0.043 0.896 
968    (0)   :  0.858 0.035 0.107 
969    (0)   :  0.492 0.247 0.261 
970    (0)   :  0.147 0.046 0.808 
971    (0)   :  0.730 0.040 0.229 
972    (0)   :  0.549 0.174 0.277 
973    (0)   :  0.403 0.031 0.566 
974    (0)   :  0.823 0.081 0.096 
975    (0)   :  0.486 0.251 0.263 
976    (0)   :  0.727 0.041 0.231 
977    (0)   :  0.529 0.122 0.349 
978    (0)   :  0.578 0.040 0.382 
979    (0)   :  0.850 0.058 0.091 
980    (0)   :  0.507 0.042 0.452 
981    (0)   :  0.670 0.089 0.241 
982    (0)   :  0.866 0.092 0.042 
983    (0)   :  0.559 0.381 0.060 
984    (0)   :  0.118 0.198 0.684 
985    (0)   :  0.773 0.055 0.172 
986    (0)   :  0.838 0.081 0.080 
987    (0)   :  0.905 0.061 0.034 
988    (0)   :  0.333 0.644 0.023 
989    (0)   :  0.130 0.099 0.771 
990    (0)   :  0.708 0.193 0.099 
991    (0)   :  0.782 0.076 0.142 
992    (0)   :  0.925 0.036 0.039 
993    (0)   :  0.375 0.571 0.054 
994    (0)   :  0.592 0.065 0.343 
995    (0)   :  0.057 0.021 0.922 
996    (0)   :  0.791 0.162 0.047 
997    (0)   :  0.869 0.037 0.094 
998    (0)   :  0.892 0.065 0.043 
999    (0)   :  0.751 0.065 0.183 
1000    (0)   :  0.893 0.066 0.041 
1001    (0)   :  0.779 0.167 0.055 
1002    (0)   :  0.853 0.123 0.025 
1003    (0)   :  0.819 0.057 0.124 
1004    (0)   :  0.893 0.041 0.066 
1005    (0)   :  0.897 0.061 0.042 
1006    (0)   :  0.690 0.081 0.229 
1007    (0)   :  0.524 0.056 0.420 
1008    (0)   :  0.330 0.055 0.616 
1009    (0)   :  0.610 0.195 0.195 
1010    (0)   :  0.759 0.071 0.170 
1011    (0)   :  0.348 0.081 0.571 
1012    (0)   :  0.777 0.110 0.113 
1013    (0)   :  0.795 0.062 0.143 
1014    (0)   :  0.858 0.095 0.047 
1015    (0)   :  0.893 0.038 0.069 
1016    (0)   :  0.908 0.055 0.037 
1017    (0)   :  0.739 0.045 0.216 
1018    (0)   :  0.750 0.068 0.182 
1019    (0)   :  0.729 0.105 0.166 
1020    (0)   :  0.087 0.033 0.880 
1021    (0)   :  0.234 0.048 0.718 
1022    (0)   :  0.786 0.054 0.161 
1023    (0)   :  0.747 0.196 0.057 
1024    (0)   :  0.795 0.161 0.044 
1025    (0)   :  0.853 0.063 0.083 
1026    (0)   :  0.102 0.693 0.206 
1027    (0)   :  0.161 0.646 0.193 
1028    (0)   :  0.196 0.709 0.095 
1029    (0)   :  0.725 0.106 0.169 
1030    (0)   :  0.324 0.098 0.578 
1031    (0)   :  0.234 0.460 0.305 
1032    (0)   :  0.260 0.340 0.400 
1033    (0)   :  0.244 0.426 0.329 
1034    (0)   :  0.713 0.105 0.182 
1035    (0)   :  0.148 0.076 0.777 
1036    (0)   :  0.252 0.149 0.599 
1037    (0)   :  0.309 0.050 0.642 
1038    (0)   :  0.160 0.372 0.468 
1039    (0)   :  0.305 0.175 0.520 
1040    (0)   :  0.114 0.684 0.202 
1041    (0)   :  0.165 0.694 0.141 
1042    (0)   :  0.251 0.221 0.527 
1043    (0)   :  0.229 0.474 0.297 
1044    (0)   :  0.380 0.446 0.174 
1045    (0)   :  0.088 0.755 0.158 
1046    (0)   :  0.296 0.206 0.498 
1047    (0)   :  0.151 0.067 0.782 
1048    (0)   :  0.767 0.142 0.092 
1049    (0)   :  0.875 0.068 0.057 
1050    (0)   :  0.646 0.332 0.022 
1051    (0)   :  0.853 0.123 0.024 
1052    (0)   :  0.811 0.155 0.034 
1053    (0)   :  0.794 0.166 0.040 
1054    (0)   :  0.837 0.122 0.041 
1055    (0)   :  0.920 0.048 0.032 
1056    (0)   :  0.892 0.074 0.034 
1057    (0)   :  0.187 0.783 0.029 
1058    (0)   :  0.676 0.299 0.026 
1059    (0)   :  0.594 0.358 0.048 
1060    (0)   :  0.661 0.260 0.079 
1061    (0)   :  0.923 0.048 0.029 
1062    (0)   :  0.631 0.340 0.028 
1063    (0)   :  0.871 0.038 0.091 
1064    (0)   :  0.778 0.187 0.035 
1065    (0)   :  0.833 0.113 0.054 
1066    (0)   :  0.890 0.051 0.059 
1067    (0)   :  0.712 0.261 0.027 
1068    (0)   :  0.603 0.142 0.254 
1069    (0)   :  0.896 0.083 0.020 
1070    (0)   :  0.838 0.132 0.030 
1071    (0)   :  0.783 0.124 0.093 
1072    (0)   :  0.858 0.091 0.050 
1073    (0)   :  0.689 0.278 0.034 
1074    (0)   :  0.629 0.299 0.071 
1075    (0)   :  0.739 0.211 0.050 
1076    (0)   :  0.759 0.185 0.056 
1077    (0)   :  0.146 0.829 0.025 
1078    (0)   :  0.886 0.073 0.041 
1079    (0)   :  0.725 0.241 0.034 
1080    (0)   :  0.780 0.091 0.129 
1081    (0)   :  0.789 0.186 0.025 
1082    (0)   :  0.781 0.151 0.069 
1083    (0)   :  0.855 0.098 0.047 
1084    (0)   :  0.769 0.106 0.125 
1085    (0)   :  0.882 0.099 0.018 
1086    (0)   :  0.932 0.039 0.029 
1087    (0)   :  0.892 0.089 0.019 
1088    (0)   :  0.908 0.071 0.020 
1089    (0)   :  0.532 0.446 0.022 
1090    (0)   :  0.723 0.250 0.028 
1091    (0)   :  0.879 0.080 0.041 
1092    (0)   :  0.790 0.184 0.026 
1093    (0)   :  0.880 0.053 0.067 
1094    (0)   :  0.197 0.731 0.072 
