

----------------------------------------------------
STRUCTURE by Pritchard, Stephens and Donnelly (2000)
     and Falush, Stephens and Pritchard (2003)
       Code by Pritchard, Falush and Hubisz
             Version 2.3.4 (Jul 2012)
----------------------------------------------------



Command line arguments:   ./structure -K 6 -D 106016 -m brooktrout/mainparams -e brooktrout/extraparams -o brooktrout/250914_output/results_K6_rep16 
Input File:    brooktrout/brooktrout.txt

Run parameters:
   8454 individuals
   5 loci
   6 populations assumed
   50000 Burn-in period
   100000 Reps
RANDOMIZE turned off


--------------------------------------------
Overall proportion of membership of the
sample in each of the 6 clusters

Inferred Clusters
  1      2      3      4      5      6    
0.086  0.040  0.110  0.168  0.322  0.272  

--------------------------------------------

Allele-freq. divergence among pops (Net nucleotide distance),
computed using point estimates of P.

      1       2       3       4       5       6      
 1      -    0.1347  0.0872  0.1182  0.0645  0.1345  
 2   0.1347     -    0.1512  0.1084  0.0993  0.1603  
 3   0.0872  0.1512     -    0.1282  0.0640  0.1392  
 4   0.1182  0.1084  0.1282     -    0.0800  0.0899  
 5   0.0645  0.0993  0.0640  0.0800     -    0.1202  
 6   0.1345  0.1603  0.1392  0.0899  0.1202     -    

Average distances (expected heterozygosity) between individuals in same cluster:
cluster  1  : 0.7528 
cluster  2  : 0.7831 
cluster  3  : 0.7464 
cluster  4  : 0.7984 
cluster  5  : 0.7976 
cluster  6  : 0.7361 

--------------------------------------------
Estimated Ln Prob of Data   = -183234.4
Mean value of ln likelihood = -171562.4
Variance of ln likelihood   = 23344.2

Mean value of alpha_1       = 0.1738
Mean value of alpha_2       = 0.0829
Mean value of alpha_3       = 0.2287
Mean value of alpha_4       = 0.3623
Mean value of alpha_5       = 0.6775
Mean value of alpha_6       = 0.5886
Allele frequencies uncorrelated


Inferred ancestry of individuals:
     (%Miss) :  Inferred clusters
  1    (0)   :  0.080 0.024 0.192 0.113 0.205 0.387 
  2    (0)   :  0.080 0.039 0.034 0.342 0.368 0.137 
  3    (0)   :  0.238 0.009 0.144 0.139 0.208 0.262 
  4    (0)   :  0.048 0.014 0.046 0.107 0.176 0.610 
  5    (0)   :  0.144 0.056 0.039 0.249 0.377 0.136 
  6    (0)   :  0.490 0.010 0.069 0.071 0.258 0.103 
  7    (0)   :  0.062 0.014 0.070 0.047 0.703 0.103 
  8    (0)   :  0.198 0.014 0.054 0.075 0.254 0.405 
  9    (0)   :  0.218 0.034 0.087 0.183 0.263 0.216 
 10    (0)   :  0.125 0.020 0.058 0.052 0.443 0.302 
 11    (0)   :  0.047 0.024 0.152 0.047 0.623 0.108 
 12    (0)   :  0.152 0.027 0.036 0.227 0.364 0.195 
 13    (0)   :  0.136 0.025 0.054 0.115 0.462 0.207 
 14    (0)   :  0.069 0.014 0.082 0.349 0.248 0.238 
 15    (0)   :  0.072 0.015 0.076 0.152 0.324 0.361 
 16    (0)   :  0.112 0.029 0.168 0.084 0.418 0.189 
 17    (0)   :  0.430 0.025 0.045 0.131 0.220 0.149 
 18    (0)   :  0.212 0.018 0.129 0.209 0.211 0.221 
 19    (0)   :  0.414 0.016 0.047 0.078 0.306 0.140 
 20    (0)   :  0.110 0.022 0.064 0.180 0.448 0.176 
 21    (0)   :  0.053 0.017 0.093 0.241 0.215 0.380 
 22    (0)   :  0.428 0.013 0.073 0.097 0.200 0.190 
 23    (0)   :  0.059 0.045 0.062 0.273 0.190 0.371 
 24    (0)   :  0.090 0.023 0.120 0.102 0.264 0.401 
 25    (0)   :  0.181 0.016 0.058 0.084 0.578 0.083 
 26    (0)   :  0.291 0.017 0.070 0.149 0.224 0.249 
 27    (0)   :  0.126 0.032 0.086 0.149 0.367 0.239 
 28    (0)   :  0.052 0.015 0.112 0.073 0.290 0.458 
 29    (0)   :  0.052 0.031 0.048 0.172 0.531 0.166 
 30    (0)   :  0.310 0.020 0.155 0.160 0.193 0.162 
 31    (0)   :  0.125 0.029 0.054 0.175 0.350 0.267 
 32    (0)   :  0.191 0.013 0.050 0.152 0.282 0.311 
 33    (0)   :  0.098 0.016 0.207 0.134 0.265 0.279 
 34    (0)   :  0.142 0.058 0.071 0.053 0.510 0.167 
 35    (0)   :  0.246 0.048 0.065 0.340 0.182 0.120 
 36    (0)   :  0.029 0.013 0.403 0.285 0.137 0.132 
 37    (0)   :  0.072 0.012 0.041 0.191 0.327 0.356 
 38    (0)   :  0.033 0.033 0.550 0.123 0.182 0.079 
 39    (0)   :  0.067 0.037 0.292 0.193 0.282 0.129 
 40    (0)   :  0.060 0.019 0.070 0.484 0.142 0.226 
 41    (0)   :  0.057 0.052 0.270 0.306 0.196 0.118 
 42    (0)   :  0.021 0.033 0.242 0.138 0.123 0.442 
 43    (0)   :  0.049 0.020 0.034 0.402 0.289 0.206 
 44    (0)   :  0.143 0.018 0.050 0.538 0.161 0.089 
 45    (0)   :  0.030 0.036 0.295 0.342 0.208 0.089 
 46    (0)   :  0.268 0.018 0.087 0.241 0.279 0.107 
 47    (0)   :  0.318 0.035 0.051 0.162 0.248 0.187 
 48    (0)   :  0.169 0.020 0.042 0.580 0.103 0.086 
 49    (0)   :  0.086 0.075 0.191 0.242 0.234 0.173 
 50    (0)   :  0.204 0.024 0.084 0.115 0.423 0.150 
 51    (0)   :  0.019 0.018 0.204 0.555 0.104 0.099 
 52    (0)   :  0.076 0.042 0.301 0.139 0.273 0.169 
 53    (0)   :  0.059 0.015 0.531 0.098 0.159 0.138 
 54    (0)   :  0.096 0.034 0.032 0.363 0.283 0.192 
 55    (0)   :  0.060 0.017 0.033 0.584 0.187 0.120 
 56    (0)   :  0.162 0.042 0.118 0.418 0.108 0.152 
 57    (0)   :  0.249 0.030 0.051 0.061 0.287 0.323 
 58    (0)   :  0.035 0.040 0.128 0.406 0.237 0.155 
 59    (0)   :  0.041 0.104 0.316 0.234 0.173 0.132 
 60    (0)   :  0.030 0.012 0.108 0.456 0.147 0.246 
 61    (0)   :  0.020 0.014 0.029 0.643 0.135 0.159 
 62    (0)   :  0.173 0.250 0.081 0.148 0.222 0.126 
 63    (0)   :  0.031 0.017 0.088 0.261 0.359 0.244 
 64    (0)   :  0.263 0.035 0.223 0.145 0.230 0.104 
 65    (0)   :  0.046 0.019 0.040 0.104 0.713 0.078 
 66    (0)   :  0.030 0.017 0.046 0.289 0.320 0.299 
 67    (0)   :  0.048 0.016 0.029 0.556 0.249 0.101 
 68    (0)   :  0.036 0.068 0.341 0.217 0.171 0.167 
 69    (0)   :  0.045 0.149 0.361 0.091 0.163 0.192 
 70    (0)   :  0.027 0.015 0.179 0.294 0.271 0.215 
 71    (0)   :  0.032 0.075 0.264 0.360 0.194 0.076 
 72    (0)   :  0.093 0.012 0.360 0.198 0.225 0.112 
 73    (0)   :  0.029 0.078 0.053 0.484 0.265 0.090 
 74    (0)   :  0.034 0.013 0.388 0.222 0.118 0.225 
 75    (0)   :  0.030 0.018 0.229 0.302 0.094 0.327 
 76    (0)   :  0.038 0.011 0.051 0.323 0.445 0.133 
 77    (0)   :  0.026 0.053 0.311 0.284 0.229 0.096 
 78    (0)   :  0.028 0.057 0.425 0.222 0.167 0.102 
 79    (0)   :  0.040 0.014 0.063 0.058 0.707 0.119 
 80    (0)   :  0.032 0.012 0.044 0.075 0.248 0.588 
 81    (0)   :  0.035 0.010 0.054 0.065 0.362 0.474 
 82    (0)   :  0.034 0.031 0.050 0.226 0.400 0.260 
 83    (0)   :  0.036 0.009 0.097 0.128 0.378 0.353 
 84    (0)   :  0.031 0.010 0.076 0.072 0.485 0.327 
 85    (0)   :  0.055 0.010 0.118 0.100 0.307 0.410 
 86    (0)   :  0.081 0.030 0.051 0.364 0.363 0.110 
 87    (0)   :  0.029 0.012 0.073 0.087 0.669 0.129 
 88    (0)   :  0.028 0.012 0.050 0.091 0.405 0.414 
 89    (0)   :  0.029 0.010 0.045 0.090 0.338 0.487 
 90    (0)   :  0.026 0.011 0.045 0.069 0.707 0.142 
 91    (0)   :  0.035 0.009 0.093 0.094 0.210 0.560 
 92    (0)   :  0.040 0.013 0.057 0.088 0.585 0.216 
 93    (0)   :  0.024 0.011 0.036 0.058 0.119 0.753 
 94    (0)   :  0.025 0.009 0.211 0.064 0.582 0.109 
 95    (0)   :  0.021 0.011 0.042 0.073 0.564 0.289 
 96    (0)   :  0.021 0.015 0.033 0.475 0.167 0.289 
 97    (0)   :  0.035 0.018 0.253 0.283 0.117 0.295 
 98    (0)   :  0.043 0.030 0.066 0.400 0.280 0.181 
 99    (0)   :  0.028 0.010 0.054 0.070 0.542 0.296 
100    (0)   :  0.030 0.014 0.026 0.159 0.133 0.638 
101    (0)   :  0.032 0.013 0.067 0.139 0.531 0.218 
102    (0)   :  0.029 0.024 0.091 0.124 0.297 0.434 
103    (0)   :  0.026 0.017 0.035 0.233 0.443 0.246 
104    (0)   :  0.028 0.014 0.037 0.099 0.674 0.148 
105    (0)   :  0.025 0.052 0.033 0.123 0.543 0.225 
106    (0)   :  0.038 0.012 0.096 0.080 0.711 0.063 
107    (0)   :  0.031 0.023 0.037 0.176 0.527 0.206 
108    (0)   :  0.034 0.010 0.075 0.656 0.143 0.081 
109    (0)   :  0.041 0.223 0.126 0.144 0.401 0.066 
110    (0)   :  0.035 0.016 0.107 0.058 0.711 0.074 
111    (0)   :  0.027 0.041 0.033 0.082 0.726 0.092 
112    (0)   :  0.022 0.313 0.085 0.066 0.443 0.071 
113    (0)   :  0.058 0.023 0.076 0.392 0.294 0.157 
114    (0)   :  0.023 0.032 0.037 0.080 0.647 0.180 
115    (0)   :  0.047 0.049 0.046 0.267 0.470 0.121 
116    (0)   :  0.041 0.023 0.198 0.219 0.449 0.068 
117    (0)   :  0.039 0.074 0.104 0.075 0.602 0.106 
118    (0)   :  0.040 0.061 0.042 0.336 0.426 0.095 
119    (0)   :  0.022 0.010 0.063 0.357 0.242 0.306 
120    (0)   :  0.035 0.081 0.054 0.155 0.544 0.132 
121    (0)   :  0.045 0.117 0.065 0.248 0.430 0.095 
122    (0)   :  0.031 0.031 0.086 0.077 0.689 0.086 
123    (0)   :  0.029 0.020 0.066 0.113 0.649 0.123 
124    (0)   :  0.083 0.059 0.200 0.193 0.373 0.092 
125    (0)   :  0.067 0.102 0.303 0.096 0.322 0.109 
126    (0)   :  0.022 0.012 0.147 0.184 0.499 0.135 
127    (0)   :  0.025 0.028 0.032 0.105 0.710 0.099 
128    (0)   :  0.033 0.046 0.034 0.286 0.497 0.103 
129    (0)   :  0.029 0.023 0.031 0.166 0.667 0.085 
130    (0)   :  0.030 0.057 0.042 0.093 0.593 0.186 
131    (0)   :  0.042 0.055 0.379 0.124 0.326 0.075 
132    (0)   :  0.031 0.017 0.065 0.116 0.700 0.072 
133    (0)   :  0.032 0.021 0.045 0.162 0.610 0.129 
134    (0)   :  0.028 0.026 0.065 0.050 0.777 0.054 
135    (0)   :  0.025 0.041 0.047 0.244 0.107 0.536 
136    (0)   :  0.054 0.019 0.032 0.059 0.093 0.743 
137    (0)   :  0.026 0.033 0.035 0.047 0.133 0.726 
138    (0)   :  0.029 0.010 0.040 0.065 0.085 0.771 
139    (0)   :  0.038 0.020 0.041 0.428 0.127 0.345 
140    (0)   :  0.026 0.014 0.079 0.137 0.219 0.525 
141    (0)   :  0.066 0.020 0.053 0.081 0.113 0.666 
142    (0)   :  0.023 0.031 0.040 0.303 0.104 0.499 
143    (0)   :  0.022 0.009 0.027 0.054 0.079 0.809 
144    (0)   :  0.024 0.032 0.031 0.052 0.128 0.734 
145    (0)   :  0.084 0.030 0.056 0.110 0.119 0.601 
146    (0)   :  0.044 0.016 0.066 0.085 0.234 0.555 
147    (0)   :  0.027 0.010 0.029 0.045 0.079 0.809 
148    (0)   :  0.040 0.028 0.038 0.139 0.186 0.569 
149    (0)   :  0.027 0.018 0.053 0.110 0.088 0.705 
150    (0)   :  0.029 0.039 0.037 0.072 0.217 0.606 
151    (0)   :  0.023 0.011 0.033 0.068 0.115 0.750 
152    (0)   :  0.063 0.025 0.052 0.194 0.150 0.517 
153    (0)   :  0.025 0.012 0.063 0.081 0.112 0.707 
154    (0)   :  0.048 0.018 0.034 0.096 0.097 0.707 
155    (0)   :  0.023 0.010 0.029 0.062 0.109 0.767 
156    (0)   :  0.019 0.018 0.032 0.180 0.120 0.631 
157    (0)   :  0.020 0.009 0.051 0.049 0.220 0.650 
158    (0)   :  0.073 0.031 0.061 0.078 0.111 0.646 
159    (0)   :  0.026 0.013 0.030 0.049 0.080 0.803 
160    (0)   :  0.027 0.014 0.028 0.056 0.082 0.793 
161    (0)   :  0.027 0.013 0.069 0.076 0.143 0.672 
162    (0)   :  0.057 0.017 0.060 0.112 0.246 0.508 
163    (0)   :  0.020 0.009 0.032 0.073 0.096 0.769 
164    (0)   :  0.032 0.012 0.047 0.096 0.247 0.565 
165    (0)   :  0.024 0.037 0.037 0.064 0.191 0.646 
166    (0)   :  0.026 0.009 0.084 0.115 0.230 0.536 
167    (0)   :  0.103 0.015 0.033 0.060 0.153 0.637 
168    (0)   :  0.032 0.011 0.086 0.096 0.113 0.661 
169    (0)   :  0.083 0.035 0.264 0.072 0.098 0.447 
170    (0)   :  0.022 0.012 0.034 0.147 0.134 0.651 
171    (0)   :  0.044 0.012 0.065 0.114 0.173 0.592 
172    (0)   :  0.027 0.021 0.226 0.137 0.083 0.508 
173    (0)   :  0.029 0.013 0.026 0.075 0.087 0.770 
174    (0)   :  0.025 0.010 0.035 0.051 0.117 0.761 
175    (0)   :  0.053 0.012 0.028 0.066 0.091 0.749 
176    (0)   :  0.023 0.034 0.031 0.053 0.126 0.734 
177    (0)   :  0.025 0.012 0.096 0.060 0.249 0.559 
178    (0)   :  0.056 0.012 0.037 0.058 0.150 0.688 
179    (0)   :  0.026 0.008 0.027 0.054 0.086 0.798 
180    (0)   :  0.057 0.018 0.057 0.088 0.157 0.623 
181    (0)   :  0.035 0.020 0.047 0.129 0.103 0.666 
182    (0)   :  0.024 0.015 0.027 0.106 0.088 0.740 
183    (0)   :  0.030 0.010 0.028 0.065 0.086 0.781 
184    (0)   :  0.185 0.018 0.031 0.423 0.225 0.117 
185    (0)   :  0.022 0.017 0.028 0.193 0.070 0.670 
186    (0)   :  0.058 0.011 0.031 0.234 0.544 0.122 
187    (0)   :  0.066 0.011 0.032 0.348 0.195 0.348 
188    (0)   :  0.057 0.014 0.027 0.324 0.492 0.087 
189    (0)   :  0.117 0.011 0.148 0.229 0.163 0.333 
190    (0)   :  0.017 0.014 0.023 0.650 0.076 0.219 
191    (0)   :  0.051 0.026 0.030 0.457 0.261 0.174 
192    (0)   :  0.053 0.013 0.036 0.209 0.323 0.367 
193    (0)   :  0.066 0.026 0.046 0.324 0.228 0.309 
194    (0)   :  0.039 0.013 0.042 0.268 0.265 0.373 
195    (0)   :  0.026 0.011 0.025 0.411 0.095 0.432 
196    (0)   :  0.022 0.014 0.027 0.625 0.115 0.196 
197    (0)   :  0.189 0.015 0.034 0.254 0.284 0.223 
198    (0)   :  0.051 0.012 0.082 0.224 0.374 0.256 
199    (0)   :  0.029 0.016 0.037 0.580 0.121 0.216 
200    (0)   :  0.043 0.027 0.051 0.571 0.138 0.171 
201    (0)   :  0.036 0.011 0.025 0.271 0.118 0.538 
202    (0)   :  0.023 0.014 0.026 0.238 0.115 0.583 
203    (0)   :  0.032 0.019 0.023 0.311 0.110 0.505 
204    (0)   :  0.024 0.013 0.024 0.628 0.108 0.204 
205    (0)   :  0.035 0.012 0.035 0.632 0.141 0.144 
206    (0)   :  0.037 0.013 0.024 0.540 0.121 0.264 
207    (0)   :  0.028 0.021 0.024 0.639 0.155 0.133 
208    (0)   :  0.027 0.013 0.025 0.514 0.119 0.301 
209    (0)   :  0.052 0.026 0.032 0.441 0.229 0.219 
210    (0)   :  0.027 0.014 0.027 0.514 0.167 0.251 
211    (0)   :  0.031 0.057 0.023 0.490 0.147 0.252 
212    (0)   :  0.040 0.013 0.036 0.174 0.116 0.621 
213    (0)   :  0.022 0.014 0.058 0.428 0.268 0.210 
214    (0)   :  0.034 0.018 0.025 0.258 0.107 0.557 
215    (0)   :  0.033 0.016 0.030 0.667 0.148 0.105 
216    (0)   :  0.177 0.018 0.037 0.341 0.257 0.170 
217    (0)   :  0.044 0.012 0.030 0.394 0.097 0.423 
218    (0)   :  0.039 0.014 0.037 0.528 0.189 0.193 
219    (0)   :  0.216 0.011 0.045 0.207 0.184 0.337 
220    (0)   :  0.029 0.015 0.024 0.639 0.150 0.143 
221    (0)   :  0.022 0.013 0.025 0.212 0.075 0.653 
222    (0)   :  0.229 0.012 0.039 0.218 0.265 0.237 
223    (0)   :  0.077 0.011 0.044 0.247 0.180 0.440 
224    (0)   :  0.038 0.015 0.024 0.308 0.137 0.478 
225    (0)   :  0.034 0.014 0.031 0.578 0.136 0.207 
226    (0)   :  0.086 0.017 0.094 0.465 0.138 0.199 
227    (0)   :  0.028 0.012 0.026 0.499 0.132 0.304 
228    (0)   :  0.023 0.015 0.025 0.514 0.080 0.343 
229    (0)   :  0.048 0.015 0.025 0.259 0.185 0.469 
230    (0)   :  0.036 0.020 0.024 0.399 0.155 0.366 
231    (0)   :  0.070 0.021 0.032 0.251 0.189 0.438 
232    (0)   :  0.031 0.017 0.074 0.274 0.212 0.392 
233    (0)   :  0.038 0.017 0.025 0.196 0.110 0.614 
234    (0)   :  0.073 0.017 0.044 0.217 0.331 0.318 
235    (0)   :  0.057 0.012 0.045 0.399 0.142 0.346 
236    (0)   :  0.059 0.020 0.034 0.280 0.151 0.456 
237    (0)   :  0.034 0.031 0.031 0.548 0.173 0.183 
238    (0)   :  0.032 0.014 0.030 0.210 0.161 0.552 
239    (0)   :  0.026 0.011 0.025 0.416 0.095 0.427 
240    (0)   :  0.033 0.015 0.030 0.210 0.161 0.551 
241    (0)   :  0.029 0.013 0.033 0.212 0.111 0.601 
242    (0)   :  0.070 0.013 0.060 0.416 0.181 0.260 
243    (0)   :  0.021 0.017 0.022 0.650 0.087 0.203 
244    (0)   :  0.033 0.021 0.024 0.351 0.117 0.454 
245    (0)   :  0.021 0.009 0.030 0.136 0.109 0.694 
246    (0)   :  0.043 0.012 0.029 0.393 0.097 0.426 
247    (0)   :  0.032 0.012 0.057 0.298 0.499 0.102 
248    (0)   :  0.036 0.021 0.030 0.612 0.200 0.102 
249    (0)   :  0.038 0.018 0.025 0.330 0.142 0.446 
250    (0)   :  0.064 0.019 0.030 0.315 0.199 0.372 
251    (0)   :  0.086 0.025 0.087 0.439 0.204 0.159 
252    (0)   :  0.048 0.010 0.035 0.420 0.159 0.328 
253    (0)   :  0.042 0.013 0.065 0.458 0.266 0.157 
254    (0)   :  0.174 0.013 0.031 0.313 0.227 0.244 
255    (0)   :  0.072 0.017 0.035 0.277 0.276 0.323 
256    (0)   :  0.037 0.015 0.031 0.420 0.126 0.371 
257    (0)   :  0.041 0.018 0.035 0.464 0.185 0.258 
258    (0)   :  0.033 0.018 0.046 0.472 0.263 0.168 
259    (0)   :  0.056 0.019 0.030 0.416 0.203 0.277 
260    (0)   :  0.190 0.013 0.030 0.136 0.214 0.416 
261    (0)   :  0.040 0.010 0.037 0.374 0.123 0.416 
262    (0)   :  0.024 0.012 0.027 0.538 0.077 0.323 
263    (0)   :  0.080 0.020 0.023 0.539 0.184 0.153 
264    (0)   :  0.395 0.017 0.052 0.242 0.214 0.081 
265    (0)   :  0.069 0.012 0.040 0.469 0.154 0.256 
266    (0)   :  0.022 0.012 0.026 0.218 0.078 0.644 
267    (0)   :  0.063 0.029 0.032 0.283 0.229 0.364 
268    (0)   :  0.022 0.015 0.027 0.622 0.115 0.198 
269    (0)   :  0.157 0.014 0.076 0.270 0.185 0.297 
270    (0)   :  0.103 0.020 0.036 0.327 0.322 0.193 
271    (0)   :  0.038 0.017 0.039 0.580 0.177 0.149 
272    (0)   :  0.051 0.019 0.074 0.581 0.128 0.147 
273    (0)   :  0.084 0.039 0.078 0.281 0.213 0.305 
274    (0)   :  0.067 0.015 0.052 0.495 0.179 0.192 
275    (0)   :  0.103 0.028 0.050 0.460 0.133 0.226 
276    (0)   :  0.045 0.023 0.063 0.588 0.141 0.141 
277    (0)   :  0.084 0.012 0.045 0.270 0.197 0.393 
278    (0)   :  0.030 0.016 0.029 0.684 0.119 0.122 
279    (0)   :  0.063 0.016 0.042 0.417 0.175 0.287 
280    (0)   :  0.087 0.015 0.063 0.463 0.139 0.233 
281    (0)   :  0.039 0.014 0.048 0.420 0.259 0.220 
282    (0)   :  0.075 0.014 0.036 0.169 0.165 0.541 
283    (0)   :  0.044 0.012 0.026 0.182 0.155 0.582 
284    (0)   :  0.040 0.022 0.039 0.281 0.254 0.364 
285    (0)   :  0.032 0.020 0.039 0.657 0.181 0.072 
286    (0)   :  0.032 0.021 0.024 0.350 0.117 0.455 
287    (0)   :  0.069 0.010 0.068 0.318 0.245 0.289 
288    (0)   :  0.061 0.016 0.055 0.588 0.139 0.142 
289    (0)   :  0.057 0.018 0.049 0.522 0.217 0.138 
290    (0)   :  0.114 0.041 0.069 0.467 0.123 0.187 
291    (0)   :  0.037 0.017 0.041 0.579 0.176 0.149 
292    (0)   :  0.053 0.012 0.069 0.494 0.113 0.258 
293    (0)   :  0.128 0.046 0.110 0.388 0.195 0.133 
294    (0)   :  0.079 0.015 0.026 0.585 0.175 0.119 
295    (0)   :  0.059 0.032 0.090 0.442 0.175 0.202 
296    (0)   :  0.027 0.015 0.031 0.619 0.167 0.140 
297    (0)   :  0.113 0.014 0.060 0.445 0.185 0.182 
298    (0)   :  0.083 0.013 0.034 0.185 0.231 0.455 
299    (0)   :  0.132 0.014 0.025 0.378 0.261 0.191 
300    (0)   :  0.032 0.020 0.033 0.652 0.146 0.118 
301    (0)   :  0.232 0.020 0.038 0.341 0.198 0.171 
302    (0)   :  0.067 0.021 0.028 0.597 0.155 0.132 
303    (0)   :  0.043 0.019 0.039 0.298 0.143 0.459 
304    (0)   :  0.155 0.017 0.031 0.085 0.261 0.451 
305    (0)   :  0.027 0.014 0.031 0.521 0.095 0.312 
306    (0)   :  0.063 0.012 0.041 0.311 0.114 0.459 
307    (0)   :  0.073 0.019 0.043 0.290 0.192 0.384 
308    (0)   :  0.040 0.010 0.037 0.373 0.123 0.417 
309    (0)   :  0.036 0.043 0.033 0.568 0.187 0.133 
310    (0)   :  0.027 0.016 0.024 0.523 0.100 0.310 
311    (0)   :  0.036 0.021 0.024 0.398 0.155 0.367 
312    (0)   :  0.022 0.015 0.025 0.618 0.180 0.141 
313    (0)   :  0.025 0.014 0.027 0.716 0.124 0.095 
314    (0)   :  0.022 0.011 0.033 0.073 0.074 0.787 
315    (0)   :  0.027 0.009 0.055 0.086 0.093 0.730 
316    (0)   :  0.036 0.010 0.066 0.069 0.105 0.714 
317    (0)   :  0.023 0.011 0.031 0.048 0.077 0.809 
318    (0)   :  0.026 0.010 0.034 0.039 0.078 0.814 
319    (0)   :  0.024 0.010 0.027 0.056 0.078 0.804 
320    (0)   :  0.022 0.011 0.034 0.072 0.073 0.788 
321    (0)   :  0.025 0.011 0.035 0.043 0.080 0.806 
322    (0)   :  0.033 0.012 0.061 0.094 0.102 0.699 
323    (0)   :  0.035 0.009 0.028 0.043 0.079 0.807 
324    (0)   :  0.026 0.011 0.034 0.043 0.080 0.806 
325    (0)   :  0.030 0.010 0.066 0.056 0.099 0.739 
326    (0)   :  0.037 0.014 0.078 0.057 0.098 0.716 
327    (0)   :  0.024 0.011 0.032 0.048 0.077 0.808 
328    (0)   :  0.028 0.010 0.055 0.073 0.104 0.730 
329    (0)   :  0.024 0.009 0.028 0.040 0.077 0.822 
330    (0)   :  0.023 0.011 0.031 0.049 0.077 0.808 
331    (0)   :  0.024 0.009 0.028 0.043 0.080 0.817 
332    (0)   :  0.048 0.011 0.069 0.053 0.099 0.720 
333    (0)   :  0.035 0.011 0.061 0.066 0.100 0.726 
334    (0)   :  0.029 0.010 0.054 0.074 0.103 0.729 
335    (0)   :  0.027 0.010 0.050 0.075 0.096 0.743 
336    (0)   :  0.035 0.011 0.036 0.054 0.075 0.789 
337    (0)   :  0.031 0.012 0.070 0.063 0.102 0.723 
338    (0)   :  0.027 0.010 0.034 0.039 0.079 0.811 
339    (0)   :  0.024 0.008 0.028 0.043 0.079 0.817 
340    (0)   :  0.022 0.009 0.026 0.047 0.077 0.819 
341    (0)   :  0.031 0.012 0.031 0.047 0.080 0.799 
342    (0)   :  0.024 0.011 0.031 0.048 0.076 0.810 
343    (0)   :  0.040 0.010 0.056 0.104 0.093 0.697 
344    (0)   :  0.024 0.009 0.028 0.040 0.078 0.820 
345    (0)   :  0.023 0.011 0.032 0.048 0.077 0.809 
346    (0)   :  0.023 0.010 0.031 0.043 0.076 0.816 
347    (0)   :  0.023 0.009 0.026 0.044 0.077 0.822 
348    (0)   :  0.025 0.010 0.049 0.127 0.090 0.699 
349    (0)   :  0.024 0.011 0.031 0.048 0.077 0.809 
350    (0)   :  0.025 0.009 0.029 0.065 0.076 0.795 
351    (0)   :  0.027 0.009 0.049 0.074 0.097 0.744 
352    (0)   :  0.027 0.011 0.063 0.072 0.097 0.730 
353    (0)   :  0.034 0.011 0.036 0.055 0.076 0.788 
354    (0)   :  0.026 0.010 0.030 0.040 0.080 0.814 
355    (0)   :  0.026 0.010 0.033 0.039 0.078 0.813 
356    (0)   :  0.024 0.010 0.049 0.130 0.090 0.697 
357    (0)   :  0.067 0.012 0.133 0.070 0.204 0.514 
358    (0)   :  0.031 0.010 0.056 0.055 0.101 0.747 
359    (0)   :  0.025 0.009 0.029 0.042 0.080 0.814 
360    (0)   :  0.023 0.010 0.031 0.043 0.076 0.817 
361    (0)   :  0.064 0.015 0.142 0.089 0.212 0.479 
362    (0)   :  0.040 0.015 0.198 0.191 0.416 0.140 
363    (0)   :  0.093 0.019 0.115 0.116 0.564 0.093 
364    (0)   :  0.274 0.026 0.046 0.096 0.226 0.332 
365    (0)   :  0.252 0.071 0.197 0.095 0.277 0.108 
366    (0)   :  0.159 0.032 0.099 0.344 0.177 0.189 
367    (0)   :  0.033 0.013 0.124 0.050 0.716 0.065 
368    (0)   :  0.040 0.014 0.049 0.079 0.701 0.118 
369    (0)   :  0.098 0.031 0.057 0.206 0.245 0.362 
370    (0)   :  0.070 0.036 0.056 0.161 0.538 0.140 
371    (0)   :  0.196 0.039 0.050 0.181 0.336 0.199 
372    (0)   :  0.077 0.089 0.056 0.216 0.380 0.181 
373    (0)   :  0.063 0.022 0.062 0.089 0.546 0.217 
374    (0)   :  0.062 0.055 0.145 0.093 0.297 0.348 
375    (0)   :  0.178 0.023 0.059 0.062 0.596 0.083 
376    (0)   :  0.325 0.013 0.295 0.046 0.242 0.079 
377    (0)   :  0.058 0.024 0.188 0.154 0.441 0.134 
378    (0)   :  0.021 0.017 0.061 0.080 0.556 0.264 
379    (0)   :  0.413 0.020 0.212 0.059 0.229 0.067 
380    (0)   :  0.106 0.019 0.388 0.118 0.128 0.241 
381    (0)   :  0.352 0.017 0.176 0.143 0.109 0.204 
382    (0)   :  0.097 0.015 0.070 0.052 0.671 0.095 
383    (0)   :  0.209 0.025 0.355 0.075 0.128 0.208 
384    (0)   :  0.463 0.035 0.071 0.060 0.226 0.145 
385    (0)   :  0.069 0.403 0.049 0.050 0.179 0.250 
386    (0)   :  0.043 0.013 0.154 0.072 0.627 0.090 
387    (0)   :  0.068 0.019 0.121 0.071 0.611 0.111 
388    (0)   :  0.110 0.064 0.095 0.066 0.356 0.308 
389    (0)   :  0.069 0.180 0.038 0.394 0.219 0.100 
390    (0)   :  0.054 0.031 0.330 0.149 0.354 0.083 
391    (0)   :  0.068 0.174 0.071 0.180 0.350 0.156 
392    (0)   :  0.129 0.013 0.251 0.099 0.312 0.196 
393    (0)   :  0.058 0.013 0.589 0.074 0.111 0.154 
394    (0)   :  0.031 0.010 0.129 0.085 0.425 0.320 
395    (0)   :  0.029 0.013 0.259 0.297 0.295 0.106 
396    (0)   :  0.079 0.013 0.049 0.065 0.725 0.070 
397    (0)   :  0.377 0.011 0.031 0.195 0.164 0.223 
398    (0)   :  0.068 0.010 0.495 0.055 0.301 0.072 
399    (0)   :  0.031 0.028 0.118 0.151 0.575 0.099 
400    (0)   :  0.075 0.016 0.092 0.066 0.607 0.144 
401    (0)   :  0.022 0.018 0.101 0.134 0.576 0.149 
402    (0)   :  0.090 0.020 0.065 0.219 0.448 0.159 
403    (0)   :  0.068 0.047 0.076 0.096 0.244 0.469 
404    (0)   :  0.207 0.051 0.111 0.116 0.321 0.193 
405    (0)   :  0.075 0.015 0.163 0.183 0.393 0.171 
406    (0)   :  0.035 0.012 0.358 0.259 0.115 0.222 
407    (0)   :  0.059 0.014 0.501 0.063 0.291 0.073 
408    (0)   :  0.020 0.011 0.048 0.243 0.612 0.067 
409    (0)   :  0.028 0.023 0.299 0.116 0.137 0.397 
410    (0)   :  0.171 0.024 0.165 0.089 0.396 0.155 
411    (0)   :  0.255 0.013 0.111 0.135 0.277 0.209 
412    (0)   :  0.040 0.013 0.053 0.069 0.718 0.107 
413    (0)   :  0.028 0.010 0.062 0.079 0.570 0.251 
414    (0)   :  0.059 0.028 0.039 0.074 0.726 0.075 
415    (0)   :  0.113 0.017 0.340 0.165 0.261 0.104 
416    (0)   :  0.061 0.071 0.159 0.140 0.388 0.181 
417    (0)   :  0.049 0.012 0.403 0.071 0.376 0.089 
418    (0)   :  0.055 0.011 0.052 0.051 0.753 0.078 
419    (0)   :  0.058 0.064 0.135 0.112 0.332 0.298 
420    (0)   :  0.022 0.014 0.126 0.235 0.505 0.097 
421    (0)   :  0.035 0.013 0.212 0.083 0.553 0.103 
422    (0)   :  0.036 0.016 0.309 0.313 0.212 0.116 
423    (0)   :  0.227 0.015 0.169 0.150 0.315 0.124 
424    (0)   :  0.041 0.037 0.129 0.154 0.494 0.145 
425    (0)   :  0.246 0.120 0.065 0.087 0.310 0.171 
426    (0)   :  0.100 0.057 0.118 0.078 0.474 0.173 
427    (0)   :  0.026 0.011 0.488 0.050 0.241 0.184 
428    (0)   :  0.038 0.016 0.368 0.127 0.158 0.294 
429    (0)   :  0.088 0.011 0.313 0.051 0.471 0.066 
430    (0)   :  0.043 0.012 0.534 0.067 0.260 0.084 
431    (0)   :  0.079 0.026 0.068 0.129 0.547 0.151 
432    (0)   :  0.035 0.012 0.057 0.082 0.682 0.131 
433    (0)   :  0.059 0.015 0.041 0.138 0.323 0.425 
434    (0)   :  0.097 0.024 0.085 0.134 0.412 0.248 
435    (0)   :  0.029 0.009 0.581 0.057 0.256 0.069 
436    (0)   :  0.036 0.012 0.629 0.052 0.165 0.105 
437    (0)   :  0.432 0.010 0.131 0.069 0.276 0.082 
438    (0)   :  0.022 0.013 0.529 0.114 0.190 0.132 
439    (0)   :  0.030 0.010 0.699 0.041 0.134 0.086 
440    (0)   :  0.053 0.013 0.520 0.069 0.287 0.059 
441    (0)   :  0.039 0.014 0.456 0.061 0.249 0.181 
442    (0)   :  0.101 0.052 0.252 0.093 0.412 0.089 
443    (0)   :  0.030 0.019 0.231 0.174 0.475 0.071 
444    (0)   :  0.102 0.042 0.355 0.105 0.314 0.082 
445    (0)   :  0.080 0.013 0.482 0.084 0.125 0.216 
446    (0)   :  0.060 0.012 0.568 0.037 0.246 0.077 
447    (0)   :  0.045 0.047 0.417 0.099 0.231 0.161 
448    (0)   :  0.073 0.014 0.289 0.083 0.450 0.091 
449    (0)   :  0.101 0.016 0.256 0.098 0.383 0.148 
450    (0)   :  0.274 0.020 0.154 0.041 0.348 0.163 
451    (0)   :  0.040 0.012 0.063 0.087 0.738 0.061 
452    (0)   :  0.116 0.014 0.304 0.054 0.362 0.150 
453    (0)   :  0.029 0.028 0.136 0.373 0.290 0.144 
454    (0)   :  0.060 0.014 0.329 0.080 0.356 0.161 
455    (0)   :  0.027 0.011 0.669 0.057 0.167 0.070 
456    (0)   :  0.052 0.016 0.500 0.156 0.208 0.069 
457    (0)   :  0.142 0.011 0.491 0.060 0.208 0.087 
458    (0)   :  0.085 0.012 0.583 0.046 0.180 0.093 
459    (0)   :  0.029 0.013 0.472 0.048 0.256 0.181 
460    (0)   :  0.030 0.012 0.474 0.049 0.360 0.075 
461    (0)   :  0.045 0.013 0.149 0.037 0.675 0.081 
462    (0)   :  0.079 0.104 0.412 0.114 0.235 0.056 
463    (0)   :  0.028 0.012 0.423 0.279 0.142 0.117 
464    (0)   :  0.027 0.011 0.404 0.090 0.398 0.070 
465    (0)   :  0.035 0.015 0.258 0.086 0.511 0.096 
466    (0)   :  0.029 0.011 0.294 0.199 0.390 0.077 
467    (0)   :  0.040 0.016 0.467 0.108 0.241 0.128 
468    (0)   :  0.054 0.009 0.662 0.079 0.129 0.066 
469    (0)   :  0.025 0.009 0.746 0.037 0.111 0.071 
470    (0)   :  0.025 0.008 0.632 0.047 0.220 0.068 
471    (0)   :  0.072 0.041 0.120 0.322 0.357 0.089 
472    (0)   :  0.071 0.020 0.295 0.128 0.383 0.103 
473    (0)   :  0.076 0.013 0.242 0.126 0.396 0.147 
474    (0)   :  0.093 0.015 0.353 0.093 0.304 0.142 
475    (0)   :  0.037 0.014 0.180 0.081 0.523 0.165 
476    (0)   :  0.174 0.012 0.442 0.062 0.222 0.088 
477    (0)   :  0.039 0.026 0.196 0.081 0.517 0.141 
478    (0)   :  0.028 0.026 0.140 0.047 0.686 0.073 
479    (0)   :  0.052 0.012 0.410 0.051 0.403 0.072 
480    (0)   :  0.113 0.010 0.559 0.050 0.187 0.082 
481    (0)   :  0.135 0.045 0.112 0.195 0.418 0.095 
482    (0)   :  0.071 0.010 0.500 0.043 0.305 0.071 
483    (0)   :  0.032 0.011 0.645 0.043 0.180 0.088 
484    (0)   :  0.026 0.017 0.568 0.150 0.154 0.084 
485    (0)   :  0.027 0.010 0.691 0.047 0.154 0.070 
486    (0)   :  0.088 0.063 0.047 0.337 0.337 0.128 
487    (0)   :  0.182 0.047 0.049 0.147 0.296 0.279 
488    (0)   :  0.084 0.104 0.043 0.156 0.410 0.203 
489    (0)   :  0.236 0.032 0.033 0.231 0.196 0.272 
490    (0)   :  0.058 0.023 0.064 0.178 0.599 0.079 
491    (0)   :  0.071 0.127 0.042 0.231 0.233 0.296 
492    (0)   :  0.040 0.055 0.043 0.164 0.324 0.374 
493    (0)   :  0.217 0.118 0.030 0.227 0.261 0.146 
494    (0)   :  0.224 0.062 0.050 0.219 0.228 0.217 
495    (0)   :  0.089 0.138 0.044 0.114 0.358 0.257 
496    (0)   :  0.043 0.012 0.062 0.177 0.223 0.483 
497    (0)   :  0.113 0.231 0.036 0.113 0.210 0.297 
498    (0)   :  0.061 0.182 0.047 0.169 0.397 0.145 
499    (0)   :  0.158 0.029 0.038 0.157 0.184 0.435 
500    (0)   :  0.431 0.020 0.040 0.193 0.179 0.137 
501    (0)   :  0.180 0.022 0.049 0.102 0.309 0.338 
502    (0)   :  0.064 0.055 0.053 0.064 0.389 0.375 
503    (0)   :  0.276 0.016 0.103 0.130 0.359 0.115 
504    (0)   :  0.035 0.085 0.049 0.129 0.578 0.123 
505    (0)   :  0.073 0.034 0.039 0.477 0.186 0.191 
506    (0)   :  0.052 0.074 0.045 0.118 0.377 0.335 
507    (0)   :  0.032 0.010 0.033 0.157 0.094 0.675 
508    (0)   :  0.044 0.023 0.026 0.185 0.123 0.600 
509    (0)   :  0.054 0.024 0.045 0.346 0.195 0.336 
510    (0)   :  0.347 0.018 0.031 0.097 0.178 0.328 
511    (0)   :  0.147 0.049 0.109 0.216 0.357 0.123 
512    (0)   :  0.250 0.033 0.071 0.089 0.471 0.086 
513    (0)   :  0.020 0.598 0.021 0.136 0.113 0.112 
514    (0)   :  0.035 0.016 0.045 0.103 0.638 0.163 
515    (0)   :  0.093 0.024 0.260 0.174 0.184 0.265 
516    (0)   :  0.033 0.017 0.045 0.244 0.511 0.149 
517    (0)   :  0.035 0.012 0.137 0.231 0.315 0.270 
518    (0)   :  0.343 0.014 0.034 0.117 0.178 0.313 
519    (0)   :  0.029 0.021 0.054 0.091 0.630 0.174 
520    (0)   :  0.041 0.012 0.199 0.253 0.122 0.374 
521    (0)   :  0.030 0.014 0.042 0.152 0.329 0.432 
522    (0)   :  0.295 0.015 0.090 0.273 0.220 0.106 
523    (0)   :  0.028 0.011 0.085 0.324 0.242 0.310 
524    (0)   :  0.043 0.011 0.307 0.198 0.245 0.196 
525    (0)   :  0.222 0.012 0.103 0.155 0.153 0.355 
526    (0)   :  0.027 0.010 0.402 0.287 0.117 0.156 
527    (0)   :  0.353 0.029 0.041 0.077 0.383 0.117 
528    (0)   :  0.035 0.012 0.031 0.194 0.174 0.554 
529    (0)   :  0.127 0.026 0.050 0.196 0.348 0.253 
530    (0)   :  0.209 0.032 0.101 0.225 0.250 0.182 
531    (0)   :  0.054 0.018 0.117 0.113 0.217 0.481 
532    (0)   :  0.184 0.017 0.031 0.160 0.268 0.339 
533    (0)   :  0.253 0.015 0.079 0.296 0.206 0.152 
534    (0)   :  0.084 0.036 0.032 0.448 0.195 0.205 
535    (0)   :  0.030 0.013 0.132 0.305 0.362 0.158 
536    (0)   :  0.056 0.026 0.227 0.173 0.207 0.310 
537    (0)   :  0.045 0.032 0.055 0.262 0.160 0.446 
538    (0)   :  0.041 0.014 0.055 0.419 0.179 0.291 
539    (0)   :  0.040 0.014 0.027 0.162 0.111 0.647 
540    (0)   :  0.050 0.017 0.073 0.369 0.173 0.318 
541    (0)   :  0.052 0.029 0.104 0.120 0.158 0.538 
542    (0)   :  0.037 0.033 0.274 0.412 0.125 0.119 
543    (0)   :  0.025 0.035 0.097 0.322 0.259 0.262 
544    (0)   :  0.033 0.018 0.087 0.514 0.173 0.174 
545    (0)   :  0.028 0.025 0.314 0.374 0.170 0.088 
546    (0)   :  0.038 0.055 0.088 0.413 0.156 0.250 
547    (0)   :  0.024 0.022 0.113 0.395 0.155 0.290 
548    (0)   :  0.064 0.019 0.031 0.315 0.199 0.370 
549    (0)   :  0.029 0.017 0.241 0.084 0.106 0.522 
550    (0)   :  0.032 0.025 0.213 0.362 0.234 0.134 
551    (0)   :  0.034 0.015 0.080 0.077 0.147 0.647 
552    (0)   :  0.049 0.013 0.043 0.489 0.128 0.278 
553    (0)   :  0.024 0.033 0.057 0.498 0.147 0.241 
554    (0)   :  0.123 0.025 0.082 0.188 0.320 0.262 
555    (0)   :  0.045 0.059 0.044 0.255 0.164 0.434 
556    (0)   :  0.038 0.017 0.051 0.425 0.198 0.271 
557    (0)   :  0.030 0.020 0.400 0.119 0.212 0.218 
558    (0)   :  0.057 0.010 0.565 0.037 0.260 0.071 
559    (0)   :  0.040 0.013 0.047 0.213 0.560 0.126 
560    (0)   :  0.025 0.020 0.265 0.060 0.573 0.057 
561    (0)   :  0.042 0.022 0.142 0.109 0.605 0.079 
562    (0)   :  0.063 0.023 0.078 0.178 0.600 0.058 
563    (0)   :  0.030 0.034 0.111 0.068 0.467 0.290 
564    (0)   :  0.062 0.016 0.044 0.377 0.372 0.130 
565    (0)   :  0.056 0.011 0.583 0.048 0.214 0.088 
566    (0)   :  0.043 0.012 0.104 0.063 0.718 0.059 
567    (0)   :  0.065 0.021 0.037 0.302 0.486 0.089 
568    (0)   :  0.030 0.010 0.121 0.154 0.567 0.118 
569    (0)   :  0.105 0.014 0.090 0.189 0.484 0.118 
570    (0)   :  0.324 0.010 0.144 0.050 0.409 0.063 
571    (0)   :  0.026 0.011 0.069 0.076 0.728 0.090 
572    (0)   :  0.044 0.024 0.094 0.432 0.180 0.227 
573    (0)   :  0.040 0.013 0.150 0.265 0.396 0.134 
574    (0)   :  0.201 0.017 0.102 0.097 0.334 0.249 
575    (0)   :  0.032 0.013 0.084 0.092 0.564 0.216 
576    (0)   :  0.042 0.023 0.082 0.048 0.745 0.060 
577    (0)   :  0.140 0.016 0.081 0.082 0.448 0.233 
578    (0)   :  0.040 0.021 0.126 0.084 0.633 0.097 
579    (0)   :  0.044 0.046 0.127 0.115 0.574 0.094 
580    (0)   :  0.082 0.014 0.241 0.072 0.437 0.153 
581    (0)   :  0.046 0.013 0.237 0.061 0.526 0.116 
582    (0)   :  0.079 0.011 0.400 0.081 0.362 0.066 
583    (0)   :  0.106 0.014 0.060 0.068 0.660 0.092 
584    (0)   :  0.050 0.012 0.077 0.049 0.739 0.072 
585    (0)   :  0.046 0.026 0.135 0.071 0.640 0.083 
586    (0)   :  0.026 0.013 0.055 0.121 0.670 0.115 
587    (0)   :  0.212 0.018 0.097 0.187 0.417 0.068 
588    (0)   :  0.024 0.019 0.027 0.712 0.129 0.089 
589    (0)   :  0.113 0.014 0.241 0.169 0.388 0.075 
590    (0)   :  0.053 0.021 0.035 0.112 0.692 0.087 
591    (0)   :  0.026 0.011 0.055 0.066 0.742 0.100 
592    (0)   :  0.038 0.013 0.086 0.273 0.513 0.077 
593    (0)   :  0.036 0.011 0.132 0.121 0.554 0.145 
594    (0)   :  0.063 0.022 0.061 0.086 0.559 0.209 
595    (0)   :  0.300 0.105 0.042 0.076 0.410 0.068 
596    (0)   :  0.058 0.019 0.104 0.411 0.287 0.120 
597    (0)   :  0.025 0.014 0.053 0.110 0.532 0.266 
598    (0)   :  0.323 0.009 0.237 0.044 0.318 0.069 
599    (0)   :  0.047 0.009 0.060 0.118 0.703 0.063 
600    (0)   :  0.065 0.018 0.297 0.110 0.333 0.177 
601    (0)   :  0.038 0.014 0.174 0.102 0.603 0.068 
602    (0)   :  0.056 0.026 0.057 0.154 0.411 0.296 
603    (0)   :  0.047 0.019 0.047 0.147 0.483 0.257 
604    (0)   :  0.099 0.047 0.362 0.093 0.200 0.199 
605    (0)   :  0.042 0.020 0.126 0.157 0.538 0.117 
606    (0)   :  0.108 0.019 0.081 0.236 0.288 0.268 
607    (0)   :  0.085 0.020 0.114 0.094 0.320 0.368 
608    (0)   :  0.030 0.011 0.122 0.068 0.250 0.519 
609    (0)   :  0.093 0.021 0.194 0.098 0.433 0.161 
610    (0)   :  0.046 0.018 0.476 0.146 0.200 0.115 
611    (0)   :  0.046 0.016 0.072 0.196 0.416 0.253 
612    (0)   :  0.088 0.014 0.571 0.063 0.167 0.097 
613    (0)   :  0.217 0.020 0.110 0.195 0.309 0.149 
614    (0)   :  0.482 0.026 0.160 0.086 0.161 0.085 
615    (0)   :  0.176 0.015 0.349 0.103 0.182 0.175 
616    (0)   :  0.112 0.015 0.063 0.093 0.457 0.259 
617    (0)   :  0.256 0.123 0.096 0.148 0.284 0.092 
618    (0)   :  0.064 0.042 0.367 0.102 0.141 0.283 
619    (0)   :  0.040 0.010 0.138 0.220 0.395 0.196 
620    (0)   :  0.027 0.014 0.066 0.318 0.514 0.060 
621    (0)   :  0.057 0.013 0.091 0.048 0.696 0.095 
622    (0)   :  0.175 0.149 0.130 0.205 0.183 0.158 
623    (0)   :  0.049 0.014 0.070 0.149 0.618 0.101 
624    (0)   :  0.049 0.013 0.398 0.068 0.193 0.278 
625    (0)   :  0.263 0.054 0.104 0.069 0.277 0.233 
626    (0)   :  0.053 0.012 0.242 0.154 0.097 0.443 
627    (0)   :  0.061 0.020 0.092 0.156 0.530 0.141 
628    (0)   :  0.063 0.046 0.056 0.232 0.461 0.142 
629    (0)   :  0.168 0.024 0.052 0.112 0.469 0.176 
630    (0)   :  0.128 0.025 0.217 0.094 0.395 0.141 
631    (0)   :  0.152 0.017 0.109 0.114 0.444 0.163 
632    (0)   :  0.080 0.029 0.062 0.274 0.182 0.373 
633    (0)   :  0.077 0.035 0.245 0.090 0.310 0.243 
634    (0)   :  0.065 0.014 0.100 0.208 0.320 0.294 
635    (0)   :  0.083 0.013 0.084 0.103 0.183 0.533 
636    (0)   :  0.086 0.015 0.148 0.088 0.344 0.320 
637    (0)   :  0.064 0.029 0.106 0.385 0.224 0.192 
638    (0)   :  0.101 0.015 0.064 0.109 0.470 0.241 
639    (0)   :  0.158 0.038 0.177 0.117 0.281 0.229 
640    (0)   :  0.042 0.038 0.071 0.053 0.671 0.125 
641    (0)   :  0.212 0.021 0.057 0.136 0.397 0.177 
642    (0)   :  0.029 0.015 0.075 0.133 0.179 0.570 
643    (0)   :  0.025 0.012 0.053 0.058 0.142 0.710 
644    (0)   :  0.029 0.015 0.050 0.091 0.217 0.598 
645    (0)   :  0.039 0.021 0.255 0.077 0.084 0.524 
646    (0)   :  0.032 0.048 0.081 0.217 0.370 0.250 
647    (0)   :  0.031 0.055 0.066 0.095 0.255 0.498 
648    (0)   :  0.204 0.047 0.041 0.309 0.119 0.281 
649    (0)   :  0.030 0.014 0.043 0.430 0.230 0.252 
650    (0)   :  0.027 0.017 0.048 0.221 0.388 0.298 
651    (0)   :  0.051 0.067 0.035 0.102 0.284 0.460 
652    (0)   :  0.028 0.012 0.048 0.099 0.210 0.604 
653    (0)   :  0.110 0.045 0.064 0.171 0.125 0.484 
654    (0)   :  0.037 0.055 0.055 0.181 0.147 0.526 
655    (0)   :  0.021 0.011 0.060 0.075 0.319 0.515 
656    (0)   :  0.053 0.055 0.071 0.301 0.164 0.356 
657    (0)   :  0.159 0.017 0.113 0.094 0.280 0.337 
658    (0)   :  0.035 0.012 0.101 0.141 0.396 0.316 
659    (0)   :  0.060 0.025 0.059 0.180 0.166 0.509 
660    (0)   :  0.038 0.012 0.035 0.179 0.156 0.580 
661    (0)   :  0.033 0.016 0.075 0.231 0.126 0.518 
662    (0)   :  0.024 0.018 0.039 0.533 0.205 0.181 
663    (0)   :  0.046 0.011 0.041 0.175 0.210 0.516 
664    (0)   :  0.024 0.018 0.202 0.088 0.329 0.340 
665    (0)   :  0.030 0.013 0.035 0.491 0.206 0.225 
666    (0)   :  0.029 0.012 0.061 0.183 0.189 0.527 
667    (0)   :  0.039 0.199 0.066 0.142 0.340 0.213 
668    (0)   :  0.030 0.015 0.080 0.150 0.246 0.480 
669    (0)   :  0.097 0.018 0.042 0.286 0.198 0.359 
670    (0)   :  0.025 0.009 0.030 0.082 0.096 0.758 
671    (0)   :  0.024 0.011 0.039 0.123 0.150 0.653 
672    (0)   :  0.022 0.009 0.077 0.072 0.180 0.640 
673    (0)   :  0.035 0.009 0.029 0.043 0.080 0.804 
674    (0)   :  0.041 0.014 0.044 0.092 0.117 0.693 
675    (0)   :  0.024 0.033 0.031 0.053 0.126 0.733 
676    (0)   :  0.025 0.009 0.029 0.044 0.079 0.814 
677    (0)   :  0.022 0.010 0.029 0.205 0.082 0.651 
678    (0)   :  0.036 0.010 0.030 0.040 0.087 0.796 
679    (0)   :  0.044 0.012 0.041 0.047 0.120 0.736 
680    (0)   :  0.032 0.018 0.049 0.062 0.091 0.749 
681    (0)   :  0.066 0.033 0.111 0.292 0.141 0.357 
682    (0)   :  0.029 0.012 0.051 0.053 0.089 0.766 
683    (0)   :  0.024 0.009 0.029 0.078 0.086 0.774 
684    (0)   :  0.035 0.010 0.029 0.045 0.087 0.794 
685    (0)   :  0.022 0.010 0.027 0.049 0.076 0.816 
686    (0)   :  0.027 0.012 0.050 0.157 0.103 0.651 
687    (0)   :  0.024 0.010 0.034 0.157 0.143 0.633 
688    (0)   :  0.023 0.011 0.036 0.058 0.119 0.753 
689    (0)   :  0.024 0.009 0.028 0.047 0.075 0.816 
690    (0)   :  0.024 0.010 0.029 0.044 0.079 0.814 
691    (0)   :  0.040 0.014 0.038 0.063 0.112 0.733 
692    (0)   :  0.039 0.011 0.035 0.050 0.118 0.747 
693    (0)   :  0.023 0.013 0.056 0.046 0.130 0.733 
694    (0)   :  0.020 0.008 0.026 0.051 0.072 0.822 
695    (0)   :  0.027 0.010 0.049 0.077 0.092 0.745 
696    (0)   :  0.023 0.010 0.036 0.059 0.118 0.752 
697    (0)   :  0.026 0.010 0.030 0.062 0.077 0.794 
698    (0)   :  0.024 0.009 0.029 0.048 0.081 0.809 
699    (0)   :  0.024 0.010 0.048 0.162 0.087 0.669 
700    (0)   :  0.023 0.019 0.131 0.090 0.091 0.647 
701    (0)   :  0.091 0.011 0.060 0.082 0.112 0.644 
702    (0)   :  0.025 0.013 0.073 0.098 0.129 0.662 
703    (0)   :  0.028 0.011 0.053 0.060 0.093 0.756 
704    (0)   :  0.021 0.010 0.036 0.079 0.110 0.744 
705    (0)   :  0.044 0.025 0.099 0.277 0.119 0.436 
706    (0)   :  0.028 0.012 0.047 0.071 0.086 0.756 
707    (0)   :  0.036 0.010 0.030 0.078 0.077 0.769 
708    (0)   :  0.024 0.014 0.029 0.058 0.080 0.795 
709    (0)   :  0.021 0.013 0.044 0.076 0.077 0.770 
710    (0)   :  0.022 0.009 0.027 0.048 0.074 0.819 
711    (0)   :  0.027 0.012 0.048 0.127 0.085 0.702 
712    (0)   :  0.020 0.014 0.028 0.132 0.073 0.733 
713    (0)   :  0.021 0.010 0.033 0.066 0.115 0.754 
714    (0)   :  0.045 0.024 0.042 0.065 0.119 0.704 
715    (0)   :  0.021 0.010 0.028 0.088 0.072 0.781 
