

----------------------------------------------------
STRUCTURE by Pritchard, Stephens and Donnelly (2000)
     and Falush, Stephens and Pritchard (2003)
       Code by Pritchard, Falush and Hubisz
             Version 2.3.4 (Jul 2012)
----------------------------------------------------



Command line arguments:   ./structure -K 4 -D 104009 -m brooktrout/mainparams -e brooktrout/extraparams -o brooktrout/250914_output/results_K4_rep9 
Input File:    brooktrout/brooktrout.txt

Run parameters:
   8454 individuals
   5 loci
   4 populations assumed
   50000 Burn-in period
   100000 Reps
RANDOMIZE turned off


--------------------------------------------
Overall proportion of membership of the
sample in each of the 4 clusters

Inferred Clusters
  1      2      3      4    
0.107  0.212  0.226  0.455  

--------------------------------------------

Allele-freq. divergence among pops (Net nucleotide distance),
computed using point estimates of P.

      1       2       3       4      
 1      -    0.0777  0.0847  0.0545  
 2   0.0777     -    0.1111  0.0766  
 3   0.0847  0.1111     -    0.0332  
 4   0.0545  0.0766  0.0332     -    

Average distances (expected heterozygosity) between individuals in same cluster:
cluster  1  : 0.8144 
cluster  2  : 0.7462 
cluster  3  : 0.7962 
cluster  4  : 0.8362 

--------------------------------------------
Estimated Ln Prob of Data   = -178855.5
Mean value of ln likelihood = -173517.3
Variance of ln likelihood   = 10676.6

Mean value of alpha_1       = 0.0938
Mean value of alpha_2       = 0.1873
Mean value of alpha_3       = 0.1988
Mean value of alpha_4       = 0.4103
Allele frequencies uncorrelated


Inferred ancestry of individuals:
     (%Miss) :  Inferred clusters
  1    (0)   :  0.103 0.255 0.275 0.367 
  2    (0)   :  0.032 0.053 0.053 0.863 
  3    (0)   :  0.081 0.175 0.541 0.202 
  4    (0)   :  0.055 0.648 0.057 0.240 
  5    (0)   :  0.031 0.046 0.062 0.861 
  6    (0)   :  0.019 0.045 0.764 0.171 
  7    (0)   :  0.014 0.041 0.154 0.792 
  8    (0)   :  0.034 0.339 0.262 0.365 
  9    (0)   :  0.050 0.110 0.342 0.499 
 10    (0)   :  0.016 0.146 0.296 0.542 
 11    (0)   :  0.018 0.043 0.239 0.700 
 12    (0)   :  0.034 0.082 0.075 0.809 
 13    (0)   :  0.025 0.084 0.124 0.766 
 14    (0)   :  0.162 0.136 0.128 0.574 
 15    (0)   :  0.048 0.192 0.109 0.651 
 16    (0)   :  0.033 0.073 0.561 0.333 
 17    (0)   :  0.036 0.075 0.222 0.666 
 18    (0)   :  0.037 0.170 0.430 0.363 
 19    (0)   :  0.020 0.066 0.449 0.465 
 20    (0)   :  0.047 0.067 0.137 0.749 
 21    (0)   :  0.119 0.276 0.166 0.439 
 22    (0)   :  0.027 0.086 0.706 0.181 
 23    (0)   :  0.278 0.225 0.073 0.425 
 24    (0)   :  0.047 0.242 0.374 0.337 
 25    (0)   :  0.021 0.033 0.151 0.794 
 26    (0)   :  0.048 0.154 0.256 0.542 
 27    (0)   :  0.068 0.112 0.235 0.585 
 28    (0)   :  0.030 0.291 0.190 0.489 
 29    (0)   :  0.049 0.064 0.090 0.797 
 30    (0)   :  0.045 0.068 0.727 0.160 
 31    (0)   :  0.049 0.142 0.149 0.660 
 32    (0)   :  0.059 0.193 0.200 0.549 
 33    (0)   :  0.124 0.167 0.462 0.248 
 34    (0)   :  0.019 0.064 0.418 0.500 
 35    (0)   :  0.203 0.063 0.362 0.372 
 36    (0)   :  0.601 0.053 0.221 0.125 
 37    (0)   :  0.071 0.260 0.104 0.565 
 38    (0)   :  0.121 0.032 0.693 0.154 
 39    (0)   :  0.112 0.059 0.514 0.315 
 40    (0)   :  0.548 0.166 0.122 0.164 
 41    (0)   :  0.509 0.041 0.311 0.139 
 42    (0)   :  0.443 0.278 0.149 0.130 
 43    (0)   :  0.477 0.102 0.083 0.339 
 44    (0)   :  0.582 0.034 0.250 0.134 
 45    (0)   :  0.349 0.039 0.305 0.306 
 46    (0)   :  0.092 0.044 0.493 0.371 
 47    (0)   :  0.051 0.103 0.397 0.450 
 48    (0)   :  0.618 0.035 0.234 0.113 
 49    (0)   :  0.178 0.077 0.352 0.393 
 50    (0)   :  0.058 0.099 0.488 0.355 
 51    (0)   :  0.848 0.029 0.052 0.072 
 52    (0)   :  0.103 0.068 0.547 0.281 
 53    (0)   :  0.054 0.069 0.756 0.122 
 54    (0)   :  0.111 0.122 0.081 0.685 
 55    (0)   :  0.495 0.058 0.074 0.373 
 56    (0)   :  0.387 0.083 0.339 0.191 
 57    (0)   :  0.019 0.186 0.204 0.590 
 58    (0)   :  0.367 0.078 0.151 0.404 
 59    (0)   :  0.331 0.056 0.341 0.272 
 60    (0)   :  0.641 0.124 0.083 0.152 
 61    (0)   :  0.510 0.133 0.038 0.319 
 62    (0)   :  0.045 0.063 0.319 0.574 
 63    (0)   :  0.273 0.125 0.130 0.473 
 64    (0)   :  0.035 0.044 0.689 0.232 
 65    (0)   :  0.028 0.029 0.100 0.843 
 66    (0)   :  0.119 0.200 0.055 0.626 
 67    (0)   :  0.310 0.055 0.068 0.568 
 68    (0)   :  0.328 0.073 0.324 0.274 
 69    (0)   :  0.126 0.134 0.476 0.264 
 70    (0)   :  0.589 0.066 0.124 0.221 
 71    (0)   :  0.551 0.028 0.189 0.231 
 72    (0)   :  0.152 0.051 0.558 0.239 
 73    (0)   :  0.286 0.040 0.071 0.603 
 74    (0)   :  0.441 0.116 0.315 0.128 
 75    (0)   :  0.633 0.142 0.109 0.116 
 76    (0)   :  0.252 0.060 0.111 0.576 
 77    (0)   :  0.547 0.034 0.214 0.206 
 78    (0)   :  0.499 0.039 0.315 0.146 
 79    (0)   :  0.014 0.045 0.120 0.820 
 80    (0)   :  0.019 0.620 0.085 0.276 
 81    (0)   :  0.016 0.419 0.111 0.454 
 82    (0)   :  0.077 0.114 0.058 0.751 
 83    (0)   :  0.046 0.299 0.194 0.461 
 84    (0)   :  0.027 0.214 0.132 0.627 
 85    (0)   :  0.036 0.357 0.202 0.406 
 86    (0)   :  0.106 0.056 0.126 0.712 
 87    (0)   :  0.029 0.051 0.106 0.815 
 88    (0)   :  0.031 0.223 0.059 0.687 
 89    (0)   :  0.026 0.400 0.063 0.512 
 90    (0)   :  0.017 0.049 0.063 0.871 
 91    (0)   :  0.040 0.591 0.121 0.248 
 92    (0)   :  0.022 0.083 0.081 0.814 
 93    (0)   :  0.019 0.838 0.041 0.102 
 94    (0)   :  0.028 0.046 0.537 0.389 
 95    (0)   :  0.023 0.112 0.049 0.816 
 96    (0)   :  0.557 0.197 0.039 0.207 
 97    (0)   :  0.379 0.219 0.209 0.193 
 98    (0)   :  0.436 0.103 0.136 0.325 
 99    (0)   :  0.020 0.176 0.088 0.715 
100    (0)   :  0.035 0.760 0.034 0.171 
101    (0)   :  0.052 0.080 0.069 0.799 
102    (0)   :  0.104 0.374 0.106 0.416 
103    (0)   :  0.052 0.167 0.043 0.738 
104    (0)   :  0.041 0.063 0.065 0.830 
105    (0)   :  0.042 0.109 0.039 0.811 
106    (0)   :  0.033 0.024 0.313 0.631 
107    (0)   :  0.045 0.109 0.051 0.794 
108    (0)   :  0.632 0.038 0.099 0.231 
109    (0)   :  0.039 0.024 0.150 0.786 
110    (0)   :  0.022 0.029 0.312 0.637 
111    (0)   :  0.021 0.032 0.054 0.893 
112    (0)   :  0.032 0.026 0.167 0.775 
113    (0)   :  0.127 0.084 0.136 0.653 
114    (0)   :  0.031 0.080 0.059 0.831 
115    (0)   :  0.128 0.044 0.062 0.767 
116    (0)   :  0.123 0.027 0.242 0.607 
117    (0)   :  0.038 0.038 0.182 0.742 
118    (0)   :  0.050 0.038 0.052 0.860 
119    (0)   :  0.565 0.185 0.058 0.192 
120    (0)   :  0.040 0.043 0.073 0.844 
121    (0)   :  0.157 0.037 0.070 0.736 
122    (0)   :  0.027 0.033 0.222 0.718 
123    (0)   :  0.037 0.046 0.114 0.803 
124    (0)   :  0.094 0.040 0.388 0.478 
125    (0)   :  0.069 0.045 0.551 0.334 
126    (0)   :  0.115 0.058 0.222 0.605 
127    (0)   :  0.024 0.035 0.054 0.887 
128    (0)   :  0.050 0.042 0.045 0.864 
129    (0)   :  0.029 0.032 0.037 0.902 
130    (0)   :  0.025 0.082 0.063 0.831 
131    (0)   :  0.145 0.034 0.423 0.398 
132    (0)   :  0.033 0.028 0.129 0.810 
133    (0)   :  0.049 0.051 0.066 0.833 
134    (0)   :  0.017 0.020 0.253 0.710 
135    (0)   :  0.187 0.539 0.048 0.226 
136    (0)   :  0.017 0.834 0.045 0.104 
137    (0)   :  0.016 0.797 0.038 0.150 
138    (0)   :  0.025 0.850 0.048 0.078 
139    (0)   :  0.258 0.398 0.067 0.277 
140    (0)   :  0.089 0.528 0.109 0.273 
141    (0)   :  0.028 0.770 0.082 0.121 
142    (0)   :  0.229 0.559 0.043 0.168 
143    (0)   :  0.017 0.885 0.029 0.069 
144    (0)   :  0.018 0.804 0.035 0.144 
145    (0)   :  0.046 0.650 0.101 0.204 
146    (0)   :  0.052 0.514 0.098 0.336 
147    (0)   :  0.014 0.882 0.034 0.070 
148    (0)   :  0.057 0.639 0.057 0.247 
149    (0)   :  0.046 0.807 0.051 0.096 
150    (0)   :  0.025 0.616 0.050 0.309 
151    (0)   :  0.024 0.824 0.039 0.114 
152    (0)   :  0.111 0.567 0.079 0.242 
153    (0)   :  0.048 0.774 0.067 0.111 
154    (0)   :  0.031 0.801 0.043 0.125 
155    (0)   :  0.021 0.850 0.034 0.094 
156    (0)   :  0.126 0.693 0.033 0.147 
157    (0)   :  0.025 0.682 0.073 0.221 
158    (0)   :  0.032 0.696 0.101 0.172 
159    (0)   :  0.015 0.879 0.030 0.076 
160    (0)   :  0.015 0.870 0.031 0.084 
161    (0)   :  0.042 0.704 0.081 0.173 
162    (0)   :  0.060 0.433 0.101 0.406 
163    (0)   :  0.029 0.855 0.033 0.084 
164    (0)   :  0.032 0.418 0.067 0.484 
165    (0)   :  0.023 0.681 0.044 0.252 
166    (0)   :  0.067 0.562 0.095 0.275 
167    (0)   :  0.022 0.679 0.061 0.237 
168    (0)   :  0.052 0.750 0.087 0.111 
169    (0)   :  0.054 0.367 0.423 0.156 
170    (0)   :  0.076 0.759 0.038 0.127 
171    (0)   :  0.054 0.604 0.085 0.256 
172    (0)   :  0.206 0.522 0.180 0.092 
173    (0)   :  0.020 0.858 0.031 0.090 
174    (0)   :  0.016 0.835 0.041 0.108 
175    (0)   :  0.023 0.857 0.041 0.079 
176    (0)   :  0.018 0.805 0.035 0.143 
177    (0)   :  0.038 0.523 0.139 0.300 
178    (0)   :  0.018 0.778 0.061 0.143 
179    (0)   :  0.015 0.883 0.031 0.071 
180    (0)   :  0.046 0.649 0.093 0.212 
181    (0)   :  0.055 0.731 0.059 0.154 
182    (0)   :  0.035 0.807 0.029 0.130 
183    (0)   :  0.018 0.866 0.034 0.082 
184    (0)   :  0.062 0.066 0.101 0.771 
185    (0)   :  0.099 0.789 0.029 0.082 
186    (0)   :  0.035 0.051 0.070 0.844 
187    (0)   :  0.072 0.395 0.070 0.463 
188    (0)   :  0.037 0.038 0.054 0.870 
189    (0)   :  0.082 0.353 0.307 0.259 
190    (0)   :  0.663 0.209 0.024 0.105 
191    (0)   :  0.049 0.134 0.045 0.772 
192    (0)   :  0.046 0.310 0.070 0.573 
193    (0)   :  0.121 0.263 0.087 0.529 
194    (0)   :  0.099 0.237 0.058 0.606 
195    (0)   :  0.094 0.739 0.030 0.138 
196    (0)   :  0.542 0.196 0.038 0.223 
197    (0)   :  0.065 0.149 0.154 0.632 
198    (0)   :  0.091 0.170 0.140 0.599 
199    (0)   :  0.478 0.197 0.043 0.282 
200    (0)   :  0.419 0.169 0.085 0.327 
201    (0)   :  0.075 0.731 0.041 0.153 
202    (0)   :  0.134 0.647 0.030 0.188 
203    (0)   :  0.059 0.728 0.034 0.178 
204    (0)   :  0.163 0.441 0.031 0.365 
205    (0)   :  0.274 0.146 0.064 0.515 
206    (0)   :  0.120 0.374 0.039 0.467 
207    (0)   :  0.183 0.110 0.035 0.672 
208    (0)   :  0.302 0.369 0.039 0.289 
209    (0)   :  0.101 0.196 0.060 0.643 
210    (0)   :  0.121 0.388 0.041 0.450 
211    (0)   :  0.403 0.135 0.029 0.433 
212    (0)   :  0.058 0.747 0.056 0.139 
213    (0)   :  0.247 0.109 0.066 0.578 
214    (0)   :  0.093 0.721 0.038 0.148 
215    (0)   :  0.234 0.079 0.050 0.637 
216    (0)   :  0.064 0.086 0.095 0.755 
217    (0)   :  0.133 0.656 0.057 0.155 
218    (0)   :  0.105 0.218 0.061 0.615 
219    (0)   :  0.050 0.303 0.196 0.451 
220    (0)   :  0.113 0.150 0.035 0.702 
221    (0)   :  0.149 0.748 0.027 0.077 
222    (0)   :  0.047 0.151 0.168 0.634 
223    (0)   :  0.074 0.498 0.096 0.332 
224    (0)   :  0.059 0.616 0.039 0.287 
225    (0)   :  0.203 0.282 0.048 0.466 
226    (0)   :  0.262 0.197 0.224 0.317 
227    (0)   :  0.236 0.367 0.036 0.361 
228    (0)   :  0.217 0.601 0.029 0.153 
229    (0)   :  0.032 0.615 0.044 0.309 
230    (0)   :  0.057 0.497 0.038 0.407 
231    (0)   :  0.036 0.557 0.067 0.340 
232    (0)   :  0.120 0.320 0.088 0.472 
233    (0)   :  0.054 0.772 0.037 0.137 
234    (0)   :  0.053 0.255 0.100 0.592 
235    (0)   :  0.192 0.399 0.105 0.304 
236    (0)   :  0.088 0.515 0.069 0.328 
237    (0)   :  0.122 0.183 0.039 0.656 
238    (0)   :  0.086 0.665 0.050 0.199 
239    (0)   :  0.092 0.743 0.030 0.135 
240    (0)   :  0.091 0.660 0.050 0.200 
241    (0)   :  0.071 0.745 0.036 0.148 
242    (0)   :  0.084 0.372 0.124 0.420 
243    (0)   :  0.565 0.221 0.028 0.185 
244    (0)   :  0.064 0.679 0.036 0.221 
245    (0)   :  0.062 0.798 0.034 0.106 
246    (0)   :  0.133 0.655 0.057 0.155 
247    (0)   :  0.086 0.044 0.098 0.772 
248    (0)   :  0.148 0.054 0.043 0.754 
249    (0)   :  0.086 0.591 0.042 0.281 
250    (0)   :  0.059 0.372 0.060 0.509 
251    (0)   :  0.160 0.120 0.139 0.581 
252    (0)   :  0.114 0.430 0.066 0.390 
253    (0)   :  0.181 0.092 0.088 0.639 
254    (0)   :  0.067 0.190 0.113 0.630 
255    (0)   :  0.062 0.296 0.089 0.553 
256    (0)   :  0.190 0.516 0.047 0.247 
257    (0)   :  0.193 0.215 0.048 0.544 
258    (0)   :  0.253 0.118 0.066 0.563 
259    (0)   :  0.076 0.160 0.045 0.719 
260    (0)   :  0.038 0.356 0.137 0.469 
261    (0)   :  0.151 0.553 0.064 0.232 
262    (0)   :  0.336 0.527 0.033 0.103 
263    (0)   :  0.091 0.145 0.050 0.714 
264    (0)   :  0.067 0.038 0.457 0.438 
265    (0)   :  0.150 0.285 0.116 0.448 
266    (0)   :  0.100 0.788 0.028 0.084 
267    (0)   :  0.076 0.307 0.061 0.555 
268    (0)   :  0.544 0.194 0.038 0.223 
269    (0)   :  0.069 0.323 0.247 0.361 
270    (0)   :  0.053 0.096 0.078 0.774 
271    (0)   :  0.281 0.100 0.052 0.566 
272    (0)   :  0.469 0.107 0.120 0.303 
273    (0)   :  0.202 0.346 0.132 0.320 
274    (0)   :  0.167 0.164 0.105 0.564 
275    (0)   :  0.215 0.270 0.138 0.377 
276    (0)   :  0.467 0.087 0.101 0.346 
277    (0)   :  0.071 0.426 0.100 0.403 
278    (0)   :  0.450 0.099 0.048 0.403 
279    (0)   :  0.128 0.298 0.070 0.503 
280    (0)   :  0.182 0.234 0.203 0.382 
281    (0)   :  0.118 0.166 0.064 0.652 
282    (0)   :  0.045 0.609 0.087 0.259 
283    (0)   :  0.044 0.722 0.046 0.188 
284    (0)   :  0.111 0.290 0.060 0.539 
285    (0)   :  0.231 0.034 0.062 0.673 
286    (0)   :  0.063 0.685 0.037 0.215 
287    (0)   :  0.083 0.259 0.159 0.499 
288    (0)   :  0.236 0.148 0.160 0.456 
289    (0)   :  0.220 0.133 0.107 0.540 
290    (0)   :  0.339 0.116 0.222 0.323 
291    (0)   :  0.279 0.100 0.052 0.569 
292    (0)   :  0.316 0.291 0.150 0.244 
293    (0)   :  0.252 0.073 0.357 0.319 
294    (0)   :  0.135 0.122 0.063 0.680 
295    (0)   :  0.232 0.168 0.130 0.470 
296    (0)   :  0.178 0.135 0.045 0.642 
297    (0)   :  0.096 0.135 0.221 0.548 
298    (0)   :  0.036 0.477 0.081 0.406 
299    (0)   :  0.040 0.135 0.064 0.761 
300    (0)   :  0.137 0.104 0.053 0.706 
301    (0)   :  0.073 0.098 0.138 0.691 
302    (0)   :  0.250 0.113 0.059 0.578 
303    (0)   :  0.079 0.600 0.070 0.251 
304    (0)   :  0.032 0.435 0.160 0.373 
305    (0)   :  0.154 0.612 0.040 0.194 
306    (0)   :  0.106 0.644 0.077 0.174 
307    (0)   :  0.092 0.245 0.064 0.599 
308    (0)   :  0.145 0.558 0.065 0.232 
309    (0)   :  0.245 0.141 0.055 0.559 
310    (0)   :  0.266 0.497 0.036 0.200 
311    (0)   :  0.054 0.499 0.038 0.409 
312    (0)   :  0.132 0.138 0.032 0.698 
313    (0)   :  0.384 0.058 0.036 0.522 
314    (0)   :  0.025 0.884 0.032 0.060 
315    (0)   :  0.038 0.839 0.049 0.075 
316    (0)   :  0.026 0.836 0.058 0.079 
317    (0)   :  0.015 0.891 0.032 0.062 
318    (0)   :  0.012 0.893 0.035 0.060 
319    (0)   :  0.017 0.883 0.030 0.071 
320    (0)   :  0.025 0.884 0.031 0.060 
321    (0)   :  0.014 0.888 0.035 0.063 
322    (0)   :  0.040 0.828 0.053 0.079 
323    (0)   :  0.013 0.890 0.033 0.065 
324    (0)   :  0.014 0.886 0.036 0.064 
325    (0)   :  0.021 0.846 0.059 0.074 
326    (0)   :  0.022 0.848 0.058 0.071 
327    (0)   :  0.015 0.892 0.032 0.061 
328    (0)   :  0.029 0.833 0.053 0.086 
329    (0)   :  0.013 0.891 0.032 0.065 
330    (0)   :  0.015 0.891 0.033 0.061 
331    (0)   :  0.013 0.893 0.031 0.064 
332    (0)   :  0.020 0.833 0.070 0.077 
333    (0)   :  0.025 0.849 0.050 0.077 
334    (0)   :  0.029 0.833 0.052 0.085 
335    (0)   :  0.031 0.845 0.047 0.077 
336    (0)   :  0.017 0.884 0.037 0.061 
337    (0)   :  0.026 0.836 0.061 0.077 
338    (0)   :  0.011 0.891 0.036 0.062 
339    (0)   :  0.012 0.892 0.031 0.064 
340    (0)   :  0.014 0.896 0.028 0.062 
341    (0)   :  0.013 0.890 0.032 0.065 
342    (0)   :  0.015 0.890 0.033 0.062 
343    (0)   :  0.050 0.815 0.056 0.079 
344    (0)   :  0.012 0.895 0.031 0.063 
345    (0)   :  0.015 0.891 0.033 0.061 
346    (0)   :  0.013 0.897 0.031 0.059 
347    (0)   :  0.013 0.899 0.029 0.059 
348    (0)   :  0.061 0.818 0.045 0.076 
349    (0)   :  0.015 0.892 0.032 0.061 
350    (0)   :  0.020 0.880 0.031 0.068 
351    (0)   :  0.029 0.845 0.047 0.078 
352    (0)   :  0.030 0.842 0.054 0.075 
353    (0)   :  0.017 0.884 0.038 0.061 
354    (0)   :  0.013 0.892 0.032 0.064 
355    (0)   :  0.012 0.893 0.035 0.060 
356    (0)   :  0.086 0.791 0.044 0.080 
357    (0)   :  0.028 0.533 0.243 0.196 
358    (0)   :  0.020 0.847 0.053 0.081 
359    (0)   :  0.012 0.889 0.032 0.066 
360    (0)   :  0.013 0.897 0.031 0.059 
361    (0)   :  0.042 0.469 0.250 0.239 
362    (0)   :  0.047 0.075 0.274 0.604 
363    (0)   :  0.051 0.041 0.545 0.363 
364    (0)   :  0.032 0.326 0.241 0.401 
365    (0)   :  0.036 0.048 0.578 0.339 
366    (0)   :  0.274 0.121 0.376 0.229 
367    (0)   :  0.016 0.024 0.451 0.508 
368    (0)   :  0.018 0.044 0.076 0.863 
369    (0)   :  0.200 0.323 0.224 0.253 
370    (0)   :  0.055 0.061 0.084 0.800 
371    (0)   :  0.072 0.118 0.289 0.522 
372    (0)   :  0.072 0.111 0.081 0.736 
373    (0)   :  0.024 0.079 0.173 0.723 
374    (0)   :  0.038 0.318 0.306 0.337 
375    (0)   :  0.020 0.036 0.366 0.578 
376    (0)   :  0.015 0.027 0.847 0.111 
377    (0)   :  0.049 0.058 0.341 0.552 
378    (0)   :  0.025 0.147 0.101 0.727 
379    (0)   :  0.021 0.025 0.854 0.100 
380    (0)   :  0.074 0.122 0.683 0.121 
381    (0)   :  0.063 0.092 0.749 0.096 
382    (0)   :  0.017 0.039 0.441 0.503 
383    (0)   :  0.025 0.112 0.757 0.107 
384    (0)   :  0.029 0.092 0.608 0.270 
385    (0)   :  0.014 0.133 0.112 0.741 
386    (0)   :  0.025 0.038 0.496 0.442 
387    (0)   :  0.027 0.043 0.451 0.480 
388    (0)   :  0.026 0.236 0.189 0.548 
389    (0)   :  0.234 0.052 0.066 0.649 
390    (0)   :  0.195 0.036 0.501 0.269 
391    (0)   :  0.116 0.076 0.134 0.673 
392    (0)   :  0.029 0.079 0.678 0.214 
393    (0)   :  0.058 0.056 0.795 0.091 
394    (0)   :  0.033 0.226 0.222 0.520 
395    (0)   :  0.311 0.049 0.300 0.340 
396    (0)   :  0.018 0.026 0.333 0.622 
397    (0)   :  0.045 0.170 0.184 0.601 
398    (0)   :  0.022 0.026 0.781 0.171 
399    (0)   :  0.080 0.035 0.249 0.636 
400    (0)   :  0.023 0.053 0.569 0.355 
401    (0)   :  0.083 0.058 0.233 0.626 
402    (0)   :  0.115 0.061 0.173 0.651 
403    (0)   :  0.033 0.348 0.135 0.484 
404    (0)   :  0.033 0.089 0.420 0.458 
405    (0)   :  0.063 0.086 0.384 0.467 
406    (0)   :  0.682 0.069 0.162 0.088 
407    (0)   :  0.018 0.026 0.822 0.134 
408    (0)   :  0.115 0.027 0.064 0.795 
409    (0)   :  0.446 0.222 0.199 0.132 
410    (0)   :  0.035 0.077 0.578 0.309 
411    (0)   :  0.076 0.146 0.622 0.157 
412    (0)   :  0.016 0.041 0.105 0.838 
413    (0)   :  0.027 0.135 0.110 0.727 
414    (0)   :  0.017 0.029 0.093 0.861 
415    (0)   :  0.062 0.040 0.746 0.151 
416    (0)   :  0.050 0.069 0.457 0.424 
417    (0)   :  0.020 0.034 0.765 0.181 
418    (0)   :  0.015 0.030 0.267 0.688 
419    (0)   :  0.118 0.168 0.239 0.475 
420    (0)   :  0.216 0.037 0.274 0.473 
421    (0)   :  0.027 0.043 0.539 0.391 
422    (0)   :  0.223 0.052 0.360 0.364 
423    (0)   :  0.038 0.056 0.617 0.289 
424    (0)   :  0.134 0.056 0.155 0.655 
425    (0)   :  0.040 0.085 0.280 0.595 
426    (0)   :  0.025 0.066 0.175 0.734 
427    (0)   :  0.032 0.108 0.710 0.150 
428    (0)   :  0.124 0.160 0.426 0.290 
429    (0)   :  0.014 0.025 0.776 0.185 
430    (0)   :  0.023 0.033 0.783 0.161 
431    (0)   :  0.025 0.056 0.133 0.787 
432    (0)   :  0.022 0.050 0.092 0.837 
433    (0)   :  0.053 0.228 0.057 0.663 
434    (0)   :  0.043 0.129 0.243 0.584 
435    (0)   :  0.028 0.026 0.795 0.150 
436    (0)   :  0.030 0.043 0.837 0.090 
437    (0)   :  0.018 0.030 0.801 0.151 
438    (0)   :  0.285 0.062 0.434 0.219 
439    (0)   :  0.018 0.034 0.857 0.091 
440    (0)   :  0.023 0.022 0.845 0.110 
441    (0)   :  0.029 0.084 0.632 0.255 
442    (0)   :  0.037 0.032 0.665 0.266 
443    (0)   :  0.114 0.028 0.465 0.393 
444    (0)   :  0.044 0.032 0.731 0.193 
445    (0)   :  0.138 0.128 0.563 0.170 
446    (0)   :  0.022 0.031 0.748 0.198 
447    (0)   :  0.084 0.069 0.608 0.240 
448    (0)   :  0.029 0.033 0.655 0.283 
449    (0)   :  0.035 0.060 0.593 0.313 
450    (0)   :  0.013 0.054 0.714 0.218 
451    (0)   :  0.034 0.023 0.129 0.814 
452    (0)   :  0.015 0.045 0.774 0.165 
453    (0)   :  0.495 0.059 0.100 0.345 
454    (0)   :  0.028 0.072 0.641 0.259 
455    (0)   :  0.076 0.030 0.734 0.160 
456    (0)   :  0.118 0.027 0.669 0.186 
457    (0)   :  0.019 0.032 0.828 0.122 
458    (0)   :  0.018 0.036 0.827 0.120 
459    (0)   :  0.046 0.099 0.568 0.286 
460    (0)   :  0.022 0.028 0.760 0.190 
461    (0)   :  0.013 0.029 0.636 0.322 
462    (0)   :  0.045 0.022 0.687 0.246 
463    (0)   :  0.543 0.047 0.261 0.149 
464    (0)   :  0.055 0.028 0.666 0.251 
465    (0)   :  0.050 0.041 0.316 0.594 
466    (0)   :  0.232 0.032 0.358 0.377 
467    (0)   :  0.053 0.061 0.667 0.220 
468    (0)   :  0.047 0.026 0.831 0.096 
469    (0)   :  0.019 0.029 0.872 0.080 
470    (0)   :  0.022 0.026 0.825 0.127 
471    (0)   :  0.210 0.036 0.342 0.412 
472    (0)   :  0.073 0.040 0.465 0.422 
473    (0)   :  0.049 0.063 0.489 0.399 
474    (0)   :  0.030 0.047 0.749 0.175 
475    (0)   :  0.041 0.066 0.338 0.555 
476    (0)   :  0.026 0.034 0.838 0.102 
477    (0)   :  0.057 0.056 0.205 0.682 
478    (0)   :  0.022 0.028 0.183 0.767 
479    (0)   :  0.018 0.026 0.788 0.168 
480    (0)   :  0.015 0.030 0.864 0.091 
481    (0)   :  0.045 0.035 0.320 0.601 
482    (0)   :  0.015 0.026 0.840 0.120 
483    (0)   :  0.027 0.035 0.786 0.153 
484    (0)   :  0.185 0.041 0.560 0.215 
485    (0)   :  0.038 0.028 0.810 0.124 
486    (0)   :  0.100 0.050 0.074 0.776 
487    (0)   :  0.046 0.136 0.092 0.726 
488    (0)   :  0.030 0.067 0.051 0.852 
489    (0)   :  0.172 0.246 0.119 0.463 
490    (0)   :  0.054 0.030 0.103 0.813 
491    (0)   :  0.065 0.149 0.058 0.728 
492    (0)   :  0.079 0.229 0.061 0.631 
493    (0)   :  0.037 0.064 0.057 0.843 
494    (0)   :  0.066 0.111 0.106 0.716 
495    (0)   :  0.051 0.110 0.076 0.764 
496    (0)   :  0.114 0.354 0.083 0.449 
497    (0)   :  0.025 0.112 0.053 0.810 
498    (0)   :  0.148 0.091 0.095 0.666 
499    (0)   :  0.055 0.288 0.071 0.586 
500    (0)   :  0.051 0.069 0.175 0.704 
501    (0)   :  0.032 0.165 0.147 0.655 
502    (0)   :  0.021 0.180 0.084 0.715 
503    (0)   :  0.034 0.043 0.423 0.500 
504    (0)   :  0.040 0.044 0.053 0.862 
505    (0)   :  0.218 0.108 0.062 0.611 
506    (0)   :  0.032 0.174 0.081 0.713 
507    (0)   :  0.068 0.769 0.038 0.125 
508    (0)   :  0.160 0.583 0.034 0.223 
509    (0)   :  0.104 0.221 0.057 0.618 
510    (0)   :  0.037 0.298 0.166 0.498 
511    (0)   :  0.074 0.056 0.482 0.387 
512    (0)   :  0.021 0.033 0.456 0.490 
513    (0)   :  0.076 0.056 0.027 0.840 
514    (0)   :  0.032 0.052 0.065 0.850 
515    (0)   :  0.096 0.148 0.458 0.299 
516    (0)   :  0.075 0.059 0.051 0.815 
517    (0)   :  0.270 0.136 0.203 0.392 
518    (0)   :  0.032 0.301 0.168 0.500 
519    (0)   :  0.033 0.061 0.082 0.824 
520    (0)   :  0.378 0.269 0.200 0.152 
521    (0)   :  0.067 0.405 0.074 0.454 
522    (0)   :  0.214 0.046 0.518 0.222 
523    (0)   :  0.530 0.133 0.065 0.272 
524    (0)   :  0.142 0.085 0.474 0.299 
525    (0)   :  0.071 0.283 0.292 0.354 
526    (0)   :  0.606 0.068 0.217 0.108 
527    (0)   :  0.019 0.049 0.163 0.769 
528    (0)   :  0.069 0.667 0.051 0.213 
529    (0)   :  0.046 0.149 0.074 0.731 
530    (0)   :  0.116 0.095 0.469 0.321 
531    (0)   :  0.078 0.437 0.226 0.259 
532    (0)   :  0.070 0.300 0.117 0.513 
533    (0)   :  0.117 0.079 0.331 0.473 
534    (0)   :  0.145 0.119 0.041 0.695 
535    (0)   :  0.392 0.068 0.173 0.366 
536    (0)   :  0.239 0.188 0.292 0.282 
537    (0)   :  0.463 0.291 0.067 0.179 
538    (0)   :  0.306 0.245 0.102 0.346 
539    (0)   :  0.063 0.788 0.041 0.108 
540    (0)   :  0.226 0.296 0.142 0.336 
541    (0)   :  0.070 0.567 0.124 0.239 
542    (0)   :  0.621 0.054 0.173 0.152 
543    (0)   :  0.380 0.161 0.064 0.394 
544    (0)   :  0.617 0.088 0.100 0.194 
545    (0)   :  0.731 0.032 0.112 0.124 
546    (0)   :  0.399 0.176 0.096 0.329 
547    (0)   :  0.753 0.079 0.048 0.120 
548    (0)   :  0.063 0.368 0.061 0.508 
549    (0)   :  0.321 0.390 0.179 0.110 
550    (0)   :  0.537 0.052 0.240 0.170 
551    (0)   :  0.072 0.640 0.090 0.198 
552    (0)   :  0.329 0.306 0.095 0.270 
553    (0)   :  0.729 0.115 0.032 0.124 
554    (0)   :  0.085 0.165 0.251 0.498 
555    (0)   :  0.300 0.393 0.066 0.241 
556    (0)   :  0.386 0.176 0.084 0.354 
557    (0)   :  0.473 0.079 0.262 0.186 
558    (0)   :  0.013 0.026 0.848 0.113 
559    (0)   :  0.046 0.047 0.073 0.835 
560    (0)   :  0.025 0.022 0.530 0.423 
561    (0)   :  0.043 0.030 0.281 0.646 
562    (0)   :  0.057 0.022 0.186 0.735 
563    (0)   :  0.058 0.127 0.123 0.692 
564    (0)   :  0.094 0.059 0.077 0.770 
565    (0)   :  0.016 0.032 0.831 0.120 
566    (0)   :  0.026 0.023 0.358 0.594 
567    (0)   :  0.037 0.037 0.060 0.866 
568    (0)   :  0.076 0.049 0.179 0.696 
569    (0)   :  0.135 0.051 0.396 0.417 
570    (0)   :  0.014 0.024 0.803 0.160 
571    (0)   :  0.025 0.034 0.118 0.822 
572    (0)   :  0.530 0.135 0.139 0.195 
573    (0)   :  0.087 0.058 0.183 0.672 
574    (0)   :  0.039 0.131 0.477 0.352 
575    (0)   :  0.041 0.079 0.146 0.734 
576    (0)   :  0.016 0.022 0.202 0.760 
577    (0)   :  0.030 0.106 0.389 0.475 
578    (0)   :  0.032 0.038 0.239 0.691 
579    (0)   :  0.030 0.038 0.231 0.701 
580    (0)   :  0.023 0.066 0.556 0.355 
581    (0)   :  0.023 0.047 0.553 0.378 
582    (0)   :  0.030 0.026 0.760 0.184 
583    (0)   :  0.021 0.035 0.188 0.755 
584    (0)   :  0.016 0.027 0.178 0.779 
585    (0)   :  0.025 0.033 0.319 0.623 
586    (0)   :  0.029 0.043 0.089 0.839 
587    (0)   :  0.050 0.026 0.483 0.441 
588    (0)   :  0.376 0.046 0.031 0.548 
589    (0)   :  0.069 0.028 0.695 0.208 
590    (0)   :  0.024 0.031 0.066 0.878 
591    (0)   :  0.020 0.037 0.089 0.854 
592    (0)   :  0.119 0.032 0.194 0.655 
593    (0)   :  0.044 0.062 0.251 0.643 
594    (0)   :  0.023 0.064 0.068 0.845 
595    (0)   :  0.015 0.025 0.217 0.743 
596    (0)   :  0.229 0.058 0.182 0.530 
597    (0)   :  0.080 0.159 0.076 0.685 
598    (0)   :  0.014 0.025 0.856 0.106 
599    (0)   :  0.054 0.025 0.268 0.653 
600    (0)   :  0.044 0.078 0.526 0.352 
601    (0)   :  0.037 0.025 0.498 0.440 
602    (0)   :  0.027 0.109 0.068 0.796 
603    (0)   :  0.031 0.103 0.065 0.802 
604    (0)   :  0.039 0.090 0.507 0.364 
605    (0)   :  0.057 0.044 0.199 0.700 
606    (0)   :  0.066 0.150 0.167 0.618 
607    (0)   :  0.024 0.259 0.205 0.511 
608    (0)   :  0.027 0.440 0.222 0.311 
609    (0)   :  0.043 0.061 0.463 0.434 
610    (0)   :  0.098 0.047 0.614 0.242 
611    (0)   :  0.059 0.102 0.083 0.756 
612    (0)   :  0.027 0.036 0.824 0.113 
613    (0)   :  0.067 0.061 0.255 0.617 
614    (0)   :  0.027 0.040 0.750 0.184 
615    (0)   :  0.030 0.070 0.740 0.160 
616    (0)   :  0.025 0.174 0.195 0.606 
617    (0)   :  0.053 0.038 0.367 0.542 
618    (0)   :  0.066 0.165 0.528 0.240 
619    (0)   :  0.164 0.124 0.210 0.502 
620    (0)   :  0.112 0.026 0.119 0.743 
621    (0)   :  0.015 0.036 0.181 0.768 
622    (0)   :  0.122 0.127 0.420 0.331 
623    (0)   :  0.042 0.040 0.132 0.786 
624    (0)   :  0.025 0.116 0.702 0.157 
625    (0)   :  0.021 0.138 0.482 0.358 
626    (0)   :  0.156 0.424 0.296 0.124 
627    (0)   :  0.042 0.055 0.153 0.750 
628    (0)   :  0.035 0.051 0.093 0.821 
629    (0)   :  0.023 0.068 0.152 0.757 
630    (0)   :  0.034 0.050 0.627 0.288 
631    (0)   :  0.023 0.067 0.425 0.486 
632    (0)   :  0.119 0.276 0.120 0.485 
633    (0)   :  0.027 0.114 0.427 0.432 
634    (0)   :  0.075 0.172 0.194 0.559 
635    (0)   :  0.033 0.530 0.164 0.273 
636    (0)   :  0.030 0.221 0.445 0.303 
637    (0)   :  0.269 0.099 0.177 0.455 
638    (0)   :  0.023 0.096 0.129 0.752 
639    (0)   :  0.033 0.103 0.376 0.487 
640    (0)   :  0.015 0.045 0.135 0.806 
641    (0)   :  0.026 0.065 0.179 0.730 
642    (0)   :  0.077 0.560 0.096 0.267 
643    (0)   :  0.024 0.793 0.055 0.129 
644    (0)   :  0.030 0.602 0.059 0.309 
645    (0)   :  0.049 0.534 0.306 0.111 
646    (0)   :  0.107 0.117 0.105 0.671 
647    (0)   :  0.073 0.314 0.070 0.543 
648    (0)   :  0.134 0.311 0.122 0.433 
649    (0)   :  0.319 0.168 0.050 0.462 
650    (0)   :  0.075 0.143 0.056 0.727 
651    (0)   :  0.021 0.427 0.053 0.499 
652    (0)   :  0.040 0.594 0.070 0.296 
653    (0)   :  0.087 0.366 0.097 0.449 
654    (0)   :  0.150 0.535 0.078 0.237 
655    (0)   :  0.045 0.514 0.090 0.352 
656    (0)   :  0.138 0.242 0.090 0.531 
657    (0)   :  0.029 0.167 0.266 0.537 
658    (0)   :  0.117 0.206 0.152 0.524 
659    (0)   :  0.106 0.518 0.087 0.289 
660    (0)   :  0.062 0.688 0.047 0.203 
661    (0)   :  0.194 0.568 0.089 0.149 
662    (0)   :  0.485 0.092 0.041 0.382 
663    (0)   :  0.046 0.573 0.078 0.302 
664    (0)   :  0.060 0.230 0.230 0.480 
665    (0)   :  0.321 0.128 0.051 0.500 
666    (0)   :  0.098 0.561 0.077 0.264 
667    (0)   :  0.042 0.072 0.071 0.815 
668    (0)   :  0.089 0.470 0.130 0.311 
669    (0)   :  0.090 0.285 0.060 0.566 
670    (0)   :  0.022 0.856 0.032 0.090 
671    (0)   :  0.042 0.739 0.043 0.176 
672    (0)   :  0.067 0.673 0.087 0.173 
673    (0)   :  0.013 0.884 0.034 0.069 
674    (0)   :  0.031 0.773 0.065 0.131 
675    (0)   :  0.018 0.804 0.035 0.143 
676    (0)   :  0.015 0.885 0.032 0.068 
677    (0)   :  0.111 0.781 0.030 0.078 
678    (0)   :  0.012 0.879 0.034 0.074 
679    (0)   :  0.014 0.802 0.061 0.123 
680    (0)   :  0.023 0.825 0.055 0.097 
681    (0)   :  0.330 0.279 0.151 0.240 
682    (0)   :  0.024 0.834 0.059 0.084 
683    (0)   :  0.024 0.866 0.031 0.079 
684    (0)   :  0.015 0.876 0.033 0.076 
685    (0)   :  0.016 0.891 0.029 0.064 
686    (0)   :  0.106 0.735 0.053 0.106 
687    (0)   :  0.060 0.741 0.040 0.158 
688    (0)   :  0.020 0.827 0.040 0.112 
689    (0)   :  0.015 0.888 0.031 0.067 
690    (0)   :  0.014 0.887 0.032 0.067 
691    (0)   :  0.024 0.810 0.056 0.110 
692    (0)   :  0.016 0.822 0.047 0.115 
693    (0)   :  0.019 0.815 0.054 0.113 
694    (0)   :  0.017 0.894 0.027 0.062 
695    (0)   :  0.047 0.833 0.045 0.075 
696    (0)   :  0.021 0.827 0.040 0.112 
697    (0)   :  0.019 0.878 0.032 0.071 
698    (0)   :  0.016 0.883 0.032 0.069 
699    (0)   :  0.165 0.718 0.040 0.077 
700    (0)   :  0.057 0.767 0.085 0.090 
701    (0)   :  0.035 0.758 0.070 0.137 
702    (0)   :  0.057 0.715 0.077 0.151 
703    (0)   :  0.026 0.825 0.058 0.091 
704    (0)   :  0.031 0.831 0.038 0.100 
705    (0)   :  0.345 0.409 0.082 0.164 
706    (0)   :  0.037 0.832 0.051 0.081 
707    (0)   :  0.025 0.868 0.034 0.072 
708    (0)   :  0.019 0.873 0.031 0.077 
709    (0)   :  0.049 0.848 0.036 0.067 
710    (0)   :  0.018 0.892 0.029 0.061 
711    (0)   :  0.067 0.793 0.051 0.089 
712    (0)   :  0.075 0.826 0.027 0.072 
713    (0)   :  0.024 0.834 0.036 0.106 
714    (0)   :  0.020 0.761 0.060 0.159 
715    (0)   :  0.042 0.868 0.028 0.063 
716    (0)   :  0.035 0.843 0.050 0.072 
717    (0)   :  0.023 0.887 0.029 0.061 
718    (0)   :  0.047 0.785 0.049 0.119 
719    (0)   :  0.035 0.871 0.028 0.066 
720    (0)   :  0.022 0.038 0.171 0.769 
721    (0)   :  0.035 0.609 0.180 0.176 
722    (0)   :  0.052 0.081 0.520 0.347 
723    (0)   :  0.019 0.071 0.560 0.350 
724    (0)   :  0.028 0.196 0.620 0.156 
725    (0)   :  0.043 0.226 0.126 0.605 
726    (0)   :  0.079 0.124 0.559 0.238 
727    (0)   :  0.265 0.227 0.195 0.313 
728    (0)   :  0.017 0.022 0.880 0.080 
729    (0)   :  0.015 0.025 0.852 0.108 
730    (0)   :  0.018 0.050 0.435 0.498 
731    (0)   :  0.022 0.053 0.774 0.151 
732    (0)   :  0.018 0.071 0.555 0.355 
733    (0)   :  0.014 0.035 0.822 0.129 
734    (0)   :  0.015 0.024 0.818 0.143 
735    (0)   :  0.012 0.042 0.836 0.110 
736    (0)   :  0.022 0.049 0.573 0.356 
737    (0)   :  0.055 0.052 0.487 0.406 
738    (0)   :  0.019 0.045 0.488 0.447 
739    (0)   :  0.013 0.031 0.838 0.118 
740    (0)   :  0.022 0.718 0.051 0.209 
741    (0)   :  0.043 0.533 0.102 0.322 
742    (0)   :  0.018 0.156 0.149 0.677 
743    (0)   :  0.019 0.081 0.096 0.804 
744    (0)   :  0.244 0.100 0.064 0.593 
745    (0)   :  0.044 0.033 0.104 0.819 
746    (0)   :  0.028 0.206 0.148 0.619 
747    (0)   :  0.027 0.062 0.068 0.843 
748    (0)   :  0.018 0.458 0.063 0.461 
749    (0)   :  0.056 0.152 0.075 0.718 
750    (0)   :  0.028 0.116 0.073 0.784 
751    (0)   :  0.021 0.484 0.074 0.422 
752    (0)   :  0.027 0.083 0.093 0.797 
753    (0)   :  0.033 0.235 0.188 0.544 
754    (0)   :  0.027 0.418 0.098 0.457 
755    (0)   :  0.017 0.160 0.097 0.727 
756    (0)   :  0.023 0.252 0.052 0.674 
757    (0)   :  0.020 0.119 0.069 0.792 
758    (0)   :  0.024 0.031 0.048 0.897 
759    (0)   :  0.056 0.515 0.153 0.276 
760    (0)   :  0.021 0.121 0.219 0.640 
761    (0)   :  0.025 0.332 0.405 0.238 
762    (0)   :  0.012 0.050 0.441 0.496 
763    (0)   :  0.033 0.240 0.187 0.540 
764    (0)   :  0.017 0.072 0.066 0.845 
765    (0)   :  0.017 0.076 0.345 0.562 
766    (0)   :  0.015 0.362 0.074 0.549 
767    (0)   :  0.029 0.220 0.111 0.640 
768    (0)   :  0.013 0.052 0.467 0.468 
769    (0)   :  0.025 0.240 0.455 0.280 
770    (0)   :  0.017 0.046 0.433 0.504 
771    (0)   :  0.294 0.161 0.047 0.497 
772    (0)   :  0.072 0.294 0.124 0.510 
773    (0)   :  0.017 0.087 0.060 0.836 
774    (0)   :  0.024 0.525 0.091 0.361 
775    (0)   :  0.016 0.086 0.624 0.274 
776    (0)   :  0.020 0.050 0.082 0.847 
777    (0)   :  0.082 0.113 0.115 0.690 
778    (0)   :  0.062 0.207 0.077 0.654 
779    (0)   :  0.017 0.102 0.056 0.824 
780    (0)   :  0.018 0.400 0.074 0.508 
781    (0)   :  0.149 0.287 0.052 0.512 
782    (0)   :  0.017 0.101 0.055 0.828 
783    (0)   :  0.017 0.260 0.117 0.606 
784    (0)   :  0.021 0.066 0.176 0.737 
785    (0)   :  0.022 0.137 0.076 0.764 
786    (0)   :  0.019 0.476 0.092 0.413 
787    (0)   :  0.046 0.428 0.041 0.486 
788    (0)   :  0.036 0.080 0.133 0.751 
789    (0)   :  0.017 0.072 0.177 0.734 
790    (0)   :  0.016 0.246 0.134 0.603 
791    (0)   :  0.021 0.120 0.100 0.759 
792    (0)   :  0.069 0.468 0.043 0.420 
793    (0)   :  0.103 0.449 0.178 0.270 
794    (0)   :  0.032 0.136 0.116 0.716 
795    (0)   :  0.035 0.560 0.160 0.245 
796    (0)   :  0.039 0.148 0.077 0.736 
797    (0)   :  0.063 0.685 0.075 0.177 
798    (0)   :  0.151 0.028 0.636 0.185 
799    (0)   :  0.036 0.065 0.100 0.799 
800    (0)   :  0.206 0.505 0.035 0.255 
801    (0)   :  0.115 0.057 0.645 0.183 
802    (0)   :  0.155 0.242 0.392 0.211 
803    (0)   :  0.085 0.411 0.127 0.377 
804    (0)   :  0.255 0.119 0.135 0.490 
805    (0)   :  0.030 0.801 0.050 0.119 
806    (0)   :  0.442 0.087 0.280 0.191 
807    (0)   :  0.070 0.763 0.048 0.119 
808    (0)   :  0.234 0.448 0.067 0.251 
809    (0)   :  0.700 0.047 0.133 0.119 
810    (0)   :  0.040 0.185 0.212 0.563 
811    (0)   :  0.322 0.378 0.094 0.206 
812    (0)   :  0.811 0.026 0.050 0.113 
813    (0)   :  0.100 0.032 0.653 0.216 
814    (0)   :  0.426 0.050 0.050 0.473 
815    (0)   :  0.530 0.130 0.222 0.118 
816    (0)   :  0.142 0.333 0.272 0.254 
817    (0)   :  0.153 0.243 0.389 0.215 
818    (0)   :  0.034 0.060 0.141 0.765 
819    (0)   :  0.037 0.120 0.040 0.803 
820    (0)   :  0.080 0.154 0.060 0.707 
821    (0)   :  0.015 0.079 0.137 0.770 
822    (0)   :  0.029 0.026 0.184 0.761 
823    (0)   :  0.018 0.218 0.410 0.355 
824    (0)   :  0.019 0.143 0.082 0.756 
825    (0)   :  0.028 0.050 0.222 0.700 
826    (0)   :  0.019 0.036 0.067 0.877 
827    (0)   :  0.017 0.053 0.358 0.573 
828    (0)   :  0.019 0.094 0.441 0.446 
829    (0)   :  0.056 0.087 0.533 0.324 
830    (0)   :  0.013 0.035 0.288 0.664 
831    (0)   :  0.031 0.119 0.189 0.660 
832    (0)   :  0.108 0.122 0.215 0.554 
833    (0)   :  0.058 0.153 0.431 0.358 
834    (0)   :  0.031 0.116 0.276 0.577 
835    (0)   :  0.031 0.033 0.068 0.867 
836    (0)   :  0.119 0.068 0.083 0.731 
837    (0)   :  0.032 0.273 0.397 0.298 
838    (0)   :  0.121 0.037 0.062 0.780 
839    (0)   :  0.014 0.054 0.180 0.752 
840    (0)   :  0.132 0.152 0.066 0.650 
841    (0)   :  0.066 0.088 0.053 0.793 
842    (0)   :  0.015 0.027 0.081 0.876 
843    (0)   :  0.131 0.311 0.075 0.483 
844    (0)   :  0.045 0.134 0.141 0.679 
845    (0)   :  0.013 0.035 0.085 0.867 
846    (0)   :  0.023 0.088 0.062 0.827 
847    (0)   :  0.016 0.159 0.040 0.786 
848    (0)   :  0.030 0.071 0.045 0.854 
849    (0)   :  0.018 0.052 0.104 0.825 
850    (0)   :  0.020 0.048 0.158 0.774 
851    (0)   :  0.017 0.042 0.052 0.889 
852    (0)   :  0.015 0.514 0.195 0.276 
853    (0)   :  0.032 0.043 0.206 0.718 
854    (0)   :  0.016 0.221 0.274 0.489 
855    (0)   :  0.020 0.068 0.062 0.850 
856    (0)   :  0.019 0.105 0.065 0.811 
857    (0)   :  0.120 0.057 0.086 0.738 
858    (0)   :  0.020 0.042 0.079 0.859 
859    (0)   :  0.015 0.044 0.203 0.739 
860    (0)   :  0.027 0.039 0.058 0.876 
861    (0)   :  0.076 0.400 0.047 0.477 
862    (0)   :  0.025 0.030 0.860 0.085 
863    (0)   :  0.028 0.077 0.774 0.121 
864    (0)   :  0.014 0.052 0.854 0.080 
865    (0)   :  0.018 0.022 0.832 0.128 
866    (0)   :  0.021 0.040 0.362 0.577 
867    (0)   :  0.023 0.048 0.832 0.096 
868    (0)   :  0.033 0.043 0.705 0.219 
869    (0)   :  0.019 0.043 0.413 0.525 
870    (0)   :  0.097 0.029 0.623 0.252 
871    (0)   :  0.025 0.027 0.761 0.187 
872    (0)   :  0.014 0.035 0.831 0.120 
873    (0)   :  0.017 0.041 0.842 0.100 
874    (0)   :  0.025 0.026 0.848 0.101 
875    (0)   :  0.061 0.047 0.431 0.461 
876    (0)   :  0.052 0.033 0.125 0.790 
877    (0)   :  0.016 0.035 0.868 0.081 
878    (0)   :  0.038 0.063 0.363 0.537 
879    (0)   :  0.014 0.051 0.830 0.105 
880    (0)   :  0.110 0.036 0.470 0.384 
881    (0)   :  0.017 0.045 0.807 0.130 
882    (0)   :  0.012 0.043 0.838 0.108 
883    (0)   :  0.054 0.047 0.116 0.782 
884    (0)   :  0.016 0.022 0.833 0.129 
885    (0)   :  0.148 0.068 0.556 0.228 
886    (0)   :  0.020 0.061 0.596 0.322 
887    (0)   :  0.016 0.027 0.822 0.136 
888    (0)   :  0.159 0.105 0.434 0.302 
889    (0)   :  0.020 0.022 0.847 0.111 
890    (0)   :  0.046 0.024 0.475 0.456 
891    (0)   :  0.035 0.038 0.072 0.855 
892    (0)   :  0.031 0.045 0.076 0.848 
893    (0)   :  0.151 0.067 0.151 0.631 
894    (0)   :  0.016 0.027 0.304 0.654 
895    (0)   :  0.020 0.028 0.775 0.177 
896    (0)   :  0.045 0.066 0.053 0.836 
897    (0)   :  0.024 0.040 0.054 0.882 
898    (0)   :  0.037 0.079 0.314 0.570 
899    (0)   :  0.016 0.022 0.193 0.769 
900    (0)   :  0.034 0.034 0.070 0.863 
901    (0)   :  0.020 0.035 0.084 0.861 
902    (0)   :  0.143 0.050 0.067 0.740 
903    (0)   :  0.027 0.036 0.563 0.374 
904    (0)   :  0.037 0.077 0.362 0.525 
905    (0)   :  0.015 0.026 0.574 0.385 
906    (0)   :  0.063 0.047 0.235 0.655 
907    (0)   :  0.017 0.053 0.140 0.790 
908    (0)   :  0.015 0.043 0.153 0.789 
909    (0)   :  0.103 0.050 0.221 0.626 
910    (0)   :  0.073 0.047 0.090 0.789 
911    (0)   :  0.019 0.023 0.683 0.275 
912    (0)   :  0.022 0.028 0.236 0.714 
913    (0)   :  0.035 0.026 0.349 0.590 
914    (0)   :  0.023 0.144 0.209 0.624 
915    (0)   :  0.042 0.022 0.236 0.700 
916    (0)   :  0.020 0.032 0.127 0.822 
917    (0)   :  0.028 0.032 0.184 0.757 
918    (0)   :  0.033 0.127 0.375 0.465 
919    (0)   :  0.023 0.068 0.521 0.387 
920    (0)   :  0.018 0.047 0.127 0.808 
921    (0)   :  0.283 0.258 0.089 0.370 
922    (0)   :  0.464 0.050 0.066 0.420 
923    (0)   :  0.153 0.098 0.050 0.698 
924    (0)   :  0.343 0.047 0.052 0.558 
925    (0)   :  0.270 0.082 0.073 0.574 
926    (0)   :  0.767 0.060 0.031 0.142 
927    (0)   :  0.715 0.090 0.049 0.146 
928    (0)   :  0.355 0.321 0.035 0.288 
929    (0)   :  0.658 0.044 0.037 0.261 
930    (0)   :  0.466 0.085 0.064 0.385 
931    (0)   :  0.800 0.068 0.069 0.063 
932    (0)   :  0.804 0.029 0.034 0.133 
933    (0)   :  0.237 0.506 0.046 0.211 
