

----------------------------------------------------
STRUCTURE by Pritchard, Stephens and Donnelly (2000)
     and Falush, Stephens and Pritchard (2003)
       Code by Pritchard, Falush and Hubisz
             Version 2.3.4 (Jul 2012)
----------------------------------------------------



Command line arguments:   ./structure -K 9 -D 109006 -m brooktrout/mainparams -e brooktrout/extraparams -o brooktrout/250914_output/results_K9_rep6 
Input File:    brooktrout/brooktrout.txt

Run parameters:
   8454 individuals
   5 loci
   9 populations assumed
   50000 Burn-in period
   100000 Reps
RANDOMIZE turned off


--------------------------------------------
Overall proportion of membership of the
sample in each of the 9 clusters

Inferred Clusters
  1      2      3      4      5      6      7      8      9    
0.010  0.011  0.032  0.074  0.132  0.182  0.184  0.199  0.176  

--------------------------------------------

Allele-freq. divergence among pops (Net nucleotide distance),
computed using point estimates of P.

      1       2       3       4       5       6       7       8       9      
 1      -    0.1335  0.1802  0.1343  0.1400  0.1131  0.1250  0.0968  0.1381  
 2   0.1335     -    0.2208  0.1932  0.1463  0.1778  0.1664  0.1726  0.1690  
 3   0.1802  0.2208     -    0.2412  0.2548  0.1529  0.1908  0.1402  0.2150  
 4   0.1343  0.1932  0.2412     -    0.2207  0.1235  0.1814  0.1273  0.1285  
 5   0.1400  0.1463  0.2548  0.2207     -    0.2089  0.0834  0.1855  0.1470  
 6   0.1131  0.1778  0.1529  0.1235  0.2089     -    0.1600  0.0776  0.1269  
 7   0.1250  0.1664  0.1908  0.1814  0.0834  0.1600     -    0.1272  0.1139  
 8   0.0968  0.1726  0.1402  0.1273  0.1855  0.0776  0.1272     -    0.1301  
 9   0.1381  0.1690  0.2150  0.1285  0.1470  0.1269  0.1139  0.1301     -    

Average distances (expected heterozygosity) between individuals in same cluster:
cluster  1  : 0.8202 
cluster  2  : 0.7620 
cluster  3  : 0.6516 
cluster  4  : 0.7611 
cluster  5  : 0.6837 
cluster  6  : 0.7529 
cluster  7  : 0.7130 
cluster  8  : 0.7339 
cluster  9  : 0.7703 

--------------------------------------------
Estimated Ln Prob of Data   = -184408.0
Mean value of ln likelihood = -172081.7
Variance of ln likelihood   = 24652.7

Mean value of alpha_1       = 0.0467
Mean value of alpha_2       = 0.0519
Mean value of alpha_3       = 0.1403
Mean value of alpha_4       = 0.3496
Mean value of alpha_5       = 0.6051
Mean value of alpha_6       = 0.8452
Mean value of alpha_7       = 0.8680
Mean value of alpha_8       = 0.9251
Mean value of alpha_9       = 0.8324
Allele frequencies uncorrelated


Inferred ancestry of individuals:
     (%Miss) :  Inferred clusters
  1    (0)   :  0.006 0.011 0.021 0.060 0.098 0.129 0.333 0.219 0.122 
  2    (0)   :  0.005 0.004 0.013 0.101 0.076 0.134 0.120 0.183 0.364 
  3    (0)   :  0.008 0.005 0.026 0.029 0.084 0.133 0.246 0.322 0.146 
  4    (0)   :  0.015 0.019 0.027 0.043 0.289 0.130 0.223 0.119 0.135 
  5    (0)   :  0.006 0.008 0.013 0.151 0.079 0.139 0.107 0.220 0.277 
  6    (0)   :  0.006 0.005 0.014 0.033 0.098 0.146 0.088 0.500 0.109 
  7    (0)   :  0.007 0.005 0.018 0.055 0.068 0.378 0.113 0.266 0.089 
  8    (0)   :  0.025 0.143 0.024 0.043 0.115 0.155 0.192 0.197 0.105 
  9    (0)   :  0.012 0.005 0.016 0.082 0.081 0.126 0.208 0.278 0.192 
 10    (0)   :  0.008 0.111 0.014 0.057 0.101 0.171 0.140 0.309 0.089 
 11    (0)   :  0.005 0.005 0.019 0.096 0.062 0.306 0.144 0.280 0.084 
 12    (0)   :  0.006 0.005 0.013 0.095 0.123 0.143 0.121 0.230 0.264 
 13    (0)   :  0.008 0.005 0.015 0.066 0.088 0.191 0.177 0.288 0.163 
 14    (0)   :  0.004 0.017 0.025 0.043 0.092 0.104 0.162 0.204 0.349 
 15    (0)   :  0.006 0.006 0.037 0.054 0.193 0.170 0.189 0.166 0.178 
 16    (0)   :  0.005 0.005 0.018 0.065 0.071 0.160 0.200 0.380 0.095 
 17    (0)   :  0.011 0.005 0.017 0.076 0.102 0.126 0.140 0.342 0.180 
 18    (0)   :  0.012 0.007 0.032 0.043 0.139 0.111 0.148 0.262 0.245 
 19    (0)   :  0.006 0.004 0.014 0.058 0.089 0.156 0.134 0.423 0.115 
 20    (0)   :  0.006 0.005 0.029 0.102 0.119 0.233 0.131 0.192 0.182 
 21    (0)   :  0.005 0.009 0.018 0.051 0.162 0.113 0.222 0.185 0.233 
 22    (0)   :  0.009 0.005 0.014 0.035 0.087 0.114 0.184 0.443 0.110 
 23    (0)   :  0.009 0.015 0.030 0.061 0.099 0.110 0.309 0.141 0.226 
 24    (0)   :  0.005 0.005 0.019 0.056 0.111 0.140 0.317 0.247 0.101 
 25    (0)   :  0.006 0.006 0.025 0.070 0.060 0.224 0.092 0.350 0.166 
 26    (0)   :  0.009 0.005 0.021 0.066 0.160 0.134 0.176 0.264 0.165 
 27    (0)   :  0.007 0.005 0.016 0.069 0.108 0.129 0.175 0.322 0.170 
 28    (0)   :  0.006 0.035 0.018 0.042 0.225 0.192 0.168 0.180 0.136 
 29    (0)   :  0.004 0.004 0.013 0.112 0.071 0.216 0.194 0.208 0.177 
 30    (0)   :  0.005 0.004 0.016 0.043 0.072 0.108 0.185 0.424 0.141 
 31    (0)   :  0.016 0.113 0.014 0.074 0.078 0.178 0.134 0.199 0.194 
 32    (0)   :  0.005 0.012 0.024 0.043 0.128 0.129 0.196 0.279 0.183 
 33    (0)   :  0.006 0.004 0.018 0.040 0.079 0.193 0.284 0.251 0.126 
 34    (0)   :  0.007 0.121 0.020 0.107 0.074 0.272 0.094 0.224 0.081 
 35    (0)   :  0.014 0.004 0.013 0.092 0.059 0.107 0.175 0.268 0.267 
 36    (0)   :  0.005 0.009 0.106 0.037 0.057 0.114 0.306 0.163 0.203 
 37    (0)   :  0.008 0.005 0.014 0.035 0.103 0.128 0.311 0.194 0.203 
 38    (0)   :  0.006 0.005 0.243 0.089 0.051 0.204 0.135 0.143 0.125 
 39    (0)   :  0.009 0.005 0.029 0.074 0.082 0.215 0.142 0.226 0.217 
 40    (0)   :  0.004 0.005 0.022 0.041 0.068 0.086 0.374 0.178 0.221 
 41    (0)   :  0.009 0.009 0.031 0.070 0.047 0.188 0.288 0.194 0.164 
 42    (0)   :  0.005 0.005 0.049 0.053 0.073 0.093 0.491 0.120 0.110 
 43    (0)   :  0.009 0.011 0.013 0.048 0.069 0.139 0.307 0.147 0.256 
 44    (0)   :  0.009 0.005 0.011 0.041 0.047 0.106 0.219 0.220 0.342 
 45    (0)   :  0.006 0.005 0.064 0.086 0.050 0.131 0.185 0.171 0.303 
 46    (0)   :  0.013 0.005 0.016 0.058 0.086 0.146 0.109 0.316 0.252 
 47    (0)   :  0.024 0.011 0.013 0.070 0.083 0.127 0.198 0.311 0.161 
 48    (0)   :  0.011 0.004 0.015 0.048 0.051 0.087 0.210 0.199 0.373 
 49    (0)   :  0.010 0.005 0.019 0.109 0.073 0.116 0.230 0.230 0.208 
 50    (0)   :  0.012 0.038 0.016 0.058 0.089 0.200 0.091 0.338 0.158 
 51    (0)   :  0.005 0.009 0.081 0.048 0.048 0.101 0.319 0.116 0.275 
 52    (0)   :  0.011 0.005 0.019 0.085 0.088 0.222 0.193 0.228 0.149 
 53    (0)   :  0.009 0.013 0.095 0.038 0.080 0.192 0.185 0.253 0.134 
 54    (0)   :  0.010 0.005 0.011 0.072 0.085 0.123 0.203 0.178 0.313 
 55    (0)   :  0.007 0.005 0.014 0.047 0.067 0.111 0.167 0.137 0.445 
 56    (0)   :  0.008 0.004 0.029 0.074 0.078 0.088 0.218 0.212 0.287 
 57    (0)   :  0.017 0.012 0.018 0.084 0.197 0.146 0.164 0.273 0.088 
 58    (0)   :  0.006 0.005 0.025 0.081 0.064 0.133 0.258 0.147 0.280 
 59    (0)   :  0.006 0.005 0.096 0.155 0.066 0.115 0.217 0.157 0.185 
 60    (0)   :  0.005 0.012 0.034 0.035 0.110 0.118 0.299 0.126 0.261 
 61    (0)   :  0.004 0.005 0.011 0.044 0.093 0.092 0.196 0.092 0.464 
 62    (0)   :  0.012 0.005 0.015 0.226 0.103 0.131 0.115 0.226 0.168 
 63    (0)   :  0.004 0.005 0.018 0.041 0.081 0.212 0.288 0.137 0.214 
 64    (0)   :  0.007 0.004 0.035 0.091 0.062 0.125 0.136 0.362 0.178 
 65    (0)   :  0.006 0.005 0.015 0.071 0.057 0.329 0.097 0.208 0.212 
 66    (0)   :  0.005 0.013 0.015 0.056 0.133 0.166 0.215 0.138 0.258 
 67    (0)   :  0.006 0.005 0.011 0.047 0.058 0.116 0.150 0.144 0.462 
 68    (0)   :  0.007 0.005 0.094 0.114 0.076 0.118 0.245 0.152 0.189 
 69    (0)   :  0.006 0.238 0.127 0.117 0.063 0.113 0.106 0.127 0.103 
 70    (0)   :  0.005 0.013 0.037 0.042 0.067 0.247 0.314 0.117 0.158 
 71    (0)   :  0.006 0.009 0.088 0.141 0.049 0.135 0.146 0.164 0.261 
 72    (0)   :  0.007 0.009 0.027 0.038 0.054 0.139 0.208 0.327 0.191 
 73    (0)   :  0.006 0.009 0.022 0.144 0.057 0.140 0.148 0.121 0.354 
 74    (0)   :  0.005 0.005 0.090 0.035 0.068 0.096 0.381 0.149 0.173 
 75    (0)   :  0.005 0.009 0.053 0.043 0.076 0.079 0.442 0.128 0.165 
 76    (0)   :  0.006 0.005 0.014 0.032 0.062 0.244 0.189 0.148 0.300 
 77    (0)   :  0.005 0.005 0.081 0.086 0.046 0.220 0.222 0.156 0.179 
 78    (0)   :  0.005 0.005 0.201 0.090 0.046 0.186 0.212 0.129 0.127 
 79    (0)   :  0.005 0.005 0.016 0.051 0.076 0.290 0.133 0.295 0.129 
 80    (0)   :  0.005 0.005 0.014 0.033 0.228 0.164 0.315 0.122 0.113 
 81    (0)   :  0.006 0.005 0.015 0.032 0.237 0.228 0.216 0.149 0.112 
 82    (0)   :  0.005 0.005 0.015 0.084 0.099 0.159 0.239 0.152 0.242 
 83    (0)   :  0.005 0.007 0.028 0.030 0.175 0.244 0.192 0.158 0.161 
 84    (0)   :  0.005 0.005 0.016 0.034 0.169 0.291 0.183 0.181 0.116 
 85    (0)   :  0.005 0.007 0.032 0.034 0.180 0.159 0.214 0.232 0.137 
 86    (0)   :  0.008 0.005 0.017 0.084 0.075 0.142 0.110 0.202 0.358 
 87    (0)   :  0.006 0.013 0.029 0.042 0.081 0.398 0.147 0.150 0.136 
 88    (0)   :  0.005 0.005 0.015 0.043 0.128 0.211 0.300 0.147 0.145 
 89    (0)   :  0.006 0.015 0.015 0.036 0.169 0.179 0.292 0.149 0.139 
 90    (0)   :  0.005 0.005 0.015 0.046 0.093 0.394 0.144 0.154 0.144 
 91    (0)   :  0.005 0.006 0.032 0.029 0.210 0.147 0.296 0.151 0.125 
 92    (0)   :  0.005 0.006 0.015 0.052 0.104 0.236 0.196 0.224 0.161 
 93    (0)   :  0.005 0.027 0.012 0.036 0.344 0.094 0.264 0.119 0.099 
 94    (0)   :  0.004 0.006 0.042 0.029 0.073 0.489 0.125 0.133 0.099 
 95    (0)   :  0.005 0.005 0.014 0.038 0.120 0.355 0.225 0.110 0.129 
 96    (0)   :  0.005 0.005 0.012 0.041 0.101 0.105 0.317 0.095 0.319 
 97    (0)   :  0.006 0.005 0.060 0.043 0.089 0.086 0.364 0.150 0.197 
 98    (0)   :  0.004 0.005 0.014 0.054 0.059 0.131 0.296 0.218 0.220 
 99    (0)   :  0.005 0.006 0.015 0.037 0.162 0.311 0.172 0.169 0.123 
100    (0)   :  0.006 0.005 0.011 0.040 0.211 0.088 0.351 0.099 0.187 
101    (0)   :  0.006 0.053 0.030 0.045 0.086 0.270 0.204 0.148 0.157 
102    (0)   :  0.006 0.007 0.028 0.060 0.161 0.200 0.292 0.107 0.139 
103    (0)   :  0.006 0.034 0.013 0.051 0.129 0.205 0.127 0.116 0.319 
104    (0)   :  0.005 0.010 0.012 0.052 0.124 0.442 0.072 0.124 0.159 
105    (0)   :  0.006 0.030 0.012 0.138 0.152 0.257 0.097 0.109 0.198 
106    (0)   :  0.005 0.004 0.021 0.042 0.046 0.478 0.086 0.185 0.133 
107    (0)   :  0.007 0.016 0.013 0.071 0.129 0.287 0.123 0.119 0.235 
108    (0)   :  0.004 0.006 0.150 0.035 0.070 0.098 0.081 0.107 0.448 
109    (0)   :  0.006 0.010 0.035 0.224 0.051 0.256 0.082 0.153 0.183 
110    (0)   :  0.005 0.008 0.022 0.058 0.049 0.496 0.095 0.173 0.095 
111    (0)   :  0.007 0.008 0.014 0.125 0.085 0.404 0.083 0.115 0.158 
112    (0)   :  0.005 0.005 0.020 0.243 0.055 0.361 0.093 0.110 0.109 
113    (0)   :  0.006 0.011 0.027 0.068 0.086 0.134 0.137 0.185 0.345 
114    (0)   :  0.004 0.010 0.011 0.093 0.150 0.394 0.080 0.118 0.139 
115    (0)   :  0.006 0.006 0.016 0.119 0.065 0.296 0.160 0.129 0.203 
116    (0)   :  0.006 0.005 0.040 0.074 0.046 0.316 0.112 0.160 0.240 
117    (0)   :  0.007 0.011 0.022 0.148 0.051 0.361 0.142 0.171 0.087 
118    (0)   :  0.005 0.005 0.020 0.168 0.076 0.163 0.088 0.123 0.352 
119    (0)   :  0.005 0.007 0.023 0.029 0.104 0.191 0.314 0.099 0.229 
120    (0)   :  0.006 0.007 0.016 0.130 0.082 0.298 0.131 0.123 0.208 
121    (0)   :  0.014 0.017 0.022 0.196 0.051 0.255 0.138 0.128 0.178 
122    (0)   :  0.004 0.009 0.018 0.084 0.066 0.396 0.095 0.188 0.140 
123    (0)   :  0.006 0.010 0.023 0.067 0.092 0.391 0.103 0.131 0.178 
124    (0)   :  0.012 0.006 0.022 0.117 0.065 0.235 0.106 0.204 0.234 
125    (0)   :  0.005 0.007 0.044 0.172 0.052 0.204 0.181 0.238 0.096 
126    (0)   :  0.004 0.005 0.022 0.038 0.084 0.345 0.139 0.136 0.227 
127    (0)   :  0.007 0.006 0.013 0.085 0.088 0.433 0.086 0.095 0.188 
128    (0)   :  0.005 0.004 0.012 0.141 0.071 0.149 0.096 0.141 0.380 
129    (0)   :  0.007 0.027 0.012 0.079 0.057 0.288 0.084 0.117 0.330 
130    (0)   :  0.007 0.014 0.013 0.132 0.128 0.336 0.104 0.124 0.141 
131    (0)   :  0.010 0.022 0.125 0.099 0.049 0.253 0.099 0.191 0.153 
132    (0)   :  0.005 0.010 0.016 0.052 0.055 0.386 0.082 0.162 0.233 
133    (0)   :  0.009 0.015 0.018 0.050 0.091 0.314 0.096 0.127 0.281 
134    (0)   :  0.004 0.004 0.016 0.083 0.042 0.547 0.072 0.142 0.090 
135    (0)   :  0.006 0.005 0.018 0.081 0.263 0.080 0.246 0.095 0.205 
136    (0)   :  0.006 0.010 0.013 0.056 0.400 0.074 0.204 0.141 0.096 
137    (0)   :  0.005 0.012 0.014 0.068 0.283 0.095 0.337 0.108 0.078 
138    (0)   :  0.005 0.005 0.017 0.030 0.519 0.079 0.144 0.106 0.094 
139    (0)   :  0.005 0.009 0.015 0.054 0.209 0.084 0.154 0.134 0.336 
140    (0)   :  0.006 0.014 0.018 0.041 0.225 0.129 0.248 0.148 0.171 
141    (0)   :  0.006 0.027 0.017 0.050 0.366 0.083 0.142 0.189 0.119 
142    (0)   :  0.006 0.013 0.017 0.062 0.255 0.080 0.205 0.094 0.268 
143    (0)   :  0.004 0.005 0.012 0.030 0.378 0.069 0.321 0.090 0.091 
144    (0)   :  0.005 0.006 0.013 0.068 0.329 0.091 0.308 0.095 0.085 
145    (0)   :  0.007 0.011 0.017 0.068 0.249 0.083 0.236 0.192 0.137 
146    (0)   :  0.007 0.011 0.018 0.048 0.254 0.135 0.241 0.172 0.113 
147    (0)   :  0.005 0.008 0.012 0.033 0.438 0.072 0.254 0.102 0.076 
148    (0)   :  0.006 0.039 0.013 0.062 0.291 0.099 0.166 0.151 0.174 
149    (0)   :  0.005 0.182 0.018 0.045 0.150 0.076 0.256 0.110 0.158 
150    (0)   :  0.006 0.013 0.013 0.089 0.285 0.125 0.229 0.125 0.116 
151    (0)   :  0.005 0.005 0.012 0.038 0.378 0.091 0.253 0.107 0.110 
152    (0)   :  0.006 0.017 0.025 0.060 0.304 0.093 0.160 0.147 0.188 
153    (0)   :  0.005 0.010 0.018 0.036 0.379 0.097 0.214 0.120 0.119 
154    (0)   :  0.006 0.249 0.014 0.048 0.142 0.073 0.168 0.138 0.164 
155    (0)   :  0.005 0.005 0.011 0.031 0.534 0.096 0.118 0.098 0.101 
156    (0)   :  0.004 0.005 0.012 0.046 0.350 0.087 0.222 0.085 0.188 
157    (0)   :  0.004 0.010 0.014 0.031 0.390 0.178 0.182 0.107 0.084 
158    (0)   :  0.007 0.010 0.019 0.068 0.258 0.082 0.261 0.188 0.107 
159    (0)   :  0.006 0.101 0.013 0.040 0.318 0.073 0.266 0.097 0.086 
160    (0)   :  0.007 0.092 0.014 0.043 0.403 0.074 0.171 0.099 0.098 
161    (0)   :  0.005 0.010 0.016 0.037 0.142 0.097 0.455 0.137 0.101 
162    (0)   :  0.009 0.011 0.017 0.052 0.291 0.135 0.154 0.183 0.148 
163    (0)   :  0.004 0.005 0.012 0.032 0.490 0.088 0.160 0.090 0.118 
164    (0)   :  0.008 0.167 0.014 0.040 0.185 0.124 0.157 0.143 0.162 
165    (0)   :  0.006 0.006 0.014 0.089 0.325 0.119 0.230 0.109 0.103 
166    (0)   :  0.005 0.158 0.029 0.029 0.184 0.162 0.179 0.101 0.154 
167    (0)   :  0.009 0.307 0.014 0.037 0.186 0.093 0.104 0.160 0.088 
168    (0)   :  0.005 0.006 0.044 0.034 0.393 0.094 0.179 0.128 0.116 
169    (0)   :  0.007 0.011 0.061 0.074 0.194 0.080 0.240 0.237 0.096 
170    (0)   :  0.005 0.005 0.012 0.032 0.123 0.087 0.503 0.099 0.135 
171    (0)   :  0.006 0.010 0.028 0.038 0.316 0.100 0.164 0.163 0.177 
172    (0)   :  0.005 0.031 0.054 0.049 0.167 0.075 0.340 0.134 0.143 
173    (0)   :  0.005 0.008 0.012 0.040 0.508 0.074 0.136 0.099 0.119 
174    (0)   :  0.005 0.009 0.012 0.035 0.468 0.097 0.161 0.120 0.091 
175    (0)   :  0.006 0.005 0.012 0.037 0.297 0.073 0.339 0.142 0.088 
176    (0)   :  0.005 0.006 0.013 0.068 0.327 0.090 0.311 0.095 0.085 
177    (0)   :  0.005 0.010 0.020 0.037 0.339 0.197 0.163 0.134 0.094 
178    (0)   :  0.006 0.010 0.012 0.039 0.432 0.098 0.124 0.181 0.099 
179    (0)   :  0.005 0.017 0.012 0.029 0.536 0.073 0.132 0.104 0.093 
180    (0)   :  0.008 0.033 0.018 0.046 0.247 0.104 0.276 0.157 0.109 
181    (0)   :  0.006 0.010 0.016 0.053 0.256 0.081 0.298 0.122 0.158 
182    (0)   :  0.007 0.006 0.013 0.046 0.337 0.072 0.257 0.090 0.174 
183    (0)   :  0.005 0.009 0.012 0.033 0.431 0.074 0.227 0.105 0.105 
184    (0)   :  0.007 0.005 0.017 0.053 0.074 0.115 0.115 0.203 0.412 
185    (0)   :  0.004 0.005 0.012 0.043 0.411 0.062 0.205 0.079 0.179 
186    (0)   :  0.006 0.005 0.011 0.040 0.069 0.177 0.125 0.216 0.351 
187    (0)   :  0.005 0.005 0.013 0.038 0.241 0.106 0.136 0.139 0.317 
188    (0)   :  0.006 0.005 0.011 0.041 0.056 0.139 0.094 0.188 0.461 
189    (0)   :  0.005 0.005 0.041 0.031 0.148 0.104 0.232 0.230 0.204 
190    (0)   :  0.004 0.004 0.011 0.043 0.152 0.066 0.182 0.071 0.467 
191    (0)   :  0.005 0.005 0.011 0.061 0.110 0.104 0.119 0.157 0.428 
192    (0)   :  0.004 0.005 0.013 0.046 0.153 0.138 0.231 0.171 0.239 
193    (0)   :  0.005 0.005 0.014 0.065 0.133 0.113 0.221 0.189 0.256 
194    (0)   :  0.005 0.006 0.013 0.037 0.100 0.118 0.299 0.136 0.286 
195    (0)   :  0.005 0.005 0.010 0.031 0.229 0.068 0.190 0.090 0.373 
196    (0)   :  0.004 0.004 0.013 0.048 0.144 0.087 0.161 0.091 0.448 
197    (0)   :  0.006 0.005 0.013 0.055 0.183 0.153 0.108 0.227 0.249 
198    (0)   :  0.004 0.005 0.016 0.041 0.109 0.150 0.197 0.242 0.236 
199    (0)   :  0.005 0.004 0.018 0.051 0.088 0.093 0.278 0.095 0.369 
200    (0)   :  0.004 0.005 0.021 0.059 0.139 0.090 0.138 0.134 0.410 
201    (0)   :  0.004 0.005 0.011 0.036 0.368 0.077 0.137 0.109 0.253 
202    (0)   :  0.004 0.005 0.011 0.042 0.185 0.085 0.358 0.087 0.223 
203    (0)   :  0.004 0.005 0.011 0.046 0.346 0.075 0.139 0.090 0.284 
204    (0)   :  0.005 0.005 0.010 0.038 0.122 0.074 0.164 0.085 0.497 
205    (0)   :  0.004 0.005 0.017 0.041 0.102 0.096 0.138 0.116 0.481 
206    (0)   :  0.005 0.006 0.010 0.036 0.146 0.072 0.144 0.107 0.474 
207    (0)   :  0.004 0.004 0.010 0.061 0.075 0.096 0.159 0.096 0.495 
208    (0)   :  0.005 0.005 0.011 0.044 0.257 0.083 0.108 0.102 0.387 
209    (0)   :  0.005 0.005 0.011 0.064 0.116 0.109 0.173 0.163 0.355 
210    (0)   :  0.004 0.005 0.011 0.041 0.154 0.088 0.143 0.107 0.447 
211    (0)   :  0.006 0.004 0.011 0.129 0.123 0.101 0.207 0.088 0.332 
212    (0)   :  0.004 0.005 0.011 0.039 0.249 0.076 0.290 0.132 0.193 
213    (0)   :  0.004 0.005 0.015 0.043 0.080 0.151 0.236 0.119 0.346 
214    (0)   :  0.004 0.005 0.011 0.052 0.251 0.076 0.267 0.100 0.235 
215    (0)   :  0.004 0.005 0.016 0.054 0.093 0.101 0.098 0.106 0.523 
216    (0)   :  0.007 0.005 0.015 0.055 0.087 0.120 0.156 0.234 0.322 
217    (0)   :  0.004 0.005 0.015 0.039 0.246 0.075 0.219 0.110 0.288 
218    (0)   :  0.005 0.005 0.016 0.045 0.127 0.118 0.147 0.125 0.413 
219    (0)   :  0.009 0.006 0.023 0.036 0.202 0.104 0.166 0.226 0.228 
220    (0)   :  0.004 0.005 0.011 0.043 0.103 0.088 0.117 0.101 0.528 
221    (0)   :  0.004 0.005 0.010 0.036 0.126 0.066 0.520 0.080 0.152 
222    (0)   :  0.007 0.005 0.015 0.040 0.111 0.117 0.186 0.279 0.239 
223    (0)   :  0.005 0.005 0.017 0.038 0.271 0.106 0.167 0.157 0.235 
224    (0)   :  0.005 0.006 0.011 0.039 0.210 0.075 0.205 0.108 0.342 
225    (0)   :  0.005 0.005 0.013 0.042 0.121 0.088 0.174 0.110 0.443 
226    (0)   :  0.006 0.006 0.097 0.056 0.131 0.105 0.162 0.156 0.282 
227    (0)   :  0.004 0.006 0.011 0.038 0.165 0.094 0.213 0.090 0.380 
228    (0)   :  0.005 0.005 0.011 0.041 0.214 0.062 0.179 0.083 0.401 
229    (0)   :  0.005 0.005 0.011 0.041 0.222 0.090 0.223 0.121 0.282 
230    (0)   :  0.005 0.005 0.011 0.051 0.173 0.086 0.207 0.105 0.358 
231    (0)   :  0.005 0.005 0.011 0.051 0.259 0.085 0.147 0.169 0.267 
232    (0)   :  0.005 0.005 0.017 0.044 0.100 0.129 0.348 0.132 0.221 
233    (0)   :  0.005 0.005 0.011 0.049 0.403 0.078 0.157 0.105 0.189 
234    (0)   :  0.004 0.005 0.013 0.058 0.184 0.119 0.147 0.229 0.242 
235    (0)   :  0.005 0.005 0.019 0.037 0.158 0.100 0.254 0.144 0.278 
236    (0)   :  0.005 0.005 0.013 0.059 0.252 0.090 0.192 0.136 0.249 
237    (0)   :  0.004 0.005 0.011 0.071 0.099 0.088 0.130 0.116 0.476 
238    (0)   :  0.004 0.005 0.010 0.045 0.220 0.095 0.288 0.118 0.215 
239    (0)   :  0.004 0.005 0.011 0.031 0.229 0.068 0.189 0.090 0.373 
240    (0)   :  0.004 0.005 0.011 0.044 0.219 0.095 0.291 0.117 0.214 
241    (0)   :  0.005 0.005 0.014 0.038 0.188 0.081 0.359 0.101 0.208 
242    (0)   :  0.005 0.006 0.021 0.032 0.145 0.095 0.174 0.169 0.355 
243    (0)   :  0.004 0.004 0.011 0.054 0.153 0.071 0.155 0.079 0.468 
244    (0)   :  0.005 0.005 0.011 0.051 0.250 0.076 0.185 0.099 0.319 
245    (0)   :  0.004 0.005 0.011 0.032 0.351 0.086 0.230 0.097 0.185 
246    (0)   :  0.005 0.005 0.015 0.038 0.244 0.075 0.221 0.109 0.288 
247    (0)   :  0.004 0.005 0.018 0.042 0.063 0.243 0.125 0.148 0.352 
248    (0)   :  0.004 0.004 0.012 0.065 0.075 0.108 0.094 0.120 0.518 
249    (0)   :  0.005 0.005 0.011 0.052 0.167 0.090 0.297 0.108 0.267 
250    (0)   :  0.005 0.005 0.013 0.057 0.172 0.107 0.219 0.144 0.280 
251    (0)   :  0.005 0.005 0.035 0.064 0.114 0.119 0.129 0.197 0.332 
252    (0)   :  0.005 0.005 0.013 0.034 0.158 0.093 0.220 0.130 0.341 
253    (0)   :  0.005 0.005 0.024 0.046 0.075 0.143 0.194 0.145 0.364 
254    (0)   :  0.007 0.005 0.013 0.042 0.146 0.103 0.143 0.229 0.313 
255    (0)   :  0.005 0.005 0.011 0.047 0.148 0.117 0.202 0.203 0.261 
256    (0)   :  0.005 0.005 0.013 0.048 0.148 0.085 0.282 0.112 0.302 
257    (0)   :  0.009 0.008 0.014 0.051 0.125 0.108 0.199 0.127 0.359 
258    (0)   :  0.004 0.005 0.013 0.053 0.117 0.120 0.120 0.151 0.417 
259    (0)   :  0.005 0.006 0.013 0.054 0.107 0.099 0.200 0.132 0.384 
260    (0)   :  0.006 0.005 0.013 0.043 0.215 0.107 0.192 0.240 0.179 
261    (0)   :  0.004 0.005 0.013 0.034 0.222 0.080 0.204 0.119 0.317 
262    (0)   :  0.004 0.004 0.014 0.038 0.179 0.066 0.243 0.081 0.370 
263    (0)   :  0.007 0.005 0.010 0.049 0.097 0.090 0.111 0.147 0.484 
264    (0)   :  0.009 0.004 0.015 0.050 0.056 0.120 0.100 0.376 0.271 
265    (0)   :  0.005 0.005 0.018 0.039 0.195 0.099 0.132 0.158 0.349 
266    (0)   :  0.004 0.005 0.011 0.038 0.237 0.067 0.342 0.080 0.216 
267    (0)   :  0.004 0.005 0.011 0.075 0.166 0.106 0.206 0.162 0.265 
268    (0)   :  0.004 0.004 0.013 0.049 0.143 0.086 0.160 0.091 0.449 
269    (0)   :  0.005 0.005 0.028 0.040 0.203 0.101 0.135 0.242 0.242 
270    (0)   :  0.007 0.010 0.012 0.053 0.099 0.129 0.130 0.214 0.347 
271    (0)   :  0.005 0.005 0.017 0.057 0.108 0.113 0.130 0.128 0.438 
272    (0)   :  0.006 0.006 0.091 0.066 0.115 0.104 0.131 0.124 0.359 
273    (0)   :  0.024 0.043 0.024 0.065 0.156 0.139 0.179 0.176 0.194 
274    (0)   :  0.005 0.005 0.024 0.050 0.122 0.115 0.152 0.165 0.362 
275    (0)   :  0.008 0.025 0.031 0.065 0.154 0.093 0.137 0.160 0.326 
276    (0)   :  0.006 0.005 0.068 0.074 0.078 0.112 0.190 0.118 0.350 
277    (0)   :  0.005 0.005 0.016 0.040 0.186 0.103 0.222 0.179 0.245 
278    (0)   :  0.004 0.005 0.016 0.054 0.119 0.089 0.097 0.103 0.513 
279    (0)   :  0.005 0.005 0.016 0.053 0.149 0.101 0.194 0.152 0.325 
280    (0)   :  0.005 0.005 0.027 0.044 0.142 0.092 0.173 0.181 0.332 
281    (0)   :  0.005 0.005 0.014 0.045 0.123 0.142 0.159 0.153 0.355 
282    (0)   :  0.004 0.005 0.013 0.043 0.304 0.094 0.198 0.158 0.180 
283    (0)   :  0.005 0.005 0.011 0.037 0.307 0.095 0.235 0.111 0.194 
284    (0)   :  0.004 0.009 0.014 0.067 0.183 0.118 0.187 0.149 0.269 
285    (0)   :  0.004 0.004 0.017 0.058 0.053 0.109 0.092 0.125 0.537 
286    (0)   :  0.005 0.005 0.011 0.051 0.249 0.075 0.186 0.098 0.320 
287    (0)   :  0.005 0.005 0.023 0.034 0.161 0.144 0.175 0.189 0.264 
288    (0)   :  0.006 0.006 0.064 0.054 0.112 0.103 0.130 0.135 0.390 
289    (0)   :  0.007 0.009 0.032 0.055 0.095 0.129 0.123 0.134 0.415 
290    (0)   :  0.007 0.004 0.014 0.076 0.079 0.090 0.229 0.193 0.308 
291    (0)   :  0.005 0.005 0.016 0.057 0.109 0.113 0.129 0.128 0.437 
292    (0)   :  0.005 0.005 0.027 0.037 0.137 0.085 0.217 0.146 0.343 
293    (0)   :  0.005 0.004 0.014 0.078 0.080 0.100 0.147 0.267 0.305 
294    (0)   :  0.008 0.005 0.013 0.040 0.072 0.092 0.125 0.138 0.507 
295    (0)   :  0.006 0.013 0.049 0.068 0.099 0.117 0.162 0.139 0.347 
296    (0)   :  0.005 0.005 0.015 0.049 0.113 0.113 0.115 0.100 0.486 
297    (0)   :  0.005 0.005 0.025 0.043 0.099 0.108 0.177 0.201 0.338 
298    (0)   :  0.005 0.005 0.013 0.042 0.210 0.113 0.234 0.172 0.206 
299    (0)   :  0.008 0.005 0.011 0.039 0.102 0.103 0.141 0.191 0.400 
300    (0)   :  0.004 0.004 0.014 0.049 0.070 0.086 0.132 0.115 0.524 
301    (0)   :  0.007 0.009 0.019 0.060 0.099 0.106 0.125 0.231 0.345 
302    (0)   :  0.007 0.010 0.014 0.049 0.084 0.087 0.110 0.129 0.509 
303    (0)   :  0.005 0.005 0.014 0.044 0.195 0.082 0.242 0.132 0.280 
304    (0)   :  0.007 0.009 0.011 0.056 0.278 0.139 0.152 0.237 0.111 
305    (0)   :  0.005 0.011 0.014 0.040 0.171 0.070 0.171 0.093 0.425 
306    (0)   :  0.005 0.005 0.019 0.037 0.186 0.085 0.308 0.131 0.225 
307    (0)   :  0.005 0.005 0.016 0.054 0.123 0.101 0.257 0.155 0.284 
308    (0)   :  0.004 0.005 0.013 0.034 0.223 0.081 0.204 0.120 0.316 
309    (0)   :  0.018 0.026 0.019 0.065 0.108 0.112 0.111 0.109 0.433 
310    (0)   :  0.004 0.004 0.010 0.049 0.183 0.073 0.196 0.094 0.386 
311    (0)   :  0.005 0.005 0.011 0.050 0.173 0.086 0.205 0.105 0.360 
312    (0)   :  0.004 0.005 0.010 0.043 0.102 0.096 0.118 0.092 0.529 
313    (0)   :  0.004 0.005 0.012 0.043 0.062 0.082 0.104 0.089 0.598 
314    (0)   :  0.005 0.025 0.016 0.032 0.415 0.068 0.234 0.089 0.116 
315    (0)   :  0.004 0.032 0.027 0.029 0.404 0.083 0.194 0.105 0.121 
316    (0)   :  0.007 0.073 0.039 0.031 0.417 0.091 0.133 0.120 0.089 
317    (0)   :  0.005 0.024 0.016 0.032 0.493 0.071 0.180 0.096 0.082 
318    (0)   :  0.005 0.054 0.016 0.029 0.526 0.072 0.124 0.104 0.070 
319    (0)   :  0.005 0.005 0.012 0.032 0.473 0.070 0.222 0.091 0.090 
320    (0)   :  0.005 0.027 0.016 0.032 0.412 0.068 0.235 0.089 0.115 
321    (0)   :  0.005 0.070 0.016 0.032 0.420 0.073 0.203 0.105 0.076 
322    (0)   :  0.007 0.031 0.038 0.033 0.372 0.089 0.207 0.111 0.112 
323    (0)   :  0.014 0.024 0.014 0.029 0.516 0.073 0.150 0.104 0.076 
324    (0)   :  0.005 0.067 0.016 0.032 0.424 0.073 0.203 0.104 0.077 
325    (0)   :  0.005 0.095 0.037 0.030 0.421 0.087 0.124 0.116 0.084 
326    (0)   :  0.006 0.347 0.031 0.029 0.173 0.083 0.144 0.107 0.081 
327    (0)   :  0.005 0.024 0.016 0.032 0.492 0.071 0.183 0.096 0.081 
328    (0)   :  0.005 0.039 0.027 0.032 0.339 0.088 0.250 0.115 0.105 
329    (0)   :  0.005 0.008 0.012 0.029 0.505 0.071 0.201 0.100 0.069 
330    (0)   :  0.005 0.024 0.016 0.032 0.492 0.071 0.183 0.096 0.081 
331    (0)   :  0.005 0.016 0.013 0.029 0.551 0.072 0.140 0.101 0.075 
332    (0)   :  0.008 0.334 0.028 0.029 0.181 0.084 0.145 0.111 0.081 
333    (0)   :  0.006 0.257 0.026 0.030 0.217 0.084 0.181 0.105 0.095 
334    (0)   :  0.005 0.040 0.028 0.032 0.344 0.088 0.247 0.113 0.105 
335    (0)   :  0.005 0.014 0.027 0.031 0.399 0.086 0.233 0.103 0.102 
336    (0)   :  0.009 0.271 0.015 0.030 0.215 0.071 0.194 0.100 0.095 
337    (0)   :  0.005 0.116 0.036 0.033 0.307 0.086 0.207 0.116 0.093 
338    (0)   :  0.005 0.265 0.015 0.029 0.280 0.074 0.154 0.107 0.071 
339    (0)   :  0.005 0.016 0.013 0.029 0.550 0.072 0.141 0.100 0.075 
340    (0)   :  0.005 0.007 0.012 0.028 0.574 0.069 0.134 0.092 0.079 
341    (0)   :  0.010 0.127 0.015 0.032 0.387 0.073 0.178 0.099 0.079 
342    (0)   :  0.005 0.024 0.016 0.032 0.494 0.071 0.180 0.096 0.082 
343    (0)   :  0.012 0.051 0.029 0.032 0.238 0.083 0.331 0.104 0.122 
344    (0)   :  0.005 0.016 0.012 0.029 0.552 0.072 0.145 0.100 0.069 
345    (0)   :  0.005 0.025 0.016 0.032 0.491 0.070 0.183 0.095 0.081 
346    (0)   :  0.005 0.020 0.016 0.029 0.574 0.071 0.117 0.095 0.073 
347    (0)   :  0.004 0.008 0.012 0.028 0.575 0.070 0.138 0.092 0.072 
348    (0)   :  0.004 0.014 0.025 0.031 0.320 0.080 0.288 0.093 0.145 
349    (0)   :  0.005 0.024 0.017 0.032 0.489 0.071 0.185 0.096 0.082 
350    (0)   :  0.005 0.008 0.012 0.031 0.484 0.069 0.189 0.094 0.108 
351    (0)   :  0.005 0.014 0.028 0.031 0.397 0.086 0.232 0.103 0.104 
352    (0)   :  0.005 0.042 0.040 0.033 0.395 0.086 0.188 0.107 0.104 
353    (0)   :  0.009 0.269 0.015 0.029 0.215 0.071 0.195 0.099 0.096 
354    (0)   :  0.007 0.032 0.014 0.031 0.505 0.073 0.162 0.105 0.072 
355    (0)   :  0.005 0.052 0.016 0.030 0.527 0.073 0.123 0.104 0.070 
356    (0)   :  0.004 0.006 0.024 0.031 0.221 0.078 0.406 0.091 0.141 
357    (0)   :  0.005 0.007 0.038 0.035 0.336 0.111 0.126 0.245 0.099 
358    (0)   :  0.005 0.230 0.024 0.030 0.251 0.084 0.186 0.109 0.081 
359    (0)   :  0.005 0.161 0.013 0.029 0.359 0.073 0.177 0.103 0.079 
360    (0)   :  0.005 0.020 0.016 0.029 0.575 0.070 0.118 0.095 0.073 
361    (0)   :  0.005 0.006 0.037 0.039 0.223 0.111 0.221 0.238 0.120 
362    (0)   :  0.005 0.014 0.043 0.037 0.087 0.228 0.126 0.211 0.248 
363    (0)   :  0.007 0.008 0.025 0.045 0.062 0.309 0.113 0.271 0.160 
364    (0)   :  0.016 0.009 0.018 0.063 0.151 0.128 0.222 0.274 0.120 
365    (0)   :  0.015 0.009 0.035 0.102 0.069 0.157 0.117 0.379 0.117 
366    (0)   :  0.006 0.008 0.035 0.059 0.099 0.103 0.177 0.262 0.251 
367    (0)   :  0.005 0.005 0.028 0.042 0.051 0.526 0.083 0.173 0.087 
368    (0)   :  0.005 0.005 0.016 0.060 0.077 0.263 0.134 0.253 0.187 
369    (0)   :  0.008 0.015 0.019 0.047 0.084 0.112 0.336 0.232 0.147 
370    (0)   :  0.013 0.025 0.021 0.098 0.078 0.222 0.146 0.199 0.199 
371    (0)   :  0.011 0.025 0.016 0.065 0.088 0.124 0.166 0.324 0.180 
372    (0)   :  0.043 0.030 0.024 0.082 0.101 0.196 0.143 0.143 0.239 
373    (0)   :  0.006 0.005 0.015 0.056 0.091 0.319 0.186 0.206 0.117 
374    (0)   :  0.006 0.007 0.034 0.093 0.114 0.138 0.267 0.229 0.112 
375    (0)   :  0.015 0.010 0.018 0.062 0.060 0.245 0.097 0.381 0.112 
376    (0)   :  0.109 0.007 0.028 0.037 0.055 0.213 0.104 0.366 0.080 
377    (0)   :  0.007 0.018 0.034 0.065 0.091 0.155 0.106 0.286 0.238 
378    (0)   :  0.005 0.014 0.016 0.051 0.162 0.361 0.139 0.121 0.131 
379    (0)   :  0.191 0.009 0.029 0.043 0.050 0.213 0.095 0.274 0.097 
380    (0)   :  0.011 0.011 0.080 0.041 0.095 0.099 0.255 0.292 0.116 
381    (0)   :  0.008 0.006 0.020 0.038 0.072 0.084 0.268 0.383 0.120 
382    (0)   :  0.005 0.009 0.017 0.044 0.071 0.257 0.093 0.403 0.101 
383    (0)   :  0.010 0.188 0.071 0.045 0.081 0.087 0.105 0.310 0.102 
384    (0)   :  0.049 0.067 0.025 0.059 0.105 0.160 0.116 0.328 0.091 
385    (0)   :  0.006 0.112 0.014 0.248 0.105 0.103 0.113 0.210 0.088 
386    (0)   :  0.004 0.004 0.023 0.040 0.061 0.322 0.109 0.318 0.119 
387    (0)   :  0.005 0.005 0.021 0.062 0.090 0.286 0.093 0.325 0.115 
388    (0)   :  0.015 0.012 0.022 0.105 0.155 0.150 0.175 0.268 0.097 
389    (0)   :  0.010 0.019 0.017 0.219 0.067 0.119 0.106 0.142 0.302 
390    (0)   :  0.020 0.021 0.054 0.056 0.055 0.339 0.136 0.171 0.149 
391    (0)   :  0.012 0.012 0.031 0.219 0.075 0.183 0.179 0.141 0.149 
392    (0)   :  0.007 0.005 0.018 0.034 0.124 0.207 0.124 0.342 0.139 
393    (0)   :  0.008 0.008 0.110 0.044 0.085 0.117 0.232 0.288 0.109 
394    (0)   :  0.005 0.016 0.030 0.032 0.178 0.276 0.158 0.178 0.127 
395    (0)   :  0.004 0.004 0.065 0.045 0.073 0.199 0.120 0.185 0.305 
396    (0)   :  0.005 0.004 0.013 0.051 0.049 0.288 0.088 0.382 0.119 
397    (0)   :  0.073 0.005 0.013 0.037 0.114 0.102 0.189 0.246 0.221 
398    (0)   :  0.040 0.005 0.082 0.031 0.054 0.359 0.108 0.226 0.095 
399    (0)   :  0.005 0.011 0.041 0.073 0.063 0.426 0.115 0.124 0.142 
400    (0)   :  0.006 0.005 0.017 0.044 0.068 0.307 0.168 0.297 0.088 
401    (0)   :  0.005 0.005 0.017 0.047 0.091 0.408 0.147 0.125 0.156 
402    (0)   :  0.006 0.006 0.014 0.060 0.084 0.239 0.141 0.257 0.193 
403    (0)   :  0.006 0.006 0.022 0.094 0.268 0.127 0.172 0.178 0.126 
404    (0)   :  0.007 0.004 0.015 0.099 0.076 0.137 0.188 0.332 0.141 
405    (0)   :  0.005 0.005 0.036 0.043 0.083 0.165 0.173 0.298 0.193 
406    (0)   :  0.004 0.005 0.248 0.037 0.079 0.094 0.240 0.123 0.170 
407    (0)   :  0.004 0.004 0.055 0.040 0.049 0.160 0.104 0.489 0.096 
408    (0)   :  0.004 0.004 0.012 0.040 0.046 0.397 0.092 0.106 0.299 
409    (0)   :  0.010 0.009 0.058 0.039 0.068 0.106 0.459 0.155 0.095 
410    (0)   :  0.080 0.009 0.030 0.056 0.095 0.260 0.134 0.213 0.123 
411    (0)   :  0.014 0.022 0.017 0.033 0.116 0.153 0.123 0.380 0.142 
412    (0)   :  0.005 0.005 0.015 0.050 0.073 0.276 0.121 0.294 0.161 
413    (0)   :  0.004 0.013 0.014 0.036 0.154 0.318 0.125 0.197 0.139 
414    (0)   :  0.005 0.010 0.013 0.109 0.060 0.308 0.073 0.255 0.169 
415    (0)   :  0.005 0.005 0.035 0.040 0.056 0.205 0.158 0.334 0.161 
416    (0)   :  0.006 0.005 0.018 0.094 0.069 0.242 0.219 0.220 0.127 
417    (0)   :  0.006 0.007 0.115 0.041 0.056 0.263 0.124 0.278 0.110 
418    (0)   :  0.006 0.005 0.015 0.043 0.057 0.416 0.097 0.259 0.103 
419    (0)   :  0.010 0.009 0.026 0.086 0.130 0.183 0.207 0.217 0.131 
420    (0)   :  0.004 0.004 0.016 0.040 0.051 0.400 0.163 0.122 0.200 
421    (0)   :  0.006 0.007 0.042 0.045 0.058 0.325 0.142 0.232 0.143 
422    (0)   :  0.006 0.005 0.064 0.041 0.066 0.146 0.149 0.225 0.298 
423    (0)   :  0.008 0.005 0.037 0.048 0.103 0.223 0.107 0.284 0.184 
424    (0)   :  0.008 0.008 0.053 0.083 0.087 0.315 0.150 0.145 0.152 
425    (0)   :  0.019 0.008 0.021 0.141 0.117 0.153 0.115 0.308 0.119 
426    (0)   :  0.029 0.035 0.053 0.077 0.091 0.272 0.142 0.182 0.119 
427    (0)   :  0.005 0.012 0.085 0.033 0.143 0.299 0.099 0.244 0.081 
428    (0)   :  0.019 0.007 0.136 0.040 0.123 0.126 0.201 0.185 0.164 
429    (0)   :  0.005 0.005 0.023 0.032 0.050 0.360 0.086 0.349 0.090 
430    (0)   :  0.005 0.007 0.105 0.045 0.055 0.195 0.137 0.340 0.112 
431    (0)   :  0.010 0.015 0.033 0.084 0.112 0.280 0.121 0.174 0.171 
432    (0)   :  0.005 0.005 0.015 0.048 0.080 0.292 0.142 0.244 0.168 
433    (0)   :  0.008 0.007 0.014 0.049 0.165 0.138 0.237 0.162 0.219 
434    (0)   :  0.005 0.006 0.016 0.051 0.086 0.130 0.221 0.328 0.158 
435    (0)   :  0.005 0.005 0.150 0.031 0.053 0.302 0.100 0.253 0.101 
436    (0)   :  0.007 0.005 0.243 0.032 0.063 0.228 0.157 0.190 0.074 
437    (0)   :  0.007 0.005 0.029 0.033 0.057 0.148 0.093 0.521 0.107 
438    (0)   :  0.005 0.007 0.210 0.036 0.063 0.208 0.230 0.122 0.120 
439    (0)   :  0.005 0.006 0.213 0.041 0.060 0.198 0.161 0.243 0.074 
440    (0)   :  0.004 0.004 0.246 0.045 0.045 0.272 0.078 0.213 0.092 
441    (0)   :  0.005 0.007 0.054 0.043 0.081 0.191 0.224 0.300 0.095 
442    (0)   :  0.006 0.004 0.017 0.090 0.051 0.248 0.130 0.336 0.118 
443    (0)   :  0.004 0.005 0.047 0.057 0.048 0.398 0.113 0.136 0.192 
444    (0)   :  0.006 0.005 0.033 0.080 0.051 0.237 0.126 0.335 0.127 
445    (0)   :  0.040 0.006 0.055 0.040 0.062 0.114 0.357 0.217 0.109 
446    (0)   :  0.047 0.007 0.115 0.036 0.056 0.360 0.124 0.188 0.067 
447    (0)   :  0.006 0.006 0.189 0.119 0.077 0.153 0.188 0.168 0.094 
448    (0)   :  0.005 0.005 0.046 0.048 0.058 0.236 0.115 0.368 0.119 
449    (0)   :  0.005 0.005 0.049 0.053 0.079 0.192 0.165 0.331 0.120 
450    (0)   :  0.006 0.005 0.018 0.058 0.079 0.178 0.154 0.435 0.067 
451    (0)   :  0.005 0.005 0.023 0.049 0.046 0.464 0.075 0.179 0.154 
452    (0)   :  0.005 0.005 0.029 0.040 0.080 0.253 0.139 0.372 0.078 
453    (0)   :  0.004 0.006 0.024 0.073 0.056 0.201 0.258 0.128 0.249 
454    (0)   :  0.005 0.014 0.059 0.036 0.090 0.214 0.136 0.327 0.120 
455    (0)   :  0.004 0.006 0.237 0.040 0.049 0.233 0.137 0.190 0.103 
456    (0)   :  0.006 0.005 0.066 0.046 0.049 0.220 0.119 0.277 0.212 
457    (0)   :  0.005 0.005 0.055 0.035 0.059 0.143 0.117 0.483 0.098 
458    (0)   :  0.044 0.006 0.071 0.042 0.059 0.219 0.173 0.304 0.082 
459    (0)   :  0.005 0.006 0.066 0.045 0.073 0.342 0.217 0.173 0.072 
460    (0)   :  0.005 0.005 0.053 0.042 0.054 0.473 0.115 0.173 0.080 
461    (0)   :  0.006 0.005 0.019 0.043 0.055 0.512 0.102 0.194 0.065 
462    (0)   :  0.008 0.007 0.037 0.200 0.044 0.177 0.099 0.278 0.151 
463    (0)   :  0.004 0.006 0.223 0.039 0.059 0.116 0.191 0.129 0.232 
464    (0)   :  0.004 0.005 0.055 0.037 0.049 0.445 0.122 0.152 0.132 
465    (0)   :  0.006 0.006 0.030 0.049 0.057 0.365 0.164 0.190 0.134 
466    (0)   :  0.004 0.005 0.057 0.039 0.050 0.341 0.134 0.154 0.217 
467    (0)   :  0.005 0.008 0.044 0.059 0.066 0.224 0.213 0.236 0.144 
468    (0)   :  0.005 0.005 0.241 0.034 0.048 0.120 0.111 0.297 0.140 
469    (0)   :  0.004 0.006 0.376 0.039 0.054 0.148 0.117 0.190 0.067 
470    (0)   :  0.004 0.005 0.228 0.030 0.054 0.325 0.098 0.173 0.084 
471    (0)   :  0.005 0.004 0.024 0.089 0.057 0.249 0.125 0.221 0.226 
472    (0)   :  0.006 0.005 0.021 0.067 0.051 0.185 0.183 0.317 0.164 
473    (0)   :  0.005 0.006 0.050 0.038 0.077 0.166 0.153 0.342 0.162 
474    (0)   :  0.005 0.005 0.028 0.042 0.069 0.242 0.174 0.320 0.115 
475    (0)   :  0.005 0.005 0.029 0.045 0.078 0.341 0.207 0.174 0.116 
476    (0)   :  0.007 0.006 0.037 0.039 0.053 0.211 0.157 0.384 0.106 
477    (0)   :  0.006 0.006 0.034 0.068 0.064 0.366 0.189 0.165 0.101 
478    (0)   :  0.006 0.006 0.026 0.074 0.052 0.545 0.092 0.121 0.078 
479    (0)   :  0.005 0.005 0.065 0.040 0.053 0.337 0.093 0.321 0.082 
480    (0)   :  0.006 0.005 0.065 0.032 0.057 0.192 0.108 0.452 0.084 
481    (0)   :  0.005 0.004 0.020 0.106 0.057 0.187 0.111 0.329 0.181 
482    (0)   :  0.006 0.005 0.030 0.031 0.053 0.336 0.095 0.369 0.076 
483    (0)   :  0.006 0.007 0.252 0.039 0.061 0.217 0.141 0.204 0.074 
484    (0)   :  0.005 0.006 0.234 0.060 0.057 0.134 0.163 0.171 0.170 
485    (0)   :  0.005 0.006 0.423 0.033 0.053 0.186 0.096 0.124 0.075 
486    (0)   :  0.008 0.006 0.016 0.110 0.069 0.176 0.129 0.178 0.308 
487    (0)   :  0.008 0.007 0.016 0.114 0.147 0.149 0.159 0.237 0.164 
488    (0)   :  0.007 0.007 0.016 0.208 0.153 0.174 0.092 0.164 0.180 
489    (0)   :  0.007 0.007 0.012 0.064 0.077 0.097 0.267 0.282 0.186 
490    (0)   :  0.006 0.005 0.018 0.088 0.053 0.292 0.100 0.202 0.236 
491    (0)   :  0.007 0.006 0.013 0.164 0.099 0.096 0.229 0.158 0.228 
492    (0)   :  0.005 0.006 0.014 0.130 0.210 0.181 0.169 0.119 0.166 
493    (0)   :  0.008 0.006 0.012 0.244 0.127 0.117 0.077 0.186 0.222 
494    (0)   :  0.024 0.005 0.023 0.126 0.093 0.127 0.216 0.188 0.197 
495    (0)   :  0.019 0.007 0.016 0.219 0.147 0.179 0.154 0.134 0.126 
496    (0)   :  0.005 0.006 0.016 0.036 0.102 0.114 0.374 0.147 0.199 
497    (0)   :  0.012 0.010 0.013 0.239 0.156 0.084 0.126 0.179 0.182 
498    (0)   :  0.008 0.007 0.016 0.173 0.053 0.155 0.213 0.214 0.160 
499    (0)   :  0.016 0.008 0.015 0.078 0.186 0.101 0.210 0.189 0.196 
500    (0)   :  0.013 0.005 0.023 0.069 0.104 0.115 0.101 0.305 0.266 
501    (0)   :  0.008 0.005 0.017 0.069 0.125 0.170 0.236 0.248 0.122 
502    (0)   :  0.006 0.005 0.016 0.140 0.142 0.185 0.247 0.169 0.090 
503    (0)   :  0.006 0.005 0.019 0.052 0.066 0.158 0.119 0.420 0.155 
504    (0)   :  0.007 0.005 0.016 0.196 0.066 0.234 0.152 0.158 0.166 
505    (0)   :  0.007 0.005 0.019 0.093 0.085 0.125 0.225 0.124 0.317 
506    (0)   :  0.006 0.005 0.013 0.124 0.124 0.199 0.250 0.141 0.138 
507    (0)   :  0.006 0.006 0.012 0.033 0.213 0.075 0.365 0.100 0.190 
508    (0)   :  0.012 0.008 0.012 0.053 0.242 0.090 0.310 0.093 0.180 
509    (0)   :  0.006 0.005 0.017 0.077 0.160 0.117 0.208 0.128 0.283 
510    (0)   :  0.015 0.005 0.013 0.060 0.182 0.129 0.227 0.239 0.130 
511    (0)   :  0.009 0.005 0.050 0.094 0.068 0.251 0.155 0.213 0.156 
512    (0)   :  0.006 0.004 0.018 0.078 0.059 0.266 0.094 0.355 0.120 
513    (0)   :  0.006 0.006 0.011 0.459 0.083 0.083 0.113 0.075 0.164 
514    (0)   :  0.006 0.009 0.016 0.057 0.116 0.399 0.119 0.132 0.146 
515    (0)   :  0.010 0.006 0.049 0.058 0.187 0.133 0.136 0.239 0.183 
516    (0)   :  0.008 0.005 0.017 0.063 0.072 0.239 0.184 0.129 0.283 
517    (0)   :  0.006 0.006 0.038 0.036 0.141 0.237 0.195 0.135 0.205 
518    (0)   :  0.052 0.006 0.013 0.050 0.207 0.110 0.135 0.269 0.159 
519    (0)   :  0.005 0.005 0.017 0.072 0.084 0.381 0.182 0.134 0.119 
520    (0)   :  0.006 0.006 0.175 0.034 0.180 0.094 0.237 0.109 0.160 
521    (0)   :  0.005 0.119 0.013 0.039 0.158 0.185 0.160 0.116 0.206 
522    (0)   :  0.017 0.007 0.027 0.046 0.100 0.149 0.097 0.300 0.258 
523    (0)   :  0.007 0.019 0.031 0.035 0.129 0.191 0.249 0.101 0.240 
524    (0)   :  0.007 0.007 0.193 0.034 0.134 0.175 0.120 0.149 0.182 
525    (0)   :  0.067 0.008 0.040 0.036 0.172 0.109 0.210 0.185 0.172 
