

----------------------------------------------------
STRUCTURE by Pritchard, Stephens and Donnelly (2000)
     and Falush, Stephens and Pritchard (2003)
       Code by Pritchard, Falush and Hubisz
             Version 2.3.4 (Jul 2012)
----------------------------------------------------



Command line arguments:   ./structure -K 10 -D 110002 -m brooktrout/mainparams -e brooktrout/extraparams -o brooktrout/250914_output/results_K10_rep2 
Input File:    brooktrout/brooktrout.txt

Run parameters:
   8454 individuals
   5 loci
   10 populations assumed
   50000 Burn-in period
   100000 Reps
RANDOMIZE turned off


--------------------------------------------
Overall proportion of membership of the
sample in each of the 10 clusters

Inferred Clusters
  1      2      3      4      5      6      7      8      9     10    
0.007  0.008  0.020  0.059  0.101  0.137  0.159  0.163  0.169  0.177  

--------------------------------------------

Allele-freq. divergence among pops (Net nucleotide distance),
computed using point estimates of P.

      1       2       3       4       5       6       7       8       9      10      
 1      -    0.0601  0.1090  0.0914  0.1183  0.0996  0.0936  0.0967  0.1279  0.1311  
 2   0.0601     -    0.1493  0.1355  0.1402  0.1608  0.1385  0.1251  0.1306  0.1472  
 3   0.1090  0.1493     -    0.2284  0.2343  0.1677  0.1676  0.1667  0.2165  0.2376  
 4   0.0914  0.1355  0.2284     -    0.2187  0.1720  0.1546  0.2004  0.1720  0.0807  
 5   0.1183  0.1402  0.2343  0.2187     -    0.1951  0.1379  0.1164  0.1464  0.2383  
 6   0.0996  0.1608  0.1677  0.1720  0.1951     -    0.1140  0.1748  0.1771  0.1367  
 7   0.0936  0.1385  0.1676  0.1546  0.1379  0.1140     -    0.1167  0.1557  0.1613  
 8   0.0967  0.1251  0.1667  0.2004  0.1164  0.1748  0.1167     -    0.1165  0.2194  
 9   0.1279  0.1306  0.2165  0.1720  0.1464  0.1771  0.1557  0.1165     -    0.1710  
10   0.1311  0.1472  0.2376  0.0807  0.2383  0.1367  0.1613  0.2194  0.1710     -    

Average distances (expected heterozygosity) between individuals in same cluster:
cluster  1  : 0.9213 
cluster  2  : 0.8182 
cluster  3  : 0.7372 
cluster  4  : 0.7245 
cluster  5  : 0.6970 
cluster  6  : 0.7485 
cluster  7  : 0.7425 
cluster  8  : 0.7395 
cluster  9  : 0.6820 
cluster 10  : 0.6721 

--------------------------------------------
Estimated Ln Prob of Data   = -185163.5
Mean value of ln likelihood = -172491.3
Variance of ln likelihood   = 25344.4

Mean value of alpha_1       = 0.0438
Mean value of alpha_2       = 0.0475
Mean value of alpha_3       = 0.1118
Mean value of alpha_4       = 0.3440
Mean value of alpha_5       = 0.5812
Mean value of alpha_6       = 0.8005
Mean value of alpha_7       = 0.9248
Mean value of alpha_8       = 0.9396
Mean value of alpha_9       = 0.9834
Mean value of alpha_10       = 0.9977
Allele frequencies uncorrelated


Inferred ancestry of individuals:
     (%Miss) :  Inferred clusters
  1    (0)   :  0.006 0.005 0.011 0.068 0.068 0.139 0.099 0.107 0.323 0.174 
  2    (0)   :  0.004 0.004 0.012 0.031 0.069 0.087 0.485 0.106 0.098 0.105 
  3    (0)   :  0.005 0.006 0.008 0.036 0.224 0.164 0.107 0.115 0.151 0.184 
  4    (0)   :  0.015 0.010 0.011 0.128 0.095 0.116 0.120 0.108 0.093 0.303 
  5    (0)   :  0.004 0.005 0.015 0.049 0.090 0.090 0.409 0.128 0.117 0.094 
  6    (0)   :  0.005 0.007 0.009 0.050 0.223 0.072 0.158 0.155 0.190 0.131 
  7    (0)   :  0.004 0.005 0.011 0.037 0.095 0.070 0.107 0.352 0.216 0.102 
  8    (0)   :  0.027 0.015 0.011 0.160 0.166 0.094 0.106 0.125 0.118 0.178 
  9    (0)   :  0.017 0.008 0.017 0.035 0.101 0.105 0.264 0.117 0.181 0.154 
 10    (0)   :  0.013 0.007 0.011 0.172 0.106 0.071 0.131 0.168 0.206 0.115 
 11    (0)   :  0.004 0.004 0.013 0.032 0.072 0.069 0.111 0.232 0.367 0.095 
 12    (0)   :  0.004 0.005 0.012 0.035 0.087 0.093 0.337 0.138 0.125 0.165 
 13    (0)   :  0.005 0.006 0.015 0.036 0.083 0.102 0.216 0.177 0.199 0.161 
 14    (0)   :  0.005 0.004 0.009 0.096 0.131 0.205 0.218 0.085 0.133 0.115 
 15    (0)   :  0.004 0.005 0.010 0.059 0.129 0.120 0.173 0.133 0.129 0.237 
 16    (0)   :  0.004 0.004 0.012 0.035 0.100 0.106 0.099 0.139 0.380 0.121 
 17    (0)   :  0.008 0.009 0.016 0.041 0.165 0.131 0.180 0.126 0.165 0.160 
 18    (0)   :  0.006 0.008 0.010 0.046 0.146 0.106 0.253 0.087 0.177 0.161 
 19    (0)   :  0.004 0.005 0.011 0.035 0.183 0.073 0.188 0.159 0.194 0.149 
 20    (0)   :  0.004 0.005 0.012 0.040 0.161 0.108 0.191 0.193 0.129 0.157 
 21    (0)   :  0.004 0.005 0.009 0.086 0.065 0.186 0.177 0.102 0.196 0.170 
 22    (0)   :  0.004 0.009 0.010 0.036 0.177 0.099 0.137 0.113 0.238 0.177 
 23    (0)   :  0.009 0.007 0.025 0.064 0.120 0.184 0.173 0.097 0.103 0.217 
 24    (0)   :  0.004 0.005 0.012 0.039 0.066 0.117 0.106 0.113 0.325 0.215 
 25    (0)   :  0.005 0.005 0.012 0.034 0.235 0.082 0.232 0.167 0.139 0.089 
 26    (0)   :  0.004 0.007 0.010 0.043 0.099 0.099 0.197 0.128 0.202 0.210 
 27    (0)   :  0.004 0.006 0.014 0.038 0.105 0.147 0.151 0.128 0.255 0.152 
 28    (0)   :  0.006 0.005 0.010 0.224 0.072 0.080 0.124 0.148 0.185 0.146 
 29    (0)   :  0.004 0.004 0.015 0.030 0.077 0.132 0.218 0.217 0.170 0.134 
 30    (0)   :  0.004 0.005 0.011 0.030 0.126 0.117 0.160 0.105 0.302 0.140 
 31    (0)   :  0.030 0.012 0.015 0.121 0.067 0.145 0.163 0.165 0.171 0.111 
 32    (0)   :  0.005 0.005 0.009 0.077 0.225 0.098 0.200 0.096 0.100 0.185 
 33    (0)   :  0.004 0.005 0.011 0.033 0.140 0.146 0.118 0.174 0.177 0.191 
 34    (0)   :  0.016 0.006 0.022 0.124 0.233 0.067 0.111 0.216 0.110 0.095 
 35    (0)   :  0.005 0.012 0.026 0.027 0.128 0.250 0.182 0.110 0.151 0.109 
 36    (0)   :  0.004 0.004 0.010 0.032 0.061 0.312 0.097 0.097 0.284 0.099 
 37    (0)   :  0.004 0.006 0.010 0.045 0.087 0.177 0.204 0.124 0.136 0.207 
 38    (0)   :  0.005 0.005 0.022 0.026 0.157 0.143 0.112 0.186 0.254 0.089 
 39    (0)   :  0.005 0.007 0.019 0.031 0.111 0.182 0.131 0.190 0.201 0.123 
 40    (0)   :  0.004 0.004 0.010 0.036 0.091 0.378 0.115 0.086 0.151 0.126 
 41    (0)   :  0.006 0.007 0.023 0.029 0.106 0.339 0.085 0.157 0.159 0.088 
 42    (0)   :  0.004 0.004 0.014 0.034 0.044 0.219 0.078 0.094 0.248 0.260 
 43    (0)   :  0.005 0.007 0.013 0.045 0.079 0.345 0.148 0.123 0.100 0.134 
 44    (0)   :  0.005 0.007 0.012 0.024 0.128 0.391 0.137 0.107 0.103 0.087 
 45    (0)   :  0.005 0.005 0.018 0.025 0.049 0.241 0.197 0.117 0.256 0.087 
 46    (0)   :  0.005 0.009 0.012 0.034 0.184 0.195 0.154 0.151 0.141 0.114 
 47    (0)   :  0.007 0.019 0.022 0.048 0.120 0.132 0.205 0.116 0.177 0.154 
 48    (0)   :  0.005 0.008 0.015 0.024 0.150 0.405 0.128 0.084 0.089 0.093 
 49    (0)   :  0.004 0.009 0.028 0.034 0.077 0.235 0.133 0.118 0.237 0.125 
 50    (0)   :  0.009 0.010 0.015 0.093 0.180 0.119 0.146 0.201 0.147 0.080 
 51    (0)   :  0.004 0.004 0.011 0.028 0.050 0.462 0.088 0.086 0.182 0.084 
 52    (0)   :  0.005 0.009 0.021 0.033 0.093 0.196 0.101 0.197 0.212 0.135 
 53    (0)   :  0.005 0.007 0.015 0.063 0.177 0.152 0.090 0.162 0.219 0.110 
 54    (0)   :  0.005 0.008 0.018 0.035 0.063 0.208 0.286 0.110 0.110 0.156 
 55    (0)   :  0.004 0.006 0.014 0.030 0.081 0.382 0.179 0.104 0.087 0.113 
 56    (0)   :  0.005 0.006 0.018 0.029 0.146 0.269 0.144 0.090 0.148 0.145 
 57    (0)   :  0.006 0.014 0.020 0.080 0.113 0.081 0.135 0.139 0.178 0.234 
 58    (0)   :  0.004 0.005 0.019 0.031 0.054 0.307 0.150 0.123 0.190 0.117 
 59    (0)   :  0.005 0.005 0.032 0.029 0.073 0.211 0.141 0.128 0.250 0.127 
 60    (0)   :  0.005 0.004 0.010 0.061 0.062 0.389 0.097 0.101 0.139 0.132 
 61    (0)   :  0.005 0.004 0.012 0.040 0.041 0.327 0.219 0.095 0.091 0.165 
 62    (0)   :  0.006 0.010 0.046 0.035 0.088 0.113 0.245 0.132 0.177 0.148 
 63    (0)   :  0.004 0.004 0.011 0.034 0.078 0.212 0.163 0.188 0.139 0.168 
 64    (0)   :  0.004 0.006 0.016 0.029 0.160 0.109 0.191 0.130 0.257 0.098 
 65    (0)   :  0.004 0.005 0.014 0.030 0.116 0.097 0.265 0.275 0.108 0.085 
 66    (0)   :  0.006 0.005 0.013 0.084 0.062 0.147 0.213 0.164 0.116 0.190 
 67    (0)   :  0.005 0.005 0.012 0.029 0.065 0.328 0.252 0.113 0.092 0.098 
 68    (0)   :  0.005 0.006 0.028 0.032 0.060 0.228 0.121 0.115 0.265 0.139 
 69    (0)   :  0.034 0.007 0.033 0.198 0.179 0.093 0.110 0.100 0.166 0.079 
 70    (0)   :  0.006 0.004 0.012 0.047 0.101 0.322 0.081 0.175 0.136 0.116 
 71    (0)   :  0.005 0.005 0.030 0.029 0.070 0.263 0.163 0.131 0.225 0.079 
 72    (0)   :  0.005 0.005 0.009 0.034 0.102 0.219 0.110 0.113 0.314 0.089 
 73    (0)   :  0.006 0.005 0.031 0.035 0.059 0.266 0.254 0.134 0.122 0.089 
 74    (0)   :  0.004 0.004 0.009 0.030 0.062 0.271 0.097 0.092 0.280 0.150 
 75    (0)   :  0.006 0.005 0.013 0.049 0.050 0.298 0.112 0.077 0.236 0.155 
 76    (0)   :  0.004 0.005 0.010 0.031 0.095 0.285 0.157 0.204 0.099 0.110 
 77    (0)   :  0.005 0.005 0.021 0.024 0.075 0.230 0.143 0.196 0.209 0.094 
 78    (0)   :  0.006 0.006 0.025 0.025 0.133 0.215 0.114 0.171 0.209 0.096 
 79    (0)   :  0.004 0.004 0.011 0.039 0.070 0.074 0.212 0.233 0.238 0.114 
 80    (0)   :  0.004 0.005 0.009 0.052 0.049 0.085 0.134 0.146 0.122 0.393 
 81    (0)   :  0.004 0.005 0.008 0.059 0.049 0.070 0.147 0.189 0.152 0.317 
 82    (0)   :  0.004 0.005 0.018 0.043 0.063 0.205 0.192 0.155 0.143 0.172 
 83    (0)   :  0.004 0.004 0.008 0.061 0.106 0.113 0.140 0.187 0.134 0.243 
 84    (0)   :  0.004 0.004 0.009 0.059 0.076 0.082 0.139 0.239 0.161 0.227 
 85    (0)   :  0.004 0.004 0.009 0.062 0.123 0.102 0.139 0.121 0.181 0.255 
 86    (0)   :  0.005 0.006 0.016 0.031 0.099 0.200 0.269 0.141 0.120 0.112 
 87    (0)   :  0.006 0.005 0.011 0.058 0.089 0.117 0.160 0.285 0.148 0.121 
 88    (0)   :  0.004 0.004 0.010 0.050 0.052 0.104 0.172 0.188 0.158 0.258 
 89    (0)   :  0.006 0.005 0.009 0.107 0.047 0.087 0.191 0.148 0.154 0.246 
 90    (0)   :  0.004 0.004 0.010 0.042 0.064 0.081 0.210 0.308 0.142 0.133 
 91    (0)   :  0.004 0.004 0.008 0.060 0.096 0.107 0.110 0.115 0.140 0.356 
 92    (0)   :  0.004 0.005 0.011 0.046 0.063 0.097 0.222 0.194 0.202 0.157 
 93    (0)   :  0.005 0.005 0.010 0.243 0.046 0.099 0.104 0.092 0.130 0.267 
 94    (0)   :  0.004 0.004 0.009 0.040 0.105 0.107 0.088 0.371 0.163 0.109 
 95    (0)   :  0.004 0.004 0.010 0.047 0.052 0.086 0.168 0.298 0.113 0.217 
 96    (0)   :  0.004 0.004 0.011 0.045 0.045 0.304 0.165 0.105 0.096 0.219 
 97    (0)   :  0.004 0.005 0.012 0.036 0.051 0.212 0.150 0.081 0.277 0.172 
 98    (0)   :  0.004 0.004 0.012 0.030 0.066 0.229 0.236 0.117 0.171 0.133 
 99    (0)   :  0.004 0.004 0.009 0.057 0.064 0.073 0.174 0.251 0.147 0.217 
100    (0)   :  0.004 0.005 0.011 0.046 0.046 0.110 0.198 0.081 0.090 0.410 
101    (0)   :  0.012 0.006 0.012 0.113 0.084 0.136 0.179 0.186 0.145 0.127 
102    (0)   :  0.005 0.006 0.019 0.052 0.098 0.162 0.109 0.158 0.103 0.288 
103    (0)   :  0.011 0.004 0.012 0.122 0.068 0.089 0.315 0.170 0.084 0.125 
104    (0)   :  0.005 0.004 0.011 0.091 0.068 0.077 0.172 0.391 0.089 0.091 
105    (0)   :  0.011 0.005 0.023 0.157 0.058 0.094 0.230 0.237 0.087 0.097 
106    (0)   :  0.004 0.004 0.009 0.024 0.092 0.085 0.141 0.412 0.157 0.072 
107    (0)   :  0.019 0.005 0.016 0.088 0.070 0.100 0.228 0.251 0.089 0.133 
108    (0)   :  0.005 0.004 0.009 0.038 0.247 0.159 0.268 0.090 0.078 0.102 
109    (0)   :  0.006 0.006 0.109 0.043 0.098 0.109 0.159 0.244 0.160 0.067 
110    (0)   :  0.007 0.004 0.011 0.035 0.089 0.075 0.106 0.429 0.169 0.074 
111    (0)   :  0.009 0.006 0.023 0.035 0.067 0.084 0.191 0.386 0.089 0.109 
112    (0)   :  0.006 0.005 0.146 0.030 0.060 0.114 0.094 0.339 0.126 0.080 
113    (0)   :  0.009 0.005 0.012 0.050 0.090 0.149 0.281 0.127 0.159 0.118 
114    (0)   :  0.005 0.004 0.017 0.111 0.056 0.074 0.182 0.356 0.091 0.103 
115    (0)   :  0.017 0.005 0.022 0.029 0.098 0.176 0.157 0.286 0.091 0.120 
116    (0)   :  0.005 0.005 0.016 0.025 0.092 0.199 0.133 0.279 0.171 0.075 
117    (0)   :  0.019 0.006 0.028 0.038 0.084 0.092 0.110 0.350 0.184 0.090 
118    (0)   :  0.009 0.005 0.022 0.031 0.076 0.115 0.361 0.180 0.095 0.107 
119    (0)   :  0.004 0.004 0.009 0.047 0.090 0.272 0.126 0.137 0.085 0.225 
120    (0)   :  0.008 0.005 0.029 0.044 0.080 0.143 0.184 0.291 0.096 0.119 
121    (0)   :  0.115 0.007 0.044 0.035 0.079 0.165 0.131 0.229 0.115 0.079 
122    (0)   :  0.005 0.004 0.015 0.053 0.076 0.083 0.185 0.335 0.165 0.080 
123    (0)   :  0.017 0.005 0.013 0.046 0.086 0.106 0.159 0.334 0.120 0.115 
124    (0)   :  0.043 0.007 0.025 0.030 0.130 0.142 0.168 0.188 0.177 0.090 
125    (0)   :  0.008 0.005 0.027 0.030 0.141 0.113 0.112 0.160 0.307 0.096 
126    (0)   :  0.004 0.004 0.009 0.033 0.066 0.195 0.123 0.286 0.159 0.121 
127    (0)   :  0.013 0.005 0.019 0.033 0.059 0.093 0.181 0.405 0.077 0.114 
128    (0)   :  0.004 0.004 0.016 0.030 0.054 0.106 0.440 0.144 0.102 0.100 
129    (0)   :  0.013 0.005 0.014 0.065 0.068 0.090 0.346 0.244 0.085 0.069 
130    (0)   :  0.015 0.006 0.030 0.085 0.063 0.072 0.190 0.313 0.097 0.130 
131    (0)   :  0.042 0.009 0.029 0.040 0.105 0.128 0.127 0.218 0.229 0.072 
132    (0)   :  0.006 0.004 0.011 0.042 0.073 0.085 0.254 0.316 0.140 0.068 
133    (0)   :  0.015 0.008 0.014 0.050 0.084 0.106 0.247 0.271 0.091 0.113 
134    (0)   :  0.004 0.004 0.014 0.023 0.064 0.065 0.126 0.496 0.139 0.065 
135    (0)   :  0.004 0.006 0.017 0.051 0.046 0.237 0.115 0.077 0.124 0.323 
136    (0)   :  0.004 0.005 0.013 0.145 0.076 0.093 0.106 0.074 0.129 0.355 
137    (0)   :  0.005 0.005 0.028 0.114 0.049 0.080 0.084 0.101 0.127 0.407 
138    (0)   :  0.004 0.004 0.008 0.127 0.047 0.095 0.086 0.074 0.128 0.426 
139    (0)   :  0.005 0.004 0.011 0.119 0.057 0.154 0.291 0.079 0.129 0.152 
140    (0)   :  0.005 0.005 0.010 0.112 0.047 0.161 0.133 0.111 0.202 0.214 
141    (0)   :  0.006 0.005 0.012 0.293 0.073 0.101 0.126 0.077 0.166 0.142 
142    (0)   :  0.005 0.006 0.017 0.111 0.045 0.276 0.134 0.078 0.112 0.217 
143    (0)   :  0.003 0.004 0.008 0.048 0.043 0.084 0.082 0.069 0.096 0.561 
144    (0)   :  0.004 0.005 0.028 0.049 0.044 0.083 0.081 0.099 0.106 0.500 
145    (0)   :  0.005 0.006 0.015 0.116 0.081 0.139 0.136 0.077 0.189 0.237 
146    (0)   :  0.005 0.006 0.010 0.146 0.055 0.100 0.117 0.125 0.210 0.227 
147    (0)   :  0.004 0.005 0.009 0.115 0.048 0.075 0.082 0.072 0.117 0.475 
148    (0)   :  0.006 0.005 0.015 0.252 0.072 0.153 0.119 0.099 0.112 0.168 
149    (0)   :  0.015 0.005 0.011 0.272 0.046 0.187 0.109 0.072 0.144 0.140 
150    (0)   :  0.006 0.005 0.030 0.121 0.052 0.099 0.126 0.133 0.132 0.295 
151    (0)   :  0.004 0.004 0.009 0.057 0.044 0.100 0.106 0.093 0.117 0.466 
152    (0)   :  0.005 0.005 0.015 0.150 0.129 0.171 0.105 0.080 0.097 0.244 
153    (0)   :  0.005 0.004 0.009 0.200 0.047 0.148 0.085 0.090 0.157 0.254 
154    (0)   :  0.017 0.005 0.011 0.339 0.066 0.146 0.114 0.071 0.110 0.120 
155    (0)   :  0.004 0.004 0.008 0.133 0.046 0.080 0.102 0.095 0.092 0.434 
156    (0)   :  0.004 0.004 0.012 0.077 0.042 0.195 0.094 0.092 0.091 0.388 
157    (0)   :  0.005 0.004 0.008 0.193 0.058 0.073 0.091 0.157 0.106 0.304 
158    (0)   :  0.005 0.006 0.015 0.119 0.076 0.123 0.111 0.077 0.211 0.256 
159    (0)   :  0.010 0.005 0.011 0.234 0.046 0.076 0.094 0.072 0.103 0.350 
160    (0)   :  0.009 0.005 0.011 0.272 0.047 0.079 0.111 0.072 0.101 0.293 
161    (0)   :  0.004 0.004 0.010 0.097 0.048 0.130 0.108 0.094 0.215 0.289 
162    (0)   :  0.005 0.007 0.011 0.153 0.057 0.106 0.154 0.123 0.187 0.196 
163    (0)   :  0.004 0.004 0.009 0.121 0.043 0.127 0.084 0.089 0.093 0.426 
164    (0)   :  0.012 0.006 0.009 0.281 0.048 0.088 0.162 0.109 0.138 0.148 
165    (0)   :  0.004 0.005 0.030 0.058 0.046 0.095 0.101 0.131 0.124 0.406 
166    (0)   :  0.013 0.004 0.008 0.262 0.099 0.125 0.109 0.122 0.090 0.167 
167    (0)   :  0.016 0.007 0.010 0.421 0.075 0.069 0.088 0.094 0.107 0.113 
168    (0)   :  0.004 0.005 0.009 0.102 0.080 0.132 0.093 0.078 0.148 0.350 
169    (0)   :  0.004 0.006 0.015 0.085 0.073 0.106 0.097 0.076 0.335 0.202 
170    (0)   :  0.004 0.004 0.009 0.050 0.045 0.197 0.132 0.092 0.119 0.349 
171    (0)   :  0.005 0.005 0.009 0.135 0.101 0.124 0.150 0.083 0.127 0.262 
172    (0)   :  0.006 0.005 0.013 0.139 0.046 0.219 0.099 0.070 0.251 0.151 
173    (0)   :  0.004 0.005 0.010 0.192 0.049 0.085 0.137 0.073 0.096 0.348 
174    (0)   :  0.004 0.005 0.008 0.216 0.047 0.074 0.109 0.092 0.128 0.318 
175    (0)   :  0.004 0.005 0.010 0.064 0.077 0.105 0.092 0.072 0.110 0.462 
176    (0)   :  0.004 0.005 0.027 0.049 0.045 0.084 0.082 0.099 0.106 0.498 
177    (0)   :  0.004 0.005 0.009 0.187 0.061 0.091 0.097 0.161 0.166 0.218 
178    (0)   :  0.004 0.005 0.009 0.242 0.075 0.073 0.121 0.095 0.132 0.243 
179    (0)   :  0.005 0.004 0.008 0.331 0.048 0.072 0.104 0.072 0.099 0.257 
180    (0)   :  0.006 0.006 0.012 0.186 0.055 0.123 0.102 0.097 0.202 0.211 
181    (0)   :  0.004 0.005 0.013 0.102 0.051 0.157 0.150 0.076 0.160 0.281 
182    (0)   :  0.004 0.006 0.012 0.072 0.044 0.140 0.150 0.073 0.098 0.401 
183    (0)   :  0.004 0.005 0.009 0.126 0.050 0.091 0.109 0.073 0.108 0.426 
184    (0)   :  0.004 0.005 0.010 0.031 0.121 0.103 0.439 0.094 0.086 0.108 
185    (0)   :  0.005 0.004 0.011 0.082 0.041 0.199 0.084 0.063 0.080 0.430 
186    (0)   :  0.004 0.005 0.008 0.032 0.073 0.095 0.444 0.139 0.102 0.099 
187    (0)   :  0.004 0.004 0.008 0.076 0.068 0.095 0.315 0.093 0.089 0.248 
188    (0)   :  0.004 0.005 0.009 0.028 0.068 0.085 0.527 0.108 0.084 0.082 
189    (0)   :  0.004 0.004 0.008 0.048 0.126 0.161 0.120 0.101 0.179 0.247 
190    (0)   :  0.004 0.004 0.012 0.041 0.042 0.385 0.142 0.068 0.070 0.232 
191    (0)   :  0.004 0.004 0.011 0.039 0.055 0.076 0.487 0.085 0.091 0.149 
192    (0)   :  0.004 0.004 0.009 0.045 0.066 0.082 0.317 0.118 0.101 0.255 
193    (0)   :  0.004 0.004 0.013 0.041 0.075 0.128 0.268 0.104 0.126 0.237 
194    (0)   :  0.005 0.004 0.009 0.048 0.058 0.170 0.263 0.110 0.113 0.219 
195    (0)   :  0.005 0.004 0.009 0.050 0.044 0.186 0.246 0.068 0.088 0.300 
196    (0)   :  0.004 0.004 0.012 0.042 0.062 0.249 0.224 0.097 0.079 0.227 
197    (0)   :  0.005 0.005 0.010 0.057 0.128 0.115 0.232 0.143 0.111 0.193 
198    (0)   :  0.004 0.004 0.009 0.045 0.080 0.153 0.198 0.137 0.187 0.183 
199    (0)   :  0.004 0.004 0.013 0.034 0.058 0.358 0.168 0.094 0.098 0.168 
200    (0)   :  0.004 0.004 0.017 0.039 0.099 0.236 0.197 0.096 0.094 0.214 
201    (0)   :  0.004 0.004 0.008 0.084 0.054 0.112 0.227 0.076 0.084 0.346 
202    (0)   :  0.004 0.004 0.011 0.040 0.043 0.227 0.133 0.087 0.089 0.362 
203    (0)   :  0.004 0.004 0.011 0.069 0.052 0.094 0.270 0.075 0.070 0.351 
204    (0)   :  0.005 0.004 0.010 0.043 0.043 0.182 0.371 0.072 0.080 0.190 
205    (0)   :  0.004 0.004 0.010 0.040 0.068 0.196 0.320 0.093 0.098 0.167 
206    (0)   :  0.004 0.004 0.009 0.047 0.048 0.112 0.434 0.072 0.087 0.183 
207    (0)   :  0.004 0.004 0.013 0.031 0.048 0.171 0.424 0.091 0.079 0.134 
208    (0)   :  0.004 0.004 0.010 0.073 0.050 0.125 0.326 0.082 0.080 0.245 
209    (0)   :  0.004 0.004 0.013 0.039 0.059 0.115 0.379 0.092 0.099 0.196 
210    (0)   :  0.004 0.004 0.009 0.044 0.049 0.109 0.404 0.087 0.085 0.206 
211    (0)   :  0.005 0.005 0.026 0.031 0.057 0.225 0.223 0.120 0.072 0.237 
212    (0)   :  0.004 0.004 0.010 0.047 0.057 0.178 0.133 0.075 0.119 0.375 
213    (0)   :  0.005 0.004 0.011 0.036 0.045 0.269 0.204 0.136 0.137 0.153 
214    (0)   :  0.004 0.004 0.011 0.041 0.055 0.125 0.194 0.078 0.080 0.409 
215    (0)   :  0.004 0.004 0.013 0.038 0.074 0.138 0.414 0.098 0.079 0.138 
216    (0)   :  0.004 0.005 0.010 0.034 0.123 0.119 0.358 0.106 0.107 0.134 
217    (0)   :  0.004 0.004 0.009 0.046 0.071 0.149 0.193 0.077 0.087 0.360 
218    (0)   :  0.004 0.004 0.010 0.042 0.063 0.108 0.385 0.103 0.094 0.185 
219    (0)   :  0.004 0.006 0.009 0.050 0.139 0.111 0.201 0.095 0.120 0.264 
220    (0)   :  0.004 0.004 0.010 0.039 0.047 0.091 0.500 0.080 0.077 0.148 
221    (0)   :  0.004 0.004 0.010 0.038 0.043 0.248 0.111 0.067 0.080 0.395 
222    (0)   :  0.004 0.005 0.009 0.042 0.131 0.106 0.286 0.109 0.127 0.182 
223    (0)   :  0.004 0.004 0.008 0.078 0.086 0.109 0.213 0.099 0.107 0.291 
224    (0)   :  0.005 0.004 0.009 0.055 0.050 0.096 0.338 0.073 0.084 0.286 
225    (0)   :  0.004 0.004 0.010 0.042 0.056 0.190 0.320 0.085 0.094 0.194 
226    (0)   :  0.005 0.005 0.012 0.046 0.194 0.115 0.221 0.095 0.110 0.198 
227    (0)   :  0.004 0.004 0.010 0.059 0.045 0.271 0.216 0.094 0.084 0.213 
228    (0)   :  0.006 0.004 0.012 0.049 0.041 0.259 0.198 0.064 0.083 0.284 
229    (0)   :  0.004 0.004 0.009 0.047 0.050 0.074 0.330 0.079 0.084 0.319 
230    (0)   :  0.004 0.004 0.010 0.044 0.049 0.083 0.387 0.078 0.076 0.265 
231    (0)   :  0.004 0.004 0.009 0.051 0.062 0.078 0.328 0.078 0.102 0.283 
232    (0)   :  0.004 0.005 0.011 0.039 0.046 0.197 0.191 0.109 0.173 0.225 
233    (0)   :  0.004 0.004 0.010 0.075 0.056 0.094 0.194 0.077 0.078 0.406 
234    (0)   :  0.004 0.004 0.009 0.046 0.082 0.089 0.306 0.113 0.125 0.222 
235    (0)   :  0.004 0.004 0.009 0.044 0.081 0.151 0.207 0.098 0.114 0.288 
236    (0)   :  0.004 0.004 0.010 0.044 0.072 0.096 0.251 0.087 0.090 0.341 
237    (0)   :  0.004 0.004 0.013 0.035 0.052 0.197 0.371 0.085 0.094 0.145 
238    (0)   :  0.004 0.004 0.009 0.042 0.055 0.123 0.194 0.099 0.093 0.377 
239    (0)   :  0.005 0.004 0.009 0.051 0.043 0.185 0.244 0.068 0.087 0.305 
240    (0)   :  0.004 0.004 0.009 0.043 0.055 0.121 0.193 0.100 0.094 0.378 
241    (0)   :  0.004 0.005 0.011 0.051 0.051 0.173 0.168 0.080 0.108 0.350 
242    (0)   :  0.005 0.005 0.009 0.047 0.080 0.151 0.268 0.091 0.129 0.214 
243    (0)   :  0.004 0.004 0.014 0.041 0.051 0.253 0.250 0.077 0.070 0.237 
244    (0)   :  0.004 0.004 0.010 0.044 0.051 0.092 0.315 0.073 0.076 0.331 
245    (0)   :  0.004 0.004 0.008 0.079 0.044 0.160 0.123 0.087 0.096 0.394 
246    (0)   :  0.004 0.004 0.009 0.046 0.072 0.150 0.192 0.077 0.086 0.360 
247    (0)   :  0.004 0.004 0.009 0.031 0.078 0.129 0.338 0.189 0.125 0.094 
248    (0)   :  0.004 0.004 0.011 0.030 0.059 0.125 0.468 0.103 0.087 0.110 
249    (0)   :  0.004 0.004 0.011 0.040 0.052 0.113 0.276 0.083 0.080 0.337 
250    (0)   :  0.004 0.004 0.010 0.042 0.066 0.085 0.335 0.091 0.088 0.274 
251    (0)   :  0.004 0.005 0.016 0.042 0.156 0.156 0.216 0.119 0.118 0.169 
252    (0)   :  0.004 0.004 0.008 0.048 0.058 0.167 0.266 0.087 0.107 0.250 
253    (0)   :  0.004 0.004 0.010 0.036 0.081 0.244 0.217 0.140 0.134 0.130 
254    (0)   :  0.004 0.005 0.009 0.040 0.106 0.108 0.338 0.094 0.101 0.196 
255    (0)   :  0.004 0.004 0.010 0.042 0.063 0.099 0.317 0.098 0.116 0.247 
256    (0)   :  0.004 0.004 0.011 0.042 0.061 0.171 0.245 0.085 0.096 0.280 
257    (0)   :  0.014 0.006 0.013 0.053 0.062 0.132 0.323 0.101 0.100 0.195 
258    (0)   :  0.004 0.004 0.012 0.042 0.068 0.224 0.234 0.124 0.120 0.170 
259    (0)   :  0.004 0.004 0.010 0.044 0.062 0.100 0.422 0.086 0.086 0.182 
260    (0)   :  0.004 0.005 0.009 0.043 0.125 0.085 0.222 0.100 0.100 0.307 
261    (0)   :  0.004 0.004 0.008 0.049 0.059 0.195 0.185 0.080 0.107 0.309 
262    (0)   :  0.004 0.004 0.010 0.041 0.051 0.302 0.145 0.067 0.081 0.294 
263    (0)   :  0.004 0.005 0.011 0.032 0.071 0.110 0.480 0.080 0.076 0.132 
264    (0)   :  0.004 0.007 0.011 0.026 0.210 0.107 0.299 0.113 0.134 0.090 
265    (0)   :  0.004 0.004 0.008 0.047 0.089 0.111 0.288 0.096 0.106 0.246 
266    (0)   :  0.004 0.004 0.010 0.041 0.044 0.214 0.120 0.067 0.081 0.416 
267    (0)   :  0.004 0.004 0.012 0.040 0.064 0.132 0.275 0.104 0.111 0.254 
268    (0)   :  0.004 0.004 0.012 0.042 0.062 0.252 0.224 0.096 0.080 0.225 
269    (0)   :  0.004 0.004 0.009 0.048 0.148 0.099 0.196 0.101 0.133 0.259 
270    (0)   :  0.004 0.005 0.010 0.058 0.084 0.107 0.405 0.109 0.106 0.110 
271    (0)   :  0.004 0.004 0.013 0.041 0.074 0.161 0.331 0.111 0.097 0.163 
272    (0)   :  0.005 0.005 0.017 0.044 0.182 0.166 0.216 0.101 0.093 0.171 
273    (0)   :  0.029 0.018 0.021 0.070 0.078 0.097 0.215 0.127 0.136 0.209 
274    (0)   :  0.004 0.004 0.010 0.042 0.103 0.121 0.309 0.106 0.114 0.187 
275    (0)   :  0.011 0.007 0.015 0.093 0.115 0.107 0.295 0.087 0.106 0.163 
276    (0)   :  0.005 0.005 0.017 0.034 0.133 0.211 0.240 0.110 0.102 0.144 
277    (0)   :  0.004 0.004 0.008 0.050 0.081 0.106 0.253 0.097 0.123 0.275 
278    (0)   :  0.004 0.004 0.013 0.040 0.079 0.177 0.337 0.094 0.080 0.171 
279    (0)   :  0.004 0.004 0.010 0.046 0.077 0.118 0.313 0.095 0.108 0.224 
280    (0)   :  0.004 0.004 0.009 0.040 0.093 0.150 0.254 0.089 0.157 0.199 
281    (0)   :  0.004 0.004 0.010 0.043 0.059 0.117 0.330 0.126 0.123 0.184 
282    (0)   :  0.004 0.004 0.008 0.047 0.077 0.082 0.194 0.091 0.100 0.393 
283    (0)   :  0.004 0.004 0.009 0.064 0.055 0.095 0.198 0.088 0.077 0.406 
284    (0)   :  0.005 0.004 0.012 0.092 0.075 0.122 0.251 0.119 0.101 0.220 
285    (0)   :  0.004 0.004 0.013 0.027 0.060 0.171 0.426 0.102 0.113 0.081 
286    (0)   :  0.004 0.004 0.011 0.044 0.051 0.092 0.316 0.074 0.077 0.328 
287    (0)   :  0.004 0.004 0.008 0.048 0.082 0.108 0.235 0.132 0.144 0.233 
288    (0)   :  0.005 0.005 0.011 0.042 0.147 0.104 0.341 0.091 0.090 0.163 
289    (0)   :  0.008 0.006 0.015 0.047 0.114 0.132 0.327 0.124 0.089 0.139 
290    (0)   :  0.005 0.006 0.018 0.030 0.097 0.223 0.236 0.089 0.130 0.166 
291    (0)   :  0.004 0.004 0.013 0.041 0.074 0.162 0.330 0.111 0.098 0.163 
292    (0)   :  0.004 0.004 0.009 0.041 0.074 0.258 0.162 0.081 0.158 0.210 
293    (0)   :  0.004 0.005 0.015 0.029 0.116 0.227 0.198 0.106 0.177 0.123 
294    (0)   :  0.005 0.006 0.010 0.032 0.080 0.190 0.403 0.081 0.080 0.114 
295    (0)   :  0.006 0.005 0.019 0.071 0.101 0.236 0.202 0.115 0.124 0.120 
296    (0)   :  0.004 0.004 0.013 0.042 0.060 0.149 0.374 0.108 0.084 0.163 
297    (0)   :  0.004 0.004 0.009 0.038 0.086 0.122 0.333 0.094 0.160 0.150 
298    (0)   :  0.004 0.004 0.008 0.046 0.070 0.074 0.272 0.096 0.099 0.326 
299    (0)   :  0.004 0.005 0.009 0.038 0.071 0.085 0.468 0.086 0.089 0.144 
300    (0)   :  0.004 0.004 0.011 0.031 0.048 0.129 0.477 0.079 0.115 0.103 
301    (0)   :  0.005 0.005 0.011 0.059 0.148 0.109 0.357 0.092 0.098 0.116 
302    (0)   :  0.006 0.006 0.015 0.059 0.088 0.255 0.311 0.079 0.079 0.103 
303    (0)   :  0.005 0.004 0.010 0.042 0.054 0.112 0.270 0.079 0.132 0.293 
304    (0)   :  0.006 0.006 0.011 0.125 0.113 0.075 0.162 0.135 0.122 0.246 
305    (0)   :  0.006 0.004 0.011 0.090 0.056 0.200 0.278 0.069 0.090 0.195 
306    (0)   :  0.004 0.004 0.009 0.046 0.084 0.142 0.173 0.086 0.104 0.347 
307    (0)   :  0.004 0.005 0.010 0.051 0.080 0.116 0.299 0.096 0.110 0.228 
308    (0)   :  0.004 0.004 0.008 0.049 0.060 0.196 0.183 0.080 0.107 0.310 
309    (0)   :  0.032 0.014 0.024 0.055 0.058 0.104 0.385 0.108 0.082 0.139 
310    (0)   :  0.004 0.004 0.011 0.041 0.052 0.178 0.272 0.075 0.078 0.286 
311    (0)   :  0.004 0.004 0.010 0.043 0.049 0.084 0.387 0.077 0.076 0.266 
312    (0)   :  0.004 0.004 0.011 0.042 0.047 0.122 0.456 0.093 0.074 0.147 
313    (0)   :  0.004 0.004 0.012 0.036 0.054 0.277 0.351 0.084 0.080 0.098 
314    (0)   :  0.006 0.005 0.011 0.204 0.046 0.147 0.080 0.069 0.102 0.330 
315    (0)   :  0.006 0.004 0.008 0.288 0.072 0.140 0.077 0.072 0.098 0.234 
316    (0)   :  0.010 0.006 0.009 0.380 0.083 0.079 0.080 0.077 0.108 0.169 
317    (0)   :  0.005 0.005 0.011 0.229 0.047 0.084 0.081 0.072 0.106 0.361 
318    (0)   :  0.006 0.004 0.009 0.424 0.047 0.060 0.076 0.071 0.109 0.194 
319    (0)   :  0.003 0.004 0.009 0.056 0.043 0.083 0.085 0.070 0.098 0.549 
320    (0)   :  0.006 0.004 0.011 0.205 0.046 0.150 0.080 0.069 0.101 0.329 
321    (0)   :  0.008 0.004 0.011 0.333 0.047 0.079 0.078 0.071 0.114 0.254 
322    (0)   :  0.008 0.006 0.012 0.176 0.085 0.127 0.085 0.077 0.107 0.316 
323    (0)   :  0.009 0.009 0.008 0.299 0.049 0.067 0.084 0.072 0.104 0.300 
324    (0)   :  0.007 0.004 0.010 0.333 0.048 0.079 0.078 0.072 0.114 0.255 
325    (0)   :  0.009 0.004 0.009 0.421 0.076 0.075 0.077 0.074 0.101 0.153 
326    (0)   :  0.027 0.007 0.010 0.402 0.079 0.077 0.077 0.076 0.101 0.145 
327    (0)   :  0.006 0.005 0.011 0.228 0.047 0.086 0.080 0.072 0.105 0.360 
328    (0)   :  0.006 0.004 0.009 0.255 0.078 0.117 0.087 0.076 0.109 0.261 
329    (0)   :  0.004 0.004 0.008 0.170 0.046 0.063 0.078 0.072 0.109 0.445 
330    (0)   :  0.005 0.005 0.011 0.229 0.047 0.085 0.081 0.071 0.105 0.362 
331    (0)   :  0.004 0.004 0.008 0.337 0.046 0.066 0.085 0.071 0.108 0.271 
332    (0)   :  0.027 0.008 0.009 0.408 0.081 0.075 0.076 0.075 0.099 0.142 
333    (0)   :  0.022 0.007 0.010 0.344 0.077 0.089 0.086 0.077 0.101 0.188 
334    (0)   :  0.006 0.004 0.009 0.254 0.078 0.116 0.087 0.074 0.107 0.263 
335    (0)   :  0.005 0.004 0.009 0.133 0.077 0.116 0.080 0.075 0.099 0.402 
336    (0)   :  0.024 0.007 0.009 0.381 0.048 0.105 0.075 0.070 0.104 0.176 
337    (0)   :  0.010 0.004 0.010 0.335 0.079 0.105 0.078 0.075 0.107 0.196 
338    (0)   :  0.016 0.004 0.008 0.436 0.046 0.060 0.076 0.071 0.109 0.172 
339    (0)   :  0.004 0.004 0.008 0.338 0.045 0.066 0.084 0.071 0.107 0.272 
340    (0)   :  0.004 0.004 0.008 0.200 0.044 0.070 0.086 0.070 0.098 0.416 
341    (0)   :  0.014 0.009 0.010 0.243 0.047 0.070 0.087 0.073 0.105 0.341 
342    (0)   :  0.005 0.005 0.011 0.228 0.047 0.086 0.081 0.071 0.105 0.361 
343    (0)   :  0.015 0.009 0.010 0.167 0.078 0.189 0.077 0.074 0.097 0.285 
344    (0)   :  0.005 0.004 0.008 0.309 0.045 0.062 0.077 0.072 0.107 0.310 
345    (0)   :  0.005 0.005 0.011 0.229 0.047 0.085 0.081 0.071 0.107 0.360 
346    (0)   :  0.005 0.004 0.009 0.309 0.046 0.067 0.081 0.071 0.102 0.306 
347    (0)   :  0.004 0.004 0.008 0.186 0.043 0.066 0.078 0.070 0.098 0.442 
348    (0)   :  0.005 0.004 0.009 0.116 0.070 0.203 0.079 0.071 0.092 0.352 
349    (0)   :  0.005 0.005 0.011 0.229 0.047 0.085 0.080 0.071 0.105 0.362 
350    (0)   :  0.004 0.005 0.008 0.182 0.046 0.112 0.088 0.069 0.105 0.381 
351    (0)   :  0.005 0.004 0.009 0.134 0.078 0.117 0.080 0.075 0.098 0.402 
352    (0)   :  0.007 0.005 0.011 0.237 0.080 0.119 0.082 0.075 0.101 0.284 
353    (0)   :  0.024 0.008 0.009 0.380 0.048 0.106 0.075 0.070 0.104 0.176 
354    (0)   :  0.006 0.006 0.009 0.282 0.047 0.063 0.080 0.072 0.112 0.322 
355    (0)   :  0.006 0.004 0.009 0.422 0.047 0.061 0.077 0.071 0.108 0.195 
356    (0)   :  0.004 0.004 0.009 0.044 0.070 0.198 0.077 0.071 0.089 0.436 
357    (0)   :  0.004 0.004 0.009 0.098 0.144 0.084 0.097 0.093 0.163 0.304 
358    (0)   :  0.016 0.004 0.008 0.356 0.076 0.080 0.076 0.075 0.102 0.207 
359    (0)   :  0.011 0.004 0.008 0.375 0.046 0.067 0.085 0.072 0.107 0.225 
360    (0)   :  0.005 0.005 0.009 0.308 0.046 0.067 0.080 0.071 0.102 0.306 
361    (0)   :  0.004 0.004 0.010 0.052 0.140 0.114 0.098 0.093 0.172 0.313 
362    (0)   :  0.006 0.005 0.010 0.068 0.113 0.112 0.211 0.178 0.199 0.098 
363    (0)   :  0.007 0.006 0.013 0.034 0.129 0.101 0.193 0.248 0.180 0.089 
364    (0)   :  0.011 0.011 0.018 0.064 0.135 0.111 0.131 0.125 0.172 0.224 
365    (0)   :  0.009 0.012 0.022 0.034 0.106 0.088 0.144 0.138 0.347 0.100 
366    (0)   :  0.007 0.005 0.014 0.036 0.171 0.197 0.175 0.089 0.154 0.152 
367    (0)   :  0.006 0.004 0.010 0.027 0.085 0.068 0.104 0.438 0.181 0.077 
368    (0)   :  0.004 0.004 0.010 0.038 0.068 0.080 0.306 0.193 0.182 0.114 
369    (0)   :  0.006 0.006 0.017 0.068 0.113 0.261 0.150 0.111 0.127 0.141 
370    (0)   :  0.022 0.009 0.018 0.061 0.087 0.091 0.263 0.203 0.135 0.110 
371    (0)   :  0.011 0.009 0.017 0.070 0.135 0.115 0.261 0.121 0.138 0.123 
372    (0)   :  0.028 0.027 0.030 0.052 0.056 0.096 0.301 0.153 0.128 0.130 
373    (0)   :  0.004 0.005 0.013 0.035 0.064 0.094 0.142 0.284 0.192 0.166 
374    (0)   :  0.006 0.006 0.023 0.051 0.117 0.096 0.148 0.152 0.176 0.226 
375    (0)   :  0.010 0.013 0.015 0.035 0.135 0.067 0.215 0.227 0.193 0.090 
376    (0)   :  0.008 0.098 0.013 0.032 0.146 0.074 0.088 0.179 0.278 0.084 
377    (0)   :  0.008 0.006 0.014 0.075 0.083 0.117 0.242 0.137 0.223 0.096 
378    (0)   :  0.005 0.005 0.013 0.109 0.049 0.096 0.107 0.320 0.133 0.164 
379    (0)   :  0.016 0.161 0.014 0.028 0.150 0.080 0.104 0.187 0.182 0.076 
380    (0)   :  0.008 0.009 0.014 0.041 0.073 0.114 0.116 0.088 0.382 0.157 
381    (0)   :  0.007 0.008 0.013 0.033 0.138 0.175 0.091 0.081 0.307 0.147 
382    (0)   :  0.004 0.004 0.010 0.056 0.240 0.067 0.152 0.224 0.153 0.089 
383    (0)   :  0.036 0.010 0.013 0.159 0.091 0.066 0.150 0.088 0.288 0.099 
384    (0)   :  0.032 0.038 0.020 0.089 0.141 0.068 0.126 0.148 0.207 0.129 
385    (0)   :  0.014 0.006 0.140 0.164 0.069 0.067 0.134 0.118 0.175 0.113 
386    (0)   :  0.004 0.004 0.009 0.032 0.113 0.086 0.146 0.276 0.239 0.092 
387    (0)   :  0.004 0.004 0.010 0.035 0.148 0.088 0.116 0.235 0.250 0.109 
388    (0)   :  0.009 0.012 0.026 0.066 0.082 0.071 0.154 0.148 0.230 0.201 
389    (0)   :  0.012 0.009 0.052 0.051 0.084 0.177 0.295 0.128 0.100 0.092 
390    (0)   :  0.028 0.016 0.020 0.034 0.095 0.151 0.095 0.269 0.208 0.084 
391    (0)   :  0.012 0.010 0.054 0.037 0.111 0.154 0.159 0.195 0.132 0.136 
392    (0)   :  0.004 0.006 0.009 0.036 0.079 0.093 0.129 0.171 0.316 0.158 
393    (0)   :  0.006 0.006 0.011 0.037 0.065 0.100 0.088 0.091 0.481 0.116 
394    (0)   :  0.005 0.004 0.009 0.117 0.092 0.093 0.123 0.202 0.173 0.183 
395    (0)   :  0.004 0.004 0.009 0.029 0.083 0.146 0.230 0.172 0.216 0.106 
396    (0)   :  0.004 0.005 0.010 0.026 0.118 0.072 0.203 0.288 0.194 0.081 
397    (0)   :  0.005 0.059 0.010 0.043 0.108 0.111 0.257 0.101 0.122 0.184 
398    (0)   :  0.005 0.033 0.009 0.029 0.067 0.080 0.094 0.286 0.313 0.083 
399    (0)   :  0.006 0.004 0.015 0.048 0.120 0.109 0.122 0.376 0.109 0.090 
400    (0)   :  0.004 0.006 0.011 0.031 0.113 0.095 0.098 0.297 0.216 0.129 
401    (0)   :  0.004 0.004 0.011 0.030 0.055 0.148 0.108 0.338 0.167 0.134 
402    (0)   :  0.005 0.006 0.012 0.036 0.068 0.149 0.151 0.207 0.238 0.128 
403    (0)   :  0.005 0.006 0.028 0.057 0.064 0.094 0.132 0.124 0.202 0.289 
404    (0)   :  0.005 0.006 0.016 0.033 0.104 0.087 0.253 0.132 0.218 0.146 
405    (0)   :  0.004 0.004 0.009 0.038 0.142 0.131 0.197 0.126 0.221 0.128 
406    (0)   :  0.005 0.004 0.010 0.032 0.209 0.186 0.117 0.084 0.182 0.172 
407    (0)   :  0.004 0.004 0.009 0.026 0.089 0.069 0.133 0.151 0.439 0.077 
408    (0)   :  0.004 0.004 0.010 0.025 0.055 0.201 0.168 0.353 0.108 0.073 
409    (0)   :  0.011 0.008 0.015 0.038 0.050 0.175 0.095 0.100 0.285 0.223 
410    (0)   :  0.009 0.066 0.014 0.038 0.075 0.100 0.113 0.217 0.241 0.127 
411    (0)   :  0.007 0.012 0.010 0.096 0.150 0.131 0.109 0.160 0.220 0.105 
412    (0)   :  0.004 0.004 0.010 0.037 0.071 0.076 0.259 0.226 0.206 0.106 
413    (0)   :  0.005 0.004 0.009 0.100 0.072 0.077 0.171 0.250 0.158 0.153 
414    (0)   :  0.006 0.004 0.014 0.049 0.145 0.067 0.251 0.267 0.129 0.069 
415    (0)   :  0.004 0.005 0.010 0.027 0.192 0.156 0.128 0.166 0.209 0.103 
416    (0)   :  0.005 0.005 0.021 0.029 0.056 0.149 0.116 0.216 0.276 0.126 
417    (0)   :  0.006 0.005 0.010 0.034 0.175 0.085 0.130 0.184 0.280 0.090 
418    (0)   :  0.004 0.006 0.009 0.029 0.089 0.065 0.167 0.364 0.175 0.091 
419    (0)   :  0.010 0.008 0.020 0.042 0.068 0.105 0.125 0.158 0.261 0.202 
420    (0)   :  0.004 0.004 0.011 0.025 0.059 0.236 0.101 0.331 0.144 0.086 
421    (0)   :  0.006 0.005 0.011 0.034 0.077 0.086 0.187 0.225 0.277 0.092 
422    (0)   :  0.004 0.005 0.010 0.030 0.052 0.143 0.235 0.111 0.313 0.097 
423    (0)   :  0.004 0.006 0.009 0.036 0.260 0.099 0.188 0.143 0.132 0.122 
424    (0)   :  0.011 0.006 0.029 0.035 0.144 0.159 0.103 0.239 0.141 0.132 
425    (0)   :  0.011 0.015 0.031 0.039 0.140 0.086 0.165 0.153 0.204 0.157 
426    (0)   :  0.026 0.021 0.028 0.072 0.142 0.095 0.125 0.217 0.145 0.129 
427    (0)   :  0.005 0.004 0.009 0.100 0.075 0.069 0.081 0.243 0.312 0.103 
428    (0)   :  0.006 0.016 0.010 0.041 0.086 0.148 0.125 0.100 0.294 0.173 
429    (0)   :  0.004 0.005 0.009 0.027 0.144 0.068 0.116 0.310 0.240 0.077 
430    (0)   :  0.004 0.004 0.009 0.031 0.101 0.085 0.141 0.119 0.422 0.082 
431    (0)   :  0.012 0.008 0.019 0.081 0.161 0.093 0.171 0.228 0.106 0.121 
432    (0)   :  0.004 0.004 0.010 0.039 0.061 0.092 0.231 0.225 0.212 0.120 
433    (0)   :  0.006 0.006 0.010 0.053 0.068 0.110 0.214 0.137 0.128 0.267 
434    (0)   :  0.004 0.005 0.012 0.045 0.093 0.124 0.207 0.116 0.253 0.142 
435    (0)   :  0.004 0.004 0.008 0.030 0.136 0.094 0.100 0.204 0.339 0.081 
436    (0)   :  0.005 0.005 0.011 0.031 0.252 0.110 0.063 0.212 0.193 0.117 
437    (0)   :  0.004 0.006 0.008 0.031 0.338 0.078 0.136 0.120 0.184 0.095 
438    (0)   :  0.005 0.005 0.011 0.036 0.102 0.196 0.081 0.181 0.271 0.111 
439    (0)   :  0.004 0.004 0.009 0.032 0.116 0.078 0.072 0.140 0.454 0.091 
440    (0)   :  0.004 0.004 0.009 0.024 0.337 0.077 0.085 0.210 0.178 0.072 
441    (0)   :  0.004 0.004 0.010 0.046 0.105 0.098 0.095 0.110 0.404 0.124 
442    (0)   :  0.004 0.006 0.021 0.025 0.131 0.112 0.136 0.232 0.244 0.089 
443    (0)   :  0.004 0.004 0.013 0.026 0.107 0.221 0.083 0.313 0.153 0.076 
444    (0)   :  0.004 0.005 0.021 0.026 0.230 0.128 0.120 0.182 0.195 0.089 
445    (0)   :  0.005 0.032 0.010 0.034 0.054 0.145 0.086 0.096 0.394 0.143 
446    (0)   :  0.006 0.038 0.010 0.032 0.063 0.068 0.068 0.305 0.324 0.086 
447    (0)   :  0.004 0.005 0.026 0.035 0.201 0.135 0.092 0.132 0.234 0.135 
448    (0)   :  0.004 0.004 0.010 0.031 0.156 0.100 0.125 0.160 0.320 0.091 
449    (0)   :  0.004 0.004 0.010 0.037 0.162 0.107 0.120 0.134 0.300 0.123 
450    (0)   :  0.004 0.007 0.011 0.036 0.133 0.059 0.092 0.147 0.387 0.124 
451    (0)   :  0.004 0.004 0.010 0.026 0.161 0.091 0.167 0.352 0.111 0.073 
452    (0)   :  0.004 0.005 0.009 0.033 0.086 0.068 0.086 0.202 0.388 0.120 
453    (0)   :  0.004 0.004 0.015 0.030 0.080 0.329 0.113 0.147 0.179 0.100 
454    (0)   :  0.005 0.004 0.009 0.073 0.167 0.097 0.115 0.159 0.260 0.110 
455    (0)   :  0.005 0.004 0.010 0.029 0.155 0.142 0.073 0.192 0.310 0.081 
456    (0)   :  0.004 0.005 0.011 0.026 0.176 0.225 0.091 0.173 0.209 0.079 
457    (0)   :  0.004 0.005 0.009 0.031 0.206 0.087 0.105 0.113 0.347 0.094 
458    (0)   :  0.005 0.032 0.010 0.031 0.058 0.072 0.085 0.153 0.464 0.089 
459    (0)   :  0.004 0.004 0.010 0.038 0.145 0.090 0.067 0.203 0.291 0.147 
460    (0)   :  0.004 0.004 0.010 0.031 0.147 0.085 0.074 0.295 0.267 0.082 
461    (0)   :  0.004 0.006 0.010 0.031 0.108 0.060 0.076 0.403 0.216 0.085 
462    (0)   :  0.008 0.007 0.038 0.026 0.168 0.110 0.174 0.127 0.275 0.066 
463    (0)   :  0.005 0.004 0.010 0.034 0.198 0.266 0.110 0.091 0.190 0.093 
464    (0)   :  0.004 0.004 0.009 0.026 0.125 0.164 0.079 0.320 0.189 0.079 
465    (0)   :  0.004 0.005 0.011 0.032 0.082 0.114 0.119 0.251 0.294 0.088 
466    (0)   :  0.004 0.004 0.009 0.027 0.128 0.237 0.102 0.228 0.183 0.079 
467    (0)   :  0.005 0.004 0.011 0.038 0.119 0.113 0.139 0.123 0.344 0.103 
468    (0)   :  0.004 0.004 0.008 0.026 0.319 0.154 0.090 0.102 0.212 0.079 
469    (0)   :  0.004 0.004 0.009 0.031 0.193 0.074 0.068 0.101 0.433 0.083 
470    (0)   :  0.004 0.004 0.008 0.030 0.136 0.086 0.081 0.253 0.313 0.084 
471    (0)   :  0.004 0.005 0.014 0.027 0.092 0.178 0.156 0.224 0.210 0.091 
472    (0)   :  0.005 0.005 0.011 0.028 0.083 0.149 0.127 0.149 0.361 0.083 
473    (0)   :  0.004 0.004 0.009 0.041 0.151 0.121 0.164 0.121 0.264 0.121 
474    (0)   :  0.004 0.004 0.009 0.030 0.084 0.119 0.086 0.195 0.356 0.113 
475    (0)   :  0.004 0.005 0.010 0.034 0.078 0.115 0.106 0.264 0.247 0.137 
476    (0)   :  0.004 0.006 0.010 0.030 0.270 0.121 0.078 0.150 0.241 0.091 
477    (0)   :  0.005 0.005 0.017 0.036 0.143 0.131 0.091 0.258 0.197 0.117 
478    (0)   :  0.005 0.005 0.019 0.033 0.098 0.079 0.085 0.433 0.163 0.080 
479    (0)   :  0.004 0.004 0.009 0.029 0.239 0.079 0.081 0.214 0.260 0.081 
480    (0)   :  0.004 0.005 0.008 0.031 0.246 0.079 0.083 0.153 0.301 0.091 
481    (0)   :  0.004 0.004 0.014 0.027 0.097 0.098 0.241 0.163 0.263 0.089 
