

----------------------------------------------------
STRUCTURE by Pritchard, Stephens and Donnelly (2000)
     and Falush, Stephens and Pritchard (2003)
       Code by Pritchard, Falush and Hubisz
             Version 2.3.4 (Jul 2012)
----------------------------------------------------



Command line arguments:   ./structure -K 3 -D 103019 -m brooktrout/mainparams -e brooktrout/extraparams -o brooktrout/250914_output/results_K3_rep19 
Input File:    brooktrout/brooktrout.txt

Run parameters:
   8454 individuals
   5 loci
   3 populations assumed
   50000 Burn-in period
   100000 Reps
RANDOMIZE turned off


--------------------------------------------
Overall proportion of membership of the
sample in each of the 3 clusters

Inferred Clusters
  1      2      3    
0.260  0.230  0.511  

--------------------------------------------

Allele-freq. divergence among pops (Net nucleotide distance),
computed using point estimates of P.

      1       2       3      
 1      -    0.0896  0.0291  
 2   0.0896     -    0.0552  
 3   0.0291  0.0552     -    

Average distances (expected heterozygosity) between individuals in same cluster:
cluster  1  : 0.8113 
cluster  2  : 0.7723 
cluster  3  : 0.8442 

--------------------------------------------
Estimated Ln Prob of Data   = -179049.3
Mean value of ln likelihood = -175613.6
Variance of ln likelihood   = 6871.4

Mean value of alpha_1       = 0.1427
Mean value of alpha_2       = 0.1284
Mean value of alpha_3       = 0.2863
Allele frequencies uncorrelated


Inferred ancestry of individuals:
     (%Miss) :  Inferred clusters
  1    (0)   :  0.309 0.275 0.416 
  2    (0)   :  0.047 0.041 0.913 
  3    (0)   :  0.619 0.170 0.212 
  4    (0)   :  0.039 0.720 0.241 
  5    (0)   :  0.054 0.035 0.911 
  6    (0)   :  0.839 0.032 0.128 
  7    (0)   :  0.160 0.032 0.808 
  8    (0)   :  0.288 0.300 0.412 
  9    (0)   :  0.467 0.100 0.433 
 10    (0)   :  0.442 0.113 0.445 
 11    (0)   :  0.260 0.034 0.706 
 12    (0)   :  0.066 0.062 0.872 
 13    (0)   :  0.114 0.058 0.828 
 14    (0)   :  0.084 0.118 0.798 
 15    (0)   :  0.077 0.167 0.756 
 16    (0)   :  0.654 0.056 0.291 
 17    (0)   :  0.257 0.062 0.681 
 18    (0)   :  0.573 0.146 0.281 
 19    (0)   :  0.569 0.047 0.384 
 20    (0)   :  0.110 0.052 0.838 
 21    (0)   :  0.168 0.302 0.529 
 22    (0)   :  0.805 0.061 0.134 
 23    (0)   :  0.063 0.285 0.652 
 24    (0)   :  0.466 0.202 0.332 
 25    (0)   :  0.117 0.026 0.857 
 26    (0)   :  0.306 0.131 0.563 
 27    (0)   :  0.268 0.093 0.639 
 28    (0)   :  0.177 0.262 0.562 
 29    (0)   :  0.086 0.046 0.868 
 30    (0)   :  0.816 0.050 0.134 
 31    (0)   :  0.134 0.111 0.754 
 32    (0)   :  0.180 0.163 0.658 
 33    (0)   :  0.584 0.165 0.251 
 34    (0)   :  0.546 0.046 0.408 
 35    (0)   :  0.518 0.065 0.417 
 36    (0)   :  0.701 0.115 0.185 
 37    (0)   :  0.116 0.242 0.641 
 38    (0)   :  0.847 0.027 0.126 
 39    (0)   :  0.681 0.048 0.271 
 40    (0)   :  0.139 0.553 0.309 
 41    (0)   :  0.633 0.099 0.269 
 42    (0)   :  0.209 0.659 0.132 
 43    (0)   :  0.064 0.177 0.759 
 44    (0)   :  0.403 0.099 0.499 
 45    (0)   :  0.648 0.047 0.306 
 46    (0)   :  0.645 0.038 0.318 
 47    (0)   :  0.611 0.074 0.315 
 48    (0)   :  0.407 0.130 0.463 
 49    (0)   :  0.519 0.085 0.396 
 50    (0)   :  0.669 0.089 0.241 
 51    (0)   :  0.434 0.241 0.325 
 52    (0)   :  0.708 0.056 0.237 
 53    (0)   :  0.833 0.059 0.107 
 54    (0)   :  0.093 0.097 0.811 
 55    (0)   :  0.055 0.080 0.865 
 56    (0)   :  0.581 0.119 0.300 
 57    (0)   :  0.306 0.144 0.551 
 58    (0)   :  0.195 0.097 0.708 
 59    (0)   :  0.670 0.066 0.265 
 60    (0)   :  0.152 0.425 0.423 
 61    (0)   :  0.037 0.220 0.743 
 62    (0)   :  0.520 0.056 0.424 
 63    (0)   :  0.172 0.146 0.682 
 64    (0)   :  0.794 0.034 0.172 
 65    (0)   :  0.150 0.022 0.828 
 66    (0)   :  0.045 0.178 0.777 
 67    (0)   :  0.061 0.059 0.880 
 68    (0)   :  0.634 0.093 0.274 
 69    (0)   :  0.453 0.144 0.403 
 70    (0)   :  0.200 0.133 0.667 
 71    (0)   :  0.619 0.038 0.343 
 72    (0)   :  0.750 0.046 0.204 
 73    (0)   :  0.084 0.041 0.875 
 74    (0)   :  0.626 0.230 0.144 
 75    (0)   :  0.194 0.642 0.164 
 76    (0)   :  0.105 0.058 0.837 
 77    (0)   :  0.662 0.062 0.276 
 78    (0)   :  0.772 0.061 0.167 
 79    (0)   :  0.124 0.034 0.842 
 80    (0)   :  0.095 0.614 0.291 
 81    (0)   :  0.133 0.378 0.489 
 82    (0)   :  0.048 0.090 0.862 
 83    (0)   :  0.149 0.256 0.595 
 84    (0)   :  0.117 0.157 0.726 
 85    (0)   :  0.145 0.328 0.527 
 86    (0)   :  0.128 0.044 0.828 
 87    (0)   :  0.097 0.042 0.862 
 88    (0)   :  0.052 0.197 0.751 
 89    (0)   :  0.058 0.369 0.574 
 90    (0)   :  0.061 0.037 0.902 
 91    (0)   :  0.086 0.659 0.255 
 92    (0)   :  0.077 0.069 0.854 
 93    (0)   :  0.033 0.883 0.084 
 94    (0)   :  0.592 0.039 0.369 
 95    (0)   :  0.045 0.082 0.873 
 96    (0)   :  0.039 0.374 0.587 
 97    (0)   :  0.329 0.472 0.199 
 98    (0)   :  0.178 0.139 0.683 
 99    (0)   :  0.091 0.122 0.787 
100    (0)   :  0.030 0.808 0.163 
101    (0)   :  0.054 0.067 0.879 
102    (0)   :  0.096 0.355 0.549 
103    (0)   :  0.038 0.124 0.838 
104    (0)   :  0.055 0.040 0.905 
105    (0)   :  0.034 0.070 0.896 
106    (0)   :  0.410 0.018 0.571 
107    (0)   :  0.049 0.072 0.879 
108    (0)   :  0.110 0.045 0.845 
109    (0)   :  0.221 0.019 0.761 
110    (0)   :  0.440 0.023 0.537 
111    (0)   :  0.064 0.023 0.913 
112    (0)   :  0.286 0.021 0.693 
113    (0)   :  0.136 0.079 0.784 
114    (0)   :  0.054 0.048 0.898 
115    (0)   :  0.052 0.041 0.907 
116    (0)   :  0.274 0.023 0.703 
117    (0)   :  0.272 0.033 0.695 
118    (0)   :  0.043 0.029 0.928 
119    (0)   :  0.067 0.360 0.573 
120    (0)   :  0.069 0.034 0.897 
121    (0)   :  0.072 0.035 0.893 
122    (0)   :  0.315 0.025 0.660 
123    (0)   :  0.125 0.036 0.839 
124    (0)   :  0.546 0.033 0.421 
125    (0)   :  0.668 0.043 0.289 
126    (0)   :  0.257 0.050 0.693 
127    (0)   :  0.054 0.025 0.921 
128    (0)   :  0.042 0.030 0.929 
129    (0)   :  0.033 0.024 0.943 
130    (0)   :  0.059 0.049 0.893 
131    (0)   :  0.600 0.032 0.368 
132    (0)   :  0.182 0.023 0.795 
133    (0)   :  0.063 0.035 0.902 
134    (0)   :  0.508 0.015 0.477 
135    (0)   :  0.041 0.741 0.218 
136    (0)   :  0.037 0.866 0.097 
137    (0)   :  0.035 0.836 0.130 
138    (0)   :  0.034 0.905 0.061 
139    (0)   :  0.067 0.583 0.350 
140    (0)   :  0.113 0.611 0.276 
141    (0)   :  0.061 0.843 0.096 
142    (0)   :  0.038 0.807 0.154 
143    (0)   :  0.023 0.920 0.056 
144    (0)   :  0.031 0.845 0.123 
145    (0)   :  0.091 0.706 0.203 
146    (0)   :  0.097 0.542 0.361 
147    (0)   :  0.027 0.915 0.057 
148    (0)   :  0.050 0.752 0.198 
149    (0)   :  0.038 0.886 0.076 
150    (0)   :  0.047 0.627 0.326 
151    (0)   :  0.032 0.871 0.097 
152    (0)   :  0.059 0.673 0.268 
153    (0)   :  0.052 0.857 0.091 
154    (0)   :  0.032 0.859 0.108 
155    (0)   :  0.028 0.898 0.074 
156    (0)   :  0.028 0.853 0.120 
157    (0)   :  0.061 0.738 0.201 
158    (0)   :  0.088 0.753 0.159 
159    (0)   :  0.025 0.914 0.061 
160    (0)   :  0.025 0.905 0.070 
161    (0)   :  0.067 0.780 0.153 
162    (0)   :  0.105 0.453 0.441 
163    (0)   :  0.026 0.905 0.069 
164    (0)   :  0.064 0.414 0.522 
165    (0)   :  0.041 0.706 0.253 
166    (0)   :  0.077 0.618 0.305 
167    (0)   :  0.052 0.726 0.222 
168    (0)   :  0.058 0.847 0.096 
169    (0)   :  0.436 0.441 0.122 
170    (0)   :  0.033 0.844 0.123 
171    (0)   :  0.061 0.625 0.314 
172    (0)   :  0.140 0.788 0.072 
173    (0)   :  0.025 0.902 0.074 
174    (0)   :  0.034 0.879 0.088 
175    (0)   :  0.033 0.898 0.069 
176    (0)   :  0.032 0.848 0.120 
177    (0)   :  0.132 0.567 0.301 
178    (0)   :  0.050 0.828 0.122 
179    (0)   :  0.025 0.919 0.057 
180    (0)   :  0.087 0.715 0.197 
181    (0)   :  0.049 0.808 0.144 
182    (0)   :  0.024 0.844 0.131 
183    (0)   :  0.027 0.906 0.067 
184    (0)   :  0.100 0.052 0.849 
185    (0)   :  0.021 0.918 0.061 
186    (0)   :  0.085 0.041 0.874 
187    (0)   :  0.067 0.379 0.554 
188    (0)   :  0.063 0.031 0.906 
189    (0)   :  0.246 0.352 0.402 
190    (0)   :  0.023 0.728 0.248 
191    (0)   :  0.041 0.093 0.865 
192    (0)   :  0.063 0.261 0.676 
193    (0)   :  0.076 0.226 0.698 
194    (0)   :  0.051 0.239 0.710 
195    (0)   :  0.024 0.844 0.132 
196    (0)   :  0.042 0.396 0.562 
197    (0)   :  0.204 0.116 0.680 
198    (0)   :  0.108 0.127 0.765 
199    (0)   :  0.037 0.357 0.607 
200    (0)   :  0.071 0.242 0.687 
201    (0)   :  0.033 0.829 0.138 
202    (0)   :  0.023 0.782 0.195 
203    (0)   :  0.029 0.805 0.167 
204    (0)   :  0.028 0.508 0.463 
205    (0)   :  0.053 0.138 0.809 
206    (0)   :  0.033 0.413 0.554 
207    (0)   :  0.030 0.101 0.869 
208    (0)   :  0.041 0.486 0.473 
209    (0)   :  0.052 0.146 0.802 
210    (0)   :  0.038 0.419 0.543 
211    (0)   :  0.027 0.164 0.809 
212    (0)   :  0.046 0.813 0.141 
213    (0)   :  0.067 0.134 0.799 
214    (0)   :  0.031 0.827 0.142 
215    (0)   :  0.037 0.062 0.900 
216    (0)   :  0.105 0.075 0.820 
217    (0)   :  0.042 0.792 0.166 
218    (0)   :  0.054 0.196 0.750 
219    (0)   :  0.195 0.274 0.532 
220    (0)   :  0.033 0.116 0.852 
221    (0)   :  0.021 0.909 0.070 
222    (0)   :  0.199 0.129 0.671 
223    (0)   :  0.088 0.524 0.388 
224    (0)   :  0.033 0.673 0.294 
225    (0)   :  0.044 0.307 0.649 
226    (0)   :  0.176 0.185 0.639 
227    (0)   :  0.031 0.459 0.510 
228    (0)   :  0.023 0.830 0.146 
229    (0)   :  0.041 0.660 0.299 
230    (0)   :  0.035 0.524 0.441 
231    (0)   :  0.060 0.568 0.373 
232    (0)   :  0.088 0.393 0.519 
233    (0)   :  0.030 0.857 0.113 
234    (0)   :  0.085 0.202 0.713 
235    (0)   :  0.094 0.440 0.466 
236    (0)   :  0.060 0.555 0.386 
237    (0)   :  0.033 0.177 0.790 
238    (0)   :  0.040 0.766 0.193 
239    (0)   :  0.025 0.842 0.133 
240    (0)   :  0.042 0.760 0.198 
241    (0)   :  0.030 0.824 0.146 
242    (0)   :  0.110 0.341 0.549 
243    (0)   :  0.029 0.512 0.459 
244    (0)   :  0.031 0.753 0.216 
245    (0)   :  0.027 0.883 0.090 
246    (0)   :  0.043 0.793 0.164 
247    (0)   :  0.113 0.039 0.848 
248    (0)   :  0.036 0.044 0.920 
249    (0)   :  0.038 0.664 0.298 
250    (0)   :  0.054 0.342 0.604 
251    (0)   :  0.097 0.095 0.808 
252    (0)   :  0.061 0.452 0.487 
253    (0)   :  0.063 0.083 0.854 
254    (0)   :  0.130 0.166 0.705 
255    (0)   :  0.082 0.239 0.680 
256    (0)   :  0.041 0.652 0.307 
257    (0)   :  0.040 0.184 0.776 
258    (0)   :  0.050 0.099 0.852 
259    (0)   :  0.039 0.136 0.825 
260    (0)   :  0.142 0.325 0.533 
261    (0)   :  0.057 0.661 0.282 
262    (0)   :  0.028 0.852 0.120 
263    (0)   :  0.051 0.134 0.815 
264    (0)   :  0.643 0.032 0.325 
265    (0)   :  0.096 0.257 0.647 
266    (0)   :  0.022 0.901 0.077 
267    (0)   :  0.050 0.276 0.674 
268    (0)   :  0.041 0.393 0.566 
269    (0)   :  0.201 0.290 0.509 
270    (0)   :  0.083 0.084 0.833 
271    (0)   :  0.042 0.084 0.874 
272    (0)   :  0.108 0.116 0.777 
273    (0)   :  0.117 0.513 0.370 
274    (0)   :  0.079 0.136 0.785 
275    (0)   :  0.110 0.277 0.613 
276    (0)   :  0.090 0.095 0.815 
277    (0)   :  0.094 0.433 0.473 
278    (0)   :  0.041 0.102 0.857 
279    (0)   :  0.062 0.283 0.655 
280    (0)   :  0.211 0.268 0.520 
281    (0)   :  0.055 0.133 0.812 
282    (0)   :  0.074 0.658 0.268 
283    (0)   :  0.039 0.791 0.170 
284    (0)   :  0.054 0.277 0.669 
285    (0)   :  0.066 0.031 0.903 
286    (0)   :  0.031 0.754 0.215 
287    (0)   :  0.125 0.232 0.643 
288    (0)   :  0.112 0.119 0.770 
289    (0)   :  0.108 0.157 0.735 
290    (0)   :  0.342 0.190 0.467 
291    (0)   :  0.042 0.086 0.873 
292    (0)   :  0.161 0.451 0.388 
293    (0)   :  0.544 0.084 0.372 
294    (0)   :  0.059 0.122 0.819 
295    (0)   :  0.095 0.187 0.718 
296    (0)   :  0.038 0.122 0.840 
297    (0)   :  0.238 0.128 0.634 
298    (0)   :  0.078 0.477 0.445 
299    (0)   :  0.076 0.117 0.807 
300    (0)   :  0.056 0.116 0.827 
301    (0)   :  0.135 0.084 0.781 
302    (0)   :  0.052 0.126 0.822 
303    (0)   :  0.061 0.710 0.229 
304    (0)   :  0.189 0.405 0.406 
305    (0)   :  0.031 0.740 0.229 
306    (0)   :  0.057 0.755 0.189 
307    (0)   :  0.052 0.231 0.717 
308    (0)   :  0.057 0.661 0.282 
309    (0)   :  0.056 0.144 0.801 
310    (0)   :  0.033 0.710 0.257 
311    (0)   :  0.035 0.524 0.441 
312    (0)   :  0.028 0.123 0.849 
313    (0)   :  0.029 0.068 0.904 
314    (0)   :  0.024 0.927 0.049 
315    (0)   :  0.031 0.907 0.061 
316    (0)   :  0.037 0.900 0.063 
317    (0)   :  0.026 0.925 0.049 
318    (0)   :  0.027 0.926 0.047 
319    (0)   :  0.024 0.917 0.058 
320    (0)   :  0.024 0.927 0.049 
321    (0)   :  0.028 0.921 0.051 
322    (0)   :  0.035 0.898 0.066 
323    (0)   :  0.026 0.921 0.053 
324    (0)   :  0.029 0.920 0.052 
325    (0)   :  0.036 0.904 0.059 
326    (0)   :  0.037 0.908 0.055 
327    (0)   :  0.026 0.925 0.049 
328    (0)   :  0.035 0.892 0.073 
329    (0)   :  0.025 0.925 0.050 
330    (0)   :  0.025 0.927 0.048 
331    (0)   :  0.024 0.926 0.050 
332    (0)   :  0.045 0.891 0.064 
333    (0)   :  0.033 0.909 0.059 
334    (0)   :  0.034 0.892 0.073 
335    (0)   :  0.032 0.903 0.065 
336    (0)   :  0.029 0.922 0.049 
337    (0)   :  0.040 0.896 0.064 
338    (0)   :  0.028 0.923 0.049 
339    (0)   :  0.024 0.925 0.051 
340    (0)   :  0.022 0.929 0.049 
341    (0)   :  0.025 0.924 0.051 
342    (0)   :  0.025 0.926 0.049 
343    (0)   :  0.036 0.896 0.068 
344    (0)   :  0.025 0.926 0.048 
345    (0)   :  0.025 0.926 0.048 
346    (0)   :  0.024 0.930 0.046 
347    (0)   :  0.022 0.931 0.047 
348    (0)   :  0.029 0.908 0.063 
349    (0)   :  0.026 0.925 0.049 
350    (0)   :  0.024 0.920 0.056 
351    (0)   :  0.032 0.903 0.066 
352    (0)   :  0.034 0.903 0.063 
353    (0)   :  0.029 0.922 0.049 
354    (0)   :  0.025 0.923 0.051 
355    (0)   :  0.026 0.927 0.047 
356    (0)   :  0.029 0.900 0.071 
357    (0)   :  0.211 0.525 0.264 
358    (0)   :  0.036 0.900 0.064 
359    (0)   :  0.025 0.922 0.053 
360    (0)   :  0.024 0.929 0.046 
361    (0)   :  0.213 0.432 0.355 
362    (0)   :  0.312 0.061 0.628 
363    (0)   :  0.652 0.035 0.313 
364    (0)   :  0.240 0.315 0.445 
365    (0)   :  0.728 0.036 0.236 
366    (0)   :  0.519 0.144 0.338 
367    (0)   :  0.619 0.018 0.364 
368    (0)   :  0.072 0.032 0.896 
369    (0)   :  0.219 0.399 0.382 
370    (0)   :  0.065 0.048 0.887 
371    (0)   :  0.299 0.093 0.608 
372    (0)   :  0.087 0.115 0.798 
373    (0)   :  0.192 0.055 0.753 
374    (0)   :  0.312 0.301 0.387 
375    (0)   :  0.572 0.026 0.402 
376    (0)   :  0.906 0.020 0.074 
377    (0)   :  0.439 0.050 0.510 
378    (0)   :  0.110 0.107 0.782 
379    (0)   :  0.913 0.019 0.068 
380    (0)   :  0.764 0.127 0.110 
381    (0)   :  0.837 0.078 0.085 
382    (0)   :  0.543 0.029 0.428 
383    (0)   :  0.811 0.101 0.088 
384    (0)   :  0.740 0.064 0.196 
385    (0)   :  0.134 0.092 0.774 
386    (0)   :  0.576 0.030 0.394 
387    (0)   :  0.592 0.031 0.377 
388    (0)   :  0.204 0.190 0.606 
389    (0)   :  0.053 0.045 0.902 
390    (0)   :  0.663 0.034 0.303 
391    (0)   :  0.122 0.063 0.816 
392    (0)   :  0.797 0.055 0.147 
393    (0)   :  0.866 0.066 0.068 
394    (0)   :  0.179 0.175 0.646 
395    (0)   :  0.593 0.057 0.350 
396    (0)   :  0.498 0.020 0.482 
397    (0)   :  0.262 0.149 0.589 
398    (0)   :  0.871 0.021 0.108 
399    (0)   :  0.177 0.026 0.797 
400    (0)   :  0.695 0.037 0.269 
401    (0)   :  0.334 0.044 0.622 
402    (0)   :  0.116 0.069 0.816 
403    (0)   :  0.156 0.341 0.503 
404    (0)   :  0.588 0.075 0.337 
405    (0)   :  0.383 0.078 0.539 
406    (0)   :  0.611 0.216 0.173 
407    (0)   :  0.885 0.020 0.095 
408    (0)   :  0.058 0.021 0.920 
409    (0)   :  0.358 0.503 0.139 
410    (0)   :  0.737 0.062 0.201 
411    (0)   :  0.645 0.209 0.146 
412    (0)   :  0.106 0.031 0.864 
413    (0)   :  0.096 0.088 0.816 
414    (0)   :  0.095 0.023 0.882 
415    (0)   :  0.838 0.032 0.131 
416    (0)   :  0.618 0.051 0.330 
417    (0)   :  0.845 0.027 0.128 
418    (0)   :  0.488 0.022 0.490 
419    (0)   :  0.366 0.165 0.469 
420    (0)   :  0.386 0.033 0.582 
421    (0)   :  0.689 0.033 0.279 
422    (0)   :  0.622 0.054 0.324 
423    (0)   :  0.732 0.042 0.226 
424    (0)   :  0.168 0.052 0.780 
425    (0)   :  0.467 0.065 0.469 
426    (0)   :  0.151 0.051 0.798 
427    (0)   :  0.797 0.082 0.121 
428    (0)   :  0.515 0.196 0.289 
429    (0)   :  0.871 0.018 0.111 
430    (0)   :  0.864 0.026 0.110 
431    (0)   :  0.138 0.039 0.823 
432    (0)   :  0.081 0.038 0.882 
433    (0)   :  0.052 0.194 0.754 
434    (0)   :  0.294 0.115 0.591 
435    (0)   :  0.867 0.020 0.113 
436    (0)   :  0.892 0.032 0.076 
437    (0)   :  0.861 0.023 0.116 
438    (0)   :  0.714 0.068 0.217 
439    (0)   :  0.903 0.027 0.070 
440    (0)   :  0.883 0.017 0.099 
441    (0)   :  0.663 0.080 0.258 
442    (0)   :  0.795 0.023 0.182 
443    (0)   :  0.578 0.024 0.397 
444    (0)   :  0.825 0.022 0.152 
445    (0)   :  0.719 0.142 0.139 
446    (0)   :  0.867 0.023 0.110 
447    (0)   :  0.667 0.056 0.276 
448    (0)   :  0.700 0.026 0.274 
449    (0)   :  0.655 0.047 0.298 
450    (0)   :  0.812 0.038 0.150 
451    (0)   :  0.094 0.018 0.888 
452    (0)   :  0.845 0.032 0.123 
453    (0)   :  0.111 0.081 0.808 
454    (0)   :  0.676 0.056 0.267 
455    (0)   :  0.843 0.026 0.131 
456    (0)   :  0.810 0.025 0.165 
457    (0)   :  0.881 0.024 0.095 
458    (0)   :  0.894 0.028 0.078 
459    (0)   :  0.652 0.076 0.272 
460    (0)   :  0.829 0.022 0.149 
461    (0)   :  0.785 0.021 0.194 
462    (0)   :  0.836 0.018 0.146 
463    (0)   :  0.539 0.087 0.374 
464    (0)   :  0.719 0.022 0.258 
465    (0)   :  0.440 0.033 0.527 
466    (0)   :  0.474 0.029 0.497 
467    (0)   :  0.743 0.056 0.200 
468    (0)   :  0.888 0.022 0.090 
469    (0)   :  0.913 0.024 0.064 
470    (0)   :  0.886 0.021 0.093 
471    (0)   :  0.386 0.045 0.570 
472    (0)   :  0.540 0.034 0.425 
473    (0)   :  0.491 0.053 0.455 
474    (0)   :  0.825 0.036 0.139 
475    (0)   :  0.518 0.051 0.431 
476    (0)   :  0.889 0.027 0.084 
477    (0)   :  0.156 0.045 0.799 
478    (0)   :  0.170 0.022 0.809 
479    (0)   :  0.837 0.020 0.144 
480    (0)   :  0.904 0.023 0.073 
481    (0)   :  0.441 0.027 0.531 
482    (0)   :  0.895 0.019 0.086 
483    (0)   :  0.868 0.029 0.103 
484    (0)   :  0.784 0.038 0.178 
485    (0)   :  0.885 0.023 0.092 
486    (0)   :  0.060 0.040 0.900 
487    (0)   :  0.074 0.099 0.827 
488    (0)   :  0.044 0.047 0.909 
489    (0)   :  0.087 0.194 0.719 
490    (0)   :  0.083 0.024 0.892 
491    (0)   :  0.051 0.110 0.839 
492    (0)   :  0.053 0.184 0.763 
493    (0)   :  0.047 0.045 0.908 
494    (0)   :  0.118 0.084 0.799 
495    (0)   :  0.079 0.072 0.848 
496    (0)   :  0.069 0.382 0.549 
497    (0)   :  0.050 0.082 0.868 
498    (0)   :  0.069 0.045 0.886 
499    (0)   :  0.062 0.245 0.693 
500    (0)   :  0.187 0.052 0.761 
501    (0)   :  0.192 0.134 0.673 
502    (0)   :  0.089 0.133 0.778 
503    (0)   :  0.491 0.035 0.474 
504    (0)   :  0.046 0.032 0.921 
505    (0)   :  0.052 0.102 0.847 
506    (0)   :  0.079 0.125 0.797 
507    (0)   :  0.029 0.846 0.125 
508    (0)   :  0.031 0.679 0.290 
509    (0)   :  0.046 0.208 0.747 
510    (0)   :  0.220 0.253 0.527 
511    (0)   :  0.551 0.041 0.407 
512    (0)   :  0.650 0.024 0.326 
513    (0)   :  0.024 0.048 0.928 
514    (0)   :  0.062 0.041 0.898 
515    (0)   :  0.588 0.149 0.263 
516    (0)   :  0.041 0.042 0.916 
517    (0)   :  0.234 0.135 0.631 
518    (0)   :  0.162 0.266 0.571 
519    (0)   :  0.072 0.041 0.886 
520    (0)   :  0.226 0.493 0.281 
521    (0)   :  0.072 0.419 0.509 
522    (0)   :  0.611 0.069 0.320 
523    (0)   :  0.065 0.234 0.701 
524    (0)   :  0.463 0.079 0.458 
525    (0)   :  0.302 0.299 0.399 
526    (0)   :  0.678 0.139 0.183 
527    (0)   :  0.188 0.039 0.773 
528    (0)   :  0.045 0.762 0.193 
529    (0)   :  0.078 0.103 0.819 
530    (0)   :  0.545 0.082 0.373 
531    (0)   :  0.225 0.460 0.316 
532    (0)   :  0.140 0.255 0.606 
533    (0)   :  0.375 0.072 0.553 
534    (0)   :  0.035 0.098 0.867 
535    (0)   :  0.267 0.079 0.654 
536    (0)   :  0.463 0.273 0.264 
537    (0)   :  0.070 0.629 0.301 
538    (0)   :  0.108 0.372 0.521 
539    (0)   :  0.032 0.878 0.091 
540    (0)   :  0.140 0.415 0.444 
541    (0)   :  0.099 0.628 0.273 
542    (0)   :  0.606 0.129 0.265 
543    (0)   :  0.051 0.223 0.726 
544    (0)   :  0.213 0.203 0.584 
545    (0)   :  0.567 0.058 0.375 
546    (0)   :  0.129 0.335 0.536 
547    (0)   :  0.086 0.373 0.541 
548    (0)   :  0.057 0.343 0.601 
549    (0)   :  0.189 0.714 0.097 
550    (0)   :  0.534 0.114 0.352 
551    (0)   :  0.074 0.755 0.171 
552    (0)   :  0.102 0.499 0.399 
553    (0)   :  0.041 0.405 0.554 
554    (0)   :  0.272 0.171 0.557 
555    (0)   :  0.063 0.549 0.387 
556    (0)   :  0.089 0.306 0.604 
557    (0)   :  0.597 0.135 0.269 
558    (0)   :  0.902 0.020 0.078 
559    (0)   :  0.067 0.036 0.897 
560    (0)   :  0.742 0.018 0.240 
561    (0)   :  0.409 0.023 0.568 
562    (0)   :  0.226 0.018 0.755 
563    (0)   :  0.144 0.104 0.752 
564    (0)   :  0.072 0.046 0.882 
565    (0)   :  0.893 0.024 0.083 
566    (0)   :  0.326 0.017 0.657 
567    (0)   :  0.048 0.028 0.924 
568    (0)   :  0.219 0.042 0.739 
569    (0)   :  0.283 0.058 0.658 
570    (0)   :  0.872 0.018 0.110 
571    (0)   :  0.099 0.026 0.875 
572    (0)   :  0.127 0.349 0.525 
573    (0)   :  0.098 0.045 0.856 
574    (0)   :  0.485 0.103 0.412 
575    (0)   :  0.204 0.067 0.730 
576    (0)   :  0.207 0.017 0.777 
577    (0)   :  0.460 0.084 0.456 
578    (0)   :  0.263 0.031 0.705 
579    (0)   :  0.373 0.031 0.595 
580    (0)   :  0.630 0.051 0.319 
581    (0)   :  0.622 0.037 0.341 
582    (0)   :  0.849 0.020 0.131 
583    (0)   :  0.234 0.028 0.738 
584    (0)   :  0.167 0.020 0.813 
585    (0)   :  0.432 0.026 0.542 
586    (0)   :  0.089 0.032 0.879 
587    (0)   :  0.660 0.021 0.319 
588    (0)   :  0.027 0.039 0.934 
589    (0)   :  0.685 0.024 0.291 
590    (0)   :  0.068 0.023 0.909 
591    (0)   :  0.082 0.029 0.890 
592    (0)   :  0.262 0.027 0.711 
593    (0)   :  0.268 0.053 0.679 
594    (0)   :  0.064 0.048 0.888 
595    (0)   :  0.424 0.019 0.557 
596    (0)   :  0.105 0.048 0.847 
597    (0)   :  0.066 0.110 0.825 
598    (0)   :  0.901 0.018 0.081 
599    (0)   :  0.357 0.020 0.623 
600    (0)   :  0.566 0.067 0.367 
601    (0)   :  0.623 0.020 0.356 
602    (0)   :  0.060 0.090 0.851 
603    (0)   :  0.057 0.079 0.864 
604    (0)   :  0.638 0.081 0.281 
605    (0)   :  0.234 0.039 0.727 
606    (0)   :  0.189 0.144 0.667 
607    (0)   :  0.189 0.203 0.608 
608    (0)   :  0.251 0.434 0.315 
609    (0)   :  0.535 0.047 0.418 
610    (0)   :  0.766 0.043 0.191 
611    (0)   :  0.069 0.080 0.851 
612    (0)   :  0.885 0.028 0.088 
613    (0)   :  0.192 0.050 0.758 
614    (0)   :  0.847 0.028 0.125 
615    (0)   :  0.821 0.058 0.122 
616    (0)   :  0.176 0.134 0.690 
617    (0)   :  0.408 0.032 0.560 
618    (0)   :  0.669 0.151 0.180 
619    (0)   :  0.132 0.095 0.773 
620    (0)   :  0.160 0.022 0.818 
621    (0)   :  0.191 0.027 0.782 
622    (0)   :  0.556 0.119 0.325 
623    (0)   :  0.097 0.031 0.872 
624    (0)   :  0.790 0.096 0.114 
625    (0)   :  0.597 0.109 0.294 
626    (0)   :  0.295 0.608 0.096 
627    (0)   :  0.122 0.040 0.838 
628    (0)   :  0.088 0.039 0.874 
629    (0)   :  0.147 0.052 0.801 
630    (0)   :  0.744 0.039 0.217 
631    (0)   :  0.523 0.053 0.424 
632    (0)   :  0.119 0.305 0.576 
633    (0)   :  0.520 0.087 0.393 
634    (0)   :  0.154 0.138 0.708 
635    (0)   :  0.143 0.535 0.322 
636    (0)   :  0.547 0.196 0.257 
637    (0)   :  0.263 0.113 0.624 
638    (0)   :  0.112 0.073 0.815 
639    (0)   :  0.438 0.080 0.482 
640    (0)   :  0.150 0.032 0.818 
641    (0)   :  0.223 0.052 0.724 
642    (0)   :  0.095 0.654 0.251 
643    (0)   :  0.044 0.851 0.105 
644    (0)   :  0.048 0.677 0.275 
645    (0)   :  0.282 0.629 0.089 
646    (0)   :  0.127 0.105 0.768 
647    (0)   :  0.066 0.288 0.646 
648    (0)   :  0.152 0.389 0.459 
649    (0)   :  0.042 0.190 0.768 
650    (0)   :  0.049 0.113 0.838 
651    (0)   :  0.059 0.423 0.518 
652    (0)   :  0.066 0.607 0.327 
653    (0)   :  0.109 0.443 0.449 
654    (0)   :  0.085 0.637 0.277 
655    (0)   :  0.092 0.538 0.370 
656    (0)   :  0.094 0.250 0.656 
657    (0)   :  0.361 0.145 0.494 
658    (0)   :  0.170 0.187 0.643 
659    (0)   :  0.086 0.607 0.307 
660    (0)   :  0.041 0.740 0.219 
661    (0)   :  0.085 0.735 0.180 
662    (0)   :  0.033 0.113 0.854 
663    (0)   :  0.072 0.644 0.284 
664    (0)   :  0.288 0.248 0.464 
665    (0)   :  0.042 0.128 0.830 
666    (0)   :  0.071 0.672 0.258 
667    (0)   :  0.084 0.060 0.856 
668    (0)   :  0.141 0.539 0.321 
669    (0)   :  0.061 0.277 0.662 
670    (0)   :  0.026 0.901 0.073 
671    (0)   :  0.038 0.791 0.170 
672    (0)   :  0.066 0.763 0.171 
673    (0)   :  0.027 0.917 0.056 
674    (0)   :  0.052 0.819 0.128 
675    (0)   :  0.031 0.847 0.122 
676    (0)   :  0.026 0.919 0.055 
677    (0)   :  0.024 0.906 0.070 
678    (0)   :  0.027 0.911 0.061 
679    (0)   :  0.053 0.838 0.109 
680    (0)   :  0.044 0.878 0.078 
681    (0)   :  0.143 0.485 0.372 
682    (0)   :  0.046 0.888 0.066 
683    (0)   :  0.026 0.908 0.066 
684    (0)   :  0.027 0.908 0.065 
685    (0)   :  0.024 0.923 0.053 
686    (0)   :  0.044 0.865 0.091 
687    (0)   :  0.034 0.802 0.164 
688    (0)   :  0.033 0.868 0.098 
689    (0)   :  0.025 0.921 0.054 
690    (0)   :  0.026 0.920 0.054 
691    (0)   :  0.047 0.849 0.104 
692    (0)   :  0.039 0.866 0.095 
693    (0)   :  0.042 0.866 0.092 
694    (0)   :  0.022 0.927 0.052 
695    (0)   :  0.030 0.906 0.063 
696    (0)   :  0.033 0.871 0.096 
697    (0)   :  0.025 0.918 0.057 
698    (0)   :  0.025 0.917 0.057 
699    (0)   :  0.029 0.901 0.070 
700    (0)   :  0.068 0.858 0.073 
701    (0)   :  0.055 0.802 0.143 
702    (0)   :  0.060 0.815 0.126 
703    (0)   :  0.045 0.881 0.074 
704    (0)   :  0.030 0.887 0.083 
705    (0)   :  0.075 0.715 0.210 
706    (0)   :  0.040 0.895 0.066 
707    (0)   :  0.028 0.911 0.061 
708    (0)   :  0.025 0.910 0.066 
709    (0)   :  0.027 0.917 0.056 
710    (0)   :  0.022 0.929 0.049 
711    (0)   :  0.039 0.887 0.075 
712    (0)   :  0.021 0.918 0.061 
713    (0)   :  0.029 0.879 0.091 
714    (0)   :  0.054 0.791 0.155 
715    (0)   :  0.022 0.926 0.052 
716    (0)   :  0.038 0.903 0.058 
717    (0)   :  0.022 0.928 0.050 
718    (0)   :  0.040 0.860 0.100 
719    (0)   :  0.022 0.923 0.055 
720    (0)   :  0.156 0.029 0.815 
721    (0)   :  0.179 0.603 0.218 
722    (0)   :  0.526 0.060 0.414 
723    (0)   :  0.636 0.053 0.310 
724    (0)   :  0.723 0.145 0.132 
725    (0)   :  0.138 0.170 0.692 
726    (0)   :  0.669 0.100 0.232 
727    (0)   :  0.156 0.388 0.456 
728    (0)   :  0.918 0.017 0.065 
729    (0)   :  0.896 0.019 0.085 
730    (0)   :  0.636 0.036 0.327 
731    (0)   :  0.854 0.037 0.109 
732    (0)   :  0.632 0.053 0.315 
733    (0)   :  0.886 0.024 0.090 
734    (0)   :  0.887 0.017 0.096 
735    (0)   :  0.893 0.029 0.078 
736    (0)   :  0.594 0.037 0.369 
737    (0)   :  0.559 0.045 0.397 
738    (0)   :  0.615 0.036 0.350 
739    (0)   :  0.897 0.023 0.081 
740    (0)   :  0.057 0.728 0.215 
741    (0)   :  0.103 0.509 0.387 
742    (0)   :  0.203 0.132 0.665 
743    (0)   :  0.171 0.067 0.762 
744    (0)   :  0.060 0.110 0.830 
745    (0)   :  0.130 0.026 0.844 
746    (0)   :  0.181 0.183 0.636 
747    (0)   :  0.084 0.048 0.869 
748    (0)   :  0.061 0.452 0.487 
749    (0)   :  0.075 0.167 0.757 
750    (0)   :  0.106 0.115 0.780 
751    (0)   :  0.078 0.509 0.414 
752    (0)   :  0.124 0.069 0.806 
753    (0)   :  0.256 0.234 0.510 
754    (0)   :  0.127 0.351 0.522 
755    (0)   :  0.109 0.124 0.768 
756    (0)   :  0.050 0.188 0.762 
757    (0)   :  0.082 0.096 0.821 
758    (0)   :  0.046 0.024 0.930 
759    (0)   :  0.155 0.481 0.364 
760    (0)   :  0.363 0.108 0.530 
761    (0)   :  0.542 0.264 0.194 
762    (0)   :  0.669 0.036 0.294 
763    (0)   :  0.258 0.235 0.507 
764    (0)   :  0.078 0.057 0.866 
765    (0)   :  0.576 0.062 0.363 
766    (0)   :  0.100 0.374 0.527 
767    (0)   :  0.112 0.168 0.721 
768    (0)   :  0.674 0.038 0.289 
769    (0)   :  0.573 0.185 0.243 
770    (0)   :  0.603 0.035 0.362 
771    (0)   :  0.040 0.203 0.757 
772    (0)   :  0.139 0.292 0.569 
773    (0)   :  0.090 0.077 0.833 
774    (0)   :  0.108 0.503 0.389 
775    (0)   :  0.762 0.060 0.178 
776    (0)   :  0.102 0.039 0.860 
777    (0)   :  0.131 0.094 0.776 
778    (0)   :  0.082 0.179 0.739 
779    (0)   :  0.062 0.091 0.848 
780    (0)   :  0.074 0.352 0.574 
781    (0)   :  0.048 0.342 0.609 
782    (0)   :  0.063 0.091 0.846 
783    (0)   :  0.155 0.247 0.597 
784    (0)   :  0.264 0.055 0.681 
785    (0)   :  0.100 0.100 0.799 
786    (0)   :  0.111 0.484 0.405 
787    (0)   :  0.035 0.417 0.548 
788    (0)   :  0.206 0.058 0.736 
789    (0)   :  0.291 0.060 0.649 
790    (0)   :  0.141 0.216 0.642 
791    (0)   :  0.123 0.095 0.781 
792    (0)   :  0.039 0.517 0.443 
793    (0)   :  0.148 0.524 0.328 
794    (0)   :  0.124 0.113 0.763 
795    (0)   :  0.145 0.608 0.247 
796    (0)   :  0.071 0.116 0.813 
797    (0)   :  0.055 0.772 0.173 
798    (0)   :  0.826 0.025 0.149 
799    (0)   :  0.105 0.050 0.845 
800    (0)   :  0.028 0.655 0.317 
801    (0)   :  0.808 0.051 0.142 
802    (0)   :  0.480 0.296 0.224 
803    (0)   :  0.134 0.436 0.430 
804    (0)   :  0.163 0.132 0.705 
805    (0)   :  0.040 0.861 0.098 
806    (0)   :  0.599 0.191 0.210 
807    (0)   :  0.036 0.852 0.112 
808    (0)   :  0.061 0.541 0.398 
809    (0)   :  0.589 0.165 0.247 
810    (0)   :  0.169 0.185 0.646 
811    (0)   :  0.104 0.617 0.280 
812    (0)   :  0.134 0.067 0.799 
813    (0)   :  0.820 0.030 0.150 
814    (0)   :  0.045 0.052 0.903 
815    (0)   :  0.460 0.421 0.119 
816    (0)   :  0.335 0.420 0.245 
817    (0)   :  0.481 0.296 0.223 
818    (0)   :  0.133 0.046 0.822 
819    (0)   :  0.038 0.084 0.878 
820    (0)   :  0.058 0.106 0.836 
821    (0)   :  0.174 0.057 0.769 
822    (0)   :  0.309 0.020 0.671 
823    (0)   :  0.504 0.176 0.320 
824    (0)   :  0.104 0.106 0.790 
825    (0)   :  0.229 0.037 0.734 
826    (0)   :  0.054 0.026 0.920 
827    (0)   :  0.430 0.040 0.530 
828    (0)   :  0.501 0.073 0.426 
829    (0)   :  0.702 0.070 0.228 
830    (0)   :  0.423 0.025 0.552 
831    (0)   :  0.237 0.100 0.663 
832    (0)   :  0.291 0.124 0.585 
833    (0)   :  0.494 0.122 0.384 
834    (0)   :  0.346 0.094 0.560 
835    (0)   :  0.055 0.027 0.918 
836    (0)   :  0.083 0.062 0.855 
837    (0)   :  0.542 0.246 0.212 
838    (0)   :  0.064 0.032 0.904 
839    (0)   :  0.245 0.040 0.715 
840    (0)   :  0.048 0.120 0.832 
841    (0)   :  0.048 0.078 0.874 
842    (0)   :  0.123 0.020 0.856 
843    (0)   :  0.071 0.336 0.593 
844    (0)   :  0.142 0.108 0.750 
845    (0)   :  0.099 0.025 0.876 
846    (0)   :  0.069 0.067 0.864 
847    (0)   :  0.038 0.115 0.847 
848    (0)   :  0.040 0.052 0.907 
849    (0)   :  0.176 0.037 0.787 
850    (0)   :  0.124 0.037 0.839 
851    (0)   :  0.048 0.031 0.921 
852    (0)   :  0.237 0.500 0.263 
853    (0)   :  0.290 0.032 0.678 
854    (0)   :  0.388 0.180 0.431 
855    (0)   :  0.057 0.052 0.891 
856    (0)   :  0.067 0.081 0.852 
857    (0)   :  0.104 0.051 0.845 
858    (0)   :  0.096 0.030 0.874 
859    (0)   :  0.213 0.035 0.753 
860    (0)   :  0.049 0.027 0.923 
861    (0)   :  0.043 0.384 0.574 
862    (0)   :  0.909 0.024 0.068 
863    (0)   :  0.845 0.059 0.096 
864    (0)   :  0.900 0.040 0.060 
865    (0)   :  0.889 0.018 0.093 
866    (0)   :  0.453 0.032 0.515 
867    (0)   :  0.883 0.040 0.077 
868    (0)   :  0.819 0.034 0.146 
869    (0)   :  0.521 0.034 0.445 
870    (0)   :  0.767 0.023 0.210 
871    (0)   :  0.847 0.021 0.132 
872    (0)   :  0.878 0.027 0.095 
873    (0)   :  0.893 0.032 0.074 
874    (0)   :  0.893 0.020 0.086 
875    (0)   :  0.435 0.040 0.524 
876    (0)   :  0.095 0.025 0.880 
877    (0)   :  0.909 0.028 0.063 
878    (0)   :  0.443 0.053 0.504 
879    (0)   :  0.887 0.036 0.077 
880    (0)   :  0.388 0.032 0.581 
881    (0)   :  0.870 0.036 0.095 
882    (0)   :  0.893 0.031 0.077 
883    (0)   :  0.132 0.041 0.826 
884    (0)   :  0.892 0.017 0.091 
885    (0)   :  0.743 0.068 0.189 
886    (0)   :  0.660 0.047 0.293 
887    (0)   :  0.887 0.020 0.094 
888    (0)   :  0.373 0.122 0.505 
889    (0)   :  0.898 0.017 0.085 
890    (0)   :  0.320 0.020 0.661 
891    (0)   :  0.060 0.029 0.911 
892    (0)   :  0.075 0.034 0.891 
893    (0)   :  0.247 0.060 0.693 
894    (0)   :  0.497 0.020 0.484 
895    (0)   :  0.863 0.021 0.116 
896    (0)   :  0.046 0.051 0.903 
897    (0)   :  0.050 0.030 0.919 
898    (0)   :  0.444 0.062 0.495 
899    (0)   :  0.412 0.017 0.572 
900    (0)   :  0.061 0.024 0.915 
901    (0)   :  0.071 0.026 0.904 
902    (0)   :  0.048 0.042 0.910 
903    (0)   :  0.645 0.028 0.327 
904    (0)   :  0.422 0.060 0.518 
905    (0)   :  0.725 0.019 0.256 
906    (0)   :  0.170 0.039 0.792 
907    (0)   :  0.157 0.041 0.803 
908    (0)   :  0.156 0.032 0.812 
909    (0)   :  0.149 0.042 0.810 
910    (0)   :  0.066 0.040 0.894 
911    (0)   :  0.792 0.017 0.191 
912    (0)   :  0.450 0.021 0.529 
913    (0)   :  0.495 0.021 0.483 
914    (0)   :  0.270 0.130 0.600 
915    (0)   :  0.164 0.017 0.819 
916    (0)   :  0.203 0.023 0.774 
917    (0)   :  0.292 0.025 0.683 
918    (0)   :  0.465 0.112 0.423 
919    (0)   :  0.600 0.055 0.345 
920    (0)   :  0.147 0.035 0.817 
921    (0)   :  0.072 0.319 0.609 
922    (0)   :  0.093 0.054 0.853 
923    (0)   :  0.043 0.089 0.868 
924    (0)   :  0.039 0.043 0.918 
925    (0)   :  0.059 0.076 0.865 
926    (0)   :  0.029 0.277 0.695 
927    (0)   :  0.087 0.382 0.532 
928    (0)   :  0.033 0.506 0.461 
929    (0)   :  0.029 0.079 0.892 
930    (0)   :  0.054 0.109 0.837 
931    (0)   :  0.354 0.522 0.124 
932    (0)   :  0.038 0.065 0.898 
933    (0)   :  0.040 0.701 0.259 
934    (0)   :  0.029 0.031 0.940 
935    (0)   :  0.081 0.183 0.735 
936    (0)   :  0.072 0.128 0.800 
937    (0)   :  0.073 0.548 0.379 
938    (0)   :  0.029 0.520 0.451 
939    (0)   :  0.076 0.635 0.289 
940    (0)   :  0.093 0.213 0.694 
941    (0)   :  0.125 0.061 0.814 
942    (0)   :  0.069 0.311 0.619 
943    (0)   :  0.053 0.821 0.126 
944    (0)   :  0.064 0.558 0.377 
945    (0)   :  0.050 0.103 0.846 
946    (0)   :  0.052 0.130 0.818 
947    (0)   :  0.049 0.665 0.286 
948    (0)   :  0.642 0.091 0.268 
949    (0)   :  0.367 0.050 0.582 
950    (0)   :  0.034 0.517 0.449 
951    (0)   :  0.069 0.348 0.583 
952    (0)   :  0.084 0.202 0.714 
953    (0)   :  0.100 0.097 0.803 
954    (0)   :  0.325 0.193 0.482 
955    (0)   :  0.036 0.895 0.069 
956    (0)   :  0.026 0.887 0.087 
957    (0)   :  0.132 0.478 0.389 
958    (0)   :  0.121 0.064 0.815 
959    (0)   :  0.053 0.244 0.703 
960    (0)   :  0.537 0.078 0.385 
961    (0)   :  0.023 0.925 0.052 
962    (0)   :  0.029 0.068 0.903 
963    (0)   :  0.148 0.064 0.788 
964    (0)   :  0.105 0.091 0.803 
965    (0)   :  0.049 0.301 0.650 
966    (0)   :  0.112 0.221 0.666 
967    (0)   :  0.041 0.892 0.068 
968    (0)   :  0.034 0.085 0.881 
969    (0)   :  0.238 0.226 0.536 
970    (0)   :  0.046 0.781 0.172 
971    (0)   :  0.039 0.166 0.795 
972    (0)   :  0.165 0.234 0.600 
973    (0)   :  0.031 0.451 0.518 
974    (0)   :  0.079 0.077 0.844 
975    (0)   :  0.240 0.227 0.533 
976    (0)   :  0.038 0.165 0.798 
977    (0)   :  0.119 0.295 0.586 
978    (0)   :  0.039 0.292 0.669 
979    (0)   :  0.055 0.066 0.879 
980    (0)   :  0.042 0.367 0.592 
981    (0)   :  0.080 0.181 0.739 
982    (0)   :  0.096 0.034 0.870 
983    (0)   :  0.380 0.049 0.570 
984    (0)   :  0.191 0.682 0.127 
985    (0)   :  0.053 0.137 0.809 
986    (0)   :  0.080 0.066 0.854 
987    (0)   :  0.060 0.027 0.912 
988    (0)   :  0.688 0.019 0.293 
989    (0)   :  0.096 0.749 0.155 
990    (0)   :  0.187 0.081 0.732 
991    (0)   :  0.071 0.105 0.824 
992    (0)   :  0.036 0.030 0.934 
993    (0)   :  0.555 0.047 0.398 
994    (0)   :  0.061 0.260 0.679 
995    (0)   :  0.021 0.915 0.064 
996    (0)   :  0.168 0.038 0.794 
997    (0)   :  0.036 0.073 0.891 
998    (0)   :  0.064 0.035 0.900 
999    (0)   :  0.065 0.145 0.790 
1000    (0)   :  0.063 0.032 0.904 
1001    (0)   :  0.162 0.044 0.793 
1002    (0)   :  0.128 0.021 0.851 
1003    (0)   :  0.053 0.086 0.861 
1004    (0)   :  0.041 0.052 0.907 
1005    (0)   :  0.060 0.033 0.906 
1006    (0)   :  0.072 0.160 0.769 
1007    (0)   :  0.054 0.316 0.630 
1008    (0)   :  0.054 0.518 0.427 
1009    (0)   :  0.179 0.160 0.661 
1010    (0)   :  0.065 0.125 0.810 
1011    (0)   :  0.080 0.472 0.448 
1012    (0)   :  0.096 0.078 0.827 
1013    (0)   :  0.058 0.106 0.836 
1014    (0)   :  0.093 0.036 0.871 
1015    (0)   :  0.037 0.052 0.911 
1016    (0)   :  0.056 0.030 0.914 
1017    (0)   :  0.043 0.157 0.800 
1018    (0)   :  0.061 0.140 0.799 
1019    (0)   :  0.102 0.132 0.766 
1020    (0)   :  0.033 0.866 0.101 
1021    (0)   :  0.049 0.622 0.328 
1022    (0)   :  0.053 0.125 0.822 
1023    (0)   :  0.191 0.047 0.763 
1024    (0)   :  0.164 0.035 0.801 
1025    (0)   :  0.064 0.066 0.870 
1026    (0)   :  0.691 0.193 0.116 
1027    (0)   :  0.640 0.167 0.193 
1028    (0)   :  0.711 0.090 0.199 
1029    (0)   :  0.105 0.130 0.765 
1030    (0)   :  0.098 0.509 0.393 
1031    (0)   :  0.446 0.276 0.278 
1032    (0)   :  0.335 0.364 0.302 
1033    (0)   :  0.417 0.305 0.278 
1034    (0)   :  0.096 0.139 0.764 
1035    (0)   :  0.076 0.747 0.176 
1036    (0)   :  0.149 0.539 0.312 
1037    (0)   :  0.048 0.566 0.386 
1038    (0)   :  0.354 0.470 0.176 
1039    (0)   :  0.171 0.466 0.363 
1040    (0)   :  0.684 0.185 0.131 
1041    (0)   :  0.684 0.135 0.181 
1042    (0)   :  0.218 0.494 0.289 
1043    (0)   :  0.470 0.273 0.257 
1044    (0)   :  0.440 0.151 0.409 
1045    (0)   :  0.748 0.153 0.099 
1046    (0)   :  0.200 0.443 0.357 
1047    (0)   :  0.069 0.756 0.175 
1048    (0)   :  0.138 0.074 0.787 
1049    (0)   :  0.069 0.046 0.885 
1050    (0)   :  0.394 0.018 0.588 
1051    (0)   :  0.132 0.021 0.848 
1052    (0)   :  0.167 0.027 0.805 
1053    (0)   :  0.180 0.033 0.787 
1054    (0)   :  0.128 0.034 0.838 
1055    (0)   :  0.050 0.026 0.924 
1056    (0)   :  0.076 0.028 0.896 
1057    (0)   :  0.788 0.024 0.188 
1058    (0)   :  0.334 0.021 0.644 
1059    (0)   :  0.388 0.041 0.571 
1060    (0)   :  0.266 0.065 0.669 
1061    (0)   :  0.051 0.023 0.925 
1062    (0)   :  0.382 0.024 0.594 
1063    (0)   :  0.038 0.070 0.893 
1064    (0)   :  0.205 0.030 0.765 
1065    (0)   :  0.115 0.044 0.841 
1066    (0)   :  0.051 0.048 0.901 
1067    (0)   :  0.290 0.022 0.688 
1068    (0)   :  0.136 0.216 0.648 
1069    (0)   :  0.100 0.018 0.882 
1070    (0)   :  0.144 0.024 0.832 
1071    (0)   :  0.119 0.074 0.807 
1072    (0)   :  0.096 0.043 0.861 
1073    (0)   :  0.308 0.030 0.662 
1074    (0)   :  0.305 0.058 0.637 
1075    (0)   :  0.219 0.041 0.740 
1076    (0)   :  0.199 0.047 0.753 
1077    (0)   :  0.839 0.022 0.138 
1078    (0)   :  0.071 0.033 0.895 
1079    (0)   :  0.266 0.029 0.705 
1080    (0)   :  0.091 0.100 0.809 
1081    (0)   :  0.212 0.021 0.767 
1082    (0)   :  0.153 0.056 0.791 
1083    (0)   :  0.105 0.038 0.857 
1084    (0)   :  0.100 0.096 0.805 
1085    (0)   :  0.113 0.016 0.872 
1086    (0)   :  0.040 0.023 0.936 
1087    (0)   :  0.101 0.016 0.883 
1088    (0)   :  0.077 0.017 0.907 
1089    (0)   :  0.506 0.019 0.476 
1090    (0)   :  0.276 0.024 0.700 
1091    (0)   :  0.083 0.034 0.883 
1092    (0)   :  0.212 0.022 0.766 
1093    (0)   :  0.054 0.052 0.893 
1094    (0)   :  0.730 0.062 0.207 
