

----------------------------------------------------
STRUCTURE by Pritchard, Stephens and Donnelly (2000)
     and Falush, Stephens and Pritchard (2003)
       Code by Pritchard, Falush and Hubisz
             Version 2.3.4 (Jul 2012)
----------------------------------------------------



Command line arguments:   ./structure -K 9 -D 109007 -m brooktrout/mainparams -e brooktrout/extraparams -o brooktrout/250914_output/results_K9_rep7 
Input File:    brooktrout/brooktrout.txt

Run parameters:
   8454 individuals
   5 loci
   9 populations assumed
   50000 Burn-in period
   100000 Reps
RANDOMIZE turned off


--------------------------------------------
Overall proportion of membership of the
sample in each of the 9 clusters

Inferred Clusters
  1      2      3      4      5      6      7      8      9    
0.010  0.009  0.027  0.095  0.133  0.169  0.183  0.182  0.192  

--------------------------------------------

Allele-freq. divergence among pops (Net nucleotide distance),
computed using point estimates of P.

      1       2       3       4       5       6       7       8       9      
 1      -    0.1347  0.2096  0.1991  0.1827  0.1716  0.1569  0.1777  0.1817  
 2   0.1347     -    0.1482  0.1290  0.1301  0.1282  0.1371  0.1368  0.0999  
 3   0.2096  0.1482     -    0.1521  0.2073  0.1439  0.2385  0.1603  0.1701  
 4   0.1991  0.1290  0.1521     -    0.1029  0.1158  0.2262  0.1727  0.1076  
 5   0.1827  0.1301  0.2073  0.1029     -    0.1587  0.1994  0.1458  0.0863  
 6   0.1716  0.1282  0.1439  0.1158  0.1587     -    0.1609  0.1076  0.0962  
 7   0.1569  0.1371  0.2385  0.2262  0.1994  0.1609     -    0.1060  0.1816  
 8   0.1777  0.1368  0.1603  0.1727  0.1458  0.1076  0.1060     -    0.1474  
 9   0.1817  0.0999  0.1701  0.1076  0.0863  0.0962  0.1816  0.1474     -    

Average distances (expected heterozygosity) between individuals in same cluster:
cluster  1  : 0.7620 
cluster  2  : 0.8227 
cluster  3  : 0.7470 
cluster  4  : 0.7348 
cluster  5  : 0.7195 
cluster  6  : 0.7632 
cluster  7  : 0.6778 
cluster  8  : 0.7544 
cluster  9  : 0.7334 

--------------------------------------------
Estimated Ln Prob of Data   = -188906.7
Mean value of ln likelihood = -172539.0
Variance of ln likelihood   = 32735.4

Mean value of alpha_1       = 0.0491
Mean value of alpha_2       = 0.0468
Mean value of alpha_3       = 0.1310
Mean value of alpha_4       = 0.4690
Mean value of alpha_5       = 0.6735
Mean value of alpha_6       = 0.8530
Mean value of alpha_7       = 0.8947
Mean value of alpha_8       = 0.9230
Mean value of alpha_9       = 0.9616
Allele frequencies uncorrelated


Inferred ancestry of individuals:
     (%Miss) :  Inferred clusters
  1    (0)   :  0.011 0.007 0.016 0.060 0.149 0.107 0.176 0.265 0.210 
  2    (0)   :  0.004 0.004 0.017 0.055 0.066 0.483 0.102 0.116 0.153 
  3    (0)   :  0.005 0.007 0.010 0.059 0.131 0.097 0.133 0.260 0.297 
  4    (0)   :  0.015 0.015 0.014 0.064 0.101 0.125 0.365 0.186 0.114 
  5    (0)   :  0.007 0.005 0.020 0.060 0.073 0.434 0.103 0.106 0.193 
  6    (0)   :  0.005 0.006 0.011 0.064 0.097 0.141 0.131 0.084 0.461 
  7    (0)   :  0.005 0.006 0.015 0.253 0.124 0.122 0.101 0.101 0.273 
  8    (0)   :  0.126 0.024 0.014 0.071 0.113 0.099 0.181 0.157 0.216 
  9    (0)   :  0.005 0.009 0.025 0.066 0.085 0.242 0.131 0.175 0.261 
 10    (0)   :  0.100 0.008 0.015 0.076 0.099 0.112 0.143 0.110 0.337 
 11    (0)   :  0.005 0.005 0.023 0.157 0.182 0.121 0.095 0.126 0.287 
 12    (0)   :  0.004 0.005 0.016 0.067 0.067 0.348 0.161 0.116 0.216 
 13    (0)   :  0.005 0.007 0.020 0.079 0.085 0.225 0.145 0.152 0.283 
 14    (0)   :  0.014 0.004 0.012 0.042 0.133 0.238 0.134 0.241 0.182 
 15    (0)   :  0.005 0.006 0.014 0.074 0.147 0.183 0.251 0.170 0.150 
 16    (0)   :  0.004 0.005 0.018 0.067 0.153 0.096 0.113 0.177 0.366 
 17    (0)   :  0.005 0.010 0.021 0.057 0.083 0.152 0.143 0.170 0.359 
 18    (0)   :  0.006 0.010 0.013 0.046 0.153 0.252 0.170 0.134 0.218 
 19    (0)   :  0.004 0.005 0.013 0.068 0.087 0.135 0.134 0.110 0.445 
 20    (0)   :  0.005 0.006 0.019 0.118 0.149 0.208 0.158 0.141 0.197 
 21    (0)   :  0.008 0.005 0.013 0.051 0.115 0.176 0.210 0.253 0.169 
 22    (0)   :  0.004 0.008 0.013 0.047 0.090 0.119 0.153 0.141 0.425 
 23    (0)   :  0.012 0.009 0.031 0.057 0.105 0.178 0.175 0.294 0.140 
 24    (0)   :  0.004 0.005 0.017 0.058 0.147 0.100 0.206 0.221 0.241 
 25    (0)   :  0.005 0.006 0.016 0.088 0.134 0.245 0.084 0.099 0.323 
 26    (0)   :  0.004 0.008 0.014 0.061 0.116 0.190 0.218 0.138 0.252 
 27    (0)   :  0.005 0.006 0.018 0.056 0.110 0.158 0.148 0.188 0.312 
 28    (0)   :  0.030 0.006 0.014 0.099 0.139 0.143 0.271 0.133 0.165 
 29    (0)   :  0.004 0.004 0.024 0.113 0.090 0.215 0.114 0.204 0.230 
 30    (0)   :  0.004 0.005 0.015 0.046 0.114 0.146 0.123 0.169 0.379 
 31    (0)   :  0.114 0.014 0.021 0.084 0.092 0.193 0.108 0.174 0.199 
 32    (0)   :  0.010 0.005 0.011 0.055 0.107 0.178 0.201 0.159 0.274 
 33    (0)   :  0.004 0.006 0.014 0.093 0.140 0.119 0.144 0.241 0.241 
 34    (0)   :  0.106 0.007 0.032 0.131 0.136 0.103 0.103 0.090 0.293 
 35    (0)   :  0.004 0.011 0.030 0.053 0.070 0.187 0.089 0.278 0.278 
 36    (0)   :  0.006 0.005 0.012 0.051 0.238 0.101 0.085 0.383 0.119 
 37    (0)   :  0.005 0.007 0.012 0.062 0.076 0.173 0.177 0.281 0.208 
 38    (0)   :  0.004 0.006 0.033 0.095 0.373 0.126 0.079 0.150 0.135 
 39    (0)   :  0.004 0.008 0.028 0.094 0.186 0.174 0.118 0.179 0.208 
 40    (0)   :  0.004 0.004 0.013 0.042 0.089 0.115 0.096 0.467 0.169 
 41    (0)   :  0.007 0.007 0.030 0.092 0.132 0.093 0.068 0.383 0.188 
 42    (0)   :  0.004 0.005 0.017 0.048 0.188 0.084 0.150 0.408 0.096 
 43    (0)   :  0.009 0.008 0.017 0.064 0.066 0.156 0.104 0.416 0.161 
 44    (0)   :  0.004 0.008 0.016 0.052 0.065 0.184 0.070 0.373 0.228 
 45    (0)   :  0.004 0.005 0.028 0.061 0.206 0.236 0.077 0.257 0.126 
 46    (0)   :  0.004 0.011 0.017 0.067 0.094 0.200 0.111 0.180 0.315 
 47    (0)   :  0.010 0.016 0.025 0.062 0.063 0.164 0.131 0.200 0.330 
 48    (0)   :  0.004 0.009 0.020 0.043 0.070 0.189 0.075 0.382 0.207 
 49    (0)   :  0.005 0.010 0.040 0.061 0.105 0.161 0.112 0.290 0.217 
 50    (0)   :  0.033 0.010 0.020 0.103 0.091 0.159 0.113 0.127 0.344 
 51    (0)   :  0.006 0.004 0.016 0.046 0.181 0.107 0.070 0.483 0.088 
 52    (0)   :  0.004 0.010 0.029 0.103 0.161 0.123 0.124 0.226 0.220 
 53    (0)   :  0.011 0.008 0.018 0.080 0.273 0.098 0.115 0.185 0.213 
 54    (0)   :  0.005 0.008 0.022 0.059 0.057 0.267 0.130 0.261 0.191 
 55    (0)   :  0.004 0.007 0.019 0.052 0.069 0.245 0.100 0.357 0.147 
 56    (0)   :  0.004 0.007 0.026 0.045 0.105 0.175 0.115 0.319 0.204 
 57    (0)   :  0.011 0.014 0.023 0.072 0.085 0.108 0.258 0.126 0.303 
 58    (0)   :  0.004 0.005 0.027 0.061 0.121 0.186 0.099 0.354 0.142 
 59    (0)   :  0.004 0.006 0.053 0.067 0.216 0.166 0.104 0.248 0.136 
 60    (0)   :  0.009 0.004 0.012 0.052 0.114 0.107 0.134 0.455 0.111 
 61    (0)   :  0.005 0.004 0.016 0.049 0.059 0.257 0.143 0.372 0.096 
 62    (0)   :  0.004 0.012 0.064 0.067 0.092 0.265 0.142 0.134 0.220 
 63    (0)   :  0.004 0.004 0.014 0.101 0.132 0.174 0.132 0.300 0.139 
 64    (0)   :  0.004 0.006 0.021 0.063 0.137 0.185 0.092 0.146 0.345 
 65    (0)   :  0.004 0.006 0.019 0.153 0.103 0.283 0.083 0.106 0.243 
 66    (0)   :  0.011 0.005 0.017 0.090 0.087 0.250 0.203 0.205 0.132 
 67    (0)   :  0.004 0.006 0.017 0.059 0.059 0.259 0.086 0.350 0.160 
 68    (0)   :  0.005 0.007 0.045 0.062 0.229 0.149 0.118 0.265 0.120 
 69    (0)   :  0.216 0.006 0.042 0.061 0.238 0.116 0.088 0.107 0.127 
 70    (0)   :  0.009 0.004 0.015 0.096 0.216 0.082 0.100 0.371 0.108 
 71    (0)   :  0.007 0.006 0.054 0.070 0.210 0.204 0.073 0.242 0.133 
 72    (0)   :  0.007 0.006 0.012 0.059 0.144 0.112 0.080 0.298 0.284 
 73    (0)   :  0.008 0.005 0.051 0.072 0.090 0.302 0.083 0.264 0.127 
 74    (0)   :  0.004 0.004 0.012 0.047 0.224 0.098 0.111 0.384 0.115 
 75    (0)   :  0.008 0.005 0.015 0.040 0.175 0.102 0.121 0.436 0.097 
 76    (0)   :  0.004 0.006 0.012 0.116 0.106 0.192 0.096 0.298 0.170 
 77    (0)   :  0.004 0.005 0.032 0.094 0.257 0.177 0.071 0.236 0.124 
 78    (0)   :  0.005 0.005 0.036 0.089 0.313 0.126 0.072 0.233 0.122 
 79    (0)   :  0.005 0.005 0.015 0.116 0.128 0.230 0.112 0.112 0.278 
 80    (0)   :  0.005 0.005 0.012 0.096 0.081 0.124 0.399 0.154 0.126 
 81    (0)   :  0.005 0.005 0.010 0.127 0.101 0.145 0.347 0.113 0.146 
 82    (0)   :  0.005 0.005 0.024 0.073 0.090 0.234 0.154 0.268 0.146 
 83    (0)   :  0.005 0.005 0.010 0.106 0.186 0.140 0.257 0.149 0.141 
 84    (0)   :  0.005 0.005 0.012 0.121 0.168 0.149 0.242 0.124 0.175 
 85    (0)   :  0.005 0.005 0.011 0.057 0.189 0.135 0.270 0.145 0.183 
 86    (0)   :  0.004 0.006 0.020 0.069 0.083 0.296 0.105 0.200 0.217 
 87    (0)   :  0.011 0.006 0.014 0.206 0.175 0.171 0.119 0.155 0.144 
 88    (0)   :  0.005 0.005 0.013 0.112 0.098 0.192 0.230 0.204 0.142 
 89    (0)   :  0.013 0.006 0.012 0.091 0.093 0.193 0.283 0.168 0.142 
 90    (0)   :  0.005 0.005 0.014 0.186 0.134 0.250 0.131 0.119 0.157 
 91    (0)   :  0.005 0.005 0.010 0.060 0.158 0.111 0.354 0.169 0.128 
 92    (0)   :  0.005 0.005 0.014 0.101 0.117 0.247 0.156 0.154 0.202 
 93    (0)   :  0.018 0.005 0.012 0.050 0.071 0.100 0.472 0.154 0.118 
 94    (0)   :  0.005 0.005 0.011 0.267 0.283 0.090 0.107 0.118 0.114 
 95    (0)   :  0.005 0.005 0.012 0.213 0.109 0.194 0.198 0.153 0.112 
 96    (0)   :  0.005 0.004 0.015 0.050 0.069 0.236 0.177 0.347 0.095 
 97    (0)   :  0.004 0.006 0.015 0.041 0.206 0.148 0.149 0.322 0.110 
 98    (0)   :  0.004 0.004 0.016 0.050 0.098 0.239 0.094 0.303 0.192 
 99    (0)   :  0.005 0.005 0.012 0.136 0.143 0.191 0.229 0.111 0.168 
100    (0)   :  0.005 0.005 0.013 0.045 0.058 0.191 0.378 0.207 0.098 
101    (0)   :  0.040 0.006 0.014 0.122 0.149 0.189 0.128 0.214 0.138 
102    (0)   :  0.006 0.006 0.026 0.093 0.148 0.116 0.265 0.230 0.111 
103    (0)   :  0.022 0.005 0.015 0.113 0.082 0.360 0.176 0.111 0.115 
104    (0)   :  0.008 0.005 0.014 0.287 0.093 0.243 0.140 0.078 0.132 
105    (0)   :  0.021 0.006 0.036 0.185 0.073 0.282 0.174 0.105 0.118 
106    (0)   :  0.004 0.005 0.012 0.235 0.210 0.183 0.068 0.092 0.192 
107    (0)   :  0.013 0.006 0.023 0.210 0.079 0.253 0.175 0.119 0.123 
108    (0)   :  0.006 0.004 0.011 0.047 0.232 0.369 0.102 0.123 0.106 
109    (0)   :  0.009 0.006 0.137 0.115 0.204 0.210 0.072 0.093 0.154 
110    (0)   :  0.006 0.005 0.016 0.324 0.186 0.111 0.071 0.095 0.185 
111    (0)   :  0.006 0.006 0.028 0.373 0.069 0.195 0.108 0.094 0.120 
112    (0)   :  0.004 0.004 0.179 0.282 0.118 0.093 0.078 0.126 0.115 
113    (0)   :  0.008 0.005 0.017 0.072 0.120 0.306 0.124 0.171 0.176 
114    (0)   :  0.009 0.005 0.024 0.270 0.086 0.229 0.168 0.083 0.125 
115    (0)   :  0.005 0.006 0.033 0.208 0.090 0.193 0.094 0.225 0.146 
116    (0)   :  0.004 0.006 0.023 0.140 0.232 0.196 0.067 0.170 0.161 
117    (0)   :  0.009 0.007 0.047 0.261 0.157 0.109 0.078 0.134 0.198 
118    (0)   :  0.004 0.005 0.030 0.099 0.075 0.457 0.100 0.108 0.122 
119    (0)   :  0.006 0.004 0.011 0.071 0.156 0.160 0.181 0.316 0.094 
120    (0)   :  0.006 0.005 0.042 0.217 0.096 0.195 0.112 0.179 0.147 
121    (0)   :  0.013 0.013 0.088 0.190 0.115 0.166 0.074 0.201 0.139 
122    (0)   :  0.009 0.004 0.023 0.199 0.176 0.212 0.090 0.095 0.193 
123    (0)   :  0.008 0.005 0.018 0.272 0.145 0.178 0.121 0.119 0.134 
124    (0)   :  0.006 0.010 0.038 0.149 0.155 0.213 0.088 0.151 0.190 
125    (0)   :  0.006 0.006 0.045 0.098 0.236 0.106 0.081 0.175 0.246 
126    (0)   :  0.004 0.004 0.012 0.161 0.217 0.157 0.116 0.200 0.131 
127    (0)   :  0.005 0.005 0.023 0.391 0.067 0.195 0.113 0.103 0.099 
128    (0)   :  0.004 0.004 0.023 0.073 0.063 0.491 0.097 0.112 0.134 
129    (0)   :  0.018 0.006 0.018 0.169 0.078 0.426 0.079 0.092 0.116 
130    (0)   :  0.011 0.006 0.042 0.236 0.093 0.221 0.169 0.087 0.134 
131    (0)   :  0.018 0.009 0.045 0.142 0.291 0.136 0.071 0.136 0.151 
132    (0)   :  0.008 0.005 0.014 0.180 0.163 0.314 0.074 0.088 0.155 
133    (0)   :  0.012 0.008 0.018 0.227 0.089 0.285 0.116 0.115 0.131 
134    (0)   :  0.004 0.004 0.022 0.426 0.121 0.123 0.061 0.080 0.160 
135    (0)   :  0.004 0.006 0.024 0.040 0.086 0.134 0.325 0.294 0.088 
136    (0)   :  0.008 0.006 0.016 0.038 0.067 0.094 0.486 0.137 0.148 
137    (0)   :  0.009 0.005 0.037 0.057 0.072 0.078 0.488 0.146 0.108 
138    (0)   :  0.005 0.005 0.011 0.038 0.088 0.083 0.545 0.128 0.098 
139    (0)   :  0.008 0.005 0.015 0.041 0.083 0.289 0.246 0.186 0.127 
140    (0)   :  0.012 0.005 0.014 0.055 0.123 0.151 0.297 0.210 0.133 
141    (0)   :  0.027 0.006 0.016 0.039 0.100 0.116 0.387 0.132 0.177 
142    (0)   :  0.011 0.006 0.024 0.039 0.080 0.158 0.307 0.288 0.088 
143    (0)   :  0.004 0.004 0.010 0.036 0.057 0.078 0.564 0.155 0.090 
144    (0)   :  0.005 0.005 0.036 0.056 0.066 0.078 0.504 0.152 0.097 
145    (0)   :  0.010 0.007 0.019 0.039 0.098 0.126 0.317 0.197 0.186 
146    (0)   :  0.009 0.007 0.014 0.065 0.116 0.129 0.333 0.159 0.169 
147    (0)   :  0.007 0.005 0.011 0.038 0.061 0.074 0.584 0.124 0.097 
148    (0)   :  0.032 0.005 0.021 0.052 0.072 0.146 0.344 0.170 0.158 
149    (0)   :  0.174 0.005 0.015 0.037 0.086 0.107 0.197 0.275 0.103 
150    (0)   :  0.010 0.006 0.042 0.076 0.076 0.124 0.386 0.152 0.129 
151    (0)   :  0.004 0.005 0.012 0.049 0.067 0.104 0.483 0.168 0.108 
152    (0)   :  0.013 0.005 0.020 0.042 0.109 0.124 0.356 0.186 0.146 
153    (0)   :  0.010 0.005 0.012 0.048 0.098 0.088 0.408 0.219 0.112 
154    (0)   :  0.245 0.006 0.015 0.038 0.065 0.121 0.168 0.199 0.143 
155    (0)   :  0.005 0.005 0.010 0.051 0.062 0.103 0.557 0.107 0.098 
156    (0)   :  0.004 0.004 0.015 0.048 0.060 0.110 0.397 0.275 0.086 
157    (0)   :  0.008 0.004 0.011 0.093 0.103 0.095 0.466 0.112 0.108 
158    (0)   :  0.009 0.006 0.019 0.039 0.104 0.103 0.344 0.192 0.183 
159    (0)   :  0.087 0.006 0.014 0.038 0.063 0.089 0.474 0.133 0.097 
160    (0)   :  0.084 0.007 0.013 0.038 0.063 0.103 0.478 0.117 0.097 
161    (0)   :  0.009 0.005 0.013 0.049 0.107 0.105 0.302 0.273 0.137 
162    (0)   :  0.010 0.008 0.014 0.062 0.109 0.170 0.324 0.134 0.169 
163    (0)   :  0.005 0.004 0.011 0.047 0.062 0.087 0.510 0.183 0.090 
164    (0)   :  0.144 0.008 0.012 0.056 0.087 0.206 0.235 0.121 0.132 
165    (0)   :  0.005 0.006 0.041 0.076 0.073 0.102 0.423 0.160 0.114 
166    (0)   :  0.129 0.005 0.011 0.068 0.152 0.124 0.259 0.156 0.096 
167    (0)   :  0.309 0.009 0.012 0.049 0.071 0.096 0.203 0.088 0.164 
168    (0)   :  0.005 0.005 0.011 0.039 0.151 0.088 0.434 0.159 0.107 
169    (0)   :  0.009 0.007 0.020 0.039 0.220 0.096 0.270 0.166 0.173 
170    (0)   :  0.005 0.004 0.012 0.047 0.067 0.121 0.255 0.383 0.105 
171    (0)   :  0.008 0.005 0.012 0.040 0.124 0.154 0.358 0.157 0.141 
172    (0)   :  0.027 0.005 0.017 0.037 0.183 0.097 0.236 0.299 0.099 
173    (0)   :  0.007 0.005 0.012 0.037 0.060 0.123 0.548 0.112 0.095 
174    (0)   :  0.008 0.005 0.011 0.050 0.070 0.103 0.523 0.111 0.119 
175    (0)   :  0.005 0.006 0.012 0.038 0.061 0.085 0.426 0.221 0.147 
176    (0)   :  0.005 0.005 0.037 0.056 0.066 0.078 0.504 0.152 0.097 
177    (0)   :  0.009 0.005 0.012 0.083 0.167 0.101 0.374 0.126 0.123 
178    (0)   :  0.009 0.005 0.011 0.050 0.071 0.114 0.454 0.099 0.186 
179    (0)   :  0.015 0.005 0.010 0.037 0.059 0.093 0.584 0.099 0.099 
180    (0)   :  0.027 0.008 0.016 0.051 0.103 0.107 0.358 0.178 0.153 
181    (0)   :  0.009 0.006 0.016 0.039 0.093 0.137 0.354 0.232 0.115 
182    (0)   :  0.005 0.006 0.014 0.038 0.060 0.147 0.428 0.212 0.090 
183    (0)   :  0.007 0.005 0.011 0.038 0.060 0.098 0.547 0.134 0.101 
184    (0)   :  0.004 0.006 0.013 0.052 0.068 0.422 0.106 0.130 0.200 
185    (0)   :  0.005 0.004 0.014 0.033 0.050 0.081 0.454 0.281 0.078 
186    (0)   :  0.004 0.005 0.011 0.076 0.066 0.411 0.099 0.126 0.203 
187    (0)   :  0.005 0.004 0.010 0.051 0.063 0.312 0.300 0.122 0.132 
188    (0)   :  0.004 0.005 0.011 0.057 0.057 0.513 0.079 0.099 0.174 
189    (0)   :  0.005 0.005 0.010 0.047 0.134 0.122 0.229 0.236 0.212 
190    (0)   :  0.004 0.004 0.016 0.036 0.051 0.184 0.217 0.415 0.073 
191    (0)   :  0.004 0.004 0.014 0.042 0.061 0.491 0.159 0.099 0.127 
192    (0)   :  0.004 0.004 0.011 0.063 0.066 0.301 0.251 0.141 0.159 
193    (0)   :  0.004 0.005 0.018 0.047 0.080 0.269 0.223 0.181 0.174 
194    (0)   :  0.006 0.004 0.011 0.059 0.069 0.263 0.162 0.291 0.135 
195    (0)   :  0.005 0.004 0.011 0.036 0.053 0.247 0.303 0.252 0.089 
196    (0)   :  0.004 0.004 0.016 0.049 0.063 0.295 0.222 0.249 0.098 
197    (0)   :  0.005 0.006 0.014 0.076 0.072 0.218 0.216 0.136 0.256 
198    (0)   :  0.004 0.004 0.012 0.059 0.115 0.213 0.171 0.203 0.218 
199    (0)   :  0.004 0.005 0.016 0.049 0.070 0.179 0.132 0.453 0.093 
200    (0)   :  0.004 0.005 0.023 0.045 0.084 0.261 0.209 0.232 0.137 
201    (0)   :  0.004 0.004 0.011 0.040 0.053 0.220 0.419 0.140 0.108 
202    (0)   :  0.004 0.004 0.013 0.047 0.053 0.134 0.273 0.384 0.088 
203    (0)   :  0.005 0.004 0.014 0.040 0.052 0.274 0.394 0.127 0.090 
204    (0)   :  0.004 0.005 0.013 0.039 0.053 0.384 0.181 0.236 0.086 
205    (0)   :  0.004 0.005 0.013 0.046 0.080 0.378 0.156 0.208 0.112 
206    (0)   :  0.005 0.005 0.011 0.038 0.052 0.437 0.199 0.148 0.105 
207    (0)   :  0.004 0.004 0.018 0.050 0.052 0.437 0.121 0.218 0.096 
208    (0)   :  0.004 0.004 0.013 0.041 0.056 0.356 0.302 0.126 0.098 
209    (0)   :  0.004 0.004 0.017 0.044 0.063 0.381 0.190 0.154 0.142 
210    (0)   :  0.004 0.004 0.011 0.046 0.055 0.416 0.217 0.142 0.104 
211    (0)   :  0.004 0.005 0.034 0.063 0.052 0.299 0.185 0.263 0.094 
212    (0)   :  0.004 0.004 0.013 0.036 0.064 0.126 0.344 0.277 0.132 
213    (0)   :  0.004 0.004 0.015 0.072 0.098 0.247 0.117 0.334 0.109 
214    (0)   :  0.004 0.004 0.015 0.041 0.054 0.188 0.380 0.210 0.104 
215    (0)   :  0.004 0.004 0.016 0.047 0.069 0.502 0.139 0.118 0.102 
216    (0)   :  0.004 0.006 0.014 0.055 0.073 0.313 0.127 0.169 0.238 
217    (0)   :  0.004 0.004 0.012 0.041 0.063 0.200 0.354 0.209 0.113 
218    (0)   :  0.004 0.004 0.013 0.054 0.074 0.409 0.190 0.138 0.112 
219    (0)   :  0.005 0.007 0.011 0.050 0.087 0.189 0.268 0.157 0.225 
220    (0)   :  0.004 0.004 0.013 0.041 0.053 0.524 0.156 0.111 0.094 
221    (0)   :  0.004 0.004 0.013 0.035 0.052 0.103 0.241 0.467 0.081 
222    (0)   :  0.004 0.006 0.011 0.054 0.072 0.232 0.171 0.163 0.286 
223    (0)   :  0.005 0.004 0.011 0.052 0.078 0.214 0.339 0.145 0.152 
224    (0)   :  0.005 0.005 0.011 0.039 0.052 0.331 0.295 0.155 0.106 
225    (0)   :  0.004 0.004 0.012 0.045 0.065 0.327 0.182 0.248 0.111 
226    (0)   :  0.005 0.006 0.015 0.053 0.164 0.251 0.197 0.154 0.155 
227    (0)   :  0.005 0.004 0.013 0.054 0.054 0.233 0.211 0.336 0.090 
228    (0)   :  0.005 0.005 0.016 0.034 0.050 0.198 0.276 0.335 0.081 
229    (0)   :  0.005 0.005 0.011 0.044 0.052 0.312 0.333 0.125 0.114 
230    (0)   :  0.004 0.004 0.013 0.043 0.052 0.380 0.265 0.138 0.099 
231    (0)   :  0.005 0.004 0.013 0.039 0.060 0.299 0.316 0.114 0.150 
232    (0)   :  0.004 0.005 0.014 0.060 0.106 0.191 0.165 0.335 0.119 
233    (0)   :  0.004 0.004 0.013 0.042 0.053 0.184 0.460 0.134 0.105 
234    (0)   :  0.004 0.004 0.012 0.053 0.074 0.279 0.239 0.123 0.210 
235    (0)   :  0.004 0.005 0.012 0.048 0.086 0.232 0.272 0.201 0.140 
236    (0)   :  0.004 0.004 0.014 0.046 0.064 0.241 0.341 0.151 0.134 
237    (0)   :  0.004 0.004 0.018 0.043 0.060 0.398 0.135 0.230 0.108 
238    (0)   :  0.004 0.004 0.013 0.052 0.057 0.186 0.346 0.215 0.124 
239    (0)   :  0.005 0.004 0.011 0.036 0.053 0.246 0.303 0.252 0.089 
240    (0)   :  0.004 0.004 0.013 0.051 0.057 0.187 0.346 0.213 0.124 
241    (0)   :  0.005 0.005 0.013 0.041 0.068 0.160 0.324 0.283 0.101 
242    (0)   :  0.005 0.005 0.011 0.044 0.088 0.275 0.209 0.203 0.159 
243    (0)   :  0.004 0.004 0.019 0.040 0.051 0.309 0.233 0.254 0.085 
244    (0)   :  0.004 0.004 0.014 0.040 0.052 0.308 0.336 0.145 0.097 
245    (0)   :  0.004 0.004 0.010 0.046 0.059 0.123 0.411 0.244 0.098 
246    (0)   :  0.004 0.004 0.012 0.041 0.063 0.198 0.356 0.209 0.113 
247    (0)   :  0.004 0.004 0.012 0.099 0.133 0.371 0.089 0.146 0.142 
248    (0)   :  0.004 0.004 0.015 0.052 0.062 0.526 0.105 0.122 0.111 
249    (0)   :  0.004 0.004 0.015 0.046 0.053 0.263 0.301 0.205 0.107 
250    (0)   :  0.004 0.004 0.013 0.049 0.062 0.319 0.272 0.142 0.135 
251    (0)   :  0.004 0.005 0.020 0.054 0.122 0.277 0.169 0.160 0.188 
252    (0)   :  0.005 0.004 0.010 0.047 0.066 0.259 0.239 0.240 0.129 
253    (0)   :  0.004 0.004 0.013 0.074 0.100 0.245 0.114 0.304 0.142 
254    (0)   :  0.005 0.006 0.011 0.050 0.061 0.286 0.198 0.151 0.233 
255    (0)   :  0.004 0.004 0.014 0.046 0.065 0.304 0.245 0.143 0.173 
256    (0)   :  0.004 0.005 0.015 0.045 0.062 0.234 0.253 0.268 0.115 
257    (0)   :  0.007 0.007 0.016 0.055 0.071 0.359 0.197 0.164 0.123 
258    (0)   :  0.005 0.004 0.016 0.053 0.086 0.323 0.167 0.204 0.144 
259    (0)   :  0.005 0.005 0.013 0.047 0.060 0.417 0.167 0.163 0.123 
260    (0)   :  0.004 0.006 0.011 0.052 0.062 0.178 0.296 0.142 0.248 
261    (0)   :  0.005 0.004 0.010 0.042 0.067 0.184 0.299 0.267 0.121 
262    (0)   :  0.004 0.004 0.013 0.036 0.060 0.155 0.260 0.386 0.083 
263    (0)   :  0.004 0.006 0.014 0.044 0.052 0.456 0.135 0.137 0.151 
264    (0)   :  0.004 0.007 0.013 0.053 0.079 0.287 0.081 0.117 0.358 
265    (0)   :  0.004 0.004 0.011 0.047 0.082 0.317 0.262 0.124 0.148 
266    (0)   :  0.004 0.004 0.013 0.035 0.053 0.118 0.342 0.349 0.082 
267    (0)   :  0.004 0.004 0.018 0.053 0.060 0.265 0.239 0.202 0.155 
268    (0)   :  0.004 0.004 0.017 0.049 0.063 0.295 0.219 0.251 0.098 
269    (0)   :  0.004 0.004 0.011 0.048 0.102 0.202 0.268 0.130 0.231 
270    (0)   :  0.008 0.006 0.013 0.058 0.069 0.373 0.133 0.138 0.203 
271    (0)   :  0.004 0.004 0.016 0.052 0.081 0.408 0.164 0.148 0.122 
272    (0)   :  0.005 0.006 0.022 0.054 0.156 0.297 0.168 0.166 0.125 
273    (0)   :  0.039 0.023 0.026 0.075 0.096 0.214 0.221 0.143 0.163 
274    (0)   :  0.004 0.005 0.013 0.052 0.100 0.342 0.188 0.143 0.152 
275    (0)   :  0.021 0.008 0.019 0.048 0.089 0.318 0.209 0.135 0.153 
276    (0)   :  0.005 0.006 0.023 0.063 0.126 0.273 0.122 0.263 0.119 
277    (0)   :  0.005 0.004 0.011 0.050 0.076 0.235 0.285 0.163 0.171 
278    (0)   :  0.004 0.004 0.017 0.046 0.072 0.451 0.172 0.133 0.101 
279    (0)   :  0.004 0.005 0.013 0.050 0.075 0.304 0.227 0.175 0.147 
280    (0)   :  0.004 0.005 0.012 0.045 0.111 0.252 0.202 0.196 0.172 
281    (0)   :  0.004 0.005 0.013 0.060 0.087 0.366 0.186 0.144 0.134 
282    (0)   :  0.004 0.004 0.011 0.048 0.065 0.180 0.408 0.127 0.153 
283    (0)   :  0.005 0.004 0.012 0.050 0.054 0.192 0.425 0.150 0.110 
284    (0)   :  0.008 0.004 0.016 0.059 0.072 0.281 0.263 0.154 0.144 
285    (0)   :  0.004 0.004 0.018 0.047 0.092 0.507 0.077 0.137 0.115 
286    (0)   :  0.004 0.005 0.014 0.039 0.052 0.310 0.334 0.144 0.098 
287    (0)   :  0.005 0.005 0.011 0.064 0.113 0.265 0.243 0.134 0.161 
288    (0)   :  0.005 0.006 0.015 0.052 0.122 0.375 0.167 0.128 0.131 
289    (0)   :  0.008 0.007 0.019 0.066 0.088 0.402 0.142 0.137 0.132 
290    (0)   :  0.004 0.006 0.024 0.046 0.074 0.250 0.126 0.285 0.183 
291    (0)   :  0.004 0.004 0.017 0.053 0.080 0.408 0.164 0.147 0.123 
292    (0)   :  0.004 0.004 0.011 0.042 0.112 0.167 0.196 0.327 0.137 
293    (0)   :  0.004 0.005 0.023 0.049 0.088 0.225 0.117 0.237 0.252 
294    (0)   :  0.005 0.007 0.013 0.046 0.060 0.400 0.105 0.221 0.144 
295    (0)   :  0.012 0.006 0.025 0.063 0.118 0.229 0.131 0.280 0.136 
296    (0)   :  0.004 0.004 0.016 0.053 0.071 0.453 0.165 0.139 0.094 
297    (0)   :  0.004 0.005 0.012 0.048 0.108 0.318 0.151 0.171 0.183 
298    (0)   :  0.004 0.004 0.011 0.053 0.064 0.245 0.331 0.128 0.159 
299    (0)   :  0.005 0.007 0.011 0.047 0.052 0.418 0.148 0.125 0.187 
300    (0)   :  0.004 0.004 0.014 0.040 0.076 0.489 0.101 0.162 0.109 
301    (0)   :  0.008 0.006 0.014 0.048 0.077 0.341 0.136 0.140 0.230 
302    (0)   :  0.009 0.007 0.018 0.044 0.064 0.371 0.118 0.232 0.136 
303    (0)   :  0.005 0.005 0.013 0.041 0.076 0.257 0.283 0.192 0.129 
304    (0)   :  0.008 0.006 0.014 0.070 0.067 0.124 0.336 0.112 0.263 
305    (0)   :  0.009 0.005 0.014 0.037 0.066 0.296 0.238 0.243 0.092 
306    (0)   :  0.004 0.005 0.012 0.046 0.075 0.172 0.324 0.228 0.133 
307    (0)   :  0.005 0.005 0.014 0.051 0.076 0.293 0.204 0.202 0.151 
308    (0)   :  0.004 0.004 0.010 0.042 0.068 0.185 0.300 0.266 0.121 
309    (0)   :  0.025 0.016 0.029 0.061 0.062 0.443 0.149 0.112 0.104 
310    (0)   :  0.004 0.004 0.015 0.039 0.052 0.272 0.274 0.240 0.099 
311    (0)   :  0.004 0.005 0.013 0.042 0.052 0.381 0.265 0.140 0.099 
312    (0)   :  0.004 0.004 0.014 0.048 0.053 0.507 0.152 0.128 0.090 
313    (0)   :  0.004 0.004 0.015 0.043 0.061 0.451 0.092 0.239 0.090 
314    (0)   :  0.024 0.005 0.013 0.037 0.062 0.076 0.478 0.216 0.090 
315    (0)   :  0.025 0.004 0.010 0.039 0.099 0.076 0.457 0.193 0.097 
316    (0)   :  0.060 0.007 0.012 0.042 0.120 0.080 0.459 0.110 0.111 
317    (0)   :  0.020 0.005 0.013 0.038 0.064 0.074 0.572 0.121 0.093 
318    (0)   :  0.049 0.005 0.011 0.038 0.066 0.073 0.571 0.088 0.100 
319    (0)   :  0.004 0.005 0.011 0.037 0.058 0.080 0.582 0.134 0.090 
320    (0)   :  0.023 0.005 0.013 0.037 0.062 0.076 0.482 0.213 0.089 
321    (0)   :  0.052 0.005 0.013 0.038 0.067 0.073 0.530 0.118 0.103 
322    (0)   :  0.023 0.007 0.014 0.043 0.112 0.083 0.449 0.167 0.103 
323    (0)   :  0.021 0.014 0.010 0.039 0.062 0.077 0.576 0.098 0.102 
324    (0)   :  0.052 0.005 0.013 0.038 0.067 0.073 0.532 0.117 0.102 
325    (0)   :  0.076 0.005 0.012 0.040 0.117 0.075 0.467 0.102 0.107 
326    (0)   :  0.323 0.006 0.011 0.041 0.096 0.075 0.235 0.110 0.103 
327    (0)   :  0.021 0.005 0.013 0.038 0.064 0.074 0.571 0.121 0.094 
328    (0)   :  0.025 0.004 0.011 0.040 0.107 0.083 0.461 0.163 0.105 
329    (0)   :  0.007 0.004 0.010 0.037 0.060 0.071 0.612 0.102 0.096 
330    (0)   :  0.020 0.005 0.013 0.038 0.064 0.074 0.572 0.120 0.094 
331    (0)   :  0.014 0.005 0.010 0.037 0.061 0.078 0.607 0.094 0.095 
332    (0)   :  0.302 0.009 0.011 0.041 0.098 0.075 0.248 0.110 0.105 
333    (0)   :  0.232 0.007 0.011 0.040 0.095 0.084 0.301 0.129 0.100 
334    (0)   :  0.025 0.005 0.011 0.040 0.106 0.083 0.461 0.163 0.106 
335    (0)   :  0.010 0.004 0.011 0.039 0.099 0.076 0.495 0.170 0.096 
336    (0)   :  0.265 0.008 0.011 0.038 0.063 0.074 0.279 0.163 0.099 
337    (0)   :  0.087 0.005 0.013 0.041 0.115 0.077 0.409 0.145 0.107 
338    (0)   :  0.250 0.005 0.010 0.038 0.066 0.073 0.356 0.096 0.104 
339    (0)   :  0.014 0.005 0.010 0.037 0.061 0.077 0.606 0.095 0.096 
340    (0)   :  0.007 0.004 0.010 0.036 0.057 0.077 0.622 0.098 0.089 
341    (0)   :  0.125 0.010 0.012 0.039 0.062 0.081 0.465 0.108 0.097 
342    (0)   :  0.020 0.005 0.013 0.037 0.063 0.074 0.572 0.121 0.094 
343    (0)   :  0.038 0.012 0.012 0.041 0.092 0.074 0.347 0.283 0.100 
344    (0)   :  0.014 0.004 0.010 0.037 0.061 0.072 0.613 0.092 0.098 
345    (0)   :  0.020 0.005 0.013 0.038 0.064 0.074 0.571 0.122 0.093 
346    (0)   :  0.020 0.005 0.011 0.037 0.062 0.073 0.607 0.091 0.092 
347    (0)   :  0.007 0.004 0.010 0.037 0.057 0.071 0.629 0.096 0.089 
348    (0)   :  0.011 0.004 0.011 0.038 0.088 0.076 0.398 0.285 0.089 
349    (0)   :  0.020 0.005 0.013 0.038 0.064 0.074 0.571 0.121 0.094 
350    (0)   :  0.007 0.004 0.010 0.035 0.060 0.082 0.540 0.169 0.092 
351    (0)   :  0.010 0.004 0.011 0.039 0.098 0.076 0.495 0.169 0.097 
352    (0)   :  0.033 0.005 0.014 0.040 0.111 0.077 0.468 0.153 0.099 
353    (0)   :  0.266 0.009 0.011 0.038 0.063 0.073 0.280 0.161 0.100 
354    (0)   :  0.031 0.007 0.012 0.039 0.063 0.076 0.573 0.099 0.100 
355    (0)   :  0.049 0.005 0.012 0.037 0.066 0.073 0.571 0.088 0.100 
356    (0)   :  0.005 0.004 0.011 0.038 0.083 0.076 0.345 0.351 0.088 
357    (0)   :  0.005 0.004 0.011 0.042 0.160 0.091 0.377 0.109 0.200 
358    (0)   :  0.196 0.005 0.010 0.040 0.097 0.076 0.351 0.121 0.105 
359    (0)   :  0.147 0.005 0.010 0.038 0.062 0.080 0.452 0.104 0.100 
360    (0)   :  0.020 0.005 0.011 0.038 0.063 0.074 0.605 0.091 0.093 
361    (0)   :  0.005 0.004 0.013 0.042 0.157 0.093 0.313 0.169 0.203 
362    (0)   :  0.011 0.005 0.013 0.077 0.253 0.236 0.113 0.123 0.169 
363    (0)   :  0.007 0.007 0.016 0.121 0.198 0.204 0.086 0.118 0.244 
364    (0)   :  0.009 0.016 0.022 0.065 0.087 0.131 0.220 0.180 0.270 
365    (0)   :  0.009 0.014 0.033 0.064 0.194 0.135 0.098 0.120 0.333 
366    (0)   :  0.007 0.006 0.020 0.045 0.139 0.169 0.144 0.234 0.237 
367    (0)   :  0.004 0.005 0.013 0.295 0.240 0.110 0.073 0.083 0.178 
368    (0)   :  0.005 0.005 0.014 0.090 0.107 0.338 0.113 0.111 0.217 
369    (0)   :  0.013 0.006 0.020 0.051 0.078 0.117 0.119 0.353 0.244 
370    (0)   :  0.020 0.011 0.026 0.142 0.088 0.274 0.112 0.132 0.194 
371    (0)   :  0.021 0.010 0.022 0.059 0.074 0.200 0.134 0.158 0.322 
372    (0)   :  0.026 0.034 0.035 0.099 0.087 0.335 0.131 0.127 0.127 
373    (0)   :  0.005 0.005 0.019 0.193 0.104 0.141 0.152 0.154 0.226 
374    (0)   :  0.006 0.006 0.031 0.073 0.126 0.133 0.206 0.173 0.245 
375    (0)   :  0.009 0.013 0.019 0.110 0.101 0.169 0.085 0.089 0.407 
376    (0)   :  0.006 0.100 0.015 0.085 0.212 0.089 0.080 0.096 0.316 
377    (0)   :  0.015 0.006 0.018 0.059 0.181 0.303 0.117 0.109 0.192 
378    (0)   :  0.011 0.005 0.017 0.274 0.100 0.131 0.224 0.121 0.116 
379    (0)   :  0.009 0.167 0.019 0.106 0.163 0.105 0.071 0.097 0.264 
380    (0)   :  0.011 0.011 0.018 0.044 0.251 0.113 0.166 0.187 0.199 
381    (0)   :  0.006 0.008 0.016 0.040 0.103 0.083 0.119 0.274 0.352 
382    (0)   :  0.008 0.004 0.012 0.100 0.131 0.131 0.100 0.086 0.427 
383    (0)   :  0.198 0.010 0.015 0.043 0.192 0.131 0.117 0.088 0.207 
384    (0)   :  0.063 0.042 0.024 0.084 0.102 0.105 0.144 0.093 0.343 
385    (0)   :  0.105 0.006 0.172 0.055 0.073 0.124 0.145 0.098 0.222 
386    (0)   :  0.004 0.004 0.013 0.112 0.243 0.148 0.089 0.108 0.279 
387    (0)   :  0.005 0.005 0.015 0.113 0.213 0.121 0.111 0.102 0.315 
388    (0)   :  0.010 0.014 0.036 0.076 0.106 0.142 0.222 0.112 0.283 
389    (0)   :  0.018 0.009 0.071 0.063 0.068 0.375 0.099 0.156 0.141 
390    (0)   :  0.019 0.018 0.026 0.171 0.243 0.105 0.076 0.176 0.166 
391    (0)   :  0.010 0.012 0.083 0.129 0.115 0.158 0.117 0.210 0.166 
392    (0)   :  0.005 0.007 0.011 0.092 0.175 0.144 0.168 0.116 0.283 
393    (0)   :  0.007 0.007 0.014 0.051 0.333 0.085 0.136 0.186 0.181 
394    (0)   :  0.011 0.005 0.011 0.102 0.234 0.133 0.248 0.109 0.148 
395    (0)   :  0.004 0.004 0.012 0.079 0.258 0.269 0.101 0.145 0.127 
396    (0)   :  0.004 0.005 0.014 0.116 0.115 0.181 0.073 0.087 0.406 
397    (0)   :  0.005 0.061 0.011 0.052 0.065 0.206 0.174 0.170 0.256 
398    (0)   :  0.005 0.037 0.012 0.129 0.404 0.104 0.078 0.089 0.143 
399    (0)   :  0.009 0.004 0.023 0.311 0.154 0.141 0.094 0.130 0.133 
400    (0)   :  0.004 0.006 0.016 0.155 0.125 0.086 0.111 0.147 0.349 
401    (0)   :  0.004 0.004 0.016 0.217 0.198 0.136 0.125 0.169 0.129 
402    (0)   :  0.005 0.006 0.018 0.121 0.113 0.160 0.124 0.203 0.251 
403    (0)   :  0.005 0.006 0.037 0.066 0.126 0.127 0.327 0.140 0.166 
404    (0)   :  0.004 0.006 0.022 0.067 0.089 0.210 0.125 0.150 0.327 
405    (0)   :  0.005 0.004 0.012 0.057 0.220 0.188 0.124 0.164 0.226 
406    (0)   :  0.004 0.004 0.012 0.046 0.332 0.128 0.137 0.227 0.109 
407    (0)   :  0.004 0.004 0.012 0.065 0.320 0.126 0.074 0.095 0.300 
408    (0)   :  0.004 0.004 0.013 0.237 0.120 0.264 0.066 0.179 0.113 
409    (0)   :  0.008 0.009 0.018 0.059 0.203 0.093 0.134 0.355 0.120 
410    (0)   :  0.008 0.070 0.019 0.143 0.174 0.116 0.125 0.137 0.208 
411    (0)   :  0.018 0.012 0.012 0.079 0.098 0.097 0.152 0.168 0.365 
412    (0)   :  0.005 0.005 0.014 0.104 0.115 0.281 0.103 0.108 0.264 
413    (0)   :  0.010 0.004 0.012 0.115 0.172 0.209 0.204 0.096 0.178 
414    (0)   :  0.008 0.004 0.021 0.161 0.104 0.269 0.077 0.079 0.275 
415    (0)   :  0.004 0.005 0.014 0.083 0.216 0.132 0.090 0.172 0.283 
416    (0)   :  0.004 0.006 0.033 0.134 0.126 0.108 0.107 0.233 0.248 
417    (0)   :  0.006 0.005 0.012 0.084 0.377 0.127 0.083 0.102 0.205 
418    (0)   :  0.004 0.006 0.012 0.211 0.122 0.161 0.086 0.085 0.312 
419    (0)   :  0.008 0.010 0.031 0.091 0.154 0.130 0.186 0.180 0.211 
420    (0)   :  0.004 0.004 0.015 0.212 0.191 0.128 0.075 0.243 0.127 
421    (0)   :  0.006 0.006 0.014 0.116 0.267 0.210 0.084 0.111 0.188 
422    (0)   :  0.004 0.005 0.013 0.052 0.274 0.279 0.094 0.151 0.127 
423    (0)   :  0.004 0.007 0.012 0.081 0.211 0.198 0.129 0.111 0.247 
424    (0)   :  0.007 0.008 0.038 0.143 0.258 0.128 0.119 0.164 0.136 
425    (0)   :  0.008 0.016 0.047 0.074 0.105 0.140 0.156 0.116 0.338 
426    (0)   :  0.029 0.028 0.035 0.157 0.182 0.130 0.134 0.132 0.174 
427    (0)   :  0.009 0.005 0.012 0.110 0.386 0.085 0.161 0.083 0.149 
428    (0)   :  0.006 0.019 0.013 0.052 0.318 0.130 0.173 0.174 0.114 
429    (0)   :  0.004 0.005 0.011 0.165 0.219 0.117 0.072 0.084 0.323 
430    (0)   :  0.005 0.005 0.013 0.060 0.416 0.141 0.081 0.106 0.173 
431    (0)   :  0.012 0.009 0.025 0.165 0.135 0.198 0.149 0.114 0.193 
432    (0)   :  0.005 0.005 0.014 0.105 0.130 0.290 0.119 0.123 0.210 
433    (0)   :  0.006 0.007 0.013 0.068 0.078 0.246 0.247 0.174 0.161 
434    (0)   :  0.005 0.005 0.016 0.054 0.108 0.183 0.134 0.193 0.303 
435    (0)   :  0.004 0.004 0.010 0.065 0.526 0.102 0.075 0.083 0.129 
436    (0)   :  0.005 0.007 0.013 0.153 0.353 0.062 0.100 0.141 0.166 
437    (0)   :  0.005 0.006 0.010 0.053 0.170 0.121 0.086 0.091 0.458 
438    (0)   :  0.006 0.005 0.013 0.086 0.393 0.086 0.098 0.218 0.094 
439    (0)   :  0.005 0.004 0.012 0.070 0.497 0.072 0.089 0.106 0.146 
440    (0)   :  0.004 0.004 0.013 0.104 0.443 0.092 0.067 0.082 0.192 
441    (0)   :  0.005 0.005 0.013 0.057 0.354 0.095 0.126 0.151 0.193 
442    (0)   :  0.004 0.005 0.031 0.103 0.162 0.144 0.080 0.136 0.335 
443    (0)   :  0.004 0.004 0.019 0.244 0.226 0.100 0.069 0.207 0.127 
444    (0)   :  0.004 0.005 0.030 0.084 0.240 0.126 0.079 0.136 0.295 
445    (0)   :  0.005 0.039 0.014 0.054 0.256 0.087 0.107 0.288 0.149 
446    (0)   :  0.006 0.043 0.013 0.188 0.375 0.070 0.081 0.095 0.130 
447    (0)   :  0.005 0.005 0.039 0.065 0.350 0.092 0.121 0.166 0.158 
448    (0)   :  0.004 0.004 0.013 0.065 0.340 0.126 0.086 0.106 0.255 
449    (0)   :  0.005 0.005 0.014 0.063 0.291 0.116 0.118 0.139 0.251 
450    (0)   :  0.005 0.007 0.016 0.075 0.145 0.077 0.126 0.107 0.442 
451    (0)   :  0.004 0.005 0.015 0.185 0.213 0.244 0.068 0.090 0.177 
452    (0)   :  0.004 0.005 0.012 0.104 0.228 0.082 0.125 0.108 0.331 
453    (0)   :  0.005 0.004 0.021 0.090 0.135 0.121 0.084 0.419 0.121 
454    (0)   :  0.011 0.004 0.011 0.073 0.304 0.111 0.132 0.118 0.236 
455    (0)   :  0.005 0.004 0.012 0.084 0.479 0.072 0.071 0.146 0.126 
456    (0)   :  0.004 0.005 0.016 0.083 0.299 0.118 0.071 0.193 0.212 
457    (0)   :  0.004 0.005 0.011 0.048 0.294 0.102 0.089 0.101 0.345 
458    (0)   :  0.005 0.041 0.014 0.093 0.363 0.088 0.089 0.120 0.187 
459    (0)   :  0.005 0.004 0.014 0.097 0.416 0.067 0.124 0.138 0.135 
460    (0)   :  0.005 0.004 0.013 0.149 0.443 0.074 0.076 0.097 0.139 
461    (0)   :  0.004 0.006 0.014 0.312 0.192 0.073 0.082 0.089 0.229 
462    (0)   :  0.006 0.007 0.062 0.085 0.218 0.182 0.062 0.128 0.250 
463    (0)   :  0.005 0.004 0.012 0.047 0.345 0.120 0.086 0.273 0.108 
464    (0)   :  0.004 0.004 0.012 0.146 0.408 0.086 0.069 0.142 0.129 
465    (0)   :  0.005 0.006 0.015 0.140 0.287 0.142 0.084 0.150 0.171 
466    (0)   :  0.004 0.004 0.012 0.097 0.361 0.126 0.070 0.197 0.128 
467    (0)   :  0.006 0.005 0.016 0.079 0.305 0.138 0.100 0.178 0.173 
468    (0)   :  0.004 0.005 0.011 0.045 0.417 0.091 0.070 0.137 0.221 
469    (0)   :  0.004 0.004 0.011 0.048 0.583 0.067 0.077 0.087 0.118 
470    (0)   :  0.004 0.004 0.010 0.089 0.541 0.080 0.077 0.080 0.114 
471    (0)   :  0.004 0.005 0.022 0.133 0.156 0.147 0.084 0.219 0.229 
472    (0)   :  0.005 0.005 0.017 0.074 0.187 0.140 0.076 0.216 0.281 
473    (0)   :  0.005 0.005 0.012 0.049 0.288 0.164 0.117 0.134 0.226 
474    (0)   :  0.004 0.005 0.013 0.104 0.210 0.084 0.105 0.182 0.293 
475    (0)   :  0.005 0.005 0.014 0.143 0.256 0.113 0.121 0.175 0.170 
476    (0)   :  0.005 0.006 0.012 0.091 0.208 0.072 0.078 0.174 0.353 
477    (0)   :  0.005 0.006 0.026 0.153 0.258 0.112 0.102 0.179 0.159 
478    (0)   :  0.006 0.006 0.026 0.362 0.209 0.098 0.077 0.094 0.122 
479    (0)   :  0.004 0.004 0.012 0.081 0.437 0.080 0.075 0.086 0.220 
480    (0)   :  0.005 0.005 0.011 0.072 0.301 0.080 0.085 0.099 0.342 
481    (0)   :  0.004 0.005 0.022 0.070 0.166 0.232 0.083 0.120 0.300 
482    (0)   :  0.004 0.005 0.011 0.138 0.277 0.081 0.077 0.088 0.319 
483    (0)   :  0.006 0.005 0.012 0.105 0.458 0.073 0.092 0.106 0.143 
484    (0)   :  0.005 0.005 0.017 0.052 0.422 0.126 0.081 0.180 0.112 
485    (0)   :  0.005 0.005 0.011 0.099 0.533 0.072 0.076 0.090 0.107 
486    (0)   :  0.005 0.007 0.033 0.107 0.085 0.269 0.102 0.192 0.199 
487    (0)   :  0.006 0.008 0.031 0.075 0.090 0.186 0.188 0.173 0.244 
488    (0)   :  0.007 0.007 0.075 0.103 0.091 0.265 0.173 0.110 0.168 
489    (0)   :  0.006 0.006 0.017 0.046 0.062 0.197 0.123 0.252 0.291 
490    (0)   :  0.005 0.005 0.022 0.196 0.104 0.187 0.074 0.185 0.223 
491    (0)   :  0.005 0.006 0.042 0.049 0.068 0.288 0.156 0.214 0.171 
492    (0)   :  0.006 0.005 0.051 0.138 0.085 0.124 0.243 0.218 0.131 
493    (0)   :  0.007 0.009 0.055 0.071 0.065 0.330 0.147 0.104 0.211 
494    (0)   :  0.005 0.019 0.039 0.069 0.083 0.196 0.153 0.219 0.218 
495    (0)   :  0.007 0.020 0.120 0.155 0.069 0.100 0.182 0.188 0.159 
496    (0)   :  0.006 0.005 0.011 0.058 0.086 0.162 0.183 0.339 0.150 
497    (0)   :  0.009 0.012 0.079 0.048 0.067 0.268 0.182 0.124 0.212 
498    (0)   :  0.006 0.008 0.054 0.092 0.080 0.222 0.083 0.217 0.239 
499    (0)   :  0.007 0.014 0.020 0.052 0.076 0.198 0.247 0.190 0.196 
500    (0)   :  0.005 0.011 0.016 0.055 0.087 0.251 0.133 0.127 0.315 
501    (0)   :  0.004 0.008 0.017 0.080 0.099 0.136 0.210 0.171 0.276 
502    (0)   :  0.005 0.006 0.035 0.130 0.092 0.131 0.249 0.150 0.201 
503    (0)   :  0.004 0.006 0.013 0.059 0.137 0.209 0.104 0.107 0.361 
504    (0)   :  0.005 0.007 0.102 0.137 0.099 0.200 0.102 0.179 0.169 
505    (0)   :  0.004 0.006 0.023 0.071 0.075 0.287 0.137 0.266 0.132 
506    (0)   :  0.005 0.005 0.035 0.148 0.072 0.168 0.212 0.194 0.161 
507    (0)   :  0.006 0.006 0.011 0.039 0.062 0.127 0.314 0.336 0.100 
508    (0)   :  0.008 0.010 0.018 0.048 0.060 0.166 0.308 0.286 0.096 
509    (0)   :  0.004 0.006 0.017 0.062 0.080 0.228 0.206 0.270 0.127 
510    (0)   :  0.004 0.012 0.015 0.065 0.063 0.138 0.278 0.156 0.268 
511    (0)   :  0.005 0.008 0.029 0.144 0.147 0.137 0.106 0.171 0.253 
512    (0)   :  0.004 0.006 0.019 0.132 0.111 0.137 0.085 0.100 0.406 
513    (0)   :  0.005 0.006 0.324 0.063 0.050 0.207 0.115 0.146 0.084 
514    (0)   :  0.008 0.006 0.015 0.239 0.114 0.201 0.144 0.135 0.138 
515    (0)   :  0.005 0.009 0.017 0.054 0.210 0.132 0.221 0.171 0.181 
516    (0)   :  0.005 0.007 0.019 0.130 0.092 0.304 0.118 0.198 0.126 
517    (0)   :  0.005 0.006 0.013 0.071 0.258 0.152 0.192 0.190 0.113 
518    (0)   :  0.005 0.045 0.013 0.056 0.069 0.178 0.251 0.113 0.270 
519    (0)   :  0.005 0.005 0.025 0.242 0.137 0.137 0.134 0.169 0.147 
520    (0)   :  0.005 0.006 0.012 0.042 0.263 0.112 0.244 0.219 0.098 
521    (0)   :  0.104 0.005 0.012 0.096 0.086 0.217 0.219 0.139 0.122 
522    (0)   :  0.006 0.016 0.017 0.068 0.135 0.139 0.126 0.211 0.282 
523    (0)   :  0.012 0.006 0.012 0.077 0.148 0.117 0.167 0.363 0.097 
524    (0)   :  0.005 0.006 0.011 0.054 0.376 0.158 0.164 0.115 0.111 
525    (0)   :  0.006 0.058 0.012 0.045 0.168 0.135 0.233 0.190 0.153 
