

----------------------------------------------------
STRUCTURE by Pritchard, Stephens and Donnelly (2000)
     and Falush, Stephens and Pritchard (2003)
       Code by Pritchard, Falush and Hubisz
             Version 2.3.4 (Jul 2012)
----------------------------------------------------



Command line arguments:   ./structure -K 5 -D 105006 -m brooktrout/mainparams -e brooktrout/extraparams -o brooktrout/250914_output/results_K5_rep6 
Input File:    brooktrout/brooktrout.txt

Run parameters:
   8454 individuals
   5 loci
   5 populations assumed
   50000 Burn-in period
   100000 Reps
RANDOMIZE turned off


--------------------------------------------
Overall proportion of membership of the
sample in each of the 5 clusters

Inferred Clusters
  1      2      3      4      5    
0.235  0.090  0.171  0.195  0.309  

--------------------------------------------

Allele-freq. divergence among pops (Net nucleotide distance),
computed using point estimates of P.

      1       2       3       4       5      
 1      -    0.0600  0.0468  0.1256  0.0510  
 2   0.0600     -    0.0651  0.1387  0.0884  
 3   0.0468  0.0651     -    0.1072  0.0600  
 4   0.1256  0.1387  0.1072     -    0.0658  
 5   0.0510  0.0884  0.0600  0.0658     -    

Average distances (expected heterozygosity) between individuals in same cluster:
cluster  1  : 0.8085 
cluster  2  : 0.7640 
cluster  3  : 0.7864 
cluster  4  : 0.7341 
cluster  5  : 0.8303 

--------------------------------------------
Estimated Ln Prob of Data   = -178877.3
Mean value of ln likelihood = -172041.7
Variance of ln likelihood   = 13671.2

Mean value of alpha_1       = 0.2910
Mean value of alpha_2       = 0.1100
Mean value of alpha_3       = 0.2161
Mean value of alpha_4       = 0.2483
Mean value of alpha_5       = 0.4019
Allele frequencies uncorrelated


Inferred ancestry of individuals:
     (%Miss) :  Inferred clusters
  1    (0)   :  0.135 0.114 0.190 0.301 0.261 
  2    (0)   :  0.121 0.017 0.127 0.046 0.689 
  3    (0)   :  0.116 0.083 0.368 0.162 0.270 
  4    (0)   :  0.111 0.024 0.065 0.588 0.212 
  5    (0)   :  0.135 0.020 0.255 0.048 0.542 
  6    (0)   :  0.085 0.028 0.752 0.043 0.092 
  7    (0)   :  0.605 0.036 0.214 0.054 0.090 
  8    (0)   :  0.147 0.029 0.339 0.340 0.144 
  9    (0)   :  0.145 0.056 0.276 0.095 0.428 
 10    (0)   :  0.193 0.029 0.501 0.164 0.112 
 11    (0)   :  0.625 0.071 0.139 0.056 0.109 
 12    (0)   :  0.139 0.018 0.239 0.076 0.527 
 13    (0)   :  0.239 0.028 0.383 0.085 0.264 
 14    (0)   :  0.098 0.042 0.125 0.098 0.637 
 15    (0)   :  0.157 0.042 0.152 0.209 0.441 
 16    (0)   :  0.195 0.095 0.447 0.088 0.174 
 17    (0)   :  0.095 0.023 0.585 0.063 0.234 
 18    (0)   :  0.095 0.070 0.401 0.091 0.343 
 19    (0)   :  0.108 0.022 0.675 0.057 0.138 
 20    (0)   :  0.211 0.035 0.207 0.078 0.469 
 21    (0)   :  0.093 0.054 0.120 0.195 0.538 
 22    (0)   :  0.078 0.036 0.668 0.087 0.132 
 23    (0)   :  0.141 0.037 0.103 0.233 0.485 
 24    (0)   :  0.111 0.067 0.337 0.208 0.276 
 25    (0)   :  0.330 0.029 0.416 0.038 0.187 
 26    (0)   :  0.079 0.031 0.529 0.108 0.253 
 27    (0)   :  0.166 0.050 0.359 0.122 0.303 
 28    (0)   :  0.231 0.063 0.195 0.366 0.145 
 29    (0)   :  0.266 0.029 0.125 0.069 0.511 
 30    (0)   :  0.076 0.080 0.577 0.070 0.196 
 31    (0)   :  0.180 0.029 0.305 0.141 0.344 
 32    (0)   :  0.146 0.028 0.281 0.183 0.362 
 33    (0)   :  0.201 0.231 0.139 0.158 0.271 
 34    (0)   :  0.474 0.048 0.288 0.092 0.098 
 35    (0)   :  0.087 0.040 0.321 0.051 0.501 
 36    (0)   :  0.062 0.557 0.050 0.060 0.270 
 37    (0)   :  0.162 0.027 0.147 0.193 0.472 
 38    (0)   :  0.095 0.704 0.046 0.034 0.120 
 39    (0)   :  0.199 0.350 0.114 0.062 0.276 
 40    (0)   :  0.063 0.068 0.108 0.151 0.609 
 41    (0)   :  0.106 0.471 0.066 0.052 0.304 
 42    (0)   :  0.063 0.346 0.036 0.335 0.220 
 43    (0)   :  0.130 0.025 0.073 0.092 0.681 
 44    (0)   :  0.098 0.054 0.176 0.047 0.625 
 45    (0)   :  0.099 0.361 0.057 0.040 0.443 
 46    (0)   :  0.168 0.064 0.372 0.050 0.346 
 47    (0)   :  0.112 0.029 0.432 0.074 0.353 
 48    (0)   :  0.058 0.044 0.207 0.047 0.643 
 49    (0)   :  0.121 0.175 0.166 0.072 0.466 
 50    (0)   :  0.318 0.060 0.321 0.104 0.198 
 51    (0)   :  0.051 0.409 0.031 0.050 0.459 
 52    (0)   :  0.197 0.329 0.140 0.085 0.250 
 53    (0)   :  0.089 0.672 0.076 0.063 0.100 
 54    (0)   :  0.112 0.017 0.137 0.079 0.655 
 55    (0)   :  0.092 0.020 0.079 0.054 0.756 
 56    (0)   :  0.059 0.117 0.236 0.071 0.518 
 57    (0)   :  0.130 0.025 0.511 0.168 0.165 
 58    (0)   :  0.102 0.090 0.069 0.072 0.667 
 59    (0)   :  0.090 0.440 0.063 0.061 0.346 
 60    (0)   :  0.070 0.102 0.061 0.143 0.624 
 61    (0)   :  0.062 0.018 0.031 0.083 0.807 
 62    (0)   :  0.111 0.048 0.384 0.058 0.400 
 63    (0)   :  0.261 0.086 0.055 0.119 0.479 
 64    (0)   :  0.100 0.139 0.493 0.045 0.222 
 65    (0)   :  0.652 0.028 0.081 0.036 0.203 
 66    (0)   :  0.125 0.027 0.051 0.131 0.665 
 67    (0)   :  0.123 0.018 0.071 0.046 0.741 
 68    (0)   :  0.084 0.457 0.058 0.077 0.324 
 69    (0)   :  0.196 0.395 0.110 0.159 0.140 
 70    (0)   :  0.173 0.175 0.047 0.090 0.516 
 71    (0)   :  0.092 0.380 0.050 0.033 0.445 
 72    (0)   :  0.118 0.371 0.166 0.051 0.294 
 73    (0)   :  0.112 0.035 0.049 0.038 0.766 
 74    (0)   :  0.058 0.515 0.057 0.121 0.249 
 75    (0)   :  0.043 0.253 0.052 0.142 0.509 
 76    (0)   :  0.353 0.041 0.062 0.064 0.479 
 77    (0)   :  0.110 0.541 0.044 0.042 0.264 
 78    (0)   :  0.080 0.668 0.040 0.043 0.170 
 79    (0)   :  0.606 0.036 0.158 0.058 0.141 
 80    (0)   :  0.176 0.028 0.082 0.562 0.152 
 81    (0)   :  0.263 0.033 0.122 0.424 0.159 
 82    (0)   :  0.179 0.032 0.069 0.112 0.608 
 83    (0)   :  0.268 0.075 0.105 0.279 0.273 
 84    (0)   :  0.394 0.060 0.076 0.253 0.217 
 85    (0)   :  0.151 0.071 0.177 0.306 0.294 
 86    (0)   :  0.183 0.030 0.141 0.051 0.595 
 87    (0)   :  0.614 0.049 0.076 0.066 0.195 
 88    (0)   :  0.248 0.031 0.071 0.267 0.382 
 89    (0)   :  0.171 0.028 0.072 0.333 0.395 
 90    (0)   :  0.634 0.029 0.064 0.076 0.196 
 91    (0)   :  0.116 0.057 0.083 0.525 0.219 
 92    (0)   :  0.356 0.037 0.143 0.114 0.350 
 93    (0)   :  0.056 0.020 0.040 0.790 0.093 
 94    (0)   :  0.665 0.137 0.054 0.055 0.090 
 95    (0)   :  0.508 0.028 0.041 0.183 0.240 
 96    (0)   :  0.069 0.022 0.032 0.164 0.713 
 97    (0)   :  0.050 0.283 0.071 0.133 0.462 
 98    (0)   :  0.110 0.052 0.092 0.082 0.664 
 99    (0)   :  0.455 0.039 0.067 0.223 0.216 
100    (0)   :  0.059 0.015 0.050 0.502 0.374 
101    (0)   :  0.273 0.041 0.072 0.092 0.522 
102    (0)   :  0.225 0.074 0.045 0.340 0.316 
103    (0)   :  0.279 0.023 0.039 0.127 0.531 
104    (0)   :  0.653 0.024 0.051 0.087 0.186 
105    (0)   :  0.420 0.021 0.039 0.123 0.396 
106    (0)   :  0.707 0.072 0.083 0.029 0.110 
107    (0)   :  0.482 0.023 0.041 0.122 0.332 
108    (0)   :  0.091 0.093 0.063 0.043 0.710 
109    (0)   :  0.505 0.104 0.117 0.030 0.243 
110    (0)   :  0.742 0.068 0.064 0.033 0.093 
111    (0)   :  0.789 0.017 0.038 0.042 0.114 
112    (0)   :  0.760 0.048 0.043 0.033 0.117 
113    (0)   :  0.141 0.049 0.099 0.073 0.639 
114    (0)   :  0.634 0.023 0.044 0.111 0.188 
115    (0)   :  0.501 0.028 0.055 0.057 0.360 
116    (0)   :  0.356 0.211 0.080 0.031 0.322 
117    (0)   :  0.704 0.057 0.063 0.046 0.130 
118    (0)   :  0.229 0.024 0.061 0.041 0.646 
119    (0)   :  0.145 0.063 0.033 0.206 0.553 
120    (0)   :  0.581 0.032 0.059 0.062 0.265 
121    (0)   :  0.497 0.042 0.051 0.043 0.366 
122    (0)   :  0.690 0.061 0.075 0.041 0.133 
123    (0)   :  0.689 0.042 0.047 0.059 0.163 
124    (0)   :  0.436 0.181 0.090 0.041 0.251 
125    (0)   :  0.386 0.208 0.159 0.060 0.186 
126    (0)   :  0.515 0.129 0.046 0.070 0.239 
127    (0)   :  0.763 0.017 0.035 0.046 0.139 
128    (0)   :  0.216 0.020 0.058 0.043 0.664 
129    (0)   :  0.545 0.020 0.043 0.036 0.356 
130    (0)   :  0.584 0.027 0.050 0.119 0.220 
131    (0)   :  0.294 0.464 0.053 0.036 0.154 
132    (0)   :  0.683 0.046 0.071 0.033 0.168 
133    (0)   :  0.674 0.025 0.045 0.063 0.192 
134    (0)   :  0.819 0.034 0.051 0.024 0.072 
135    (0)   :  0.053 0.030 0.050 0.359 0.508 
136    (0)   :  0.042 0.016 0.092 0.746 0.105 
137    (0)   :  0.081 0.018 0.039 0.766 0.096 
138    (0)   :  0.042 0.024 0.050 0.791 0.093 
139    (0)   :  0.052 0.024 0.065 0.171 0.688 
140    (0)   :  0.120 0.064 0.065 0.496 0.254 
141    (0)   :  0.050 0.029 0.141 0.649 0.131 
142    (0)   :  0.052 0.027 0.041 0.430 0.449 
143    (0)   :  0.036 0.014 0.033 0.834 0.083 
144    (0)   :  0.077 0.017 0.035 0.767 0.103 
145    (0)   :  0.053 0.030 0.236 0.441 0.240 
146    (0)   :  0.124 0.041 0.116 0.501 0.218 
147    (0)   :  0.037 0.015 0.040 0.840 0.067 
148    (0)   :  0.095 0.025 0.073 0.570 0.237 
149    (0)   :  0.042 0.032 0.056 0.708 0.162 
150    (0)   :  0.138 0.022 0.053 0.584 0.203 
151    (0)   :  0.054 0.018 0.039 0.762 0.126 
152    (0)   :  0.074 0.036 0.103 0.466 0.321 
153    (0)   :  0.059 0.042 0.048 0.720 0.130 
154    (0)   :  0.044 0.017 0.085 0.710 0.144 
155    (0)   :  0.053 0.017 0.037 0.799 0.094 
156    (0)   :  0.065 0.022 0.028 0.615 0.271 
157    (0)   :  0.161 0.037 0.033 0.674 0.096 
158    (0)   :  0.050 0.034 0.214 0.535 0.167 
159    (0)   :  0.037 0.015 0.042 0.828 0.079 
160    (0)   :  0.037 0.015 0.047 0.809 0.092 
161    (0)   :  0.073 0.047 0.061 0.643 0.176 
162    (0)   :  0.112 0.035 0.164 0.388 0.300 
163    (0)   :  0.047 0.018 0.031 0.804 0.099 
164    (0)   :  0.121 0.030 0.114 0.502 0.232 
165    (0)   :  0.124 0.021 0.040 0.661 0.154 
166    (0)   :  0.162 0.072 0.042 0.519 0.205 
167    (0)   :  0.071 0.016 0.215 0.605 0.093 
168    (0)   :  0.055 0.051 0.061 0.680 0.153 
169    (0)   :  0.045 0.236 0.261 0.313 0.145 
170    (0)   :  0.061 0.023 0.037 0.569 0.310 
171    (0)   :  0.087 0.037 0.094 0.493 0.290 
172    (0)   :  0.040 0.242 0.054 0.470 0.194 
173    (0)   :  0.039 0.014 0.048 0.760 0.138 
174    (0)   :  0.055 0.018 0.044 0.792 0.091 
175    (0)   :  0.041 0.016 0.075 0.775 0.094 
176    (0)   :  0.077 0.017 0.035 0.766 0.105 
177    (0)   :  0.180 0.088 0.052 0.542 0.139 
178    (0)   :  0.067 0.020 0.100 0.707 0.106 
179    (0)   :  0.039 0.014 0.040 0.829 0.077 
180    (0)   :  0.079 0.032 0.139 0.592 0.159 
181    (0)   :  0.048 0.029 0.085 0.517 0.322 
182    (0)   :  0.042 0.015 0.046 0.653 0.244 
183    (0)   :  0.039 0.015 0.047 0.793 0.106 
184    (0)   :  0.096 0.018 0.266 0.049 0.572 
185    (0)   :  0.037 0.017 0.030 0.668 0.248 
186    (0)   :  0.256 0.019 0.140 0.052 0.533 
187    (0)   :  0.075 0.017 0.094 0.207 0.608 
188    (0)   :  0.248 0.016 0.107 0.037 0.592 
189    (0)   :  0.086 0.097 0.243 0.246 0.329 
190    (0)   :  0.037 0.014 0.026 0.138 0.785 
191    (0)   :  0.087 0.016 0.080 0.069 0.749 
192    (0)   :  0.138 0.020 0.080 0.209 0.553 
193    (0)   :  0.083 0.025 0.112 0.151 0.629 
194    (0)   :  0.121 0.022 0.061 0.181 0.615 
195    (0)   :  0.043 0.014 0.037 0.284 0.622 
196    (0)   :  0.054 0.018 0.035 0.117 0.776 
197    (0)   :  0.120 0.018 0.285 0.106 0.471 
198    (0)   :  0.169 0.048 0.118 0.137 0.528 
199    (0)   :  0.053 0.022 0.045 0.094 0.786 
200    (0)   :  0.087 0.040 0.090 0.103 0.680 
201    (0)   :  0.052 0.015 0.050 0.450 0.433 
202    (0)   :  0.057 0.014 0.037 0.417 0.474 
203    (0)   :  0.051 0.013 0.047 0.368 0.521 
204    (0)   :  0.046 0.013 0.034 0.095 0.812 
205    (0)   :  0.059 0.020 0.054 0.071 0.796 
206    (0)   :  0.050 0.013 0.054 0.113 0.771 
207    (0)   :  0.060 0.014 0.042 0.053 0.831 
208    (0)   :  0.050 0.014 0.040 0.186 0.709 
209    (0)   :  0.078 0.017 0.081 0.093 0.730 
210    (0)   :  0.068 0.015 0.039 0.122 0.757 
211    (0)   :  0.069 0.014 0.039 0.108 0.770 
212    (0)   :  0.055 0.021 0.070 0.501 0.354 
213    (0)   :  0.118 0.035 0.042 0.082 0.723 
214    (0)   :  0.050 0.015 0.050 0.427 0.459 
215    (0)   :  0.066 0.018 0.050 0.050 0.816 
216    (0)   :  0.109 0.021 0.238 0.066 0.566 
217    (0)   :  0.045 0.019 0.063 0.323 0.550 
218    (0)   :  0.069 0.019 0.065 0.086 0.761 
219    (0)   :  0.082 0.024 0.325 0.192 0.377 
220    (0)   :  0.060 0.014 0.042 0.062 0.822 
221    (0)   :  0.036 0.015 0.032 0.608 0.308 
222    (0)   :  0.110 0.022 0.336 0.104 0.428 
223    (0)   :  0.078 0.025 0.112 0.312 0.473 
224    (0)   :  0.057 0.013 0.058 0.267 0.604 
225    (0)   :  0.056 0.016 0.046 0.097 0.785 
226    (0)   :  0.063 0.073 0.134 0.109 0.620 
227    (0)   :  0.055 0.014 0.044 0.160 0.727 
228    (0)   :  0.038 0.014 0.034 0.214 0.700 
229    (0)   :  0.074 0.013 0.067 0.304 0.541 
230    (0)   :  0.058 0.013 0.047 0.174 0.708 
231    (0)   :  0.073 0.016 0.107 0.251 0.553 
232    (0)   :  0.088 0.039 0.069 0.172 0.633 
233    (0)   :  0.051 0.014 0.053 0.540 0.341 
234    (0)   :  0.129 0.025 0.124 0.167 0.556 
235    (0)   :  0.061 0.028 0.096 0.226 0.589 
236    (0)   :  0.064 0.018 0.076 0.287 0.555 
237    (0)   :  0.062 0.015 0.049 0.067 0.807 
238    (0)   :  0.076 0.018 0.051 0.437 0.418 
239    (0)   :  0.043 0.014 0.038 0.281 0.624 
240    (0)   :  0.077 0.018 0.050 0.442 0.414 
241    (0)   :  0.050 0.020 0.048 0.435 0.448 
242    (0)   :  0.098 0.039 0.151 0.151 0.561 
243    (0)   :  0.041 0.013 0.030 0.115 0.800 
244    (0)   :  0.052 0.013 0.045 0.270 0.621 
245    (0)   :  0.053 0.018 0.033 0.688 0.208 
246    (0)   :  0.044 0.019 0.062 0.323 0.551 
247    (0)   :  0.324 0.048 0.057 0.044 0.527 
248    (0)   :  0.085 0.016 0.055 0.044 0.801 
249    (0)   :  0.057 0.014 0.052 0.265 0.612 
250    (0)   :  0.075 0.016 0.080 0.188 0.641 
251    (0)   :  0.120 0.060 0.169 0.085 0.566 
252    (0)   :  0.062 0.018 0.062 0.174 0.683 
253    (0)   :  0.112 0.038 0.070 0.069 0.710 
254    (0)   :  0.097 0.017 0.221 0.111 0.554 
255    (0)   :  0.095 0.019 0.130 0.168 0.588 
256    (0)   :  0.052 0.018 0.052 0.201 0.677 
257    (0)   :  0.074 0.019 0.062 0.119 0.726 
258    (0)   :  0.113 0.026 0.053 0.080 0.729 
259    (0)   :  0.073 0.016 0.073 0.097 0.741 
260    (0)   :  0.106 0.017 0.259 0.287 0.331 
261    (0)   :  0.054 0.020 0.055 0.277 0.594 
262    (0)   :  0.035 0.018 0.035 0.227 0.684 
263    (0)   :  0.081 0.013 0.099 0.061 0.746 
264    (0)   :  0.101 0.031 0.515 0.035 0.318 
265    (0)   :  0.066 0.023 0.104 0.147 0.660 
266    (0)   :  0.037 0.015 0.033 0.593 0.322 
267    (0)   :  0.082 0.017 0.101 0.158 0.642 
268    (0)   :  0.055 0.018 0.034 0.115 0.778 
269    (0)   :  0.093 0.045 0.283 0.208 0.371 
270    (0)   :  0.115 0.018 0.204 0.069 0.594 
271    (0)   :  0.078 0.022 0.054 0.068 0.778 
272    (0)   :  0.064 0.066 0.075 0.076 0.720 
273    (0)   :  0.098 0.052 0.160 0.219 0.471 
274    (0)   :  0.074 0.029 0.109 0.095 0.692 
275    (0)   :  0.059 0.032 0.139 0.127 0.643 
276    (0)   :  0.064 0.052 0.073 0.063 0.748 
277    (0)   :  0.079 0.023 0.115 0.238 0.544 
278    (0)   :  0.057 0.019 0.044 0.062 0.818 
279    (0)   :  0.069 0.022 0.081 0.136 0.693 
280    (0)   :  0.061 0.036 0.154 0.116 0.631 
281    (0)   :  0.095 0.025 0.071 0.097 0.711 
282    (0)   :  0.080 0.020 0.108 0.445 0.348 
283    (0)   :  0.074 0.015 0.069 0.504 0.339 
284    (0)   :  0.110 0.022 0.060 0.206 0.602 
285    (0)   :  0.088 0.025 0.057 0.032 0.799 
286    (0)   :  0.051 0.013 0.045 0.271 0.620 
287    (0)   :  0.095 0.038 0.157 0.164 0.545 
288    (0)   :  0.063 0.043 0.094 0.070 0.729 
289    (0)   :  0.128 0.035 0.088 0.096 0.654 
290    (0)   :  0.065 0.051 0.169 0.078 0.637 
291    (0)   :  0.077 0.023 0.054 0.069 0.776 
292    (0)   :  0.053 0.043 0.094 0.142 0.668 
293    (0)   :  0.105 0.090 0.208 0.061 0.536 
294    (0)   :  0.075 0.015 0.103 0.051 0.755 
295    (0)   :  0.089 0.068 0.105 0.126 0.613 
296    (0)   :  0.064 0.017 0.045 0.063 0.811 
297    (0)   :  0.072 0.034 0.211 0.076 0.606 
298    (0)   :  0.096 0.018 0.120 0.315 0.450 
299    (0)   :  0.102 0.013 0.178 0.074 0.632 
300    (0)   :  0.059 0.019 0.053 0.047 0.822 
301    (0)   :  0.079 0.020 0.346 0.069 0.485 
302    (0)   :  0.069 0.016 0.088 0.055 0.772 
303    (0)   :  0.062 0.021 0.074 0.268 0.575 
304    (0)   :  0.124 0.016 0.280 0.363 0.217 
305    (0)   :  0.042 0.017 0.044 0.162 0.734 
306    (0)   :  0.051 0.026 0.092 0.346 0.484 
307    (0)   :  0.078 0.021 0.099 0.164 0.639 
308    (0)   :  0.054 0.020 0.055 0.275 0.596 
309    (0)   :  0.105 0.024 0.050 0.072 0.749 
310    (0)   :  0.043 0.013 0.038 0.185 0.720 
311    (0)   :  0.059 0.013 0.048 0.176 0.704 
312    (0)   :  0.074 0.014 0.033 0.064 0.815 
313    (0)   :  0.055 0.015 0.037 0.041 0.851 
314    (0)   :  0.035 0.018 0.030 0.834 0.083 
315    (0)   :  0.045 0.029 0.038 0.789 0.099 
316    (0)   :  0.049 0.032 0.053 0.783 0.083 
317    (0)   :  0.036 0.016 0.033 0.851 0.063 
318    (0)   :  0.036 0.016 0.037 0.857 0.054 
319    (0)   :  0.036 0.014 0.036 0.830 0.084 
320    (0)   :  0.035 0.017 0.030 0.833 0.084 
321    (0)   :  0.037 0.018 0.039 0.847 0.060 
322    (0)   :  0.049 0.031 0.049 0.766 0.106 
323    (0)   :  0.036 0.014 0.043 0.847 0.061 
324    (0)   :  0.037 0.018 0.038 0.846 0.060 
325    (0)   :  0.047 0.034 0.043 0.805 0.070 
326    (0)   :  0.047 0.037 0.045 0.807 0.065 
327    (0)   :  0.036 0.016 0.033 0.852 0.062 
328    (0)   :  0.048 0.028 0.044 0.782 0.098 
329    (0)   :  0.037 0.014 0.035 0.854 0.060 
330    (0)   :  0.036 0.016 0.034 0.850 0.063 
331    (0)   :  0.036 0.015 0.036 0.851 0.062 
332    (0)   :  0.049 0.033 0.057 0.796 0.065 
333    (0)   :  0.046 0.031 0.043 0.803 0.077 
334    (0)   :  0.049 0.029 0.044 0.781 0.097 
335    (0)   :  0.047 0.026 0.038 0.800 0.089 
336    (0)   :  0.036 0.018 0.042 0.840 0.065 
337    (0)   :  0.049 0.036 0.044 0.792 0.078 
338    (0)   :  0.037 0.017 0.040 0.853 0.053 
339    (0)   :  0.036 0.014 0.036 0.850 0.063 
340    (0)   :  0.035 0.014 0.032 0.854 0.066 
341    (0)   :  0.036 0.016 0.041 0.843 0.064 
342    (0)   :  0.036 0.017 0.033 0.852 0.062 
343    (0)   :  0.047 0.031 0.045 0.766 0.111 
344    (0)   :  0.036 0.014 0.036 0.858 0.056 
345    (0)   :  0.036 0.016 0.033 0.852 0.063 
346    (0)   :  0.036 0.015 0.033 0.860 0.056 
347    (0)   :  0.035 0.013 0.032 0.861 0.059 
348    (0)   :  0.045 0.029 0.034 0.768 0.125 
349    (0)   :  0.037 0.016 0.033 0.851 0.063 
350    (0)   :  0.035 0.015 0.037 0.823 0.090 
351    (0)   :  0.047 0.026 0.038 0.800 0.090 
352    (0)   :  0.047 0.032 0.039 0.797 0.085 
353    (0)   :  0.037 0.018 0.041 0.838 0.066 
354    (0)   :  0.036 0.014 0.038 0.852 0.059 
355    (0)   :  0.036 0.016 0.037 0.856 0.055 
356    (0)   :  0.045 0.028 0.033 0.740 0.153 
357    (0)   :  0.125 0.084 0.173 0.501 0.117 
358    (0)   :  0.048 0.029 0.045 0.808 0.070 
359    (0)   :  0.036 0.015 0.039 0.848 0.061 
360    (0)   :  0.036 0.015 0.033 0.859 0.057 
361    (0)   :  0.132 0.096 0.174 0.430 0.168 
362    (0)   :  0.338 0.191 0.115 0.067 0.290 
363    (0)   :  0.476 0.100 0.204 0.044 0.176 
364    (0)   :  0.113 0.024 0.469 0.186 0.208 
365    (0)   :  0.112 0.076 0.645 0.042 0.124 
366    (0)   :  0.088 0.078 0.289 0.104 0.441 
367    (0)   :  0.771 0.067 0.061 0.030 0.070 
368    (0)   :  0.511 0.030 0.133 0.059 0.269 
369    (0)   :  0.138 0.052 0.179 0.283 0.348 
370    (0)   :  0.391 0.034 0.109 0.070 0.396 
371    (0)   :  0.166 0.033 0.365 0.099 0.337 
372    (0)   :  0.211 0.039 0.176 0.096 0.477 
373    (0)   :  0.442 0.035 0.212 0.115 0.195 
374    (0)   :  0.218 0.106 0.177 0.303 0.196 
375    (0)   :  0.402 0.033 0.412 0.040 0.113 
376    (0)   :  0.181 0.268 0.447 0.036 0.067 
377    (0)   :  0.235 0.169 0.201 0.069 0.327 
378    (0)   :  0.556 0.039 0.045 0.205 0.155 
379    (0)   :  0.176 0.265 0.453 0.032 0.074 
380    (0)   :  0.059 0.405 0.229 0.130 0.178 
381    (0)   :  0.053 0.129 0.519 0.107 0.191 
382    (0)   :  0.602 0.042 0.223 0.045 0.088 
383    (0)   :  0.054 0.330 0.396 0.118 0.103 
384    (0)   :  0.120 0.042 0.665 0.078 0.095 
385    (0)   :  0.251 0.024 0.431 0.143 0.151 
386    (0)   :  0.590 0.122 0.129 0.042 0.118 
387    (0)   :  0.540 0.083 0.193 0.054 0.130 
388    (0)   :  0.229 0.058 0.279 0.237 0.197 
389    (0)   :  0.100 0.023 0.105 0.044 0.728 
390    (0)   :  0.330 0.383 0.079 0.041 0.167 
391    (0)   :  0.244 0.049 0.146 0.079 0.481 
392    (0)   :  0.186 0.141 0.417 0.096 0.160 
393    (0)   :  0.057 0.616 0.126 0.096 0.105 
394    (0)   :  0.340 0.099 0.106 0.273 0.183 
395    (0)   :  0.153 0.352 0.049 0.050 0.397 
396    (0)   :  0.487 0.031 0.315 0.032 0.134 
397    (0)   :  0.072 0.018 0.482 0.102 0.326 
398    (0)   :  0.181 0.608 0.108 0.034 0.069 
399    (0)   :  0.581 0.116 0.057 0.046 0.201 
400    (0)   :  0.513 0.059 0.249 0.073 0.107 
401    (0)   :  0.586 0.097 0.048 0.073 0.195 
402    (0)   :  0.190 0.028 0.232 0.063 0.488 
403    (0)   :  0.158 0.044 0.157 0.345 0.296 
404    (0)   :  0.171 0.062 0.355 0.092 0.320 
405    (0)   :  0.169 0.103 0.274 0.077 0.377 
406    (0)   :  0.056 0.481 0.047 0.123 0.292 
407    (0)   :  0.149 0.527 0.193 0.034 0.098 
408    (0)   :  0.519 0.034 0.036 0.030 0.381 
409    (0)   :  0.076 0.427 0.046 0.276 0.175 
410    (0)   :  0.296 0.102 0.377 0.096 0.129 
411    (0)   :  0.147 0.056 0.443 0.157 0.197 
412    (0)   :  0.591 0.033 0.152 0.052 0.172 
413    (0)   :  0.472 0.054 0.074 0.175 0.226 
414    (0)   :  0.648 0.023 0.143 0.035 0.150 
415    (0)   :  0.164 0.352 0.260 0.049 0.175 
416    (0)   :  0.314 0.102 0.233 0.090 0.261 
417    (0)   :  0.287 0.329 0.215 0.049 0.120 
418    (0)   :  0.681 0.029 0.157 0.039 0.095 
419    (0)   :  0.228 0.108 0.144 0.185 0.335 
420    (0)   :  0.486 0.157 0.046 0.045 0.265 
421    (0)   :  0.440 0.176 0.146 0.056 0.180 
422    (0)   :  0.081 0.332 0.095 0.048 0.444 
423    (0)   :  0.222 0.146 0.326 0.059 0.247 
424    (0)   :  0.575 0.082 0.058 0.074 0.212 
425    (0)   :  0.152 0.038 0.524 0.088 0.198 
426    (0)   :  0.534 0.049 0.200 0.090 0.127 
427    (0)   :  0.160 0.582 0.054 0.124 0.081 
428    (0)   :  0.071 0.389 0.093 0.141 0.306 
429    (0)   :  0.502 0.219 0.178 0.031 0.071 
430    (0)   :  0.151 0.570 0.118 0.040 0.120 
431    (0)   :  0.457 0.049 0.139 0.076 0.279 
432    (0)   :  0.500 0.038 0.127 0.066 0.269 
433    (0)   :  0.178 0.023 0.109 0.274 0.416 
434    (0)   :  0.182 0.048 0.343 0.118 0.309 
435    (0)   :  0.132 0.698 0.059 0.032 0.079 
436    (0)   :  0.133 0.702 0.057 0.048 0.060 
437    (0)   :  0.121 0.063 0.685 0.038 0.094 
438    (0)   :  0.093 0.694 0.031 0.054 0.128 
439    (0)   :  0.082 0.752 0.062 0.044 0.060 
440    (0)   :  0.252 0.512 0.124 0.027 0.085 
441    (0)   :  0.215 0.361 0.179 0.115 0.130 
442    (0)   :  0.346 0.271 0.193 0.039 0.152 
443    (0)   :  0.529 0.207 0.052 0.034 0.178 
444    (0)   :  0.235 0.403 0.178 0.036 0.147 
445    (0)   :  0.071 0.543 0.116 0.133 0.137 
446    (0)   :  0.168 0.656 0.085 0.036 0.055 
447    (0)   :  0.145 0.426 0.129 0.074 0.226 
448    (0)   :  0.257 0.204 0.327 0.043 0.170 
449    (0)   :  0.184 0.158 0.375 0.069 0.214 
450    (0)   :  0.179 0.054 0.613 0.079 0.075 
451    (0)   :  0.706 0.042 0.080 0.027 0.144 
452    (0)   :  0.216 0.120 0.515 0.064 0.084 
453    (0)   :  0.196 0.093 0.052 0.072 0.587 
454    (0)   :  0.272 0.227 0.287 0.088 0.125 
455    (0)   :  0.094 0.760 0.042 0.032 0.072 
456    (0)   :  0.144 0.592 0.089 0.032 0.144 
457    (0)   :  0.102 0.334 0.428 0.043 0.093 
458    (0)   :  0.108 0.614 0.164 0.047 0.067 
459    (0)   :  0.310 0.419 0.060 0.112 0.099 
460    (0)   :  0.438 0.391 0.063 0.036 0.072 
461    (0)   :  0.768 0.062 0.074 0.039 0.056 
462    (0)   :  0.268 0.422 0.124 0.026 0.159 
463    (0)   :  0.093 0.501 0.046 0.062 0.298 
464    (0)   :  0.406 0.398 0.053 0.034 0.110 
465    (0)   :  0.514 0.222 0.071 0.047 0.147 
466    (0)   :  0.306 0.351 0.053 0.036 0.254 
467    (0)   :  0.242 0.411 0.101 0.075 0.171 
468    (0)   :  0.067 0.725 0.090 0.031 0.087 
469    (0)   :  0.061 0.805 0.047 0.034 0.052 
470    (0)   :  0.127 0.735 0.044 0.032 0.061 
471    (0)   :  0.237 0.076 0.216 0.038 0.433 
472    (0)   :  0.298 0.221 0.193 0.051 0.237 
473    (0)   :  0.202 0.165 0.301 0.073 0.258 
474    (0)   :  0.227 0.202 0.345 0.073 0.153 
475    (0)   :  0.478 0.186 0.077 0.083 0.176 
476    (0)   :  0.219 0.334 0.305 0.050 0.091 
477    (0)   :  0.586 0.127 0.074 0.072 0.141 
478    (0)   :  0.786 0.061 0.047 0.035 0.071 
479    (0)   :  0.395 0.347 0.145 0.034 0.079 
480    (0)   :  0.125 0.433 0.335 0.039 0.067 
481    (0)   :  0.159 0.056 0.436 0.037 0.312 
482    (0)   :  0.304 0.454 0.149 0.033 0.060 
483    (0)   :  0.105 0.723 0.060 0.045 0.067 
484    (0)   :  0.075 0.695 0.039 0.039 0.152 
485    (0)   :  0.088 0.777 0.041 0.034 0.061 
486    (0)   :  0.217 0.030 0.222 0.059 0.472 
487    (0)   :  0.125 0.024 0.405 0.120 0.326 
488    (0)   :  0.262 0.022 0.158 0.089 0.469 
489    (0)   :  0.073 0.020 0.350 0.143 0.413 
490    (0)   :  0.554 0.039 0.118 0.039 0.251 
491    (0)   :  0.084 0.021 0.134 0.099 0.662 
492    (0)   :  0.218 0.022 0.067 0.229 0.464 
493    (0)   :  0.129 0.016 0.307 0.064 0.484 
494    (0)   :  0.097 0.026 0.353 0.093 0.430 
495    (0)   :  0.370 0.026 0.134 0.175 0.296 
496    (0)   :  0.121 0.035 0.077 0.320 0.448 
497    (0)   :  0.112 0.019 0.291 0.129 0.449 
498    (0)   :  0.314 0.043 0.159 0.075 0.409 
499    (0)   :  0.074 0.020 0.346 0.228 0.331 
500    (0)   :  0.080 0.022 0.576 0.063 0.260 
501    (0)   :  0.147 0.025 0.353 0.191 0.285 
502    (0)   :  0.240 0.026 0.179 0.239 0.315 
503    (0)   :  0.123 0.044 0.610 0.043 0.180 
504    (0)   :  0.516 0.031 0.066 0.054 0.333 
505    (0)   :  0.080 0.023 0.100 0.079 0.718 
506    (0)   :  0.271 0.029 0.136 0.191 0.372 
507    (0)   :  0.044 0.018 0.054 0.592 0.293 
508    (0)   :  0.059 0.015 0.078 0.493 0.355 
509    (0)   :  0.077 0.022 0.083 0.134 0.683 
510    (0)   :  0.088 0.019 0.487 0.214 0.192 
511    (0)   :  0.220 0.087 0.368 0.056 0.270 
512    (0)   :  0.247 0.031 0.575 0.035 0.112 
513    (0)   :  0.169 0.014 0.036 0.053 0.729 
514    (0)   :  0.517 0.033 0.072 0.082 0.296 
515    (0)   :  0.102 0.211 0.218 0.153 0.316 
516    (0)   :  0.298 0.029 0.062 0.064 0.548 
517    (0)   :  0.205 0.150 0.077 0.151 0.417 
518    (0)   :  0.079 0.019 0.466 0.225 0.211 
519    (0)   :  0.576 0.039 0.060 0.088 0.236 
520    (0)   :  0.066 0.207 0.080 0.252 0.396 
521    (0)   :  0.240 0.035 0.052 0.365 0.307 
522    (0)   :  0.112 0.056 0.407 0.047 0.379 
523    (0)   :  0.154 0.073 0.046 0.166 0.562 
524    (0)   :  0.134 0.300 0.127 0.107 0.332 
525    (0)   :  0.069 0.060 0.417 0.196 0.258 
526    (0)   :  0.052 0.553 0.041 0.072 0.282 
527    (0)   :  0.189 0.020 0.574 0.051 0.167 
528    (0)   :  0.084 0.020 0.054 0.487 0.355 
529    (0)   :  0.142 0.030 0.216 0.132 0.480 
530    (0)   :  0.107 0.061 0.426 0.085 0.322 
531    (0)   :  0.109 0.069 0.154 0.386 0.282 
532    (0)   :  0.121 0.019 0.382 0.240 0.239 
533    (0)   :  0.090 0.052 0.467 0.067 0.323 
534    (0)   :  0.108 0.021 0.109 0.096 0.666 
535    (0)   :  0.231 0.148 0.055 0.071 0.495 
536    (0)   :  0.098 0.242 0.096 0.174 0.391 
537    (0)   :  0.069 0.037 0.066 0.237 0.591 
538    (0)   :  0.081 0.037 0.066 0.142 0.674 
539    (0)   :  0.054 0.017 0.058 0.610 0.261 
540    (0)   :  0.081 0.059 0.123 0.208 0.530 
541    (0)   :  0.114 0.058 0.088 0.542 0.197 
542    (0)   :  0.061 0.326 0.068 0.057 0.487 
543    (0)   :  0.201 0.074 0.041 0.194 0.490 
544    (0)   :  0.078 0.063 0.063 0.080 0.716 
545    (0)   :  0.085 0.460 0.039 0.040 0.376 
546    (0)   :  0.083 0.057 0.075 0.120 0.665 
547    (0)   :  0.090 0.105 0.038 0.156 0.611 
548    (0)   :  0.076 0.016 0.079 0.191 0.638 
549    (0)   :  0.052 0.297 0.052 0.444 0.155 
550    (0)   :  0.151 0.370 0.066 0.075 0.338 
551    (0)   :  0.081 0.058 0.068 0.604 0.189 
552    (0)   :  0.055 0.027 0.084 0.130 0.704 
553    (0)   :  0.115 0.052 0.033 0.202 0.598 
554    (0)   :  0.219 0.055 0.252 0.165 0.308 
555    (0)   :  0.065 0.024 0.052 0.236 0.622 
556    (0)   :  0.078 0.031 0.064 0.099 0.728 
557    (0)   :  0.120 0.531 0.044 0.116 0.190 
558    (0)   :  0.261 0.521 0.130 0.035 0.053 
559    (0)   :  0.451 0.027 0.090 0.055 0.378 
560    (0)   :  0.551 0.290 0.045 0.026 0.088 
561    (0)   :  0.444 0.127 0.142 0.036 0.250 
562    (0)   :  0.569 0.055 0.126 0.026 0.225 
563    (0)   :  0.508 0.090 0.053 0.186 0.163 
564    (0)   :  0.188 0.028 0.108 0.056 0.619 
565    (0)   :  0.109 0.591 0.178 0.042 0.081 
566    (0)   :  0.765 0.059 0.069 0.027 0.080 
567    (0)   :  0.206 0.020 0.109 0.036 0.628 
568    (0)   :  0.451 0.128 0.066 0.057 0.299 
569    (0)   :  0.387 0.064 0.193 0.056 0.300 
570    (0)   :  0.383 0.091 0.425 0.029 0.073 
571    (0)   :  0.746 0.040 0.050 0.044 0.120 
572    (0)   :  0.109 0.102 0.088 0.163 0.537 
573    (0)   :  0.247 0.101 0.097 0.059 0.496 
574    (0)   :  0.161 0.053 0.488 0.134 0.164 
575    (0)   :  0.484 0.062 0.069 0.114 0.271 
576    (0)   :  0.768 0.042 0.081 0.027 0.081 
577    (0)   :  0.247 0.046 0.426 0.125 0.157 
578    (0)   :  0.639 0.080 0.083 0.046 0.153 
579    (0)   :  0.451 0.090 0.181 0.041 0.237 
580    (0)   :  0.249 0.133 0.407 0.075 0.135 
581    (0)   :  0.501 0.187 0.147 0.057 0.108 
582    (0)   :  0.398 0.336 0.131 0.031 0.105 
583    (0)   :  0.664 0.034 0.158 0.045 0.100 
584    (0)   :  0.733 0.043 0.106 0.033 0.085 
585    (0)   :  0.566 0.084 0.149 0.041 0.161 
586    (0)   :  0.687 0.029 0.049 0.057 0.179 
587    (0)   :  0.300 0.062 0.321 0.032 0.285 
588    (0)   :  0.059 0.015 0.039 0.037 0.851 
589    (0)   :  0.285 0.208 0.243 0.035 0.228 
590    (0)   :  0.634 0.020 0.105 0.041 0.200 
591    (0)   :  0.710 0.037 0.062 0.048 0.142 
592    (0)   :  0.373 0.078 0.068 0.035 0.446 
593    (0)   :  0.432 0.111 0.102 0.072 0.281 
594    (0)   :  0.507 0.036 0.132 0.106 0.218 
595    (0)   :  0.179 0.019 0.649 0.028 0.125 
596    (0)   :  0.171 0.078 0.090 0.055 0.606 
597    (0)   :  0.584 0.029 0.035 0.201 0.151 
598    (0)   :  0.291 0.167 0.446 0.033 0.063 
599    (0)   :  0.658 0.047 0.082 0.029 0.185 
600    (0)   :  0.215 0.202 0.277 0.093 0.213 
601    (0)   :  0.609 0.127 0.091 0.030 0.142 
602    (0)   :  0.173 0.030 0.171 0.115 0.511 
603    (0)   :  0.226 0.027 0.112 0.118 0.518 
604    (0)   :  0.096 0.315 0.278 0.092 0.219 
605    (0)   :  0.331 0.104 0.142 0.054 0.369 
606    (0)   :  0.130 0.045 0.186 0.123 0.515 
607    (0)   :  0.147 0.054 0.351 0.238 0.211 
608    (0)   :  0.185 0.084 0.128 0.466 0.137 
609    (0)   :  0.239 0.131 0.384 0.075 0.170 
610    (0)   :  0.087 0.568 0.089 0.052 0.204 
611    (0)   :  0.213 0.042 0.099 0.125 0.521 
612    (0)   :  0.095 0.573 0.194 0.048 0.090 
613    (0)   :  0.173 0.061 0.396 0.066 0.304 
614    (0)   :  0.067 0.058 0.741 0.034 0.100 
615    (0)   :  0.069 0.289 0.391 0.077 0.175 
616    (0)   :  0.205 0.032 0.354 0.174 0.236 
617    (0)   :  0.179 0.056 0.475 0.042 0.248 
618    (0)   :  0.060 0.333 0.269 0.146 0.192 
619    (0)   :  0.289 0.122 0.070 0.121 0.398 
620    (0)   :  0.424 0.053 0.049 0.026 0.447 
621    (0)   :  0.577 0.049 0.227 0.046 0.101 
622    (0)   :  0.098 0.122 0.367 0.103 0.309 
623    (0)   :  0.389 0.046 0.150 0.046 0.368 
624    (0)   :  0.095 0.410 0.213 0.181 0.100 
625    (0)   :  0.179 0.049 0.507 0.117 0.147 
626    (0)   :  0.046 0.274 0.107 0.365 0.209 
627    (0)   :  0.369 0.054 0.188 0.065 0.324 
628    (0)   :  0.362 0.032 0.176 0.064 0.366 
629    (0)   :  0.197 0.025 0.373 0.070 0.334 
630    (0)   :  0.173 0.114 0.492 0.056 0.165 
631    (0)   :  0.167 0.042 0.555 0.058 0.177 
632    (0)   :  0.072 0.031 0.136 0.172 0.589 
633    (0)   :  0.187 0.117 0.429 0.115 0.151 
634    (0)   :  0.237 0.057 0.201 0.176 0.329 
635    (0)   :  0.091 0.045 0.173 0.425 0.266 
636    (0)   :  0.176 0.086 0.332 0.235 0.171 
637    (0)   :  0.098 0.061 0.111 0.077 0.653 
638    (0)   :  0.219 0.033 0.310 0.108 0.330 
639    (0)   :  0.103 0.062 0.569 0.086 0.180 
640    (0)   :  0.643 0.038 0.137 0.065 0.118 
641    (0)   :  0.137 0.027 0.537 0.067 0.232 
642    (0)   :  0.096 0.060 0.070 0.435 0.340 
643    (0)   :  0.077 0.028 0.044 0.749 0.101 
644    (0)   :  0.136 0.026 0.067 0.552 0.219 
645    (0)   :  0.039 0.262 0.097 0.439 0.163 
646    (0)   :  0.148 0.055 0.084 0.110 0.604 
647    (0)   :  0.178 0.040 0.071 0.359 0.353 
648    (0)   :  0.065 0.028 0.302 0.226 0.379 
649    (0)   :  0.101 0.027 0.051 0.134 0.688 
650    (0)   :  0.172 0.032 0.060 0.147 0.590 
651    (0)   :  0.167 0.019 0.134 0.388 0.292 
652    (0)   :  0.103 0.032 0.070 0.565 0.230 
653    (0)   :  0.064 0.045 0.206 0.306 0.378 
654    (0)   :  0.062 0.034 0.070 0.325 0.508 
655    (0)   :  0.249 0.053 0.040 0.513 0.145 
656    (0)   :  0.072 0.040 0.099 0.168 0.621 
657    (0)   :  0.113 0.062 0.465 0.178 0.182 
658    (0)   :  0.319 0.095 0.067 0.224 0.296 
659    (0)   :  0.081 0.036 0.144 0.426 0.312 
660    (0)   :  0.074 0.021 0.058 0.482 0.365 
661    (0)   :  0.067 0.058 0.063 0.529 0.284 
662    (0)   :  0.091 0.025 0.039 0.088 0.757 
663    (0)   :  0.095 0.024 0.097 0.408 0.375 
664    (0)   :  0.305 0.215 0.061 0.251 0.168 
665    (0)   :  0.082 0.020 0.055 0.103 0.739 
666    (0)   :  0.083 0.041 0.064 0.358 0.454 
667    (0)   :  0.199 0.043 0.102 0.105 0.551 
668    (0)   :  0.129 0.063 0.086 0.429 0.293 
669    (0)   :  0.085 0.027 0.151 0.204 0.533 
670    (0)   :  0.044 0.017 0.039 0.750 0.150 
671    (0)   :  0.070 0.024 0.045 0.566 0.295 
672    (0)   :  0.134 0.061 0.031 0.664 0.110 
673    (0)   :  0.037 0.014 0.046 0.841 0.062 
674    (0)   :  0.057 0.027 0.086 0.620 0.210 
675    (0)   :  0.078 0.017 0.035 0.768 0.102 
676    (0)   :  0.037 0.015 0.037 0.844 0.067 
677    (0)   :  0.038 0.018 0.032 0.609 0.301 
678    (0)   :  0.042 0.014 0.044 0.844 0.055 
679    (0)   :  0.061 0.022 0.101 0.714 0.103 
680    (0)   :  0.043 0.029 0.068 0.741 0.119 
681    (0)   :  0.074 0.091 0.130 0.251 0.453 
682    (0)   :  0.045 0.031 0.055 0.781 0.089 
683    (0)   :  0.041 0.017 0.036 0.775 0.131 
684    (0)   :  0.043 0.015 0.043 0.834 0.065 
685    (0)   :  0.036 0.014 0.032 0.848 0.070 
686    (0)   :  0.048 0.036 0.053 0.550 0.312 
687    (0)   :  0.065 0.021 0.042 0.550 0.322 
688    (0)   :  0.056 0.020 0.040 0.776 0.108 
689    (0)   :  0.035 0.015 0.037 0.844 0.069 
690    (0)   :  0.038 0.015 0.036 0.845 0.066 
691    (0)   :  0.056 0.025 0.083 0.700 0.136 
692    (0)   :  0.057 0.019 0.060 0.782 0.082 
693    (0)   :  0.069 0.028 0.040 0.786 0.078 
694    (0)   :  0.034 0.013 0.030 0.851 0.071 
695    (0)   :  0.044 0.029 0.037 0.794 0.096 
696    (0)   :  0.056 0.020 0.041 0.776 0.107 
697    (0)   :  0.035 0.016 0.039 0.823 0.087 
698    (0)   :  0.037 0.015 0.036 0.835 0.077 
699    (0)   :  0.043 0.030 0.033 0.706 0.189 
700    (0)   :  0.062 0.069 0.034 0.728 0.108 
701    (0)   :  0.054 0.032 0.108 0.686 0.119 
702    (0)   :  0.068 0.049 0.056 0.649 0.177 
703    (0)   :  0.045 0.031 0.056 0.758 0.109 
704    (0)   :  0.054 0.020 0.035 0.763 0.129 
705    (0)   :  0.065 0.085 0.074 0.373 0.402 
706    (0)   :  0.041 0.030 0.053 0.760 0.115 
707    (0)   :  0.036 0.016 0.045 0.795 0.107 
708    (0)   :  0.037 0.015 0.040 0.810 0.097 
709    (0)   :  0.040 0.024 0.031 0.810 0.096 
710    (0)   :  0.034 0.015 0.032 0.852 0.067 
711    (0)   :  0.041 0.030 0.048 0.674 0.207 
712    (0)   :  0.035 0.016 0.031 0.722 0.196 
713    (0)   :  0.055 0.018 0.036 0.772 0.119 
714    (0)   :  0.062 0.024 0.109 0.637 0.168 
715    (0)   :  0.034 0.016 0.030 0.810 0.110 
716    (0)   :  0.042 0.029 0.045 0.794 0.090 
717    (0)   :  0.034 0.016 0.030 0.844 0.077 
718    (0)   :  0.044 0.028 0.060 0.630 0.238 
719    (0)   :  0.038 0.016 0.029 0.824 0.093 
720    (0)   :  0.474 0.038 0.254 0.048 0.186 
721    (0)   :  0.092 0.047 0.208 0.510 0.143 
722    (0)   :  0.182 0.052 0.495 0.081 0.190 
723    (0)   :  0.095 0.023 0.727 0.059 0.097 
724    (0)   :  0.125 0.030 0.558 0.175 0.111 
725    (0)   :  0.235 0.024 0.198 0.224 0.319 
726    (0)   :  0.116 0.039 0.476 0.117 0.252 
727    (0)   :  0.116 0.028 0.184 0.190 0.481 
728    (0)   :  0.072 0.100 0.731 0.028 0.070 
729    (0)   :  0.096 0.049 0.754 0.031 0.071 
730    (0)   :  0.202 0.025 0.591 0.046 0.137 
731    (0)   :  0.121 0.059 0.649 0.071 0.101 
732    (0)   :  0.095 0.022 0.727 0.058 0.097 
733    (0)   :  0.081 0.031 0.777 0.041 0.071 
734    (0)   :  0.269 0.056 0.568 0.029 0.077 
735    (0)   :  0.063 0.029 0.805 0.044 0.058 
736    (0)   :  0.501 0.074 0.272 0.055 0.098 
737    (0)   :  0.168 0.049 0.509 0.056 0.219 
738    (0)   :  0.135 0.025 0.691 0.048 0.100 
739    (0)   :  0.091 0.035 0.768 0.038 0.068 
740    (0)   :  0.054 0.019 0.229 0.586 0.112 
741    (0)   :  0.088 0.040 0.179 0.490 0.203 
742    (0)   :  0.656 0.028 0.087 0.156 0.072 
743    (0)   :  0.216 0.021 0.452 0.100 0.211 
744    (0)   :  0.253 0.042 0.066 0.093 0.547 
745    (0)   :  0.593 0.045 0.117 0.041 0.204 
746    (0)   :  0.198 0.029 0.307 0.211 0.256 
747    (0)   :  0.324 0.018 0.200 0.089 0.369 
748    (0)   :  0.264 0.028 0.068 0.468 0.172 
749    (0)   :  0.196 0.042 0.143 0.138 0.482 
750    (0)   :  0.265 0.023 0.215 0.089 0.407 
751    (0)   :  0.239 0.025 0.089 0.456 0.190 
752    (0)   :  0.277 0.026 0.192 0.096 0.410 
753    (0)   :  0.135 0.030 0.417 0.149 0.269 
754    (0)   :  0.123 0.018 0.288 0.408 0.163 
755    (0)   :  0.178 0.019 0.426 0.177 0.200 
756    (0)   :  0.518 0.029 0.038 0.247 0.167 
757    (0)   :  0.435 0.021 0.128 0.178 0.238 
758    (0)   :  0.583 0.028 0.098 0.043 0.247 
759    (0)   :  0.102 0.021 0.277 0.401 0.198 
760    (0)   :  0.154 0.029 0.613 0.093 0.111 
761    (0)   :  0.066 0.020 0.539 0.195 0.180 
762    (0)   :  0.228 0.030 0.594 0.056 0.092 
763    (0)   :  0.136 0.030 0.416 0.153 0.266 
764    (0)   :  0.424 0.022 0.219 0.109 0.225 
765    (0)   :  0.126 0.020 0.608 0.057 0.189 
766    (0)   :  0.370 0.019 0.131 0.320 0.160 
767    (0)   :  0.416 0.049 0.063 0.277 0.195 
768    (0)   :  0.186 0.028 0.639 0.056 0.090 
769    (0)   :  0.135 0.040 0.466 0.238 0.120 
770    (0)   :  0.472 0.033 0.337 0.053 0.106 
771    (0)   :  0.090 0.024 0.076 0.116 0.694 
772    (0)   :  0.355 0.042 0.115 0.299 0.190 
773    (0)   :  0.348 0.018 0.326 0.109 0.200 
774    (0)   :  0.101 0.015 0.246 0.371 0.267 
775    (0)   :  0.315 0.087 0.385 0.113 0.101 
776    (0)   :  0.698 0.026 0.066 0.063 0.148 
777    (0)   :  0.226 0.032 0.149 0.109 0.484 
778    (0)   :  0.166 0.016 0.129 0.161 0.527 
779    (0)   :  0.367 0.027 0.235 0.181 0.190 
780    (0)   :  0.223 0.028 0.114 0.435 0.201 
781    (0)   :  0.064 0.016 0.105 0.124 0.691 
782    (0)   :  0.362 0.028 0.237 0.179 0.194 
783    (0)   :  0.384 0.022 0.193 0.263 0.138 
784    (0)   :  0.577 0.036 0.138 0.107 0.140 
785    (0)   :  0.317 0.022 0.259 0.209 0.192 
786    (0)   :  0.264 0.020 0.130 0.452 0.134 
787    (0)   :  0.160 0.019 0.054 0.400 0.366 
788    (0)   :  0.370 0.043 0.290 0.119 0.177 
789    (0)   :  0.612 0.037 0.112 0.127 0.112 
790    (0)   :  0.167 0.025 0.405 0.261 0.141 
791    (0)   :  0.505 0.028 0.090 0.192 0.185 
792    (0)   :  0.121 0.022 0.084 0.392 0.382 
793    (0)   :  0.073 0.071 0.122 0.323 0.411 
794    (0)   :  0.322 0.035 0.146 0.189 0.307 
795    (0)   :  0.079 0.048 0.162 0.483 0.228 
796    (0)   :  0.522 0.048 0.041 0.222 0.167 
797    (0)   :  0.069 0.044 0.069 0.505 0.312 
798    (0)   :  0.106 0.706 0.036 0.030 0.121 
799    (0)   :  0.586 0.047 0.068 0.087 0.211 
800    (0)   :  0.114 0.022 0.034 0.481 0.349 
801    (0)   :  0.132 0.594 0.053 0.066 0.155 
802    (0)   :  0.124 0.245 0.090 0.266 0.276 
803    (0)   :  0.092 0.055 0.120 0.321 0.413 
804    (0)   :  0.147 0.094 0.069 0.118 0.571 
805    (0)   :  0.069 0.028 0.036 0.768 0.099 
806    (0)   :  0.077 0.447 0.090 0.116 0.270 
807    (0)   :  0.048 0.032 0.058 0.560 0.303 
808    (0)   :  0.078 0.037 0.046 0.329 0.510 
809    (0)   :  0.080 0.465 0.042 0.070 0.344 
810    (0)   :  0.175 0.094 0.216 0.208 0.307 
