

----------------------------------------------------
STRUCTURE by Pritchard, Stephens and Donnelly (2000)
     and Falush, Stephens and Pritchard (2003)
       Code by Pritchard, Falush and Hubisz
             Version 2.3.4 (Jul 2012)
----------------------------------------------------



Command line arguments:   ./structure -K 7 -D 107011 -m brooktrout/mainparams -e brooktrout/extraparams -o brooktrout/250914_output/results_K7_rep11 
Input File:    brooktrout/brooktrout.txt

Run parameters:
   8454 individuals
   5 loci
   7 populations assumed
   50000 Burn-in period
   100000 Reps
RANDOMIZE turned off


--------------------------------------------
Overall proportion of membership of the
sample in each of the 7 clusters

Inferred Clusters
  1      2      3      4      5      6      7    
0.016  0.045  0.081  0.092  0.241  0.277  0.248  

--------------------------------------------

Allele-freq. divergence among pops (Net nucleotide distance),
computed using point estimates of P.

      1       2       3       4       5       6       7      
 1      -    0.1784  0.1128  0.1114  0.1085  0.0826  0.0949  
 2   0.1784     -    0.1787  0.1460  0.1563  0.1596  0.1233  
 3   0.1128  0.1787     -    0.0983  0.1692  0.0682  0.0884  
 4   0.1114  0.1460  0.0983     -    0.1456  0.0941  0.0828  
 5   0.1085  0.1563  0.1692  0.1456     -    0.1417  0.0954  
 6   0.0826  0.1596  0.0682  0.0941  0.1417     -    0.0808  
 7   0.0949  0.1233  0.0884  0.0828  0.0954  0.0808     -    

Average distances (expected heterozygosity) between individuals in same cluster:
cluster  1  : 0.8110 
cluster  2  : 0.7448 
cluster  3  : 0.7674 
cluster  4  : 0.8003 
cluster  5  : 0.7262 
cluster  6  : 0.7661 
cluster  7  : 0.7874 

--------------------------------------------
Estimated Ln Prob of Data   = -183788.5
Mean value of ln likelihood = -171916.1
Variance of ln likelihood   = 23744.9

Mean value of alpha_1       = 0.0452
Mean value of alpha_2       = 0.1199
Mean value of alpha_3       = 0.2242
Mean value of alpha_4       = 0.2699
Mean value of alpha_5       = 0.6749
Mean value of alpha_6       = 0.7875
Mean value of alpha_7       = 0.7220
Allele frequencies uncorrelated


Inferred ancestry of individuals:
     (%Miss) :  Inferred clusters
  1    (0)   :  0.010 0.038 0.053 0.112 0.348 0.293 0.145 
  2    (0)   :  0.006 0.012 0.034 0.072 0.095 0.133 0.648 
  3    (0)   :  0.015 0.039 0.045 0.033 0.256 0.447 0.165 
  4    (0)   :  0.021 0.029 0.067 0.046 0.521 0.149 0.167 
  5    (0)   :  0.008 0.013 0.043 0.118 0.099 0.168 0.552 
  6    (0)   :  0.015 0.013 0.035 0.033 0.127 0.593 0.184 
  7    (0)   :  0.011 0.011 0.238 0.073 0.102 0.402 0.163 
  8    (0)   :  0.079 0.023 0.070 0.047 0.347 0.307 0.128 
  9    (0)   :  0.039 0.019 0.053 0.093 0.188 0.304 0.304 
 10    (0)   :  0.018 0.011 0.058 0.079 0.245 0.414 0.175 
 11    (0)   :  0.007 0.011 0.128 0.181 0.102 0.413 0.157 
 12    (0)   :  0.010 0.014 0.044 0.082 0.148 0.168 0.534 
 13    (0)   :  0.015 0.019 0.058 0.077 0.162 0.298 0.371 
 14    (0)   :  0.006 0.047 0.032 0.041 0.181 0.241 0.453 
 15    (0)   :  0.010 0.022 0.069 0.058 0.290 0.235 0.316 
 16    (0)   :  0.007 0.022 0.041 0.095 0.146 0.543 0.146 
 17    (0)   :  0.041 0.031 0.042 0.103 0.160 0.324 0.299 
 18    (0)   :  0.026 0.025 0.031 0.042 0.184 0.350 0.341 
 19    (0)   :  0.012 0.011 0.044 0.066 0.148 0.478 0.241 
 20    (0)   :  0.009 0.020 0.097 0.113 0.163 0.294 0.304 
 21    (0)   :  0.007 0.031 0.035 0.063 0.312 0.219 0.331 
 22    (0)   :  0.026 0.019 0.028 0.041 0.193 0.498 0.195 
 23    (0)   :  0.012 0.064 0.054 0.078 0.331 0.187 0.273 
 24    (0)   :  0.008 0.022 0.036 0.082 0.318 0.356 0.178 
 25    (0)   :  0.010 0.019 0.082 0.072 0.080 0.424 0.312 
 26    (0)   :  0.021 0.018 0.042 0.073 0.255 0.296 0.295 
 27    (0)   :  0.011 0.035 0.039 0.103 0.185 0.370 0.258 
 28    (0)   :  0.008 0.017 0.103 0.047 0.372 0.263 0.190 
 29    (0)   :  0.006 0.017 0.070 0.154 0.132 0.227 0.395 
 30    (0)   :  0.010 0.025 0.026 0.053 0.159 0.505 0.221 
 31    (0)   :  0.049 0.028 0.066 0.104 0.209 0.219 0.325 
 32    (0)   :  0.009 0.021 0.048 0.042 0.280 0.330 0.270 
 33    (0)   :  0.008 0.029 0.061 0.048 0.262 0.414 0.178 
 34    (0)   :  0.013 0.017 0.107 0.134 0.150 0.467 0.111 
 35    (0)   :  0.032 0.053 0.030 0.138 0.124 0.277 0.347 
 36    (0)   :  0.006 0.234 0.034 0.048 0.130 0.321 0.227 
 37    (0)   :  0.013 0.023 0.041 0.042 0.242 0.193 0.445 
 38    (0)   :  0.007 0.076 0.058 0.092 0.087 0.518 0.162 
 39    (0)   :  0.011 0.052 0.055 0.094 0.129 0.402 0.256 
 40    (0)   :  0.006 0.218 0.028 0.059 0.227 0.235 0.228 
 41    (0)   :  0.011 0.326 0.054 0.085 0.094 0.299 0.132 
 42    (0)   :  0.006 0.157 0.034 0.078 0.384 0.221 0.120 
 43    (0)   :  0.012 0.198 0.048 0.052 0.173 0.155 0.363 
 44    (0)   :  0.016 0.297 0.033 0.046 0.095 0.245 0.268 
 45    (0)   :  0.007 0.130 0.032 0.104 0.092 0.280 0.354 
 46    (0)   :  0.026 0.041 0.044 0.070 0.119 0.374 0.326 
 47    (0)   :  0.084 0.031 0.038 0.082 0.158 0.285 0.321 
 48    (0)   :  0.023 0.293 0.025 0.057 0.108 0.218 0.276 
 49    (0)   :  0.015 0.056 0.036 0.165 0.150 0.295 0.283 
 50    (0)   :  0.025 0.030 0.081 0.058 0.140 0.412 0.255 
 51    (0)   :  0.005 0.569 0.030 0.039 0.077 0.138 0.142 
 52    (0)   :  0.014 0.060 0.057 0.129 0.169 0.392 0.178 
 53    (0)   :  0.010 0.043 0.051 0.041 0.153 0.551 0.152 
 54    (0)   :  0.016 0.038 0.033 0.084 0.169 0.141 0.520 
 55    (0)   :  0.009 0.094 0.032 0.060 0.134 0.131 0.540 
 56    (0)   :  0.014 0.072 0.028 0.120 0.172 0.301 0.293 
 57    (0)   :  0.052 0.015 0.053 0.102 0.295 0.290 0.193 
 58    (0)   :  0.007 0.080 0.035 0.125 0.157 0.218 0.377 
 59    (0)   :  0.007 0.093 0.036 0.215 0.132 0.313 0.204 
 60    (0)   :  0.006 0.197 0.039 0.043 0.240 0.194 0.281 
 61    (0)   :  0.005 0.112 0.028 0.067 0.193 0.093 0.502 
 62    (0)   :  0.026 0.019 0.040 0.276 0.133 0.266 0.240 
 63    (0)   :  0.006 0.051 0.073 0.060 0.217 0.247 0.345 
 64    (0)   :  0.011 0.017 0.034 0.099 0.098 0.493 0.248 
 65    (0)   :  0.008 0.017 0.110 0.079 0.077 0.298 0.411 
 66    (0)   :  0.006 0.022 0.062 0.049 0.234 0.143 0.484 
 67    (0)   :  0.009 0.109 0.035 0.075 0.105 0.129 0.537 
 68    (0)   :  0.010 0.118 0.039 0.148 0.161 0.308 0.217 
 69    (0)   :  0.012 0.113 0.086 0.181 0.174 0.322 0.112 
 70    (0)   :  0.005 0.216 0.097 0.055 0.196 0.262 0.169 
 71    (0)   :  0.007 0.194 0.042 0.138 0.075 0.269 0.275 
 72    (0)   :  0.009 0.067 0.040 0.054 0.107 0.463 0.261 
 73    (0)   :  0.006 0.080 0.042 0.163 0.091 0.149 0.470 
 74    (0)   :  0.007 0.143 0.031 0.053 0.229 0.334 0.203 
 75    (0)   :  0.008 0.143 0.027 0.064 0.312 0.220 0.226 
 76    (0)   :  0.008 0.075 0.078 0.039 0.126 0.211 0.464 
 77    (0)   :  0.005 0.215 0.054 0.105 0.096 0.321 0.203 
 78    (0)   :  0.006 0.245 0.057 0.100 0.094 0.350 0.148 
 79    (0)   :  0.007 0.011 0.088 0.059 0.109 0.382 0.345 
 80    (0)   :  0.008 0.013 0.078 0.038 0.510 0.164 0.189 
 81    (0)   :  0.009 0.011 0.109 0.033 0.401 0.215 0.222 
 82    (0)   :  0.006 0.025 0.050 0.093 0.185 0.153 0.487 
 83    (0)   :  0.007 0.022 0.106 0.028 0.302 0.304 0.230 
 84    (0)   :  0.006 0.013 0.093 0.035 0.268 0.308 0.278 
 85    (0)   :  0.006 0.020 0.042 0.034 0.325 0.338 0.236 
 86    (0)   :  0.010 0.030 0.041 0.092 0.108 0.199 0.521 
 87    (0)   :  0.007 0.023 0.261 0.044 0.124 0.270 0.271 
 88    (0)   :  0.007 0.013 0.097 0.047 0.327 0.170 0.340 
 89    (0)   :  0.008 0.012 0.064 0.036 0.354 0.160 0.366 
 90    (0)   :  0.006 0.012 0.157 0.049 0.123 0.230 0.423 
 91    (0)   :  0.007 0.021 0.052 0.028 0.485 0.238 0.168 
 92    (0)   :  0.007 0.012 0.069 0.054 0.159 0.238 0.461 
 93    (0)   :  0.006 0.013 0.031 0.038 0.656 0.118 0.138 
 94    (0)   :  0.006 0.027 0.400 0.030 0.113 0.311 0.113 
 95    (0)   :  0.006 0.013 0.236 0.042 0.247 0.154 0.301 
 96    (0)   :  0.005 0.104 0.031 0.045 0.298 0.101 0.415 
 97    (0)   :  0.008 0.075 0.026 0.061 0.252 0.270 0.308 
 98    (0)   :  0.005 0.086 0.030 0.075 0.192 0.239 0.373 
 99    (0)   :  0.006 0.012 0.101 0.037 0.237 0.266 0.340 
100    (0)   :  0.007 0.016 0.029 0.040 0.534 0.095 0.279 
101    (0)   :  0.009 0.033 0.152 0.045 0.164 0.214 0.382 
102    (0)   :  0.007 0.061 0.084 0.074 0.383 0.206 0.186 
103    (0)   :  0.007 0.017 0.103 0.042 0.180 0.129 0.522 
104    (0)   :  0.006 0.016 0.333 0.049 0.135 0.179 0.282 
105    (0)   :  0.008 0.019 0.188 0.133 0.187 0.124 0.340 
106    (0)   :  0.006 0.019 0.193 0.047 0.065 0.466 0.204 
107    (0)   :  0.011 0.021 0.245 0.061 0.173 0.139 0.349 
108    (0)   :  0.005 0.133 0.033 0.032 0.093 0.239 0.465 
109    (0)   :  0.007 0.026 0.077 0.272 0.067 0.305 0.246 
110    (0)   :  0.007 0.016 0.348 0.060 0.075 0.372 0.123 
111    (0)   :  0.006 0.015 0.481 0.098 0.094 0.118 0.189 
112    (0)   :  0.005 0.026 0.309 0.319 0.077 0.163 0.101 
113    (0)   :  0.009 0.028 0.056 0.071 0.143 0.223 0.470 
114    (0)   :  0.005 0.015 0.280 0.101 0.163 0.175 0.261 
115    (0)   :  0.010 0.063 0.258 0.174 0.114 0.167 0.215 
116    (0)   :  0.008 0.057 0.098 0.096 0.074 0.373 0.294 
117    (0)   :  0.010 0.025 0.268 0.216 0.092 0.281 0.109 
118    (0)   :  0.006 0.017 0.066 0.145 0.088 0.126 0.552 
119    (0)   :  0.005 0.208 0.054 0.030 0.287 0.159 0.256 
120    (0)   :  0.007 0.031 0.203 0.190 0.130 0.195 0.243 
121    (0)   :  0.036 0.111 0.238 0.202 0.084 0.174 0.155 
122    (0)   :  0.005 0.016 0.155 0.097 0.089 0.409 0.228 
123    (0)   :  0.006 0.026 0.363 0.063 0.123 0.212 0.207 
124    (0)   :  0.019 0.054 0.158 0.135 0.088 0.300 0.246 
125    (0)   :  0.007 0.044 0.077 0.265 0.101 0.408 0.098 
126    (0)   :  0.005 0.051 0.147 0.052 0.140 0.333 0.271 
127    (0)   :  0.008 0.017 0.514 0.060 0.100 0.103 0.198 
128    (0)   :  0.005 0.016 0.046 0.129 0.088 0.124 0.592 
129    (0)   :  0.009 0.018 0.200 0.058 0.077 0.123 0.514 
130    (0)   :  0.010 0.014 0.235 0.132 0.167 0.189 0.252 
131    (0)   :  0.015 0.090 0.191 0.112 0.073 0.373 0.147 
132    (0)   :  0.006 0.020 0.169 0.050 0.070 0.320 0.365 
133    (0)   :  0.009 0.024 0.310 0.045 0.111 0.147 0.356 
134    (0)   :  0.005 0.014 0.427 0.100 0.058 0.274 0.122 
135    (0)   :  0.007 0.047 0.025 0.115 0.486 0.109 0.211 
136    (0)   :  0.008 0.013 0.023 0.060 0.650 0.132 0.114 
137    (0)   :  0.007 0.013 0.042 0.086 0.651 0.105 0.096 
138    (0)   :  0.007 0.020 0.024 0.031 0.706 0.113 0.100 
139    (0)   :  0.006 0.027 0.025 0.061 0.314 0.140 0.427 
140    (0)   :  0.006 0.028 0.033 0.053 0.447 0.192 0.241 
141    (0)   :  0.008 0.017 0.025 0.056 0.562 0.197 0.136 
142    (0)   :  0.007 0.061 0.026 0.081 0.467 0.106 0.252 
143    (0)   :  0.005 0.013 0.022 0.030 0.743 0.086 0.100 
144    (0)   :  0.006 0.014 0.040 0.086 0.663 0.095 0.096 
145    (0)   :  0.010 0.022 0.025 0.082 0.485 0.204 0.171 
146    (0)   :  0.011 0.019 0.048 0.059 0.479 0.212 0.171 
147    (0)   :  0.007 0.012 0.022 0.032 0.742 0.094 0.090 
148    (0)   :  0.007 0.029 0.035 0.074 0.480 0.158 0.216 
149    (0)   :  0.007 0.025 0.023 0.053 0.632 0.122 0.137 
150    (0)   :  0.008 0.015 0.058 0.109 0.502 0.130 0.177 
151    (0)   :  0.007 0.014 0.030 0.041 0.650 0.107 0.150 
152    (0)   :  0.007 0.071 0.033 0.065 0.457 0.190 0.177 
153    (0)   :  0.006 0.026 0.031 0.046 0.631 0.144 0.116 
154    (0)   :  0.010 0.021 0.024 0.054 0.601 0.128 0.163 
155    (0)   :  0.006 0.013 0.031 0.032 0.686 0.102 0.128 
156    (0)   :  0.005 0.041 0.032 0.062 0.592 0.090 0.177 
157    (0)   :  0.005 0.013 0.078 0.033 0.585 0.159 0.128 
158    (0)   :  0.009 0.019 0.024 0.092 0.527 0.200 0.130 
159    (0)   :  0.007 0.011 0.024 0.039 0.730 0.092 0.097 
160    (0)   :  0.009 0.011 0.023 0.041 0.705 0.093 0.118 
161    (0)   :  0.006 0.019 0.032 0.050 0.567 0.175 0.151 
162    (0)   :  0.018 0.021 0.045 0.059 0.415 0.205 0.236 
163    (0)   :  0.006 0.018 0.029 0.035 0.705 0.093 0.114 
164    (0)   :  0.014 0.014 0.036 0.043 0.435 0.148 0.310 
165    (0)   :  0.008 0.015 0.053 0.123 0.548 0.115 0.138 
166    (0)   :  0.006 0.042 0.070 0.031 0.458 0.193 0.200 
167    (0)   :  0.029 0.016 0.039 0.045 0.568 0.167 0.136 
168    (0)   :  0.007 0.036 0.028 0.037 0.597 0.180 0.116 
169    (0)   :  0.011 0.028 0.023 0.096 0.376 0.349 0.117 
170    (0)   :  0.006 0.034 0.030 0.040 0.546 0.108 0.237 
171    (0)   :  0.007 0.027 0.029 0.038 0.465 0.202 0.231 
172    (0)   :  0.006 0.075 0.022 0.064 0.481 0.215 0.136 
173    (0)   :  0.008 0.012 0.023 0.037 0.680 0.092 0.149 
174    (0)   :  0.007 0.011 0.030 0.037 0.664 0.117 0.134 
175    (0)   :  0.008 0.020 0.023 0.036 0.681 0.127 0.104 
176    (0)   :  0.007 0.014 0.041 0.086 0.660 0.094 0.097 
177    (0)   :  0.007 0.017 0.069 0.043 0.491 0.230 0.144 
178    (0)   :  0.008 0.012 0.032 0.042 0.579 0.178 0.147 
179    (0)   :  0.006 0.012 0.023 0.026 0.722 0.095 0.115 
180    (0)   :  0.014 0.025 0.036 0.056 0.550 0.173 0.146 
181    (0)   :  0.008 0.023 0.024 0.060 0.555 0.134 0.196 
182    (0)   :  0.008 0.016 0.023 0.047 0.613 0.087 0.205 
183    (0)   :  0.007 0.014 0.023 0.031 0.698 0.097 0.130 
184    (0)   :  0.010 0.014 0.032 0.046 0.097 0.159 0.642 
185    (0)   :  0.005 0.060 0.021 0.058 0.668 0.074 0.112 
186    (0)   :  0.008 0.013 0.045 0.035 0.090 0.163 0.645 
187    (0)   :  0.006 0.016 0.031 0.033 0.305 0.124 0.485 
188    (0)   :  0.008 0.013 0.033 0.034 0.073 0.133 0.706 
189    (0)   :  0.006 0.029 0.031 0.035 0.326 0.323 0.249 
190    (0)   :  0.005 0.108 0.022 0.054 0.318 0.072 0.422 
191    (0)   :  0.005 0.012 0.024 0.044 0.135 0.111 0.668 
192    (0)   :  0.006 0.012 0.043 0.042 0.300 0.147 0.449 
193    (0)   :  0.006 0.018 0.027 0.066 0.258 0.163 0.462 
194    (0)   :  0.006 0.022 0.042 0.043 0.313 0.133 0.442 
195    (0)   :  0.006 0.028 0.022 0.031 0.378 0.081 0.454 
196    (0)   :  0.005 0.041 0.029 0.051 0.237 0.095 0.543 
197    (0)   :  0.011 0.021 0.053 0.063 0.215 0.240 0.398 
198    (0)   :  0.005 0.021 0.035 0.045 0.209 0.245 0.439 
199    (0)   :  0.006 0.045 0.033 0.062 0.228 0.104 0.522 
200    (0)   :  0.005 0.050 0.028 0.077 0.232 0.173 0.435 
201    (0)   :  0.006 0.019 0.025 0.035 0.481 0.096 0.340 
202    (0)   :  0.005 0.032 0.035 0.050 0.535 0.083 0.259 
203    (0)   :  0.006 0.015 0.025 0.043 0.463 0.086 0.362 
204    (0)   :  0.006 0.022 0.022 0.036 0.202 0.078 0.633 
205    (0)   :  0.006 0.026 0.026 0.039 0.163 0.114 0.625 
206    (0)   :  0.007 0.017 0.023 0.033 0.190 0.089 0.641 
207    (0)   :  0.005 0.020 0.030 0.058 0.128 0.084 0.675 
208    (0)   :  0.005 0.020 0.024 0.043 0.318 0.093 0.497 
209    (0)   :  0.006 0.017 0.025 0.057 0.192 0.122 0.581 
210    (0)   :  0.005 0.015 0.027 0.036 0.202 0.092 0.623 
211    (0)   :  0.008 0.040 0.048 0.178 0.275 0.087 0.364 
212    (0)   :  0.006 0.030 0.021 0.043 0.535 0.124 0.241 
213    (0)   :  0.006 0.060 0.051 0.054 0.212 0.152 0.465 
214    (0)   :  0.006 0.018 0.026 0.053 0.534 0.097 0.266 
215    (0)   :  0.005 0.020 0.028 0.048 0.118 0.106 0.676 
216    (0)   :  0.011 0.015 0.035 0.055 0.127 0.191 0.567 
217    (0)   :  0.006 0.024 0.024 0.037 0.429 0.109 0.370 
218    (0)   :  0.006 0.014 0.031 0.038 0.173 0.115 0.624 
219    (0)   :  0.016 0.017 0.033 0.036 0.274 0.215 0.408 
220    (0)   :  0.005 0.014 0.024 0.036 0.136 0.088 0.697 
221    (0)   :  0.005 0.045 0.021 0.039 0.657 0.079 0.153 
222    (0)   :  0.013 0.015 0.037 0.041 0.183 0.234 0.478 
223    (0)   :  0.006 0.018 0.034 0.038 0.388 0.155 0.362 
224    (0)   :  0.007 0.015 0.025 0.036 0.368 0.091 0.457 
225    (0)   :  0.005 0.023 0.026 0.041 0.209 0.100 0.595 
226    (0)   :  0.008 0.022 0.034 0.051 0.203 0.234 0.447 
227    (0)   :  0.006 0.043 0.033 0.039 0.307 0.085 0.486 
228    (0)   :  0.006 0.082 0.021 0.062 0.367 0.076 0.385 
229    (0)   :  0.007 0.012 0.028 0.034 0.383 0.098 0.438 
230    (0)   :  0.006 0.013 0.027 0.043 0.314 0.090 0.507 
231    (0)   :  0.006 0.013 0.024 0.044 0.311 0.125 0.477 
232    (0)   :  0.007 0.029 0.040 0.059 0.350 0.172 0.343 
233    (0)   :  0.006 0.014 0.027 0.047 0.571 0.097 0.238 
234    (0)   :  0.005 0.013 0.033 0.053 0.229 0.182 0.485 
235    (0)   :  0.007 0.023 0.028 0.037 0.330 0.149 0.428 
236    (0)   :  0.006 0.014 0.031 0.058 0.422 0.129 0.340 
237    (0)   :  0.005 0.022 0.026 0.066 0.144 0.094 0.642 
238    (0)   :  0.005 0.018 0.034 0.047 0.490 0.117 0.289 
239    (0)   :  0.006 0.027 0.022 0.031 0.375 0.082 0.457 
240    (0)   :  0.005 0.018 0.034 0.047 0.487 0.115 0.294 
241    (0)   :  0.007 0.023 0.026 0.043 0.479 0.102 0.320 
242    (0)   :  0.007 0.024 0.028 0.032 0.240 0.197 0.472 
243    (0)   :  0.005 0.042 0.024 0.062 0.259 0.078 0.531 
244    (0)   :  0.006 0.014 0.025 0.047 0.404 0.089 0.416 
245    (0)   :  0.005 0.022 0.029 0.033 0.623 0.097 0.191 
246    (0)   :  0.006 0.025 0.025 0.037 0.431 0.110 0.366 
247    (0)   :  0.005 0.024 0.066 0.042 0.090 0.224 0.550 
248    (0)   :  0.005 0.017 0.032 0.060 0.096 0.104 0.686 
249    (0)   :  0.006 0.016 0.029 0.050 0.415 0.097 0.387 
250    (0)   :  0.006 0.013 0.033 0.050 0.325 0.124 0.449 
251    (0)   :  0.006 0.023 0.035 0.071 0.170 0.262 0.434 
252    (0)   :  0.006 0.024 0.028 0.034 0.290 0.112 0.507 
253    (0)   :  0.006 0.025 0.049 0.049 0.137 0.157 0.577 
254    (0)   :  0.012 0.017 0.032 0.041 0.188 0.170 0.539 
255    (0)   :  0.006 0.016 0.027 0.043 0.258 0.147 0.503 
256    (0)   :  0.006 0.022 0.026 0.051 0.337 0.108 0.450 
257    (0)   :  0.013 0.018 0.043 0.048 0.218 0.115 0.545 
258    (0)   :  0.004 0.038 0.031 0.057 0.167 0.140 0.562 
259    (0)   :  0.006 0.014 0.032 0.048 0.227 0.112 0.560 
260    (0)   :  0.012 0.014 0.039 0.046 0.366 0.208 0.315 
261    (0)   :  0.006 0.031 0.026 0.037 0.393 0.112 0.396 
262    (0)   :  0.006 0.051 0.021 0.042 0.429 0.087 0.364 
263    (0)   :  0.010 0.015 0.027 0.044 0.122 0.109 0.673 
264    (0)   :  0.018 0.016 0.032 0.054 0.082 0.376 0.422 
265    (0)   :  0.006 0.017 0.028 0.037 0.248 0.149 0.516 
266    (0)   :  0.005 0.030 0.022 0.040 0.641 0.080 0.181 
267    (0)   :  0.006 0.018 0.032 0.072 0.264 0.125 0.482 
268    (0)   :  0.005 0.042 0.029 0.050 0.237 0.095 0.542 
269    (0)   :  0.006 0.017 0.030 0.040 0.288 0.291 0.328 
270    (0)   :  0.010 0.014 0.037 0.047 0.128 0.164 0.600 
271    (0)   :  0.005 0.022 0.032 0.057 0.153 0.126 0.606 
272    (0)   :  0.007 0.036 0.036 0.064 0.165 0.188 0.503 
273    (0)   :  0.044 0.025 0.062 0.069 0.266 0.187 0.346 
274    (0)   :  0.006 0.015 0.031 0.047 0.183 0.166 0.552 
275    (0)   :  0.011 0.022 0.033 0.061 0.215 0.159 0.500 
276    (0)   :  0.007 0.037 0.041 0.077 0.146 0.166 0.526 
277    (0)   :  0.007 0.016 0.032 0.039 0.318 0.160 0.429 
278    (0)   :  0.005 0.025 0.027 0.054 0.150 0.105 0.634 
279    (0)   :  0.006 0.015 0.030 0.050 0.237 0.137 0.524 
280    (0)   :  0.007 0.026 0.028 0.046 0.224 0.208 0.461 
281    (0)   :  0.006 0.016 0.036 0.041 0.180 0.142 0.580 
282    (0)   :  0.006 0.013 0.032 0.043 0.491 0.146 0.269 
283    (0)   :  0.006 0.016 0.032 0.035 0.533 0.105 0.273 
284    (0)   :  0.005 0.019 0.044 0.066 0.318 0.140 0.408 
285    (0)   :  0.005 0.032 0.029 0.066 0.076 0.142 0.650 
286    (0)   :  0.006 0.014 0.025 0.047 0.402 0.088 0.418 
287    (0)   :  0.007 0.016 0.037 0.032 0.245 0.200 0.462 
288    (0)   :  0.007 0.021 0.032 0.045 0.151 0.171 0.573 
289    (0)   :  0.009 0.038 0.048 0.049 0.134 0.150 0.573 
290    (0)   :  0.013 0.050 0.030 0.099 0.219 0.224 0.365 
291    (0)   :  0.005 0.022 0.032 0.058 0.152 0.124 0.608 
292    (0)   :  0.006 0.056 0.026 0.043 0.287 0.183 0.399 
293    (0)   :  0.008 0.054 0.029 0.103 0.134 0.304 0.368 
294    (0)   :  0.011 0.022 0.027 0.038 0.111 0.112 0.680 
295    (0)   :  0.007 0.034 0.043 0.079 0.189 0.181 0.467 
296    (0)   :  0.005 0.018 0.032 0.043 0.145 0.099 0.657 
297    (0)   :  0.007 0.020 0.029 0.043 0.159 0.215 0.527 
298    (0)   :  0.007 0.012 0.036 0.039 0.394 0.145 0.368 
299    (0)   :  0.013 0.013 0.028 0.033 0.134 0.127 0.651 
300    (0)   :  0.006 0.021 0.024 0.051 0.107 0.121 0.670 
301    (0)   :  0.009 0.014 0.032 0.054 0.130 0.194 0.567 
302    (0)   :  0.009 0.035 0.027 0.050 0.123 0.112 0.645 
303    (0)   :  0.006 0.020 0.026 0.047 0.394 0.134 0.372 
304    (0)   :  0.013 0.013 0.053 0.063 0.418 0.252 0.189 
305    (0)   :  0.006 0.024 0.022 0.039 0.285 0.092 0.530 
306    (0)   :  0.007 0.022 0.027 0.038 0.429 0.139 0.339 
307    (0)   :  0.007 0.015 0.035 0.055 0.306 0.147 0.436 
308    (0)   :  0.006 0.031 0.026 0.036 0.396 0.113 0.392 
309    (0)   :  0.021 0.034 0.047 0.056 0.132 0.100 0.610 
310    (0)   :  0.005 0.025 0.024 0.051 0.333 0.086 0.476 
311    (0)   :  0.006 0.013 0.027 0.042 0.315 0.089 0.509 
312    (0)   :  0.005 0.018 0.028 0.037 0.129 0.085 0.698 
313    (0)   :  0.005 0.037 0.026 0.045 0.099 0.086 0.701 
314    (0)   :  0.005 0.023 0.022 0.033 0.733 0.088 0.096 
315    (0)   :  0.005 0.036 0.028 0.030 0.675 0.132 0.095 
316    (0)   :  0.008 0.026 0.033 0.031 0.641 0.161 0.099 
317    (0)   :  0.006 0.014 0.023 0.031 0.744 0.094 0.090 
318    (0)   :  0.006 0.011 0.023 0.029 0.749 0.101 0.082 
319    (0)   :  0.006 0.013 0.022 0.031 0.737 0.086 0.105 
320    (0)   :  0.005 0.023 0.022 0.033 0.733 0.087 0.097 
321    (0)   :  0.006 0.013 0.023 0.031 0.737 0.102 0.088 
322    (0)   :  0.009 0.042 0.032 0.034 0.630 0.143 0.110 
323    (0)   :  0.019 0.011 0.024 0.027 0.737 0.093 0.089 
324    (0)   :  0.006 0.013 0.023 0.031 0.737 0.103 0.087 
325    (0)   :  0.006 0.021 0.029 0.029 0.668 0.160 0.087 
326    (0)   :  0.016 0.029 0.034 0.032 0.643 0.157 0.088 
327    (0)   :  0.006 0.014 0.023 0.031 0.746 0.093 0.088 
328    (0)   :  0.005 0.027 0.029 0.031 0.657 0.144 0.107 
329    (0)   :  0.006 0.010 0.023 0.028 0.760 0.092 0.082 
330    (0)   :  0.006 0.014 0.022 0.031 0.745 0.093 0.089 
331    (0)   :  0.006 0.011 0.022 0.028 0.749 0.093 0.092 
332    (0)   :  0.027 0.023 0.033 0.030 0.635 0.167 0.085 
333    (0)   :  0.015 0.028 0.034 0.031 0.650 0.142 0.099 
334    (0)   :  0.005 0.026 0.029 0.031 0.657 0.145 0.107 
335    (0)   :  0.005 0.029 0.029 0.031 0.679 0.130 0.096 
336    (0)   :  0.023 0.018 0.024 0.030 0.718 0.097 0.088 
337    (0)   :  0.006 0.027 0.030 0.032 0.649 0.164 0.093 
338    (0)   :  0.007 0.011 0.023 0.029 0.743 0.103 0.083 
339    (0)   :  0.006 0.011 0.022 0.028 0.751 0.092 0.091 
340    (0)   :  0.006 0.011 0.022 0.027 0.755 0.085 0.094 
341    (0)   :  0.022 0.013 0.026 0.032 0.719 0.092 0.096 
342    (0)   :  0.006 0.014 0.022 0.031 0.745 0.093 0.089 
343    (0)   :  0.015 0.055 0.030 0.033 0.638 0.130 0.099 
344    (0)   :  0.006 0.010 0.022 0.027 0.758 0.093 0.083 
345    (0)   :  0.006 0.014 0.022 0.031 0.746 0.093 0.089 
346    (0)   :  0.006 0.011 0.022 0.029 0.755 0.093 0.084 
347    (0)   :  0.006 0.011 0.022 0.028 0.764 0.085 0.084 
348    (0)   :  0.005 0.058 0.027 0.033 0.656 0.118 0.103 
349    (0)   :  0.006 0.014 0.023 0.031 0.744 0.093 0.090 
350    (0)   :  0.006 0.016 0.021 0.030 0.736 0.087 0.104 
351    (0)   :  0.005 0.029 0.029 0.031 0.679 0.130 0.096 
352    (0)   :  0.006 0.032 0.029 0.031 0.663 0.143 0.095 
353    (0)   :  0.024 0.018 0.025 0.031 0.718 0.098 0.087 
354    (0)   :  0.009 0.011 0.024 0.030 0.742 0.094 0.090 
355    (0)   :  0.006 0.011 0.023 0.028 0.748 0.101 0.083 
356    (0)   :  0.005 0.058 0.027 0.033 0.656 0.118 0.103 
357    (0)   :  0.005 0.019 0.028 0.037 0.453 0.339 0.118 
358    (0)   :  0.006 0.021 0.030 0.029 0.677 0.148 0.088 
359    (0)   :  0.007 0.011 0.023 0.029 0.744 0.094 0.093 
360    (0)   :  0.006 0.012 0.022 0.028 0.756 0.092 0.084 
361    (0)   :  0.005 0.026 0.028 0.043 0.418 0.343 0.136 
362    (0)   :  0.006 0.021 0.058 0.037 0.113 0.414 0.351 
363    (0)   :  0.009 0.025 0.093 0.043 0.086 0.481 0.262 
364    (0)   :  0.047 0.021 0.049 0.087 0.298 0.265 0.233 
365    (0)   :  0.024 0.019 0.042 0.137 0.104 0.507 0.167 
366    (0)   :  0.007 0.099 0.031 0.068 0.183 0.355 0.257 
367    (0)   :  0.005 0.015 0.313 0.044 0.068 0.436 0.120 
368    (0)   :  0.006 0.011 0.058 0.060 0.107 0.236 0.521 
369    (0)   :  0.010 0.095 0.035 0.062 0.295 0.261 0.242 
370    (0)   :  0.020 0.017 0.162 0.093 0.123 0.181 0.404 
371    (0)   :  0.019 0.026 0.043 0.076 0.154 0.277 0.405 
372    (0)   :  0.070 0.022 0.100 0.079 0.133 0.134 0.462 
373    (0)   :  0.009 0.017 0.162 0.081 0.177 0.327 0.228 
374    (0)   :  0.008 0.019 0.043 0.115 0.291 0.351 0.172 
375    (0)   :  0.029 0.015 0.096 0.074 0.081 0.456 0.249 
376    (0)   :  0.137 0.016 0.055 0.038 0.076 0.577 0.101 
377    (0)   :  0.009 0.022 0.041 0.061 0.111 0.349 0.407 
378    (0)   :  0.006 0.018 0.355 0.052 0.240 0.146 0.184 
379    (0)   :  0.251 0.021 0.076 0.045 0.069 0.421 0.117 
380    (0)   :  0.021 0.063 0.028 0.049 0.216 0.444 0.178 
381    (0)   :  0.018 0.063 0.025 0.053 0.212 0.486 0.143 
382    (0)   :  0.006 0.012 0.068 0.045 0.098 0.596 0.175 
383    (0)   :  0.051 0.024 0.031 0.050 0.199 0.485 0.160 
384    (0)   :  0.152 0.019 0.088 0.073 0.157 0.357 0.154 
385    (0)   :  0.010 0.011 0.034 0.361 0.233 0.214 0.137 
386    (0)   :  0.005 0.016 0.071 0.040 0.090 0.595 0.183 
387    (0)   :  0.006 0.019 0.075 0.071 0.109 0.563 0.157 
388    (0)   :  0.023 0.014 0.055 0.145 0.255 0.294 0.212 
389    (0)   :  0.014 0.042 0.047 0.217 0.097 0.128 0.456 
390    (0)   :  0.024 0.085 0.201 0.080 0.089 0.362 0.158 
391    (0)   :  0.018 0.043 0.093 0.306 0.140 0.201 0.200 
392    (0)   :  0.012 0.018 0.055 0.037 0.177 0.505 0.196 
393    (0)   :  0.014 0.093 0.040 0.063 0.163 0.521 0.107 
394    (0)   :  0.006 0.019 0.096 0.033 0.281 0.373 0.193 
395    (0)   :  0.005 0.053 0.053 0.045 0.101 0.357 0.386 
396    (0)   :  0.008 0.012 0.067 0.055 0.070 0.532 0.256 
397    (0)   :  0.166 0.017 0.033 0.037 0.183 0.178 0.387 
398    (0)   :  0.040 0.020 0.095 0.031 0.075 0.617 0.121 
399    (0)   :  0.005 0.029 0.352 0.080 0.097 0.244 0.192 
400    (0)   :  0.010 0.018 0.105 0.058 0.132 0.546 0.131 
401    (0)   :  0.005 0.045 0.193 0.068 0.144 0.329 0.214 
402    (0)   :  0.012 0.059 0.089 0.095 0.134 0.312 0.300 
403    (0)   :  0.011 0.019 0.050 0.130 0.398 0.207 0.183 
404    (0)   :  0.012 0.014 0.045 0.123 0.175 0.383 0.248 
405    (0)   :  0.006 0.026 0.039 0.044 0.146 0.450 0.290 
406    (0)   :  0.005 0.271 0.031 0.036 0.200 0.300 0.157 
407    (0)   :  0.005 0.015 0.035 0.039 0.070 0.707 0.129 
408    (0)   :  0.005 0.039 0.195 0.049 0.068 0.177 0.468 
409    (0)   :  0.013 0.154 0.050 0.056 0.329 0.270 0.127 
410    (0)   :  0.101 0.030 0.124 0.071 0.138 0.388 0.148 
411    (0)   :  0.040 0.060 0.056 0.043 0.192 0.466 0.143 
412    (0)   :  0.007 0.012 0.076 0.051 0.098 0.344 0.413 
413    (0)   :  0.005 0.014 0.086 0.035 0.201 0.314 0.345 
414    (0)   :  0.005 0.012 0.123 0.112 0.071 0.343 0.332 
415    (0)   :  0.007 0.044 0.048 0.047 0.108 0.578 0.170 
416    (0)   :  0.008 0.039 0.075 0.166 0.160 0.389 0.161 
417    (0)   :  0.007 0.021 0.059 0.037 0.082 0.657 0.136 
418    (0)   :  0.009 0.011 0.158 0.052 0.079 0.474 0.217 
419    (0)   :  0.014 0.028 0.076 0.145 0.257 0.305 0.176 
420    (0)   :  0.005 0.104 0.183 0.059 0.098 0.327 0.224 
421    (0)   :  0.008 0.018 0.076 0.049 0.088 0.504 0.258 
422    (0)   :  0.008 0.042 0.032 0.045 0.099 0.359 0.416 
423    (0)   :  0.012 0.025 0.057 0.045 0.135 0.481 0.246 
424    (0)   :  0.010 0.108 0.221 0.106 0.131 0.284 0.140 
425    (0)   :  0.031 0.016 0.053 0.233 0.146 0.329 0.193 
426    (0)   :  0.039 0.021 0.227 0.100 0.151 0.294 0.167 
427    (0)   :  0.006 0.019 0.085 0.032 0.173 0.590 0.095 
428    (0)   :  0.029 0.061 0.040 0.049 0.214 0.392 0.216 
429    (0)   :  0.007 0.013 0.105 0.032 0.067 0.650 0.126 
430    (0)   :  0.006 0.026 0.048 0.044 0.083 0.646 0.147 
431    (0)   :  0.012 0.016 0.159 0.081 0.138 0.271 0.323 
432    (0)   :  0.007 0.013 0.070 0.051 0.115 0.264 0.480 
433    (0)   :  0.013 0.018 0.058 0.054 0.348 0.163 0.345 
434    (0)   :  0.007 0.024 0.034 0.069 0.179 0.373 0.313 
435    (0)   :  0.005 0.025 0.051 0.029 0.073 0.694 0.124 
436    (0)   :  0.008 0.063 0.179 0.037 0.122 0.512 0.078 
437    (0)   :  0.011 0.015 0.033 0.032 0.079 0.686 0.144 
438    (0)   :  0.007 0.208 0.106 0.051 0.132 0.370 0.126 
439    (0)   :  0.006 0.021 0.058 0.046 0.096 0.694 0.080 
440    (0)   :  0.004 0.025 0.065 0.038 0.063 0.716 0.088 
441    (0)   :  0.006 0.022 0.049 0.055 0.161 0.578 0.128 
442    (0)   :  0.007 0.025 0.052 0.116 0.086 0.539 0.175 
443    (0)   :  0.005 0.120 0.321 0.069 0.077 0.278 0.131 
444    (0)   :  0.007 0.040 0.046 0.092 0.085 0.586 0.143 
445    (0)   :  0.054 0.069 0.045 0.070 0.219 0.421 0.121 
446    (0)   :  0.048 0.023 0.220 0.044 0.083 0.504 0.079 
447    (0)   :  0.007 0.069 0.040 0.133 0.156 0.471 0.125 
448    (0)   :  0.006 0.019 0.042 0.048 0.084 0.649 0.152 
449    (0)   :  0.007 0.021 0.041 0.054 0.134 0.577 0.167 
450    (0)   :  0.013 0.011 0.052 0.079 0.145 0.597 0.103 
451    (0)   :  0.006 0.022 0.197 0.049 0.063 0.364 0.299 
452    (0)   :  0.008 0.013 0.061 0.045 0.127 0.647 0.099 
453    (0)   :  0.005 0.160 0.094 0.143 0.132 0.211 0.255 
454    (0)   :  0.005 0.020 0.057 0.037 0.141 0.603 0.137 
455    (0)   :  0.005 0.093 0.099 0.056 0.083 0.569 0.095 
456    (0)   :  0.006 0.102 0.060 0.059 0.079 0.534 0.161 
457    (0)   :  0.007 0.017 0.029 0.036 0.086 0.706 0.118 
458    (0)   :  0.050 0.018 0.070 0.049 0.095 0.619 0.098 
459    (0)   :  0.005 0.024 0.140 0.064 0.180 0.507 0.079 
460    (0)   :  0.005 0.021 0.191 0.049 0.079 0.571 0.085 
461    (0)   :  0.007 0.011 0.322 0.053 0.080 0.441 0.086 
462    (0)   :  0.009 0.045 0.082 0.256 0.060 0.402 0.145 
463    (0)   :  0.005 0.303 0.044 0.051 0.112 0.309 0.176 
464    (0)   :  0.005 0.051 0.147 0.047 0.081 0.546 0.123 
465    (0)   :  0.008 0.031 0.153 0.078 0.095 0.431 0.204 
466    (0)   :  0.005 0.111 0.086 0.052 0.083 0.448 0.215 
467    (0)   :  0.007 0.043 0.109 0.102 0.122 0.449 0.169 
468    (0)   :  0.005 0.071 0.029 0.037 0.079 0.658 0.120 
469    (0)   :  0.005 0.033 0.039 0.038 0.081 0.728 0.076 
470    (0)   :  0.005 0.021 0.077 0.030 0.076 0.694 0.096 
471    (0)   :  0.007 0.072 0.087 0.173 0.092 0.385 0.184 
472    (0)   :  0.007 0.042 0.059 0.111 0.099 0.471 0.211 
473    (0)   :  0.006 0.025 0.035 0.040 0.127 0.535 0.232 
474    (0)   :  0.007 0.027 0.062 0.055 0.137 0.589 0.124 
475    (0)   :  0.007 0.025 0.120 0.072 0.153 0.435 0.188 
476    (0)   :  0.009 0.032 0.068 0.051 0.098 0.644 0.098 
477    (0)   :  0.008 0.038 0.211 0.112 0.126 0.353 0.152 
478    (0)   :  0.007 0.017 0.526 0.074 0.073 0.211 0.093 
479    (0)   :  0.005 0.017 0.059 0.037 0.072 0.720 0.090 
480    (0)   :  0.007 0.016 0.044 0.030 0.081 0.733 0.088 
481    (0)   :  0.006 0.016 0.039 0.127 0.087 0.428 0.297 
482    (0)   :  0.006 0.013 0.082 0.030 0.072 0.705 0.091 
483    (0)   :  0.007 0.028 0.115 0.051 0.096 0.619 0.084 
484    (0)   :  0.006 0.122 0.048 0.082 0.096 0.476 0.170 
485    (0)   :  0.006 0.063 0.121 0.039 0.078 0.610 0.082 
486    (0)   :  0.011 0.041 0.084 0.152 0.117 0.228 0.367 
487    (0)   :  0.013 0.023 0.053 0.152 0.226 0.253 0.280 
488    (0)   :  0.010 0.018 0.082 0.240 0.165 0.175 0.310 
489    (0)   :  0.014 0.057 0.030 0.085 0.263 0.237 0.314 
490    (0)   :  0.007 0.042 0.198 0.122 0.081 0.283 0.268 
491    (0)   :  0.008 0.017 0.028 0.185 0.200 0.138 0.423 
492    (0)   :  0.006 0.029 0.120 0.186 0.346 0.137 0.177 
493    (0)   :  0.021 0.020 0.052 0.264 0.141 0.176 0.326 
494    (0)   :  0.047 0.024 0.043 0.156 0.184 0.199 0.346 
495    (0)   :  0.032 0.039 0.123 0.294 0.224 0.148 0.139 
496    (0)   :  0.007 0.024 0.043 0.045 0.405 0.171 0.305 
497    (0)   :  0.026 0.015 0.029 0.298 0.198 0.152 0.281 
498    (0)   :  0.010 0.061 0.060 0.237 0.143 0.233 0.256 
499    (0)   :  0.039 0.023 0.036 0.091 0.340 0.182 0.288 
500    (0)   :  0.027 0.020 0.039 0.078 0.131 0.317 0.387 
501    (0)   :  0.016 0.013 0.064 0.086 0.296 0.308 0.218 
502    (0)   :  0.009 0.011 0.084 0.214 0.328 0.186 0.167 
503    (0)   :  0.011 0.017 0.038 0.058 0.107 0.474 0.295 
504    (0)   :  0.010 0.027 0.118 0.270 0.108 0.181 0.287 
505    (0)   :  0.010 0.027 0.046 0.114 0.187 0.135 0.481 
506    (0)   :  0.008 0.015 0.106 0.181 0.275 0.169 0.246 
507    (0)   :  0.009 0.031 0.024 0.034 0.587 0.097 0.218 
508    (0)   :  0.019 0.047 0.033 0.054 0.548 0.095 0.205 
509    (0)   :  0.008 0.021 0.042 0.087 0.275 0.126 0.441 
510    (0)   :  0.058 0.019 0.049 0.067 0.354 0.223 0.230 
511    (0)   :  0.013 0.026 0.099 0.121 0.126 0.403 0.213 
512    (0)   :  0.010 0.012 0.083 0.094 0.086 0.544 0.172 
513    (0)   :  0.008 0.027 0.043 0.574 0.115 0.072 0.160 
514    (0)   :  0.009 0.018 0.233 0.057 0.142 0.190 0.351 
515    (0)   :  0.016 0.056 0.041 0.069 0.252 0.367 0.199 
516    (0)   :  0.010 0.029 0.101 0.068 0.129 0.137 0.527 
517    (0)   :  0.008 0.100 0.062 0.039 0.243 0.301 0.248 
518    (0)   :  0.106 0.014 0.037 0.052 0.277 0.247 0.267 
519    (0)   :  0.006 0.021 0.240 0.099 0.155 0.221 0.258 
520    (0)   :  0.009 0.179 0.031 0.034 0.335 0.242 0.170 
521    (0)   :  0.007 0.020 0.081 0.041 0.356 0.160 0.335 
522    (0)   :  0.050 0.167 0.051 0.050 0.120 0.383 0.178 
523    (0)   :  0.008 0.222 0.069 0.036 0.261 0.165 0.238 
524    (0)   :  0.010 0.085 0.044 0.034 0.177 0.421 0.229 
525    (0)   :  0.118 0.043 0.033 0.037 0.290 0.276 0.204 
526    (0)   :  0.006 0.364 0.028 0.030 0.140 0.248 0.184 
527    (0)   :  0.101 0.012 0.092 0.156 0.120 0.308 0.211 
528    (0)   :  0.006 0.018 0.035 0.039 0.479 0.118 0.306 
529    (0)   :  0.100 0.018 0.040 0.064 0.188 0.158 0.433 
530    (0)   :  0.009 0.049 0.041 0.096 0.184 0.447 0.174 
531    (0)   :  0.008 0.031 0.044 0.058 0.424 0.302 0.133 
532    (0)   :  0.038 0.026 0.048 0.055 0.325 0.193 0.316 
533    (0)   :  0.087 0.046 0.035 0.045 0.151 0.326 0.310 
534    (0)   :  0.083 0.051 0.069 0.090 0.199 0.087 0.421 
535    (0)   :  0.006 0.141 0.085 0.049 0.145 0.306 0.268 
536    (0)   :  0.009 0.071 0.067 0.077 0.275 0.294 0.207 
537    (0)   :  0.009 0.117 0.057 0.078 0.391 0.153 0.196 
538    (0)   :  0.006 0.064 0.037 0.047 0.302 0.211 0.334 
539    (0)   :  0.006 0.024 0.026 0.039 0.617 0.107 0.182 
540    (0)   :  0.008 0.059 0.034 0.046 0.263 0.235 0.355 
541    (0)   :  0.009 0.034 0.066 0.085 0.454 0.177 0.175 
542    (0)   :  0.006 0.122 0.032 0.112 0.123 0.287 0.318 
543    (0)   :  0.007 0.192 0.153 0.066 0.231 0.146 0.206 
544    (0)   :  0.005 0.204 0.038 0.073 0.185 0.225 0.270 
545    (0)   :  0.006 0.399 0.055 0.066 0.084 0.223 0.168 
546    (0)   :  0.006 0.053 0.033 0.148 0.205 0.175 0.380 
547    (0)   :  0.005 0.404 0.053 0.057 0.227 0.131 0.123 
548    (0)   :  0.006 0.013 0.034 0.050 0.327 0.124 0.447 
549    (0)   :  0.009 0.136 0.044 0.053 0.440 0.221 0.098 
550    (0)   :  0.005 0.285 0.082 0.061 0.133 0.301 0.133 
551    (0)   :  0.009 0.037 0.058 0.058 0.550 0.167 0.121 
552    (0)   :  0.007 0.043 0.026 0.045 0.256 0.157 0.466 
553    (0)   :  0.007 0.396 0.072 0.051 0.216 0.097 0.159 
554    (0)   :  0.014 0.043 0.062 0.064 0.203 0.313 0.302 
555    (0)   :  0.007 0.076 0.038 0.107 0.430 0.147 0.195 
556    (0)   :  0.006 0.039 0.038 0.054 0.230 0.177 0.455 
557    (0)   :  0.005 0.165 0.112 0.059 0.189 0.353 0.118 
558    (0)   :  0.006 0.012 0.080 0.032 0.075 0.714 0.080 
559    (0)   :  0.007 0.023 0.096 0.049 0.099 0.192 0.535 
560    (0)   :  0.005 0.021 0.263 0.063 0.060 0.444 0.145 
561    (0)   :  0.006 0.025 0.059 0.102 0.078 0.466 0.264 
562    (0)   :  0.007 0.047 0.133 0.082 0.059 0.375 0.296 
563    (0)   :  0.009 0.030 0.205 0.128 0.247 0.262 0.119 
564    (0)   :  0.009 0.046 0.041 0.037 0.104 0.201 0.563 
565    (0)   :  0.006 0.014 0.032 0.038 0.083 0.715 0.112 
566    (0)   :  0.005 0.016 0.323 0.050 0.062 0.424 0.121 
567    (0)   :  0.007 0.023 0.049 0.052 0.076 0.176 0.616 
568    (0)   :  0.006 0.028 0.076 0.040 0.108 0.350 0.392 
569    (0)   :  0.008 0.102 0.073 0.044 0.115 0.476 0.182 
570    (0)   :  0.009 0.014 0.055 0.028 0.064 0.704 0.127 
571    (0)   :  0.005 0.019 0.324 0.039 0.094 0.266 0.253 
572    (0)   :  0.004 0.289 0.026 0.049 0.232 0.236 0.164 
573    (0)   :  0.007 0.049 0.037 0.032 0.105 0.307 0.463 
574    (0)   :  0.008 0.027 0.033 0.043 0.207 0.503 0.179 
575    (0)   :  0.006 0.018 0.153 0.057 0.199 0.337 0.229 
576    (0)   :  0.006 0.014 0.187 0.115 0.063 0.462 0.153 
577    (0)   :  0.010 0.018 0.040 0.050 0.191 0.480 0.211 
578    (0)   :  0.006 0.026 0.131 0.080 0.096 0.447 0.214 
579    (0)   :  0.006 0.021 0.048 0.108 0.084 0.439 0.294 
580    (0)   :  0.006 0.014 0.036 0.044 0.130 0.593 0.177 
581    (0)   :  0.006 0.015 0.059 0.039 0.109 0.617 0.156 
582    (0)   :  0.006 0.041 0.117 0.040 0.073 0.589 0.134 
583    (0)   :  0.056 0.020 0.279 0.041 0.093 0.324 0.186 
584    (0)   :  0.007 0.013 0.185 0.060 0.072 0.465 0.197 
585    (0)   :  0.007 0.020 0.107 0.106 0.080 0.506 0.174 
586    (0)   :  0.006 0.020 0.375 0.053 0.120 0.156 0.270 
587    (0)   :  0.012 0.031 0.043 0.063 0.069 0.418 0.364 
588    (0)   :  0.006 0.045 0.027 0.049 0.084 0.085 0.703 
589    (0)   :  0.006 0.069 0.044 0.046 0.077 0.586 0.173 
590    (0)   :  0.007 0.015 0.177 0.103 0.083 0.215 0.400 
591    (0)   :  0.006 0.014 0.160 0.045 0.097 0.293 0.386 
592    (0)   :  0.005 0.045 0.096 0.052 0.077 0.356 0.369 
593    (0)   :  0.006 0.028 0.076 0.034 0.129 0.418 0.310 
594    (0)   :  0.042 0.018 0.101 0.074 0.162 0.252 0.351 
595    (0)   :  0.010 0.011 0.046 0.233 0.066 0.416 0.219 
596    (0)   :  0.005 0.066 0.050 0.058 0.116 0.291 0.414 
597    (0)   :  0.007 0.031 0.423 0.034 0.244 0.122 0.139 
598    (0)   :  0.008 0.014 0.046 0.028 0.069 0.747 0.089 
599    (0)   :  0.006 0.031 0.152 0.038 0.064 0.427 0.282 
600    (0)   :  0.005 0.026 0.034 0.062 0.156 0.521 0.196 
601    (0)   :  0.005 0.030 0.085 0.056 0.069 0.562 0.193 
602    (0)   :  0.008 0.012 0.051 0.070 0.180 0.192 0.487 
603    (0)   :  0.006 0.013 0.046 0.064 0.163 0.173 0.535 
604    (0)   :  0.015 0.020 0.042 0.101 0.157 0.464 0.200 
605    (0)   :  0.006 0.027 0.043 0.070 0.106 0.356 0.392 
606    (0)   :  0.014 0.025 0.050 0.063 0.210 0.254 0.384 
607    (0)   :  0.008 0.012 0.037 0.051 0.288 0.372 0.233 
608    (0)   :  0.007 0.017 0.080 0.036 0.462 0.261 0.137 
609    (0)   :  0.010 0.027 0.043 0.067 0.136 0.530 0.186 
610    (0)   :  0.006 0.061 0.034 0.060 0.111 0.519 0.208 
611    (0)   :  0.008 0.020 0.061 0.081 0.210 0.187 0.433 
612    (0)   :  0.015 0.033 0.034 0.052 0.101 0.643 0.122 
613    (0)   :  0.041 0.043 0.053 0.062 0.131 0.392 0.278 
614    (0)   :  0.009 0.014 0.027 0.077 0.089 0.610 0.174 
615    (0)   :  0.008 0.018 0.027 0.046 0.157 0.543 0.202 
616    (0)   :  0.006 0.012 0.043 0.051 0.206 0.408 0.275 
617    (0)   :  0.018 0.042 0.039 0.214 0.091 0.416 0.179 
618    (0)   :  0.014 0.031 0.034 0.084 0.240 0.405 0.193 
619    (0)   :  0.005 0.053 0.062 0.035 0.191 0.367 0.288 
620    (0)   :  0.005 0.050 0.087 0.047 0.060 0.294 0.457 
621    (0)   :  0.009 0.012 0.119 0.075 0.093 0.482 0.211 
622    (0)   :  0.017 0.033 0.036 0.163 0.153 0.315 0.284 
623    (0)   :  0.005 0.021 0.067 0.050 0.091 0.322 0.443 
624    (0)   :  0.012 0.022 0.046 0.037 0.237 0.504 0.142 
625    (0)   :  0.043 0.018 0.054 0.123 0.217 0.369 0.175 
626    (0)   :  0.039 0.107 0.026 0.042 0.371 0.237 0.177 
627    (0)   :  0.005 0.021 0.054 0.075 0.120 0.341 0.384 
628    (0)   :  0.006 0.015 0.096 0.108 0.124 0.277 0.374 
629    (0)   :  0.008 0.012 0.065 0.113 0.144 0.302 0.355 
630    (0)   :  0.020 0.022 0.054 0.068 0.119 0.521 0.195 
631    (0)   :  0.007 0.014 0.036 0.042 0.128 0.473 0.299 
632    (0)   :  0.006 0.018 0.032 0.079 0.327 0.205 0.331 
633    (0)   :  0.007 0.014 0.054 0.078 0.199 0.483 0.166 
634    (0)   :  0.007 0.030 0.061 0.040 0.258 0.309 0.295 
635    (0)   :  0.006 0.017 0.029 0.050 0.454 0.231 0.213 
636    (0)   :  0.010 0.017 0.045 0.055 0.273 0.428 0.174 
637    (0)   :  0.007 0.053 0.043 0.139 0.188 0.258 0.312 
638    (0)   :  0.009 0.013 0.047 0.056 0.181 0.266 0.429 
639    (0)   :  0.007 0.015 0.029 0.075 0.173 0.463 0.237 
