

----------------------------------------------------
STRUCTURE by Pritchard, Stephens and Donnelly (2000)
     and Falush, Stephens and Pritchard (2003)
       Code by Pritchard, Falush and Hubisz
             Version 2.3.4 (Jul 2012)
----------------------------------------------------



Command line arguments:   ./structure -K 7 -D 107007 -m brooktrout/mainparams -e brooktrout/extraparams -o brooktrout/250914_output/results_K7_rep7 
Input File:    brooktrout/brooktrout.txt

Run parameters:
   8454 individuals
   5 loci
   7 populations assumed
   50000 Burn-in period
   100000 Reps
RANDOMIZE turned off


--------------------------------------------
Overall proportion of membership of the
sample in each of the 7 clusters

Inferred Clusters
  1      2      3      4      5      6      7    
0.017  0.036  0.049  0.202  0.250  0.181  0.266  

--------------------------------------------

Allele-freq. divergence among pops (Net nucleotide distance),
computed using point estimates of P.

      1       2       3       4       5       6       7      
 1      -    0.1319  0.1307  0.0880  0.1053  0.1167  0.0792  
 2   0.1319     -    0.1521  0.1257  0.1069  0.0869  0.1445  
 3   0.1307  0.1521     -    0.1059  0.1765  0.1161  0.1303  
 4   0.0880  0.1257  0.1059     -    0.1411  0.0859  0.0521  
 5   0.1053  0.1069  0.1765  0.1411     -    0.1023  0.1356  
 6   0.1167  0.0869  0.1161  0.0859  0.1023     -    0.1033  
 7   0.0792  0.1445  0.1303  0.0521  0.1356  0.1033     -    

Average distances (expected heterozygosity) between individuals in same cluster:
cluster  1  : 0.8126 
cluster  2  : 0.7325 
cluster  3  : 0.7685 
cluster  4  : 0.7878 
cluster  5  : 0.7230 
cluster  6  : 0.7979 
cluster  7  : 0.7670 

--------------------------------------------
Estimated Ln Prob of Data   = -219082.1
Mean value of ln likelihood = -172044.8
Variance of ln likelihood   = 94074.6

Mean value of alpha_1       = 0.0462
Mean value of alpha_2       = 0.0934
Mean value of alpha_3       = 0.1351
Mean value of alpha_4       = 0.5578
Mean value of alpha_5       = 0.6987
Mean value of alpha_6       = 0.5247
Mean value of alpha_7       = 0.7478
Allele frequencies uncorrelated


Inferred ancestry of individuals:
     (%Miss) :  Inferred clusters
  1    (0)   :  0.011 0.015 0.029 0.110 0.324 0.177 0.334 
  2    (0)   :  0.007 0.235 0.078 0.235 0.125 0.159 0.161 
  3    (0)   :  0.016 0.022 0.013 0.100 0.226 0.181 0.442 
  4    (0)   :  0.021 0.015 0.022 0.124 0.534 0.148 0.137 
  5    (0)   :  0.010 0.046 0.141 0.246 0.142 0.200 0.215 
  6    (0)   :  0.014 0.021 0.015 0.137 0.127 0.078 0.608 
  7    (0)   :  0.011 0.009 0.028 0.437 0.109 0.072 0.334 
  8    (0)   :  0.071 0.019 0.021 0.129 0.359 0.110 0.291 
  9    (0)   :  0.042 0.099 0.043 0.173 0.189 0.142 0.312 
 10    (0)   :  0.016 0.014 0.030 0.199 0.282 0.075 0.384 
 11    (0)   :  0.006 0.010 0.037 0.355 0.109 0.080 0.402 
 12    (0)   :  0.011 0.067 0.058 0.272 0.196 0.181 0.214 
 13    (0)   :  0.015 0.034 0.044 0.302 0.195 0.126 0.284 
 14    (0)   :  0.006 0.031 0.024 0.122 0.224 0.328 0.265 
 15    (0)   :  0.010 0.020 0.028 0.195 0.337 0.183 0.227 
 16    (0)   :  0.007 0.010 0.032 0.127 0.157 0.130 0.537 
 17    (0)   :  0.045 0.030 0.049 0.164 0.175 0.173 0.365 
 18    (0)   :  0.027 0.176 0.023 0.107 0.205 0.110 0.352 
 19    (0)   :  0.012 0.042 0.026 0.167 0.156 0.090 0.506 
 20    (0)   :  0.010 0.023 0.046 0.250 0.182 0.214 0.276 
 21    (0)   :  0.008 0.025 0.025 0.115 0.333 0.263 0.231 
 22    (0)   :  0.023 0.017 0.019 0.115 0.199 0.109 0.519 
 23    (0)   :  0.013 0.038 0.053 0.116 0.320 0.287 0.172 
 24    (0)   :  0.008 0.016 0.026 0.112 0.328 0.143 0.367 
 25    (0)   :  0.010 0.022 0.040 0.341 0.088 0.101 0.398 
 26    (0)   :  0.026 0.031 0.034 0.145 0.274 0.161 0.329 
 27    (0)   :  0.012 0.014 0.046 0.149 0.201 0.207 0.372 
 28    (0)   :  0.008 0.017 0.020 0.179 0.414 0.090 0.273 
 29    (0)   :  0.006 0.020 0.050 0.302 0.154 0.243 0.225 
 30    (0)   :  0.010 0.023 0.023 0.098 0.158 0.156 0.531 
 31    (0)   :  0.041 0.030 0.043 0.225 0.237 0.208 0.217 
 32    (0)   :  0.009 0.054 0.022 0.134 0.288 0.146 0.348 
 33    (0)   :  0.009 0.017 0.018 0.142 0.241 0.200 0.374 
 34    (0)   :  0.012 0.012 0.084 0.232 0.165 0.075 0.420 
 35    (0)   :  0.035 0.030 0.064 0.117 0.115 0.340 0.298 
 36    (0)   :  0.006 0.016 0.016 0.082 0.110 0.491 0.280 
 37    (0)   :  0.017 0.038 0.017 0.183 0.305 0.235 0.205 
 38    (0)   :  0.007 0.018 0.039 0.130 0.087 0.205 0.514 
 39    (0)   :  0.011 0.017 0.038 0.183 0.129 0.253 0.369 
 40    (0)   :  0.006 0.022 0.025 0.072 0.169 0.497 0.209 
 41    (0)   :  0.011 0.012 0.036 0.123 0.089 0.450 0.280 
 42    (0)   :  0.007 0.009 0.025 0.080 0.358 0.300 0.221 
 43    (0)   :  0.015 0.019 0.020 0.158 0.157 0.481 0.150 
 44    (0)   :  0.017 0.016 0.017 0.105 0.083 0.531 0.230 
 45    (0)   :  0.007 0.046 0.043 0.154 0.090 0.368 0.291 
 46    (0)   :  0.032 0.016 0.028 0.160 0.121 0.277 0.365 
 47    (0)   :  0.078 0.067 0.041 0.175 0.177 0.155 0.307 
 48    (0)   :  0.024 0.026 0.025 0.074 0.086 0.549 0.217 
 49    (0)   :  0.017 0.014 0.054 0.131 0.149 0.328 0.306 
 50    (0)   :  0.025 0.018 0.028 0.223 0.146 0.169 0.390 
 51    (0)   :  0.005 0.012 0.016 0.066 0.080 0.672 0.149 
 52    (0)   :  0.016 0.010 0.043 0.171 0.160 0.252 0.347 
 53    (0)   :  0.010 0.014 0.018 0.117 0.154 0.170 0.517 
 54    (0)   :  0.018 0.185 0.047 0.185 0.178 0.235 0.153 
 55    (0)   :  0.012 0.036 0.026 0.117 0.116 0.555 0.139 
 56    (0)   :  0.013 0.027 0.044 0.069 0.145 0.427 0.275 
 57    (0)   :  0.049 0.020 0.052 0.176 0.323 0.084 0.296 
 58    (0)   :  0.008 0.023 0.045 0.134 0.136 0.449 0.205 
 59    (0)   :  0.008 0.016 0.085 0.104 0.129 0.343 0.317 
 60    (0)   :  0.006 0.016 0.015 0.084 0.179 0.550 0.149 
 61    (0)   :  0.006 0.136 0.022 0.129 0.187 0.429 0.090 
 62    (0)   :  0.028 0.036 0.256 0.140 0.139 0.126 0.275 
 63    (0)   :  0.006 0.021 0.020 0.204 0.200 0.357 0.193 
 64    (0)   :  0.010 0.031 0.040 0.120 0.104 0.141 0.554 
 65    (0)   :  0.008 0.028 0.031 0.525 0.084 0.122 0.203 
 66    (0)   :  0.007 0.060 0.026 0.218 0.281 0.255 0.153 
 67    (0)   :  0.011 0.092 0.025 0.189 0.106 0.444 0.133 
 68    (0)   :  0.010 0.014 0.062 0.109 0.157 0.343 0.305 
 69    (0)   :  0.011 0.018 0.125 0.103 0.195 0.137 0.410 
 70    (0)   :  0.006 0.013 0.017 0.134 0.138 0.498 0.195 
 71    (0)   :  0.007 0.017 0.065 0.113 0.073 0.464 0.262 
 72    (0)   :  0.009 0.016 0.016 0.121 0.101 0.308 0.428 
 73    (0)   :  0.008 0.058 0.089 0.187 0.089 0.423 0.147 
 74    (0)   :  0.007 0.017 0.017 0.076 0.184 0.404 0.296 
 75    (0)   :  0.007 0.023 0.023 0.064 0.219 0.460 0.205 
 76    (0)   :  0.008 0.024 0.015 0.270 0.120 0.389 0.172 
 77    (0)   :  0.006 0.016 0.043 0.161 0.087 0.388 0.300 
 78    (0)   :  0.006 0.018 0.044 0.122 0.093 0.337 0.379 
 79    (0)   :  0.007 0.022 0.024 0.452 0.125 0.074 0.296 
 80    (0)   :  0.008 0.057 0.016 0.177 0.528 0.073 0.140 
 81    (0)   :  0.008 0.070 0.015 0.251 0.410 0.062 0.185 
 82    (0)   :  0.007 0.015 0.043 0.235 0.223 0.319 0.158 
 83    (0)   :  0.007 0.042 0.014 0.209 0.325 0.121 0.283 
 84    (0)   :  0.007 0.025 0.015 0.318 0.310 0.086 0.239 
 85    (0)   :  0.007 0.029 0.016 0.144 0.360 0.108 0.336 
 86    (0)   :  0.011 0.073 0.048 0.217 0.119 0.296 0.235 
 87    (0)   :  0.007 0.022 0.019 0.480 0.131 0.121 0.220 
 88    (0)   :  0.007 0.019 0.019 0.297 0.370 0.128 0.160 
 89    (0)   :  0.009 0.068 0.015 0.250 0.414 0.088 0.155 
 90    (0)   :  0.006 0.023 0.020 0.567 0.145 0.086 0.153 
 91    (0)   :  0.007 0.022 0.013 0.121 0.495 0.113 0.228 
 92    (0)   :  0.008 0.021 0.024 0.383 0.212 0.124 0.229 
 93    (0)   :  0.006 0.013 0.016 0.085 0.690 0.080 0.111 
 94    (0)   :  0.006 0.011 0.014 0.419 0.113 0.100 0.336 
 95    (0)   :  0.006 0.023 0.016 0.480 0.270 0.087 0.118 
 96    (0)   :  0.006 0.028 0.017 0.120 0.287 0.447 0.095 
 97    (0)   :  0.009 0.028 0.022 0.079 0.244 0.359 0.259 
 98    (0)   :  0.005 0.025 0.030 0.140 0.149 0.424 0.227 
 99    (0)   :  0.006 0.044 0.016 0.396 0.276 0.073 0.189 
100    (0)   :  0.008 0.120 0.021 0.098 0.552 0.107 0.093 
101    (0)   :  0.009 0.033 0.020 0.375 0.185 0.186 0.191 
102    (0)   :  0.008 0.018 0.034 0.195 0.393 0.178 0.174 
103    (0)   :  0.008 0.257 0.023 0.302 0.184 0.105 0.122 
104    (0)   :  0.006 0.013 0.023 0.567 0.153 0.105 0.132 
105    (0)   :  0.008 0.023 0.064 0.458 0.213 0.128 0.107 
106    (0)   :  0.006 0.012 0.018 0.468 0.067 0.114 0.313 
107    (0)   :  0.010 0.074 0.033 0.439 0.201 0.124 0.118 
108    (0)   :  0.005 0.056 0.018 0.116 0.101 0.498 0.206 
109    (0)   :  0.007 0.017 0.218 0.255 0.071 0.158 0.273 
110    (0)   :  0.008 0.013 0.023 0.468 0.078 0.088 0.323 
111    (0)   :  0.006 0.022 0.057 0.626 0.095 0.088 0.105 
112    (0)   :  0.005 0.011 0.273 0.360 0.076 0.105 0.170 
113    (0)   :  0.010 0.102 0.032 0.184 0.157 0.273 0.242 
114    (0)   :  0.005 0.015 0.047 0.532 0.183 0.091 0.127 
115    (0)   :  0.011 0.014 0.061 0.350 0.118 0.304 0.141 
116    (0)   :  0.008 0.016 0.034 0.290 0.072 0.291 0.288 
117    (0)   :  0.013 0.012 0.071 0.405 0.107 0.114 0.278 
118    (0)   :  0.007 0.083 0.103 0.341 0.104 0.222 0.141 
119    (0)   :  0.005 0.026 0.013 0.159 0.289 0.377 0.131 
120    (0)   :  0.008 0.016 0.103 0.399 0.135 0.179 0.160 
121    (0)   :  0.056 0.015 0.100 0.298 0.090 0.287 0.152 
122    (0)   :  0.005 0.016 0.044 0.428 0.095 0.101 0.310 
123    (0)   :  0.007 0.027 0.028 0.492 0.125 0.132 0.188 
124    (0)   :  0.021 0.034 0.056 0.284 0.091 0.216 0.299 
125    (0)   :  0.008 0.012 0.080 0.138 0.109 0.141 0.512 
126    (0)   :  0.005 0.018 0.018 0.333 0.130 0.259 0.237 
127    (0)   :  0.009 0.024 0.038 0.624 0.103 0.104 0.097 
128    (0)   :  0.006 0.053 0.078 0.395 0.112 0.222 0.134 
129    (0)   :  0.010 0.066 0.034 0.582 0.085 0.118 0.106 
130    (0)   :  0.010 0.038 0.077 0.469 0.186 0.079 0.140 
131    (0)   :  0.019 0.029 0.059 0.248 0.077 0.197 0.370 
132    (0)   :  0.006 0.046 0.029 0.499 0.077 0.113 0.231 
133    (0)   :  0.009 0.056 0.028 0.502 0.129 0.147 0.129 
134    (0)   :  0.005 0.015 0.037 0.586 0.059 0.069 0.230 
135    (0)   :  0.008 0.016 0.048 0.069 0.463 0.292 0.104 
136    (0)   :  0.008 0.015 0.035 0.060 0.676 0.075 0.130 
137    (0)   :  0.007 0.014 0.041 0.102 0.673 0.063 0.100 
138    (0)   :  0.007 0.013 0.014 0.060 0.706 0.087 0.112 
139    (0)   :  0.006 0.090 0.033 0.085 0.335 0.308 0.144 
140    (0)   :  0.006 0.015 0.019 0.133 0.459 0.191 0.176 
141    (0)   :  0.008 0.018 0.033 0.065 0.579 0.097 0.200 
142    (0)   :  0.007 0.021 0.037 0.069 0.439 0.329 0.099 
143    (0)   :  0.006 0.015 0.014 0.057 0.754 0.071 0.084 
144    (0)   :  0.006 0.016 0.041 0.101 0.676 0.070 0.090 
145    (0)   :  0.011 0.018 0.050 0.066 0.508 0.138 0.209 
146    (0)   :  0.013 0.011 0.022 0.137 0.493 0.126 0.199 
147    (0)   :  0.007 0.012 0.015 0.058 0.757 0.060 0.092 
148    (0)   :  0.007 0.016 0.040 0.102 0.516 0.168 0.152 
149    (0)   :  0.007 0.019 0.025 0.060 0.611 0.154 0.123 
150    (0)   :  0.009 0.016 0.049 0.162 0.552 0.094 0.119 
151    (0)   :  0.007 0.015 0.017 0.084 0.684 0.093 0.100 
152    (0)   :  0.008 0.015 0.040 0.077 0.472 0.211 0.178 
153    (0)   :  0.006 0.010 0.016 0.075 0.615 0.139 0.138 
154    (0)   :  0.009 0.018 0.035 0.062 0.627 0.121 0.128 
155    (0)   :  0.007 0.014 0.014 0.082 0.712 0.079 0.093 
156    (0)   :  0.005 0.015 0.022 0.082 0.571 0.221 0.083 
157    (0)   :  0.006 0.012 0.014 0.160 0.610 0.071 0.127 
158    (0)   :  0.009 0.014 0.049 0.063 0.549 0.109 0.206 
159    (0)   :  0.007 0.015 0.021 0.057 0.749 0.062 0.090 
160    (0)   :  0.008 0.018 0.022 0.059 0.736 0.067 0.089 
161    (0)   :  0.006 0.013 0.018 0.090 0.580 0.124 0.170 
162    (0)   :  0.021 0.014 0.026 0.143 0.452 0.150 0.194 
163    (0)   :  0.006 0.013 0.014 0.072 0.702 0.107 0.086 
164    (0)   :  0.013 0.015 0.020 0.169 0.527 0.115 0.141 
165    (0)   :  0.008 0.015 0.050 0.147 0.589 0.087 0.104 
166    (0)   :  0.006 0.023 0.014 0.154 0.486 0.153 0.164 
167    (0)   :  0.028 0.009 0.027 0.099 0.603 0.078 0.156 
168    (0)   :  0.007 0.013 0.016 0.068 0.584 0.136 0.176 
169    (0)   :  0.011 0.012 0.051 0.060 0.387 0.114 0.364 
170    (0)   :  0.006 0.024 0.015 0.099 0.553 0.201 0.102 
171    (0)   :  0.007 0.016 0.020 0.099 0.520 0.143 0.194 
172    (0)   :  0.007 0.016 0.026 0.057 0.431 0.241 0.222 
173    (0)   :  0.008 0.025 0.021 0.063 0.714 0.080 0.089 
174    (0)   :  0.007 0.013 0.015 0.086 0.700 0.068 0.110 
175    (0)   :  0.008 0.016 0.020 0.059 0.683 0.088 0.125 
176    (0)   :  0.007 0.016 0.041 0.101 0.677 0.069 0.090 
177    (0)   :  0.007 0.011 0.017 0.158 0.513 0.097 0.198 
178    (0)   :  0.009 0.016 0.021 0.091 0.622 0.071 0.171 
179    (0)   :  0.006 0.019 0.013 0.062 0.743 0.063 0.093 
180    (0)   :  0.015 0.012 0.024 0.096 0.551 0.127 0.174 
181    (0)   :  0.009 0.020 0.029 0.067 0.579 0.162 0.134 
182    (0)   :  0.009 0.018 0.024 0.065 0.674 0.125 0.084 
183    (0)   :  0.007 0.019 0.015 0.062 0.724 0.078 0.094 
184    (0)   :  0.009 0.506 0.025 0.102 0.098 0.109 0.151 
185    (0)   :  0.005 0.026 0.023 0.052 0.624 0.198 0.072 
186    (0)   :  0.009 0.236 0.017 0.310 0.113 0.139 0.175 
187    (0)   :  0.006 0.391 0.016 0.109 0.246 0.110 0.123 
188    (0)   :  0.008 0.459 0.017 0.200 0.080 0.106 0.130 
189    (0)   :  0.006 0.107 0.016 0.084 0.294 0.163 0.328 
190    (0)   :  0.005 0.067 0.024 0.060 0.277 0.501 0.067 
191    (0)   :  0.005 0.564 0.027 0.100 0.101 0.082 0.120 
192    (0)   :  0.006 0.237 0.020 0.189 0.290 0.105 0.154 
193    (0)   :  0.007 0.095 0.044 0.137 0.301 0.222 0.194 
194    (0)   :  0.008 0.072 0.019 0.204 0.339 0.215 0.143 
195    (0)   :  0.005 0.474 0.014 0.062 0.233 0.135 0.077 
196    (0)   :  0.005 0.104 0.024 0.092 0.242 0.436 0.096 
197    (0)   :  0.011 0.114 0.025 0.182 0.226 0.193 0.248 
198    (0)   :  0.006 0.053 0.020 0.205 0.244 0.202 0.269 
199    (0)   :  0.007 0.044 0.027 0.086 0.200 0.533 0.102 
200    (0)   :  0.005 0.134 0.049 0.079 0.215 0.358 0.160 
201    (0)   :  0.006 0.193 0.017 0.082 0.458 0.150 0.095 
202    (0)   :  0.006 0.031 0.021 0.089 0.512 0.260 0.081 
203    (0)   :  0.005 0.335 0.025 0.068 0.386 0.101 0.080 
204    (0)   :  0.005 0.603 0.015 0.061 0.125 0.117 0.073 
205    (0)   :  0.005 0.462 0.020 0.097 0.122 0.182 0.113 
206    (0)   :  0.007 0.476 0.018 0.080 0.192 0.144 0.083 
207    (0)   :  0.006 0.252 0.041 0.140 0.150 0.323 0.087 
208    (0)   :  0.006 0.250 0.023 0.096 0.305 0.229 0.093 
209    (0)   :  0.006 0.305 0.042 0.137 0.196 0.174 0.140 
210    (0)   :  0.005 0.487 0.018 0.104 0.165 0.126 0.095 
211    (0)   :  0.008 0.022 0.090 0.115 0.230 0.452 0.083 
212    (0)   :  0.006 0.050 0.020 0.076 0.543 0.177 0.128 
213    (0)   :  0.006 0.054 0.020 0.199 0.183 0.394 0.143 
214    (0)   :  0.006 0.103 0.030 0.074 0.516 0.174 0.097 
215    (0)   :  0.005 0.437 0.034 0.115 0.099 0.204 0.107 
216    (0)   :  0.013 0.206 0.031 0.152 0.156 0.215 0.226 
217    (0)   :  0.006 0.227 0.019 0.067 0.379 0.195 0.107 
218    (0)   :  0.006 0.517 0.019 0.104 0.129 0.105 0.119 
219    (0)   :  0.015 0.160 0.017 0.111 0.307 0.138 0.252 
220    (0)   :  0.005 0.636 0.017 0.077 0.094 0.090 0.081 
221    (0)   :  0.005 0.033 0.019 0.056 0.573 0.238 0.076 
222    (0)   :  0.013 0.188 0.019 0.156 0.208 0.152 0.266 
223    (0)   :  0.006 0.132 0.018 0.121 0.394 0.159 0.170 
224    (0)   :  0.007 0.327 0.020 0.084 0.357 0.115 0.090 
225    (0)   :  0.006 0.457 0.020 0.089 0.156 0.172 0.100 
226    (0)   :  0.007 0.318 0.026 0.090 0.175 0.156 0.228 
227    (0)   :  0.007 0.123 0.019 0.129 0.299 0.336 0.086 
228    (0)   :  0.006 0.368 0.025 0.059 0.239 0.230 0.073 
229    (0)   :  0.006 0.523 0.014 0.067 0.241 0.067 0.082 
230    (0)   :  0.005 0.553 0.018 0.065 0.203 0.077 0.078 
231    (0)   :  0.005 0.460 0.025 0.084 0.218 0.081 0.126 
232    (0)   :  0.008 0.092 0.025 0.142 0.325 0.230 0.179 
233    (0)   :  0.006 0.107 0.028 0.075 0.561 0.126 0.097 
234    (0)   :  0.006 0.134 0.031 0.180 0.284 0.137 0.228 
235    (0)   :  0.007 0.161 0.018 0.098 0.324 0.231 0.161 
236    (0)   :  0.006 0.194 0.033 0.096 0.395 0.143 0.134 
237    (0)   :  0.006 0.287 0.061 0.125 0.164 0.252 0.105 
238    (0)   :  0.006 0.061 0.022 0.109 0.510 0.176 0.117 
239    (0)   :  0.005 0.475 0.014 0.063 0.231 0.134 0.077 
240    (0)   :  0.006 0.060 0.022 0.110 0.511 0.174 0.118 
241    (0)   :  0.008 0.056 0.020 0.080 0.534 0.203 0.101 
242    (0)   :  0.005 0.534 0.015 0.069 0.130 0.089 0.158 
243    (0)   :  0.005 0.135 0.034 0.072 0.252 0.426 0.077 
244    (0)   :  0.006 0.445 0.023 0.067 0.283 0.096 0.080 
245    (0)   :  0.005 0.029 0.014 0.081 0.622 0.157 0.091 
246    (0)   :  0.006 0.225 0.019 0.067 0.381 0.195 0.107 
247    (0)   :  0.005 0.110 0.019 0.336 0.104 0.227 0.200 
248    (0)   :  0.006 0.150 0.046 0.186 0.117 0.377 0.119 
249    (0)   :  0.006 0.283 0.026 0.088 0.369 0.136 0.091 
250    (0)   :  0.006 0.396 0.026 0.104 0.252 0.099 0.118 
251    (0)   :  0.006 0.150 0.050 0.109 0.174 0.245 0.267 
252    (0)   :  0.006 0.429 0.015 0.094 0.204 0.143 0.111 
253    (0)   :  0.006 0.050 0.021 0.179 0.151 0.417 0.175 
254    (0)   :  0.010 0.312 0.021 0.128 0.195 0.154 0.181 
255    (0)   :  0.006 0.269 0.026 0.153 0.251 0.132 0.162 
256    (0)   :  0.007 0.144 0.026 0.087 0.353 0.272 0.111 
257    (0)   :  0.017 0.250 0.027 0.140 0.218 0.226 0.122 
258    (0)   :  0.005 0.058 0.031 0.178 0.201 0.368 0.159 
259    (0)   :  0.008 0.286 0.031 0.137 0.248 0.166 0.123 
260    (0)   :  0.011 0.150 0.022 0.127 0.359 0.110 0.220 
261    (0)   :  0.006 0.201 0.016 0.086 0.355 0.220 0.117 
262    (0)   :  0.006 0.133 0.020 0.057 0.354 0.347 0.082 
263    (0)   :  0.008 0.573 0.022 0.078 0.113 0.110 0.096 
264    (0)   :  0.019 0.089 0.031 0.152 0.090 0.204 0.413 
265    (0)   :  0.006 0.382 0.019 0.103 0.194 0.147 0.150 
266    (0)   :  0.006 0.046 0.020 0.057 0.588 0.207 0.077 
267    (0)   :  0.007 0.070 0.050 0.153 0.337 0.234 0.150 
268    (0)   :  0.005 0.105 0.026 0.091 0.244 0.434 0.096 
269    (0)   :  0.006 0.257 0.021 0.090 0.234 0.117 0.275 
270    (0)   :  0.013 0.201 0.032 0.173 0.177 0.197 0.207 
271    (0)   :  0.006 0.154 0.036 0.147 0.172 0.347 0.138 
272    (0)   :  0.007 0.235 0.039 0.097 0.158 0.277 0.188 
273    (0)   :  0.035 0.274 0.039 0.132 0.218 0.118 0.183 
274    (0)   :  0.006 0.273 0.027 0.123 0.180 0.198 0.193 
275    (0)   :  0.007 0.449 0.033 0.082 0.165 0.112 0.152 
276    (0)   :  0.008 0.106 0.045 0.108 0.150 0.419 0.164 
277    (0)   :  0.007 0.212 0.019 0.121 0.315 0.147 0.180 
278    (0)   :  0.005 0.274 0.038 0.101 0.145 0.325 0.111 
279    (0)   :  0.007 0.256 0.027 0.116 0.248 0.190 0.155 
280    (0)   :  0.006 0.200 0.022 0.088 0.219 0.234 0.231 
281    (0)   :  0.007 0.205 0.024 0.184 0.204 0.209 0.167 
282    (0)   :  0.006 0.142 0.022 0.102 0.467 0.109 0.153 
283    (0)   :  0.006 0.160 0.017 0.101 0.509 0.106 0.101 
284    (0)   :  0.006 0.059 0.038 0.166 0.355 0.219 0.158 
285    (0)   :  0.006 0.181 0.041 0.161 0.080 0.386 0.145 
286    (0)   :  0.006 0.451 0.023 0.066 0.281 0.094 0.080 
287    (0)   :  0.008 0.210 0.015 0.154 0.234 0.145 0.235 
288    (0)   :  0.006 0.564 0.022 0.078 0.100 0.095 0.136 
289    (0)   :  0.008 0.368 0.031 0.152 0.114 0.185 0.142 
290    (0)   :  0.014 0.091 0.049 0.096 0.181 0.352 0.216 
291    (0)   :  0.006 0.154 0.037 0.146 0.173 0.348 0.137 
292    (0)   :  0.006 0.118 0.018 0.075 0.255 0.339 0.188 
293    (0)   :  0.008 0.021 0.042 0.104 0.127 0.392 0.306 
294    (0)   :  0.008 0.598 0.017 0.068 0.098 0.116 0.095 
295    (0)   :  0.008 0.065 0.048 0.123 0.189 0.371 0.196 
296    (0)   :  0.006 0.430 0.030 0.119 0.121 0.189 0.106 
297    (0)   :  0.007 0.369 0.020 0.097 0.140 0.143 0.224 
298    (0)   :  0.006 0.330 0.019 0.116 0.311 0.083 0.135 
299    (0)   :  0.008 0.622 0.015 0.078 0.103 0.073 0.101 
300    (0)   :  0.006 0.532 0.023 0.074 0.102 0.144 0.119 
301    (0)   :  0.011 0.269 0.037 0.110 0.162 0.173 0.238 
302    (0)   :  0.010 0.342 0.037 0.086 0.134 0.274 0.117 
303    (0)   :  0.006 0.302 0.023 0.076 0.327 0.131 0.134 
304    (0)   :  0.012 0.041 0.027 0.145 0.429 0.094 0.252 
305    (0)   :  0.006 0.446 0.021 0.063 0.223 0.148 0.093 
306    (0)   :  0.007 0.150 0.018 0.077 0.414 0.190 0.143 
307    (0)   :  0.008 0.081 0.035 0.128 0.360 0.217 0.169 
308    (0)   :  0.006 0.206 0.016 0.085 0.351 0.219 0.117 
309    (0)   :  0.007 0.568 0.029 0.106 0.087 0.116 0.087 
310    (0)   :  0.006 0.220 0.027 0.073 0.316 0.272 0.086 
311    (0)   :  0.005 0.558 0.019 0.065 0.200 0.076 0.077 
312    (0)   :  0.005 0.492 0.023 0.118 0.108 0.169 0.085 
313    (0)   :  0.006 0.173 0.028 0.122 0.110 0.469 0.092 
314    (0)   :  0.005 0.017 0.015 0.055 0.720 0.100 0.088 
315    (0)   :  0.005 0.013 0.014 0.061 0.657 0.123 0.126 
316    (0)   :  0.009 0.017 0.016 0.071 0.640 0.086 0.161 
317    (0)   :  0.006 0.013 0.015 0.058 0.755 0.062 0.090 
318    (0)   :  0.006 0.012 0.014 0.058 0.758 0.051 0.100 
319    (0)   :  0.006 0.016 0.015 0.059 0.749 0.071 0.084 
320    (0)   :  0.005 0.017 0.016 0.054 0.721 0.099 0.087 
321    (0)   :  0.006 0.012 0.016 0.058 0.749 0.058 0.101 
322    (0)   :  0.009 0.020 0.017 0.069 0.623 0.120 0.142 
323    (0)   :  0.017 0.015 0.013 0.059 0.751 0.055 0.090 
324    (0)   :  0.006 0.013 0.015 0.058 0.749 0.058 0.101 
325    (0)   :  0.006 0.012 0.015 0.066 0.669 0.075 0.158 
326    (0)   :  0.015 0.018 0.019 0.069 0.642 0.080 0.157 
327    (0)   :  0.006 0.014 0.015 0.057 0.753 0.063 0.091 
328    (0)   :  0.006 0.013 0.014 0.067 0.656 0.104 0.140 
329    (0)   :  0.006 0.012 0.013 0.057 0.770 0.052 0.090 
330    (0)   :  0.006 0.013 0.015 0.057 0.753 0.063 0.091 
331    (0)   :  0.006 0.014 0.013 0.059 0.765 0.054 0.090 
332    (0)   :  0.023 0.013 0.016 0.067 0.641 0.075 0.165 
333    (0)   :  0.015 0.021 0.017 0.069 0.650 0.090 0.138 
334    (0)   :  0.006 0.013 0.015 0.067 0.656 0.103 0.141 
335    (0)   :  0.006 0.013 0.015 0.065 0.671 0.105 0.126 
336    (0)   :  0.019 0.017 0.016 0.056 0.719 0.076 0.097 
337    (0)   :  0.006 0.012 0.016 0.066 0.651 0.090 0.158 
338    (0)   :  0.007 0.013 0.015 0.059 0.754 0.050 0.103 
339    (0)   :  0.006 0.014 0.013 0.058 0.763 0.055 0.091 
340    (0)   :  0.006 0.015 0.013 0.057 0.767 0.058 0.083 
341    (0)   :  0.018 0.022 0.017 0.061 0.733 0.058 0.090 
342    (0)   :  0.006 0.014 0.015 0.058 0.754 0.063 0.091 
343    (0)   :  0.014 0.015 0.015 0.062 0.606 0.161 0.126 
344    (0)   :  0.006 0.012 0.013 0.058 0.771 0.051 0.089 
345    (0)   :  0.006 0.014 0.015 0.057 0.754 0.063 0.091 
346    (0)   :  0.006 0.014 0.014 0.057 0.766 0.053 0.090 
347    (0)   :  0.006 0.013 0.013 0.057 0.774 0.055 0.083 
348    (0)   :  0.005 0.016 0.014 0.060 0.616 0.177 0.112 
349    (0)   :  0.006 0.013 0.015 0.058 0.754 0.063 0.091 
350    (0)   :  0.006 0.018 0.014 0.055 0.736 0.084 0.086 
351    (0)   :  0.005 0.013 0.015 0.064 0.673 0.105 0.126 
352    (0)   :  0.006 0.013 0.016 0.065 0.658 0.102 0.140 
353    (0)   :  0.020 0.017 0.016 0.056 0.717 0.076 0.097 
354    (0)   :  0.008 0.014 0.015 0.059 0.760 0.053 0.091 
355    (0)   :  0.006 0.012 0.014 0.057 0.762 0.050 0.098 
356    (0)   :  0.005 0.016 0.014 0.060 0.604 0.191 0.109 
357    (0)   :  0.006 0.016 0.019 0.086 0.469 0.082 0.323 
358    (0)   :  0.007 0.012 0.014 0.066 0.680 0.076 0.146 
359    (0)   :  0.007 0.014 0.014 0.060 0.760 0.054 0.092 
360    (0)   :  0.006 0.014 0.014 0.057 0.765 0.054 0.089 
361    (0)   :  0.006 0.018 0.022 0.088 0.431 0.110 0.327 
362    (0)   :  0.006 0.108 0.023 0.208 0.133 0.123 0.400 
363    (0)   :  0.010 0.030 0.023 0.284 0.094 0.133 0.425 
364    (0)   :  0.038 0.021 0.051 0.147 0.337 0.127 0.279 
365    (0)   :  0.025 0.030 0.091 0.118 0.110 0.109 0.519 
366    (0)   :  0.008 0.037 0.039 0.091 0.175 0.307 0.344 
367    (0)   :  0.005 0.015 0.019 0.480 0.070 0.068 0.343 
368    (0)   :  0.007 0.028 0.025 0.519 0.124 0.090 0.208 
369    (0)   :  0.011 0.023 0.030 0.122 0.259 0.288 0.266 
370    (0)   :  0.019 0.089 0.045 0.403 0.135 0.130 0.179 
371    (0)   :  0.018 0.091 0.052 0.168 0.187 0.158 0.326 
372    (0)   :  0.055 0.225 0.065 0.265 0.145 0.112 0.133 
373    (0)   :  0.009 0.029 0.033 0.349 0.200 0.106 0.275 
374    (0)   :  0.008 0.027 0.065 0.136 0.317 0.100 0.347 
375    (0)   :  0.029 0.045 0.032 0.363 0.088 0.072 0.371 
376    (0)   :  0.137 0.010 0.018 0.139 0.081 0.070 0.546 
377    (0)   :  0.009 0.020 0.037 0.241 0.134 0.183 0.377 
378    (0)   :  0.006 0.017 0.024 0.446 0.266 0.094 0.147 
379    (0)   :  0.249 0.017 0.021 0.147 0.071 0.087 0.408 
380    (0)   :  0.018 0.045 0.025 0.078 0.213 0.142 0.478 
381    (0)   :  0.015 0.019 0.021 0.067 0.184 0.188 0.506 
382    (0)   :  0.006 0.016 0.023 0.257 0.106 0.070 0.521 
383    (0)   :  0.029 0.073 0.033 0.078 0.199 0.073 0.515 
384    (0)   :  0.121 0.061 0.042 0.160 0.166 0.073 0.377 
385    (0)   :  0.008 0.016 0.386 0.097 0.240 0.061 0.192 
386    (0)   :  0.005 0.016 0.019 0.253 0.096 0.097 0.514 
387    (0)   :  0.006 0.013 0.029 0.233 0.116 0.104 0.499 
388    (0)   :  0.023 0.038 0.080 0.208 0.278 0.072 0.299 
389    (0)   :  0.012 0.042 0.270 0.146 0.104 0.288 0.137 
390    (0)   :  0.026 0.049 0.032 0.255 0.088 0.219 0.331 
391    (0)   :  0.019 0.025 0.183 0.196 0.142 0.238 0.197 
392    (0)   :  0.012 0.024 0.016 0.169 0.181 0.105 0.493 
393    (0)   :  0.011 0.016 0.019 0.080 0.150 0.134 0.589 
394    (0)   :  0.006 0.021 0.015 0.242 0.305 0.094 0.317 
395    (0)   :  0.005 0.040 0.019 0.195 0.107 0.318 0.316 
396    (0)   :  0.008 0.018 0.021 0.367 0.075 0.088 0.423 
397    (0)   :  0.154 0.161 0.017 0.117 0.203 0.154 0.193 
398    (0)   :  0.047 0.010 0.013 0.235 0.080 0.085 0.529 
399    (0)   :  0.005 0.017 0.037 0.416 0.106 0.173 0.246 
400    (0)   :  0.010 0.011 0.023 0.231 0.142 0.104 0.480 
401    (0)   :  0.006 0.012 0.021 0.377 0.143 0.215 0.225 
402    (0)   :  0.011 0.021 0.028 0.273 0.150 0.219 0.298 
403    (0)   :  0.011 0.025 0.064 0.154 0.424 0.107 0.215 
404    (0)   :  0.012 0.058 0.050 0.183 0.178 0.104 0.414 
405    (0)   :  0.006 0.032 0.020 0.143 0.158 0.179 0.462 
406    (0)   :  0.005 0.020 0.016 0.068 0.180 0.376 0.335 
407    (0)   :  0.005 0.013 0.017 0.117 0.074 0.076 0.698 
408    (0)   :  0.005 0.018 0.016 0.472 0.069 0.293 0.127 
409    (0)   :  0.017 0.018 0.023 0.098 0.317 0.244 0.284 
410    (0)   :  0.109 0.022 0.027 0.216 0.145 0.121 0.360 
411    (0)   :  0.037 0.014 0.016 0.142 0.196 0.153 0.442 
412    (0)   :  0.007 0.029 0.024 0.463 0.115 0.084 0.278 
413    (0)   :  0.005 0.024 0.017 0.391 0.248 0.085 0.229 
414    (0)   :  0.005 0.044 0.077 0.435 0.080 0.078 0.281 
415    (0)   :  0.007 0.015 0.019 0.125 0.103 0.195 0.536 
416    (0)   :  0.008 0.034 0.063 0.190 0.154 0.163 0.388 
417    (0)   :  0.007 0.023 0.017 0.164 0.088 0.076 0.625 
418    (0)   :  0.009 0.020 0.017 0.509 0.085 0.063 0.297 
419    (0)   :  0.014 0.024 0.060 0.177 0.265 0.153 0.306 
420    (0)   :  0.005 0.013 0.017 0.308 0.086 0.357 0.213 
421    (0)   :  0.008 0.026 0.018 0.329 0.097 0.096 0.426 
422    (0)   :  0.009 0.042 0.022 0.142 0.112 0.304 0.369 
423    (0)   :  0.014 0.047 0.023 0.180 0.143 0.135 0.457 
424    (0)   :  0.012 0.013 0.044 0.323 0.140 0.223 0.245 
425    (0)   :  0.031 0.033 0.154 0.165 0.168 0.100 0.349 
426    (0)   :  0.043 0.019 0.069 0.306 0.162 0.106 0.294 
427    (0)   :  0.006 0.009 0.015 0.162 0.184 0.074 0.550 
428    (0)   :  0.032 0.025 0.021 0.103 0.229 0.192 0.396 
429    (0)   :  0.007 0.017 0.014 0.261 0.070 0.062 0.569 
430    (0)   :  0.006 0.022 0.017 0.139 0.084 0.079 0.651 
431    (0)   :  0.013 0.040 0.042 0.366 0.160 0.124 0.255 
432    (0)   :  0.007 0.017 0.022 0.476 0.138 0.111 0.230 
433    (0)   :  0.015 0.017 0.024 0.229 0.394 0.160 0.161 
434    (0)   :  0.008 0.038 0.034 0.173 0.210 0.144 0.394 
435    (0)   :  0.005 0.010 0.013 0.172 0.076 0.093 0.630 
436    (0)   :  0.008 0.008 0.016 0.165 0.125 0.114 0.564 
437    (0)   :  0.010 0.013 0.015 0.127 0.085 0.079 0.671 
438    (0)   :  0.007 0.011 0.016 0.180 0.135 0.273 0.378 
439    (0)   :  0.006 0.009 0.016 0.097 0.095 0.068 0.711 
440    (0)   :  0.005 0.011 0.017 0.120 0.065 0.085 0.699 
441    (0)   :  0.006 0.012 0.018 0.121 0.162 0.093 0.587 
442    (0)   :  0.008 0.011 0.049 0.210 0.091 0.141 0.491 
443    (0)   :  0.005 0.011 0.024 0.309 0.073 0.288 0.290 
444    (0)   :  0.007 0.011 0.044 0.155 0.087 0.153 0.543 
445    (0)   :  0.054 0.015 0.017 0.084 0.198 0.200 0.432 
446    (0)   :  0.055 0.009 0.015 0.263 0.087 0.074 0.497 
447    (0)   :  0.007 0.010 0.052 0.112 0.156 0.179 0.484 
448    (0)   :  0.006 0.012 0.019 0.161 0.089 0.110 0.602 
449    (0)   :  0.007 0.015 0.020 0.131 0.138 0.124 0.565 
450    (0)   :  0.011 0.012 0.022 0.129 0.140 0.057 0.629 
451    (0)   :  0.006 0.013 0.021 0.525 0.066 0.125 0.245 
452    (0)   :  0.008 0.013 0.017 0.133 0.125 0.065 0.639 
453    (0)   :  0.005 0.014 0.028 0.141 0.113 0.514 0.184 
454    (0)   :  0.006 0.015 0.018 0.130 0.149 0.093 0.589 
455    (0)   :  0.005 0.010 0.017 0.162 0.083 0.173 0.550 
456    (0)   :  0.006 0.011 0.019 0.132 0.075 0.270 0.487 
457    (0)   :  0.007 0.010 0.015 0.105 0.091 0.081 0.691 
458    (0)   :  0.052 0.010 0.016 0.121 0.097 0.074 0.629 
459    (0)   :  0.006 0.009 0.018 0.160 0.185 0.095 0.528 
460    (0)   :  0.005 0.009 0.016 0.215 0.081 0.081 0.592 
461    (0)   :  0.007 0.009 0.017 0.378 0.085 0.058 0.445 
462    (0)   :  0.009 0.025 0.103 0.150 0.062 0.130 0.520 
463    (0)   :  0.005 0.019 0.017 0.091 0.103 0.431 0.335 
464    (0)   :  0.005 0.011 0.015 0.258 0.079 0.186 0.447 
465    (0)   :  0.008 0.012 0.019 0.344 0.100 0.147 0.370 
466    (0)   :  0.005 0.013 0.015 0.222 0.080 0.338 0.327 
467    (0)   :  0.007 0.022 0.022 0.129 0.122 0.140 0.558 
468    (0)   :  0.006 0.011 0.014 0.084 0.077 0.169 0.638 
469    (0)   :  0.005 0.008 0.014 0.081 0.083 0.069 0.740 
470    (0)   :  0.005 0.009 0.013 0.181 0.079 0.079 0.634 
471    (0)   :  0.007 0.025 0.049 0.174 0.090 0.293 0.362 
472    (0)   :  0.009 0.014 0.027 0.167 0.097 0.215 0.472 
473    (0)   :  0.007 0.018 0.018 0.154 0.137 0.144 0.522 
474    (0)   :  0.006 0.017 0.018 0.123 0.125 0.126 0.585 
475    (0)   :  0.007 0.012 0.019 0.313 0.160 0.144 0.345 
476    (0)   :  0.009 0.012 0.015 0.105 0.093 0.111 0.655 
477    (0)   :  0.008 0.008 0.033 0.326 0.140 0.170 0.315 
478    (0)   :  0.008 0.008 0.035 0.535 0.079 0.079 0.256 
479    (0)   :  0.005 0.009 0.016 0.151 0.075 0.074 0.669 
480    (0)   :  0.007 0.010 0.014 0.096 0.085 0.067 0.721 
481    (0)   :  0.007 0.032 0.064 0.173 0.095 0.179 0.450 
482    (0)   :  0.007 0.009 0.013 0.179 0.077 0.063 0.652 
483    (0)   :  0.007 0.009 0.017 0.166 0.100 0.084 0.617 
484    (0)   :  0.006 0.012 0.023 0.109 0.097 0.261 0.492 
485    (0)   :  0.007 0.010 0.016 0.154 0.081 0.098 0.635 
486    (0)   :  0.014 0.018 0.112 0.184 0.123 0.335 0.215 
487    (0)   :  0.015 0.013 0.101 0.168 0.251 0.201 0.250 
488    (0)   :  0.012 0.019 0.164 0.292 0.196 0.153 0.164 
489    (0)   :  0.017 0.024 0.058 0.122 0.252 0.262 0.265 
490    (0)   :  0.008 0.012 0.047 0.334 0.083 0.259 0.257 
491    (0)   :  0.010 0.035 0.181 0.127 0.274 0.209 0.163 
492    (0)   :  0.006 0.021 0.070 0.238 0.336 0.196 0.133 
493    (0)   :  0.020 0.026 0.312 0.153 0.150 0.172 0.168 
494    (0)   :  0.075 0.035 0.094 0.140 0.206 0.227 0.222 
495    (0)   :  0.040 0.011 0.156 0.251 0.235 0.168 0.138 
496    (0)   :  0.007 0.021 0.018 0.142 0.415 0.225 0.171 
497    (0)   :  0.025 0.021 0.352 0.105 0.254 0.098 0.144 
498    (0)   :  0.011 0.014 0.183 0.237 0.135 0.221 0.201 
499    (0)   :  0.051 0.015 0.061 0.110 0.395 0.189 0.179 
500    (0)   :  0.038 0.066 0.057 0.134 0.149 0.193 0.363 
501    (0)   :  0.018 0.032 0.035 0.166 0.320 0.119 0.310 
502    (0)   :  0.010 0.017 0.081 0.253 0.350 0.087 0.202 
503    (0)   :  0.012 0.025 0.026 0.187 0.110 0.126 0.515 
504    (0)   :  0.009 0.010 0.104 0.399 0.122 0.205 0.152 
505    (0)   :  0.012 0.037 0.061 0.137 0.180 0.435 0.137 
506    (0)   :  0.009 0.031 0.094 0.254 0.310 0.133 0.170 
507    (0)   :  0.009 0.022 0.015 0.068 0.594 0.195 0.097 
508    (0)   :  0.023 0.012 0.031 0.089 0.527 0.231 0.088 
509    (0)   :  0.010 0.040 0.048 0.135 0.313 0.317 0.137 
510    (0)   :  0.066 0.027 0.034 0.147 0.368 0.131 0.227 
511    (0)   :  0.014 0.042 0.059 0.173 0.127 0.187 0.399 
512    (0)   :  0.011 0.032 0.053 0.192 0.091 0.098 0.524 
513    (0)   :  0.008 0.019 0.571 0.088 0.121 0.125 0.069 
514    (0)   :  0.010 0.017 0.026 0.484 0.164 0.151 0.149 
515    (0)   :  0.017 0.012 0.030 0.101 0.252 0.232 0.356 
516    (0)   :  0.011 0.016 0.025 0.398 0.144 0.280 0.126 
517    (0)   :  0.009 0.014 0.017 0.168 0.238 0.320 0.234 
518    (0)   :  0.114 0.066 0.029 0.119 0.309 0.107 0.256 
519    (0)   :  0.006 0.012 0.031 0.470 0.168 0.153 0.160 
520    (0)   :  0.009 0.015 0.016 0.074 0.315 0.333 0.237 
521    (0)   :  0.007 0.049 0.020 0.238 0.398 0.148 0.139 
522    (0)   :  0.048 0.013 0.023 0.118 0.123 0.294 0.381 
523    (0)   :  0.008 0.013 0.016 0.135 0.229 0.467 0.132 
524    (0)   :  0.010 0.017 0.017 0.141 0.189 0.231 0.397 
525    (0)   :  0.122 0.024 0.017 0.085 0.296 0.194 0.262 
526    (0)   :  0.006 0.017 0.013 0.076 0.133 0.435 0.320 
527    (0)   :  0.119 0.016 0.069 0.247 0.135 0.112 0.302 
528    (0)   :  0.005 0.049 0.019 0.127 0.515 0.164 0.121 
529    (0)   :  0.106 0.074 0.031 0.236 0.234 0.155 0.164 
530    (0)   :  0.009 0.017 0.044 0.097 0.178 0.242 0.412 
531    (0)   :  0.009 0.013 0.023 0.099 0.427 0.148 0.282 
532    (0)   :  0.044 0.023 0.033 0.191 0.340 0.178 0.191 
533    (0)   :  0.096 0.039 0.023 0.118 0.155 0.278 0.291 
534    (0)   :  0.092 0.027 0.046 0.152 0.199 0.401 0.083 
535    (0)   :  0.006 0.016 0.017 0.181 0.134 0.420 0.226 
536    (0)   :  0.009 0.078 0.025 0.145 0.261 0.184 0.297 
537    (0)   :  0.008 0.038 0.026 0.103 0.329 0.351 0.144 
538    (0)   :  0.006 0.100 0.021 0.116 0.263 0.307 0.187 
539    (0)   :  0.006 0.051 0.020 0.075 0.594 0.147 0.107 
540    (0)   :  0.007 0.054 0.023 0.097 0.284 0.319 0.216 
541    (0)   :  0.008 0.058 0.030 0.102 0.461 0.136 0.204 
542    (0)   :  0.006 0.040 0.035 0.080 0.113 0.442 0.284 
543    (0)   :  0.008 0.034 0.032 0.181 0.255 0.344 0.146 
544    (0)   :  0.005 0.018 0.021 0.087 0.152 0.543 0.175 
545    (0)   :  0.006 0.014 0.023 0.106 0.084 0.530 0.237 
546    (0)   :  0.006 0.048 0.054 0.089 0.209 0.404 0.190 
547    (0)   :  0.005 0.013 0.019 0.089 0.192 0.560 0.122 
548    (0)   :  0.006 0.397 0.026 0.103 0.252 0.100 0.117 
549    (0)   :  0.009 0.014 0.019 0.086 0.430 0.200 0.243 
550    (0)   :  0.005 0.014 0.022 0.124 0.114 0.427 0.293 
551    (0)   :  0.009 0.016 0.019 0.108 0.539 0.143 0.165 
552    (0)   :  0.007 0.106 0.019 0.085 0.261 0.363 0.158 
553    (0)   :  0.008 0.036 0.026 0.104 0.237 0.493 0.096 
554    (0)   :  0.013 0.060 0.029 0.144 0.223 0.197 0.333 
555    (0)   :  0.008 0.038 0.065 0.099 0.388 0.258 0.144 
556    (0)   :  0.007 0.045 0.022 0.115 0.218 0.426 0.168 
557    (0)   :  0.005 0.014 0.022 0.152 0.190 0.262 0.356 
558    (0)   :  0.006 0.008 0.014 0.166 0.080 0.056 0.670 
559    (0)   :  0.008 0.058 0.022 0.419 0.125 0.193 0.175 
560    (0)   :  0.005 0.018 0.025 0.448 0.062 0.078 0.363 
561    (0)   :  0.006 0.011 0.033 0.287 0.084 0.183 0.396 
562    (0)   :  0.007 0.026 0.042 0.377 0.061 0.193 0.293 
563    (0)   :  0.010 0.008 0.038 0.330 0.263 0.141 0.210 
564    (0)   :  0.011 0.143 0.028 0.225 0.131 0.264 0.199 
565    (0)   :  0.006 0.010 0.016 0.102 0.089 0.069 0.708 
566    (0)   :  0.005 0.011 0.022 0.420 0.065 0.089 0.388 
567    (0)   :  0.008 0.205 0.046 0.311 0.086 0.165 0.179 
568    (0)   :  0.006 0.021 0.015 0.365 0.121 0.207 0.266 
569    (0)   :  0.008 0.016 0.020 0.204 0.122 0.205 0.426 
570    (0)   :  0.009 0.020 0.014 0.188 0.068 0.058 0.644 
571    (0)   :  0.005 0.017 0.016 0.579 0.098 0.094 0.190 
572    (0)   :  0.005 0.023 0.027 0.081 0.230 0.416 0.218 
573    (0)   :  0.008 0.132 0.022 0.245 0.133 0.158 0.301 
574    (0)   :  0.009 0.016 0.024 0.106 0.224 0.123 0.497 
575    (0)   :  0.007 0.027 0.018 0.363 0.201 0.123 0.261 
576    (0)   :  0.006 0.013 0.046 0.462 0.065 0.067 0.341 
577    (0)   :  0.010 0.016 0.022 0.155 0.217 0.117 0.462 
578    (0)   :  0.006 0.025 0.034 0.381 0.101 0.104 0.349 
579    (0)   :  0.007 0.041 0.077 0.236 0.095 0.130 0.414 
580    (0)   :  0.006 0.015 0.020 0.143 0.143 0.091 0.582 
581    (0)   :  0.006 0.013 0.018 0.210 0.118 0.086 0.549 
582    (0)   :  0.007 0.020 0.016 0.245 0.072 0.125 0.515 
583    (0)   :  0.054 0.028 0.022 0.456 0.096 0.083 0.261 
584    (0)   :  0.007 0.010 0.022 0.494 0.078 0.077 0.313 
585    (0)   :  0.007 0.020 0.040 0.336 0.085 0.089 0.424 
586    (0)   :  0.006 0.030 0.020 0.545 0.116 0.141 0.143 
587    (0)   :  0.012 0.029 0.027 0.254 0.070 0.201 0.407 
588    (0)   :  0.009 0.115 0.048 0.134 0.101 0.506 0.087 
589    (0)   :  0.006 0.016 0.020 0.143 0.077 0.193 0.546 
590    (0)   :  0.007 0.022 0.042 0.544 0.092 0.120 0.172 
591    (0)   :  0.006 0.013 0.017 0.581 0.108 0.092 0.183 
592    (0)   :  0.005 0.062 0.020 0.308 0.079 0.250 0.276 
593    (0)   :  0.006 0.038 0.017 0.298 0.144 0.138 0.359 
594    (0)   :  0.042 0.016 0.036 0.404 0.198 0.115 0.189 
595    (0)   :  0.011 0.057 0.199 0.202 0.072 0.070 0.389 
596    (0)   :  0.005 0.039 0.036 0.178 0.132 0.334 0.276 
597    (0)   :  0.009 0.018 0.019 0.442 0.254 0.134 0.124 
598    (0)   :  0.009 0.010 0.013 0.123 0.072 0.060 0.713 
599    (0)   :  0.007 0.021 0.015 0.430 0.067 0.160 0.299 
600    (0)   :  0.005 0.016 0.024 0.118 0.159 0.154 0.525 
601    (0)   :  0.005 0.022 0.020 0.290 0.070 0.144 0.448 
602    (0)   :  0.010 0.036 0.049 0.260 0.267 0.164 0.213 
603    (0)   :  0.007 0.032 0.034 0.312 0.248 0.169 0.199 
604    (0)   :  0.018 0.023 0.059 0.121 0.180 0.108 0.490 
605    (0)   :  0.006 0.016 0.029 0.254 0.119 0.228 0.347 
606    (0)   :  0.013 0.094 0.025 0.175 0.223 0.188 0.282 
607    (0)   :  0.008 0.042 0.030 0.133 0.326 0.088 0.372 
608    (0)   :  0.007 0.016 0.015 0.154 0.465 0.092 0.251 
609    (0)   :  0.011 0.010 0.027 0.158 0.144 0.154 0.496 
610    (0)   :  0.007 0.014 0.026 0.107 0.115 0.220 0.513 
611    (0)   :  0.008 0.018 0.028 0.272 0.240 0.251 0.182 
612    (0)   :  0.016 0.012 0.019 0.091 0.099 0.123 0.640 
613    (0)   :  0.045 0.021 0.033 0.150 0.136 0.234 0.380 
614    (0)   :  0.009 0.025 0.046 0.083 0.095 0.106 0.636 
615    (0)   :  0.008 0.032 0.020 0.091 0.157 0.103 0.589 
616    (0)   :  0.006 0.044 0.026 0.180 0.236 0.086 0.421 
617    (0)   :  0.018 0.017 0.185 0.114 0.093 0.158 0.416 
618    (0)   :  0.016 0.029 0.056 0.087 0.253 0.128 0.431 
619    (0)   :  0.005 0.038 0.016 0.215 0.201 0.224 0.300 
620    (0)   :  0.005 0.161 0.021 0.325 0.063 0.199 0.226 
621    (0)   :  0.009 0.009 0.026 0.408 0.099 0.077 0.372 
622    (0)   :  0.015 0.094 0.148 0.102 0.149 0.161 0.330 
623    (0)   :  0.006 0.025 0.026 0.359 0.104 0.177 0.303 
624    (0)   :  0.010 0.016 0.017 0.125 0.245 0.086 0.500 
625    (0)   :  0.032 0.024 0.069 0.165 0.231 0.083 0.394 
626    (0)   :  0.036 0.031 0.017 0.067 0.354 0.242 0.252 
627    (0)   :  0.005 0.022 0.037 0.241 0.140 0.202 0.352 
628    (0)   :  0.006 0.072 0.086 0.267 0.145 0.175 0.249 
629    (0)   :  0.008 0.039 0.045 0.280 0.172 0.126 0.330 
630    (0)   :  0.018 0.032 0.029 0.182 0.122 0.106 0.513 
631    (0)   :  0.007 0.095 0.023 0.166 0.133 0.084 0.492 
632    (0)   :  0.007 0.070 0.044 0.100 0.341 0.205 0.233 
633    (0)   :  0.008 0.020 0.044 0.127 0.220 0.098 0.483 
634    (0)   :  0.007 0.045 0.020 0.163 0.282 0.190 0.292 
635    (0)   :  0.006 0.037 0.020 0.101 0.466 0.119 0.249 
636    (0)   :  0.009 0.018 0.020 0.163 0.276 0.104 0.411 
637    (0)   :  0.007 0.028 0.036 0.117 0.165 0.413 0.233 
638    (0)   :  0.009 0.028 0.027 0.303 0.225 0.117 0.291 
639    (0)   :  0.008 0.027 0.051 0.103 0.203 0.117 0.491 
