

----------------------------------------------------
STRUCTURE by Pritchard, Stephens and Donnelly (2000)
     and Falush, Stephens and Pritchard (2003)
       Code by Pritchard, Falush and Hubisz
             Version 2.3.4 (Jul 2012)
----------------------------------------------------



Command line arguments:   ./structure -K 8 -D 108011 -m brooktrout/mainparams -e brooktrout/extraparams -o brooktrout/250914_output/results_K8_rep11 
Input File:    brooktrout/brooktrout.txt

Run parameters:
   8454 individuals
   5 loci
   8 populations assumed
   50000 Burn-in period
   100000 Reps
RANDOMIZE turned off


--------------------------------------------
Overall proportion of membership of the
sample in each of the 8 clusters

Inferred Clusters
  1      2      3      4      5      6      7      8    
0.012  0.015  0.037  0.129  0.189  0.167  0.223  0.228  

--------------------------------------------

Allele-freq. divergence among pops (Net nucleotide distance),
computed using point estimates of P.

      1       2       3       4       5       6       7       8      
 1      -    0.1549  0.1772  0.1132  0.1035  0.1220  0.1103  0.1341  
 2   0.1549     -    0.1893  0.1797  0.1875  0.1105  0.1146  0.1526  
 3   0.1772  0.1893     -    0.1429  0.1123  0.1400  0.1876  0.2162  
 4   0.1132  0.1797  0.1429     -    0.0789  0.1285  0.0975  0.1953  
 5   0.1035  0.1875  0.1123  0.0789     -    0.1099  0.0840  0.1685  
 6   0.1220  0.1105  0.1400  0.1285  0.1099     -    0.1005  0.1051  
 7   0.1103  0.1146  0.1876  0.0975  0.0840  0.1005     -    0.1308  
 8   0.1341  0.1526  0.2162  0.1953  0.1685  0.1051  0.1308     -    

Average distances (expected heterozygosity) between individuals in same cluster:
cluster  1  : 0.8325 
cluster  2  : 0.7850 
cluster  3  : 0.6738 
cluster  4  : 0.7653 
cluster  5  : 0.7430 
cluster  6  : 0.7614 
cluster  7  : 0.7876 
cluster  8  : 0.7054 

--------------------------------------------
Estimated Ln Prob of Data   = -196944.9
Mean value of ln likelihood = -172375.8
Variance of ln likelihood   = 49138.3

Mean value of alpha_1       = 0.0476
Mean value of alpha_2       = 0.0550
Mean value of alpha_3       = 0.1382
Mean value of alpha_4       = 0.5058
Mean value of alpha_5       = 0.7415
Mean value of alpha_6       = 0.6839
Mean value of alpha_7       = 0.9018
Mean value of alpha_8       = 0.9035
Allele frequencies uncorrelated


Inferred ancestry of individuals:
     (%Miss) :  Inferred clusters
  1    (0)   :  0.008 0.008 0.022 0.088 0.161 0.369 0.143 0.201 
  2    (0)   :  0.005 0.005 0.013 0.063 0.123 0.084 0.591 0.117 
  3    (0)   :  0.008 0.012 0.027 0.071 0.347 0.197 0.140 0.198 
  4    (0)   :  0.012 0.016 0.029 0.080 0.108 0.111 0.164 0.480 
  5    (0)   :  0.006 0.005 0.014 0.071 0.153 0.086 0.544 0.120 
  6    (0)   :  0.008 0.005 0.017 0.075 0.483 0.087 0.173 0.152 
  7    (0)   :  0.007 0.005 0.021 0.305 0.285 0.095 0.159 0.121 
  8    (0)   :  0.037 0.010 0.029 0.090 0.242 0.138 0.121 0.334 
  9    (0)   :  0.012 0.008 0.017 0.081 0.251 0.172 0.300 0.159 
 10    (0)   :  0.012 0.005 0.018 0.100 0.329 0.141 0.141 0.255 
 11    (0)   :  0.005 0.004 0.023 0.245 0.250 0.204 0.159 0.109 
 12    (0)   :  0.006 0.006 0.014 0.075 0.162 0.098 0.457 0.182 
 13    (0)   :  0.008 0.006 0.019 0.097 0.258 0.143 0.292 0.176 
 14    (0)   :  0.005 0.025 0.030 0.055 0.180 0.141 0.362 0.201 
 15    (0)   :  0.006 0.008 0.045 0.098 0.156 0.118 0.260 0.309 
 16    (0)   :  0.005 0.005 0.021 0.086 0.352 0.272 0.126 0.133 
 17    (0)   :  0.014 0.012 0.020 0.074 0.308 0.145 0.253 0.174 
 18    (0)   :  0.015 0.008 0.038 0.060 0.251 0.133 0.294 0.200 
 19    (0)   :  0.006 0.004 0.016 0.087 0.413 0.130 0.182 0.160 
 20    (0)   :  0.006 0.007 0.033 0.153 0.198 0.124 0.295 0.184 
 21    (0)   :  0.006 0.008 0.020 0.068 0.150 0.234 0.245 0.267 
 22    (0)   :  0.010 0.005 0.016 0.059 0.410 0.157 0.157 0.185 
 23    (0)   :  0.013 0.040 0.033 0.082 0.142 0.167 0.234 0.288 
 24    (0)   :  0.005 0.005 0.022 0.071 0.183 0.366 0.130 0.219 
 25    (0)   :  0.007 0.008 0.030 0.105 0.346 0.080 0.326 0.099 
 26    (0)   :  0.010 0.006 0.024 0.083 0.216 0.159 0.255 0.247 
 27    (0)   :  0.007 0.009 0.019 0.072 0.289 0.207 0.224 0.173 
 28    (0)   :  0.007 0.008 0.021 0.150 0.158 0.132 0.160 0.363 
 29    (0)   :  0.005 0.006 0.014 0.129 0.183 0.220 0.309 0.134 
 30    (0)   :  0.007 0.006 0.019 0.059 0.357 0.222 0.189 0.141 
 31    (0)   :  0.026 0.012 0.017 0.102 0.162 0.195 0.273 0.213 
 32    (0)   :  0.006 0.008 0.026 0.068 0.292 0.109 0.227 0.265 
 33    (0)   :  0.006 0.006 0.020 0.109 0.286 0.243 0.147 0.183 
 34    (0)   :  0.014 0.008 0.026 0.196 0.352 0.091 0.135 0.179 
 35    (0)   :  0.024 0.011 0.013 0.071 0.235 0.246 0.285 0.115 
 36    (0)   :  0.005 0.008 0.053 0.057 0.096 0.545 0.137 0.099 
 37    (0)   :  0.008 0.007 0.015 0.072 0.186 0.221 0.249 0.242 
 38    (0)   :  0.007 0.006 0.236 0.164 0.131 0.202 0.165 0.089 
 39    (0)   :  0.011 0.008 0.032 0.144 0.224 0.198 0.252 0.131 
 40    (0)   :  0.005 0.015 0.021 0.050 0.152 0.428 0.180 0.149 
 41    (0)   :  0.010 0.019 0.024 0.116 0.183 0.428 0.133 0.087 
 42    (0)   :  0.005 0.009 0.033 0.060 0.081 0.510 0.108 0.194 
 43    (0)   :  0.009 0.021 0.013 0.073 0.143 0.350 0.241 0.149 
 44    (0)   :  0.010 0.028 0.012 0.061 0.216 0.300 0.279 0.095 
 45    (0)   :  0.006 0.007 0.043 0.082 0.092 0.376 0.307 0.085 
 46    (0)   :  0.014 0.011 0.017 0.083 0.313 0.132 0.298 0.131 
 47    (0)   :  0.034 0.008 0.013 0.079 0.269 0.234 0.205 0.157 
 48    (0)   :  0.014 0.023 0.016 0.051 0.194 0.287 0.311 0.104 
 49    (0)   :  0.013 0.009 0.018 0.088 0.191 0.325 0.224 0.131 
 50    (0)   :  0.013 0.009 0.018 0.120 0.363 0.119 0.209 0.148 
 51    (0)   :  0.005 0.024 0.037 0.053 0.075 0.563 0.158 0.085 
 52    (0)   :  0.015 0.010 0.020 0.152 0.224 0.258 0.173 0.149 
 53    (0)   :  0.008 0.007 0.108 0.107 0.278 0.210 0.135 0.147 
 54    (0)   :  0.014 0.011 0.011 0.074 0.134 0.215 0.372 0.170 
 55    (0)   :  0.008 0.018 0.014 0.062 0.122 0.228 0.414 0.134 
 56    (0)   :  0.009 0.009 0.029 0.057 0.199 0.279 0.271 0.147 
 57    (0)   :  0.028 0.006 0.019 0.107 0.243 0.143 0.146 0.308 
 58    (0)   :  0.007 0.009 0.023 0.084 0.103 0.372 0.278 0.124 
 59    (0)   :  0.007 0.007 0.063 0.097 0.109 0.367 0.233 0.116 
 60    (0)   :  0.005 0.011 0.028 0.061 0.096 0.458 0.163 0.178 
 61    (0)   :  0.005 0.034 0.012 0.058 0.077 0.223 0.383 0.209 
 62    (0)   :  0.030 0.007 0.017 0.102 0.206 0.133 0.343 0.162 
 63    (0)   :  0.004 0.009 0.021 0.127 0.155 0.275 0.234 0.174 
 64    (0)   :  0.009 0.004 0.035 0.094 0.328 0.165 0.259 0.106 
 65    (0)   :  0.007 0.006 0.017 0.207 0.229 0.087 0.353 0.093 
 66    (0)   :  0.005 0.008 0.016 0.106 0.123 0.132 0.328 0.281 
 67    (0)   :  0.007 0.029 0.012 0.068 0.129 0.235 0.411 0.111 
 68    (0)   :  0.008 0.008 0.062 0.086 0.096 0.400 0.206 0.134 
 69    (0)   :  0.020 0.033 0.185 0.147 0.126 0.171 0.151 0.166 
 70    (0)   :  0.004 0.018 0.041 0.132 0.127 0.421 0.120 0.137 
 71    (0)   :  0.007 0.008 0.052 0.092 0.107 0.375 0.278 0.081 
 72    (0)   :  0.007 0.009 0.025 0.074 0.270 0.369 0.149 0.096 
 73    (0)   :  0.007 0.009 0.019 0.096 0.096 0.261 0.416 0.096 
 74    (0)   :  0.005 0.007 0.053 0.055 0.096 0.511 0.137 0.136 
 75    (0)   :  0.006 0.007 0.031 0.046 0.080 0.536 0.135 0.159 
 76    (0)   :  0.006 0.016 0.016 0.129 0.180 0.225 0.301 0.128 
 77    (0)   :  0.006 0.009 0.061 0.151 0.115 0.335 0.239 0.084 
 78    (0)   :  0.007 0.011 0.172 0.146 0.115 0.294 0.168 0.088 
 79    (0)   :  0.005 0.005 0.024 0.154 0.302 0.099 0.277 0.133 
 80    (0)   :  0.006 0.006 0.016 0.117 0.113 0.122 0.144 0.476 
 81    (0)   :  0.006 0.005 0.019 0.164 0.138 0.096 0.163 0.409 
 82    (0)   :  0.005 0.008 0.017 0.089 0.125 0.200 0.359 0.196 
 83    (0)   :  0.005 0.009 0.040 0.147 0.188 0.104 0.179 0.329 
 84    (0)   :  0.005 0.006 0.022 0.155 0.223 0.100 0.192 0.297 
 85    (0)   :  0.005 0.008 0.043 0.078 0.227 0.113 0.186 0.340 
 86    (0)   :  0.010 0.011 0.017 0.090 0.164 0.132 0.454 0.124 
 87    (0)   :  0.006 0.009 0.041 0.278 0.160 0.139 0.219 0.147 
 88    (0)   :  0.005 0.005 0.018 0.133 0.129 0.157 0.252 0.302 
 89    (0)   :  0.006 0.006 0.017 0.111 0.128 0.130 0.225 0.378 
 90    (0)   :  0.005 0.005 0.020 0.229 0.167 0.099 0.320 0.154 
 91    (0)   :  0.005 0.009 0.042 0.083 0.146 0.118 0.146 0.451 
 92    (0)   :  0.005 0.005 0.019 0.123 0.189 0.137 0.330 0.191 
 93    (0)   :  0.005 0.005 0.013 0.059 0.097 0.123 0.118 0.579 
 94    (0)   :  0.005 0.009 0.067 0.407 0.157 0.113 0.115 0.128 
 95    (0)   :  0.005 0.005 0.017 0.254 0.116 0.115 0.237 0.250 
 96    (0)   :  0.005 0.016 0.013 0.060 0.080 0.229 0.327 0.270 
 97    (0)   :  0.006 0.006 0.043 0.050 0.092 0.454 0.177 0.172 
 98    (0)   :  0.004 0.009 0.015 0.064 0.161 0.311 0.309 0.126 
 99    (0)   :  0.005 0.005 0.020 0.175 0.193 0.092 0.232 0.277 
100    (0)   :  0.006 0.006 0.012 0.051 0.082 0.129 0.225 0.489 
101    (0)   :  0.007 0.011 0.041 0.158 0.143 0.198 0.257 0.186 
102    (0)   :  0.007 0.017 0.034 0.145 0.117 0.163 0.160 0.356 
103    (0)   :  0.006 0.009 0.014 0.125 0.122 0.081 0.404 0.238 
104    (0)   :  0.006 0.008 0.014 0.327 0.137 0.067 0.283 0.158 
105    (0)   :  0.008 0.012 0.013 0.231 0.105 0.084 0.331 0.215 
106    (0)   :  0.005 0.005 0.027 0.342 0.233 0.097 0.215 0.075 
107    (0)   :  0.006 0.015 0.014 0.233 0.124 0.083 0.309 0.214 
108    (0)   :  0.004 0.031 0.173 0.056 0.100 0.070 0.446 0.120 
109    (0)   :  0.020 0.005 0.038 0.325 0.141 0.107 0.283 0.081 
110    (0)   :  0.006 0.005 0.026 0.436 0.203 0.108 0.131 0.085 
111    (0)   :  0.007 0.010 0.014 0.443 0.104 0.070 0.234 0.118 
112    (0)   :  0.009 0.014 0.021 0.520 0.099 0.118 0.130 0.089 
113    (0)   :  0.006 0.008 0.030 0.092 0.155 0.153 0.403 0.154 
114    (0)   :  0.006 0.007 0.013 0.347 0.115 0.069 0.252 0.191 
115    (0)   :  0.007 0.045 0.017 0.245 0.141 0.136 0.281 0.128 
116    (0)   :  0.007 0.009 0.044 0.231 0.152 0.180 0.299 0.079 
117    (0)   :  0.008 0.014 0.023 0.416 0.167 0.145 0.130 0.098 
118    (0)   :  0.006 0.006 0.019 0.122 0.093 0.077 0.567 0.110 
119    (0)   :  0.004 0.031 0.032 0.098 0.114 0.206 0.235 0.280 
120    (0)   :  0.007 0.025 0.017 0.297 0.134 0.100 0.268 0.154 
121    (0)   :  0.015 0.107 0.021 0.249 0.136 0.151 0.229 0.093 
122    (0)   :  0.005 0.006 0.021 0.326 0.197 0.101 0.239 0.104 
123    (0)   :  0.005 0.010 0.027 0.358 0.140 0.097 0.220 0.142 
124    (0)   :  0.011 0.022 0.023 0.208 0.204 0.165 0.270 0.095 
125    (0)   :  0.007 0.017 0.040 0.207 0.223 0.272 0.137 0.097 
126    (0)   :  0.004 0.014 0.028 0.256 0.153 0.180 0.226 0.138 
127    (0)   :  0.006 0.013 0.013 0.419 0.094 0.071 0.261 0.123 
128    (0)   :  0.005 0.006 0.012 0.096 0.103 0.086 0.584 0.107 
129    (0)   :  0.008 0.007 0.014 0.185 0.116 0.076 0.496 0.099 
130    (0)   :  0.008 0.009 0.014 0.321 0.123 0.069 0.256 0.201 
131    (0)   :  0.010 0.024 0.126 0.222 0.167 0.184 0.184 0.084 
132    (0)   :  0.007 0.006 0.021 0.259 0.183 0.093 0.350 0.084 
133    (0)   :  0.008 0.027 0.019 0.259 0.138 0.074 0.332 0.142 
134    (0)   :  0.005 0.004 0.017 0.550 0.138 0.083 0.135 0.066 
135    (0)   :  0.007 0.010 0.019 0.053 0.076 0.236 0.204 0.394 
136    (0)   :  0.008 0.006 0.014 0.045 0.117 0.103 0.115 0.593 
137    (0)   :  0.005 0.006 0.015 0.087 0.082 0.134 0.097 0.574 
138    (0)   :  0.005 0.007 0.019 0.048 0.086 0.128 0.099 0.607 
139    (0)   :  0.006 0.009 0.017 0.051 0.109 0.170 0.343 0.294 
140    (0)   :  0.005 0.007 0.020 0.074 0.115 0.226 0.196 0.357 
141    (0)   :  0.007 0.007 0.020 0.049 0.161 0.136 0.137 0.482 
142    (0)   :  0.006 0.012 0.017 0.051 0.077 0.221 0.232 0.384 
143    (0)   :  0.004 0.006 0.013 0.043 0.072 0.111 0.094 0.658 
144    (0)   :  0.005 0.007 0.014 0.086 0.075 0.132 0.099 0.581 
145    (0)   :  0.008 0.006 0.019 0.049 0.161 0.195 0.158 0.403 
146    (0)   :  0.008 0.007 0.020 0.088 0.144 0.186 0.158 0.388 
147    (0)   :  0.005 0.005 0.013 0.044 0.077 0.099 0.086 0.669 
148    (0)   :  0.006 0.010 0.014 0.062 0.141 0.120 0.195 0.452 
149    (0)   :  0.008 0.009 0.019 0.047 0.086 0.228 0.132 0.471 
150    (0)   :  0.006 0.007 0.014 0.112 0.103 0.134 0.153 0.471 
151    (0)   :  0.005 0.006 0.013 0.058 0.089 0.124 0.127 0.579 
152    (0)   :  0.006 0.021 0.028 0.056 0.146 0.117 0.180 0.445 
153    (0)   :  0.005 0.009 0.019 0.061 0.097 0.206 0.109 0.495 
154    (0)   :  0.010 0.014 0.015 0.044 0.114 0.116 0.158 0.529 
155    (0)   :  0.005 0.006 0.012 0.057 0.085 0.080 0.120 0.634 
156    (0)   :  0.005 0.018 0.012 0.059 0.074 0.159 0.164 0.509 
157    (0)   :  0.005 0.006 0.016 0.117 0.114 0.090 0.111 0.542 
158    (0)   :  0.009 0.006 0.022 0.050 0.155 0.198 0.129 0.431 
159    (0)   :  0.006 0.005 0.014 0.044 0.077 0.091 0.100 0.662 
160    (0)   :  0.008 0.005 0.014 0.045 0.077 0.086 0.114 0.652 
161    (0)   :  0.005 0.005 0.019 0.063 0.114 0.292 0.124 0.378 
162    (0)   :  0.011 0.007 0.019 0.082 0.148 0.154 0.205 0.374 
163    (0)   :  0.005 0.010 0.012 0.056 0.076 0.115 0.109 0.618 
164    (0)   :  0.010 0.007 0.016 0.070 0.113 0.098 0.244 0.442 
165    (0)   :  0.006 0.007 0.014 0.114 0.090 0.133 0.131 0.505 
166    (0)   :  0.006 0.014 0.043 0.099 0.123 0.108 0.160 0.446 
167    (0)   :  0.018 0.009 0.016 0.061 0.141 0.072 0.134 0.549 
168    (0)   :  0.005 0.012 0.048 0.056 0.110 0.150 0.115 0.504 
169    (0)   :  0.010 0.006 0.062 0.049 0.154 0.282 0.117 0.321 
170    (0)   :  0.005 0.009 0.013 0.055 0.084 0.273 0.158 0.402 
171    (0)   :  0.005 0.019 0.033 0.054 0.142 0.100 0.192 0.455 
172    (0)   :  0.006 0.008 0.038 0.045 0.080 0.401 0.118 0.303 
173    (0)   :  0.006 0.005 0.012 0.043 0.078 0.082 0.141 0.631 
174    (0)   :  0.005 0.005 0.013 0.059 0.096 0.092 0.119 0.609 
175    (0)   :  0.006 0.007 0.013 0.043 0.116 0.142 0.101 0.573 
176    (0)   :  0.005 0.007 0.014 0.086 0.075 0.130 0.100 0.583 
177    (0)   :  0.006 0.006 0.026 0.127 0.140 0.139 0.123 0.434 
178    (0)   :  0.006 0.006 0.013 0.057 0.161 0.083 0.132 0.542 
179    (0)   :  0.005 0.005 0.013 0.043 0.080 0.078 0.105 0.670 
180    (0)   :  0.010 0.007 0.022 0.067 0.120 0.210 0.136 0.428 
181    (0)   :  0.007 0.006 0.018 0.048 0.096 0.221 0.170 0.433 
182    (0)   :  0.007 0.009 0.013 0.044 0.072 0.113 0.170 0.572 
183    (0)   :  0.005 0.006 0.012 0.043 0.082 0.102 0.111 0.638 
184    (0)   :  0.008 0.005 0.017 0.060 0.166 0.086 0.535 0.123 
185    (0)   :  0.004 0.036 0.012 0.041 0.063 0.162 0.118 0.564 
186    (0)   :  0.006 0.006 0.012 0.085 0.184 0.095 0.498 0.115 
187    (0)   :  0.005 0.006 0.014 0.060 0.113 0.087 0.365 0.350 
188    (0)   :  0.007 0.006 0.011 0.065 0.152 0.077 0.590 0.092 
189    (0)   :  0.005 0.010 0.053 0.060 0.215 0.163 0.181 0.313 
190    (0)   :  0.005 0.028 0.011 0.043 0.061 0.202 0.328 0.324 
191    (0)   :  0.005 0.006 0.012 0.049 0.105 0.072 0.561 0.191 
192    (0)   :  0.005 0.005 0.013 0.075 0.143 0.097 0.348 0.314 
193    (0)   :  0.005 0.007 0.015 0.057 0.143 0.134 0.357 0.283 
194    (0)   :  0.005 0.013 0.014 0.068 0.117 0.164 0.346 0.274 
195    (0)   :  0.005 0.014 0.011 0.041 0.071 0.144 0.311 0.403 
196    (0)   :  0.004 0.010 0.015 0.056 0.081 0.133 0.417 0.284 
197    (0)   :  0.007 0.008 0.014 0.091 0.222 0.126 0.286 0.247 
198    (0)   :  0.005 0.009 0.019 0.076 0.197 0.150 0.315 0.230 
199    (0)   :  0.005 0.009 0.018 0.057 0.078 0.293 0.339 0.201 
200    (0)   :  0.005 0.012 0.026 0.055 0.138 0.119 0.378 0.266 
201    (0)   :  0.005 0.009 0.011 0.046 0.089 0.096 0.257 0.487 
202    (0)   :  0.005 0.011 0.011 0.056 0.070 0.234 0.201 0.413 
203    (0)   :  0.006 0.006 0.011 0.046 0.078 0.080 0.307 0.466 
204    (0)   :  0.006 0.011 0.011 0.044 0.070 0.126 0.482 0.251 
205    (0)   :  0.005 0.009 0.019 0.053 0.092 0.115 0.500 0.207 
206    (0)   :  0.006 0.009 0.011 0.044 0.083 0.098 0.490 0.259 
207    (0)   :  0.005 0.007 0.011 0.054 0.077 0.138 0.560 0.149 
208    (0)   :  0.005 0.010 0.011 0.047 0.081 0.085 0.415 0.347 
209    (0)   :  0.005 0.007 0.012 0.052 0.114 0.108 0.468 0.235 
210    (0)   :  0.005 0.008 0.011 0.052 0.089 0.093 0.473 0.270 
211    (0)   :  0.007 0.011 0.011 0.069 0.075 0.150 0.422 0.255 
212    (0)   :  0.004 0.011 0.012 0.042 0.104 0.187 0.176 0.463 
213    (0)   :  0.005 0.011 0.017 0.088 0.101 0.265 0.349 0.165 
214    (0)   :  0.005 0.007 0.011 0.047 0.087 0.123 0.232 0.489 
215    (0)   :  0.005 0.006 0.017 0.056 0.088 0.072 0.589 0.168 
216    (0)   :  0.008 0.006 0.016 0.065 0.208 0.116 0.425 0.156 
217    (0)   :  0.005 0.007 0.016 0.047 0.091 0.132 0.265 0.437 
218    (0)   :  0.005 0.006 0.017 0.061 0.099 0.087 0.493 0.232 
219    (0)   :  0.009 0.006 0.026 0.059 0.196 0.114 0.267 0.323 
220    (0)   :  0.005 0.006 0.011 0.048 0.079 0.075 0.585 0.190 
221    (0)   :  0.005 0.011 0.011 0.040 0.067 0.279 0.140 0.447 
222    (0)   :  0.007 0.006 0.016 0.067 0.248 0.130 0.308 0.218 
223    (0)   :  0.005 0.007 0.018 0.063 0.134 0.105 0.264 0.404 
224    (0)   :  0.006 0.008 0.011 0.046 0.086 0.095 0.355 0.393 
225    (0)   :  0.005 0.010 0.013 0.052 0.090 0.133 0.445 0.251 
226    (0)   :  0.006 0.007 0.107 0.063 0.135 0.103 0.333 0.245 
227    (0)   :  0.005 0.013 0.011 0.058 0.071 0.216 0.338 0.288 
228    (0)   :  0.006 0.043 0.011 0.041 0.064 0.178 0.287 0.369 
229    (0)   :  0.006 0.005 0.011 0.051 0.093 0.089 0.345 0.400 
230    (0)   :  0.006 0.006 0.011 0.049 0.083 0.089 0.424 0.333 
231    (0)   :  0.006 0.006 0.012 0.047 0.123 0.089 0.348 0.370 
232    (0)   :  0.006 0.008 0.020 0.076 0.105 0.293 0.261 0.232 
233    (0)   :  0.005 0.007 0.011 0.047 0.089 0.088 0.216 0.538 
234    (0)   :  0.004 0.006 0.014 0.065 0.185 0.090 0.353 0.283 
235    (0)   :  0.005 0.006 0.021 0.056 0.114 0.146 0.308 0.344 
236    (0)   :  0.005 0.006 0.014 0.055 0.116 0.094 0.294 0.416 
237    (0)   :  0.005 0.010 0.012 0.049 0.084 0.132 0.541 0.167 
238    (0)   :  0.004 0.007 0.011 0.060 0.106 0.133 0.229 0.449 
239    (0)   :  0.005 0.014 0.011 0.041 0.071 0.144 0.310 0.403 
240    (0)   :  0.004 0.007 0.011 0.060 0.106 0.134 0.228 0.450 
241    (0)   :  0.006 0.008 0.014 0.048 0.083 0.180 0.215 0.446 
242    (0)   :  0.006 0.010 0.027 0.054 0.154 0.126 0.345 0.278 
243    (0)   :  0.005 0.013 0.011 0.046 0.070 0.125 0.428 0.302 
244    (0)   :  0.006 0.007 0.011 0.046 0.082 0.090 0.349 0.410 
245    (0)   :  0.004 0.011 0.011 0.052 0.083 0.146 0.158 0.535 
246    (0)   :  0.005 0.007 0.016 0.047 0.091 0.130 0.267 0.437 
247    (0)   :  0.004 0.007 0.022 0.128 0.159 0.130 0.447 0.103 
248    (0)   :  0.005 0.007 0.013 0.059 0.092 0.083 0.623 0.119 
249    (0)   :  0.005 0.006 0.011 0.052 0.089 0.124 0.314 0.397 
250    (0)   :  0.005 0.005 0.014 0.058 0.115 0.092 0.375 0.335 
251    (0)   :  0.005 0.008 0.045 0.070 0.197 0.094 0.375 0.207 
252    (0)   :  0.005 0.011 0.014 0.054 0.102 0.149 0.343 0.323 
253    (0)   :  0.005 0.008 0.025 0.084 0.122 0.197 0.410 0.150 
254    (0)   :  0.008 0.008 0.013 0.059 0.195 0.110 0.370 0.238 
255    (0)   :  0.005 0.006 0.012 0.056 0.137 0.115 0.374 0.296 
256    (0)   :  0.005 0.008 0.013 0.051 0.096 0.160 0.318 0.349 
257    (0)   :  0.009 0.008 0.015 0.062 0.102 0.105 0.440 0.259 
258    (0)   :  0.004 0.015 0.015 0.064 0.120 0.115 0.460 0.207 
259    (0)   :  0.006 0.007 0.014 0.054 0.104 0.099 0.485 0.232 
260    (0)   :  0.007 0.006 0.014 0.062 0.219 0.102 0.229 0.360 
261    (0)   :  0.005 0.014 0.015 0.050 0.097 0.157 0.265 0.398 
262    (0)   :  0.005 0.013 0.016 0.041 0.068 0.204 0.256 0.397 
263    (0)   :  0.009 0.008 0.011 0.050 0.122 0.089 0.557 0.156 
264    (0)   :  0.009 0.006 0.016 0.063 0.350 0.097 0.364 0.095 
265    (0)   :  0.005 0.006 0.020 0.056 0.120 0.090 0.399 0.304 
266    (0)   :  0.005 0.011 0.011 0.041 0.068 0.184 0.162 0.519 
267    (0)   :  0.005 0.007 0.012 0.059 0.119 0.150 0.359 0.289 
268    (0)   :  0.004 0.011 0.015 0.056 0.083 0.133 0.418 0.281 
269    (0)   :  0.005 0.007 0.034 0.059 0.228 0.090 0.257 0.320 
270    (0)   :  0.008 0.007 0.013 0.067 0.179 0.102 0.457 0.166 
271    (0)   :  0.005 0.008 0.017 0.064 0.105 0.090 0.511 0.200 
272    (0)   :  0.006 0.008 0.102 0.066 0.109 0.096 0.404 0.208 
273    (0)   :  0.029 0.030 0.031 0.087 0.162 0.111 0.266 0.285 
274    (0)   :  0.005 0.006 0.025 0.062 0.130 0.096 0.444 0.231 
275    (0)   :  0.010 0.011 0.037 0.057 0.134 0.095 0.393 0.265 
276    (0)   :  0.006 0.008 0.072 0.070 0.100 0.179 0.408 0.157 
277    (0)   :  0.005 0.006 0.017 0.061 0.144 0.118 0.294 0.354 
278    (0)   :  0.005 0.008 0.017 0.053 0.086 0.076 0.552 0.203 
279    (0)   :  0.005 0.006 0.017 0.059 0.127 0.110 0.388 0.288 
280    (0)   :  0.005 0.007 0.030 0.057 0.144 0.176 0.346 0.235 
281    (0)   :  0.005 0.007 0.016 0.072 0.118 0.102 0.448 0.232 
282    (0)   :  0.004 0.006 0.015 0.058 0.134 0.090 0.219 0.475 
283    (0)   :  0.005 0.006 0.011 0.055 0.093 0.104 0.224 0.503 
284    (0)   :  0.005 0.007 0.014 0.075 0.127 0.099 0.346 0.328 
285    (0)   :  0.005 0.007 0.019 0.062 0.103 0.116 0.603 0.086 
286    (0)   :  0.006 0.006 0.011 0.046 0.082 0.090 0.349 0.411 
287    (0)   :  0.005 0.005 0.025 0.076 0.143 0.108 0.345 0.292 
288    (0)   :  0.006 0.007 0.070 0.060 0.113 0.084 0.456 0.203 
289    (0)   :  0.007 0.018 0.040 0.078 0.124 0.082 0.477 0.173 
290    (0)   :  0.009 0.008 0.015 0.056 0.175 0.239 0.334 0.165 
291    (0)   :  0.005 0.008 0.017 0.064 0.105 0.091 0.509 0.201 
292    (0)   :  0.005 0.010 0.032 0.052 0.113 0.271 0.268 0.248 
293    (0)   :  0.006 0.011 0.016 0.061 0.243 0.211 0.319 0.134 
294    (0)   :  0.010 0.008 0.014 0.050 0.116 0.126 0.545 0.131 
295    (0)   :  0.007 0.010 0.053 0.073 0.115 0.175 0.378 0.189 
296    (0)   :  0.005 0.007 0.016 0.061 0.082 0.081 0.549 0.200 
297    (0)   :  0.005 0.005 0.029 0.061 0.154 0.169 0.402 0.175 
298    (0)   :  0.005 0.005 0.014 0.063 0.138 0.093 0.286 0.396 
299    (0)   :  0.010 0.006 0.011 0.055 0.153 0.100 0.487 0.179 
300    (0)   :  0.005 0.006 0.015 0.051 0.093 0.142 0.567 0.119 
301    (0)   :  0.008 0.006 0.019 0.058 0.195 0.096 0.453 0.165 
302    (0)   :  0.010 0.012 0.015 0.050 0.112 0.128 0.525 0.148 
303    (0)   :  0.006 0.007 0.016 0.052 0.107 0.174 0.299 0.340 
304    (0)   :  0.007 0.005 0.012 0.084 0.230 0.117 0.155 0.389 
305    (0)   :  0.006 0.009 0.016 0.042 0.076 0.137 0.386 0.328 
306    (0)   :  0.005 0.006 0.021 0.052 0.108 0.156 0.236 0.416 
307    (0)   :  0.006 0.007 0.017 0.061 0.128 0.118 0.364 0.300 
308    (0)   :  0.005 0.013 0.015 0.049 0.098 0.157 0.264 0.399 
309    (0)   :  0.019 0.041 0.022 0.072 0.096 0.078 0.493 0.178 
310    (0)   :  0.005 0.009 0.011 0.045 0.080 0.132 0.356 0.361 
311    (0)   :  0.006 0.005 0.011 0.049 0.083 0.088 0.424 0.333 
312    (0)   :  0.005 0.008 0.011 0.055 0.078 0.079 0.576 0.188 
313    (0)   :  0.005 0.018 0.013 0.049 0.074 0.113 0.610 0.118 
314    (0)   :  0.005 0.011 0.016 0.043 0.070 0.137 0.093 0.625 
315    (0)   :  0.004 0.018 0.028 0.049 0.093 0.120 0.098 0.589 
316    (0)   :  0.008 0.015 0.045 0.055 0.111 0.089 0.097 0.581 
317    (0)   :  0.005 0.006 0.017 0.044 0.075 0.093 0.087 0.673 
318    (0)   :  0.005 0.005 0.018 0.044 0.081 0.073 0.082 0.692 
319    (0)   :  0.005 0.006 0.013 0.043 0.071 0.101 0.095 0.666 
320    (0)   :  0.005 0.011 0.016 0.042 0.070 0.134 0.095 0.626 
321    (0)   :  0.006 0.005 0.018 0.045 0.081 0.094 0.085 0.667 
322    (0)   :  0.007 0.021 0.042 0.054 0.099 0.120 0.104 0.553 
323    (0)   :  0.012 0.006 0.014 0.044 0.079 0.078 0.087 0.680 
324    (0)   :  0.005 0.005 0.017 0.045 0.081 0.093 0.085 0.669 
325    (0)   :  0.005 0.010 0.045 0.052 0.105 0.079 0.091 0.613 
326    (0)   :  0.015 0.018 0.074 0.055 0.101 0.085 0.091 0.562 
327    (0)   :  0.005 0.006 0.017 0.044 0.074 0.092 0.087 0.674 
328    (0)   :  0.005 0.009 0.030 0.052 0.101 0.115 0.103 0.586 
329    (0)   :  0.005 0.005 0.013 0.043 0.077 0.084 0.082 0.691 
330    (0)   :  0.005 0.006 0.017 0.044 0.074 0.094 0.086 0.674 
331    (0)   :  0.005 0.005 0.013 0.044 0.077 0.078 0.088 0.691 
332    (0)   :  0.019 0.012 0.057 0.054 0.108 0.082 0.090 0.580 
333    (0)   :  0.012 0.017 0.047 0.055 0.098 0.091 0.100 0.580 
334    (0)   :  0.005 0.010 0.031 0.051 0.101 0.114 0.103 0.586 
335    (0)   :  0.005 0.011 0.029 0.051 0.092 0.111 0.097 0.604 
336    (0)   :  0.017 0.011 0.019 0.045 0.079 0.107 0.088 0.634 
337    (0)   :  0.005 0.011 0.046 0.053 0.105 0.104 0.094 0.583 
338    (0)   :  0.007 0.005 0.019 0.045 0.082 0.076 0.083 0.684 
339    (0)   :  0.005 0.005 0.013 0.044 0.076 0.078 0.088 0.691 
340    (0)   :  0.005 0.005 0.013 0.043 0.071 0.077 0.090 0.696 
341    (0)   :  0.016 0.008 0.019 0.047 0.079 0.086 0.092 0.653 
342    (0)   :  0.005 0.006 0.017 0.044 0.074 0.092 0.087 0.675 
343    (0)   :  0.010 0.027 0.029 0.050 0.094 0.165 0.098 0.527 
344    (0)   :  0.005 0.005 0.013 0.044 0.077 0.077 0.081 0.698 
345    (0)   :  0.005 0.006 0.017 0.044 0.074 0.092 0.087 0.676 
346    (0)   :  0.005 0.006 0.017 0.044 0.074 0.073 0.084 0.698 
347    (0)   :  0.005 0.005 0.013 0.043 0.072 0.076 0.083 0.704 
348    (0)   :  0.004 0.025 0.025 0.048 0.084 0.163 0.104 0.547 
349    (0)   :  0.005 0.006 0.017 0.044 0.074 0.093 0.086 0.674 
350    (0)   :  0.005 0.008 0.012 0.042 0.072 0.113 0.099 0.649 
351    (0)   :  0.005 0.012 0.029 0.050 0.092 0.110 0.097 0.605 
352    (0)   :  0.005 0.013 0.042 0.052 0.094 0.103 0.097 0.595 
353    (0)   :  0.016 0.011 0.019 0.045 0.079 0.107 0.089 0.634 
354    (0)   :  0.007 0.006 0.014 0.045 0.080 0.081 0.085 0.683 
355    (0)   :  0.005 0.005 0.017 0.045 0.080 0.074 0.081 0.692 
356    (0)   :  0.004 0.023 0.025 0.047 0.083 0.192 0.104 0.522 
357    (0)   :  0.005 0.011 0.049 0.057 0.243 0.084 0.116 0.436 
358    (0)   :  0.006 0.009 0.033 0.053 0.104 0.086 0.091 0.619 
359    (0)   :  0.006 0.005 0.014 0.044 0.078 0.081 0.088 0.685 
360    (0)   :  0.005 0.006 0.017 0.044 0.074 0.073 0.083 0.698 
361    (0)   :  0.005 0.011 0.049 0.057 0.242 0.120 0.123 0.391 
362    (0)   :  0.006 0.006 0.066 0.114 0.251 0.125 0.293 0.138 
363    (0)   :  0.006 0.009 0.032 0.147 0.352 0.118 0.238 0.098 
364    (0)   :  0.016 0.009 0.022 0.076 0.257 0.155 0.185 0.280 
365    (0)   :  0.018 0.009 0.049 0.090 0.375 0.169 0.177 0.113 
366    (0)   :  0.006 0.026 0.037 0.058 0.261 0.206 0.234 0.172 
367    (0)   :  0.005 0.005 0.043 0.426 0.224 0.090 0.126 0.081 
368    (0)   :  0.005 0.005 0.020 0.115 0.195 0.101 0.427 0.132 
369    (0)   :  0.008 0.019 0.020 0.061 0.221 0.303 0.168 0.200 
370    (0)   :  0.014 0.016 0.024 0.167 0.175 0.108 0.351 0.146 
371    (0)   :  0.012 0.012 0.019 0.069 0.306 0.142 0.268 0.171 
372    (0)   :  0.048 0.023 0.029 0.112 0.117 0.108 0.405 0.158 
373    (0)   :  0.006 0.006 0.019 0.229 0.221 0.168 0.173 0.178 
374    (0)   :  0.008 0.011 0.044 0.110 0.251 0.134 0.168 0.274 
375    (0)   :  0.016 0.008 0.022 0.134 0.413 0.102 0.208 0.097 
376    (0)   :  0.085 0.006 0.035 0.113 0.454 0.112 0.106 0.090 
377    (0)   :  0.007 0.008 0.056 0.080 0.214 0.101 0.391 0.143 
378    (0)   :  0.006 0.008 0.018 0.345 0.108 0.089 0.157 0.269 
379    (0)   :  0.160 0.010 0.034 0.134 0.357 0.105 0.121 0.079 
380    (0)   :  0.010 0.010 0.089 0.052 0.171 0.359 0.139 0.170 
381    (0)   :  0.010 0.012 0.021 0.048 0.331 0.327 0.108 0.143 
382    (0)   :  0.005 0.005 0.021 0.112 0.516 0.072 0.155 0.114 
383    (0)   :  0.023 0.010 0.168 0.054 0.216 0.142 0.166 0.222 
384    (0)   :  0.066 0.015 0.032 0.109 0.336 0.129 0.130 0.182 
385    (0)   :  0.047 0.006 0.019 0.170 0.214 0.103 0.188 0.253 
386    (0)   :  0.004 0.006 0.032 0.154 0.419 0.109 0.175 0.101 
387    (0)   :  0.005 0.006 0.025 0.153 0.403 0.124 0.160 0.123 
388    (0)   :  0.019 0.009 0.028 0.120 0.251 0.112 0.191 0.269 
389    (0)   :  0.012 0.017 0.019 0.072 0.115 0.122 0.524 0.119 
390    (0)   :  0.017 0.042 0.062 0.239 0.193 0.220 0.139 0.089 
391    (0)   :  0.018 0.017 0.032 0.197 0.142 0.211 0.239 0.143 
392    (0)   :  0.008 0.006 0.024 0.128 0.323 0.147 0.179 0.184 
393    (0)   :  0.009 0.022 0.090 0.076 0.162 0.392 0.107 0.142 
394    (0)   :  0.005 0.008 0.047 0.175 0.190 0.094 0.174 0.307 
395    (0)   :  0.004 0.008 0.070 0.117 0.149 0.208 0.332 0.112 
396    (0)   :  0.006 0.005 0.016 0.146 0.407 0.099 0.238 0.084 
397    (0)   :  0.075 0.007 0.014 0.059 0.226 0.134 0.265 0.219 
398    (0)   :  0.035 0.005 0.125 0.238 0.211 0.161 0.134 0.089 
399    (0)   :  0.005 0.008 0.046 0.376 0.140 0.128 0.184 0.112 
400    (0)   :  0.006 0.006 0.020 0.181 0.383 0.162 0.109 0.132 
401    (0)   :  0.005 0.008 0.021 0.307 0.137 0.200 0.181 0.141 
402    (0)   :  0.006 0.024 0.018 0.139 0.219 0.224 0.224 0.145 
403    (0)   :  0.007 0.007 0.027 0.115 0.140 0.165 0.173 0.366 
404    (0)   :  0.010 0.005 0.016 0.102 0.299 0.166 0.253 0.150 
405    (0)   :  0.005 0.008 0.049 0.083 0.280 0.167 0.258 0.150 
406    (0)   :  0.004 0.012 0.252 0.055 0.108 0.226 0.168 0.175 
407    (0)   :  0.004 0.005 0.097 0.091 0.397 0.171 0.152 0.083 
408    (0)   :  0.004 0.011 0.015 0.251 0.116 0.148 0.378 0.078 
409    (0)   :  0.010 0.012 0.041 0.068 0.099 0.499 0.107 0.164 
410    (0)   :  0.069 0.014 0.041 0.193 0.229 0.170 0.140 0.144 
411    (0)   :  0.015 0.030 0.018 0.089 0.397 0.140 0.122 0.188 
412    (0)   :  0.005 0.005 0.020 0.129 0.291 0.092 0.336 0.121 
413    (0)   :  0.005 0.006 0.019 0.153 0.222 0.084 0.266 0.245 
414    (0)   :  0.005 0.005 0.014 0.180 0.304 0.077 0.326 0.089 
415    (0)   :  0.006 0.009 0.040 0.117 0.365 0.185 0.174 0.105 
416    (0)   :  0.007 0.008 0.020 0.196 0.203 0.308 0.133 0.124 
417    (0)   :  0.006 0.009 0.163 0.133 0.314 0.128 0.150 0.098 
418    (0)   :  0.007 0.004 0.018 0.278 0.305 0.093 0.195 0.098 
419    (0)   :  0.013 0.010 0.029 0.122 0.192 0.260 0.164 0.209 
420    (0)   :  0.004 0.010 0.019 0.276 0.140 0.279 0.182 0.091 
421    (0)   :  0.006 0.007 0.063 0.178 0.222 0.164 0.258 0.102 
422    (0)   :  0.006 0.006 0.071 0.071 0.127 0.265 0.345 0.109 
423    (0)   :  0.008 0.007 0.041 0.108 0.348 0.100 0.240 0.146 
424    (0)   :  0.007 0.046 0.065 0.271 0.160 0.139 0.171 0.141 
425    (0)   :  0.030 0.010 0.025 0.101 0.317 0.140 0.201 0.175 
426    (0)   :  0.034 0.016 0.064 0.252 0.194 0.100 0.163 0.175 
427    (0)   :  0.005 0.007 0.139 0.187 0.241 0.135 0.100 0.186 
428    (0)   :  0.018 0.012 0.151 0.073 0.128 0.241 0.177 0.200 
429    (0)   :  0.006 0.005 0.031 0.203 0.462 0.086 0.127 0.081 
430    (0)   :  0.005 0.007 0.135 0.103 0.219 0.257 0.180 0.094 
431    (0)   :  0.012 0.006 0.036 0.222 0.181 0.089 0.280 0.174 
432    (0)   :  0.005 0.005 0.019 0.134 0.201 0.116 0.378 0.141 
433    (0)   :  0.008 0.009 0.016 0.083 0.141 0.110 0.296 0.337 
434    (0)   :  0.006 0.007 0.019 0.068 0.287 0.211 0.238 0.166 
435    (0)   :  0.005 0.006 0.275 0.127 0.216 0.129 0.156 0.087 
436    (0)   :  0.007 0.011 0.269 0.187 0.190 0.142 0.076 0.117 
437    (0)   :  0.007 0.006 0.034 0.068 0.544 0.083 0.159 0.098 
438    (0)   :  0.005 0.012 0.197 0.128 0.108 0.329 0.107 0.113 
439    (0)   :  0.005 0.005 0.247 0.142 0.176 0.229 0.090 0.106 
440    (0)   :  0.004 0.007 0.289 0.171 0.255 0.088 0.112 0.074 
441    (0)   :  0.005 0.008 0.074 0.110 0.259 0.264 0.129 0.150 
442    (0)   :  0.007 0.006 0.021 0.158 0.359 0.168 0.191 0.090 
443    (0)   :  0.005 0.021 0.052 0.354 0.139 0.200 0.148 0.082 
444    (0)   :  0.007 0.008 0.040 0.140 0.376 0.161 0.178 0.090 
445    (0)   :  0.040 0.007 0.036 0.065 0.128 0.503 0.102 0.119 
446    (0)   :  0.041 0.005 0.137 0.300 0.161 0.181 0.082 0.092 
447    (0)   :  0.007 0.011 0.206 0.113 0.150 0.247 0.130 0.136 
448    (0)   :  0.005 0.006 0.070 0.112 0.357 0.165 0.185 0.101 
449    (0)   :  0.005 0.006 0.065 0.095 0.324 0.205 0.161 0.139 
450    (0)   :  0.008 0.004 0.021 0.120 0.401 0.201 0.100 0.145 
451    (0)   :  0.005 0.008 0.037 0.245 0.227 0.075 0.327 0.078 
452    (0)   :  0.006 0.004 0.040 0.159 0.390 0.162 0.098 0.140 
453    (0)   :  0.004 0.018 0.025 0.109 0.105 0.453 0.183 0.102 
454    (0)   :  0.005 0.007 0.085 0.113 0.376 0.118 0.134 0.160 
455    (0)   :  0.004 0.012 0.277 0.131 0.166 0.224 0.103 0.083 
456    (0)   :  0.006 0.018 0.077 0.144 0.295 0.190 0.185 0.084 
457    (0)   :  0.006 0.006 0.074 0.074 0.471 0.127 0.140 0.103 
458    (0)   :  0.044 0.005 0.075 0.160 0.206 0.306 0.102 0.103 
459    (0)   :  0.005 0.006 0.086 0.238 0.190 0.246 0.087 0.143 
460    (0)   :  0.004 0.006 0.073 0.362 0.209 0.159 0.096 0.090 
461    (0)   :  0.006 0.004 0.022 0.445 0.232 0.110 0.089 0.092 
462    (0)   :  0.012 0.011 0.033 0.174 0.265 0.219 0.220 0.068 
463    (0)   :  0.004 0.035 0.213 0.070 0.109 0.296 0.166 0.107 
464    (0)   :  0.004 0.012 0.079 0.326 0.181 0.183 0.131 0.085 
465    (0)   :  0.007 0.006 0.037 0.266 0.188 0.228 0.170 0.098 
466    (0)   :  0.004 0.015 0.074 0.196 0.178 0.250 0.196 0.086 
467    (0)   :  0.005 0.010 0.043 0.135 0.196 0.323 0.174 0.115 
468    (0)   :  0.006 0.015 0.278 0.062 0.267 0.147 0.141 0.083 
469    (0)   :  0.005 0.006 0.442 0.086 0.131 0.156 0.087 0.087 
470    (0)   :  0.004 0.005 0.348 0.187 0.153 0.105 0.111 0.087 
471    (0)   :  0.006 0.023 0.026 0.179 0.230 0.241 0.196 0.098 
472    (0)   :  0.006 0.008 0.024 0.110 0.246 0.317 0.199 0.089 
473    (0)   :  0.005 0.007 0.076 0.078 0.303 0.153 0.238 0.139 
474    (0)   :  0.005 0.007 0.034 0.148 0.325 0.249 0.108 0.122 
475    (0)   :  0.005 0.006 0.036 0.230 0.195 0.239 0.143 0.147 
476    (0)   :  0.007 0.011 0.037 0.135 0.418 0.200 0.097 0.095 
477    (0)   :  0.007 0.010 0.046 0.263 0.190 0.208 0.155 0.122 
478    (0)   :  0.007 0.007 0.031 0.552 0.116 0.089 0.112 0.086 
479    (0)   :  0.004 0.006 0.102 0.149 0.438 0.110 0.105 0.087 
480    (0)   :  0.006 0.006 0.076 0.101 0.514 0.103 0.096 0.098 
481    (0)   :  0.006 0.005 0.025 0.100 0.275 0.172 0.324 0.094 
482    (0)   :  0.005 0.005 0.040 0.184 0.489 0.095 0.095 0.087 
483    (0)   :  0.005 0.006 0.295 0.157 0.162 0.176 0.091 0.107 
484    (0)   :  0.005 0.011 0.209 0.089 0.121 0.313 0.159 0.095 
485    (0)   :  0.005 0.006 0.481 0.126 0.109 0.100 0.087 0.085 
486    (0)   :  0.010 0.015 0.017 0.126 0.190 0.120 0.384 0.137 
487    (0)   :  0.009 0.007 0.019 0.084 0.215 0.147 0.282 0.237 
488    (0)   :  0.008 0.008 0.018 0.152 0.137 0.094 0.392 0.191 
489    (0)   :  0.009 0.015 0.013 0.054 0.234 0.191 0.278 0.208 
490    (0)   :  0.006 0.014 0.019 0.229 0.221 0.128 0.293 0.090 
491    (0)   :  0.009 0.008 0.014 0.066 0.124 0.155 0.411 0.213 
492    (0)   :  0.005 0.012 0.015 0.192 0.102 0.196 0.182 0.295 
493    (0)   :  0.011 0.013 0.014 0.075 0.175 0.076 0.474 0.162 
494    (0)   :  0.038 0.006 0.022 0.092 0.161 0.185 0.307 0.190 
495    (0)   :  0.033 0.014 0.016 0.267 0.118 0.164 0.157 0.231 
496    (0)   :  0.005 0.012 0.018 0.071 0.135 0.193 0.234 0.331 
497    (0)   :  0.024 0.018 0.014 0.067 0.168 0.088 0.396 0.225 
498    (0)   :  0.013 0.018 0.020 0.134 0.207 0.173 0.308 0.128 
499    (0)   :  0.019 0.010 0.017 0.060 0.162 0.126 0.260 0.346 
500    (0)   :  0.014 0.007 0.024 0.064 0.288 0.092 0.358 0.153 
501    (0)   :  0.010 0.005 0.019 0.099 0.251 0.170 0.183 0.263 
502    (0)   :  0.008 0.004 0.017 0.189 0.140 0.178 0.172 0.291 
503    (0)   :  0.007 0.005 0.025 0.083 0.327 0.148 0.285 0.120 
504    (0)   :  0.007 0.009 0.019 0.220 0.138 0.171 0.317 0.119 
505    (0)   :  0.008 0.007 0.019 0.076 0.105 0.186 0.416 0.183 
506    (0)   :  0.007 0.006 0.014 0.200 0.121 0.169 0.220 0.263 
507    (0)   :  0.007 0.013 0.013 0.045 0.080 0.188 0.164 0.490 
508    (0)   :  0.013 0.014 0.013 0.054 0.079 0.155 0.204 0.468 
509    (0)   :  0.007 0.008 0.017 0.072 0.104 0.164 0.359 0.268 
510    (0)   :  0.018 0.007 0.013 0.076 0.227 0.132 0.188 0.338 
511    (0)   :  0.011 0.007 0.053 0.175 0.247 0.180 0.198 0.128 
512    (0)   :  0.007 0.005 0.021 0.155 0.440 0.097 0.176 0.099 
513    (0)   :  0.013 0.062 0.012 0.164 0.069 0.104 0.439 0.138 
514    (0)   :  0.007 0.007 0.018 0.263 0.147 0.117 0.271 0.171 
515    (0)   :  0.012 0.015 0.057 0.085 0.230 0.157 0.195 0.249 
516    (0)   :  0.008 0.009 0.020 0.140 0.102 0.164 0.415 0.142 
517    (0)   :  0.006 0.014 0.055 0.116 0.161 0.187 0.231 0.230 
518    (0)   :  0.051 0.006 0.013 0.063 0.268 0.084 0.212 0.304 
519    (0)   :  0.005 0.007 0.022 0.291 0.142 0.170 0.202 0.161 
520    (0)   :  0.006 0.022 0.191 0.052 0.098 0.174 0.148 0.310 
521    (0)   :  0.006 0.008 0.015 0.114 0.136 0.098 0.254 0.369 
522    (0)   :  0.018 0.082 0.028 0.081 0.335 0.121 0.192 0.144 
523    (0)   :  0.007 0.066 0.036 0.102 0.116 0.228 0.184 0.262 
524    (0)   :  0.006 0.013 0.247 0.080 0.127 0.107 0.233 0.188 
525    (0)   :  0.062 0.011 0.048 0.060 0.183 0.175 0.176 0.286 
526    (0)   :  0.004 0.015 0.285 0.050 0.087 0.244 0.175 0.140 
527    (0)   :  0.058 0.005 0.015 0.148 0.303 0.106 0.217 0.148 
528    (0)   :  0.004 0.008 0.012 0.061 0.107 0.095 0.246 0.467 
529    (0)   :  0.074 0.007 0.014 0.086 0.133 0.111 0.339 0.236 
530    (0)   :  0.007 0.011 0.030 0.080 0.308 0.213 0.175 0.177 
531    (0)   :  0.006 0.009 0.041 0.084 0.157 0.193 0.128 0.382 
532    (0)   :  0.019 0.008 0.013 0.075 0.180 0.089 0.280 0.335 
533    (0)   :  0.054 0.011 0.039 0.069 0.219 0.133 0.312 0.163 
534    (0)   :  0.065 0.026 0.015 0.089 0.077 0.124 0.384 0.220 
535    (0)   :  0.005 0.014 0.044 0.139 0.152 0.315 0.195 0.137 
536    (0)   :  0.006 0.006 0.035 0.081 0.118 0.405 0.186 0.164 
537    (0)   :  0.006 0.012 0.015 0.069 0.108 0.441 0.150 0.199 
538    (0)   :  0.005 0.011 0.028 0.064 0.135 0.253 0.283 0.221 
539    (0)   :  0.005 0.007 0.011 0.048 0.095 0.182 0.158 0.494 
540    (0)   :  0.007 0.014 0.038 0.060 0.151 0.183 0.297 0.250 
541    (0)   :  0.008 0.016 0.020 0.088 0.128 0.239 0.146 0.355 
542    (0)   :  0.005 0.007 0.029 0.057 0.106 0.453 0.244 0.098 
543    (0)   :  0.007 0.100 0.037 0.144 0.105 0.173 0.197 0.237 
544    (0)   :  0.005 0.017 0.027 0.065 0.116 0.446 0.178 0.146 
545    (0)   :  0.005 0.021 0.102 0.087 0.110 0.370 0.217 0.089 
546    (0)   :  0.005 0.008 0.015 0.059 0.109 0.361 0.288 0.156 
547    (0)   :  0.005 0.041 0.036 0.075 0.089 0.454 0.140 0.160 
548    (0)   :  0.005 0.005 0.013 0.059 0.116 0.092 0.375 0.335 
549    (0)   :  0.006 0.008 0.032 0.056 0.083 0.524 0.088 0.203 
550    (0)   :  0.004 0.028 0.152 0.142 0.132 0.281 0.141 0.119 
551    (0)   :  0.006 0.007 0.022 0.071 0.101 0.367 0.102 0.324 
552    (0)   :  0.005 0.008 0.015 0.052 0.117 0.295 0.293 0.216 
553    (0)   :  0.007 0.150 0.028 0.089 0.085 0.247 0.172 0.222 
554    (0)   :  0.012 0.015 0.025 0.084 0.243 0.176 0.248 0.198 
555    (0)   :  0.008 0.016 0.020 0.077 0.111 0.236 0.191 0.342 
556    (0)   :  0.005 0.008 0.015 0.065 0.133 0.314 0.271 0.188 
557    (0)   :  0.005 0.012 0.116 0.137 0.150 0.300 0.131 0.149 
558    (0)   :  0.006 0.005 0.049 0.198 0.472 0.096 0.085 0.090 
559    (0)   :  0.006 0.015 0.015 0.130 0.163 0.120 0.434 0.118 
560    (0)   :  0.004 0.005 0.069 0.416 0.142 0.135 0.159 0.070 
561    (0)   :  0.005 0.006 0.032 0.152 0.259 0.177 0.278 0.092 
562    (0)   :  0.006 0.012 0.042 0.188 0.234 0.097 0.352 0.070 
563    (0)   :  0.007 0.007 0.027 0.292 0.128 0.247 0.113 0.179 
564    (0)   :  0.009 0.014 0.026 0.068 0.170 0.091 0.489 0.134 
565    (0)   :  0.005 0.004 0.131 0.075 0.378 0.183 0.125 0.098 
566    (0)   :  0.004 0.006 0.046 0.392 0.268 0.073 0.135 0.075 
567    (0)   :  0.006 0.008 0.021 0.071 0.137 0.080 0.584 0.092 
568    (0)   :  0.005 0.007 0.036 0.162 0.195 0.163 0.308 0.123 
569    (0)   :  0.006 0.056 0.037 0.101 0.393 0.114 0.158 0.135 
570    (0)   :  0.006 0.006 0.033 0.094 0.588 0.063 0.130 0.080 
571    (0)   :  0.005 0.008 0.045 0.350 0.153 0.078 0.244 0.117 
572    (0)   :  0.004 0.070 0.035 0.055 0.186 0.257 0.171 0.223 
573    (0)   :  0.006 0.019 0.175 0.062 0.119 0.075 0.411 0.132 
574    (0)   :  0.006 0.010 0.032 0.058 0.411 0.132 0.142 0.209 
575    (0)   :  0.005 0.005 0.024 0.224 0.184 0.189 0.198 0.171 
576    (0)   :  0.006 0.006 0.040 0.336 0.286 0.073 0.176 0.078 
577    (0)   :  0.006 0.006 0.019 0.070 0.412 0.154 0.147 0.186 
