

----------------------------------------------------
STRUCTURE by Pritchard, Stephens and Donnelly (2000)
     and Falush, Stephens and Pritchard (2003)
       Code by Pritchard, Falush and Hubisz
             Version 2.3.4 (Jul 2012)
----------------------------------------------------



Command line arguments:   ./structure -K 8 -D 108002 -m brooktrout/mainparams -e brooktrout/extraparams -o brooktrout/250914_output/results_K8_rep2 
Input File:    brooktrout/brooktrout.txt

Run parameters:
   8454 individuals
   5 loci
   8 populations assumed
   50000 Burn-in period
   100000 Reps
RANDOMIZE turned off


--------------------------------------------
Overall proportion of membership of the
sample in each of the 8 clusters

Inferred Clusters
  1      2      3      4      5      6      7      8    
0.018  0.019  0.041  0.082  0.174  0.193  0.219  0.253  

--------------------------------------------

Allele-freq. divergence among pops (Net nucleotide distance),
computed using point estimates of P.

      1       2       3       4       5       6       7       8      
 1      -    0.1331  0.1615  0.1382  0.1672  0.1491  0.0914  0.1322  
 2   0.1331     -    0.1993  0.2195  0.1729  0.1462  0.1302  0.1938  
 3   0.1615  0.1993     -    0.1760  0.1462  0.1586  0.1366  0.0801  
 4   0.1382  0.2195  0.1760     -    0.1084  0.1021  0.1601  0.1816  
 5   0.1672  0.1729  0.1462  0.1084     -    0.0758  0.0996  0.1410  
 6   0.1491  0.1462  0.1586  0.1021  0.0758     -    0.0896  0.1671  
 7   0.0914  0.1302  0.1366  0.1601  0.0996  0.0896     -    0.1101  
 8   0.1322  0.1938  0.0801  0.1816  0.1410  0.1671  0.1101     -    

Average distances (expected heterozygosity) between individuals in same cluster:
cluster  1  : 0.8010 
cluster  2  : 0.7569 
cluster  3  : 0.7569 
cluster  4  : 0.7019 
cluster  5  : 0.7438 
cluster  6  : 0.7681 
cluster  7  : 0.7933 
cluster  8  : 0.7139 

--------------------------------------------
Estimated Ln Prob of Data   = -185417.7
Mean value of ln likelihood = -171806.7
Variance of ln likelihood   = 27222.1

Mean value of alpha_1       = 0.0644
Mean value of alpha_2       = 0.0665
Mean value of alpha_3       = 0.1544
Mean value of alpha_4       = 0.3064
Mean value of alpha_5       = 0.6464
Mean value of alpha_6       = 0.7073
Mean value of alpha_7       = 0.8235
Mean value of alpha_8       = 0.9341
Allele frequencies uncorrelated


Inferred ancestry of individuals:
     (%Miss) :  Inferred clusters
  1    (0)   :  0.049 0.010 0.043 0.093 0.212 0.132 0.147 0.314 
  2    (0)   :  0.006 0.009 0.016 0.033 0.151 0.129 0.518 0.139 
  3    (0)   :  0.014 0.006 0.019 0.098 0.305 0.122 0.157 0.278 
  4    (0)   :  0.011 0.008 0.128 0.061 0.104 0.118 0.156 0.414 
  5    (0)   :  0.006 0.011 0.026 0.036 0.208 0.137 0.451 0.125 
  6    (0)   :  0.006 0.006 0.023 0.047 0.506 0.142 0.139 0.130 
  7    (0)   :  0.006 0.007 0.020 0.058 0.242 0.431 0.112 0.123 
  8    (0)   :  0.010 0.008 0.202 0.058 0.213 0.149 0.124 0.237 
  9    (0)   :  0.010 0.013 0.018 0.044 0.270 0.134 0.283 0.229 
 10    (0)   :  0.006 0.008 0.179 0.041 0.294 0.189 0.124 0.158 
 11    (0)   :  0.010 0.010 0.021 0.074 0.218 0.420 0.117 0.129 
 12    (0)   :  0.007 0.008 0.019 0.034 0.224 0.144 0.368 0.197 
 13    (0)   :  0.008 0.011 0.019 0.043 0.283 0.204 0.229 0.202 
 14    (0)   :  0.016 0.007 0.063 0.079 0.157 0.095 0.398 0.184 
 15    (0)   :  0.008 0.007 0.033 0.096 0.139 0.158 0.228 0.330 
 16    (0)   :  0.012 0.011 0.019 0.073 0.367 0.182 0.144 0.191 
 17    (0)   :  0.014 0.011 0.020 0.044 0.398 0.115 0.217 0.181 
 18    (0)   :  0.009 0.009 0.025 0.099 0.254 0.101 0.282 0.221 
 19    (0)   :  0.006 0.007 0.017 0.041 0.453 0.155 0.154 0.167 
 20    (0)   :  0.008 0.008 0.021 0.076 0.172 0.238 0.277 0.199 
 21    (0)   :  0.013 0.007 0.042 0.060 0.151 0.113 0.302 0.312 
 22    (0)   :  0.008 0.007 0.018 0.045 0.456 0.108 0.146 0.211 
 23    (0)   :  0.027 0.025 0.047 0.070 0.122 0.112 0.252 0.345 
 24    (0)   :  0.010 0.010 0.020 0.068 0.230 0.148 0.155 0.359 
 25    (0)   :  0.008 0.008 0.020 0.077 0.346 0.222 0.218 0.101 
 26    (0)   :  0.008 0.007 0.022 0.057 0.289 0.127 0.212 0.279 
 27    (0)   :  0.012 0.011 0.020 0.055 0.320 0.132 0.225 0.226 
 28    (0)   :  0.014 0.009 0.221 0.067 0.139 0.187 0.127 0.236 
 29    (0)   :  0.008 0.011 0.016 0.038 0.169 0.248 0.321 0.188 
 30    (0)   :  0.010 0.009 0.016 0.058 0.406 0.107 0.207 0.186 
 31    (0)   :  0.014 0.010 0.152 0.039 0.184 0.175 0.285 0.141 
 32    (0)   :  0.008 0.006 0.046 0.064 0.273 0.121 0.212 0.270 
 33    (0)   :  0.011 0.010 0.016 0.085 0.211 0.199 0.168 0.299 
 34    (0)   :  0.008 0.017 0.145 0.066 0.233 0.307 0.113 0.111 
 35    (0)   :  0.016 0.020 0.014 0.036 0.290 0.101 0.358 0.165 
 36    (0)   :  0.045 0.009 0.022 0.256 0.101 0.111 0.268 0.187 
 37    (0)   :  0.009 0.007 0.023 0.037 0.184 0.134 0.258 0.348 
 38    (0)   :  0.014 0.024 0.014 0.361 0.102 0.184 0.184 0.117 
 39    (0)   :  0.013 0.022 0.017 0.112 0.181 0.211 0.277 0.168 
 40    (0)   :  0.047 0.011 0.020 0.066 0.160 0.087 0.303 0.306 
 41    (0)   :  0.102 0.045 0.019 0.111 0.151 0.174 0.227 0.172 
 42    (0)   :  0.043 0.022 0.018 0.156 0.075 0.099 0.153 0.434 
 43    (0)   :  0.043 0.017 0.032 0.035 0.133 0.142 0.345 0.254 
 44    (0)   :  0.065 0.015 0.013 0.033 0.207 0.101 0.407 0.160 
 45    (0)   :  0.033 0.021 0.014 0.158 0.097 0.125 0.423 0.129 
 46    (0)   :  0.014 0.009 0.017 0.049 0.321 0.141 0.308 0.141 
 47    (0)   :  0.012 0.018 0.030 0.033 0.360 0.122 0.227 0.198 
 48    (0)   :  0.050 0.019 0.013 0.040 0.200 0.078 0.429 0.171 
 49    (0)   :  0.015 0.033 0.018 0.063 0.215 0.127 0.322 0.207 
 50    (0)   :  0.010 0.013 0.095 0.049 0.317 0.212 0.202 0.103 
 51    (0)   :  0.146 0.019 0.018 0.169 0.068 0.092 0.325 0.163 
 52    (0)   :  0.026 0.024 0.017 0.089 0.197 0.226 0.212 0.209 
 53    (0)   :  0.014 0.016 0.042 0.279 0.179 0.158 0.151 0.161 
 54    (0)   :  0.014 0.015 0.019 0.027 0.181 0.119 0.405 0.221 
 55    (0)   :  0.018 0.011 0.016 0.035 0.127 0.106 0.513 0.174 
 56    (0)   :  0.014 0.019 0.015 0.078 0.206 0.086 0.363 0.219 
 57    (0)   :  0.007 0.013 0.052 0.044 0.335 0.149 0.116 0.282 
 58    (0)   :  0.018 0.018 0.017 0.068 0.115 0.133 0.423 0.207 
 59    (0)   :  0.021 0.045 0.015 0.193 0.111 0.133 0.298 0.183 
 60    (0)   :  0.036 0.009 0.047 0.096 0.095 0.112 0.314 0.290 
 61    (0)   :  0.027 0.009 0.022 0.029 0.069 0.089 0.509 0.248 
 62    (0)   :  0.009 0.047 0.018 0.048 0.254 0.140 0.305 0.180 
 63    (0)   :  0.014 0.009 0.018 0.070 0.100 0.219 0.291 0.279 
 64    (0)   :  0.007 0.013 0.015 0.085 0.360 0.133 0.252 0.134 
 65    (0)   :  0.007 0.011 0.016 0.044 0.170 0.368 0.278 0.106 
 66    (0)   :  0.009 0.010 0.055 0.043 0.101 0.173 0.325 0.286 
 67    (0)   :  0.029 0.010 0.016 0.028 0.129 0.118 0.527 0.144 
 68    (0)   :  0.021 0.045 0.018 0.202 0.101 0.125 0.277 0.211 
 69    (0)   :  0.025 0.036 0.270 0.213 0.108 0.122 0.132 0.095 
 70    (0)   :  0.043 0.010 0.034 0.167 0.081 0.202 0.217 0.244 
 71    (0)   :  0.027 0.039 0.019 0.173 0.097 0.136 0.404 0.106 
 72    (0)   :  0.023 0.008 0.024 0.113 0.282 0.142 0.258 0.150 
 73    (0)   :  0.015 0.034 0.022 0.046 0.090 0.139 0.534 0.120 
 74    (0)   :  0.033 0.009 0.016 0.234 0.098 0.097 0.219 0.294 
 75    (0)   :  0.037 0.012 0.030 0.169 0.087 0.074 0.238 0.352 
 76    (0)   :  0.020 0.008 0.017 0.049 0.118 0.250 0.359 0.178 
 77    (0)   :  0.043 0.039 0.013 0.198 0.088 0.194 0.273 0.151 
 78    (0)   :  0.041 0.044 0.013 0.297 0.090 0.161 0.198 0.155 
 79    (0)   :  0.006 0.008 0.023 0.057 0.224 0.360 0.174 0.149 
 80    (0)   :  0.007 0.007 0.028 0.039 0.097 0.172 0.124 0.526 
 81    (0)   :  0.006 0.006 0.035 0.047 0.113 0.243 0.125 0.424 
 82    (0)   :  0.009 0.015 0.023 0.045 0.116 0.167 0.369 0.257 
 83    (0)   :  0.008 0.006 0.036 0.107 0.114 0.228 0.165 0.336 
 84    (0)   :  0.006 0.007 0.033 0.074 0.127 0.298 0.143 0.312 
 85    (0)   :  0.008 0.006 0.039 0.122 0.169 0.144 0.159 0.351 
 86    (0)   :  0.010 0.012 0.017 0.040 0.184 0.148 0.445 0.144 
 87    (0)   :  0.009 0.007 0.042 0.091 0.111 0.409 0.176 0.154 
 88    (0)   :  0.006 0.007 0.025 0.045 0.108 0.233 0.189 0.387 
 89    (0)   :  0.007 0.007 0.072 0.043 0.111 0.192 0.176 0.393 
 90    (0)   :  0.006 0.007 0.023 0.054 0.110 0.423 0.197 0.179 
 91    (0)   :  0.008 0.006 0.035 0.105 0.108 0.130 0.130 0.479 
 92    (0)   :  0.006 0.008 0.025 0.052 0.170 0.264 0.240 0.235 
 93    (0)   :  0.007 0.007 0.190 0.033 0.089 0.090 0.118 0.466 
 94    (0)   :  0.009 0.007 0.023 0.178 0.088 0.456 0.104 0.136 
 95    (0)   :  0.006 0.007 0.024 0.047 0.078 0.379 0.159 0.301 
 96    (0)   :  0.020 0.011 0.023 0.031 0.069 0.100 0.386 0.359 
 97    (0)   :  0.015 0.010 0.019 0.189 0.097 0.080 0.270 0.320 
 98    (0)   :  0.022 0.013 0.016 0.045 0.155 0.129 0.381 0.238 
 99    (0)   :  0.006 0.007 0.032 0.060 0.118 0.333 0.154 0.290 
100    (0)   :  0.007 0.008 0.023 0.029 0.082 0.085 0.202 0.565 
101    (0)   :  0.010 0.008 0.130 0.083 0.110 0.264 0.210 0.185 
102    (0)   :  0.015 0.017 0.032 0.094 0.084 0.187 0.167 0.402 
103    (0)   :  0.008 0.010 0.119 0.039 0.084 0.208 0.353 0.178 
104    (0)   :  0.007 0.007 0.062 0.037 0.092 0.463 0.208 0.123 
105    (0)   :  0.008 0.021 0.150 0.033 0.083 0.297 0.270 0.137 
106    (0)   :  0.007 0.007 0.013 0.077 0.130 0.511 0.169 0.086 
107    (0)   :  0.010 0.011 0.064 0.037 0.089 0.320 0.278 0.190 
108    (0)   :  0.017 0.006 0.022 0.200 0.081 0.090 0.464 0.120 
109    (0)   :  0.009 0.121 0.024 0.101 0.123 0.296 0.243 0.083 
110    (0)   :  0.008 0.009 0.021 0.071 0.118 0.566 0.118 0.090 
111    (0)   :  0.009 0.019 0.020 0.034 0.087 0.511 0.195 0.125 
112    (0)   :  0.017 0.181 0.016 0.057 0.082 0.421 0.130 0.097 
113    (0)   :  0.010 0.010 0.035 0.064 0.144 0.153 0.419 0.166 
114    (0)   :  0.007 0.014 0.081 0.034 0.085 0.442 0.196 0.142 
115    (0)   :  0.045 0.017 0.017 0.046 0.107 0.340 0.266 0.161 
116    (0)   :  0.014 0.013 0.014 0.130 0.116 0.308 0.307 0.097 
117    (0)   :  0.023 0.026 0.027 0.065 0.130 0.495 0.117 0.118 
118    (0)   :  0.007 0.016 0.017 0.040 0.099 0.192 0.508 0.120 
119    (0)   :  0.036 0.008 0.027 0.090 0.067 0.157 0.259 0.356 
120    (0)   :  0.018 0.025 0.026 0.046 0.102 0.349 0.273 0.162 
121    (0)   :  0.099 0.045 0.030 0.057 0.104 0.313 0.244 0.108 
122    (0)   :  0.008 0.013 0.031 0.064 0.130 0.450 0.201 0.104 
123    (0)   :  0.010 0.011 0.030 0.070 0.094 0.442 0.199 0.144 
124    (0)   :  0.031 0.025 0.018 0.100 0.168 0.261 0.283 0.115 
125    (0)   :  0.051 0.030 0.021 0.140 0.218 0.271 0.136 0.133 
126    (0)   :  0.016 0.007 0.019 0.097 0.088 0.349 0.251 0.173 
127    (0)   :  0.009 0.012 0.019 0.032 0.073 0.500 0.224 0.132 
128    (0)   :  0.007 0.013 0.016 0.029 0.109 0.163 0.543 0.120 
129    (0)   :  0.008 0.012 0.052 0.036 0.090 0.306 0.408 0.088 
130    (0)   :  0.007 0.023 0.060 0.037 0.097 0.404 0.200 0.171 
131    (0)   :  0.063 0.029 0.033 0.245 0.109 0.251 0.184 0.087 
132    (0)   :  0.008 0.009 0.025 0.060 0.113 0.398 0.302 0.086 
133    (0)   :  0.017 0.013 0.038 0.047 0.094 0.350 0.293 0.147 
134    (0)   :  0.007 0.012 0.012 0.045 0.101 0.633 0.116 0.074 
135    (0)   :  0.012 0.017 0.026 0.046 0.075 0.077 0.252 0.495 
136    (0)   :  0.007 0.009 0.081 0.037 0.154 0.069 0.112 0.531 
137    (0)   :  0.007 0.021 0.063 0.036 0.088 0.112 0.088 0.586 
138    (0)   :  0.008 0.006 0.097 0.043 0.080 0.071 0.101 0.594 
139    (0)   :  0.009 0.009 0.070 0.040 0.106 0.079 0.416 0.270 
140    (0)   :  0.011 0.009 0.085 0.057 0.104 0.127 0.223 0.384 
141    (0)   :  0.008 0.010 0.276 0.052 0.175 0.077 0.147 0.256 
142    (0)   :  0.015 0.018 0.076 0.043 0.072 0.075 0.319 0.383 
143    (0)   :  0.007 0.006 0.027 0.029 0.069 0.064 0.090 0.708 
144    (0)   :  0.007 0.020 0.029 0.032 0.075 0.108 0.090 0.639 
145    (0)   :  0.010 0.011 0.057 0.054 0.206 0.077 0.173 0.412 
146    (0)   :  0.009 0.008 0.088 0.054 0.149 0.137 0.150 0.405 
147    (0)   :  0.007 0.006 0.068 0.032 0.085 0.067 0.084 0.651 
148    (0)   :  0.012 0.016 0.234 0.036 0.127 0.097 0.208 0.270 
149    (0)   :  0.014 0.009 0.295 0.052 0.089 0.071 0.198 0.273 
150    (0)   :  0.008 0.023 0.071 0.034 0.102 0.155 0.141 0.466 
151    (0)   :  0.007 0.007 0.031 0.031 0.080 0.087 0.120 0.638 
152    (0)   :  0.020 0.013 0.105 0.071 0.140 0.084 0.207 0.360 
153    (0)   :  0.017 0.007 0.123 0.053 0.091 0.092 0.126 0.490 
154    (0)   :  0.012 0.009 0.394 0.035 0.120 0.066 0.172 0.193 
155    (0)   :  0.007 0.006 0.105 0.030 0.075 0.087 0.110 0.581 
156    (0)   :  0.015 0.010 0.054 0.031 0.063 0.086 0.196 0.545 
157    (0)   :  0.006 0.006 0.124 0.049 0.074 0.170 0.097 0.473 
158    (0)   :  0.009 0.012 0.062 0.059 0.200 0.077 0.136 0.445 
159    (0)   :  0.006 0.008 0.239 0.032 0.078 0.066 0.095 0.476 
160    (0)   :  0.006 0.008 0.261 0.032 0.082 0.066 0.113 0.432 
161    (0)   :  0.009 0.008 0.047 0.052 0.112 0.102 0.136 0.534 
162    (0)   :  0.009 0.008 0.093 0.049 0.162 0.131 0.197 0.352 
163    (0)   :  0.010 0.006 0.090 0.030 0.067 0.080 0.112 0.605 
164    (0)   :  0.007 0.007 0.315 0.038 0.106 0.117 0.186 0.224 
165    (0)   :  0.008 0.023 0.033 0.034 0.084 0.147 0.117 0.555 
166    (0)   :  0.010 0.006 0.305 0.092 0.068 0.131 0.154 0.233 
167    (0)   :  0.007 0.007 0.492 0.035 0.148 0.084 0.092 0.135 
168    (0)   :  0.010 0.007 0.073 0.102 0.091 0.081 0.126 0.510 
169    (0)   :  0.015 0.014 0.046 0.195 0.188 0.073 0.123 0.344 
170    (0)   :  0.011 0.007 0.024 0.032 0.078 0.088 0.172 0.588 
171    (0)   :  0.010 0.007 0.100 0.076 0.124 0.090 0.189 0.403 
172    (0)   :  0.037 0.013 0.105 0.163 0.086 0.068 0.185 0.343 
173    (0)   :  0.006 0.007 0.121 0.030 0.084 0.068 0.138 0.545 
174    (0)   :  0.006 0.006 0.134 0.033 0.094 0.091 0.107 0.528 
175    (0)   :  0.009 0.007 0.034 0.033 0.142 0.067 0.097 0.612 
176    (0)   :  0.007 0.020 0.029 0.032 0.074 0.107 0.090 0.640 
177    (0)   :  0.008 0.008 0.119 0.083 0.093 0.182 0.118 0.390 
178    (0)   :  0.006 0.006 0.166 0.035 0.173 0.093 0.117 0.403 
179    (0)   :  0.006 0.006 0.288 0.030 0.084 0.067 0.104 0.416 
180    (0)   :  0.011 0.010 0.144 0.053 0.148 0.098 0.142 0.394 
181    (0)   :  0.009 0.010 0.046 0.046 0.105 0.076 0.197 0.512 
182    (0)   :  0.008 0.008 0.035 0.030 0.073 0.066 0.170 0.610 
183    (0)   :  0.007 0.006 0.065 0.031 0.090 0.068 0.113 0.622 
184    (0)   :  0.006 0.008 0.016 0.037 0.207 0.111 0.472 0.143 
185    (0)   :  0.029 0.009 0.053 0.028 0.062 0.057 0.163 0.599 
186    (0)   :  0.006 0.006 0.017 0.031 0.184 0.187 0.428 0.140 
187    (0)   :  0.007 0.006 0.044 0.033 0.123 0.103 0.340 0.344 
188    (0)   :  0.006 0.007 0.016 0.027 0.162 0.142 0.534 0.105 
189    (0)   :  0.011 0.006 0.026 0.106 0.197 0.101 0.196 0.357 
190    (0)   :  0.018 0.010 0.021 0.027 0.055 0.061 0.452 0.355 
191    (0)   :  0.006 0.009 0.024 0.029 0.121 0.098 0.516 0.196 
192    (0)   :  0.006 0.006 0.023 0.033 0.138 0.146 0.290 0.357 
193    (0)   :  0.007 0.010 0.023 0.039 0.153 0.109 0.342 0.317 
194    (0)   :  0.012 0.006 0.025 0.036 0.111 0.125 0.331 0.355 
195    (0)   :  0.010 0.007 0.027 0.027 0.072 0.064 0.352 0.441 
196    (0)   :  0.010 0.009 0.022 0.031 0.069 0.083 0.482 0.293 
197    (0)   :  0.009 0.007 0.030 0.034 0.241 0.144 0.295 0.240 
198    (0)   :  0.010 0.007 0.026 0.054 0.182 0.156 0.303 0.263 
199    (0)   :  0.011 0.009 0.018 0.042 0.078 0.088 0.457 0.297 
200    (0)   :  0.011 0.013 0.021 0.051 0.110 0.093 0.432 0.269 
201    (0)   :  0.007 0.006 0.058 0.026 0.089 0.074 0.265 0.475 
202    (0)   :  0.012 0.007 0.020 0.027 0.068 0.084 0.226 0.555 
203    (0)   :  0.007 0.009 0.040 0.026 0.076 0.071 0.309 0.462 
204    (0)   :  0.009 0.008 0.022 0.026 0.069 0.070 0.519 0.276 
205    (0)   :  0.008 0.007 0.022 0.042 0.093 0.091 0.513 0.224 
206    (0)   :  0.007 0.007 0.027 0.025 0.091 0.069 0.505 0.269 
207    (0)   :  0.008 0.009 0.016 0.026 0.077 0.089 0.600 0.176 
208    (0)   :  0.007 0.007 0.048 0.027 0.078 0.078 0.431 0.325 
209    (0)   :  0.007 0.009 0.021 0.030 0.124 0.103 0.450 0.254 
210    (0)   :  0.007 0.007 0.025 0.026 0.082 0.086 0.485 0.282 
211    (0)   :  0.011 0.017 0.016 0.026 0.075 0.102 0.445 0.308 
212    (0)   :  0.012 0.007 0.024 0.033 0.111 0.073 0.195 0.546 
213    (0)   :  0.015 0.009 0.018 0.050 0.082 0.149 0.424 0.252 
214    (0)   :  0.007 0.008 0.021 0.026 0.084 0.074 0.240 0.540 
215    (0)   :  0.007 0.008 0.022 0.037 0.084 0.094 0.580 0.168 
216    (0)   :  0.006 0.008 0.018 0.038 0.241 0.116 0.385 0.189 
217    (0)   :  0.008 0.007 0.023 0.034 0.093 0.071 0.288 0.476 
218    (0)   :  0.006 0.007 0.023 0.039 0.100 0.113 0.459 0.253 
219    (0)   :  0.007 0.006 0.027 0.051 0.231 0.099 0.236 0.343 
220    (0)   :  0.006 0.008 0.023 0.026 0.079 0.083 0.578 0.197 
221    (0)   :  0.015 0.008 0.018 0.027 0.064 0.061 0.163 0.643 
222    (0)   :  0.007 0.006 0.021 0.037 0.293 0.113 0.277 0.245 
223    (0)   :  0.007 0.006 0.044 0.042 0.140 0.100 0.253 0.408 
224    (0)   :  0.007 0.007 0.029 0.026 0.091 0.072 0.353 0.414 
225    (0)   :  0.009 0.007 0.022 0.033 0.090 0.085 0.469 0.283 
226    (0)   :  0.007 0.009 0.027 0.141 0.141 0.099 0.313 0.263 
227    (0)   :  0.014 0.008 0.030 0.028 0.073 0.089 0.405 0.353 
228    (0)   :  0.024 0.009 0.028 0.027 0.066 0.059 0.386 0.401 
229    (0)   :  0.006 0.007 0.025 0.026 0.102 0.090 0.314 0.430 
230    (0)   :  0.006 0.008 0.022 0.026 0.088 0.084 0.398 0.368 
231    (0)   :  0.006 0.008 0.030 0.030 0.143 0.083 0.324 0.376 
232    (0)   :  0.012 0.008 0.019 0.060 0.105 0.130 0.278 0.389 
233    (0)   :  0.006 0.007 0.050 0.026 0.086 0.075 0.217 0.533 
234    (0)   :  0.006 0.007 0.025 0.036 0.186 0.125 0.312 0.302 
235    (0)   :  0.008 0.007 0.025 0.045 0.116 0.096 0.318 0.387 
236    (0)   :  0.006 0.007 0.024 0.033 0.118 0.090 0.273 0.447 
237    (0)   :  0.008 0.010 0.017 0.030 0.089 0.082 0.574 0.189 
238    (0)   :  0.008 0.007 0.021 0.027 0.094 0.098 0.229 0.517 
239    (0)   :  0.010 0.007 0.028 0.027 0.072 0.064 0.352 0.440 
240    (0)   :  0.007 0.007 0.022 0.027 0.093 0.097 0.232 0.515 
241    (0)   :  0.008 0.008 0.024 0.034 0.083 0.074 0.224 0.545 
242    (0)   :  0.010 0.007 0.027 0.055 0.147 0.097 0.356 0.301 
243    (0)   :  0.010 0.010 0.021 0.026 0.064 0.067 0.496 0.306 
244    (0)   :  0.006 0.009 0.024 0.026 0.083 0.072 0.341 0.440 
245    (0)   :  0.010 0.006 0.046 0.028 0.072 0.080 0.171 0.586 
246    (0)   :  0.008 0.007 0.025 0.034 0.092 0.071 0.288 0.476 
247    (0)   :  0.008 0.007 0.016 0.061 0.101 0.238 0.442 0.127 
248    (0)   :  0.007 0.008 0.015 0.030 0.093 0.101 0.616 0.130 
249    (0)   :  0.007 0.008 0.020 0.026 0.090 0.088 0.304 0.455 
250    (0)   :  0.006 0.008 0.022 0.032 0.127 0.106 0.323 0.377 
251    (0)   :  0.008 0.011 0.024 0.084 0.163 0.123 0.374 0.214 
252    (0)   :  0.010 0.006 0.025 0.035 0.108 0.092 0.355 0.370 
253    (0)   :  0.010 0.007 0.019 0.058 0.111 0.141 0.456 0.198 
254    (0)   :  0.007 0.006 0.022 0.031 0.234 0.102 0.338 0.260 
255    (0)   :  0.007 0.008 0.024 0.031 0.160 0.113 0.340 0.316 
256    (0)   :  0.008 0.008 0.022 0.032 0.094 0.082 0.344 0.411 
257    (0)   :  0.008 0.011 0.038 0.035 0.104 0.105 0.414 0.286 
258    (0)   :  0.012 0.009 0.024 0.039 0.105 0.118 0.479 0.214 
259    (0)   :  0.007 0.007 0.022 0.031 0.113 0.097 0.446 0.276 
260    (0)   :  0.006 0.006 0.022 0.032 0.245 0.106 0.189 0.393 
261    (0)   :  0.011 0.006 0.026 0.036 0.099 0.077 0.296 0.450 
262    (0)   :  0.011 0.007 0.021 0.034 0.066 0.061 0.333 0.467 
263    (0)   :  0.007 0.008 0.018 0.026 0.145 0.088 0.534 0.175 
264    (0)   :  0.006 0.007 0.014 0.040 0.386 0.112 0.326 0.108 
265    (0)   :  0.007 0.006 0.028 0.044 0.131 0.096 0.380 0.309 
266    (0)   :  0.011 0.007 0.020 0.027 0.064 0.061 0.187 0.622 
267    (0)   :  0.008 0.009 0.021 0.030 0.137 0.107 0.354 0.335 
268    (0)   :  0.009 0.009 0.022 0.031 0.069 0.084 0.481 0.294 
269    (0)   :  0.007 0.006 0.029 0.066 0.222 0.105 0.246 0.320 
270    (0)   :  0.007 0.008 0.032 0.035 0.204 0.125 0.421 0.169 
271    (0)   :  0.007 0.009 0.024 0.041 0.098 0.106 0.507 0.209 
272    (0)   :  0.009 0.011 0.026 0.132 0.104 0.097 0.406 0.215 
273    (0)   :  0.019 0.020 0.096 0.059 0.159 0.141 0.233 0.273 
274    (0)   :  0.006 0.007 0.024 0.055 0.136 0.108 0.415 0.248 
275    (0)   :  0.010 0.012 0.075 0.058 0.148 0.090 0.377 0.230 
276    (0)   :  0.009 0.012 0.019 0.102 0.099 0.107 0.449 0.202 
277    (0)   :  0.007 0.006 0.028 0.040 0.157 0.102 0.275 0.385 
278    (0)   :  0.007 0.009 0.023 0.037 0.080 0.084 0.562 0.197 
279    (0)   :  0.007 0.007 0.024 0.040 0.130 0.098 0.372 0.321 
280    (0)   :  0.008 0.007 0.021 0.062 0.157 0.089 0.373 0.282 
281    (0)   :  0.007 0.007 0.024 0.043 0.113 0.134 0.419 0.252 
282    (0)   :  0.006 0.006 0.026 0.034 0.136 0.095 0.198 0.499 
283    (0)   :  0.007 0.007 0.033 0.027 0.094 0.093 0.210 0.528 
284    (0)   :  0.008 0.009 0.049 0.036 0.115 0.121 0.341 0.322 
285    (0)   :  0.008 0.009 0.014 0.042 0.089 0.102 0.637 0.099 
286    (0)   :  0.007 0.009 0.024 0.026 0.083 0.072 0.344 0.436 
287    (0)   :  0.006 0.006 0.029 0.060 0.148 0.140 0.305 0.305 
288    (0)   :  0.007 0.009 0.026 0.097 0.121 0.099 0.429 0.213 
289    (0)   :  0.015 0.012 0.034 0.060 0.111 0.131 0.462 0.175 
290    (0)   :  0.012 0.017 0.015 0.042 0.178 0.085 0.401 0.250 
291    (0)   :  0.008 0.009 0.023 0.041 0.099 0.106 0.505 0.209 
292    (0)   :  0.014 0.006 0.021 0.072 0.120 0.080 0.351 0.335 
293    (0)   :  0.014 0.015 0.015 0.048 0.228 0.099 0.415 0.167 
294    (0)   :  0.008 0.008 0.017 0.031 0.137 0.090 0.552 0.156 
295    (0)   :  0.012 0.017 0.059 0.090 0.115 0.115 0.418 0.174 
296    (0)   :  0.007 0.009 0.023 0.037 0.077 0.107 0.532 0.208 
297    (0)   :  0.007 0.007 0.020 0.059 0.179 0.104 0.407 0.218 
298    (0)   :  0.006 0.006 0.024 0.033 0.150 0.115 0.239 0.426 
299    (0)   :  0.007 0.007 0.020 0.026 0.201 0.100 0.443 0.196 
300    (0)   :  0.007 0.009 0.016 0.035 0.090 0.082 0.618 0.144 
301    (0)   :  0.006 0.008 0.032 0.042 0.241 0.099 0.408 0.165 
302    (0)   :  0.010 0.011 0.031 0.034 0.124 0.082 0.565 0.142 
303    (0)   :  0.008 0.008 0.022 0.036 0.109 0.081 0.311 0.425 
304    (0)   :  0.007 0.007 0.072 0.030 0.246 0.141 0.147 0.351 
305    (0)   :  0.009 0.008 0.048 0.036 0.077 0.065 0.447 0.311 
306    (0)   :  0.007 0.007 0.024 0.043 0.111 0.082 0.247 0.479 
307    (0)   :  0.007 0.007 0.025 0.040 0.137 0.099 0.331 0.354 
308    (0)   :  0.011 0.006 0.026 0.036 0.098 0.078 0.297 0.449 
309    (0)   :  0.023 0.032 0.057 0.036 0.087 0.116 0.476 0.172 
310    (0)   :  0.008 0.008 0.022 0.026 0.077 0.070 0.395 0.394 
311    (0)   :  0.006 0.009 0.022 0.026 0.088 0.084 0.396 0.368 
312    (0)   :  0.007 0.008 0.024 0.026 0.070 0.094 0.580 0.192 
313    (0)   :  0.011 0.008 0.018 0.031 0.070 0.076 0.658 0.128 
314    (0)   :  0.015 0.009 0.199 0.036 0.071 0.063 0.114 0.494 
315    (0)   :  0.014 0.006 0.290 0.059 0.077 0.070 0.110 0.374 
316    (0)   :  0.008 0.006 0.480 0.058 0.083 0.074 0.084 0.206 
317    (0)   :  0.008 0.009 0.238 0.035 0.075 0.066 0.091 0.479 
318    (0)   :  0.006 0.006 0.484 0.032 0.080 0.066 0.075 0.251 
319    (0)   :  0.006 0.006 0.033 0.029 0.072 0.064 0.093 0.695 
320    (0)   :  0.014 0.009 0.199 0.036 0.070 0.063 0.113 0.496 
321    (0)   :  0.007 0.008 0.367 0.034 0.082 0.066 0.085 0.351 
322    (0)   :  0.016 0.009 0.200 0.071 0.082 0.077 0.114 0.430 
323    (0)   :  0.006 0.006 0.295 0.032 0.090 0.066 0.084 0.422 
324    (0)   :  0.007 0.008 0.369 0.034 0.081 0.067 0.085 0.349 
325    (0)   :  0.007 0.006 0.517 0.053 0.080 0.071 0.081 0.184 
326    (0)   :  0.008 0.007 0.543 0.054 0.077 0.072 0.081 0.158 
327    (0)   :  0.008 0.009 0.237 0.035 0.076 0.066 0.091 0.478 
328    (0)   :  0.010 0.007 0.234 0.061 0.084 0.075 0.111 0.418 
329    (0)   :  0.006 0.006 0.121 0.031 0.081 0.066 0.077 0.612 
330    (0)   :  0.008 0.009 0.237 0.035 0.076 0.065 0.090 0.479 
331    (0)   :  0.006 0.006 0.291 0.031 0.080 0.066 0.085 0.436 
332    (0)   :  0.007 0.006 0.544 0.053 0.083 0.072 0.080 0.154 
333    (0)   :  0.008 0.006 0.446 0.055 0.078 0.073 0.096 0.236 
334    (0)   :  0.010 0.007 0.236 0.062 0.083 0.075 0.112 0.415 
335    (0)   :  0.011 0.007 0.113 0.062 0.078 0.075 0.105 0.549 
336    (0)   :  0.011 0.006 0.475 0.033 0.079 0.064 0.099 0.233 
337    (0)   :  0.010 0.008 0.404 0.060 0.081 0.074 0.097 0.267 
338    (0)   :  0.006 0.006 0.528 0.032 0.082 0.066 0.075 0.206 
339    (0)   :  0.006 0.006 0.294 0.031 0.080 0.066 0.084 0.434 
340    (0)   :  0.006 0.006 0.155 0.029 0.072 0.064 0.087 0.580 
341    (0)   :  0.007 0.007 0.286 0.033 0.081 0.067 0.086 0.433 
342    (0)   :  0.008 0.009 0.237 0.035 0.076 0.066 0.090 0.480 
343    (0)   :  0.025 0.008 0.182 0.062 0.086 0.072 0.121 0.444 
344    (0)   :  0.006 0.006 0.285 0.031 0.081 0.066 0.076 0.450 
345    (0)   :  0.008 0.009 0.237 0.035 0.076 0.066 0.090 0.479 
346    (0)   :  0.006 0.007 0.331 0.033 0.076 0.066 0.085 0.396 
347    (0)   :  0.006 0.006 0.157 0.029 0.072 0.064 0.079 0.586 
348    (0)   :  0.022 0.007 0.092 0.059 0.071 0.071 0.131 0.547 
349    (0)   :  0.008 0.009 0.237 0.036 0.075 0.066 0.091 0.478 
350    (0)   :  0.008 0.006 0.107 0.031 0.076 0.063 0.106 0.603 
351    (0)   :  0.011 0.007 0.113 0.063 0.077 0.075 0.105 0.549 
352    (0)   :  0.012 0.009 0.269 0.067 0.077 0.075 0.108 0.384 
353    (0)   :  0.011 0.006 0.476 0.033 0.080 0.064 0.097 0.233 
354    (0)   :  0.006 0.007 0.297 0.032 0.084 0.067 0.078 0.429 
355    (0)   :  0.005 0.006 0.484 0.032 0.082 0.066 0.075 0.250 
356    (0)   :  0.020 0.006 0.026 0.061 0.070 0.071 0.128 0.618 
357    (0)   :  0.008 0.006 0.081 0.116 0.183 0.105 0.112 0.388 
358    (0)   :  0.007 0.006 0.441 0.052 0.082 0.074 0.084 0.254 
359    (0)   :  0.005 0.006 0.415 0.031 0.080 0.066 0.086 0.311 
360    (0)   :  0.006 0.007 0.335 0.033 0.076 0.066 0.083 0.394 
361    (0)   :  0.011 0.008 0.033 0.118 0.185 0.106 0.126 0.414 
362    (0)   :  0.008 0.009 0.045 0.168 0.138 0.214 0.276 0.141 
363    (0)   :  0.013 0.011 0.021 0.099 0.201 0.326 0.215 0.114 
364    (0)   :  0.010 0.014 0.035 0.047 0.319 0.128 0.161 0.287 
365    (0)   :  0.013 0.021 0.021 0.105 0.381 0.166 0.165 0.128 
366    (0)   :  0.030 0.013 0.022 0.091 0.233 0.098 0.302 0.212 
367    (0)   :  0.007 0.008 0.014 0.100 0.116 0.563 0.104 0.088 
368    (0)   :  0.006 0.008 0.022 0.049 0.187 0.296 0.283 0.150 
369    (0)   :  0.046 0.025 0.058 0.046 0.218 0.117 0.209 0.281 
370    (0)   :  0.013 0.017 0.061 0.048 0.165 0.284 0.266 0.146 
371    (0)   :  0.014 0.015 0.052 0.040 0.321 0.130 0.252 0.176 
372    (0)   :  0.020 0.041 0.050 0.053 0.128 0.204 0.321 0.183 
373    (0)   :  0.008 0.010 0.019 0.043 0.169 0.370 0.154 0.227 
374    (0)   :  0.012 0.022 0.033 0.084 0.212 0.169 0.156 0.312 
375    (0)   :  0.010 0.013 0.022 0.046 0.376 0.280 0.149 0.105 
376    (0)   :  0.010 0.011 0.019 0.123 0.442 0.199 0.093 0.102 
377    (0)   :  0.009 0.011 0.057 0.120 0.185 0.159 0.332 0.127 
378    (0)   :  0.008 0.011 0.078 0.047 0.086 0.402 0.145 0.224 
379    (0)   :  0.021 0.022 0.021 0.108 0.415 0.207 0.112 0.093 
380    (0)   :  0.026 0.013 0.027 0.233 0.202 0.091 0.151 0.256 
381    (0)   :  0.033 0.011 0.017 0.071 0.399 0.080 0.151 0.238 
382    (0)   :  0.006 0.007 0.032 0.066 0.351 0.299 0.127 0.111 
383    (0)   :  0.014 0.011 0.208 0.202 0.221 0.086 0.134 0.123 
384    (0)   :  0.022 0.022 0.086 0.056 0.389 0.162 0.112 0.150 
385    (0)   :  0.006 0.163 0.180 0.038 0.213 0.137 0.123 0.140 
386    (0)   :  0.007 0.008 0.017 0.116 0.207 0.374 0.155 0.116 
387    (0)   :  0.009 0.008 0.019 0.098 0.267 0.314 0.151 0.134 
388    (0)   :  0.009 0.027 0.052 0.055 0.274 0.183 0.135 0.265 
389    (0)   :  0.016 0.041 0.035 0.039 0.125 0.115 0.517 0.113 
390    (0)   :  0.084 0.020 0.025 0.153 0.119 0.321 0.165 0.111 
391    (0)   :  0.020 0.056 0.026 0.067 0.140 0.235 0.273 0.182 
392    (0)   :  0.008 0.007 0.021 0.082 0.287 0.221 0.168 0.207 
393    (0)   :  0.107 0.010 0.025 0.281 0.183 0.103 0.099 0.191 
394    (0)   :  0.007 0.006 0.095 0.117 0.118 0.261 0.144 0.252 
395    (0)   :  0.013 0.007 0.015 0.203 0.092 0.169 0.366 0.134 
396    (0)   :  0.006 0.007 0.014 0.043 0.313 0.347 0.178 0.093 
397    (0)   :  0.007 0.006 0.022 0.031 0.353 0.091 0.243 0.244 
398    (0)   :  0.010 0.008 0.016 0.292 0.170 0.292 0.114 0.099 
399    (0)   :  0.011 0.013 0.028 0.097 0.091 0.448 0.194 0.119 
400    (0)   :  0.009 0.009 0.017 0.054 0.257 0.364 0.114 0.175 
401    (0)   :  0.013 0.010 0.017 0.066 0.083 0.430 0.195 0.185 
402    (0)   :  0.026 0.009 0.022 0.047 0.226 0.259 0.245 0.167 
403    (0)   :  0.009 0.020 0.034 0.063 0.153 0.157 0.151 0.414 
404    (0)   :  0.008 0.014 0.016 0.044 0.338 0.152 0.215 0.212 
405    (0)   :  0.009 0.007 0.021 0.142 0.218 0.157 0.262 0.184 
406    (0)   :  0.015 0.007 0.016 0.340 0.086 0.085 0.193 0.258 
407    (0)   :  0.009 0.007 0.014 0.266 0.274 0.189 0.141 0.099 
408    (0)   :  0.012 0.007 0.013 0.045 0.072 0.381 0.378 0.092 
409    (0)   :  0.073 0.020 0.022 0.165 0.100 0.110 0.127 0.383 
410    (0)   :  0.018 0.013 0.027 0.087 0.262 0.275 0.149 0.170 
411    (0)   :  0.029 0.008 0.082 0.053 0.379 0.160 0.145 0.146 
412    (0)   :  0.006 0.008 0.021 0.052 0.218 0.339 0.217 0.138 
413    (0)   :  0.006 0.007 0.072 0.064 0.131 0.330 0.179 0.211 
414    (0)   :  0.006 0.012 0.028 0.045 0.226 0.349 0.249 0.084 
415    (0)   :  0.014 0.009 0.015 0.146 0.263 0.197 0.215 0.141 
416    (0)   :  0.026 0.024 0.016 0.061 0.194 0.290 0.179 0.212 
417    (0)   :  0.010 0.007 0.020 0.293 0.178 0.245 0.136 0.110 
418    (0)   :  0.006 0.006 0.016 0.045 0.207 0.480 0.134 0.106 
419    (0)   :  0.019 0.026 0.026 0.072 0.177 0.212 0.172 0.295 
420    (0)   :  0.025 0.010 0.013 0.071 0.081 0.401 0.264 0.136 
421    (0)   :  0.010 0.008 0.022 0.137 0.151 0.342 0.208 0.122 
422    (0)   :  0.010 0.008 0.017 0.218 0.116 0.122 0.369 0.139 
423    (0)   :  0.009 0.007 0.019 0.150 0.245 0.189 0.225 0.154 
424    (0)   :  0.040 0.020 0.022 0.156 0.106 0.325 0.157 0.173 
425    (0)   :  0.011 0.035 0.024 0.051 0.359 0.164 0.166 0.189 
426    (0)   :  0.012 0.027 0.086 0.115 0.171 0.294 0.138 0.158 
427    (0)   :  0.010 0.007 0.076 0.310 0.109 0.247 0.094 0.148 
428    (0)   :  0.012 0.008 0.023 0.300 0.100 0.102 0.167 0.288 
429    (0)   :  0.007 0.007 0.014 0.116 0.267 0.393 0.107 0.089 
430    (0)   :  0.016 0.008 0.019 0.370 0.166 0.169 0.142 0.110 
431    (0)   :  0.007 0.015 0.049 0.086 0.163 0.301 0.215 0.165 
432    (0)   :  0.006 0.007 0.023 0.054 0.170 0.327 0.252 0.162 
433    (0)   :  0.008 0.007 0.029 0.038 0.146 0.144 0.243 0.385 
434    (0)   :  0.010 0.010 0.023 0.055 0.307 0.140 0.232 0.223 
435    (0)   :  0.007 0.006 0.015 0.487 0.102 0.175 0.117 0.092 
436    (0)   :  0.015 0.010 0.016 0.389 0.132 0.208 0.083 0.147 
437    (0)   :  0.007 0.006 0.018 0.100 0.493 0.138 0.136 0.103 
438    (0)   :  0.020 0.009 0.020 0.428 0.070 0.146 0.143 0.164 
439    (0)   :  0.014 0.007 0.019 0.481 0.122 0.154 0.081 0.122 
440    (0)   :  0.008 0.007 0.013 0.387 0.143 0.251 0.110 0.080 
441    (0)   :  0.014 0.009 0.032 0.278 0.194 0.171 0.114 0.189 
442    (0)   :  0.011 0.023 0.013 0.078 0.285 0.282 0.190 0.118 
443    (0)   :  0.027 0.011 0.015 0.150 0.093 0.398 0.208 0.099 
444    (0)   :  0.014 0.020 0.014 0.164 0.264 0.223 0.187 0.113 
445    (0)   :  0.102 0.010 0.020 0.201 0.194 0.110 0.125 0.237 
446    (0)   :  0.012 0.009 0.020 0.322 0.154 0.305 0.076 0.103 
447    (0)   :  0.015 0.028 0.018 0.303 0.139 0.163 0.147 0.186 
448    (0)   :  0.008 0.007 0.018 0.192 0.255 0.230 0.174 0.115 
449    (0)   :  0.008 0.008 0.020 0.188 0.254 0.185 0.167 0.170 
450    (0)   :  0.011 0.009 0.023 0.069 0.452 0.196 0.083 0.157 
451    (0)   :  0.008 0.007 0.015 0.094 0.129 0.452 0.214 0.081 
452    (0)   :  0.007 0.007 0.020 0.112 0.310 0.281 0.097 0.165 
453    (0)   :  0.055 0.013 0.020 0.093 0.099 0.206 0.337 0.177 
454    (0)   :  0.009 0.007 0.048 0.227 0.219 0.200 0.134 0.157 
455    (0)   :  0.017 0.007 0.016 0.522 0.092 0.150 0.099 0.097 
456    (0)   :  0.021 0.010 0.015 0.268 0.178 0.186 0.221 0.101 
457    (0)   :  0.007 0.006 0.018 0.226 0.374 0.130 0.124 0.115 
458    (0)   :  0.027 0.011 0.020 0.272 0.243 0.204 0.096 0.127 
459    (0)   :  0.018 0.009 0.021 0.301 0.106 0.268 0.081 0.195 
460    (0)   :  0.014 0.008 0.018 0.272 0.108 0.393 0.090 0.098 
461    (0)   :  0.009 0.008 0.018 0.076 0.146 0.567 0.075 0.101 
462    (0)   :  0.085 0.055 0.016 0.151 0.224 0.177 0.216 0.076 
463    (0)   :  0.043 0.008 0.021 0.365 0.084 0.100 0.234 0.145 
464    (0)   :  0.017 0.006 0.014 0.261 0.091 0.365 0.144 0.102 
465    (0)   :  0.016 0.009 0.020 0.160 0.134 0.365 0.169 0.128 
466    (0)   :  0.020 0.007 0.015 0.245 0.096 0.260 0.249 0.108 
467    (0)   :  0.073 0.011 0.026 0.219 0.153 0.194 0.178 0.146 
468    (0)   :  0.014 0.006 0.014 0.452 0.182 0.098 0.138 0.096 
469    (0)   :  0.011 0.007 0.017 0.599 0.095 0.104 0.073 0.094 
470    (0)   :  0.007 0.006 0.015 0.502 0.084 0.202 0.092 0.092 
471    (0)   :  0.028 0.012 0.015 0.073 0.190 0.273 0.287 0.122 
472    (0)   :  0.036 0.010 0.017 0.114 0.267 0.212 0.212 0.131 
473    (0)   :  0.008 0.007 0.024 0.195 0.234 0.154 0.214 0.163 
474    (0)   :  0.017 0.007 0.017 0.120 0.260 0.261 0.139 0.178 
475    (0)   :  0.010 0.008 0.019 0.123 0.126 0.356 0.155 0.203 
476    (0)   :  0.029 0.008 0.018 0.174 0.340 0.199 0.108 0.123 
477    (0)   :  0.018 0.015 0.022 0.164 0.125 0.361 0.137 0.158 
478    (0)   :  0.010 0.013 0.019 0.102 0.092 0.577 0.096 0.091 
479    (0)   :  0.008 0.007 0.016 0.323 0.181 0.276 0.096 0.093 
480    (0)   :  0.007 0.006 0.017 0.264 0.329 0.175 0.093 0.110 
481    (0)   :  0.007 0.010 0.014 0.070 0.285 0.195 0.305 0.114 
482    (0)   :  0.007 0.007 0.015 0.177 0.273 0.336 0.089 0.097 
483    (0)   :  0.008 0.007 0.020 0.460 0.114 0.185 0.083 0.122 
484    (0)   :  0.025 0.012 0.019 0.437 0.088 0.112 0.196 0.111 
485    (0)   :  0.008 0.006 0.017 0.560 0.080 0.155 0.080 0.093 
486    (0)   :  0.014 0.019 0.022 0.048 0.183 0.180 0.393 0.142 
487    (0)   :  0.010 0.017 0.034 0.049 0.273 0.145 0.232 0.241 
488    (0)   :  0.008 0.035 0.033 0.045 0.162 0.242 0.280 0.194 
489    (0)   :  0.023 0.012 0.024 0.032 0.310 0.089 0.242 0.269 
490    (0)   :  0.015 0.011 0.016 0.058 0.185 0.322 0.290 0.101 
491    (0)   :  0.008 0.025 0.024 0.034 0.163 0.104 0.382 0.260 
492    (0)   :  0.017 0.022 0.031 0.040 0.099 0.247 0.191 0.354 
493    (0)   :  0.010 0.023 0.031 0.035 0.238 0.127 0.389 0.148 
494    (0)   :  0.008 0.024 0.019 0.048 0.237 0.131 0.283 0.251 
495    (0)   :  0.023 0.085 0.030 0.040 0.149 0.258 0.151 0.264 
496    (0)   :  0.012 0.006 0.028 0.045 0.123 0.119 0.231 0.435 
497    (0)   :  0.010 0.049 0.045 0.035 0.244 0.096 0.294 0.227 
498    (0)   :  0.026 0.050 0.020 0.042 0.214 0.199 0.264 0.184 
499    (0)   :  0.010 0.011 0.035 0.040 0.228 0.094 0.230 0.352 
500    (0)   :  0.007 0.008 0.020 0.051 0.368 0.102 0.284 0.159 
501    (0)   :  0.006 0.009 0.020 0.045 0.266 0.169 0.157 0.327 
502    (0)   :  0.007 0.016 0.023 0.041 0.168 0.250 0.144 0.351 
503    (0)   :  0.007 0.007 0.016 0.063 0.400 0.157 0.219 0.130 
504    (0)   :  0.011 0.049 0.018 0.045 0.127 0.335 0.266 0.149 
505    (0)   :  0.008 0.012 0.016 0.042 0.117 0.121 0.435 0.246 
506    (0)   :  0.008 0.021 0.021 0.034 0.130 0.249 0.207 0.329 
507    (0)   :  0.013 0.006 0.029 0.032 0.082 0.068 0.183 0.585 
508    (0)   :  0.017 0.012 0.040 0.030 0.089 0.083 0.195 0.535 
509    (0)   :  0.009 0.009 0.021 0.043 0.111 0.114 0.358 0.335 
510    (0)   :  0.008 0.008 0.021 0.032 0.299 0.118 0.150 0.364 
511    (0)   :  0.011 0.017 0.016 0.096 0.221 0.262 0.212 0.166 
512    (0)   :  0.006 0.010 0.014 0.051 0.364 0.296 0.151 0.108 
513    (0)   :  0.023 0.273 0.019 0.025 0.069 0.126 0.313 0.153 
514    (0)   :  0.008 0.008 0.032 0.049 0.102 0.417 0.203 0.180 
515    (0)   :  0.014 0.011 0.028 0.170 0.185 0.114 0.214 0.262 
516    (0)   :  0.009 0.011 0.019 0.047 0.105 0.241 0.386 0.182 
517    (0)   :  0.016 0.008 0.025 0.167 0.093 0.180 0.235 0.275 
518    (0)   :  0.007 0.007 0.034 0.032 0.364 0.100 0.169 0.288 
519    (0)   :  0.008 0.012 0.019 0.061 0.100 0.417 0.176 0.207 
520    (0)   :  0.019 0.007 0.025 0.253 0.083 0.080 0.165 0.367 
521    (0)   :  0.008 0.007 0.216 0.041 0.086 0.185 0.233 0.224 
522    (0)   :  0.062 0.009 0.022 0.082 0.309 0.135 0.242 0.138 
523    (0)   :  0.056 0.008 0.058 0.110 0.075 0.153 0.246 0.293 
524    (0)   :  0.011 0.006 0.026 0.330 0.101 0.130 0.196 0.199 
525    (0)   :  0.011 0.008 0.033 0.105 0.241 0.092 0.184 0.325 
526    (0)   :  0.018 0.007 0.017 0.381 0.071 0.076 0.236 0.193 
527    (0)   :  0.007 0.010 0.020 0.035 0.399 0.217 0.169 0.144 
528    (0)   :  0.008 0.006 0.143 0.030 0.095 0.099 0.245 0.374 
529    (0)   :  0.007 0.014 0.035 0.033 0.220 0.136 0.305 0.250 
530    (0)   :  0.016 0.011 0.020 0.094 0.289 0.141 0.227 0.202 
531    (0)   :  0.011 0.008 0.107 0.105 0.141 0.137 0.158 0.333 
532    (0)   :  0.013 0.010 0.126 0.032 0.208 0.133 0.247 0.232 
533    (0)   :  0.011 0.008 0.024 0.083 0.273 0.111 0.313 0.177 
534    (0)   :  0.017 0.018 0.025 0.033 0.117 0.120 0.427 0.243 
535    (0)   :  0.020 0.009 0.018 0.150 0.090 0.222 0.295 0.197 
536    (0)   :  0.026 0.012 0.020 0.152 0.131 0.151 0.194 0.315 
537    (0)   :  0.033 0.016 0.051 0.047 0.119 0.126 0.191 0.419 
538    (0)   :  0.014 0.008 0.020 0.071 0.111 0.108 0.334 0.333 
539    (0)   :  0.009 0.007 0.019 0.027 0.093 0.077 0.158 0.610 
540    (0)   :  0.012 0.007 0.185 0.072 0.113 0.088 0.367 0.155 
541    (0)   :  0.042 0.011 0.188 0.059 0.136 0.104 0.152 0.309 
542    (0)   :  0.049 0.017 0.016 0.168 0.111 0.096 0.381 0.161 
543    (0)   :  0.056 0.014 0.206 0.085 0.075 0.153 0.238 0.173 
544    (0)   :  0.035 0.009 0.032 0.087 0.105 0.114 0.416 0.203 
545    (0)   :  0.037 0.015 0.017 0.274 0.080 0.128 0.326 0.122 
546    (0)   :  0.025 0.018 0.042 0.056 0.123 0.102 0.411 0.222 
547    (0)   :  0.085 0.014 0.026 0.122 0.075 0.125 0.247 0.306 
548    (0)   :  0.006 0.007 0.022 0.032 0.127 0.107 0.321 0.377 
549    (0)   :  0.036 0.012 0.022 0.170 0.090 0.099 0.097 0.473 
550    (0)   :  0.052 0.013 0.014 0.230 0.090 0.196 0.194 0.211 
551    (0)   :  0.013 0.009 0.031 0.067 0.106 0.126 0.111 0.538 
552    (0)   :  0.010 0.008 0.019 0.040 0.123 0.083 0.390 0.326 
553    (0)   :  0.131 0.019 0.087 0.066 0.067 0.116 0.276 0.237 
554    (0)   :  0.015 0.009 0.225 0.060 0.198 0.128 0.244 0.122 
555    (0)   :  0.021 0.025 0.050 0.046 0.106 0.104 0.222 0.424 
556    (0)   :  0.012 0.009 0.035 0.043 0.120 0.114 0.380 0.287 
557    (0)   :  0.021 0.010 0.036 0.316 0.090 0.170 0.144 0.213 
558    (0)   :  0.007 0.007 0.016 0.203 0.261 0.328 0.078 0.101 
559    (0)   :  0.012 0.008 0.024 0.038 0.149 0.236 0.395 0.138 
560    (0)   :  0.010 0.012 0.013 0.180 0.087 0.490 0.128 0.079 
561    (0)   :  0.009 0.011 0.016 0.094 0.191 0.314 0.258 0.106 
562    (0)   :  0.012 0.011 0.014 0.089 0.170 0.308 0.318 0.077 
563    (0)   :  0.012 0.022 0.019 0.082 0.099 0.368 0.108 0.290 
564    (0)   :  0.011 0.009 0.051 0.059 0.153 0.123 0.470 0.124 
565    (0)   :  0.008 0.007 0.017 0.315 0.278 0.148 0.112 0.116 
566    (0)   :  0.007 0.007 0.014 0.109 0.122 0.543 0.118 0.080 
567    (0)   :  0.008 0.008 0.016 0.048 0.137 0.143 0.538 0.102 
568    (0)   :  0.009 0.007 0.021 0.114 0.115 0.295 0.288 0.152 
569    (0)   :  0.042 0.007 0.050 0.123 0.245 0.220 0.188 0.124 
570    (0)   :  0.007 0.006 0.016 0.132 0.415 0.234 0.107 0.084 
571    (0)   :  0.007 0.007 0.023 0.101 0.090 0.483 0.169 0.120 
572    (0)   :  0.091 0.014 0.022 0.092 0.131 0.100 0.256 0.295 
573    (0)   :  0.012 0.008 0.036 0.222 0.106 0.121 0.358 0.137 
574    (0)   :  0.012 0.009 0.049 0.090 0.365 0.118 0.149 0.210 
575    (0)   :  0.008 0.007 0.018 0.073 0.114 0.374 0.168 0.238 
576    (0)   :  0.007 0.012 0.016 0.098 0.156 0.508 0.123 0.080 
577    (0)   :  0.008 0.009 0.022 0.051 0.378 0.155 0.140 0.237 
