

----------------------------------------------------
STRUCTURE by Pritchard, Stephens and Donnelly (2000)
     and Falush, Stephens and Pritchard (2003)
       Code by Pritchard, Falush and Hubisz
             Version 2.3.4 (Jul 2012)
----------------------------------------------------



Command line arguments:   ./structure -K 6 -D 106015 -m brooktrout/mainparams -e brooktrout/extraparams -o brooktrout/250914_output/results_K6_rep15 
Input File:    brooktrout/brooktrout.txt

Run parameters:
   8454 individuals
   5 loci
   6 populations assumed
   50000 Burn-in period
   100000 Reps
RANDOMIZE turned off


--------------------------------------------
Overall proportion of membership of the
sample in each of the 6 clusters

Inferred Clusters
  1      2      3      4      5      6    
0.044  0.065  0.097  0.224  0.308  0.262  

--------------------------------------------

Allele-freq. divergence among pops (Net nucleotide distance),
computed using point estimates of P.

      1       2       3       4       5       6      
 1      -    0.1346  0.1210  0.1178  0.0928  0.1436  
 2   0.1346     -    0.1060  0.1261  0.1065  0.1229  
 3   0.1210  0.1060     -    0.1186  0.0878  0.0911  
 4   0.1178  0.1261  0.1186     -    0.0440  0.1169  
 5   0.0928  0.1065  0.0878  0.0440     -    0.1103  
 6   0.1436  0.1229  0.0911  0.1169  0.1103     -    

Average distances (expected heterozygosity) between individuals in same cluster:
cluster  1  : 0.7932 
cluster  2  : 0.7823 
cluster  3  : 0.7495 
cluster  4  : 0.7778 
cluster  5  : 0.8067 
cluster  6  : 0.7419 

--------------------------------------------
Estimated Ln Prob of Data   = -179465.3
Mean value of ln likelihood = -171428.8
Variance of ln likelihood   = 16073.1

Mean value of alpha_1       = 0.0781
Mean value of alpha_2       = 0.1153
Mean value of alpha_3       = 0.1785
Mean value of alpha_4       = 0.4131
Mean value of alpha_5       = 0.5713
Mean value of alpha_6       = 0.4954
Allele frequencies uncorrelated


Inferred ancestry of individuals:
     (%Miss) :  Inferred clusters
  1    (0)   :  0.021 0.069 0.036 0.291 0.212 0.371 
  2    (0)   :  0.032 0.015 0.590 0.093 0.184 0.085 
  3    (0)   :  0.009 0.053 0.053 0.463 0.163 0.259 
  4    (0)   :  0.016 0.029 0.037 0.097 0.162 0.659 
  5    (0)   :  0.119 0.023 0.256 0.167 0.322 0.114 
  6    (0)   :  0.010 0.017 0.049 0.679 0.154 0.091 
  7    (0)   :  0.021 0.014 0.022 0.245 0.602 0.096 
  8    (0)   :  0.017 0.026 0.034 0.293 0.214 0.414 
  9    (0)   :  0.030 0.030 0.189 0.312 0.250 0.189 
 10    (0)   :  0.023 0.014 0.034 0.326 0.328 0.276 
 11    (0)   :  0.019 0.015 0.024 0.230 0.616 0.096 
 12    (0)   :  0.048 0.024 0.272 0.162 0.336 0.157 
 13    (0)   :  0.038 0.023 0.085 0.248 0.424 0.182 
 14    (0)   :  0.017 0.068 0.221 0.211 0.232 0.251 
 15    (0)   :  0.020 0.027 0.067 0.184 0.324 0.379 
 16    (0)   :  0.023 0.031 0.028 0.492 0.272 0.154 
 17    (0)   :  0.051 0.043 0.076 0.419 0.256 0.155 
 18    (0)   :  0.020 0.026 0.215 0.405 0.150 0.184 
 19    (0)   :  0.018 0.015 0.084 0.514 0.242 0.126 
 20    (0)   :  0.031 0.029 0.072 0.235 0.460 0.172 
 21    (0)   :  0.017 0.050 0.113 0.189 0.223 0.407 
 22    (0)   :  0.014 0.024 0.049 0.589 0.155 0.169 
 23    (0)   :  0.051 0.086 0.127 0.141 0.199 0.396 
 24    (0)   :  0.019 0.031 0.042 0.341 0.215 0.351 
 25    (0)   :  0.030 0.021 0.052 0.341 0.479 0.076 
 26    (0)   :  0.032 0.028 0.080 0.387 0.222 0.251 
 27    (0)   :  0.043 0.058 0.047 0.337 0.296 0.219 
 28    (0)   :  0.014 0.022 0.055 0.211 0.268 0.429 
 29    (0)   :  0.030 0.030 0.082 0.141 0.564 0.153 
 30    (0)   :  0.016 0.035 0.069 0.596 0.147 0.138 
 31    (0)   :  0.038 0.042 0.089 0.199 0.367 0.265 
 32    (0)   :  0.015 0.028 0.161 0.294 0.215 0.287 
 33    (0)   :  0.012 0.052 0.047 0.353 0.268 0.267 
 34    (0)   :  0.065 0.019 0.027 0.344 0.401 0.145 
 35    (0)   :  0.068 0.132 0.150 0.323 0.198 0.130 
 36    (0)   :  0.011 0.385 0.058 0.260 0.156 0.132 
 37    (0)   :  0.013 0.036 0.135 0.142 0.315 0.359 
 38    (0)   :  0.025 0.081 0.052 0.556 0.209 0.078 
 39    (0)   :  0.028 0.092 0.069 0.361 0.326 0.124 
 40    (0)   :  0.018 0.304 0.097 0.197 0.122 0.262 
 41    (0)   :  0.026 0.407 0.031 0.246 0.200 0.090 
 42    (0)   :  0.018 0.251 0.024 0.150 0.136 0.420 
 43    (0)   :  0.018 0.280 0.082 0.096 0.309 0.216 
 44    (0)   :  0.013 0.467 0.065 0.216 0.162 0.076 
 45    (0)   :  0.030 0.229 0.153 0.260 0.243 0.084 
 46    (0)   :  0.024 0.082 0.078 0.381 0.323 0.111 
 47    (0)   :  0.039 0.041 0.120 0.342 0.273 0.186 
 48    (0)   :  0.024 0.453 0.120 0.226 0.096 0.081 
 49    (0)   :  0.053 0.124 0.063 0.287 0.305 0.169 
 50    (0)   :  0.022 0.041 0.056 0.351 0.378 0.152 
 51    (0)   :  0.010 0.721 0.034 0.075 0.093 0.067 
 52    (0)   :  0.036 0.099 0.031 0.331 0.341 0.162 
 53    (0)   :  0.012 0.052 0.037 0.565 0.189 0.145 
 54    (0)   :  0.037 0.051 0.413 0.106 0.234 0.160 
 55    (0)   :  0.023 0.250 0.296 0.100 0.194 0.136 
 56    (0)   :  0.057 0.147 0.155 0.353 0.117 0.171 
 57    (0)   :  0.054 0.016 0.043 0.281 0.266 0.340 
 58    (0)   :  0.033 0.178 0.134 0.190 0.294 0.171 
 59    (0)   :  0.081 0.184 0.065 0.335 0.208 0.128 
 60    (0)   :  0.010 0.385 0.069 0.129 0.156 0.251 
 61    (0)   :  0.017 0.171 0.427 0.055 0.165 0.165 
 62    (0)   :  0.292 0.025 0.095 0.277 0.195 0.115 
 63    (0)   :  0.014 0.091 0.079 0.127 0.448 0.240 
 64    (0)   :  0.026 0.022 0.081 0.615 0.170 0.086 
 65    (0)   :  0.019 0.022 0.076 0.116 0.702 0.066 
 66    (0)   :  0.015 0.033 0.264 0.090 0.330 0.268 
 67    (0)   :  0.021 0.193 0.325 0.085 0.273 0.104 
 68    (0)   :  0.056 0.209 0.056 0.305 0.211 0.162 
 69    (0)   :  0.085 0.110 0.038 0.369 0.194 0.204 
 70    (0)   :  0.011 0.360 0.033 0.130 0.283 0.183 
 71    (0)   :  0.048 0.371 0.079 0.211 0.224 0.068 
 72    (0)   :  0.011 0.123 0.054 0.417 0.281 0.115 
 73    (0)   :  0.067 0.157 0.239 0.107 0.338 0.092 
 74    (0)   :  0.012 0.234 0.060 0.327 0.131 0.236 
 75    (0)   :  0.017 0.272 0.073 0.186 0.096 0.355 
 76    (0)   :  0.010 0.132 0.104 0.099 0.522 0.133 
 77    (0)   :  0.030 0.367 0.051 0.213 0.261 0.078 
 78    (0)   :  0.034 0.294 0.052 0.340 0.189 0.091 
 79    (0)   :  0.016 0.012 0.055 0.182 0.628 0.107 
 80    (0)   :  0.011 0.015 0.091 0.103 0.226 0.554 
 81    (0)   :  0.010 0.012 0.112 0.139 0.309 0.418 
 82    (0)   :  0.032 0.048 0.089 0.095 0.484 0.253 
 83    (0)   :  0.009 0.025 0.108 0.204 0.323 0.331 
 84    (0)   :  0.010 0.015 0.071 0.137 0.468 0.299 
 85    (0)   :  0.011 0.021 0.079 0.262 0.241 0.387 
 86    (0)   :  0.032 0.049 0.367 0.153 0.303 0.097 
 87    (0)   :  0.012 0.022 0.045 0.124 0.675 0.122 
 88    (0)   :  0.012 0.018 0.061 0.098 0.411 0.400 
 89    (0)   :  0.010 0.015 0.128 0.096 0.308 0.443 
 90    (0)   :  0.012 0.014 0.055 0.087 0.710 0.120 
 91    (0)   :  0.008 0.024 0.053 0.162 0.187 0.565 
 92    (0)   :  0.015 0.016 0.073 0.144 0.551 0.201 
 93    (0)   :  0.010 0.015 0.034 0.067 0.106 0.768 
 94    (0)   :  0.009 0.027 0.026 0.185 0.656 0.097 
 95    (0)   :  0.010 0.016 0.053 0.069 0.595 0.257 
 96    (0)   :  0.014 0.210 0.168 0.060 0.208 0.341 
 97    (0)   :  0.018 0.162 0.105 0.260 0.123 0.332 
 98    (0)   :  0.025 0.154 0.131 0.185 0.289 0.216 
 99    (0)   :  0.010 0.013 0.091 0.110 0.516 0.259 
100    (0)   :  0.014 0.019 0.221 0.060 0.107 0.578 
101    (0)   :  0.013 0.033 0.061 0.113 0.563 0.216 
102    (0)   :  0.022 0.053 0.041 0.106 0.334 0.443 
103    (0)   :  0.013 0.021 0.415 0.067 0.337 0.147 
104    (0)   :  0.016 0.025 0.049 0.081 0.686 0.143 
105    (0)   :  0.040 0.025 0.080 0.063 0.576 0.216 
106    (0)   :  0.011 0.025 0.032 0.183 0.693 0.054 
107    (0)   :  0.019 0.022 0.206 0.069 0.520 0.164 
108    (0)   :  0.012 0.204 0.362 0.194 0.146 0.082 
109    (0)   :  0.181 0.043 0.060 0.218 0.440 0.057 
110    (0)   :  0.012 0.019 0.028 0.168 0.710 0.063 
111    (0)   :  0.036 0.018 0.059 0.063 0.746 0.077 
112    (0)   :  0.210 0.032 0.026 0.093 0.578 0.062 
113    (0)   :  0.019 0.041 0.360 0.179 0.262 0.139 
114    (0)   :  0.029 0.019 0.054 0.074 0.652 0.172 
115    (0)   :  0.052 0.099 0.041 0.094 0.603 0.111 
116    (0)   :  0.021 0.109 0.061 0.228 0.519 0.062 
117    (0)   :  0.037 0.034 0.025 0.142 0.672 0.090 
118    (0)   :  0.054 0.025 0.361 0.088 0.395 0.077 
119    (0)   :  0.009 0.236 0.079 0.081 0.257 0.339 
120    (0)   :  0.079 0.037 0.055 0.094 0.618 0.117 
121    (0)   :  0.084 0.179 0.037 0.093 0.526 0.082 
122    (0)   :  0.023 0.020 0.046 0.156 0.678 0.076 
123    (0)   :  0.015 0.029 0.067 0.102 0.684 0.103 
124    (0)   :  0.031 0.088 0.080 0.245 0.477 0.079 
125    (0)   :  0.053 0.068 0.027 0.411 0.339 0.103 
126    (0)   :  0.011 0.073 0.055 0.122 0.617 0.122 
127    (0)   :  0.024 0.021 0.071 0.058 0.742 0.084 
128    (0)   :  0.043 0.026 0.293 0.078 0.472 0.087 
129    (0)   :  0.023 0.023 0.158 0.064 0.660 0.071 
130    (0)   :  0.048 0.015 0.109 0.082 0.585 0.160 
131    (0)   :  0.034 0.156 0.052 0.287 0.405 0.066 
132    (0)   :  0.018 0.026 0.094 0.131 0.671 0.061 
133    (0)   :  0.018 0.032 0.176 0.073 0.599 0.102 
134    (0)   :  0.019 0.015 0.029 0.113 0.777 0.046 
135    (0)   :  0.056 0.088 0.068 0.073 0.115 0.600 
136    (0)   :  0.030 0.015 0.036 0.094 0.075 0.751 
137    (0)   :  0.027 0.014 0.028 0.063 0.130 0.738 
138    (0)   :  0.010 0.022 0.029 0.076 0.078 0.785 
139    (0)   :  0.020 0.049 0.362 0.108 0.117 0.343 
140    (0)   :  0.013 0.047 0.053 0.116 0.231 0.540 
141    (0)   :  0.024 0.022 0.045 0.153 0.087 0.670 
142    (0)   :  0.036 0.117 0.107 0.069 0.112 0.560 
143    (0)   :  0.009 0.015 0.034 0.053 0.070 0.819 
144    (0)   :  0.026 0.016 0.031 0.056 0.128 0.743 
145    (0)   :  0.046 0.028 0.051 0.173 0.096 0.606 
146    (0)   :  0.018 0.030 0.028 0.143 0.222 0.558 
147    (0)   :  0.011 0.013 0.026 0.061 0.070 0.819 
148    (0)   :  0.030 0.040 0.067 0.100 0.169 0.594 
149    (0)   :  0.018 0.035 0.045 0.083 0.080 0.740 
150    (0)   :  0.033 0.018 0.048 0.074 0.218 0.609 
151    (0)   :  0.012 0.017 0.040 0.061 0.106 0.765 
152    (0)   :  0.034 0.078 0.058 0.138 0.137 0.555 
153    (0)   :  0.011 0.035 0.026 0.088 0.108 0.732 
154    (0)   :  0.029 0.024 0.051 0.087 0.081 0.728 
155    (0)   :  0.010 0.017 0.036 0.058 0.097 0.784 
156    (0)   :  0.018 0.069 0.060 0.049 0.130 0.675 
157    (0)   :  0.009 0.016 0.029 0.073 0.218 0.655 
158    (0)   :  0.045 0.022 0.035 0.165 0.088 0.645 
159    (0)   :  0.015 0.013 0.032 0.058 0.069 0.814 
160    (0)   :  0.017 0.013 0.038 0.059 0.071 0.802 
161    (0)   :  0.012 0.025 0.032 0.107 0.134 0.690 
162    (0)   :  0.024 0.034 0.039 0.155 0.240 0.508 
163    (0)   :  0.009 0.025 0.031 0.052 0.090 0.792 
164    (0)   :  0.017 0.020 0.061 0.094 0.237 0.571 
165    (0)   :  0.032 0.017 0.037 0.063 0.197 0.654 
166    (0)   :  0.009 0.044 0.050 0.106 0.239 0.552 
167    (0)   :  0.031 0.021 0.023 0.136 0.134 0.656 
168    (0)   :  0.011 0.039 0.030 0.123 0.100 0.698 
169    (0)   :  0.048 0.035 0.031 0.403 0.081 0.402 
170    (0)   :  0.010 0.042 0.062 0.062 0.130 0.695 
171    (0)   :  0.016 0.031 0.053 0.136 0.150 0.614 
172    (0)   :  0.019 0.123 0.044 0.197 0.080 0.538 
173    (0)   :  0.015 0.015 0.062 0.060 0.075 0.773 
174    (0)   :  0.011 0.013 0.032 0.067 0.104 0.772 
175    (0)   :  0.015 0.020 0.034 0.087 0.073 0.771 
176    (0)   :  0.027 0.016 0.032 0.055 0.128 0.742 
177    (0)   :  0.012 0.023 0.027 0.119 0.254 0.566 
178    (0)   :  0.014 0.014 0.042 0.116 0.114 0.700 
179    (0)   :  0.009 0.013 0.042 0.059 0.074 0.803 
180    (0)   :  0.023 0.034 0.027 0.143 0.149 0.624 
181    (0)   :  0.024 0.031 0.061 0.097 0.093 0.695 
182    (0)   :  0.022 0.020 0.056 0.054 0.080 0.767 
183    (0)   :  0.011 0.016 0.046 0.062 0.077 0.788 
184    (0)   :  0.015 0.014 0.693 0.100 0.106 0.072 
185    (0)   :  0.019 0.082 0.061 0.049 0.070 0.720 
186    (0)   :  0.011 0.018 0.473 0.104 0.310 0.084 
187    (0)   :  0.010 0.020 0.573 0.081 0.104 0.213 
188    (0)   :  0.011 0.017 0.653 0.078 0.180 0.062 
189    (0)   :  0.010 0.032 0.246 0.312 0.124 0.275 
190    (0)   :  0.018 0.163 0.449 0.042 0.081 0.248 
191    (0)   :  0.015 0.013 0.726 0.068 0.099 0.078 
192    (0)   :  0.011 0.016 0.478 0.083 0.177 0.236 
193    (0)   :  0.026 0.028 0.375 0.134 0.178 0.259 
194    (0)   :  0.012 0.034 0.261 0.085 0.251 0.357 
195    (0)   :  0.009 0.027 0.633 0.049 0.072 0.209 
196    (0)   :  0.015 0.054 0.607 0.054 0.110 0.161 
197    (0)   :  0.017 0.042 0.276 0.209 0.254 0.202 
198    (0)   :  0.012 0.032 0.229 0.174 0.331 0.221 
199    (0)   :  0.021 0.092 0.378 0.080 0.139 0.290 
200    (0)   :  0.031 0.051 0.558 0.111 0.110 0.139 
201    (0)   :  0.010 0.023 0.409 0.060 0.090 0.407 
202    (0)   :  0.014 0.047 0.119 0.052 0.118 0.650 
203    (0)   :  0.014 0.020 0.473 0.052 0.073 0.367 
204    (0)   :  0.010 0.023 0.743 0.045 0.072 0.106 
205    (0)   :  0.011 0.024 0.724 0.064 0.091 0.087 
206    (0)   :  0.011 0.019 0.717 0.051 0.078 0.125 
207    (0)   :  0.021 0.028 0.668 0.050 0.117 0.116 
208    (0)   :  0.013 0.027 0.603 0.052 0.089 0.215 
209    (0)   :  0.020 0.022 0.632 0.076 0.120 0.130 
210    (0)   :  0.010 0.018 0.698 0.053 0.101 0.120 
211    (0)   :  0.155 0.139 0.149 0.060 0.209 0.289 
212    (0)   :  0.014 0.035 0.182 0.084 0.104 0.581 
213    (0)   :  0.013 0.123 0.212 0.090 0.350 0.212 
214    (0)   :  0.020 0.028 0.316 0.061 0.089 0.486 
215    (0)   :  0.014 0.020 0.748 0.058 0.095 0.066 
216    (0)   :  0.019 0.023 0.481 0.164 0.184 0.129 
217    (0)   :  0.011 0.026 0.534 0.068 0.076 0.285 
218    (0)   :  0.011 0.015 0.712 0.067 0.101 0.094 
219    (0)   :  0.012 0.020 0.366 0.211 0.136 0.255 
220    (0)   :  0.010 0.016 0.770 0.048 0.081 0.075 
221    (0)   :  0.013 0.059 0.086 0.050 0.069 0.723 
222    (0)   :  0.013 0.021 0.377 0.213 0.197 0.179 
223    (0)   :  0.011 0.025 0.307 0.131 0.147 0.379 
224    (0)   :  0.013 0.018 0.546 0.055 0.084 0.285 
225    (0)   :  0.011 0.026 0.696 0.057 0.091 0.119 
226    (0)   :  0.014 0.019 0.556 0.171 0.105 0.135 
227    (0)   :  0.012 0.077 0.365 0.056 0.146 0.344 
228    (0)   :  0.018 0.079 0.553 0.049 0.075 0.225 
229    (0)   :  0.010 0.014 0.594 0.055 0.080 0.247 
230    (0)   :  0.012 0.015 0.660 0.048 0.075 0.190 
231    (0)   :  0.014 0.014 0.635 0.077 0.090 0.171 
232    (0)   :  0.017 0.048 0.197 0.130 0.209 0.400 
233    (0)   :  0.017 0.020 0.269 0.063 0.088 0.542 
234    (0)   :  0.015 0.017 0.474 0.121 0.192 0.182 
235    (0)   :  0.012 0.030 0.448 0.117 0.119 0.274 
236    (0)   :  0.017 0.019 0.475 0.076 0.103 0.309 
237    (0)   :  0.026 0.028 0.640 0.062 0.123 0.122 
238    (0)   :  0.013 0.027 0.227 0.073 0.143 0.516 
239    (0)   :  0.009 0.027 0.632 0.049 0.072 0.211 
240    (0)   :  0.013 0.027 0.233 0.073 0.140 0.514 
241    (0)   :  0.014 0.032 0.157 0.068 0.105 0.624 
242    (0)   :  0.011 0.019 0.623 0.129 0.097 0.120 
243    (0)   :  0.019 0.058 0.628 0.045 0.083 0.166 
244    (0)   :  0.015 0.017 0.592 0.049 0.075 0.253 
245    (0)   :  0.009 0.031 0.092 0.056 0.105 0.708 
246    (0)   :  0.011 0.026 0.539 0.066 0.075 0.283 
247    (0)   :  0.011 0.038 0.259 0.116 0.490 0.087 
248    (0)   :  0.021 0.024 0.661 0.063 0.154 0.077 
249    (0)   :  0.015 0.022 0.482 0.057 0.093 0.332 
250    (0)   :  0.014 0.016 0.585 0.068 0.102 0.214 
251    (0)   :  0.026 0.029 0.466 0.209 0.156 0.115 
252    (0)   :  0.009 0.024 0.633 0.067 0.100 0.167 
253    (0)   :  0.013 0.051 0.348 0.130 0.297 0.161 
254    (0)   :  0.013 0.020 0.594 0.112 0.128 0.133 
255    (0)   :  0.015 0.020 0.555 0.094 0.136 0.180 
256    (0)   :  0.017 0.033 0.423 0.077 0.114 0.336 
257    (0)   :  0.021 0.028 0.508 0.082 0.165 0.196 
258    (0)   :  0.017 0.062 0.448 0.085 0.251 0.137 
259    (0)   :  0.016 0.018 0.611 0.067 0.110 0.178 
260    (0)   :  0.015 0.019 0.340 0.158 0.151 0.317 
261    (0)   :  0.010 0.036 0.502 0.071 0.102 0.278 
262    (0)   :  0.013 0.060 0.509 0.053 0.071 0.294 
263    (0)   :  0.014 0.017 0.730 0.064 0.090 0.084 
264    (0)   :  0.020 0.031 0.273 0.426 0.176 0.074 
265    (0)   :  0.010 0.017 0.674 0.082 0.095 0.123 
266    (0)   :  0.013 0.043 0.143 0.049 0.074 0.678 
267    (0)   :  0.032 0.026 0.376 0.094 0.181 0.291 
268    (0)   :  0.014 0.053 0.602 0.054 0.110 0.165 
269    (0)   :  0.012 0.017 0.487 0.209 0.111 0.164 
270    (0)   :  0.018 0.019 0.544 0.127 0.172 0.119 
271    (0)   :  0.017 0.034 0.582 0.088 0.166 0.112 
272    (0)   :  0.019 0.029 0.600 0.129 0.116 0.108 
273    (0)   :  0.029 0.026 0.440 0.144 0.152 0.209 
274    (0)   :  0.014 0.019 0.577 0.127 0.133 0.130 
275    (0)   :  0.017 0.017 0.681 0.090 0.084 0.111 
276    (0)   :  0.028 0.041 0.507 0.128 0.140 0.155 
277    (0)   :  0.011 0.019 0.436 0.123 0.145 0.266 
278    (0)   :  0.015 0.026 0.732 0.057 0.093 0.077 
279    (0)   :  0.014 0.020 0.537 0.104 0.134 0.190 
280    (0)   :  0.014 0.033 0.497 0.178 0.111 0.168 
281    (0)   :  0.013 0.022 0.517 0.105 0.194 0.148 
282    (0)   :  0.013 0.018 0.339 0.099 0.116 0.416 
283    (0)   :  0.011 0.021 0.275 0.067 0.108 0.518 
284    (0)   :  0.019 0.028 0.360 0.085 0.216 0.292 
285    (0)   :  0.021 0.064 0.582 0.099 0.168 0.066 
286    (0)   :  0.014 0.017 0.593 0.049 0.073 0.253 
287    (0)   :  0.009 0.018 0.460 0.165 0.166 0.181 
288    (0)   :  0.012 0.015 0.737 0.082 0.079 0.075 
289    (0)   :  0.015 0.026 0.655 0.085 0.135 0.085 
290    (0)   :  0.040 0.108 0.309 0.215 0.129 0.199 
291    (0)   :  0.018 0.035 0.577 0.089 0.168 0.114 
292    (0)   :  0.012 0.076 0.412 0.159 0.108 0.233 
293    (0)   :  0.037 0.138 0.162 0.306 0.218 0.140 
294    (0)   :  0.012 0.021 0.738 0.067 0.084 0.078 
295    (0)   :  0.034 0.056 0.352 0.169 0.175 0.215 
296    (0)   :  0.013 0.020 0.726 0.058 0.105 0.079 
297    (0)   :  0.012 0.025 0.553 0.174 0.119 0.116 
298    (0)   :  0.011 0.015 0.483 0.086 0.119 0.287 
299    (0)   :  0.010 0.014 0.716 0.075 0.096 0.088 
300    (0)   :  0.016 0.031 0.673 0.087 0.102 0.091 
301    (0)   :  0.019 0.016 0.599 0.148 0.114 0.104 
302    (0)   :  0.019 0.035 0.687 0.071 0.093 0.095 
303    (0)   :  0.015 0.029 0.420 0.097 0.103 0.336 
304    (0)   :  0.020 0.018 0.093 0.217 0.213 0.439 
305    (0)   :  0.012 0.023 0.677 0.056 0.071 0.162 
306    (0)   :  0.012 0.027 0.368 0.112 0.097 0.384 
307    (0)   :  0.023 0.023 0.339 0.117 0.157 0.342 
308    (0)   :  0.010 0.036 0.504 0.072 0.101 0.277 
309    (0)   :  0.015 0.021 0.746 0.050 0.099 0.069 
310    (0)   :  0.015 0.032 0.598 0.052 0.081 0.222 
311    (0)   :  0.012 0.015 0.656 0.049 0.076 0.192 
312    (0)   :  0.011 0.021 0.734 0.047 0.108 0.079 
313    (0)   :  0.015 0.053 0.697 0.051 0.104 0.081 
314    (0)   :  0.010 0.025 0.035 0.056 0.067 0.808 
315    (0)   :  0.009 0.034 0.028 0.080 0.082 0.767 
316    (0)   :  0.010 0.024 0.033 0.108 0.087 0.737 
317    (0)   :  0.010 0.014 0.029 0.059 0.067 0.821 
318    (0)   :  0.010 0.011 0.025 0.065 0.067 0.823 
319    (0)   :  0.011 0.015 0.035 0.055 0.070 0.814 
320    (0)   :  0.010 0.024 0.035 0.056 0.067 0.809 
321    (0)   :  0.011 0.013 0.026 0.066 0.068 0.815 
322    (0)   :  0.011 0.037 0.039 0.094 0.089 0.729 
323    (0)   :  0.009 0.012 0.027 0.062 0.069 0.821 
324    (0)   :  0.011 0.013 0.026 0.066 0.068 0.816 
325    (0)   :  0.010 0.019 0.024 0.100 0.083 0.764 
326    (0)   :  0.013 0.024 0.026 0.103 0.082 0.751 
327    (0)   :  0.010 0.014 0.029 0.059 0.067 0.821 
328    (0)   :  0.009 0.025 0.029 0.088 0.090 0.759 
329    (0)   :  0.009 0.011 0.025 0.058 0.068 0.829 
330    (0)   :  0.010 0.014 0.028 0.059 0.068 0.821 
331    (0)   :  0.009 0.011 0.029 0.058 0.069 0.824 
332    (0)   :  0.011 0.020 0.023 0.114 0.084 0.748 
333    (0)   :  0.012 0.025 0.031 0.088 0.086 0.758 
334    (0)   :  0.009 0.025 0.029 0.088 0.090 0.758 
335    (0)   :  0.010 0.027 0.027 0.078 0.085 0.774 
336    (0)   :  0.011 0.018 0.029 0.067 0.068 0.808 
337    (0)   :  0.010 0.024 0.025 0.104 0.086 0.751 
338    (0)   :  0.010 0.011 0.024 0.068 0.068 0.818 
339    (0)   :  0.009 0.012 0.028 0.059 0.069 0.825 
340    (0)   :  0.009 0.012 0.031 0.052 0.067 0.829 
341    (0)   :  0.013 0.013 0.033 0.060 0.070 0.811 
342    (0)   :  0.010 0.014 0.028 0.059 0.068 0.821 
343    (0)   :  0.010 0.047 0.029 0.087 0.085 0.743 
344    (0)   :  0.009 0.011 0.024 0.057 0.067 0.833 
345    (0)   :  0.010 0.014 0.028 0.059 0.068 0.821 
346    (0)   :  0.009 0.012 0.027 0.058 0.065 0.828 
347    (0)   :  0.009 0.012 0.027 0.053 0.066 0.834 
348    (0)   :  0.009 0.056 0.034 0.071 0.083 0.746 
349    (0)   :  0.010 0.014 0.028 0.059 0.067 0.821 
350    (0)   :  0.010 0.018 0.036 0.056 0.069 0.812 
351    (0)   :  0.009 0.027 0.027 0.078 0.085 0.774 
352    (0)   :  0.010 0.028 0.027 0.089 0.085 0.761 
353    (0)   :  0.011 0.018 0.029 0.068 0.067 0.807 
354    (0)   :  0.010 0.012 0.027 0.059 0.068 0.824 
355    (0)   :  0.010 0.012 0.025 0.065 0.066 0.823 
356    (0)   :  0.010 0.059 0.033 0.070 0.084 0.744 
357    (0)   :  0.014 0.020 0.039 0.271 0.140 0.516 
358    (0)   :  0.010 0.019 0.023 0.091 0.084 0.773 
359    (0)   :  0.009 0.012 0.028 0.060 0.069 0.821 
360    (0)   :  0.010 0.012 0.026 0.057 0.065 0.829 
361    (0)   :  0.015 0.028 0.044 0.275 0.151 0.487 
362    (0)   :  0.015 0.028 0.198 0.304 0.346 0.110 
363    (0)   :  0.014 0.034 0.077 0.334 0.461 0.081 
364    (0)   :  0.038 0.024 0.056 0.311 0.199 0.372 
365    (0)   :  0.083 0.028 0.058 0.566 0.175 0.090 
366    (0)   :  0.029 0.131 0.126 0.359 0.158 0.197 
367    (0)   :  0.011 0.016 0.028 0.195 0.695 0.056 
368    (0)   :  0.016 0.014 0.085 0.129 0.650 0.107 
369    (0)   :  0.024 0.108 0.076 0.211 0.203 0.377 
370    (0)   :  0.029 0.021 0.223 0.119 0.485 0.124 
371    (0)   :  0.036 0.030 0.290 0.243 0.240 0.162 
372    (0)   :  0.073 0.025 0.394 0.103 0.265 0.139 
373    (0)   :  0.021 0.021 0.064 0.214 0.495 0.185 
374    (0)   :  0.047 0.020 0.075 0.298 0.229 0.331 
375    (0)   :  0.026 0.018 0.076 0.309 0.498 0.073 
376    (0)   :  0.016 0.017 0.022 0.708 0.173 0.065 
377    (0)   :  0.024 0.034 0.109 0.309 0.410 0.115 
378    (0)   :  0.014 0.018 0.052 0.084 0.579 0.252 
379    (0)   :  0.028 0.026 0.034 0.680 0.173 0.059 
380    (0)   :  0.017 0.060 0.075 0.548 0.107 0.193 
381    (0)   :  0.014 0.074 0.044 0.582 0.097 0.188 
382    (0)   :  0.015 0.014 0.045 0.373 0.467 0.087 
383    (0)   :  0.023 0.021 0.084 0.626 0.086 0.160 
384    (0)   :  0.054 0.025 0.090 0.470 0.211 0.151 
385    (0)   :  0.455 0.012 0.039 0.148 0.134 0.212 
386    (0)   :  0.012 0.020 0.043 0.331 0.515 0.081 
387    (0)   :  0.019 0.026 0.035 0.354 0.468 0.098 
388    (0)   :  0.071 0.016 0.087 0.235 0.309 0.282 
389    (0)   :  0.308 0.073 0.214 0.099 0.213 0.093 
390    (0)   :  0.022 0.148 0.071 0.223 0.459 0.076 
391    (0)   :  0.180 0.063 0.060 0.166 0.380 0.151 
392    (0)   :  0.012 0.025 0.065 0.508 0.235 0.155 
393    (0)   :  0.013 0.098 0.030 0.618 0.111 0.130 
394    (0)   :  0.010 0.020 0.059 0.216 0.385 0.310 
395    (0)   :  0.012 0.141 0.151 0.261 0.340 0.095 
396    (0)   :  0.013 0.016 0.050 0.295 0.566 0.061 
397    (0)   :  0.028 0.023 0.320 0.279 0.156 0.194 
398    (0)   :  0.012 0.026 0.025 0.551 0.321 0.065 
399    (0)   :  0.020 0.035 0.067 0.179 0.613 0.086 
400    (0)   :  0.015 0.021 0.028 0.362 0.450 0.123 
401    (0)   :  0.012 0.064 0.037 0.111 0.652 0.125 
402    (0)   :  0.025 0.084 0.079 0.251 0.415 0.145 
403    (0)   :  0.048 0.023 0.066 0.167 0.246 0.450 
404    (0)   :  0.033 0.021 0.112 0.394 0.270 0.169 
405    (0)   :  0.014 0.033 0.093 0.420 0.284 0.156 
406    (0)   :  0.010 0.421 0.056 0.250 0.099 0.166 
407    (0)   :  0.011 0.018 0.032 0.708 0.170 0.061 
408    (0)   :  0.009 0.066 0.069 0.067 0.729 0.060 
409    (0)   :  0.016 0.231 0.034 0.213 0.149 0.357 
410    (0)   :  0.038 0.035 0.047 0.416 0.320 0.144 
411    (0)   :  0.014 0.071 0.037 0.476 0.194 0.209 
412    (0)   :  0.015 0.013 0.079 0.173 0.621 0.099 
413    (0)   :  0.010 0.016 0.089 0.128 0.532 0.224 
414    (0)   :  0.044 0.015 0.096 0.184 0.596 0.066 
415    (0)   :  0.013 0.058 0.046 0.575 0.212 0.096 
416    (0)   :  0.045 0.054 0.061 0.321 0.364 0.155 
417    (0)   :  0.011 0.021 0.039 0.607 0.248 0.074 
418    (0)   :  0.011 0.013 0.040 0.197 0.671 0.068 
419    (0)   :  0.048 0.052 0.058 0.227 0.337 0.278 
420    (0)   :  0.010 0.156 0.040 0.115 0.596 0.083 
421    (0)   :  0.011 0.023 0.054 0.331 0.489 0.091 
422    (0)   :  0.016 0.099 0.188 0.382 0.210 0.104 
423    (0)   :  0.016 0.030 0.086 0.491 0.265 0.113 
424    (0)   :  0.026 0.125 0.029 0.144 0.551 0.124 
425    (0)   :  0.199 0.023 0.070 0.319 0.241 0.148 
426    (0)   :  0.070 0.023 0.041 0.245 0.461 0.161 
427    (0)   :  0.010 0.028 0.024 0.494 0.264 0.180 
428    (0)   :  0.021 0.079 0.070 0.398 0.163 0.270 
429    (0)   :  0.009 0.015 0.032 0.512 0.376 0.056 
430    (0)   :  0.011 0.029 0.041 0.633 0.213 0.073 
431    (0)   :  0.028 0.021 0.120 0.202 0.500 0.130 
432    (0)   :  0.013 0.017 0.059 0.137 0.656 0.119 
433    (0)   :  0.022 0.030 0.067 0.115 0.351 0.416 
434    (0)   :  0.025 0.030 0.097 0.320 0.305 0.224 
435    (0)   :  0.009 0.034 0.024 0.589 0.282 0.063 
436    (0)   :  0.011 0.047 0.018 0.578 0.237 0.109 
437    (0)   :  0.010 0.018 0.034 0.703 0.168 0.068 
438    (0)   :  0.010 0.250 0.024 0.272 0.311 0.133 
439    (0)   :  0.010 0.023 0.019 0.712 0.153 0.083 
440    (0)   :  0.010 0.029 0.024 0.698 0.187 0.051 
441    (0)   :  0.013 0.025 0.029 0.496 0.265 0.170 
442    (0)   :  0.031 0.035 0.032 0.432 0.393 0.077 
443    (0)   :  0.014 0.129 0.030 0.174 0.589 0.064 
444    (0)   :  0.029 0.051 0.030 0.523 0.292 0.075 
445    (0)   :  0.017 0.114 0.034 0.463 0.142 0.230 
446    (0)   :  0.015 0.025 0.018 0.501 0.368 0.074 
447    (0)   :  0.038 0.085 0.025 0.485 0.219 0.148 
448    (0)   :  0.012 0.026 0.031 0.545 0.309 0.076 
449    (0)   :  0.013 0.027 0.036 0.544 0.259 0.121 
450    (0)   :  0.015 0.014 0.024 0.614 0.210 0.122 
451    (0)   :  0.013 0.026 0.034 0.149 0.725 0.053 
452    (0)   :  0.011 0.014 0.026 0.642 0.206 0.100 
453    (0)   :  0.017 0.312 0.048 0.115 0.369 0.138 
454    (0)   :  0.012 0.022 0.041 0.543 0.240 0.141 
455    (0)   :  0.010 0.117 0.022 0.473 0.304 0.074 
456    (0)   :  0.013 0.143 0.036 0.468 0.272 0.067 
457    (0)   :  0.010 0.019 0.025 0.722 0.150 0.074 
458    (0)   :  0.014 0.021 0.023 0.678 0.179 0.085 
459    (0)   :  0.011 0.041 0.018 0.348 0.399 0.183 
460    (0)   :  0.010 0.031 0.019 0.379 0.490 0.070 
461    (0)   :  0.010 0.014 0.019 0.232 0.654 0.071 
462    (0)   :  0.060 0.076 0.054 0.437 0.322 0.051 
463    (0)   :  0.010 0.444 0.050 0.223 0.169 0.103 
464    (0)   :  0.009 0.071 0.024 0.265 0.562 0.069 
465    (0)   :  0.012 0.040 0.026 0.190 0.646 0.087 
466    (0)   :  0.009 0.174 0.035 0.202 0.508 0.072 
467    (0)   :  0.013 0.065 0.051 0.403 0.345 0.122 
468    (0)   :  0.009 0.081 0.029 0.678 0.135 0.068 
469    (0)   :  0.009 0.029 0.017 0.754 0.119 0.071 
470    (0)   :  0.008 0.030 0.021 0.584 0.292 0.065 
471    (0)   :  0.049 0.137 0.082 0.361 0.286 0.085 
472    (0)   :  0.017 0.071 0.037 0.370 0.411 0.094 
473    (0)   :  0.012 0.033 0.056 0.471 0.299 0.129 
474    (0)   :  0.012 0.037 0.038 0.569 0.233 0.112 
475    (0)   :  0.011 0.029 0.027 0.193 0.597 0.142 
476    (0)   :  0.010 0.037 0.026 0.663 0.179 0.085 
477    (0)   :  0.020 0.048 0.020 0.175 0.612 0.125 
478    (0)   :  0.020 0.021 0.017 0.131 0.748 0.063 
479    (0)   :  0.010 0.021 0.020 0.579 0.307 0.062 
480    (0)   :  0.009 0.016 0.022 0.751 0.132 0.070 
481    (0)   :  0.042 0.030 0.110 0.449 0.288 0.081 
482    (0)   :  0.009 0.015 0.021 0.612 0.281 0.062 
483    (0)   :  0.011 0.032 0.020 0.600 0.249 0.087 
484    (0)   :  0.015 0.204 0.036 0.412 0.239 0.094 
485    (0)   :  0.010 0.060 0.020 0.627 0.214 0.069 
486    (0)   :  0.174 0.091 0.107 0.173 0.326 0.129 
487    (0)   :  0.121 0.043 0.046 0.241 0.257 0.292 
488    (0)   :  0.171 0.034 0.074 0.134 0.390 0.197 
489    (0)   :  0.090 0.086 0.093 0.247 0.183 0.301 
490    (0)   :  0.030 0.060 0.041 0.163 0.631 0.073 
491    (0)   :  0.203 0.026 0.184 0.122 0.192 0.274 
492    (0)   :  0.039 0.056 0.062 0.091 0.378 0.375 
493    (0)   :  0.355 0.038 0.107 0.153 0.203 0.143 
494    (0)   :  0.158 0.043 0.118 0.258 0.207 0.215 
495    (0)   :  0.158 0.059 0.026 0.108 0.403 0.245 
496    (0)   :  0.013 0.038 0.094 0.116 0.240 0.499 
497    (0)   :  0.468 0.017 0.074 0.098 0.130 0.213 
498    (0)   :  0.256 0.070 0.042 0.137 0.351 0.143 
499    (0)   :  0.110 0.038 0.055 0.169 0.171 0.457 
500    (0)   :  0.063 0.034 0.193 0.405 0.174 0.130 
501    (0)   :  0.030 0.022 0.082 0.281 0.260 0.325 
502    (0)   :  0.058 0.015 0.040 0.151 0.378 0.357 
503    (0)   :  0.019 0.025 0.068 0.538 0.262 0.088 
504    (0)   :  0.063 0.041 0.032 0.088 0.671 0.106 
505    (0)   :  0.087 0.070 0.241 0.141 0.242 0.220 
506    (0)   :  0.072 0.020 0.092 0.130 0.373 0.313 
507    (0)   :  0.011 0.036 0.069 0.064 0.090 0.729 
508    (0)   :  0.046 0.080 0.039 0.068 0.124 0.642 
509    (0)   :  0.039 0.038 0.219 0.106 0.211 0.387 
510    (0)   :  0.044 0.027 0.061 0.261 0.223 0.385 
511    (0)   :  0.046 0.037 0.118 0.433 0.249 0.117 
512    (0)   :  0.036 0.018 0.069 0.541 0.263 0.073 
513    (0)   :  0.646 0.033 0.059 0.042 0.117 0.103 
514    (0)   :  0.018 0.021 0.049 0.089 0.674 0.149 
515    (0)   :  0.029 0.082 0.050 0.375 0.201 0.263 
516    (0)   :  0.018 0.053 0.059 0.082 0.653 0.134 
517    (0)   :  0.014 0.133 0.050 0.183 0.352 0.269 
518    (0)   :  0.051 0.018 0.183 0.299 0.147 0.301 
519    (0)   :  0.017 0.025 0.033 0.093 0.686 0.146 
520    (0)   :  0.012 0.201 0.045 0.234 0.114 0.394 
521    (0)   :  0.013 0.028 0.137 0.085 0.326 0.410 
522    (0)   :  0.024 0.197 0.045 0.440 0.186 0.108 
523    (0)   :  0.013 0.256 0.042 0.089 0.264 0.336 
524    (0)   :  0.012 0.099 0.056 0.417 0.239 0.177 
525    (0)   :  0.026 0.043 0.065 0.360 0.133 0.373 
526    (0)   :  0.009 0.467 0.048 0.220 0.115 0.142 
527    (0)   :  0.129 0.017 0.046 0.347 0.339 0.122 
528    (0)   :  0.011 0.028 0.172 0.078 0.159 0.551 
529    (0)   :  0.061 0.026 0.237 0.162 0.304 0.210 
530    (0)   :  0.034 0.073 0.049 0.477 0.189 0.178 
531    (0)   :  0.017 0.046 0.032 0.238 0.184 0.482 
532    (0)   :  0.036 0.052 0.078 0.188 0.283 0.362 
533    (0)   :  0.036 0.056 0.133 0.425 0.193 0.158 
534    (0)   :  0.123 0.095 0.199 0.076 0.261 0.246 
535    (0)   :  0.011 0.231 0.051 0.155 0.403 0.150 
536    (0)   :  0.017 0.106 0.127 0.279 0.200 0.272 
537    (0)   :  0.020 0.143 0.090 0.116 0.165 0.466 
538    (0)   :  0.014 0.099 0.223 0.154 0.189 0.321 
539    (0)   :  0.014 0.031 0.131 0.075 0.096 0.653 
540    (0)   :  0.016 0.089 0.184 0.199 0.179 0.332 
541    (0)   :  0.018 0.041 0.127 0.141 0.168 0.506 
542    (0)   :  0.025 0.320 0.163 0.246 0.128 0.118 
543    (0)   :  0.017 0.190 0.111 0.090 0.324 0.267 
544    (0)   :  0.015 0.379 0.073 0.145 0.189 0.199 
545    (0)   :  0.013 0.565 0.041 0.145 0.163 0.073 
546    (0)   :  0.039 0.127 0.258 0.147 0.165 0.264 
547    (0)   :  0.012 0.528 0.033 0.076 0.140 0.211 
548    (0)   :  0.015 0.015 0.588 0.068 0.102 0.213 
549    (0)   :  0.012 0.164 0.028 0.196 0.108 0.493 
550    (0)   :  0.014 0.412 0.038 0.214 0.215 0.108 
551    (0)   :  0.012 0.040 0.033 0.113 0.152 0.649 
552    (0)   :  0.014 0.075 0.386 0.125 0.130 0.270 
553    (0)   :  0.014 0.439 0.099 0.059 0.149 0.241 
554    (0)   :  0.020 0.056 0.152 0.266 0.264 0.243 
555    (0)   :  0.055 0.078 0.089 0.113 0.162 0.502 
556    (0)   :  0.016 0.077 0.223 0.137 0.224 0.324 
557    (0)   :  0.013 0.268 0.035 0.260 0.246 0.178 
558    (0)   :  0.009 0.014 0.018 0.623 0.271 0.065 
559    (0)   :  0.014 0.031 0.225 0.098 0.528 0.104 
560    (0)   :  0.014 0.031 0.037 0.275 0.594 0.049 
561    (0)   :  0.018 0.037 0.038 0.231 0.608 0.068 
562    (0)   :  0.024 0.055 0.061 0.198 0.611 0.050 
563    (0)   :  0.022 0.040 0.019 0.113 0.549 0.258 
564    (0)   :  0.017 0.059 0.348 0.151 0.315 0.109 
565    (0)   :  0.010 0.017 0.025 0.724 0.149 0.075 
566    (0)   :  0.012 0.020 0.027 0.234 0.654 0.052 
567    (0)   :  0.031 0.032 0.336 0.135 0.394 0.072 
568    (0)   :  0.010 0.042 0.063 0.145 0.635 0.107 
569    (0)   :  0.016 0.112 0.051 0.342 0.366 0.114 
570    (0)   :  0.009 0.015 0.036 0.639 0.248 0.054 
571    (0)   :  0.010 0.020 0.040 0.109 0.741 0.080 
572    (0)   :  0.023 0.315 0.078 0.173 0.154 0.258 
573    (0)   :  0.016 0.054 0.246 0.279 0.293 0.112 
574    (0)   :  0.018 0.029 0.049 0.479 0.195 0.230 
575    (0)   :  0.010 0.027 0.053 0.138 0.591 0.181 
576    (0)   :  0.026 0.015 0.026 0.202 0.678 0.053 
577    (0)   :  0.017 0.022 0.048 0.390 0.306 0.217 
578    (0)   :  0.018 0.028 0.046 0.201 0.622 0.086 
579    (0)   :  0.043 0.029 0.089 0.279 0.482 0.078 
580    (0)   :  0.013 0.018 0.044 0.513 0.278 0.134 
581    (0)   :  0.011 0.019 0.034 0.388 0.445 0.104 
582    (0)   :  0.010 0.044 0.035 0.446 0.404 0.061 
583    (0)   :  0.026 0.020 0.049 0.179 0.643 0.082 
584    (0)   :  0.015 0.015 0.024 0.199 0.685 0.063 
585    (0)   :  0.021 0.023 0.036 0.274 0.573 0.072 
586    (0)   :  0.012 0.023 0.067 0.083 0.713 0.100 
587    (0)   :  0.017 0.050 0.100 0.357 0.417 0.060 
588    (0)   :  0.035 0.141 0.524 0.058 0.163 0.077 
589    (0)   :  0.012 0.092 0.044 0.527 0.258 0.066 
590    (0)   :  0.026 0.020 0.080 0.109 0.689 0.075 
591    (0)   :  0.011 0.016 0.039 0.102 0.744 0.089 
592    (0)   :  0.011 0.070 0.118 0.174 0.558 0.069 
593    (0)   :  0.011 0.032 0.073 0.227 0.532 0.126 
594    (0)   :  0.049 0.021 0.054 0.112 0.584 0.181 
595    (0)   :  0.165 0.013 0.103 0.377 0.284 0.058 
596    (0)   :  0.023 0.098 0.205 0.264 0.283 0.126 
597    (0)   :  0.014 0.044 0.045 0.072 0.561 0.264 
598    (0)   :  0.009 0.015 0.020 0.727 0.170 0.058 
599    (0)   :  0.010 0.038 0.050 0.174 0.675 0.054 
600    (0)   :  0.016 0.036 0.057 0.458 0.267 0.168 
601    (0)   :  0.012 0.039 0.045 0.263 0.584 0.058 
602    (0)   :  0.036 0.018 0.154 0.160 0.351 0.281 
603    (0)   :  0.020 0.020 0.171 0.124 0.438 0.227 
604    (0)   :  0.043 0.026 0.060 0.542 0.160 0.170 
605    (0)   :  0.018 0.041 0.066 0.212 0.560 0.103 
606    (0)   :  0.017 0.035 0.216 0.230 0.272 0.230 
607    (0)   :  0.022 0.015 0.112 0.335 0.198 0.318 
608    (0)   :  0.010 0.022 0.040 0.196 0.233 0.499 
609    (0)   :  0.021 0.036 0.029 0.448 0.330 0.136 
610    (0)   :  0.020 0.093 0.050 0.529 0.205 0.103 
611    (0)   :  0.020 0.034 0.075 0.124 0.490 0.257 
612    (0)   :  0.012 0.040 0.030 0.685 0.146 0.087 
613    (0)   :  0.045 0.053 0.089 0.391 0.276 0.147 
614    (0)   :  0.027 0.018 0.061 0.714 0.106 0.074 
615    (0)   :  0.013 0.021 0.066 0.656 0.119 0.125 
616    (0)   :  0.016 0.014 0.133 0.341 0.272 0.223 
617    (0)   :  0.166 0.048 0.056 0.420 0.227 0.083 
618    (0)   :  0.044 0.040 0.068 0.507 0.114 0.227 
619    (0)   :  0.010 0.065 0.118 0.198 0.416 0.194 
620    (0)   :  0.013 0.073 0.202 0.131 0.530 0.051 
621    (0)   :  0.019 0.014 0.023 0.261 0.600 0.084 
622    (0)   :  0.126 0.045 0.216 0.335 0.140 0.138 
623    (0)   :  0.016 0.026 0.096 0.206 0.564 0.091 
624    (0)   :  0.012 0.027 0.039 0.547 0.163 0.213 
625    (0)   :  0.047 0.019 0.053 0.427 0.244 0.210 
626    (0)   :  0.012 0.135 0.060 0.250 0.096 0.446 
627    (0)   :  0.021 0.030 0.106 0.225 0.484 0.134 
628    (0)   :  0.053 0.021 0.288 0.179 0.347 0.112 
629    (0)   :  0.029 0.017 0.118 0.284 0.402 0.150 
630    (0)   :  0.023 0.030 0.060 0.496 0.286 0.106 
631    (0)   :  0.015 0.017 0.176 0.445 0.237 0.111 
632    (0)   :  0.029 0.031 0.266 0.186 0.148 0.341 
633    (0)   :  0.032 0.019 0.057 0.475 0.206 0.211 
634    (0)   :  0.015 0.040 0.199 0.223 0.264 0.259 
635    (0)   :  0.014 0.022 0.093 0.203 0.161 0.507 
636    (0)   :  0.013 0.024 0.043 0.369 0.271 0.280 
637    (0)   :  0.032 0.140 0.119 0.227 0.260 0.221 
638    (0)   :  0.018 0.017 0.114 0.235 0.405 0.211 
639    (0)   :  0.038 0.021 0.092 0.500 0.159 0.191 
640    (0)   :  0.040 0.012 0.039 0.192 0.601 0.117 
641    (0)   :  0.031 0.020 0.164 0.353 0.278 0.154 
642    (0)   :  0.013 0.044 0.048 0.113 0.188 0.593 
643    (0)   :  0.010 0.018 0.040 0.082 0.131 0.719 
644    (0)   :  0.015 0.021 0.047 0.088 0.211 0.618 
645    (0)   :  0.028 0.031 0.038 0.315 0.075 0.513 
646    (0)   :  0.039 0.061 0.090 0.137 0.427 0.247 
647    (0)   :  0.042 0.033 0.051 0.099 0.288 0.487 
648    (0)   :  0.175 0.058 0.185 0.168 0.123 0.291 
649    (0)   :  0.015 0.076 0.333 0.074 0.250 0.252 
650    (0)   :  0.016 0.038 0.101 0.085 0.462 0.297 
651    (0)   :  0.125 0.016 0.147 0.105 0.207 0.400 
652    (0)   :  0.013 0.022 0.060 0.090 0.205 0.609 
653    (0)   :  0.123 0.047 0.064 0.147 0.121 0.498 
654    (0)   :  0.046 0.075 0.060 0.103 0.152 0.565 
655    (0)   :  0.010 0.023 0.040 0.083 0.326 0.518 
656    (0)   :  0.095 0.079 0.118 0.132 0.187 0.389 
657    (0)   :  0.042 0.023 0.048 0.336 0.236 0.315 
658    (0)   :  0.011 0.056 0.050 0.127 0.444 0.312 
659    (0)   :  0.038 0.060 0.049 0.145 0.169 0.539 
660    (0)   :  0.012 0.033 0.135 0.078 0.155 0.587 
661    (0)   :  0.015 0.111 0.091 0.108 0.131 0.544 
662    (0)   :  0.019 0.163 0.312 0.064 0.261 0.182 
663    (0)   :  0.011 0.023 0.216 0.111 0.172 0.468 
664    (0)   :  0.013 0.043 0.036 0.145 0.420 0.343 
665    (0)   :  0.013 0.084 0.345 0.080 0.227 0.251 
666    (0)   :  0.011 0.042 0.101 0.109 0.188 0.548 
667    (0)   :  0.218 0.038 0.052 0.113 0.392 0.187 
668    (0)   :  0.013 0.043 0.067 0.141 0.244 0.492 
669    (0)   :  0.042 0.044 0.277 0.119 0.199 0.319 
670    (0)   :  0.009 0.018 0.061 0.061 0.088 0.763 
671    (0)   :  0.011 0.026 0.079 0.070 0.148 0.667 
672    (0)   :  0.009 0.039 0.025 0.089 0.182 0.656 
673    (0)   :  0.010 0.012 0.027 0.064 0.069 0.818 
674    (0)   :  0.014 0.024 0.062 0.101 0.104 0.695 
675    (0)   :  0.027 0.015 0.031 0.056 0.126 0.745 
676    (0)   :  0.010 0.013 0.025 0.059 0.070 0.823 
677    (0)   :  0.009 0.069 0.075 0.052 0.081 0.714 
678    (0)   :  0.010 0.012 0.028 0.063 0.076 0.811 
679    (0)   :  0.014 0.012 0.040 0.108 0.101 0.725 
680    (0)   :  0.021 0.018 0.029 0.091 0.080 0.761 
681    (0)   :  0.039 0.246 0.036 0.179 0.124 0.375 
682    (0)   :  0.011 0.019 0.024 0.089 0.080 0.776 
683    (0)   :  0.009 0.022 0.040 0.056 0.082 0.791 
684    (0)   :  0.011 0.013 0.029 0.062 0.077 0.807 
685    (0)   :  0.009 0.014 0.028 0.054 0.068 0.826 
686    (0)   :  0.011 0.066 0.050 0.084 0.098 0.692 
687    (0)   :  0.010 0.035 0.096 0.065 0.136 0.658 
688    (0)   :  0.010 0.016 0.034 0.067 0.107 0.767 
689    (0)   :  0.009 0.014 0.026 0.056 0.067 0.828 
690    (0)   :  0.010 0.013 0.026 0.059 0.070 0.823 
691    (0)   :  0.014 0.018 0.038 0.095 0.096 0.739 
692    (0)   :  0.013 0.013 0.032 0.077 0.104 0.762 
693    (0)   :  0.010 0.016 0.028 0.079 0.120 0.747 
694    (0)   :  0.009 0.016 0.028 0.050 0.065 0.832 
695    (0)   :  0.009 0.035 0.023 0.077 0.082 0.774 
696    (0)   :  0.010 0.015 0.035 0.066 0.109 0.765 
697    (0)   :  0.010 0.018 0.036 0.058 0.069 0.809 
698    (0)   :  0.009 0.014 0.030 0.059 0.071 0.816 
699    (0)   :  0.009 0.090 0.034 0.069 0.081 0.718 
700    (0)   :  0.013 0.075 0.045 0.079 0.112 0.676 
701    (0)   :  0.022 0.028 0.040 0.116 0.099 0.695 
702    (0)   :  0.012 0.038 0.037 0.098 0.126 0.690 
703    (0)   :  0.011 0.021 0.028 0.091 0.083 0.765 
704    (0)   :  0.009 0.022 0.042 0.061 0.100 0.765 
705    (0)   :  0.031 0.231 0.048 0.106 0.120 0.464 
706    (0)   :  0.012 0.029 0.026 0.083 0.078 0.772 
707    (0)   :  0.011 0.023 0.037 0.060 0.071 0.797 
708    (0)   :  0.015 0.015 0.033 0.057 0.071 0.809 
709    (0)   :  0.010 0.044 0.029 0.059 0.075 0.783 
710    (0)   :  0.009 0.016 0.024 0.054 0.065 0.831 
711    (0)   :  0.012 0.048 0.041 0.077 0.081 0.741 
712    (0)   :  0.014 0.042 0.047 0.049 0.066 0.781 
713    (0)   :  0.010 0.018 0.039 0.059 0.106 0.769 
714    (0)   :  0.029 0.015 0.046 0.106 0.102 0.702 
715    (0)   :  0.009 0.032 0.033 0.050 0.065 0.810 
