

----------------------------------------------------
STRUCTURE by Pritchard, Stephens and Donnelly (2000)
     and Falush, Stephens and Pritchard (2003)
       Code by Pritchard, Falush and Hubisz
             Version 2.3.4 (Jul 2012)
----------------------------------------------------



Command line arguments:   ./structure -K 4 -D 104007 -m brooktrout/mainparams -e brooktrout/extraparams -o brooktrout/250914_output/results_K4_rep7 
Input File:    brooktrout/brooktrout.txt

Run parameters:
   8454 individuals
   5 loci
   4 populations assumed
   50000 Burn-in period
   100000 Reps
RANDOMIZE turned off


--------------------------------------------
Overall proportion of membership of the
sample in each of the 4 clusters

Inferred Clusters
  1      2      3      4    
0.103  0.211  0.229  0.457  

--------------------------------------------

Allele-freq. divergence among pops (Net nucleotide distance),
computed using point estimates of P.

      1       2       3       4      
 1      -    0.0833  0.0763  0.0543  
 2   0.0833     -    0.1073  0.0327  
 3   0.0763  0.1073     -    0.0742  
 4   0.0543  0.0327  0.0742     -    

Average distances (expected heterozygosity) between individuals in same cluster:
cluster  1  : 0.8166 
cluster  2  : 0.7958 
cluster  3  : 0.7523 
cluster  4  : 0.8359 

--------------------------------------------
Estimated Ln Prob of Data   = -178416.5
Mean value of ln likelihood = -173485.1
Variance of ln likelihood   = 9862.9

Mean value of alpha_1       = 0.0837
Mean value of alpha_2       = 0.1715
Mean value of alpha_3       = 0.1934
Mean value of alpha_4       = 0.3823
Allele frequencies uncorrelated


Inferred ancestry of individuals:
     (%Miss) :  Inferred clusters
  1    (0)   :  0.100 0.248 0.277 0.375 
  2    (0)   :  0.027 0.046 0.064 0.863 
  3    (0)   :  0.073 0.538 0.195 0.194 
  4    (0)   :  0.047 0.049 0.694 0.209 
  5    (0)   :  0.029 0.054 0.052 0.866 
  6    (0)   :  0.016 0.766 0.048 0.170 
  7    (0)   :  0.013 0.126 0.043 0.818 
  8    (0)   :  0.031 0.248 0.353 0.368 
  9    (0)   :  0.045 0.340 0.130 0.485 
 10    (0)   :  0.014 0.268 0.158 0.559 
 11    (0)   :  0.017 0.205 0.045 0.733 
 12    (0)   :  0.031 0.068 0.095 0.806 
 13    (0)   :  0.023 0.106 0.092 0.779 
 14    (0)   :  0.151 0.117 0.160 0.572 
 15    (0)   :  0.043 0.097 0.221 0.639 
 16    (0)   :  0.032 0.522 0.079 0.368 
 17    (0)   :  0.033 0.201 0.083 0.683 
 18    (0)   :  0.030 0.430 0.201 0.340 
 19    (0)   :  0.018 0.412 0.073 0.498 
 20    (0)   :  0.044 0.118 0.073 0.764 
 21    (0)   :  0.112 0.151 0.317 0.420 
 22    (0)   :  0.024 0.714 0.089 0.172 
 23    (0)   :  0.257 0.064 0.262 0.417 
 24    (0)   :  0.041 0.349 0.267 0.342 
 25    (0)   :  0.021 0.128 0.036 0.815 
 26    (0)   :  0.044 0.235 0.172 0.550 
 27    (0)   :  0.064 0.203 0.123 0.609 
 28    (0)   :  0.025 0.172 0.320 0.483 
 29    (0)   :  0.045 0.079 0.073 0.804 
 30    (0)   :  0.039 0.730 0.072 0.160 
 31    (0)   :  0.045 0.139 0.159 0.658 
 32    (0)   :  0.053 0.183 0.220 0.545 
 33    (0)   :  0.119 0.455 0.187 0.239 
 34    (0)   :  0.019 0.365 0.067 0.550 
 35    (0)   :  0.190 0.362 0.074 0.374 
 36    (0)   :  0.610 0.211 0.062 0.118 
 37    (0)   :  0.061 0.095 0.308 0.536 
 38    (0)   :  0.114 0.697 0.035 0.153 
 39    (0)   :  0.112 0.513 0.063 0.312 
 40    (0)   :  0.523 0.107 0.207 0.162 
 41    (0)   :  0.526 0.294 0.045 0.135 
 42    (0)   :  0.454 0.134 0.294 0.118 
 43    (0)   :  0.465 0.072 0.125 0.339 
 44    (0)   :  0.589 0.241 0.036 0.133 
 45    (0)   :  0.358 0.296 0.043 0.302 
 46    (0)   :  0.089 0.488 0.048 0.375 
 47    (0)   :  0.046 0.396 0.116 0.442 
 48    (0)   :  0.626 0.226 0.038 0.110 
 49    (0)   :  0.176 0.349 0.089 0.386 
 50    (0)   :  0.053 0.472 0.111 0.364 
 51    (0)   :  0.861 0.043 0.029 0.067 
 52    (0)   :  0.103 0.545 0.073 0.280 
 53    (0)   :  0.049 0.757 0.072 0.121 
 54    (0)   :  0.093 0.072 0.146 0.689 
 55    (0)   :  0.494 0.067 0.069 0.370 
 56    (0)   :  0.386 0.336 0.093 0.184 
 57    (0)   :  0.017 0.186 0.205 0.592 
 58    (0)   :  0.361 0.135 0.091 0.413 
 59    (0)   :  0.342 0.332 0.062 0.264 
 60    (0)   :  0.621 0.076 0.152 0.150 
 61    (0)   :  0.483 0.034 0.173 0.310 
 62    (0)   :  0.042 0.315 0.073 0.570 
 63    (0)   :  0.275 0.116 0.139 0.471 
 64    (0)   :  0.031 0.691 0.046 0.232 
 65    (0)   :  0.027 0.086 0.031 0.856 
 66    (0)   :  0.103 0.050 0.250 0.597 
 67    (0)   :  0.305 0.060 0.064 0.571 
 68    (0)   :  0.331 0.320 0.081 0.268 
 69    (0)   :  0.141 0.433 0.141 0.285 
 70    (0)   :  0.613 0.104 0.071 0.211 
 71    (0)   :  0.590 0.163 0.030 0.217 
 72    (0)   :  0.148 0.560 0.059 0.233 
 73    (0)   :  0.280 0.064 0.047 0.609 
 74    (0)   :  0.422 0.325 0.133 0.120 
 75    (0)   :  0.624 0.104 0.164 0.108 
 76    (0)   :  0.249 0.095 0.068 0.588 
 77    (0)   :  0.581 0.187 0.036 0.196 
 78    (0)   :  0.536 0.282 0.041 0.141 
 79    (0)   :  0.013 0.101 0.049 0.837 
 80    (0)   :  0.015 0.074 0.653 0.257 
 81    (0)   :  0.013 0.101 0.458 0.428 
 82    (0)   :  0.076 0.051 0.135 0.739 
 83    (0)   :  0.040 0.173 0.331 0.456 
 84    (0)   :  0.023 0.113 0.238 0.626 
 85    (0)   :  0.030 0.178 0.406 0.386 
 86    (0)   :  0.099 0.110 0.064 0.727 
 87    (0)   :  0.026 0.090 0.058 0.827 
 88    (0)   :  0.027 0.053 0.262 0.658 
 89    (0)   :  0.020 0.054 0.475 0.450 
 90    (0)   :  0.015 0.054 0.055 0.876 
 91    (0)   :  0.034 0.104 0.641 0.221 
 92    (0)   :  0.019 0.071 0.098 0.812 
 93    (0)   :  0.016 0.035 0.852 0.097 
 94    (0)   :  0.026 0.462 0.050 0.462 
 95    (0)   :  0.021 0.042 0.125 0.811 
 96    (0)   :  0.535 0.034 0.234 0.197 
 97    (0)   :  0.371 0.208 0.243 0.178 
 98    (0)   :  0.421 0.122 0.122 0.335 
 99    (0)   :  0.018 0.081 0.199 0.703 
100    (0)   :  0.026 0.029 0.803 0.142 
101    (0)   :  0.046 0.060 0.098 0.796 
102    (0)   :  0.095 0.091 0.400 0.414 
103    (0)   :  0.042 0.039 0.208 0.710 
104    (0)   :  0.040 0.053 0.070 0.837 
105    (0)   :  0.041 0.034 0.126 0.799 
106    (0)   :  0.030 0.256 0.025 0.688 
107    (0)   :  0.041 0.045 0.126 0.787 
108    (0)   :  0.632 0.088 0.041 0.239 
109    (0)   :  0.037 0.121 0.026 0.815 
110    (0)   :  0.021 0.269 0.031 0.679 
111    (0)   :  0.020 0.044 0.034 0.902 
112    (0)   :  0.029 0.125 0.027 0.818 
113    (0)   :  0.116 0.121 0.103 0.660 
114    (0)   :  0.030 0.050 0.086 0.834 
115    (0)   :  0.136 0.053 0.048 0.763 
116    (0)   :  0.129 0.203 0.030 0.638 
117    (0)   :  0.036 0.152 0.041 0.771 
118    (0)   :  0.043 0.045 0.043 0.869 
119    (0)   :  0.565 0.049 0.203 0.183 
120    (0)   :  0.039 0.062 0.046 0.853 
121    (0)   :  0.161 0.059 0.039 0.741 
122    (0)   :  0.025 0.182 0.033 0.760 
123    (0)   :  0.033 0.096 0.050 0.821 
124    (0)   :  0.097 0.379 0.043 0.482 
125    (0)   :  0.068 0.514 0.049 0.369 
126    (0)   :  0.111 0.184 0.061 0.644 
127    (0)   :  0.022 0.046 0.038 0.894 
128    (0)   :  0.047 0.038 0.046 0.870 
129    (0)   :  0.027 0.032 0.036 0.905 
130    (0)   :  0.022 0.052 0.089 0.837 
131    (0)   :  0.156 0.420 0.036 0.388 
132    (0)   :  0.030 0.107 0.030 0.832 
133    (0)   :  0.050 0.056 0.053 0.841 
134    (0)   :  0.015 0.203 0.021 0.761 
135    (0)   :  0.168 0.042 0.594 0.196 
136    (0)   :  0.016 0.039 0.849 0.096 
137    (0)   :  0.014 0.034 0.813 0.139 
138    (0)   :  0.023 0.042 0.863 0.072 
139    (0)   :  0.218 0.058 0.476 0.248 
140    (0)   :  0.080 0.098 0.556 0.266 
141    (0)   :  0.024 0.071 0.792 0.113 
142    (0)   :  0.206 0.037 0.606 0.152 
143    (0)   :  0.015 0.026 0.896 0.063 
144    (0)   :  0.016 0.030 0.823 0.131 
145    (0)   :  0.039 0.087 0.690 0.184 
146    (0)   :  0.050 0.084 0.535 0.331 
147    (0)   :  0.012 0.030 0.894 0.064 
148    (0)   :  0.051 0.049 0.681 0.218 
149    (0)   :  0.040 0.047 0.827 0.087 
150    (0)   :  0.022 0.042 0.656 0.280 
151    (0)   :  0.019 0.033 0.843 0.105 
152    (0)   :  0.097 0.069 0.614 0.221 
153    (0)   :  0.045 0.060 0.792 0.103 
154    (0)   :  0.028 0.037 0.824 0.111 
155    (0)   :  0.018 0.030 0.866 0.087 
156    (0)   :  0.106 0.029 0.732 0.133 
157    (0)   :  0.024 0.063 0.701 0.212 
158    (0)   :  0.027 0.089 0.727 0.157 
159    (0)   :  0.013 0.027 0.890 0.071 
160    (0)   :  0.013 0.027 0.882 0.078 
161    (0)   :  0.035 0.069 0.741 0.154 
162    (0)   :  0.061 0.089 0.462 0.388 
163    (0)   :  0.025 0.028 0.870 0.078 
164    (0)   :  0.029 0.058 0.450 0.462 
165    (0)   :  0.020 0.038 0.711 0.231 
166    (0)   :  0.064 0.087 0.589 0.260 
167    (0)   :  0.022 0.052 0.695 0.232 
168    (0)   :  0.047 0.077 0.770 0.105 
169    (0)   :  0.054 0.429 0.375 0.141 
170    (0)   :  0.059 0.032 0.795 0.114 
171    (0)   :  0.047 0.075 0.644 0.234 
172    (0)   :  0.197 0.179 0.538 0.086 
173    (0)   :  0.017 0.027 0.874 0.082 
174    (0)   :  0.015 0.036 0.850 0.099 
175    (0)   :  0.019 0.036 0.872 0.073 
176    (0)   :  0.015 0.030 0.823 0.131 
177    (0)   :  0.037 0.126 0.540 0.297 
178    (0)   :  0.015 0.053 0.801 0.130 
179    (0)   :  0.013 0.027 0.895 0.065 
180    (0)   :  0.043 0.078 0.665 0.213 
181    (0)   :  0.047 0.053 0.763 0.137 
182    (0)   :  0.029 0.025 0.833 0.113 
183    (0)   :  0.016 0.030 0.880 0.074 
184    (0)   :  0.051 0.089 0.079 0.781 
185    (0)   :  0.075 0.024 0.827 0.074 
186    (0)   :  0.031 0.061 0.060 0.848 
187    (0)   :  0.050 0.064 0.461 0.425 
188    (0)   :  0.029 0.046 0.046 0.879 
189    (0)   :  0.061 0.283 0.394 0.262 
190    (0)   :  0.608 0.020 0.273 0.099 
191    (0)   :  0.035 0.041 0.167 0.757 
192    (0)   :  0.036 0.063 0.362 0.538 
193    (0)   :  0.097 0.082 0.313 0.508 
194    (0)   :  0.089 0.053 0.295 0.563 
195    (0)   :  0.058 0.026 0.801 0.115 
196    (0)   :  0.491 0.034 0.253 0.221 
197    (0)   :  0.060 0.140 0.166 0.634 
198    (0)   :  0.079 0.129 0.195 0.597 
199    (0)   :  0.430 0.038 0.258 0.274 
200    (0)   :  0.377 0.077 0.213 0.333 
201    (0)   :  0.052 0.034 0.782 0.132 
202    (0)   :  0.095 0.027 0.718 0.160 
203    (0)   :  0.039 0.029 0.782 0.149 
204    (0)   :  0.103 0.028 0.569 0.301 
205    (0)   :  0.240 0.059 0.191 0.510 
206    (0)   :  0.081 0.034 0.492 0.393 
207    (0)   :  0.157 0.032 0.149 0.663 
208    (0)   :  0.263 0.037 0.429 0.271 
209    (0)   :  0.081 0.054 0.237 0.628 
210    (0)   :  0.080 0.037 0.495 0.387 
211    (0)   :  0.431 0.026 0.148 0.395 
212    (0)   :  0.044 0.047 0.786 0.124 
213    (0)   :  0.243 0.058 0.133 0.566 
214    (0)   :  0.066 0.033 0.773 0.128 
215    (0)   :  0.207 0.043 0.101 0.649 
216    (0)   :  0.059 0.091 0.106 0.744 
217    (0)   :  0.082 0.047 0.736 0.135 
218    (0)   :  0.073 0.058 0.295 0.574 
219    (0)   :  0.037 0.175 0.362 0.426 
220    (0)   :  0.083 0.032 0.196 0.688 
221    (0)   :  0.112 0.024 0.794 0.070 
222    (0)   :  0.040 0.152 0.178 0.629 
223    (0)   :  0.055 0.086 0.551 0.308 
224    (0)   :  0.039 0.033 0.695 0.233 
225    (0)   :  0.156 0.045 0.361 0.438 
226    (0)   :  0.217 0.226 0.242 0.315 
227    (0)   :  0.181 0.031 0.466 0.321 
228    (0)   :  0.155 0.026 0.689 0.130 
229    (0)   :  0.021 0.038 0.689 0.252 
230    (0)   :  0.033 0.034 0.600 0.334 
231    (0)   :  0.024 0.058 0.631 0.287 
232    (0)   :  0.095 0.078 0.396 0.430 
233    (0)   :  0.039 0.032 0.810 0.118 
234    (0)   :  0.042 0.093 0.297 0.568 
235    (0)   :  0.146 0.096 0.466 0.292 
236    (0)   :  0.067 0.062 0.576 0.295 
237    (0)   :  0.096 0.035 0.254 0.616 
238    (0)   :  0.066 0.042 0.717 0.176 
239    (0)   :  0.057 0.026 0.802 0.116 
240    (0)   :  0.064 0.041 0.719 0.176 
241    (0)   :  0.055 0.032 0.785 0.128 
242    (0)   :  0.051 0.112 0.447 0.391 
243    (0)   :  0.517 0.025 0.283 0.175 
244    (0)   :  0.038 0.032 0.753 0.177 
245    (0)   :  0.046 0.029 0.830 0.095 
246    (0)   :  0.085 0.049 0.731 0.135 
247    (0)   :  0.079 0.083 0.050 0.788 
248    (0)   :  0.149 0.038 0.063 0.751 
249    (0)   :  0.055 0.037 0.676 0.232 
250    (0)   :  0.045 0.056 0.437 0.462 
251    (0)   :  0.141 0.122 0.141 0.596 
252    (0)   :  0.079 0.059 0.509 0.352 
253    (0)   :  0.171 0.077 0.113 0.639 
254    (0)   :  0.053 0.108 0.228 0.611 
255    (0)   :  0.045 0.080 0.342 0.533 
256    (0)   :  0.145 0.041 0.602 0.213 
257    (0)   :  0.170 0.043 0.264 0.523 
258    (0)   :  0.252 0.058 0.137 0.553 
259    (0)   :  0.061 0.040 0.206 0.693 
260    (0)   :  0.032 0.126 0.404 0.438 
261    (0)   :  0.110 0.057 0.625 0.207 
262    (0)   :  0.238 0.029 0.639 0.094 
263    (0)   :  0.069 0.044 0.194 0.694 
264    (0)   :  0.063 0.464 0.044 0.429 
265    (0)   :  0.117 0.110 0.338 0.435 
266    (0)   :  0.072 0.024 0.827 0.077 
267    (0)   :  0.061 0.054 0.373 0.512 
268    (0)   :  0.496 0.035 0.252 0.216 
269    (0)   :  0.048 0.225 0.363 0.364 
270    (0)   :  0.048 0.069 0.116 0.766 
271    (0)   :  0.274 0.046 0.118 0.561 
272    (0)   :  0.449 0.114 0.129 0.308 
273    (0)   :  0.166 0.120 0.421 0.293 
274    (0)   :  0.145 0.097 0.198 0.560 
275    (0)   :  0.182 0.129 0.325 0.363 
276    (0)   :  0.453 0.091 0.105 0.351 
277    (0)   :  0.054 0.092 0.489 0.365 
278    (0)   :  0.436 0.043 0.120 0.402 
279    (0)   :  0.101 0.065 0.364 0.470 
280    (0)   :  0.149 0.188 0.284 0.379 
281    (0)   :  0.098 0.057 0.201 0.643 
282    (0)   :  0.033 0.074 0.655 0.237 
283    (0)   :  0.029 0.038 0.775 0.158 
284    (0)   :  0.102 0.054 0.335 0.508 
285    (0)   :  0.226 0.054 0.038 0.681 
286    (0)   :  0.040 0.031 0.752 0.177 
287    (0)   :  0.060 0.140 0.305 0.496 
288    (0)   :  0.189 0.163 0.190 0.458 
289    (0)   :  0.189 0.097 0.166 0.548 
290    (0)   :  0.329 0.218 0.141 0.312 
291    (0)   :  0.262 0.046 0.121 0.571 
292    (0)   :  0.263 0.138 0.360 0.239 
293    (0)   :  0.251 0.353 0.085 0.312 
294    (0)   :  0.100 0.056 0.180 0.664 
295    (0)   :  0.224 0.118 0.207 0.451 
296    (0)   :  0.152 0.042 0.179 0.627 
297    (0)   :  0.074 0.209 0.168 0.548 
298    (0)   :  0.028 0.076 0.534 0.362 
299    (0)   :  0.030 0.058 0.173 0.738 
300    (0)   :  0.109 0.047 0.140 0.704 
301    (0)   :  0.060 0.128 0.124 0.689 
302    (0)   :  0.221 0.052 0.151 0.576 
303    (0)   :  0.052 0.060 0.674 0.214 
304    (0)   :  0.028 0.141 0.465 0.367 
305    (0)   :  0.091 0.035 0.716 0.158 
306    (0)   :  0.069 0.064 0.713 0.153 
307    (0)   :  0.083 0.058 0.303 0.556 
308    (0)   :  0.116 0.057 0.618 0.208 
309    (0)   :  0.215 0.053 0.184 0.548 
310    (0)   :  0.193 0.032 0.602 0.173 
311    (0)   :  0.033 0.033 0.599 0.335 
312    (0)   :  0.100 0.029 0.185 0.687 
313    (0)   :  0.393 0.031 0.072 0.504 
314    (0)   :  0.021 0.027 0.895 0.057 
315    (0)   :  0.034 0.041 0.854 0.071 
316    (0)   :  0.024 0.051 0.851 0.074 
317    (0)   :  0.013 0.029 0.901 0.058 
318    (0)   :  0.010 0.030 0.902 0.057 
319    (0)   :  0.015 0.026 0.893 0.066 
320    (0)   :  0.021 0.028 0.894 0.057 
321    (0)   :  0.012 0.032 0.896 0.060 
322    (0)   :  0.033 0.046 0.846 0.075 
323    (0)   :  0.011 0.028 0.900 0.061 
324    (0)   :  0.012 0.032 0.897 0.059 
325    (0)   :  0.019 0.052 0.858 0.071 
326    (0)   :  0.020 0.052 0.861 0.067 
327    (0)   :  0.013 0.029 0.900 0.058 
328    (0)   :  0.025 0.046 0.846 0.083 
329    (0)   :  0.011 0.027 0.902 0.059 
330    (0)   :  0.013 0.028 0.900 0.058 
331    (0)   :  0.011 0.027 0.902 0.060 
332    (0)   :  0.018 0.063 0.845 0.074 
333    (0)   :  0.021 0.043 0.863 0.072 
334    (0)   :  0.026 0.046 0.845 0.082 
335    (0)   :  0.027 0.041 0.859 0.074 
336    (0)   :  0.015 0.034 0.893 0.057 
337    (0)   :  0.023 0.055 0.848 0.074 
338    (0)   :  0.010 0.032 0.899 0.058 
339    (0)   :  0.011 0.027 0.902 0.060 
340    (0)   :  0.012 0.024 0.905 0.059 
341    (0)   :  0.012 0.028 0.898 0.062 
342    (0)   :  0.013 0.028 0.901 0.057 
343    (0)   :  0.044 0.048 0.833 0.075 
344    (0)   :  0.011 0.028 0.903 0.059 
345    (0)   :  0.013 0.028 0.901 0.057 
346    (0)   :  0.011 0.027 0.906 0.056 
347    (0)   :  0.011 0.026 0.907 0.056 
348    (0)   :  0.057 0.038 0.835 0.071 
349    (0)   :  0.013 0.029 0.900 0.057 
350    (0)   :  0.017 0.027 0.892 0.064 
351    (0)   :  0.027 0.042 0.857 0.074 
352    (0)   :  0.027 0.046 0.855 0.072 
353    (0)   :  0.015 0.033 0.895 0.057 
354    (0)   :  0.011 0.028 0.901 0.060 
355    (0)   :  0.011 0.031 0.902 0.057 
356    (0)   :  0.075 0.038 0.811 0.075 
357    (0)   :  0.025 0.220 0.550 0.206 
358    (0)   :  0.018 0.048 0.859 0.075 
359    (0)   :  0.011 0.028 0.900 0.062 
360    (0)   :  0.011 0.028 0.905 0.056 
361    (0)   :  0.036 0.229 0.490 0.245 
362    (0)   :  0.041 0.240 0.084 0.634 
363    (0)   :  0.051 0.513 0.045 0.391 
364    (0)   :  0.029 0.224 0.366 0.381 
365    (0)   :  0.035 0.557 0.050 0.357 
366    (0)   :  0.270 0.362 0.137 0.232 
367    (0)   :  0.015 0.372 0.026 0.587 
368    (0)   :  0.016 0.066 0.047 0.870 
369    (0)   :  0.180 0.195 0.369 0.255 
370    (0)   :  0.051 0.078 0.071 0.801 
371    (0)   :  0.065 0.271 0.137 0.527 
372    (0)   :  0.067 0.075 0.133 0.725 
373    (0)   :  0.021 0.147 0.087 0.746 
374    (0)   :  0.033 0.279 0.342 0.347 
375    (0)   :  0.019 0.332 0.038 0.611 
376    (0)   :  0.014 0.853 0.029 0.105 
377    (0)   :  0.049 0.330 0.064 0.557 
378    (0)   :  0.022 0.083 0.160 0.735 
379    (0)   :  0.019 0.859 0.026 0.096 
380    (0)   :  0.067 0.688 0.132 0.114 
381    (0)   :  0.052 0.757 0.101 0.090 
382    (0)   :  0.015 0.369 0.042 0.574 
383    (0)   :  0.022 0.762 0.117 0.099 
384    (0)   :  0.028 0.615 0.093 0.264 
385    (0)   :  0.013 0.097 0.139 0.751 
386    (0)   :  0.024 0.427 0.041 0.508 
387    (0)   :  0.025 0.398 0.045 0.532 
388    (0)   :  0.023 0.178 0.258 0.540 
389    (0)   :  0.251 0.058 0.059 0.632 
390    (0)   :  0.217 0.473 0.037 0.273 
391    (0)   :  0.116 0.116 0.084 0.684 
392    (0)   :  0.025 0.677 0.082 0.216 
393    (0)   :  0.052 0.805 0.057 0.087 
394    (0)   :  0.028 0.194 0.245 0.532 
395    (0)   :  0.339 0.288 0.053 0.320 
396    (0)   :  0.017 0.286 0.029 0.668 
397    (0)   :  0.036 0.173 0.202 0.589 
398    (0)   :  0.021 0.777 0.028 0.175 
399    (0)   :  0.077 0.215 0.039 0.669 
400    (0)   :  0.021 0.505 0.056 0.417 
401    (0)   :  0.084 0.193 0.060 0.663 
402    (0)   :  0.105 0.155 0.073 0.668 
403    (0)   :  0.029 0.125 0.380 0.466 
404    (0)   :  0.032 0.415 0.101 0.452 
405    (0)   :  0.056 0.351 0.099 0.494 
406    (0)   :  0.687 0.154 0.076 0.082 
407    (0)   :  0.016 0.822 0.028 0.133 
408    (0)   :  0.119 0.054 0.029 0.797 
409    (0)   :  0.450 0.191 0.235 0.125 
410    (0)   :  0.033 0.558 0.082 0.327 
411    (0)   :  0.070 0.615 0.157 0.157 
412    (0)   :  0.014 0.088 0.044 0.854 
413    (0)   :  0.023 0.093 0.149 0.735 
414    (0)   :  0.015 0.075 0.032 0.877 
415    (0)   :  0.058 0.747 0.044 0.152 
416    (0)   :  0.044 0.423 0.075 0.457 
417    (0)   :  0.018 0.759 0.037 0.186 
418    (0)   :  0.013 0.232 0.032 0.724 
419    (0)   :  0.122 0.227 0.178 0.473 
420    (0)   :  0.230 0.236 0.038 0.495 
421    (0)   :  0.025 0.504 0.048 0.423 
422    (0)   :  0.215 0.369 0.059 0.357 
423    (0)   :  0.035 0.617 0.061 0.286 
424    (0)   :  0.134 0.130 0.058 0.678 
425    (0)   :  0.036 0.270 0.091 0.602 
426    (0)   :  0.023 0.155 0.071 0.751 
427    (0)   :  0.029 0.712 0.110 0.149 
428    (0)   :  0.120 0.427 0.181 0.271 
429    (0)   :  0.013 0.768 0.026 0.193 
430    (0)   :  0.022 0.785 0.035 0.159 
431    (0)   :  0.022 0.110 0.063 0.805 
432    (0)   :  0.019 0.075 0.055 0.851 
433    (0)   :  0.052 0.050 0.254 0.644 
434    (0)   :  0.038 0.217 0.152 0.594 
435    (0)   :  0.026 0.798 0.027 0.149 
436    (0)   :  0.027 0.836 0.044 0.092 
437    (0)   :  0.017 0.803 0.032 0.148 
438    (0)   :  0.296 0.426 0.068 0.210 
439    (0)   :  0.016 0.860 0.036 0.089 
440    (0)   :  0.021 0.843 0.023 0.113 
441    (0)   :  0.027 0.598 0.098 0.278 
442    (0)   :  0.035 0.663 0.034 0.268 
443    (0)   :  0.117 0.405 0.030 0.448 
444    (0)   :  0.044 0.730 0.032 0.194 
445    (0)   :  0.133 0.572 0.137 0.158 
446    (0)   :  0.021 0.748 0.033 0.198 
447    (0)   :  0.080 0.594 0.072 0.254 
448    (0)   :  0.028 0.633 0.035 0.303 
449    (0)   :  0.032 0.578 0.064 0.326 
450    (0)   :  0.012 0.689 0.059 0.240 
451    (0)   :  0.032 0.101 0.025 0.842 
452    (0)   :  0.014 0.758 0.048 0.181 
453    (0)   :  0.519 0.084 0.064 0.332 
454    (0)   :  0.026 0.610 0.076 0.288 
455    (0)   :  0.079 0.728 0.031 0.161 
456    (0)   :  0.115 0.667 0.030 0.188 
457    (0)   :  0.017 0.831 0.033 0.119 
458    (0)   :  0.017 0.827 0.037 0.119 
459    (0)   :  0.046 0.546 0.100 0.308 
460    (0)   :  0.022 0.741 0.030 0.207 
461    (0)   :  0.013 0.583 0.030 0.374 
462    (0)   :  0.044 0.683 0.024 0.250 
463    (0)   :  0.570 0.231 0.053 0.145 
464    (0)   :  0.058 0.617 0.029 0.296 
465    (0)   :  0.050 0.276 0.044 0.630 
466    (0)   :  0.247 0.320 0.034 0.398 
467    (0)   :  0.054 0.634 0.069 0.243 
468    (0)   :  0.046 0.833 0.028 0.094 
469    (0)   :  0.018 0.876 0.030 0.076 
470    (0)   :  0.021 0.825 0.028 0.126 
471    (0)   :  0.201 0.318 0.040 0.441 
472    (0)   :  0.076 0.413 0.045 0.466 
473    (0)   :  0.045 0.455 0.068 0.432 
474    (0)   :  0.028 0.736 0.051 0.186 
475    (0)   :  0.040 0.306 0.071 0.583 
476    (0)   :  0.023 0.839 0.036 0.102 
477    (0)   :  0.055 0.174 0.061 0.710 
478    (0)   :  0.020 0.144 0.029 0.808 
479    (0)   :  0.018 0.767 0.027 0.188 
480    (0)   :  0.014 0.861 0.032 0.093 
481    (0)   :  0.044 0.293 0.038 0.626 
482    (0)   :  0.013 0.837 0.027 0.124 
483    (0)   :  0.025 0.788 0.037 0.149 
484    (0)   :  0.187 0.559 0.045 0.208 
485    (0)   :  0.039 0.811 0.030 0.121 
486    (0)   :  0.094 0.064 0.056 0.786 
487    (0)   :  0.044 0.080 0.153 0.723 
488    (0)   :  0.028 0.045 0.074 0.853 
489    (0)   :  0.152 0.104 0.286 0.458 
490    (0)   :  0.051 0.084 0.033 0.832 
491    (0)   :  0.059 0.052 0.179 0.709 
492    (0)   :  0.073 0.053 0.248 0.626 
493    (0)   :  0.035 0.050 0.072 0.843 
494    (0)   :  0.059 0.093 0.130 0.718 
495    (0)   :  0.048 0.064 0.116 0.772 
496    (0)   :  0.104 0.073 0.408 0.415 
497    (0)   :  0.023 0.048 0.127 0.802 
498    (0)   :  0.140 0.078 0.102 0.679 
499    (0)   :  0.053 0.061 0.314 0.572 
500    (0)   :  0.044 0.152 0.078 0.727 
501    (0)   :  0.029 0.135 0.177 0.659 
502    (0)   :  0.018 0.077 0.196 0.709 
503    (0)   :  0.030 0.384 0.048 0.537 
504    (0)   :  0.039 0.046 0.046 0.869 
505    (0)   :  0.210 0.055 0.129 0.605 
506    (0)   :  0.029 0.069 0.196 0.706 
507    (0)   :  0.053 0.033 0.804 0.111 
508    (0)   :  0.156 0.030 0.609 0.205 
509    (0)   :  0.095 0.053 0.268 0.584 
510    (0)   :  0.035 0.145 0.325 0.495 
511    (0)   :  0.070 0.452 0.062 0.416 
512    (0)   :  0.019 0.420 0.035 0.525 
513    (0)   :  0.077 0.023 0.063 0.836 
514    (0)   :  0.031 0.057 0.057 0.855 
515    (0)   :  0.094 0.453 0.168 0.285 
516    (0)   :  0.073 0.045 0.062 0.820 
517    (0)   :  0.274 0.179 0.145 0.402 
518    (0)   :  0.027 0.151 0.341 0.481 
519    (0)   :  0.030 0.067 0.065 0.838 
520    (0)   :  0.372 0.189 0.289 0.149 
521    (0)   :  0.061 0.066 0.443 0.430 
522    (0)   :  0.217 0.516 0.050 0.217 
523    (0)   :  0.540 0.058 0.148 0.254 
524    (0)   :  0.152 0.434 0.096 0.318 
525    (0)   :  0.065 0.270 0.318 0.346 
526    (0)   :  0.617 0.207 0.073 0.103 
527    (0)   :  0.018 0.142 0.054 0.787 
528    (0)   :  0.055 0.045 0.718 0.182 
529    (0)   :  0.041 0.068 0.171 0.720 
530    (0)   :  0.116 0.439 0.105 0.340 
531    (0)   :  0.078 0.209 0.453 0.259 
532    (0)   :  0.069 0.101 0.316 0.514 
533    (0)   :  0.113 0.311 0.089 0.487 
534    (0)   :  0.144 0.037 0.141 0.678 
535    (0)   :  0.411 0.151 0.077 0.362 
536    (0)   :  0.214 0.298 0.224 0.264 
537    (0)   :  0.382 0.062 0.383 0.173 
538    (0)   :  0.260 0.097 0.307 0.335 
539    (0)   :  0.044 0.035 0.827 0.095 
540    (0)   :  0.216 0.125 0.347 0.312 
541    (0)   :  0.061 0.109 0.606 0.225 
542    (0)   :  0.633 0.166 0.060 0.141 
543    (0)   :  0.370 0.055 0.194 0.381 
544    (0)   :  0.630 0.088 0.097 0.186 
545    (0)   :  0.753 0.100 0.034 0.114 
546    (0)   :  0.390 0.088 0.216 0.306 
547    (0)   :  0.762 0.041 0.086 0.111 
548    (0)   :  0.045 0.057 0.432 0.466 
549    (0)   :  0.286 0.182 0.430 0.103 
550    (0)   :  0.548 0.217 0.058 0.177 
551    (0)   :  0.062 0.081 0.677 0.179 
552    (0)   :  0.261 0.087 0.393 0.260 
553    (0)   :  0.714 0.029 0.139 0.119 
554    (0)   :  0.078 0.224 0.195 0.502 
555    (0)   :  0.249 0.058 0.460 0.234 
556    (0)   :  0.342 0.078 0.235 0.344 
557    (0)   :  0.507 0.236 0.081 0.175 
558    (0)   :  0.012 0.847 0.028 0.113 
559    (0)   :  0.040 0.063 0.053 0.844 
560    (0)   :  0.025 0.508 0.023 0.444 
561    (0)   :  0.042 0.249 0.032 0.677 
562    (0)   :  0.053 0.155 0.024 0.767 
563    (0)   :  0.057 0.105 0.133 0.705 
564    (0)   :  0.089 0.065 0.068 0.778 
565    (0)   :  0.015 0.834 0.033 0.118 
566    (0)   :  0.023 0.294 0.024 0.659 
567    (0)   :  0.030 0.051 0.042 0.877 
568    (0)   :  0.076 0.156 0.054 0.714 
569    (0)   :  0.135 0.350 0.055 0.459 
570    (0)   :  0.012 0.798 0.025 0.165 
571    (0)   :  0.023 0.097 0.037 0.844 
572    (0)   :  0.509 0.124 0.161 0.206 
573    (0)   :  0.076 0.157 0.065 0.703 
574    (0)   :  0.036 0.441 0.144 0.380 
575    (0)   :  0.038 0.128 0.086 0.748 
576    (0)   :  0.015 0.162 0.023 0.799 
577    (0)   :  0.026 0.353 0.121 0.500 
578    (0)   :  0.029 0.201 0.041 0.728 
579    (0)   :  0.028 0.203 0.042 0.727 
580    (0)   :  0.022 0.521 0.072 0.386 
581    (0)   :  0.022 0.500 0.052 0.426 
582    (0)   :  0.028 0.755 0.027 0.190 
583    (0)   :  0.019 0.156 0.038 0.787 
584    (0)   :  0.016 0.141 0.028 0.816 
585    (0)   :  0.022 0.275 0.035 0.667 
586    (0)   :  0.026 0.075 0.047 0.852 
587    (0)   :  0.049 0.471 0.028 0.451 
588    (0)   :  0.388 0.027 0.053 0.532 
589    (0)   :  0.072 0.661 0.030 0.237 
590    (0)   :  0.022 0.056 0.034 0.888 
591    (0)   :  0.019 0.073 0.041 0.867 
592    (0)   :  0.118 0.170 0.035 0.676 
593    (0)   :  0.040 0.217 0.070 0.673 
594    (0)   :  0.022 0.059 0.072 0.847 
595    (0)   :  0.014 0.190 0.027 0.770 
596    (0)   :  0.224 0.156 0.066 0.554 
597    (0)   :  0.080 0.064 0.170 0.686 
598    (0)   :  0.013 0.854 0.026 0.107 
599    (0)   :  0.050 0.223 0.027 0.700 
600    (0)   :  0.041 0.493 0.089 0.376 
601    (0)   :  0.034 0.438 0.028 0.501 
602    (0)   :  0.024 0.060 0.132 0.784 
603    (0)   :  0.028 0.056 0.121 0.796 
604    (0)   :  0.037 0.512 0.103 0.348 
605    (0)   :  0.055 0.174 0.048 0.723 
606    (0)   :  0.060 0.158 0.180 0.602 
607    (0)   :  0.021 0.188 0.286 0.505 
608    (0)   :  0.023 0.202 0.467 0.308 
609    (0)   :  0.040 0.412 0.065 0.482 
610    (0)   :  0.097 0.618 0.051 0.234 
611    (0)   :  0.057 0.074 0.112 0.756 
612    (0)   :  0.025 0.828 0.037 0.109 
613    (0)   :  0.060 0.230 0.070 0.640 
614    (0)   :  0.025 0.756 0.041 0.178 
615    (0)   :  0.026 0.748 0.076 0.151 
616    (0)   :  0.022 0.172 0.198 0.609 
617    (0)   :  0.050 0.331 0.042 0.577 
618    (0)   :  0.063 0.536 0.181 0.220 
619    (0)   :  0.155 0.184 0.136 0.525 
620    (0)   :  0.098 0.102 0.029 0.772 
621    (0)   :  0.013 0.150 0.038 0.799 
622    (0)   :  0.120 0.420 0.136 0.324 
623    (0)   :  0.038 0.110 0.043 0.810 
624    (0)   :  0.023 0.702 0.123 0.152 
625    (0)   :  0.019 0.470 0.153 0.358 
626    (0)   :  0.140 0.299 0.450 0.111 
627    (0)   :  0.038 0.133 0.063 0.766 
628    (0)   :  0.030 0.079 0.058 0.833 
629    (0)   :  0.021 0.136 0.075 0.767 
630    (0)   :  0.031 0.608 0.053 0.308 
631    (0)   :  0.021 0.385 0.075 0.519 
632    (0)   :  0.104 0.113 0.325 0.458 
633    (0)   :  0.023 0.392 0.116 0.469 
634    (0)   :  0.062 0.166 0.192 0.580 
635    (0)   :  0.028 0.145 0.571 0.255 
636    (0)   :  0.029 0.425 0.230 0.316 
637    (0)   :  0.276 0.162 0.112 0.450 
638    (0)   :  0.021 0.117 0.105 0.757 
639    (0)   :  0.028 0.350 0.114 0.508 
640    (0)   :  0.013 0.112 0.047 0.828 
641    (0)   :  0.024 0.159 0.071 0.746 
642    (0)   :  0.068 0.085 0.610 0.236 
643    (0)   :  0.021 0.047 0.815 0.116 
644    (0)   :  0.025 0.048 0.651 0.275 
645    (0)   :  0.046 0.316 0.535 0.103 
646    (0)   :  0.109 0.094 0.132 0.665 
647    (0)   :  0.066 0.061 0.350 0.523 
648    (0)   :  0.129 0.113 0.353 0.406 
649    (0)   :  0.324 0.045 0.197 0.435 
650    (0)   :  0.072 0.049 0.163 0.716 
651    (0)   :  0.018 0.049 0.462 0.471 
652    (0)   :  0.037 0.061 0.620 0.282 
653    (0)   :  0.080 0.087 0.424 0.409 
654    (0)   :  0.125 0.071 0.583 0.220 
655    (0)   :  0.041 0.080 0.527 0.352 
656    (0)   :  0.135 0.084 0.268 0.513 
657    (0)   :  0.028 0.247 0.184 0.540 
658    (0)   :  0.113 0.141 0.229 0.516 
659    (0)   :  0.100 0.076 0.542 0.281 
660    (0)   :  0.048 0.042 0.740 0.170 
661    (0)   :  0.187 0.079 0.589 0.144 
662    (0)   :  0.511 0.036 0.103 0.350 
663    (0)   :  0.037 0.065 0.639 0.259 
664    (0)   :  0.058 0.203 0.246 0.493 
665    (0)   :  0.318 0.044 0.149 0.489 
666    (0)   :  0.086 0.069 0.617 0.228 
667    (0)   :  0.040 0.064 0.080 0.816 
668    (0)   :  0.085 0.120 0.495 0.300 
669    (0)   :  0.082 0.055 0.341 0.521 
670    (0)   :  0.018 0.028 0.874 0.079 
671    (0)   :  0.035 0.037 0.774 0.154 
672    (0)   :  0.063 0.077 0.689 0.171 
673    (0)   :  0.011 0.030 0.896 0.063 
674    (0)   :  0.025 0.054 0.805 0.116 
675    (0)   :  0.015 0.030 0.826 0.129 
676    (0)   :  0.013 0.028 0.896 0.063 
677    (0)   :  0.082 0.026 0.822 0.071 
678    (0)   :  0.011 0.030 0.890 0.069 
679    (0)   :  0.012 0.052 0.825 0.111 
680    (0)   :  0.022 0.049 0.836 0.094 
681    (0)   :  0.323 0.135 0.305 0.236 
682    (0)   :  0.021 0.054 0.845 0.080 
683    (0)   :  0.020 0.027 0.879 0.074 
684    (0)   :  0.013 0.030 0.887 0.070 
685    (0)   :  0.014 0.025 0.900 0.061 
686    (0)   :  0.083 0.048 0.774 0.094 
687    (0)   :  0.047 0.034 0.782 0.137 
688    (0)   :  0.018 0.035 0.844 0.102 
689    (0)   :  0.013 0.027 0.898 0.062 
690    (0)   :  0.013 0.028 0.894 0.064 
691    (0)   :  0.020 0.048 0.831 0.101 
692    (0)   :  0.013 0.042 0.841 0.104 
693    (0)   :  0.016 0.048 0.830 0.106 
694    (0)   :  0.015 0.024 0.904 0.058 
695    (0)   :  0.039 0.039 0.852 0.070 
696    (0)   :  0.018 0.036 0.843 0.102 
697    (0)   :  0.017 0.028 0.890 0.066 
698    (0)   :  0.014 0.028 0.892 0.066 
699    (0)   :  0.131 0.035 0.763 0.071 
700    (0)   :  0.050 0.075 0.789 0.086 
701    (0)   :  0.031 0.062 0.777 0.130 
702    (0)   :  0.050 0.069 0.741 0.140 
703    (0)   :  0.023 0.051 0.843 0.083 
704    (0)   :  0.026 0.033 0.851 0.090 
705    (0)   :  0.335 0.068 0.446 0.151 
706    (0)   :  0.033 0.045 0.847 0.076 
707    (0)   :  0.021 0.031 0.881 0.067 
708    (0)   :  0.016 0.026 0.885 0.072 
709    (0)   :  0.044 0.032 0.862 0.063 
710    (0)   :  0.016 0.025 0.903 0.056 
711    (0)   :  0.056 0.045 0.814 0.084 
712    (0)   :  0.066 0.023 0.846 0.065 
713    (0)   :  0.021 0.032 0.850 0.096 
714    (0)   :  0.018 0.051 0.790 0.142 
715    (0)   :  0.033 0.024 0.886 0.057 
716    (0)   :  0.031 0.043 0.857 0.068 
717    (0)   :  0.020 0.026 0.898 0.056 
718    (0)   :  0.039 0.044 0.808 0.109 
719    (0)   :  0.030 0.025 0.885 0.060 
720    (0)   :  0.019 0.145 0.042 0.794 
721    (0)   :  0.029 0.160 0.629 0.182 
722    (0)   :  0.044 0.474 0.089 0.393 
723    (0)   :  0.016 0.519 0.077 0.387 
724    (0)   :  0.025 0.618 0.203 0.154 
725    (0)   :  0.038 0.114 0.249 0.600 
726    (0)   :  0.069 0.565 0.131 0.235 
727    (0)   :  0.248 0.183 0.265 0.304 
728    (0)   :  0.015 0.884 0.024 0.077 
729    (0)   :  0.013 0.853 0.027 0.107 
730    (0)   :  0.016 0.418 0.056 0.510 
731    (0)   :  0.019 0.775 0.058 0.149 
732    (0)   :  0.017 0.526 0.078 0.379 
733    (0)   :  0.012 0.826 0.036 0.126 
734    (0)   :  0.014 0.819 0.026 0.142 
735    (0)   :  0.010 0.841 0.044 0.105 
736    (0)   :  0.020 0.514 0.053 0.413 
737    (0)   :  0.053 0.468 0.056 0.423 
738    (0)   :  0.017 0.443 0.050 0.490 
739    (0)   :  0.012 0.838 0.033 0.117 
740    (0)   :  0.019 0.046 0.752 0.183 
741    (0)   :  0.038 0.095 0.562 0.305 
742    (0)   :  0.016 0.123 0.165 0.696 
743    (0)   :  0.017 0.088 0.095 0.800 
744    (0)   :  0.243 0.057 0.122 0.577 
745    (0)   :  0.041 0.087 0.037 0.835 
746    (0)   :  0.024 0.137 0.248 0.591 
747    (0)   :  0.025 0.059 0.071 0.845 
748    (0)   :  0.016 0.055 0.521 0.408 
749    (0)   :  0.052 0.068 0.196 0.684 
750    (0)   :  0.024 0.067 0.152 0.757 
751    (0)   :  0.018 0.066 0.530 0.386 
752    (0)   :  0.023 0.083 0.097 0.796 
753    (0)   :  0.028 0.177 0.284 0.511 
754    (0)   :  0.026 0.087 0.432 0.455 
755    (0)   :  0.014 0.092 0.192 0.702 
756    (0)   :  0.020 0.046 0.291 0.643 
757    (0)   :  0.017 0.063 0.143 0.778 
758    (0)   :  0.023 0.041 0.034 0.901 
759    (0)   :  0.046 0.128 0.560 0.266 
760    (0)   :  0.019 0.209 0.139 0.632 
761    (0)   :  0.020 0.399 0.363 0.218 
762    (0)   :  0.011 0.446 0.057 0.486 
763    (0)   :  0.028 0.174 0.289 0.510 
764    (0)   :  0.015 0.061 0.087 0.837 
765    (0)   :  0.015 0.346 0.089 0.549 
766    (0)   :  0.012 0.064 0.413 0.511 
767    (0)   :  0.025 0.100 0.241 0.634 
768    (0)   :  0.011 0.472 0.056 0.460 
769    (0)   :  0.022 0.458 0.252 0.268 
770    (0)   :  0.015 0.418 0.049 0.519 
771    (0)   :  0.288 0.042 0.205 0.465 
772    (0)   :  0.068 0.108 0.317 0.507 
773    (0)   :  0.014 0.055 0.108 0.823 
774    (0)   :  0.019 0.080 0.582 0.319 
775    (0)   :  0.015 0.624 0.091 0.271 
776    (0)   :  0.019 0.069 0.055 0.857 
777    (0)   :  0.075 0.103 0.131 0.691 
778    (0)   :  0.048 0.068 0.259 0.624 
779    (0)   :  0.016 0.050 0.128 0.806 
780    (0)   :  0.016 0.068 0.447 0.469 
781    (0)   :  0.112 0.047 0.384 0.457 
782    (0)   :  0.016 0.049 0.128 0.808 
783    (0)   :  0.016 0.106 0.289 0.590 
784    (0)   :  0.018 0.149 0.071 0.762 
785    (0)   :  0.020 0.068 0.150 0.762 
786    (0)   :  0.017 0.079 0.522 0.382 
787    (0)   :  0.036 0.035 0.518 0.411 
788    (0)   :  0.034 0.117 0.088 0.761 
789    (0)   :  0.016 0.149 0.080 0.755 
790    (0)   :  0.015 0.121 0.295 0.568 
791    (0)   :  0.020 0.086 0.131 0.763 
792    (0)   :  0.059 0.038 0.530 0.374 
793    (0)   :  0.085 0.160 0.502 0.252 
794    (0)   :  0.029 0.105 0.154 0.712 
795    (0)   :  0.031 0.140 0.601 0.227 
796    (0)   :  0.039 0.067 0.161 0.733 
797    (0)   :  0.046 0.062 0.737 0.155 
798    (0)   :  0.151 0.632 0.030 0.188 
799    (0)   :  0.034 0.085 0.072 0.809 
800    (0)   :  0.171 0.030 0.579 0.220 
801    (0)   :  0.115 0.642 0.060 0.183 
802    (0)   :  0.136 0.373 0.271 0.219 
803    (0)   :  0.070 0.111 0.468 0.351 
804    (0)   :  0.268 0.117 0.134 0.481 
805    (0)   :  0.026 0.043 0.820 0.111 
806    (0)   :  0.457 0.267 0.095 0.181 
807    (0)   :  0.047 0.040 0.814 0.100 
808    (0)   :  0.215 0.061 0.487 0.238 
809    (0)   :  0.725 0.115 0.049 0.111 
810    (0)   :  0.032 0.186 0.223 0.559 
811    (0)   :  0.307 0.085 0.413 0.195 
812    (0)   :  0.826 0.041 0.028 0.105 
813    (0)   :  0.100 0.644 0.036 0.220 
814    (0)   :  0.425 0.044 0.058 0.473 
815    (0)   :  0.537 0.213 0.139 0.111 
816    (0)   :  0.136 0.246 0.363 0.255 
817    (0)   :  0.142 0.366 0.272 0.220 
818    (0)   :  0.033 0.121 0.064 0.782 
819    (0)   :  0.032 0.035 0.132 0.801 
820    (0)   :  0.073 0.053 0.171 0.703 
821    (0)   :  0.013 0.121 0.083 0.782 
822    (0)   :  0.028 0.164 0.028 0.779 
823    (0)   :  0.017 0.401 0.229 0.353 
824    (0)   :  0.017 0.070 0.160 0.753 
825    (0)   :  0.026 0.206 0.056 0.712 
826    (0)   :  0.017 0.058 0.039 0.886 
827    (0)   :  0.015 0.297 0.056 0.632 
828    (0)   :  0.016 0.407 0.106 0.471 
829    (0)   :  0.055 0.534 0.096 0.315 
830    (0)   :  0.012 0.239 0.037 0.712 
831    (0)   :  0.029 0.172 0.133 0.666 
832    (0)   :  0.109 0.192 0.131 0.568 
833    (0)   :  0.059 0.383 0.157 0.401 
834    (0)   :  0.028 0.248 0.126 0.599 
835    (0)   :  0.028 0.055 0.037 0.880 
836    (0)   :  0.126 0.069 0.072 0.733 
837    (0)   :  0.028 0.393 0.294 0.285 
838    (0)   :  0.125 0.051 0.040 0.784 
839    (0)   :  0.013 0.152 0.057 0.778 
840    (0)   :  0.135 0.057 0.173 0.634 
841    (0)   :  0.063 0.046 0.099 0.791 
842    (0)   :  0.013 0.068 0.029 0.890 
843    (0)   :  0.118 0.069 0.363 0.451 
844    (0)   :  0.048 0.132 0.146 0.674 
845    (0)   :  0.012 0.070 0.038 0.880 
846    (0)   :  0.023 0.054 0.096 0.827 
847    (0)   :  0.014 0.035 0.190 0.761 
848    (0)   :  0.028 0.038 0.078 0.855 
849    (0)   :  0.016 0.086 0.054 0.844 
850    (0)   :  0.017 0.135 0.052 0.795 
851    (0)   :  0.015 0.045 0.046 0.893 
852    (0)   :  0.013 0.169 0.559 0.259 
853    (0)   :  0.033 0.182 0.046 0.738 
854    (0)   :  0.015 0.251 0.241 0.494 
855    (0)   :  0.018 0.055 0.077 0.850 
856    (0)   :  0.017 0.059 0.120 0.804 
857    (0)   :  0.136 0.082 0.058 0.724 
858    (0)   :  0.019 0.068 0.045 0.868 
859    (0)   :  0.013 0.175 0.048 0.764 
860    (0)   :  0.025 0.047 0.041 0.887 
861    (0)   :  0.076 0.040 0.436 0.448 
862    (0)   :  0.022 0.866 0.031 0.081 
863    (0)   :  0.025 0.775 0.083 0.117 
864    (0)   :  0.012 0.860 0.052 0.076 
865    (0)   :  0.017 0.828 0.024 0.131 
866    (0)   :  0.019 0.307 0.043 0.631 
867    (0)   :  0.019 0.838 0.052 0.091 
868    (0)   :  0.029 0.720 0.048 0.204 
869    (0)   :  0.017 0.362 0.048 0.573 
870    (0)   :  0.097 0.621 0.031 0.252 
871    (0)   :  0.023 0.760 0.028 0.188 
872    (0)   :  0.013 0.832 0.038 0.117 
873    (0)   :  0.015 0.846 0.041 0.098 
874    (0)   :  0.023 0.852 0.027 0.098 
875    (0)   :  0.054 0.385 0.051 0.510 
876    (0)   :  0.048 0.104 0.036 0.813 
877    (0)   :  0.014 0.871 0.037 0.078 
878    (0)   :  0.035 0.330 0.073 0.562 
879    (0)   :  0.012 0.837 0.051 0.099 
880    (0)   :  0.106 0.413 0.040 0.442 
881    (0)   :  0.015 0.812 0.048 0.125 
882    (0)   :  0.011 0.840 0.045 0.104 
883    (0)   :  0.053 0.108 0.051 0.788 
884    (0)   :  0.015 0.828 0.024 0.133 
885    (0)   :  0.144 0.561 0.075 0.220 
886    (0)   :  0.018 0.553 0.067 0.362 
887    (0)   :  0.014 0.821 0.029 0.136 
888    (0)   :  0.153 0.421 0.125 0.300 
889    (0)   :  0.019 0.850 0.023 0.108 
890    (0)   :  0.047 0.427 0.026 0.500 
891    (0)   :  0.033 0.059 0.042 0.866 
892    (0)   :  0.029 0.064 0.051 0.857 
893    (0)   :  0.152 0.132 0.073 0.643 
894    (0)   :  0.015 0.252 0.028 0.705 
895    (0)   :  0.018 0.776 0.030 0.176 
896    (0)   :  0.044 0.046 0.075 0.835 
897    (0)   :  0.022 0.046 0.044 0.888 
898    (0)   :  0.032 0.288 0.084 0.596 
899    (0)   :  0.015 0.157 0.024 0.804 
900    (0)   :  0.031 0.056 0.036 0.877 
901    (0)   :  0.019 0.070 0.037 0.874 
902    (0)   :  0.139 0.057 0.059 0.745 
903    (0)   :  0.025 0.530 0.039 0.406 
904    (0)   :  0.032 0.333 0.084 0.552 
905    (0)   :  0.014 0.521 0.029 0.437 
906    (0)   :  0.061 0.203 0.051 0.685 
907    (0)   :  0.016 0.120 0.057 0.807 
908    (0)   :  0.014 0.131 0.046 0.809 
909    (0)   :  0.104 0.192 0.055 0.649 
910    (0)   :  0.070 0.074 0.052 0.805 
911    (0)   :  0.018 0.647 0.024 0.311 
912    (0)   :  0.020 0.210 0.030 0.739 
913    (0)   :  0.032 0.303 0.027 0.637 
914    (0)   :  0.021 0.185 0.154 0.640 
915    (0)   :  0.041 0.187 0.023 0.750 
916    (0)   :  0.018 0.105 0.033 0.844 
917    (0)   :  0.025 0.157 0.034 0.784 
918    (0)   :  0.028 0.350 0.138 0.484 
919    (0)   :  0.020 0.480 0.076 0.424 
920    (0)   :  0.016 0.105 0.050 0.829 
921    (0)   :  0.268 0.077 0.290 0.366 
922    (0)   :  0.471 0.059 0.054 0.416 
923    (0)   :  0.148 0.045 0.121 0.686 
924    (0)   :  0.372 0.043 0.052 0.533 
925    (0)   :  0.273 0.065 0.095 0.567 
926    (0)   :  0.779 0.026 0.067 0.127 
927    (0)   :  0.720 0.043 0.101 0.136 
928    (0)   :  0.312 0.032 0.404 0.253 
929    (0)   :  0.686 0.032 0.047 0.234 
930    (0)   :  0.473 0.055 0.098 0.375 
931    (0)   :  0.808 0.062 0.071 0.059 
932    (0)   :  0.817 0.029 0.032 0.122 
933    (0)   :  0.194 0.039 0.583 0.184 
