

----------------------------------------------------
STRUCTURE by Pritchard, Stephens and Donnelly (2000)
     and Falush, Stephens and Pritchard (2003)
       Code by Pritchard, Falush and Hubisz
             Version 2.3.4 (Jul 2012)
----------------------------------------------------



Command line arguments:   ./structure -K 4 -D 104020 -m brooktrout/mainparams -e brooktrout/extraparams -o brooktrout/250914_output/results_K4_rep20 
Input File:    brooktrout/brooktrout.txt

Run parameters:
   8454 individuals
   5 loci
   4 populations assumed
   50000 Burn-in period
   100000 Reps
RANDOMIZE turned off


--------------------------------------------
Overall proportion of membership of the
sample in each of the 4 clusters

Inferred Clusters
  1      2      3      4    
0.104  0.323  0.206  0.366  

--------------------------------------------

Allele-freq. divergence among pops (Net nucleotide distance),
computed using point estimates of P.

      1       2       3       4      
 1      -    0.0511  0.0827  0.0728  
 2   0.0511     -    0.0673  0.0316  
 3   0.0827  0.0673     -    0.1054  
 4   0.0728  0.0316  0.1054     -    

Average distances (expected heterozygosity) between individuals in same cluster:
cluster  1  : 0.8167 
cluster  2  : 0.8352 
cluster  3  : 0.7443 
cluster  4  : 0.8118 

--------------------------------------------
Estimated Ln Prob of Data   = -178719.9
Mean value of ln likelihood = -173586.3
Variance of ln likelihood   = 10267.3

Mean value of alpha_1       = 0.0941
Mean value of alpha_2       = 0.2940
Mean value of alpha_3       = 0.1894
Mean value of alpha_4       = 0.3385
Allele frequencies uncorrelated


Inferred ancestry of individuals:
     (%Miss) :  Inferred clusters
  1    (0)   :  0.137 0.206 0.269 0.388 
  2    (0)   :  0.021 0.822 0.044 0.113 
  3    (0)   :  0.098 0.153 0.179 0.570 
  4    (0)   :  0.053 0.172 0.647 0.127 
  5    (0)   :  0.025 0.786 0.042 0.147 
  6    (0)   :  0.018 0.106 0.051 0.826 
  7    (0)   :  0.016 0.215 0.038 0.731 
  8    (0)   :  0.041 0.205 0.367 0.388 
  9    (0)   :  0.046 0.475 0.089 0.390 
 10    (0)   :  0.017 0.284 0.165 0.534 
 11    (0)   :  0.021 0.219 0.040 0.720 
 12    (0)   :  0.029 0.706 0.076 0.189 
 13    (0)   :  0.029 0.373 0.081 0.517 
 14    (0)   :  0.144 0.485 0.140 0.231 
 15    (0)   :  0.049 0.497 0.200 0.253 
 16    (0)   :  0.038 0.133 0.074 0.755 
 17    (0)   :  0.036 0.477 0.075 0.412 
 18    (0)   :  0.032 0.318 0.136 0.514 
 19    (0)   :  0.020 0.279 0.068 0.634 
 20    (0)   :  0.058 0.495 0.072 0.375 
 21    (0)   :  0.111 0.379 0.264 0.245 
 22    (0)   :  0.027 0.124 0.100 0.750 
 23    (0)   :  0.232 0.396 0.226 0.146 
 24    (0)   :  0.055 0.186 0.266 0.492 
 25    (0)   :  0.022 0.345 0.032 0.602 
 26    (0)   :  0.045 0.427 0.154 0.374 
 27    (0)   :  0.071 0.284 0.118 0.527 
 28    (0)   :  0.033 0.252 0.335 0.380 
 29    (0)   :  0.059 0.574 0.064 0.302 
 30    (0)   :  0.044 0.115 0.076 0.765 
 31    (0)   :  0.054 0.372 0.141 0.433 
 32    (0)   :  0.058 0.430 0.187 0.325 
 33    (0)   :  0.143 0.185 0.166 0.506 
 34    (0)   :  0.019 0.177 0.071 0.733 
 35    (0)   :  0.167 0.373 0.062 0.398 
 36    (0)   :  0.627 0.077 0.054 0.243 
 37    (0)   :  0.061 0.555 0.216 0.169 
 38    (0)   :  0.135 0.091 0.034 0.740 
 39    (0)   :  0.102 0.187 0.060 0.651 
 40    (0)   :  0.519 0.104 0.183 0.195 
 41    (0)   :  0.518 0.077 0.040 0.365 
 42    (0)   :  0.504 0.093 0.246 0.156 
 43    (0)   :  0.464 0.278 0.100 0.158 
 44    (0)   :  0.560 0.113 0.034 0.293 
 45    (0)   :  0.314 0.222 0.040 0.424 
 46    (0)   :  0.073 0.284 0.046 0.597 
 47    (0)   :  0.049 0.356 0.098 0.496 
 48    (0)   :  0.586 0.101 0.039 0.274 
 49    (0)   :  0.168 0.348 0.075 0.408 
 50    (0)   :  0.044 0.167 0.100 0.688 
 51    (0)   :  0.850 0.049 0.028 0.072 
 52    (0)   :  0.116 0.180 0.078 0.626 
 53    (0)   :  0.059 0.076 0.079 0.787 
 54    (0)   :  0.080 0.671 0.108 0.141 
 55    (0)   :  0.374 0.441 0.062 0.123 
 56    (0)   :  0.325 0.196 0.087 0.391 
 57    (0)   :  0.019 0.405 0.193 0.383 
 58    (0)   :  0.345 0.294 0.083 0.278 
 59    (0)   :  0.338 0.202 0.058 0.402 
 60    (0)   :  0.646 0.089 0.125 0.140 
 61    (0)   :  0.322 0.465 0.136 0.077 
 62    (0)   :  0.034 0.506 0.059 0.400 
 63    (0)   :  0.281 0.369 0.117 0.232 
 64    (0)   :  0.033 0.181 0.046 0.741 
 65    (0)   :  0.029 0.671 0.029 0.270 
 66    (0)   :  0.061 0.693 0.140 0.106 
 67    (0)   :  0.245 0.567 0.052 0.136 
 68    (0)   :  0.340 0.204 0.075 0.380 
 69    (0)   :  0.165 0.127 0.134 0.574 
 70    (0)   :  0.674 0.105 0.060 0.161 
 71    (0)   :  0.521 0.155 0.028 0.296 
 72    (0)   :  0.171 0.159 0.052 0.617 
 73    (0)   :  0.252 0.505 0.042 0.201 
 74    (0)   :  0.507 0.094 0.119 0.280 
 75    (0)   :  0.662 0.102 0.124 0.112 
 76    (0)   :  0.258 0.445 0.060 0.237 
 77    (0)   :  0.550 0.127 0.035 0.288 
 78    (0)   :  0.524 0.089 0.039 0.348 
 79    (0)   :  0.016 0.340 0.048 0.596 
 80    (0)   :  0.017 0.176 0.605 0.201 
 81    (0)   :  0.014 0.273 0.407 0.306 
 82    (0)   :  0.076 0.669 0.109 0.146 
 83    (0)   :  0.037 0.219 0.325 0.419 
 84    (0)   :  0.023 0.454 0.212 0.310 
 85    (0)   :  0.033 0.259 0.365 0.343 
 86    (0)   :  0.082 0.592 0.056 0.270 
 87    (0)   :  0.032 0.298 0.058 0.613 
 88    (0)   :  0.030 0.618 0.200 0.152 
 89    (0)   :  0.021 0.565 0.292 0.122 
 90    (0)   :  0.018 0.682 0.050 0.250 
 91    (0)   :  0.036 0.168 0.590 0.206 
 92    (0)   :  0.023 0.621 0.086 0.270 
 93    (0)   :  0.019 0.079 0.830 0.072 
 94    (0)   :  0.024 0.073 0.044 0.859 
 95    (0)   :  0.023 0.734 0.098 0.146 
 96    (0)   :  0.451 0.254 0.223 0.072 
 97    (0)   :  0.416 0.189 0.192 0.203 
 98    (0)   :  0.400 0.236 0.108 0.256 
 99    (0)   :  0.018 0.578 0.158 0.246 
100    (0)   :  0.026 0.232 0.675 0.068 
101    (0)   :  0.068 0.596 0.088 0.248 
102    (0)   :  0.097 0.333 0.372 0.197 
103    (0)   :  0.028 0.792 0.098 0.082 
104    (0)   :  0.052 0.496 0.067 0.384 
105    (0)   :  0.036 0.793 0.086 0.086 
106    (0)   :  0.030 0.161 0.023 0.787 
107    (0)   :  0.030 0.757 0.083 0.129 
108    (0)   :  0.516 0.235 0.043 0.206 
109    (0)   :  0.036 0.406 0.024 0.533 
110    (0)   :  0.024 0.242 0.033 0.701 
111    (0)   :  0.026 0.590 0.035 0.349 
112    (0)   :  0.034 0.161 0.028 0.777 
113    (0)   :  0.097 0.589 0.078 0.236 
114    (0)   :  0.034 0.560 0.084 0.321 
115    (0)   :  0.155 0.614 0.042 0.188 
116    (0)   :  0.119 0.267 0.027 0.587 
117    (0)   :  0.052 0.473 0.042 0.433 
118    (0)   :  0.035 0.797 0.037 0.131 
119    (0)   :  0.510 0.161 0.216 0.113 
120    (0)   :  0.044 0.645 0.045 0.266 
121    (0)   :  0.185 0.618 0.034 0.163 
122    (0)   :  0.026 0.247 0.033 0.694 
123    (0)   :  0.037 0.513 0.052 0.398 
124    (0)   :  0.101 0.371 0.038 0.490 
125    (0)   :  0.094 0.140 0.049 0.717 
126    (0)   :  0.116 0.222 0.064 0.598 
127    (0)   :  0.032 0.419 0.043 0.506 
128    (0)   :  0.034 0.837 0.036 0.093 
129    (0)   :  0.023 0.861 0.028 0.089 
130    (0)   :  0.021 0.667 0.074 0.239 
131    (0)   :  0.176 0.313 0.032 0.479 
132    (0)   :  0.030 0.354 0.027 0.588 
133    (0)   :  0.043 0.735 0.047 0.175 
134    (0)   :  0.015 0.148 0.020 0.817 
135    (0)   :  0.165 0.245 0.507 0.083 
136    (0)   :  0.016 0.083 0.831 0.071 
137    (0)   :  0.016 0.137 0.776 0.072 
138    (0)   :  0.025 0.056 0.849 0.069 
139    (0)   :  0.181 0.355 0.355 0.108 
140    (0)   :  0.086 0.185 0.530 0.199 
141    (0)   :  0.027 0.085 0.765 0.123 
142    (0)   :  0.202 0.172 0.549 0.078 
143    (0)   :  0.017 0.055 0.880 0.048 
144    (0)   :  0.017 0.132 0.786 0.064 
145    (0)   :  0.040 0.157 0.651 0.151 
146    (0)   :  0.059 0.240 0.504 0.196 
147    (0)   :  0.014 0.054 0.879 0.053 
148    (0)   :  0.054 0.200 0.625 0.121 
149    (0)   :  0.043 0.073 0.807 0.077 
150    (0)   :  0.023 0.324 0.556 0.096 
151    (0)   :  0.022 0.101 0.810 0.066 
152    (0)   :  0.099 0.180 0.578 0.143 
153    (0)   :  0.048 0.077 0.771 0.103 
154    (0)   :  0.027 0.104 0.799 0.070 
155    (0)   :  0.020 0.077 0.840 0.063 
156    (0)   :  0.114 0.139 0.682 0.065 
157    (0)   :  0.027 0.159 0.671 0.143 
158    (0)   :  0.031 0.122 0.705 0.142 
159    (0)   :  0.014 0.064 0.870 0.051 
160    (0)   :  0.014 0.076 0.857 0.053 
161    (0)   :  0.045 0.130 0.696 0.129 
162    (0)   :  0.057 0.317 0.418 0.208 
163    (0)   :  0.027 0.066 0.850 0.057 
164    (0)   :  0.027 0.460 0.394 0.120 
165    (0)   :  0.024 0.261 0.629 0.086 
166    (0)   :  0.070 0.201 0.562 0.167 
167    (0)   :  0.023 0.163 0.688 0.126 
168    (0)   :  0.052 0.073 0.759 0.116 
169    (0)   :  0.068 0.122 0.420 0.390 
170    (0)   :  0.073 0.130 0.732 0.065 
171    (0)   :  0.051 0.205 0.606 0.137 
172    (0)   :  0.228 0.072 0.530 0.170 
173    (0)   :  0.018 0.085 0.845 0.053 
174    (0)   :  0.015 0.090 0.825 0.070 
175    (0)   :  0.022 0.058 0.854 0.066 
176    (0)   :  0.017 0.134 0.784 0.064 
177    (0)   :  0.042 0.197 0.526 0.234 
178    (0)   :  0.017 0.109 0.765 0.108 
179    (0)   :  0.014 0.055 0.879 0.052 
180    (0)   :  0.047 0.139 0.646 0.168 
181    (0)   :  0.050 0.154 0.702 0.093 
182    (0)   :  0.031 0.171 0.747 0.051 
183    (0)   :  0.018 0.070 0.857 0.056 
184    (0)   :  0.033 0.753 0.052 0.163 
185    (0)   :  0.091 0.071 0.789 0.049 
186    (0)   :  0.025 0.789 0.042 0.144 
187    (0)   :  0.036 0.549 0.306 0.108 
188    (0)   :  0.023 0.835 0.033 0.109 
189    (0)   :  0.058 0.143 0.367 0.431 
190    (0)   :  0.499 0.186 0.271 0.045 
191    (0)   :  0.021 0.812 0.083 0.084 
192    (0)   :  0.027 0.645 0.211 0.116 
193    (0)   :  0.062 0.557 0.229 0.152 
194    (0)   :  0.067 0.659 0.176 0.098 
195    (0)   :  0.062 0.227 0.657 0.054 
196    (0)   :  0.329 0.370 0.219 0.081 
197    (0)   :  0.066 0.546 0.135 0.254 
198    (0)   :  0.064 0.499 0.164 0.273 
199    (0)   :  0.390 0.323 0.198 0.090 
200    (0)   :  0.270 0.325 0.204 0.201 
201    (0)   :  0.054 0.189 0.685 0.071 
202    (0)   :  0.129 0.178 0.626 0.067 
203    (0)   :  0.037 0.279 0.620 0.065 
204    (0)   :  0.061 0.635 0.247 0.057 
205    (0)   :  0.109 0.646 0.129 0.116 
206    (0)   :  0.045 0.690 0.199 0.065 
207    (0)   :  0.076 0.782 0.078 0.065 
208    (0)   :  0.139 0.446 0.343 0.073 
209    (0)   :  0.043 0.706 0.143 0.107 
210    (0)   :  0.044 0.663 0.225 0.068 
211    (0)   :  0.264 0.559 0.114 0.063 
212    (0)   :  0.046 0.114 0.747 0.093 
213    (0)   :  0.213 0.544 0.094 0.149 
214    (0)   :  0.062 0.191 0.676 0.071 
215    (0)   :  0.065 0.782 0.062 0.090 
216    (0)   :  0.039 0.750 0.066 0.144 
217    (0)   :  0.082 0.171 0.648 0.100 
218    (0)   :  0.038 0.701 0.149 0.112 
219    (0)   :  0.038 0.409 0.275 0.278 
220    (0)   :  0.030 0.824 0.084 0.062 
221    (0)   :  0.108 0.070 0.775 0.046 
222    (0)   :  0.034 0.619 0.123 0.224 
223    (0)   :  0.052 0.368 0.440 0.139 
224    (0)   :  0.034 0.473 0.426 0.067 
225    (0)   :  0.081 0.648 0.193 0.078 
226    (0)   :  0.118 0.358 0.200 0.324 
227    (0)   :  0.176 0.424 0.320 0.079 
228    (0)   :  0.153 0.253 0.540 0.054 
229    (0)   :  0.020 0.451 0.445 0.083 
230    (0)   :  0.025 0.631 0.280 0.065 
231    (0)   :  0.023 0.432 0.428 0.117 
232    (0)   :  0.099 0.469 0.269 0.163 
233    (0)   :  0.042 0.159 0.732 0.068 
234    (0)   :  0.031 0.596 0.202 0.171 
235    (0)   :  0.111 0.313 0.394 0.182 
236    (0)   :  0.046 0.431 0.416 0.107 
237    (0)   :  0.070 0.723 0.128 0.079 
238    (0)   :  0.066 0.228 0.613 0.093 
239    (0)   :  0.062 0.221 0.663 0.054 
240    (0)   :  0.064 0.233 0.612 0.091 
241    (0)   :  0.056 0.198 0.686 0.060 
242    (0)   :  0.044 0.336 0.332 0.288 
243    (0)   :  0.307 0.403 0.236 0.054 
244    (0)   :  0.035 0.385 0.514 0.065 
245    (0)   :  0.051 0.093 0.793 0.063 
246    (0)   :  0.082 0.172 0.645 0.100 
247    (0)   :  0.068 0.678 0.040 0.215 
248    (0)   :  0.065 0.806 0.046 0.083 
249    (0)   :  0.046 0.417 0.460 0.077 
250    (0)   :  0.029 0.641 0.239 0.092 
251    (0)   :  0.090 0.472 0.121 0.317 
252    (0)   :  0.061 0.504 0.333 0.102 
253    (0)   :  0.153 0.551 0.091 0.205 
254    (0)   :  0.040 0.656 0.144 0.160 
255    (0)   :  0.035 0.551 0.245 0.168 
256    (0)   :  0.102 0.388 0.432 0.078 
257    (0)   :  0.057 0.734 0.135 0.074 
258    (0)   :  0.148 0.605 0.111 0.136 
259    (0)   :  0.033 0.802 0.094 0.071 
260    (0)   :  0.032 0.474 0.296 0.198 
261    (0)   :  0.099 0.290 0.513 0.098 
262    (0)   :  0.201 0.124 0.617 0.058 
263    (0)   :  0.036 0.806 0.080 0.077 
264    (0)   :  0.047 0.432 0.035 0.486 
265    (0)   :  0.068 0.489 0.254 0.189 
266    (0)   :  0.073 0.087 0.793 0.048 
267    (0)   :  0.058 0.535 0.266 0.140 
268    (0)   :  0.335 0.365 0.220 0.080 
269    (0)   :  0.041 0.226 0.327 0.406 
270    (0)   :  0.034 0.761 0.072 0.133 
271    (0)   :  0.090 0.748 0.078 0.084 
272    (0)   :  0.237 0.414 0.118 0.230 
273    (0)   :  0.114 0.363 0.335 0.188 
274    (0)   :  0.067 0.634 0.136 0.163 
275    (0)   :  0.082 0.534 0.218 0.167 
276    (0)   :  0.326 0.350 0.093 0.230 
277    (0)   :  0.042 0.477 0.342 0.139 
278    (0)   :  0.166 0.651 0.093 0.089 
279    (0)   :  0.051 0.650 0.200 0.099 
280    (0)   :  0.126 0.360 0.219 0.295 
281    (0)   :  0.051 0.720 0.118 0.111 
282    (0)   :  0.032 0.274 0.556 0.139 
283    (0)   :  0.030 0.215 0.662 0.093 
284    (0)   :  0.058 0.619 0.217 0.106 
285    (0)   :  0.116 0.730 0.032 0.122 
286    (0)   :  0.034 0.385 0.515 0.066 
287    (0)   :  0.046 0.440 0.238 0.276 
288    (0)   :  0.085 0.523 0.130 0.262 
289    (0)   :  0.090 0.596 0.119 0.195 
290    (0)   :  0.236 0.382 0.102 0.280 
291    (0)   :  0.092 0.745 0.077 0.086 
292    (0)   :  0.261 0.222 0.303 0.215 
293    (0)   :  0.212 0.260 0.072 0.456 
294    (0)   :  0.064 0.743 0.084 0.109 
295    (0)   :  0.174 0.380 0.171 0.275 
296    (0)   :  0.059 0.761 0.094 0.086 
297    (0)   :  0.060 0.479 0.121 0.340 
298    (0)   :  0.023 0.460 0.384 0.133 
299    (0)   :  0.022 0.785 0.087 0.106 
300    (0)   :  0.056 0.784 0.065 0.096 
301    (0)   :  0.042 0.668 0.083 0.208 
302    (0)   :  0.121 0.689 0.086 0.103 
303    (0)   :  0.053 0.324 0.501 0.121 
304    (0)   :  0.034 0.278 0.416 0.272 
305    (0)   :  0.077 0.322 0.528 0.073 
306    (0)   :  0.068 0.183 0.622 0.127 
307    (0)   :  0.048 0.698 0.161 0.093 
308    (0)   :  0.104 0.286 0.513 0.098 
309    (0)   :  0.067 0.764 0.087 0.082 
310    (0)   :  0.139 0.350 0.446 0.065 
311    (0)   :  0.024 0.630 0.280 0.065 
312    (0)   :  0.037 0.823 0.081 0.059 
313    (0)   :  0.145 0.744 0.049 0.062 
314    (0)   :  0.023 0.045 0.882 0.050 
315    (0)   :  0.034 0.050 0.843 0.073 
316    (0)   :  0.024 0.051 0.841 0.084 
317    (0)   :  0.014 0.046 0.888 0.052 
318    (0)   :  0.012 0.043 0.892 0.053 
319    (0)   :  0.016 0.059 0.876 0.049 
320    (0)   :  0.023 0.044 0.884 0.050 
321    (0)   :  0.013 0.046 0.885 0.056 
322    (0)   :  0.035 0.053 0.831 0.081 
323    (0)   :  0.012 0.049 0.887 0.052 
324    (0)   :  0.013 0.045 0.885 0.056 
325    (0)   :  0.020 0.048 0.849 0.083 
326    (0)   :  0.021 0.046 0.854 0.078 
327    (0)   :  0.014 0.045 0.889 0.051 
328    (0)   :  0.027 0.059 0.834 0.080 
329    (0)   :  0.012 0.049 0.888 0.050 
330    (0)   :  0.015 0.045 0.888 0.052 
331    (0)   :  0.012 0.049 0.889 0.051 
332    (0)   :  0.019 0.048 0.842 0.091 
333    (0)   :  0.024 0.051 0.852 0.073 
334    (0)   :  0.028 0.059 0.835 0.078 
335    (0)   :  0.028 0.053 0.848 0.072 
336    (0)   :  0.016 0.044 0.883 0.057 
337    (0)   :  0.024 0.050 0.838 0.088 
338    (0)   :  0.011 0.045 0.887 0.057 
339    (0)   :  0.012 0.049 0.889 0.050 
340    (0)   :  0.013 0.048 0.893 0.047 
341    (0)   :  0.013 0.052 0.886 0.049 
342    (0)   :  0.015 0.045 0.888 0.052 
343    (0)   :  0.047 0.053 0.821 0.080 
344    (0)   :  0.012 0.046 0.893 0.050 
345    (0)   :  0.015 0.045 0.889 0.052 
346    (0)   :  0.013 0.043 0.894 0.050 
347    (0)   :  0.013 0.045 0.895 0.047 
348    (0)   :  0.056 0.052 0.824 0.068 
349    (0)   :  0.015 0.045 0.888 0.052 
350    (0)   :  0.020 0.053 0.877 0.050 
351    (0)   :  0.028 0.053 0.848 0.071 
352    (0)   :  0.027 0.049 0.844 0.080 
353    (0)   :  0.017 0.044 0.882 0.057 
354    (0)   :  0.012 0.051 0.886 0.051 
355    (0)   :  0.011 0.044 0.892 0.053 
356    (0)   :  0.074 0.057 0.801 0.068 
357    (0)   :  0.023 0.080 0.546 0.351 
358    (0)   :  0.020 0.052 0.849 0.079 
359    (0)   :  0.012 0.050 0.887 0.052 
360    (0)   :  0.012 0.043 0.894 0.050 
361    (0)   :  0.034 0.101 0.489 0.376 
362    (0)   :  0.036 0.250 0.069 0.645 
363    (0)   :  0.041 0.158 0.037 0.764 
364    (0)   :  0.031 0.209 0.328 0.433 
365    (0)   :  0.040 0.175 0.053 0.732 
366    (0)   :  0.248 0.151 0.119 0.482 
367    (0)   :  0.016 0.108 0.023 0.853 
368    (0)   :  0.018 0.688 0.043 0.252 
369    (0)   :  0.195 0.154 0.318 0.333 
370    (0)   :  0.035 0.770 0.050 0.145 
371    (0)   :  0.053 0.462 0.104 0.381 
372    (0)   :  0.047 0.723 0.088 0.143 
373    (0)   :  0.027 0.199 0.079 0.695 
374    (0)   :  0.029 0.186 0.304 0.480 
375    (0)   :  0.021 0.317 0.036 0.626 
376    (0)   :  0.016 0.072 0.028 0.883 
377    (0)   :  0.040 0.369 0.056 0.535 
378    (0)   :  0.028 0.234 0.195 0.543 
379    (0)   :  0.026 0.078 0.027 0.869 
380    (0)   :  0.116 0.112 0.160 0.612 
381    (0)   :  0.082 0.070 0.114 0.734 
382    (0)   :  0.016 0.143 0.038 0.803 
383    (0)   :  0.032 0.099 0.163 0.706 
384    (0)   :  0.036 0.237 0.109 0.619 
385    (0)   :  0.015 0.359 0.138 0.488 
386    (0)   :  0.023 0.121 0.036 0.820 
387    (0)   :  0.028 0.150 0.043 0.778 
388    (0)   :  0.022 0.472 0.215 0.291 
389    (0)   :  0.138 0.690 0.047 0.125 
390    (0)   :  0.242 0.173 0.038 0.547 
391    (0)   :  0.147 0.446 0.076 0.331 
392    (0)   :  0.027 0.111 0.082 0.780 
393    (0)   :  0.153 0.074 0.078 0.695 
394    (0)   :  0.027 0.209 0.256 0.508 
395    (0)   :  0.322 0.274 0.045 0.360 
396    (0)   :  0.019 0.234 0.026 0.721 
397    (0)   :  0.031 0.651 0.126 0.193 
398    (0)   :  0.024 0.090 0.027 0.859 
399    (0)   :  0.060 0.173 0.037 0.730 
400    (0)   :  0.025 0.095 0.055 0.824 
401    (0)   :  0.104 0.196 0.062 0.639 
402    (0)   :  0.122 0.318 0.060 0.500 
403    (0)   :  0.032 0.430 0.319 0.220 
404    (0)   :  0.033 0.398 0.084 0.486 
405    (0)   :  0.059 0.234 0.086 0.621 
406    (0)   :  0.738 0.065 0.058 0.139 
407    (0)   :  0.020 0.070 0.027 0.883 
408    (0)   :  0.168 0.562 0.026 0.243 
409    (0)   :  0.524 0.095 0.189 0.192 
410    (0)   :  0.035 0.147 0.076 0.742 
411    (0)   :  0.083 0.101 0.159 0.657 
412    (0)   :  0.017 0.389 0.043 0.551 
413    (0)   :  0.023 0.526 0.135 0.316 
414    (0)   :  0.019 0.477 0.030 0.474 
415    (0)   :  0.063 0.081 0.044 0.812 
416    (0)   :  0.054 0.121 0.070 0.755 
417    (0)   :  0.019 0.074 0.035 0.872 
418    (0)   :  0.014 0.215 0.029 0.742 
419    (0)   :  0.148 0.359 0.158 0.334 
420    (0)   :  0.237 0.128 0.036 0.598 
421    (0)   :  0.024 0.170 0.037 0.769 
422    (0)   :  0.202 0.329 0.049 0.419 
423    (0)   :  0.038 0.214 0.059 0.690 
424    (0)   :  0.165 0.371 0.061 0.404 
425    (0)   :  0.038 0.471 0.083 0.408 
426    (0)   :  0.026 0.279 0.071 0.624 
427    (0)   :  0.036 0.071 0.113 0.780 
428    (0)   :  0.156 0.261 0.143 0.440 
429    (0)   :  0.014 0.075 0.024 0.887 
430    (0)   :  0.029 0.083 0.032 0.856 
431    (0)   :  0.022 0.607 0.057 0.314 
432    (0)   :  0.022 0.576 0.052 0.349 
433    (0)   :  0.042 0.677 0.174 0.106 
434    (0)   :  0.041 0.316 0.125 0.518 
435    (0)   :  0.031 0.074 0.027 0.867 
436    (0)   :  0.036 0.045 0.047 0.872 
437    (0)   :  0.018 0.092 0.031 0.859 
438    (0)   :  0.435 0.121 0.062 0.382 
439    (0)   :  0.025 0.053 0.038 0.884 
440    (0)   :  0.025 0.050 0.022 0.903 
441    (0)   :  0.031 0.104 0.083 0.782 
442    (0)   :  0.038 0.132 0.032 0.797 
443    (0)   :  0.109 0.078 0.027 0.787 
444    (0)   :  0.047 0.097 0.032 0.825 
445    (0)   :  0.262 0.142 0.118 0.478 
446    (0)   :  0.028 0.096 0.031 0.845 
447    (0)   :  0.106 0.122 0.075 0.697 
448    (0)   :  0.029 0.114 0.033 0.823 
449    (0)   :  0.039 0.152 0.064 0.744 
450    (0)   :  0.015 0.101 0.062 0.822 
451    (0)   :  0.037 0.312 0.023 0.629 
452    (0)   :  0.016 0.068 0.050 0.866 
453    (0)   :  0.631 0.145 0.051 0.172 
454    (0)   :  0.026 0.087 0.065 0.822 
455    (0)   :  0.128 0.082 0.031 0.759 
456    (0)   :  0.102 0.087 0.028 0.782 
457    (0)   :  0.021 0.075 0.035 0.870 
458    (0)   :  0.024 0.076 0.038 0.861 
459    (0)   :  0.080 0.122 0.112 0.685 
460    (0)   :  0.026 0.061 0.029 0.884 
461    (0)   :  0.015 0.080 0.029 0.876 
462    (0)   :  0.049 0.115 0.022 0.813 
463    (0)   :  0.618 0.090 0.044 0.248 
464    (0)   :  0.059 0.073 0.028 0.839 
465    (0)   :  0.078 0.290 0.042 0.589 
466    (0)   :  0.305 0.164 0.032 0.499 
467    (0)   :  0.072 0.098 0.056 0.774 
468    (0)   :  0.060 0.058 0.028 0.853 
469    (0)   :  0.031 0.047 0.031 0.890 
470    (0)   :  0.025 0.061 0.028 0.886 
471    (0)   :  0.217 0.176 0.037 0.570 
472    (0)   :  0.084 0.160 0.041 0.716 
473    (0)   :  0.044 0.175 0.060 0.721 
474    (0)   :  0.034 0.067 0.052 0.847 
475    (0)   :  0.059 0.323 0.072 0.546 
476    (0)   :  0.031 0.057 0.037 0.875 
477    (0)   :  0.076 0.203 0.057 0.664 
478    (0)   :  0.023 0.154 0.027 0.796 
479    (0)   :  0.020 0.063 0.026 0.891 
480    (0)   :  0.017 0.052 0.032 0.899 
481    (0)   :  0.046 0.339 0.037 0.578 
482    (0)   :  0.015 0.057 0.027 0.902 
483    (0)   :  0.039 0.079 0.037 0.845 
484    (0)   :  0.292 0.132 0.044 0.532 
485    (0)   :  0.063 0.065 0.029 0.844 
486    (0)   :  0.098 0.605 0.053 0.244 
487    (0)   :  0.053 0.503 0.149 0.295 
488    (0)   :  0.028 0.776 0.065 0.131 
489    (0)   :  0.158 0.356 0.253 0.234 
490    (0)   :  0.074 0.355 0.030 0.540 
491    (0)   :  0.041 0.748 0.112 0.099 
492    (0)   :  0.112 0.528 0.204 0.157 
493    (0)   :  0.035 0.743 0.064 0.159 
494    (0)   :  0.051 0.643 0.104 0.203 
495    (0)   :  0.053 0.656 0.110 0.181 
496    (0)   :  0.096 0.460 0.311 0.133 
497    (0)   :  0.019 0.781 0.091 0.109 
498    (0)   :  0.151 0.436 0.092 0.320 
499    (0)   :  0.045 0.557 0.264 0.134 
500    (0)   :  0.040 0.528 0.070 0.362 
501    (0)   :  0.034 0.560 0.151 0.255 
502    (0)   :  0.024 0.590 0.169 0.217 
503    (0)   :  0.029 0.243 0.043 0.685 
504    (0)   :  0.043 0.759 0.043 0.155 
505    (0)   :  0.158 0.609 0.098 0.136 
506    (0)   :  0.034 0.494 0.176 0.296 
507    (0)   :  0.059 0.131 0.747 0.063 
508    (0)   :  0.139 0.230 0.563 0.068 
509    (0)   :  0.075 0.637 0.178 0.110 
510    (0)   :  0.036 0.406 0.285 0.273 
511    (0)   :  0.065 0.180 0.060 0.694 
512    (0)   :  0.022 0.156 0.035 0.787 
513    (0)   :  0.045 0.857 0.045 0.053 
514    (0)   :  0.041 0.617 0.056 0.286 
515    (0)   :  0.094 0.212 0.159 0.535 
516    (0)   :  0.064 0.761 0.054 0.121 
517    (0)   :  0.281 0.234 0.142 0.344 
518    (0)   :  0.024 0.515 0.239 0.223 
519    (0)   :  0.043 0.560 0.064 0.333 
520    (0)   :  0.396 0.112 0.271 0.221 
521    (0)   :  0.055 0.445 0.355 0.145 
522    (0)   :  0.206 0.155 0.050 0.589 
523    (0)   :  0.547 0.184 0.146 0.122 
524    (0)   :  0.139 0.174 0.088 0.600 
525    (0)   :  0.077 0.322 0.268 0.333 
526    (0)   :  0.695 0.077 0.061 0.168 
527    (0)   :  0.020 0.510 0.052 0.418 
528    (0)   :  0.057 0.223 0.626 0.094 
529    (0)   :  0.027 0.770 0.100 0.103 
530    (0)   :  0.129 0.163 0.107 0.601 
531    (0)   :  0.094 0.143 0.451 0.312 
532    (0)   :  0.071 0.403 0.291 0.235 
533    (0)   :  0.106 0.388 0.078 0.429 
534    (0)   :  0.086 0.755 0.089 0.070 
535    (0)   :  0.497 0.183 0.067 0.253 
536    (0)   :  0.260 0.247 0.164 0.329 
537    (0)   :  0.481 0.152 0.260 0.106 
538    (0)   :  0.253 0.323 0.229 0.195 
539    (0)   :  0.049 0.099 0.777 0.075 
540    (0)   :  0.215 0.278 0.292 0.215 
541    (0)   :  0.073 0.171 0.570 0.186 
542    (0)   :  0.666 0.122 0.049 0.163 
543    (0)   :  0.387 0.293 0.176 0.144 
544    (0)   :  0.662 0.120 0.083 0.136 
545    (0)   :  0.765 0.082 0.030 0.123 
546    (0)   :  0.385 0.303 0.160 0.152 
547    (0)   :  0.773 0.078 0.073 0.075 
548    (0)   :  0.029 0.636 0.243 0.092 
549    (0)   :  0.410 0.079 0.349 0.162 
550    (0)   :  0.542 0.068 0.056 0.333 
551    (0)   :  0.098 0.147 0.621 0.135 
552    (0)   :  0.270 0.307 0.281 0.143 
553    (0)   :  0.697 0.103 0.139 0.061 
554    (0)   :  0.099 0.335 0.168 0.398 
555    (0)   :  0.240 0.232 0.410 0.119 
556    (0)   :  0.323 0.371 0.161 0.145 
557    (0)   :  0.574 0.106 0.071 0.249 
558    (0)   :  0.013 0.054 0.028 0.905 
559    (0)   :  0.040 0.709 0.046 0.205 
560    (0)   :  0.022 0.159 0.021 0.798 
561    (0)   :  0.048 0.271 0.029 0.652 
562    (0)   :  0.052 0.300 0.021 0.627 
563    (0)   :  0.085 0.460 0.134 0.321 
564    (0)   :  0.076 0.696 0.053 0.175 
565    (0)   :  0.019 0.070 0.033 0.878 
566    (0)   :  0.022 0.094 0.022 0.863 
567    (0)   :  0.035 0.745 0.036 0.185 
568    (0)   :  0.086 0.478 0.051 0.386 
569    (0)   :  0.134 0.178 0.051 0.636 
570    (0)   :  0.013 0.074 0.023 0.889 
571    (0)   :  0.027 0.318 0.037 0.619 
572    (0)   :  0.464 0.097 0.182 0.257 
573    (0)   :  0.068 0.516 0.054 0.362 
574    (0)   :  0.037 0.130 0.129 0.704 
575    (0)   :  0.052 0.500 0.087 0.361 
576    (0)   :  0.016 0.171 0.022 0.791 
577    (0)   :  0.029 0.174 0.109 0.687 
578    (0)   :  0.031 0.328 0.039 0.601 
579    (0)   :  0.031 0.267 0.036 0.666 
580    (0)   :  0.021 0.133 0.059 0.786 
581    (0)   :  0.021 0.116 0.045 0.818 
582    (0)   :  0.031 0.076 0.026 0.867 
583    (0)   :  0.021 0.405 0.037 0.537 
584    (0)   :  0.018 0.206 0.027 0.749 
585    (0)   :  0.024 0.235 0.031 0.710 
586    (0)   :  0.033 0.256 0.049 0.662 
587    (0)   :  0.044 0.251 0.026 0.680 
588    (0)   :  0.158 0.744 0.038 0.060 
589    (0)   :  0.071 0.097 0.029 0.804 
590    (0)   :  0.025 0.632 0.032 0.312 
591    (0)   :  0.023 0.519 0.040 0.417 
592    (0)   :  0.136 0.406 0.033 0.426 
593    (0)   :  0.043 0.291 0.067 0.599 
594    (0)   :  0.021 0.778 0.059 0.142 
595    (0)   :  0.016 0.329 0.026 0.630 
596    (0)   :  0.186 0.334 0.065 0.414 
597    (0)   :  0.099 0.316 0.195 0.390 
598    (0)   :  0.015 0.057 0.026 0.903 
599    (0)   :  0.069 0.296 0.026 0.609 
600    (0)   :  0.042 0.132 0.077 0.749 
601    (0)   :  0.035 0.112 0.025 0.828 
602    (0)   :  0.024 0.701 0.102 0.173 
603    (0)   :  0.029 0.708 0.095 0.167 
604    (0)   :  0.044 0.336 0.084 0.536 
605    (0)   :  0.057 0.424 0.046 0.474 
606    (0)   :  0.057 0.585 0.128 0.231 
607    (0)   :  0.020 0.276 0.277 0.427 
608    (0)   :  0.026 0.121 0.465 0.388 
609    (0)   :  0.042 0.141 0.061 0.757 
610    (0)   :  0.115 0.149 0.049 0.688 
611    (0)   :  0.059 0.631 0.100 0.210 
612    (0)   :  0.034 0.068 0.038 0.860 
613    (0)   :  0.060 0.230 0.065 0.645 
614    (0)   :  0.025 0.123 0.038 0.814 
615    (0)   :  0.037 0.134 0.081 0.748 
616    (0)   :  0.021 0.383 0.179 0.417 
617    (0)   :  0.045 0.237 0.038 0.681 
618    (0)   :  0.084 0.192 0.178 0.546 
619    (0)   :  0.130 0.301 0.140 0.430 
620    (0)   :  0.112 0.515 0.026 0.348 
621    (0)   :  0.016 0.206 0.034 0.744 
622    (0)   :  0.104 0.276 0.131 0.488 
623    (0)   :  0.042 0.405 0.042 0.511 
624    (0)   :  0.029 0.089 0.140 0.742 
625    (0)   :  0.022 0.240 0.138 0.600 
626    (0)   :  0.202 0.101 0.461 0.237 
627    (0)   :  0.044 0.310 0.061 0.584 
628    (0)   :  0.039 0.445 0.065 0.451 
629    (0)   :  0.025 0.478 0.068 0.429 
630    (0)   :  0.041 0.156 0.057 0.746 
631    (0)   :  0.020 0.182 0.060 0.737 
632    (0)   :  0.086 0.509 0.227 0.179 
633    (0)   :  0.026 0.170 0.111 0.693 
634    (0)   :  0.073 0.275 0.209 0.443 
635    (0)   :  0.029 0.211 0.531 0.229 
636    (0)   :  0.033 0.157 0.231 0.579 
637    (0)   :  0.297 0.367 0.094 0.242 
638    (0)   :  0.022 0.519 0.095 0.364 
639    (0)   :  0.030 0.239 0.102 0.629 
640    (0)   :  0.016 0.261 0.050 0.673 
641    (0)   :  0.024 0.560 0.064 0.352 
642    (0)   :  0.084 0.228 0.540 0.147 
643    (0)   :  0.026 0.096 0.782 0.096 
644    (0)   :  0.029 0.207 0.603 0.161 
645    (0)   :  0.060 0.103 0.579 0.258 
646    (0)   :  0.106 0.579 0.115 0.200 
647    (0)   :  0.085 0.510 0.273 0.132 
648    (0)   :  0.092 0.470 0.276 0.162 
649    (0)   :  0.169 0.614 0.136 0.081 
650    (0)   :  0.069 0.675 0.134 0.122 
651    (0)   :  0.018 0.486 0.382 0.114 
652    (0)   :  0.034 0.266 0.567 0.132 
653    (0)   :  0.075 0.498 0.293 0.134 
654    (0)   :  0.154 0.214 0.512 0.121 
655    (0)   :  0.042 0.244 0.510 0.204 
656    (0)   :  0.111 0.532 0.209 0.148 
657    (0)   :  0.030 0.455 0.162 0.354 
658    (0)   :  0.127 0.391 0.207 0.274 
659    (0)   :  0.097 0.222 0.519 0.162 
660    (0)   :  0.053 0.244 0.621 0.082 
661    (0)   :  0.161 0.125 0.585 0.129 
662    (0)   :  0.274 0.575 0.081 0.070 
663    (0)   :  0.036 0.298 0.530 0.136 
664    (0)   :  0.090 0.279 0.242 0.390 
665    (0)   :  0.211 0.575 0.120 0.095 
666    (0)   :  0.097 0.263 0.511 0.130 
667    (0)   :  0.040 0.743 0.067 0.150 
668    (0)   :  0.082 0.220 0.458 0.240 
669    (0)   :  0.046 0.686 0.185 0.082 
670    (0)   :  0.021 0.084 0.842 0.053 
671    (0)   :  0.038 0.195 0.690 0.076 
672    (0)   :  0.065 0.103 0.679 0.153 
673    (0)   :  0.012 0.054 0.879 0.054 
674    (0)   :  0.028 0.099 0.772 0.100 
675    (0)   :  0.017 0.134 0.784 0.064 
676    (0)   :  0.015 0.052 0.882 0.052 
677    (0)   :  0.092 0.073 0.787 0.048 
678    (0)   :  0.012 0.060 0.875 0.053 
679    (0)   :  0.013 0.086 0.803 0.097 
680    (0)   :  0.023 0.078 0.817 0.081 
681    (0)   :  0.332 0.145 0.293 0.229 
682    (0)   :  0.025 0.060 0.831 0.084 
683    (0)   :  0.025 0.068 0.857 0.050 
684    (0)   :  0.015 0.064 0.869 0.053 
685    (0)   :  0.016 0.050 0.886 0.048 
686    (0)   :  0.108 0.090 0.724 0.078 
687    (0)   :  0.055 0.174 0.699 0.071 
688    (0)   :  0.021 0.093 0.814 0.072 
689    (0)   :  0.015 0.051 0.885 0.050 
690    (0)   :  0.014 0.051 0.882 0.052 
691    (0)   :  0.022 0.079 0.812 0.087 
692    (0)   :  0.015 0.092 0.816 0.077 
693    (0)   :  0.020 0.082 0.808 0.090 
694    (0)   :  0.016 0.048 0.891 0.045 
695    (0)   :  0.041 0.050 0.840 0.069 
696    (0)   :  0.021 0.097 0.811 0.072 
697    (0)   :  0.018 0.055 0.874 0.052 
698    (0)   :  0.016 0.057 0.876 0.051 
699    (0)   :  0.131 0.055 0.752 0.062 
700    (0)   :  0.083 0.057 0.752 0.108 
701    (0)   :  0.035 0.136 0.739 0.090 
702    (0)   :  0.063 0.110 0.707 0.119 
703    (0)   :  0.028 0.067 0.821 0.085 
704    (0)   :  0.030 0.084 0.821 0.066 
705    (0)   :  0.334 0.148 0.400 0.117 
706    (0)   :  0.038 0.058 0.830 0.074 
707    (0)   :  0.024 0.058 0.865 0.053 
708    (0)   :  0.017 0.066 0.866 0.051 
709    (0)   :  0.056 0.047 0.841 0.056 
710    (0)   :  0.018 0.046 0.890 0.046 
711    (0)   :  0.063 0.069 0.793 0.074 
712    (0)   :  0.065 0.060 0.829 0.045 
713    (0)   :  0.025 0.094 0.816 0.065 
714    (0)   :  0.019 0.132 0.751 0.099 
715    (0)   :  0.038 0.048 0.868 0.046 
716    (0)   :  0.035 0.052 0.842 0.071 
717    (0)   :  0.023 0.045 0.885 0.047 
718    (0)   :  0.045 0.111 0.767 0.077 
719    (0)   :  0.032 0.053 0.869 0.046 
720    (0)   :  0.021 0.291 0.041 0.646 
721    (0)   :  0.030 0.079 0.617 0.275 
722    (0)   :  0.045 0.134 0.077 0.744 
723    (0)   :  0.017 0.148 0.065 0.770 
724    (0)   :  0.026 0.087 0.201 0.686 
725    (0)   :  0.036 0.478 0.221 0.265 
726    (0)   :  0.062 0.161 0.126 0.651 
727    (0)   :  0.250 0.194 0.245 0.311 
728    (0)   :  0.020 0.055 0.023 0.902 
729    (0)   :  0.016 0.065 0.026 0.894 
730    (0)   :  0.016 0.260 0.043 0.680 
731    (0)   :  0.023 0.087 0.056 0.835 
732    (0)   :  0.017 0.145 0.068 0.770 
733    (0)   :  0.014 0.090 0.035 0.861 
734    (0)   :  0.014 0.082 0.024 0.880 
735    (0)   :  0.012 0.070 0.047 0.871 
736    (0)   :  0.020 0.108 0.046 0.826 
737    (0)   :  0.046 0.207 0.050 0.697 
738    (0)   :  0.017 0.199 0.042 0.742 
739    (0)   :  0.014 0.081 0.032 0.873 
740    (0)   :  0.021 0.294 0.618 0.068 
741    (0)   :  0.042 0.329 0.488 0.141 
742    (0)   :  0.020 0.415 0.161 0.404 
743    (0)   :  0.016 0.760 0.064 0.160 
744    (0)   :  0.146 0.675 0.074 0.104 
745    (0)   :  0.051 0.660 0.033 0.256 
746    (0)   :  0.025 0.604 0.169 0.202 
747    (0)   :  0.024 0.754 0.055 0.167 
748    (0)   :  0.017 0.496 0.359 0.127 
749    (0)   :  0.035 0.753 0.096 0.116 
750    (0)   :  0.019 0.799 0.070 0.112 
751    (0)   :  0.017 0.423 0.423 0.137 
752    (0)   :  0.022 0.742 0.070 0.167 
753    (0)   :  0.027 0.562 0.178 0.232 
754    (0)   :  0.031 0.349 0.406 0.213 
755    (0)   :  0.014 0.730 0.112 0.144 
756    (0)   :  0.018 0.717 0.161 0.104 
757    (0)   :  0.018 0.738 0.099 0.146 
758    (0)   :  0.022 0.843 0.029 0.106 
759    (0)   :  0.052 0.187 0.517 0.244 
760    (0)   :  0.018 0.669 0.087 0.227 
761    (0)   :  0.022 0.230 0.317 0.431 
762    (0)   :  0.012 0.483 0.046 0.459 
763    (0)   :  0.028 0.556 0.185 0.232 
764    (0)   :  0.015 0.796 0.054 0.134 
765    (0)   :  0.015 0.580 0.053 0.352 
766    (0)   :  0.013 0.543 0.297 0.146 
767    (0)   :  0.026 0.527 0.196 0.250 
768    (0)   :  0.013 0.487 0.045 0.455 
769    (0)   :  0.025 0.274 0.232 0.469 
770    (0)   :  0.016 0.427 0.044 0.513 
771    (0)   :  0.203 0.591 0.129 0.077 
772    (0)   :  0.079 0.411 0.283 0.227 
773    (0)   :  0.014 0.835 0.055 0.096 
774    (0)   :  0.021 0.376 0.447 0.156 
775    (0)   :  0.017 0.183 0.099 0.701 
776    (0)   :  0.019 0.762 0.045 0.174 
777    (0)   :  0.072 0.610 0.106 0.212 
778    (0)   :  0.045 0.661 0.156 0.137 
779    (0)   :  0.015 0.826 0.068 0.091 
780    (0)   :  0.015 0.566 0.292 0.126 
781    (0)   :  0.063 0.704 0.159 0.075 
782    (0)   :  0.015 0.825 0.069 0.091 
783    (0)   :  0.016 0.534 0.232 0.218 
784    (0)   :  0.023 0.475 0.070 0.433 
785    (0)   :  0.022 0.706 0.113 0.159 
786    (0)   :  0.019 0.376 0.431 0.175 
787    (0)   :  0.037 0.619 0.271 0.073 
788    (0)   :  0.038 0.655 0.073 0.234 
789    (0)   :  0.019 0.403 0.081 0.497 
790    (0)   :  0.016 0.584 0.199 0.201 
791    (0)   :  0.022 0.638 0.112 0.227 
792    (0)   :  0.052 0.475 0.395 0.078 
793    (0)   :  0.112 0.231 0.433 0.223 
794    (0)   :  0.047 0.444 0.146 0.363 
795    (0)   :  0.037 0.199 0.547 0.216 
796    (0)   :  0.060 0.530 0.161 0.248 
797    (0)   :  0.049 0.151 0.678 0.122 
798    (0)   :  0.143 0.081 0.028 0.747 
799    (0)   :  0.049 0.407 0.073 0.471 
800    (0)   :  0.219 0.229 0.476 0.076 
801    (0)   :  0.146 0.092 0.055 0.706 
802    (0)   :  0.236 0.120 0.222 0.422 
803    (0)   :  0.100 0.274 0.409 0.218 
804    (0)   :  0.251 0.354 0.121 0.274 
805    (0)   :  0.031 0.089 0.794 0.086 
806    (0)   :  0.515 0.133 0.074 0.278 
807    (0)   :  0.054 0.087 0.773 0.085 
808    (0)   :  0.193 0.239 0.453 0.115 
809    (0)   :  0.715 0.085 0.044 0.156 
810    (0)   :  0.039 0.301 0.187 0.472 
811    (0)   :  0.325 0.151 0.379 0.144 
812    (0)   :  0.814 0.075 0.025 0.086 
813    (0)   :  0.115 0.085 0.033 0.767 
814    (0)   :  0.398 0.408 0.052 0.141 
815    (0)   :  0.637 0.076 0.102 0.184 
816    (0)   :  0.233 0.134 0.291 0.343 
817    (0)   :  0.234 0.118 0.226 0.422 
818    (0)   :  0.060 0.354 0.080 0.506 
819    (0)   :  0.027 0.807 0.096 0.070 
820    (0)   :  0.060 0.665 0.130 0.145 
821    (0)   :  0.015 0.679 0.072 0.234 
822    (0)   :  0.026 0.575 0.027 0.372 
823    (0)   :  0.018 0.289 0.221 0.471 
824    (0)   :  0.019 0.644 0.130 0.207 
825    (0)   :  0.026 0.454 0.050 0.470 
826    (0)   :  0.019 0.740 0.036 0.205 
827    (0)   :  0.016 0.222 0.052 0.710 
828    (0)   :  0.017 0.239 0.091 0.654 
829    (0)   :  0.050 0.211 0.093 0.645 
830    (0)   :  0.013 0.278 0.035 0.674 
831    (0)   :  0.028 0.532 0.119 0.321 
832    (0)   :  0.158 0.291 0.124 0.427 
833    (0)   :  0.095 0.137 0.171 0.596 
834    (0)   :  0.030 0.350 0.123 0.497 
835    (0)   :  0.042 0.667 0.036 0.255 
836    (0)   :  0.116 0.666 0.060 0.158 
837    (0)   :  0.033 0.227 0.255 0.485 
838    (0)   :  0.095 0.745 0.032 0.127 
839    (0)   :  0.015 0.537 0.058 0.390 
840    (0)   :  0.111 0.612 0.140 0.138 
841    (0)   :  0.051 0.764 0.076 0.109 
842    (0)   :  0.015 0.719 0.027 0.238 
843    (0)   :  0.075 0.588 0.226 0.111 
844    (0)   :  0.052 0.558 0.127 0.262 
845    (0)   :  0.014 0.724 0.034 0.228 
846    (0)   :  0.022 0.784 0.072 0.121 
847    (0)   :  0.014 0.809 0.108 0.069 
848    (0)   :  0.027 0.822 0.057 0.093 
849    (0)   :  0.019 0.674 0.051 0.257 
850    (0)   :  0.022 0.333 0.053 0.592 
851    (0)   :  0.018 0.777 0.042 0.163 
852    (0)   :  0.014 0.183 0.517 0.286 
853    (0)   :  0.041 0.540 0.042 0.377 
854    (0)   :  0.017 0.349 0.230 0.403 
855    (0)   :  0.021 0.730 0.070 0.179 
856    (0)   :  0.018 0.702 0.099 0.181 
857    (0)   :  0.067 0.771 0.046 0.115 
858    (0)   :  0.018 0.774 0.039 0.169 
859    (0)   :  0.015 0.247 0.044 0.695 
860    (0)   :  0.030 0.719 0.039 0.213 
861    (0)   :  0.061 0.519 0.329 0.091 
862    (0)   :  0.036 0.059 0.035 0.870 
863    (0)   :  0.031 0.084 0.090 0.795 
864    (0)   :  0.015 0.055 0.065 0.865 
865    (0)   :  0.020 0.065 0.023 0.892 
866    (0)   :  0.020 0.188 0.039 0.753 
867    (0)   :  0.028 0.066 0.058 0.848 
868    (0)   :  0.034 0.143 0.043 0.779 
869    (0)   :  0.017 0.163 0.041 0.778 
870    (0)   :  0.099 0.178 0.029 0.694 
871    (0)   :  0.027 0.095 0.027 0.851 
872    (0)   :  0.015 0.074 0.038 0.874 
873    (0)   :  0.021 0.065 0.046 0.868 
874    (0)   :  0.028 0.062 0.026 0.883 
875    (0)   :  0.048 0.188 0.045 0.719 
876    (0)   :  0.066 0.337 0.036 0.561 
877    (0)   :  0.018 0.050 0.040 0.893 
878    (0)   :  0.034 0.233 0.065 0.668 
879    (0)   :  0.015 0.068 0.058 0.859 
880    (0)   :  0.092 0.135 0.036 0.737 
881    (0)   :  0.019 0.080 0.051 0.849 
882    (0)   :  0.012 0.070 0.048 0.870 
883    (0)   :  0.046 0.682 0.043 0.229 
884    (0)   :  0.017 0.067 0.023 0.894 
885    (0)   :  0.130 0.156 0.068 0.646 
886    (0)   :  0.019 0.138 0.062 0.780 
887    (0)   :  0.016 0.071 0.027 0.885 
888    (0)   :  0.108 0.247 0.105 0.540 
889    (0)   :  0.023 0.054 0.023 0.900 
890    (0)   :  0.032 0.119 0.023 0.826 
891    (0)   :  0.043 0.610 0.040 0.308 
892    (0)   :  0.034 0.682 0.043 0.241 
893    (0)   :  0.214 0.402 0.068 0.316 
894    (0)   :  0.017 0.239 0.026 0.718 
895    (0)   :  0.022 0.093 0.028 0.857 
896    (0)   :  0.047 0.744 0.066 0.143 
897    (0)   :  0.021 0.822 0.037 0.120 
898    (0)   :  0.041 0.276 0.088 0.595 
899    (0)   :  0.017 0.310 0.022 0.651 
900    (0)   :  0.042 0.626 0.035 0.297 
901    (0)   :  0.022 0.601 0.037 0.341 
902    (0)   :  0.128 0.631 0.051 0.191 
903    (0)   :  0.028 0.136 0.037 0.799 
904    (0)   :  0.034 0.317 0.076 0.572 
905    (0)   :  0.015 0.101 0.026 0.858 
906    (0)   :  0.079 0.364 0.053 0.503 
907    (0)   :  0.021 0.319 0.060 0.599 
908    (0)   :  0.017 0.322 0.046 0.616 
909    (0)   :  0.120 0.229 0.053 0.599 
910    (0)   :  0.092 0.551 0.050 0.307 
911    (0)   :  0.019 0.085 0.023 0.874 
912    (0)   :  0.024 0.243 0.028 0.706 
913    (0)   :  0.040 0.174 0.026 0.760 
914    (0)   :  0.025 0.459 0.147 0.369 
915    (0)   :  0.031 0.217 0.022 0.730 
916    (0)   :  0.022 0.550 0.034 0.393 
917    (0)   :  0.035 0.480 0.033 0.452 
918    (0)   :  0.036 0.199 0.124 0.640 
919    (0)   :  0.021 0.116 0.065 0.798 
920    (0)   :  0.021 0.282 0.051 0.646 
921    (0)   :  0.268 0.313 0.253 0.166 
922    (0)   :  0.405 0.403 0.049 0.142 
923    (0)   :  0.065 0.785 0.071 0.080 
924    (0)   :  0.251 0.602 0.044 0.103 
925    (0)   :  0.207 0.568 0.077 0.148 
926    (0)   :  0.778 0.105 0.056 0.061 
927    (0)   :  0.713 0.113 0.088 0.087 
928    (0)   :  0.178 0.512 0.249 0.061 
929    (0)   :  0.505 0.383 0.042 0.070 
930    (0)   :  0.412 0.379 0.083 0.126 
931    (0)   :  0.817 0.047 0.062 0.073 
932    (0)   :  0.812 0.091 0.029 0.068 
933    (0)   :  0.201 0.231 0.485 0.084 
