

----------------------------------------------------
STRUCTURE by Pritchard, Stephens and Donnelly (2000)
     and Falush, Stephens and Pritchard (2003)
       Code by Pritchard, Falush and Hubisz
             Version 2.3.4 (Jul 2012)
----------------------------------------------------



Command line arguments:   ./structure -K 5 -D 105016 -m brooktrout/mainparams -e brooktrout/extraparams -o brooktrout/250914_output/results_K5_rep16 
Input File:    brooktrout/brooktrout.txt

Run parameters:
   8454 individuals
   5 loci
   5 populations assumed
   50000 Burn-in period
   100000 Reps
RANDOMIZE turned off


--------------------------------------------
Overall proportion of membership of the
sample in each of the 5 clusters

Inferred Clusters
  1      2      3      4      5    
0.097  0.112  0.212  0.301  0.279  

--------------------------------------------

Allele-freq. divergence among pops (Net nucleotide distance),
computed using point estimates of P.

      1       2       3       4       5      
 1      -    0.1148  0.1358  0.0532  0.0565  
 2   0.1148     -    0.0851  0.0731  0.0670  
 3   0.1358  0.0851     -    0.1097  0.0775  
 4   0.0532  0.0731  0.1097     -    0.0309  
 5   0.0565  0.0670  0.0775  0.0309     -    

Average distances (expected heterozygosity) between individuals in same cluster:
cluster  1  : 0.7635 
cluster  2  : 0.8055 
cluster  3  : 0.7379 
cluster  4  : 0.8199 
cluster  5  : 0.8215 

--------------------------------------------
Estimated Ln Prob of Data   = -184161.2
Mean value of ln likelihood = -171996.9
Variance of ln likelihood   = 24328.7

Mean value of alpha_1       = 0.1164
Mean value of alpha_2       = 0.1375
Mean value of alpha_3       = 0.2632
Mean value of alpha_4       = 0.3843
Mean value of alpha_5       = 0.3576
Allele frequencies uncorrelated


Inferred ancestry of individuals:
     (%Miss) :  Inferred clusters
  1    (0)   :  0.096 0.067 0.327 0.242 0.268 
  2    (0)   :  0.020 0.084 0.061 0.172 0.664 
  3    (0)   :  0.170 0.086 0.187 0.255 0.301 
  4    (0)   :  0.031 0.055 0.631 0.164 0.118 
  5    (0)   :  0.024 0.051 0.052 0.146 0.728 
  6    (0)   :  0.198 0.023 0.048 0.107 0.624 
  7    (0)   :  0.068 0.019 0.054 0.499 0.360 
  8    (0)   :  0.086 0.037 0.355 0.259 0.263 
  9    (0)   :  0.074 0.070 0.123 0.351 0.382 
 10    (0)   :  0.078 0.020 0.167 0.274 0.460 
 11    (0)   :  0.074 0.019 0.057 0.633 0.217 
 12    (0)   :  0.025 0.054 0.078 0.161 0.683 
 13    (0)   :  0.043 0.036 0.079 0.195 0.647 
 14    (0)   :  0.063 0.202 0.142 0.209 0.385 
 15    (0)   :  0.063 0.062 0.242 0.264 0.369 
 16    (0)   :  0.147 0.038 0.088 0.238 0.489 
 17    (0)   :  0.064 0.044 0.069 0.141 0.683 
 18    (0)   :  0.135 0.067 0.107 0.145 0.546 
 19    (0)   :  0.104 0.025 0.062 0.158 0.651 
 20    (0)   :  0.064 0.062 0.088 0.340 0.446 
 21    (0)   :  0.056 0.131 0.271 0.185 0.357 
 22    (0)   :  0.174 0.032 0.091 0.114 0.589 
 23    (0)   :  0.042 0.248 0.271 0.222 0.217 
 24    (0)   :  0.093 0.045 0.212 0.162 0.488 
 25    (0)   :  0.078 0.033 0.040 0.281 0.567 
 26    (0)   :  0.069 0.042 0.106 0.116 0.667 
 27    (0)   :  0.065 0.065 0.115 0.187 0.569 
 28    (0)   :  0.071 0.032 0.338 0.268 0.291 
 29    (0)   :  0.032 0.064 0.081 0.434 0.390 
 30    (0)   :  0.188 0.053 0.074 0.114 0.571 
 31    (0)   :  0.046 0.060 0.129 0.211 0.554 
 32    (0)   :  0.073 0.078 0.218 0.307 0.324 
 33    (0)   :  0.150 0.096 0.169 0.423 0.163 
 34    (0)   :  0.082 0.023 0.088 0.570 0.236 
 35    (0)   :  0.062 0.173 0.067 0.157 0.540 
 36    (0)   :  0.286 0.415 0.072 0.110 0.118 
 37    (0)   :  0.033 0.093 0.265 0.285 0.324 
 38    (0)   :  0.566 0.102 0.041 0.183 0.108 
 39    (0)   :  0.198 0.117 0.069 0.356 0.260 
 40    (0)   :  0.055 0.514 0.138 0.085 0.208 
 41    (0)   :  0.173 0.402 0.058 0.231 0.137 
 42    (0)   :  0.177 0.238 0.383 0.128 0.074 
 43    (0)   :  0.026 0.421 0.124 0.255 0.174 
 44    (0)   :  0.056 0.533 0.046 0.169 0.197 
 45    (0)   :  0.184 0.347 0.046 0.189 0.234 
 46    (0)   :  0.098 0.104 0.056 0.275 0.468 
 47    (0)   :  0.063 0.059 0.090 0.182 0.606 
 48    (0)   :  0.061 0.566 0.043 0.088 0.242 
 49    (0)   :  0.099 0.150 0.095 0.332 0.323 
 50    (0)   :  0.085 0.053 0.111 0.415 0.335 
 51    (0)   :  0.077 0.756 0.040 0.070 0.057 
 52    (0)   :  0.165 0.097 0.097 0.388 0.253 
 53    (0)   :  0.604 0.057 0.077 0.159 0.103 
 54    (0)   :  0.019 0.189 0.108 0.181 0.504 
 55    (0)   :  0.023 0.493 0.065 0.149 0.270 
 56    (0)   :  0.119 0.300 0.087 0.104 0.391 
 57    (0)   :  0.047 0.024 0.150 0.149 0.630 
 58    (0)   :  0.063 0.321 0.090 0.206 0.320 
 59    (0)   :  0.263 0.260 0.072 0.205 0.199 
 60    (0)   :  0.058 0.518 0.156 0.114 0.153 
 61    (0)   :  0.015 0.581 0.103 0.117 0.184 
 62    (0)   :  0.060 0.052 0.060 0.163 0.665 
 63    (0)   :  0.049 0.192 0.144 0.491 0.124 
 64    (0)   :  0.203 0.045 0.048 0.160 0.543 
 65    (0)   :  0.027 0.040 0.037 0.731 0.164 
 66    (0)   :  0.027 0.196 0.219 0.308 0.249 
 67    (0)   :  0.019 0.416 0.058 0.250 0.257 
 68    (0)   :  0.274 0.232 0.095 0.199 0.200 
 69    (0)   :  0.324 0.082 0.145 0.324 0.125 
 70    (0)   :  0.076 0.344 0.115 0.381 0.086 
 71    (0)   :  0.158 0.462 0.036 0.179 0.165 
 72    (0)   :  0.246 0.135 0.065 0.293 0.261 
 73    (0)   :  0.028 0.378 0.046 0.251 0.297 
 74    (0)   :  0.323 0.298 0.154 0.105 0.120 
 75    (0)   :  0.127 0.469 0.201 0.074 0.128 
 76    (0)   :  0.030 0.217 0.074 0.549 0.130 
 77    (0)   :  0.240 0.393 0.047 0.215 0.106 
 78    (0)   :  0.384 0.319 0.053 0.154 0.090 
 79    (0)   :  0.049 0.023 0.059 0.501 0.367 
 80    (0)   :  0.030 0.032 0.572 0.200 0.166 
 81    (0)   :  0.038 0.026 0.422 0.277 0.236 
 82    (0)   :  0.028 0.110 0.145 0.416 0.301 
 83    (0)   :  0.088 0.073 0.321 0.345 0.174 
 84    (0)   :  0.058 0.039 0.270 0.474 0.160 
 85    (0)   :  0.107 0.053 0.352 0.219 0.268 
 86    (0)   :  0.032 0.180 0.062 0.243 0.482 
 87    (0)   :  0.046 0.036 0.070 0.675 0.174 
 88    (0)   :  0.029 0.040 0.300 0.413 0.218 
 89    (0)   :  0.027 0.044 0.423 0.267 0.239 
 90    (0)   :  0.029 0.025 0.071 0.710 0.165 
 91    (0)   :  0.070 0.047 0.574 0.176 0.134 
 92    (0)   :  0.037 0.033 0.114 0.419 0.397 
 93    (0)   :  0.020 0.025 0.802 0.079 0.074 
 94    (0)   :  0.152 0.030 0.057 0.684 0.077 
 95    (0)   :  0.022 0.029 0.162 0.673 0.114 
 96    (0)   :  0.020 0.508 0.214 0.135 0.122 
 97    (0)   :  0.190 0.283 0.213 0.098 0.216 
 98    (0)   :  0.046 0.381 0.111 0.193 0.270 
 99    (0)   :  0.038 0.035 0.236 0.519 0.173 
100    (0)   :  0.016 0.078 0.639 0.090 0.176 
101    (0)   :  0.040 0.070 0.120 0.537 0.232 
102    (0)   :  0.047 0.086 0.401 0.369 0.097 
103    (0)   :  0.021 0.146 0.186 0.470 0.177 
104    (0)   :  0.024 0.058 0.090 0.709 0.119 
105    (0)   :  0.018 0.063 0.152 0.637 0.131 
106    (0)   :  0.067 0.033 0.030 0.743 0.126 
107    (0)   :  0.021 0.090 0.156 0.608 0.124 
108    (0)   :  0.081 0.584 0.045 0.127 0.164 
109    (0)   :  0.077 0.055 0.032 0.532 0.305 
110    (0)   :  0.057 0.024 0.035 0.796 0.089 
111    (0)   :  0.018 0.031 0.044 0.819 0.088 
112    (0)   :  0.035 0.034 0.034 0.811 0.087 
113    (0)   :  0.059 0.201 0.096 0.280 0.365 
114    (0)   :  0.022 0.045 0.116 0.699 0.118 
115    (0)   :  0.023 0.101 0.056 0.714 0.106 
116    (0)   :  0.128 0.128 0.035 0.498 0.213 
117    (0)   :  0.041 0.030 0.044 0.798 0.088 
118    (0)   :  0.026 0.138 0.049 0.390 0.396 
119    (0)   :  0.040 0.443 0.224 0.215 0.077 
120    (0)   :  0.026 0.056 0.061 0.721 0.135 
121    (0)   :  0.029 0.118 0.043 0.717 0.093 
122    (0)   :  0.052 0.032 0.041 0.736 0.139 
123    (0)   :  0.035 0.045 0.060 0.769 0.092 
124    (0)   :  0.090 0.078 0.045 0.656 0.131 
125    (0)   :  0.135 0.054 0.058 0.579 0.174 
126    (0)   :  0.073 0.094 0.073 0.657 0.104 
127    (0)   :  0.018 0.038 0.049 0.812 0.083 
128    (0)   :  0.019 0.116 0.056 0.454 0.355 
129    (0)   :  0.018 0.059 0.042 0.722 0.160 
130    (0)   :  0.024 0.050 0.137 0.649 0.140 
131    (0)   :  0.324 0.091 0.038 0.466 0.081 
132    (0)   :  0.039 0.049 0.035 0.716 0.161 
133    (0)   :  0.025 0.073 0.066 0.719 0.117 
134    (0)   :  0.032 0.020 0.026 0.837 0.085 
135    (0)   :  0.026 0.188 0.484 0.092 0.210 
136    (0)   :  0.024 0.027 0.719 0.054 0.175 
137    (0)   :  0.020 0.021 0.775 0.112 0.074 
138    (0)   :  0.025 0.032 0.799 0.059 0.084 
139    (0)   :  0.028 0.330 0.264 0.096 0.283 
140    (0)   :  0.046 0.081 0.520 0.184 0.168 
141    (0)   :  0.042 0.036 0.644 0.066 0.211 
142    (0)   :  0.023 0.250 0.497 0.088 0.143 
143    (0)   :  0.016 0.024 0.846 0.052 0.062 
144    (0)   :  0.017 0.024 0.781 0.109 0.069 
145    (0)   :  0.043 0.054 0.403 0.073 0.427 
146    (0)   :  0.041 0.045 0.532 0.192 0.190 
147    (0)   :  0.017 0.020 0.841 0.051 0.070 
148    (0)   :  0.026 0.080 0.587 0.132 0.174 
149    (0)   :  0.030 0.058 0.739 0.063 0.111 
150    (0)   :  0.022 0.037 0.623 0.193 0.125 
151    (0)   :  0.019 0.031 0.790 0.076 0.083 
152    (0)   :  0.043 0.142 0.493 0.109 0.212 
153    (0)   :  0.035 0.047 0.742 0.087 0.088 
154    (0)   :  0.023 0.046 0.691 0.059 0.182 
155    (0)   :  0.017 0.029 0.812 0.071 0.071 
156    (0)   :  0.017 0.130 0.668 0.111 0.074 
157    (0)   :  0.032 0.025 0.671 0.214 0.058 
158    (0)   :  0.047 0.040 0.489 0.069 0.355 
159    (0)   :  0.017 0.021 0.838 0.051 0.074 
160    (0)   :  0.017 0.023 0.811 0.051 0.098 
161    (0)   :  0.041 0.041 0.685 0.121 0.113 
162    (0)   :  0.039 0.060 0.421 0.170 0.309 
163    (0)   :  0.017 0.035 0.821 0.066 0.061 
164    (0)   :  0.031 0.042 0.454 0.161 0.312 
165    (0)   :  0.020 0.030 0.686 0.170 0.094 
166    (0)   :  0.056 0.066 0.556 0.246 0.076 
167    (0)   :  0.029 0.025 0.583 0.082 0.280 
168    (0)   :  0.055 0.053 0.709 0.084 0.098 
169    (0)   :  0.269 0.048 0.291 0.063 0.330 
170    (0)   :  0.020 0.095 0.700 0.096 0.089 
171    (0)   :  0.051 0.066 0.548 0.133 0.202 
172    (0)   :  0.165 0.150 0.512 0.063 0.111 
173    (0)   :  0.016 0.034 0.789 0.054 0.106 
174    (0)   :  0.020 0.023 0.799 0.075 0.083 
175    (0)   :  0.023 0.034 0.773 0.052 0.118 
176    (0)   :  0.017 0.023 0.782 0.109 0.069 
177    (0)   :  0.066 0.035 0.549 0.255 0.096 
178    (0)   :  0.029 0.026 0.704 0.082 0.158 
179    (0)   :  0.017 0.022 0.838 0.053 0.070 
180    (0)   :  0.037 0.041 0.596 0.112 0.214 
181    (0)   :  0.029 0.069 0.596 0.073 0.233 
182    (0)   :  0.016 0.052 0.717 0.059 0.155 
183    (0)   :  0.017 0.028 0.809 0.056 0.090 
184    (0)   :  0.026 0.118 0.057 0.112 0.687 
185    (0)   :  0.015 0.133 0.722 0.060 0.070 
186    (0)   :  0.022 0.087 0.063 0.413 0.414 
187    (0)   :  0.023 0.179 0.278 0.140 0.380 
188    (0)   :  0.019 0.147 0.045 0.354 0.435 
189    (0)   :  0.124 0.125 0.274 0.104 0.373 
190    (0)   :  0.013 0.658 0.156 0.054 0.119 
191    (0)   :  0.018 0.242 0.105 0.121 0.514 
192    (0)   :  0.024 0.108 0.308 0.267 0.293 
193    (0)   :  0.029 0.191 0.205 0.121 0.454 
194    (0)   :  0.024 0.136 0.291 0.300 0.248 
195    (0)   :  0.015 0.289 0.423 0.069 0.204 
196    (0)   :  0.017 0.581 0.130 0.085 0.187 
197    (0)   :  0.034 0.088 0.121 0.182 0.575 
198    (0)   :  0.053 0.137 0.187 0.271 0.353 
199    (0)   :  0.023 0.464 0.144 0.094 0.275 
200    (0)   :  0.035 0.484 0.105 0.091 0.286 
201    (0)   :  0.018 0.175 0.549 0.087 0.172 
202    (0)   :  0.015 0.155 0.598 0.102 0.130 
203    (0)   :  0.015 0.200 0.483 0.079 0.223 
204    (0)   :  0.014 0.489 0.140 0.075 0.283 
205    (0)   :  0.022 0.457 0.084 0.093 0.344 
206    (0)   :  0.016 0.346 0.183 0.089 0.366 
207    (0)   :  0.014 0.434 0.082 0.124 0.346 
208    (0)   :  0.016 0.460 0.214 0.076 0.235 
209    (0)   :  0.020 0.264 0.140 0.119 0.456 
210    (0)   :  0.016 0.396 0.191 0.122 0.275 
211    (0)   :  0.014 0.439 0.172 0.154 0.220 
212    (0)   :  0.025 0.107 0.592 0.084 0.192 
213    (0)   :  0.029 0.285 0.130 0.377 0.180 
214    (0)   :  0.017 0.196 0.542 0.078 0.167 
215    (0)   :  0.020 0.488 0.055 0.102 0.335 
216    (0)   :  0.030 0.125 0.086 0.164 0.595 
217    (0)   :  0.023 0.277 0.389 0.067 0.244 
218    (0)   :  0.022 0.293 0.129 0.112 0.445 
219    (0)   :  0.044 0.067 0.190 0.103 0.596 
220    (0)   :  0.014 0.474 0.080 0.092 0.340 
221    (0)   :  0.015 0.188 0.671 0.052 0.075 
222    (0)   :  0.041 0.073 0.123 0.169 0.594 
223    (0)   :  0.035 0.123 0.391 0.138 0.313 
224    (0)   :  0.016 0.170 0.414 0.101 0.299 
225    (0)   :  0.018 0.415 0.149 0.103 0.315 
226    (0)   :  0.091 0.304 0.130 0.086 0.389 
227    (0)   :  0.016 0.340 0.260 0.119 0.265 
228    (0)   :  0.014 0.411 0.311 0.063 0.201 
229    (0)   :  0.016 0.122 0.428 0.125 0.310 
230    (0)   :  0.015 0.255 0.305 0.105 0.321 
231    (0)   :  0.021 0.122 0.326 0.102 0.430 
232    (0)   :  0.038 0.152 0.309 0.183 0.317 
233    (0)   :  0.018 0.123 0.624 0.077 0.158 
234    (0)   :  0.032 0.112 0.238 0.210 0.407 
235    (0)   :  0.034 0.260 0.264 0.089 0.354 
236    (0)   :  0.024 0.168 0.413 0.111 0.284 
237    (0)   :  0.017 0.337 0.115 0.120 0.412 
238    (0)   :  0.020 0.143 0.558 0.132 0.147 
239    (0)   :  0.014 0.289 0.424 0.069 0.204 
240    (0)   :  0.021 0.152 0.554 0.131 0.142 
241    (0)   :  0.020 0.121 0.614 0.078 0.167 
242    (0)   :  0.038 0.247 0.181 0.098 0.436 
243    (0)   :  0.013 0.598 0.131 0.063 0.195 
244    (0)   :  0.015 0.246 0.412 0.080 0.247 
245    (0)   :  0.017 0.081 0.749 0.080 0.073 
246    (0)   :  0.024 0.281 0.383 0.066 0.247 
247    (0)   :  0.034 0.123 0.054 0.609 0.180 
248    (0)   :  0.019 0.369 0.056 0.160 0.396 
249    (0)   :  0.016 0.225 0.404 0.104 0.250 
250    (0)   :  0.020 0.165 0.307 0.137 0.370 
251    (0)   :  0.067 0.279 0.097 0.131 0.426 
252    (0)   :  0.021 0.257 0.278 0.127 0.317 
253    (0)   :  0.044 0.250 0.099 0.243 0.364 
254    (0)   :  0.026 0.124 0.142 0.158 0.549 
255    (0)   :  0.022 0.139 0.216 0.139 0.484 
256    (0)   :  0.020 0.331 0.305 0.090 0.253 
257    (0)   :  0.021 0.354 0.167 0.125 0.333 
258    (0)   :  0.029 0.361 0.108 0.225 0.277 
259    (0)   :  0.019 0.205 0.186 0.157 0.434 
260    (0)   :  0.035 0.058 0.327 0.164 0.415 
261    (0)   :  0.025 0.243 0.404 0.101 0.227 
262    (0)   :  0.017 0.497 0.271 0.053 0.162 
263    (0)   :  0.016 0.308 0.091 0.118 0.467 
264    (0)   :  0.094 0.069 0.039 0.151 0.646 
265    (0)   :  0.029 0.269 0.180 0.094 0.428 
266    (0)   :  0.014 0.162 0.684 0.054 0.086 
267    (0)   :  0.021 0.127 0.225 0.148 0.480 
268    (0)   :  0.017 0.578 0.131 0.085 0.190 
269    (0)   :  0.069 0.133 0.215 0.100 0.483 
270    (0)   :  0.023 0.117 0.092 0.168 0.599 
271    (0)   :  0.026 0.438 0.085 0.134 0.318 
272    (0)   :  0.066 0.456 0.083 0.091 0.304 
273    (0)   :  0.065 0.222 0.234 0.127 0.352 
274    (0)   :  0.037 0.282 0.120 0.106 0.455 
275    (0)   :  0.044 0.339 0.136 0.082 0.398 
276    (0)   :  0.050 0.419 0.077 0.101 0.352 
277    (0)   :  0.033 0.132 0.326 0.145 0.363 
278    (0)   :  0.020 0.535 0.065 0.082 0.298 
279    (0)   :  0.028 0.261 0.211 0.126 0.374 
280    (0)   :  0.054 0.200 0.136 0.096 0.515 
281    (0)   :  0.028 0.271 0.142 0.162 0.396 
282    (0)   :  0.031 0.076 0.524 0.126 0.244 
283    (0)   :  0.018 0.091 0.583 0.115 0.193 
284    (0)   :  0.026 0.175 0.303 0.263 0.232 
285    (0)   :  0.026 0.447 0.037 0.156 0.334 
286    (0)   :  0.015 0.248 0.406 0.081 0.250 
287    (0)   :  0.046 0.143 0.191 0.124 0.496 
288    (0)   :  0.047 0.387 0.085 0.087 0.394 
289    (0)   :  0.044 0.390 0.093 0.180 0.293 
290    (0)   :  0.057 0.334 0.123 0.152 0.335 
291    (0)   :  0.026 0.445 0.083 0.133 0.313 
292    (0)   :  0.051 0.334 0.190 0.087 0.338 
293    (0)   :  0.087 0.248 0.075 0.220 0.369 
294    (0)   :  0.018 0.320 0.070 0.104 0.488 
295    (0)   :  0.072 0.248 0.144 0.137 0.399 
296    (0)   :  0.019 0.443 0.078 0.117 0.342 
297    (0)   :  0.047 0.135 0.085 0.111 0.623 
298    (0)   :  0.025 0.078 0.403 0.159 0.335 
299    (0)   :  0.018 0.141 0.095 0.152 0.594 
300    (0)   :  0.020 0.418 0.065 0.107 0.389 
301    (0)   :  0.032 0.097 0.075 0.099 0.696 
302    (0)   :  0.019 0.411 0.072 0.103 0.395 
303    (0)   :  0.027 0.167 0.399 0.114 0.293 
304    (0)   :  0.039 0.037 0.399 0.182 0.343 
305    (0)   :  0.018 0.405 0.231 0.062 0.284 
306    (0)   :  0.035 0.190 0.415 0.078 0.282 
307    (0)   :  0.028 0.138 0.273 0.146 0.415 
308    (0)   :  0.024 0.239 0.410 0.102 0.225 
309    (0)   :  0.022 0.511 0.070 0.126 0.271 
310    (0)   :  0.015 0.441 0.249 0.071 0.225 
311    (0)   :  0.015 0.254 0.306 0.104 0.321 
312    (0)   :  0.014 0.473 0.086 0.144 0.283 
313    (0)   :  0.016 0.543 0.052 0.104 0.285 
314    (0)   :  0.018 0.034 0.843 0.049 0.056 
315    (0)   :  0.031 0.046 0.798 0.067 0.059 
316    (0)   :  0.041 0.033 0.783 0.069 0.074 
317    (0)   :  0.018 0.021 0.855 0.048 0.058 
318    (0)   :  0.020 0.016 0.857 0.048 0.059 
319    (0)   :  0.015 0.024 0.839 0.050 0.071 
320    (0)   :  0.018 0.033 0.843 0.050 0.056 
321    (0)   :  0.020 0.019 0.849 0.050 0.062 
322    (0)   :  0.036 0.049 0.771 0.071 0.073 
323    (0)   :  0.017 0.018 0.850 0.049 0.066 
324    (0)   :  0.020 0.018 0.851 0.050 0.061 
325    (0)   :  0.042 0.026 0.808 0.065 0.060 
326    (0)   :  0.048 0.027 0.803 0.063 0.059 
327    (0)   :  0.018 0.021 0.854 0.049 0.058 
328    (0)   :  0.033 0.036 0.791 0.073 0.068 
329    (0)   :  0.016 0.017 0.858 0.050 0.059 
330    (0)   :  0.018 0.020 0.855 0.049 0.058 
331    (0)   :  0.016 0.018 0.854 0.050 0.062 
332    (0)   :  0.047 0.025 0.794 0.066 0.067 
333    (0)   :  0.036 0.031 0.805 0.065 0.063 
334    (0)   :  0.032 0.035 0.793 0.071 0.069 
335    (0)   :  0.029 0.037 0.808 0.068 0.059 
336    (0)   :  0.021 0.023 0.844 0.049 0.062 
337    (0)   :  0.043 0.030 0.795 0.068 0.064 
338    (0)   :  0.021 0.016 0.853 0.049 0.061 
339    (0)   :  0.017 0.018 0.855 0.049 0.061 
340    (0)   :  0.015 0.020 0.860 0.048 0.058 
341    (0)   :  0.019 0.019 0.846 0.049 0.067 
342    (0)   :  0.018 0.020 0.855 0.049 0.057 
343    (0)   :  0.033 0.056 0.776 0.070 0.065 
344    (0)   :  0.016 0.016 0.860 0.049 0.058 
345    (0)   :  0.018 0.020 0.854 0.049 0.058 
346    (0)   :  0.018 0.018 0.862 0.047 0.055 
347    (0)   :  0.016 0.018 0.864 0.047 0.055 
348    (0)   :  0.026 0.072 0.777 0.067 0.058 
349    (0)   :  0.018 0.021 0.854 0.049 0.058 
350    (0)   :  0.016 0.028 0.836 0.050 0.069 
351    (0)   :  0.028 0.036 0.808 0.067 0.061 
352    (0)   :  0.037 0.035 0.801 0.067 0.060 
353    (0)   :  0.021 0.024 0.843 0.049 0.063 
354    (0)   :  0.018 0.017 0.853 0.050 0.063 
355    (0)   :  0.019 0.017 0.858 0.047 0.058 
356    (0)   :  0.026 0.083 0.764 0.069 0.057 
357    (0)   :  0.134 0.036 0.506 0.140 0.185 
358    (0)   :  0.034 0.025 0.811 0.067 0.064 
359    (0)   :  0.018 0.017 0.849 0.051 0.065 
360    (0)   :  0.018 0.018 0.861 0.048 0.055 
361    (0)   :  0.134 0.054 0.449 0.152 0.211 
362    (0)   :  0.180 0.085 0.076 0.390 0.269 
363    (0)   :  0.144 0.061 0.047 0.533 0.215 
364    (0)   :  0.088 0.036 0.183 0.121 0.571 
365    (0)   :  0.193 0.034 0.048 0.141 0.584 
366    (0)   :  0.138 0.265 0.111 0.140 0.346 
367    (0)   :  0.081 0.020 0.032 0.773 0.095 
368    (0)   :  0.033 0.029 0.059 0.478 0.400 
369    (0)   :  0.062 0.188 0.308 0.190 0.253 
370    (0)   :  0.041 0.081 0.078 0.527 0.272 
371    (0)   :  0.064 0.106 0.103 0.215 0.512 
372    (0)   :  0.041 0.103 0.101 0.218 0.537 
373    (0)   :  0.047 0.032 0.104 0.397 0.420 
374    (0)   :  0.125 0.055 0.323 0.241 0.257 
375    (0)   :  0.072 0.026 0.044 0.432 0.426 
376    (0)   :  0.581 0.020 0.037 0.168 0.193 
377    (0)   :  0.171 0.067 0.070 0.324 0.369 
378    (0)   :  0.035 0.040 0.219 0.605 0.101 
379    (0)   :  0.586 0.029 0.032 0.165 0.188 
380    (0)   :  0.454 0.079 0.141 0.081 0.246 
381    (0)   :  0.274 0.082 0.116 0.080 0.449 
382    (0)   :  0.089 0.021 0.046 0.599 0.245 
383    (0)   :  0.511 0.035 0.117 0.069 0.267 
384    (0)   :  0.175 0.031 0.095 0.170 0.529 
385    (0)   :  0.039 0.020 0.119 0.174 0.647 
386    (0)   :  0.142 0.031 0.044 0.603 0.181 
387    (0)   :  0.114 0.030 0.055 0.517 0.284 
388    (0)   :  0.074 0.036 0.248 0.251 0.391 
389    (0)   :  0.028 0.306 0.051 0.155 0.460 
390    (0)   :  0.235 0.131 0.045 0.475 0.114 
391    (0)   :  0.054 0.110 0.093 0.413 0.330 
392    (0)   :  0.183 0.036 0.092 0.214 0.475 
393    (0)   :  0.622 0.056 0.097 0.088 0.138 
394    (0)   :  0.109 0.046 0.285 0.380 0.180 
395    (0)   :  0.206 0.270 0.060 0.341 0.123 
396    (0)   :  0.054 0.026 0.035 0.477 0.408 
397    (0)   :  0.037 0.066 0.111 0.116 0.669 
398    (0)   :  0.562 0.027 0.035 0.259 0.116 
399    (0)   :  0.088 0.079 0.047 0.667 0.119 
400    (0)   :  0.082 0.028 0.072 0.549 0.269 
401    (0)   :  0.046 0.070 0.075 0.708 0.102 
402    (0)   :  0.051 0.113 0.068 0.250 0.518 
403    (0)   :  0.050 0.040 0.341 0.221 0.348 
404    (0)   :  0.079 0.042 0.106 0.344 0.429 
405    (0)   :  0.149 0.079 0.089 0.286 0.397 
406    (0)   :  0.293 0.396 0.133 0.102 0.076 
407    (0)   :  0.589 0.027 0.036 0.167 0.181 
408    (0)   :  0.023 0.106 0.034 0.737 0.100 
409    (0)   :  0.246 0.221 0.318 0.135 0.080 
410    (0)   :  0.166 0.042 0.095 0.332 0.364 
411    (0)   :  0.156 0.087 0.170 0.230 0.356 
412    (0)   :  0.041 0.026 0.055 0.486 0.392 
413    (0)   :  0.048 0.044 0.190 0.534 0.183 
414    (0)   :  0.039 0.029 0.037 0.573 0.323 
415    (0)   :  0.336 0.086 0.055 0.259 0.265 
416    (0)   :  0.075 0.062 0.094 0.351 0.418 
417    (0)   :  0.406 0.029 0.049 0.311 0.205 
418    (0)   :  0.041 0.020 0.041 0.658 0.241 
419    (0)   :  0.084 0.077 0.204 0.397 0.239 
420    (0)   :  0.054 0.146 0.047 0.665 0.088 
421    (0)   :  0.170 0.036 0.061 0.487 0.245 
422    (0)   :  0.251 0.208 0.059 0.151 0.332 
423    (0)   :  0.202 0.060 0.065 0.346 0.326 
424    (0)   :  0.061 0.079 0.071 0.699 0.090 
425    (0)   :  0.068 0.037 0.082 0.171 0.641 
426    (0)   :  0.090 0.033 0.090 0.506 0.282 
427    (0)   :  0.525 0.034 0.130 0.240 0.071 
428    (0)   :  0.348 0.104 0.172 0.130 0.246 
429    (0)   :  0.293 0.020 0.033 0.499 0.155 
430    (0)   :  0.546 0.031 0.044 0.221 0.158 
431    (0)   :  0.055 0.048 0.075 0.541 0.281 
432    (0)   :  0.041 0.033 0.068 0.492 0.365 
433    (0)   :  0.027 0.060 0.321 0.303 0.290 
434    (0)   :  0.061 0.054 0.118 0.206 0.561 
435    (0)   :  0.649 0.029 0.034 0.203 0.085 
436    (0)   :  0.660 0.032 0.057 0.189 0.062 
437    (0)   :  0.283 0.026 0.040 0.171 0.479 
438    (0)   :  0.461 0.150 0.078 0.247 0.064 
439    (0)   :  0.736 0.020 0.047 0.126 0.071 
440    (0)   :  0.574 0.030 0.029 0.258 0.109 
441    (0)   :  0.360 0.031 0.115 0.303 0.191 
442    (0)   :  0.168 0.041 0.041 0.497 0.253 
443    (0)   :  0.107 0.090 0.036 0.682 0.085 
444    (0)   :  0.301 0.054 0.041 0.383 0.222 
445    (0)   :  0.439 0.109 0.159 0.157 0.135 
446    (0)   :  0.582 0.021 0.039 0.275 0.083 
447    (0)   :  0.342 0.075 0.087 0.295 0.201 
448    (0)   :  0.250 0.037 0.045 0.332 0.336 
449    (0)   :  0.232 0.040 0.073 0.292 0.363 
450    (0)   :  0.186 0.016 0.085 0.237 0.476 
451    (0)   :  0.053 0.038 0.029 0.732 0.149 
452    (0)   :  0.266 0.020 0.069 0.233 0.412 
453    (0)   :  0.047 0.310 0.086 0.434 0.123 
454    (0)   :  0.336 0.037 0.090 0.301 0.236 
455    (0)   :  0.635 0.057 0.037 0.210 0.061 
456    (0)   :  0.419 0.106 0.036 0.305 0.134 
457    (0)   :  0.534 0.025 0.044 0.131 0.266 
458    (0)   :  0.627 0.023 0.049 0.165 0.135 
459    (0)   :  0.219 0.030 0.099 0.575 0.076 
460    (0)   :  0.278 0.025 0.039 0.578 0.080 
461    (0)   :  0.066 0.015 0.042 0.787 0.091 
462    (0)   :  0.230 0.050 0.029 0.516 0.174 
463    (0)   :  0.313 0.329 0.067 0.205 0.085 
464    (0)   :  0.222 0.053 0.037 0.602 0.086 
465    (0)   :  0.113 0.036 0.051 0.693 0.107 
466    (0)   :  0.146 0.135 0.041 0.579 0.099 
467    (0)   :  0.273 0.060 0.076 0.446 0.145 
468    (0)   :  0.717 0.050 0.035 0.101 0.097 
469    (0)   :  0.800 0.019 0.036 0.085 0.059 
470    (0)   :  0.663 0.025 0.034 0.214 0.064 
471    (0)   :  0.086 0.207 0.044 0.302 0.361 
472    (0)   :  0.151 0.066 0.055 0.458 0.270 
473    (0)   :  0.222 0.056 0.077 0.278 0.368 
474    (0)   :  0.236 0.043 0.074 0.272 0.374 
475    (0)   :  0.088 0.033 0.083 0.682 0.114 
476    (0)   :  0.412 0.034 0.051 0.301 0.202 
477    (0)   :  0.088 0.039 0.070 0.687 0.116 
478    (0)   :  0.053 0.020 0.036 0.810 0.082 
479    (0)   :  0.405 0.023 0.035 0.400 0.138 
480    (0)   :  0.665 0.020 0.041 0.125 0.149 
481    (0)   :  0.076 0.047 0.039 0.185 0.653 
482    (0)   :  0.539 0.018 0.035 0.308 0.100 
483    (0)   :  0.676 0.024 0.047 0.179 0.074 
484    (0)   :  0.514 0.131 0.048 0.219 0.088 
485    (0)   :  0.731 0.030 0.036 0.147 0.056 
486    (0)   :  0.037 0.159 0.059 0.221 0.525 
487    (0)   :  0.038 0.046 0.109 0.114 0.694 
488    (0)   :  0.026 0.050 0.095 0.288 0.542 
489    (0)   :  0.035 0.156 0.166 0.087 0.556 
490    (0)   :  0.047 0.073 0.041 0.574 0.265 
491    (0)   :  0.021 0.095 0.138 0.120 0.626 
492    (0)   :  0.024 0.078 0.308 0.388 0.202 
493    (0)   :  0.022 0.060 0.060 0.122 0.736 
494    (0)   :  0.031 0.064 0.095 0.108 0.702 
495    (0)   :  0.028 0.060 0.180 0.463 0.270 
496    (0)   :  0.038 0.101 0.410 0.250 0.202 
497    (0)   :  0.021 0.044 0.109 0.109 0.717 
498    (0)   :  0.039 0.160 0.101 0.365 0.335 
499    (0)   :  0.029 0.057 0.187 0.086 0.642 
500    (0)   :  0.045 0.051 0.057 0.090 0.757 
501    (0)   :  0.046 0.038 0.219 0.225 0.471 
502    (0)   :  0.032 0.025 0.249 0.317 0.377 
503    (0)   :  0.105 0.035 0.046 0.150 0.665 
504    (0)   :  0.027 0.054 0.057 0.679 0.183 
505    (0)   :  0.027 0.225 0.105 0.136 0.508 
506    (0)   :  0.030 0.049 0.198 0.317 0.407 
507    (0)   :  0.020 0.088 0.668 0.069 0.155 
508    (0)   :  0.017 0.131 0.556 0.083 0.213 
509    (0)   :  0.025 0.157 0.210 0.145 0.462 
510    (0)   :  0.042 0.040 0.217 0.126 0.575 
511    (0)   :  0.125 0.093 0.061 0.244 0.477 
512    (0)   :  0.103 0.027 0.039 0.281 0.550 
513    (0)   :  0.014 0.223 0.080 0.428 0.256 
514    (0)   :  0.029 0.048 0.089 0.625 0.210 
515    (0)   :  0.189 0.100 0.164 0.196 0.351 
516    (0)   :  0.027 0.103 0.079 0.557 0.234 
517    (0)   :  0.106 0.207 0.175 0.344 0.167 
518    (0)   :  0.038 0.062 0.217 0.095 0.588 
519    (0)   :  0.031 0.038 0.083 0.722 0.125 
520    (0)   :  0.183 0.267 0.304 0.115 0.131 
521    (0)   :  0.029 0.085 0.407 0.363 0.115 
522    (0)   :  0.149 0.220 0.055 0.187 0.389 
523    (0)   :  0.045 0.393 0.198 0.251 0.112 
524    (0)   :  0.333 0.129 0.114 0.208 0.216 
525    (0)   :  0.119 0.083 0.218 0.114 0.467 
526    (0)   :  0.350 0.368 0.093 0.105 0.084 
527    (0)   :  0.050 0.026 0.051 0.173 0.699 
528    (0)   :  0.022 0.116 0.570 0.139 0.152 
529    (0)   :  0.027 0.108 0.171 0.191 0.503 
530    (0)   :  0.133 0.118 0.089 0.156 0.503 
531    (0)   :  0.085 0.069 0.433 0.183 0.230 
532    (0)   :  0.032 0.065 0.231 0.140 0.533 
533    (0)   :  0.101 0.138 0.073 0.135 0.553 
534    (0)   :  0.019 0.290 0.132 0.221 0.339 
535    (0)   :  0.067 0.245 0.091 0.484 0.113 
536    (0)   :  0.183 0.183 0.226 0.208 0.199 
537    (0)   :  0.035 0.318 0.360 0.139 0.147 
538    (0)   :  0.040 0.345 0.223 0.197 0.196 
539    (0)   :  0.020 0.105 0.678 0.078 0.120 
540    (0)   :  0.069 0.259 0.249 0.172 0.251 
541    (0)   :  0.051 0.065 0.556 0.179 0.150 
542    (0)   :  0.165 0.492 0.068 0.112 0.162 
543    (0)   :  0.044 0.288 0.204 0.364 0.099 
544    (0)   :  0.046 0.507 0.113 0.179 0.154 
545    (0)   :  0.212 0.492 0.044 0.176 0.076 
546    (0)   :  0.043 0.353 0.169 0.163 0.271 
547    (0)   :  0.050 0.514 0.162 0.205 0.068 
548    (0)   :  0.021 0.166 0.309 0.139 0.364 
549    (0)   :  0.196 0.134 0.497 0.092 0.081 
550    (0)   :  0.144 0.429 0.073 0.260 0.094 
551    (0)   :  0.049 0.051 0.652 0.139 0.109 
552    (0)   :  0.032 0.351 0.197 0.104 0.315 
553    (0)   :  0.025 0.594 0.157 0.162 0.061 
554    (0)   :  0.079 0.096 0.177 0.362 0.286 
555    (0)   :  0.027 0.298 0.370 0.142 0.163 
556    (0)   :  0.034 0.367 0.178 0.187 0.235 
557    (0)   :  0.326 0.214 0.121 0.270 0.069 
558    (0)   :  0.596 0.016 0.036 0.269 0.083 
559    (0)   :  0.027 0.079 0.063 0.555 0.275 
560    (0)   :  0.234 0.033 0.028 0.627 0.077 
561    (0)   :  0.083 0.045 0.039 0.564 0.269 
562    (0)   :  0.057 0.070 0.028 0.651 0.194 
563    (0)   :  0.052 0.040 0.155 0.666 0.088 
564    (0)   :  0.037 0.214 0.070 0.359 0.320 
565    (0)   :  0.666 0.022 0.043 0.126 0.143 
566    (0)   :  0.083 0.025 0.030 0.762 0.100 
567    (0)   :  0.032 0.107 0.045 0.334 0.483 
568    (0)   :  0.073 0.069 0.061 0.656 0.141 
569    (0)   :  0.114 0.133 0.060 0.490 0.203 
570    (0)   :  0.272 0.020 0.031 0.399 0.279 
571    (0)   :  0.043 0.030 0.046 0.782 0.099 
572    (0)   :  0.072 0.503 0.137 0.135 0.153 
573    (0)   :  0.138 0.132 0.065 0.354 0.312 
574    (0)   :  0.154 0.049 0.133 0.217 0.446 
575    (0)   :  0.040 0.039 0.101 0.701 0.119 
576    (0)   :  0.060 0.019 0.029 0.742 0.150 
577    (0)   :  0.095 0.036 0.120 0.288 0.461 
578    (0)   :  0.084 0.034 0.048 0.707 0.127 
579    (0)   :  0.076 0.045 0.045 0.468 0.366 
580    (0)   :  0.209 0.029 0.078 0.283 0.402 
581    (0)   :  0.231 0.028 0.059 0.508 0.174 
582    (0)   :  0.304 0.038 0.033 0.496 0.128 
583    (0)   :  0.053 0.028 0.046 0.673 0.200 
584    (0)   :  0.069 0.020 0.036 0.703 0.172 
585    (0)   :  0.089 0.030 0.042 0.629 0.210 
586    (0)   :  0.028 0.043 0.059 0.752 0.118 
587    (0)   :  0.078 0.067 0.034 0.427 0.395 
588    (0)   :  0.015 0.558 0.044 0.092 0.291 
589    (0)   :  0.271 0.092 0.037 0.380 0.220 
590    (0)   :  0.026 0.041 0.043 0.629 0.261 
591    (0)   :  0.037 0.027 0.051 0.740 0.144 
592    (0)   :  0.054 0.115 0.040 0.650 0.142 
593    (0)   :  0.095 0.053 0.076 0.590 0.187 
594    (0)   :  0.039 0.036 0.099 0.508 0.317 
595    (0)   :  0.048 0.022 0.029 0.189 0.712 
596    (0)   :  0.113 0.243 0.070 0.337 0.238 
597    (0)   :  0.029 0.068 0.205 0.627 0.071 
598    (0)   :  0.465 0.019 0.033 0.258 0.225 
599    (0)   :  0.045 0.050 0.031 0.754 0.119 
600    (0)   :  0.200 0.055 0.097 0.283 0.365 
601    (0)   :  0.101 0.040 0.032 0.678 0.149 
602    (0)   :  0.030 0.044 0.123 0.189 0.613 
603    (0)   :  0.030 0.056 0.138 0.348 0.429 
604    (0)   :  0.347 0.043 0.105 0.140 0.365 
605    (0)   :  0.083 0.071 0.058 0.473 0.315 
606    (0)   :  0.060 0.092 0.160 0.262 0.427 
607    (0)   :  0.080 0.040 0.243 0.143 0.494 
608    (0)   :  0.083 0.032 0.439 0.219 0.227 
609    (0)   :  0.149 0.044 0.078 0.295 0.435 
610    (0)   :  0.500 0.094 0.060 0.179 0.166 
611    (0)   :  0.039 0.081 0.145 0.345 0.390 
612    (0)   :  0.605 0.036 0.052 0.134 0.172 
613    (0)   :  0.109 0.090 0.073 0.218 0.509 
614    (0)   :  0.247 0.029 0.039 0.092 0.593 
615    (0)   :  0.384 0.042 0.081 0.096 0.396 
616    (0)   :  0.061 0.045 0.180 0.193 0.521 
617    (0)   :  0.131 0.069 0.043 0.229 0.528 
618    (0)   :  0.343 0.054 0.147 0.084 0.372 
619    (0)   :  0.111 0.168 0.147 0.426 0.148 
620    (0)   :  0.039 0.156 0.030 0.630 0.144 
621    (0)   :  0.078 0.019 0.047 0.475 0.381 
622    (0)   :  0.167 0.104 0.103 0.118 0.507 
623    (0)   :  0.062 0.063 0.050 0.472 0.353 
624    (0)   :  0.442 0.032 0.161 0.128 0.237 
625    (0)   :  0.156 0.027 0.127 0.222 0.468 
626    (0)   :  0.206 0.141 0.410 0.080 0.164 
627    (0)   :  0.061 0.063 0.072 0.406 0.399 
628    (0)   :  0.042 0.078 0.068 0.310 0.501 
629    (0)   :  0.048 0.030 0.068 0.217 0.638 
630    (0)   :  0.172 0.036 0.060 0.198 0.533 
631    (0)   :  0.088 0.032 0.059 0.172 0.649 
632    (0)   :  0.045 0.131 0.269 0.141 0.414 
633    (0)   :  0.176 0.032 0.116 0.214 0.462 
634    (0)   :  0.068 0.102 0.181 0.249 0.400 
635    (0)   :  0.060 0.048 0.459 0.127 0.306 
636    (0)   :  0.113 0.034 0.242 0.220 0.392 
637    (0)   :  0.058 0.221 0.118 0.224 0.380 
638    (0)   :  0.047 0.032 0.097 0.201 0.623 
639    (0)   :  0.124 0.035 0.086 0.124 0.631 
640    (0)   :  0.050 0.021 0.065 0.585 0.279 
641    (0)   :  0.052 0.035 0.066 0.146 0.701 
642    (0)   :  0.046 0.078 0.540 0.177 0.161 
643    (0)   :  0.026 0.027 0.760 0.112 0.076 
644    (0)   :  0.027 0.037 0.574 0.179 0.183 
645    (0)   :  0.260 0.047 0.463 0.057 0.174 
646    (0)   :  0.041 0.121 0.145 0.335 0.358 
647    (0)   :  0.029 0.063 0.397 0.326 0.186 
648    (0)   :  0.035 0.159 0.236 0.096 0.474 
649    (0)   :  0.026 0.351 0.176 0.191 0.256 
650    (0)   :  0.028 0.108 0.190 0.382 0.292 
651    (0)   :  0.022 0.042 0.370 0.147 0.419 
652    (0)   :  0.029 0.051 0.586 0.145 0.189 
653    (0)   :  0.042 0.094 0.366 0.110 0.389 
654    (0)   :  0.030 0.142 0.481 0.122 0.224 
655    (0)   :  0.039 0.042 0.517 0.317 0.085 
656    (0)   :  0.038 0.153 0.212 0.129 0.467 
657    (0)   :  0.072 0.033 0.161 0.141 0.592 
658    (0)   :  0.060 0.093 0.241 0.475 0.131 
659    (0)   :  0.038 0.090 0.461 0.116 0.296 
660    (0)   :  0.022 0.095 0.610 0.122 0.151 
661    (0)   :  0.044 0.178 0.536 0.099 0.143 
662    (0)   :  0.024 0.484 0.110 0.184 0.199 
663    (0)   :  0.029 0.077 0.472 0.152 0.270 
664    (0)   :  0.105 0.047 0.251 0.494 0.103 
665    (0)   :  0.022 0.387 0.137 0.158 0.296 
666    (0)   :  0.036 0.112 0.507 0.160 0.184 
667    (0)   :  0.034 0.066 0.108 0.354 0.439 
668    (0)   :  0.051 0.088 0.454 0.202 0.204 
669    (0)   :  0.026 0.182 0.268 0.155 0.368 
670    (0)   :  0.017 0.034 0.800 0.063 0.085 
671    (0)   :  0.021 0.060 0.687 0.114 0.118 
672    (0)   :  0.047 0.049 0.661 0.191 0.052 
673    (0)   :  0.018 0.018 0.844 0.052 0.069 
674    (0)   :  0.031 0.046 0.665 0.085 0.173 
675    (0)   :  0.017 0.024 0.780 0.110 0.070 
676    (0)   :  0.017 0.019 0.852 0.051 0.061 
677    (0)   :  0.016 0.144 0.706 0.058 0.076 
678    (0)   :  0.018 0.016 0.843 0.057 0.066 
679    (0)   :  0.032 0.020 0.713 0.079 0.156 
680    (0)   :  0.030 0.029 0.757 0.061 0.123 
681    (0)   :  0.080 0.296 0.258 0.116 0.250 
682    (0)   :  0.031 0.026 0.791 0.066 0.086 
683    (0)   :  0.017 0.035 0.815 0.061 0.072 
684    (0)   :  0.018 0.020 0.838 0.059 0.066 
685    (0)   :  0.015 0.022 0.854 0.050 0.059 
686    (0)   :  0.030 0.107 0.675 0.078 0.110 
687    (0)   :  0.020 0.084 0.674 0.106 0.116 
688    (0)   :  0.020 0.026 0.795 0.082 0.076 
689    (0)   :  0.016 0.020 0.849 0.048 0.067 
690    (0)   :  0.017 0.019 0.850 0.052 0.062 
691    (0)   :  0.031 0.031 0.722 0.077 0.139 
692    (0)   :  0.022 0.021 0.785 0.077 0.094 
693    (0)   :  0.026 0.022 0.787 0.099 0.067 
694    (0)   :  0.015 0.023 0.861 0.048 0.055 
695    (0)   :  0.028 0.044 0.806 0.066 0.056 
696    (0)   :  0.020 0.027 0.794 0.084 0.076 
697    (0)   :  0.017 0.028 0.830 0.051 0.074 
698    (0)   :  0.017 0.022 0.843 0.052 0.066 
699    (0)   :  0.026 0.138 0.713 0.065 0.058 
700    (0)   :  0.037 0.053 0.746 0.100 0.064 
701    (0)   :  0.041 0.044 0.694 0.081 0.141 
702    (0)   :  0.040 0.055 0.690 0.111 0.104 
703    (0)   :  0.031 0.029 0.775 0.067 0.096 
704    (0)   :  0.019 0.039 0.796 0.077 0.069 
705    (0)   :  0.058 0.299 0.388 0.109 0.145 
706    (0)   :  0.029 0.040 0.779 0.059 0.093 
707    (0)   :  0.017 0.035 0.814 0.052 0.081 
708    (0)   :  0.017 0.026 0.829 0.053 0.076 
709    (0)   :  0.018 0.047 0.822 0.059 0.053 
710    (0)   :  0.016 0.023 0.860 0.047 0.054 
711    (0)   :  0.026 0.077 0.730 0.062 0.105 
712    (0)   :  0.015 0.093 0.775 0.050 0.067 
713    (0)   :  0.018 0.030 0.800 0.080 0.071 
714    (0)   :  0.031 0.030 0.652 0.082 0.205 
715    (0)   :  0.015 0.046 0.834 0.049 0.056 
716    (0)   :  0.027 0.034 0.809 0.060 0.071 
717    (0)   :  0.016 0.029 0.853 0.049 0.054 
718    (0)   :  0.027 0.058 0.695 0.065 0.155 
719    (0)   :  0.016 0.042 0.835 0.054 0.053 
720    (0)   :  0.065 0.032 0.049 0.421 0.434 
721    (0)   :  0.073 0.048 0.534 0.105 0.240 
722    (0)   :  0.152 0.065 0.084 0.247 0.451 
723    (0)   :  0.142 0.024 0.064 0.133 0.636 
724    (0)   :  0.155 0.037 0.176 0.159 0.473 
725    (0)   :  0.034 0.059 0.243 0.260 0.403 
726    (0)   :  0.141 0.101 0.120 0.172 0.467 
727    (0)   :  0.063 0.263 0.222 0.176 0.275 
728    (0)   :  0.465 0.031 0.030 0.114 0.360 
729    (0)   :  0.319 0.024 0.033 0.133 0.492 
730    (0)   :  0.105 0.025 0.051 0.233 0.587 
731    (0)   :  0.217 0.028 0.070 0.180 0.504 
732    (0)   :  0.144 0.025 0.064 0.133 0.634 
733    (0)   :  0.249 0.019 0.045 0.125 0.562 
734    (0)   :  0.251 0.022 0.032 0.316 0.378 
735    (0)   :  0.262 0.016 0.049 0.086 0.587 
736    (0)   :  0.179 0.026 0.058 0.507 0.229 
737    (0)   :  0.168 0.065 0.061 0.251 0.456 
738    (0)   :  0.121 0.026 0.049 0.185 0.619 
739    (0)   :  0.268 0.019 0.042 0.133 0.538 
740    (0)   :  0.024 0.033 0.554 0.068 0.321 
741    (0)   :  0.046 0.054 0.503 0.132 0.265 
742    (0)   :  0.037 0.021 0.165 0.663 0.115 
743    (0)   :  0.028 0.031 0.090 0.240 0.610 
744    (0)   :  0.033 0.258 0.108 0.405 0.197 
745    (0)   :  0.036 0.051 0.044 0.666 0.204 
746    (0)   :  0.049 0.042 0.228 0.258 0.424 
747    (0)   :  0.023 0.044 0.094 0.480 0.359 
748    (0)   :  0.027 0.027 0.479 0.305 0.162 
749    (0)   :  0.038 0.087 0.157 0.308 0.411 
750    (0)   :  0.026 0.064 0.103 0.298 0.510 
751    (0)   :  0.030 0.034 0.470 0.271 0.195 
752    (0)   :  0.032 0.047 0.109 0.404 0.408 
753    (0)   :  0.049 0.047 0.167 0.173 0.565 
754    (0)   :  0.030 0.029 0.414 0.166 0.362 
755    (0)   :  0.030 0.027 0.166 0.187 0.589 
756    (0)   :  0.027 0.045 0.274 0.532 0.122 
757    (0)   :  0.025 0.027 0.172 0.560 0.216 
758    (0)   :  0.027 0.039 0.045 0.621 0.269 
759    (0)   :  0.043 0.066 0.426 0.125 0.340 
760    (0)   :  0.055 0.027 0.098 0.199 0.622 
761    (0)   :  0.081 0.034 0.196 0.101 0.588 
762    (0)   :  0.090 0.017 0.063 0.326 0.504 
763    (0)   :  0.047 0.046 0.161 0.172 0.574 
764    (0)   :  0.027 0.029 0.111 0.405 0.428 
765    (0)   :  0.065 0.030 0.060 0.160 0.686 
766    (0)   :  0.024 0.028 0.337 0.333 0.278 
767    (0)   :  0.038 0.037 0.291 0.493 0.141 
768    (0)   :  0.101 0.018 0.062 0.299 0.520 
769    (0)   :  0.108 0.030 0.239 0.214 0.408 
770    (0)   :  0.071 0.024 0.055 0.542 0.307 
771    (0)   :  0.023 0.323 0.168 0.168 0.318 
772    (0)   :  0.035 0.073 0.295 0.420 0.178 
773    (0)   :  0.023 0.036 0.109 0.307 0.525 
774    (0)   :  0.024 0.040 0.364 0.121 0.452 
775    (0)   :  0.157 0.020 0.110 0.394 0.319 
776    (0)   :  0.027 0.029 0.066 0.751 0.127 
777    (0)   :  0.035 0.108 0.134 0.377 0.346 
778    (0)   :  0.022 0.100 0.231 0.318 0.330 
779    (0)   :  0.028 0.030 0.157 0.339 0.446 
780    (0)   :  0.031 0.029 0.440 0.251 0.248 
781    (0)   :  0.017 0.286 0.151 0.108 0.438 
782    (0)   :  0.027 0.030 0.156 0.337 0.449 
783    (0)   :  0.033 0.027 0.270 0.400 0.269 
784    (0)   :  0.039 0.026 0.102 0.629 0.204 
785    (0)   :  0.028 0.032 0.194 0.340 0.406 
786    (0)   :  0.027 0.028 0.450 0.290 0.206 
787    (0)   :  0.019 0.068 0.465 0.258 0.190 
788    (0)   :  0.045 0.044 0.108 0.475 0.328 
789    (0)   :  0.039 0.022 0.116 0.643 0.180 
790    (0)   :  0.045 0.024 0.247 0.192 0.492 
791    (0)   :  0.029 0.027 0.160 0.644 0.139 
792    (0)   :  0.020 0.104 0.424 0.169 0.283 
793    (0)   :  0.080 0.086 0.448 0.137 0.248 
794    (0)   :  0.038 0.034 0.196 0.443 0.288 
795    (0)   :  0.065 0.040 0.525 0.126 0.244 
796    (0)   :  0.032 0.032 0.191 0.663 0.082 
797    (0)   :  0.045 0.101 0.577 0.103 0.174 
798    (0)   :  0.516 0.131 0.035 0.236 0.081 
799    (0)   :  0.031 0.044 0.088 0.676 0.162 
800    (0)   :  0.018 0.144 0.561 0.185 0.092 
801    (0)   :  0.414 0.115 0.077 0.285 0.108 
802    (0)   :  0.137 0.130 0.296 0.247 0.190 
803    (0)   :  0.046 0.067 0.415 0.166 0.306 
804    (0)   :  0.066 0.243 0.139 0.297 0.255 
805    (0)   :  0.023 0.030 0.778 0.103 0.067 
806    (0)   :  0.284 0.267 0.120 0.130 0.198 
807    (0)   :  0.032 0.115 0.616 0.067 0.171 
808    (0)   :  0.036 0.251 0.424 0.143 0.146 
809    (0)   :  0.179 0.539 0.066 0.139 0.076 
810    (0)   :  0.105 0.044 0.192 0.213 0.446 
