

----------------------------------------------------
STRUCTURE by Pritchard, Stephens and Donnelly (2000)
     and Falush, Stephens and Pritchard (2003)
       Code by Pritchard, Falush and Hubisz
             Version 2.3.4 (Jul 2012)
----------------------------------------------------



Command line arguments:   ./structure -K 6 -D 106006 -m brooktrout/mainparams -e brooktrout/extraparams -o brooktrout/250914_output/results_K6_rep6 
Input File:    brooktrout/brooktrout.txt

Run parameters:
   8454 individuals
   5 loci
   6 populations assumed
   50000 Burn-in period
   100000 Reps
RANDOMIZE turned off


--------------------------------------------
Overall proportion of membership of the
sample in each of the 6 clusters

Inferred Clusters
  1      2      3      4      5      6    
0.024  0.060  0.117  0.235  0.257  0.307  

--------------------------------------------

Allele-freq. divergence among pops (Net nucleotide distance),
computed using point estimates of P.

      1       2       3       4       5       6      
 1      -    0.1440  0.0828  0.0906  0.0677  0.0621  
 2   0.1440     -    0.1189  0.1228  0.1262  0.0902  
 3   0.0828  0.1189     -    0.1274  0.0512  0.0489  
 4   0.0906  0.1228  0.1274     -    0.1277  0.0844  
 5   0.0677  0.1262  0.0512  0.1277     -    0.0550  
 6   0.0621  0.0902  0.0489  0.0844  0.0550     -    

Average distances (expected heterozygosity) between individuals in same cluster:
cluster  1  : 0.8208 
cluster  2  : 0.7769 
cluster  3  : 0.8102 
cluster  4  : 0.7350 
cluster  5  : 0.7787 
cluster  6  : 0.8199 

--------------------------------------------
Estimated Ln Prob of Data   = -183911.2
Mean value of ln likelihood = -171729.4
Variance of ln likelihood   = 24363.5

Mean value of alpha_1       = 0.0428
Mean value of alpha_2       = 0.0990
Mean value of alpha_3       = 0.1987
Mean value of alpha_4       = 0.4051
Mean value of alpha_5       = 0.4487
Mean value of alpha_6       = 0.5411
Allele frequencies uncorrelated


Inferred ancestry of individuals:
     (%Miss) :  Inferred clusters
  1    (0)   :  0.015 0.049 0.150 0.354 0.262 0.170 
  2    (0)   :  0.008 0.014 0.035 0.070 0.090 0.785 
  3    (0)   :  0.031 0.049 0.056 0.248 0.482 0.135 
  4    (0)   :  0.024 0.033 0.081 0.595 0.106 0.162 
  5    (0)   :  0.009 0.014 0.041 0.070 0.108 0.757 
  6    (0)   :  0.021 0.014 0.031 0.086 0.659 0.189 
  7    (0)   :  0.016 0.011 0.264 0.074 0.363 0.270 
  8    (0)   :  0.119 0.028 0.087 0.346 0.287 0.133 
  9    (0)   :  0.137 0.027 0.092 0.164 0.277 0.303 
 10    (0)   :  0.038 0.011 0.071 0.217 0.415 0.248 
 11    (0)   :  0.008 0.013 0.285 0.076 0.367 0.251 
 12    (0)   :  0.012 0.016 0.042 0.106 0.112 0.713 
 13    (0)   :  0.021 0.018 0.050 0.121 0.228 0.563 
 14    (0)   :  0.007 0.067 0.039 0.184 0.218 0.485 
 15    (0)   :  0.013 0.027 0.078 0.273 0.194 0.416 
 16    (0)   :  0.008 0.024 0.053 0.116 0.575 0.224 
 17    (0)   :  0.069 0.026 0.051 0.113 0.271 0.472 
 18    (0)   :  0.108 0.027 0.032 0.149 0.345 0.339 
 19    (0)   :  0.018 0.013 0.046 0.107 0.459 0.357 
 20    (0)   :  0.010 0.027 0.094 0.119 0.239 0.512 
 21    (0)   :  0.010 0.039 0.050 0.317 0.193 0.391 
 22    (0)   :  0.040 0.020 0.030 0.149 0.557 0.203 
 23    (0)   :  0.023 0.117 0.121 0.336 0.149 0.254 
 24    (0)   :  0.012 0.026 0.043 0.296 0.355 0.267 
 25    (0)   :  0.014 0.020 0.069 0.059 0.338 0.501 
 26    (0)   :  0.038 0.022 0.049 0.200 0.253 0.437 
 27    (0)   :  0.015 0.041 0.051 0.156 0.308 0.428 
 28    (0)   :  0.012 0.019 0.172 0.389 0.229 0.180 
 29    (0)   :  0.007 0.023 0.076 0.098 0.158 0.638 
 30    (0)   :  0.014 0.028 0.029 0.122 0.578 0.230 
 31    (0)   :  0.063 0.030 0.059 0.189 0.178 0.481 
 32    (0)   :  0.014 0.029 0.076 0.286 0.335 0.261 
 33    (0)   :  0.012 0.052 0.102 0.245 0.438 0.152 
 34    (0)   :  0.026 0.016 0.167 0.114 0.514 0.163 
 35    (0)   :  0.052 0.075 0.039 0.098 0.263 0.472 
 36    (0)   :  0.008 0.349 0.040 0.107 0.312 0.185 
 37    (0)   :  0.024 0.033 0.061 0.288 0.163 0.431 
 38    (0)   :  0.007 0.077 0.075 0.062 0.616 0.163 
 39    (0)   :  0.013 0.067 0.079 0.103 0.431 0.307 
 40    (0)   :  0.008 0.324 0.033 0.221 0.189 0.225 
 41    (0)   :  0.014 0.415 0.070 0.070 0.291 0.139 
 42    (0)   :  0.009 0.257 0.060 0.375 0.182 0.117 
 43    (0)   :  0.019 0.309 0.068 0.161 0.125 0.317 
 44    (0)   :  0.026 0.452 0.038 0.064 0.234 0.185 
 45    (0)   :  0.009 0.176 0.043 0.070 0.285 0.416 
 46    (0)   :  0.042 0.052 0.053 0.080 0.374 0.399 
 47    (0)   :  0.200 0.037 0.044 0.130 0.232 0.357 
 48    (0)   :  0.036 0.453 0.026 0.071 0.207 0.207 
 49    (0)   :  0.026 0.087 0.067 0.125 0.296 0.400 
 50    (0)   :  0.061 0.040 0.091 0.124 0.416 0.268 
 51    (0)   :  0.005 0.724 0.030 0.054 0.088 0.099 
 52    (0)   :  0.021 0.078 0.083 0.132 0.425 0.262 
 53    (0)   :  0.010 0.045 0.056 0.121 0.648 0.120 
 54    (0)   :  0.026 0.044 0.040 0.144 0.100 0.646 
 55    (0)   :  0.013 0.192 0.041 0.106 0.101 0.547 
 56    (0)   :  0.028 0.142 0.038 0.142 0.299 0.351 
 57    (0)   :  0.108 0.014 0.064 0.236 0.242 0.335 
 58    (0)   :  0.008 0.116 0.053 0.133 0.186 0.504 
 59    (0)   :  0.011 0.161 0.077 0.106 0.328 0.317 
 60    (0)   :  0.007 0.341 0.044 0.216 0.158 0.234 
 61    (0)   :  0.007 0.151 0.038 0.197 0.067 0.540 
 62    (0)   :  0.115 0.024 0.053 0.094 0.233 0.482 
 63    (0)   :  0.008 0.110 0.151 0.199 0.210 0.323 
 64    (0)   :  0.015 0.019 0.046 0.073 0.551 0.296 
 65    (0)   :  0.009 0.021 0.161 0.055 0.230 0.523 
 66    (0)   :  0.008 0.033 0.087 0.259 0.108 0.505 
 67    (0)   :  0.016 0.138 0.050 0.087 0.100 0.609 
 68    (0)   :  0.015 0.177 0.074 0.133 0.305 0.297 
 69    (0)   :  0.017 0.104 0.283 0.142 0.339 0.115 
 70    (0)   :  0.006 0.372 0.110 0.153 0.208 0.151 
 71    (0)   :  0.007 0.322 0.060 0.054 0.234 0.323 
 72    (0)   :  0.013 0.094 0.056 0.090 0.484 0.263 
 73    (0)   :  0.008 0.114 0.061 0.069 0.111 0.638 
 74    (0)   :  0.010 0.209 0.043 0.213 0.347 0.178 
 75    (0)   :  0.010 0.293 0.031 0.299 0.176 0.191 
 76    (0)   :  0.010 0.149 0.116 0.106 0.195 0.424 
 77    (0)   :  0.006 0.359 0.072 0.067 0.274 0.221 
 78    (0)   :  0.007 0.329 0.074 0.075 0.364 0.152 
 79    (0)   :  0.010 0.011 0.084 0.082 0.315 0.498 
 80    (0)   :  0.013 0.013 0.082 0.560 0.147 0.184 
 81    (0)   :  0.017 0.011 0.107 0.422 0.206 0.237 
 82    (0)   :  0.008 0.034 0.064 0.160 0.109 0.626 
 83    (0)   :  0.009 0.025 0.098 0.346 0.322 0.200 
 84    (0)   :  0.008 0.015 0.097 0.279 0.297 0.303 
 85    (0)   :  0.009 0.020 0.042 0.356 0.330 0.242 
 86    (0)   :  0.012 0.036 0.055 0.084 0.151 0.663 
 87    (0)   :  0.011 0.025 0.249 0.097 0.275 0.344 
 88    (0)   :  0.011 0.016 0.147 0.339 0.124 0.363 
 89    (0)   :  0.019 0.013 0.077 0.408 0.127 0.355 
 90    (0)   :  0.009 0.013 0.158 0.094 0.187 0.538 
 91    (0)   :  0.009 0.023 0.059 0.559 0.203 0.146 
 92    (0)   :  0.010 0.013 0.072 0.133 0.181 0.590 
 93    (0)   :  0.007 0.013 0.035 0.752 0.080 0.113 
 94    (0)   :  0.007 0.026 0.458 0.082 0.330 0.098 
 95    (0)   :  0.010 0.016 0.331 0.211 0.116 0.317 
 96    (0)   :  0.006 0.206 0.039 0.321 0.073 0.355 
 97    (0)   :  0.012 0.139 0.032 0.273 0.247 0.297 
 98    (0)   :  0.007 0.157 0.037 0.176 0.208 0.415 
 99    (0)   :  0.010 0.013 0.104 0.234 0.240 0.399 
100    (0)   :  0.014 0.018 0.033 0.623 0.067 0.246 
101    (0)   :  0.015 0.040 0.159 0.153 0.179 0.453 
102    (0)   :  0.009 0.062 0.145 0.424 0.162 0.198 
103    (0)   :  0.012 0.024 0.169 0.206 0.096 0.494 
104    (0)   :  0.008 0.025 0.331 0.111 0.160 0.365 
105    (0)   :  0.009 0.025 0.361 0.172 0.079 0.354 
106    (0)   :  0.007 0.023 0.214 0.044 0.478 0.233 
107    (0)   :  0.011 0.027 0.367 0.179 0.099 0.318 
108    (0)   :  0.006 0.261 0.039 0.074 0.218 0.402 
109    (0)   :  0.010 0.027 0.187 0.046 0.251 0.478 
110    (0)   :  0.007 0.017 0.534 0.050 0.275 0.117 
111    (0)   :  0.006 0.015 0.663 0.063 0.074 0.179 
112    (0)   :  0.006 0.026 0.688 0.051 0.110 0.119 
113    (0)   :  0.015 0.040 0.112 0.136 0.198 0.499 
114    (0)   :  0.006 0.019 0.334 0.135 0.138 0.367 
115    (0)   :  0.013 0.052 0.547 0.072 0.099 0.217 
116    (0)   :  0.009 0.070 0.136 0.052 0.336 0.398 
117    (0)   :  0.010 0.020 0.649 0.053 0.159 0.110 
118    (0)   :  0.006 0.018 0.073 0.062 0.084 0.757 
119    (0)   :  0.006 0.328 0.054 0.296 0.125 0.191 
120    (0)   :  0.010 0.031 0.447 0.088 0.128 0.296 
121    (0)   :  0.037 0.085 0.585 0.052 0.102 0.140 
122    (0)   :  0.006 0.019 0.237 0.061 0.383 0.294 
123    (0)   :  0.007 0.027 0.560 0.085 0.149 0.172 
124    (0)   :  0.026 0.079 0.353 0.066 0.257 0.220 
125    (0)   :  0.010 0.043 0.375 0.074 0.371 0.128 
126    (0)   :  0.005 0.070 0.218 0.109 0.313 0.285 
127    (0)   :  0.008 0.019 0.654 0.069 0.074 0.176 
128    (0)   :  0.006 0.018 0.055 0.063 0.076 0.781 
129    (0)   :  0.015 0.022 0.287 0.059 0.086 0.531 
130    (0)   :  0.011 0.016 0.314 0.141 0.147 0.371 
131    (0)   :  0.016 0.093 0.385 0.050 0.329 0.127 
132    (0)   :  0.010 0.023 0.188 0.051 0.301 0.427 
133    (0)   :  0.010 0.030 0.508 0.088 0.098 0.265 
134    (0)   :  0.006 0.013 0.610 0.038 0.199 0.134 
135    (0)   :  0.011 0.075 0.035 0.503 0.077 0.298 
136    (0)   :  0.011 0.013 0.025 0.724 0.088 0.139 
137    (0)   :  0.008 0.013 0.080 0.725 0.069 0.105 
138    (0)   :  0.009 0.020 0.025 0.777 0.079 0.090 
139    (0)   :  0.008 0.049 0.033 0.363 0.106 0.441 
140    (0)   :  0.008 0.037 0.043 0.502 0.155 0.255 
141    (0)   :  0.012 0.019 0.027 0.647 0.143 0.153 
142    (0)   :  0.009 0.108 0.033 0.518 0.073 0.259 
143    (0)   :  0.006 0.013 0.024 0.817 0.056 0.083 
144    (0)   :  0.008 0.014 0.077 0.733 0.061 0.108 
145    (0)   :  0.016 0.026 0.029 0.531 0.153 0.245 
146    (0)   :  0.020 0.024 0.079 0.526 0.158 0.193 
147    (0)   :  0.008 0.012 0.025 0.813 0.062 0.080 
148    (0)   :  0.009 0.036 0.047 0.545 0.107 0.255 
149    (0)   :  0.010 0.029 0.027 0.723 0.087 0.123 
150    (0)   :  0.011 0.016 0.109 0.574 0.086 0.204 
151    (0)   :  0.008 0.015 0.034 0.741 0.071 0.130 
152    (0)   :  0.010 0.080 0.039 0.503 0.143 0.226 
153    (0)   :  0.007 0.030 0.039 0.711 0.104 0.109 
154    (0)   :  0.018 0.022 0.027 0.681 0.086 0.167 
155    (0)   :  0.008 0.014 0.033 0.772 0.067 0.106 
156    (0)   :  0.006 0.062 0.051 0.656 0.059 0.166 
157    (0)   :  0.006 0.016 0.102 0.646 0.121 0.109 
158    (0)   :  0.015 0.021 0.028 0.590 0.154 0.191 
159    (0)   :  0.010 0.011 0.026 0.805 0.060 0.088 
160    (0)   :  0.012 0.011 0.024 0.783 0.060 0.109 
161    (0)   :  0.008 0.022 0.048 0.658 0.130 0.133 
162    (0)   :  0.032 0.028 0.059 0.440 0.153 0.287 
163    (0)   :  0.006 0.020 0.031 0.786 0.061 0.095 
164    (0)   :  0.030 0.017 0.043 0.457 0.115 0.339 
165    (0)   :  0.009 0.016 0.106 0.623 0.075 0.171 
166    (0)   :  0.008 0.049 0.084 0.552 0.160 0.147 
167    (0)   :  0.069 0.017 0.040 0.592 0.115 0.168 
168    (0)   :  0.009 0.037 0.032 0.682 0.134 0.107 
169    (0)   :  0.018 0.033 0.028 0.391 0.355 0.175 
170    (0)   :  0.007 0.039 0.035 0.683 0.071 0.164 
171    (0)   :  0.009 0.032 0.032 0.535 0.161 0.231 
172    (0)   :  0.008 0.108 0.026 0.530 0.197 0.131 
173    (0)   :  0.010 0.013 0.024 0.766 0.059 0.128 
174    (0)   :  0.009 0.011 0.034 0.755 0.077 0.114 
175    (0)   :  0.010 0.019 0.022 0.759 0.084 0.105 
176    (0)   :  0.008 0.014 0.075 0.736 0.061 0.107 
177    (0)   :  0.010 0.022 0.095 0.533 0.195 0.146 
178    (0)   :  0.012 0.012 0.034 0.666 0.123 0.153 
179    (0)   :  0.007 0.012 0.024 0.807 0.063 0.087 
180    (0)   :  0.024 0.028 0.048 0.600 0.133 0.167 
181    (0)   :  0.012 0.028 0.028 0.624 0.098 0.210 
182    (0)   :  0.012 0.020 0.026 0.690 0.057 0.196 
183    (0)   :  0.009 0.014 0.024 0.781 0.065 0.107 
184    (0)   :  0.019 0.017 0.035 0.077 0.130 0.723 
185    (0)   :  0.007 0.067 0.028 0.736 0.051 0.111 
186    (0)   :  0.018 0.017 0.057 0.073 0.134 0.701 
187    (0)   :  0.009 0.020 0.037 0.326 0.096 0.513 
188    (0)   :  0.017 0.016 0.040 0.056 0.099 0.771 
189    (0)   :  0.008 0.030 0.032 0.354 0.326 0.249 
190    (0)   :  0.006 0.250 0.026 0.360 0.048 0.311 
191    (0)   :  0.008 0.014 0.024 0.123 0.075 0.756 
192    (0)   :  0.010 0.016 0.066 0.337 0.124 0.448 
193    (0)   :  0.007 0.024 0.029 0.255 0.122 0.564 
194    (0)   :  0.015 0.034 0.082 0.337 0.105 0.428 
195    (0)   :  0.009 0.037 0.025 0.524 0.056 0.349 
196    (0)   :  0.006 0.099 0.038 0.264 0.073 0.520 
197    (0)   :  0.015 0.028 0.056 0.174 0.180 0.547 
198    (0)   :  0.006 0.027 0.043 0.210 0.207 0.508 
199    (0)   :  0.008 0.082 0.036 0.237 0.077 0.560 
200    (0)   :  0.006 0.088 0.030 0.220 0.124 0.532 
201    (0)   :  0.007 0.028 0.030 0.592 0.071 0.271 
202    (0)   :  0.007 0.043 0.045 0.622 0.056 0.228 
203    (0)   :  0.009 0.020 0.029 0.535 0.061 0.346 
204    (0)   :  0.011 0.033 0.025 0.247 0.055 0.629 
205    (0)   :  0.008 0.035 0.028 0.163 0.088 0.678 
206    (0)   :  0.012 0.025 0.027 0.204 0.063 0.670 
207    (0)   :  0.008 0.031 0.033 0.111 0.060 0.758 
208    (0)   :  0.007 0.039 0.026 0.362 0.065 0.502 
209    (0)   :  0.007 0.021 0.026 0.180 0.087 0.678 
210    (0)   :  0.008 0.024 0.032 0.244 0.066 0.627 
211    (0)   :  0.011 0.094 0.079 0.256 0.057 0.503 
212    (0)   :  0.007 0.032 0.024 0.618 0.098 0.221 
213    (0)   :  0.010 0.113 0.100 0.203 0.120 0.453 
214    (0)   :  0.008 0.027 0.033 0.615 0.071 0.246 
215    (0)   :  0.006 0.026 0.030 0.104 0.075 0.758 
216    (0)   :  0.017 0.020 0.043 0.107 0.148 0.665 
217    (0)   :  0.008 0.037 0.029 0.517 0.091 0.319 
218    (0)   :  0.009 0.018 0.032 0.177 0.091 0.672 
219    (0)   :  0.028 0.019 0.039 0.284 0.204 0.426 
220    (0)   :  0.008 0.018 0.026 0.129 0.059 0.761 
221    (0)   :  0.006 0.059 0.023 0.744 0.053 0.114 
222    (0)   :  0.022 0.020 0.046 0.170 0.204 0.539 
223    (0)   :  0.008 0.024 0.041 0.432 0.126 0.370 
224    (0)   :  0.014 0.021 0.032 0.442 0.066 0.425 
225    (0)   :  0.008 0.035 0.031 0.237 0.072 0.617 
226    (0)   :  0.010 0.029 0.036 0.208 0.249 0.468 
227    (0)   :  0.009 0.068 0.039 0.331 0.060 0.494 
228    (0)   :  0.009 0.090 0.027 0.456 0.052 0.367 
229    (0)   :  0.018 0.014 0.033 0.439 0.073 0.422 
230    (0)   :  0.015 0.016 0.032 0.360 0.064 0.513 
231    (0)   :  0.011 0.015 0.025 0.341 0.091 0.517 
232    (0)   :  0.014 0.041 0.057 0.370 0.139 0.379 
233    (0)   :  0.008 0.020 0.031 0.651 0.071 0.219 
234    (0)   :  0.007 0.016 0.039 0.237 0.144 0.557 
235    (0)   :  0.008 0.036 0.030 0.361 0.132 0.433 
236    (0)   :  0.008 0.019 0.041 0.470 0.099 0.363 
237    (0)   :  0.008 0.029 0.028 0.129 0.063 0.745 
238    (0)   :  0.007 0.027 0.048 0.582 0.090 0.247 
239    (0)   :  0.010 0.037 0.024 0.526 0.055 0.347 
240    (0)   :  0.007 0.028 0.047 0.579 0.089 0.251 
241    (0)   :  0.009 0.029 0.028 0.621 0.069 0.244 
242    (0)   :  0.014 0.026 0.027 0.262 0.159 0.512 
243    (0)   :  0.006 0.106 0.029 0.289 0.053 0.517 
244    (0)   :  0.011 0.018 0.030 0.478 0.063 0.401 
245    (0)   :  0.006 0.028 0.034 0.734 0.066 0.131 
246    (0)   :  0.008 0.036 0.028 0.520 0.092 0.316 
247    (0)   :  0.007 0.040 0.103 0.074 0.189 0.587 
248    (0)   :  0.006 0.022 0.035 0.074 0.071 0.792 
249    (0)   :  0.011 0.023 0.036 0.477 0.073 0.379 
250    (0)   :  0.010 0.016 0.043 0.354 0.095 0.482 
251    (0)   :  0.007 0.034 0.036 0.148 0.201 0.575 
252    (0)   :  0.010 0.031 0.035 0.346 0.089 0.489 
253    (0)   :  0.007 0.038 0.059 0.127 0.128 0.641 
254    (0)   :  0.018 0.022 0.040 0.179 0.138 0.603 
255    (0)   :  0.010 0.020 0.028 0.259 0.116 0.568 
256    (0)   :  0.008 0.038 0.033 0.418 0.079 0.425 
257    (0)   :  0.020 0.031 0.047 0.232 0.082 0.587 
258    (0)   :  0.005 0.056 0.039 0.159 0.101 0.640 
259    (0)   :  0.013 0.022 0.047 0.229 0.082 0.608 
260    (0)   :  0.020 0.018 0.057 0.388 0.187 0.330 
261    (0)   :  0.007 0.042 0.034 0.496 0.089 0.332 
262    (0)   :  0.007 0.085 0.023 0.547 0.062 0.276 
263    (0)   :  0.017 0.022 0.030 0.106 0.076 0.748 
264    (0)   :  0.030 0.021 0.035 0.060 0.367 0.487 
265    (0)   :  0.008 0.023 0.029 0.258 0.127 0.555 
266    (0)   :  0.006 0.037 0.024 0.746 0.053 0.134 
267    (0)   :  0.008 0.024 0.035 0.248 0.089 0.596 
268    (0)   :  0.006 0.099 0.038 0.266 0.072 0.519 
269    (0)   :  0.008 0.020 0.032 0.299 0.272 0.370 
270    (0)   :  0.017 0.019 0.042 0.111 0.128 0.683 
271    (0)   :  0.006 0.033 0.036 0.137 0.086 0.702 
272    (0)   :  0.008 0.056 0.040 0.153 0.181 0.562 
273    (0)   :  0.083 0.036 0.063 0.290 0.163 0.365 
274    (0)   :  0.008 0.020 0.032 0.174 0.134 0.633 
275    (0)   :  0.016 0.029 0.035 0.226 0.142 0.552 
276    (0)   :  0.009 0.060 0.043 0.124 0.161 0.603 
277    (0)   :  0.008 0.020 0.041 0.365 0.130 0.437 
278    (0)   :  0.006 0.041 0.029 0.137 0.074 0.713 
279    (0)   :  0.007 0.022 0.036 0.254 0.101 0.580 
280    (0)   :  0.009 0.037 0.035 0.224 0.191 0.505 
281    (0)   :  0.007 0.021 0.037 0.175 0.103 0.657 
282    (0)   :  0.008 0.017 0.044 0.544 0.122 0.266 
283    (0)   :  0.011 0.020 0.039 0.590 0.083 0.258 
284    (0)   :  0.007 0.028 0.078 0.347 0.107 0.435 
285    (0)   :  0.006 0.050 0.036 0.055 0.099 0.753 
286    (0)   :  0.010 0.019 0.030 0.478 0.063 0.400 
287    (0)   :  0.010 0.019 0.036 0.247 0.187 0.502 
288    (0)   :  0.011 0.026 0.032 0.148 0.179 0.604 
289    (0)   :  0.012 0.050 0.060 0.142 0.139 0.598 
290    (0)   :  0.036 0.123 0.047 0.193 0.208 0.393 
291    (0)   :  0.006 0.033 0.037 0.136 0.085 0.703 
292    (0)   :  0.008 0.081 0.032 0.313 0.169 0.397 
293    (0)   :  0.013 0.106 0.041 0.107 0.308 0.426 
294    (0)   :  0.028 0.031 0.029 0.098 0.087 0.728 
295    (0)   :  0.009 0.050 0.050 0.183 0.159 0.549 
296    (0)   :  0.008 0.027 0.032 0.135 0.073 0.725 
297    (0)   :  0.013 0.025 0.034 0.137 0.205 0.586 
298    (0)   :  0.011 0.014 0.047 0.430 0.123 0.374 
299    (0)   :  0.039 0.016 0.031 0.115 0.097 0.702 
300    (0)   :  0.011 0.029 0.029 0.089 0.085 0.758 
301    (0)   :  0.015 0.018 0.037 0.111 0.166 0.652 
302    (0)   :  0.016 0.053 0.032 0.107 0.086 0.705 
303    (0)   :  0.013 0.028 0.035 0.455 0.105 0.364 
304    (0)   :  0.021 0.016 0.072 0.435 0.218 0.238 
305    (0)   :  0.009 0.034 0.024 0.376 0.068 0.488 
306    (0)   :  0.009 0.032 0.031 0.509 0.119 0.301 
307    (0)   :  0.012 0.022 0.051 0.321 0.109 0.485 
308    (0)   :  0.007 0.041 0.034 0.499 0.088 0.330 
309    (0)   :  0.057 0.051 0.058 0.130 0.078 0.627 
310    (0)   :  0.007 0.045 0.029 0.417 0.064 0.438 
311    (0)   :  0.016 0.016 0.032 0.358 0.064 0.515 
312    (0)   :  0.007 0.025 0.034 0.133 0.058 0.742 
313    (0)   :  0.007 0.074 0.032 0.084 0.060 0.743 
314    (0)   :  0.006 0.021 0.023 0.814 0.058 0.077 
315    (0)   :  0.006 0.032 0.029 0.766 0.090 0.077 
316    (0)   :  0.009 0.023 0.032 0.741 0.114 0.080 
317    (0)   :  0.007 0.013 0.024 0.821 0.062 0.074 
318    (0)   :  0.007 0.010 0.023 0.823 0.068 0.069 
319    (0)   :  0.008 0.013 0.023 0.809 0.056 0.090 
320    (0)   :  0.006 0.021 0.023 0.813 0.059 0.077 
321    (0)   :  0.007 0.012 0.025 0.815 0.069 0.073 
322    (0)   :  0.009 0.037 0.032 0.732 0.103 0.087 
323    (0)   :  0.020 0.011 0.024 0.809 0.062 0.075 
324    (0)   :  0.007 0.012 0.024 0.814 0.069 0.074 
325    (0)   :  0.006 0.019 0.030 0.759 0.113 0.073 
326    (0)   :  0.016 0.025 0.033 0.744 0.111 0.071 
327    (0)   :  0.007 0.013 0.024 0.821 0.063 0.073 
328    (0)   :  0.006 0.024 0.029 0.753 0.100 0.087 
329    (0)   :  0.007 0.010 0.025 0.828 0.060 0.070 
330    (0)   :  0.007 0.013 0.023 0.821 0.062 0.074 
331    (0)   :  0.007 0.010 0.023 0.823 0.061 0.076 
332    (0)   :  0.025 0.019 0.032 0.730 0.124 0.070 
333    (0)   :  0.015 0.025 0.032 0.754 0.097 0.078 
334    (0)   :  0.006 0.023 0.030 0.753 0.101 0.086 
335    (0)   :  0.006 0.026 0.031 0.768 0.089 0.079 
336    (0)   :  0.023 0.016 0.024 0.798 0.068 0.071 
337    (0)   :  0.006 0.023 0.031 0.745 0.116 0.078 
338    (0)   :  0.009 0.010 0.024 0.816 0.070 0.070 
339    (0)   :  0.007 0.010 0.023 0.823 0.061 0.076 
340    (0)   :  0.006 0.011 0.023 0.829 0.055 0.076 
341    (0)   :  0.023 0.012 0.025 0.800 0.061 0.079 
342    (0)   :  0.007 0.013 0.024 0.820 0.063 0.074 
343    (0)   :  0.015 0.047 0.030 0.733 0.095 0.079 
344    (0)   :  0.007 0.010 0.024 0.826 0.061 0.071 
345    (0)   :  0.006 0.013 0.024 0.821 0.062 0.074 
346    (0)   :  0.006 0.011 0.023 0.829 0.060 0.070 
347    (0)   :  0.007 0.010 0.023 0.834 0.055 0.071 
348    (0)   :  0.006 0.053 0.029 0.750 0.081 0.082 
349    (0)   :  0.007 0.013 0.023 0.822 0.062 0.074 
350    (0)   :  0.007 0.015 0.023 0.810 0.058 0.087 
351    (0)   :  0.006 0.026 0.030 0.770 0.089 0.079 
352    (0)   :  0.006 0.028 0.029 0.758 0.100 0.078 
353    (0)   :  0.021 0.016 0.024 0.800 0.067 0.071 
354    (0)   :  0.010 0.010 0.025 0.819 0.062 0.074 
355    (0)   :  0.007 0.010 0.024 0.822 0.068 0.069 
356    (0)   :  0.005 0.058 0.030 0.744 0.080 0.083 
357    (0)   :  0.006 0.019 0.028 0.494 0.325 0.128 
358    (0)   :  0.008 0.017 0.031 0.767 0.102 0.075 
359    (0)   :  0.009 0.010 0.023 0.818 0.063 0.077 
360    (0)   :  0.007 0.011 0.023 0.828 0.060 0.071 
361    (0)   :  0.006 0.026 0.031 0.453 0.332 0.152 
362    (0)   :  0.010 0.024 0.068 0.098 0.429 0.372 
363    (0)   :  0.011 0.032 0.099 0.065 0.560 0.232 
364    (0)   :  0.065 0.022 0.050 0.279 0.231 0.352 
365    (0)   :  0.037 0.024 0.047 0.080 0.520 0.292 
366    (0)   :  0.009 0.142 0.039 0.165 0.380 0.266 
367    (0)   :  0.007 0.013 0.288 0.045 0.512 0.134 
368    (0)   :  0.009 0.012 0.061 0.079 0.166 0.674 
369    (0)   :  0.015 0.131 0.042 0.317 0.262 0.233 
370    (0)   :  0.032 0.021 0.306 0.099 0.136 0.406 
371    (0)   :  0.030 0.033 0.057 0.136 0.293 0.451 
372    (0)   :  0.178 0.025 0.093 0.103 0.097 0.504 
373    (0)   :  0.013 0.018 0.146 0.133 0.333 0.357 
374    (0)   :  0.009 0.020 0.063 0.306 0.359 0.243 
375    (0)   :  0.056 0.015 0.102 0.058 0.441 0.328 
376    (0)   :  0.126 0.015 0.059 0.052 0.657 0.091 
377    (0)   :  0.012 0.025 0.050 0.086 0.353 0.474 
378    (0)   :  0.007 0.017 0.461 0.233 0.117 0.165 
379    (0)   :  0.251 0.023 0.089 0.049 0.492 0.098 
380    (0)   :  0.025 0.063 0.030 0.188 0.525 0.169 
381    (0)   :  0.020 0.064 0.029 0.175 0.579 0.133 
382    (0)   :  0.008 0.012 0.081 0.070 0.641 0.187 
383    (0)   :  0.064 0.021 0.030 0.159 0.584 0.141 
384    (0)   :  0.237 0.018 0.098 0.116 0.347 0.184 
385    (0)   :  0.034 0.011 0.083 0.190 0.211 0.471 
386    (0)   :  0.006 0.017 0.076 0.066 0.648 0.187 
387    (0)   :  0.007 0.021 0.098 0.082 0.556 0.237 
388    (0)   :  0.037 0.015 0.082 0.245 0.259 0.363 
389    (0)   :  0.017 0.063 0.049 0.073 0.091 0.708 
390    (0)   :  0.026 0.115 0.296 0.064 0.343 0.156 
391    (0)   :  0.028 0.065 0.174 0.118 0.178 0.437 
392    (0)   :  0.017 0.020 0.051 0.143 0.563 0.206 
393    (0)   :  0.018 0.096 0.069 0.130 0.587 0.100 
394    (0)   :  0.007 0.019 0.086 0.284 0.400 0.203 
395    (0)   :  0.006 0.123 0.077 0.086 0.344 0.364 
396    (0)   :  0.010 0.013 0.065 0.049 0.509 0.354 
397    (0)   :  0.261 0.024 0.039 0.175 0.149 0.353 
398    (0)   :  0.034 0.020 0.079 0.052 0.711 0.104 
399    (0)   :  0.006 0.033 0.413 0.068 0.268 0.212 
400    (0)   :  0.011 0.020 0.117 0.098 0.612 0.143 
401    (0)   :  0.006 0.062 0.259 0.108 0.308 0.257 
402    (0)   :  0.017 0.069 0.083 0.102 0.244 0.485 
403    (0)   :  0.018 0.020 0.104 0.392 0.165 0.302 
404    (0)   :  0.032 0.019 0.094 0.152 0.390 0.313 
405    (0)   :  0.008 0.032 0.044 0.124 0.479 0.313 
406    (0)   :  0.006 0.491 0.034 0.139 0.223 0.107 
407    (0)   :  0.006 0.015 0.036 0.049 0.768 0.125 
408    (0)   :  0.005 0.067 0.197 0.049 0.137 0.545 
409    (0)   :  0.016 0.241 0.084 0.314 0.239 0.107 
410    (0)   :  0.109 0.029 0.167 0.117 0.419 0.159 
411    (0)   :  0.113 0.063 0.063 0.174 0.457 0.129 
412    (0)   :  0.010 0.012 0.071 0.073 0.279 0.555 
413    (0)   :  0.007 0.016 0.083 0.195 0.299 0.399 
414    (0)   :  0.007 0.013 0.110 0.050 0.243 0.576 
415    (0)   :  0.008 0.047 0.048 0.078 0.668 0.151 
416    (0)   :  0.013 0.042 0.103 0.125 0.457 0.261 
417    (0)   :  0.010 0.018 0.050 0.059 0.732 0.131 
418    (0)   :  0.015 0.011 0.151 0.056 0.493 0.274 
419    (0)   :  0.021 0.046 0.203 0.238 0.265 0.226 
420    (0)   :  0.005 0.161 0.214 0.069 0.330 0.221 
421    (0)   :  0.012 0.018 0.070 0.067 0.545 0.288 
422    (0)   :  0.011 0.069 0.035 0.080 0.356 0.449 
423    (0)   :  0.024 0.028 0.053 0.099 0.538 0.258 
424    (0)   :  0.011 0.082 0.505 0.088 0.178 0.136 
425    (0)   :  0.061 0.022 0.078 0.120 0.295 0.424 
426    (0)   :  0.050 0.021 0.349 0.118 0.270 0.192 
427    (0)   :  0.007 0.022 0.078 0.156 0.650 0.087 
428    (0)   :  0.047 0.080 0.044 0.207 0.405 0.217 
429    (0)   :  0.009 0.012 0.090 0.046 0.730 0.112 
430    (0)   :  0.009 0.024 0.059 0.060 0.719 0.129 
431    (0)   :  0.015 0.018 0.195 0.110 0.247 0.416 
432    (0)   :  0.009 0.014 0.072 0.089 0.200 0.617 
433    (0)   :  0.028 0.024 0.116 0.347 0.116 0.370 
434    (0)   :  0.013 0.026 0.043 0.156 0.330 0.432 
435    (0)   :  0.006 0.024 0.043 0.050 0.764 0.114 
436    (0)   :  0.008 0.043 0.163 0.086 0.631 0.069 
437    (0)   :  0.013 0.014 0.032 0.056 0.746 0.139 
438    (0)   :  0.007 0.244 0.168 0.111 0.359 0.112 
439    (0)   :  0.006 0.019 0.081 0.069 0.751 0.073 
440    (0)   :  0.005 0.022 0.056 0.042 0.789 0.086 
441    (0)   :  0.008 0.021 0.083 0.133 0.626 0.128 
442    (0)   :  0.008 0.030 0.072 0.060 0.605 0.226 
443    (0)   :  0.005 0.113 0.436 0.054 0.262 0.130 
444    (0)   :  0.008 0.042 0.056 0.060 0.661 0.173 
445    (0)   :  0.062 0.110 0.110 0.192 0.427 0.097 
446    (0)   :  0.043 0.022 0.270 0.058 0.537 0.070 
447    (0)   :  0.008 0.069 0.057 0.123 0.559 0.185 
448    (0)   :  0.006 0.020 0.044 0.060 0.685 0.185 
449    (0)   :  0.008 0.023 0.046 0.104 0.617 0.203 
450    (0)   :  0.016 0.011 0.083 0.107 0.655 0.128 
451    (0)   :  0.007 0.029 0.154 0.043 0.347 0.420 
452    (0)   :  0.009 0.012 0.059 0.090 0.721 0.109 
453    (0)   :  0.006 0.276 0.196 0.115 0.149 0.258 
454    (0)   :  0.007 0.019 0.059 0.112 0.675 0.127 
455    (0)   :  0.005 0.087 0.131 0.058 0.625 0.093 
456    (0)   :  0.007 0.107 0.069 0.054 0.592 0.171 
457    (0)   :  0.008 0.015 0.030 0.060 0.767 0.119 
458    (0)   :  0.050 0.019 0.103 0.071 0.675 0.084 
459    (0)   :  0.006 0.026 0.372 0.123 0.394 0.078 
460    (0)   :  0.006 0.022 0.300 0.055 0.537 0.081 
461    (0)   :  0.008 0.011 0.500 0.054 0.342 0.084 
462    (0)   :  0.014 0.044 0.351 0.041 0.386 0.164 
463    (0)   :  0.005 0.412 0.078 0.088 0.278 0.138 
464    (0)   :  0.005 0.052 0.147 0.054 0.615 0.127 
465    (0)   :  0.009 0.035 0.412 0.074 0.286 0.184 
466    (0)   :  0.005 0.155 0.118 0.061 0.425 0.234 
467    (0)   :  0.008 0.043 0.327 0.097 0.379 0.146 
468    (0)   :  0.006 0.054 0.030 0.054 0.747 0.109 
469    (0)   :  0.006 0.024 0.048 0.057 0.795 0.069 
470    (0)   :  0.005 0.021 0.063 0.051 0.771 0.089 
471    (0)   :  0.009 0.117 0.121 0.071 0.382 0.300 
472    (0)   :  0.010 0.051 0.139 0.077 0.476 0.248 
473    (0)   :  0.007 0.026 0.041 0.100 0.571 0.255 
474    (0)   :  0.008 0.027 0.062 0.097 0.676 0.130 
475    (0)   :  0.009 0.027 0.268 0.124 0.358 0.215 
476    (0)   :  0.011 0.028 0.099 0.071 0.705 0.086 
477    (0)   :  0.008 0.042 0.364 0.093 0.302 0.191 
478    (0)   :  0.008 0.016 0.683 0.048 0.144 0.100 
479    (0)   :  0.005 0.016 0.058 0.049 0.780 0.092 
480    (0)   :  0.008 0.014 0.041 0.058 0.800 0.079 
481    (0)   :  0.007 0.020 0.044 0.061 0.348 0.520 
482    (0)   :  0.007 0.013 0.075 0.050 0.774 0.081 
483    (0)   :  0.008 0.026 0.153 0.070 0.663 0.080 
484    (0)   :  0.007 0.170 0.107 0.077 0.470 0.169 
485    (0)   :  0.007 0.050 0.127 0.055 0.688 0.073 
486    (0)   :  0.015 0.061 0.096 0.083 0.166 0.579 
487    (0)   :  0.017 0.026 0.048 0.170 0.163 0.576 
488    (0)   :  0.011 0.018 0.100 0.109 0.102 0.659 
489    (0)   :  0.022 0.083 0.033 0.243 0.167 0.452 
490    (0)   :  0.008 0.045 0.242 0.057 0.222 0.426 
491    (0)   :  0.011 0.022 0.034 0.154 0.092 0.687 
492    (0)   :  0.007 0.036 0.255 0.320 0.094 0.289 
493    (0)   :  0.023 0.021 0.044 0.084 0.097 0.730 
494    (0)   :  0.079 0.027 0.050 0.146 0.141 0.557 
495    (0)   :  0.043 0.041 0.307 0.207 0.107 0.294 
496    (0)   :  0.011 0.035 0.087 0.450 0.134 0.282 
497    (0)   :  0.054 0.015 0.039 0.128 0.095 0.668 
498    (0)   :  0.013 0.095 0.079 0.125 0.194 0.494 
499    (0)   :  0.074 0.027 0.037 0.276 0.118 0.467 
500    (0)   :  0.044 0.021 0.040 0.094 0.216 0.585 
501    (0)   :  0.031 0.017 0.091 0.282 0.254 0.326 
502    (0)   :  0.014 0.013 0.170 0.298 0.145 0.361 
503    (0)   :  0.014 0.019 0.040 0.076 0.441 0.411 
504    (0)   :  0.010 0.031 0.235 0.079 0.118 0.527 
505    (0)   :  0.016 0.038 0.055 0.152 0.095 0.643 
506    (0)   :  0.010 0.018 0.156 0.240 0.144 0.432 
507    (0)   :  0.012 0.034 0.027 0.686 0.066 0.175 
508    (0)   :  0.035 0.070 0.037 0.572 0.062 0.224 
509    (0)   :  0.011 0.027 0.044 0.229 0.089 0.600 
510    (0)   :  0.145 0.023 0.058 0.303 0.173 0.299 
511    (0)   :  0.017 0.033 0.097 0.100 0.456 0.297 
512    (0)   :  0.014 0.014 0.078 0.063 0.561 0.269 
513    (0)   :  0.023 0.051 0.296 0.094 0.049 0.487 
514    (0)   :  0.011 0.023 0.210 0.103 0.156 0.496 
515    (0)   :  0.028 0.069 0.051 0.214 0.374 0.264 
516    (0)   :  0.011 0.035 0.110 0.100 0.099 0.646 
517    (0)   :  0.011 0.153 0.066 0.216 0.298 0.256 
518    (0)   :  0.162 0.017 0.043 0.274 0.201 0.303 
519    (0)   :  0.007 0.024 0.258 0.115 0.186 0.409 
520    (0)   :  0.012 0.228 0.032 0.340 0.237 0.151 
521    (0)   :  0.010 0.031 0.128 0.413 0.138 0.280 
522    (0)   :  0.105 0.196 0.051 0.084 0.376 0.188 
523    (0)   :  0.011 0.359 0.069 0.232 0.126 0.203 
524    (0)   :  0.013 0.091 0.041 0.140 0.477 0.238 
525    (0)   :  0.174 0.053 0.039 0.289 0.264 0.181 
526    (0)   :  0.008 0.492 0.031 0.118 0.219 0.132 
527    (0)   :  0.140 0.014 0.097 0.082 0.245 0.422 
528    (0)   :  0.007 0.027 0.046 0.568 0.092 0.261 
529    (0)   :  0.121 0.023 0.050 0.192 0.123 0.492 
530    (0)   :  0.012 0.070 0.047 0.149 0.443 0.278 
531    (0)   :  0.011 0.037 0.054 0.455 0.270 0.172 
532    (0)   :  0.059 0.034 0.047 0.297 0.154 0.410 
533    (0)   :  0.113 0.067 0.039 0.120 0.346 0.315 
534    (0)   :  0.101 0.082 0.088 0.163 0.068 0.499 
535    (0)   :  0.007 0.255 0.104 0.130 0.260 0.244 
536    (0)   :  0.020 0.113 0.118 0.254 0.302 0.193 
537    (0)   :  0.012 0.204 0.085 0.411 0.117 0.172 
538    (0)   :  0.010 0.112 0.057 0.321 0.188 0.310 
539    (0)   :  0.007 0.032 0.032 0.691 0.081 0.156 
540    (0)   :  0.012 0.096 0.047 0.312 0.214 0.319 
541    (0)   :  0.010 0.033 0.155 0.515 0.134 0.151 
542    (0)   :  0.008 0.320 0.053 0.106 0.239 0.274 
543    (0)   :  0.008 0.189 0.289 0.234 0.106 0.174 
544    (0)   :  0.007 0.328 0.049 0.174 0.177 0.265 
545    (0)   :  0.006 0.586 0.068 0.059 0.157 0.125 
546    (0)   :  0.008 0.125 0.076 0.248 0.148 0.396 
547    (0)   :  0.006 0.564 0.083 0.161 0.088 0.098 
548    (0)   :  0.011 0.016 0.044 0.354 0.095 0.480 
549    (0)   :  0.011 0.191 0.061 0.459 0.194 0.085 
550    (0)   :  0.005 0.412 0.080 0.096 0.287 0.120 
551    (0)   :  0.012 0.042 0.096 0.616 0.124 0.110 
552    (0)   :  0.010 0.083 0.034 0.296 0.132 0.445 
553    (0)   :  0.007 0.506 0.110 0.203 0.064 0.111 
554    (0)   :  0.024 0.060 0.138 0.220 0.300 0.257 
555    (0)   :  0.009 0.106 0.057 0.473 0.116 0.240 
556    (0)   :  0.010 0.091 0.058 0.263 0.154 0.425 
557    (0)   :  0.006 0.256 0.190 0.137 0.313 0.098 
558    (0)   :  0.007 0.011 0.075 0.051 0.781 0.075 
559    (0)   :  0.010 0.028 0.142 0.080 0.157 0.582 
560    (0)   :  0.007 0.022 0.346 0.040 0.443 0.142 
561    (0)   :  0.007 0.029 0.076 0.056 0.405 0.427 
562    (0)   :  0.010 0.054 0.184 0.041 0.344 0.368 
563    (0)   :  0.010 0.033 0.529 0.166 0.147 0.116 
564    (0)   :  0.015 0.060 0.050 0.088 0.171 0.617 
565    (0)   :  0.007 0.014 0.035 0.060 0.775 0.110 
566    (0)   :  0.005 0.018 0.294 0.042 0.486 0.155 
567    (0)   :  0.011 0.028 0.046 0.057 0.132 0.725 
568    (0)   :  0.007 0.043 0.118 0.090 0.323 0.419 
569    (0)   :  0.012 0.111 0.086 0.088 0.520 0.183 
570    (0)   :  0.012 0.013 0.046 0.043 0.775 0.111 
571    (0)   :  0.007 0.021 0.301 0.067 0.294 0.310 
572    (0)   :  0.005 0.364 0.027 0.216 0.210 0.177 
573    (0)   :  0.014 0.057 0.037 0.084 0.300 0.508 
574    (0)   :  0.011 0.028 0.039 0.182 0.557 0.183 
575    (0)   :  0.010 0.025 0.272 0.161 0.278 0.254 
576    (0)   :  0.007 0.014 0.191 0.042 0.465 0.281 
577    (0)   :  0.014 0.021 0.051 0.168 0.511 0.236 
578    (0)   :  0.008 0.026 0.213 0.071 0.427 0.255 
579    (0)   :  0.009 0.023 0.058 0.062 0.387 0.461 
580    (0)   :  0.008 0.015 0.045 0.103 0.631 0.197 
581    (0)   :  0.006 0.016 0.071 0.081 0.669 0.157 
582    (0)   :  0.008 0.033 0.122 0.050 0.668 0.118 
583    (0)   :  0.091 0.021 0.262 0.068 0.362 0.196 
584    (0)   :  0.009 0.014 0.184 0.051 0.441 0.301 
585    (0)   :  0.010 0.020 0.162 0.058 0.492 0.257 
586    (0)   :  0.008 0.021 0.507 0.087 0.124 0.254 
587    (0)   :  0.021 0.035 0.052 0.048 0.431 0.413 
588    (0)   :  0.009 0.078 0.030 0.065 0.057 0.761 
589    (0)   :  0.006 0.060 0.043 0.054 0.657 0.180 
590    (0)   :  0.009 0.016 0.224 0.057 0.151 0.543 
591    (0)   :  0.007 0.016 0.154 0.071 0.256 0.495 
592    (0)   :  0.007 0.073 0.118 0.060 0.324 0.419 
593    (0)   :  0.010 0.032 0.077 0.108 0.460 0.313 
594    (0)   :  0.046 0.020 0.130 0.123 0.188 0.493 
595    (0)   :  0.017 0.011 0.050 0.046 0.364 0.512 
596    (0)   :  0.006 0.099 0.053 0.095 0.278 0.469 
597    (0)   :  0.008 0.042 0.505 0.230 0.092 0.122 
598    (0)   :  0.009 0.012 0.040 0.047 0.811 0.080 
599    (0)   :  0.008 0.044 0.146 0.047 0.440 0.315 
600    (0)   :  0.006 0.028 0.045 0.127 0.565 0.228 
601    (0)   :  0.006 0.032 0.090 0.048 0.607 0.218 
602    (0)   :  0.011 0.014 0.048 0.145 0.137 0.646 
603    (0)   :  0.008 0.015 0.053 0.141 0.120 0.662 
604    (0)   :  0.031 0.024 0.064 0.145 0.479 0.258 
605    (0)   :  0.008 0.033 0.060 0.080 0.310 0.510 
606    (0)   :  0.022 0.032 0.098 0.213 0.219 0.417 
607    (0)   :  0.010 0.013 0.034 0.284 0.334 0.325 
608    (0)   :  0.009 0.017 0.088 0.473 0.263 0.150 
609    (0)   :  0.013 0.031 0.056 0.107 0.553 0.240 
610    (0)   :  0.007 0.075 0.041 0.083 0.560 0.233 
611    (0)   :  0.010 0.024 0.070 0.160 0.136 0.601 
612    (0)   :  0.014 0.031 0.036 0.071 0.731 0.117 
613    (0)   :  0.047 0.049 0.062 0.105 0.412 0.324 
614    (0)   :  0.013 0.017 0.028 0.067 0.642 0.233 
615    (0)   :  0.009 0.020 0.029 0.120 0.609 0.212 
616    (0)   :  0.008 0.013 0.046 0.193 0.338 0.401 
617    (0)   :  0.022 0.049 0.061 0.065 0.454 0.350 
618    (0)   :  0.021 0.039 0.034 0.207 0.438 0.261 
619    (0)   :  0.005 0.069 0.063 0.188 0.381 0.293 
620    (0)   :  0.007 0.073 0.090 0.044 0.247 0.538 
621    (0)   :  0.013 0.012 0.120 0.066 0.433 0.356 
622    (0)   :  0.026 0.051 0.044 0.140 0.320 0.420 
623    (0)   :  0.006 0.026 0.065 0.069 0.285 0.549 
624    (0)   :  0.018 0.020 0.043 0.193 0.594 0.132 
625    (0)   :  0.056 0.018 0.102 0.183 0.387 0.255 
626    (0)   :  0.051 0.131 0.029 0.419 0.229 0.141 
627    (0)   :  0.006 0.023 0.064 0.093 0.285 0.529 
628    (0)   :  0.007 0.018 0.092 0.090 0.228 0.566 
629    (0)   :  0.009 0.013 0.060 0.102 0.220 0.595 
630    (0)   :  0.025 0.024 0.051 0.087 0.548 0.265 
631    (0)   :  0.012 0.015 0.037 0.096 0.493 0.347 
632    (0)   :  0.009 0.028 0.050 0.343 0.175 0.396 
633    (0)   :  0.010 0.016 0.059 0.174 0.512 0.228 
634    (0)   :  0.009 0.038 0.067 0.252 0.298 0.335 
635    (0)   :  0.008 0.018 0.034 0.480 0.204 0.255 
636    (0)   :  0.014 0.018 0.053 0.262 0.424 0.230 
637    (0)   :  0.010 0.079 0.067 0.167 0.205 0.471 
638    (0)   :  0.011 0.013 0.047 0.143 0.206 0.580 
639    (0)   :  0.010 0.017 0.034 0.143 0.447 0.348 
640    (0)   :  0.008 0.011 0.222 0.091 0.337 0.331 
641    (0)   :  0.019 0.014 0.039 0.104 0.277 0.547 
642    (0)   :  0.009 0.038 0.054 0.534 0.140 0.225 
643    (0)   :  0.007 0.016 0.069 0.708 0.095 0.104 
644    (0)   :  0.010 0.018 0.081 0.551 0.102 0.238 
645    (0)   :  0.025 0.031 0.025 0.495 0.275 0.148 
646    (0)   :  0.009 0.043 0.059 0.172 0.151 0.567 
647    (0)   :  0.016 0.033 0.192 0.406 0.106 0.248 
648    (0)   :  0.278 0.070 0.038 0.207 0.103 0.304 
649    (0)   :  0.019 0.075 0.044 0.186 0.084 0.592 
650    (0)   :  0.008 0.027 0.063 0.199 0.102 0.601 
651    (0)   :  0.035 0.014 0.044 0.333 0.093 0.482 
652    (0)   :  0.009 0.018 0.037 0.557 0.113 0.266 
653    (0)   :  0.124 0.052 0.053 0.421 0.123 0.228 
654    (0)   :  0.013 0.072 0.043 0.523 0.099 0.251 
655    (0)   :  0.006 0.024 0.087 0.501 0.173 0.208 
656    (0)   :  0.034 0.048 0.044 0.256 0.119 0.499 
657    (0)   :  0.154 0.019 0.048 0.223 0.281 0.276 
658    (0)   :  0.024 0.063 0.109 0.273 0.238 0.293 
659    (0)   :  0.031 0.043 0.046 0.482 0.130 0.269 
660    (0)   :  0.025 0.032 0.040 0.580 0.084 0.240 
661    (0)   :  0.016 0.097 0.031 0.535 0.121 0.200 
662    (0)   :  0.015 0.150 0.047 0.129 0.073 0.586 
663    (0)   :  0.009 0.021 0.047 0.491 0.119 0.312 
664    (0)   :  0.011 0.040 0.285 0.279 0.221 0.165 
665    (0)   :  0.006 0.060 0.038 0.174 0.086 0.635 
666    (0)   :  0.009 0.037 0.043 0.505 0.127 0.279 
667    (0)   :  0.038 0.029 0.084 0.125 0.119 0.605 
668    (0)   :  0.009 0.035 0.044 0.443 0.186 0.282 
669    (0)   :  0.099 0.046 0.053 0.313 0.098 0.391 
670    (0)   :  0.007 0.016 0.025 0.767 0.062 0.123 
671    (0)   :  0.007 0.022 0.040 0.642 0.080 0.209 
672    (0)   :  0.006 0.044 0.089 0.640 0.135 0.086 
673    (0)   :  0.026 0.011 0.026 0.799 0.065 0.074 
674    (0)   :  0.007 0.021 0.024 0.657 0.113 0.178 
675    (0)   :  0.007 0.014 0.076 0.733 0.062 0.108 
676    (0)   :  0.007 0.012 0.026 0.818 0.062 0.075 
677    (0)   :  0.006 0.063 0.024 0.735 0.055 0.118 
678    (0)   :  0.063 0.011 0.030 0.763 0.064 0.071 
679    (0)   :  0.008 0.011 0.024 0.690 0.122 0.145 
680    (0)   :  0.011 0.015 0.027 0.742 0.091 0.113 
681    (0)   :  0.010 0.236 0.039 0.314 0.190 0.212 
682    (0)   :  0.008 0.018 0.031 0.761 0.096 0.086 
683    (0)   :  0.006 0.019 0.026 0.788 0.059 0.102 
684    (0)   :  0.041 0.013 0.030 0.777 0.064 0.075 
685    (0)   :  0.006 0.012 0.025 0.824 0.056 0.076 
686    (0)   :  0.007 0.062 0.028 0.675 0.087 0.140 
687    (0)   :  0.007 0.030 0.038 0.644 0.075 0.206 
688    (0)   :  0.007 0.014 0.038 0.751 0.078 0.112 
689    (0)   :  0.007 0.012 0.023 0.822 0.058 0.079 
690    (0)   :  0.007 0.012 0.025 0.820 0.063 0.074 
691    (0)   :  0.008 0.018 0.023 0.699 0.112 0.140 
692    (0)   :  0.048 0.012 0.036 0.712 0.083 0.110 
693    (0)   :  0.007 0.013 0.068 0.732 0.090 0.090 
694    (0)   :  0.006 0.014 0.023 0.831 0.052 0.074 
695    (0)   :  0.006 0.037 0.030 0.768 0.087 0.072 
696    (0)   :  0.007 0.014 0.038 0.751 0.078 0.113 
697    (0)   :  0.009 0.015 0.023 0.805 0.060 0.089 
698    (0)   :  0.007 0.012 0.025 0.812 0.062 0.083 
699    (0)   :  0.005 0.097 0.028 0.712 0.077 0.082 
700    (0)   :  0.007 0.043 0.118 0.677 0.069 0.086 
701    (0)   :  0.074 0.031 0.035 0.648 0.111 0.100 
702    (0)   :  0.009 0.030 0.046 0.669 0.119 0.128 
703    (0)   :  0.007 0.018 0.030 0.755 0.095 0.095 
704    (0)   :  0.006 0.019 0.035 0.759 0.071 0.109 
705    (0)   :  0.035 0.254 0.043 0.410 0.113 0.146 
706    (0)   :  0.009 0.027 0.026 0.760 0.085 0.093 
707    (0)   :  0.020 0.021 0.024 0.783 0.061 0.092 
708    (0)   :  0.007 0.013 0.026 0.799 0.060 0.094 
709    (0)   :  0.006 0.040 0.036 0.787 0.061 0.070 
710    (0)   :  0.006 0.015 0.024 0.830 0.057 0.068 
711    (0)   :  0.008 0.041 0.026 0.729 0.079 0.118 
712    (0)   :  0.006 0.039 0.023 0.781 0.052 0.099 
713    (0)   :  0.007 0.015 0.036 0.758 0.070 0.114 
714    (0)   :  0.009 0.013 0.026 0.641 0.117 0.194 
715    (0)   :  0.005 0.029 0.023 0.813 0.053 0.077 
