

----------------------------------------------------
STRUCTURE by Pritchard, Stephens and Donnelly (2000)
     and Falush, Stephens and Pritchard (2003)
       Code by Pritchard, Falush and Hubisz
             Version 2.3.4 (Jul 2012)
----------------------------------------------------



Command line arguments:   ./structure -K 6 -D 106008 -m brooktrout/mainparams -e brooktrout/extraparams -o brooktrout/250914_output/results_K6_rep8 
Input File:    brooktrout/brooktrout.txt

Run parameters:
   8454 individuals
   5 loci
   6 populations assumed
   50000 Burn-in period
   100000 Reps
RANDOMIZE turned off


--------------------------------------------
Overall proportion of membership of the
sample in each of the 6 clusters

Inferred Clusters
  1      2      3      4      5      6    
0.057  0.035  0.161  0.245  0.232  0.270  

--------------------------------------------

Allele-freq. divergence among pops (Net nucleotide distance),
computed using point estimates of P.

      1       2       3       4       5       6      
 1      -    0.1434  0.1199  0.0948  0.1285  0.1231  
 2   0.1434     -    0.0731  0.0564  0.0557  0.0884  
 3   0.1199  0.0731     -    0.0506  0.0485  0.1269  
 4   0.0948  0.0564  0.0506     -    0.0624  0.0852  
 5   0.1285  0.0557  0.0485  0.0624     -    0.1243  
 6   0.1231  0.0884  0.1269  0.0852  0.1243     -    

Average distances (expected heterozygosity) between individuals in same cluster:
cluster  1  : 0.7745 
cluster  2  : 0.8230 
cluster  3  : 0.8055 
cluster  4  : 0.8159 
cluster  5  : 0.7748 
cluster  6  : 0.7402 

--------------------------------------------
Estimated Ln Prob of Data   = -181407.7
Mean value of ln likelihood = -171693.5
Variance of ln likelihood   = 19428.6

Mean value of alpha_1       = 0.0998
Mean value of alpha_2       = 0.0671
Mean value of alpha_3       = 0.2916
Mean value of alpha_4       = 0.4525
Mean value of alpha_5       = 0.4236
Mean value of alpha_6       = 0.5091
Allele frequencies uncorrelated


Inferred ancestry of individuals:
     (%Miss) :  Inferred clusters
  1    (0)   :  0.043 0.027 0.135 0.143 0.258 0.394 
  2    (0)   :  0.013 0.013 0.058 0.747 0.079 0.090 
  3    (0)   :  0.043 0.058 0.078 0.105 0.433 0.283 
  4    (0)   :  0.030 0.029 0.099 0.106 0.092 0.644 
  5    (0)   :  0.014 0.020 0.067 0.714 0.095 0.089 
  6    (0)   :  0.013 0.091 0.062 0.163 0.567 0.103 
  7    (0)   :  0.012 0.036 0.373 0.181 0.298 0.099 
  8    (0)   :  0.026 0.145 0.116 0.102 0.236 0.376 
  9    (0)   :  0.023 0.114 0.108 0.291 0.263 0.202 
 10    (0)   :  0.011 0.086 0.122 0.191 0.338 0.253 
 11    (0)   :  0.012 0.014 0.362 0.176 0.337 0.100 
 12    (0)   :  0.016 0.024 0.074 0.659 0.097 0.130 
 13    (0)   :  0.019 0.038 0.112 0.478 0.199 0.154 
 14    (0)   :  0.072 0.023 0.075 0.356 0.216 0.258 
 15    (0)   :  0.027 0.025 0.133 0.279 0.183 0.353 
 16    (0)   :  0.024 0.020 0.085 0.175 0.545 0.152 
 17    (0)   :  0.026 0.133 0.085 0.398 0.219 0.139 
 18    (0)   :  0.026 0.097 0.053 0.300 0.331 0.192 
 19    (0)   :  0.012 0.067 0.086 0.319 0.388 0.129 
 20    (0)   :  0.028 0.025 0.167 0.400 0.221 0.159 
 21    (0)   :  0.036 0.017 0.072 0.301 0.185 0.388 
 22    (0)   :  0.021 0.098 0.057 0.171 0.474 0.179 
 23    (0)   :  0.095 0.032 0.126 0.203 0.140 0.402 
 24    (0)   :  0.024 0.018 0.070 0.214 0.325 0.349 
 25    (0)   :  0.021 0.056 0.153 0.389 0.306 0.076 
 26    (0)   :  0.022 0.064 0.075 0.386 0.221 0.233 
 27    (0)   :  0.044 0.038 0.084 0.359 0.277 0.199 
 28    (0)   :  0.018 0.030 0.187 0.127 0.211 0.426 
 29    (0)   :  0.022 0.013 0.144 0.532 0.149 0.141 
 30    (0)   :  0.029 0.035 0.050 0.206 0.534 0.147 
 31    (0)   :  0.032 0.085 0.110 0.399 0.152 0.222 
 32    (0)   :  0.026 0.048 0.108 0.199 0.294 0.325 
 33    (0)   :  0.044 0.019 0.128 0.110 0.415 0.285 
 34    (0)   :  0.017 0.067 0.277 0.123 0.378 0.138 
 35    (0)   :  0.071 0.066 0.066 0.435 0.234 0.129 
 36    (0)   :  0.302 0.012 0.060 0.145 0.331 0.149 
 37    (0)   :  0.031 0.035 0.108 0.294 0.146 0.386 
 38    (0)   :  0.075 0.010 0.105 0.129 0.600 0.080 
 39    (0)   :  0.074 0.019 0.131 0.231 0.415 0.130 
 40    (0)   :  0.270 0.017 0.047 0.193 0.179 0.294 
 41    (0)   :  0.400 0.020 0.099 0.102 0.284 0.094 
 42    (0)   :  0.206 0.011 0.067 0.092 0.189 0.435 
 43    (0)   :  0.302 0.029 0.122 0.222 0.111 0.214 
 44    (0)   :  0.454 0.043 0.068 0.149 0.205 0.081 
 45    (0)   :  0.160 0.012 0.070 0.387 0.280 0.092 
 46    (0)   :  0.057 0.078 0.100 0.326 0.332 0.107 
 47    (0)   :  0.036 0.189 0.081 0.308 0.210 0.176 
 48    (0)   :  0.428 0.055 0.043 0.203 0.179 0.093 
 49    (0)   :  0.088 0.032 0.097 0.325 0.287 0.171 
 50    (0)   :  0.038 0.084 0.170 0.202 0.362 0.145 
 51    (0)   :  0.702 0.008 0.044 0.081 0.095 0.071 
 52    (0)   :  0.081 0.028 0.141 0.181 0.400 0.169 
 53    (0)   :  0.046 0.017 0.084 0.089 0.613 0.151 
 54    (0)   :  0.046 0.030 0.069 0.589 0.086 0.180 
 55    (0)   :  0.186 0.021 0.073 0.489 0.090 0.142 
 56    (0)   :  0.117 0.040 0.052 0.328 0.281 0.182 
 57    (0)   :  0.014 0.148 0.108 0.247 0.199 0.284 
 58    (0)   :  0.111 0.012 0.082 0.427 0.185 0.182 
 59    (0)   :  0.142 0.016 0.094 0.281 0.325 0.142 
 60    (0)   :  0.292 0.012 0.066 0.162 0.156 0.311 
 61    (0)   :  0.150 0.010 0.067 0.451 0.062 0.259 
 62    (0)   :  0.022 0.101 0.071 0.473 0.216 0.116 
 63    (0)   :  0.099 0.012 0.236 0.198 0.189 0.266 
 64    (0)   :  0.018 0.030 0.065 0.268 0.525 0.094 
 65    (0)   :  0.022 0.016 0.400 0.319 0.172 0.073 
 66    (0)   :  0.032 0.013 0.141 0.370 0.106 0.337 
 67    (0)   :  0.146 0.021 0.094 0.534 0.088 0.118 
 68    (0)   :  0.165 0.018 0.091 0.247 0.305 0.172 
 69    (0)   :  0.113 0.036 0.203 0.104 0.357 0.187 
 70    (0)   :  0.329 0.010 0.156 0.098 0.197 0.211 
 71    (0)   :  0.310 0.012 0.087 0.281 0.239 0.072 
 72    (0)   :  0.095 0.022 0.094 0.184 0.479 0.126 
 73    (0)   :  0.112 0.011 0.094 0.585 0.104 0.095 
 74    (0)   :  0.172 0.013 0.056 0.134 0.351 0.274 
 75    (0)   :  0.191 0.014 0.041 0.158 0.197 0.399 
 76    (0)   :  0.169 0.017 0.270 0.240 0.158 0.147 
 77    (0)   :  0.347 0.009 0.117 0.170 0.271 0.085 
 78    (0)   :  0.310 0.010 0.102 0.122 0.363 0.094 
 79    (0)   :  0.011 0.018 0.204 0.371 0.286 0.110 
 80    (0)   :  0.013 0.016 0.125 0.131 0.122 0.593 
 81    (0)   :  0.010 0.021 0.167 0.168 0.172 0.462 
 82    (0)   :  0.034 0.013 0.126 0.489 0.107 0.231 
 83    (0)   :  0.023 0.014 0.160 0.127 0.278 0.398 
 84    (0)   :  0.015 0.013 0.214 0.161 0.260 0.337 
 85    (0)   :  0.020 0.018 0.083 0.161 0.306 0.412 
 86    (0)   :  0.037 0.019 0.089 0.616 0.131 0.109 
 87    (0)   :  0.023 0.016 0.430 0.191 0.207 0.132 
 88    (0)   :  0.015 0.015 0.188 0.249 0.119 0.413 
 89    (0)   :  0.013 0.023 0.124 0.235 0.120 0.485 
 90    (0)   :  0.013 0.015 0.380 0.300 0.156 0.136 
 91    (0)   :  0.022 0.014 0.086 0.103 0.186 0.588 
 92    (0)   :  0.014 0.018 0.158 0.437 0.178 0.196 
 93    (0)   :  0.013 0.011 0.049 0.083 0.073 0.771 
 94    (0)   :  0.025 0.010 0.508 0.072 0.283 0.102 
 95    (0)   :  0.014 0.013 0.434 0.175 0.099 0.264 
 96    (0)   :  0.218 0.009 0.071 0.261 0.069 0.371 
 97    (0)   :  0.108 0.015 0.046 0.238 0.250 0.343 
 98    (0)   :  0.142 0.011 0.068 0.366 0.197 0.216 
 99    (0)   :  0.013 0.015 0.252 0.217 0.206 0.297 
100    (0)   :  0.016 0.017 0.048 0.207 0.060 0.651 
101    (0)   :  0.037 0.025 0.284 0.264 0.163 0.227 
102    (0)   :  0.056 0.013 0.219 0.115 0.136 0.462 
103    (0)   :  0.026 0.018 0.270 0.328 0.089 0.268 
104    (0)   :  0.023 0.013 0.526 0.185 0.111 0.143 
105    (0)   :  0.024 0.016 0.447 0.221 0.072 0.219 
106    (0)   :  0.024 0.013 0.428 0.151 0.328 0.057 
107    (0)   :  0.026 0.017 0.449 0.197 0.085 0.226 
108    (0)   :  0.298 0.014 0.068 0.332 0.192 0.095 
109    (0)   :  0.029 0.018 0.298 0.360 0.235 0.060 
110    (0)   :  0.017 0.012 0.559 0.093 0.254 0.065 
111    (0)   :  0.016 0.010 0.677 0.149 0.068 0.081 
112    (0)   :  0.031 0.009 0.660 0.115 0.120 0.065 
113    (0)   :  0.038 0.021 0.126 0.456 0.188 0.171 
114    (0)   :  0.018 0.010 0.499 0.199 0.102 0.172 
115    (0)   :  0.065 0.024 0.565 0.161 0.087 0.098 
116    (0)   :  0.085 0.014 0.252 0.282 0.301 0.067 
117    (0)   :  0.024 0.017 0.606 0.100 0.176 0.077 
118    (0)   :  0.019 0.010 0.124 0.691 0.075 0.080 
119    (0)   :  0.325 0.009 0.112 0.115 0.105 0.334 
120    (0)   :  0.032 0.017 0.527 0.204 0.104 0.116 
121    (0)   :  0.129 0.063 0.508 0.125 0.102 0.073 
122    (0)   :  0.019 0.011 0.406 0.197 0.287 0.080 
123    (0)   :  0.029 0.011 0.581 0.132 0.134 0.112 
124    (0)   :  0.079 0.032 0.379 0.168 0.256 0.087 
125    (0)   :  0.046 0.018 0.297 0.117 0.421 0.101 
126    (0)   :  0.073 0.008 0.362 0.174 0.245 0.138 
127    (0)   :  0.018 0.012 0.678 0.138 0.064 0.089 
128    (0)   :  0.019 0.009 0.101 0.717 0.071 0.083 
129    (0)   :  0.023 0.020 0.439 0.365 0.075 0.077 
130    (0)   :  0.016 0.016 0.466 0.214 0.109 0.179 
131    (0)   :  0.106 0.022 0.358 0.109 0.338 0.066 
132    (0)   :  0.025 0.014 0.362 0.307 0.225 0.066 
133    (0)   :  0.033 0.016 0.554 0.195 0.087 0.115 
134    (0)   :  0.014 0.009 0.636 0.110 0.181 0.049 
135    (0)   :  0.065 0.013 0.048 0.247 0.074 0.553 
136    (0)   :  0.012 0.023 0.035 0.115 0.082 0.732 
137    (0)   :  0.012 0.012 0.089 0.082 0.064 0.742 
138    (0)   :  0.019 0.012 0.035 0.071 0.072 0.790 
139    (0)   :  0.040 0.013 0.048 0.387 0.097 0.415 
140    (0)   :  0.036 0.012 0.073 0.193 0.147 0.539 
141    (0)   :  0.017 0.024 0.038 0.131 0.131 0.659 
142    (0)   :  0.091 0.011 0.046 0.224 0.068 0.559 
143    (0)   :  0.013 0.010 0.034 0.067 0.052 0.825 
144    (0)   :  0.013 0.011 0.087 0.084 0.057 0.748 
145    (0)   :  0.024 0.031 0.040 0.201 0.140 0.565 
146    (0)   :  0.024 0.029 0.098 0.146 0.142 0.560 
147    (0)   :  0.011 0.013 0.035 0.064 0.058 0.819 
148    (0)   :  0.035 0.020 0.068 0.195 0.098 0.585 
149    (0)   :  0.025 0.017 0.036 0.104 0.082 0.736 
150    (0)   :  0.015 0.016 0.125 0.145 0.078 0.620 
151    (0)   :  0.014 0.012 0.047 0.098 0.065 0.765 
152    (0)   :  0.079 0.024 0.059 0.162 0.130 0.546 
153    (0)   :  0.026 0.012 0.050 0.082 0.095 0.735 
154    (0)   :  0.020 0.059 0.037 0.133 0.077 0.675 
155    (0)   :  0.014 0.012 0.045 0.079 0.060 0.790 
156    (0)   :  0.053 0.009 0.064 0.125 0.056 0.694 
157    (0)   :  0.015 0.010 0.135 0.068 0.107 0.666 
158    (0)   :  0.018 0.029 0.039 0.154 0.140 0.620 
159    (0)   :  0.010 0.016 0.035 0.074 0.056 0.809 
160    (0)   :  0.011 0.022 0.034 0.090 0.056 0.787 
161    (0)   :  0.020 0.012 0.057 0.099 0.120 0.692 
162    (0)   :  0.027 0.046 0.084 0.217 0.137 0.489 
163    (0)   :  0.019 0.010 0.043 0.071 0.055 0.802 
164    (0)   :  0.017 0.083 0.074 0.236 0.104 0.485 
165    (0)   :  0.015 0.014 0.122 0.119 0.068 0.662 
166    (0)   :  0.047 0.015 0.133 0.085 0.138 0.583 
167    (0)   :  0.016 0.191 0.056 0.117 0.093 0.528 
168    (0)   :  0.033 0.012 0.044 0.081 0.126 0.704 
169    (0)   :  0.028 0.031 0.037 0.144 0.342 0.418 
170    (0)   :  0.033 0.010 0.051 0.114 0.065 0.726 
171    (0)   :  0.030 0.019 0.057 0.153 0.145 0.596 
172    (0)   :  0.083 0.012 0.036 0.111 0.200 0.559 
173    (0)   :  0.012 0.015 0.034 0.105 0.056 0.778 
174    (0)   :  0.011 0.014 0.046 0.084 0.071 0.774 
175    (0)   :  0.019 0.020 0.033 0.084 0.077 0.767 
176    (0)   :  0.014 0.010 0.085 0.084 0.057 0.750 
177    (0)   :  0.021 0.013 0.132 0.087 0.173 0.574 
178    (0)   :  0.012 0.027 0.048 0.116 0.108 0.689 
179    (0)   :  0.012 0.011 0.034 0.070 0.058 0.815 
180    (0)   :  0.027 0.034 0.065 0.135 0.118 0.619 
181    (0)   :  0.024 0.016 0.039 0.168 0.090 0.663 
182    (0)   :  0.018 0.017 0.037 0.151 0.052 0.724 
183    (0)   :  0.014 0.013 0.035 0.084 0.059 0.796 
184    (0)   :  0.016 0.027 0.057 0.696 0.109 0.095 
185    (0)   :  0.059 0.009 0.037 0.091 0.047 0.756 
186    (0)   :  0.017 0.025 0.114 0.628 0.113 0.102 
187    (0)   :  0.019 0.016 0.064 0.436 0.090 0.375 
188    (0)   :  0.017 0.021 0.079 0.723 0.086 0.074 
189    (0)   :  0.029 0.020 0.054 0.195 0.307 0.395 
190    (0)   :  0.209 0.008 0.039 0.271 0.044 0.429 
191    (0)   :  0.013 0.012 0.043 0.708 0.068 0.156 
192    (0)   :  0.015 0.015 0.101 0.378 0.112 0.379 
193    (0)   :  0.023 0.013 0.053 0.492 0.113 0.306 
194    (0)   :  0.030 0.021 0.113 0.339 0.097 0.400 
195    (0)   :  0.034 0.011 0.037 0.287 0.051 0.579 
196    (0)   :  0.096 0.009 0.059 0.436 0.069 0.331 
197    (0)   :  0.027 0.033 0.096 0.484 0.151 0.210 
198    (0)   :  0.028 0.013 0.088 0.388 0.213 0.270 
199    (0)   :  0.070 0.011 0.055 0.464 0.073 0.326 
200    (0)   :  0.077 0.011 0.051 0.484 0.113 0.264 
201    (0)   :  0.026 0.012 0.047 0.223 0.066 0.627 
202    (0)   :  0.039 0.010 0.058 0.170 0.051 0.673 
203    (0)   :  0.018 0.012 0.042 0.313 0.056 0.559 
204    (0)   :  0.031 0.012 0.041 0.559 0.051 0.306 
205    (0)   :  0.034 0.011 0.047 0.624 0.081 0.202 
206    (0)   :  0.024 0.016 0.042 0.611 0.058 0.249 
207    (0)   :  0.029 0.010 0.054 0.706 0.054 0.146 
208    (0)   :  0.033 0.009 0.045 0.450 0.061 0.402 
209    (0)   :  0.021 0.012 0.047 0.622 0.077 0.222 
210    (0)   :  0.022 0.011 0.056 0.536 0.062 0.312 
211    (0)   :  0.079 0.015 0.094 0.462 0.051 0.299 
212    (0)   :  0.029 0.012 0.039 0.170 0.087 0.662 
213    (0)   :  0.102 0.012 0.132 0.384 0.116 0.254 
214    (0)   :  0.023 0.011 0.045 0.218 0.064 0.639 
215    (0)   :  0.025 0.010 0.049 0.717 0.068 0.132 
216    (0)   :  0.020 0.032 0.075 0.598 0.131 0.145 
217    (0)   :  0.034 0.013 0.041 0.272 0.082 0.558 
218    (0)   :  0.016 0.013 0.050 0.617 0.083 0.220 
219    (0)   :  0.019 0.048 0.063 0.355 0.181 0.333 
220    (0)   :  0.017 0.011 0.042 0.710 0.054 0.165 
221    (0)   :  0.044 0.009 0.033 0.096 0.049 0.771 
222    (0)   :  0.020 0.049 0.081 0.455 0.176 0.219 
223    (0)   :  0.023 0.017 0.069 0.289 0.119 0.482 
224    (0)   :  0.019 0.017 0.047 0.377 0.060 0.479 
225    (0)   :  0.033 0.012 0.051 0.537 0.070 0.297 
226    (0)   :  0.026 0.020 0.053 0.416 0.236 0.248 
227    (0)   :  0.065 0.012 0.065 0.391 0.055 0.412 
228    (0)   :  0.087 0.012 0.039 0.313 0.047 0.502 
229    (0)   :  0.013 0.019 0.051 0.384 0.065 0.469 
230    (0)   :  0.014 0.015 0.047 0.479 0.058 0.388 
231    (0)   :  0.014 0.016 0.043 0.462 0.081 0.384 
232    (0)   :  0.031 0.016 0.077 0.327 0.130 0.418 
233    (0)   :  0.018 0.012 0.043 0.195 0.064 0.668 
234    (0)   :  0.016 0.015 0.072 0.459 0.140 0.297 
235    (0)   :  0.034 0.014 0.050 0.372 0.122 0.407 
236    (0)   :  0.017 0.013 0.057 0.329 0.090 0.493 
237    (0)   :  0.027 0.010 0.045 0.691 0.058 0.169 
238    (0)   :  0.024 0.011 0.065 0.196 0.081 0.622 
239    (0)   :  0.036 0.011 0.038 0.281 0.051 0.582 
240    (0)   :  0.024 0.011 0.065 0.199 0.081 0.620 
241    (0)   :  0.026 0.012 0.043 0.176 0.063 0.680 
242    (0)   :  0.026 0.019 0.048 0.459 0.141 0.307 
243    (0)   :  0.092 0.009 0.044 0.455 0.050 0.351 
244    (0)   :  0.016 0.013 0.042 0.365 0.056 0.507 
245    (0)   :  0.024 0.009 0.046 0.097 0.060 0.764 
246    (0)   :  0.033 0.013 0.041 0.268 0.084 0.561 
247    (0)   :  0.043 0.011 0.227 0.435 0.179 0.105 
248    (0)   :  0.023 0.010 0.058 0.754 0.063 0.092 
249    (0)   :  0.019 0.014 0.052 0.342 0.065 0.508 
250    (0)   :  0.014 0.015 0.063 0.440 0.084 0.384 
251    (0)   :  0.030 0.015 0.065 0.513 0.189 0.188 
252    (0)   :  0.030 0.015 0.060 0.404 0.082 0.410 
253    (0)   :  0.039 0.013 0.097 0.544 0.126 0.181 
254    (0)   :  0.023 0.033 0.069 0.533 0.120 0.222 
255    (0)   :  0.019 0.015 0.054 0.512 0.101 0.299 
256    (0)   :  0.033 0.012 0.050 0.348 0.074 0.483 
257    (0)   :  0.030 0.029 0.075 0.492 0.078 0.295 
258    (0)   :  0.061 0.010 0.077 0.544 0.099 0.209 
259    (0)   :  0.019 0.017 0.063 0.559 0.073 0.268 
260    (0)   :  0.017 0.043 0.084 0.283 0.159 0.414 
261    (0)   :  0.040 0.012 0.054 0.264 0.084 0.546 
262    (0)   :  0.068 0.010 0.033 0.229 0.060 0.602 
263    (0)   :  0.020 0.022 0.049 0.706 0.068 0.135 
264    (0)   :  0.022 0.071 0.065 0.449 0.317 0.077 
265    (0)   :  0.023 0.014 0.050 0.508 0.114 0.290 
266    (0)   :  0.033 0.009 0.034 0.112 0.049 0.764 
267    (0)   :  0.023 0.014 0.059 0.517 0.081 0.307 
268    (0)   :  0.092 0.010 0.057 0.444 0.069 0.329 
269    (0)   :  0.019 0.022 0.055 0.328 0.245 0.331 
270    (0)   :  0.018 0.026 0.073 0.624 0.113 0.145 
271    (0)   :  0.034 0.011 0.064 0.633 0.081 0.178 
272    (0)   :  0.050 0.014 0.058 0.514 0.173 0.191 
273    (0)   :  0.031 0.088 0.083 0.324 0.153 0.321 
274    (0)   :  0.020 0.014 0.055 0.579 0.121 0.213 
275    (0)   :  0.026 0.028 0.050 0.508 0.128 0.260 
276    (0)   :  0.054 0.014 0.064 0.557 0.150 0.161 
277    (0)   :  0.020 0.017 0.068 0.350 0.122 0.422 
278    (0)   :  0.040 0.009 0.048 0.666 0.068 0.169 
279    (0)   :  0.020 0.015 0.060 0.496 0.096 0.314 
280    (0)   :  0.032 0.016 0.051 0.474 0.170 0.257 
281    (0)   :  0.022 0.012 0.068 0.572 0.100 0.227 
282    (0)   :  0.016 0.015 0.062 0.231 0.112 0.565 
283    (0)   :  0.019 0.015 0.059 0.217 0.073 0.618 
284    (0)   :  0.027 0.012 0.106 0.362 0.102 0.392 
285    (0)   :  0.046 0.009 0.060 0.724 0.090 0.071 
286    (0)   :  0.017 0.013 0.043 0.369 0.057 0.502 
287    (0)   :  0.020 0.016 0.066 0.427 0.178 0.292 
288    (0)   :  0.025 0.017 0.050 0.573 0.156 0.179 
289    (0)   :  0.050 0.022 0.090 0.539 0.124 0.175 
290    (0)   :  0.082 0.036 0.057 0.391 0.196 0.238 
291    (0)   :  0.034 0.010 0.063 0.634 0.080 0.178 
292    (0)   :  0.070 0.014 0.047 0.346 0.156 0.367 
293    (0)   :  0.097 0.023 0.065 0.385 0.290 0.140 
294    (0)   :  0.028 0.028 0.047 0.695 0.076 0.126 
295    (0)   :  0.044 0.016 0.072 0.490 0.147 0.231 
296    (0)   :  0.024 0.011 0.052 0.673 0.067 0.173 
297    (0)   :  0.023 0.018 0.052 0.564 0.176 0.167 
298    (0)   :  0.014 0.019 0.073 0.334 0.104 0.457 
299    (0)   :  0.016 0.040 0.054 0.666 0.080 0.144 
300    (0)   :  0.025 0.012 0.043 0.732 0.077 0.111 
301    (0)   :  0.017 0.033 0.056 0.614 0.143 0.137 
302    (0)   :  0.049 0.021 0.049 0.666 0.076 0.138 
303    (0)   :  0.024 0.014 0.048 0.333 0.093 0.487 
304    (0)   :  0.015 0.037 0.103 0.209 0.180 0.456 
305    (0)   :  0.031 0.012 0.036 0.424 0.063 0.433 
306    (0)   :  0.029 0.017 0.046 0.249 0.108 0.551 
307    (0)   :  0.020 0.020 0.070 0.422 0.103 0.367 
308    (0)   :  0.040 0.012 0.054 0.255 0.084 0.555 
309    (0)   :  0.047 0.043 0.079 0.601 0.069 0.160 
310    (0)   :  0.040 0.010 0.043 0.375 0.058 0.474 
311    (0)   :  0.014 0.014 0.046 0.478 0.058 0.390 
312    (0)   :  0.025 0.010 0.057 0.674 0.055 0.179 
313    (0)   :  0.074 0.011 0.051 0.696 0.056 0.112 
314    (0)   :  0.020 0.009 0.033 0.065 0.056 0.818 
315    (0)   :  0.030 0.010 0.042 0.059 0.082 0.777 
316    (0)   :  0.023 0.016 0.045 0.062 0.105 0.748 
317    (0)   :  0.013 0.010 0.033 0.061 0.058 0.825 
318    (0)   :  0.010 0.011 0.033 0.056 0.064 0.826 
319    (0)   :  0.013 0.012 0.034 0.073 0.053 0.817 
320    (0)   :  0.021 0.009 0.033 0.063 0.056 0.819 
321    (0)   :  0.011 0.011 0.034 0.060 0.065 0.817 
322    (0)   :  0.035 0.014 0.045 0.068 0.094 0.744 
323    (0)   :  0.010 0.023 0.034 0.059 0.058 0.815 
324    (0)   :  0.011 0.011 0.034 0.059 0.065 0.819 
325    (0)   :  0.018 0.012 0.042 0.056 0.104 0.767 
326    (0)   :  0.025 0.027 0.046 0.056 0.105 0.742 
327    (0)   :  0.013 0.011 0.034 0.061 0.058 0.824 
328    (0)   :  0.023 0.011 0.043 0.066 0.092 0.765 
329    (0)   :  0.010 0.011 0.034 0.057 0.057 0.832 
330    (0)   :  0.013 0.010 0.034 0.060 0.058 0.825 
331    (0)   :  0.010 0.011 0.034 0.060 0.056 0.830 
332    (0)   :  0.020 0.039 0.045 0.055 0.112 0.729 
333    (0)   :  0.025 0.026 0.045 0.061 0.088 0.755 
334    (0)   :  0.023 0.011 0.043 0.066 0.092 0.765 
335    (0)   :  0.025 0.011 0.043 0.061 0.080 0.780 
336    (0)   :  0.016 0.031 0.034 0.058 0.063 0.799 
337    (0)   :  0.023 0.012 0.044 0.058 0.108 0.754 
338    (0)   :  0.010 0.018 0.034 0.057 0.066 0.815 
339    (0)   :  0.010 0.011 0.033 0.061 0.057 0.829 
340    (0)   :  0.011 0.010 0.032 0.062 0.052 0.833 
341    (0)   :  0.012 0.033 0.035 0.067 0.058 0.796 
342    (0)   :  0.013 0.010 0.034 0.061 0.059 0.824 
343    (0)   :  0.045 0.020 0.044 0.059 0.085 0.746 
344    (0)   :  0.010 0.011 0.033 0.057 0.057 0.832 
345    (0)   :  0.013 0.010 0.033 0.059 0.059 0.826 
346    (0)   :  0.011 0.010 0.033 0.058 0.057 0.831 
347    (0)   :  0.010 0.010 0.032 0.057 0.051 0.839 
348    (0)   :  0.048 0.009 0.041 0.063 0.074 0.765 
349    (0)   :  0.013 0.010 0.034 0.062 0.059 0.823 
350    (0)   :  0.014 0.011 0.032 0.070 0.054 0.818 
351    (0)   :  0.024 0.010 0.043 0.061 0.081 0.780 
352    (0)   :  0.027 0.011 0.043 0.060 0.093 0.766 
353    (0)   :  0.016 0.031 0.034 0.058 0.063 0.799 
354    (0)   :  0.010 0.018 0.035 0.061 0.059 0.818 
355    (0)   :  0.010 0.011 0.033 0.057 0.064 0.825 
356    (0)   :  0.052 0.009 0.043 0.064 0.073 0.760 
357    (0)   :  0.018 0.016 0.054 0.094 0.298 0.520 
358    (0)   :  0.017 0.018 0.044 0.057 0.093 0.771 
359    (0)   :  0.010 0.016 0.033 0.062 0.058 0.821 
360    (0)   :  0.011 0.010 0.033 0.058 0.058 0.831 
361    (0)   :  0.025 0.015 0.057 0.110 0.305 0.487 
362    (0)   :  0.025 0.015 0.129 0.278 0.418 0.134 
363    (0)   :  0.033 0.026 0.195 0.172 0.490 0.085 
364    (0)   :  0.022 0.111 0.083 0.256 0.196 0.333 
365    (0)   :  0.022 0.048 0.072 0.274 0.487 0.097 
366    (0)   :  0.141 0.033 0.060 0.224 0.335 0.206 
367    (0)   :  0.014 0.010 0.454 0.096 0.368 0.058 
368    (0)   :  0.012 0.016 0.149 0.555 0.160 0.107 
369    (0)   :  0.108 0.032 0.077 0.181 0.226 0.377 
370    (0)   :  0.020 0.044 0.322 0.356 0.126 0.131 
371    (0)   :  0.031 0.063 0.091 0.400 0.243 0.172 
372    (0)   :  0.025 0.133 0.125 0.491 0.092 0.134 
373    (0)   :  0.017 0.019 0.256 0.263 0.265 0.179 
374    (0)   :  0.018 0.016 0.099 0.194 0.331 0.342 
375    (0)   :  0.014 0.085 0.189 0.284 0.352 0.075 
376    (0)   :  0.015 0.140 0.089 0.067 0.623 0.066 
377    (0)   :  0.027 0.022 0.103 0.393 0.343 0.112 
378    (0)   :  0.017 0.011 0.480 0.116 0.108 0.268 
379    (0)   :  0.024 0.238 0.116 0.074 0.489 0.060 
380    (0)   :  0.058 0.034 0.046 0.145 0.496 0.221 
381    (0)   :  0.059 0.064 0.042 0.110 0.511 0.215 
382    (0)   :  0.013 0.025 0.203 0.137 0.535 0.088 
383    (0)   :  0.021 0.107 0.042 0.124 0.530 0.176 
384    (0)   :  0.018 0.270 0.117 0.164 0.299 0.133 
385    (0)   :  0.011 0.069 0.121 0.404 0.175 0.220 
386    (0)   :  0.018 0.011 0.167 0.136 0.584 0.084 
387    (0)   :  0.021 0.016 0.173 0.172 0.513 0.104 
388    (0)   :  0.015 0.054 0.130 0.272 0.242 0.287 
389    (0)   :  0.058 0.024 0.074 0.673 0.079 0.093 
390    (0)   :  0.119 0.030 0.315 0.124 0.331 0.081 
391    (0)   :  0.064 0.032 0.228 0.356 0.167 0.153 
392    (0)   :  0.020 0.025 0.089 0.169 0.526 0.171 
393    (0)   :  0.082 0.022 0.067 0.081 0.594 0.154 
394    (0)   :  0.019 0.013 0.173 0.133 0.338 0.323 
395    (0)   :  0.130 0.010 0.135 0.272 0.338 0.116 
396    (0)   :  0.013 0.024 0.170 0.308 0.422 0.063 
397    (0)   :  0.024 0.262 0.063 0.297 0.131 0.224 
398    (0)   :  0.021 0.043 0.147 0.078 0.646 0.065 
399    (0)   :  0.035 0.010 0.489 0.148 0.229 0.090 
400    (0)   :  0.019 0.022 0.220 0.113 0.500 0.127 
401    (0)   :  0.060 0.009 0.405 0.155 0.234 0.138 
402    (0)   :  0.064 0.025 0.141 0.414 0.221 0.135 
403    (0)   :  0.020 0.024 0.127 0.244 0.149 0.436 
404    (0)   :  0.016 0.040 0.105 0.297 0.359 0.183 
405    (0)   :  0.031 0.017 0.081 0.243 0.465 0.163 
406    (0)   :  0.395 0.011 0.049 0.091 0.263 0.191 
407    (0)   :  0.014 0.012 0.061 0.104 0.746 0.063 
408    (0)   :  0.076 0.008 0.444 0.291 0.113 0.068 
409    (0)   :  0.181 0.020 0.081 0.085 0.253 0.380 
410    (0)   :  0.031 0.113 0.194 0.132 0.384 0.145 
411    (0)   :  0.059 0.128 0.092 0.104 0.415 0.201 
412    (0)   :  0.012 0.017 0.180 0.438 0.254 0.099 
413    (0)   :  0.017 0.013 0.228 0.223 0.271 0.248 
414    (0)   :  0.013 0.018 0.251 0.427 0.224 0.066 
415    (0)   :  0.049 0.017 0.085 0.122 0.628 0.100 
416    (0)   :  0.039 0.016 0.162 0.231 0.394 0.158 
417    (0)   :  0.017 0.014 0.090 0.113 0.690 0.075 
418    (0)   :  0.011 0.024 0.343 0.205 0.346 0.072 
419    (0)   :  0.041 0.026 0.172 0.209 0.268 0.284 
420    (0)   :  0.157 0.008 0.348 0.138 0.258 0.091 
421    (0)   :  0.018 0.016 0.137 0.250 0.495 0.085 
422    (0)   :  0.064 0.014 0.060 0.405 0.353 0.104 
423    (0)   :  0.029 0.044 0.104 0.204 0.494 0.124 
424    (0)   :  0.101 0.017 0.502 0.101 0.162 0.118 
425    (0)   :  0.019 0.082 0.108 0.396 0.253 0.141 
426    (0)   :  0.020 0.064 0.394 0.142 0.227 0.151 
427    (0)   :  0.021 0.010 0.118 0.063 0.608 0.180 
428    (0)   :  0.069 0.046 0.064 0.163 0.398 0.260 
429    (0)   :  0.012 0.016 0.164 0.085 0.664 0.059 
430    (0)   :  0.022 0.014 0.083 0.110 0.696 0.075 
431    (0)   :  0.019 0.028 0.316 0.279 0.211 0.147 
432    (0)   :  0.014 0.016 0.179 0.472 0.198 0.121 
433    (0)   :  0.024 0.045 0.147 0.280 0.104 0.400 
434    (0)   :  0.025 0.026 0.075 0.369 0.302 0.203 
435    (0)   :  0.025 0.010 0.089 0.083 0.731 0.062 
436    (0)   :  0.043 0.014 0.183 0.053 0.601 0.106 
437    (0)   :  0.015 0.077 0.063 0.113 0.660 0.071 
438    (0)   :  0.221 0.011 0.198 0.076 0.352 0.142 
439    (0)   :  0.017 0.011 0.089 0.058 0.741 0.084 
440    (0)   :  0.023 0.010 0.094 0.071 0.748 0.053 
441    (0)   :  0.021 0.014 0.109 0.098 0.595 0.164 
442    (0)   :  0.031 0.016 0.143 0.171 0.564 0.077 
443    (0)   :  0.115 0.009 0.457 0.103 0.247 0.068 
444    (0)   :  0.046 0.016 0.110 0.134 0.619 0.076 
445    (0)   :  0.082 0.063 0.090 0.078 0.444 0.242 
446    (0)   :  0.021 0.050 0.280 0.055 0.521 0.073 
447    (0)   :  0.069 0.014 0.090 0.149 0.526 0.152 
448    (0)   :  0.021 0.014 0.085 0.148 0.655 0.077 
449    (0)   :  0.022 0.018 0.079 0.160 0.591 0.130 
450    (0)   :  0.010 0.050 0.121 0.107 0.582 0.130 
451    (0)   :  0.030 0.014 0.423 0.226 0.252 0.056 
452    (0)   :  0.012 0.017 0.093 0.092 0.675 0.111 
453    (0)   :  0.247 0.011 0.233 0.194 0.155 0.161 
454    (0)   :  0.019 0.014 0.097 0.101 0.631 0.139 
455    (0)   :  0.081 0.010 0.170 0.069 0.594 0.076 
456    (0)   :  0.114 0.012 0.116 0.129 0.561 0.068 
457    (0)   :  0.016 0.021 0.053 0.094 0.741 0.075 
458    (0)   :  0.017 0.055 0.108 0.068 0.664 0.087 
459    (0)   :  0.026 0.010 0.316 0.060 0.422 0.165 
460    (0)   :  0.021 0.010 0.333 0.062 0.505 0.070 
461    (0)   :  0.011 0.014 0.553 0.063 0.290 0.069 
462    (0)   :  0.047 0.022 0.272 0.162 0.444 0.053 
463    (0)   :  0.400 0.010 0.098 0.106 0.272 0.114 
464    (0)   :  0.054 0.008 0.283 0.089 0.495 0.070 
465    (0)   :  0.034 0.015 0.467 0.124 0.267 0.094 
466    (0)   :  0.162 0.009 0.239 0.148 0.364 0.078 
467    (0)   :  0.038 0.013 0.256 0.116 0.452 0.125 
468    (0)   :  0.059 0.015 0.051 0.086 0.721 0.068 
469    (0)   :  0.023 0.010 0.062 0.055 0.780 0.071 
470    (0)   :  0.021 0.009 0.120 0.066 0.720 0.063 
471    (0)   :  0.099 0.016 0.154 0.291 0.350 0.089 
472    (0)   :  0.048 0.020 0.180 0.198 0.455 0.099 
473    (0)   :  0.028 0.017 0.080 0.200 0.547 0.129 
474    (0)   :  0.025 0.014 0.100 0.110 0.628 0.122 
475    (0)   :  0.026 0.013 0.368 0.130 0.308 0.156 
476    (0)   :  0.027 0.032 0.120 0.068 0.664 0.089 
477    (0)   :  0.042 0.015 0.484 0.111 0.226 0.121 
478    (0)   :  0.016 0.012 0.702 0.074 0.132 0.063 
479    (0)   :  0.017 0.012 0.110 0.072 0.728 0.062 
480    (0)   :  0.014 0.018 0.063 0.064 0.770 0.071 
481    (0)   :  0.019 0.015 0.074 0.501 0.316 0.076 
482    (0)   :  0.012 0.014 0.123 0.061 0.728 0.062 
483    (0)   :  0.024 0.012 0.161 0.063 0.650 0.089 
484    (0)   :  0.150 0.011 0.125 0.130 0.486 0.098 
485    (0)   :  0.047 0.011 0.148 0.058 0.667 0.070 
486    (0)   :  0.062 0.036 0.154 0.488 0.150 0.110 
487    (0)   :  0.025 0.058 0.085 0.461 0.150 0.222 
488    (0)   :  0.019 0.026 0.167 0.549 0.094 0.146 
489    (0)   :  0.077 0.073 0.055 0.382 0.140 0.273 
490    (0)   :  0.050 0.021 0.361 0.302 0.192 0.075 
491    (0)   :  0.020 0.019 0.055 0.616 0.086 0.204 
492    (0)   :  0.034 0.012 0.267 0.230 0.087 0.370 
493    (0)   :  0.021 0.061 0.070 0.655 0.087 0.107 
494    (0)   :  0.026 0.089 0.077 0.499 0.124 0.186 
495    (0)   :  0.043 0.069 0.356 0.197 0.087 0.248 
496    (0)   :  0.031 0.019 0.106 0.201 0.127 0.516 
497    (0)   :  0.015 0.103 0.057 0.582 0.085 0.159 
498    (0)   :  0.089 0.027 0.165 0.395 0.166 0.157 
499    (0)   :  0.027 0.148 0.057 0.350 0.100 0.318 
500    (0)   :  0.020 0.104 0.062 0.519 0.180 0.114 
501    (0)   :  0.015 0.045 0.121 0.279 0.223 0.317 
502    (0)   :  0.012 0.020 0.192 0.302 0.134 0.340 
503    (0)   :  0.020 0.036 0.077 0.394 0.377 0.095 
504    (0)   :  0.035 0.016 0.390 0.346 0.106 0.106 
505    (0)   :  0.036 0.025 0.080 0.577 0.085 0.197 
506    (0)   :  0.017 0.016 0.209 0.334 0.126 0.298 
507    (0)   :  0.033 0.017 0.040 0.124 0.062 0.724 
508    (0)   :  0.061 0.064 0.055 0.174 0.055 0.591 
509    (0)   :  0.025 0.017 0.071 0.500 0.084 0.303 
510    (0)   :  0.022 0.194 0.086 0.230 0.138 0.329 
511    (0)   :  0.030 0.030 0.149 0.273 0.393 0.125 
512    (0)   :  0.013 0.033 0.154 0.245 0.476 0.078 
513    (0)   :  0.050 0.027 0.236 0.520 0.046 0.121 
514    (0)   :  0.024 0.019 0.419 0.258 0.127 0.153 
515    (0)   :  0.067 0.036 0.074 0.200 0.363 0.261 
516    (0)   :  0.043 0.017 0.247 0.460 0.092 0.140 
517    (0)   :  0.169 0.017 0.133 0.160 0.255 0.266 
518    (0)   :  0.016 0.212 0.061 0.232 0.165 0.313 
519    (0)   :  0.024 0.011 0.453 0.205 0.144 0.162 
520    (0)   :  0.219 0.017 0.049 0.107 0.214 0.394 
521    (0)   :  0.030 0.018 0.203 0.164 0.121 0.464 
522    (0)   :  0.192 0.136 0.083 0.149 0.334 0.105 
523    (0)   :  0.336 0.018 0.123 0.110 0.109 0.304 
524    (0)   :  0.101 0.021 0.079 0.180 0.440 0.179 
525    (0)   :  0.049 0.173 0.057 0.134 0.236 0.350 
526    (0)   :  0.455 0.012 0.048 0.103 0.227 0.156 
527    (0)   :  0.013 0.196 0.146 0.340 0.202 0.103 
528    (0)   :  0.026 0.012 0.071 0.194 0.083 0.614 
529    (0)   :  0.024 0.126 0.093 0.397 0.113 0.247 
530    (0)   :  0.069 0.033 0.073 0.235 0.408 0.182 
531    (0)   :  0.036 0.018 0.077 0.129 0.249 0.491 
532    (0)   :  0.036 0.127 0.087 0.328 0.122 0.301 
533    (0)   :  0.069 0.136 0.070 0.267 0.309 0.150 
534    (0)   :  0.093 0.096 0.131 0.393 0.060 0.226 
535    (0)   :  0.246 0.011 0.180 0.158 0.234 0.171 
536    (0)   :  0.090 0.021 0.118 0.176 0.289 0.305 
537    (0)   :  0.144 0.016 0.093 0.143 0.110 0.494 
538    (0)   :  0.090 0.016 0.081 0.258 0.175 0.380 
539    (0)   :  0.028 0.012 0.045 0.131 0.072 0.712 
540    (0)   :  0.094 0.024 0.069 0.242 0.195 0.376 
541    (0)   :  0.032 0.018 0.132 0.123 0.137 0.558 
542    (0)   :  0.246 0.013 0.064 0.272 0.262 0.144 
543    (0)   :  0.210 0.013 0.261 0.129 0.104 0.282 
544    (0)   :  0.299 0.011 0.073 0.209 0.175 0.233 
545    (0)   :  0.551 0.010 0.090 0.105 0.167 0.077 
546    (0)   :  0.089 0.012 0.083 0.362 0.144 0.309 
547    (0)   :  0.510 0.009 0.091 0.078 0.087 0.225 
548    (0)   :  0.015 0.016 0.062 0.439 0.085 0.384 
549    (0)   :  0.138 0.014 0.065 0.069 0.202 0.512 
550    (0)   :  0.392 0.009 0.121 0.100 0.259 0.120 
551    (0)   :  0.034 0.015 0.092 0.086 0.115 0.658 
552    (0)   :  0.073 0.015 0.052 0.377 0.119 0.364 
553    (0)   :  0.491 0.010 0.109 0.084 0.060 0.246 
554    (0)   :  0.057 0.058 0.162 0.197 0.258 0.267 
555    (0)   :  0.086 0.016 0.080 0.187 0.107 0.524 
556    (0)   :  0.071 0.015 0.079 0.318 0.150 0.366 
557    (0)   :  0.232 0.010 0.179 0.076 0.317 0.186 
558    (0)   :  0.011 0.012 0.119 0.056 0.736 0.064 
559    (0)   :  0.029 0.019 0.232 0.468 0.138 0.114 
560    (0)   :  0.023 0.010 0.425 0.105 0.384 0.052 
561    (0)   :  0.031 0.013 0.164 0.328 0.393 0.072 
562    (0)   :  0.055 0.019 0.309 0.291 0.274 0.052 
563    (0)   :  0.033 0.015 0.483 0.087 0.148 0.235 
564    (0)   :  0.069 0.027 0.115 0.510 0.157 0.121 
565    (0)   :  0.013 0.013 0.055 0.088 0.758 0.074 
566    (0)   :  0.017 0.010 0.481 0.099 0.339 0.054 
567    (0)   :  0.032 0.021 0.099 0.644 0.128 0.076 
568    (0)   :  0.048 0.011 0.279 0.254 0.287 0.122 
569    (0)   :  0.110 0.034 0.182 0.130 0.429 0.116 
570    (0)   :  0.013 0.058 0.111 0.087 0.675 0.056 
571    (0)   :  0.020 0.011 0.559 0.153 0.172 0.084 
572    (0)   :  0.344 0.011 0.055 0.135 0.196 0.259 
573    (0)   :  0.065 0.024 0.089 0.424 0.286 0.114 
574    (0)   :  0.028 0.047 0.076 0.136 0.486 0.227 
575    (0)   :  0.022 0.013 0.344 0.175 0.245 0.201 
576    (0)   :  0.014 0.013 0.410 0.174 0.334 0.055 
577    (0)   :  0.020 0.039 0.105 0.176 0.446 0.215 
578    (0)   :  0.027 0.013 0.371 0.165 0.334 0.091 
579    (0)   :  0.022 0.014 0.111 0.403 0.370 0.081 
580    (0)   :  0.015 0.016 0.079 0.152 0.607 0.131 
581    (0)   :  0.016 0.013 0.144 0.111 0.610 0.106 
582    (0)   :  0.035 0.017 0.196 0.092 0.597 0.064 
583    (0)   :  0.020 0.091 0.461 0.117 0.227 0.084 
584    (0)   :  0.014 0.018 0.410 0.165 0.327 0.066 
585    (0)   :  0.020 0.016 0.265 0.198 0.425 0.075 
586    (0)   :  0.020 0.011 0.557 0.188 0.107 0.116 
587    (0)   :  0.038 0.045 0.115 0.355 0.385 0.062 
588    (0)   :  0.087 0.014 0.050 0.712 0.053 0.084 
589    (0)   :  0.070 0.025 0.097 0.148 0.592 0.068 
590    (0)   :  0.017 0.017 0.345 0.418 0.126 0.077 
591    (0)   :  0.016 0.012 0.415 0.259 0.203 0.095 
592    (0)   :  0.078 0.012 0.248 0.305 0.278 0.079 
593    (0)   :  0.033 0.015 0.185 0.214 0.408 0.145 
594    (0)   :  0.022 0.083 0.299 0.260 0.165 0.172 
595    (0)   :  0.010 0.037 0.097 0.518 0.283 0.055 
596    (0)   :  0.105 0.016 0.109 0.387 0.255 0.127 
597    (0)   :  0.041 0.012 0.515 0.084 0.081 0.267 
598    (0)   :  0.013 0.056 0.084 0.061 0.727 0.059 
599    (0)   :  0.044 0.014 0.400 0.188 0.294 0.060 
600    (0)   :  0.026 0.013 0.076 0.178 0.543 0.164 
601    (0)   :  0.032 0.010 0.206 0.167 0.523 0.063 
602    (0)   :  0.013 0.018 0.090 0.546 0.131 0.201 
603    (0)   :  0.015 0.014 0.104 0.549 0.119 0.199 
604    (0)   :  0.021 0.051 0.076 0.221 0.463 0.169 
605    (0)   :  0.036 0.014 0.127 0.408 0.309 0.107 
606    (0)   :  0.030 0.034 0.123 0.352 0.202 0.259 
607    (0)   :  0.013 0.020 0.069 0.248 0.318 0.332 
608    (0)   :  0.017 0.014 0.125 0.107 0.229 0.508 
609    (0)   :  0.031 0.027 0.106 0.193 0.506 0.137 
610    (0)   :  0.075 0.014 0.068 0.183 0.553 0.107 
611    (0)   :  0.026 0.017 0.140 0.462 0.134 0.222 
612    (0)   :  0.028 0.025 0.058 0.091 0.706 0.092 
613    (0)   :  0.050 0.084 0.113 0.245 0.363 0.145 
614    (0)   :  0.015 0.040 0.046 0.217 0.599 0.083 
615    (0)   :  0.019 0.022 0.047 0.177 0.586 0.149 
616    (0)   :  0.013 0.025 0.087 0.306 0.327 0.241 
617    (0)   :  0.052 0.062 0.100 0.300 0.401 0.084 
618    (0)   :  0.032 0.039 0.048 0.222 0.424 0.235 
619    (0)   :  0.075 0.011 0.163 0.176 0.345 0.229 
620    (0)   :  0.083 0.010 0.222 0.411 0.217 0.057 
621    (0)   :  0.012 0.025 0.262 0.238 0.376 0.087 
622    (0)   :  0.042 0.036 0.060 0.426 0.280 0.156 
623    (0)   :  0.027 0.015 0.168 0.421 0.275 0.094 
624    (0)   :  0.021 0.032 0.069 0.107 0.546 0.226 
625    (0)   :  0.017 0.089 0.140 0.198 0.337 0.219 
626    (0)   :  0.109 0.052 0.041 0.108 0.224 0.466 
627    (0)   :  0.025 0.015 0.131 0.422 0.278 0.130 
628    (0)   :  0.016 0.012 0.170 0.490 0.196 0.116 
629    (0)   :  0.013 0.024 0.107 0.527 0.196 0.132 
630    (0)   :  0.023 0.032 0.091 0.244 0.505 0.105 
631    (0)   :  0.015 0.023 0.071 0.340 0.431 0.121 
632    (0)   :  0.023 0.016 0.063 0.362 0.159 0.378 
633    (0)   :  0.014 0.018 0.092 0.187 0.480 0.209 
634    (0)   :  0.039 0.018 0.123 0.248 0.263 0.309 
635    (0)   :  0.017 0.018 0.059 0.189 0.193 0.524 
636    (0)   :  0.018 0.021 0.094 0.198 0.383 0.287 
637    (0)   :  0.067 0.015 0.093 0.410 0.197 0.218 
638    (0)   :  0.013 0.024 0.102 0.486 0.190 0.185 
639    (0)   :  0.016 0.021 0.056 0.306 0.423 0.178 
640    (0)   :  0.011 0.016 0.350 0.229 0.275 0.120 
641    (0)   :  0.014 0.045 0.082 0.480 0.247 0.132 
642    (0)   :  0.033 0.013 0.072 0.147 0.128 0.606 
643    (0)   :  0.015 0.011 0.071 0.080 0.088 0.736 
644    (0)   :  0.017 0.015 0.108 0.169 0.093 0.598 
645    (0)   :  0.026 0.029 0.035 0.122 0.276 0.512 
646    (0)   :  0.043 0.014 0.098 0.467 0.147 0.231 
647    (0)   :  0.028 0.025 0.166 0.193 0.105 0.483 
648    (0)   :  0.063 0.241 0.054 0.292 0.097 0.255 
649    (0)   :  0.083 0.027 0.079 0.477 0.081 0.253 
650    (0)   :  0.029 0.012 0.123 0.458 0.098 0.281 
651    (0)   :  0.014 0.050 0.065 0.418 0.085 0.368 
652    (0)   :  0.019 0.015 0.067 0.194 0.106 0.600 
653    (0)   :  0.041 0.124 0.060 0.196 0.113 0.466 
654    (0)   :  0.060 0.016 0.059 0.205 0.093 0.567 
655    (0)   :  0.025 0.011 0.176 0.118 0.145 0.525 
656    (0)   :  0.045 0.041 0.062 0.439 0.110 0.302 
657    (0)   :  0.020 0.170 0.077 0.213 0.251 0.269 
658    (0)   :  0.064 0.027 0.220 0.163 0.205 0.322 
659    (0)   :  0.041 0.036 0.066 0.227 0.118 0.513 
660    (0)   :  0.029 0.027 0.062 0.154 0.075 0.653 
661    (0)   :  0.095 0.019 0.050 0.168 0.115 0.553 
662    (0)   :  0.180 0.022 0.084 0.470 0.070 0.174 
663    (0)   :  0.020 0.016 0.079 0.237 0.111 0.537 
664    (0)   :  0.038 0.021 0.274 0.107 0.217 0.344 
665    (0)   :  0.073 0.015 0.072 0.519 0.082 0.239 
666    (0)   :  0.032 0.013 0.063 0.193 0.118 0.582 
667    (0)   :  0.030 0.052 0.120 0.526 0.112 0.159 
668    (0)   :  0.035 0.014 0.074 0.217 0.172 0.487 
669    (0)   :  0.047 0.106 0.080 0.293 0.089 0.385 
670    (0)   :  0.015 0.011 0.037 0.091 0.058 0.788 
671    (0)   :  0.021 0.011 0.056 0.140 0.074 0.698 
672    (0)   :  0.038 0.009 0.119 0.056 0.118 0.660 
673    (0)   :  0.010 0.035 0.035 0.060 0.059 0.801 
674    (0)   :  0.020 0.014 0.040 0.132 0.102 0.693 
675    (0)   :  0.013 0.010 0.084 0.086 0.057 0.749 
676    (0)   :  0.011 0.011 0.035 0.060 0.057 0.826 
677    (0)   :  0.055 0.009 0.035 0.091 0.051 0.759 
678    (0)   :  0.011 0.067 0.040 0.056 0.058 0.768 
679    (0)   :  0.010 0.016 0.040 0.110 0.107 0.717 
680    (0)   :  0.014 0.016 0.037 0.096 0.085 0.750 
681    (0)   :  0.223 0.023 0.053 0.159 0.179 0.362 
682    (0)   :  0.016 0.011 0.039 0.068 0.090 0.775 
683    (0)   :  0.018 0.010 0.038 0.077 0.054 0.803 
684    (0)   :  0.013 0.041 0.041 0.058 0.059 0.788 
685    (0)   :  0.013 0.010 0.034 0.061 0.052 0.831 
686    (0)   :  0.052 0.011 0.040 0.104 0.082 0.711 
687    (0)   :  0.027 0.011 0.055 0.136 0.068 0.703 
688    (0)   :  0.013 0.011 0.050 0.083 0.072 0.772 
689    (0)   :  0.012 0.011 0.033 0.062 0.054 0.828 
690    (0)   :  0.011 0.011 0.035 0.059 0.058 0.827 
691    (0)   :  0.017 0.014 0.039 0.108 0.097 0.725 
692    (0)   :  0.011 0.059 0.048 0.082 0.074 0.726 
693    (0)   :  0.012 0.011 0.068 0.067 0.087 0.755 
694    (0)   :  0.013 0.009 0.033 0.060 0.048 0.838 
695    (0)   :  0.034 0.010 0.042 0.055 0.079 0.780 
696    (0)   :  0.013 0.011 0.050 0.082 0.071 0.773 
697    (0)   :  0.014 0.015 0.033 0.071 0.055 0.811 
698    (0)   :  0.011 0.010 0.034 0.065 0.058 0.821 
699    (0)   :  0.080 0.009 0.040 0.063 0.071 0.738 
700    (0)   :  0.036 0.010 0.088 0.070 0.086 0.710 
701    (0)   :  0.030 0.088 0.049 0.072 0.101 0.659 
702    (0)   :  0.026 0.014 0.054 0.098 0.110 0.697 
703    (0)   :  0.017 0.011 0.039 0.076 0.092 0.766 
704    (0)   :  0.017 0.009 0.046 0.080 0.065 0.782 
705    (0)   :  0.234 0.043 0.056 0.111 0.107 0.449 
706    (0)   :  0.025 0.012 0.035 0.075 0.079 0.773 
707    (0)   :  0.020 0.024 0.035 0.072 0.056 0.794 
708    (0)   :  0.012 0.011 0.035 0.076 0.055 0.810 
709    (0)   :  0.034 0.008 0.042 0.057 0.060 0.799 
710    (0)   :  0.015 0.010 0.033 0.054 0.052 0.837 
711    (0)   :  0.037 0.010 0.036 0.094 0.075 0.748 
712    (0)   :  0.032 0.009 0.032 0.080 0.048 0.799 
713    (0)   :  0.014 0.010 0.049 0.085 0.064 0.778 
714    (0)   :  0.013 0.017 0.043 0.149 0.102 0.677 
715    (0)   :  0.027 0.008 0.032 0.063 0.050 0.821 
