

----------------------------------------------------
STRUCTURE by Pritchard, Stephens and Donnelly (2000)
     and Falush, Stephens and Pritchard (2003)
       Code by Pritchard, Falush and Hubisz
             Version 2.3.4 (Jul 2012)
----------------------------------------------------



Command line arguments:   ./structure -K 7 -D 107008 -m brooktrout/mainparams -e brooktrout/extraparams -o brooktrout/250914_output/results_K7_rep8 
Input File:    brooktrout/brooktrout.txt

Run parameters:
   8454 individuals
   5 loci
   7 populations assumed
   50000 Burn-in period
   100000 Reps
RANDOMIZE turned off


--------------------------------------------
Overall proportion of membership of the
sample in each of the 7 clusters

Inferred Clusters
  1      2      3      4      5      6      7    
0.026  0.018  0.041  0.199  0.185  0.217  0.315  

--------------------------------------------

Allele-freq. divergence among pops (Net nucleotide distance),
computed using point estimates of P.

      1       2       3       4       5       6       7      
 1      -    0.1383  0.2269  0.1901  0.1443  0.1236  0.1203  
 2   0.1383     -    0.1542  0.1033  0.0731  0.1092  0.0761  
 3   0.2269  0.1542     -    0.2007  0.1006  0.1786  0.1142  
 4   0.1901  0.1033  0.2007     -    0.1335  0.0920  0.1395  
 5   0.1443  0.0731  0.1006  0.1335     -    0.1117  0.0534  
 6   0.1236  0.1092  0.1786  0.0920  0.1117     -    0.0889  
 7   0.1203  0.0761  0.1142  0.1395  0.0534  0.0889     -    

Average distances (expected heterozygosity) between individuals in same cluster:
cluster  1  : 0.7709 
cluster  2  : 0.8177 
cluster  3  : 0.6907 
cluster  4  : 0.7143 
cluster  5  : 0.7617 
cluster  6  : 0.7892 
cluster  7  : 0.7977 

--------------------------------------------
Estimated Ln Prob of Data   = -206727.6
Mean value of ln likelihood = -171854.5
Variance of ln likelihood   = 69746.2

Mean value of alpha_1       = 0.0644
Mean value of alpha_2       = 0.0466
Mean value of alpha_3       = 0.1046
Mean value of alpha_4       = 0.5066
Mean value of alpha_5       = 0.4903
Mean value of alpha_6       = 0.5873
Mean value of alpha_7       = 0.8353
Allele frequencies uncorrelated


Inferred ancestry of individuals:
     (%Miss) :  Inferred clusters
  1    (0)   :  0.011 0.010 0.023 0.229 0.381 0.164 0.182 
  2    (0)   :  0.017 0.007 0.013 0.085 0.136 0.392 0.350 
  3    (0)   :  0.006 0.016 0.038 0.166 0.334 0.227 0.212 
  4    (0)   :  0.010 0.020 0.028 0.486 0.078 0.167 0.211 
  5    (0)   :  0.023 0.011 0.014 0.091 0.184 0.292 0.385 
  6    (0)   :  0.007 0.011 0.014 0.083 0.570 0.090 0.226 
  7    (0)   :  0.009 0.012 0.019 0.079 0.170 0.072 0.639 
  8    (0)   :  0.010 0.076 0.034 0.320 0.171 0.120 0.269 
  9    (0)   :  0.018 0.042 0.016 0.131 0.271 0.279 0.243 
 10    (0)   :  0.011 0.019 0.016 0.222 0.295 0.084 0.353 
 11    (0)   :  0.013 0.007 0.019 0.078 0.298 0.073 0.513 
 12    (0)   :  0.012 0.011 0.013 0.136 0.191 0.264 0.373 
 13    (0)   :  0.015 0.015 0.015 0.131 0.250 0.171 0.403 
 14    (0)   :  0.008 0.007 0.033 0.133 0.156 0.412 0.251 
 15    (0)   :  0.009 0.012 0.043 0.258 0.112 0.210 0.356 
 16    (0)   :  0.013 0.007 0.019 0.104 0.477 0.115 0.265 
 17    (0)   :  0.014 0.035 0.020 0.118 0.329 0.199 0.285 
 18    (0)   :  0.010 0.035 0.041 0.141 0.260 0.295 0.217 
 19    (0)   :  0.008 0.010 0.014 0.105 0.458 0.117 0.288 
 20    (0)   :  0.011 0.010 0.030 0.128 0.143 0.202 0.476 
 21    (0)   :  0.009 0.008 0.020 0.217 0.188 0.345 0.212 
 22    (0)   :  0.008 0.014 0.015 0.118 0.544 0.118 0.183 
 23    (0)   :  0.032 0.016 0.033 0.230 0.100 0.394 0.196 
 24    (0)   :  0.012 0.008 0.021 0.216 0.381 0.156 0.206 
 25    (0)   :  0.010 0.011 0.029 0.063 0.182 0.109 0.597 
 26    (0)   :  0.010 0.023 0.023 0.190 0.302 0.202 0.251 
 27    (0)   :  0.015 0.012 0.018 0.138 0.311 0.201 0.305 
 28    (0)   :  0.010 0.010 0.020 0.330 0.232 0.118 0.280 
 29    (0)   :  0.016 0.006 0.013 0.104 0.169 0.240 0.452 
 30    (0)   :  0.009 0.007 0.016 0.090 0.555 0.162 0.160 
 31    (0)   :  0.017 0.037 0.015 0.166 0.247 0.197 0.321 
 32    (0)   :  0.008 0.010 0.028 0.218 0.186 0.241 0.310 
 33    (0)   :  0.010 0.009 0.027 0.179 0.262 0.222 0.292 
 34    (0)   :  0.031 0.014 0.031 0.139 0.191 0.076 0.518 
 35    (0)   :  0.024 0.023 0.012 0.073 0.337 0.356 0.175 
 36    (0)   :  0.010 0.007 0.106 0.080 0.233 0.417 0.148 
 37    (0)   :  0.008 0.018 0.014 0.200 0.150 0.318 0.291 
 38    (0)   :  0.031 0.007 0.325 0.063 0.145 0.159 0.269 
 39    (0)   :  0.023 0.012 0.043 0.092 0.243 0.253 0.333 
 40    (0)   :  0.012 0.006 0.019 0.110 0.157 0.554 0.142 
 41    (0)   :  0.039 0.011 0.037 0.068 0.210 0.395 0.241 
 42    (0)   :  0.027 0.007 0.077 0.323 0.169 0.254 0.143 
 43    (0)   :  0.015 0.015 0.013 0.112 0.099 0.493 0.252 
 44    (0)   :  0.013 0.015 0.011 0.061 0.203 0.530 0.167 
 45    (0)   :  0.025 0.008 0.060 0.059 0.234 0.408 0.206 
 46    (0)   :  0.012 0.026 0.017 0.083 0.324 0.247 0.290 
 47    (0)   :  0.018 0.050 0.012 0.107 0.370 0.222 0.222 
 48    (0)   :  0.015 0.020 0.015 0.060 0.193 0.576 0.121 
 49    (0)   :  0.037 0.016 0.021 0.106 0.286 0.316 0.219 
 50    (0)   :  0.016 0.026 0.019 0.122 0.304 0.151 0.361 
 51    (0)   :  0.016 0.005 0.076 0.062 0.123 0.603 0.115 
 52    (0)   :  0.025 0.015 0.024 0.114 0.293 0.204 0.326 
 53    (0)   :  0.015 0.011 0.211 0.115 0.252 0.159 0.237 
 54    (0)   :  0.020 0.020 0.009 0.113 0.166 0.426 0.246 
 55    (0)   :  0.012 0.012 0.013 0.077 0.106 0.590 0.189 
 56    (0)   :  0.019 0.011 0.029 0.097 0.266 0.462 0.116 
 57    (0)   :  0.018 0.045 0.016 0.251 0.288 0.103 0.280 
 58    (0)   :  0.024 0.008 0.023 0.092 0.157 0.465 0.229 
 59    (0)   :  0.063 0.008 0.091 0.094 0.245 0.308 0.190 
 60    (0)   :  0.008 0.006 0.030 0.138 0.124 0.540 0.154 
 61    (0)   :  0.010 0.005 0.010 0.104 0.061 0.666 0.145 
 62    (0)   :  0.092 0.031 0.016 0.106 0.304 0.223 0.228 
 63    (0)   :  0.011 0.006 0.023 0.143 0.112 0.346 0.359 
 64    (0)   :  0.015 0.011 0.037 0.071 0.448 0.204 0.214 
 65    (0)   :  0.013 0.007 0.014 0.058 0.102 0.134 0.672 
 66    (0)   :  0.011 0.007 0.015 0.183 0.087 0.396 0.301 
 67    (0)   :  0.011 0.011 0.010 0.067 0.100 0.571 0.231 
 68    (0)   :  0.053 0.011 0.104 0.113 0.226 0.304 0.190 
 69    (0)   :  0.111 0.012 0.255 0.143 0.168 0.108 0.204 
 70    (0)   :  0.010 0.006 0.064 0.108 0.103 0.394 0.314 
 71    (0)   :  0.054 0.007 0.078 0.053 0.201 0.401 0.205 
 72    (0)   :  0.007 0.008 0.030 0.068 0.418 0.256 0.213 
 73    (0)   :  0.050 0.008 0.018 0.060 0.100 0.514 0.250 
 74    (0)   :  0.010 0.007 0.098 0.131 0.255 0.368 0.132 
 75    (0)   :  0.011 0.007 0.068 0.132 0.196 0.481 0.104 
 76    (0)   :  0.008 0.008 0.015 0.085 0.092 0.370 0.423 
 77    (0)   :  0.045 0.006 0.105 0.067 0.158 0.323 0.295 
 78    (0)   :  0.058 0.007 0.259 0.072 0.120 0.255 0.230 
 79    (0)   :  0.009 0.008 0.017 0.088 0.162 0.096 0.620 
 80    (0)   :  0.008 0.009 0.014 0.480 0.102 0.143 0.243 
 81    (0)   :  0.007 0.010 0.016 0.390 0.120 0.114 0.344 
 82    (0)   :  0.020 0.008 0.016 0.154 0.105 0.324 0.374 
 83    (0)   :  0.007 0.008 0.041 0.252 0.108 0.202 0.383 
 84    (0)   :  0.007 0.007 0.020 0.249 0.103 0.123 0.491 
 85    (0)   :  0.007 0.008 0.047 0.295 0.153 0.167 0.323 
 86    (0)   :  0.017 0.011 0.016 0.079 0.159 0.379 0.338 
 87    (0)   :  0.008 0.008 0.034 0.093 0.094 0.128 0.634 
 88    (0)   :  0.008 0.009 0.015 0.291 0.099 0.173 0.404 
 89    (0)   :  0.007 0.011 0.015 0.347 0.099 0.192 0.328 
 90    (0)   :  0.008 0.007 0.015 0.103 0.080 0.108 0.679 
 91    (0)   :  0.006 0.008 0.044 0.447 0.100 0.159 0.236 
 92    (0)   :  0.009 0.008 0.016 0.144 0.137 0.154 0.533 
 93    (0)   :  0.008 0.007 0.012 0.654 0.078 0.105 0.137 
 94    (0)   :  0.007 0.006 0.095 0.080 0.096 0.091 0.624 
 95    (0)   :  0.008 0.008 0.016 0.216 0.065 0.128 0.560 
 96    (0)   :  0.011 0.006 0.011 0.177 0.061 0.564 0.169 
 97    (0)   :  0.011 0.009 0.081 0.151 0.231 0.388 0.129 
 98    (0)   :  0.016 0.006 0.014 0.100 0.166 0.461 0.237 
 99    (0)   :  0.007 0.007 0.017 0.230 0.089 0.118 0.532 
100    (0)   :  0.009 0.010 0.011 0.449 0.072 0.313 0.136 
101    (0)   :  0.009 0.011 0.034 0.130 0.094 0.228 0.494 
102    (0)   :  0.019 0.008 0.037 0.328 0.075 0.199 0.334 
103    (0)   :  0.012 0.010 0.013 0.162 0.065 0.318 0.420 
104    (0)   :  0.010 0.007 0.013 0.121 0.072 0.123 0.655 
105    (0)   :  0.031 0.010 0.011 0.167 0.067 0.173 0.540 
106    (0)   :  0.008 0.006 0.026 0.048 0.129 0.098 0.684 
107    (0)   :  0.015 0.012 0.013 0.149 0.069 0.227 0.514 
108    (0)   :  0.007 0.006 0.197 0.075 0.068 0.449 0.198 
109    (0)   :  0.160 0.009 0.055 0.052 0.117 0.150 0.457 
110    (0)   :  0.010 0.008 0.028 0.055 0.139 0.082 0.678 
111    (0)   :  0.026 0.008 0.013 0.073 0.070 0.112 0.699 
112    (0)   :  0.259 0.005 0.025 0.054 0.085 0.096 0.477 
113    (0)   :  0.012 0.012 0.029 0.102 0.145 0.411 0.288 
114    (0)   :  0.020 0.006 0.012 0.149 0.072 0.115 0.626 
115    (0)   :  0.029 0.012 0.019 0.092 0.086 0.267 0.495 
116    (0)   :  0.016 0.009 0.054 0.051 0.134 0.241 0.496 
117    (0)   :  0.037 0.015 0.026 0.078 0.154 0.102 0.588 
118    (0)   :  0.030 0.007 0.022 0.075 0.089 0.323 0.454 
119    (0)   :  0.008 0.006 0.032 0.200 0.057 0.425 0.273 
120    (0)   :  0.042 0.009 0.017 0.098 0.090 0.203 0.540 
121    (0)   :  0.076 0.067 0.027 0.065 0.088 0.243 0.433 
122    (0)   :  0.017 0.005 0.020 0.065 0.132 0.104 0.656 
123    (0)   :  0.012 0.008 0.029 0.089 0.090 0.144 0.628 
124    (0)   :  0.033 0.019 0.031 0.065 0.231 0.206 0.414 
125    (0)   :  0.038 0.008 0.047 0.080 0.399 0.121 0.306 
126    (0)   :  0.008 0.005 0.029 0.093 0.111 0.230 0.524 
127    (0)   :  0.018 0.010 0.013 0.075 0.057 0.139 0.687 
128    (0)   :  0.023 0.006 0.011 0.076 0.096 0.313 0.475 
129    (0)   :  0.014 0.013 0.012 0.060 0.064 0.197 0.639 
130    (0)   :  0.036 0.011 0.013 0.150 0.075 0.129 0.585 
131    (0)   :  0.042 0.018 0.202 0.055 0.167 0.148 0.368 
132    (0)   :  0.011 0.007 0.019 0.053 0.107 0.145 0.658 
133    (0)   :  0.015 0.014 0.021 0.097 0.076 0.196 0.581 
134    (0)   :  0.015 0.005 0.017 0.042 0.113 0.072 0.736 
135    (0)   :  0.023 0.011 0.019 0.363 0.085 0.379 0.122 
136    (0)   :  0.012 0.010 0.013 0.633 0.113 0.111 0.108 
137    (0)   :  0.026 0.007 0.013 0.644 0.075 0.086 0.149 
138    (0)   :  0.007 0.007 0.018 0.658 0.095 0.113 0.103 
139    (0)   :  0.011 0.006 0.014 0.208 0.108 0.523 0.131 
140    (0)   :  0.010 0.008 0.019 0.403 0.130 0.212 0.218 
141    (0)   :  0.012 0.010 0.019 0.506 0.187 0.139 0.127 
142    (0)   :  0.019 0.008 0.016 0.352 0.075 0.416 0.114 
143    (0)   :  0.007 0.006 0.010 0.723 0.062 0.101 0.090 
144    (0)   :  0.026 0.007 0.012 0.652 0.067 0.093 0.143 
145    (0)   :  0.017 0.013 0.018 0.388 0.222 0.207 0.134 
146    (0)   :  0.010 0.015 0.020 0.438 0.145 0.137 0.236 
147    (0)   :  0.007 0.006 0.011 0.734 0.073 0.078 0.091 
148    (0)   :  0.018 0.008 0.013 0.462 0.105 0.199 0.194 
149    (0)   :  0.012 0.009 0.019 0.526 0.116 0.215 0.103 
150    (0)   :  0.030 0.010 0.012 0.485 0.088 0.139 0.236 
151    (0)   :  0.008 0.008 0.011 0.632 0.072 0.135 0.134 
152    (0)   :  0.016 0.009 0.030 0.412 0.102 0.253 0.178 
153    (0)   :  0.009 0.007 0.018 0.559 0.120 0.155 0.133 
154    (0)   :  0.012 0.014 0.014 0.553 0.115 0.179 0.114 
155    (0)   :  0.007 0.007 0.010 0.677 0.065 0.105 0.129 
156    (0)   :  0.012 0.006 0.011 0.513 0.058 0.272 0.128 
157    (0)   :  0.007 0.006 0.016 0.581 0.061 0.084 0.245 
158    (0)   :  0.017 0.012 0.020 0.455 0.219 0.152 0.126 
159    (0)   :  0.009 0.008 0.012 0.720 0.070 0.089 0.091 
160    (0)   :  0.009 0.011 0.012 0.702 0.070 0.101 0.095 
161    (0)   :  0.009 0.007 0.019 0.499 0.137 0.166 0.163 
162    (0)   :  0.010 0.022 0.018 0.375 0.149 0.174 0.252 
163    (0)   :  0.007 0.006 0.010 0.666 0.063 0.135 0.113 
164    (0)   :  0.009 0.025 0.014 0.457 0.099 0.145 0.252 
165    (0)   :  0.031 0.009 0.012 0.544 0.075 0.119 0.210 
166    (0)   :  0.007 0.008 0.054 0.424 0.063 0.168 0.276 
167    (0)   :  0.010 0.041 0.014 0.562 0.121 0.083 0.169 
168    (0)   :  0.007 0.008 0.052 0.534 0.098 0.161 0.139 
169    (0)   :  0.017 0.013 0.057 0.279 0.398 0.125 0.109 
170    (0)   :  0.008 0.007 0.012 0.424 0.074 0.323 0.151 
171    (0)   :  0.008 0.009 0.033 0.441 0.107 0.195 0.207 
172    (0)   :  0.014 0.007 0.066 0.348 0.219 0.250 0.096 
173    (0)   :  0.008 0.009 0.011 0.655 0.071 0.144 0.102 
174    (0)   :  0.007 0.008 0.012 0.666 0.077 0.092 0.138 
175    (0)   :  0.009 0.008 0.011 0.635 0.103 0.126 0.107 
176    (0)   :  0.026 0.007 0.013 0.650 0.067 0.096 0.142 
177    (0)   :  0.009 0.008 0.028 0.456 0.099 0.108 0.292 
178    (0)   :  0.008 0.009 0.012 0.577 0.126 0.102 0.167 
179    (0)   :  0.006 0.006 0.011 0.717 0.069 0.092 0.098 
180    (0)   :  0.011 0.016 0.020 0.496 0.157 0.136 0.164 
181    (0)   :  0.013 0.011 0.017 0.440 0.124 0.274 0.121 
182    (0)   :  0.010 0.012 0.011 0.574 0.067 0.220 0.105 
183    (0)   :  0.007 0.008 0.011 0.676 0.075 0.122 0.102 
184    (0)   :  0.010 0.015 0.017 0.077 0.157 0.474 0.251 
185    (0)   :  0.010 0.006 0.011 0.542 0.057 0.294 0.081 
186    (0)   :  0.008 0.012 0.011 0.079 0.119 0.303 0.468 
187    (0)   :  0.007 0.007 0.013 0.257 0.112 0.400 0.203 
188    (0)   :  0.009 0.012 0.010 0.061 0.104 0.385 0.420 
189    (0)   :  0.007 0.007 0.050 0.226 0.240 0.309 0.161 
190    (0)   :  0.009 0.005 0.009 0.136 0.046 0.706 0.087 
191    (0)   :  0.014 0.007 0.011 0.109 0.108 0.515 0.236 
192    (0)   :  0.008 0.007 0.012 0.255 0.108 0.319 0.291 
193    (0)   :  0.014 0.007 0.013 0.190 0.155 0.412 0.209 
194    (0)   :  0.008 0.009 0.013 0.221 0.102 0.408 0.239 
195    (0)   :  0.007 0.006 0.009 0.244 0.065 0.568 0.099 
196    (0)   :  0.010 0.005 0.011 0.134 0.056 0.657 0.127 
197    (0)   :  0.009 0.010 0.013 0.169 0.233 0.280 0.286 
198    (0)   :  0.008 0.006 0.017 0.164 0.186 0.294 0.325 
199    (0)   :  0.010 0.007 0.016 0.118 0.073 0.644 0.133 
200    (0)   :  0.015 0.005 0.021 0.120 0.100 0.599 0.140 
201    (0)   :  0.007 0.006 0.010 0.401 0.074 0.379 0.123 
202    (0)   :  0.009 0.006 0.009 0.345 0.066 0.441 0.124 
203    (0)   :  0.011 0.006 0.010 0.344 0.061 0.454 0.114 
204    (0)   :  0.008 0.006 0.009 0.115 0.056 0.693 0.112 
205    (0)   :  0.008 0.006 0.017 0.098 0.086 0.623 0.162 
206    (0)   :  0.008 0.008 0.010 0.152 0.076 0.623 0.123 
207    (0)   :  0.011 0.007 0.009 0.082 0.065 0.665 0.161 
208    (0)   :  0.009 0.006 0.010 0.218 0.065 0.565 0.129 
209    (0)   :  0.015 0.007 0.011 0.133 0.115 0.509 0.211 
210    (0)   :  0.008 0.006 0.009 0.145 0.067 0.607 0.158 
211    (0)   :  0.027 0.009 0.010 0.159 0.059 0.572 0.163 
212    (0)   :  0.009 0.006 0.011 0.391 0.115 0.341 0.127 
213    (0)   :  0.009 0.007 0.016 0.115 0.088 0.514 0.251 
214    (0)   :  0.010 0.006 0.009 0.363 0.070 0.433 0.109 
215    (0)   :  0.011 0.006 0.016 0.080 0.075 0.628 0.184 
216    (0)   :  0.010 0.014 0.016 0.101 0.192 0.404 0.263 
217    (0)   :  0.008 0.006 0.013 0.293 0.081 0.495 0.104 
218    (0)   :  0.008 0.008 0.015 0.126 0.088 0.556 0.199 
219    (0)   :  0.007 0.019 0.026 0.246 0.205 0.293 0.204 
220    (0)   :  0.009 0.007 0.009 0.093 0.066 0.660 0.155 
221    (0)   :  0.009 0.006 0.009 0.371 0.057 0.463 0.085 
222    (0)   :  0.007 0.013 0.015 0.150 0.251 0.295 0.269 
223    (0)   :  0.007 0.006 0.017 0.334 0.135 0.310 0.190 
224    (0)   :  0.009 0.009 0.009 0.290 0.077 0.477 0.130 
225    (0)   :  0.008 0.006 0.013 0.123 0.081 0.620 0.148 
226    (0)   :  0.011 0.009 0.098 0.147 0.127 0.452 0.157 
227    (0)   :  0.008 0.006 0.010 0.184 0.070 0.583 0.139 
228    (0)   :  0.009 0.006 0.009 0.213 0.060 0.614 0.088 
229    (0)   :  0.008 0.009 0.009 0.320 0.082 0.406 0.165 
230    (0)   :  0.011 0.008 0.009 0.205 0.067 0.561 0.140 
231    (0)   :  0.012 0.007 0.011 0.280 0.132 0.382 0.177 
232    (0)   :  0.009 0.009 0.020 0.200 0.133 0.427 0.201 
233    (0)   :  0.009 0.006 0.009 0.478 0.072 0.311 0.114 
234    (0)   :  0.010 0.006 0.013 0.220 0.156 0.297 0.298 
235    (0)   :  0.008 0.007 0.018 0.242 0.117 0.460 0.148 
236    (0)   :  0.010 0.006 0.013 0.317 0.102 0.398 0.154 
237    (0)   :  0.017 0.006 0.011 0.095 0.085 0.615 0.172 
238    (0)   :  0.008 0.006 0.010 0.373 0.077 0.373 0.154 
239    (0)   :  0.007 0.006 0.009 0.245 0.066 0.566 0.100 
240    (0)   :  0.008 0.006 0.009 0.373 0.078 0.370 0.155 
241    (0)   :  0.009 0.009 0.014 0.369 0.080 0.393 0.127 
242    (0)   :  0.008 0.008 0.021 0.160 0.145 0.499 0.159 
243    (0)   :  0.011 0.005 0.009 0.133 0.052 0.691 0.099 
244    (0)   :  0.011 0.007 0.010 0.273 0.064 0.521 0.116 
245    (0)   :  0.007 0.006 0.010 0.510 0.066 0.279 0.123 
246    (0)   :  0.008 0.006 0.013 0.296 0.080 0.490 0.106 
247    (0)   :  0.008 0.006 0.020 0.068 0.095 0.314 0.490 
248    (0)   :  0.012 0.006 0.012 0.073 0.087 0.575 0.237 
249    (0)   :  0.010 0.007 0.009 0.270 0.071 0.501 0.133 
250    (0)   :  0.010 0.008 0.012 0.240 0.102 0.437 0.192 
251    (0)   :  0.014 0.006 0.044 0.116 0.159 0.452 0.208 
252    (0)   :  0.007 0.007 0.013 0.201 0.104 0.507 0.161 
253    (0)   :  0.008 0.007 0.023 0.096 0.109 0.489 0.267 
254    (0)   :  0.008 0.012 0.012 0.160 0.194 0.381 0.233 
255    (0)   :  0.010 0.007 0.010 0.215 0.154 0.359 0.244 
256    (0)   :  0.009 0.007 0.012 0.209 0.082 0.555 0.126 
257    (0)   :  0.011 0.023 0.013 0.149 0.088 0.539 0.177 
258    (0)   :  0.011 0.005 0.014 0.118 0.103 0.479 0.270 
259    (0)   :  0.010 0.009 0.013 0.153 0.095 0.522 0.198 
260    (0)   :  0.008 0.012 0.012 0.315 0.199 0.229 0.225 
261    (0)   :  0.006 0.006 0.013 0.264 0.099 0.480 0.131 
262    (0)   :  0.008 0.006 0.011 0.188 0.056 0.644 0.087 
263    (0)   :  0.011 0.014 0.010 0.091 0.104 0.590 0.181 
264    (0)   :  0.010 0.015 0.015 0.058 0.412 0.258 0.233 
265    (0)   :  0.007 0.006 0.019 0.194 0.127 0.470 0.176 
266    (0)   :  0.008 0.005 0.009 0.395 0.058 0.436 0.088 
267    (0)   :  0.015 0.007 0.011 0.215 0.132 0.406 0.215 
268    (0)   :  0.010 0.005 0.012 0.134 0.057 0.656 0.127 
269    (0)   :  0.008 0.006 0.034 0.219 0.217 0.334 0.182 
270    (0)   :  0.011 0.014 0.012 0.112 0.170 0.396 0.285 
271    (0)   :  0.011 0.006 0.017 0.107 0.094 0.556 0.209 
272    (0)   :  0.014 0.007 0.093 0.111 0.092 0.529 0.154 
273    (0)   :  0.027 0.060 0.034 0.216 0.163 0.292 0.208 
274    (0)   :  0.009 0.007 0.025 0.136 0.129 0.496 0.198 
275    (0)   :  0.017 0.011 0.037 0.167 0.143 0.471 0.154 
276    (0)   :  0.015 0.008 0.055 0.093 0.088 0.584 0.157 
277    (0)   :  0.007 0.007 0.016 0.269 0.151 0.353 0.197 
278    (0)   :  0.011 0.005 0.017 0.096 0.073 0.646 0.152 
279    (0)   :  0.009 0.007 0.016 0.177 0.119 0.487 0.184 
280    (0)   :  0.008 0.007 0.026 0.151 0.177 0.481 0.151 
281    (0)   :  0.009 0.007 0.015 0.141 0.114 0.458 0.256 
282    (0)   :  0.008 0.006 0.013 0.435 0.126 0.246 0.167 
283    (0)   :  0.008 0.007 0.010 0.463 0.080 0.281 0.152 
284    (0)   :  0.012 0.006 0.014 0.263 0.097 0.360 0.249 
285    (0)   :  0.013 0.006 0.017 0.054 0.097 0.594 0.220 
286    (0)   :  0.011 0.006 0.009 0.270 0.064 0.523 0.116 
287    (0)   :  0.007 0.008 0.025 0.207 0.160 0.354 0.241 
288    (0)   :  0.011 0.008 0.060 0.107 0.100 0.551 0.165 
289    (0)   :  0.015 0.011 0.058 0.099 0.089 0.479 0.249 
290    (0)   :  0.017 0.011 0.015 0.107 0.192 0.534 0.124 
291    (0)   :  0.011 0.006 0.017 0.107 0.094 0.558 0.207 
292    (0)   :  0.007 0.006 0.026 0.154 0.147 0.533 0.125 
293    (0)   :  0.019 0.008 0.015 0.084 0.282 0.413 0.181 
294    (0)   :  0.010 0.018 0.012 0.074 0.098 0.615 0.173 
295    (0)   :  0.024 0.008 0.061 0.137 0.123 0.456 0.191 
296    (0)   :  0.010 0.007 0.015 0.099 0.069 0.612 0.188 
297    (0)   :  0.008 0.008 0.026 0.114 0.194 0.461 0.189 
298    (0)   :  0.007 0.007 0.013 0.349 0.130 0.273 0.220 
299    (0)   :  0.009 0.019 0.010 0.114 0.144 0.467 0.238 
300    (0)   :  0.011 0.007 0.012 0.071 0.084 0.670 0.145 
301    (0)   :  0.011 0.013 0.021 0.110 0.204 0.420 0.221 
302    (0)   :  0.013 0.014 0.013 0.087 0.097 0.617 0.158 
303    (0)   :  0.010 0.007 0.013 0.265 0.112 0.461 0.133 
304    (0)   :  0.009 0.012 0.011 0.377 0.217 0.134 0.240 
305    (0)   :  0.009 0.006 0.013 0.181 0.067 0.622 0.102 
306    (0)   :  0.008 0.007 0.018 0.322 0.103 0.419 0.124 
307    (0)   :  0.010 0.010 0.017 0.229 0.124 0.417 0.193 
308    (0)   :  0.007 0.006 0.013 0.264 0.099 0.480 0.132 
309    (0)   :  0.040 0.030 0.020 0.101 0.070 0.538 0.201 
310    (0)   :  0.009 0.006 0.009 0.180 0.062 0.629 0.105 
311    (0)   :  0.011 0.008 0.009 0.206 0.067 0.559 0.139 
312    (0)   :  0.010 0.006 0.009 0.094 0.056 0.645 0.181 
313    (0)   :  0.009 0.006 0.013 0.066 0.064 0.692 0.150 
314    (0)   :  0.008 0.005 0.014 0.689 0.067 0.132 0.084 
315    (0)   :  0.007 0.005 0.029 0.630 0.072 0.145 0.112 
316    (0)   :  0.008 0.010 0.050 0.628 0.082 0.098 0.124 
317    (0)   :  0.008 0.006 0.014 0.739 0.064 0.080 0.088 
318    (0)   :  0.007 0.006 0.015 0.750 0.068 0.065 0.089 
319    (0)   :  0.007 0.007 0.011 0.719 0.064 0.100 0.092 
320    (0)   :  0.008 0.006 0.013 0.690 0.066 0.133 0.084 
321    (0)   :  0.009 0.006 0.015 0.733 0.072 0.074 0.091 
322    (0)   :  0.010 0.009 0.044 0.601 0.076 0.139 0.120 
323    (0)   :  0.006 0.016 0.012 0.736 0.068 0.072 0.090 
324    (0)   :  0.009 0.006 0.015 0.735 0.072 0.073 0.091 
325    (0)   :  0.007 0.006 0.048 0.663 0.072 0.085 0.119 
326    (0)   :  0.012 0.014 0.074 0.630 0.071 0.084 0.115 
327    (0)   :  0.008 0.006 0.014 0.740 0.064 0.080 0.087 
328    (0)   :  0.007 0.006 0.031 0.632 0.073 0.125 0.126 
329    (0)   :  0.006 0.006 0.011 0.752 0.067 0.068 0.089 
330    (0)   :  0.009 0.006 0.014 0.740 0.063 0.080 0.087 
331    (0)   :  0.006 0.006 0.011 0.748 0.066 0.072 0.091 
332    (0)   :  0.009 0.022 0.059 0.633 0.077 0.081 0.118 
333    (0)   :  0.009 0.014 0.048 0.639 0.069 0.100 0.121 
334    (0)   :  0.007 0.006 0.032 0.631 0.073 0.125 0.126 
335    (0)   :  0.007 0.006 0.029 0.653 0.067 0.119 0.119 
336    (0)   :  0.009 0.017 0.015 0.699 0.076 0.096 0.087 
337    (0)   :  0.009 0.006 0.048 0.639 0.075 0.101 0.122 
338    (0)   :  0.008 0.007 0.015 0.746 0.071 0.063 0.091 
339    (0)   :  0.006 0.006 0.011 0.749 0.066 0.072 0.091 
340    (0)   :  0.006 0.006 0.010 0.751 0.059 0.078 0.089 
341    (0)   :  0.009 0.018 0.015 0.722 0.068 0.076 0.092 
342    (0)   :  0.008 0.006 0.014 0.738 0.064 0.081 0.089 
343    (0)   :  0.008 0.014 0.030 0.577 0.078 0.182 0.112 
344    (0)   :  0.006 0.006 0.011 0.756 0.067 0.065 0.089 
345    (0)   :  0.008 0.006 0.014 0.741 0.063 0.080 0.088 
346    (0)   :  0.007 0.006 0.014 0.756 0.061 0.070 0.087 
347    (0)   :  0.006 0.006 0.010 0.759 0.061 0.071 0.087 
348    (0)   :  0.007 0.005 0.025 0.578 0.067 0.211 0.107 
349    (0)   :  0.008 0.006 0.013 0.739 0.065 0.080 0.088 
350    (0)   :  0.006 0.006 0.011 0.696 0.070 0.121 0.090 
351    (0)   :  0.007 0.006 0.030 0.654 0.067 0.120 0.117 
352    (0)   :  0.009 0.006 0.042 0.643 0.068 0.115 0.117 
353    (0)   :  0.008 0.018 0.016 0.697 0.077 0.097 0.087 
354    (0)   :  0.007 0.009 0.012 0.741 0.069 0.069 0.092 
355    (0)   :  0.007 0.006 0.015 0.750 0.068 0.064 0.090 
356    (0)   :  0.007 0.005 0.024 0.543 0.066 0.248 0.108 
357    (0)   :  0.008 0.006 0.057 0.432 0.174 0.112 0.211 
358    (0)   :  0.007 0.007 0.035 0.671 0.074 0.085 0.121 
359    (0)   :  0.006 0.007 0.012 0.743 0.068 0.072 0.092 
360    (0)   :  0.007 0.006 0.013 0.755 0.062 0.069 0.087 
361    (0)   :  0.010 0.006 0.056 0.368 0.185 0.160 0.216 
362    (0)   :  0.010 0.008 0.083 0.093 0.146 0.241 0.419 
363    (0)   :  0.013 0.011 0.040 0.065 0.203 0.143 0.525 
364    (0)   :  0.019 0.025 0.018 0.232 0.304 0.151 0.251 
365    (0)   :  0.028 0.023 0.043 0.071 0.519 0.111 0.206 
366    (0)   :  0.018 0.007 0.041 0.115 0.262 0.373 0.183 
367    (0)   :  0.008 0.006 0.049 0.051 0.133 0.071 0.681 
368    (0)   :  0.009 0.008 0.016 0.089 0.131 0.120 0.627 
369    (0)   :  0.029 0.012 0.020 0.201 0.195 0.327 0.216 
370    (0)   :  0.023 0.031 0.024 0.099 0.129 0.192 0.501 
371    (0)   :  0.024 0.019 0.017 0.126 0.285 0.238 0.291 
372    (0)   :  0.055 0.121 0.028 0.114 0.113 0.236 0.334 
373    (0)   :  0.014 0.008 0.016 0.138 0.226 0.141 0.457 
374    (0)   :  0.032 0.010 0.050 0.259 0.222 0.160 0.267 
375    (0)   :  0.015 0.033 0.021 0.064 0.285 0.088 0.494 
376    (0)   :  0.010 0.131 0.046 0.058 0.396 0.070 0.288 
377    (0)   :  0.015 0.009 0.042 0.097 0.245 0.184 0.407 
378    (0)   :  0.012 0.007 0.018 0.218 0.080 0.121 0.544 
379    (0)   :  0.016 0.215 0.048 0.052 0.311 0.087 0.272 
380    (0)   :  0.014 0.014 0.087 0.131 0.471 0.155 0.128 
381    (0)   :  0.010 0.009 0.019 0.100 0.595 0.162 0.105 
382    (0)   :  0.009 0.006 0.021 0.075 0.214 0.080 0.595 
383    (0)   :  0.015 0.022 0.096 0.139 0.509 0.095 0.124 
384    (0)   :  0.023 0.108 0.035 0.118 0.409 0.083 0.224 
385    (0)   :  0.282 0.010 0.016 0.195 0.213 0.085 0.198 
386    (0)   :  0.009 0.005 0.034 0.065 0.203 0.103 0.582 
387    (0)   :  0.010 0.006 0.027 0.081 0.241 0.096 0.539 
388    (0)   :  0.038 0.024 0.025 0.242 0.242 0.106 0.323 
389    (0)   :  0.120 0.015 0.017 0.074 0.118 0.401 0.255 
390    (0)   :  0.026 0.025 0.108 0.064 0.195 0.171 0.410 
391    (0)   :  0.100 0.020 0.033 0.109 0.134 0.229 0.374 
392    (0)   :  0.007 0.010 0.022 0.120 0.441 0.128 0.272 
393    (0)   :  0.009 0.009 0.076 0.092 0.582 0.107 0.124 
394    (0)   :  0.007 0.006 0.044 0.266 0.116 0.124 0.436 
395    (0)   :  0.009 0.005 0.092 0.073 0.170 0.306 0.345 
396    (0)   :  0.008 0.008 0.013 0.054 0.248 0.092 0.578 
397    (0)   :  0.007 0.156 0.013 0.146 0.199 0.288 0.191 
398    (0)   :  0.008 0.050 0.146 0.058 0.235 0.081 0.422 
399    (0)   :  0.019 0.006 0.058 0.074 0.094 0.174 0.574 
400    (0)   :  0.011 0.010 0.019 0.099 0.313 0.104 0.444 
401    (0)   :  0.012 0.006 0.021 0.105 0.112 0.179 0.565 
402    (0)   :  0.011 0.010 0.016 0.098 0.251 0.235 0.379 
403    (0)   :  0.028 0.012 0.027 0.344 0.187 0.152 0.250 
404    (0)   :  0.018 0.012 0.015 0.131 0.375 0.183 0.267 
405    (0)   :  0.009 0.007 0.049 0.106 0.236 0.231 0.362 
406    (0)   :  0.008 0.005 0.319 0.140 0.092 0.308 0.126 
407    (0)   :  0.008 0.006 0.056 0.053 0.553 0.084 0.240 
408    (0)   :  0.008 0.005 0.013 0.048 0.073 0.249 0.604 
409    (0)   :  0.022 0.018 0.086 0.259 0.225 0.241 0.149 
410    (0)   :  0.014 0.114 0.059 0.099 0.240 0.123 0.351 
411    (0)   :  0.008 0.042 0.020 0.167 0.373 0.161 0.230 
412    (0)   :  0.009 0.008 0.016 0.080 0.151 0.113 0.624 
413    (0)   :  0.007 0.006 0.017 0.197 0.100 0.118 0.555 
414    (0)   :  0.016 0.006 0.013 0.056 0.136 0.105 0.670 
415    (0)   :  0.010 0.007 0.052 0.073 0.389 0.199 0.271 
416    (0)   :  0.027 0.007 0.017 0.093 0.391 0.180 0.284 
417    (0)   :  0.008 0.009 0.225 0.065 0.229 0.097 0.366 
418    (0)   :  0.007 0.010 0.015 0.063 0.169 0.076 0.659 
419    (0)   :  0.031 0.015 0.029 0.213 0.259 0.162 0.290 
420    (0)   :  0.011 0.005 0.020 0.064 0.119 0.274 0.506 
421    (0)   :  0.009 0.010 0.078 0.073 0.202 0.116 0.512 
422    (0)   :  0.009 0.009 0.078 0.072 0.290 0.319 0.223 
423    (0)   :  0.009 0.016 0.062 0.095 0.254 0.182 0.382 
424    (0)   :  0.023 0.012 0.087 0.109 0.096 0.164 0.509 
425    (0)   :  0.054 0.031 0.021 0.126 0.382 0.123 0.263 
426    (0)   :  0.036 0.045 0.073 0.127 0.140 0.108 0.471 
427    (0)   :  0.008 0.006 0.166 0.152 0.236 0.082 0.350 
428    (0)   :  0.011 0.035 0.207 0.164 0.180 0.219 0.185 
429    (0)   :  0.007 0.008 0.042 0.051 0.329 0.073 0.490 
430    (0)   :  0.009 0.008 0.128 0.062 0.424 0.096 0.273 
431    (0)   :  0.016 0.014 0.048 0.114 0.107 0.162 0.539 
432    (0)   :  0.009 0.008 0.015 0.094 0.133 0.125 0.615 
433    (0)   :  0.009 0.020 0.015 0.320 0.111 0.210 0.314 
434    (0)   :  0.013 0.009 0.017 0.135 0.308 0.206 0.314 
435    (0)   :  0.007 0.006 0.331 0.055 0.169 0.081 0.351 
436    (0)   :  0.010 0.008 0.427 0.089 0.173 0.084 0.209 
437    (0)   :  0.007 0.012 0.046 0.063 0.481 0.092 0.299 
438    (0)   :  0.010 0.006 0.412 0.091 0.096 0.161 0.225 
439    (0)   :  0.009 0.006 0.275 0.077 0.364 0.069 0.201 
440    (0)   :  0.008 0.005 0.379 0.046 0.172 0.079 0.311 
441    (0)   :  0.010 0.007 0.082 0.125 0.368 0.101 0.306 
442    (0)   :  0.025 0.007 0.021 0.062 0.367 0.120 0.398 
443    (0)   :  0.013 0.005 0.072 0.054 0.132 0.202 0.522 
444    (0)   :  0.024 0.007 0.054 0.062 0.340 0.133 0.380 
445    (0)   :  0.010 0.046 0.047 0.142 0.445 0.170 0.140 
446    (0)   :  0.010 0.058 0.238 0.064 0.193 0.062 0.375 
447    (0)   :  0.038 0.008 0.268 0.114 0.178 0.132 0.261 
448    (0)   :  0.008 0.007 0.071 0.066 0.330 0.108 0.411 
449    (0)   :  0.008 0.007 0.074 0.100 0.320 0.132 0.359 
450    (0)   :  0.008 0.010 0.018 0.091 0.607 0.059 0.206 
451    (0)   :  0.008 0.006 0.028 0.047 0.086 0.100 0.726 
452    (0)   :  0.008 0.007 0.036 0.088 0.521 0.072 0.269 
453    (0)   :  0.017 0.006 0.024 0.083 0.162 0.407 0.301 
454    (0)   :  0.008 0.006 0.112 0.113 0.277 0.119 0.364 
455    (0)   :  0.008 0.005 0.458 0.057 0.142 0.102 0.229 
456    (0)   :  0.011 0.007 0.117 0.056 0.306 0.210 0.293 
457    (0)   :  0.007 0.008 0.091 0.067 0.502 0.088 0.236 
458    (0)   :  0.009 0.049 0.063 0.070 0.520 0.074 0.215 
459    (0)   :  0.010 0.006 0.145 0.155 0.209 0.083 0.392 
460    (0)   :  0.009 0.006 0.114 0.061 0.207 0.073 0.529 
461    (0)   :  0.009 0.008 0.024 0.065 0.201 0.055 0.637 
462    (0)   :  0.048 0.008 0.033 0.044 0.466 0.144 0.257 
463    (0)   :  0.010 0.005 0.293 0.079 0.140 0.299 0.175 
464    (0)   :  0.008 0.005 0.113 0.057 0.149 0.132 0.536 
465    (0)   :  0.010 0.009 0.041 0.070 0.194 0.109 0.568 
466    (0)   :  0.007 0.005 0.099 0.058 0.135 0.221 0.475 
467    (0)   :  0.012 0.007 0.047 0.085 0.434 0.145 0.270 
468    (0)   :  0.007 0.006 0.376 0.053 0.270 0.123 0.165 
469    (0)   :  0.009 0.005 0.524 0.062 0.185 0.057 0.158 
470    (0)   :  0.006 0.005 0.441 0.057 0.121 0.068 0.303 
471    (0)   :  0.016 0.007 0.025 0.060 0.295 0.290 0.306 
472    (0)   :  0.011 0.009 0.021 0.064 0.441 0.156 0.299 
473    (0)   :  0.008 0.007 0.076 0.100 0.264 0.158 0.387 
474    (0)   :  0.008 0.006 0.030 0.077 0.524 0.117 0.238 
475    (0)   :  0.009 0.007 0.042 0.116 0.175 0.116 0.535 
476    (0)   :  0.008 0.008 0.050 0.065 0.541 0.100 0.228 
477    (0)   :  0.019 0.008 0.049 0.106 0.144 0.112 0.563 
478    (0)   :  0.018 0.008 0.033 0.058 0.102 0.065 0.717 
479    (0)   :  0.008 0.005 0.167 0.056 0.230 0.072 0.462 
480    (0)   :  0.007 0.008 0.133 0.064 0.479 0.077 0.232 
481    (0)   :  0.016 0.007 0.020 0.060 0.418 0.175 0.303 
482    (0)   :  0.007 0.007 0.064 0.057 0.381 0.066 0.418 
483    (0)   :  0.008 0.007 0.416 0.077 0.186 0.072 0.233 
484    (0)   :  0.016 0.006 0.299 0.068 0.220 0.182 0.210 
485    (0)   :  0.007 0.006 0.621 0.055 0.083 0.064 0.166 
486    (0)   :  0.034 0.016 0.016 0.084 0.142 0.367 0.341 
487    (0)   :  0.028 0.018 0.016 0.179 0.237 0.208 0.313 
488    (0)   :  0.060 0.014 0.017 0.147 0.136 0.192 0.432 
489    (0)   :  0.018 0.017 0.012 0.158 0.245 0.338 0.211 
490    (0)   :  0.015 0.008 0.018 0.057 0.134 0.199 0.569 
491    (0)   :  0.056 0.013 0.012 0.159 0.164 0.371 0.225 
492    (0)   :  0.032 0.006 0.014 0.279 0.119 0.220 0.330 
493    (0)   :  0.073 0.033 0.013 0.114 0.170 0.266 0.332 
494    (0)   :  0.034 0.083 0.022 0.137 0.179 0.306 0.239 
495    (0)   :  0.110 0.044 0.015 0.192 0.120 0.158 0.360 
496    (0)   :  0.008 0.009 0.017 0.305 0.127 0.315 0.220 
497    (0)   :  0.125 0.060 0.013 0.192 0.170 0.203 0.238 
498    (0)   :  0.095 0.013 0.017 0.095 0.147 0.244 0.388 
499    (0)   :  0.017 0.084 0.015 0.279 0.162 0.244 0.199 
500    (0)   :  0.013 0.039 0.027 0.102 0.276 0.281 0.263 
501    (0)   :  0.011 0.019 0.018 0.241 0.262 0.169 0.280 
502    (0)   :  0.025 0.010 0.015 0.292 0.178 0.110 0.370 
503    (0)   :  0.009 0.010 0.021 0.073 0.431 0.136 0.320 
504    (0)   :  0.070 0.011 0.016 0.086 0.098 0.173 0.545 
505    (0)   :  0.019 0.013 0.017 0.122 0.102 0.523 0.204 
506    (0)   :  0.035 0.009 0.012 0.227 0.149 0.209 0.359 
507    (0)   :  0.007 0.012 0.012 0.451 0.085 0.323 0.111 
508    (0)   :  0.015 0.035 0.011 0.452 0.068 0.286 0.133 
509    (0)   :  0.013 0.011 0.016 0.194 0.110 0.446 0.209 
510    (0)   :  0.011 0.054 0.012 0.292 0.229 0.169 0.233 
511    (0)   :  0.025 0.016 0.056 0.083 0.270 0.236 0.314 
512    (0)   :  0.014 0.010 0.019 0.061 0.422 0.112 0.361 
513    (0)   :  0.485 0.010 0.010 0.088 0.052 0.210 0.146 
514    (0)   :  0.010 0.010 0.016 0.113 0.082 0.148 0.622 
515    (0)   :  0.013 0.019 0.079 0.194 0.243 0.234 0.219 
516    (0)   :  0.012 0.012 0.018 0.099 0.087 0.279 0.493 
517    (0)   :  0.009 0.010 0.063 0.176 0.096 0.289 0.357 
518    (0)   :  0.010 0.117 0.012 0.240 0.204 0.199 0.218 
519    (0)   :  0.015 0.007 0.021 0.121 0.092 0.138 0.607 
520    (0)   :  0.008 0.010 0.240 0.256 0.080 0.268 0.138 
521    (0)   :  0.009 0.008 0.015 0.340 0.078 0.213 0.337 
522    (0)   :  0.010 0.053 0.040 0.087 0.264 0.294 0.252 
523    (0)   :  0.009 0.010 0.041 0.175 0.067 0.421 0.277 
524    (0)   :  0.008 0.011 0.295 0.137 0.098 0.181 0.270 
525    (0)   :  0.008 0.143 0.052 0.208 0.154 0.255 0.180 
526    (0)   :  0.007 0.006 0.377 0.097 0.079 0.308 0.125 
527    (0)   :  0.016 0.108 0.013 0.093 0.240 0.112 0.417 
528    (0)   :  0.008 0.006 0.010 0.436 0.083 0.276 0.181 
529    (0)   :  0.016 0.119 0.012 0.166 0.122 0.271 0.293 
530    (0)   :  0.015 0.009 0.034 0.122 0.316 0.250 0.254 
531    (0)   :  0.010 0.010 0.048 0.367 0.172 0.162 0.231 
532    (0)   :  0.012 0.041 0.012 0.308 0.142 0.185 0.300 
533    (0)   :  0.010 0.098 0.035 0.102 0.172 0.342 0.242 
534    (0)   :  0.022 0.100 0.014 0.134 0.060 0.458 0.213 
535    (0)   :  0.009 0.006 0.056 0.096 0.103 0.339 0.391 
536    (0)   :  0.014 0.009 0.058 0.188 0.275 0.259 0.197 
537    (0)   :  0.019 0.008 0.019 0.218 0.124 0.454 0.157 
538    (0)   :  0.009 0.006 0.024 0.154 0.095 0.542 0.171 
539    (0)   :  0.009 0.006 0.010 0.488 0.080 0.295 0.112 
540    (0)   :  0.010 0.009 0.038 0.203 0.130 0.423 0.187 
541    (0)   :  0.018 0.009 0.020 0.385 0.221 0.186 0.161 
542    (0)   :  0.019 0.006 0.039 0.070 0.332 0.405 0.130 
543    (0)   :  0.026 0.009 0.057 0.187 0.076 0.351 0.293 
544    (0)   :  0.010 0.005 0.027 0.100 0.138 0.532 0.188 
545    (0)   :  0.018 0.006 0.207 0.062 0.125 0.386 0.195 
546    (0)   :  0.022 0.006 0.014 0.122 0.206 0.480 0.149 
547    (0)   :  0.015 0.006 0.060 0.157 0.080 0.504 0.179 
548    (0)   :  0.010 0.007 0.013 0.241 0.102 0.435 0.192 
549    (0)   :  0.015 0.009 0.092 0.370 0.203 0.182 0.129 
550    (0)   :  0.017 0.005 0.206 0.095 0.104 0.322 0.250 
551    (0)   :  0.011 0.010 0.031 0.465 0.147 0.162 0.174 
552    (0)   :  0.008 0.007 0.013 0.145 0.130 0.567 0.129 
553    (0)   :  0.028 0.009 0.040 0.158 0.059 0.532 0.174 
554    (0)   :  0.014 0.016 0.027 0.165 0.240 0.241 0.296 
555    (0)   :  0.034 0.008 0.017 0.246 0.084 0.445 0.165 
556    (0)   :  0.010 0.007 0.014 0.117 0.112 0.568 0.172 
557    (0)   :  0.013 0.006 0.252 0.153 0.130 0.190 0.256 
558    (0)   :  0.007 0.007 0.081 0.060 0.390 0.059 0.396 
559    (0)   :  0.008 0.009 0.013 0.078 0.130 0.280 0.483 
560    (0)   :  0.016 0.006 0.086 0.045 0.167 0.084 0.596 
561    (0)   :  0.014 0.007 0.028 0.059 0.220 0.134 0.539 
562    (0)   :  0.015 0.007 0.036 0.044 0.133 0.172 0.594 
563    (0)   :  0.027 0.011 0.035 0.215 0.109 0.122 0.482 
564    (0)   :  0.011 0.013 0.023 0.090 0.101 0.395 0.366 
565    (0)   :  0.007 0.006 0.084 0.065 0.557 0.074 0.206 
566    (0)   :  0.008 0.005 0.051 0.047 0.112 0.078 0.700 
567    (0)   :  0.012 0.009 0.018 0.061 0.095 0.323 0.482 
568    (0)   :  0.007 0.006 0.034 0.082 0.119 0.187 0.565 
569    (0)   :  0.008 0.009 0.055 0.087 0.153 0.203 0.483 
570    (0)   :  0.007 0.011 0.064 0.050 0.344 0.072 0.452 
571    (0)   :  0.007 0.006 0.036 0.071 0.071 0.096 0.713 
572    (0)   :  0.016 0.005 0.036 0.135 0.126 0.505 0.178 
573    (0)   :  0.010 0.011 0.186 0.090 0.081 0.244 0.379 
574    (0)   :  0.010 0.010 0.040 0.161 0.326 0.157 0.297 
575    (0)   :  0.008 0.007 0.024 0.150 0.119 0.148 0.543 
576    (0)   :  0.014 0.006 0.035 0.048 0.116 0.066 0.715 
577    (0)   :  0.011 0.011 0.018 0.148 0.346 0.136 0.329 
578    (0)   :  0.016 0.006 0.067 0.070 0.116 0.110 0.615 
579    (0)   :  0.026 0.007 0.026 0.066 0.255 0.165 0.455 
580    (0)   :  0.009 0.007 0.035 0.101 0.411 0.110 0.328 
581    (0)   :  0.008 0.006 0.055 0.082 0.230 0.091 0.529 
582    (0)   :  0.008 0.007 0.079 0.051 0.311 0.120 0.425 
583    (0)   :  0.010 0.059 0.038 0.068 0.088 0.093 0.644 
584    (0)   :  0.008 0.008 0.026 0.056 0.130 0.071 0.702 
585    (0)   :  0.018 0.007 0.044 0.060 0.190 0.099 0.581 
586    (0)   :  0.009 0.006 0.015 0.079 0.097 0.177 0.618 
587    (0)   :  0.011 0.011 0.015 0.050 0.342 0.200 0.370 
588    (0)   :  0.013 0.010 0.011 0.063 0.061 0.686 0.156 
589    (0)   :  0.009 0.007 0.195 0.057 0.213 0.151 0.369 
590    (0)   :  0.011 0.007 0.012 0.066 0.122 0.144 0.637 
591    (0)   :  0.008 0.006 0.017 0.076 0.089 0.095 0.709 
592    (0)   :  0.008 0.005 0.043 0.055 0.104 0.251 0.534 
593    (0)   :  0.008 0.007 0.059 0.095 0.115 0.161 0.555 
594    (0)   :  0.014 0.057 0.021 0.140 0.097 0.128 0.542 
595    (0)   :  0.037 0.012 0.013 0.051 0.419 0.108 0.360 
596    (0)   :  0.011 0.005 0.161 0.096 0.090 0.307 0.331 
597    (0)   :  0.011 0.009 0.033 0.218 0.058 0.142 0.528 
598    (0)   :  0.006 0.010 0.108 0.054 0.390 0.065 0.367 
599    (0)   :  0.007 0.007 0.028 0.048 0.098 0.128 0.685 
600    (0)   :  0.009 0.006 0.028 0.106 0.437 0.160 0.255 
601    (0)   :  0.009 0.005 0.029 0.048 0.225 0.136 0.548 
602    (0)   :  0.015 0.011 0.018 0.169 0.162 0.246 0.379 
603    (0)   :  0.011 0.007 0.015 0.166 0.132 0.227 0.442 
604    (0)   :  0.020 0.021 0.069 0.111 0.472 0.118 0.190 
605    (0)   :  0.013 0.007 0.031 0.081 0.193 0.195 0.479 
606    (0)   :  0.011 0.015 0.023 0.149 0.247 0.285 0.270 
607    (0)   :  0.011 0.010 0.026 0.252 0.286 0.156 0.260 
608    (0)   :  0.007 0.007 0.032 0.405 0.171 0.117 0.261 
609    (0)   :  0.012 0.012 0.028 0.098 0.390 0.136 0.324 
610    (0)   :  0.012 0.007 0.297 0.081 0.197 0.182 0.223 
611    (0)   :  0.010 0.009 0.018 0.167 0.132 0.256 0.408 
612    (0)   :  0.008 0.012 0.070 0.064 0.580 0.103 0.162 
613    (0)   :  0.013 0.045 0.039 0.091 0.246 0.245 0.322 
614    (0)   :  0.011 0.007 0.021 0.058 0.649 0.108 0.146 
615    (0)   :  0.007 0.007 0.047 0.100 0.547 0.130 0.161 
616    (0)   :  0.009 0.007 0.014 0.186 0.268 0.146 0.370 
617    (0)   :  0.064 0.018 0.048 0.069 0.295 0.169 0.337 
618    (0)   :  0.024 0.015 0.092 0.176 0.408 0.137 0.147 
619    (0)   :  0.007 0.005 0.053 0.139 0.106 0.260 0.430 
620    (0)   :  0.009 0.005 0.030 0.044 0.084 0.281 0.547 
621    (0)   :  0.009 0.010 0.023 0.072 0.201 0.075 0.610 
622    (0)   :  0.074 0.017 0.063 0.119 0.317 0.226 0.184 
623    (0)   :  0.009 0.006 0.027 0.072 0.131 0.175 0.581 
624    (0)   :  0.009 0.011 0.080 0.178 0.418 0.095 0.209 
625    (0)   :  0.034 0.021 0.033 0.158 0.389 0.100 0.265 
626    (0)   :  0.009 0.032 0.076 0.249 0.269 0.258 0.108 
627    (0)   :  0.011 0.005 0.018 0.090 0.240 0.214 0.421 
628    (0)   :  0.018 0.007 0.019 0.095 0.165 0.285 0.411 
629    (0)   :  0.011 0.008 0.015 0.115 0.296 0.152 0.403 
630    (0)   :  0.014 0.015 0.033 0.081 0.462 0.105 0.290 
631    (0)   :  0.009 0.008 0.019 0.093 0.413 0.151 0.308 
632    (0)   :  0.012 0.007 0.020 0.223 0.185 0.379 0.175 
633    (0)   :  0.014 0.009 0.046 0.151 0.389 0.128 0.263 
634    (0)   :  0.008 0.008 0.022 0.178 0.214 0.293 0.277 
635    (0)   :  0.007 0.006 0.021 0.375 0.229 0.183 0.178 
636    (0)   :  0.009 0.009 0.029 0.228 0.344 0.104 0.277 
637    (0)   :  0.013 0.007 0.024 0.106 0.257 0.387 0.206 
638    (0)   :  0.009 0.009 0.019 0.158 0.236 0.148 0.421 
639    (0)   :  0.015 0.008 0.031 0.128 0.452 0.156 0.209 
