

----------------------------------------------------
STRUCTURE by Pritchard, Stephens and Donnelly (2000)
     and Falush, Stephens and Pritchard (2003)
       Code by Pritchard, Falush and Hubisz
             Version 2.3.4 (Jul 2012)
----------------------------------------------------



Command line arguments:   ./structure -K 9 -D 109003 -m brooktrout/mainparams -e brooktrout/extraparams -o brooktrout/250914_output/results_K9_rep3 
Input File:    brooktrout/brooktrout.txt

Run parameters:
   8454 individuals
   5 loci
   9 populations assumed
   50000 Burn-in period
   100000 Reps
RANDOMIZE turned off


--------------------------------------------
Overall proportion of membership of the
sample in each of the 9 clusters

Inferred Clusters
  1      2      3      4      5      6      7      8      9    
0.009  0.009  0.022  0.089  0.126  0.170  0.203  0.181  0.191  

--------------------------------------------

Allele-freq. divergence among pops (Net nucleotide distance),
computed using point estimates of P.

      1       2       3       4       5       6       7       8       9      
 1      -    0.1160  0.1469  0.1446  0.1504  0.1090  0.1307  0.1140  0.1194  
 2   0.1160     -    0.1891  0.1272  0.1578  0.1580  0.1557  0.1552  0.1558  
 3   0.1469  0.1891     -    0.2412  0.1554  0.1865  0.2043  0.1410  0.1983  
 4   0.1446  0.1272  0.2412     -    0.1623  0.1946  0.0807  0.2061  0.2053  
 5   0.1504  0.1578  0.1554  0.1623     -    0.1562  0.1153  0.1240  0.1728  
 6   0.1090  0.1580  0.1865  0.1946  0.1562     -    0.1509  0.0872  0.0998  
 7   0.1307  0.1557  0.2043  0.0807  0.1153  0.1509     -    0.1706  0.1534  
 8   0.1140  0.1552  0.1410  0.2061  0.1240  0.0872  0.1706     -    0.0944  
 9   0.1194  0.1558  0.1983  0.2053  0.1728  0.0998  0.1534  0.0944     -    

Average distances (expected heterozygosity) between individuals in same cluster:
cluster  1  : 0.8247 
cluster  2  : 0.7975 
cluster  3  : 0.7427 
cluster  4  : 0.6941 
cluster  5  : 0.7625 
cluster  6  : 0.7307 
cluster  7  : 0.6980 
cluster  8  : 0.7702 
cluster  9  : 0.7296 

--------------------------------------------
Estimated Ln Prob of Data   = -187900.3
Mean value of ln likelihood = -172674.4
Variance of ln likelihood   = 30451.6

Mean value of alpha_1       = 0.0461
Mean value of alpha_2       = 0.0481
Mean value of alpha_3       = 0.1045
Mean value of alpha_4       = 0.4299
Mean value of alpha_5       = 0.6281
Mean value of alpha_6       = 0.8573
Mean value of alpha_7       = 1.0024
Mean value of alpha_8       = 0.8986
Mean value of alpha_9       = 0.9675
Allele frequencies uncorrelated


Inferred ancestry of individuals:
     (%Miss) :  Inferred clusters
  1    (0)   :  0.006 0.010 0.013 0.076 0.091 0.164 0.257 0.109 0.274 
  2    (0)   :  0.004 0.004 0.016 0.052 0.140 0.263 0.172 0.251 0.099 
  3    (0)   :  0.007 0.005 0.008 0.049 0.104 0.261 0.246 0.109 0.210 
  4    (0)   :  0.013 0.016 0.011 0.232 0.099 0.115 0.258 0.130 0.127 
  5    (0)   :  0.005 0.007 0.017 0.056 0.139 0.308 0.134 0.225 0.108 
  6    (0)   :  0.006 0.004 0.008 0.074 0.069 0.437 0.104 0.154 0.144 
  7    (0)   :  0.006 0.005 0.011 0.046 0.058 0.208 0.123 0.326 0.217 
  8    (0)   :  0.020 0.111 0.011 0.092 0.072 0.186 0.214 0.133 0.160 
  9    (0)   :  0.008 0.006 0.017 0.048 0.094 0.255 0.228 0.192 0.151 
 10    (0)   :  0.007 0.084 0.011 0.090 0.055 0.251 0.151 0.169 0.181 
 11    (0)   :  0.005 0.004 0.015 0.040 0.054 0.155 0.124 0.251 0.352 
 12    (0)   :  0.005 0.004 0.011 0.076 0.125 0.264 0.171 0.244 0.099 
 13    (0)   :  0.006 0.005 0.014 0.049 0.091 0.280 0.210 0.217 0.127 
 14    (0)   :  0.004 0.014 0.009 0.071 0.217 0.223 0.181 0.106 0.173 
 15    (0)   :  0.006 0.006 0.011 0.105 0.108 0.150 0.260 0.170 0.184 
 16    (0)   :  0.005 0.004 0.015 0.043 0.074 0.247 0.182 0.136 0.295 
 17    (0)   :  0.009 0.005 0.015 0.061 0.130 0.368 0.164 0.131 0.116 
 18    (0)   :  0.009 0.006 0.012 0.086 0.114 0.233 0.198 0.136 0.207 
 19    (0)   :  0.005 0.004 0.010 0.052 0.064 0.392 0.157 0.171 0.144 
 20    (0)   :  0.006 0.005 0.012 0.072 0.103 0.174 0.169 0.266 0.193 
 21    (0)   :  0.005 0.009 0.010 0.113 0.138 0.156 0.247 0.120 0.203 
 22    (0)   :  0.007 0.004 0.010 0.050 0.080 0.384 0.208 0.117 0.138 
 23    (0)   :  0.009 0.015 0.027 0.057 0.170 0.155 0.319 0.113 0.135 
 24    (0)   :  0.005 0.004 0.013 0.060 0.075 0.159 0.318 0.123 0.243 
 25    (0)   :  0.006 0.006 0.011 0.040 0.082 0.356 0.101 0.246 0.153 
 26    (0)   :  0.008 0.004 0.010 0.090 0.094 0.252 0.225 0.153 0.163 
 27    (0)   :  0.006 0.005 0.013 0.062 0.131 0.277 0.190 0.136 0.179 
 28    (0)   :  0.005 0.017 0.011 0.215 0.086 0.142 0.164 0.129 0.229 
 29    (0)   :  0.004 0.004 0.016 0.040 0.104 0.174 0.205 0.304 0.149 
 30    (0)   :  0.005 0.004 0.011 0.042 0.103 0.332 0.191 0.122 0.189 
 31    (0)   :  0.013 0.087 0.015 0.074 0.128 0.175 0.145 0.227 0.138 
 32    (0)   :  0.005 0.010 0.009 0.079 0.096 0.322 0.226 0.122 0.132 
 33    (0)   :  0.005 0.004 0.011 0.045 0.090 0.171 0.273 0.165 0.237 
 34    (0)   :  0.007 0.099 0.022 0.071 0.056 0.243 0.098 0.226 0.178 
 35    (0)   :  0.010 0.004 0.026 0.036 0.233 0.270 0.167 0.133 0.120 
 36    (0)   :  0.005 0.007 0.011 0.036 0.192 0.102 0.175 0.099 0.373 
 37    (0)   :  0.007 0.005 0.010 0.056 0.131 0.183 0.341 0.149 0.118 
 38    (0)   :  0.005 0.005 0.024 0.032 0.114 0.114 0.118 0.159 0.429 
 39    (0)   :  0.008 0.005 0.023 0.051 0.168 0.144 0.143 0.183 0.276 
 40    (0)   :  0.004 0.005 0.012 0.044 0.242 0.172 0.278 0.090 0.153 
 41    (0)   :  0.007 0.008 0.030 0.032 0.198 0.131 0.180 0.139 0.273 
 42    (0)   :  0.005 0.005 0.018 0.049 0.112 0.075 0.388 0.096 0.254 
 43    (0)   :  0.008 0.011 0.017 0.045 0.271 0.145 0.238 0.152 0.112 
 44    (0)   :  0.007 0.004 0.014 0.031 0.355 0.199 0.155 0.132 0.104 
 45    (0)   :  0.005 0.004 0.022 0.032 0.204 0.120 0.147 0.180 0.285 
 46    (0)   :  0.011 0.004 0.013 0.056 0.183 0.284 0.123 0.167 0.159 
 47    (0)   :  0.015 0.011 0.021 0.050 0.109 0.306 0.213 0.162 0.113 
 48    (0)   :  0.008 0.004 0.015 0.032 0.411 0.201 0.144 0.089 0.095 
 49    (0)   :  0.009 0.005 0.037 0.045 0.187 0.150 0.203 0.150 0.215 
 50    (0)   :  0.011 0.028 0.017 0.073 0.111 0.283 0.095 0.208 0.174 
 51    (0)   :  0.004 0.007 0.016 0.032 0.351 0.077 0.163 0.092 0.258 
 52    (0)   :  0.009 0.004 0.025 0.055 0.128 0.143 0.176 0.176 0.284 
 53    (0)   :  0.007 0.011 0.016 0.053 0.107 0.149 0.155 0.120 0.381 
 54    (0)   :  0.007 0.005 0.019 0.049 0.202 0.205 0.234 0.191 0.088 
 55    (0)   :  0.007 0.004 0.013 0.041 0.417 0.146 0.155 0.118 0.098 
 56    (0)   :  0.007 0.004 0.020 0.047 0.279 0.188 0.194 0.094 0.167 
 57    (0)   :  0.015 0.011 0.018 0.120 0.061 0.287 0.210 0.135 0.142 
 58    (0)   :  0.006 0.004 0.023 0.040 0.237 0.127 0.206 0.147 0.209 
 59    (0)   :  0.006 0.004 0.042 0.043 0.179 0.121 0.171 0.145 0.288 
 60    (0)   :  0.005 0.009 0.011 0.075 0.287 0.101 0.194 0.102 0.216 
 61    (0)   :  0.004 0.005 0.012 0.056 0.333 0.096 0.244 0.158 0.092 
 62    (0)   :  0.013 0.004 0.059 0.076 0.129 0.223 0.153 0.185 0.158 
 63    (0)   :  0.004 0.004 0.011 0.052 0.157 0.112 0.259 0.206 0.194 
 64    (0)   :  0.007 0.004 0.016 0.040 0.101 0.302 0.136 0.151 0.244 
 65    (0)   :  0.006 0.004 0.014 0.039 0.099 0.198 0.106 0.402 0.133 
 66    (0)   :  0.005 0.013 0.014 0.078 0.152 0.120 0.265 0.217 0.135 
 67    (0)   :  0.005 0.004 0.013 0.037 0.345 0.166 0.157 0.181 0.091 
 68    (0)   :  0.007 0.005 0.040 0.049 0.180 0.103 0.190 0.127 0.299 
 69    (0)   :  0.007 0.204 0.037 0.062 0.080 0.121 0.092 0.109 0.287 
 70    (0)   :  0.004 0.014 0.012 0.042 0.156 0.081 0.237 0.136 0.317 
 71    (0)   :  0.006 0.007 0.040 0.032 0.250 0.118 0.107 0.156 0.284 
 72    (0)   :  0.006 0.007 0.010 0.036 0.142 0.178 0.146 0.128 0.347 
 73    (0)   :  0.006 0.008 0.043 0.037 0.281 0.133 0.132 0.212 0.149 
 74    (0)   :  0.004 0.004 0.010 0.044 0.158 0.100 0.264 0.092 0.322 
 75    (0)   :  0.005 0.010 0.014 0.046 0.169 0.092 0.342 0.080 0.243 
 76    (0)   :  0.006 0.004 0.010 0.040 0.238 0.142 0.175 0.239 0.146 
 77    (0)   :  0.005 0.004 0.028 0.030 0.168 0.107 0.159 0.200 0.300 
 78    (0)   :  0.006 0.005 0.031 0.031 0.141 0.107 0.164 0.154 0.362 
 79    (0)   :  0.005 0.005 0.011 0.048 0.063 0.228 0.149 0.286 0.206 
 80    (0)   :  0.005 0.005 0.010 0.091 0.063 0.102 0.453 0.150 0.123 
 81    (0)   :  0.005 0.005 0.008 0.113 0.056 0.117 0.339 0.197 0.159 
 82    (0)   :  0.005 0.005 0.021 0.057 0.182 0.131 0.250 0.210 0.140 
 83    (0)   :  0.005 0.006 0.008 0.092 0.097 0.122 0.263 0.163 0.245 
 84    (0)   :  0.005 0.005 0.009 0.093 0.067 0.133 0.241 0.217 0.230 
 85    (0)   :  0.005 0.006 0.009 0.093 0.080 0.167 0.278 0.123 0.240 
 86    (0)   :  0.006 0.005 0.017 0.052 0.234 0.238 0.132 0.189 0.127 
 87    (0)   :  0.005 0.013 0.011 0.052 0.085 0.121 0.153 0.307 0.254 
 88    (0)   :  0.005 0.005 0.010 0.066 0.078 0.111 0.345 0.228 0.152 
 89    (0)   :  0.006 0.013 0.009 0.084 0.064 0.116 0.376 0.191 0.142 
 90    (0)   :  0.005 0.005 0.010 0.057 0.069 0.125 0.168 0.393 0.168 
 91    (0)   :  0.005 0.006 0.008 0.095 0.078 0.111 0.384 0.111 0.203 
 92    (0)   :  0.005 0.005 0.011 0.060 0.082 0.170 0.222 0.266 0.180 
 93    (0)   :  0.005 0.022 0.010 0.218 0.068 0.101 0.362 0.098 0.116 
 94    (0)   :  0.005 0.006 0.009 0.048 0.071 0.092 0.123 0.222 0.424 
 95    (0)   :  0.005 0.005 0.009 0.067 0.065 0.090 0.268 0.345 0.145 
 96    (0)   :  0.004 0.005 0.013 0.061 0.279 0.083 0.311 0.142 0.101 
 97    (0)   :  0.005 0.004 0.013 0.050 0.172 0.096 0.306 0.092 0.261 
 98    (0)   :  0.004 0.004 0.014 0.037 0.168 0.195 0.249 0.167 0.162 
 99    (0)   :  0.005 0.005 0.009 0.090 0.060 0.132 0.239 0.272 0.189 
100    (0)   :  0.005 0.004 0.011 0.078 0.094 0.102 0.516 0.105 0.084 
101    (0)   :  0.006 0.054 0.012 0.055 0.093 0.124 0.206 0.248 0.202 
102    (0)   :  0.006 0.007 0.020 0.086 0.110 0.092 0.331 0.164 0.185 
103    (0)   :  0.005 0.032 0.012 0.102 0.138 0.126 0.164 0.311 0.110 
104    (0)   :  0.005 0.009 0.010 0.114 0.083 0.112 0.078 0.468 0.122 
105    (0)   :  0.005 0.025 0.023 0.145 0.099 0.104 0.100 0.399 0.099 
106    (0)   :  0.005 0.004 0.010 0.032 0.080 0.139 0.086 0.377 0.268 
107    (0)   :  0.006 0.016 0.015 0.096 0.118 0.116 0.156 0.363 0.113 
108    (0)   :  0.004 0.006 0.009 0.051 0.381 0.133 0.102 0.126 0.188 
109    (0)   :  0.006 0.010 0.120 0.039 0.111 0.142 0.081 0.248 0.244 
110    (0)   :  0.005 0.008 0.011 0.034 0.061 0.121 0.091 0.364 0.305 
111    (0)   :  0.006 0.008 0.022 0.058 0.086 0.108 0.103 0.504 0.105 
112    (0)   :  0.005 0.005 0.182 0.037 0.088 0.092 0.093 0.271 0.228 
113    (0)   :  0.005 0.012 0.012 0.062 0.195 0.192 0.154 0.188 0.180 
114    (0)   :  0.004 0.009 0.017 0.139 0.075 0.107 0.089 0.440 0.119 
115    (0)   :  0.006 0.006 0.021 0.046 0.174 0.128 0.148 0.348 0.123 
116    (0)   :  0.006 0.004 0.017 0.032 0.166 0.127 0.096 0.255 0.297 
117    (0)   :  0.007 0.015 0.032 0.037 0.067 0.128 0.121 0.337 0.257 
118    (0)   :  0.005 0.005 0.022 0.054 0.192 0.151 0.118 0.346 0.108 
119    (0)   :  0.004 0.006 0.009 0.061 0.205 0.083 0.311 0.160 0.161 
120    (0)   :  0.006 0.007 0.031 0.058 0.157 0.132 0.144 0.316 0.150 
121    (0)   :  0.011 0.030 0.052 0.036 0.196 0.117 0.110 0.288 0.159 
122    (0)   :  0.004 0.008 0.017 0.050 0.080 0.153 0.097 0.340 0.251 
123    (0)   :  0.005 0.011 0.013 0.062 0.108 0.113 0.118 0.372 0.196 
124    (0)   :  0.009 0.007 0.027 0.047 0.162 0.142 0.099 0.258 0.249 
125    (0)   :  0.006 0.007 0.032 0.036 0.076 0.163 0.128 0.161 0.392 
126    (0)   :  0.004 0.004 0.009 0.057 0.155 0.096 0.138 0.228 0.308 
127    (0)   :  0.005 0.005 0.017 0.057 0.111 0.092 0.107 0.492 0.113 
128    (0)   :  0.004 0.004 0.018 0.053 0.172 0.147 0.126 0.374 0.101 
129    (0)   :  0.006 0.025 0.013 0.045 0.125 0.123 0.089 0.474 0.100 
130    (0)   :  0.006 0.013 0.028 0.095 0.079 0.122 0.134 0.393 0.130 
131    (0)   :  0.009 0.029 0.032 0.036 0.124 0.125 0.088 0.226 0.331 
132    (0)   :  0.005 0.009 0.012 0.041 0.109 0.145 0.084 0.388 0.208 
133    (0)   :  0.009 0.016 0.015 0.071 0.156 0.131 0.127 0.349 0.127 
134    (0)   :  0.004 0.004 0.016 0.029 0.053 0.111 0.076 0.494 0.213 
135    (0)   :  0.006 0.004 0.020 0.133 0.221 0.080 0.326 0.082 0.127 
136    (0)   :  0.006 0.008 0.013 0.225 0.075 0.161 0.338 0.074 0.100 
137    (0)   :  0.005 0.011 0.027 0.137 0.057 0.098 0.456 0.103 0.105 
138    (0)   :  0.005 0.005 0.009 0.453 0.074 0.085 0.172 0.075 0.124 
139    (0)   :  0.005 0.008 0.012 0.179 0.238 0.144 0.180 0.111 0.123 
140    (0)   :  0.005 0.012 0.012 0.146 0.125 0.104 0.278 0.131 0.187 
141    (0)   :  0.005 0.018 0.012 0.326 0.089 0.175 0.153 0.078 0.143 
142    (0)   :  0.005 0.011 0.020 0.163 0.277 0.081 0.242 0.084 0.117 
143    (0)   :  0.004 0.004 0.008 0.132 0.066 0.079 0.548 0.073 0.085 
144    (0)   :  0.005 0.005 0.026 0.126 0.064 0.083 0.493 0.103 0.095 
145    (0)   :  0.006 0.009 0.015 0.147 0.115 0.199 0.288 0.079 0.142 
146    (0)   :  0.007 0.010 0.011 0.205 0.077 0.132 0.240 0.133 0.186 
147    (0)   :  0.005 0.008 0.009 0.234 0.057 0.094 0.426 0.073 0.094 
148    (0)   :  0.006 0.030 0.018 0.225 0.146 0.148 0.207 0.113 0.109 
149    (0)   :  0.005 0.122 0.012 0.175 0.135 0.097 0.236 0.075 0.143 
150    (0)   :  0.006 0.012 0.031 0.158 0.078 0.116 0.333 0.147 0.119 
151    (0)   :  0.005 0.004 0.009 0.164 0.077 0.089 0.451 0.097 0.103 
152    (0)   :  0.005 0.013 0.016 0.204 0.177 0.151 0.220 0.087 0.127 
153    (0)   :  0.005 0.007 0.009 0.354 0.093 0.089 0.181 0.089 0.174 
154    (0)   :  0.006 0.158 0.011 0.183 0.134 0.155 0.177 0.074 0.101 
155    (0)   :  0.005 0.005 0.008 0.467 0.068 0.087 0.162 0.102 0.096 
156    (0)   :  0.004 0.005 0.013 0.265 0.162 0.075 0.275 0.101 0.101 
157    (0)   :  0.004 0.009 0.008 0.308 0.056 0.084 0.241 0.142 0.148 
158    (0)   :  0.007 0.009 0.016 0.155 0.093 0.183 0.308 0.076 0.154 
159    (0)   :  0.006 0.070 0.011 0.234 0.061 0.094 0.358 0.073 0.093 
160    (0)   :  0.006 0.061 0.011 0.307 0.069 0.097 0.279 0.076 0.095 
161    (0)   :  0.005 0.009 0.010 0.084 0.074 0.106 0.444 0.095 0.173 
162    (0)   :  0.009 0.009 0.011 0.244 0.095 0.147 0.171 0.143 0.172 
163    (0)   :  0.004 0.004 0.008 0.425 0.090 0.078 0.196 0.091 0.104 
164    (0)   :  0.008 0.111 0.009 0.175 0.097 0.126 0.200 0.141 0.132 
165    (0)   :  0.006 0.005 0.030 0.156 0.075 0.092 0.386 0.137 0.114 
166    (0)   :  0.005 0.111 0.008 0.167 0.106 0.083 0.216 0.131 0.173 
167    (0)   :  0.009 0.158 0.009 0.287 0.069 0.163 0.119 0.092 0.094 
168    (0)   :  0.005 0.005 0.009 0.304 0.091 0.096 0.212 0.079 0.200 
169    (0)   :  0.007 0.009 0.016 0.123 0.084 0.171 0.246 0.073 0.271 
170    (0)   :  0.004 0.005 0.009 0.062 0.098 0.085 0.530 0.105 0.102 
171    (0)   :  0.005 0.007 0.009 0.255 0.118 0.148 0.205 0.093 0.160 
172    (0)   :  0.005 0.023 0.014 0.129 0.139 0.093 0.274 0.072 0.250 
173    (0)   :  0.005 0.007 0.010 0.400 0.083 0.104 0.223 0.080 0.088 
174    (0)   :  0.005 0.007 0.009 0.376 0.058 0.103 0.226 0.101 0.116 
175    (0)   :  0.005 0.005 0.010 0.138 0.070 0.152 0.461 0.075 0.085 
176    (0)   :  0.005 0.005 0.027 0.127 0.065 0.083 0.490 0.103 0.094 
177    (0)   :  0.005 0.008 0.009 0.290 0.065 0.089 0.171 0.131 0.233 
178    (0)   :  0.005 0.008 0.009 0.361 0.063 0.173 0.167 0.104 0.111 
179    (0)   :  0.004 0.013 0.008 0.444 0.062 0.100 0.199 0.080 0.089 
180    (0)   :  0.008 0.026 0.013 0.174 0.088 0.130 0.307 0.102 0.153 
181    (0)   :  0.006 0.008 0.013 0.140 0.124 0.114 0.378 0.081 0.135 
182    (0)   :  0.007 0.005 0.011 0.152 0.133 0.089 0.438 0.076 0.089 
183    (0)   :  0.005 0.008 0.009 0.220 0.074 0.102 0.411 0.080 0.090 
184    (0)   :  0.006 0.004 0.011 0.050 0.185 0.332 0.162 0.154 0.096 
185    (0)   :  0.004 0.004 0.012 0.290 0.174 0.076 0.295 0.069 0.077 
186    (0)   :  0.005 0.005 0.009 0.047 0.130 0.227 0.162 0.310 0.105 
187    (0)   :  0.004 0.005 0.008 0.170 0.136 0.171 0.228 0.186 0.091 
188    (0)   :  0.005 0.005 0.010 0.040 0.170 0.243 0.119 0.320 0.088 
189    (0)   :  0.004 0.005 0.008 0.083 0.135 0.210 0.279 0.089 0.186 
190    (0)   :  0.004 0.004 0.012 0.082 0.436 0.069 0.242 0.078 0.074 
191    (0)   :  0.005 0.005 0.014 0.074 0.160 0.250 0.191 0.211 0.091 
192    (0)   :  0.004 0.004 0.009 0.075 0.082 0.187 0.325 0.208 0.105 
193    (0)   :  0.005 0.004 0.014 0.066 0.154 0.214 0.283 0.143 0.116 
194    (0)   :  0.005 0.006 0.009 0.061 0.137 0.150 0.354 0.162 0.115 
195    (0)   :  0.004 0.005 0.009 0.128 0.251 0.096 0.330 0.097 0.079 
196    (0)   :  0.004 0.004 0.012 0.083 0.357 0.099 0.229 0.122 0.090 
197    (0)   :  0.005 0.005 0.010 0.137 0.145 0.231 0.149 0.208 0.109 
198    (0)   :  0.004 0.005 0.009 0.066 0.127 0.205 0.227 0.173 0.183 
199    (0)   :  0.004 0.004 0.013 0.049 0.326 0.099 0.289 0.111 0.104 
200    (0)   :  0.004 0.004 0.015 0.079 0.367 0.141 0.189 0.091 0.109 
201    (0)   :  0.004 0.004 0.008 0.280 0.153 0.121 0.233 0.117 0.079 
202    (0)   :  0.004 0.004 0.010 0.082 0.168 0.083 0.458 0.109 0.080 
203    (0)   :  0.004 0.005 0.012 0.247 0.179 0.118 0.249 0.110 0.075 
204    (0)   :  0.005 0.004 0.012 0.075 0.293 0.111 0.289 0.132 0.080 
205    (0)   :  0.004 0.005 0.011 0.065 0.281 0.157 0.214 0.151 0.113 
206    (0)   :  0.005 0.005 0.010 0.099 0.302 0.139 0.236 0.127 0.077 
207    (0)   :  0.004 0.004 0.015 0.046 0.284 0.126 0.237 0.204 0.079 
208    (0)   :  0.004 0.004 0.010 0.207 0.266 0.120 0.171 0.135 0.083 
209    (0)   :  0.004 0.005 0.014 0.062 0.164 0.219 0.257 0.180 0.095 
210    (0)   :  0.004 0.005 0.010 0.103 0.230 0.131 0.250 0.178 0.088 
211    (0)   :  0.005 0.004 0.025 0.068 0.311 0.100 0.254 0.159 0.074 
212    (0)   :  0.004 0.004 0.010 0.110 0.139 0.132 0.417 0.087 0.098 
213    (0)   :  0.004 0.005 0.013 0.051 0.219 0.099 0.253 0.191 0.166 
214    (0)   :  0.004 0.004 0.011 0.100 0.154 0.115 0.435 0.098 0.078 
215    (0)   :  0.004 0.004 0.014 0.063 0.321 0.157 0.154 0.185 0.098 
216    (0)   :  0.006 0.004 0.011 0.053 0.177 0.292 0.200 0.149 0.108 
217    (0)   :  0.004 0.004 0.009 0.112 0.195 0.129 0.365 0.097 0.085 
218    (0)   :  0.005 0.005 0.011 0.077 0.187 0.171 0.254 0.178 0.112 
219    (0)   :  0.006 0.005 0.008 0.114 0.135 0.255 0.252 0.108 0.116 
220    (0)   :  0.005 0.005 0.012 0.070 0.262 0.154 0.201 0.211 0.081 
221    (0)   :  0.004 0.004 0.011 0.059 0.135 0.080 0.558 0.072 0.078 
222    (0)   :  0.005 0.004 0.008 0.064 0.122 0.304 0.233 0.153 0.106 
223    (0)   :  0.004 0.005 0.008 0.183 0.131 0.165 0.252 0.144 0.109 
224    (0)   :  0.005 0.006 0.010 0.121 0.183 0.144 0.335 0.118 0.077 
225    (0)   :  0.004 0.004 0.010 0.069 0.233 0.139 0.299 0.142 0.099 
226    (0)   :  0.006 0.005 0.012 0.074 0.171 0.213 0.221 0.114 0.182 
227    (0)   :  0.004 0.005 0.011 0.106 0.270 0.095 0.278 0.153 0.078 
228    (0)   :  0.004 0.004 0.012 0.126 0.324 0.086 0.284 0.084 0.075 
229    (0)   :  0.004 0.005 0.010 0.103 0.100 0.167 0.371 0.162 0.078 
230    (0)   :  0.005 0.005 0.013 0.088 0.142 0.161 0.351 0.158 0.078 
231    (0)   :  0.004 0.005 0.011 0.153 0.122 0.218 0.265 0.133 0.089 
232    (0)   :  0.005 0.004 0.011 0.057 0.129 0.112 0.379 0.131 0.171 
233    (0)   :  0.004 0.004 0.010 0.281 0.125 0.123 0.274 0.100 0.079 
234    (0)   :  0.004 0.004 0.010 0.110 0.107 0.242 0.234 0.170 0.120 
235    (0)   :  0.004 0.004 0.009 0.077 0.183 0.159 0.324 0.127 0.112 
236    (0)   :  0.004 0.004 0.011 0.122 0.131 0.166 0.346 0.121 0.095 
237    (0)   :  0.004 0.004 0.018 0.069 0.325 0.146 0.194 0.145 0.095 
238    (0)   :  0.004 0.004 0.009 0.093 0.121 0.120 0.428 0.131 0.089 
239    (0)   :  0.004 0.005 0.009 0.130 0.246 0.096 0.333 0.098 0.080 
240    (0)   :  0.004 0.004 0.010 0.092 0.120 0.121 0.430 0.130 0.089 
241    (0)   :  0.005 0.005 0.010 0.079 0.144 0.094 0.474 0.091 0.098 
242    (0)   :  0.005 0.005 0.010 0.084 0.189 0.206 0.261 0.118 0.121 
243    (0)   :  0.004 0.004 0.014 0.085 0.404 0.088 0.229 0.099 0.073 
244    (0)   :  0.004 0.004 0.013 0.131 0.178 0.132 0.343 0.117 0.078 
245    (0)   :  0.004 0.005 0.008 0.247 0.124 0.090 0.326 0.100 0.096 
246    (0)   :  0.004 0.004 0.009 0.112 0.196 0.130 0.362 0.096 0.086 
247    (0)   :  0.004 0.004 0.009 0.044 0.152 0.138 0.147 0.328 0.173 
248    (0)   :  0.004 0.004 0.012 0.053 0.322 0.150 0.136 0.221 0.095 
249    (0)   :  0.005 0.004 0.012 0.069 0.124 0.137 0.440 0.131 0.078 
250    (0)   :  0.005 0.004 0.011 0.082 0.105 0.195 0.348 0.157 0.093 
251    (0)   :  0.005 0.005 0.015 0.070 0.240 0.219 0.174 0.116 0.157 
252    (0)   :  0.004 0.004 0.008 0.083 0.163 0.143 0.349 0.146 0.100 
253    (0)   :  0.004 0.004 0.010 0.048 0.227 0.144 0.214 0.188 0.160 
254    (0)   :  0.005 0.004 0.009 0.088 0.167 0.272 0.219 0.148 0.089 
255    (0)   :  0.004 0.004 0.011 0.072 0.111 0.230 0.288 0.184 0.095 
256    (0)   :  0.005 0.004 0.011 0.069 0.198 0.124 0.383 0.115 0.092 
257    (0)   :  0.008 0.011 0.014 0.074 0.228 0.146 0.256 0.162 0.101 
258    (0)   :  0.004 0.004 0.012 0.082 0.277 0.149 0.163 0.174 0.134 
259    (0)   :  0.005 0.005 0.011 0.064 0.160 0.203 0.300 0.158 0.093 
260    (0)   :  0.005 0.004 0.009 0.107 0.093 0.274 0.293 0.124 0.091 
261    (0)   :  0.004 0.004 0.008 0.118 0.196 0.122 0.339 0.107 0.103 
262    (0)   :  0.004 0.004 0.010 0.086 0.312 0.085 0.339 0.075 0.084 
263    (0)   :  0.006 0.004 0.012 0.067 0.307 0.210 0.175 0.140 0.078 
264    (0)   :  0.007 0.004 0.011 0.036 0.152 0.394 0.115 0.162 0.120 
265    (0)   :  0.004 0.004 0.009 0.116 0.192 0.197 0.221 0.146 0.111 
266    (0)   :  0.004 0.004 0.010 0.093 0.170 0.081 0.484 0.075 0.080 
267    (0)   :  0.004 0.004 0.013 0.083 0.158 0.184 0.298 0.166 0.090 
268    (0)   :  0.004 0.004 0.012 0.082 0.355 0.100 0.228 0.123 0.090 
269    (0)   :  0.004 0.004 0.009 0.120 0.135 0.270 0.219 0.106 0.133 
270    (0)   :  0.006 0.009 0.011 0.070 0.185 0.265 0.176 0.168 0.110 
271    (0)   :  0.005 0.004 0.013 0.069 0.304 0.142 0.178 0.170 0.114 
272    (0)   :  0.006 0.005 0.016 0.072 0.280 0.156 0.175 0.120 0.169 
273    (0)   :  0.022 0.043 0.022 0.095 0.115 0.179 0.237 0.148 0.139 
274    (0)   :  0.005 0.005 0.011 0.072 0.200 0.215 0.214 0.145 0.134 
275    (0)   :  0.008 0.024 0.015 0.109 0.179 0.244 0.190 0.111 0.119 
276    (0)   :  0.006 0.005 0.018 0.045 0.289 0.144 0.205 0.142 0.146 
277    (0)   :  0.004 0.004 0.008 0.093 0.120 0.185 0.326 0.148 0.111 
278    (0)   :  0.004 0.004 0.013 0.082 0.391 0.131 0.147 0.131 0.098 
279    (0)   :  0.005 0.004 0.011 0.079 0.173 0.179 0.296 0.141 0.113 
280    (0)   :  0.004 0.004 0.009 0.088 0.200 0.198 0.230 0.115 0.151 
281    (0)   :  0.005 0.004 0.011 0.071 0.193 0.151 0.232 0.203 0.129 
282    (0)   :  0.004 0.004 0.008 0.144 0.093 0.170 0.358 0.123 0.096 
283    (0)   :  0.004 0.005 0.009 0.162 0.098 0.130 0.385 0.130 0.077 
284    (0)   :  0.004 0.009 0.014 0.117 0.150 0.158 0.257 0.176 0.115 
285    (0)   :  0.004 0.004 0.014 0.038 0.356 0.146 0.109 0.202 0.126 
286    (0)   :  0.004 0.005 0.013 0.130 0.176 0.133 0.344 0.118 0.078 
287    (0)   :  0.005 0.005 0.008 0.087 0.139 0.188 0.245 0.171 0.151 
288    (0)   :  0.006 0.006 0.012 0.070 0.187 0.223 0.201 0.149 0.145 
289    (0)   :  0.007 0.011 0.016 0.066 0.217 0.180 0.167 0.217 0.118 
290    (0)   :  0.006 0.004 0.021 0.046 0.234 0.188 0.252 0.127 0.122 
291    (0)   :  0.005 0.004 0.014 0.069 0.304 0.141 0.178 0.170 0.115 
292    (0)   :  0.004 0.004 0.009 0.083 0.248 0.139 0.262 0.092 0.158 
293    (0)   :  0.005 0.004 0.018 0.048 0.256 0.220 0.153 0.134 0.162 
294    (0)   :  0.007 0.005 0.012 0.050 0.315 0.213 0.179 0.134 0.086 
295    (0)   :  0.006 0.011 0.022 0.071 0.261 0.158 0.174 0.139 0.158 
296    (0)   :  0.004 0.004 0.014 0.074 0.297 0.127 0.193 0.183 0.103 
297    (0)   :  0.004 0.004 0.009 0.060 0.152 0.248 0.222 0.149 0.151 
298    (0)   :  0.004 0.004 0.008 0.095 0.077 0.196 0.362 0.160 0.093 
299    (0)   :  0.006 0.005 0.010 0.064 0.161 0.270 0.208 0.198 0.077 
300    (0)   :  0.005 0.005 0.014 0.050 0.302 0.157 0.190 0.171 0.108 
301    (0)   :  0.005 0.008 0.011 0.069 0.178 0.349 0.161 0.113 0.106 
302    (0)   :  0.006 0.009 0.015 0.066 0.417 0.170 0.130 0.100 0.087 
303    (0)   :  0.005 0.005 0.011 0.110 0.154 0.149 0.336 0.119 0.110 
304    (0)   :  0.006 0.008 0.010 0.214 0.067 0.240 0.194 0.155 0.107 
305    (0)   :  0.005 0.010 0.012 0.119 0.299 0.118 0.255 0.089 0.094 
306    (0)   :  0.004 0.004 0.009 0.080 0.145 0.148 0.407 0.101 0.101 
307    (0)   :  0.005 0.005 0.011 0.069 0.147 0.194 0.333 0.125 0.112 
308    (0)   :  0.004 0.004 0.008 0.117 0.197 0.121 0.340 0.106 0.102 
309    (0)   :  0.019 0.034 0.035 0.082 0.201 0.145 0.157 0.236 0.090 
310    (0)   :  0.004 0.004 0.011 0.089 0.270 0.110 0.328 0.105 0.078 
311    (0)   :  0.005 0.005 0.013 0.087 0.142 0.161 0.353 0.157 0.077 
312    (0)   :  0.004 0.005 0.013 0.072 0.274 0.117 0.190 0.242 0.082 
313    (0)   :  0.005 0.005 0.011 0.045 0.448 0.113 0.144 0.139 0.090 
314    (0)   :  0.005 0.028 0.012 0.279 0.100 0.083 0.327 0.072 0.095 
315    (0)   :  0.004 0.023 0.008 0.357 0.096 0.093 0.204 0.073 0.141 
316    (0)   :  0.006 0.055 0.010 0.375 0.066 0.105 0.156 0.078 0.150 
317    (0)   :  0.005 0.027 0.012 0.330 0.066 0.087 0.306 0.073 0.095 
318    (0)   :  0.005 0.045 0.009 0.463 0.049 0.093 0.166 0.073 0.098 
319    (0)   :  0.005 0.004 0.009 0.210 0.069 0.082 0.460 0.074 0.087 
320    (0)   :  0.005 0.028 0.011 0.279 0.101 0.083 0.327 0.071 0.095 
321    (0)   :  0.005 0.064 0.011 0.306 0.059 0.094 0.288 0.073 0.100 
322    (0)   :  0.008 0.030 0.012 0.238 0.101 0.097 0.295 0.079 0.142 
323    (0)   :  0.011 0.017 0.008 0.425 0.053 0.095 0.221 0.076 0.092 
324    (0)   :  0.005 0.065 0.011 0.307 0.059 0.093 0.286 0.073 0.099 
325    (0)   :  0.005 0.074 0.009 0.384 0.061 0.100 0.146 0.076 0.145 
326    (0)   :  0.007 0.245 0.010 0.212 0.059 0.093 0.166 0.077 0.130 
327    (0)   :  0.005 0.028 0.011 0.328 0.067 0.087 0.305 0.074 0.095 
328    (0)   :  0.005 0.035 0.009 0.222 0.084 0.099 0.325 0.077 0.143 
329    (0)   :  0.004 0.007 0.008 0.385 0.049 0.091 0.292 0.072 0.092 
330    (0)   :  0.005 0.027 0.011 0.333 0.066 0.087 0.304 0.073 0.095 
331    (0)   :  0.005 0.013 0.008 0.457 0.052 0.092 0.206 0.075 0.093 
332    (0)   :  0.010 0.226 0.009 0.222 0.059 0.098 0.169 0.076 0.130 
333    (0)   :  0.007 0.183 0.009 0.210 0.067 0.092 0.226 0.079 0.127 
334    (0)   :  0.005 0.035 0.009 0.221 0.084 0.099 0.326 0.078 0.142 
335    (0)   :  0.005 0.013 0.009 0.238 0.088 0.089 0.349 0.076 0.132 
336    (0)   :  0.009 0.180 0.010 0.249 0.074 0.092 0.218 0.072 0.096 
337    (0)   :  0.005 0.096 0.012 0.242 0.075 0.099 0.248 0.076 0.146 
338    (0)   :  0.005 0.173 0.009 0.309 0.049 0.094 0.190 0.074 0.097 
339    (0)   :  0.004 0.012 0.008 0.459 0.053 0.091 0.205 0.075 0.094 
340    (0)   :  0.004 0.007 0.008 0.461 0.056 0.084 0.217 0.074 0.088 
341    (0)   :  0.010 0.087 0.010 0.282 0.055 0.091 0.296 0.076 0.092 
342    (0)   :  0.005 0.028 0.012 0.330 0.067 0.087 0.305 0.073 0.094 
343    (0)   :  0.011 0.040 0.010 0.171 0.115 0.098 0.350 0.074 0.131 
344    (0)   :  0.004 0.014 0.008 0.467 0.049 0.091 0.202 0.072 0.093 
345    (0)   :  0.005 0.027 0.011 0.329 0.066 0.086 0.307 0.074 0.095 
346    (0)   :  0.005 0.020 0.009 0.489 0.053 0.087 0.171 0.073 0.093 
347    (0)   :  0.004 0.006 0.008 0.472 0.053 0.083 0.212 0.073 0.089 
348    (0)   :  0.004 0.013 0.010 0.196 0.136 0.085 0.359 0.073 0.125 
349    (0)   :  0.005 0.028 0.011 0.329 0.067 0.086 0.307 0.073 0.094 
350    (0)   :  0.004 0.007 0.008 0.385 0.081 0.089 0.260 0.072 0.094 
351    (0)   :  0.005 0.014 0.010 0.239 0.088 0.090 0.348 0.076 0.132 
352    (0)   :  0.005 0.044 0.012 0.271 0.091 0.093 0.266 0.077 0.140 
353    (0)   :  0.009 0.179 0.009 0.250 0.074 0.092 0.218 0.072 0.096 
354    (0)   :  0.006 0.019 0.009 0.439 0.051 0.094 0.212 0.075 0.095 
355    (0)   :  0.005 0.045 0.009 0.465 0.049 0.093 0.163 0.073 0.098 
356    (0)   :  0.004 0.005 0.009 0.097 0.126 0.082 0.483 0.073 0.121 
357    (0)   :  0.004 0.006 0.009 0.262 0.070 0.182 0.169 0.085 0.212 
358    (0)   :  0.005 0.152 0.008 0.258 0.060 0.097 0.212 0.076 0.132 
359    (0)   :  0.005 0.105 0.008 0.324 0.053 0.092 0.245 0.075 0.094 
360    (0)   :  0.005 0.020 0.009 0.488 0.053 0.087 0.173 0.073 0.093 
361    (0)   :  0.004 0.006 0.010 0.106 0.091 0.178 0.306 0.086 0.213 
362    (0)   :  0.005 0.012 0.012 0.066 0.137 0.167 0.127 0.158 0.316 
363    (0)   :  0.007 0.008 0.013 0.042 0.093 0.219 0.111 0.248 0.259 
364    (0)   :  0.012 0.008 0.018 0.087 0.091 0.275 0.256 0.137 0.116 
365    (0)   :  0.015 0.009 0.026 0.046 0.082 0.262 0.124 0.122 0.314 
366    (0)   :  0.006 0.007 0.016 0.057 0.200 0.246 0.184 0.105 0.179 
367    (0)   :  0.005 0.004 0.010 0.035 0.055 0.121 0.088 0.330 0.353 
368    (0)   :  0.005 0.005 0.011 0.049 0.076 0.205 0.149 0.348 0.153 
369    (0)   :  0.006 0.013 0.021 0.057 0.143 0.241 0.280 0.115 0.125 
370    (0)   :  0.011 0.028 0.020 0.052 0.094 0.192 0.147 0.325 0.131 
371    (0)   :  0.009 0.022 0.017 0.057 0.108 0.366 0.171 0.138 0.112 
372    (0)   :  0.038 0.028 0.039 0.069 0.120 0.147 0.187 0.249 0.123 
373    (0)   :  0.005 0.005 0.014 0.051 0.074 0.166 0.220 0.281 0.184 
374    (0)   :  0.006 0.007 0.024 0.061 0.076 0.208 0.288 0.146 0.185 
375    (0)   :  0.014 0.009 0.015 0.041 0.057 0.328 0.108 0.262 0.166 
376    (0)   :  0.110 0.007 0.013 0.038 0.055 0.202 0.100 0.136 0.338 
377    (0)   :  0.007 0.015 0.016 0.069 0.141 0.198 0.115 0.194 0.247 
378    (0)   :  0.005 0.012 0.014 0.115 0.087 0.095 0.174 0.282 0.216 
379    (0)   :  0.188 0.010 0.015 0.034 0.066 0.184 0.091 0.163 0.249 
380    (0)   :  0.010 0.011 0.016 0.059 0.092 0.180 0.235 0.094 0.303 
381    (0)   :  0.008 0.006 0.014 0.046 0.112 0.297 0.237 0.081 0.199 
382    (0)   :  0.004 0.007 0.009 0.049 0.058 0.383 0.100 0.189 0.200 
383    (0)   :  0.010 0.172 0.012 0.079 0.063 0.227 0.115 0.101 0.221 
384    (0)   :  0.040 0.062 0.021 0.081 0.059 0.294 0.136 0.148 0.160 
385    (0)   :  0.006 0.083 0.155 0.095 0.060 0.226 0.133 0.127 0.116 
386    (0)   :  0.004 0.004 0.010 0.040 0.073 0.207 0.110 0.203 0.348 
387    (0)   :  0.005 0.004 0.011 0.063 0.075 0.214 0.107 0.204 0.317 
388    (0)   :  0.014 0.011 0.029 0.093 0.059 0.235 0.219 0.165 0.176 
389    (0)   :  0.009 0.021 0.058 0.049 0.279 0.191 0.114 0.183 0.097 
390    (0)   :  0.020 0.024 0.023 0.040 0.103 0.110 0.110 0.194 0.375 
391    (0)   :  0.012 0.013 0.058 0.044 0.120 0.141 0.189 0.254 0.168 
392    (0)   :  0.007 0.004 0.009 0.080 0.091 0.189 0.165 0.168 0.288 
393    (0)   :  0.007 0.006 0.012 0.060 0.086 0.137 0.164 0.091 0.438 
394    (0)   :  0.004 0.013 0.008 0.114 0.078 0.124 0.195 0.172 0.292 
395    (0)   :  0.004 0.004 0.009 0.052 0.175 0.110 0.127 0.223 0.296 
396    (0)   :  0.005 0.004 0.010 0.032 0.064 0.291 0.094 0.319 0.181 
397    (0)   :  0.050 0.005 0.009 0.066 0.124 0.279 0.238 0.132 0.095 
398    (0)   :  0.038 0.005 0.009 0.037 0.064 0.105 0.095 0.182 0.465 
399    (0)   :  0.004 0.010 0.017 0.042 0.101 0.107 0.118 0.370 0.231 
400    (0)   :  0.006 0.004 0.012 0.039 0.067 0.226 0.171 0.200 0.274 
401    (0)   :  0.004 0.004 0.012 0.052 0.126 0.084 0.153 0.274 0.291 
402    (0)   :  0.006 0.005 0.013 0.055 0.146 0.192 0.154 0.252 0.177 
403    (0)   :  0.006 0.005 0.027 0.168 0.085 0.144 0.252 0.138 0.174 
404    (0)   :  0.006 0.004 0.017 0.046 0.068 0.290 0.205 0.197 0.167 
405    (0)   :  0.004 0.005 0.009 0.051 0.110 0.219 0.172 0.144 0.286 
406    (0)   :  0.004 0.005 0.010 0.045 0.143 0.108 0.236 0.101 0.347 
407    (0)   :  0.004 0.004 0.009 0.032 0.061 0.217 0.096 0.140 0.437 
408    (0)   :  0.004 0.004 0.010 0.032 0.179 0.082 0.096 0.435 0.159 
409    (0)   :  0.010 0.011 0.017 0.045 0.081 0.094 0.369 0.100 0.274 
410    (0)   :  0.075 0.011 0.015 0.062 0.084 0.131 0.145 0.188 0.289 
411    (0)   :  0.014 0.016 0.010 0.091 0.116 0.295 0.127 0.142 0.189 
412    (0)   :  0.005 0.005 0.011 0.047 0.072 0.239 0.138 0.300 0.184 
413    (0)   :  0.004 0.011 0.009 0.109 0.075 0.148 0.164 0.266 0.213 
414    (0)   :  0.004 0.008 0.014 0.045 0.072 0.262 0.080 0.377 0.137 
415    (0)   :  0.005 0.004 0.011 0.034 0.126 0.205 0.140 0.154 0.320 
416    (0)   :  0.005 0.004 0.026 0.043 0.095 0.161 0.208 0.191 0.267 
417    (0)   :  0.005 0.007 0.010 0.037 0.063 0.148 0.115 0.162 0.454 
418    (0)   :  0.006 0.004 0.009 0.037 0.054 0.204 0.107 0.378 0.200 
419    (0)   :  0.010 0.009 0.024 0.079 0.083 0.135 0.233 0.168 0.260 
420    (0)   :  0.004 0.004 0.012 0.032 0.172 0.086 0.129 0.261 0.301 
421    (0)   :  0.006 0.007 0.010 0.037 0.070 0.128 0.125 0.277 0.341 
422    (0)   :  0.005 0.004 0.011 0.042 0.197 0.119 0.142 0.150 0.329 
423    (0)   :  0.007 0.005 0.010 0.066 0.094 0.233 0.135 0.198 0.253 
424    (0)   :  0.007 0.009 0.030 0.057 0.137 0.113 0.141 0.226 0.279 
425    (0)   :  0.017 0.008 0.038 0.076 0.085 0.299 0.153 0.149 0.175 
426    (0)   :  0.027 0.031 0.031 0.064 0.081 0.157 0.152 0.217 0.240 
427    (0)   :  0.005 0.008 0.009 0.125 0.055 0.102 0.089 0.132 0.475 
428    (0)   :  0.017 0.006 0.010 0.074 0.109 0.098 0.219 0.105 0.362 
429    (0)   :  0.005 0.004 0.009 0.034 0.054 0.199 0.090 0.220 0.384 
430    (0)   :  0.005 0.005 0.010 0.036 0.061 0.147 0.105 0.141 0.491 
431    (0)   :  0.009 0.014 0.019 0.080 0.100 0.206 0.140 0.265 0.167 
432    (0)   :  0.005 0.005 0.011 0.050 0.085 0.175 0.156 0.324 0.189 
433    (0)   :  0.007 0.006 0.009 0.098 0.120 0.162 0.305 0.170 0.122 
434    (0)   :  0.005 0.005 0.013 0.050 0.092 0.290 0.226 0.143 0.176 
435    (0)   :  0.004 0.004 0.008 0.035 0.066 0.108 0.090 0.144 0.541 
436    (0)   :  0.006 0.005 0.011 0.037 0.067 0.105 0.140 0.124 0.505 
437    (0)   :  0.006 0.005 0.008 0.038 0.070 0.423 0.102 0.129 0.218 
438    (0)   :  0.005 0.006 0.011 0.039 0.109 0.075 0.167 0.141 0.447 
439    (0)   :  0.004 0.004 0.009 0.038 0.050 0.099 0.107 0.094 0.595 
440    (0)   :  0.004 0.004 0.009 0.031 0.066 0.143 0.079 0.147 0.516 
441    (0)   :  0.004 0.005 0.010 0.051 0.062 0.138 0.154 0.100 0.474 
442    (0)   :  0.006 0.004 0.024 0.032 0.088 0.227 0.121 0.228 0.270 
443    (0)   :  0.004 0.005 0.014 0.033 0.152 0.091 0.093 0.216 0.392 
444    (0)   :  0.005 0.004 0.023 0.032 0.100 0.221 0.113 0.181 0.321 
445    (0)   :  0.039 0.005 0.011 0.044 0.082 0.111 0.213 0.093 0.403 
446    (0)   :  0.047 0.006 0.011 0.038 0.048 0.090 0.100 0.170 0.490 
447    (0)   :  0.005 0.005 0.028 0.045 0.082 0.116 0.175 0.122 0.422 
448    (0)   :  0.004 0.005 0.010 0.037 0.073 0.178 0.107 0.157 0.428 
449    (0)   :  0.004 0.005 0.010 0.047 0.073 0.174 0.154 0.133 0.400 
450    (0)   :  0.007 0.005 0.012 0.054 0.045 0.302 0.148 0.130 0.298 
451    (0)   :  0.004 0.005 0.010 0.032 0.093 0.155 0.081 0.416 0.204 
452    (0)   :  0.005 0.004 0.009 0.053 0.053 0.182 0.152 0.137 0.405 
453    (0)   :  0.004 0.005 0.018 0.036 0.230 0.094 0.177 0.174 0.263 
454    (0)   :  0.004 0.010 0.009 0.062 0.075 0.188 0.132 0.115 0.403 
455    (0)   :  0.004 0.005 0.010 0.033 0.072 0.100 0.097 0.127 0.552 
456    (0)   :  0.005 0.005 0.012 0.033 0.161 0.135 0.095 0.133 0.423 
457    (0)   :  0.005 0.004 0.009 0.038 0.064 0.242 0.109 0.113 0.415 
458    (0)   :  0.040 0.005 0.010 0.038 0.055 0.119 0.114 0.116 0.502 
459    (0)   :  0.004 0.005 0.010 0.047 0.050 0.087 0.164 0.117 0.517 
460    (0)   :  0.004 0.005 0.010 0.035 0.055 0.091 0.089 0.144 0.567 
461    (0)   :  0.006 0.004 0.010 0.037 0.045 0.151 0.096 0.238 0.413 
462    (0)   :  0.007 0.006 0.045 0.031 0.101 0.199 0.077 0.176 0.359 
463    (0)   :  0.004 0.005 0.010 0.041 0.198 0.096 0.130 0.099 0.418 
464    (0)   :  0.004 0.004 0.009 0.032 0.089 0.088 0.093 0.175 0.505 
465    (0)   :  0.006 0.005 0.011 0.038 0.090 0.108 0.115 0.224 0.403 
466    (0)   :  0.004 0.004 0.009 0.033 0.151 0.090 0.105 0.185 0.418 
467    (0)   :  0.005 0.005 0.011 0.045 0.089 0.147 0.130 0.124 0.445 
468    (0)   :  0.005 0.004 0.008 0.032 0.095 0.163 0.093 0.099 0.499 
469    (0)   :  0.004 0.005 0.009 0.035 0.049 0.092 0.090 0.083 0.634 
470    (0)   :  0.004 0.004 0.008 0.035 0.057 0.088 0.090 0.139 0.574 
471    (0)   :  0.005 0.004 0.016 0.037 0.188 0.170 0.116 0.189 0.275 
472    (0)   :  0.006 0.004 0.012 0.034 0.107 0.198 0.119 0.152 0.367 
473    (0)   :  0.004 0.005 0.009 0.049 0.097 0.211 0.147 0.135 0.343 
474    (0)   :  0.004 0.004 0.010 0.047 0.078 0.168 0.158 0.131 0.399 
475    (0)   :  0.005 0.004 0.010 0.052 0.074 0.099 0.178 0.216 0.363 
476    (0)   :  0.006 0.005 0.010 0.035 0.074 0.246 0.111 0.111 0.402 
477    (0)   :  0.006 0.006 0.020 0.039 0.091 0.122 0.153 0.225 0.339 
478    (0)   :  0.007 0.005 0.021 0.036 0.062 0.095 0.089 0.344 0.339 
479    (0)   :  0.004 0.004 0.009 0.035 0.055 0.144 0.089 0.131 0.529 
480    (0)   :  0.005 0.005 0.008 0.037 0.057 0.208 0.104 0.104 0.472 
481    (0)   :  0.005 0.004 0.016 0.037 0.111 0.265 0.115 0.195 0.253 
482    (0)   :  0.005 0.004 0.008 0.035 0.051 0.168 0.094 0.151 0.483 
483    (0)   :  0.005 0.006 0.009 0.038 0.052 0.101 0.112 0.129 0.548 
484    (0)   :  0.005 0.005 0.014 0.038 0.141 0.087 0.107 0.109 0.496 
485    (0)   :  0.005 0.006 0.009 0.036 0.058 0.089 0.091 0.126 0.581 
486    (0)   :  0.007 0.005 0.022 0.043 0.283 0.208 0.134 0.173 0.125 
487    (0)   :  0.007 0.005 0.023 0.093 0.142 0.268 0.180 0.161 0.121 
488    (0)   :  0.007 0.006 0.049 0.118 0.138 0.180 0.121 0.261 0.120 
489    (0)   :  0.006 0.005 0.013 0.047 0.138 0.337 0.255 0.111 0.087 
490    (0)   :  0.005 0.004 0.015 0.037 0.178 0.190 0.099 0.304 0.168 
491    (0)   :  0.007 0.005 0.034 0.056 0.160 0.225 0.274 0.133 0.106 
492    (0)   :  0.004 0.005 0.032 0.149 0.125 0.105 0.213 0.239 0.127 
493    (0)   :  0.008 0.006 0.034 0.103 0.190 0.278 0.100 0.196 0.086 
494    (0)   :  0.018 0.005 0.030 0.051 0.158 0.243 0.242 0.133 0.119 
495    (0)   :  0.019 0.006 0.096 0.106 0.123 0.151 0.168 0.222 0.108 
496    (0)   :  0.005 0.006 0.009 0.065 0.125 0.140 0.385 0.123 0.142 
497    (0)   :  0.012 0.009 0.060 0.112 0.142 0.273 0.176 0.118 0.099 
498    (0)   :  0.008 0.007 0.043 0.036 0.132 0.255 0.195 0.206 0.119 
499    (0)   :  0.014 0.007 0.015 0.099 0.149 0.228 0.276 0.105 0.108 
500    (0)   :  0.009 0.005 0.011 0.066 0.167 0.387 0.130 0.114 0.111 
501    (0)   :  0.008 0.004 0.013 0.064 0.075 0.238 0.285 0.153 0.159 
502    (0)   :  0.006 0.005 0.024 0.073 0.057 0.140 0.302 0.245 0.149 
503    (0)   :  0.005 0.004 0.010 0.043 0.088 0.347 0.128 0.181 0.194 
504    (0)   :  0.007 0.005 0.064 0.039 0.135 0.133 0.151 0.322 0.144 
505    (0)   :  0.007 0.004 0.018 0.050 0.246 0.159 0.241 0.172 0.104 
506    (0)   :  0.005 0.004 0.026 0.062 0.090 0.140 0.300 0.258 0.114 
507    (0)   :  0.005 0.005 0.009 0.099 0.145 0.098 0.465 0.080 0.093 
508    (0)   :  0.010 0.006 0.015 0.158 0.179 0.103 0.351 0.095 0.083 
509    (0)   :  0.006 0.004 0.014 0.090 0.188 0.136 0.294 0.147 0.122 
510    (0)   :  0.010 0.004 0.011 0.089 0.084 0.280 0.298 0.131 0.091 
511    (0)   :  0.008 0.005 0.021 0.038 0.118 0.230 0.162 0.193 0.224 
512    (0)   :  0.006 0.004 0.014 0.036 0.074 0.356 0.104 0.196 0.210 
513    (0)   :  0.006 0.007 0.272 0.058 0.201 0.090 0.127 0.167 0.073 
514    (0)   :  0.006 0.008 0.012 0.077 0.092 0.119 0.145 0.376 0.165 
515    (0)   :  0.009 0.005 0.014 0.121 0.150 0.129 0.169 0.106 0.297 
516    (0)   :  0.007 0.005 0.013 0.042 0.167 0.110 0.191 0.343 0.122 
517    (0)   :  0.006 0.006 0.011 0.080 0.169 0.103 0.212 0.149 0.265 
518    (0)   :  0.041 0.005 0.010 0.122 0.083 0.306 0.201 0.128 0.102 
519    (0)   :  0.005 0.005 0.016 0.046 0.084 0.106 0.195 0.362 0.181 
520    (0)   :  0.006 0.006 0.010 0.091 0.157 0.096 0.276 0.086 0.271 
521    (0)   :  0.005 0.083 0.010 0.151 0.110 0.112 0.193 0.221 0.116 
522    (0)   :  0.014 0.006 0.012 0.066 0.228 0.255 0.112 0.127 0.180 
523    (0)   :  0.006 0.015 0.010 0.078 0.249 0.090 0.227 0.123 0.201 
524    (0)   :  0.006 0.006 0.009 0.085 0.129 0.111 0.148 0.131 0.375 
525    (0)   :  0.057 0.007 0.010 0.100 0.120 0.153 0.248 0.095 0.210 
