

----------------------------------------------------
STRUCTURE by Pritchard, Stephens and Donnelly (2000)
     and Falush, Stephens and Pritchard (2003)
       Code by Pritchard, Falush and Hubisz
             Version 2.3.4 (Jul 2012)
----------------------------------------------------



Command line arguments:   ./structure -K 9 -D 109012 -m brooktrout/mainparams -e brooktrout/extraparams -o brooktrout/250914_output/results_K9_rep12 
Input File:    brooktrout/brooktrout.txt

Run parameters:
   8454 individuals
   5 loci
   9 populations assumed
   50000 Burn-in period
   100000 Reps
RANDOMIZE turned off


--------------------------------------------
Overall proportion of membership of the
sample in each of the 9 clusters

Inferred Clusters
  1      2      3      4      5      6      7      8      9    
0.009  0.013  0.032  0.082  0.137  0.152  0.188  0.191  0.195  

--------------------------------------------

Allele-freq. divergence among pops (Net nucleotide distance),
computed using point estimates of P.

      1       2       3       4       5       6       7       8       9      
 1      -    0.1368  0.1550  0.1570  0.1143  0.1331  0.1272  0.1186  0.1117  
 2   0.1368     -    0.1942  0.1609  0.1969  0.2207  0.1890  0.1887  0.1439  
 3   0.1550  0.1942     -    0.1190  0.1398  0.1320  0.1194  0.1942  0.1257  
 4   0.1570  0.1609  0.1190     -    0.1914  0.1646  0.1190  0.1748  0.1445  
 5   0.1143  0.1969  0.1398  0.1914     -    0.1918  0.1552  0.0995  0.0911  
 6   0.1331  0.2207  0.1320  0.1646  0.1918     -    0.0691  0.1864  0.1939  
 7   0.1272  0.1890  0.1194  0.1190  0.1552  0.0691     -    0.1353  0.1526  
 8   0.1186  0.1887  0.1942  0.1748  0.0995  0.1864  0.1353     -    0.0905  
 9   0.1117  0.1439  0.1257  0.1445  0.0911  0.1939  0.1526  0.0905     -    

Average distances (expected heterozygosity) between individuals in same cluster:
cluster  1  : 0.8256 
cluster  2  : 0.7566 
cluster  3  : 0.7380 
cluster  4  : 0.7580 
cluster  5  : 0.7184 
cluster  6  : 0.7060 
cluster  7  : 0.7130 
cluster  8  : 0.7335 
cluster  9  : 0.7728 

--------------------------------------------
Estimated Ln Prob of Data   = -190899.2
Mean value of ln likelihood = -172646.0
Variance of ln likelihood   = 36506.3

Mean value of alpha_1       = 0.0464
Mean value of alpha_2       = 0.0617
Mean value of alpha_3       = 0.1577
Mean value of alpha_4       = 0.4025
Mean value of alpha_5       = 0.6741
Mean value of alpha_6       = 0.7359
Mean value of alpha_7       = 0.9277
Mean value of alpha_8       = 0.9473
Mean value of alpha_9       = 0.9487
Allele frequencies uncorrelated


Inferred ancestry of individuals:
     (%Miss) :  Inferred clusters
  1    (0)   :  0.006 0.008 0.015 0.072 0.134 0.148 0.239 0.255 0.123 
  2    (0)   :  0.004 0.007 0.125 0.057 0.173 0.095 0.172 0.103 0.263 
  3    (0)   :  0.007 0.005 0.020 0.071 0.244 0.099 0.239 0.203 0.113 
  4    (0)   :  0.012 0.006 0.019 0.064 0.096 0.321 0.229 0.124 0.129 
  5    (0)   :  0.006 0.008 0.040 0.067 0.248 0.109 0.142 0.111 0.270 
  6    (0)   :  0.006 0.005 0.020 0.045 0.386 0.117 0.091 0.151 0.179 
  7    (0)   :  0.007 0.006 0.013 0.037 0.168 0.085 0.123 0.229 0.332 
  8    (0)   :  0.025 0.007 0.021 0.048 0.197 0.231 0.176 0.164 0.132 
  9    (0)   :  0.008 0.010 0.070 0.051 0.194 0.091 0.224 0.155 0.198 
 10    (0)   :  0.008 0.007 0.017 0.032 0.217 0.211 0.137 0.187 0.183 
 11    (0)   :  0.005 0.007 0.013 0.033 0.123 0.073 0.134 0.347 0.265 
 12    (0)   :  0.005 0.006 0.032 0.065 0.210 0.136 0.160 0.099 0.288 
 13    (0)   :  0.007 0.007 0.029 0.056 0.212 0.101 0.214 0.136 0.239 
 14    (0)   :  0.005 0.005 0.027 0.143 0.179 0.153 0.196 0.173 0.119 
 15    (0)   :  0.006 0.006 0.021 0.063 0.123 0.207 0.218 0.181 0.175 
 16    (0)   :  0.005 0.008 0.014 0.045 0.201 0.089 0.201 0.292 0.146 
 17    (0)   :  0.009 0.007 0.019 0.096 0.332 0.116 0.154 0.113 0.154 
 18    (0)   :  0.009 0.009 0.153 0.052 0.155 0.148 0.150 0.217 0.107 
 19    (0)   :  0.005 0.005 0.024 0.035 0.355 0.100 0.148 0.141 0.185 
 20    (0)   :  0.005 0.006 0.025 0.058 0.159 0.137 0.146 0.190 0.274 
 21    (0)   :  0.005 0.006 0.025 0.079 0.112 0.212 0.225 0.207 0.130 
 22    (0)   :  0.007 0.006 0.018 0.052 0.338 0.106 0.199 0.141 0.132 
 23    (0)   :  0.009 0.020 0.042 0.102 0.130 0.128 0.312 0.135 0.122 
 24    (0)   :  0.005 0.007 0.017 0.044 0.118 0.127 0.320 0.234 0.128 
 25    (0)   :  0.006 0.006 0.025 0.053 0.315 0.072 0.105 0.152 0.267 
 26    (0)   :  0.008 0.006 0.025 0.056 0.203 0.177 0.186 0.168 0.170 
 27    (0)   :  0.006 0.008 0.017 0.086 0.224 0.121 0.200 0.179 0.159 
 28    (0)   :  0.005 0.007 0.018 0.054 0.103 0.313 0.137 0.230 0.133 
 29    (0)   :  0.004 0.007 0.023 0.050 0.135 0.082 0.234 0.145 0.320 
 30    (0)   :  0.005 0.007 0.023 0.063 0.276 0.087 0.201 0.196 0.141 
 31    (0)   :  0.017 0.009 0.024 0.090 0.143 0.171 0.152 0.141 0.253 
 32    (0)   :  0.005 0.005 0.032 0.052 0.294 0.161 0.192 0.130 0.129 
 33    (0)   :  0.005 0.007 0.021 0.048 0.149 0.090 0.282 0.230 0.167 
 34    (0)   :  0.008 0.014 0.016 0.038 0.244 0.157 0.087 0.190 0.246 
 35    (0)   :  0.011 0.017 0.031 0.171 0.238 0.072 0.191 0.116 0.154 
 36    (0)   :  0.005 0.006 0.024 0.115 0.078 0.071 0.247 0.350 0.104 
 37    (0)   :  0.007 0.006 0.032 0.064 0.142 0.115 0.371 0.115 0.150 
 38    (0)   :  0.006 0.016 0.031 0.062 0.092 0.061 0.138 0.421 0.174 
 39    (0)   :  0.008 0.016 0.024 0.109 0.120 0.092 0.154 0.269 0.208 
 40    (0)   :  0.004 0.007 0.028 0.126 0.136 0.084 0.374 0.145 0.095 
 41    (0)   :  0.008 0.024 0.019 0.131 0.116 0.058 0.243 0.247 0.155 
 42    (0)   :  0.005 0.011 0.014 0.076 0.057 0.095 0.398 0.238 0.106 
 43    (0)   :  0.008 0.010 0.028 0.164 0.115 0.084 0.307 0.108 0.175 
 44    (0)   :  0.007 0.009 0.021 0.284 0.179 0.056 0.187 0.104 0.153 
 45    (0)   :  0.006 0.014 0.052 0.125 0.080 0.062 0.181 0.288 0.192 
 46    (0)   :  0.011 0.008 0.019 0.142 0.252 0.100 0.111 0.156 0.201 
 47    (0)   :  0.016 0.014 0.045 0.060 0.254 0.101 0.226 0.109 0.175 
 48    (0)   :  0.008 0.011 0.032 0.339 0.185 0.060 0.170 0.094 0.103 
 49    (0)   :  0.009 0.026 0.020 0.119 0.125 0.085 0.240 0.198 0.176 
 50    (0)   :  0.011 0.011 0.025 0.066 0.254 0.119 0.093 0.177 0.245 
 51    (0)   :  0.004 0.010 0.021 0.262 0.061 0.059 0.225 0.251 0.106 
 52    (0)   :  0.009 0.017 0.015 0.099 0.119 0.109 0.165 0.271 0.197 
 53    (0)   :  0.007 0.014 0.020 0.063 0.134 0.099 0.179 0.358 0.124 
 54    (0)   :  0.008 0.012 0.075 0.127 0.141 0.100 0.238 0.088 0.213 
 55    (0)   :  0.007 0.008 0.037 0.348 0.120 0.080 0.171 0.095 0.134 
 56    (0)   :  0.006 0.015 0.046 0.173 0.178 0.089 0.224 0.159 0.110 
 57    (0)   :  0.015 0.012 0.018 0.037 0.234 0.225 0.165 0.139 0.155 
 58    (0)   :  0.006 0.013 0.029 0.144 0.089 0.079 0.266 0.202 0.172 
 59    (0)   :  0.006 0.026 0.029 0.107 0.095 0.080 0.196 0.279 0.181 
 60    (0)   :  0.005 0.007 0.026 0.185 0.079 0.135 0.260 0.194 0.109 
 61    (0)   :  0.004 0.007 0.085 0.242 0.066 0.106 0.231 0.093 0.166 
 62    (0)   :  0.013 0.044 0.059 0.078 0.163 0.132 0.128 0.166 0.216 
 63    (0)   :  0.004 0.006 0.031 0.080 0.086 0.098 0.295 0.189 0.210 
 64    (0)   :  0.006 0.011 0.034 0.049 0.262 0.074 0.154 0.239 0.172 
 65    (0)   :  0.005 0.008 0.030 0.056 0.150 0.069 0.106 0.132 0.445 
 66    (0)   :  0.005 0.008 0.064 0.071 0.087 0.149 0.233 0.138 0.245 
 67    (0)   :  0.006 0.007 0.064 0.257 0.119 0.072 0.178 0.094 0.203 
 68    (0)   :  0.007 0.026 0.024 0.116 0.078 0.091 0.216 0.290 0.152 
 69    (0)   :  0.011 0.057 0.026 0.067 0.112 0.167 0.094 0.336 0.131 
 70    (0)   :  0.004 0.008 0.018 0.114 0.067 0.086 0.269 0.296 0.138 
 71    (0)   :  0.006 0.026 0.035 0.151 0.097 0.060 0.139 0.288 0.199 
 72    (0)   :  0.006 0.006 0.020 0.096 0.162 0.067 0.191 0.314 0.137 
 73    (0)   :  0.006 0.027 0.087 0.148 0.090 0.070 0.175 0.151 0.247 
 74    (0)   :  0.004 0.006 0.023 0.092 0.076 0.085 0.319 0.301 0.094 
 75    (0)   :  0.005 0.008 0.027 0.095 0.069 0.097 0.393 0.225 0.082 
 76    (0)   :  0.006 0.006 0.028 0.164 0.113 0.077 0.206 0.145 0.255 
 77    (0)   :  0.005 0.017 0.027 0.092 0.081 0.055 0.196 0.301 0.225 
 78    (0)   :  0.006 0.021 0.034 0.072 0.086 0.056 0.202 0.354 0.169 
 79    (0)   :  0.005 0.006 0.031 0.035 0.146 0.090 0.154 0.235 0.298 
 80    (0)   :  0.005 0.006 0.045 0.037 0.073 0.224 0.335 0.128 0.146 
 81    (0)   :  0.005 0.005 0.050 0.033 0.079 0.230 0.232 0.178 0.187 
 82    (0)   :  0.005 0.009 0.022 0.096 0.093 0.111 0.291 0.133 0.240 
 83    (0)   :  0.005 0.005 0.035 0.054 0.093 0.182 0.209 0.263 0.153 
 84    (0)   :  0.005 0.005 0.025 0.037 0.093 0.172 0.203 0.238 0.222 
 85    (0)   :  0.005 0.005 0.027 0.048 0.127 0.187 0.224 0.246 0.129 
 86    (0)   :  0.007 0.010 0.049 0.148 0.183 0.094 0.144 0.130 0.236 
 87    (0)   :  0.005 0.006 0.033 0.052 0.088 0.096 0.159 0.272 0.289 
 88    (0)   :  0.005 0.005 0.020 0.040 0.079 0.135 0.338 0.156 0.222 
 89    (0)   :  0.006 0.005 0.059 0.034 0.077 0.180 0.302 0.152 0.185 
 90    (0)   :  0.005 0.005 0.030 0.037 0.082 0.105 0.166 0.176 0.394 
 91    (0)   :  0.005 0.005 0.023 0.049 0.088 0.218 0.294 0.206 0.113 
 92    (0)   :  0.005 0.005 0.023 0.042 0.113 0.116 0.237 0.189 0.270 
 93    (0)   :  0.005 0.006 0.018 0.038 0.073 0.394 0.250 0.113 0.103 
 94    (0)   :  0.005 0.006 0.016 0.046 0.071 0.086 0.117 0.464 0.190 
 95    (0)   :  0.005 0.005 0.029 0.036 0.063 0.128 0.246 0.153 0.334 
 96    (0)   :  0.005 0.008 0.034 0.178 0.061 0.117 0.324 0.103 0.171 
 97    (0)   :  0.005 0.008 0.031 0.088 0.072 0.103 0.356 0.244 0.093 
 98    (0)   :  0.004 0.007 0.030 0.082 0.131 0.072 0.307 0.167 0.200 
 99    (0)   :  0.005 0.005 0.045 0.034 0.086 0.163 0.187 0.204 0.272 
100    (0)   :  0.005 0.006 0.078 0.048 0.071 0.194 0.410 0.084 0.104 
101    (0)   :  0.006 0.007 0.042 0.058 0.090 0.110 0.235 0.216 0.237 
102    (0)   :  0.006 0.012 0.022 0.079 0.078 0.177 0.278 0.177 0.172 
103    (0)   :  0.005 0.008 0.214 0.050 0.083 0.144 0.120 0.120 0.255 
104    (0)   :  0.005 0.006 0.018 0.049 0.085 0.145 0.076 0.132 0.485 
105    (0)   :  0.006 0.011 0.029 0.053 0.078 0.192 0.101 0.100 0.429 
106    (0)   :  0.005 0.006 0.017 0.050 0.109 0.055 0.087 0.284 0.387 
107    (0)   :  0.005 0.008 0.060 0.066 0.087 0.152 0.128 0.117 0.377 
108    (0)   :  0.004 0.005 0.056 0.304 0.117 0.091 0.101 0.173 0.147 
109    (0)   :  0.007 0.079 0.022 0.071 0.106 0.066 0.085 0.242 0.323 
110    (0)   :  0.005 0.007 0.018 0.037 0.099 0.061 0.092 0.326 0.354 
111    (0)   :  0.007 0.012 0.028 0.050 0.082 0.089 0.094 0.104 0.535 
112    (0)   :  0.005 0.129 0.015 0.074 0.072 0.065 0.093 0.239 0.309 
113    (0)   :  0.006 0.007 0.079 0.089 0.146 0.112 0.168 0.190 0.204 
114    (0)   :  0.004 0.009 0.020 0.043 0.076 0.174 0.084 0.127 0.462 
115    (0)   :  0.006 0.009 0.018 0.142 0.105 0.081 0.142 0.117 0.379 
116    (0)   :  0.006 0.010 0.020 0.129 0.099 0.056 0.108 0.286 0.286 
117    (0)   :  0.007 0.018 0.017 0.049 0.101 0.069 0.122 0.254 0.363 
118    (0)   :  0.005 0.010 0.062 0.092 0.112 0.093 0.120 0.107 0.400 
119    (0)   :  0.004 0.006 0.029 0.150 0.066 0.121 0.298 0.163 0.163 
120    (0)   :  0.006 0.015 0.022 0.110 0.100 0.107 0.135 0.147 0.358 
121    (0)   :  0.010 0.022 0.022 0.196 0.091 0.065 0.112 0.154 0.328 
122    (0)   :  0.004 0.010 0.021 0.046 0.105 0.085 0.094 0.268 0.366 
123    (0)   :  0.005 0.009 0.031 0.065 0.087 0.105 0.112 0.209 0.377 
124    (0)   :  0.008 0.016 0.038 0.115 0.127 0.076 0.103 0.241 0.277 
125    (0)   :  0.006 0.020 0.018 0.057 0.143 0.067 0.129 0.381 0.180 
126    (0)   :  0.004 0.006 0.020 0.113 0.071 0.099 0.136 0.314 0.237 
127    (0)   :  0.005 0.008 0.029 0.065 0.071 0.093 0.101 0.127 0.502 
128    (0)   :  0.005 0.008 0.042 0.083 0.101 0.093 0.126 0.101 0.441 
129    (0)   :  0.006 0.009 0.099 0.058 0.088 0.078 0.090 0.106 0.466 
130    (0)   :  0.006 0.014 0.035 0.047 0.085 0.151 0.102 0.137 0.423 
131    (0)   :  0.010 0.024 0.033 0.097 0.104 0.062 0.089 0.334 0.246 
132    (0)   :  0.005 0.009 0.075 0.055 0.098 0.070 0.082 0.241 0.366 
133    (0)   :  0.009 0.011 0.057 0.087 0.097 0.117 0.120 0.133 0.369 
134    (0)   :  0.004 0.010 0.021 0.033 0.081 0.051 0.075 0.228 0.496 
135    (0)   :  0.006 0.012 0.025 0.151 0.060 0.271 0.262 0.120 0.093 
136    (0)   :  0.006 0.007 0.021 0.044 0.114 0.433 0.203 0.095 0.078 
137    (0)   :  0.005 0.012 0.017 0.035 0.073 0.327 0.312 0.100 0.119 
138    (0)   :  0.005 0.005 0.016 0.049 0.063 0.521 0.142 0.122 0.078 
139    (0)   :  0.005 0.007 0.088 0.099 0.105 0.252 0.198 0.127 0.120 
140    (0)   :  0.005 0.007 0.021 0.076 0.071 0.254 0.236 0.188 0.142 
141    (0)   :  0.005 0.008 0.023 0.051 0.126 0.415 0.144 0.145 0.082 
142    (0)   :  0.005 0.013 0.031 0.185 0.061 0.274 0.223 0.113 0.095 
143    (0)   :  0.004 0.005 0.018 0.040 0.061 0.352 0.357 0.085 0.078 
144    (0)   :  0.005 0.012 0.019 0.041 0.064 0.317 0.331 0.090 0.120 
145    (0)   :  0.006 0.009 0.024 0.066 0.141 0.298 0.233 0.141 0.083 
146    (0)   :  0.008 0.006 0.015 0.048 0.097 0.284 0.216 0.178 0.146 
147    (0)   :  0.004 0.005 0.015 0.035 0.068 0.475 0.230 0.091 0.076 
148    (0)   :  0.006 0.010 0.023 0.088 0.114 0.352 0.165 0.108 0.134 
149    (0)   :  0.005 0.008 0.025 0.078 0.071 0.384 0.212 0.139 0.078 
150    (0)   :  0.006 0.014 0.021 0.044 0.081 0.321 0.229 0.116 0.168 
151    (0)   :  0.005 0.005 0.020 0.044 0.067 0.361 0.291 0.104 0.104 
152    (0)   :  0.005 0.009 0.021 0.134 0.123 0.341 0.149 0.119 0.098 
153    (0)   :  0.005 0.006 0.015 0.064 0.065 0.421 0.166 0.165 0.094 
154    (0)   :  0.007 0.007 0.023 0.084 0.112 0.437 0.156 0.095 0.079 
155    (0)   :  0.004 0.005 0.018 0.041 0.065 0.533 0.131 0.096 0.106 
156    (0)   :  0.005 0.007 0.021 0.115 0.057 0.357 0.223 0.098 0.118 
157    (0)   :  0.005 0.005 0.016 0.033 0.064 0.410 0.175 0.147 0.146 
158    (0)   :  0.006 0.009 0.019 0.055 0.130 0.313 0.240 0.148 0.079 
159    (0)   :  0.006 0.006 0.020 0.035 0.070 0.492 0.204 0.091 0.076 
160    (0)   :  0.006 0.006 0.023 0.037 0.070 0.531 0.158 0.091 0.078 
161    (0)   :  0.004 0.006 0.016 0.042 0.076 0.187 0.404 0.165 0.099 
162    (0)   :  0.008 0.006 0.018 0.057 0.106 0.320 0.155 0.173 0.156 
163    (0)   :  0.004 0.005 0.017 0.061 0.060 0.500 0.158 0.099 0.097 
164    (0)   :  0.008 0.006 0.021 0.055 0.083 0.384 0.148 0.139 0.158 
165    (0)   :  0.006 0.012 0.019 0.045 0.069 0.323 0.255 0.110 0.161 
166    (0)   :  0.005 0.005 0.026 0.072 0.071 0.344 0.161 0.183 0.132 
167    (0)   :  0.011 0.006 0.013 0.052 0.129 0.498 0.097 0.090 0.104 
168    (0)   :  0.005 0.006 0.017 0.061 0.074 0.397 0.170 0.188 0.082 
169    (0)   :  0.007 0.010 0.017 0.052 0.128 0.250 0.196 0.262 0.078 
170    (0)   :  0.004 0.005 0.025 0.051 0.063 0.131 0.519 0.098 0.104 
171    (0)   :  0.005 0.005 0.020 0.071 0.113 0.352 0.179 0.153 0.101 
172    (0)   :  0.005 0.010 0.022 0.087 0.070 0.240 0.252 0.237 0.076 
173    (0)   :  0.005 0.006 0.029 0.043 0.074 0.519 0.155 0.087 0.083 
174    (0)   :  0.005 0.005 0.018 0.032 0.073 0.483 0.164 0.114 0.106 
175    (0)   :  0.005 0.006 0.019 0.043 0.115 0.306 0.343 0.084 0.079 
176    (0)   :  0.005 0.012 0.018 0.041 0.065 0.313 0.336 0.092 0.119 
177    (0)   :  0.005 0.006 0.015 0.038 0.066 0.358 0.147 0.229 0.135 
178    (0)   :  0.005 0.005 0.020 0.035 0.129 0.453 0.132 0.111 0.110 
179    (0)   :  0.004 0.005 0.020 0.035 0.071 0.555 0.141 0.087 0.082 
180    (0)   :  0.008 0.008 0.015 0.061 0.098 0.315 0.239 0.145 0.112 
181    (0)   :  0.006 0.008 0.026 0.066 0.080 0.301 0.298 0.132 0.084 
182    (0)   :  0.006 0.007 0.025 0.071 0.065 0.363 0.297 0.086 0.081 
183    (0)   :  0.005 0.005 0.021 0.042 0.074 0.449 0.235 0.088 0.082 
184    (0)   :  0.005 0.006 0.252 0.058 0.213 0.085 0.144 0.096 0.141 
185    (0)   :  0.004 0.006 0.021 0.139 0.058 0.414 0.208 0.074 0.076 
186    (0)   :  0.005 0.005 0.143 0.053 0.147 0.083 0.161 0.114 0.289 
187    (0)   :  0.004 0.005 0.154 0.061 0.119 0.239 0.156 0.092 0.170 
188    (0)   :  0.005 0.006 0.323 0.052 0.127 0.066 0.108 0.093 0.220 
189    (0)   :  0.004 0.005 0.044 0.077 0.176 0.161 0.250 0.186 0.096 
190    (0)   :  0.004 0.007 0.053 0.330 0.053 0.164 0.227 0.073 0.088 
191    (0)   :  0.004 0.006 0.395 0.046 0.111 0.090 0.112 0.096 0.140 
192    (0)   :  0.004 0.005 0.106 0.039 0.127 0.152 0.251 0.109 0.207 
193    (0)   :  0.005 0.007 0.067 0.080 0.153 0.143 0.257 0.120 0.168 
194    (0)   :  0.005 0.005 0.049 0.077 0.101 0.128 0.344 0.118 0.171 
195    (0)   :  0.004 0.006 0.217 0.096 0.065 0.207 0.238 0.079 0.090 
196    (0)   :  0.004 0.007 0.109 0.168 0.080 0.155 0.229 0.093 0.154 
197    (0)   :  0.005 0.006 0.044 0.083 0.203 0.199 0.130 0.107 0.224 
198    (0)   :  0.004 0.005 0.034 0.078 0.146 0.127 0.214 0.191 0.200 
199    (0)   :  0.005 0.007 0.046 0.154 0.075 0.102 0.398 0.099 0.114 
200    (0)   :  0.004 0.010 0.121 0.206 0.122 0.144 0.170 0.114 0.109 
201    (0)   :  0.004 0.005 0.083 0.069 0.091 0.361 0.185 0.079 0.123 
202    (0)   :  0.004 0.005 0.024 0.094 0.063 0.179 0.443 0.078 0.110 
203    (0)   :  0.004 0.007 0.225 0.055 0.073 0.311 0.156 0.073 0.096 
204    (0)   :  0.004 0.005 0.399 0.080 0.061 0.104 0.180 0.078 0.089 
205    (0)   :  0.004 0.006 0.229 0.128 0.101 0.105 0.169 0.116 0.142 
206    (0)   :  0.005 0.005 0.285 0.080 0.081 0.168 0.189 0.077 0.110 
207    (0)   :  0.004 0.007 0.178 0.098 0.083 0.092 0.273 0.077 0.188 
208    (0)   :  0.004 0.006 0.145 0.117 0.086 0.263 0.143 0.085 0.151 
209    (0)   :  0.004 0.008 0.178 0.073 0.131 0.119 0.209 0.099 0.178 
210    (0)   :  0.004 0.005 0.319 0.057 0.078 0.137 0.170 0.088 0.141 
211    (0)   :  0.006 0.011 0.033 0.210 0.083 0.135 0.243 0.075 0.204 
212    (0)   :  0.004 0.006 0.030 0.083 0.097 0.240 0.350 0.095 0.096 
213    (0)   :  0.004 0.008 0.055 0.131 0.065 0.097 0.267 0.170 0.204 
214    (0)   :  0.004 0.006 0.072 0.069 0.089 0.239 0.336 0.078 0.107 
215    (0)   :  0.004 0.007 0.298 0.117 0.099 0.090 0.108 0.099 0.178 
216    (0)   :  0.006 0.006 0.090 0.077 0.241 0.103 0.211 0.107 0.160 
217    (0)   :  0.004 0.005 0.102 0.079 0.099 0.227 0.294 0.085 0.104 
218    (0)   :  0.004 0.005 0.340 0.051 0.087 0.110 0.155 0.111 0.136 
219    (0)   :  0.006 0.005 0.054 0.065 0.212 0.208 0.219 0.115 0.116 
220    (0)   :  0.004 0.005 0.473 0.056 0.071 0.084 0.111 0.079 0.117 
221    (0)   :  0.004 0.006 0.029 0.075 0.061 0.136 0.537 0.076 0.076 
222    (0)   :  0.005 0.005 0.056 0.058 0.256 0.124 0.228 0.107 0.161 
223    (0)   :  0.004 0.005 0.057 0.067 0.134 0.278 0.193 0.108 0.153 
224    (0)   :  0.005 0.006 0.193 0.057 0.086 0.231 0.238 0.076 0.107 
225    (0)   :  0.004 0.006 0.193 0.107 0.093 0.125 0.239 0.101 0.131 
226    (0)   :  0.005 0.007 0.187 0.061 0.159 0.122 0.175 0.165 0.119 
227    (0)   :  0.004 0.006 0.066 0.155 0.067 0.184 0.288 0.077 0.154 
228    (0)   :  0.004 0.008 0.167 0.192 0.061 0.206 0.202 0.074 0.085 
229    (0)   :  0.004 0.005 0.304 0.035 0.080 0.176 0.217 0.076 0.102 
230    (0)   :  0.004 0.006 0.379 0.039 0.072 0.133 0.197 0.075 0.096 
231    (0)   :  0.004 0.006 0.226 0.043 0.127 0.212 0.170 0.090 0.120 
232    (0)   :  0.005 0.007 0.062 0.071 0.071 0.117 0.367 0.171 0.129 
233    (0)   :  0.004 0.006 0.069 0.053 0.092 0.392 0.197 0.079 0.108 
234    (0)   :  0.004 0.005 0.058 0.050 0.181 0.192 0.187 0.126 0.198 
235    (0)   :  0.004 0.005 0.086 0.083 0.118 0.160 0.287 0.114 0.142 
236    (0)   :  0.004 0.006 0.083 0.059 0.131 0.245 0.244 0.096 0.131 
237    (0)   :  0.004 0.009 0.188 0.121 0.095 0.123 0.214 0.094 0.151 
238    (0)   :  0.004 0.006 0.047 0.055 0.091 0.212 0.352 0.091 0.141 
239    (0)   :  0.004 0.006 0.215 0.097 0.065 0.206 0.238 0.079 0.090 
240    (0)   :  0.004 0.005 0.048 0.055 0.092 0.213 0.351 0.091 0.141 
241    (0)   :  0.005 0.006 0.043 0.073 0.071 0.184 0.429 0.095 0.094 
242    (0)   :  0.004 0.006 0.312 0.062 0.113 0.122 0.173 0.122 0.086 
243    (0)   :  0.004 0.008 0.122 0.225 0.071 0.163 0.212 0.074 0.121 
244    (0)   :  0.004 0.006 0.283 0.050 0.076 0.200 0.208 0.076 0.096 
245    (0)   :  0.004 0.005 0.027 0.069 0.067 0.353 0.273 0.095 0.106 
246    (0)   :  0.004 0.005 0.104 0.078 0.099 0.228 0.294 0.085 0.103 
247    (0)   :  0.004 0.006 0.093 0.070 0.095 0.078 0.158 0.186 0.311 
248    (0)   :  0.004 0.007 0.099 0.154 0.114 0.102 0.149 0.098 0.272 
249    (0)   :  0.004 0.006 0.159 0.052 0.086 0.155 0.341 0.078 0.119 
250    (0)   :  0.005 0.006 0.173 0.045 0.126 0.160 0.242 0.096 0.147 
251    (0)   :  0.005 0.009 0.115 0.119 0.190 0.118 0.148 0.161 0.135 
252    (0)   :  0.004 0.005 0.130 0.085 0.100 0.157 0.279 0.101 0.139 
253    (0)   :  0.004 0.005 0.041 0.107 0.110 0.093 0.287 0.154 0.197 
254    (0)   :  0.005 0.005 0.078 0.077 0.222 0.161 0.197 0.090 0.163 
255    (0)   :  0.004 0.006 0.114 0.057 0.143 0.148 0.231 0.101 0.195 
256    (0)   :  0.005 0.006 0.098 0.081 0.096 0.149 0.355 0.091 0.119 
257    (0)   :  0.008 0.008 0.163 0.098 0.104 0.127 0.219 0.104 0.167 
258    (0)   :  0.004 0.007 0.038 0.196 0.108 0.141 0.145 0.137 0.225 
259    (0)   :  0.005 0.006 0.150 0.065 0.128 0.135 0.258 0.096 0.158 
260    (0)   :  0.005 0.005 0.041 0.048 0.232 0.212 0.228 0.091 0.139 
261    (0)   :  0.004 0.005 0.051 0.120 0.095 0.231 0.277 0.102 0.115 
262    (0)   :  0.004 0.006 0.077 0.162 0.067 0.183 0.337 0.083 0.080 
263    (0)   :  0.005 0.006 0.367 0.068 0.121 0.106 0.138 0.075 0.114 
264    (0)   :  0.006 0.007 0.054 0.086 0.359 0.067 0.120 0.122 0.179 
265    (0)   :  0.004 0.005 0.128 0.082 0.147 0.192 0.162 0.115 0.165 
266    (0)   :  0.004 0.006 0.036 0.099 0.062 0.223 0.413 0.077 0.079 
267    (0)   :  0.004 0.006 0.039 0.069 0.135 0.173 0.294 0.090 0.190 
268    (0)   :  0.004 0.007 0.110 0.170 0.080 0.154 0.229 0.092 0.154 
269    (0)   :  0.004 0.005 0.086 0.062 0.225 0.200 0.164 0.137 0.116 
270    (0)   :  0.006 0.007 0.112 0.076 0.192 0.134 0.174 0.117 0.183 
271    (0)   :  0.005 0.008 0.111 0.168 0.110 0.120 0.151 0.117 0.211 
272    (0)   :  0.006 0.009 0.192 0.118 0.127 0.112 0.143 0.156 0.137 
273    (0)   :  0.020 0.016 0.163 0.057 0.124 0.149 0.179 0.147 0.146 
274    (0)   :  0.005 0.006 0.150 0.081 0.157 0.127 0.174 0.139 0.161 
275    (0)   :  0.006 0.008 0.236 0.062 0.168 0.153 0.136 0.116 0.114 
276    (0)   :  0.006 0.009 0.126 0.105 0.113 0.091 0.262 0.135 0.152 
277    (0)   :  0.004 0.005 0.070 0.057 0.148 0.186 0.264 0.112 0.154 
278    (0)   :  0.004 0.007 0.168 0.204 0.103 0.129 0.120 0.101 0.164 
279    (0)   :  0.005 0.006 0.122 0.071 0.139 0.148 0.250 0.113 0.147 
280    (0)   :  0.004 0.006 0.085 0.085 0.152 0.159 0.227 0.155 0.127 
281    (0)   :  0.005 0.006 0.133 0.085 0.102 0.129 0.190 0.139 0.210 
282    (0)   :  0.004 0.005 0.048 0.045 0.136 0.291 0.240 0.097 0.133 
283    (0)   :  0.004 0.005 0.087 0.049 0.088 0.304 0.258 0.076 0.128 
284    (0)   :  0.004 0.007 0.048 0.073 0.120 0.217 0.197 0.116 0.216 
285    (0)   :  0.004 0.009 0.155 0.193 0.098 0.067 0.115 0.137 0.221 
286    (0)   :  0.004 0.006 0.286 0.049 0.075 0.202 0.206 0.076 0.096 
287    (0)   :  0.005 0.005 0.098 0.062 0.128 0.160 0.196 0.162 0.186 
288    (0)   :  0.005 0.006 0.361 0.050 0.122 0.093 0.124 0.121 0.117 
289    (0)   :  0.006 0.009 0.246 0.084 0.117 0.091 0.128 0.115 0.203 
290    (0)   :  0.006 0.014 0.090 0.123 0.151 0.091 0.263 0.123 0.139 
291    (0)   :  0.005 0.008 0.110 0.167 0.110 0.120 0.151 0.116 0.213 
292    (0)   :  0.004 0.005 0.048 0.140 0.106 0.159 0.280 0.158 0.101 
293    (0)   :  0.005 0.011 0.031 0.150 0.191 0.094 0.181 0.165 0.173 
294    (0)   :  0.005 0.006 0.394 0.077 0.107 0.082 0.153 0.082 0.094 
295    (0)   :  0.006 0.013 0.053 0.147 0.131 0.128 0.220 0.151 0.151 
296    (0)   :  0.004 0.008 0.331 0.091 0.074 0.104 0.130 0.104 0.155 
297    (0)   :  0.004 0.006 0.163 0.059 0.153 0.109 0.209 0.154 0.143 
298    (0)   :  0.004 0.005 0.108 0.038 0.137 0.199 0.255 0.096 0.157 
299    (0)   :  0.005 0.005 0.368 0.043 0.135 0.100 0.147 0.076 0.120 
300    (0)   :  0.004 0.007 0.407 0.062 0.074 0.077 0.155 0.113 0.102 
301    (0)   :  0.006 0.006 0.115 0.067 0.284 0.130 0.158 0.109 0.125 
302    (0)   :  0.006 0.010 0.253 0.174 0.118 0.113 0.133 0.088 0.104 
303    (0)   :  0.004 0.007 0.176 0.053 0.088 0.187 0.266 0.113 0.106 
304    (0)   :  0.006 0.006 0.028 0.036 0.203 0.295 0.156 0.108 0.163 
305    (0)   :  0.004 0.007 0.285 0.086 0.076 0.177 0.189 0.093 0.082 
306    (0)   :  0.004 0.005 0.077 0.059 0.114 0.179 0.354 0.100 0.107 
307    (0)   :  0.006 0.006 0.054 0.068 0.150 0.156 0.309 0.113 0.138 
308    (0)   :  0.004 0.005 0.052 0.120 0.095 0.230 0.278 0.101 0.116 
309    (0)   :  0.007 0.010 0.459 0.058 0.070 0.078 0.097 0.086 0.137 
310    (0)   :  0.004 0.006 0.131 0.109 0.084 0.185 0.289 0.078 0.114 
311    (0)   :  0.004 0.006 0.373 0.040 0.073 0.135 0.197 0.075 0.097 
312    (0)   :  0.004 0.007 0.395 0.072 0.066 0.089 0.126 0.083 0.159 
313    (0)   :  0.005 0.007 0.116 0.305 0.080 0.088 0.159 0.091 0.149 
314    (0)   :  0.004 0.008 0.018 0.067 0.064 0.454 0.221 0.088 0.076 
315    (0)   :  0.004 0.005 0.017 0.073 0.078 0.460 0.156 0.131 0.076 
316    (0)   :  0.007 0.007 0.020 0.047 0.089 0.476 0.124 0.147 0.082 
317    (0)   :  0.005 0.007 0.016 0.039 0.066 0.515 0.186 0.090 0.077 
318    (0)   :  0.005 0.006 0.015 0.030 0.070 0.587 0.119 0.093 0.076 
319    (0)   :  0.005 0.005 0.018 0.041 0.063 0.451 0.254 0.085 0.078 
320    (0)   :  0.005 0.008 0.019 0.066 0.064 0.456 0.219 0.088 0.076 
321    (0)   :  0.005 0.007 0.016 0.035 0.071 0.519 0.177 0.094 0.077 
322    (0)   :  0.007 0.008 0.023 0.072 0.081 0.388 0.203 0.135 0.083 
323    (0)   :  0.010 0.005 0.018 0.032 0.073 0.545 0.152 0.088 0.078 
324    (0)   :  0.005 0.007 0.015 0.036 0.070 0.522 0.174 0.095 0.076 
325    (0)   :  0.005 0.006 0.016 0.043 0.083 0.513 0.112 0.142 0.079 
326    (0)   :  0.012 0.012 0.021 0.047 0.085 0.476 0.122 0.144 0.081 
327    (0)   :  0.005 0.007 0.016 0.039 0.065 0.517 0.184 0.090 0.076 
328    (0)   :  0.004 0.006 0.017 0.055 0.080 0.411 0.210 0.136 0.081 
329    (0)   :  0.004 0.005 0.015 0.030 0.067 0.530 0.185 0.089 0.076 
330    (0)   :  0.005 0.007 0.016 0.040 0.066 0.517 0.183 0.089 0.077 
331    (0)   :  0.004 0.005 0.017 0.031 0.066 0.569 0.142 0.090 0.077 
332    (0)   :  0.014 0.008 0.017 0.044 0.095 0.482 0.120 0.139 0.080 
333    (0)   :  0.011 0.008 0.024 0.050 0.081 0.460 0.149 0.136 0.082 
334    (0)   :  0.005 0.006 0.018 0.054 0.081 0.409 0.210 0.136 0.081 
335    (0)   :  0.004 0.006 0.017 0.061 0.074 0.418 0.215 0.125 0.079 
336    (0)   :  0.013 0.008 0.019 0.052 0.075 0.512 0.154 0.093 0.075 
337    (0)   :  0.005 0.008 0.016 0.052 0.084 0.442 0.168 0.145 0.079 
338    (0)   :  0.005 0.006 0.015 0.030 0.070 0.581 0.121 0.094 0.076 
339    (0)   :  0.004 0.005 0.016 0.031 0.067 0.570 0.142 0.089 0.077 
340    (0)   :  0.004 0.005 0.017 0.034 0.062 0.567 0.149 0.084 0.077 
341    (0)   :  0.011 0.007 0.022 0.034 0.069 0.525 0.163 0.090 0.079 
342    (0)   :  0.005 0.007 0.017 0.039 0.066 0.518 0.183 0.089 0.076 
343    (0)   :  0.010 0.006 0.018 0.092 0.085 0.329 0.258 0.123 0.078 
344    (0)   :  0.004 0.005 0.015 0.030 0.067 0.578 0.137 0.089 0.075 
345    (0)   :  0.005 0.007 0.017 0.039 0.066 0.516 0.184 0.090 0.077 
346    (0)   :  0.005 0.006 0.016 0.033 0.064 0.588 0.122 0.089 0.077 
347    (0)   :  0.004 0.005 0.016 0.033 0.062 0.576 0.145 0.085 0.075 
348    (0)   :  0.004 0.006 0.019 0.105 0.070 0.353 0.249 0.117 0.078 
349    (0)   :  0.005 0.007 0.017 0.040 0.065 0.516 0.184 0.090 0.076 
350    (0)   :  0.004 0.005 0.018 0.051 0.065 0.511 0.181 0.089 0.075 
351    (0)   :  0.004 0.006 0.017 0.060 0.074 0.416 0.218 0.127 0.079 
352    (0)   :  0.005 0.008 0.018 0.061 0.078 0.441 0.176 0.134 0.080 
353    (0)   :  0.013 0.007 0.018 0.052 0.076 0.510 0.155 0.092 0.076 
354    (0)   :  0.006 0.006 0.017 0.031 0.068 0.553 0.151 0.091 0.077 
355    (0)   :  0.005 0.006 0.015 0.030 0.069 0.589 0.118 0.093 0.076 
356    (0)   :  0.004 0.005 0.019 0.098 0.069 0.239 0.372 0.115 0.077 
357    (0)   :  0.004 0.005 0.019 0.047 0.156 0.335 0.133 0.209 0.092 
358    (0)   :  0.005 0.005 0.016 0.042 0.082 0.500 0.134 0.138 0.079 
359    (0)   :  0.005 0.005 0.017 0.031 0.067 0.564 0.144 0.091 0.077 
360    (0)   :  0.005 0.006 0.016 0.033 0.064 0.590 0.122 0.088 0.076 
361    (0)   :  0.004 0.006 0.020 0.061 0.153 0.223 0.231 0.209 0.093 
362    (0)   :  0.005 0.008 0.116 0.051 0.104 0.108 0.126 0.342 0.140 
363    (0)   :  0.007 0.009 0.035 0.052 0.164 0.073 0.121 0.282 0.258 
364    (0)   :  0.010 0.009 0.019 0.053 0.241 0.157 0.254 0.113 0.144 
365    (0)   :  0.014 0.017 0.030 0.053 0.220 0.081 0.131 0.325 0.130 
366    (0)   :  0.006 0.010 0.036 0.126 0.222 0.112 0.195 0.176 0.118 
367    (0)   :  0.005 0.006 0.023 0.035 0.092 0.060 0.085 0.386 0.307 
368    (0)   :  0.005 0.006 0.032 0.042 0.129 0.091 0.153 0.164 0.378 
369    (0)   :  0.007 0.012 0.022 0.083 0.196 0.107 0.329 0.119 0.126 
370    (0)   :  0.010 0.011 0.067 0.048 0.145 0.093 0.155 0.133 0.336 
371    (0)   :  0.009 0.011 0.057 0.056 0.303 0.111 0.180 0.117 0.156 
372    (0)   :  0.033 0.023 0.163 0.060 0.090 0.108 0.173 0.130 0.220 
373    (0)   :  0.005 0.007 0.029 0.044 0.123 0.105 0.213 0.204 0.268 
374    (0)   :  0.006 0.014 0.032 0.042 0.167 0.127 0.259 0.189 0.163 
375    (0)   :  0.014 0.010 0.041 0.035 0.268 0.071 0.108 0.177 0.277 
376    (0)   :  0.103 0.010 0.015 0.036 0.187 0.065 0.103 0.342 0.139 
377    (0)   :  0.006 0.009 0.025 0.088 0.139 0.118 0.111 0.260 0.243 
378    (0)   :  0.005 0.009 0.023 0.052 0.068 0.192 0.132 0.240 0.279 
379    (0)   :  0.171 0.017 0.024 0.041 0.175 0.059 0.094 0.256 0.163 
380    (0)   :  0.009 0.010 0.034 0.057 0.134 0.113 0.242 0.301 0.099 
381    (0)   :  0.008 0.010 0.018 0.079 0.274 0.089 0.257 0.179 0.087 
382    (0)   :  0.005 0.005 0.019 0.034 0.331 0.088 0.096 0.211 0.211 
383    (0)   :  0.015 0.012 0.053 0.039 0.204 0.202 0.105 0.260 0.111 
384    (0)   :  0.043 0.020 0.034 0.040 0.281 0.139 0.122 0.166 0.154 
385    (0)   :  0.007 0.114 0.019 0.036 0.184 0.210 0.122 0.126 0.182 
386    (0)   :  0.004 0.006 0.022 0.041 0.147 0.072 0.114 0.381 0.214 
387    (0)   :  0.005 0.006 0.016 0.048 0.178 0.101 0.101 0.328 0.216 
388    (0)   :  0.014 0.019 0.030 0.036 0.184 0.162 0.180 0.180 0.195 
389    (0)   :  0.010 0.027 0.057 0.188 0.161 0.091 0.128 0.099 0.239 
390    (0)   :  0.019 0.020 0.037 0.082 0.093 0.065 0.119 0.370 0.195 
391    (0)   :  0.013 0.032 0.030 0.074 0.124 0.088 0.200 0.161 0.278 
392    (0)   :  0.006 0.006 0.022 0.057 0.144 0.140 0.141 0.317 0.167 
393    (0)   :  0.007 0.010 0.018 0.068 0.109 0.108 0.157 0.429 0.094 
394    (0)   :  0.005 0.005 0.024 0.050 0.089 0.204 0.142 0.316 0.166 
395    (0)   :  0.004 0.006 0.043 0.090 0.088 0.090 0.137 0.304 0.239 
396    (0)   :  0.005 0.005 0.021 0.037 0.229 0.059 0.095 0.199 0.350 
397    (0)   :  0.049 0.006 0.065 0.059 0.233 0.127 0.231 0.095 0.136 
398    (0)   :  0.039 0.006 0.015 0.040 0.081 0.063 0.093 0.489 0.175 
399    (0)   :  0.005 0.009 0.024 0.055 0.087 0.080 0.126 0.245 0.370 
400    (0)   :  0.006 0.007 0.015 0.041 0.195 0.080 0.174 0.287 0.194 
401    (0)   :  0.004 0.008 0.017 0.083 0.063 0.096 0.151 0.305 0.274 
402    (0)   :  0.005 0.006 0.020 0.110 0.141 0.103 0.159 0.189 0.266 
403    (0)   :  0.006 0.012 0.021 0.052 0.105 0.282 0.188 0.173 0.160 
404    (0)   :  0.007 0.012 0.042 0.036 0.224 0.087 0.199 0.175 0.219 
405    (0)   :  0.004 0.005 0.033 0.058 0.164 0.099 0.180 0.299 0.157 
406    (0)   :  0.004 0.006 0.026 0.094 0.095 0.092 0.240 0.337 0.106 
407    (0)   :  0.004 0.005 0.019 0.034 0.162 0.059 0.098 0.470 0.148 
408    (0)   :  0.004 0.005 0.023 0.123 0.064 0.056 0.111 0.168 0.445 
409    (0)   :  0.011 0.012 0.020 0.049 0.071 0.085 0.388 0.262 0.101 
410    (0)   :  0.075 0.010 0.025 0.053 0.106 0.103 0.140 0.305 0.183 
411    (0)   :  0.013 0.007 0.017 0.089 0.258 0.147 0.118 0.199 0.150 
412    (0)   :  0.005 0.006 0.036 0.039 0.156 0.087 0.147 0.212 0.312 
413    (0)   :  0.005 0.005 0.025 0.043 0.097 0.182 0.129 0.238 0.276 
414    (0)   :  0.004 0.009 0.064 0.036 0.203 0.076 0.079 0.147 0.382 
415    (0)   :  0.005 0.007 0.021 0.079 0.189 0.067 0.150 0.323 0.159 
416    (0)   :  0.006 0.017 0.029 0.065 0.116 0.086 0.210 0.273 0.198 
417    (0)   :  0.005 0.006 0.031 0.040 0.106 0.066 0.112 0.483 0.151 
418    (0)   :  0.006 0.006 0.025 0.033 0.157 0.069 0.103 0.218 0.383 
419    (0)   :  0.010 0.019 0.024 0.053 0.106 0.137 0.213 0.262 0.176 
420    (0)   :  0.004 0.007 0.017 0.123 0.066 0.061 0.152 0.314 0.257 
421    (0)   :  0.006 0.006 0.035 0.042 0.085 0.066 0.129 0.370 0.261 
422    (0)   :  0.006 0.007 0.048 0.114 0.085 0.079 0.161 0.346 0.153 
423    (0)   :  0.007 0.006 0.047 0.056 0.202 0.117 0.114 0.259 0.194 
424    (0)   :  0.007 0.014 0.016 0.134 0.095 0.096 0.128 0.257 0.253 
425    (0)   :  0.017 0.027 0.031 0.055 0.270 0.129 0.137 0.171 0.164 
426    (0)   :  0.027 0.023 0.024 0.056 0.140 0.117 0.153 0.241 0.217 
427    (0)   :  0.004 0.005 0.013 0.034 0.078 0.158 0.085 0.494 0.128 
428    (0)   :  0.017 0.007 0.025 0.068 0.075 0.130 0.207 0.362 0.108 
429    (0)   :  0.005 0.006 0.024 0.033 0.159 0.060 0.089 0.417 0.208 
430    (0)   :  0.005 0.006 0.031 0.038 0.102 0.065 0.105 0.511 0.137 
431    (0)   :  0.009 0.011 0.036 0.053 0.168 0.138 0.134 0.162 0.289 
432    (0)   :  0.005 0.005 0.021 0.047 0.114 0.095 0.164 0.203 0.345 
433    (0)   :  0.008 0.005 0.019 0.076 0.124 0.197 0.256 0.123 0.192 
434    (0)   :  0.005 0.007 0.037 0.051 0.203 0.106 0.251 0.184 0.155 
435    (0)   :  0.004 0.005 0.014 0.045 0.082 0.062 0.087 0.555 0.146 
436    (0)   :  0.006 0.008 0.012 0.054 0.098 0.074 0.138 0.497 0.112 
437    (0)   :  0.006 0.005 0.016 0.047 0.404 0.070 0.098 0.211 0.143 
438    (0)   :  0.005 0.007 0.016 0.082 0.062 0.075 0.191 0.424 0.139 
439    (0)   :  0.004 0.006 0.012 0.033 0.082 0.068 0.104 0.594 0.096 
440    (0)   :  0.004 0.005 0.017 0.044 0.131 0.054 0.077 0.522 0.146 
441    (0)   :  0.005 0.006 0.016 0.041 0.104 0.097 0.154 0.473 0.106 
442    (0)   :  0.006 0.015 0.016 0.055 0.186 0.061 0.131 0.269 0.262 
443    (0)   :  0.004 0.009 0.015 0.132 0.078 0.057 0.095 0.402 0.208 
444    (0)   :  0.006 0.015 0.016 0.072 0.199 0.061 0.119 0.309 0.205 
445    (0)   :  0.037 0.008 0.017 0.054 0.089 0.082 0.230 0.386 0.097 
446    (0)   :  0.048 0.007 0.013 0.032 0.074 0.065 0.101 0.497 0.163 
447    (0)   :  0.006 0.016 0.014 0.065 0.099 0.088 0.181 0.393 0.139 
448    (0)   :  0.004 0.006 0.015 0.049 0.143 0.068 0.108 0.439 0.167 
449    (0)   :  0.005 0.006 0.018 0.046 0.146 0.090 0.158 0.393 0.140 
450    (0)   :  0.007 0.007 0.014 0.029 0.274 0.100 0.141 0.287 0.142 
451    (0)   :  0.005 0.005 0.017 0.063 0.128 0.056 0.082 0.209 0.437 
452    (0)   :  0.005 0.006 0.015 0.033 0.145 0.100 0.138 0.422 0.135 
453    (0)   :  0.004 0.009 0.020 0.172 0.080 0.070 0.229 0.238 0.179 
454    (0)   :  0.004 0.006 0.018 0.047 0.147 0.114 0.124 0.423 0.116 
455    (0)   :  0.004 0.006 0.013 0.059 0.086 0.059 0.106 0.532 0.135 
456    (0)   :  0.005 0.008 0.015 0.145 0.124 0.058 0.096 0.403 0.146 
457    (0)   :  0.005 0.005 0.014 0.044 0.216 0.070 0.108 0.414 0.123 
458    (0)   :  0.039 0.007 0.015 0.034 0.094 0.069 0.117 0.510 0.114 
459    (0)   :  0.004 0.006 0.011 0.035 0.075 0.089 0.151 0.507 0.121 
460    (0)   :  0.004 0.006 0.013 0.038 0.077 0.062 0.087 0.572 0.142 
461    (0)   :  0.007 0.007 0.012 0.029 0.132 0.065 0.093 0.419 0.236 
462    (0)   :  0.007 0.042 0.035 0.069 0.168 0.052 0.076 0.349 0.201 
463    (0)   :  0.004 0.007 0.023 0.184 0.082 0.074 0.147 0.376 0.104 
464    (0)   :  0.004 0.005 0.013 0.073 0.072 0.057 0.094 0.506 0.175 
465    (0)   :  0.006 0.007 0.016 0.064 0.089 0.067 0.128 0.389 0.234 
466    (0)   :  0.004 0.005 0.018 0.133 0.076 0.059 0.114 0.400 0.192 
467    (0)   :  0.005 0.008 0.029 0.051 0.112 0.082 0.133 0.454 0.128 
468    (0)   :  0.004 0.005 0.013 0.090 0.158 0.058 0.096 0.466 0.108 
469    (0)   :  0.004 0.006 0.011 0.036 0.075 0.063 0.089 0.629 0.087 
470    (0)   :  0.004 0.005 0.012 0.040 0.071 0.062 0.084 0.583 0.138 
471    (0)   :  0.005 0.010 0.031 0.137 0.146 0.069 0.121 0.287 0.195 
472    (0)   :  0.006 0.007 0.016 0.079 0.158 0.063 0.140 0.358 0.173 
473    (0)   :  0.004 0.005 0.021 0.064 0.158 0.094 0.148 0.358 0.148 
474    (0)   :  0.004 0.006 0.017 0.055 0.138 0.089 0.155 0.404 0.132 
475    (0)   :  0.005 0.006 0.016 0.048 0.079 0.092 0.183 0.356 0.215 
476    (0)   :  0.006 0.007 0.014 0.057 0.253 0.064 0.116 0.371 0.113 
477    (0)   :  0.006 0.009 0.012 0.071 0.104 0.078 0.166 0.314 0.240 
478    (0)   :  0.007 0.012 0.012 0.046 0.079 0.063 0.088 0.342 0.353 
479    (0)   :  0.004 0.005 0.012 0.037 0.125 0.061 0.087 0.531 0.136 
480    (0)   :  0.005 0.006 0.014 0.038 0.195 0.067 0.102 0.469 0.104 
481    (0)   :  0.005 0.008 0.035 0.063 0.207 0.069 0.122 0.271 0.219 
482    (0)   :  0.005 0.005 0.013 0.033 0.147 0.062 0.092 0.497 0.146 
483    (0)   :  0.005 0.006 0.013 0.036 0.086 0.070 0.112 0.543 0.130 
484    (0)   :  0.005 0.008 0.018 0.112 0.073 0.066 0.115 0.480 0.122 
485    (0)   :  0.005 0.006 0.013 0.044 0.076 0.063 0.091 0.576 0.126 
486    (0)   :  0.008 0.013 0.030 0.209 0.183 0.089 0.143 0.126 0.200 
487    (0)   :  0.008 0.010 0.018 0.096 0.225 0.167 0.181 0.114 0.181 
488    (0)   :  0.007 0.016 0.022 0.097 0.142 0.172 0.112 0.113 0.318 
489    (0)   :  0.007 0.007 0.021 0.086 0.289 0.098 0.274 0.087 0.132 
490    (0)   :  0.006 0.008 0.016 0.133 0.163 0.066 0.107 0.165 0.338 
491    (0)   :  0.007 0.017 0.042 0.077 0.163 0.130 0.294 0.105 0.164 
492    (0)   :  0.004 0.011 0.018 0.093 0.084 0.222 0.177 0.119 0.271 
493    (0)   :  0.008 0.012 0.035 0.134 0.246 0.145 0.094 0.085 0.240 
494    (0)   :  0.020 0.018 0.036 0.087 0.203 0.107 0.260 0.111 0.159 
495    (0)   :  0.020 0.043 0.015 0.108 0.123 0.175 0.140 0.098 0.279 
496    (0)   :  0.005 0.005 0.020 0.075 0.105 0.141 0.378 0.139 0.132 
497    (0)   :  0.014 0.028 0.036 0.094 0.214 0.204 0.158 0.100 0.152 
498    (0)   :  0.009 0.021 0.019 0.085 0.203 0.070 0.219 0.121 0.254 
499    (0)   :  0.015 0.008 0.021 0.100 0.178 0.227 0.229 0.105 0.116 
500    (0)   :  0.009 0.007 0.042 0.098 0.361 0.119 0.127 0.110 0.126 
501    (0)   :  0.008 0.007 0.026 0.043 0.208 0.133 0.257 0.159 0.159 
502    (0)   :  0.006 0.011 0.016 0.034 0.110 0.153 0.262 0.146 0.262 
503    (0)   :  0.006 0.006 0.022 0.058 0.274 0.081 0.129 0.207 0.219 
504    (0)   :  0.007 0.018 0.015 0.090 0.097 0.077 0.168 0.132 0.396 
505    (0)   :  0.007 0.009 0.051 0.121 0.135 0.097 0.284 0.101 0.196 
506    (0)   :  0.005 0.013 0.025 0.046 0.103 0.133 0.285 0.116 0.273 
507    (0)   :  0.005 0.005 0.021 0.090 0.072 0.252 0.378 0.092 0.085 
508    (0)   :  0.011 0.009 0.018 0.135 0.077 0.280 0.284 0.081 0.104 
509    (0)   :  0.006 0.007 0.032 0.105 0.105 0.185 0.282 0.119 0.158 
510    (0)   :  0.011 0.007 0.022 0.053 0.248 0.198 0.225 0.091 0.146 
511    (0)   :  0.008 0.012 0.048 0.061 0.204 0.079 0.173 0.221 0.194 
512    (0)   :  0.006 0.008 0.028 0.042 0.332 0.067 0.103 0.219 0.195 
513    (0)   :  0.008 0.112 0.043 0.179 0.073 0.099 0.123 0.073 0.290 
514    (0)   :  0.006 0.006 0.024 0.049 0.087 0.136 0.133 0.173 0.386 
515    (0)   :  0.008 0.010 0.019 0.112 0.112 0.198 0.134 0.286 0.121 
516    (0)   :  0.007 0.007 0.021 0.110 0.084 0.084 0.213 0.120 0.354 
517    (0)   :  0.006 0.006 0.020 0.124 0.078 0.159 0.184 0.269 0.154 
518    (0)   :  0.042 0.006 0.046 0.042 0.254 0.211 0.152 0.108 0.139 
519    (0)   :  0.005 0.008 0.016 0.050 0.082 0.094 0.205 0.174 0.366 
520    (0)   :  0.006 0.006 0.020 0.125 0.079 0.191 0.235 0.249 0.089 
521    (0)   :  0.005 0.006 0.048 0.055 0.089 0.290 0.151 0.123 0.231 
522    (0)   :  0.014 0.008 0.018 0.200 0.236 0.114 0.095 0.178 0.137 
523    (0)   :  0.006 0.006 0.018 0.201 0.072 0.165 0.215 0.187 0.128 
524    (0)   :  0.006 0.006 0.022 0.099 0.082 0.150 0.123 0.379 0.134 
525    (0)   :  0.056 0.006 0.027 0.073 0.122 0.195 0.214 0.210 0.096 
