

----------------------------------------------------
STRUCTURE by Pritchard, Stephens and Donnelly (2000)
     and Falush, Stephens and Pritchard (2003)
       Code by Pritchard, Falush and Hubisz
             Version 2.3.4 (Jul 2012)
----------------------------------------------------



Command line arguments:   ./structure -K 3 -D 103001 -m brooktrout/mainparams -e brooktrout/extraparams -o brooktrout/250914_output/results_K3_rep1 
Input File:    brooktrout/brooktrout.txt

Run parameters:
   8454 individuals
   5 loci
   3 populations assumed
   50000 Burn-in period
   100000 Reps
RANDOMIZE turned off


--------------------------------------------
Overall proportion of membership of the
sample in each of the 3 clusters

Inferred Clusters
  1      2      3    
0.260  0.230  0.510  

--------------------------------------------

Allele-freq. divergence among pops (Net nucleotide distance),
computed using point estimates of P.

      1       2       3      
 1      -    0.0870  0.0284  
 2   0.0870     -    0.0536  
 3   0.0284  0.0536     -    

Average distances (expected heterozygosity) between individuals in same cluster:
cluster  1  : 0.8130 
cluster  2  : 0.7745 
cluster  3  : 0.8441 

--------------------------------------------
Estimated Ln Prob of Data   = -178644.3
Mean value of ln likelihood = -175607.2
Variance of ln likelihood   = 6074.3

Mean value of alpha_1       = 0.1307
Mean value of alpha_2       = 0.1175
Mean value of alpha_3       = 0.2605
Allele frequencies uncorrelated


Inferred ancestry of individuals:
     (%Miss) :  Inferred clusters
  1    (0)   :  0.329 0.259 0.412 
  2    (0)   :  0.042 0.038 0.920 
  3    (0)   :  0.650 0.155 0.195 
  4    (0)   :  0.036 0.740 0.225 
  5    (0)   :  0.052 0.034 0.915 
  6    (0)   :  0.851 0.031 0.118 
  7    (0)   :  0.143 0.030 0.827 
  8    (0)   :  0.300 0.292 0.409 
  9    (0)   :  0.504 0.099 0.398 
 10    (0)   :  0.448 0.102 0.451 
 11    (0)   :  0.249 0.032 0.719 
 12    (0)   :  0.063 0.058 0.880 
 13    (0)   :  0.109 0.053 0.838 
 14    (0)   :  0.080 0.115 0.806 
 15    (0)   :  0.072 0.160 0.768 
 16    (0)   :  0.660 0.053 0.287 
 17    (0)   :  0.253 0.058 0.689 
 18    (0)   :  0.597 0.139 0.265 
 19    (0)   :  0.572 0.045 0.383 
 20    (0)   :  0.102 0.048 0.849 
 21    (0)   :  0.167 0.307 0.526 
 22    (0)   :  0.818 0.056 0.126 
 23    (0)   :  0.061 0.278 0.661 
 24    (0)   :  0.496 0.191 0.313 
 25    (0)   :  0.104 0.024 0.872 
 26    (0)   :  0.312 0.126 0.562 
 27    (0)   :  0.283 0.089 0.628 
 28    (0)   :  0.167 0.256 0.577 
 29    (0)   :  0.084 0.045 0.871 
 30    (0)   :  0.832 0.047 0.121 
 31    (0)   :  0.130 0.106 0.765 
 32    (0)   :  0.174 0.154 0.672 
 33    (0)   :  0.619 0.154 0.227 
 34    (0)   :  0.553 0.042 0.405 
 35    (0)   :  0.555 0.064 0.381 
 36    (0)   :  0.722 0.111 0.167 
 37    (0)   :  0.114 0.252 0.634 
 38    (0)   :  0.857 0.025 0.118 
 39    (0)   :  0.705 0.044 0.251 
 40    (0)   :  0.134 0.571 0.294 
 41    (0)   :  0.672 0.088 0.240 
 42    (0)   :  0.212 0.672 0.116 
 43    (0)   :  0.066 0.174 0.760 
 44    (0)   :  0.438 0.095 0.468 
 45    (0)   :  0.679 0.043 0.278 
 46    (0)   :  0.678 0.035 0.286 
 47    (0)   :  0.642 0.071 0.288 
 48    (0)   :  0.447 0.126 0.427 
 49    (0)   :  0.555 0.077 0.368 
 50    (0)   :  0.694 0.086 0.220 
 51    (0)   :  0.467 0.240 0.292 
 52    (0)   :  0.735 0.050 0.215 
 53    (0)   :  0.844 0.054 0.102 
 54    (0)   :  0.088 0.095 0.817 
 55    (0)   :  0.054 0.077 0.869 
 56    (0)   :  0.608 0.117 0.275 
 57    (0)   :  0.307 0.135 0.558 
 58    (0)   :  0.200 0.093 0.707 
 59    (0)   :  0.700 0.060 0.239 
 60    (0)   :  0.153 0.439 0.408 
 61    (0)   :  0.035 0.221 0.744 
 62    (0)   :  0.548 0.053 0.399 
 63    (0)   :  0.180 0.152 0.668 
 64    (0)   :  0.811 0.030 0.159 
 65    (0)   :  0.147 0.021 0.833 
 66    (0)   :  0.042 0.176 0.782 
 67    (0)   :  0.060 0.058 0.882 
 68    (0)   :  0.668 0.084 0.248 
 69    (0)   :  0.450 0.147 0.404 
 70    (0)   :  0.201 0.135 0.665 
 71    (0)   :  0.655 0.034 0.310 
 72    (0)   :  0.778 0.043 0.180 
 73    (0)   :  0.089 0.040 0.871 
 74    (0)   :  0.641 0.230 0.129 
 75    (0)   :  0.196 0.655 0.149 
 76    (0)   :  0.106 0.055 0.839 
 77    (0)   :  0.695 0.055 0.249 
 78    (0)   :  0.789 0.054 0.156 
 79    (0)   :  0.114 0.032 0.854 
 80    (0)   :  0.087 0.620 0.293 
 81    (0)   :  0.124 0.375 0.500 
 82    (0)   :  0.045 0.091 0.864 
 83    (0)   :  0.139 0.249 0.612 
 84    (0)   :  0.109 0.154 0.738 
 85    (0)   :  0.137 0.328 0.535 
 86    (0)   :  0.126 0.043 0.831 
 87    (0)   :  0.087 0.038 0.875 
 88    (0)   :  0.049 0.199 0.752 
 89    (0)   :  0.054 0.372 0.573 
 90    (0)   :  0.057 0.035 0.907 
 91    (0)   :  0.079 0.680 0.241 
 92    (0)   :  0.067 0.064 0.869 
 93    (0)   :  0.031 0.892 0.077 
 94    (0)   :  0.584 0.035 0.381 
 95    (0)   :  0.042 0.082 0.876 
 96    (0)   :  0.037 0.390 0.573 
 97    (0)   :  0.343 0.473 0.184 
 98    (0)   :  0.185 0.135 0.680 
 99    (0)   :  0.079 0.116 0.805 
100    (0)   :  0.029 0.822 0.149 
101    (0)   :  0.051 0.066 0.884 
102    (0)   :  0.094 0.355 0.551 
103    (0)   :  0.036 0.118 0.846 
104    (0)   :  0.052 0.035 0.912 
105    (0)   :  0.032 0.066 0.902 
106    (0)   :  0.408 0.018 0.574 
107    (0)   :  0.044 0.066 0.890 
108    (0)   :  0.101 0.042 0.857 
109    (0)   :  0.221 0.018 0.762 
110    (0)   :  0.456 0.021 0.523 
111    (0)   :  0.056 0.021 0.923 
112    (0)   :  0.276 0.019 0.704 
113    (0)   :  0.136 0.075 0.789 
114    (0)   :  0.051 0.045 0.905 
115    (0)   :  0.051 0.038 0.911 
116    (0)   :  0.277 0.021 0.702 
117    (0)   :  0.283 0.031 0.685 
118    (0)   :  0.040 0.027 0.933 
119    (0)   :  0.066 0.367 0.567 
120    (0)   :  0.066 0.032 0.902 
121    (0)   :  0.073 0.033 0.894 
122    (0)   :  0.314 0.024 0.662 
123    (0)   :  0.120 0.033 0.847 
124    (0)   :  0.577 0.031 0.391 
125    (0)   :  0.687 0.038 0.274 
126    (0)   :  0.252 0.048 0.700 
127    (0)   :  0.050 0.024 0.926 
128    (0)   :  0.038 0.029 0.933 
129    (0)   :  0.030 0.023 0.947 
130    (0)   :  0.056 0.045 0.900 
131    (0)   :  0.621 0.031 0.348 
132    (0)   :  0.186 0.021 0.793 
133    (0)   :  0.058 0.033 0.909 
134    (0)   :  0.505 0.014 0.481 
135    (0)   :  0.039 0.760 0.201 
136    (0)   :  0.036 0.876 0.089 
137    (0)   :  0.033 0.844 0.123 
138    (0)   :  0.032 0.913 0.055 
139    (0)   :  0.063 0.602 0.335 
140    (0)   :  0.112 0.626 0.262 
141    (0)   :  0.056 0.855 0.088 
142    (0)   :  0.036 0.823 0.141 
143    (0)   :  0.022 0.925 0.053 
144    (0)   :  0.029 0.857 0.113 
145    (0)   :  0.086 0.720 0.194 
146    (0)   :  0.092 0.565 0.342 
147    (0)   :  0.026 0.921 0.053 
148    (0)   :  0.045 0.768 0.187 
149    (0)   :  0.038 0.893 0.069 
150    (0)   :  0.045 0.634 0.321 
151    (0)   :  0.030 0.879 0.091 
152    (0)   :  0.055 0.691 0.254 
153    (0)   :  0.048 0.868 0.084 
154    (0)   :  0.031 0.870 0.099 
155    (0)   :  0.025 0.905 0.070 
156    (0)   :  0.026 0.870 0.104 
157    (0)   :  0.057 0.757 0.186 
158    (0)   :  0.080 0.766 0.155 
159    (0)   :  0.023 0.922 0.055 
160    (0)   :  0.024 0.911 0.065 
161    (0)   :  0.065 0.790 0.146 
162    (0)   :  0.106 0.453 0.442 
163    (0)   :  0.024 0.914 0.062 
164    (0)   :  0.059 0.415 0.525 
165    (0)   :  0.039 0.715 0.246 
166    (0)   :  0.072 0.640 0.287 
167    (0)   :  0.049 0.740 0.212 
168    (0)   :  0.054 0.857 0.089 
169    (0)   :  0.459 0.426 0.114 
170    (0)   :  0.030 0.853 0.116 
171    (0)   :  0.056 0.639 0.305 
172    (0)   :  0.135 0.799 0.066 
173    (0)   :  0.023 0.906 0.070 
174    (0)   :  0.031 0.889 0.080 
175    (0)   :  0.031 0.906 0.063 
176    (0)   :  0.029 0.859 0.112 
177    (0)   :  0.125 0.589 0.285 
178    (0)   :  0.047 0.836 0.117 
179    (0)   :  0.023 0.926 0.051 
180    (0)   :  0.082 0.734 0.184 
181    (0)   :  0.047 0.822 0.131 
182    (0)   :  0.023 0.855 0.122 
183    (0)   :  0.025 0.911 0.064 
184    (0)   :  0.098 0.049 0.853 
185    (0)   :  0.019 0.926 0.055 
186    (0)   :  0.087 0.039 0.874 
187    (0)   :  0.066 0.379 0.555 
188    (0)   :  0.059 0.029 0.912 
189    (0)   :  0.237 0.342 0.420 
190    (0)   :  0.022 0.742 0.236 
191    (0)   :  0.038 0.086 0.876 
192    (0)   :  0.061 0.262 0.677 
193    (0)   :  0.070 0.218 0.712 
194    (0)   :  0.049 0.240 0.711 
195    (0)   :  0.024 0.854 0.122 
196    (0)   :  0.040 0.402 0.558 
197    (0)   :  0.213 0.113 0.674 
198    (0)   :  0.102 0.121 0.777 
199    (0)   :  0.035 0.373 0.592 
200    (0)   :  0.065 0.235 0.701 
201    (0)   :  0.032 0.846 0.123 
202    (0)   :  0.022 0.795 0.183 
203    (0)   :  0.027 0.822 0.152 
204    (0)   :  0.028 0.521 0.451 
205    (0)   :  0.051 0.135 0.814 
206    (0)   :  0.033 0.430 0.537 
207    (0)   :  0.028 0.102 0.870 
208    (0)   :  0.040 0.496 0.464 
209    (0)   :  0.048 0.137 0.815 
210    (0)   :  0.036 0.435 0.529 
211    (0)   :  0.026 0.163 0.811 
212    (0)   :  0.044 0.822 0.134 
213    (0)   :  0.069 0.138 0.793 
214    (0)   :  0.028 0.845 0.127 
215    (0)   :  0.038 0.059 0.904 
216    (0)   :  0.107 0.073 0.821 
217    (0)   :  0.040 0.809 0.151 
218    (0)   :  0.050 0.191 0.759 
219    (0)   :  0.193 0.271 0.536 
220    (0)   :  0.031 0.111 0.858 
221    (0)   :  0.020 0.918 0.062 
222    (0)   :  0.199 0.122 0.679 
223    (0)   :  0.083 0.534 0.384 
224    (0)   :  0.031 0.688 0.281 
225    (0)   :  0.043 0.306 0.652 
226    (0)   :  0.160 0.180 0.660 
227    (0)   :  0.029 0.472 0.499 
228    (0)   :  0.022 0.840 0.137 
229    (0)   :  0.038 0.673 0.288 
230    (0)   :  0.034 0.539 0.427 
231    (0)   :  0.057 0.581 0.361 
232    (0)   :  0.085 0.406 0.509 
233    (0)   :  0.027 0.868 0.105 
234    (0)   :  0.080 0.191 0.729 
235    (0)   :  0.092 0.452 0.456 
236    (0)   :  0.058 0.573 0.369 
237    (0)   :  0.031 0.172 0.797 
238    (0)   :  0.040 0.779 0.182 
239    (0)   :  0.024 0.853 0.123 
240    (0)   :  0.038 0.777 0.185 
241    (0)   :  0.029 0.827 0.144 
242    (0)   :  0.102 0.331 0.567 
243    (0)   :  0.028 0.539 0.433 
244    (0)   :  0.028 0.776 0.196 
245    (0)   :  0.026 0.892 0.082 
246    (0)   :  0.040 0.812 0.148 
247    (0)   :  0.119 0.036 0.844 
248    (0)   :  0.034 0.042 0.924 
249    (0)   :  0.036 0.682 0.281 
250    (0)   :  0.053 0.347 0.600 
251    (0)   :  0.092 0.090 0.818 
252    (0)   :  0.059 0.454 0.486 
253    (0)   :  0.060 0.081 0.860 
254    (0)   :  0.127 0.162 0.712 
255    (0)   :  0.079 0.231 0.690 
256    (0)   :  0.039 0.668 0.293 
257    (0)   :  0.037 0.183 0.780 
258    (0)   :  0.047 0.095 0.858 
259    (0)   :  0.037 0.135 0.829 
260    (0)   :  0.144 0.320 0.536 
261    (0)   :  0.055 0.685 0.260 
262    (0)   :  0.026 0.861 0.114 
263    (0)   :  0.048 0.134 0.818 
264    (0)   :  0.665 0.030 0.305 
265    (0)   :  0.090 0.257 0.653 
266    (0)   :  0.020 0.909 0.071 
267    (0)   :  0.049 0.276 0.674 
268    (0)   :  0.040 0.409 0.551 
269    (0)   :  0.188 0.277 0.535 
270    (0)   :  0.083 0.081 0.836 
271    (0)   :  0.039 0.079 0.882 
272    (0)   :  0.103 0.109 0.789 
273    (0)   :  0.107 0.541 0.352 
274    (0)   :  0.075 0.125 0.800 
275    (0)   :  0.104 0.272 0.625 
276    (0)   :  0.085 0.092 0.823 
277    (0)   :  0.088 0.442 0.470 
278    (0)   :  0.039 0.098 0.863 
279    (0)   :  0.061 0.284 0.655 
280    (0)   :  0.210 0.264 0.527 
281    (0)   :  0.052 0.127 0.821 
282    (0)   :  0.071 0.671 0.258 
283    (0)   :  0.035 0.810 0.155 
284    (0)   :  0.053 0.275 0.671 
285    (0)   :  0.064 0.028 0.908 
286    (0)   :  0.028 0.770 0.202 
287    (0)   :  0.118 0.222 0.660 
288    (0)   :  0.107 0.111 0.782 
289    (0)   :  0.104 0.152 0.744 
290    (0)   :  0.366 0.186 0.449 
291    (0)   :  0.040 0.080 0.880 
292    (0)   :  0.156 0.461 0.383 
293    (0)   :  0.575 0.083 0.343 
294    (0)   :  0.055 0.117 0.828 
295    (0)   :  0.091 0.189 0.721 
296    (0)   :  0.035 0.113 0.852 
297    (0)   :  0.244 0.123 0.632 
298    (0)   :  0.073 0.480 0.447 
299    (0)   :  0.074 0.115 0.811 
300    (0)   :  0.056 0.117 0.827 
301    (0)   :  0.133 0.079 0.788 
302    (0)   :  0.049 0.127 0.823 
303    (0)   :  0.059 0.720 0.221 
304    (0)   :  0.193 0.406 0.401 
305    (0)   :  0.030 0.760 0.210 
306    (0)   :  0.053 0.769 0.177 
307    (0)   :  0.050 0.234 0.715 
308    (0)   :  0.054 0.676 0.270 
309    (0)   :  0.052 0.138 0.810 
310    (0)   :  0.030 0.729 0.241 
311    (0)   :  0.033 0.543 0.425 
312    (0)   :  0.028 0.112 0.860 
313    (0)   :  0.027 0.062 0.911 
314    (0)   :  0.022 0.932 0.045 
315    (0)   :  0.028 0.917 0.055 
316    (0)   :  0.033 0.908 0.058 
317    (0)   :  0.023 0.931 0.045 
318    (0)   :  0.025 0.931 0.044 
319    (0)   :  0.022 0.924 0.054 
320    (0)   :  0.022 0.933 0.045 
321    (0)   :  0.026 0.927 0.046 
322    (0)   :  0.033 0.905 0.062 
323    (0)   :  0.025 0.927 0.049 
324    (0)   :  0.026 0.928 0.047 
325    (0)   :  0.034 0.910 0.055 
326    (0)   :  0.033 0.916 0.051 
327    (0)   :  0.024 0.930 0.046 
328    (0)   :  0.033 0.899 0.068 
329    (0)   :  0.023 0.929 0.048 
330    (0)   :  0.023 0.931 0.045 
331    (0)   :  0.022 0.930 0.048 
332    (0)   :  0.040 0.901 0.058 
333    (0)   :  0.030 0.915 0.056 
334    (0)   :  0.032 0.901 0.067 
335    (0)   :  0.028 0.914 0.058 
336    (0)   :  0.027 0.928 0.045 
337    (0)   :  0.037 0.902 0.061 
338    (0)   :  0.026 0.929 0.045 
339    (0)   :  0.023 0.930 0.048 
340    (0)   :  0.021 0.932 0.047 
341    (0)   :  0.023 0.930 0.047 
342    (0)   :  0.024 0.931 0.045 
343    (0)   :  0.034 0.904 0.063 
344    (0)   :  0.023 0.933 0.045 
345    (0)   :  0.023 0.931 0.046 
346    (0)   :  0.022 0.935 0.042 
347    (0)   :  0.021 0.936 0.043 
348    (0)   :  0.027 0.914 0.059 
349    (0)   :  0.023 0.931 0.046 
350    (0)   :  0.023 0.927 0.050 
351    (0)   :  0.030 0.912 0.058 
352    (0)   :  0.032 0.910 0.058 
353    (0)   :  0.027 0.927 0.046 
354    (0)   :  0.023 0.930 0.047 
355    (0)   :  0.024 0.932 0.044 
356    (0)   :  0.028 0.905 0.067 
357    (0)   :  0.205 0.525 0.270 
358    (0)   :  0.033 0.908 0.059 
359    (0)   :  0.024 0.927 0.049 
360    (0)   :  0.023 0.934 0.043 
361    (0)   :  0.203 0.427 0.370 
362    (0)   :  0.305 0.058 0.638 
363    (0)   :  0.665 0.032 0.303 
364    (0)   :  0.234 0.320 0.445 
365    (0)   :  0.742 0.031 0.227 
366    (0)   :  0.535 0.143 0.322 
367    (0)   :  0.611 0.016 0.372 
368    (0)   :  0.067 0.031 0.902 
369    (0)   :  0.220 0.406 0.374 
370    (0)   :  0.062 0.048 0.890 
371    (0)   :  0.293 0.088 0.619 
372    (0)   :  0.082 0.118 0.800 
373    (0)   :  0.184 0.051 0.765 
374    (0)   :  0.309 0.296 0.394 
375    (0)   :  0.572 0.025 0.403 
376    (0)   :  0.914 0.019 0.067 
377    (0)   :  0.447 0.048 0.505 
378    (0)   :  0.104 0.101 0.795 
379    (0)   :  0.919 0.017 0.064 
380    (0)   :  0.784 0.115 0.101 
381    (0)   :  0.849 0.073 0.078 
382    (0)   :  0.519 0.028 0.454 
383    (0)   :  0.823 0.093 0.084 
384    (0)   :  0.746 0.062 0.192 
385    (0)   :  0.126 0.085 0.789 
386    (0)   :  0.569 0.028 0.403 
387    (0)   :  0.603 0.029 0.368 
388    (0)   :  0.194 0.185 0.621 
389    (0)   :  0.048 0.043 0.909 
390    (0)   :  0.673 0.032 0.296 
391    (0)   :  0.119 0.059 0.822 
392    (0)   :  0.812 0.052 0.136 
393    (0)   :  0.873 0.063 0.063 
394    (0)   :  0.165 0.171 0.664 
395    (0)   :  0.622 0.056 0.323 
396    (0)   :  0.497 0.019 0.485 
397    (0)   :  0.251 0.144 0.605 
398    (0)   :  0.879 0.019 0.103 
399    (0)   :  0.169 0.024 0.807 
400    (0)   :  0.695 0.034 0.271 
401    (0)   :  0.352 0.042 0.607 
402    (0)   :  0.113 0.062 0.824 
403    (0)   :  0.162 0.344 0.494 
404    (0)   :  0.618 0.070 0.312 
405    (0)   :  0.382 0.073 0.544 
406    (0)   :  0.641 0.206 0.154 
407    (0)   :  0.892 0.019 0.089 
408    (0)   :  0.057 0.020 0.923 
409    (0)   :  0.377 0.498 0.125 
410    (0)   :  0.745 0.056 0.199 
411    (0)   :  0.662 0.204 0.134 
412    (0)   :  0.096 0.029 0.875 
413    (0)   :  0.089 0.083 0.828 
414    (0)   :  0.089 0.021 0.890 
415    (0)   :  0.850 0.030 0.120 
416    (0)   :  0.632 0.048 0.320 
417    (0)   :  0.852 0.025 0.123 
418    (0)   :  0.490 0.020 0.490 
419    (0)   :  0.405 0.154 0.441 
420    (0)   :  0.414 0.031 0.555 
421    (0)   :  0.708 0.031 0.262 
422    (0)   :  0.647 0.052 0.301 
423    (0)   :  0.760 0.039 0.202 
424    (0)   :  0.174 0.051 0.776 
425    (0)   :  0.490 0.059 0.451 
426    (0)   :  0.139 0.047 0.815 
427    (0)   :  0.808 0.076 0.116 
428    (0)   :  0.538 0.196 0.266 
429    (0)   :  0.877 0.017 0.106 
430    (0)   :  0.873 0.024 0.103 
431    (0)   :  0.135 0.038 0.827 
432    (0)   :  0.075 0.036 0.890 
433    (0)   :  0.052 0.191 0.757 
434    (0)   :  0.285 0.114 0.601 
435    (0)   :  0.874 0.019 0.107 
436    (0)   :  0.900 0.030 0.070 
437    (0)   :  0.869 0.021 0.110 
438    (0)   :  0.744 0.064 0.192 
439    (0)   :  0.910 0.026 0.065 
440    (0)   :  0.889 0.016 0.095 
441    (0)   :  0.670 0.077 0.253 
442    (0)   :  0.809 0.021 0.169 
443    (0)   :  0.590 0.022 0.388 
444    (0)   :  0.838 0.022 0.141 
445    (0)   :  0.746 0.128 0.126 
446    (0)   :  0.874 0.021 0.105 
447    (0)   :  0.687 0.051 0.262 
448    (0)   :  0.720 0.024 0.256 
449    (0)   :  0.668 0.044 0.288 
450    (0)   :  0.826 0.036 0.139 
451    (0)   :  0.084 0.017 0.899 
452    (0)   :  0.850 0.030 0.120 
453    (0)   :  0.107 0.078 0.815 
454    (0)   :  0.672 0.055 0.273 
455    (0)   :  0.858 0.024 0.118 
456    (0)   :  0.824 0.023 0.153 
457    (0)   :  0.888 0.023 0.089 
458    (0)   :  0.902 0.025 0.073 
459    (0)   :  0.677 0.069 0.254 
460    (0)   :  0.836 0.020 0.144 
461    (0)   :  0.791 0.020 0.189 
462    (0)   :  0.854 0.016 0.130 
463    (0)   :  0.560 0.082 0.358 
464    (0)   :  0.726 0.021 0.253 
465    (0)   :  0.447 0.032 0.521 
466    (0)   :  0.500 0.028 0.472 
467    (0)   :  0.754 0.055 0.191 
468    (0)   :  0.896 0.021 0.083 
469    (0)   :  0.919 0.022 0.059 
470    (0)   :  0.893 0.019 0.089 
471    (0)   :  0.408 0.043 0.549 
472    (0)   :  0.544 0.033 0.423 
473    (0)   :  0.485 0.050 0.464 
474    (0)   :  0.825 0.034 0.142 
475    (0)   :  0.547 0.047 0.406 
476    (0)   :  0.898 0.025 0.077 
477    (0)   :  0.147 0.041 0.812 
478    (0)   :  0.158 0.020 0.822 
479    (0)   :  0.841 0.018 0.140 
480    (0)   :  0.911 0.021 0.068 
481    (0)   :  0.451 0.026 0.523 
482    (0)   :  0.903 0.018 0.079 
483    (0)   :  0.878 0.027 0.095 
484    (0)   :  0.808 0.035 0.156 
485    (0)   :  0.890 0.021 0.089 
486    (0)   :  0.056 0.036 0.908 
487    (0)   :  0.071 0.093 0.836 
488    (0)   :  0.042 0.045 0.914 
489    (0)   :  0.084 0.185 0.730 
490    (0)   :  0.077 0.022 0.900 
491    (0)   :  0.048 0.110 0.843 
492    (0)   :  0.053 0.171 0.776 
493    (0)   :  0.043 0.043 0.914 
494    (0)   :  0.114 0.077 0.809 
495    (0)   :  0.078 0.067 0.855 
496    (0)   :  0.066 0.396 0.538 
497    (0)   :  0.047 0.078 0.876 
498    (0)   :  0.065 0.043 0.892 
499    (0)   :  0.057 0.241 0.703 
500    (0)   :  0.181 0.049 0.770 
501    (0)   :  0.203 0.129 0.668 
502    (0)   :  0.088 0.129 0.783 
503    (0)   :  0.497 0.031 0.472 
504    (0)   :  0.043 0.030 0.927 
505    (0)   :  0.049 0.095 0.855 
506    (0)   :  0.073 0.118 0.809 
507    (0)   :  0.028 0.859 0.114 
508    (0)   :  0.029 0.693 0.278 
509    (0)   :  0.044 0.205 0.751 
510    (0)   :  0.222 0.251 0.527 
511    (0)   :  0.557 0.038 0.405 
512    (0)   :  0.652 0.023 0.326 
513    (0)   :  0.023 0.045 0.932 
514    (0)   :  0.059 0.039 0.903 
515    (0)   :  0.625 0.140 0.235 
516    (0)   :  0.040 0.039 0.921 
517    (0)   :  0.231 0.133 0.636 
518    (0)   :  0.154 0.259 0.587 
519    (0)   :  0.068 0.037 0.895 
520    (0)   :  0.218 0.522 0.259 
521    (0)   :  0.072 0.426 0.502 
522    (0)   :  0.647 0.064 0.289 
523    (0)   :  0.063 0.238 0.699 
524    (0)   :  0.468 0.076 0.457 
525    (0)   :  0.305 0.302 0.393 
526    (0)   :  0.706 0.130 0.165 
527    (0)   :  0.174 0.035 0.791 
528    (0)   :  0.041 0.783 0.176 
529    (0)   :  0.074 0.098 0.828 
530    (0)   :  0.553 0.077 0.370 
531    (0)   :  0.233 0.461 0.306 
532    (0)   :  0.139 0.246 0.615 
533    (0)   :  0.381 0.068 0.551 
534    (0)   :  0.033 0.097 0.870 
535    (0)   :  0.287 0.077 0.635 
536    (0)   :  0.491 0.266 0.243 
537    (0)   :  0.069 0.646 0.285 
538    (0)   :  0.113 0.386 0.501 
539    (0)   :  0.029 0.887 0.084 
540    (0)   :  0.140 0.423 0.437 
541    (0)   :  0.092 0.652 0.256 
542    (0)   :  0.636 0.125 0.238 
543    (0)   :  0.047 0.220 0.732 
544    (0)   :  0.225 0.196 0.578 
545    (0)   :  0.603 0.056 0.340 
546    (0)   :  0.132 0.342 0.526 
547    (0)   :  0.088 0.393 0.519 
548    (0)   :  0.052 0.339 0.609 
549    (0)   :  0.195 0.717 0.088 
550    (0)   :  0.570 0.103 0.327 
551    (0)   :  0.075 0.764 0.161 
552    (0)   :  0.104 0.511 0.385 
553    (0)   :  0.039 0.424 0.537 
554    (0)   :  0.277 0.167 0.556 
555    (0)   :  0.060 0.563 0.377 
556    (0)   :  0.089 0.312 0.598 
557    (0)   :  0.629 0.128 0.243 
558    (0)   :  0.911 0.018 0.071 
559    (0)   :  0.062 0.033 0.905 
560    (0)   :  0.754 0.017 0.230 
561    (0)   :  0.431 0.022 0.547 
562    (0)   :  0.228 0.017 0.756 
563    (0)   :  0.149 0.100 0.752 
564    (0)   :  0.068 0.044 0.888 
565    (0)   :  0.898 0.022 0.079 
566    (0)   :  0.299 0.017 0.684 
567    (0)   :  0.046 0.027 0.927 
568    (0)   :  0.220 0.040 0.740 
569    (0)   :  0.279 0.055 0.666 
570    (0)   :  0.878 0.016 0.105 
571    (0)   :  0.088 0.024 0.888 
572    (0)   :  0.123 0.349 0.528 
573    (0)   :  0.094 0.044 0.862 
574    (0)   :  0.469 0.092 0.439 
575    (0)   :  0.216 0.061 0.723 
576    (0)   :  0.189 0.016 0.796 
577    (0)   :  0.445 0.077 0.478 
578    (0)   :  0.261 0.029 0.710 
579    (0)   :  0.383 0.029 0.588 
580    (0)   :  0.627 0.048 0.325 
581    (0)   :  0.610 0.036 0.354 
582    (0)   :  0.858 0.018 0.123 
583    (0)   :  0.216 0.025 0.759 
584    (0)   :  0.158 0.019 0.823 
585    (0)   :  0.441 0.024 0.535 
586    (0)   :  0.079 0.029 0.892 
587    (0)   :  0.678 0.020 0.302 
588    (0)   :  0.024 0.037 0.939 
589    (0)   :  0.686 0.022 0.292 
590    (0)   :  0.059 0.022 0.919 
591    (0)   :  0.073 0.027 0.900 
592    (0)   :  0.274 0.025 0.700 
593    (0)   :  0.266 0.051 0.683 
594    (0)   :  0.058 0.044 0.898 
595    (0)   :  0.426 0.018 0.556 
596    (0)   :  0.098 0.047 0.855 
597    (0)   :  0.061 0.107 0.833 
598    (0)   :  0.907 0.017 0.076 
599    (0)   :  0.371 0.018 0.611 
600    (0)   :  0.571 0.063 0.366 
601    (0)   :  0.632 0.019 0.350 
602    (0)   :  0.057 0.087 0.857 
603    (0)   :  0.054 0.073 0.873 
604    (0)   :  0.664 0.075 0.261 
605    (0)   :  0.235 0.036 0.729 
606    (0)   :  0.186 0.140 0.674 
607    (0)   :  0.180 0.194 0.627 
608    (0)   :  0.250 0.435 0.315 
609    (0)   :  0.539 0.042 0.419 
610    (0)   :  0.785 0.041 0.174 
611    (0)   :  0.067 0.075 0.859 
612    (0)   :  0.893 0.025 0.082 
613    (0)   :  0.173 0.044 0.782 
614    (0)   :  0.861 0.026 0.114 
615    (0)   :  0.836 0.052 0.112 
616    (0)   :  0.156 0.129 0.715 
617    (0)   :  0.409 0.031 0.560 
618    (0)   :  0.690 0.140 0.170 
619    (0)   :  0.122 0.088 0.790 
620    (0)   :  0.161 0.020 0.818 
621    (0)   :  0.171 0.026 0.804 
622    (0)   :  0.569 0.112 0.319 
623    (0)   :  0.090 0.029 0.881 
624    (0)   :  0.802 0.089 0.109 
625    (0)   :  0.617 0.101 0.282 
626    (0)   :  0.302 0.609 0.089 
627    (0)   :  0.112 0.039 0.849 
628    (0)   :  0.081 0.036 0.884 
629    (0)   :  0.137 0.048 0.816 
630    (0)   :  0.756 0.035 0.209 
631    (0)   :  0.522 0.050 0.429 
632    (0)   :  0.118 0.313 0.570 
633    (0)   :  0.515 0.082 0.403 
634    (0)   :  0.144 0.131 0.725 
635    (0)   :  0.132 0.537 0.330 
636    (0)   :  0.550 0.190 0.260 
637    (0)   :  0.286 0.110 0.604 
638    (0)   :  0.107 0.069 0.825 
639    (0)   :  0.435 0.079 0.487 
640    (0)   :  0.134 0.030 0.836 
641    (0)   :  0.223 0.048 0.729 
642    (0)   :  0.093 0.677 0.230 
643    (0)   :  0.041 0.861 0.097 
644    (0)   :  0.043 0.701 0.255 
645    (0)   :  0.290 0.626 0.083 
646    (0)   :  0.131 0.100 0.769 
647    (0)   :  0.064 0.289 0.647 
648    (0)   :  0.153 0.392 0.456 
649    (0)   :  0.041 0.190 0.769 
650    (0)   :  0.046 0.110 0.843 
651    (0)   :  0.054 0.428 0.518 
652    (0)   :  0.063 0.615 0.322 
653    (0)   :  0.106 0.445 0.448 
654    (0)   :  0.086 0.647 0.267 
655    (0)   :  0.087 0.548 0.365 
656    (0)   :  0.093 0.245 0.662 
657    (0)   :  0.356 0.140 0.504 
658    (0)   :  0.175 0.183 0.643 
659    (0)   :  0.084 0.622 0.294 
660    (0)   :  0.039 0.755 0.206 
661    (0)   :  0.079 0.756 0.165 
662    (0)   :  0.032 0.112 0.856 
663    (0)   :  0.066 0.663 0.270 
664    (0)   :  0.295 0.253 0.452 
665    (0)   :  0.041 0.121 0.838 
666    (0)   :  0.067 0.686 0.247 
667    (0)   :  0.086 0.057 0.857 
668    (0)   :  0.133 0.552 0.315 
669    (0)   :  0.059 0.280 0.661 
670    (0)   :  0.024 0.910 0.066 
671    (0)   :  0.036 0.806 0.158 
672    (0)   :  0.058 0.787 0.155 
673    (0)   :  0.025 0.922 0.053 
674    (0)   :  0.049 0.830 0.121 
675    (0)   :  0.029 0.855 0.116 
676    (0)   :  0.024 0.926 0.051 
677    (0)   :  0.022 0.915 0.063 
678    (0)   :  0.026 0.917 0.057 
679    (0)   :  0.049 0.852 0.099 
680    (0)   :  0.040 0.886 0.073 
681    (0)   :  0.147 0.493 0.360 
682    (0)   :  0.044 0.895 0.062 
683    (0)   :  0.025 0.915 0.061 
684    (0)   :  0.027 0.912 0.062 
685    (0)   :  0.022 0.928 0.050 
686    (0)   :  0.041 0.873 0.086 
687    (0)   :  0.031 0.825 0.144 
688    (0)   :  0.030 0.879 0.091 
689    (0)   :  0.023 0.927 0.050 
690    (0)   :  0.024 0.926 0.050 
691    (0)   :  0.044 0.857 0.098 
692    (0)   :  0.037 0.874 0.089 
693    (0)   :  0.040 0.876 0.084 
694    (0)   :  0.020 0.933 0.047 
695    (0)   :  0.028 0.914 0.058 
696    (0)   :  0.030 0.877 0.092 
697    (0)   :  0.023 0.924 0.053 
698    (0)   :  0.024 0.922 0.054 
699    (0)   :  0.027 0.911 0.062 
700    (0)   :  0.066 0.861 0.073 
701    (0)   :  0.052 0.815 0.133 
702    (0)   :  0.055 0.826 0.119 
703    (0)   :  0.042 0.886 0.072 
704    (0)   :  0.028 0.896 0.076 
705    (0)   :  0.072 0.731 0.197 
706    (0)   :  0.037 0.901 0.062 
707    (0)   :  0.026 0.916 0.058 
708    (0)   :  0.024 0.916 0.060 
709    (0)   :  0.026 0.923 0.051 
710    (0)   :  0.022 0.932 0.046 
711    (0)   :  0.036 0.896 0.069 
712    (0)   :  0.019 0.924 0.057 
713    (0)   :  0.028 0.889 0.083 
714    (0)   :  0.051 0.799 0.150 
715    (0)   :  0.020 0.932 0.048 
716    (0)   :  0.035 0.911 0.053 
717    (0)   :  0.021 0.934 0.046 
718    (0)   :  0.039 0.860 0.102 
719    (0)   :  0.020 0.929 0.051 
720    (0)   :  0.141 0.028 0.831 
721    (0)   :  0.169 0.607 0.224 
722    (0)   :  0.510 0.058 0.432 
723    (0)   :  0.626 0.050 0.324 
724    (0)   :  0.741 0.138 0.122 
725    (0)   :  0.134 0.164 0.702 
726    (0)   :  0.689 0.093 0.218 
727    (0)   :  0.156 0.393 0.451 
728    (0)   :  0.923 0.016 0.061 
729    (0)   :  0.903 0.017 0.079 
730    (0)   :  0.655 0.033 0.312 
731    (0)   :  0.863 0.035 0.102 
732    (0)   :  0.626 0.051 0.323 
733    (0)   :  0.892 0.023 0.085 
734    (0)   :  0.891 0.016 0.093 
735    (0)   :  0.897 0.027 0.076 
736    (0)   :  0.578 0.035 0.388 
737    (0)   :  0.564 0.043 0.393 
738    (0)   :  0.597 0.034 0.369 
739    (0)   :  0.902 0.021 0.077 
740    (0)   :  0.050 0.746 0.204 
741    (0)   :  0.100 0.502 0.398 
742    (0)   :  0.196 0.129 0.675 
743    (0)   :  0.163 0.063 0.774 
744    (0)   :  0.055 0.111 0.834 
745    (0)   :  0.128 0.024 0.848 
746    (0)   :  0.174 0.174 0.652 
747    (0)   :  0.085 0.046 0.869 
748    (0)   :  0.059 0.452 0.489 
749    (0)   :  0.067 0.165 0.767 
750    (0)   :  0.103 0.112 0.785 
751    (0)   :  0.073 0.521 0.405 
752    (0)   :  0.121 0.065 0.814 
753    (0)   :  0.252 0.232 0.516 
754    (0)   :  0.126 0.342 0.532 
755    (0)   :  0.103 0.119 0.778 
756    (0)   :  0.046 0.185 0.768 
757    (0)   :  0.079 0.091 0.831 
758    (0)   :  0.044 0.023 0.933 
759    (0)   :  0.156 0.488 0.355 
760    (0)   :  0.345 0.100 0.554 
761    (0)   :  0.566 0.253 0.181 
762    (0)   :  0.680 0.035 0.285 
763    (0)   :  0.255 0.236 0.509 
764    (0)   :  0.068 0.053 0.878 
765    (0)   :  0.601 0.056 0.343 
766    (0)   :  0.093 0.372 0.535 
767    (0)   :  0.107 0.165 0.728 
768    (0)   :  0.699 0.035 0.267 
769    (0)   :  0.595 0.179 0.226 
770    (0)   :  0.614 0.033 0.353 
771    (0)   :  0.038 0.206 0.756 
772    (0)   :  0.139 0.294 0.567 
773    (0)   :  0.085 0.070 0.845 
774    (0)   :  0.102 0.518 0.380 
775    (0)   :  0.782 0.055 0.163 
776    (0)   :  0.097 0.036 0.867 
777    (0)   :  0.129 0.090 0.781 
778    (0)   :  0.082 0.179 0.738 
779    (0)   :  0.058 0.085 0.856 
780    (0)   :  0.068 0.350 0.582 
781    (0)   :  0.047 0.339 0.614 
782    (0)   :  0.058 0.087 0.855 
783    (0)   :  0.150 0.241 0.609 
784    (0)   :  0.259 0.050 0.691 
785    (0)   :  0.096 0.093 0.810 
786    (0)   :  0.108 0.485 0.407 
787    (0)   :  0.033 0.426 0.541 
788    (0)   :  0.203 0.054 0.742 
789    (0)   :  0.284 0.057 0.658 
790    (0)   :  0.138 0.210 0.652 
791    (0)   :  0.124 0.090 0.786 
792    (0)   :  0.037 0.527 0.436 
793    (0)   :  0.142 0.545 0.313 
794    (0)   :  0.121 0.107 0.772 
795    (0)   :  0.136 0.625 0.239 
796    (0)   :  0.064 0.115 0.821 
797    (0)   :  0.052 0.784 0.164 
798    (0)   :  0.839 0.024 0.138 
799    (0)   :  0.098 0.047 0.855 
800    (0)   :  0.026 0.678 0.296 
801    (0)   :  0.824 0.047 0.129 
802    (0)   :  0.487 0.289 0.224 
803    (0)   :  0.136 0.434 0.430 
804    (0)   :  0.168 0.127 0.705 
805    (0)   :  0.038 0.868 0.095 
806    (0)   :  0.619 0.184 0.197 
807    (0)   :  0.035 0.864 0.101 
808    (0)   :  0.058 0.553 0.389 
809    (0)   :  0.620 0.152 0.228 
810    (0)   :  0.163 0.180 0.657 
811    (0)   :  0.102 0.627 0.271 
812    (0)   :  0.148 0.064 0.788 
813    (0)   :  0.842 0.027 0.130 
814    (0)   :  0.043 0.048 0.909 
815    (0)   :  0.476 0.418 0.106 
816    (0)   :  0.337 0.425 0.239 
817    (0)   :  0.484 0.289 0.227 
818    (0)   :  0.125 0.043 0.832 
819    (0)   :  0.036 0.079 0.886 
820    (0)   :  0.056 0.098 0.846 
821    (0)   :  0.170 0.052 0.778 
822    (0)   :  0.311 0.018 0.670 
823    (0)   :  0.531 0.163 0.306 
824    (0)   :  0.100 0.101 0.799 
825    (0)   :  0.224 0.035 0.741 
826    (0)   :  0.052 0.025 0.922 
827    (0)   :  0.413 0.036 0.551 
828    (0)   :  0.489 0.069 0.441 
829    (0)   :  0.726 0.065 0.208 
830    (0)   :  0.410 0.023 0.567 
831    (0)   :  0.238 0.096 0.666 
832    (0)   :  0.312 0.119 0.569 
833    (0)   :  0.524 0.114 0.361 
834    (0)   :  0.346 0.088 0.567 
835    (0)   :  0.051 0.025 0.924 
836    (0)   :  0.077 0.059 0.864 
837    (0)   :  0.569 0.236 0.194 
838    (0)   :  0.063 0.030 0.906 
839    (0)   :  0.236 0.036 0.729 
840    (0)   :  0.046 0.115 0.839 
841    (0)   :  0.046 0.073 0.881 
842    (0)   :  0.117 0.019 0.864 
843    (0)   :  0.069 0.343 0.588 
844    (0)   :  0.139 0.105 0.756 
845    (0)   :  0.090 0.022 0.887 
846    (0)   :  0.066 0.062 0.872 
847    (0)   :  0.035 0.111 0.854 
848    (0)   :  0.037 0.048 0.915 
849    (0)   :  0.177 0.034 0.789 
850    (0)   :  0.111 0.036 0.854 
851    (0)   :  0.044 0.030 0.926 
852    (0)   :  0.234 0.506 0.260 
853    (0)   :  0.295 0.030 0.675 
854    (0)   :  0.390 0.171 0.438 
855    (0)   :  0.053 0.047 0.900 
856    (0)   :  0.066 0.079 0.855 
857    (0)   :  0.099 0.048 0.853 
858    (0)   :  0.089 0.029 0.882 
859    (0)   :  0.199 0.032 0.770 
860    (0)   :  0.048 0.025 0.927 
861    (0)   :  0.041 0.390 0.569 
862    (0)   :  0.915 0.022 0.063 
863    (0)   :  0.856 0.053 0.091 
864    (0)   :  0.906 0.037 0.057 
865    (0)   :  0.898 0.016 0.086 
866    (0)   :  0.445 0.030 0.526 
867    (0)   :  0.892 0.036 0.072 
868    (0)   :  0.837 0.030 0.132 
869    (0)   :  0.504 0.032 0.465 
870    (0)   :  0.788 0.021 0.191 
871    (0)   :  0.862 0.019 0.119 
872    (0)   :  0.886 0.025 0.089 
873    (0)   :  0.903 0.029 0.069 
874    (0)   :  0.902 0.019 0.080 
875    (0)   :  0.433 0.038 0.529 
876    (0)   :  0.087 0.024 0.889 
877    (0)   :  0.915 0.026 0.059 
878    (0)   :  0.440 0.051 0.509 
879    (0)   :  0.893 0.033 0.074 
880    (0)   :  0.379 0.030 0.591 
881    (0)   :  0.878 0.034 0.088 
882    (0)   :  0.901 0.027 0.072 
883    (0)   :  0.125 0.038 0.838 
884    (0)   :  0.898 0.015 0.086 
885    (0)   :  0.770 0.063 0.167 
886    (0)   :  0.656 0.045 0.298 
887    (0)   :  0.894 0.018 0.088 
888    (0)   :  0.355 0.120 0.526 
889    (0)   :  0.905 0.016 0.079 
890    (0)   :  0.289 0.018 0.693 
891    (0)   :  0.059 0.027 0.914 
892    (0)   :  0.069 0.031 0.900 
893    (0)   :  0.261 0.056 0.683 
894    (0)   :  0.509 0.018 0.473 
895    (0)   :  0.872 0.020 0.108 
896    (0)   :  0.043 0.047 0.910 
897    (0)   :  0.047 0.028 0.926 
898    (0)   :  0.469 0.060 0.471 
899    (0)   :  0.425 0.016 0.559 
900    (0)   :  0.058 0.022 0.920 
901    (0)   :  0.067 0.024 0.909 
902    (0)   :  0.047 0.039 0.914 
903    (0)   :  0.650 0.025 0.324 
904    (0)   :  0.436 0.057 0.507 
905    (0)   :  0.724 0.018 0.258 
906    (0)   :  0.159 0.035 0.806 
907    (0)   :  0.147 0.038 0.815 
908    (0)   :  0.141 0.029 0.830 
909    (0)   :  0.141 0.039 0.819 
910    (0)   :  0.062 0.037 0.901 
911    (0)   :  0.791 0.016 0.193 
912    (0)   :  0.457 0.020 0.523 
913    (0)   :  0.507 0.019 0.473 
914    (0)   :  0.277 0.126 0.597 
915    (0)   :  0.151 0.016 0.833 
916    (0)   :  0.198 0.022 0.780 
917    (0)   :  0.292 0.024 0.685 
918    (0)   :  0.470 0.104 0.426 
919    (0)   :  0.598 0.051 0.351 
920    (0)   :  0.137 0.034 0.830 
921    (0)   :  0.070 0.329 0.601 
922    (0)   :  0.094 0.052 0.854 
923    (0)   :  0.040 0.088 0.872 
924    (0)   :  0.038 0.041 0.921 
925    (0)   :  0.056 0.075 0.870 
926    (0)   :  0.027 0.288 0.685 
927    (0)   :  0.090 0.392 0.518 
928    (0)   :  0.031 0.526 0.443 
929    (0)   :  0.027 0.076 0.897 
930    (0)   :  0.052 0.106 0.841 
931    (0)   :  0.367 0.519 0.114 
932    (0)   :  0.037 0.063 0.901 
933    (0)   :  0.037 0.722 0.240 
934    (0)   :  0.028 0.028 0.944 
935    (0)   :  0.079 0.194 0.727 
936    (0)   :  0.074 0.129 0.798 
937    (0)   :  0.067 0.577 0.356 
938    (0)   :  0.028 0.545 0.427 
939    (0)   :  0.070 0.661 0.269 
940    (0)   :  0.096 0.214 0.689 
941    (0)   :  0.135 0.058 0.807 
942    (0)   :  0.067 0.316 0.618 
943    (0)   :  0.049 0.838 0.113 
944    (0)   :  0.066 0.584 0.350 
945    (0)   :  0.048 0.101 0.851 
946    (0)   :  0.054 0.130 0.816 
947    (0)   :  0.046 0.697 0.256 
948    (0)   :  0.682 0.087 0.231 
949    (0)   :  0.402 0.051 0.547 
950    (0)   :  0.032 0.567 0.401 
951    (0)   :  0.068 0.359 0.573 
952    (0)   :  0.089 0.214 0.697 
953    (0)   :  0.094 0.097 0.809 
954    (0)   :  0.349 0.190 0.460 
955    (0)   :  0.034 0.900 0.065 
956    (0)   :  0.025 0.895 0.080 
957    (0)   :  0.136 0.480 0.384 
958    (0)   :  0.121 0.060 0.819 
959    (0)   :  0.052 0.235 0.713 
960    (0)   :  0.544 0.074 0.381 
961    (0)   :  0.022 0.928 0.050 
962    (0)   :  0.027 0.065 0.908 
963    (0)   :  0.155 0.063 0.782 
964    (0)   :  0.100 0.087 0.813 
965    (0)   :  0.045 0.287 0.668 
966    (0)   :  0.115 0.217 0.668 
967    (0)   :  0.038 0.901 0.061 
968    (0)   :  0.032 0.081 0.887 
969    (0)   :  0.221 0.217 0.562 
970    (0)   :  0.042 0.801 0.157 
971    (0)   :  0.037 0.164 0.799 
972    (0)   :  0.170 0.228 0.602 
973    (0)   :  0.030 0.467 0.503 
974    (0)   :  0.076 0.072 0.852 
975    (0)   :  0.225 0.214 0.561 
976    (0)   :  0.037 0.165 0.798 
977    (0)   :  0.113 0.289 0.598 
978    (0)   :  0.038 0.292 0.670 
979    (0)   :  0.051 0.064 0.884 
980    (0)   :  0.039 0.374 0.588 
981    (0)   :  0.077 0.175 0.747 
982    (0)   :  0.087 0.032 0.881 
983    (0)   :  0.390 0.047 0.563 
984    (0)   :  0.188 0.688 0.125 
985    (0)   :  0.051 0.135 0.815 
986    (0)   :  0.075 0.060 0.865 
987    (0)   :  0.056 0.025 0.919 
988    (0)   :  0.693 0.018 0.289 
989    (0)   :  0.097 0.753 0.150 
990    (0)   :  0.172 0.077 0.750 
991    (0)   :  0.065 0.101 0.835 
992    (0)   :  0.033 0.029 0.938 
993    (0)   :  0.572 0.043 0.385 
994    (0)   :  0.059 0.264 0.677 
995    (0)   :  0.020 0.924 0.056 
996    (0)   :  0.154 0.036 0.810 
997    (0)   :  0.033 0.071 0.896 
998    (0)   :  0.063 0.033 0.904 
999    (0)   :  0.060 0.142 0.797 
1000    (0)   :  0.061 0.030 0.910 
1001    (0)   :  0.148 0.041 0.811 
1002    (0)   :  0.124 0.019 0.857 
1003    (0)   :  0.051 0.083 0.866 
1004    (0)   :  0.038 0.049 0.913 
1005    (0)   :  0.058 0.031 0.911 
1006    (0)   :  0.070 0.158 0.773 
1007    (0)   :  0.052 0.315 0.634 
1008    (0)   :  0.051 0.528 0.421 
1009    (0)   :  0.186 0.152 0.663 
1010    (0)   :  0.059 0.117 0.825 
1011    (0)   :  0.076 0.484 0.440 
1012    (0)   :  0.098 0.077 0.825 
1013    (0)   :  0.055 0.102 0.843 
1014    (0)   :  0.087 0.035 0.878 
1015    (0)   :  0.035 0.048 0.917 
1016    (0)   :  0.054 0.029 0.918 
1017    (0)   :  0.041 0.158 0.802 
1018    (0)   :  0.060 0.131 0.808 
1019    (0)   :  0.095 0.123 0.782 
1020    (0)   :  0.029 0.873 0.098 
1021    (0)   :  0.046 0.645 0.309 
1022    (0)   :  0.050 0.118 0.832 
1023    (0)   :  0.180 0.043 0.777 
1024    (0)   :  0.152 0.033 0.816 
1025    (0)   :  0.060 0.063 0.877 
1026    (0)   :  0.714 0.180 0.106 
1027    (0)   :  0.671 0.154 0.175 
1028    (0)   :  0.727 0.083 0.190 
1029    (0)   :  0.096 0.122 0.782 
1030    (0)   :  0.092 0.511 0.397 
1031    (0)   :  0.450 0.268 0.281 
1032    (0)   :  0.345 0.358 0.297 
1033    (0)   :  0.428 0.297 0.275 
1034    (0)   :  0.088 0.133 0.779 
1035    (0)   :  0.070 0.766 0.164 
1036    (0)   :  0.148 0.552 0.300 
1037    (0)   :  0.046 0.572 0.382 
1038    (0)   :  0.373 0.459 0.168 
1039    (0)   :  0.178 0.461 0.361 
1040    (0)   :  0.713 0.167 0.120 
1041    (0)   :  0.708 0.124 0.168 
1042    (0)   :  0.223 0.498 0.279 
1043    (0)   :  0.475 0.277 0.248 
1044    (0)   :  0.452 0.139 0.410 
1045    (0)   :  0.774 0.136 0.090 
1046    (0)   :  0.202 0.450 0.347 
1047    (0)   :  0.064 0.768 0.168 
1048    (0)   :  0.124 0.070 0.807 
1049    (0)   :  0.064 0.042 0.894 
1050    (0)   :  0.377 0.017 0.606 
1051    (0)   :  0.122 0.019 0.859 
1052    (0)   :  0.152 0.025 0.823 
1053    (0)   :  0.161 0.031 0.809 
1054    (0)   :  0.118 0.032 0.849 
1055    (0)   :  0.043 0.025 0.932 
1056    (0)   :  0.074 0.026 0.900 
1057    (0)   :  0.803 0.023 0.174 
1058    (0)   :  0.332 0.019 0.648 
1059    (0)   :  0.383 0.037 0.580 
1060    (0)   :  0.264 0.062 0.674 
1061    (0)   :  0.049 0.022 0.929 
1062    (0)   :  0.389 0.023 0.589 
1063    (0)   :  0.034 0.064 0.901 
1064    (0)   :  0.199 0.028 0.773 
1065    (0)   :  0.110 0.042 0.848 
1066    (0)   :  0.050 0.047 0.904 
1067    (0)   :  0.285 0.021 0.694 
1068    (0)   :  0.125 0.201 0.675 
1069    (0)   :  0.090 0.016 0.894 
1070    (0)   :  0.144 0.023 0.833 
1071    (0)   :  0.116 0.068 0.816 
1072    (0)   :  0.098 0.040 0.861 
1073    (0)   :  0.300 0.027 0.673 
1074    (0)   :  0.310 0.053 0.637 
1075    (0)   :  0.227 0.038 0.734 
1076    (0)   :  0.190 0.044 0.766 
1077    (0)   :  0.850 0.020 0.130 
1078    (0)   :  0.071 0.032 0.897 
1079    (0)   :  0.255 0.027 0.718 
1080    (0)   :  0.086 0.100 0.815 
1081    (0)   :  0.187 0.020 0.793 
1082    (0)   :  0.143 0.054 0.803 
1083    (0)   :  0.104 0.036 0.860 
1084    (0)   :  0.094 0.092 0.813 
1085    (0)   :  0.105 0.015 0.880 
1086    (0)   :  0.039 0.021 0.940 
1087    (0)   :  0.092 0.015 0.893 
1088    (0)   :  0.073 0.016 0.911 
1089    (0)   :  0.508 0.018 0.474 
1090    (0)   :  0.270 0.022 0.708 
1091    (0)   :  0.076 0.030 0.894 
1092    (0)   :  0.192 0.020 0.788 
1093    (0)   :  0.052 0.049 0.899 
1094    (0)   :  0.750 0.058 0.192 
