

----------------------------------------------------
STRUCTURE by Pritchard, Stephens and Donnelly (2000)
     and Falush, Stephens and Pritchard (2003)
       Code by Pritchard, Falush and Hubisz
             Version 2.3.4 (Jul 2012)
----------------------------------------------------



Command line arguments:   ./structure -K 7 -D 107005 -m brooktrout/mainparams -e brooktrout/extraparams -o brooktrout/250914_output/results_K7_rep5 
Input File:    brooktrout/brooktrout.txt

Run parameters:
   8454 individuals
   5 loci
   7 populations assumed
   50000 Burn-in period
   100000 Reps
RANDOMIZE turned off


--------------------------------------------
Overall proportion of membership of the
sample in each of the 7 clusters

Inferred Clusters
  1      2      3      4      5      6      7    
0.016  0.024  0.055  0.140  0.180  0.307  0.277  

--------------------------------------------

Allele-freq. divergence among pops (Net nucleotide distance),
computed using point estimates of P.

      1       2       3       4       5       6       7      
 1      -    0.1459  0.1604  0.1105  0.1138  0.0854  0.0820  
 2   0.1459     -    0.1529  0.1616  0.1976  0.1100  0.1481  
 3   0.1604  0.1529     -    0.1136  0.1548  0.1161  0.1483  
 4   0.1105  0.1616  0.1136     -    0.0580  0.1028  0.1180  
 5   0.1138  0.1976  0.1548  0.0580     -    0.1261  0.1541  
 6   0.0854  0.1100  0.1161  0.1028  0.1261     -    0.0557  
 7   0.0820  0.1481  0.1483  0.1180  0.1541  0.0557     -    

Average distances (expected heterozygosity) between individuals in same cluster:
cluster  1  : 0.8121 
cluster  2  : 0.7670 
cluster  3  : 0.7668 
cluster  4  : 0.7323 
cluster  5  : 0.7223 
cluster  6  : 0.8065 
cluster  7  : 0.7726 

--------------------------------------------
Estimated Ln Prob of Data   = -190092.9
Mean value of ln likelihood = -172278.8
Variance of ln likelihood   = 35628.2

Mean value of alpha_1       = 0.0461
Mean value of alpha_2       = 0.0649
Mean value of alpha_3       = 0.1530
Mean value of alpha_4       = 0.3961
Mean value of alpha_5       = 0.5065
Mean value of alpha_6       = 0.8748
Mean value of alpha_7       = 0.7831
Allele frequencies uncorrelated


Inferred ancestry of individuals:
     (%Miss) :  Inferred clusters
  1    (0)   :  0.011 0.013 0.050 0.218 0.184 0.175 0.350 
  2    (0)   :  0.006 0.011 0.020 0.086 0.092 0.660 0.125 
  3    (0)   :  0.016 0.006 0.041 0.203 0.129 0.165 0.439 
  4    (0)   :  0.019 0.009 0.036 0.182 0.415 0.199 0.141 
  5    (0)   :  0.009 0.013 0.023 0.063 0.099 0.640 0.154 
  6    (0)   :  0.018 0.007 0.021 0.050 0.114 0.232 0.558 
  7    (0)   :  0.011 0.009 0.016 0.065 0.072 0.438 0.389 
  8    (0)   :  0.073 0.010 0.027 0.117 0.292 0.186 0.295 
  9    (0)   :  0.043 0.016 0.025 0.180 0.106 0.345 0.285 
 10    (0)   :  0.017 0.012 0.015 0.070 0.235 0.284 0.368 
 11    (0)   :  0.006 0.016 0.015 0.083 0.067 0.353 0.462 
 12    (0)   :  0.011 0.009 0.027 0.078 0.161 0.554 0.160 
 13    (0)   :  0.015 0.013 0.025 0.148 0.119 0.420 0.262 
 14    (0)   :  0.006 0.008 0.090 0.124 0.191 0.334 0.248 
 15    (0)   :  0.010 0.008 0.031 0.125 0.232 0.378 0.215 
 16    (0)   :  0.007 0.013 0.024 0.133 0.090 0.216 0.517 
 17    (0)   :  0.043 0.015 0.056 0.096 0.133 0.351 0.305 
 18    (0)   :  0.033 0.010 0.032 0.096 0.193 0.301 0.335 
 19    (0)   :  0.014 0.009 0.017 0.088 0.119 0.326 0.429 
 20    (0)   :  0.008 0.009 0.028 0.075 0.125 0.502 0.252 
 21    (0)   :  0.007 0.009 0.051 0.141 0.279 0.272 0.240 
 22    (0)   :  0.030 0.009 0.026 0.132 0.124 0.212 0.468 
 23    (0)   :  0.013 0.030 0.064 0.320 0.164 0.229 0.181 
 24    (0)   :  0.008 0.012 0.025 0.253 0.169 0.201 0.332 
 25    (0)   :  0.009 0.008 0.025 0.055 0.063 0.521 0.317 
 26    (0)   :  0.024 0.009 0.030 0.108 0.213 0.326 0.290 
 27    (0)   :  0.011 0.014 0.057 0.117 0.141 0.330 0.330 
 28    (0)   :  0.008 0.011 0.025 0.084 0.360 0.197 0.316 
 29    (0)   :  0.006 0.013 0.023 0.138 0.084 0.541 0.195 
 30    (0)   :  0.012 0.011 0.032 0.136 0.100 0.219 0.492 
 31    (0)   :  0.042 0.014 0.046 0.086 0.221 0.398 0.194 
 32    (0)   :  0.009 0.008 0.028 0.139 0.210 0.286 0.320 
 33    (0)   :  0.009 0.010 0.026 0.251 0.108 0.209 0.388 
 34    (0)   :  0.014 0.030 0.020 0.051 0.153 0.272 0.460 
 35    (0)   :  0.039 0.030 0.112 0.148 0.083 0.312 0.276 
 36    (0)   :  0.006 0.009 0.139 0.274 0.072 0.168 0.331 
 37    (0)   :  0.015 0.008 0.032 0.286 0.152 0.326 0.182 
 38    (0)   :  0.006 0.027 0.045 0.111 0.055 0.200 0.556 
 39    (0)   :  0.011 0.026 0.076 0.100 0.092 0.317 0.378 
 40    (0)   :  0.006 0.010 0.081 0.446 0.089 0.161 0.208 
 41    (0)   :  0.011 0.038 0.118 0.259 0.052 0.190 0.333 
 42    (0)   :  0.006 0.016 0.053 0.511 0.080 0.130 0.204 
 43    (0)   :  0.012 0.014 0.102 0.318 0.080 0.332 0.142 
 44    (0)   :  0.018 0.013 0.261 0.170 0.051 0.251 0.236 
 45    (0)   :  0.007 0.024 0.134 0.160 0.059 0.329 0.287 
 46    (0)   :  0.029 0.011 0.078 0.063 0.091 0.377 0.351 
 47    (0)   :  0.092 0.022 0.034 0.167 0.113 0.299 0.273 
 48    (0)   :  0.026 0.016 0.312 0.184 0.056 0.192 0.215 
 49    (0)   :  0.016 0.042 0.077 0.184 0.089 0.301 0.290 
 50    (0)   :  0.027 0.015 0.033 0.057 0.122 0.351 0.394 
 51    (0)   :  0.005 0.013 0.381 0.226 0.051 0.152 0.173 
 52    (0)   :  0.017 0.027 0.073 0.111 0.112 0.280 0.381 
 53    (0)   :  0.010 0.017 0.037 0.141 0.096 0.160 0.540 
 54    (0)   :  0.019 0.018 0.069 0.202 0.130 0.424 0.138 
 55    (0)   :  0.011 0.013 0.267 0.151 0.091 0.330 0.137 
 56    (0)   :  0.016 0.023 0.103 0.265 0.091 0.215 0.287 
 57    (0)   :  0.052 0.017 0.018 0.095 0.261 0.276 0.281 
 58    (0)   :  0.007 0.024 0.098 0.270 0.083 0.308 0.210 
 59    (0)   :  0.007 0.054 0.078 0.202 0.074 0.257 0.327 
 60    (0)   :  0.006 0.009 0.188 0.281 0.147 0.180 0.189 
 61    (0)   :  0.006 0.012 0.189 0.236 0.137 0.325 0.096 
 62    (0)   :  0.040 0.067 0.034 0.087 0.120 0.390 0.263 
 63    (0)   :  0.006 0.010 0.048 0.268 0.105 0.341 0.222 
 64    (0)   :  0.012 0.016 0.023 0.097 0.070 0.284 0.498 
 65    (0)   :  0.008 0.012 0.023 0.052 0.058 0.633 0.213 
 66    (0)   :  0.006 0.010 0.029 0.188 0.193 0.428 0.146 
 67    (0)   :  0.010 0.013 0.205 0.142 0.074 0.423 0.132 
 68    (0)   :  0.009 0.043 0.093 0.236 0.085 0.234 0.299 
 69    (0)   :  0.011 0.121 0.072 0.063 0.173 0.151 0.410 
 70    (0)   :  0.005 0.011 0.132 0.262 0.096 0.206 0.290 
 71    (0)   :  0.007 0.049 0.155 0.114 0.054 0.318 0.303 
 72    (0)   :  0.009 0.008 0.080 0.137 0.070 0.232 0.464 
 73    (0)   :  0.007 0.049 0.090 0.155 0.064 0.482 0.154 
 74    (0)   :  0.006 0.008 0.077 0.394 0.085 0.135 0.293 
 75    (0)   :  0.007 0.011 0.097 0.427 0.125 0.130 0.203 
 76    (0)   :  0.008 0.009 0.107 0.153 0.085 0.446 0.194 
 77    (0)   :  0.006 0.034 0.095 0.187 0.047 0.292 0.340 
 78    (0)   :  0.006 0.038 0.066 0.214 0.047 0.193 0.435 
 79    (0)   :  0.007 0.008 0.014 0.080 0.079 0.497 0.314 
 80    (0)   :  0.008 0.008 0.017 0.283 0.318 0.207 0.159 
 81    (0)   :  0.009 0.007 0.015 0.161 0.315 0.277 0.217 
 82    (0)   :  0.006 0.015 0.037 0.198 0.122 0.483 0.138 
 83    (0)   :  0.007 0.006 0.027 0.147 0.245 0.251 0.318 
 84    (0)   :  0.006 0.007 0.016 0.124 0.219 0.363 0.265 
 85    (0)   :  0.007 0.007 0.024 0.157 0.257 0.238 0.310 
 86    (0)   :  0.010 0.015 0.081 0.088 0.096 0.511 0.198 
 87    (0)   :  0.007 0.009 0.026 0.099 0.086 0.488 0.286 
 88    (0)   :  0.007 0.007 0.017 0.244 0.179 0.383 0.162 
 89    (0)   :  0.008 0.007 0.015 0.249 0.247 0.321 0.152 
 90    (0)   :  0.006 0.008 0.015 0.080 0.090 0.627 0.174 
 91    (0)   :  0.007 0.006 0.026 0.244 0.310 0.181 0.227 
 92    (0)   :  0.007 0.008 0.017 0.120 0.119 0.527 0.202 
 93    (0)   :  0.006 0.008 0.017 0.154 0.545 0.149 0.120 
 94    (0)   :  0.006 0.008 0.025 0.071 0.080 0.195 0.616 
 95    (0)   :  0.006 0.008 0.015 0.175 0.143 0.504 0.149 
 96    (0)   :  0.005 0.011 0.100 0.357 0.121 0.308 0.097 
 97    (0)   :  0.008 0.011 0.083 0.341 0.138 0.179 0.240 
 98    (0)   :  0.005 0.013 0.049 0.296 0.068 0.354 0.215 
 99    (0)   :  0.006 0.007 0.015 0.120 0.197 0.441 0.213 
100    (0)   :  0.007 0.008 0.021 0.403 0.290 0.182 0.088 
101    (0)   :  0.009 0.009 0.031 0.187 0.115 0.452 0.198 
102    (0)   :  0.007 0.018 0.047 0.264 0.217 0.247 0.199 
103    (0)   :  0.007 0.011 0.024 0.083 0.226 0.527 0.123 
104    (0)   :  0.007 0.009 0.027 0.038 0.140 0.607 0.172 
105    (0)   :  0.007 0.025 0.026 0.050 0.195 0.583 0.114 
106    (0)   :  0.006 0.008 0.027 0.046 0.046 0.443 0.423 
107    (0)   :  0.010 0.013 0.027 0.076 0.177 0.556 0.141 
108    (0)   :  0.005 0.007 0.330 0.059 0.081 0.322 0.196 
109    (0)   :  0.007 0.184 0.040 0.047 0.053 0.397 0.271 
110    (0)   :  0.008 0.012 0.019 0.055 0.055 0.366 0.484 
111    (0)   :  0.007 0.026 0.022 0.045 0.071 0.689 0.138 
112    (0)   :  0.005 0.332 0.031 0.050 0.054 0.213 0.315 
113    (0)   :  0.009 0.012 0.051 0.119 0.119 0.451 0.239 
114    (0)   :  0.005 0.021 0.021 0.042 0.167 0.579 0.165 
115    (0)   :  0.011 0.023 0.095 0.126 0.072 0.515 0.158 
116    (0)   :  0.008 0.016 0.090 0.073 0.050 0.435 0.328 
117    (0)   :  0.014 0.053 0.031 0.103 0.061 0.371 0.367 
118    (0)   :  0.006 0.017 0.032 0.059 0.079 0.689 0.119 
119    (0)   :  0.005 0.008 0.122 0.320 0.128 0.266 0.153 
120    (0)   :  0.008 0.044 0.049 0.085 0.092 0.513 0.209 
121    (0)   :  0.052 0.062 0.160 0.088 0.056 0.400 0.182 
122    (0)   :  0.005 0.020 0.022 0.050 0.068 0.459 0.375 
123    (0)   :  0.007 0.015 0.036 0.062 0.096 0.522 0.262 
124    (0)   :  0.019 0.032 0.076 0.059 0.071 0.395 0.348 
125    (0)   :  0.008 0.042 0.038 0.116 0.060 0.186 0.550 
126    (0)   :  0.005 0.009 0.089 0.082 0.099 0.382 0.333 
127    (0)   :  0.009 0.019 0.027 0.049 0.078 0.623 0.195 
128    (0)   :  0.005 0.015 0.030 0.055 0.079 0.704 0.112 
129    (0)   :  0.008 0.011 0.024 0.046 0.070 0.729 0.112 
130    (0)   :  0.010 0.032 0.019 0.063 0.157 0.540 0.179 
131    (0)   :  0.017 0.056 0.095 0.062 0.056 0.297 0.417 
132    (0)   :  0.006 0.012 0.028 0.043 0.062 0.566 0.283 
133    (0)   :  0.010 0.017 0.042 0.062 0.102 0.604 0.163 
134    (0)   :  0.005 0.021 0.017 0.040 0.041 0.480 0.395 
135    (0)   :  0.008 0.021 0.096 0.200 0.381 0.183 0.112 
136    (0)   :  0.008 0.009 0.018 0.110 0.618 0.118 0.119 
137    (0)   :  0.007 0.026 0.016 0.230 0.475 0.139 0.109 
138    (0)   :  0.007 0.007 0.029 0.083 0.647 0.102 0.125 
139    (0)   :  0.007 0.011 0.065 0.122 0.358 0.283 0.153 
140    (0)   :  0.007 0.010 0.047 0.162 0.337 0.247 0.190 
141    (0)   :  0.008 0.010 0.026 0.084 0.553 0.132 0.187 
142    (0)   :  0.007 0.020 0.128 0.169 0.389 0.180 0.106 
143    (0)   :  0.006 0.006 0.018 0.213 0.569 0.102 0.086 
144    (0)   :  0.007 0.024 0.019 0.236 0.477 0.141 0.097 
145    (0)   :  0.010 0.013 0.033 0.149 0.449 0.153 0.192 
146    (0)   :  0.012 0.010 0.030 0.141 0.370 0.223 0.214 
147    (0)   :  0.007 0.007 0.016 0.132 0.646 0.097 0.095 
148    (0)   :  0.007 0.016 0.039 0.111 0.455 0.235 0.138 
149    (0)   :  0.007 0.010 0.043 0.138 0.551 0.117 0.134 
150    (0)   :  0.009 0.029 0.020 0.150 0.424 0.243 0.126 
151    (0)   :  0.007 0.008 0.019 0.161 0.534 0.160 0.110 
152    (0)   :  0.007 0.013 0.086 0.107 0.439 0.182 0.166 
153    (0)   :  0.006 0.009 0.041 0.117 0.531 0.130 0.167 
154    (0)   :  0.008 0.009 0.033 0.084 0.620 0.131 0.114 
155    (0)   :  0.006 0.007 0.019 0.072 0.653 0.143 0.101 
156    (0)   :  0.005 0.011 0.063 0.180 0.471 0.175 0.093 
157    (0)   :  0.005 0.007 0.015 0.105 0.516 0.192 0.159 
158    (0)   :  0.010 0.014 0.027 0.156 0.457 0.137 0.199 
159    (0)   :  0.007 0.008 0.015 0.120 0.657 0.102 0.092 
160    (0)   :  0.008 0.007 0.015 0.078 0.691 0.110 0.091 
161    (0)   :  0.006 0.009 0.022 0.370 0.265 0.153 0.175 
162    (0)   :  0.017 0.010 0.035 0.083 0.382 0.267 0.206 
163    (0)   :  0.006 0.007 0.029 0.091 0.641 0.127 0.100 
164    (0)   :  0.013 0.007 0.023 0.075 0.442 0.301 0.138 
165    (0)   :  0.008 0.029 0.021 0.164 0.442 0.219 0.117 
166    (0)   :  0.006 0.007 0.045 0.094 0.448 0.208 0.191 
167    (0)   :  0.021 0.008 0.027 0.049 0.597 0.164 0.135 
168    (0)   :  0.007 0.007 0.047 0.104 0.514 0.124 0.197 
169    (0)   :  0.011 0.015 0.033 0.132 0.331 0.129 0.349 
170    (0)   :  0.006 0.007 0.025 0.557 0.152 0.155 0.097 
171    (0)   :  0.007 0.007 0.043 0.093 0.458 0.202 0.190 
172    (0)   :  0.007 0.013 0.085 0.205 0.350 0.115 0.225 
173    (0)   :  0.007 0.007 0.018 0.076 0.681 0.122 0.089 
174    (0)   :  0.007 0.007 0.014 0.087 0.614 0.150 0.121 
175    (0)   :  0.009 0.008 0.023 0.300 0.429 0.114 0.118 
176    (0)   :  0.007 0.023 0.019 0.235 0.478 0.142 0.097 
177    (0)   :  0.007 0.009 0.021 0.084 0.433 0.203 0.243 
178    (0)   :  0.008 0.007 0.016 0.069 0.579 0.168 0.154 
179    (0)   :  0.006 0.006 0.015 0.070 0.706 0.107 0.091 
180    (0)   :  0.015 0.011 0.038 0.156 0.431 0.168 0.180 
181    (0)   :  0.009 0.012 0.035 0.200 0.454 0.152 0.138 
182    (0)   :  0.009 0.009 0.029 0.155 0.568 0.146 0.085 
183    (0)   :  0.007 0.007 0.019 0.119 0.640 0.115 0.094 
184    (0)   :  0.013 0.010 0.029 0.118 0.098 0.561 0.172 
185    (0)   :  0.006 0.011 0.099 0.126 0.579 0.102 0.076 
186    (0)   :  0.010 0.007 0.022 0.083 0.080 0.646 0.152 
187    (0)   :  0.007 0.007 0.031 0.103 0.349 0.377 0.127 
188    (0)   :  0.009 0.008 0.023 0.060 0.068 0.709 0.123 
189    (0)   :  0.007 0.007 0.040 0.238 0.224 0.161 0.324 
190    (0)   :  0.005 0.011 0.282 0.197 0.261 0.172 0.071 
191    (0)   :  0.007 0.011 0.021 0.097 0.186 0.565 0.113 
192    (0)   :  0.006 0.008 0.018 0.210 0.213 0.398 0.147 
193    (0)   :  0.007 0.012 0.032 0.203 0.207 0.378 0.163 
194    (0)   :  0.007 0.008 0.036 0.326 0.154 0.334 0.136 
195    (0)   :  0.006 0.007 0.063 0.143 0.507 0.192 0.082 
196    (0)   :  0.005 0.012 0.091 0.214 0.222 0.350 0.106 
197    (0)   :  0.011 0.008 0.048 0.065 0.246 0.397 0.224 
198    (0)   :  0.006 0.008 0.038 0.155 0.169 0.387 0.238 
199    (0)   :  0.006 0.010 0.067 0.459 0.125 0.235 0.098 
200    (0)   :  0.006 0.019 0.132 0.174 0.217 0.275 0.178 
201    (0)   :  0.006 0.007 0.033 0.095 0.535 0.224 0.101 
202    (0)   :  0.006 0.009 0.050 0.348 0.318 0.187 0.082 
203    (0)   :  0.006 0.009 0.025 0.086 0.569 0.214 0.091 
204    (0)   :  0.007 0.009 0.056 0.223 0.272 0.349 0.082 
205    (0)   :  0.006 0.009 0.077 0.206 0.162 0.408 0.132 
206    (0)   :  0.008 0.008 0.043 0.110 0.343 0.392 0.097 
207    (0)   :  0.006 0.012 0.040 0.205 0.114 0.534 0.088 
208    (0)   :  0.006 0.008 0.060 0.080 0.391 0.357 0.097 
209    (0)   :  0.006 0.012 0.029 0.179 0.177 0.472 0.124 
210    (0)   :  0.006 0.008 0.031 0.112 0.301 0.440 0.102 
211    (0)   :  0.008 0.023 0.093 0.209 0.171 0.412 0.084 
212    (0)   :  0.006 0.009 0.044 0.214 0.442 0.165 0.121 
213    (0)   :  0.006 0.011 0.077 0.272 0.108 0.377 0.149 
214    (0)   :  0.006 0.009 0.030 0.235 0.424 0.197 0.098 
215    (0)   :  0.006 0.012 0.058 0.115 0.136 0.559 0.114 
216    (0)   :  0.012 0.010 0.032 0.124 0.121 0.510 0.190 
217    (0)   :  0.007 0.008 0.040 0.242 0.382 0.204 0.119 
218    (0)   :  0.007 0.008 0.027 0.195 0.191 0.439 0.133 
219    (0)   :  0.017 0.007 0.032 0.142 0.294 0.274 0.233 
220    (0)   :  0.007 0.010 0.031 0.109 0.186 0.566 0.090 
221    (0)   :  0.005 0.008 0.034 0.602 0.167 0.108 0.076 
222    (0)   :  0.015 0.007 0.027 0.145 0.173 0.394 0.238 
223    (0)   :  0.006 0.007 0.034 0.111 0.397 0.282 0.164 
224    (0)   :  0.008 0.008 0.025 0.127 0.466 0.268 0.099 
225    (0)   :  0.007 0.008 0.062 0.242 0.212 0.358 0.111 
226    (0)   :  0.009 0.011 0.035 0.211 0.182 0.270 0.283 
227    (0)   :  0.007 0.008 0.095 0.245 0.260 0.300 0.086 
228    (0)   :  0.006 0.012 0.171 0.130 0.441 0.164 0.076 
229    (0)   :  0.008 0.008 0.017 0.180 0.377 0.308 0.102 
230    (0)   :  0.008 0.010 0.019 0.194 0.317 0.359 0.094 
231    (0)   :  0.007 0.009 0.019 0.089 0.438 0.303 0.134 
232    (0)   :  0.007 0.009 0.038 0.391 0.149 0.246 0.161 
233    (0)   :  0.006 0.008 0.023 0.106 0.572 0.185 0.100 
234    (0)   :  0.006 0.009 0.022 0.099 0.257 0.420 0.188 
235    (0)   :  0.007 0.008 0.039 0.286 0.224 0.280 0.157 
236    (0)   :  0.006 0.009 0.026 0.150 0.397 0.276 0.136 
237    (0)   :  0.006 0.014 0.058 0.124 0.222 0.476 0.099 
238    (0)   :  0.005 0.008 0.026 0.252 0.350 0.243 0.115 
239    (0)   :  0.006 0.007 0.063 0.143 0.505 0.194 0.082 
240    (0)   :  0.006 0.009 0.026 0.257 0.345 0.241 0.116 
241    (0)   :  0.007 0.008 0.035 0.368 0.311 0.174 0.097 
242    (0)   :  0.008 0.009 0.039 0.219 0.260 0.266 0.199 
243    (0)   :  0.006 0.014 0.146 0.171 0.273 0.307 0.083 
244    (0)   :  0.007 0.010 0.023 0.127 0.486 0.252 0.095 
245    (0)   :  0.005 0.007 0.034 0.161 0.534 0.159 0.100 
246    (0)   :  0.007 0.008 0.040 0.244 0.381 0.203 0.118 
247    (0)   :  0.005 0.009 0.037 0.090 0.071 0.594 0.195 
248    (0)   :  0.006 0.010 0.050 0.070 0.104 0.655 0.105 
249    (0)   :  0.007 0.009 0.023 0.359 0.243 0.261 0.097 
250    (0)   :  0.007 0.009 0.020 0.216 0.256 0.364 0.129 
251    (0)   :  0.006 0.015 0.057 0.150 0.158 0.345 0.269 
252    (0)   :  0.007 0.007 0.048 0.243 0.263 0.307 0.124 
253    (0)   :  0.006 0.008 0.049 0.224 0.103 0.441 0.169 
254    (0)   :  0.013 0.007 0.037 0.104 0.233 0.421 0.184 
255    (0)   :  0.007 0.009 0.024 0.186 0.224 0.406 0.144 
256    (0)   :  0.007 0.009 0.040 0.326 0.248 0.261 0.110 
257    (0)   :  0.014 0.010 0.042 0.225 0.179 0.413 0.117 
258    (0)   :  0.005 0.010 0.106 0.096 0.180 0.461 0.143 
259    (0)   :  0.008 0.009 0.025 0.201 0.181 0.458 0.117 
260    (0)   :  0.013 0.007 0.022 0.134 0.324 0.291 0.209 
261    (0)   :  0.006 0.007 0.075 0.162 0.403 0.225 0.123 
262    (0)   :  0.006 0.008 0.093 0.325 0.332 0.149 0.087 
263    (0)   :  0.012 0.011 0.042 0.089 0.190 0.542 0.114 
264    (0)   :  0.024 0.010 0.036 0.068 0.067 0.440 0.354 
265    (0)   :  0.007 0.007 0.042 0.118 0.286 0.368 0.172 
266    (0)   :  0.006 0.008 0.050 0.302 0.432 0.124 0.079 
267    (0)   :  0.007 0.011 0.029 0.170 0.261 0.395 0.127 
268    (0)   :  0.005 0.012 0.091 0.214 0.220 0.351 0.107 
269    (0)   :  0.007 0.007 0.031 0.117 0.297 0.232 0.309 
270    (0)   :  0.012 0.010 0.030 0.094 0.156 0.527 0.172 
271    (0)   :  0.006 0.011 0.070 0.112 0.159 0.515 0.126 
272    (0)   :  0.007 0.017 0.073 0.182 0.155 0.340 0.226 
273    (0)   :  0.046 0.023 0.037 0.194 0.234 0.272 0.194 
274    (0)   :  0.007 0.009 0.036 0.164 0.178 0.420 0.185 
275    (0)   :  0.013 0.017 0.046 0.140 0.272 0.313 0.199 
276    (0)   :  0.008 0.015 0.050 0.302 0.099 0.344 0.182 
277    (0)   :  0.007 0.007 0.027 0.180 0.297 0.312 0.170 
278    (0)   :  0.006 0.012 0.108 0.099 0.188 0.472 0.115 
279    (0)   :  0.007 0.009 0.032 0.183 0.240 0.380 0.149 
280    (0)   :  0.007 0.009 0.053 0.170 0.226 0.291 0.243 
281    (0)   :  0.007 0.008 0.034 0.139 0.186 0.481 0.145 
282    (0)   :  0.006 0.007 0.021 0.135 0.448 0.232 0.150 
283    (0)   :  0.007 0.007 0.024 0.204 0.433 0.223 0.102 
284    (0)   :  0.005 0.012 0.029 0.142 0.275 0.393 0.145 
285    (0)   :  0.006 0.015 0.102 0.076 0.064 0.599 0.139 
286    (0)   :  0.007 0.010 0.024 0.127 0.485 0.253 0.096 
287    (0)   :  0.008 0.006 0.027 0.166 0.221 0.354 0.217 
288    (0)   :  0.009 0.010 0.034 0.195 0.156 0.378 0.219 
289    (0)   :  0.009 0.014 0.047 0.189 0.113 0.476 0.152 
290    (0)   :  0.015 0.024 0.067 0.280 0.106 0.289 0.218 
291    (0)   :  0.006 0.011 0.070 0.114 0.159 0.513 0.126 
292    (0)   :  0.007 0.008 0.114 0.231 0.240 0.202 0.198 
293    (0)   :  0.009 0.021 0.099 0.112 0.103 0.347 0.308 
294    (0)   :  0.017 0.011 0.058 0.186 0.137 0.468 0.124 
295    (0)   :  0.008 0.021 0.071 0.193 0.168 0.346 0.193 
296    (0)   :  0.006 0.011 0.045 0.156 0.166 0.504 0.110 
297    (0)   :  0.009 0.008 0.032 0.210 0.135 0.364 0.242 
298    (0)   :  0.007 0.007 0.017 0.207 0.304 0.312 0.145 
299    (0)   :  0.019 0.008 0.023 0.115 0.174 0.526 0.134 
300    (0)   :  0.008 0.013 0.046 0.145 0.121 0.541 0.126 
301    (0)   :  0.012 0.010 0.031 0.112 0.158 0.453 0.224 
302    (0)   :  0.012 0.017 0.131 0.121 0.181 0.410 0.127 
303    (0)   :  0.007 0.010 0.030 0.172 0.394 0.237 0.150 
304    (0)   :  0.013 0.009 0.018 0.086 0.393 0.247 0.234 
305    (0)   :  0.007 0.010 0.056 0.189 0.426 0.213 0.099 
306    (0)   :  0.007 0.007 0.027 0.364 0.262 0.192 0.140 
307    (0)   :  0.008 0.009 0.027 0.230 0.223 0.352 0.152 
308    (0)   :  0.006 0.007 0.076 0.164 0.402 0.223 0.123 
309    (0)   :  0.030 0.043 0.057 0.108 0.171 0.485 0.106 
310    (0)   :  0.006 0.009 0.058 0.212 0.351 0.270 0.094 
311    (0)   :  0.008 0.010 0.019 0.191 0.322 0.357 0.094 
312    (0)   :  0.006 0.011 0.035 0.109 0.170 0.584 0.087 
313    (0)   :  0.006 0.010 0.194 0.122 0.101 0.475 0.091 
314    (0)   :  0.006 0.009 0.032 0.120 0.648 0.095 0.091 
315    (0)   :  0.005 0.006 0.045 0.105 0.599 0.101 0.138 
316    (0)   :  0.008 0.008 0.031 0.081 0.607 0.105 0.161 
317    (0)   :  0.006 0.008 0.018 0.095 0.684 0.095 0.094 
318    (0)   :  0.006 0.007 0.013 0.060 0.724 0.090 0.098 
319    (0)   :  0.007 0.007 0.018 0.125 0.653 0.104 0.087 
320    (0)   :  0.006 0.009 0.032 0.121 0.649 0.094 0.090 
321    (0)   :  0.006 0.009 0.015 0.096 0.678 0.094 0.102 
322    (0)   :  0.008 0.009 0.046 0.143 0.537 0.111 0.145 
323    (0)   :  0.017 0.006 0.015 0.076 0.698 0.096 0.092 
324    (0)   :  0.006 0.009 0.016 0.095 0.679 0.094 0.102 
325    (0)   :  0.006 0.008 0.025 0.066 0.631 0.101 0.163 
326    (0)   :  0.013 0.011 0.030 0.078 0.608 0.101 0.159 
327    (0)   :  0.006 0.008 0.018 0.096 0.684 0.094 0.093 
328    (0)   :  0.006 0.007 0.030 0.144 0.553 0.114 0.147 
329    (0)   :  0.006 0.006 0.013 0.107 0.684 0.091 0.093 
330    (0)   :  0.006 0.009 0.018 0.097 0.682 0.094 0.094 
331    (0)   :  0.006 0.006 0.014 0.070 0.716 0.095 0.093 
332    (0)   :  0.020 0.009 0.026 0.073 0.604 0.101 0.167 
333    (0)   :  0.012 0.008 0.031 0.096 0.601 0.109 0.142 
334    (0)   :  0.006 0.007 0.030 0.142 0.552 0.115 0.148 
335    (0)   :  0.006 0.007 0.035 0.157 0.553 0.107 0.134 
336    (0)   :  0.017 0.008 0.023 0.082 0.680 0.092 0.098 
337    (0)   :  0.006 0.010 0.030 0.110 0.574 0.106 0.165 
338    (0)   :  0.007 0.007 0.013 0.061 0.721 0.091 0.099 
339    (0)   :  0.006 0.006 0.014 0.069 0.717 0.096 0.092 
340    (0)   :  0.006 0.006 0.015 0.071 0.719 0.097 0.086 
341    (0)   :  0.015 0.008 0.016 0.086 0.686 0.099 0.091 
342    (0)   :  0.006 0.008 0.018 0.096 0.685 0.094 0.094 
343    (0)   :  0.015 0.008 0.059 0.230 0.453 0.103 0.133 
344    (0)   :  0.006 0.006 0.013 0.074 0.718 0.091 0.092 
345    (0)   :  0.006 0.008 0.018 0.096 0.684 0.094 0.094 
346    (0)   :  0.006 0.007 0.015 0.062 0.728 0.091 0.091 
347    (0)   :  0.006 0.006 0.015 0.074 0.722 0.091 0.086 
348    (0)   :  0.005 0.007 0.070 0.196 0.497 0.105 0.120 
349    (0)   :  0.006 0.008 0.017 0.095 0.687 0.094 0.092 
350    (0)   :  0.006 0.006 0.023 0.089 0.688 0.099 0.089 
351    (0)   :  0.006 0.007 0.035 0.159 0.551 0.108 0.134 
352    (0)   :  0.005 0.009 0.036 0.111 0.584 0.107 0.148 
353    (0)   :  0.017 0.008 0.023 0.081 0.683 0.091 0.097 
354    (0)   :  0.007 0.007 0.014 0.082 0.702 0.093 0.094 
355    (0)   :  0.006 0.007 0.013 0.060 0.724 0.091 0.099 
356    (0)   :  0.005 0.007 0.065 0.353 0.351 0.105 0.113 
357    (0)   :  0.006 0.007 0.026 0.072 0.426 0.135 0.328 
358    (0)   :  0.006 0.006 0.024 0.088 0.621 0.103 0.153 
359    (0)   :  0.007 0.006 0.014 0.071 0.714 0.097 0.092 
360    (0)   :  0.006 0.007 0.015 0.062 0.727 0.091 0.092 
361    (0)   :  0.005 0.009 0.034 0.153 0.320 0.150 0.328 
362    (0)   :  0.007 0.012 0.029 0.083 0.127 0.335 0.408 
363    (0)   :  0.010 0.013 0.029 0.075 0.068 0.361 0.445 
364    (0)   :  0.044 0.016 0.025 0.179 0.239 0.268 0.229 
365    (0)   :  0.028 0.034 0.032 0.083 0.083 0.226 0.513 
366    (0)   :  0.008 0.018 0.117 0.134 0.138 0.235 0.350 
367    (0)   :  0.006 0.010 0.017 0.047 0.049 0.340 0.530 
368    (0)   :  0.006 0.008 0.016 0.077 0.079 0.634 0.181 
369    (0)   :  0.011 0.022 0.048 0.331 0.117 0.213 0.257 
370    (0)   :  0.022 0.019 0.026 0.101 0.094 0.565 0.173 
371    (0)   :  0.020 0.023 0.033 0.121 0.140 0.374 0.289 
372    (0)   :  0.085 0.039 0.034 0.128 0.119 0.463 0.130 
373    (0)   :  0.009 0.014 0.021 0.151 0.113 0.362 0.331 
374    (0)   :  0.008 0.026 0.019 0.252 0.146 0.218 0.331 
375    (0)   :  0.033 0.017 0.019 0.063 0.062 0.440 0.366 
376    (0)   :  0.140 0.012 0.018 0.054 0.054 0.155 0.567 
377    (0)   :  0.009 0.013 0.039 0.060 0.106 0.465 0.308 
378    (0)   :  0.006 0.015 0.025 0.094 0.207 0.328 0.325 
379    (0)   :  0.258 0.017 0.022 0.053 0.049 0.172 0.427 
380    (0)   :  0.020 0.016 0.050 0.195 0.139 0.148 0.432 
381    (0)   :  0.019 0.013 0.055 0.208 0.109 0.121 0.476 
382    (0)   :  0.006 0.009 0.015 0.051 0.079 0.294 0.547 
383    (0)   :  0.037 0.015 0.027 0.060 0.239 0.154 0.468 
384    (0)   :  0.158 0.027 0.025 0.073 0.145 0.205 0.367 
385    (0)   :  0.009 0.264 0.015 0.063 0.237 0.197 0.214 
386    (0)   :  0.005 0.008 0.019 0.063 0.065 0.281 0.559 
387    (0)   :  0.006 0.010 0.027 0.050 0.092 0.308 0.507 
388    (0)   :  0.023 0.040 0.018 0.129 0.203 0.304 0.283 
389    (0)   :  0.014 0.070 0.095 0.081 0.094 0.517 0.129 
390    (0)   :  0.028 0.033 0.104 0.087 0.063 0.253 0.431 
391    (0)   :  0.023 0.074 0.048 0.144 0.090 0.407 0.214 
392    (0)   :  0.013 0.008 0.033 0.070 0.151 0.227 0.499 
393    (0)   :  0.012 0.015 0.075 0.111 0.103 0.118 0.565 
394    (0)   :  0.006 0.007 0.026 0.093 0.242 0.262 0.365 
395    (0)   :  0.005 0.008 0.085 0.069 0.088 0.408 0.338 
396    (0)   :  0.008 0.008 0.016 0.049 0.051 0.475 0.393 
397    (0)   :  0.185 0.007 0.029 0.148 0.164 0.288 0.179 
398    (0)   :  0.040 0.008 0.024 0.051 0.053 0.203 0.620 
399    (0)   :  0.005 0.019 0.028 0.079 0.070 0.446 0.353 
400    (0)   :  0.009 0.011 0.021 0.109 0.078 0.206 0.566 
401    (0)   :  0.005 0.014 0.061 0.090 0.096 0.404 0.330 
402    (0)   :  0.012 0.012 0.077 0.116 0.109 0.392 0.283 
403    (0)   :  0.011 0.027 0.030 0.106 0.356 0.249 0.220 
404    (0)   :  0.013 0.019 0.018 0.151 0.098 0.334 0.367 
405    (0)   :  0.006 0.008 0.033 0.119 0.107 0.305 0.422 
406    (0)   :  0.006 0.008 0.167 0.208 0.108 0.144 0.360 
407    (0)   :  0.005 0.008 0.017 0.052 0.050 0.178 0.690 
408    (0)   :  0.005 0.008 0.062 0.058 0.051 0.661 0.155 
409    (0)   :  0.013 0.017 0.044 0.463 0.079 0.126 0.257 
410    (0)   :  0.102 0.017 0.035 0.093 0.102 0.235 0.416 
411    (0)   :  0.043 0.010 0.068 0.083 0.156 0.179 0.461 
412    (0)   :  0.007 0.009 0.016 0.075 0.076 0.534 0.285 
413    (0)   :  0.005 0.008 0.018 0.075 0.202 0.447 0.245 
414    (0)   :  0.005 0.013 0.015 0.039 0.069 0.613 0.245 
415    (0)   :  0.007 0.010 0.050 0.100 0.065 0.206 0.563 
416    (0)   :  0.009 0.036 0.043 0.167 0.090 0.225 0.431 
417    (0)   :  0.007 0.008 0.022 0.081 0.056 0.203 0.623 
418    (0)   :  0.010 0.008 0.015 0.054 0.057 0.464 0.391 
419    (0)   :  0.015 0.035 0.038 0.157 0.173 0.263 0.319 
420    (0)   :  0.005 0.012 0.106 0.109 0.060 0.358 0.350 
421    (0)   :  0.008 0.009 0.022 0.098 0.057 0.392 0.414 
422    (0)   :  0.009 0.010 0.087 0.101 0.082 0.361 0.351 
423    (0)   :  0.014 0.008 0.032 0.063 0.109 0.332 0.441 
424    (0)   :  0.011 0.029 0.148 0.096 0.088 0.331 0.296 
425    (0)   :  0.037 0.056 0.029 0.076 0.139 0.332 0.331 
426    (0)   :  0.046 0.043 0.031 0.099 0.116 0.322 0.344 
427    (0)   :  0.005 0.008 0.023 0.046 0.163 0.139 0.615 
428    (0)   :  0.031 0.010 0.075 0.151 0.156 0.194 0.382 
429    (0)   :  0.008 0.007 0.016 0.049 0.049 0.223 0.649 
430    (0)   :  0.007 0.009 0.023 0.069 0.057 0.194 0.641 
431    (0)   :  0.011 0.017 0.021 0.073 0.121 0.512 0.245 
432    (0)   :  0.007 0.008 0.018 0.081 0.086 0.592 0.208 
433    (0)   :  0.014 0.008 0.035 0.168 0.247 0.377 0.151 
434    (0)   :  0.008 0.012 0.027 0.190 0.117 0.326 0.321 
435    (0)   :  0.005 0.006 0.029 0.048 0.053 0.200 0.658 
436    (0)   :  0.007 0.010 0.039 0.095 0.069 0.104 0.677 
437    (0)   :  0.012 0.006 0.022 0.052 0.058 0.213 0.637 
438    (0)   :  0.006 0.011 0.098 0.190 0.076 0.193 0.426 
439    (0)   :  0.005 0.008 0.019 0.066 0.060 0.110 0.731 
440    (0)   :  0.004 0.007 0.028 0.042 0.046 0.137 0.736 
441    (0)   :  0.006 0.010 0.022 0.117 0.099 0.161 0.585 
442    (0)   :  0.007 0.028 0.029 0.077 0.055 0.305 0.498 
443    (0)   :  0.005 0.014 0.123 0.064 0.051 0.221 0.523 
444    (0)   :  0.007 0.024 0.043 0.073 0.055 0.244 0.554 
445    (0)   :  0.051 0.011 0.041 0.249 0.091 0.120 0.437 
446    (0)   :  0.050 0.011 0.019 0.073 0.056 0.167 0.624 
447    (0)   :  0.007 0.028 0.062 0.126 0.095 0.196 0.487 
448    (0)   :  0.006 0.008 0.029 0.060 0.060 0.248 0.589 
449    (0)   :  0.007 0.008 0.027 0.095 0.093 0.235 0.536 
450    (0)   :  0.012 0.010 0.013 0.080 0.096 0.155 0.633 
451    (0)   :  0.006 0.007 0.031 0.044 0.046 0.592 0.273 
452    (0)   :  0.008 0.008 0.016 0.073 0.089 0.142 0.665 
453    (0)   :  0.005 0.017 0.145 0.229 0.073 0.290 0.240 
454    (0)   :  0.006 0.008 0.026 0.074 0.115 0.166 0.606 
455    (0)   :  0.006 0.009 0.061 0.085 0.054 0.167 0.619 
456    (0)   :  0.006 0.010 0.137 0.064 0.052 0.202 0.529 
457    (0)   :  0.007 0.007 0.023 0.059 0.060 0.170 0.674 
458    (0)   :  0.048 0.010 0.018 0.073 0.061 0.130 0.659 
459    (0)   :  0.005 0.010 0.022 0.134 0.095 0.138 0.597 
460    (0)   :  0.005 0.009 0.021 0.053 0.054 0.148 0.711 
461    (0)   :  0.007 0.010 0.013 0.052 0.054 0.187 0.677 
462    (0)   :  0.009 0.068 0.042 0.053 0.043 0.251 0.534 
463    (0)   :  0.005 0.010 0.290 0.114 0.074 0.157 0.350 
464    (0)   :  0.005 0.008 0.062 0.060 0.052 0.215 0.598 
465    (0)   :  0.009 0.012 0.038 0.087 0.063 0.324 0.468 
466    (0)   :  0.005 0.008 0.147 0.073 0.056 0.290 0.422 
467    (0)   :  0.006 0.012 0.030 0.106 0.080 0.177 0.589 
468    (0)   :  0.006 0.007 0.091 0.057 0.052 0.146 0.642 
469    (0)   :  0.005 0.008 0.026 0.054 0.055 0.105 0.748 
470    (0)   :  0.005 0.006 0.026 0.048 0.053 0.165 0.697 
471    (0)   :  0.008 0.019 0.118 0.090 0.066 0.281 0.418 
472    (0)   :  0.008 0.012 0.052 0.101 0.061 0.262 0.503 
473    (0)   :  0.006 0.008 0.037 0.090 0.091 0.286 0.481 
474    (0)   :  0.006 0.008 0.033 0.096 0.086 0.147 0.623 
475    (0)   :  0.006 0.009 0.028 0.134 0.093 0.312 0.418 
476    (0)   :  0.009 0.008 0.032 0.075 0.060 0.121 0.695 
477    (0)   :  0.008 0.019 0.039 0.131 0.075 0.338 0.390 
478    (0)   :  0.009 0.023 0.023 0.054 0.053 0.390 0.449 
479    (0)   :  0.005 0.008 0.020 0.047 0.052 0.155 0.714 
480    (0)   :  0.007 0.006 0.019 0.055 0.058 0.119 0.737 
481    (0)   :  0.007 0.015 0.030 0.069 0.065 0.435 0.379 
482    (0)   :  0.006 0.007 0.016 0.048 0.052 0.146 0.725 
483    (0)   :  0.007 0.008 0.024 0.086 0.062 0.150 0.663 
484    (0)   :  0.006 0.014 0.114 0.092 0.063 0.199 0.512 
485    (0)   :  0.006 0.008 0.042 0.066 0.055 0.141 0.681 
486    (0)   :  0.011 0.024 0.088 0.099 0.093 0.487 0.198 
487    (0)   :  0.013 0.018 0.046 0.106 0.210 0.396 0.210 
488    (0)   :  0.010 0.033 0.042 0.053 0.167 0.548 0.147 
489    (0)   :  0.015 0.013 0.047 0.265 0.117 0.327 0.217 
490    (0)   :  0.008 0.012 0.064 0.064 0.059 0.535 0.259 
491    (0)   :  0.009 0.035 0.030 0.194 0.164 0.425 0.143 
492    (0)   :  0.006 0.031 0.057 0.112 0.292 0.354 0.148 
493    (0)   :  0.021 0.025 0.053 0.045 0.162 0.545 0.148 
494    (0)   :  0.059 0.031 0.040 0.207 0.122 0.357 0.184 
495    (0)   :  0.038 0.105 0.072 0.086 0.186 0.352 0.159 
496    (0)   :  0.007 0.007 0.034 0.359 0.179 0.246 0.167 
497    (0)   :  0.035 0.062 0.031 0.074 0.232 0.416 0.150 
498    (0)   :  0.010 0.055 0.045 0.179 0.059 0.430 0.223 
499    (0)   :  0.042 0.012 0.045 0.138 0.310 0.294 0.159 
500    (0)   :  0.034 0.011 0.052 0.075 0.134 0.412 0.281 
501    (0)   :  0.017 0.011 0.020 0.189 0.181 0.297 0.286 
502    (0)   :  0.010 0.023 0.015 0.184 0.200 0.361 0.207 
503    (0)   :  0.012 0.009 0.029 0.077 0.083 0.365 0.426 
504    (0)   :  0.009 0.049 0.036 0.105 0.071 0.580 0.151 
505    (0)   :  0.012 0.014 0.046 0.271 0.106 0.422 0.129 
506    (0)   :  0.009 0.030 0.020 0.203 0.171 0.391 0.176 
507    (0)   :  0.009 0.007 0.045 0.266 0.432 0.144 0.097 
508    (0)   :  0.023 0.012 0.086 0.266 0.334 0.188 0.091 
509    (0)   :  0.009 0.011 0.044 0.170 0.251 0.383 0.132 
510    (0)   :  0.075 0.010 0.026 0.165 0.249 0.275 0.199 
511    (0)   :  0.013 0.021 0.032 0.133 0.084 0.276 0.441 
512    (0)   :  0.010 0.013 0.019 0.061 0.067 0.287 0.542 
513    (0)   :  0.011 0.346 0.060 0.079 0.094 0.333 0.076 
514    (0)   :  0.008 0.008 0.020 0.066 0.111 0.616 0.171 
515    (0)   :  0.017 0.012 0.088 0.077 0.215 0.228 0.361 
516    (0)   :  0.009 0.010 0.048 0.124 0.085 0.600 0.124 
517    (0)   :  0.009 0.010 0.109 0.128 0.175 0.298 0.272 
518    (0)   :  0.111 0.009 0.019 0.090 0.280 0.265 0.227 
519    (0)   :  0.006 0.014 0.024 0.116 0.093 0.553 0.194 
520    (0)   :  0.009 0.008 0.178 0.166 0.250 0.150 0.239 
521    (0)   :  0.006 0.009 0.025 0.093 0.365 0.352 0.150 
522    (0)   :  0.051 0.010 0.193 0.058 0.101 0.215 0.372 
523    (0)   :  0.008 0.008 0.190 0.169 0.200 0.250 0.175 
524    (0)   :  0.010 0.007 0.119 0.071 0.149 0.259 0.385 
525    (0)   :  0.120 0.008 0.051 0.147 0.233 0.179 0.263 
526    (0)   :  0.007 0.007 0.322 0.142 0.094 0.149 0.279 
527    (0)   :  0.111 0.013 0.016 0.058 0.099 0.433 0.270 
528    (0)   :  0.005 0.007 0.030 0.082 0.494 0.261 0.121 
529    (0)   :  0.099 0.016 0.030 0.125 0.178 0.402 0.151 
530    (0)   :  0.010 0.013 0.057 0.105 0.145 0.244 0.427 
531    (0)   :  0.007 0.010 0.039 0.076 0.390 0.172 0.306 
532    (0)   :  0.028 0.010 0.054 0.053 0.335 0.356 0.163 
533    (0)   :  0.095 0.009 0.070 0.083 0.126 0.307 0.311 
534    (0)   :  0.084 0.018 0.121 0.088 0.197 0.402 0.091 
535    (0)   :  0.006 0.010 0.130 0.165 0.092 0.307 0.291 
536    (0)   :  0.009 0.011 0.034 0.361 0.105 0.209 0.271 
537    (0)   :  0.007 0.011 0.031 0.546 0.098 0.170 0.136 
538    (0)   :  0.006 0.009 0.049 0.376 0.122 0.251 0.187 
539    (0)   :  0.006 0.008 0.021 0.518 0.199 0.148 0.101 
540    (0)   :  0.008 0.009 0.086 0.114 0.279 0.266 0.238 
541    (0)   :  0.009 0.022 0.040 0.177 0.380 0.154 0.219 
542    (0)   :  0.007 0.022 0.122 0.214 0.082 0.230 0.322 
543    (0)   :  0.008 0.025 0.183 0.142 0.216 0.257 0.170 
544    (0)   :  0.005 0.011 0.231 0.181 0.126 0.220 0.226 
545    (0)   :  0.006 0.014 0.289 0.129 0.057 0.231 0.274 
546    (0)   :  0.007 0.027 0.073 0.260 0.157 0.266 0.211 
547    (0)   :  0.005 0.012 0.218 0.386 0.093 0.148 0.138 
548    (0)   :  0.007 0.009 0.020 0.218 0.253 0.364 0.129 
549    (0)   :  0.007 0.010 0.034 0.539 0.097 0.105 0.208 
550    (0)   :  0.005 0.013 0.147 0.204 0.063 0.182 0.386 
551    (0)   :  0.008 0.009 0.023 0.527 0.164 0.125 0.144 
552    (0)   :  0.008 0.009 0.059 0.347 0.165 0.253 0.159 
553    (0)   :  0.007 0.021 0.293 0.255 0.153 0.164 0.107 
554    (0)   :  0.013 0.014 0.050 0.088 0.213 0.279 0.342 
555    (0)   :  0.007 0.025 0.036 0.441 0.138 0.209 0.144 
556    (0)   :  0.007 0.010 0.036 0.364 0.124 0.284 0.175 
557    (0)   :  0.005 0.013 0.065 0.194 0.107 0.186 0.431 
558    (0)   :  0.006 0.007 0.014 0.048 0.052 0.133 0.740 
559    (0)   :  0.007 0.008 0.041 0.097 0.081 0.593 0.173 
560    (0)   :  0.006 0.021 0.020 0.047 0.043 0.383 0.480 
561    (0)   :  0.006 0.014 0.038 0.060 0.055 0.443 0.385 
562    (0)   :  0.007 0.013 0.064 0.046 0.044 0.525 0.302 
563    (0)   :  0.010 0.032 0.029 0.261 0.101 0.302 0.265 
564    (0)   :  0.010 0.011 0.093 0.062 0.118 0.528 0.178 
565    (0)   :  0.006 0.007 0.017 0.060 0.060 0.149 0.700 
566    (0)   :  0.005 0.009 0.020 0.044 0.046 0.341 0.535 
567    (0)   :  0.008 0.009 0.031 0.061 0.066 0.677 0.149 
568    (0)   :  0.006 0.008 0.043 0.092 0.079 0.472 0.300 
569    (0)   :  0.009 0.009 0.114 0.068 0.098 0.257 0.446 
570    (0)   :  0.011 0.007 0.017 0.043 0.049 0.212 0.662 
571    (0)   :  0.006 0.008 0.026 0.062 0.068 0.550 0.281 
572    (0)   :  0.004 0.014 0.171 0.304 0.109 0.162 0.237 
573    (0)   :  0.008 0.009 0.078 0.072 0.103 0.469 0.262 
574    (0)   :  0.009 0.010 0.031 0.122 0.153 0.188 0.487 
575    (0)   :  0.006 0.009 0.021 0.160 0.109 0.401 0.294 
576    (0)   :  0.006 0.018 0.018 0.043 0.047 0.448 0.420 
577    (0)   :  0.010 0.010 0.021 0.159 0.116 0.237 0.446 
578    (0)   :  0.006 0.021 0.031 0.073 0.069 0.417 0.382 
579    (0)   :  0.006 0.025 0.030 0.052 0.079 0.394 0.414 
580    (0)   :  0.007 0.008 0.018 0.095 0.091 0.216 0.565 
581    (0)   :  0.006 0.008 0.019 0.073 0.079 0.232 0.583 
582    (0)   :  0.007 0.008 0.043 0.060 0.050 0.237 0.596 
583    (0)   :  0.061 0.010 0.027 0.061 0.073 0.408 0.361 
584    (0)   :  0.008 0.009 0.018 0.049 0.054 0.468 0.394 
585    (0)   :  0.008 0.022 0.025 0.065 0.058 0.372 0.451 
586    (0)   :  0.006 0.011 0.029 0.106 0.074 0.501 0.274 
587    (0)   :  0.014 0.011 0.053 0.059 0.050 0.441 0.374 
588    (0)   :  0.007 0.013 0.278 0.057 0.103 0.454 0.088 
589    (0)   :  0.006 0.008 0.100 0.046 0.060 0.239 0.541 
590    (0)   :  0.007 0.009 0.023 0.045 0.065 0.693 0.159 
591    (0)   :  0.006 0.008 0.018 0.064 0.073 0.614 0.218 
592    (0)   :  0.005 0.009 0.061 0.067 0.058 0.502 0.299 
593    (0)   :  0.006 0.008 0.034 0.098 0.097 0.400 0.356 
594    (0)   :  0.036 0.012 0.027 0.070 0.146 0.504 0.205 
595    (0)   :  0.011 0.033 0.016 0.049 0.054 0.462 0.374 
596    (0)   :  0.005 0.009 0.110 0.064 0.108 0.445 0.259 
597    (0)   :  0.010 0.012 0.061 0.060 0.239 0.437 0.182 
598    (0)   :  0.009 0.006 0.016 0.042 0.052 0.138 0.736 
599    (0)   :  0.007 0.007 0.042 0.046 0.048 0.487 0.363 
600    (0)   :  0.005 0.009 0.034 0.104 0.110 0.204 0.533 
601    (0)   :  0.005 0.009 0.036 0.061 0.048 0.318 0.522 
602    (0)   :  0.009 0.010 0.019 0.141 0.151 0.498 0.172 
603    (0)   :  0.006 0.009 0.022 0.093 0.157 0.555 0.158 
604    (0)   :  0.015 0.020 0.029 0.090 0.137 0.249 0.460 
605    (0)   :  0.006 0.012 0.044 0.086 0.076 0.471 0.306 
606    (0)   :  0.013 0.010 0.037 0.178 0.155 0.345 0.262 
607    (0)   :  0.008 0.010 0.018 0.137 0.244 0.230 0.353 
608    (0)   :  0.007 0.008 0.027 0.090 0.403 0.170 0.297 
609    (0)   :  0.011 0.012 0.033 0.130 0.079 0.244 0.491 
610    (0)   :  0.006 0.011 0.073 0.088 0.079 0.246 0.496 
611    (0)   :  0.008 0.008 0.037 0.120 0.153 0.500 0.174 
612    (0)   :  0.015 0.009 0.036 0.074 0.068 0.141 0.656 
613    (0)   :  0.042 0.012 0.059 0.096 0.109 0.289 0.391 
614    (0)   :  0.010 0.014 0.023 0.070 0.070 0.204 0.610 
615    (0)   :  0.008 0.008 0.022 0.108 0.117 0.199 0.538 
616    (0)   :  0.006 0.008 0.016 0.103 0.185 0.336 0.347 
617    (0)   :  0.019 0.049 0.057 0.056 0.076 0.322 0.421 
618    (0)   :  0.014 0.025 0.048 0.069 0.268 0.181 0.396 
619    (0)   :  0.005 0.007 0.074 0.117 0.152 0.321 0.325 
620    (0)   :  0.005 0.010 0.065 0.050 0.049 0.588 0.233 
621    (0)   :  0.010 0.009 0.016 0.065 0.063 0.421 0.416 
622    (0)   :  0.019 0.072 0.061 0.074 0.158 0.294 0.322 
623    (0)   :  0.005 0.008 0.029 0.069 0.070 0.556 0.262 
624    (0)   :  0.011 0.009 0.028 0.067 0.231 0.171 0.483 
625    (0)   :  0.040 0.040 0.025 0.095 0.198 0.241 0.361 
626    (0)   :  0.034 0.009 0.110 0.176 0.305 0.128 0.238 
627    (0)   :  0.005 0.010 0.035 0.091 0.100 0.425 0.334 
628    (0)   :  0.006 0.014 0.029 0.068 0.117 0.509 0.257 
629    (0)   :  0.008 0.010 0.017 0.097 0.121 0.479 0.268 
630    (0)   :  0.021 0.016 0.032 0.089 0.092 0.270 0.479 
631    (0)   :  0.008 0.009 0.019 0.099 0.105 0.305 0.456 
632    (0)   :  0.007 0.012 0.030 0.195 0.250 0.280 0.226 
633    (0)   :  0.008 0.013 0.022 0.102 0.166 0.193 0.496 
634    (0)   :  0.007 0.008 0.065 0.113 0.248 0.240 0.320 
635    (0)   :  0.006 0.007 0.025 0.216 0.322 0.192 0.231 
636    (0)   :  0.010 0.010 0.025 0.083 0.226 0.238 0.407 
637    (0)   :  0.007 0.013 0.094 0.237 0.109 0.282 0.258 
638    (0)   :  0.009 0.008 0.019 0.115 0.154 0.458 0.235 
639    (0)   :  0.008 0.014 0.025 0.098 0.160 0.236 0.459 
