

----------------------------------------------------
STRUCTURE by Pritchard, Stephens and Donnelly (2000)
     and Falush, Stephens and Pritchard (2003)
       Code by Pritchard, Falush and Hubisz
             Version 2.3.4 (Jul 2012)
----------------------------------------------------



Command line arguments:   ./structure -K 8 -D 108001 -m brooktrout/mainparams -e brooktrout/extraparams -o brooktrout/250914_output/results_K8_rep1 
Input File:    brooktrout/brooktrout.txt

Run parameters:
   8454 individuals
   5 loci
   8 populations assumed
   50000 Burn-in period
   100000 Reps
RANDOMIZE turned off


--------------------------------------------
Overall proportion of membership of the
sample in each of the 8 clusters

Inferred Clusters
  1      2      3      4      5      6      7      8    
0.022  0.014  0.040  0.121  0.175  0.179  0.215  0.233  

--------------------------------------------

Allele-freq. divergence among pops (Net nucleotide distance),
computed using point estimates of P.

      1       2       3       4       5       6       7       8      
 1      -    0.1683  0.1664  0.1194  0.1828  0.1231  0.1689  0.1615  
 2   0.1683     -    0.1400  0.1226  0.1205  0.1238  0.0855  0.0938  
 3   0.1664  0.1400     -    0.1629  0.2066  0.1345  0.1562  0.1211  
 4   0.1194  0.1226  0.1629     -    0.0967  0.1087  0.1170  0.1268  
 5   0.1828  0.1205  0.2066  0.0967     -    0.1133  0.1601  0.1694  
 6   0.1231  0.1238  0.1345  0.1087  0.1133     -    0.1216  0.0999  
 7   0.1689  0.0855  0.1562  0.1170  0.1601  0.1216     -    0.0568  
 8   0.1615  0.0938  0.1211  0.1268  0.1694  0.0999  0.0568     -    

Average distances (expected heterozygosity) between individuals in same cluster:
cluster  1  : 0.7679 
cluster  2  : 0.8102 
cluster  3  : 0.7595 
cluster  4  : 0.7408 
cluster  5  : 0.7032 
cluster  6  : 0.7569 
cluster  7  : 0.7567 
cluster  8  : 0.7820 

--------------------------------------------
Estimated Ln Prob of Data   = -202945.4
Mean value of ln likelihood = -171734.6
Variance of ln likelihood   = 62421.7

Mean value of alpha_1       = 0.0705
Mean value of alpha_2       = 0.0487
Mean value of alpha_3       = 0.1367
Mean value of alpha_4       = 0.4238
Mean value of alpha_5       = 0.5929
Mean value of alpha_6       = 0.6345
Mean value of alpha_7       = 0.7490
Mean value of alpha_8       = 0.8123
Allele frequencies uncorrelated


Inferred ancestry of individuals:
     (%Miss) :  Inferred clusters
  1    (0)   :  0.019 0.009 0.022 0.297 0.155 0.093 0.229 0.176 
  2    (0)   :  0.007 0.005 0.035 0.051 0.074 0.552 0.123 0.153 
  3    (0)   :  0.016 0.012 0.012 0.188 0.128 0.118 0.381 0.144 
  4    (0)   :  0.018 0.016 0.020 0.113 0.426 0.114 0.137 0.155 
  5    (0)   :  0.009 0.008 0.066 0.052 0.087 0.394 0.177 0.208 
  6    (0)   :  0.008 0.011 0.014 0.047 0.106 0.120 0.515 0.178 
  7    (0)   :  0.007 0.010 0.023 0.057 0.082 0.076 0.265 0.480 
  8    (0)   :  0.012 0.051 0.019 0.104 0.288 0.092 0.254 0.180 
  9    (0)   :  0.011 0.025 0.036 0.141 0.111 0.256 0.249 0.172 
 10    (0)   :  0.006 0.014 0.024 0.069 0.225 0.107 0.293 0.262 
 11    (0)   :  0.006 0.006 0.027 0.094 0.074 0.080 0.243 0.469 
 12    (0)   :  0.012 0.009 0.035 0.057 0.129 0.360 0.180 0.217 
 13    (0)   :  0.010 0.012 0.034 0.100 0.121 0.213 0.235 0.275 
 14    (0)   :  0.029 0.005 0.017 0.088 0.131 0.373 0.229 0.127 
 15    (0)   :  0.012 0.009 0.023 0.092 0.249 0.186 0.217 0.212 
 16    (0)   :  0.008 0.007 0.029 0.155 0.094 0.097 0.400 0.210 
 17    (0)   :  0.029 0.026 0.041 0.091 0.126 0.164 0.333 0.190 
 18    (0)   :  0.011 0.020 0.018 0.079 0.144 0.291 0.318 0.119 
 19    (0)   :  0.006 0.010 0.021 0.073 0.113 0.160 0.399 0.218 
 20    (0)   :  0.011 0.008 0.037 0.077 0.143 0.177 0.242 0.305 
 21    (0)   :  0.014 0.007 0.020 0.149 0.212 0.261 0.181 0.155 
 22    (0)   :  0.008 0.019 0.016 0.105 0.130 0.139 0.433 0.150 
 23    (0)   :  0.030 0.011 0.043 0.201 0.189 0.227 0.169 0.130 
 24    (0)   :  0.008 0.007 0.022 0.242 0.170 0.119 0.257 0.174 
 25    (0)   :  0.012 0.009 0.031 0.048 0.066 0.156 0.371 0.307 
 26    (0)   :  0.011 0.018 0.026 0.096 0.199 0.178 0.288 0.184 
 27    (0)   :  0.022 0.010 0.037 0.115 0.135 0.163 0.322 0.196 
 28    (0)   :  0.010 0.007 0.017 0.086 0.318 0.141 0.198 0.222 
 29    (0)   :  0.007 0.006 0.040 0.131 0.093 0.229 0.168 0.328 
 30    (0)   :  0.009 0.009 0.020 0.124 0.098 0.172 0.429 0.139 
 31    (0)   :  0.018 0.031 0.035 0.097 0.183 0.191 0.166 0.279 
 32    (0)   :  0.011 0.008 0.016 0.096 0.201 0.215 0.306 0.147 
 33    (0)   :  0.008 0.008 0.016 0.228 0.119 0.123 0.291 0.207 
 34    (0)   :  0.010 0.011 0.060 0.053 0.149 0.078 0.317 0.323 
 35    (0)   :  0.023 0.027 0.053 0.148 0.075 0.275 0.242 0.156 
 36    (0)   :  0.020 0.006 0.014 0.409 0.069 0.150 0.207 0.125 
 37    (0)   :  0.010 0.013 0.015 0.179 0.154 0.287 0.161 0.181 
 38    (0)   :  0.011 0.006 0.037 0.134 0.061 0.123 0.419 0.209 
 39    (0)   :  0.019 0.011 0.033 0.101 0.097 0.186 0.288 0.265 
 40    (0)   :  0.015 0.006 0.020 0.406 0.086 0.177 0.191 0.100 
 41    (0)   :  0.019 0.010 0.031 0.345 0.055 0.105 0.232 0.203 
 42    (0)   :  0.011 0.006 0.020 0.566 0.095 0.075 0.121 0.107 
 43    (0)   :  0.021 0.012 0.022 0.303 0.087 0.253 0.115 0.187 
 44    (0)   :  0.048 0.014 0.020 0.244 0.055 0.267 0.196 0.155 
 45    (0)   :  0.021 0.007 0.033 0.219 0.058 0.284 0.196 0.181 
 46    (0)   :  0.024 0.024 0.027 0.080 0.097 0.221 0.300 0.228 
 47    (0)   :  0.012 0.059 0.033 0.130 0.113 0.223 0.249 0.181 
 48    (0)   :  0.035 0.016 0.031 0.231 0.061 0.318 0.201 0.107 
 49    (0)   :  0.019 0.016 0.055 0.205 0.092 0.190 0.245 0.179 
 50    (0)   :  0.012 0.022 0.027 0.061 0.122 0.152 0.313 0.292 
 51    (0)   :  0.037 0.005 0.020 0.481 0.054 0.161 0.130 0.112 
 52    (0)   :  0.019 0.018 0.043 0.165 0.113 0.113 0.246 0.284 
 53    (0)   :  0.011 0.010 0.017 0.135 0.103 0.109 0.432 0.182 
 54    (0)   :  0.018 0.014 0.034 0.126 0.106 0.420 0.116 0.167 
 55    (0)   :  0.032 0.010 0.026 0.137 0.085 0.454 0.113 0.144 
 56    (0)   :  0.015 0.010 0.050 0.203 0.098 0.255 0.266 0.103 
 57    (0)   :  0.007 0.039 0.040 0.081 0.266 0.112 0.241 0.213 
 58    (0)   :  0.018 0.007 0.035 0.255 0.083 0.258 0.153 0.191 
 59    (0)   :  0.015 0.007 0.083 0.253 0.079 0.163 0.242 0.157 
 60    (0)   :  0.027 0.006 0.014 0.356 0.136 0.184 0.144 0.134 
 61    (0)   :  0.059 0.005 0.023 0.149 0.110 0.456 0.074 0.123 
 62    (0)   :  0.010 0.021 0.178 0.075 0.112 0.204 0.225 0.174 
 63    (0)   :  0.014 0.005 0.018 0.235 0.113 0.204 0.146 0.265 
 64    (0)   :  0.007 0.010 0.032 0.080 0.072 0.175 0.458 0.166 
 65    (0)   :  0.009 0.008 0.025 0.050 0.063 0.205 0.163 0.476 
 66    (0)   :  0.010 0.006 0.021 0.100 0.172 0.362 0.118 0.211 
 67    (0)   :  0.064 0.009 0.026 0.145 0.070 0.418 0.102 0.167 
 68    (0)   :  0.016 0.009 0.058 0.284 0.090 0.164 0.226 0.152 
 69    (0)   :  0.046 0.011 0.086 0.100 0.152 0.098 0.347 0.161 
 70    (0)   :  0.029 0.005 0.016 0.364 0.089 0.098 0.160 0.239 
 71    (0)   :  0.021 0.007 0.071 0.184 0.056 0.246 0.236 0.181 
 72    (0)   :  0.023 0.009 0.014 0.206 0.067 0.144 0.341 0.196 
 73    (0)   :  0.014 0.007 0.073 0.136 0.064 0.391 0.118 0.197 
 74    (0)   :  0.014 0.006 0.014 0.454 0.083 0.130 0.193 0.107 
 75    (0)   :  0.014 0.006 0.020 0.494 0.101 0.142 0.136 0.088 
 76    (0)   :  0.025 0.007 0.014 0.150 0.081 0.270 0.128 0.325 
 77    (0)   :  0.014 0.006 0.037 0.252 0.053 0.154 0.228 0.256 
 78    (0)   :  0.013 0.006 0.040 0.254 0.053 0.120 0.323 0.190 
 79    (0)   :  0.006 0.007 0.020 0.061 0.090 0.165 0.232 0.418 
 80    (0)   :  0.007 0.007 0.014 0.114 0.392 0.165 0.111 0.191 
 81    (0)   :  0.006 0.008 0.013 0.073 0.338 0.165 0.133 0.265 
 82    (0)   :  0.011 0.007 0.039 0.150 0.136 0.288 0.132 0.238 
 83    (0)   :  0.011 0.006 0.013 0.077 0.227 0.200 0.212 0.254 
 84    (0)   :  0.007 0.006 0.014 0.069 0.220 0.164 0.172 0.348 
 85    (0)   :  0.009 0.007 0.014 0.081 0.256 0.170 0.285 0.178 
 86    (0)   :  0.019 0.009 0.032 0.069 0.081 0.414 0.162 0.214 
 87    (0)   :  0.010 0.007 0.016 0.081 0.097 0.140 0.166 0.483 
 88    (0)   :  0.007 0.007 0.016 0.159 0.219 0.176 0.129 0.287 
 89    (0)   :  0.006 0.008 0.013 0.111 0.273 0.240 0.119 0.228 
 90    (0)   :  0.006 0.006 0.017 0.065 0.109 0.176 0.130 0.490 
 91    (0)   :  0.011 0.006 0.012 0.118 0.369 0.128 0.197 0.159 
 92    (0)   :  0.007 0.007 0.020 0.088 0.134 0.222 0.183 0.340 
 93    (0)   :  0.007 0.006 0.015 0.100 0.542 0.114 0.100 0.117 
 94    (0)   :  0.011 0.006 0.013 0.074 0.085 0.081 0.208 0.522 
 95    (0)   :  0.006 0.006 0.015 0.112 0.186 0.146 0.098 0.432 
 96    (0)   :  0.019 0.006 0.019 0.232 0.142 0.361 0.081 0.140 
 97    (0)   :  0.014 0.007 0.020 0.346 0.118 0.206 0.187 0.102 
 98    (0)   :  0.011 0.005 0.023 0.261 0.072 0.283 0.169 0.176 
 99    (0)   :  0.006 0.006 0.014 0.064 0.202 0.187 0.144 0.378 
100    (0)   :  0.007 0.007 0.018 0.140 0.352 0.298 0.080 0.098 
101    (0)   :  0.013 0.009 0.018 0.136 0.126 0.185 0.159 0.354 
102    (0)   :  0.022 0.007 0.030 0.160 0.271 0.128 0.143 0.240 
103    (0)   :  0.009 0.007 0.018 0.051 0.136 0.438 0.099 0.242 
104    (0)   :  0.013 0.006 0.020 0.038 0.133 0.134 0.110 0.546 
105    (0)   :  0.015 0.007 0.053 0.050 0.181 0.207 0.093 0.393 
106    (0)   :  0.009 0.006 0.016 0.050 0.050 0.100 0.197 0.571 
107    (0)   :  0.015 0.009 0.031 0.051 0.139 0.289 0.098 0.368 
108    (0)   :  0.077 0.005 0.015 0.045 0.077 0.420 0.247 0.116 
109    (0)   :  0.013 0.007 0.172 0.052 0.056 0.142 0.214 0.345 
110    (0)   :  0.007 0.006 0.018 0.058 0.056 0.082 0.185 0.587 
111    (0)   :  0.012 0.007 0.048 0.043 0.083 0.152 0.093 0.561 
112    (0)   :  0.017 0.005 0.219 0.063 0.058 0.079 0.117 0.442 
113    (0)   :  0.013 0.008 0.023 0.084 0.103 0.386 0.192 0.191 
114    (0)   :  0.010 0.005 0.037 0.041 0.165 0.140 0.101 0.501 
115    (0)   :  0.057 0.008 0.062 0.129 0.081 0.120 0.126 0.416 
116    (0)   :  0.027 0.008 0.027 0.095 0.053 0.154 0.207 0.431 
117    (0)   :  0.013 0.010 0.052 0.108 0.067 0.076 0.170 0.504 
118    (0)   :  0.011 0.006 0.060 0.046 0.077 0.416 0.114 0.270 
119    (0)   :  0.034 0.005 0.013 0.233 0.160 0.216 0.125 0.214 
120    (0)   :  0.028 0.007 0.082 0.082 0.107 0.170 0.128 0.395 
121    (0)   :  0.123 0.023 0.099 0.106 0.061 0.105 0.129 0.354 
122    (0)   :  0.008 0.005 0.031 0.052 0.073 0.138 0.185 0.507 
123    (0)   :  0.014 0.007 0.022 0.059 0.100 0.161 0.139 0.498 
124    (0)   :  0.038 0.016 0.047 0.082 0.068 0.183 0.231 0.335 
125    (0)   :  0.018 0.007 0.062 0.178 0.065 0.077 0.329 0.264 
126    (0)   :  0.027 0.005 0.015 0.098 0.099 0.161 0.146 0.450 
127    (0)   :  0.015 0.008 0.038 0.045 0.087 0.177 0.085 0.545 
128    (0)   :  0.011 0.006 0.047 0.049 0.074 0.446 0.106 0.260 
129    (0)   :  0.012 0.009 0.029 0.045 0.067 0.333 0.099 0.406 
130    (0)   :  0.010 0.009 0.064 0.043 0.145 0.184 0.107 0.437 
131    (0)   :  0.052 0.014 0.054 0.101 0.058 0.109 0.300 0.312 
132    (0)   :  0.010 0.006 0.021 0.049 0.058 0.229 0.159 0.469 
133    (0)   :  0.023 0.010 0.023 0.050 0.098 0.298 0.110 0.388 
134    (0)   :  0.007 0.005 0.026 0.044 0.045 0.082 0.127 0.664 
135    (0)   :  0.020 0.008 0.048 0.182 0.345 0.196 0.100 0.101 
136    (0)   :  0.007 0.008 0.032 0.080 0.563 0.105 0.125 0.082 
137    (0)   :  0.007 0.007 0.039 0.118 0.535 0.080 0.091 0.123 
138    (0)   :  0.012 0.006 0.013 0.088 0.593 0.084 0.114 0.089 
139    (0)   :  0.015 0.006 0.023 0.091 0.224 0.413 0.126 0.103 
140    (0)   :  0.013 0.007 0.017 0.151 0.324 0.165 0.141 0.183 
141    (0)   :  0.009 0.007 0.027 0.081 0.458 0.123 0.199 0.095 
142    (0)   :  0.023 0.007 0.038 0.153 0.327 0.256 0.097 0.099 
143    (0)   :  0.007 0.006 0.013 0.106 0.620 0.090 0.080 0.077 
144    (0)   :  0.008 0.007 0.039 0.117 0.542 0.084 0.083 0.120 
145    (0)   :  0.010 0.009 0.043 0.135 0.345 0.159 0.204 0.095 
146    (0)   :  0.013 0.011 0.019 0.135 0.357 0.098 0.172 0.194 
147    (0)   :  0.006 0.006 0.014 0.085 0.647 0.075 0.086 0.079 
148    (0)   :  0.012 0.007 0.036 0.085 0.411 0.184 0.136 0.129 
149    (0)   :  0.014 0.007 0.022 0.165 0.452 0.135 0.114 0.091 
150    (0)   :  0.008 0.008 0.048 0.094 0.411 0.148 0.104 0.180 
151    (0)   :  0.008 0.007 0.016 0.102 0.534 0.129 0.092 0.114 
152    (0)   :  0.028 0.007 0.037 0.087 0.393 0.157 0.184 0.107 
153    (0)   :  0.016 0.006 0.015 0.154 0.479 0.090 0.119 0.121 
154    (0)   :  0.016 0.008 0.028 0.082 0.508 0.154 0.122 0.082 
155    (0)   :  0.008 0.006 0.013 0.057 0.613 0.106 0.085 0.111 
156    (0)   :  0.027 0.005 0.022 0.149 0.458 0.149 0.075 0.116 
157    (0)   :  0.007 0.006 0.012 0.072 0.515 0.085 0.104 0.200 
158    (0)   :  0.009 0.009 0.042 0.144 0.386 0.114 0.202 0.094 
159    (0)   :  0.006 0.007 0.019 0.077 0.641 0.087 0.085 0.079 
160    (0)   :  0.006 0.008 0.019 0.060 0.636 0.105 0.086 0.080 
161    (0)   :  0.008 0.006 0.015 0.298 0.294 0.114 0.138 0.126 
162    (0)   :  0.015 0.015 0.022 0.089 0.350 0.138 0.176 0.195 
163    (0)   :  0.014 0.005 0.013 0.089 0.597 0.097 0.078 0.106 
164    (0)   :  0.009 0.012 0.017 0.062 0.421 0.195 0.119 0.166 
165    (0)   :  0.008 0.008 0.045 0.100 0.457 0.113 0.094 0.175 
166    (0)   :  0.021 0.006 0.013 0.076 0.400 0.140 0.152 0.192 
167    (0)   :  0.015 0.018 0.022 0.045 0.551 0.081 0.153 0.116 
168    (0)   :  0.020 0.006 0.014 0.104 0.481 0.092 0.178 0.104 
169    (0)   :  0.009 0.010 0.045 0.163 0.269 0.099 0.317 0.088 
170    (0)   :  0.010 0.006 0.014 0.349 0.241 0.179 0.089 0.112 
171    (0)   :  0.021 0.007 0.016 0.069 0.415 0.164 0.191 0.117 
172    (0)   :  0.016 0.006 0.023 0.317 0.274 0.119 0.162 0.083 
173    (0)   :  0.007 0.007 0.018 0.056 0.597 0.148 0.085 0.081 
174    (0)   :  0.006 0.007 0.014 0.066 0.587 0.103 0.100 0.117 
175    (0)   :  0.008 0.008 0.019 0.189 0.471 0.100 0.126 0.080 
176    (0)   :  0.008 0.006 0.038 0.115 0.543 0.086 0.083 0.121 
177    (0)   :  0.009 0.007 0.015 0.089 0.412 0.090 0.153 0.226 
178    (0)   :  0.007 0.008 0.017 0.056 0.517 0.119 0.157 0.120 
179    (0)   :  0.007 0.006 0.012 0.054 0.650 0.102 0.088 0.081 
180    (0)   :  0.014 0.014 0.022 0.146 0.409 0.095 0.162 0.137 
181    (0)   :  0.010 0.009 0.028 0.165 0.367 0.198 0.127 0.096 
182    (0)   :  0.010 0.009 0.022 0.097 0.505 0.195 0.080 0.083 
183    (0)   :  0.007 0.007 0.014 0.080 0.596 0.124 0.089 0.082 
184    (0)   :  0.007 0.009 0.019 0.051 0.072 0.573 0.148 0.122 
185    (0)   :  0.056 0.005 0.022 0.141 0.522 0.114 0.068 0.073 
186    (0)   :  0.008 0.008 0.014 0.055 0.071 0.495 0.132 0.216 
187    (0)   :  0.010 0.005 0.014 0.055 0.248 0.439 0.113 0.116 
188    (0)   :  0.007 0.008 0.014 0.045 0.057 0.600 0.111 0.157 
189    (0)   :  0.014 0.006 0.013 0.116 0.210 0.239 0.282 0.119 
190    (0)   :  0.036 0.005 0.023 0.111 0.167 0.518 0.062 0.079 
191    (0)   :  0.006 0.005 0.021 0.044 0.089 0.635 0.095 0.104 
192    (0)   :  0.006 0.005 0.015 0.091 0.204 0.403 0.118 0.157 
193    (0)   :  0.008 0.006 0.029 0.092 0.166 0.424 0.141 0.134 
194    (0)   :  0.014 0.006 0.015 0.184 0.174 0.350 0.105 0.152 
195    (0)   :  0.017 0.005 0.013 0.084 0.227 0.503 0.073 0.078 
196    (0)   :  0.013 0.005 0.020 0.076 0.141 0.567 0.079 0.099 
197    (0)   :  0.015 0.009 0.020 0.065 0.192 0.285 0.204 0.209 
198    (0)   :  0.012 0.006 0.016 0.095 0.139 0.326 0.189 0.217 
199    (0)   :  0.013 0.006 0.025 0.218 0.119 0.411 0.094 0.114 
200    (0)   :  0.014 0.005 0.036 0.069 0.137 0.501 0.138 0.101 
201    (0)   :  0.012 0.005 0.014 0.059 0.386 0.349 0.085 0.090 
202    (0)   :  0.016 0.005 0.019 0.242 0.297 0.238 0.075 0.107 
203    (0)   :  0.008 0.005 0.020 0.063 0.366 0.381 0.076 0.080 
204    (0)   :  0.011 0.005 0.015 0.070 0.109 0.642 0.067 0.080 
205    (0)   :  0.012 0.005 0.016 0.064 0.096 0.605 0.096 0.106 
206    (0)   :  0.010 0.006 0.014 0.057 0.136 0.616 0.080 0.081 
207    (0)   :  0.009 0.005 0.026 0.079 0.081 0.619 0.074 0.107 
208    (0)   :  0.014 0.005 0.018 0.048 0.241 0.501 0.078 0.095 
209    (0)   :  0.008 0.005 0.025 0.066 0.112 0.572 0.100 0.112 
210    (0)   :  0.008 0.005 0.014 0.054 0.130 0.610 0.080 0.099 
211    (0)   :  0.024 0.007 0.110 0.146 0.179 0.303 0.080 0.150 
212    (0)   :  0.015 0.005 0.018 0.134 0.345 0.281 0.108 0.094 
213    (0)   :  0.018 0.006 0.017 0.226 0.104 0.321 0.105 0.202 
214    (0)   :  0.008 0.005 0.023 0.112 0.348 0.336 0.082 0.085 
215    (0)   :  0.009 0.005 0.022 0.043 0.079 0.642 0.091 0.110 
216    (0)   :  0.008 0.010 0.021 0.073 0.095 0.451 0.190 0.152 
217    (0)   :  0.009 0.005 0.016 0.089 0.281 0.420 0.097 0.083 
218    (0)   :  0.007 0.006 0.017 0.052 0.111 0.595 0.098 0.116 
219    (0)   :  0.009 0.013 0.014 0.072 0.224 0.328 0.218 0.123 
220    (0)   :  0.007 0.005 0.016 0.045 0.086 0.675 0.073 0.093 
221    (0)   :  0.011 0.005 0.018 0.397 0.240 0.185 0.070 0.074 
222    (0)   :  0.009 0.011 0.015 0.084 0.139 0.359 0.229 0.154 
223    (0)   :  0.010 0.006 0.014 0.070 0.320 0.302 0.149 0.129 
224    (0)   :  0.009 0.006 0.015 0.084 0.266 0.456 0.083 0.082 
225    (0)   :  0.013 0.005 0.016 0.075 0.117 0.590 0.086 0.099 
226    (0)   :  0.008 0.007 0.022 0.069 0.138 0.408 0.237 0.111 
227    (0)   :  0.021 0.006 0.016 0.147 0.206 0.412 0.075 0.116 
228    (0)   :  0.066 0.006 0.023 0.116 0.229 0.413 0.071 0.075 
229    (0)   :  0.006 0.006 0.014 0.083 0.268 0.448 0.084 0.090 
230    (0)   :  0.006 0.006 0.018 0.081 0.198 0.530 0.075 0.086 
231    (0)   :  0.007 0.006 0.018 0.055 0.217 0.493 0.112 0.093 
232    (0)   :  0.011 0.007 0.019 0.277 0.152 0.255 0.120 0.159 
233    (0)   :  0.008 0.006 0.021 0.066 0.460 0.267 0.086 0.087 
234    (0)   :  0.008 0.005 0.019 0.054 0.165 0.444 0.156 0.150 
235    (0)   :  0.008 0.006 0.015 0.108 0.218 0.397 0.134 0.113 
236    (0)   :  0.008 0.005 0.023 0.079 0.296 0.374 0.112 0.104 
237    (0)   :  0.012 0.005 0.028 0.070 0.095 0.599 0.085 0.106 
238    (0)   :  0.009 0.005 0.017 0.125 0.324 0.311 0.093 0.115 
239    (0)   :  0.015 0.005 0.013 0.085 0.223 0.508 0.073 0.078 
240    (0)   :  0.009 0.005 0.017 0.126 0.323 0.312 0.093 0.115 
241    (0)   :  0.010 0.007 0.018 0.155 0.302 0.313 0.095 0.099 
242    (0)   :  0.011 0.006 0.014 0.078 0.143 0.489 0.158 0.102 
243    (0)   :  0.016 0.005 0.026 0.072 0.149 0.584 0.067 0.082 
244    (0)   :  0.008 0.005 0.020 0.075 0.266 0.469 0.076 0.081 
245    (0)   :  0.016 0.005 0.013 0.122 0.459 0.198 0.081 0.106 
246    (0)   :  0.009 0.006 0.016 0.087 0.280 0.424 0.097 0.082 
247    (0)   :  0.011 0.005 0.015 0.074 0.067 0.380 0.146 0.302 
248    (0)   :  0.011 0.005 0.025 0.048 0.075 0.604 0.094 0.138 
249    (0)   :  0.007 0.006 0.021 0.124 0.243 0.426 0.079 0.093 
250    (0)   :  0.007 0.006 0.021 0.085 0.210 0.454 0.104 0.113 
251    (0)   :  0.010 0.005 0.032 0.060 0.117 0.409 0.233 0.134 
252    (0)   :  0.014 0.006 0.013 0.089 0.174 0.499 0.100 0.106 
253    (0)   :  0.012 0.006 0.017 0.131 0.095 0.396 0.147 0.195 
254    (0)   :  0.011 0.009 0.015 0.061 0.142 0.473 0.162 0.127 
255    (0)   :  0.007 0.006 0.019 0.075 0.169 0.480 0.119 0.124 
256    (0)   :  0.009 0.006 0.020 0.119 0.198 0.448 0.098 0.101 
257    (0)   :  0.010 0.014 0.023 0.083 0.140 0.493 0.104 0.132 
258    (0)   :  0.022 0.004 0.021 0.061 0.113 0.500 0.114 0.165 
259    (0)   :  0.008 0.006 0.019 0.090 0.145 0.525 0.099 0.108 
260    (0)   :  0.008 0.010 0.016 0.086 0.279 0.275 0.191 0.134 
261    (0)   :  0.020 0.005 0.013 0.091 0.250 0.419 0.100 0.100 
262    (0)   :  0.017 0.005 0.018 0.128 0.212 0.470 0.075 0.075 
263    (0)   :  0.009 0.009 0.019 0.050 0.087 0.630 0.100 0.097 
264    (0)   :  0.009 0.015 0.022 0.055 0.062 0.332 0.346 0.159 
265    (0)   :  0.009 0.005 0.015 0.053 0.176 0.500 0.133 0.110 
266    (0)   :  0.014 0.005 0.018 0.181 0.381 0.253 0.070 0.077 
267    (0)   :  0.010 0.005 0.030 0.093 0.185 0.433 0.116 0.128 
268    (0)   :  0.013 0.005 0.020 0.077 0.142 0.564 0.079 0.099 
269    (0)   :  0.009 0.006 0.016 0.056 0.209 0.339 0.253 0.113 
270    (0)   :  0.008 0.009 0.021 0.055 0.101 0.507 0.150 0.150 
271    (0)   :  0.012 0.005 0.024 0.058 0.107 0.532 0.116 0.145 
272    (0)   :  0.011 0.007 0.029 0.065 0.115 0.464 0.193 0.116 
273    (0)   :  0.019 0.036 0.040 0.085 0.186 0.318 0.158 0.159 
274    (0)   :  0.008 0.006 0.019 0.061 0.126 0.491 0.156 0.133 
275    (0)   :  0.010 0.009 0.028 0.054 0.145 0.508 0.146 0.100 
276    (0)   :  0.010 0.007 0.037 0.121 0.097 0.435 0.167 0.127 
277    (0)   :  0.009 0.006 0.015 0.082 0.230 0.379 0.153 0.128 
278    (0)   :  0.012 0.005 0.023 0.044 0.099 0.622 0.093 0.103 
279    (0)   :  0.008 0.006 0.019 0.074 0.159 0.477 0.133 0.122 
280    (0)   :  0.011 0.006 0.017 0.093 0.147 0.417 0.199 0.109 
281    (0)   :  0.008 0.006 0.018 0.064 0.127 0.482 0.124 0.171 
282    (0)   :  0.008 0.005 0.016 0.074 0.386 0.266 0.131 0.112 
283    (0)   :  0.008 0.006 0.015 0.092 0.422 0.268 0.086 0.103 
284    (0)   :  0.009 0.005 0.024 0.084 0.237 0.368 0.121 0.151 
285    (0)   :  0.014 0.005 0.027 0.063 0.056 0.571 0.120 0.144 
286    (0)   :  0.007 0.005 0.020 0.076 0.266 0.468 0.077 0.081 
287    (0)   :  0.007 0.007 0.014 0.069 0.186 0.380 0.176 0.162 
288    (0)   :  0.008 0.006 0.020 0.051 0.097 0.561 0.157 0.101 
289    (0)   :  0.015 0.008 0.023 0.062 0.087 0.539 0.124 0.141 
290    (0)   :  0.012 0.011 0.039 0.197 0.105 0.345 0.187 0.104 
291    (0)   :  0.011 0.005 0.025 0.060 0.108 0.530 0.116 0.144 
292    (0)   :  0.023 0.006 0.015 0.156 0.160 0.372 0.165 0.103 
293    (0)   :  0.020 0.007 0.037 0.110 0.092 0.329 0.266 0.139 
294    (0)   :  0.010 0.009 0.016 0.068 0.073 0.628 0.099 0.097 
295    (0)   :  0.015 0.007 0.039 0.117 0.129 0.368 0.177 0.149 
296    (0)   :  0.008 0.005 0.021 0.048 0.093 0.624 0.086 0.115 
297    (0)   :  0.009 0.006 0.015 0.094 0.104 0.460 0.192 0.120 
298    (0)   :  0.007 0.006 0.015 0.085 0.284 0.357 0.122 0.125 
299    (0)   :  0.007 0.011 0.014 0.058 0.099 0.589 0.116 0.107 
300    (0)   :  0.009 0.006 0.019 0.080 0.069 0.616 0.103 0.098 
301    (0)   :  0.007 0.009 0.023 0.054 0.100 0.498 0.192 0.117 
302    (0)   :  0.014 0.008 0.022 0.064 0.087 0.607 0.102 0.096 
303    (0)   :  0.010 0.006 0.017 0.145 0.233 0.374 0.120 0.095 
304    (0)   :  0.007 0.010 0.021 0.080 0.357 0.144 0.198 0.184 
305    (0)   :  0.010 0.005 0.016 0.074 0.160 0.576 0.081 0.077 
306    (0)   :  0.008 0.006 0.015 0.127 0.281 0.338 0.129 0.096 
307    (0)   :  0.008 0.007 0.022 0.119 0.202 0.383 0.137 0.121 
308    (0)   :  0.021 0.005 0.014 0.093 0.249 0.417 0.101 0.099 
309    (0)   :  0.020 0.015 0.032 0.052 0.089 0.594 0.083 0.115 
310    (0)   :  0.011 0.005 0.020 0.079 0.183 0.546 0.075 0.082 
311    (0)   :  0.006 0.006 0.018 0.082 0.195 0.532 0.075 0.086 
312    (0)   :  0.008 0.005 0.016 0.049 0.085 0.661 0.071 0.104 
313    (0)   :  0.021 0.005 0.020 0.063 0.070 0.649 0.076 0.097 
314    (0)   :  0.015 0.006 0.015 0.109 0.602 0.095 0.082 0.077 
315    (0)   :  0.025 0.005 0.013 0.099 0.564 0.083 0.122 0.090 
316    (0)   :  0.017 0.008 0.014 0.063 0.568 0.079 0.155 0.095 
317    (0)   :  0.008 0.006 0.014 0.070 0.662 0.076 0.086 0.078 
318    (0)   :  0.006 0.006 0.013 0.049 0.688 0.067 0.093 0.077 
319    (0)   :  0.007 0.006 0.014 0.081 0.641 0.093 0.080 0.078 
320    (0)   :  0.015 0.006 0.015 0.111 0.600 0.097 0.081 0.077 
321    (0)   :  0.007 0.006 0.015 0.070 0.655 0.074 0.095 0.079 
322    (0)   :  0.025 0.008 0.016 0.096 0.526 0.096 0.138 0.096 
323    (0)   :  0.007 0.014 0.012 0.056 0.673 0.073 0.086 0.079 
324    (0)   :  0.007 0.006 0.015 0.070 0.655 0.074 0.094 0.079 
325    (0)   :  0.012 0.006 0.013 0.057 0.600 0.070 0.151 0.091 
326    (0)   :  0.018 0.013 0.017 0.063 0.576 0.071 0.149 0.093 
327    (0)   :  0.008 0.006 0.015 0.070 0.662 0.077 0.085 0.077 
328    (0)   :  0.012 0.006 0.014 0.097 0.551 0.090 0.136 0.094 
329    (0)   :  0.006 0.005 0.012 0.070 0.677 0.068 0.085 0.078 
330    (0)   :  0.007 0.006 0.014 0.070 0.662 0.078 0.086 0.077 
331    (0)   :  0.006 0.006 0.012 0.054 0.684 0.076 0.085 0.078 
332    (0)   :  0.013 0.017 0.014 0.058 0.578 0.068 0.159 0.093 
333    (0)   :  0.017 0.012 0.015 0.073 0.574 0.082 0.134 0.094 
334    (0)   :  0.012 0.006 0.014 0.096 0.551 0.091 0.137 0.093 
335    (0)   :  0.015 0.005 0.014 0.101 0.571 0.080 0.121 0.092 
336    (0)   :  0.013 0.017 0.014 0.079 0.628 0.080 0.090 0.079 
337    (0)   :  0.013 0.006 0.015 0.083 0.558 0.077 0.155 0.093 
338    (0)   :  0.006 0.006 0.014 0.051 0.682 0.068 0.095 0.079 
339    (0)   :  0.006 0.006 0.012 0.055 0.681 0.076 0.086 0.078 
340    (0)   :  0.007 0.006 0.012 0.054 0.687 0.079 0.078 0.077 
341    (0)   :  0.008 0.015 0.015 0.064 0.653 0.080 0.085 0.079 
342    (0)   :  0.008 0.006 0.014 0.071 0.661 0.077 0.086 0.077 
343    (0)   :  0.031 0.012 0.014 0.173 0.472 0.088 0.120 0.090 
344    (0)   :  0.006 0.005 0.012 0.055 0.693 0.067 0.084 0.077 
345    (0)   :  0.007 0.006 0.015 0.069 0.663 0.077 0.086 0.077 
346    (0)   :  0.007 0.006 0.013 0.050 0.693 0.070 0.085 0.077 
347    (0)   :  0.007 0.006 0.012 0.056 0.695 0.070 0.078 0.076 
348    (0)   :  0.034 0.005 0.014 0.157 0.495 0.100 0.107 0.088 
349    (0)   :  0.008 0.006 0.015 0.069 0.662 0.077 0.086 0.077 
350    (0)   :  0.011 0.006 0.013 0.084 0.629 0.099 0.080 0.078 
351    (0)   :  0.015 0.005 0.014 0.099 0.572 0.082 0.123 0.091 
352    (0)   :  0.016 0.006 0.015 0.084 0.571 0.081 0.136 0.091 
353    (0)   :  0.013 0.016 0.014 0.080 0.629 0.080 0.090 0.078 
354    (0)   :  0.007 0.008 0.013 0.061 0.673 0.072 0.087 0.080 
355    (0)   :  0.006 0.006 0.013 0.050 0.687 0.068 0.092 0.078 
356    (0)   :  0.030 0.005 0.013 0.238 0.423 0.100 0.104 0.087 
357    (0)   :  0.013 0.005 0.016 0.055 0.401 0.094 0.298 0.118 
358    (0)   :  0.011 0.006 0.013 0.065 0.604 0.070 0.139 0.092 
359    (0)   :  0.006 0.006 0.013 0.055 0.680 0.076 0.086 0.079 
360    (0)   :  0.007 0.006 0.013 0.050 0.692 0.070 0.085 0.077 
361    (0)   :  0.014 0.005 0.019 0.092 0.329 0.122 0.299 0.122 
362    (0)   :  0.009 0.006 0.016 0.070 0.091 0.279 0.297 0.232 
363    (0)   :  0.011 0.009 0.020 0.069 0.067 0.176 0.296 0.352 
364    (0)   :  0.010 0.024 0.041 0.123 0.223 0.145 0.272 0.161 
365    (0)   :  0.012 0.021 0.065 0.082 0.077 0.131 0.424 0.188 
366    (0)   :  0.037 0.007 0.029 0.118 0.121 0.242 0.324 0.121 
367    (0)   :  0.007 0.005 0.015 0.049 0.054 0.079 0.206 0.584 
368    (0)   :  0.007 0.007 0.020 0.062 0.090 0.239 0.176 0.400 
369    (0)   :  0.015 0.010 0.026 0.302 0.116 0.167 0.218 0.146 
370    (0)   :  0.013 0.019 0.039 0.077 0.097 0.266 0.159 0.331 
371    (0)   :  0.011 0.014 0.035 0.088 0.113 0.331 0.241 0.167 
372    (0)   :  0.017 0.056 0.058 0.077 0.108 0.343 0.114 0.225 
373    (0)   :  0.008 0.008 0.025 0.114 0.128 0.144 0.188 0.385 
374    (0)   :  0.009 0.008 0.049 0.135 0.182 0.162 0.277 0.179 
375    (0)   :  0.009 0.026 0.028 0.058 0.067 0.153 0.280 0.379 
376    (0)   :  0.008 0.145 0.016 0.061 0.060 0.072 0.419 0.220 
377    (0)   :  0.013 0.008 0.027 0.056 0.100 0.277 0.294 0.226 
378    (0)   :  0.009 0.006 0.020 0.060 0.212 0.133 0.111 0.449 
379    (0)   :  0.011 0.237 0.020 0.061 0.054 0.085 0.311 0.222 
380    (0)   :  0.014 0.014 0.022 0.203 0.122 0.142 0.374 0.109 
381    (0)   :  0.018 0.012 0.019 0.235 0.101 0.106 0.411 0.098 
382    (0)   :  0.006 0.006 0.018 0.046 0.084 0.118 0.407 0.314 
383    (0)   :  0.012 0.020 0.027 0.061 0.177 0.132 0.474 0.097 
384    (0)   :  0.016 0.101 0.036 0.072 0.142 0.112 0.316 0.205 
385    (0)   :  0.006 0.008 0.294 0.053 0.212 0.104 0.191 0.131 
386    (0)   :  0.007 0.005 0.016 0.062 0.069 0.121 0.349 0.371 
387    (0)   :  0.011 0.006 0.023 0.055 0.092 0.105 0.364 0.345 
388    (0)   :  0.010 0.021 0.058 0.075 0.207 0.150 0.242 0.238 
389    (0)   :  0.023 0.011 0.206 0.064 0.077 0.339 0.120 0.162 
390    (0)   :  0.057 0.022 0.028 0.134 0.062 0.107 0.197 0.393 
391    (0)   :  0.018 0.016 0.147 0.141 0.101 0.141 0.174 0.261 
392    (0)   :  0.011 0.011 0.014 0.067 0.140 0.143 0.372 0.242 
393    (0)   :  0.038 0.011 0.017 0.227 0.098 0.079 0.399 0.131 
394    (0)   :  0.010 0.006 0.013 0.061 0.243 0.133 0.228 0.305 
395    (0)   :  0.020 0.005 0.015 0.091 0.078 0.283 0.267 0.241 
396    (0)   :  0.006 0.007 0.019 0.049 0.057 0.136 0.275 0.452 
397    (0)   :  0.009 0.126 0.015 0.087 0.138 0.319 0.178 0.127 
398    (0)   :  0.009 0.050 0.012 0.073 0.060 0.080 0.344 0.372 
399    (0)   :  0.009 0.005 0.031 0.077 0.077 0.142 0.185 0.474 
400    (0)   :  0.008 0.009 0.020 0.109 0.091 0.092 0.301 0.371 
401    (0)   :  0.016 0.005 0.019 0.106 0.103 0.128 0.129 0.494 
402    (0)   :  0.032 0.010 0.028 0.128 0.103 0.151 0.218 0.329 
403    (0)   :  0.012 0.010 0.049 0.095 0.324 0.142 0.183 0.185 
404    (0)   :  0.007 0.012 0.036 0.125 0.106 0.196 0.312 0.207 
405    (0)   :  0.011 0.006 0.017 0.096 0.102 0.202 0.378 0.188 
406    (0)   :  0.032 0.005 0.015 0.237 0.110 0.135 0.368 0.099 
407    (0)   :  0.007 0.005 0.015 0.063 0.055 0.096 0.577 0.183 
408    (0)   :  0.019 0.005 0.014 0.070 0.051 0.209 0.093 0.538 
409    (0)   :  0.012 0.013 0.017 0.513 0.087 0.085 0.155 0.118 
410    (0)   :  0.017 0.107 0.022 0.096 0.101 0.112 0.221 0.323 
411    (0)   :  0.035 0.033 0.016 0.099 0.154 0.095 0.374 0.195 
412    (0)   :  0.006 0.007 0.019 0.056 0.082 0.219 0.220 0.390 
413    (0)   :  0.007 0.005 0.014 0.049 0.182 0.191 0.166 0.385 
414    (0)   :  0.007 0.005 0.049 0.041 0.065 0.214 0.238 0.382 
415    (0)   :  0.014 0.007 0.018 0.109 0.071 0.133 0.440 0.208 
416    (0)   :  0.014 0.008 0.043 0.201 0.090 0.121 0.212 0.311 
417    (0)   :  0.011 0.007 0.016 0.076 0.063 0.103 0.461 0.264 
418    (0)   :  0.006 0.009 0.015 0.051 0.066 0.107 0.195 0.551 
419    (0)   :  0.016 0.013 0.042 0.170 0.168 0.126 0.212 0.253 
420    (0)   :  0.021 0.005 0.016 0.165 0.061 0.136 0.124 0.473 
421    (0)   :  0.009 0.008 0.016 0.093 0.065 0.147 0.253 0.409 
422    (0)   :  0.014 0.008 0.018 0.112 0.072 0.315 0.285 0.176 
423    (0)   :  0.011 0.011 0.019 0.060 0.109 0.183 0.389 0.217 
424    (0)   :  0.088 0.009 0.037 0.097 0.100 0.091 0.200 0.378 
425    (0)   :  0.012 0.028 0.102 0.069 0.130 0.150 0.287 0.222 
426    (0)   :  0.017 0.038 0.052 0.074 0.127 0.109 0.252 0.331 
427    (0)   :  0.011 0.006 0.013 0.061 0.156 0.071 0.409 0.273 
428    (0)   :  0.025 0.028 0.018 0.143 0.146 0.160 0.336 0.143 
429    (0)   :  0.007 0.008 0.013 0.048 0.054 0.091 0.406 0.374 
430    (0)   :  0.010 0.007 0.015 0.104 0.061 0.114 0.474 0.216 
431    (0)   :  0.008 0.012 0.031 0.057 0.126 0.204 0.210 0.353 
432    (0)   :  0.007 0.007 0.018 0.067 0.095 0.201 0.181 0.424 
433    (0)   :  0.019 0.013 0.020 0.107 0.278 0.207 0.143 0.212 
434    (0)   :  0.009 0.007 0.025 0.137 0.115 0.236 0.293 0.177 
435    (0)   :  0.011 0.005 0.012 0.061 0.059 0.081 0.494 0.277 
436    (0)   :  0.021 0.007 0.015 0.114 0.084 0.060 0.455 0.244 
437    (0)   :  0.008 0.009 0.013 0.048 0.064 0.100 0.593 0.165 
438    (0)   :  0.028 0.006 0.014 0.298 0.078 0.080 0.259 0.237 
439    (0)   :  0.009 0.006 0.014 0.120 0.069 0.059 0.529 0.195 
440    (0)   :  0.012 0.005 0.016 0.049 0.049 0.069 0.580 0.221 
441    (0)   :  0.010 0.006 0.017 0.150 0.106 0.085 0.413 0.213 
442    (0)   :  0.009 0.007 0.044 0.089 0.062 0.114 0.357 0.318 
443    (0)   :  0.044 0.005 0.022 0.108 0.054 0.099 0.193 0.475 
444    (0)   :  0.014 0.007 0.040 0.086 0.062 0.104 0.436 0.251 
445    (0)   :  0.012 0.055 0.014 0.422 0.076 0.082 0.213 0.125 
446    (0)   :  0.008 0.056 0.014 0.107 0.064 0.056 0.317 0.378 
447    (0)   :  0.021 0.007 0.048 0.147 0.103 0.085 0.407 0.183 
448    (0)   :  0.010 0.006 0.017 0.069 0.066 0.098 0.460 0.274 
449    (0)   :  0.009 0.006 0.018 0.098 0.094 0.107 0.456 0.212 
450    (0)   :  0.006 0.011 0.020 0.103 0.106 0.071 0.445 0.238 
451    (0)   :  0.012 0.006 0.019 0.042 0.052 0.113 0.204 0.552 
452    (0)   :  0.006 0.007 0.016 0.080 0.097 0.075 0.464 0.255 
453    (0)   :  0.037 0.005 0.024 0.342 0.069 0.144 0.137 0.242 
454    (0)   :  0.010 0.005 0.015 0.069 0.111 0.109 0.484 0.197 
455    (0)   :  0.025 0.005 0.015 0.156 0.058 0.068 0.417 0.257 
456    (0)   :  0.049 0.006 0.020 0.104 0.057 0.115 0.393 0.257 
457    (0)   :  0.009 0.007 0.013 0.061 0.068 0.082 0.607 0.155 
458    (0)   :  0.007 0.058 0.015 0.148 0.068 0.073 0.396 0.235 
459    (0)   :  0.009 0.005 0.016 0.198 0.100 0.055 0.297 0.320 
460    (0)   :  0.009 0.005 0.015 0.086 0.060 0.062 0.304 0.458 
461    (0)   :  0.006 0.007 0.015 0.065 0.063 0.057 0.208 0.578 
462    (0)   :  0.018 0.011 0.081 0.120 0.046 0.132 0.337 0.255 
463    (0)   :  0.119 0.005 0.014 0.202 0.071 0.144 0.298 0.147 
464    (0)   :  0.024 0.005 0.014 0.098 0.058 0.077 0.240 0.486 
465    (0)   :  0.014 0.008 0.016 0.119 0.064 0.090 0.206 0.483 
466    (0)   :  0.049 0.005 0.014 0.123 0.057 0.116 0.224 0.411 
467    (0)   :  0.012 0.006 0.018 0.231 0.077 0.126 0.287 0.242 
468    (0)   :  0.037 0.006 0.013 0.085 0.057 0.092 0.569 0.142 
469    (0)   :  0.011 0.005 0.014 0.090 0.062 0.055 0.619 0.145 
470    (0)   :  0.010 0.005 0.012 0.065 0.060 0.064 0.466 0.317 
471    (0)   :  0.037 0.007 0.049 0.137 0.067 0.155 0.256 0.293 
472    (0)   :  0.019 0.008 0.023 0.174 0.060 0.120 0.295 0.300 
473    (0)   :  0.011 0.006 0.015 0.083 0.095 0.155 0.430 0.205 
474    (0)   :  0.013 0.006 0.016 0.141 0.086 0.094 0.383 0.260 
475    (0)   :  0.011 0.006 0.016 0.145 0.101 0.089 0.201 0.432 
476    (0)   :  0.016 0.009 0.014 0.128 0.064 0.074 0.490 0.206 
477    (0)   :  0.016 0.007 0.029 0.144 0.085 0.075 0.215 0.429 
478    (0)   :  0.010 0.007 0.028 0.058 0.058 0.059 0.153 0.626 
479    (0)   :  0.009 0.005 0.015 0.055 0.058 0.064 0.510 0.284 
480    (0)   :  0.008 0.006 0.012 0.056 0.064 0.066 0.627 0.160 
481    (0)   :  0.008 0.006 0.044 0.074 0.065 0.215 0.323 0.265 
482    (0)   :  0.007 0.007 0.012 0.053 0.058 0.065 0.495 0.303 
483    (0)   :  0.010 0.007 0.015 0.116 0.071 0.060 0.472 0.250 
484    (0)   :  0.035 0.006 0.022 0.201 0.066 0.115 0.372 0.182 
485    (0)   :  0.017 0.006 0.014 0.084 0.060 0.062 0.535 0.223 
486    (0)   :  0.025 0.011 0.103 0.081 0.092 0.282 0.188 0.219 
487    (0)   :  0.014 0.012 0.093 0.096 0.185 0.154 0.246 0.200 
488    (0)   :  0.017 0.010 0.138 0.051 0.164 0.181 0.157 0.282 
489    (0)   :  0.019 0.013 0.047 0.194 0.120 0.228 0.249 0.129 
490    (0)   :  0.029 0.007 0.045 0.077 0.062 0.143 0.203 0.435 
491    (0)   :  0.009 0.009 0.098 0.103 0.143 0.372 0.134 0.131 
492    (0)   :  0.022 0.006 0.056 0.131 0.264 0.124 0.111 0.287 
493    (0)   :  0.024 0.013 0.232 0.045 0.133 0.214 0.176 0.163 
494    (0)   :  0.011 0.048 0.080 0.131 0.129 0.232 0.195 0.174 
495    (0)   :  0.030 0.031 0.150 0.110 0.183 0.087 0.121 0.287 
496    (0)   :  0.015 0.007 0.015 0.243 0.212 0.217 0.138 0.154 
497    (0)   :  0.014 0.019 0.234 0.054 0.185 0.231 0.151 0.112 
498    (0)   :  0.018 0.011 0.138 0.154 0.073 0.171 0.185 0.249 
499    (0)   :  0.016 0.037 0.058 0.099 0.277 0.200 0.182 0.131 
500    (0)   :  0.015 0.022 0.038 0.054 0.110 0.279 0.334 0.148 
501    (0)   :  0.007 0.014 0.029 0.149 0.190 0.156 0.240 0.215 
502    (0)   :  0.006 0.009 0.056 0.141 0.232 0.101 0.163 0.291 
503    (0)   :  0.010 0.009 0.021 0.070 0.080 0.167 0.405 0.238 
504    (0)   :  0.014 0.009 0.118 0.099 0.081 0.138 0.132 0.409 
505    (0)   :  0.012 0.010 0.059 0.156 0.120 0.335 0.133 0.175 
506    (0)   :  0.007 0.008 0.063 0.134 0.190 0.193 0.132 0.272 
507    (0)   :  0.015 0.009 0.015 0.187 0.386 0.211 0.089 0.088 
508    (0)   :  0.026 0.020 0.037 0.207 0.360 0.150 0.088 0.111 
509    (0)   :  0.012 0.009 0.036 0.125 0.202 0.340 0.120 0.156 
510    (0)   :  0.011 0.040 0.031 0.120 0.272 0.146 0.205 0.175 
511    (0)   :  0.009 0.012 0.049 0.110 0.084 0.183 0.298 0.256 
512    (0)   :  0.006 0.009 0.039 0.056 0.067 0.145 0.377 0.301 
513    (0)   :  0.023 0.007 0.499 0.063 0.095 0.143 0.065 0.104 
514    (0)   :  0.008 0.009 0.023 0.064 0.133 0.162 0.118 0.484 
515    (0)   :  0.031 0.013 0.028 0.087 0.214 0.139 0.331 0.155 
516    (0)   :  0.019 0.010 0.026 0.114 0.092 0.233 0.112 0.394 
517    (0)   :  0.025 0.008 0.018 0.133 0.179 0.172 0.210 0.255 
518    (0)   :  0.007 0.089 0.024 0.058 0.225 0.250 0.215 0.131 
519    (0)   :  0.008 0.006 0.028 0.111 0.111 0.122 0.130 0.483 
520    (0)   :  0.048 0.008 0.017 0.156 0.239 0.151 0.276 0.105 
521    (0)   :  0.010 0.006 0.016 0.066 0.309 0.247 0.113 0.233 
522    (0)   :  0.105 0.036 0.028 0.076 0.104 0.132 0.353 0.165 
523    (0)   :  0.067 0.009 0.017 0.190 0.201 0.176 0.133 0.207 
524    (0)   :  0.033 0.009 0.016 0.069 0.147 0.162 0.374 0.190 
525    (0)   :  0.016 0.100 0.016 0.121 0.210 0.166 0.249 0.122 
526    (0)   :  0.071 0.006 0.013 0.199 0.091 0.172 0.343 0.105 
527    (0)   :  0.007 0.094 0.056 0.062 0.107 0.128 0.255 0.292 
528    (0)   :  0.011 0.005 0.015 0.063 0.416 0.262 0.100 0.128 
529    (0)   :  0.010 0.095 0.026 0.067 0.142 0.341 0.122 0.197 
530    (0)   :  0.015 0.008 0.043 0.125 0.132 0.138 0.380 0.158 
531    (0)   :  0.015 0.008 0.021 0.098 0.354 0.097 0.245 0.163 
532    (0)   :  0.018 0.024 0.029 0.055 0.316 0.189 0.164 0.206 
533    (0)   :  0.018 0.076 0.020 0.078 0.117 0.260 0.273 0.159 
534    (0)   :  0.038 0.077 0.045 0.081 0.165 0.347 0.076 0.171 
535    (0)   :  0.029 0.006 0.016 0.197 0.092 0.172 0.196 0.293 
536    (0)   :  0.009 0.007 0.019 0.355 0.106 0.176 0.180 0.148 
537    (0)   :  0.009 0.007 0.020 0.470 0.107 0.156 0.114 0.117 
538    (0)   :  0.016 0.005 0.017 0.249 0.134 0.289 0.161 0.130 
539    (0)   :  0.008 0.005 0.017 0.282 0.305 0.199 0.095 0.088 
540    (0)   :  0.025 0.007 0.018 0.101 0.195 0.308 0.222 0.124 
541    (0)   :  0.018 0.008 0.023 0.183 0.297 0.174 0.154 0.143 
542    (0)   :  0.014 0.006 0.029 0.289 0.066 0.280 0.201 0.115 
543    (0)   :  0.088 0.008 0.029 0.131 0.178 0.206 0.129 0.231 
544    (0)   :  0.051 0.005 0.020 0.288 0.105 0.200 0.176 0.155 
545    (0)   :  0.064 0.006 0.028 0.261 0.060 0.175 0.237 0.170 
546    (0)   :  0.012 0.005 0.035 0.230 0.105 0.354 0.137 0.120 
547    (0)   :  0.049 0.005 0.020 0.481 0.092 0.110 0.115 0.127 
548    (0)   :  0.007 0.006 0.020 0.084 0.211 0.458 0.103 0.112 
549    (0)   :  0.008 0.007 0.013 0.563 0.108 0.073 0.134 0.095 
550    (0)   :  0.036 0.005 0.021 0.258 0.071 0.105 0.299 0.204 
551    (0)   :  0.008 0.008 0.015 0.426 0.208 0.091 0.123 0.121 
552    (0)   :  0.013 0.006 0.016 0.190 0.129 0.409 0.133 0.104 
553    (0)   :  0.128 0.007 0.027 0.235 0.149 0.212 0.099 0.144 
554    (0)   :  0.019 0.011 0.022 0.096 0.158 0.247 0.270 0.176 
555    (0)   :  0.015 0.007 0.051 0.289 0.194 0.193 0.130 0.123 
556    (0)   :  0.010 0.006 0.019 0.240 0.110 0.345 0.133 0.137 
557    (0)   :  0.018 0.005 0.019 0.254 0.103 0.093 0.293 0.214 
558    (0)   :  0.006 0.007 0.012 0.054 0.060 0.057 0.501 0.303 
559    (0)   :  0.015 0.007 0.017 0.071 0.074 0.400 0.128 0.288 
560    (0)   :  0.008 0.005 0.023 0.062 0.047 0.100 0.235 0.521 
561    (0)   :  0.012 0.006 0.028 0.072 0.060 0.135 0.260 0.427 
562    (0)   :  0.027 0.006 0.034 0.051 0.047 0.175 0.241 0.419 
563    (0)   :  0.011 0.009 0.033 0.232 0.123 0.065 0.138 0.390 
564    (0)   :  0.024 0.009 0.018 0.055 0.090 0.456 0.184 0.163 
565    (0)   :  0.007 0.006 0.014 0.070 0.065 0.081 0.603 0.154 
566    (0)   :  0.009 0.004 0.018 0.043 0.050 0.078 0.270 0.527 
567    (0)   :  0.015 0.007 0.029 0.051 0.061 0.456 0.167 0.215 
568    (0)   :  0.013 0.006 0.013 0.088 0.081 0.200 0.193 0.407 
569    (0)   :  0.061 0.008 0.018 0.077 0.098 0.122 0.373 0.243 
570    (0)   :  0.008 0.009 0.013 0.039 0.054 0.095 0.547 0.235 
571    (0)   :  0.010 0.005 0.015 0.052 0.079 0.124 0.154 0.561 
572    (0)   :  0.052 0.005 0.027 0.272 0.128 0.186 0.211 0.120 
573    (0)   :  0.029 0.008 0.015 0.054 0.090 0.359 0.292 0.154 
574    (0)   :  0.011 0.008 0.019 0.095 0.151 0.139 0.441 0.136 
575    (0)   :  0.007 0.006 0.015 0.142 0.120 0.132 0.159 0.418 
576    (0)   :  0.008 0.005 0.035 0.041 0.053 0.081 0.250 0.528 
577    (0)   :  0.008 0.010 0.019 0.120 0.127 0.148 0.370 0.198 
