

----------------------------------------------------
STRUCTURE by Pritchard, Stephens and Donnelly (2000)
     and Falush, Stephens and Pritchard (2003)
       Code by Pritchard, Falush and Hubisz
             Version 2.3.4 (Jul 2012)
----------------------------------------------------



Command line arguments:   ./structure -K 3 -D 103002 -m brooktrout/mainparams -e brooktrout/extraparams -o brooktrout/250914_output/results_K3_rep2 
Input File:    brooktrout/brooktrout.txt

Run parameters:
   8454 individuals
   5 loci
   3 populations assumed
   50000 Burn-in period
   100000 Reps
RANDOMIZE turned off


--------------------------------------------
Overall proportion of membership of the
sample in each of the 3 clusters

Inferred Clusters
  1      2      3    
0.159  0.430  0.412  

--------------------------------------------

Allele-freq. divergence among pops (Net nucleotide distance),
computed using point estimates of P.

      1       2       3      
 1      -    0.0968  0.0520  
 2   0.0968     -    0.0301  
 3   0.0520  0.0301     -    

Average distances (expected heterozygosity) between individuals in same cluster:
cluster  1  : 0.7452 
cluster  2  : 0.8235 
cluster  3  : 0.8447 

--------------------------------------------
Estimated Ln Prob of Data   = -179607.4
Mean value of ln likelihood = -175651.4
Variance of ln likelihood   = 7912.0

Mean value of alpha_1       = 0.0877
Mean value of alpha_2       = 0.2374
Mean value of alpha_3       = 0.2283
Allele frequencies uncorrelated


Inferred ancestry of individuals:
     (%Miss) :  Inferred clusters
  1    (0)   :  0.154 0.295 0.552 
  2    (0)   :  0.021 0.191 0.788 
  3    (0)   :  0.098 0.544 0.358 
  4    (0)   :  0.538 0.119 0.343 
  5    (0)   :  0.022 0.305 0.673 
  6    (0)   :  0.026 0.904 0.070 
  7    (0)   :  0.020 0.908 0.073 
  8    (0)   :  0.296 0.387 0.317 
  9    (0)   :  0.044 0.398 0.558 
 10    (0)   :  0.115 0.725 0.161 
 11    (0)   :  0.021 0.846 0.133 
 12    (0)   :  0.038 0.352 0.610 
 13    (0)   :  0.039 0.758 0.203 
 14    (0)   :  0.051 0.185 0.764 
 15    (0)   :  0.111 0.285 0.604 
 16    (0)   :  0.042 0.822 0.136 
 17    (0)   :  0.038 0.610 0.352 
 18    (0)   :  0.061 0.620 0.319 
 19    (0)   :  0.036 0.783 0.181 
 20    (0)   :  0.034 0.454 0.512 
 21    (0)   :  0.111 0.192 0.697 
 22    (0)   :  0.055 0.835 0.111 
 23    (0)   :  0.112 0.136 0.752 
 24    (0)   :  0.156 0.471 0.373 
 25    (0)   :  0.016 0.851 0.134 
 26    (0)   :  0.082 0.474 0.444 
 27    (0)   :  0.069 0.669 0.262 
 28    (0)   :  0.222 0.524 0.254 
 29    (0)   :  0.031 0.378 0.591 
 30    (0)   :  0.040 0.810 0.150 
 31    (0)   :  0.078 0.564 0.358 
 32    (0)   :  0.080 0.253 0.666 
 33    (0)   :  0.087 0.476 0.437 
 34    (0)   :  0.041 0.836 0.122 
 35    (0)   :  0.024 0.432 0.544 
 36    (0)   :  0.035 0.365 0.600 
 37    (0)   :  0.092 0.175 0.733 
 38    (0)   :  0.017 0.798 0.185 
 39    (0)   :  0.028 0.713 0.260 
 40    (0)   :  0.167 0.183 0.650 
 41    (0)   :  0.033 0.385 0.582 
 42    (0)   :  0.232 0.136 0.632 
 43    (0)   :  0.036 0.089 0.875 
 44    (0)   :  0.022 0.265 0.713 
 45    (0)   :  0.019 0.354 0.627 
 46    (0)   :  0.021 0.743 0.236 
 47    (0)   :  0.040 0.576 0.384 
 48    (0)   :  0.025 0.259 0.717 
 49    (0)   :  0.032 0.395 0.573 
 50    (0)   :  0.054 0.814 0.132 
 51    (0)   :  0.024 0.108 0.868 
 52    (0)   :  0.038 0.709 0.253 
 53    (0)   :  0.046 0.848 0.105 
 54    (0)   :  0.034 0.140 0.826 
 55    (0)   :  0.024 0.088 0.888 
 56    (0)   :  0.038 0.415 0.546 
 57    (0)   :  0.122 0.596 0.282 
 58    (0)   :  0.033 0.205 0.762 
 59    (0)   :  0.028 0.363 0.609 
 60    (0)   :  0.089 0.162 0.750 
 61    (0)   :  0.041 0.052 0.907 
 62    (0)   :  0.030 0.562 0.408 
 63    (0)   :  0.045 0.172 0.783 
 64    (0)   :  0.021 0.803 0.176 
 65    (0)   :  0.015 0.540 0.446 
 66    (0)   :  0.049 0.087 0.865 
 67    (0)   :  0.020 0.099 0.881 
 68    (0)   :  0.035 0.315 0.650 
 69    (0)   :  0.092 0.561 0.348 
 70    (0)   :  0.030 0.154 0.815 
 71    (0)   :  0.015 0.327 0.659 
 72    (0)   :  0.024 0.638 0.339 
 73    (0)   :  0.017 0.140 0.844 
 74    (0)   :  0.081 0.321 0.598 
 75    (0)   :  0.079 0.108 0.813 
 76    (0)   :  0.024 0.207 0.769 
 77    (0)   :  0.024 0.300 0.676 
 78    (0)   :  0.031 0.432 0.537 
 79    (0)   :  0.024 0.847 0.129 
 80    (0)   :  0.603 0.206 0.191 
 81    (0)   :  0.384 0.368 0.248 
 82    (0)   :  0.046 0.166 0.788 
 83    (0)   :  0.219 0.390 0.391 
 84    (0)   :  0.155 0.365 0.481 
 85    (0)   :  0.263 0.301 0.436 
 86    (0)   :  0.024 0.338 0.638 
 87    (0)   :  0.027 0.737 0.236 
 88    (0)   :  0.110 0.168 0.722 
 89    (0)   :  0.149 0.117 0.733 
 90    (0)   :  0.030 0.552 0.418 
 91    (0)   :  0.470 0.153 0.377 
 92    (0)   :  0.052 0.471 0.478 
 93    (0)   :  0.869 0.057 0.074 
 94    (0)   :  0.022 0.910 0.068 
 95    (0)   :  0.056 0.202 0.742 
 96    (0)   :  0.072 0.052 0.877 
 97    (0)   :  0.090 0.164 0.746 
 98    (0)   :  0.043 0.177 0.779 
 99    (0)   :  0.121 0.349 0.530 
100    (0)   :  0.458 0.058 0.484 
101    (0)   :  0.032 0.188 0.780 
102    (0)   :  0.169 0.128 0.703 
103    (0)   :  0.037 0.076 0.887 
104    (0)   :  0.035 0.622 0.342 
105    (0)   :  0.030 0.095 0.875 
106    (0)   :  0.011 0.897 0.091 
107    (0)   :  0.047 0.249 0.704 
108    (0)   :  0.020 0.257 0.723 
109    (0)   :  0.011 0.738 0.251 
110    (0)   :  0.015 0.808 0.177 
111    (0)   :  0.020 0.815 0.165 
112    (0)   :  0.014 0.877 0.109 
113    (0)   :  0.026 0.180 0.794 
114    (0)   :  0.047 0.540 0.413 
115    (0)   :  0.019 0.213 0.768 
116    (0)   :  0.012 0.645 0.343 
117    (0)   :  0.020 0.437 0.543 
118    (0)   :  0.017 0.230 0.753 
119    (0)   :  0.091 0.076 0.833 
120    (0)   :  0.025 0.493 0.482 
121    (0)   :  0.014 0.144 0.841 
122    (0)   :  0.016 0.836 0.148 
123    (0)   :  0.025 0.524 0.451 
124    (0)   :  0.017 0.559 0.424 
125    (0)   :  0.027 0.630 0.343 
126    (0)   :  0.032 0.673 0.295 
127    (0)   :  0.022 0.761 0.216 
128    (0)   :  0.017 0.140 0.843 
129    (0)   :  0.013 0.130 0.857 
130    (0)   :  0.055 0.417 0.527 
131    (0)   :  0.015 0.457 0.527 
132    (0)   :  0.013 0.810 0.177 
133    (0)   :  0.031 0.476 0.493 
134    (0)   :  0.009 0.926 0.065 
135    (0)   :  0.324 0.070 0.605 
136    (0)   :  0.876 0.055 0.069 
137    (0)   :  0.802 0.063 0.135 
138    (0)   :  0.881 0.054 0.065 
139    (0)   :  0.110 0.073 0.817 
140    (0)   :  0.501 0.199 0.300 
141    (0)   :  0.813 0.096 0.091 
142    (0)   :  0.480 0.073 0.447 
143    (0)   :  0.905 0.036 0.059 
144    (0)   :  0.805 0.057 0.138 
145    (0)   :  0.638 0.159 0.203 
146    (0)   :  0.377 0.173 0.450 
147    (0)   :  0.913 0.039 0.047 
148    (0)   :  0.649 0.126 0.225 
149    (0)   :  0.833 0.060 0.107 
150    (0)   :  0.503 0.100 0.397 
151    (0)   :  0.834 0.054 0.112 
152    (0)   :  0.538 0.140 0.321 
153    (0)   :  0.795 0.079 0.126 
154    (0)   :  0.850 0.060 0.090 
155    (0)   :  0.880 0.051 0.070 
156    (0)   :  0.599 0.055 0.345 
157    (0)   :  0.665 0.130 0.205 
158    (0)   :  0.739 0.129 0.132 
159    (0)   :  0.905 0.039 0.056 
160    (0)   :  0.895 0.042 0.063 
161    (0)   :  0.602 0.098 0.300 
162    (0)   :  0.301 0.210 0.489 
163    (0)   :  0.879 0.045 0.075 
164    (0)   :  0.415 0.192 0.393 
165    (0)   :  0.637 0.088 0.275 
166    (0)   :  0.455 0.136 0.409 
167    (0)   :  0.737 0.155 0.108 
168    (0)   :  0.772 0.087 0.141 
169    (0)   :  0.443 0.384 0.173 
170    (0)   :  0.548 0.054 0.398 
171    (0)   :  0.528 0.123 0.349 
172    (0)   :  0.638 0.133 0.229 
173    (0)   :  0.864 0.043 0.092 
174    (0)   :  0.867 0.056 0.076 
175    (0)   :  0.892 0.050 0.058 
176    (0)   :  0.804 0.057 0.139 
177    (0)   :  0.472 0.224 0.304 
178    (0)   :  0.826 0.091 0.082 
179    (0)   :  0.907 0.041 0.052 
180    (0)   :  0.658 0.169 0.174 
181    (0)   :  0.574 0.081 0.344 
182    (0)   :  0.731 0.045 0.224 
183    (0)   :  0.880 0.045 0.075 
184    (0)   :  0.023 0.240 0.736 
185    (0)   :  0.781 0.040 0.179 
186    (0)   :  0.020 0.241 0.739 
187    (0)   :  0.131 0.094 0.776 
188    (0)   :  0.015 0.203 0.782 
189    (0)   :  0.237 0.441 0.322 
190    (0)   :  0.102 0.035 0.863 
191    (0)   :  0.037 0.109 0.854 
192    (0)   :  0.087 0.101 0.811 
193    (0)   :  0.104 0.140 0.756 
194    (0)   :  0.061 0.083 0.857 
195    (0)   :  0.308 0.047 0.645 
196    (0)   :  0.070 0.056 0.874 
197    (0)   :  0.057 0.278 0.665 
198    (0)   :  0.077 0.242 0.681 
199    (0)   :  0.059 0.070 0.871 
200    (0)   :  0.085 0.216 0.699 
201    (0)   :  0.503 0.060 0.438 
202    (0)   :  0.363 0.058 0.579 
203    (0)   :  0.364 0.058 0.578 
204    (0)   :  0.059 0.044 0.896 
205    (0)   :  0.036 0.082 0.882 
206    (0)   :  0.071 0.060 0.869 
207    (0)   :  0.025 0.058 0.917 
208    (0)   :  0.135 0.055 0.810 
209    (0)   :  0.054 0.107 0.839 
210    (0)   :  0.078 0.059 0.863 
211    (0)   :  0.040 0.054 0.906 
212    (0)   :  0.653 0.075 0.273 
213    (0)   :  0.029 0.089 0.883 
214    (0)   :  0.438 0.057 0.505 
215    (0)   :  0.022 0.078 0.900 
216    (0)   :  0.031 0.190 0.779 
217    (0)   :  0.386 0.080 0.534 
218    (0)   :  0.050 0.089 0.861 
219    (0)   :  0.145 0.316 0.539 
220    (0)   :  0.030 0.059 0.910 
221    (0)   :  0.693 0.037 0.271 
222    (0)   :  0.057 0.283 0.659 
223    (0)   :  0.241 0.116 0.644 
224    (0)   :  0.201 0.063 0.736 
225    (0)   :  0.051 0.056 0.893 
226    (0)   :  0.074 0.231 0.695 
227    (0)   :  0.097 0.059 0.844 
228    (0)   :  0.201 0.042 0.757 
229    (0)   :  0.226 0.076 0.698 
230    (0)   :  0.099 0.056 0.845 
231    (0)   :  0.271 0.124 0.605 
232    (0)   :  0.085 0.103 0.812 
233    (0)   :  0.615 0.061 0.324 
234    (0)   :  0.104 0.174 0.722 
235    (0)   :  0.178 0.133 0.689 
236    (0)   :  0.187 0.076 0.737 
237    (0)   :  0.042 0.077 0.881 
238    (0)   :  0.381 0.072 0.547 
239    (0)   :  0.310 0.047 0.643 
240    (0)   :  0.385 0.071 0.544 
241    (0)   :  0.429 0.054 0.517 
242    (0)   :  0.141 0.315 0.544 
243    (0)   :  0.073 0.040 0.886 
244    (0)   :  0.240 0.055 0.705 
245    (0)   :  0.739 0.050 0.211 
246    (0)   :  0.390 0.081 0.530 
247    (0)   :  0.017 0.207 0.776 
248    (0)   :  0.019 0.089 0.892 
249    (0)   :  0.186 0.059 0.755 
250    (0)   :  0.090 0.076 0.834 
251    (0)   :  0.055 0.364 0.580 
252    (0)   :  0.107 0.072 0.821 
253    (0)   :  0.032 0.165 0.803 
254    (0)   :  0.063 0.185 0.752 
255    (0)   :  0.116 0.164 0.720 
256    (0)   :  0.157 0.059 0.784 
257    (0)   :  0.049 0.065 0.886 
258    (0)   :  0.040 0.112 0.849 
259    (0)   :  0.036 0.070 0.894 
260    (0)   :  0.169 0.204 0.628 
261    (0)   :  0.228 0.068 0.704 
262    (0)   :  0.322 0.048 0.630 
263    (0)   :  0.033 0.088 0.879 
264    (0)   :  0.016 0.663 0.322 
265    (0)   :  0.105 0.144 0.751 
266    (0)   :  0.686 0.038 0.276 
267    (0)   :  0.116 0.138 0.747 
268    (0)   :  0.071 0.056 0.873 
269    (0)   :  0.208 0.445 0.348 
270    (0)   :  0.033 0.173 0.795 
271    (0)   :  0.031 0.075 0.894 
272    (0)   :  0.041 0.161 0.798 
273    (0)   :  0.182 0.140 0.677 
274    (0)   :  0.052 0.134 0.814 
275    (0)   :  0.085 0.116 0.799 
276    (0)   :  0.035 0.205 0.760 
277    (0)   :  0.150 0.112 0.739 
278    (0)   :  0.032 0.072 0.897 
279    (0)   :  0.071 0.081 0.847 
280    (0)   :  0.077 0.213 0.710 
281    (0)   :  0.045 0.103 0.852 
282    (0)   :  0.371 0.117 0.512 
283    (0)   :  0.505 0.086 0.410 
284    (0)   :  0.081 0.081 0.838 
285    (0)   :  0.013 0.107 0.880 
286    (0)   :  0.238 0.054 0.708 
287    (0)   :  0.111 0.229 0.660 
288    (0)   :  0.045 0.177 0.778 
289    (0)   :  0.072 0.219 0.710 
290    (0)   :  0.036 0.230 0.734 
291    (0)   :  0.030 0.076 0.894 
292    (0)   :  0.103 0.139 0.758 
293    (0)   :  0.035 0.494 0.471 
294    (0)   :  0.026 0.109 0.865 
295    (0)   :  0.090 0.330 0.580 
296    (0)   :  0.031 0.071 0.898 
297    (0)   :  0.042 0.274 0.684 
298    (0)   :  0.198 0.115 0.687 
299    (0)   :  0.036 0.146 0.818 
300    (0)   :  0.023 0.073 0.904 
301    (0)   :  0.035 0.254 0.711 
302    (0)   :  0.026 0.086 0.888 
303    (0)   :  0.206 0.090 0.705 
304    (0)   :  0.272 0.247 0.481 
305    (0)   :  0.151 0.055 0.793 
306    (0)   :  0.382 0.104 0.514 
307    (0)   :  0.065 0.087 0.849 
308    (0)   :  0.219 0.067 0.714 
309    (0)   :  0.035 0.073 0.892 
310    (0)   :  0.156 0.048 0.796 
311    (0)   :  0.103 0.056 0.842 
312    (0)   :  0.028 0.054 0.918 
313    (0)   :  0.018 0.050 0.932 
314    (0)   :  0.916 0.036 0.048 
315    (0)   :  0.884 0.052 0.065 
316    (0)   :  0.887 0.058 0.055 
317    (0)   :  0.923 0.037 0.040 
318    (0)   :  0.925 0.039 0.036 
319    (0)   :  0.905 0.038 0.057 
320    (0)   :  0.914 0.038 0.048 
321    (0)   :  0.920 0.040 0.039 
322    (0)   :  0.877 0.056 0.067 
323    (0)   :  0.921 0.039 0.040 
324    (0)   :  0.920 0.040 0.040 
325    (0)   :  0.898 0.055 0.047 
326    (0)   :  0.907 0.051 0.042 
327    (0)   :  0.924 0.037 0.040 
328    (0)   :  0.877 0.055 0.067 
329    (0)   :  0.920 0.037 0.043 
330    (0)   :  0.922 0.038 0.040 
331    (0)   :  0.921 0.038 0.042 
332    (0)   :  0.893 0.061 0.046 
333    (0)   :  0.900 0.050 0.050 
334    (0)   :  0.876 0.055 0.069 
335    (0)   :  0.889 0.050 0.061 
336    (0)   :  0.918 0.041 0.041 
337    (0)   :  0.885 0.061 0.054 
338    (0)   :  0.924 0.040 0.036 
339    (0)   :  0.922 0.037 0.041 
340    (0)   :  0.924 0.035 0.042 
341    (0)   :  0.924 0.036 0.040 
342    (0)   :  0.922 0.037 0.041 
343    (0)   :  0.871 0.056 0.073 
344    (0)   :  0.924 0.037 0.039 
345    (0)   :  0.923 0.037 0.040 
346    (0)   :  0.927 0.036 0.036 
347    (0)   :  0.926 0.035 0.040 
348    (0)   :  0.870 0.048 0.082 
349    (0)   :  0.922 0.037 0.040 
350    (0)   :  0.901 0.038 0.061 
351    (0)   :  0.890 0.049 0.060 
352    (0)   :  0.892 0.054 0.054 
353    (0)   :  0.919 0.041 0.041 
354    (0)   :  0.921 0.037 0.042 
355    (0)   :  0.926 0.038 0.036 
356    (0)   :  0.821 0.048 0.130 
357    (0)   :  0.551 0.350 0.099 
358    (0)   :  0.895 0.054 0.051 
359    (0)   :  0.920 0.038 0.042 
360    (0)   :  0.928 0.036 0.036 
361    (0)   :  0.466 0.382 0.151 
362    (0)   :  0.029 0.761 0.210 
363    (0)   :  0.018 0.842 0.140 
364    (0)   :  0.250 0.593 0.157 
365    (0)   :  0.024 0.870 0.106 
366    (0)   :  0.069 0.569 0.362 
367    (0)   :  0.011 0.925 0.063 
368    (0)   :  0.024 0.601 0.375 
369    (0)   :  0.275 0.312 0.413 
370    (0)   :  0.026 0.187 0.787 
371    (0)   :  0.056 0.453 0.491 
372    (0)   :  0.076 0.279 0.646 
373    (0)   :  0.038 0.817 0.145 
374    (0)   :  0.259 0.541 0.200 
375    (0)   :  0.020 0.857 0.123 
376    (0)   :  0.015 0.938 0.047 
377    (0)   :  0.031 0.729 0.241 
378    (0)   :  0.149 0.623 0.227 
379    (0)   :  0.014 0.936 0.050 
380    (0)   :  0.120 0.563 0.316 
381    (0)   :  0.071 0.796 0.133 
382    (0)   :  0.019 0.907 0.075 
383    (0)   :  0.159 0.728 0.113 
384    (0)   :  0.086 0.743 0.171 
385    (0)   :  0.085 0.764 0.151 
386    (0)   :  0.017 0.896 0.087 
387    (0)   :  0.022 0.881 0.097 
388    (0)   :  0.218 0.415 0.367 
389    (0)   :  0.020 0.144 0.835 
390    (0)   :  0.024 0.607 0.369 
391    (0)   :  0.043 0.382 0.575 
392    (0)   :  0.040 0.866 0.094 
393    (0)   :  0.051 0.661 0.288 
394    (0)   :  0.201 0.527 0.272 
395    (0)   :  0.019 0.341 0.640 
396    (0)   :  0.013 0.881 0.106 
397    (0)   :  0.076 0.400 0.524 
398    (0)   :  0.014 0.925 0.061 
399    (0)   :  0.018 0.807 0.175 
400    (0)   :  0.028 0.890 0.082 
401    (0)   :  0.032 0.725 0.243 
402    (0)   :  0.026 0.377 0.597 
403    (0)   :  0.220 0.270 0.510 
404    (0)   :  0.043 0.521 0.436 
405    (0)   :  0.039 0.592 0.369 
406    (0)   :  0.059 0.277 0.664 
407    (0)   :  0.014 0.925 0.061 
408    (0)   :  0.011 0.275 0.713 
409    (0)   :  0.206 0.167 0.627 
410    (0)   :  0.049 0.867 0.084 
411    (0)   :  0.105 0.672 0.223 
412    (0)   :  0.022 0.821 0.157 
413    (0)   :  0.095 0.408 0.497 
414    (0)   :  0.014 0.831 0.155 
415    (0)   :  0.023 0.864 0.113 
416    (0)   :  0.035 0.805 0.160 
417    (0)   :  0.019 0.917 0.064 
418    (0)   :  0.014 0.905 0.081 
419    (0)   :  0.076 0.245 0.678 
420    (0)   :  0.018 0.677 0.305 
421    (0)   :  0.020 0.865 0.115 
422    (0)   :  0.021 0.358 0.621 
423    (0)   :  0.026 0.784 0.190 
424    (0)   :  0.030 0.386 0.584 
425    (0)   :  0.048 0.607 0.345 
426    (0)   :  0.037 0.828 0.135 
427    (0)   :  0.069 0.842 0.089 
428    (0)   :  0.070 0.325 0.605 
429    (0)   :  0.012 0.939 0.049 
430    (0)   :  0.017 0.873 0.109 
431    (0)   :  0.030 0.543 0.426 
432    (0)   :  0.027 0.647 0.326 
433    (0)   :  0.099 0.126 0.776 
434    (0)   :  0.071 0.648 0.281 
435    (0)   :  0.014 0.907 0.079 
436    (0)   :  0.027 0.916 0.056 
437    (0)   :  0.016 0.919 0.065 
438    (0)   :  0.033 0.441 0.526 
439    (0)   :  0.023 0.915 0.062 
440    (0)   :  0.011 0.937 0.051 
441    (0)   :  0.051 0.805 0.143 
442    (0)   :  0.016 0.869 0.115 
443    (0)   :  0.014 0.866 0.120 
444    (0)   :  0.016 0.875 0.109 
445    (0)   :  0.091 0.508 0.401 
446    (0)   :  0.016 0.908 0.076 
447    (0)   :  0.040 0.691 0.268 
448    (0)   :  0.017 0.859 0.124 
449    (0)   :  0.032 0.754 0.214 
450    (0)   :  0.035 0.890 0.076 
451    (0)   :  0.011 0.823 0.167 
452    (0)   :  0.025 0.916 0.059 
453    (0)   :  0.025 0.161 0.813 
454    (0)   :  0.033 0.880 0.087 
455    (0)   :  0.016 0.808 0.175 
456    (0)   :  0.014 0.862 0.124 
457    (0)   :  0.018 0.914 0.067 
458    (0)   :  0.021 0.915 0.064 
459    (0)   :  0.072 0.622 0.306 
460    (0)   :  0.015 0.917 0.068 
461    (0)   :  0.015 0.930 0.055 
462    (0)   :  0.011 0.884 0.106 
463    (0)   :  0.027 0.363 0.611 
464    (0)   :  0.014 0.881 0.105 
465    (0)   :  0.020 0.667 0.313 
466    (0)   :  0.016 0.525 0.459 
467    (0)   :  0.030 0.826 0.144 
468    (0)   :  0.015 0.903 0.082 
469    (0)   :  0.018 0.924 0.058 
470    (0)   :  0.015 0.926 0.059 
471    (0)   :  0.017 0.512 0.471 
472    (0)   :  0.019 0.728 0.253 
473    (0)   :  0.030 0.748 0.222 
474    (0)   :  0.026 0.888 0.086 
475    (0)   :  0.034 0.584 0.381 
476    (0)   :  0.020 0.912 0.068 
477    (0)   :  0.030 0.738 0.232 
478    (0)   :  0.013 0.900 0.087 
479    (0)   :  0.013 0.930 0.057 
480    (0)   :  0.017 0.934 0.049 
481    (0)   :  0.016 0.698 0.286 
482    (0)   :  0.013 0.941 0.045 
483    (0)   :  0.021 0.885 0.094 
484    (0)   :  0.022 0.589 0.388 
485    (0)   :  0.015 0.894 0.091 
486    (0)   :  0.029 0.484 0.487 
487    (0)   :  0.088 0.562 0.351 
488    (0)   :  0.034 0.318 0.648 
489    (0)   :  0.126 0.296 0.578 
490    (0)   :  0.015 0.778 0.208 
491    (0)   :  0.051 0.123 0.826 
492    (0)   :  0.078 0.131 0.791 
493    (0)   :  0.039 0.452 0.508 
494    (0)   :  0.045 0.279 0.676 
495    (0)   :  0.053 0.347 0.599 
496    (0)   :  0.128 0.104 0.767 
497    (0)   :  0.094 0.292 0.615 
498    (0)   :  0.035 0.435 0.530 
499    (0)   :  0.241 0.267 0.492 
500    (0)   :  0.037 0.671 0.293 
501    (0)   :  0.086 0.292 0.622 
502    (0)   :  0.099 0.263 0.637 
503    (0)   :  0.021 0.807 0.173 
504    (0)   :  0.021 0.312 0.667 
505    (0)   :  0.036 0.139 0.825 
506    (0)   :  0.095 0.411 0.494 
507    (0)   :  0.656 0.056 0.289 
508    (0)   :  0.429 0.074 0.497 
509    (0)   :  0.073 0.110 0.817 
510    (0)   :  0.197 0.406 0.398 
511    (0)   :  0.027 0.789 0.184 
512    (0)   :  0.015 0.902 0.083 
513    (0)   :  0.019 0.058 0.923 
514    (0)   :  0.029 0.469 0.503 
515    (0)   :  0.082 0.616 0.302 
516    (0)   :  0.024 0.161 0.815 
517    (0)   :  0.068 0.337 0.595 
518    (0)   :  0.263 0.437 0.300 
519    (0)   :  0.031 0.460 0.509 
520    (0)   :  0.197 0.242 0.561 
521    (0)   :  0.225 0.132 0.643 
522    (0)   :  0.022 0.579 0.399 
523    (0)   :  0.075 0.126 0.799 
524    (0)   :  0.040 0.638 0.322 
525    (0)   :  0.186 0.422 0.392 
526    (0)   :  0.038 0.315 0.647 
527    (0)   :  0.027 0.847 0.126 
528    (0)   :  0.461 0.080 0.459 
529    (0)   :  0.063 0.209 0.729 
530    (0)   :  0.056 0.679 0.265 
531    (0)   :  0.321 0.264 0.415 
532    (0)   :  0.228 0.384 0.388 
533    (0)   :  0.039 0.605 0.356 
534    (0)   :  0.046 0.120 0.833 
535    (0)   :  0.028 0.220 0.752 
536    (0)   :  0.067 0.182 0.750 
537    (0)   :  0.095 0.067 0.837 
538    (0)   :  0.071 0.104 0.825 
539    (0)   :  0.684 0.063 0.253 
540    (0)   :  0.128 0.167 0.705 
541    (0)   :  0.419 0.142 0.439 
542    (0)   :  0.026 0.205 0.769 
543    (0)   :  0.062 0.082 0.855 
544    (0)   :  0.038 0.119 0.844 
545    (0)   :  0.018 0.196 0.785 
546    (0)   :  0.052 0.101 0.847 
547    (0)   :  0.049 0.076 0.875 
548    (0)   :  0.090 0.075 0.836 
549    (0)   :  0.339 0.128 0.533 
550    (0)   :  0.058 0.437 0.505 
551    (0)   :  0.470 0.102 0.427 
552    (0)   :  0.085 0.097 0.817 
553    (0)   :  0.071 0.056 0.874 
554    (0)   :  0.086 0.388 0.526 
555    (0)   :  0.122 0.059 0.819 
556    (0)   :  0.041 0.091 0.867 
557    (0)   :  0.041 0.260 0.699 
558    (0)   :  0.014 0.945 0.041 
559    (0)   :  0.025 0.520 0.455 
560    (0)   :  0.010 0.895 0.095 
561    (0)   :  0.014 0.755 0.231 
562    (0)   :  0.010 0.823 0.167 
563    (0)   :  0.074 0.316 0.610 
564    (0)   :  0.022 0.177 0.800 
565    (0)   :  0.017 0.923 0.060 
566    (0)   :  0.011 0.925 0.064 
567    (0)   :  0.016 0.309 0.676 
568    (0)   :  0.023 0.416 0.561 
569    (0)   :  0.023 0.523 0.454 
570    (0)   :  0.011 0.940 0.049 
571    (0)   :  0.019 0.812 0.169 
572    (0)   :  0.140 0.262 0.598 
573    (0)   :  0.025 0.434 0.541 
574    (0)   :  0.072 0.778 0.150 
575    (0)   :  0.038 0.312 0.650 
576    (0)   :  0.011 0.911 0.078 
577    (0)   :  0.061 0.800 0.139 
578    (0)   :  0.020 0.708 0.273 
579    (0)   :  0.016 0.814 0.170 
580    (0)   :  0.028 0.875 0.098 
581    (0)   :  0.022 0.895 0.083 
582    (0)   :  0.013 0.917 0.071 
583    (0)   :  0.019 0.866 0.115 
584    (0)   :  0.013 0.909 0.078 
585    (0)   :  0.015 0.804 0.181 
586    (0)   :  0.024 0.805 0.171 
587    (0)   :  0.012 0.822 0.166 
588    (0)   :  0.014 0.053 0.932 
589    (0)   :  0.014 0.842 0.144 
590    (0)   :  0.017 0.779 0.204 
591    (0)   :  0.020 0.725 0.255 
592    (0)   :  0.013 0.355 0.632 
593    (0)   :  0.031 0.614 0.355 
594    (0)   :  0.048 0.486 0.466 
595    (0)   :  0.012 0.880 0.108 
596    (0)   :  0.029 0.387 0.584 
597    (0)   :  0.132 0.606 0.262 
598    (0)   :  0.013 0.944 0.043 
599    (0)   :  0.012 0.710 0.278 
600    (0)   :  0.038 0.814 0.148 
601    (0)   :  0.012 0.883 0.106 
602    (0)   :  0.059 0.289 0.652 
603    (0)   :  0.056 0.271 0.673 
604    (0)   :  0.037 0.516 0.447 
605    (0)   :  0.022 0.575 0.402 
606    (0)   :  0.047 0.183 0.770 
607    (0)   :  0.220 0.527 0.254 
608    (0)   :  0.420 0.417 0.163 
609    (0)   :  0.032 0.842 0.126 
610    (0)   :  0.025 0.702 0.273 
611    (0)   :  0.053 0.311 0.637 
612    (0)   :  0.020 0.904 0.077 
613    (0)   :  0.031 0.791 0.179 
614    (0)   :  0.017 0.899 0.084 
615    (0)   :  0.041 0.761 0.198 
616    (0)   :  0.146 0.561 0.293 
617    (0)   :  0.020 0.807 0.173 
618    (0)   :  0.117 0.606 0.278 
619    (0)   :  0.061 0.317 0.622 
620    (0)   :  0.011 0.334 0.655 
621    (0)   :  0.017 0.905 0.078 
622    (0)   :  0.093 0.634 0.273 
623    (0)   :  0.020 0.641 0.339 
624    (0)   :  0.094 0.807 0.099 
625    (0)   :  0.085 0.749 0.167 
626    (0)   :  0.422 0.214 0.364 
627    (0)   :  0.027 0.732 0.242 
628    (0)   :  0.033 0.692 0.275 
629    (0)   :  0.033 0.615 0.352 
630    (0)   :  0.034 0.820 0.146 
631    (0)   :  0.029 0.847 0.124 
632    (0)   :  0.080 0.115 0.805 
633    (0)   :  0.057 0.817 0.126 
634    (0)   :  0.107 0.603 0.290 
635    (0)   :  0.425 0.216 0.359 
636    (0)   :  0.173 0.665 0.162 
637    (0)   :  0.035 0.171 0.795 
638    (0)   :  0.050 0.599 0.351 
639    (0)   :  0.049 0.770 0.182 
640    (0)   :  0.026 0.865 0.109 
641    (0)   :  0.034 0.645 0.321 
642    (0)   :  0.322 0.123 0.555 
643    (0)   :  0.793 0.074 0.133 
644    (0)   :  0.568 0.173 0.258 
645    (0)   :  0.698 0.172 0.130 
646    (0)   :  0.043 0.163 0.794 
647    (0)   :  0.114 0.107 0.779 
648    (0)   :  0.233 0.273 0.494 
649    (0)   :  0.064 0.073 0.863 
650    (0)   :  0.056 0.129 0.814 
651    (0)   :  0.405 0.234 0.361 
652    (0)   :  0.523 0.135 0.342 
653    (0)   :  0.202 0.163 0.635 
654    (0)   :  0.220 0.079 0.701 
655    (0)   :  0.506 0.231 0.263 
656    (0)   :  0.096 0.135 0.770 
657    (0)   :  0.118 0.625 0.256 
658    (0)   :  0.105 0.269 0.626 
659    (0)   :  0.450 0.181 0.369 
660    (0)   :  0.423 0.071 0.506 
661    (0)   :  0.606 0.122 0.272 
662    (0)   :  0.038 0.058 0.904 
663    (0)   :  0.360 0.122 0.519 
664    (0)   :  0.153 0.397 0.450 
665    (0)   :  0.045 0.084 0.871 
666    (0)   :  0.264 0.099 0.637 
667    (0)   :  0.039 0.217 0.744 
668    (0)   :  0.396 0.241 0.362 
669    (0)   :  0.112 0.125 0.764 
670    (0)   :  0.835 0.043 0.122 
671    (0)   :  0.526 0.067 0.407 
672    (0)   :  0.667 0.119 0.214 
673    (0)   :  0.915 0.040 0.045 
674    (0)   :  0.760 0.081 0.159 
675    (0)   :  0.808 0.056 0.136 
676    (0)   :  0.911 0.038 0.051 
677    (0)   :  0.696 0.039 0.266 
678    (0)   :  0.913 0.040 0.047 
679    (0)   :  0.847 0.078 0.075 
680    (0)   :  0.841 0.063 0.096 
681    (0)   :  0.245 0.269 0.487 
682    (0)   :  0.856 0.059 0.085 
683    (0)   :  0.854 0.040 0.105 
684    (0)   :  0.904 0.040 0.056 
685    (0)   :  0.912 0.036 0.053 
686    (0)   :  0.576 0.063 0.361 
687    (0)   :  0.528 0.062 0.410 
688    (0)   :  0.824 0.055 0.121 
689    (0)   :  0.917 0.037 0.046 
690    (0)   :  0.913 0.038 0.048 
691    (0)   :  0.826 0.069 0.105 
692    (0)   :  0.869 0.062 0.069 
693    (0)   :  0.846 0.067 0.087 
694    (0)   :  0.917 0.033 0.050 
695    (0)   :  0.871 0.048 0.081 
696    (0)   :  0.822 0.057 0.121 
697    (0)   :  0.902 0.040 0.058 
698    (0)   :  0.903 0.038 0.058 
699    (0)   :  0.777 0.046 0.177 
700    (0)   :  0.835 0.073 0.092 
701    (0)   :  0.811 0.084 0.105 
702    (0)   :  0.660 0.094 0.246 
703    (0)   :  0.830 0.061 0.109 
704    (0)   :  0.819 0.051 0.129 
705    (0)   :  0.330 0.113 0.557 
706    (0)   :  0.848 0.055 0.097 
707    (0)   :  0.889 0.041 0.069 
708    (0)   :  0.886 0.040 0.074 
709    (0)   :  0.870 0.040 0.090 
710    (0)   :  0.918 0.034 0.048 
711    (0)   :  0.776 0.058 0.166 
712    (0)   :  0.809 0.035 0.156 
713    (0)   :  0.827 0.051 0.122 
714    (0)   :  0.766 0.084 0.150 
715    (0)   :  0.886 0.034 0.080 
716    (0)   :  0.873 0.050 0.077 
717    (0)   :  0.909 0.035 0.056 
718    (0)   :  0.721 0.064 0.215 
719    (0)   :  0.882 0.035 0.083 
720    (0)   :  0.019 0.845 0.135 
721    (0)   :  0.595 0.281 0.124 
722    (0)   :  0.039 0.821 0.140 
723    (0)   :  0.033 0.878 0.089 
724    (0)   :  0.128 0.780 0.092 
725    (0)   :  0.143 0.376 0.481 
726    (0)   :  0.069 0.730 0.200 
727    (0)   :  0.114 0.196 0.689 
728    (0)   :  0.012 0.944 0.045 
729    (0)   :  0.013 0.938 0.050 
730    (0)   :  0.020 0.871 0.109 
731    (0)   :  0.029 0.897 0.074 
732    (0)   :  0.033 0.878 0.089 
733    (0)   :  0.017 0.926 0.056 
734    (0)   :  0.012 0.936 0.052 
735    (0)   :  0.025 0.926 0.049 
736    (0)   :  0.022 0.900 0.077 
737    (0)   :  0.024 0.814 0.163 
738    (0)   :  0.021 0.902 0.077 
739    (0)   :  0.016 0.931 0.053 
740    (0)   :  0.773 0.104 0.123 
741    (0)   :  0.502 0.196 0.301 
742    (0)   :  0.119 0.721 0.161 
743    (0)   :  0.057 0.648 0.296 
744    (0)   :  0.035 0.118 0.847 
745    (0)   :  0.016 0.603 0.380 
746    (0)   :  0.105 0.307 0.587 
747    (0)   :  0.031 0.290 0.679 
748    (0)   :  0.305 0.150 0.545 
749    (0)   :  0.064 0.171 0.764 
750    (0)   :  0.044 0.246 0.710 
751    (0)   :  0.419 0.201 0.380 
752    (0)   :  0.039 0.298 0.663 
753    (0)   :  0.124 0.379 0.497 
754    (0)   :  0.311 0.266 0.424 
755    (0)   :  0.088 0.263 0.648 
756    (0)   :  0.133 0.156 0.711 
757    (0)   :  0.056 0.217 0.727 
758    (0)   :  0.017 0.338 0.646 
759    (0)   :  0.457 0.270 0.273 
760    (0)   :  0.078 0.727 0.195 
761    (0)   :  0.215 0.555 0.229 
762    (0)   :  0.027 0.845 0.129 
763    (0)   :  0.122 0.378 0.500 
764    (0)   :  0.042 0.289 0.668 
765    (0)   :  0.033 0.793 0.175 
766    (0)   :  0.297 0.336 0.367 
767    (0)   :  0.129 0.280 0.591 
768    (0)   :  0.026 0.838 0.136 
769    (0)   :  0.156 0.638 0.206 
770    (0)   :  0.024 0.815 0.161 
771    (0)   :  0.050 0.083 0.867 
772    (0)   :  0.235 0.410 0.355 
773    (0)   :  0.063 0.493 0.444 
774    (0)   :  0.354 0.201 0.445 
775    (0)   :  0.050 0.854 0.095 
776    (0)   :  0.027 0.390 0.583 
777    (0)   :  0.047 0.249 0.703 
778    (0)   :  0.060 0.134 0.806 
779    (0)   :  0.103 0.405 0.492 
780    (0)   :  0.290 0.185 0.525 
781    (0)   :  0.069 0.075 0.857 
782    (0)   :  0.105 0.406 0.489 
783    (0)   :  0.210 0.459 0.332 
784    (0)   :  0.039 0.695 0.266 
785    (0)   :  0.091 0.386 0.523 
786    (0)   :  0.442 0.277 0.280 
787    (0)   :  0.145 0.071 0.783 
788    (0)   :  0.053 0.687 0.260 
789    (0)   :  0.046 0.760 0.194 
790    (0)   :  0.182 0.329 0.488 
791    (0)   :  0.079 0.342 0.579 
792    (0)   :  0.350 0.120 0.530 
793    (0)   :  0.183 0.149 0.668 
794    (0)   :  0.068 0.314 0.618 
795    (0)   :  0.389 0.172 0.439 
796    (0)   :  0.087 0.243 0.670 
797    (0)   :  0.519 0.107 0.374 
798    (0)   :  0.014 0.843 0.143 
799    (0)   :  0.037 0.613 0.350 
800    (0)   :  0.217 0.061 0.723 
801    (0)   :  0.029 0.777 0.194 
802    (0)   :  0.174 0.476 0.350 
803    (0)   :  0.165 0.142 0.693 
804    (0)   :  0.045 0.179 0.776 
805    (0)   :  0.797 0.063 0.140 
806    (0)   :  0.065 0.330 0.605 
807    (0)   :  0.663 0.075 0.262 
808    (0)   :  0.236 0.085 0.679 
809    (0)   :  0.034 0.201 0.764 
810    (0)   :  0.096 0.521 0.382 
811    (0)   :  0.223 0.093 0.684 
812    (0)   :  0.017 0.091 0.892 
813    (0)   :  0.018 0.836 0.146 
814    (0)   :  0.021 0.120 0.859 
815    (0)   :  0.174 0.196 0.630 
816    (0)   :  0.290 0.382 0.328 
817    (0)   :  0.172 0.478 0.350 
818    (0)   :  0.039 0.443 0.518 
819    (0)   :  0.048 0.095 0.857 
820    (0)   :  0.069 0.194 0.737 
821    (0)   :  0.056 0.760 0.184 
822    (0)   :  0.013 0.778 0.209 
823    (0)   :  0.192 0.602 0.206 
824    (0)   :  0.089 0.486 0.425 
825    (0)   :  0.023 0.722 0.255 
826    (0)   :  0.021 0.502 0.477 
827    (0)   :  0.027 0.883 0.090 
828    (0)   :  0.049 0.838 0.113 
829    (0)   :  0.050 0.741 0.209 
830    (0)   :  0.018 0.910 0.072 
831    (0)   :  0.076 0.564 0.360 
832    (0)   :  0.069 0.353 0.578 
833    (0)   :  0.117 0.534 0.349 
834    (0)   :  0.065 0.582 0.353 
835    (0)   :  0.018 0.427 0.555 
836    (0)   :  0.035 0.239 0.726 
837    (0)   :  0.153 0.533 0.314 
838    (0)   :  0.017 0.201 0.783 
839    (0)   :  0.036 0.777 0.186 
840    (0)   :  0.053 0.117 0.830 
841    (0)   :  0.038 0.136 0.826 
842    (0)   :  0.014 0.667 0.319 
843    (0)   :  0.122 0.098 0.780 
844    (0)   :  0.066 0.272 0.662 
845    (0)   :  0.021 0.595 0.384 
846    (0)   :  0.047 0.249 0.704 
847    (0)   :  0.082 0.185 0.733 
848    (0)   :  0.036 0.149 0.815 
849    (0)   :  0.032 0.659 0.309 
850    (0)   :  0.029 0.848 0.123 
851    (0)   :  0.024 0.427 0.549 
852    (0)   :  0.520 0.343 0.137 
853    (0)   :  0.026 0.602 0.373 
854    (0)   :  0.163 0.596 0.241 
855    (0)   :  0.042 0.406 0.552 
856    (0)   :  0.066 0.389 0.545 
857    (0)   :  0.029 0.199 0.772 
858    (0)   :  0.022 0.543 0.435 
859    (0)   :  0.022 0.886 0.092 
860    (0)   :  0.022 0.510 0.467 
861    (0)   :  0.227 0.114 0.659 
862    (0)   :  0.020 0.924 0.056 
863    (0)   :  0.053 0.856 0.091 
864    (0)   :  0.040 0.910 0.050 
865    (0)   :  0.011 0.934 0.055 
866    (0)   :  0.018 0.883 0.098 
867    (0)   :  0.031 0.889 0.080 
868    (0)   :  0.021 0.869 0.110 
869    (0)   :  0.020 0.895 0.085 
870    (0)   :  0.013 0.761 0.226 
871    (0)   :  0.013 0.896 0.090 
872    (0)   :  0.019 0.926 0.055 
873    (0)   :  0.027 0.914 0.059 
874    (0)   :  0.014 0.922 0.064 
875    (0)   :  0.022 0.746 0.233 
876    (0)   :  0.017 0.763 0.220 
877    (0)   :  0.022 0.931 0.047 
878    (0)   :  0.030 0.806 0.164 
879    (0)   :  0.031 0.909 0.060 
880    (0)   :  0.017 0.815 0.168 
881    (0)   :  0.028 0.899 0.073 
882    (0)   :  0.024 0.926 0.049 
883    (0)   :  0.029 0.596 0.376 
884    (0)   :  0.011 0.939 0.050 
885    (0)   :  0.037 0.786 0.177 
886    (0)   :  0.035 0.879 0.085 
887    (0)   :  0.014 0.931 0.056 
888    (0)   :  0.052 0.693 0.255 
889    (0)   :  0.011 0.935 0.054 
890    (0)   :  0.011 0.916 0.073 
891    (0)   :  0.019 0.506 0.475 
892    (0)   :  0.023 0.413 0.564 
893    (0)   :  0.026 0.223 0.751 
894    (0)   :  0.013 0.876 0.111 
895    (0)   :  0.014 0.918 0.068 
896    (0)   :  0.032 0.219 0.750 
897    (0)   :  0.021 0.363 0.616 
898    (0)   :  0.041 0.702 0.258 
899    (0)   :  0.011 0.872 0.117 
900    (0)   :  0.016 0.526 0.458 
901    (0)   :  0.019 0.678 0.303 
902    (0)   :  0.022 0.180 0.798 
903    (0)   :  0.018 0.885 0.098 
904    (0)   :  0.039 0.672 0.290 
905    (0)   :  0.012 0.927 0.061 
906    (0)   :  0.023 0.623 0.354 
907    (0)   :  0.031 0.798 0.171 
908    (0)   :  0.024 0.857 0.119 
909    (0)   :  0.024 0.625 0.351 
910    (0)   :  0.023 0.305 0.672 
911    (0)   :  0.011 0.929 0.060 
912    (0)   :  0.013 0.890 0.096 
913    (0)   :  0.013 0.873 0.115 
914    (0)   :  0.098 0.547 0.355 
915    (0)   :  0.011 0.898 0.091 
916    (0)   :  0.017 0.662 0.321 
917    (0)   :  0.016 0.639 0.345 
918    (0)   :  0.066 0.711 0.222 
919    (0)   :  0.033 0.876 0.091 
920    (0)   :  0.028 0.817 0.156 
921    (0)   :  0.111 0.118 0.771 
922    (0)   :  0.020 0.137 0.843 
923    (0)   :  0.028 0.081 0.891 
924    (0)   :  0.018 0.097 0.884 
925    (0)   :  0.029 0.120 0.851 
926    (0)   :  0.029 0.048 0.924 
927    (0)   :  0.051 0.073 0.876 
928    (0)   :  0.080 0.049 0.871 
929    (0)   :  0.018 0.056 0.926 
930    (0)   :  0.032 0.098 0.870 
931    (0)   :  0.115 0.170 0.714 
932    (0)   :  0.016 0.066 0.918 
933    (0)   :  0.214 0.061 0.725 
934    (0)   :  0.013 0.065 0.921 
935    (0)   :  0.023 0.095 0.882 
936    (0)   :  0.017 0.065 0.919 
937    (0)   :  0.038 0.064 0.897 
938    (0)   :  0.067 0.043 0.890 
939    (0)   :  0.090 0.065 0.845 
940    (0)   :  0.043 0.078 0.879 
941    (0)   :  0.018 0.132 0.850 
942    (0)   :  0.101 0.103 0.796 
943    (0)   :  0.132 0.058 0.810 
944    (0)   :  0.048 0.060 0.892 
945    (0)   :  0.030 0.085 0.885 
946    (0)   :  0.024 0.067 0.909 
947    (0)   :  0.072 0.048 0.880 
948    (0)   :  0.014 0.168 0.818 
949    (0)   :  0.014 0.220 0.766 
950    (0)   :  0.034 0.045 0.920 
951    (0)   :  0.048 0.072 0.880 
952    (0)   :  0.021 0.067 0.912 
953    (0)   :  0.024 0.163 0.813 
954    (0)   :  0.025 0.145 0.830 
955    (0)   :  0.783 0.052 0.165 
956    (0)   :  0.664 0.051 0.285 
957    (0)   :  0.203 0.131 0.666 
958    (0)   :  0.038 0.272 0.690 
959    (0)   :  0.089 0.118 0.794 
960    (0)   :  0.067 0.623 0.310 
961    (0)   :  0.915 0.035 0.050 
962    (0)   :  0.023 0.056 0.921 
963    (0)   :  0.040 0.278 0.682 
964    (0)   :  0.088 0.665 0.248 
965    (0)   :  0.126 0.103 0.771 
966    (0)   :  0.081 0.129 0.790 
967    (0)   :  0.833 0.060 0.107 
968    (0)   :  0.032 0.072 0.896 
969    (0)   :  0.256 0.534 0.210 
970    (0)   :  0.707 0.077 0.216 
971    (0)   :  0.042 0.079 0.879 
972    (0)   :  0.123 0.228 0.650 
973    (0)   :  0.116 0.064 0.820 
974    (0)   :  0.053 0.335 0.612 
975    (0)   :  0.255 0.534 0.211 
976    (0)   :  0.041 0.080 0.878 
977    (0)   :  0.258 0.282 0.459 
978    (0)   :  0.082 0.088 0.830 
979    (0)   :  0.031 0.183 0.787 
980    (0)   :  0.127 0.098 0.775 
981    (0)   :  0.100 0.179 0.721 
982    (0)   :  0.027 0.701 0.272 
983    (0)   :  0.029 0.564 0.406 
984    (0)   :  0.716 0.173 0.110 
985    (0)   :  0.066 0.130 0.804 
986    (0)   :  0.048 0.451 0.502 
987    (0)   :  0.017 0.361 0.621 
988    (0)   :  0.013 0.925 0.062 
989    (0)   :  0.404 0.153 0.443 
990    (0)   :  0.063 0.679 0.259 
991    (0)   :  0.060 0.275 0.665 
992    (0)   :  0.014 0.106 0.880 
993    (0)   :  0.032 0.681 0.287 
994    (0)   :  0.072 0.092 0.836 
995    (0)   :  0.832 0.041 0.127 
996    (0)   :  0.027 0.845 0.128 
997    (0)   :  0.034 0.093 0.873 
998    (0)   :  0.026 0.397 0.578 
999    (0)   :  0.082 0.182 0.737 
1000    (0)   :  0.019 0.385 0.596 
1001    (0)   :  0.031 0.825 0.144 
1002    (0)   :  0.013 0.836 0.151 
1003    (0)   :  0.035 0.163 0.802 
1004    (0)   :  0.034 0.171 0.795 
1005    (0)   :  0.019 0.294 0.687 
1006    (0)   :  0.048 0.119 0.833 
1007    (0)   :  0.102 0.102 0.796 
1008    (0)   :  0.133 0.075 0.792 
1009    (0)   :  0.054 0.170 0.776 
1010    (0)   :  0.062 0.145 0.793 
1011    (0)   :  0.179 0.121 0.701 
1012    (0)   :  0.024 0.115 0.861 
1013    (0)   :  0.037 0.140 0.823 
1014    (0)   :  0.021 0.414 0.565 
1015    (0)   :  0.020 0.109 0.871 
1016    (0)   :  0.022 0.515 0.464 
1017    (0)   :  0.054 0.106 0.840 
1018    (0)   :  0.057 0.123 0.820 
1019    (0)   :  0.086 0.487 0.427 
1020    (0)   :  0.677 0.054 0.269 
1021    (0)   :  0.216 0.071 0.714 
1022    (0)   :  0.063 0.174 0.763 
1023    (0)   :  0.028 0.808 0.164 
1024    (0)   :  0.021 0.744 0.235 
1025    (0)   :  0.044 0.222 0.735 
1026    (0)   :  0.181 0.672 0.148 
1027    (0)   :  0.091 0.442 0.468 
1028    (0)   :  0.099 0.803 0.098 
1029    (0)   :  0.129 0.515 0.356 
1030    (0)   :  0.392 0.198 0.410 
1031    (0)   :  0.231 0.506 0.263 
1032    (0)   :  0.272 0.332 0.396 
1033    (0)   :  0.307 0.534 0.159 
1034    (0)   :  0.117 0.440 0.444 
1035    (0)   :  0.773 0.123 0.104 
1036    (0)   :  0.283 0.257 0.460 
1037    (0)   :  0.380 0.172 0.448 
1038    (0)   :  0.527 0.294 0.179 
1039    (0)   :  0.222 0.190 0.589 
1040    (0)   :  0.148 0.675 0.177 
1041    (0)   :  0.203 0.640 0.157 
1042    (0)   :  0.467 0.271 0.261 
1043    (0)   :  0.256 0.595 0.150 
1044    (0)   :  0.100 0.498 0.401 
1045    (0)   :  0.200 0.705 0.095 
1046    (0)   :  0.314 0.242 0.444 
1047    (0)   :  0.716 0.117 0.166 
1048    (0)   :  0.050 0.739 0.211 
1049    (0)   :  0.036 0.478 0.486 
1050    (0)   :  0.011 0.917 0.071 
1051    (0)   :  0.013 0.835 0.152 
1052    (0)   :  0.019 0.834 0.147 
1053    (0)   :  0.024 0.873 0.103 
1054    (0)   :  0.023 0.821 0.156 
1055    (0)   :  0.018 0.425 0.557 
1056    (0)   :  0.020 0.728 0.252 
1057    (0)   :  0.014 0.879 0.107 
1058    (0)   :  0.015 0.858 0.127 
1059    (0)   :  0.033 0.868 0.099 
1060    (0)   :  0.059 0.569 0.372 
1061    (0)   :  0.015 0.246 0.739 
1062    (0)   :  0.017 0.878 0.105 
1063    (0)   :  0.026 0.085 0.889 
1064    (0)   :  0.021 0.777 0.202 
1065    (0)   :  0.028 0.340 0.633 
1066    (0)   :  0.038 0.252 0.710 
1067    (0)   :  0.015 0.870 0.115 
1068    (0)   :  0.247 0.513 0.241 
1069    (0)   :  0.013 0.899 0.088 
1070    (0)   :  0.017 0.727 0.256 
1071    (0)   :  0.060 0.573 0.366 
1072    (0)   :  0.030 0.425 0.545 
1073    (0)   :  0.020 0.861 0.119 
1074    (0)   :  0.053 0.717 0.231 
1075    (0)   :  0.038 0.530 0.433 
1076    (0)   :  0.042 0.723 0.235 
1077    (0)   :  0.014 0.929 0.058 
1078    (0)   :  0.023 0.413 0.564 
1079    (0)   :  0.020 0.825 0.156 
1080    (0)   :  0.083 0.278 0.639 
1081    (0)   :  0.013 0.925 0.062 
1082    (0)   :  0.042 0.389 0.569 
1083    (0)   :  0.034 0.395 0.571 
1084    (0)   :  0.049 0.250 0.700 
1085    (0)   :  0.010 0.843 0.147 
1086    (0)   :  0.015 0.211 0.774 
1087    (0)   :  0.010 0.851 0.139 
1088    (0)   :  0.012 0.719 0.269 
1089    (0)   :  0.012 0.900 0.088 
1090    (0)   :  0.016 0.859 0.125 
1091    (0)   :  0.023 0.798 0.179 
1092    (0)   :  0.016 0.901 0.083 
1093    (0)   :  0.043 0.470 0.487 
1094    (0)   :  0.042 0.831 0.126 
