

----------------------------------------------------
STRUCTURE by Pritchard, Stephens and Donnelly (2000)
     and Falush, Stephens and Pritchard (2003)
       Code by Pritchard, Falush and Hubisz
             Version 2.3.4 (Jul 2012)
----------------------------------------------------



Command line arguments:   ./structure -K 4 -D 104003 -m brooktrout/mainparams -e brooktrout/extraparams -o brooktrout/250914_output/results_K4_rep3 
Input File:    brooktrout/brooktrout.txt

Run parameters:
   8454 individuals
   5 loci
   4 populations assumed
   50000 Burn-in period
   100000 Reps
RANDOMIZE turned off


--------------------------------------------
Overall proportion of membership of the
sample in each of the 4 clusters

Inferred Clusters
  1      2      3      4    
0.218  0.397  0.152  0.232  

--------------------------------------------

Allele-freq. divergence among pops (Net nucleotide distance),
computed using point estimates of P.

      1       2       3       4      
 1      -    0.0325  0.0808  0.1070  
 2   0.0325     -    0.0515  0.0837  
 3   0.0808  0.0515     -    0.0685  
 4   0.1070  0.0837  0.0685     -    

Average distances (expected heterozygosity) between individuals in same cluster:
cluster  1  : 0.7943 
cluster  2  : 0.8327 
cluster  3  : 0.8169 
cluster  4  : 0.7492 

--------------------------------------------
Estimated Ln Prob of Data   = -178454.8
Mean value of ln likelihood = -173277.1
Variance of ln likelihood   = 10355.5

Mean value of alpha_1       = 0.2029
Mean value of alpha_2       = 0.3746
Mean value of alpha_3       = 0.1453
Mean value of alpha_4       = 0.2290
Allele frequencies uncorrelated


Inferred ancestry of individuals:
     (%Miss) :  Inferred clusters
  1    (0)   :  0.260 0.303 0.125 0.312 
  2    (0)   :  0.059 0.732 0.139 0.070 
  3    (0)   :  0.536 0.154 0.110 0.200 
  4    (0)   :  0.056 0.177 0.072 0.695 
  5    (0)   :  0.070 0.771 0.095 0.063 
  6    (0)   :  0.760 0.152 0.033 0.055 
  7    (0)   :  0.124 0.800 0.022 0.054 
  8    (0)   :  0.254 0.303 0.046 0.397 
  9    (0)   :  0.345 0.397 0.122 0.137 
 10    (0)   :  0.274 0.500 0.026 0.200 
 11    (0)   :  0.197 0.724 0.025 0.054 
 12    (0)   :  0.085 0.690 0.114 0.110 
 13    (0)   :  0.126 0.711 0.052 0.111 
 14    (0)   :  0.140 0.339 0.352 0.168 
 15    (0)   :  0.115 0.522 0.095 0.269 
 16    (0)   :  0.516 0.344 0.045 0.095 
 17    (0)   :  0.238 0.592 0.074 0.097 
 18    (0)   :  0.427 0.272 0.118 0.184 
 19    (0)   :  0.469 0.407 0.042 0.081 
 20    (0)   :  0.141 0.678 0.097 0.085 
 21    (0)   :  0.165 0.283 0.239 0.313 
 22    (0)   :  0.697 0.155 0.044 0.105 
 23    (0)   :  0.075 0.325 0.330 0.270 
 24    (0)   :  0.360 0.280 0.071 0.289 
 25    (0)   :  0.148 0.770 0.040 0.042 
 26    (0)   :  0.261 0.441 0.113 0.185 
 27    (0)   :  0.224 0.534 0.095 0.147 
 28    (0)   :  0.194 0.384 0.048 0.374 
 29    (0)   :  0.094 0.722 0.100 0.084 
 30    (0)   :  0.711 0.133 0.076 0.080 
 31    (0)   :  0.159 0.560 0.090 0.191 
 32    (0)   :  0.229 0.394 0.142 0.235 
 33    (0)   :  0.458 0.203 0.148 0.191 
 34    (0)   :  0.358 0.530 0.029 0.084 
 35    (0)   :  0.368 0.280 0.283 0.069 
 36    (0)   :  0.292 0.104 0.535 0.069 
 37    (0)   :  0.116 0.425 0.141 0.318 
 38    (0)   :  0.691 0.136 0.134 0.039 
 39    (0)   :  0.508 0.265 0.157 0.070 
 40    (0)   :  0.128 0.124 0.583 0.164 
 41    (0)   :  0.343 0.138 0.460 0.058 
 42    (0)   :  0.184 0.118 0.288 0.410 
 43    (0)   :  0.079 0.294 0.488 0.139 
 44    (0)   :  0.247 0.119 0.591 0.043 
 45    (0)   :  0.268 0.205 0.484 0.043 
 46    (0)   :  0.490 0.319 0.136 0.055 
 47    (0)   :  0.405 0.372 0.101 0.121 
 48    (0)   :  0.228 0.088 0.643 0.041 
 49    (0)   :  0.355 0.329 0.220 0.096 
 50    (0)   :  0.470 0.330 0.078 0.123 
 51    (0)   :  0.069 0.064 0.828 0.039 
 52    (0)   :  0.532 0.274 0.110 0.085 
 53    (0)   :  0.746 0.109 0.064 0.081 
 54    (0)   :  0.094 0.484 0.293 0.130 
 55    (0)   :  0.078 0.234 0.623 0.065 
 56    (0)   :  0.330 0.116 0.468 0.086 
 57    (0)   :  0.204 0.516 0.034 0.246 
 58    (0)   :  0.150 0.278 0.489 0.083 
 59    (0)   :  0.363 0.218 0.350 0.069 
 60    (0)   :  0.092 0.117 0.640 0.151 
 61    (0)   :  0.033 0.116 0.765 0.086 
 62    (0)   :  0.319 0.500 0.100 0.080 
 63    (0)   :  0.127 0.368 0.363 0.142 
 64    (0)   :  0.694 0.185 0.071 0.050 
 65    (0)   :  0.099 0.806 0.058 0.037 
 66    (0)   :  0.061 0.359 0.345 0.234 
 67    (0)   :  0.072 0.331 0.542 0.056 
 68    (0)   :  0.360 0.225 0.324 0.092 
 69    (0)   :  0.476 0.242 0.107 0.175 
 70    (0)   :  0.153 0.218 0.533 0.095 
 71    (0)   :  0.210 0.190 0.565 0.035 
 72    (0)   :  0.565 0.187 0.190 0.059 
 73    (0)   :  0.068 0.344 0.543 0.045 
 74    (0)   :  0.364 0.101 0.404 0.131 
 75    (0)   :  0.132 0.087 0.611 0.170 
 76    (0)   :  0.119 0.463 0.346 0.072 
 77    (0)   :  0.254 0.182 0.519 0.044 
 78    (0)   :  0.354 0.131 0.465 0.050 
 79    (0)   :  0.111 0.802 0.027 0.060 
 80    (0)   :  0.082 0.232 0.041 0.645 
 81    (0)   :  0.112 0.358 0.037 0.492 
 82    (0)   :  0.062 0.631 0.143 0.165 
 83    (0)   :  0.205 0.332 0.107 0.355 
 84    (0)   :  0.141 0.487 0.060 0.311 
 85    (0)   :  0.211 0.266 0.075 0.447 
 86    (0)   :  0.145 0.516 0.276 0.062 
 87    (0)   :  0.102 0.776 0.051 0.071 
 88    (0)   :  0.062 0.556 0.060 0.322 
 89    (0)   :  0.066 0.346 0.067 0.521 
 90    (0)   :  0.060 0.839 0.033 0.069 
 91    (0)   :  0.113 0.169 0.069 0.649 
 92    (0)   :  0.087 0.740 0.045 0.128 
 93    (0)   :  0.040 0.083 0.030 0.847 
 94    (0)   :  0.437 0.466 0.040 0.058 
 95    (0)   :  0.048 0.748 0.045 0.159 
 96    (0)   :  0.040 0.136 0.634 0.191 
 97    (0)   :  0.231 0.134 0.406 0.228 
 98    (0)   :  0.124 0.236 0.532 0.108 
 99    (0)   :  0.098 0.582 0.051 0.270 
100    (0)   :  0.036 0.126 0.101 0.738 
101    (0)   :  0.076 0.688 0.105 0.130 
102    (0)   :  0.103 0.338 0.143 0.415 
103    (0)   :  0.049 0.478 0.263 0.210 
104    (0)   :  0.062 0.769 0.079 0.090 
105    (0)   :  0.039 0.711 0.094 0.155 
106    (0)   :  0.252 0.667 0.052 0.029 
107    (0)   :  0.056 0.633 0.150 0.161 
108    (0)   :  0.079 0.118 0.763 0.040 
109    (0)   :  0.143 0.750 0.077 0.030 
110    (0)   :  0.251 0.678 0.035 0.036 
111    (0)   :  0.046 0.877 0.038 0.039 
112    (0)   :  0.103 0.823 0.043 0.031 
113    (0)   :  0.136 0.400 0.363 0.101 
114    (0)   :  0.058 0.764 0.062 0.116 
115    (0)   :  0.058 0.715 0.175 0.053 
116    (0)   :  0.245 0.531 0.192 0.033 
117    (0)   :  0.138 0.766 0.048 0.048 
118    (0)   :  0.062 0.709 0.182 0.047 
119    (0)   :  0.062 0.152 0.601 0.184 
120    (0)   :  0.068 0.807 0.070 0.055 
121    (0)   :  0.068 0.723 0.163 0.045 
122    (0)   :  0.190 0.721 0.049 0.040 
123    (0)   :  0.104 0.772 0.065 0.059 
124    (0)   :  0.369 0.450 0.134 0.048 
125    (0)   :  0.496 0.369 0.077 0.058 
126    (0)   :  0.208 0.558 0.163 0.070 
127    (0)   :  0.048 0.863 0.044 0.045 
128    (0)   :  0.046 0.753 0.151 0.050 
129    (0)   :  0.037 0.841 0.082 0.040 
130    (0)   :  0.065 0.727 0.070 0.138 
131    (0)   :  0.430 0.373 0.154 0.042 
132    (0)   :  0.118 0.774 0.073 0.035 
133    (0)   :  0.064 0.772 0.101 0.063 
134    (0)   :  0.158 0.791 0.026 0.024 
135    (0)   :  0.048 0.147 0.216 0.589 
136    (0)   :  0.044 0.082 0.029 0.844 
137    (0)   :  0.036 0.123 0.025 0.816 
138    (0)   :  0.047 0.063 0.037 0.853 
139    (0)   :  0.059 0.136 0.510 0.294 
140    (0)   :  0.103 0.220 0.117 0.560 
141    (0)   :  0.080 0.095 0.044 0.782 
142    (0)   :  0.042 0.119 0.270 0.569 
143    (0)   :  0.029 0.057 0.030 0.884 
144    (0)   :  0.033 0.117 0.028 0.823 
145    (0)   :  0.099 0.142 0.066 0.693 
146    (0)   :  0.089 0.271 0.068 0.571 
147    (0)   :  0.033 0.059 0.023 0.884 
148    (0)   :  0.056 0.182 0.087 0.675 
149    (0)   :  0.052 0.076 0.067 0.804 
150    (0)   :  0.048 0.232 0.043 0.678 
151    (0)   :  0.037 0.089 0.038 0.836 
152    (0)   :  0.078 0.164 0.144 0.614 
153    (0)   :  0.065 0.090 0.058 0.787 
154    (0)   :  0.042 0.091 0.048 0.819 
155    (0)   :  0.034 0.078 0.033 0.856 
156    (0)   :  0.032 0.109 0.158 0.701 
157    (0)   :  0.066 0.186 0.038 0.711 
158    (0)   :  0.092 0.121 0.044 0.742 
159    (0)   :  0.031 0.063 0.025 0.881 
160    (0)   :  0.032 0.068 0.026 0.874 
161    (0)   :  0.076 0.124 0.054 0.747 
162    (0)   :  0.096 0.313 0.093 0.498 
163    (0)   :  0.033 0.070 0.042 0.855 
164    (0)   :  0.067 0.355 0.058 0.520 
165    (0)   :  0.041 0.196 0.035 0.728 
166    (0)   :  0.094 0.207 0.108 0.591 
167    (0)   :  0.055 0.199 0.033 0.714 
168    (0)   :  0.084 0.089 0.065 0.763 
169    (0)   :  0.406 0.118 0.062 0.414 
170    (0)   :  0.038 0.105 0.120 0.737 
171    (0)   :  0.080 0.170 0.075 0.674 
172    (0)   :  0.194 0.074 0.190 0.542 
173    (0)   :  0.032 0.071 0.038 0.859 
174    (0)   :  0.039 0.086 0.026 0.849 
175    (0)   :  0.043 0.067 0.035 0.856 
176    (0)   :  0.033 0.118 0.028 0.821 
177    (0)   :  0.126 0.244 0.049 0.581 
178    (0)   :  0.060 0.113 0.030 0.796 
179    (0)   :  0.032 0.059 0.027 0.882 
180    (0)   :  0.083 0.184 0.059 0.674 
181    (0)   :  0.061 0.109 0.086 0.744 
182    (0)   :  0.030 0.093 0.057 0.820 
183    (0)   :  0.034 0.066 0.033 0.867 
184    (0)   :  0.134 0.461 0.333 0.072 
185    (0)   :  0.030 0.068 0.169 0.733 
186    (0)   :  0.080 0.725 0.129 0.066 
187    (0)   :  0.071 0.237 0.364 0.328 
188    (0)   :  0.064 0.701 0.188 0.047 
189    (0)   :  0.331 0.152 0.215 0.302 
190    (0)   :  0.024 0.064 0.779 0.134 
191    (0)   :  0.055 0.404 0.397 0.144 
192    (0)   :  0.077 0.360 0.238 0.325 
193    (0)   :  0.098 0.293 0.347 0.262 
194    (0)   :  0.062 0.385 0.273 0.279 
195    (0)   :  0.031 0.087 0.397 0.485 
196    (0)   :  0.034 0.095 0.752 0.120 
197    (0)   :  0.177 0.473 0.188 0.163 
198    (0)   :  0.169 0.372 0.256 0.203 
199    (0)   :  0.042 0.142 0.673 0.143 
200    (0)   :  0.089 0.147 0.663 0.101 
201    (0)   :  0.042 0.107 0.243 0.608 
202    (0)   :  0.031 0.128 0.224 0.616 
203    (0)   :  0.034 0.121 0.264 0.581 
204    (0)   :  0.029 0.120 0.666 0.185 
205    (0)   :  0.050 0.140 0.728 0.082 
206    (0)   :  0.039 0.187 0.523 0.252 
207    (0)   :  0.033 0.265 0.616 0.087 
208    (0)   :  0.034 0.115 0.627 0.224 
209    (0)   :  0.065 0.318 0.441 0.175 
210    (0)   :  0.038 0.175 0.556 0.230 
211    (0)   :  0.029 0.278 0.543 0.150 
212    (0)   :  0.053 0.101 0.136 0.709 
213    (0)   :  0.062 0.318 0.505 0.115 
214    (0)   :  0.039 0.106 0.255 0.600 
215    (0)   :  0.043 0.159 0.743 0.055 
216    (0)   :  0.123 0.541 0.231 0.104 
217    (0)   :  0.052 0.089 0.436 0.423 
218    (0)   :  0.063 0.232 0.544 0.161 
219    (0)   :  0.239 0.281 0.154 0.326 
220    (0)   :  0.033 0.199 0.670 0.097 
221    (0)   :  0.028 0.061 0.232 0.679 
222    (0)   :  0.207 0.455 0.160 0.177 
223    (0)   :  0.097 0.204 0.249 0.450 
224    (0)   :  0.041 0.178 0.259 0.522 
225    (0)   :  0.044 0.151 0.656 0.150 
226    (0)   :  0.145 0.125 0.603 0.127 
227    (0)   :  0.035 0.165 0.538 0.262 
228    (0)   :  0.029 0.080 0.572 0.319 
229    (0)   :  0.046 0.205 0.217 0.532 
230    (0)   :  0.037 0.211 0.375 0.377 
231    (0)   :  0.070 0.223 0.191 0.516 
232    (0)   :  0.088 0.287 0.283 0.341 
233    (0)   :  0.039 0.106 0.157 0.698 
234    (0)   :  0.117 0.377 0.211 0.294 
235    (0)   :  0.091 0.137 0.486 0.286 
236    (0)   :  0.063 0.186 0.319 0.431 
237    (0)   :  0.041 0.324 0.474 0.161 
238    (0)   :  0.049 0.143 0.226 0.582 
239    (0)   :  0.031 0.087 0.398 0.484 
240    (0)   :  0.049 0.140 0.223 0.587 
241    (0)   :  0.039 0.108 0.157 0.696 
242    (0)   :  0.137 0.210 0.408 0.244 
243    (0)   :  0.026 0.079 0.769 0.125 
244    (0)   :  0.035 0.134 0.329 0.501 
245    (0)   :  0.034 0.082 0.113 0.770 
246    (0)   :  0.053 0.088 0.429 0.430 
247    (0)   :  0.099 0.562 0.288 0.051 
248    (0)   :  0.044 0.382 0.518 0.056 
249    (0)   :  0.040 0.158 0.343 0.459 
250    (0)   :  0.063 0.276 0.324 0.337 
251    (0)   :  0.177 0.253 0.467 0.103 
252    (0)   :  0.061 0.175 0.467 0.296 
253    (0)   :  0.091 0.350 0.463 0.096 
254    (0)   :  0.139 0.412 0.253 0.197 
255    (0)   :  0.095 0.333 0.282 0.289 
256    (0)   :  0.046 0.129 0.482 0.342 
257    (0)   :  0.049 0.253 0.502 0.197 
258    (0)   :  0.068 0.271 0.558 0.104 
259    (0)   :  0.049 0.411 0.361 0.179 
260    (0)   :  0.154 0.339 0.116 0.391 
261    (0)   :  0.056 0.123 0.427 0.394 
262    (0)   :  0.030 0.065 0.630 0.275 
263    (0)   :  0.060 0.370 0.446 0.123 
264    (0)   :  0.478 0.319 0.159 0.044 
265    (0)   :  0.094 0.164 0.550 0.191 
266    (0)   :  0.029 0.067 0.202 0.702 
267    (0)   :  0.065 0.366 0.235 0.334 
268    (0)   :  0.034 0.093 0.754 0.119 
269    (0)   :  0.268 0.199 0.261 0.272 
270    (0)   :  0.100 0.573 0.204 0.122 
271    (0)   :  0.053 0.193 0.671 0.083 
272    (0)   :  0.082 0.114 0.730 0.075 
273    (0)   :  0.114 0.193 0.406 0.287 
274    (0)   :  0.097 0.198 0.580 0.125 
275    (0)   :  0.097 0.131 0.620 0.152 
276    (0)   :  0.071 0.151 0.705 0.074 
277    (0)   :  0.105 0.230 0.280 0.385 
278    (0)   :  0.040 0.112 0.785 0.063 
279    (0)   :  0.071 0.227 0.462 0.240 
280    (0)   :  0.154 0.164 0.511 0.171 
281    (0)   :  0.074 0.315 0.451 0.160 
282    (0)   :  0.087 0.184 0.150 0.579 
283    (0)   :  0.048 0.143 0.153 0.656 
284    (0)   :  0.063 0.293 0.349 0.295 
285    (0)   :  0.055 0.266 0.644 0.035 
286    (0)   :  0.035 0.133 0.331 0.501 
287    (0)   :  0.176 0.248 0.333 0.243 
288    (0)   :  0.088 0.132 0.698 0.082 
289    (0)   :  0.090 0.204 0.608 0.098 
290    (0)   :  0.195 0.151 0.552 0.103 
291    (0)   :  0.054 0.196 0.665 0.086 
292    (0)   :  0.113 0.114 0.586 0.188 
293    (0)   :  0.344 0.214 0.362 0.081 
294    (0)   :  0.071 0.289 0.546 0.094 
295    (0)   :  0.135 0.252 0.450 0.163 
296    (0)   :  0.044 0.190 0.676 0.089 
297    (0)   :  0.196 0.242 0.440 0.121 
298    (0)   :  0.087 0.268 0.178 0.467 
299    (0)   :  0.080 0.519 0.252 0.149 
300    (0)   :  0.046 0.232 0.645 0.078 
301    (0)   :  0.189 0.392 0.304 0.115 
302    (0)   :  0.070 0.222 0.621 0.087 
303    (0)   :  0.067 0.155 0.298 0.481 
304    (0)   :  0.165 0.310 0.064 0.460 
305    (0)   :  0.036 0.091 0.575 0.297 
306    (0)   :  0.082 0.108 0.326 0.485 
307    (0)   :  0.071 0.363 0.279 0.286 
308    (0)   :  0.057 0.123 0.414 0.405 
309    (0)   :  0.041 0.153 0.731 0.075 
310    (0)   :  0.032 0.096 0.600 0.272 
311    (0)   :  0.037 0.206 0.375 0.381 
312    (0)   :  0.031 0.206 0.665 0.098 
313    (0)   :  0.033 0.162 0.753 0.051 
314    (0)   :  0.032 0.052 0.039 0.877 
315    (0)   :  0.048 0.061 0.054 0.837 
316    (0)   :  0.058 0.066 0.039 0.837 
317    (0)   :  0.032 0.053 0.023 0.892 
318    (0)   :  0.035 0.052 0.019 0.894 
319    (0)   :  0.030 0.060 0.027 0.882 
320    (0)   :  0.033 0.052 0.038 0.878 
321    (0)   :  0.036 0.055 0.022 0.887 
322    (0)   :  0.052 0.068 0.056 0.825 
323    (0)   :  0.033 0.055 0.020 0.892 
324    (0)   :  0.036 0.054 0.022 0.888 
325    (0)   :  0.057 0.062 0.029 0.852 
326    (0)   :  0.057 0.061 0.029 0.852 
327    (0)   :  0.033 0.053 0.023 0.890 
328    (0)   :  0.052 0.071 0.041 0.836 
329    (0)   :  0.031 0.055 0.020 0.894 
330    (0)   :  0.032 0.054 0.024 0.891 
331    (0)   :  0.031 0.055 0.021 0.893 
332    (0)   :  0.066 0.066 0.028 0.840 
333    (0)   :  0.050 0.064 0.034 0.853 
334    (0)   :  0.052 0.071 0.041 0.836 
335    (0)   :  0.045 0.067 0.041 0.847 
336    (0)   :  0.038 0.052 0.027 0.883 
337    (0)   :  0.061 0.067 0.035 0.838 
338    (0)   :  0.035 0.053 0.019 0.893 
339    (0)   :  0.030 0.054 0.021 0.894 
340    (0)   :  0.029 0.053 0.023 0.896 
341    (0)   :  0.032 0.055 0.022 0.891 
342    (0)   :  0.033 0.054 0.023 0.890 
343    (0)   :  0.055 0.066 0.065 0.814 
344    (0)   :  0.031 0.053 0.019 0.897 
345    (0)   :  0.033 0.053 0.024 0.891 
346    (0)   :  0.031 0.051 0.021 0.898 
347    (0)   :  0.028 0.051 0.021 0.900 
348    (0)   :  0.044 0.062 0.084 0.809 
349    (0)   :  0.033 0.052 0.024 0.891 
350    (0)   :  0.031 0.057 0.036 0.876 
351    (0)   :  0.046 0.066 0.041 0.847 
352    (0)   :  0.051 0.064 0.040 0.844 
353    (0)   :  0.038 0.054 0.027 0.881 
354    (0)   :  0.032 0.054 0.020 0.894 
355    (0)   :  0.035 0.052 0.019 0.893 
356    (0)   :  0.044 0.064 0.107 0.785 
357    (0)   :  0.234 0.159 0.044 0.563 
358    (0)   :  0.052 0.066 0.029 0.853 
359    (0)   :  0.032 0.055 0.020 0.893 
360    (0)   :  0.031 0.051 0.021 0.897 
361    (0)   :  0.245 0.183 0.064 0.507 
362    (0)   :  0.316 0.462 0.136 0.086 
363    (0)   :  0.519 0.349 0.082 0.050 
364    (0)   :  0.231 0.315 0.053 0.401 
365    (0)   :  0.555 0.331 0.056 0.057 
366    (0)   :  0.354 0.165 0.351 0.129 
367    (0)   :  0.331 0.612 0.027 0.030 
368    (0)   :  0.077 0.828 0.038 0.057 
369    (0)   :  0.211 0.213 0.206 0.369 
370    (0)   :  0.087 0.693 0.140 0.080 
371    (0)   :  0.303 0.391 0.174 0.133 
372    (0)   :  0.078 0.629 0.156 0.137 
373    (0)   :  0.159 0.693 0.045 0.103 
374    (0)   :  0.297 0.286 0.070 0.347 
375    (0)   :  0.313 0.609 0.035 0.043 
376    (0)   :  0.833 0.111 0.021 0.034 
377    (0)   :  0.352 0.471 0.099 0.078 
378    (0)   :  0.093 0.620 0.053 0.234 
379    (0)   :  0.843 0.097 0.029 0.031 
380    (0)   :  0.662 0.096 0.108 0.134 
381    (0)   :  0.735 0.078 0.079 0.109 
382    (0)   :  0.397 0.523 0.030 0.050 
383    (0)   :  0.738 0.085 0.046 0.131 
384    (0)   :  0.579 0.267 0.044 0.110 
385    (0)   :  0.102 0.695 0.025 0.178 
386    (0)   :  0.463 0.445 0.044 0.048 
387    (0)   :  0.394 0.512 0.040 0.054 
388    (0)   :  0.200 0.440 0.052 0.309 
389    (0)   :  0.063 0.414 0.467 0.057 
390    (0)   :  0.475 0.274 0.209 0.043 
391    (0)   :  0.124 0.631 0.152 0.093 
392    (0)   :  0.660 0.190 0.053 0.097 
393    (0)   :  0.787 0.081 0.064 0.068 
394    (0)   :  0.241 0.387 0.069 0.303 
395    (0)   :  0.281 0.238 0.429 0.052 
396    (0)   :  0.293 0.639 0.035 0.033 
397    (0)   :  0.223 0.453 0.123 0.202 
398    (0)   :  0.753 0.183 0.031 0.034 
399    (0)   :  0.232 0.587 0.136 0.045 
400    (0)   :  0.470 0.429 0.034 0.067 
401    (0)   :  0.189 0.638 0.101 0.072 
402    (0)   :  0.172 0.564 0.185 0.079 
403    (0)   :  0.133 0.388 0.060 0.419 
404    (0)   :  0.417 0.394 0.078 0.111 
405    (0)   :  0.403 0.359 0.129 0.109 
406    (0)   :  0.248 0.075 0.575 0.103 
407    (0)   :  0.807 0.131 0.029 0.033 
408    (0)   :  0.065 0.704 0.199 0.032 
409    (0)   :  0.250 0.119 0.302 0.329 
410    (0)   :  0.509 0.341 0.050 0.101 
411    (0)   :  0.585 0.145 0.098 0.172 
412    (0)   :  0.101 0.815 0.032 0.052 
413    (0)   :  0.130 0.584 0.070 0.216 
414    (0)   :  0.087 0.842 0.035 0.036 
415    (0)   :  0.728 0.137 0.086 0.049 
416    (0)   :  0.417 0.416 0.084 0.083 
417    (0)   :  0.738 0.186 0.033 0.043 
418    (0)   :  0.216 0.721 0.026 0.037 
419    (0)   :  0.234 0.432 0.127 0.208 
420    (0)   :  0.255 0.473 0.227 0.045 
421    (0)   :  0.494 0.403 0.049 0.054 
422    (0)   :  0.366 0.249 0.323 0.061 
423    (0)   :  0.611 0.237 0.085 0.067 
424    (0)   :  0.135 0.667 0.125 0.073 
425    (0)   :  0.265 0.572 0.058 0.105 
426    (0)   :  0.160 0.713 0.039 0.088 
427    (0)   :  0.684 0.143 0.040 0.133 
428    (0)   :  0.421 0.209 0.149 0.221 
429    (0)   :  0.739 0.206 0.025 0.030 
430    (0)   :  0.769 0.155 0.036 0.040 
431    (0)   :  0.157 0.703 0.065 0.074 
432    (0)   :  0.090 0.801 0.042 0.067 
433    (0)   :  0.058 0.544 0.093 0.305 
434    (0)   :  0.252 0.493 0.079 0.176 
435    (0)   :  0.783 0.149 0.036 0.033 
436    (0)   :  0.816 0.098 0.033 0.053 
437    (0)   :  0.795 0.139 0.029 0.037 
438    (0)   :  0.506 0.230 0.179 0.085 
439    (0)   :  0.843 0.091 0.023 0.043 
440    (0)   :  0.831 0.111 0.031 0.026 
441    (0)   :  0.608 0.236 0.039 0.118 
442    (0)   :  0.630 0.277 0.053 0.040 
443    (0)   :  0.397 0.437 0.132 0.034 
444    (0)   :  0.713 0.189 0.060 0.038 
445    (0)   :  0.584 0.142 0.109 0.166 
446    (0)   :  0.700 0.235 0.025 0.040 
447    (0)   :  0.600 0.231 0.083 0.087 
448    (0)   :  0.633 0.281 0.045 0.041 
449    (0)   :  0.582 0.290 0.054 0.073 
450    (0)   :  0.676 0.232 0.021 0.071 
451    (0)   :  0.118 0.799 0.055 0.029 
452    (0)   :  0.736 0.184 0.024 0.057 
453    (0)   :  0.113 0.335 0.473 0.079 
454    (0)   :  0.626 0.239 0.046 0.089 
455    (0)   :  0.740 0.158 0.064 0.038 
456    (0)   :  0.664 0.171 0.131 0.034 
457    (0)   :  0.815 0.115 0.029 0.040 
458    (0)   :  0.805 0.125 0.025 0.046 
459    (0)   :  0.525 0.309 0.044 0.122 
460    (0)   :  0.710 0.227 0.028 0.035 
461    (0)   :  0.499 0.444 0.019 0.038 
462    (0)   :  0.658 0.246 0.069 0.027 
463    (0)   :  0.327 0.128 0.482 0.062 
464    (0)   :  0.611 0.289 0.067 0.034 
465    (0)   :  0.268 0.625 0.056 0.051 
466    (0)   :  0.368 0.352 0.241 0.039 
467    (0)   :  0.645 0.206 0.072 0.078 
468    (0)   :  0.830 0.083 0.055 0.032 
469    (0)   :  0.865 0.076 0.022 0.037 
470    (0)   :  0.810 0.130 0.028 0.032 
471    (0)   :  0.322 0.357 0.280 0.042 
472    (0)   :  0.440 0.414 0.094 0.052 
473    (0)   :  0.509 0.329 0.081 0.080 
474    (0)   :  0.726 0.170 0.048 0.055 
475    (0)   :  0.304 0.558 0.056 0.082 
476    (0)   :  0.828 0.098 0.034 0.041 
477    (0)   :  0.174 0.696 0.055 0.074 
478    (0)   :  0.132 0.806 0.026 0.036 
479    (0)   :  0.753 0.188 0.026 0.033 
480    (0)   :  0.848 0.091 0.024 0.037 
481    (0)   :  0.331 0.532 0.094 0.043 
482    (0)   :  0.816 0.130 0.021 0.032 
483    (0)   :  0.766 0.157 0.031 0.046 
484    (0)   :  0.599 0.191 0.159 0.051 
485    (0)   :  0.801 0.126 0.038 0.036 
486    (0)   :  0.078 0.697 0.161 0.065 
487    (0)   :  0.095 0.649 0.069 0.187 
488    (0)   :  0.053 0.799 0.055 0.093 
489    (0)   :  0.121 0.376 0.238 0.265 
490    (0)   :  0.095 0.788 0.079 0.039 
491    (0)   :  0.068 0.568 0.163 0.200 
492    (0)   :  0.062 0.534 0.133 0.271 
493    (0)   :  0.062 0.775 0.077 0.087 
494    (0)   :  0.128 0.584 0.152 0.136 
495    (0)   :  0.069 0.722 0.063 0.145 
496    (0)   :  0.087 0.299 0.189 0.426 
497    (0)   :  0.056 0.721 0.049 0.174 
498    (0)   :  0.082 0.644 0.164 0.109 
499    (0)   :  0.072 0.463 0.089 0.376 
500    (0)   :  0.218 0.568 0.130 0.084 
501    (0)   :  0.163 0.555 0.061 0.221 
502    (0)   :  0.082 0.641 0.037 0.240 
503    (0)   :  0.430 0.447 0.070 0.054 
504    (0)   :  0.050 0.836 0.057 0.056 
505    (0)   :  0.063 0.356 0.468 0.113 
506    (0)   :  0.083 0.623 0.074 0.220 
507    (0)   :  0.039 0.090 0.106 0.765 
508    (0)   :  0.034 0.181 0.152 0.633 
509    (0)   :  0.062 0.400 0.266 0.271 
510    (0)   :  0.163 0.428 0.070 0.339 
511    (0)   :  0.466 0.333 0.135 0.066 
512    (0)   :  0.413 0.508 0.039 0.040 
513    (0)   :  0.027 0.761 0.144 0.069 
514    (0)   :  0.065 0.806 0.059 0.069 
515    (0)   :  0.445 0.236 0.129 0.191 
516    (0)   :  0.051 0.743 0.131 0.075 
517    (0)   :  0.215 0.335 0.278 0.171 
518    (0)   :  0.196 0.348 0.083 0.373 
519    (0)   :  0.076 0.796 0.048 0.080 
520    (0)   :  0.225 0.114 0.344 0.317 
521    (0)   :  0.076 0.332 0.160 0.432 
522    (0)   :  0.508 0.194 0.240 0.058 
523    (0)   :  0.078 0.241 0.481 0.200 
524    (0)   :  0.467 0.237 0.187 0.109 
525    (0)   :  0.292 0.247 0.108 0.353 
526    (0)   :  0.326 0.092 0.497 0.085 
527    (0)   :  0.153 0.749 0.034 0.064 
528    (0)   :  0.053 0.154 0.174 0.619 
529    (0)   :  0.093 0.556 0.140 0.211 
530    (0)   :  0.466 0.275 0.148 0.112 
531    (0)   :  0.217 0.209 0.098 0.477 
532    (0)   :  0.115 0.449 0.103 0.333 
533    (0)   :  0.337 0.354 0.210 0.100 
534    (0)   :  0.045 0.523 0.270 0.162 
535    (0)   :  0.186 0.328 0.401 0.085 
536    (0)   :  0.266 0.196 0.338 0.200 
537    (0)   :  0.065 0.136 0.480 0.319 
538    (0)   :  0.080 0.170 0.554 0.196 
539    (0)   :  0.043 0.090 0.142 0.725 
540    (0)   :  0.128 0.191 0.393 0.288 
541    (0)   :  0.123 0.169 0.118 0.590 
542    (0)   :  0.212 0.115 0.611 0.063 
543    (0)   :  0.063 0.266 0.476 0.195 
544    (0)   :  0.100 0.144 0.665 0.091 
545    (0)   :  0.170 0.133 0.654 0.043 
546    (0)   :  0.095 0.191 0.547 0.168 
547    (0)   :  0.060 0.131 0.668 0.141 
548    (0)   :  0.063 0.273 0.333 0.331 
549    (0)   :  0.211 0.095 0.190 0.504 
550    (0)   :  0.292 0.158 0.475 0.075 
551    (0)   :  0.082 0.145 0.073 0.700 
552    (0)   :  0.078 0.132 0.584 0.207 
553    (0)   :  0.037 0.113 0.706 0.144 
554    (0)   :  0.264 0.385 0.149 0.202 
555    (0)   :  0.060 0.173 0.419 0.348 
556    (0)   :  0.076 0.190 0.563 0.171 
557    (0)   :  0.349 0.196 0.333 0.122 
558    (0)   :  0.824 0.124 0.019 0.033 
559    (0)   :  0.075 0.750 0.113 0.062 
560    (0)   :  0.461 0.471 0.041 0.027 
561    (0)   :  0.263 0.636 0.063 0.038 
562    (0)   :  0.167 0.706 0.100 0.028 
563    (0)   :  0.105 0.671 0.055 0.169 
564    (0)   :  0.094 0.546 0.286 0.074 
565    (0)   :  0.820 0.115 0.025 0.040 
566    (0)   :  0.292 0.644 0.037 0.028 
567    (0)   :  0.062 0.750 0.142 0.045 
568    (0)   :  0.184 0.619 0.134 0.063 
569    (0)   :  0.390 0.364 0.183 0.064 
570    (0)   :  0.782 0.164 0.024 0.029 
571    (0)   :  0.106 0.806 0.045 0.044 
572    (0)   :  0.144 0.150 0.572 0.134 
573    (0)   :  0.179 0.524 0.220 0.078 
574    (0)   :  0.482 0.291 0.061 0.166 
575    (0)   :  0.138 0.687 0.072 0.103 
576    (0)   :  0.158 0.789 0.025 0.028 
577    (0)   :  0.373 0.435 0.047 0.144 
578    (0)   :  0.219 0.677 0.056 0.049 
579    (0)   :  0.219 0.669 0.064 0.048 
580    (0)   :  0.548 0.330 0.040 0.082 
581    (0)   :  0.516 0.387 0.037 0.060 
582    (0)   :  0.730 0.194 0.045 0.031 
583    (0)   :  0.162 0.755 0.036 0.047 
584    (0)   :  0.141 0.801 0.025 0.034 
585    (0)   :  0.276 0.644 0.039 0.041 
586    (0)   :  0.078 0.807 0.060 0.056 
587    (0)   :  0.479 0.391 0.098 0.032 
588    (0)   :  0.029 0.188 0.739 0.044 
589    (0)   :  0.685 0.190 0.091 0.034 
590    (0)   :  0.063 0.852 0.047 0.039 
591    (0)   :  0.083 0.832 0.036 0.049 
592    (0)   :  0.181 0.509 0.273 0.037 
593    (0)   :  0.258 0.573 0.086 0.083 
594    (0)   :  0.068 0.798 0.040 0.094 
595    (0)   :  0.195 0.743 0.031 0.031 
596    (0)   :  0.160 0.348 0.426 0.066 
597    (0)   :  0.066 0.627 0.099 0.207 
598    (0)   :  0.844 0.105 0.021 0.031 
599    (0)   :  0.248 0.634 0.088 0.031 
600    (0)   :  0.535 0.290 0.073 0.101 
601    (0)   :  0.450 0.457 0.062 0.031 
602    (0)   :  0.073 0.692 0.064 0.171 
603    (0)   :  0.073 0.698 0.078 0.151 
604    (0)   :  0.515 0.296 0.061 0.128 
605    (0)   :  0.205 0.631 0.104 0.060 
606    (0)   :  0.183 0.436 0.189 0.191 
607    (0)   :  0.237 0.357 0.057 0.349 
608    (0)   :  0.203 0.254 0.043 0.500 
609    (0)   :  0.418 0.447 0.058 0.078 
610    (0)   :  0.623 0.192 0.125 0.059 
611    (0)   :  0.091 0.653 0.120 0.136 
612    (0)   :  0.817 0.102 0.037 0.044 
613    (0)   :  0.285 0.516 0.114 0.085 
614    (0)   :  0.751 0.152 0.051 0.046 
615    (0)   :  0.740 0.124 0.054 0.082 
616    (0)   :  0.243 0.437 0.069 0.251 
617    (0)   :  0.373 0.492 0.084 0.050 
618    (0)   :  0.532 0.171 0.094 0.204 
619    (0)   :  0.226 0.321 0.314 0.139 
620    (0)   :  0.105 0.521 0.345 0.029 
621    (0)   :  0.155 0.776 0.023 0.046 
622    (0)   :  0.407 0.253 0.205 0.135 
623    (0)   :  0.141 0.713 0.095 0.051 
624    (0)   :  0.681 0.134 0.038 0.147 
625    (0)   :  0.469 0.320 0.038 0.174 
626    (0)   :  0.301 0.092 0.177 0.430 
627    (0)   :  0.170 0.664 0.091 0.074 
628    (0)   :  0.098 0.744 0.092 0.067 
629    (0)   :  0.167 0.685 0.058 0.090 
630    (0)   :  0.596 0.287 0.055 0.062 
631    (0)   :  0.445 0.411 0.059 0.085 
632    (0)   :  0.118 0.271 0.323 0.288 
633    (0)   :  0.422 0.391 0.048 0.139 
634    (0)   :  0.211 0.431 0.156 0.202 
635    (0)   :  0.166 0.190 0.076 0.569 
636    (0)   :  0.414 0.285 0.050 0.251 
637    (0)   :  0.173 0.312 0.409 0.105 
638    (0)   :  0.143 0.669 0.054 0.133 
639    (0)   :  0.409 0.392 0.065 0.134 
640    (0)   :  0.119 0.797 0.026 0.059 
641    (0)   :  0.205 0.649 0.060 0.087 
642    (0)   :  0.091 0.188 0.112 0.609 
643    (0)   :  0.052 0.101 0.036 0.811 
644    (0)   :  0.056 0.230 0.052 0.662 
645    (0)   :  0.298 0.085 0.062 0.556 
646    (0)   :  0.109 0.543 0.196 0.152 
647    (0)   :  0.070 0.429 0.081 0.419 
648    (0)   :  0.128 0.294 0.231 0.348 
649    (0)   :  0.052 0.281 0.480 0.187 
650    (0)   :  0.060 0.584 0.164 0.193 
651    (0)   :  0.053 0.429 0.044 0.475 
652    (0)   :  0.069 0.219 0.073 0.639 
653    (0)   :  0.098 0.292 0.126 0.483 
654    (0)   :  0.076 0.187 0.200 0.537 
655    (0)   :  0.086 0.305 0.065 0.543 
656    (0)   :  0.094 0.365 0.248 0.293 
657    (0)   :  0.267 0.448 0.050 0.235 
658    (0)   :  0.155 0.427 0.157 0.260 
659    (0)   :  0.081 0.238 0.134 0.547 
660    (0)   :  0.049 0.140 0.125 0.686 
661    (0)   :  0.084 0.114 0.252 0.550 
662    (0)   :  0.043 0.235 0.614 0.108 
663    (0)   :  0.081 0.208 0.139 0.573 
664    (0)   :  0.213 0.423 0.075 0.289 
665    (0)   :  0.050 0.262 0.558 0.130 
666    (0)   :  0.078 0.177 0.172 0.573 
667    (0)   :  0.073 0.755 0.069 0.103 
668    (0)   :  0.128 0.242 0.128 0.501 
669    (0)   :  0.071 0.338 0.223 0.368 
670    (0)   :  0.033 0.073 0.043 0.851 
671    (0)   :  0.044 0.130 0.085 0.742 
672    (0)   :  0.084 0.146 0.073 0.697 
673    (0)   :  0.034 0.058 0.021 0.887 
674    (0)   :  0.061 0.095 0.059 0.785 
675    (0)   :  0.032 0.118 0.028 0.821 
676    (0)   :  0.032 0.057 0.023 0.888 
677    (0)   :  0.032 0.063 0.197 0.708 
678    (0)   :  0.034 0.062 0.019 0.884 
679    (0)   :  0.056 0.091 0.025 0.828 
680    (0)   :  0.054 0.080 0.035 0.831 
681    (0)   :  0.159 0.184 0.314 0.343 
682    (0)   :  0.057 0.070 0.031 0.842 
683    (0)   :  0.032 0.067 0.042 0.859 
684    (0)   :  0.034 0.064 0.023 0.880 
685    (0)   :  0.029 0.055 0.026 0.890 
686    (0)   :  0.056 0.087 0.135 0.722 
687    (0)   :  0.040 0.117 0.123 0.721 
688    (0)   :  0.040 0.089 0.034 0.837 
689    (0)   :  0.031 0.055 0.024 0.890 
690    (0)   :  0.032 0.057 0.024 0.887 
691    (0)   :  0.051 0.085 0.035 0.828 
692    (0)   :  0.044 0.092 0.025 0.840 
693    (0)   :  0.050 0.091 0.027 0.833 
694    (0)   :  0.027 0.052 0.027 0.893 
695    (0)   :  0.044 0.064 0.050 0.842 
696    (0)   :  0.040 0.087 0.033 0.840 
697    (0)   :  0.033 0.059 0.033 0.876 
698    (0)   :  0.032 0.059 0.026 0.883 
699    (0)   :  0.042 0.063 0.175 0.721 
700    (0)   :  0.081 0.078 0.065 0.777 
701    (0)   :  0.066 0.104 0.050 0.780 
702    (0)   :  0.073 0.112 0.077 0.738 
703    (0)   :  0.057 0.072 0.038 0.833 
704    (0)   :  0.037 0.079 0.053 0.831 
705    (0)   :  0.082 0.122 0.320 0.476 
706    (0)   :  0.050 0.067 0.044 0.839 
707    (0)   :  0.036 0.060 0.040 0.864 
708    (0)   :  0.030 0.063 0.031 0.876 
709    (0)   :  0.036 0.057 0.060 0.847 
710    (0)   :  0.028 0.052 0.027 0.893 
711    (0)   :  0.051 0.071 0.093 0.785 
712    (0)   :  0.028 0.058 0.113 0.801 
713    (0)   :  0.036 0.085 0.039 0.840 
714    (0)   :  0.057 0.115 0.035 0.793 
715    (0)   :  0.029 0.052 0.061 0.858 
716    (0)   :  0.049 0.062 0.039 0.851 
717    (0)   :  0.030 0.051 0.035 0.884 
718    (0)   :  0.048 0.092 0.067 0.793 
719    (0)   :  0.028 0.055 0.049 0.868 
720    (0)   :  0.168 0.737 0.045 0.050 
721    (0)   :  0.175 0.150 0.055 0.620 
722    (0)   :  0.514 0.308 0.082 0.096 
723    (0)   :  0.574 0.299 0.040 0.087 
724    (0)   :  0.607 0.130 0.050 0.213 
725    (0)   :  0.138 0.488 0.085 0.290 
726    (0)   :  0.555 0.175 0.132 0.138 
727    (0)   :  0.189 0.232 0.313 0.265 
728    (0)   :  0.874 0.073 0.026 0.027 
729    (0)   :  0.844 0.101 0.025 0.030 
730    (0)   :  0.405 0.496 0.039 0.061 
731    (0)   :  0.756 0.144 0.032 0.068 
732    (0)   :  0.575 0.299 0.038 0.087 
733    (0)   :  0.813 0.121 0.022 0.044 
734    (0)   :  0.803 0.142 0.025 0.029 
735    (0)   :  0.828 0.100 0.020 0.052 
736    (0)   :  0.558 0.343 0.035 0.063 
737    (0)   :  0.495 0.350 0.086 0.068 
738    (0)   :  0.478 0.430 0.036 0.056 
739    (0)   :  0.823 0.116 0.021 0.039 
740    (0)   :  0.049 0.140 0.033 0.778 
741    (0)   :  0.098 0.238 0.063 0.601 
742    (0)   :  0.111 0.683 0.026 0.180 
743    (0)   :  0.102 0.741 0.042 0.116 
744    (0)   :  0.068 0.438 0.374 0.120 
745    (0)   :  0.095 0.798 0.064 0.043 
746    (0)   :  0.168 0.492 0.063 0.277 
747    (0)   :  0.072 0.777 0.065 0.086 
748    (0)   :  0.062 0.339 0.036 0.562 
749    (0)   :  0.085 0.571 0.124 0.220 
750    (0)   :  0.081 0.687 0.085 0.147 
751    (0)   :  0.077 0.337 0.052 0.534 
752    (0)   :  0.105 0.709 0.071 0.115 
753    (0)   :  0.210 0.418 0.074 0.298 
754    (0)   :  0.090 0.399 0.039 0.471 
755    (0)   :  0.115 0.602 0.039 0.244 
756    (0)   :  0.053 0.547 0.065 0.336 
757    (0)   :  0.075 0.708 0.039 0.179 
758    (0)   :  0.046 0.872 0.042 0.040 
759    (0)   :  0.138 0.232 0.064 0.566 
760    (0)   :  0.222 0.571 0.037 0.171 
761    (0)   :  0.398 0.185 0.052 0.365 
762    (0)   :  0.415 0.494 0.021 0.070 
763    (0)   :  0.206 0.419 0.073 0.301 
764    (0)   :  0.071 0.782 0.034 0.113 
765    (0)   :  0.349 0.506 0.050 0.095 
766    (0)   :  0.071 0.496 0.034 0.399 
767    (0)   :  0.121 0.515 0.065 0.298 
768    (0)   :  0.446 0.462 0.022 0.069 
769    (0)   :  0.437 0.237 0.036 0.290 
770    (0)   :  0.411 0.501 0.032 0.056 
771    (0)   :  0.049 0.340 0.396 0.216 
772    (0)   :  0.119 0.454 0.085 0.342 
773    (0)   :  0.063 0.778 0.040 0.120 
774    (0)   :  0.095 0.270 0.055 0.580 
775    (0)   :  0.593 0.272 0.025 0.110 
776    (0)   :  0.077 0.815 0.042 0.066 
777    (0)   :  0.128 0.569 0.157 0.145 
778    (0)   :  0.087 0.489 0.176 0.248 
779    (0)   :  0.057 0.747 0.033 0.163 
780    (0)   :  0.080 0.379 0.042 0.499 
781    (0)   :  0.051 0.235 0.477 0.237 
782    (0)   :  0.057 0.746 0.033 0.164 
783    (0)   :  0.113 0.551 0.036 0.300 
784    (0)   :  0.161 0.719 0.035 0.085 
785    (0)   :  0.071 0.715 0.037 0.177 
786    (0)   :  0.087 0.359 0.034 0.520 
787    (0)   :  0.041 0.331 0.092 0.536 
788    (0)   :  0.118 0.724 0.050 0.108 
789    (0)   :  0.148 0.729 0.026 0.097 
790    (0)   :  0.139 0.455 0.030 0.376 
791    (0)   :  0.105 0.686 0.042 0.167 
792    (0)   :  0.043 0.307 0.116 0.533 
793    (0)   :  0.174 0.172 0.171 0.483 
794    (0)   :  0.120 0.634 0.060 0.185 
795    (0)   :  0.155 0.173 0.067 0.604 
796    (0)   :  0.073 0.670 0.053 0.204 
797    (0)   :  0.085 0.122 0.141 0.651 
798    (0)   :  0.627 0.169 0.170 0.034 
799    (0)   :  0.092 0.767 0.055 0.085 
800    (0)   :  0.034 0.190 0.182 0.594 
801    (0)   :  0.637 0.169 0.125 0.069 
802    (0)   :  0.372 0.171 0.192 0.266 
803    (0)   :  0.118 0.271 0.094 0.516 
804    (0)   :  0.141 0.338 0.384 0.137 
805    (0)   :  0.046 0.097 0.037 0.820 
806    (0)   :  0.331 0.159 0.390 0.120 
807    (0)   :  0.055 0.086 0.141 0.718 
808    (0)   :  0.065 0.160 0.365 0.410 
809    (0)   :  0.162 0.102 0.679 0.056 
810    (0)   :  0.246 0.425 0.090 0.240 
811    (0)   :  0.093 0.163 0.301 0.443 
812    (0)   :  0.054 0.105 0.808 0.033 
813    (0)   :  0.651 0.211 0.097 0.041 
814    (0)   :  0.051 0.267 0.625 0.057 
815    (0)   :  0.320 0.109 0.330 0.241 
816    (0)   :  0.249 0.227 0.118 0.406 
817    (0)   :  0.376 0.170 0.189 0.265 
818    (0)   :  0.118 0.761 0.040 0.082 
819    (0)   :  0.039 0.739 0.056 0.166 
820    (0)   :  0.060 0.589 0.144 0.208 
821    (0)   :  0.118 0.750 0.023 0.109 
822    (0)   :  0.156 0.765 0.044 0.034 
823    (0)   :  0.380 0.329 0.026 0.266 
824    (0)   :  0.078 0.699 0.038 0.185 
825    (0)   :  0.206 0.690 0.040 0.065 
826    (0)   :  0.064 0.853 0.036 0.047 
827    (0)   :  0.329 0.574 0.029 0.069 
828    (0)   :  0.483 0.357 0.041 0.119 
829    (0)   :  0.522 0.289 0.076 0.113 
830    (0)   :  0.235 0.699 0.022 0.045 
831    (0)   :  0.210 0.561 0.069 0.160 
832    (0)   :  0.175 0.568 0.087 0.170 
833    (0)   :  0.368 0.390 0.050 0.192 
834    (0)   :  0.279 0.513 0.056 0.153 
835    (0)   :  0.063 0.850 0.042 0.045 
836    (0)   :  0.070 0.763 0.079 0.088 
837    (0)   :  0.371 0.264 0.058 0.307 
838    (0)   :  0.053 0.808 0.093 0.046 
839    (0)   :  0.161 0.746 0.024 0.069 
840    (0)   :  0.073 0.464 0.266 0.197 
841    (0)   :  0.053 0.740 0.083 0.124 
842    (0)   :  0.070 0.872 0.024 0.034 
843    (0)   :  0.075 0.314 0.286 0.325 
844    (0)   :  0.146 0.567 0.083 0.204 
845    (0)   :  0.072 0.860 0.020 0.047 
846    (0)   :  0.057 0.796 0.033 0.114 
847    (0)   :  0.040 0.699 0.031 0.230 
848    (0)   :  0.045 0.802 0.054 0.099 
849    (0)   :  0.090 0.811 0.032 0.067 
850    (0)   :  0.148 0.758 0.029 0.065 
851    (0)   :  0.051 0.864 0.028 0.057 
852    (0)   :  0.180 0.213 0.026 0.581 
853    (0)   :  0.148 0.766 0.033 0.054 
854    (0)   :  0.259 0.426 0.027 0.288 
855    (0)   :  0.065 0.801 0.038 0.097 
856    (0)   :  0.067 0.746 0.036 0.151 
857    (0)   :  0.085 0.690 0.155 0.069 
858    (0)   :  0.071 0.845 0.033 0.051 
859    (0)   :  0.187 0.730 0.024 0.058 
860    (0)   :  0.057 0.846 0.045 0.052 
861    (0)   :  0.045 0.367 0.109 0.480 
862    (0)   :  0.853 0.081 0.030 0.036 
863    (0)   :  0.761 0.102 0.045 0.092 
864    (0)   :  0.843 0.072 0.022 0.063 
865    (0)   :  0.812 0.132 0.028 0.028 
866    (0)   :  0.368 0.538 0.043 0.051 
867    (0)   :  0.831 0.078 0.037 0.054 
868    (0)   :  0.715 0.177 0.056 0.052 
869    (0)   :  0.395 0.515 0.036 0.053 
870    (0)   :  0.610 0.204 0.153 0.033 
871    (0)   :  0.747 0.186 0.034 0.033 
872    (0)   :  0.824 0.109 0.022 0.045 
873    (0)   :  0.831 0.093 0.025 0.051 
874    (0)   :  0.842 0.091 0.034 0.032 
875    (0)   :  0.434 0.394 0.113 0.059 
876    (0)   :  0.119 0.759 0.080 0.042 
877    (0)   :  0.856 0.077 0.023 0.044 
878    (0)   :  0.392 0.448 0.081 0.079 
879    (0)   :  0.824 0.091 0.023 0.062 
880    (0)   :  0.456 0.354 0.146 0.044 
881    (0)   :  0.802 0.112 0.030 0.056 
882    (0)   :  0.828 0.100 0.020 0.052 
883    (0)   :  0.103 0.759 0.083 0.055 
884    (0)   :  0.815 0.133 0.026 0.027 
885    (0)   :  0.560 0.178 0.180 0.082 
886    (0)   :  0.568 0.319 0.033 0.080 
887    (0)   :  0.809 0.132 0.026 0.033 
888    (0)   :  0.396 0.190 0.287 0.127 
889    (0)   :  0.840 0.105 0.028 0.027 
890    (0)   :  0.462 0.443 0.065 0.030 
891    (0)   :  0.068 0.820 0.061 0.051 
892    (0)   :  0.077 0.784 0.080 0.059 
893    (0)   :  0.130 0.609 0.175 0.085 
894    (0)   :  0.210 0.733 0.022 0.034 
895    (0)   :  0.747 0.185 0.034 0.034 
896    (0)   :  0.053 0.784 0.072 0.091 
897    (0)   :  0.055 0.842 0.052 0.051 
898    (0)   :  0.313 0.521 0.066 0.100 
899    (0)   :  0.122 0.828 0.023 0.028 
900    (0)   :  0.061 0.846 0.051 0.042 
901    (0)   :  0.081 0.838 0.035 0.046 
902    (0)   :  0.070 0.509 0.359 0.062 
903    (0)   :  0.541 0.371 0.043 0.045 
904    (0)   :  0.381 0.439 0.085 0.095 
905    (0)   :  0.512 0.430 0.026 0.032 
906    (0)   :  0.233 0.608 0.098 0.061 
907    (0)   :  0.121 0.781 0.029 0.069 
908    (0)   :  0.135 0.782 0.026 0.056 
909    (0)   :  0.232 0.570 0.129 0.068 
910    (0)   :  0.084 0.754 0.103 0.059 
911    (0)   :  0.619 0.323 0.030 0.028 
912    (0)   :  0.177 0.756 0.030 0.037 
913    (0)   :  0.294 0.628 0.046 0.032 
914    (0)   :  0.189 0.578 0.036 0.197 
915    (0)   :  0.186 0.741 0.046 0.027 
916    (0)   :  0.109 0.815 0.036 0.039 
917    (0)   :  0.155 0.765 0.039 0.040 
918    (0)   :  0.364 0.419 0.049 0.168 
919    (0)   :  0.499 0.369 0.040 0.092 
920    (0)   :  0.107 0.804 0.028 0.061 
921    (0)   :  0.092 0.296 0.296 0.316 
922    (0)   :  0.058 0.263 0.626 0.052 
923    (0)   :  0.052 0.358 0.491 0.099 
924    (0)   :  0.052 0.335 0.563 0.050 
925    (0)   :  0.072 0.357 0.481 0.090 
926    (0)   :  0.032 0.122 0.761 0.084 
927    (0)   :  0.050 0.126 0.712 0.112 
928    (0)   :  0.034 0.136 0.598 0.232 
929    (0)   :  0.034 0.158 0.756 0.052 
930    (0)   :  0.066 0.245 0.596 0.092 
931    (0)   :  0.128 0.056 0.703 0.113 
932    (0)   :  0.037 0.126 0.799 0.038 
933    (0)   :  0.047 0.156 0.294 0.503 
