

----------------------------------------------------
STRUCTURE by Pritchard, Stephens and Donnelly (2000)
     and Falush, Stephens and Pritchard (2003)
       Code by Pritchard, Falush and Hubisz
             Version 2.3.4 (Jul 2012)
----------------------------------------------------



Command line arguments:   ./structure -K 10 -D 110007 -m brooktrout/mainparams -e brooktrout/extraparams -o brooktrout/250914_output/results_K10_rep7 
Input File:    brooktrout/brooktrout.txt

Run parameters:
   8454 individuals
   5 loci
   10 populations assumed
   50000 Burn-in period
   100000 Reps
RANDOMIZE turned off


--------------------------------------------
Overall proportion of membership of the
sample in each of the 10 clusters

Inferred Clusters
  1      2      3      4      5      6      7      8      9     10    
0.008  0.009  0.021  0.068  0.120  0.151  0.146  0.158  0.171  0.149  

--------------------------------------------

Allele-freq. divergence among pops (Net nucleotide distance),
computed using point estimates of P.

      1       2       3       4       5       6       7       8       9      10      
 1      -    0.1324  0.1388  0.1384  0.1314  0.1254  0.1400  0.1381  0.1459  0.1327  
 2   0.1324     -    0.2067  0.1802  0.1983  0.1971  0.1863  0.1758  0.1621  0.1798  
 3   0.1388  0.2067     -    0.1843  0.1493  0.1877  0.2027  0.1516  0.2403  0.2048  
 4   0.1384  0.1802  0.1843     -    0.1203  0.1032  0.1354  0.0821  0.1584  0.1611  
 5   0.1314  0.1983  0.1493  0.1203     -    0.1161  0.1914  0.1366  0.2349  0.1066  
 6   0.1254  0.1971  0.1877  0.1032  0.1161     -    0.1658  0.1493  0.2125  0.1038  
 7   0.1400  0.1863  0.2027  0.1354  0.1914  0.1658     -    0.1192  0.0839  0.1386  
 8   0.1381  0.1758  0.1516  0.0821  0.1366  0.1493  0.1192     -    0.1484  0.1619  
 9   0.1459  0.1621  0.2403  0.1584  0.2349  0.2125  0.0839  0.1484     -    0.2025  
10   0.1327  0.1798  0.2048  0.1611  0.1066  0.1038  0.1386  0.1619  0.2025     -    

Average distances (expected heterozygosity) between individuals in same cluster:
cluster  1  : 0.8293 
cluster  2  : 0.7695 
cluster  3  : 0.7439 
cluster  4  : 0.7426 
cluster  5  : 0.7367 
cluster  6  : 0.7079 
cluster  7  : 0.7027 
cluster  8  : 0.7771 
cluster  9  : 0.6831 
cluster 10  : 0.7139 

--------------------------------------------
Estimated Ln Prob of Data   = -184913.6
Mean value of ln likelihood = -172897.4
Variance of ln likelihood   = 24032.4

Mean value of alpha_1       = 0.0468
Mean value of alpha_2       = 0.0513
Mean value of alpha_3       = 0.1193
Mean value of alpha_4       = 0.4074
Mean value of alpha_5       = 0.7028
Mean value of alpha_6       = 0.8914
Mean value of alpha_7       = 0.8694
Mean value of alpha_8       = 0.9447
Mean value of alpha_9       = 1.0000
Mean value of alpha_10       = 0.8823
Allele frequencies uncorrelated


Inferred ancestry of individuals:
     (%Miss) :  Inferred clusters
  1    (0)   :  0.005 0.009 0.014 0.036 0.080 0.151 0.247 0.132 0.151 0.175 
  2    (0)   :  0.004 0.004 0.015 0.209 0.096 0.156 0.104 0.211 0.118 0.084 
  3    (0)   :  0.006 0.005 0.009 0.050 0.078 0.243 0.187 0.137 0.127 0.159 
  4    (0)   :  0.013 0.015 0.012 0.053 0.081 0.098 0.180 0.131 0.306 0.112 
  5    (0)   :  0.005 0.007 0.018 0.074 0.107 0.230 0.093 0.253 0.121 0.092 
  6    (0)   :  0.005 0.005 0.009 0.077 0.100 0.358 0.079 0.105 0.140 0.121 
  7    (0)   :  0.006 0.005 0.011 0.048 0.284 0.194 0.103 0.092 0.101 0.156 
  8    (0)   :  0.017 0.113 0.012 0.052 0.087 0.176 0.148 0.102 0.163 0.130 
  9    (0)   :  0.006 0.005 0.017 0.159 0.088 0.204 0.166 0.129 0.119 0.107 
 10    (0)   :  0.006 0.085 0.012 0.060 0.106 0.251 0.116 0.086 0.144 0.133 
 11    (0)   :  0.004 0.004 0.017 0.051 0.191 0.182 0.124 0.090 0.092 0.244 
 12    (0)   :  0.005 0.004 0.013 0.074 0.111 0.217 0.103 0.226 0.165 0.084 
 13    (0)   :  0.006 0.005 0.014 0.122 0.118 0.208 0.154 0.135 0.128 0.109 
 14    (0)   :  0.004 0.012 0.010 0.068 0.060 0.162 0.133 0.264 0.146 0.141 
 15    (0)   :  0.005 0.005 0.011 0.058 0.097 0.123 0.138 0.166 0.241 0.157 
 16    (0)   :  0.004 0.004 0.014 0.049 0.096 0.247 0.173 0.102 0.107 0.204 
 17    (0)   :  0.007 0.005 0.014 0.056 0.077 0.297 0.116 0.187 0.144 0.096 
 18    (0)   :  0.007 0.005 0.011 0.191 0.058 0.159 0.110 0.110 0.177 0.171 
 19    (0)   :  0.005 0.004 0.011 0.061 0.101 0.360 0.114 0.104 0.130 0.110 
 20    (0)   :  0.005 0.004 0.013 0.059 0.155 0.164 0.102 0.178 0.163 0.156 
 21    (0)   :  0.004 0.007 0.010 0.058 0.072 0.131 0.163 0.193 0.221 0.139 
 22    (0)   :  0.006 0.004 0.010 0.064 0.070 0.329 0.160 0.110 0.135 0.112 
 23    (0)   :  0.008 0.011 0.023 0.074 0.073 0.122 0.238 0.185 0.152 0.114 
 24    (0)   :  0.004 0.004 0.013 0.049 0.081 0.146 0.251 0.107 0.165 0.179 
 25    (0)   :  0.005 0.005 0.013 0.114 0.129 0.286 0.082 0.135 0.088 0.143 
 26    (0)   :  0.006 0.004 0.011 0.052 0.092 0.204 0.137 0.156 0.209 0.129 
 27    (0)   :  0.005 0.005 0.013 0.052 0.080 0.246 0.147 0.170 0.145 0.137 
 28    (0)   :  0.005 0.016 0.013 0.051 0.114 0.115 0.123 0.118 0.280 0.166 
 29    (0)   :  0.004 0.004 0.016 0.078 0.168 0.178 0.165 0.168 0.107 0.112 
 30    (0)   :  0.005 0.004 0.012 0.067 0.071 0.285 0.168 0.136 0.112 0.141 
 31    (0)   :  0.011 0.097 0.016 0.083 0.120 0.148 0.119 0.186 0.112 0.107 
 32    (0)   :  0.004 0.008 0.009 0.067 0.072 0.255 0.143 0.143 0.185 0.113 
 33    (0)   :  0.005 0.004 0.011 0.047 0.118 0.191 0.230 0.120 0.120 0.154 
 34    (0)   :  0.006 0.097 0.023 0.048 0.167 0.249 0.082 0.084 0.103 0.141 
 35    (0)   :  0.008 0.004 0.026 0.062 0.077 0.243 0.142 0.261 0.092 0.085 
 36    (0)   :  0.004 0.007 0.011 0.044 0.070 0.094 0.205 0.209 0.088 0.269 
 37    (0)   :  0.005 0.004 0.010 0.093 0.078 0.159 0.239 0.163 0.156 0.092 
 38    (0)   :  0.005 0.004 0.024 0.043 0.135 0.114 0.115 0.147 0.077 0.335 
 39    (0)   :  0.007 0.004 0.023 0.049 0.132 0.158 0.116 0.206 0.116 0.189 
 40    (0)   :  0.004 0.004 0.011 0.046 0.060 0.142 0.319 0.205 0.101 0.108 
 41    (0)   :  0.007 0.008 0.027 0.038 0.119 0.152 0.238 0.176 0.072 0.162 
 42    (0)   :  0.004 0.004 0.017 0.033 0.066 0.074 0.372 0.125 0.112 0.192 
 43    (0)   :  0.006 0.009 0.016 0.078 0.084 0.130 0.249 0.240 0.103 0.085 
 44    (0)   :  0.006 0.004 0.013 0.063 0.073 0.195 0.183 0.316 0.071 0.076 
 45    (0)   :  0.005 0.004 0.023 0.117 0.095 0.096 0.147 0.223 0.078 0.211 
 46    (0)   :  0.008 0.004 0.013 0.053 0.095 0.269 0.088 0.242 0.119 0.108 
 47    (0)   :  0.011 0.009 0.021 0.139 0.083 0.246 0.162 0.119 0.124 0.084 
 48    (0)   :  0.007 0.004 0.016 0.044 0.060 0.181 0.170 0.366 0.077 0.075 
 49    (0)   :  0.008 0.005 0.034 0.050 0.088 0.168 0.180 0.223 0.109 0.135 
 50    (0)   :  0.008 0.028 0.017 0.064 0.139 0.277 0.079 0.151 0.113 0.123 
 51    (0)   :  0.004 0.007 0.015 0.039 0.066 0.074 0.226 0.293 0.073 0.201 
 52    (0)   :  0.008 0.004 0.024 0.046 0.141 0.164 0.147 0.162 0.128 0.176 
 53    (0)   :  0.007 0.011 0.016 0.040 0.100 0.165 0.152 0.134 0.110 0.266 
 54    (0)   :  0.006 0.004 0.019 0.192 0.082 0.137 0.171 0.197 0.123 0.067 
 55    (0)   :  0.005 0.004 0.014 0.063 0.070 0.123 0.131 0.410 0.102 0.079 
 56    (0)   :  0.006 0.004 0.020 0.038 0.064 0.169 0.174 0.297 0.112 0.116 
 57    (0)   :  0.011 0.009 0.019 0.054 0.095 0.240 0.129 0.088 0.244 0.109 
 58    (0)   :  0.005 0.004 0.022 0.061 0.094 0.109 0.212 0.258 0.099 0.134 
 59    (0)   :  0.005 0.004 0.037 0.043 0.102 0.114 0.166 0.217 0.098 0.213 
 60    (0)   :  0.004 0.009 0.011 0.045 0.073 0.089 0.209 0.268 0.149 0.145 
 61    (0)   :  0.004 0.004 0.012 0.153 0.069 0.076 0.161 0.310 0.141 0.070 
 62    (0)   :  0.010 0.004 0.062 0.106 0.110 0.173 0.101 0.167 0.150 0.116 
 63    (0)   :  0.004 0.004 0.011 0.073 0.127 0.107 0.230 0.182 0.120 0.142 
 64    (0)   :  0.005 0.004 0.018 0.052 0.096 0.297 0.121 0.157 0.093 0.157 
 65    (0)   :  0.005 0.004 0.015 0.114 0.214 0.201 0.086 0.162 0.086 0.112 
 66    (0)   :  0.005 0.009 0.014 0.087 0.124 0.106 0.158 0.202 0.189 0.107 
 67    (0)   :  0.005 0.004 0.012 0.186 0.075 0.117 0.131 0.311 0.089 0.069 
 68    (0)   :  0.006 0.005 0.036 0.043 0.088 0.095 0.176 0.212 0.110 0.229 
 69    (0)   :  0.007 0.187 0.039 0.048 0.084 0.110 0.088 0.105 0.095 0.237 
 70    (0)   :  0.004 0.010 0.013 0.038 0.113 0.084 0.222 0.173 0.106 0.237 
 71    (0)   :  0.005 0.007 0.036 0.051 0.106 0.113 0.110 0.283 0.074 0.215 
 72    (0)   :  0.005 0.007 0.011 0.052 0.081 0.213 0.165 0.180 0.083 0.202 
 73    (0)   :  0.005 0.007 0.038 0.122 0.114 0.103 0.127 0.293 0.085 0.106 
 74    (0)   :  0.004 0.004 0.010 0.041 0.064 0.091 0.272 0.176 0.105 0.233 
 75    (0)   :  0.005 0.008 0.014 0.042 0.055 0.081 0.291 0.186 0.127 0.191 
 76    (0)   :  0.005 0.004 0.010 0.090 0.138 0.134 0.154 0.257 0.097 0.113 
 77    (0)   :  0.005 0.004 0.023 0.056 0.145 0.104 0.182 0.173 0.071 0.238 
 78    (0)   :  0.005 0.005 0.026 0.044 0.127 0.106 0.186 0.145 0.071 0.285 
 79    (0)   :  0.004 0.004 0.011 0.174 0.150 0.169 0.114 0.094 0.109 0.171 
 80    (0)   :  0.004 0.004 0.010 0.088 0.110 0.083 0.225 0.086 0.294 0.097 
 81    (0)   :  0.004 0.005 0.009 0.111 0.139 0.088 0.155 0.079 0.285 0.125 
 82    (0)   :  0.004 0.004 0.018 0.067 0.105 0.117 0.188 0.243 0.143 0.110 
 83    (0)   :  0.004 0.005 0.009 0.069 0.120 0.100 0.135 0.126 0.231 0.202 
 84    (0)   :  0.004 0.004 0.010 0.074 0.145 0.122 0.139 0.098 0.213 0.190 
 85    (0)   :  0.004 0.005 0.009 0.070 0.075 0.133 0.149 0.110 0.235 0.210 
 86    (0)   :  0.006 0.004 0.018 0.078 0.103 0.194 0.096 0.299 0.111 0.091 
 87    (0)   :  0.005 0.010 0.011 0.128 0.202 0.094 0.118 0.112 0.114 0.207 
 88    (0)   :  0.004 0.004 0.010 0.084 0.140 0.099 0.228 0.121 0.186 0.123 
 89    (0)   :  0.005 0.010 0.010 0.159 0.102 0.091 0.196 0.088 0.227 0.113 
 90    (0)   :  0.004 0.004 0.011 0.159 0.214 0.106 0.120 0.104 0.130 0.148 
 91    (0)   :  0.004 0.005 0.009 0.054 0.075 0.095 0.199 0.105 0.278 0.176 
 92    (0)   :  0.004 0.004 0.011 0.114 0.139 0.139 0.160 0.131 0.149 0.149 
 93    (0)   :  0.004 0.018 0.010 0.045 0.066 0.093 0.193 0.092 0.388 0.090 
 94    (0)   :  0.004 0.005 0.009 0.045 0.246 0.083 0.103 0.096 0.107 0.300 
 95    (0)   :  0.004 0.004 0.010 0.123 0.220 0.079 0.173 0.097 0.166 0.123 
 96    (0)   :  0.004 0.005 0.012 0.075 0.073 0.075 0.256 0.268 0.150 0.082 
 97    (0)   :  0.005 0.004 0.013 0.053 0.056 0.085 0.228 0.198 0.141 0.217 
 98    (0)   :  0.004 0.004 0.012 0.108 0.081 0.151 0.260 0.172 0.090 0.119 
 99    (0)   :  0.004 0.005 0.010 0.143 0.154 0.108 0.129 0.085 0.202 0.160 
100    (0)   :  0.004 0.004 0.012 0.107 0.060 0.078 0.244 0.123 0.296 0.071 
101    (0)   :  0.005 0.031 0.012 0.154 0.131 0.095 0.154 0.119 0.123 0.176 
102    (0)   :  0.005 0.006 0.020 0.049 0.113 0.091 0.212 0.137 0.214 0.153 
103    (0)   :  0.005 0.017 0.012 0.236 0.133 0.102 0.097 0.134 0.171 0.092 
104    (0)   :  0.004 0.008 0.011 0.061 0.353 0.112 0.065 0.141 0.147 0.098 
105    (0)   :  0.005 0.018 0.025 0.102 0.242 0.106 0.083 0.156 0.180 0.083 
106    (0)   :  0.004 0.004 0.011 0.054 0.305 0.142 0.079 0.134 0.069 0.199 
107    (0)   :  0.005 0.012 0.016 0.108 0.222 0.108 0.097 0.170 0.171 0.092 
108    (0)   :  0.004 0.005 0.009 0.067 0.069 0.101 0.074 0.381 0.106 0.184 
109    (0)   :  0.006 0.008 0.114 0.049 0.183 0.131 0.073 0.174 0.077 0.185 
110    (0)   :  0.004 0.006 0.013 0.050 0.336 0.134 0.084 0.095 0.074 0.204 
111    (0)   :  0.006 0.006 0.022 0.063 0.384 0.107 0.073 0.137 0.118 0.082 
112    (0)   :  0.005 0.005 0.137 0.041 0.293 0.090 0.084 0.130 0.082 0.134 
113    (0)   :  0.005 0.008 0.013 0.087 0.101 0.151 0.118 0.258 0.128 0.131 
114    (0)   :  0.004 0.008 0.017 0.071 0.336 0.101 0.072 0.120 0.177 0.094 
115    (0)   :  0.005 0.005 0.020 0.052 0.236 0.127 0.141 0.226 0.091 0.096 
116    (0)   :  0.006 0.004 0.018 0.045 0.197 0.126 0.095 0.237 0.070 0.202 
117    (0)   :  0.006 0.009 0.031 0.050 0.291 0.144 0.128 0.093 0.076 0.173 
118    (0)   :  0.005 0.004 0.025 0.082 0.181 0.124 0.081 0.297 0.112 0.087 
119    (0)   :  0.004 0.005 0.009 0.067 0.093 0.076 0.247 0.195 0.153 0.150 
120    (0)   :  0.005 0.005 0.025 0.063 0.254 0.119 0.112 0.199 0.117 0.102 
121    (0)   :  0.010 0.013 0.047 0.067 0.202 0.114 0.120 0.227 0.075 0.123 
122    (0)   :  0.004 0.008 0.018 0.071 0.265 0.144 0.084 0.128 0.099 0.180 
123    (0)   :  0.005 0.007 0.015 0.061 0.284 0.106 0.090 0.155 0.128 0.149 
124    (0)   :  0.007 0.006 0.031 0.068 0.163 0.155 0.086 0.216 0.094 0.175 
125    (0)   :  0.005 0.006 0.034 0.044 0.132 0.180 0.147 0.103 0.078 0.271 
126    (0)   :  0.004 0.004 0.010 0.050 0.188 0.092 0.111 0.207 0.119 0.215 
127    (0)   :  0.005 0.005 0.017 0.067 0.382 0.085 0.076 0.163 0.121 0.080 
128    (0)   :  0.004 0.004 0.019 0.133 0.146 0.137 0.086 0.280 0.110 0.080 
129    (0)   :  0.005 0.017 0.016 0.203 0.228 0.112 0.072 0.173 0.086 0.088 
130    (0)   :  0.006 0.010 0.028 0.086 0.286 0.111 0.085 0.121 0.168 0.101 
131    (0)   :  0.008 0.016 0.029 0.067 0.162 0.125 0.081 0.169 0.073 0.269 
132    (0)   :  0.005 0.009 0.014 0.152 0.242 0.123 0.074 0.137 0.081 0.163 
133    (0)   :  0.008 0.011 0.015 0.096 0.239 0.119 0.085 0.198 0.130 0.100 
134    (0)   :  0.004 0.004 0.017 0.067 0.443 0.111 0.069 0.082 0.064 0.140 
135    (0)   :  0.005 0.004 0.019 0.035 0.055 0.070 0.168 0.230 0.311 0.102 
136    (0)   :  0.005 0.007 0.012 0.036 0.052 0.124 0.147 0.096 0.437 0.083 
137    (0)   :  0.004 0.009 0.023 0.038 0.078 0.085 0.245 0.078 0.355 0.084 
138    (0)   :  0.004 0.004 0.009 0.036 0.052 0.074 0.116 0.094 0.511 0.100 
139    (0)   :  0.004 0.007 0.013 0.080 0.059 0.109 0.126 0.250 0.256 0.097 
140    (0)   :  0.005 0.011 0.011 0.063 0.077 0.093 0.189 0.151 0.260 0.140 
141    (0)   :  0.005 0.020 0.013 0.045 0.053 0.139 0.115 0.112 0.379 0.119 
142    (0)   :  0.005 0.010 0.018 0.040 0.053 0.070 0.150 0.272 0.286 0.095 
143    (0)   :  0.004 0.004 0.009 0.035 0.051 0.074 0.222 0.088 0.441 0.072 
144    (0)   :  0.004 0.005 0.024 0.037 0.077 0.077 0.226 0.086 0.385 0.078 
145    (0)   :  0.005 0.008 0.015 0.045 0.053 0.143 0.171 0.136 0.309 0.115 
146    (0)   :  0.006 0.008 0.011 0.043 0.088 0.124 0.183 0.112 0.288 0.136 
147    (0)   :  0.004 0.007 0.009 0.034 0.052 0.081 0.186 0.077 0.474 0.077 
148    (0)   :  0.005 0.024 0.016 0.046 0.072 0.132 0.128 0.167 0.322 0.087 
149    (0)   :  0.005 0.146 0.013 0.040 0.052 0.082 0.187 0.159 0.212 0.106 
150    (0)   :  0.005 0.009 0.026 0.056 0.103 0.101 0.165 0.104 0.340 0.091 
151    (0)   :  0.004 0.004 0.010 0.044 0.066 0.086 0.179 0.104 0.420 0.084 
152    (0)   :  0.005 0.011 0.015 0.037 0.058 0.124 0.114 0.190 0.336 0.110 
153    (0)   :  0.004 0.008 0.010 0.038 0.065 0.085 0.161 0.118 0.392 0.119 
154    (0)   :  0.005 0.191 0.012 0.043 0.052 0.125 0.136 0.157 0.198 0.080 
155    (0)   :  0.004 0.004 0.009 0.044 0.067 0.080 0.100 0.093 0.522 0.077 
156    (0)   :  0.004 0.004 0.012 0.037 0.067 0.073 0.172 0.188 0.367 0.075 
157    (0)   :  0.004 0.007 0.009 0.042 0.109 0.085 0.138 0.079 0.410 0.117 
158    (0)   :  0.005 0.008 0.015 0.038 0.054 0.139 0.187 0.113 0.320 0.122 
159    (0)   :  0.005 0.071 0.011 0.037 0.053 0.082 0.191 0.084 0.387 0.078 
160    (0)   :  0.006 0.065 0.011 0.038 0.052 0.081 0.125 0.093 0.448 0.080 
161    (0)   :  0.004 0.008 0.010 0.045 0.064 0.096 0.330 0.100 0.219 0.124 
162    (0)   :  0.007 0.008 0.012 0.052 0.086 0.130 0.123 0.137 0.315 0.130 
163    (0)   :  0.004 0.005 0.009 0.036 0.064 0.075 0.128 0.116 0.485 0.078 
164    (0)   :  0.007 0.108 0.010 0.085 0.080 0.102 0.124 0.128 0.249 0.107 
165    (0)   :  0.005 0.005 0.026 0.045 0.101 0.087 0.171 0.098 0.372 0.090 
166    (0)   :  0.005 0.104 0.009 0.050 0.084 0.080 0.128 0.135 0.249 0.156 
167    (0)   :  0.008 0.231 0.010 0.034 0.067 0.139 0.090 0.097 0.243 0.082 
168    (0)   :  0.004 0.005 0.009 0.037 0.053 0.083 0.126 0.112 0.404 0.167 
169    (0)   :  0.006 0.008 0.016 0.035 0.053 0.137 0.157 0.106 0.257 0.225 
170    (0)   :  0.004 0.004 0.009 0.056 0.062 0.081 0.399 0.122 0.182 0.080 
171    (0)   :  0.005 0.007 0.010 0.054 0.056 0.117 0.125 0.143 0.346 0.138 
172    (0)   :  0.005 0.023 0.014 0.035 0.051 0.081 0.209 0.160 0.226 0.195 
173    (0)   :  0.005 0.006 0.010 0.044 0.052 0.083 0.104 0.107 0.517 0.074 
174    (0)   :  0.004 0.007 0.009 0.045 0.068 0.095 0.123 0.082 0.476 0.090 
175    (0)   :  0.004 0.004 0.010 0.040 0.051 0.121 0.265 0.088 0.342 0.074 
176    (0)   :  0.005 0.005 0.023 0.037 0.077 0.078 0.227 0.086 0.384 0.078 
177    (0)   :  0.005 0.007 0.010 0.043 0.101 0.088 0.122 0.090 0.353 0.181 
178    (0)   :  0.004 0.008 0.009 0.052 0.067 0.152 0.100 0.088 0.432 0.088 
179    (0)   :  0.004 0.013 0.008 0.043 0.052 0.083 0.107 0.085 0.531 0.074 
180    (0)   :  0.007 0.024 0.012 0.037 0.069 0.112 0.209 0.118 0.295 0.116 
181    (0)   :  0.005 0.007 0.014 0.047 0.053 0.089 0.199 0.149 0.330 0.107 
182    (0)   :  0.005 0.005 0.012 0.044 0.052 0.075 0.178 0.154 0.402 0.075 
183    (0)   :  0.004 0.007 0.009 0.042 0.052 0.084 0.159 0.097 0.472 0.074 
184    (0)   :  0.005 0.004 0.012 0.173 0.076 0.189 0.102 0.239 0.118 0.081 
185    (0)   :  0.004 0.004 0.011 0.035 0.047 0.067 0.149 0.188 0.433 0.062 
186    (0)   :  0.004 0.004 0.009 0.325 0.096 0.141 0.099 0.141 0.101 0.080 
187    (0)   :  0.004 0.005 0.009 0.163 0.075 0.116 0.105 0.166 0.281 0.075 
188    (0)   :  0.004 0.004 0.009 0.440 0.073 0.122 0.078 0.121 0.081 0.069 
189    (0)   :  0.004 0.004 0.009 0.043 0.065 0.168 0.179 0.178 0.205 0.144 
190    (0)   :  0.004 0.004 0.012 0.041 0.049 0.062 0.134 0.417 0.215 0.061 
191    (0)   :  0.004 0.004 0.013 0.350 0.062 0.111 0.095 0.134 0.154 0.073 
192    (0)   :  0.004 0.004 0.009 0.166 0.094 0.141 0.164 0.123 0.211 0.083 
193    (0)   :  0.004 0.004 0.014 0.092 0.074 0.154 0.170 0.200 0.192 0.095 
194    (0)   :  0.004 0.005 0.009 0.144 0.082 0.110 0.245 0.166 0.148 0.087 
195    (0)   :  0.004 0.004 0.010 0.137 0.050 0.074 0.149 0.212 0.294 0.066 
196    (0)   :  0.004 0.004 0.012 0.054 0.071 0.087 0.127 0.366 0.204 0.071 
197    (0)   :  0.005 0.004 0.011 0.073 0.104 0.206 0.086 0.208 0.218 0.086 
198    (0)   :  0.004 0.004 0.010 0.088 0.089 0.174 0.157 0.182 0.157 0.136 
199    (0)   :  0.004 0.004 0.013 0.047 0.068 0.081 0.214 0.350 0.137 0.081 
200    (0)   :  0.004 0.004 0.015 0.043 0.062 0.117 0.107 0.365 0.192 0.091 
201    (0)   :  0.004 0.004 0.009 0.078 0.059 0.096 0.111 0.182 0.394 0.064 
202    (0)   :  0.004 0.004 0.011 0.048 0.066 0.074 0.263 0.213 0.254 0.065 
203    (0)   :  0.004 0.004 0.013 0.118 0.059 0.084 0.106 0.155 0.396 0.062 
204    (0)   :  0.004 0.004 0.011 0.247 0.052 0.071 0.142 0.217 0.185 0.065 
205    (0)   :  0.004 0.004 0.011 0.138 0.070 0.099 0.121 0.308 0.156 0.089 
206    (0)   :  0.004 0.005 0.010 0.217 0.056 0.091 0.118 0.224 0.210 0.064 
207    (0)   :  0.004 0.004 0.014 0.187 0.077 0.087 0.143 0.297 0.123 0.064 
208    (0)   :  0.004 0.004 0.011 0.096 0.063 0.091 0.092 0.272 0.298 0.069 
209    (0)   :  0.004 0.004 0.014 0.210 0.070 0.125 0.141 0.183 0.171 0.078 
210    (0)   :  0.004 0.004 0.010 0.225 0.068 0.096 0.114 0.188 0.223 0.069 
211    (0)   :  0.005 0.004 0.021 0.043 0.088 0.085 0.161 0.366 0.166 0.062 
212    (0)   :  0.004 0.004 0.010 0.052 0.052 0.108 0.209 0.173 0.311 0.078 
213    (0)   :  0.004 0.004 0.013 0.132 0.096 0.078 0.191 0.239 0.123 0.120 
214    (0)   :  0.004 0.004 0.011 0.056 0.059 0.094 0.187 0.186 0.334 0.064 
215    (0)   :  0.004 0.004 0.014 0.136 0.081 0.101 0.086 0.352 0.142 0.081 
216    (0)   :  0.005 0.004 0.011 0.094 0.077 0.220 0.128 0.240 0.134 0.087 
217    (0)   :  0.004 0.004 0.010 0.055 0.058 0.099 0.165 0.226 0.309 0.070 
218    (0)   :  0.004 0.004 0.011 0.188 0.082 0.097 0.119 0.215 0.190 0.090 
219    (0)   :  0.006 0.005 0.009 0.061 0.066 0.190 0.129 0.182 0.258 0.096 
220    (0)   :  0.004 0.004 0.011 0.350 0.061 0.085 0.097 0.170 0.152 0.066 
221    (0)   :  0.004 0.004 0.011 0.040 0.049 0.071 0.405 0.152 0.199 0.065 
222    (0)   :  0.005 0.004 0.009 0.099 0.077 0.239 0.147 0.171 0.161 0.087 
223    (0)   :  0.004 0.004 0.009 0.069 0.074 0.133 0.125 0.181 0.312 0.088 
224    (0)   :  0.004 0.005 0.010 0.167 0.057 0.093 0.153 0.160 0.286 0.064 
225    (0)   :  0.004 0.004 0.011 0.142 0.065 0.096 0.146 0.268 0.185 0.078 
226    (0)   :  0.005 0.005 0.013 0.061 0.076 0.147 0.130 0.231 0.182 0.151 
227    (0)   :  0.004 0.005 0.011 0.125 0.072 0.071 0.171 0.266 0.212 0.064 
228    (0)   :  0.004 0.004 0.013 0.111 0.047 0.069 0.137 0.275 0.278 0.062 
229    (0)   :  0.004 0.004 0.009 0.245 0.060 0.092 0.158 0.098 0.266 0.064 
230    (0)   :  0.004 0.004 0.012 0.252 0.059 0.088 0.150 0.126 0.242 0.064 
231    (0)   :  0.004 0.004 0.011 0.178 0.060 0.131 0.112 0.125 0.302 0.073 
232    (0)   :  0.004 0.004 0.012 0.113 0.078 0.081 0.267 0.156 0.158 0.127 
233    (0)   :  0.004 0.004 0.011 0.055 0.060 0.097 0.120 0.152 0.433 0.065 
234    (0)   :  0.004 0.004 0.010 0.089 0.083 0.203 0.113 0.160 0.239 0.095 
235    (0)   :  0.004 0.004 0.010 0.073 0.073 0.115 0.194 0.218 0.218 0.091 
236    (0)   :  0.004 0.004 0.011 0.060 0.068 0.129 0.139 0.187 0.321 0.078 
237    (0)   :  0.004 0.004 0.016 0.162 0.065 0.097 0.120 0.300 0.158 0.074 
238    (0)   :  0.004 0.004 0.010 0.068 0.074 0.108 0.207 0.161 0.294 0.071 
239    (0)   :  0.004 0.004 0.010 0.138 0.050 0.074 0.151 0.209 0.295 0.065 
240    (0)   :  0.004 0.004 0.010 0.068 0.075 0.107 0.207 0.160 0.295 0.071 
241    (0)   :  0.005 0.004 0.011 0.057 0.056 0.082 0.245 0.185 0.272 0.083 
242    (0)   :  0.004 0.005 0.010 0.201 0.058 0.119 0.148 0.165 0.188 0.103 
243    (0)   :  0.004 0.004 0.014 0.052 0.056 0.075 0.118 0.399 0.218 0.061 
244    (0)   :  0.004 0.004 0.013 0.141 0.058 0.091 0.136 0.162 0.327 0.064 
245    (0)   :  0.004 0.004 0.009 0.050 0.063 0.083 0.174 0.154 0.385 0.074 
246    (0)   :  0.004 0.004 0.010 0.057 0.058 0.100 0.164 0.225 0.309 0.070 
247    (0)   :  0.004 0.004 0.010 0.194 0.137 0.115 0.107 0.191 0.096 0.142 
248    (0)   :  0.004 0.004 0.012 0.102 0.086 0.111 0.086 0.401 0.116 0.078 
249    (0)   :  0.004 0.004 0.012 0.133 0.067 0.094 0.217 0.155 0.249 0.065 
250    (0)   :  0.004 0.004 0.012 0.145 0.077 0.127 0.156 0.153 0.243 0.078 
251    (0)   :  0.004 0.004 0.015 0.047 0.078 0.168 0.104 0.292 0.162 0.127 
252    (0)   :  0.004 0.004 0.009 0.146 0.066 0.103 0.173 0.200 0.216 0.080 
253    (0)   :  0.004 0.004 0.010 0.063 0.103 0.120 0.164 0.304 0.116 0.112 
254    (0)   :  0.005 0.004 0.009 0.100 0.069 0.209 0.116 0.215 0.200 0.073 
255    (0)   :  0.004 0.004 0.011 0.212 0.071 0.134 0.157 0.134 0.196 0.078 
256    (0)   :  0.004 0.004 0.012 0.072 0.063 0.103 0.208 0.238 0.221 0.075 
257    (0)   :  0.006 0.006 0.014 0.122 0.078 0.109 0.150 0.248 0.182 0.084 
258    (0)   :  0.004 0.004 0.013 0.070 0.081 0.127 0.100 0.336 0.167 0.101 
259    (0)   :  0.005 0.005 0.012 0.172 0.074 0.120 0.160 0.205 0.171 0.077 
260    (0)   :  0.005 0.004 0.009 0.068 0.072 0.218 0.144 0.137 0.269 0.074 
261    (0)   :  0.003 0.004 0.009 0.059 0.057 0.100 0.153 0.250 0.285 0.080 
262    (0)   :  0.004 0.004 0.011 0.042 0.049 0.072 0.176 0.319 0.253 0.069 
263    (0)   :  0.005 0.004 0.013 0.222 0.061 0.132 0.096 0.244 0.158 0.064 
264    (0)   :  0.006 0.004 0.012 0.087 0.079 0.331 0.087 0.214 0.086 0.095 
265    (0)   :  0.004 0.004 0.009 0.078 0.074 0.135 0.107 0.252 0.246 0.090 
266    (0)   :  0.004 0.004 0.011 0.041 0.049 0.071 0.233 0.200 0.322 0.065 
267    (0)   :  0.004 0.004 0.013 0.088 0.081 0.138 0.165 0.214 0.219 0.074 
268    (0)   :  0.004 0.004 0.012 0.054 0.072 0.087 0.127 0.367 0.202 0.071 
269    (0)   :  0.004 0.004 0.009 0.055 0.069 0.201 0.109 0.185 0.252 0.112 
270    (0)   :  0.005 0.008 0.012 0.146 0.083 0.176 0.106 0.223 0.152 0.089 
271    (0)   :  0.004 0.004 0.014 0.071 0.081 0.112 0.104 0.360 0.158 0.092 
272    (0)   :  0.005 0.005 0.016 0.049 0.077 0.117 0.108 0.325 0.162 0.135 
273    (0)   :  0.020 0.028 0.022 0.102 0.097 0.131 0.142 0.145 0.201 0.113 
274    (0)   :  0.004 0.004 0.011 0.075 0.080 0.144 0.122 0.272 0.177 0.109 
275    (0)   :  0.008 0.019 0.016 0.077 0.070 0.158 0.111 0.236 0.210 0.097 
276    (0)   :  0.005 0.005 0.016 0.063 0.086 0.107 0.162 0.319 0.118 0.119 
277    (0)   :  0.004 0.004 0.009 0.084 0.074 0.150 0.164 0.175 0.245 0.091 
278    (0)   :  0.004 0.004 0.013 0.055 0.069 0.097 0.081 0.428 0.171 0.079 
279    (0)   :  0.004 0.004 0.011 0.081 0.072 0.138 0.148 0.238 0.213 0.090 
280    (0)   :  0.004 0.004 0.010 0.063 0.065 0.140 0.141 0.256 0.198 0.118 
281    (0)   :  0.004 0.004 0.011 0.137 0.094 0.111 0.127 0.229 0.175 0.107 
282    (0)   :  0.004 0.004 0.009 0.058 0.069 0.140 0.143 0.137 0.358 0.079 
283    (0)   :  0.004 0.004 0.009 0.113 0.069 0.091 0.169 0.118 0.358 0.063 
284    (0)   :  0.004 0.007 0.013 0.061 0.092 0.138 0.137 0.216 0.244 0.088 
285    (0)   :  0.004 0.004 0.015 0.161 0.078 0.099 0.084 0.370 0.083 0.102 
286    (0)   :  0.004 0.004 0.013 0.141 0.058 0.091 0.135 0.159 0.331 0.064 
287    (0)   :  0.004 0.004 0.009 0.101 0.097 0.126 0.140 0.184 0.208 0.126 
288    (0)   :  0.005 0.005 0.013 0.147 0.077 0.129 0.111 0.230 0.162 0.122 
289    (0)   :  0.006 0.007 0.016 0.148 0.103 0.125 0.108 0.259 0.136 0.092 
290    (0)   :  0.006 0.004 0.021 0.094 0.069 0.155 0.186 0.252 0.123 0.090 
291    (0)   :  0.004 0.004 0.014 0.070 0.081 0.113 0.104 0.361 0.157 0.092 
292    (0)   :  0.004 0.004 0.010 0.047 0.056 0.106 0.171 0.292 0.193 0.117 
293    (0)   :  0.004 0.004 0.016 0.054 0.072 0.215 0.120 0.290 0.115 0.110 
294    (0)   :  0.005 0.004 0.012 0.252 0.058 0.110 0.118 0.255 0.115 0.071 
295    (0)   :  0.005 0.011 0.019 0.052 0.084 0.119 0.137 0.321 0.135 0.117 
296    (0)   :  0.004 0.004 0.014 0.146 0.087 0.083 0.099 0.309 0.169 0.084 
297    (0)   :  0.004 0.004 0.010 0.151 0.074 0.144 0.150 0.199 0.145 0.120 
298    (0)   :  0.004 0.004 0.009 0.141 0.078 0.138 0.166 0.113 0.269 0.078 
299    (0)   :  0.004 0.004 0.009 0.360 0.061 0.129 0.110 0.123 0.137 0.063 
300    (0)   :  0.004 0.004 0.013 0.311 0.058 0.089 0.120 0.201 0.113 0.087 
301    (0)   :  0.005 0.007 0.012 0.075 0.070 0.233 0.105 0.253 0.152 0.088 
302    (0)   :  0.006 0.009 0.017 0.122 0.058 0.118 0.096 0.370 0.134 0.072 
303    (0)   :  0.004 0.004 0.012 0.146 0.059 0.101 0.182 0.145 0.259 0.088 
304    (0)   :  0.005 0.007 0.011 0.059 0.097 0.212 0.120 0.100 0.305 0.084 
305    (0)   :  0.004 0.009 0.013 0.114 0.051 0.082 0.141 0.259 0.250 0.076 
306    (0)   :  0.004 0.004 0.009 0.055 0.064 0.113 0.227 0.187 0.256 0.082 
307    (0)   :  0.005 0.005 0.012 0.071 0.073 0.141 0.197 0.214 0.192 0.091 
308    (0)   :  0.004 0.004 0.009 0.059 0.057 0.100 0.153 0.250 0.285 0.080 
309    (0)   :  0.011 0.016 0.025 0.314 0.081 0.089 0.091 0.165 0.137 0.071 
310    (0)   :  0.004 0.004 0.012 0.071 0.057 0.090 0.151 0.290 0.258 0.064 
311    (0)   :  0.004 0.004 0.012 0.251 0.060 0.088 0.150 0.129 0.239 0.064 
312    (0)   :  0.004 0.004 0.013 0.295 0.072 0.080 0.099 0.219 0.150 0.065 
313    (0)   :  0.004 0.004 0.012 0.119 0.065 0.080 0.097 0.443 0.103 0.072 
314    (0)   :  0.004 0.023 0.012 0.034 0.050 0.076 0.181 0.119 0.425 0.075 
315    (0)   :  0.004 0.022 0.009 0.035 0.052 0.086 0.145 0.117 0.418 0.113 
316    (0)   :  0.007 0.050 0.011 0.040 0.056 0.093 0.108 0.086 0.417 0.133 
317    (0)   :  0.005 0.021 0.011 0.034 0.052 0.079 0.147 0.084 0.489 0.079 
318    (0)   :  0.005 0.042 0.010 0.035 0.052 0.083 0.105 0.069 0.516 0.083 
319    (0)   :  0.004 0.004 0.009 0.035 0.051 0.074 0.163 0.089 0.500 0.072 
320    (0)   :  0.004 0.024 0.012 0.034 0.051 0.076 0.181 0.118 0.424 0.076 
321    (0)   :  0.004 0.051 0.011 0.035 0.052 0.084 0.158 0.077 0.443 0.083 
322    (0)   :  0.007 0.022 0.012 0.038 0.056 0.087 0.154 0.113 0.387 0.124 
323    (0)   :  0.012 0.021 0.009 0.037 0.053 0.087 0.127 0.074 0.502 0.077 
324    (0)   :  0.005 0.051 0.012 0.035 0.053 0.084 0.159 0.077 0.442 0.082 
325    (0)   :  0.005 0.068 0.010 0.036 0.054 0.091 0.101 0.082 0.426 0.128 
326    (0)   :  0.005 0.284 0.010 0.038 0.055 0.086 0.117 0.079 0.218 0.110 
327    (0)   :  0.004 0.022 0.012 0.035 0.052 0.078 0.149 0.083 0.486 0.079 
328    (0)   :  0.004 0.023 0.010 0.037 0.054 0.088 0.168 0.103 0.391 0.121 
329    (0)   :  0.004 0.006 0.008 0.034 0.051 0.080 0.158 0.068 0.514 0.077 
330    (0)   :  0.004 0.021 0.011 0.035 0.052 0.079 0.146 0.083 0.490 0.078 
331    (0)   :  0.004 0.012 0.008 0.036 0.051 0.080 0.115 0.073 0.544 0.077 
332    (0)   :  0.008 0.272 0.010 0.037 0.055 0.089 0.118 0.079 0.223 0.110 
333    (0)   :  0.006 0.201 0.009 0.039 0.054 0.084 0.137 0.090 0.271 0.108 
334    (0)   :  0.004 0.023 0.009 0.037 0.053 0.088 0.170 0.103 0.390 0.122 
335    (0)   :  0.004 0.010 0.010 0.034 0.053 0.081 0.169 0.104 0.422 0.114 
336    (0)   :  0.007 0.234 0.010 0.036 0.052 0.083 0.157 0.094 0.252 0.076 
337    (0)   :  0.004 0.078 0.011 0.036 0.054 0.091 0.153 0.093 0.353 0.128 
338    (0)   :  0.005 0.211 0.009 0.036 0.053 0.085 0.122 0.069 0.328 0.081 
339    (0)   :  0.004 0.012 0.008 0.036 0.051 0.080 0.115 0.073 0.544 0.077 
340    (0)   :  0.004 0.007 0.008 0.035 0.050 0.074 0.110 0.078 0.561 0.073 
341    (0)   :  0.008 0.103 0.011 0.040 0.053 0.080 0.137 0.078 0.413 0.078 
342    (0)   :  0.005 0.022 0.011 0.035 0.052 0.078 0.148 0.084 0.487 0.079 
343    (0)   :  0.011 0.038 0.011 0.036 0.054 0.089 0.245 0.129 0.283 0.106 
344    (0)   :  0.004 0.012 0.009 0.034 0.052 0.081 0.120 0.068 0.544 0.076 
345    (0)   :  0.005 0.021 0.012 0.035 0.052 0.079 0.147 0.084 0.489 0.078 
346    (0)   :  0.004 0.020 0.010 0.034 0.052 0.078 0.102 0.074 0.548 0.078 
347    (0)   :  0.004 0.007 0.008 0.033 0.051 0.074 0.118 0.072 0.559 0.073 
348    (0)   :  0.004 0.011 0.010 0.034 0.052 0.078 0.202 0.148 0.360 0.102 
349    (0)   :  0.005 0.021 0.011 0.035 0.052 0.078 0.148 0.083 0.488 0.079 
350    (0)   :  0.004 0.007 0.008 0.035 0.051 0.077 0.143 0.106 0.496 0.074 
351    (0)   :  0.004 0.010 0.009 0.034 0.053 0.081 0.171 0.103 0.421 0.113 
352    (0)   :  0.005 0.032 0.012 0.035 0.054 0.085 0.143 0.105 0.406 0.124 
353    (0)   :  0.008 0.232 0.010 0.036 0.052 0.083 0.157 0.095 0.253 0.076 
354    (0)   :  0.006 0.021 0.010 0.039 0.053 0.084 0.138 0.071 0.498 0.080 
355    (0)   :  0.004 0.044 0.010 0.035 0.052 0.084 0.105 0.069 0.514 0.082 
356    (0)   :  0.004 0.005 0.009 0.033 0.051 0.076 0.281 0.144 0.296 0.101 
357    (0)   :  0.004 0.005 0.009 0.041 0.057 0.158 0.100 0.093 0.349 0.183 
358    (0)   :  0.004 0.166 0.009 0.036 0.054 0.087 0.140 0.081 0.310 0.112 
359    (0)   :  0.004 0.122 0.009 0.037 0.052 0.082 0.134 0.075 0.406 0.078 
360    (0)   :  0.005 0.019 0.010 0.034 0.052 0.078 0.100 0.074 0.551 0.078 
361    (0)   :  0.004 0.005 0.011 0.042 0.058 0.156 0.157 0.113 0.273 0.182 
362    (0)   :  0.005 0.010 0.012 0.133 0.095 0.123 0.102 0.136 0.123 0.261 
363    (0)   :  0.006 0.007 0.013 0.118 0.156 0.173 0.098 0.130 0.090 0.210 
364    (0)   :  0.010 0.008 0.016 0.059 0.088 0.218 0.188 0.122 0.190 0.100 
365    (0)   :  0.012 0.008 0.027 0.056 0.087 0.229 0.104 0.122 0.101 0.253 
366    (0)   :  0.005 0.007 0.015 0.067 0.062 0.194 0.141 0.215 0.141 0.151 
367    (0)   :  0.004 0.004 0.012 0.067 0.299 0.117 0.074 0.081 0.076 0.266 
368    (0)   :  0.004 0.004 0.011 0.206 0.140 0.156 0.113 0.121 0.110 0.133 
369    (0)   :  0.005 0.011 0.016 0.069 0.070 0.201 0.286 0.137 0.114 0.091 
370    (0)   :  0.009 0.014 0.019 0.130 0.179 0.167 0.122 0.147 0.109 0.104 
371    (0)   :  0.007 0.017 0.016 0.111 0.080 0.281 0.137 0.136 0.127 0.088 
372    (0)   :  0.023 0.018 0.029 0.237 0.113 0.091 0.113 0.143 0.131 0.100 
373    (0)   :  0.004 0.005 0.014 0.096 0.215 0.137 0.155 0.104 0.133 0.137 
374    (0)   :  0.006 0.005 0.022 0.059 0.105 0.199 0.212 0.102 0.161 0.130 
375    (0)   :  0.010 0.008 0.016 0.159 0.139 0.278 0.086 0.087 0.086 0.131 
376    (0)   :  0.079 0.007 0.014 0.047 0.107 0.245 0.093 0.080 0.082 0.246 
377    (0)   :  0.006 0.013 0.015 0.087 0.092 0.163 0.090 0.208 0.124 0.202 
378    (0)   :  0.005 0.010 0.014 0.047 0.273 0.086 0.106 0.121 0.209 0.130 
379    (0)   :  0.139 0.010 0.018 0.051 0.130 0.221 0.086 0.093 0.074 0.179 
380    (0)   :  0.008 0.010 0.015 0.063 0.061 0.140 0.196 0.111 0.141 0.254 
381    (0)   :  0.007 0.006 0.014 0.043 0.057 0.269 0.231 0.129 0.113 0.133 
382    (0)   :  0.004 0.007 0.010 0.058 0.132 0.361 0.082 0.090 0.104 0.152 
383    (0)   :  0.009 0.173 0.013 0.068 0.064 0.181 0.091 0.091 0.119 0.193 
384    (0)   :  0.029 0.050 0.022 0.065 0.104 0.264 0.103 0.088 0.148 0.127 
385    (0)   :  0.006 0.085 0.137 0.058 0.089 0.184 0.103 0.093 0.150 0.096 
386    (0)   :  0.004 0.004 0.010 0.076 0.147 0.189 0.097 0.106 0.091 0.277 
387    (0)   :  0.004 0.004 0.012 0.046 0.142 0.226 0.080 0.114 0.119 0.252 
388    (0)   :  0.011 0.009 0.028 0.069 0.107 0.221 0.139 0.090 0.192 0.133 
389    (0)   :  0.009 0.018 0.042 0.065 0.097 0.146 0.093 0.349 0.100 0.082 
390    (0)   :  0.016 0.017 0.023 0.054 0.179 0.121 0.114 0.142 0.079 0.255 
391    (0)   :  0.010 0.010 0.049 0.059 0.170 0.140 0.150 0.172 0.110 0.129 
392    (0)   :  0.006 0.005 0.010 0.066 0.122 0.173 0.107 0.123 0.169 0.219 
393    (0)   :  0.006 0.006 0.014 0.042 0.067 0.122 0.151 0.106 0.127 0.357 
394    (0)   :  0.004 0.010 0.009 0.064 0.127 0.100 0.115 0.105 0.223 0.243 
395    (0)   :  0.004 0.004 0.010 0.070 0.113 0.111 0.089 0.241 0.108 0.250 
396    (0)   :  0.004 0.004 0.011 0.108 0.180 0.282 0.080 0.106 0.075 0.149 
397    (0)   :  0.041 0.005 0.010 0.102 0.070 0.219 0.152 0.158 0.166 0.079 
398    (0)   :  0.033 0.005 0.010 0.050 0.159 0.105 0.084 0.091 0.079 0.384 
399    (0)   :  0.004 0.009 0.015 0.050 0.328 0.107 0.099 0.137 0.093 0.157 
400    (0)   :  0.005 0.004 0.012 0.047 0.184 0.234 0.145 0.092 0.102 0.174 
401    (0)   :  0.004 0.004 0.013 0.051 0.232 0.085 0.117 0.162 0.123 0.209 
402    (0)   :  0.005 0.005 0.013 0.085 0.154 0.159 0.118 0.187 0.125 0.149 
403    (0)   :  0.005 0.005 0.026 0.050 0.093 0.119 0.134 0.120 0.309 0.139 
404    (0)   :  0.005 0.004 0.019 0.115 0.106 0.266 0.156 0.103 0.113 0.113 
405    (0)   :  0.004 0.004 0.010 0.086 0.083 0.166 0.136 0.149 0.123 0.238 
406    (0)   :  0.004 0.004 0.010 0.047 0.064 0.098 0.180 0.163 0.123 0.307 
407    (0)   :  0.004 0.004 0.010 0.063 0.096 0.210 0.088 0.091 0.075 0.359 
408    (0)   :  0.004 0.004 0.010 0.090 0.267 0.084 0.083 0.260 0.070 0.129 
409    (0)   :  0.008 0.008 0.015 0.049 0.071 0.090 0.351 0.093 0.106 0.210 
410    (0)   :  0.060 0.008 0.016 0.055 0.159 0.134 0.114 0.118 0.129 0.205 
411    (0)   :  0.009 0.016 0.010 0.061 0.103 0.278 0.102 0.135 0.147 0.138 
412    (0)   :  0.004 0.004 0.011 0.220 0.136 0.166 0.101 0.104 0.102 0.151 
413    (0)   :  0.004 0.008 0.010 0.107 0.153 0.126 0.099 0.109 0.195 0.188 
414    (0)   :  0.004 0.008 0.016 0.153 0.212 0.232 0.066 0.105 0.086 0.117 
415    (0)   :  0.005 0.004 0.012 0.054 0.115 0.210 0.131 0.156 0.085 0.229 
416    (0)   :  0.005 0.004 0.027 0.076 0.169 0.141 0.186 0.118 0.106 0.167 
417    (0)   :  0.005 0.006 0.011 0.101 0.101 0.121 0.098 0.086 0.082 0.390 
418    (0)   :  0.005 0.004 0.010 0.121 0.258 0.191 0.087 0.085 0.086 0.153 
419    (0)   :  0.008 0.008 0.026 0.056 0.113 0.142 0.159 0.126 0.171 0.190 
420    (0)   :  0.003 0.004 0.012 0.051 0.231 0.088 0.131 0.207 0.078 0.195 
421    (0)   :  0.005 0.005 0.011 0.171 0.141 0.106 0.113 0.101 0.083 0.264 
422    (0)   :  0.005 0.004 0.012 0.100 0.074 0.094 0.109 0.221 0.099 0.282 
423    (0)   :  0.006 0.005 0.011 0.099 0.112 0.207 0.085 0.131 0.139 0.206 
424    (0)   :  0.006 0.007 0.028 0.039 0.171 0.111 0.121 0.166 0.116 0.234 
425    (0)   :  0.013 0.008 0.038 0.053 0.097 0.274 0.097 0.127 0.157 0.136 
426    (0)   :  0.023 0.026 0.029 0.060 0.167 0.136 0.123 0.118 0.127 0.192 
427    (0)   :  0.004 0.008 0.009 0.039 0.128 0.106 0.075 0.078 0.162 0.390 
428    (0)   :  0.015 0.006 0.012 0.054 0.067 0.088 0.132 0.140 0.168 0.319 
429    (0)   :  0.005 0.004 0.010 0.078 0.186 0.212 0.078 0.079 0.075 0.273 
430    (0)   :  0.004 0.005 0.011 0.110 0.077 0.110 0.094 0.082 0.082 0.426 
431    (0)   :  0.008 0.011 0.021 0.057 0.195 0.172 0.099 0.149 0.157 0.131 
432    (0)   :  0.004 0.004 0.011 0.145 0.156 0.142 0.124 0.136 0.115 0.162 
433    (0)   :  0.006 0.005 0.010 0.059 0.096 0.142 0.182 0.182 0.219 0.098 
434    (0)   :  0.004 0.005 0.012 0.142 0.074 0.204 0.186 0.113 0.125 0.135 
435    (0)   :  0.004 0.004 0.009 0.049 0.092 0.097 0.076 0.092 0.077 0.499 
436    (0)   :  0.006 0.005 0.012 0.029 0.151 0.126 0.130 0.085 0.094 0.361 
437    (0)   :  0.005 0.005 0.009 0.058 0.077 0.384 0.084 0.105 0.087 0.186 
438    (0)   :  0.005 0.006 0.011 0.040 0.106 0.075 0.164 0.128 0.092 0.373 
439    (0)   :  0.004 0.004 0.010 0.033 0.085 0.103 0.102 0.073 0.086 0.500 
440    (0)   :  0.004 0.004 0.010 0.038 0.132 0.149 0.068 0.095 0.069 0.432 
441    (0)   :  0.004 0.005 0.012 0.049 0.072 0.120 0.147 0.085 0.117 0.389 
442    (0)   :  0.005 0.004 0.023 0.058 0.158 0.256 0.117 0.122 0.077 0.180 
443    (0)   :  0.004 0.005 0.015 0.032 0.240 0.095 0.090 0.206 0.072 0.241 
444    (0)   :  0.005 0.004 0.023 0.050 0.123 0.242 0.108 0.132 0.077 0.235 
445    (0)   :  0.032 0.005 0.013 0.042 0.070 0.113 0.231 0.110 0.100 0.284 
446    (0)   :  0.038 0.006 0.011 0.035 0.189 0.098 0.096 0.068 0.082 0.377 
447    (0)   :  0.005 0.005 0.029 0.038 0.091 0.118 0.146 0.109 0.113 0.346 
448    (0)   :  0.004 0.004 0.011 0.057 0.095 0.171 0.094 0.114 0.086 0.365 
449    (0)   :  0.004 0.005 0.011 0.049 0.084 0.170 0.125 0.113 0.113 0.326 
450    (0)   :  0.005 0.005 0.014 0.043 0.101 0.302 0.133 0.070 0.121 0.206 
451    (0)   :  0.004 0.004 0.011 0.071 0.264 0.151 0.070 0.160 0.070 0.194 
452    (0)   :  0.005 0.004 0.011 0.041 0.131 0.184 0.122 0.081 0.122 0.300 
453    (0)   :  0.004 0.005 0.018 0.050 0.111 0.094 0.189 0.262 0.086 0.181 
454    (0)   :  0.004 0.009 0.010 0.048 0.091 0.160 0.106 0.105 0.132 0.335 
455    (0)   :  0.004 0.005 0.011 0.032 0.108 0.106 0.104 0.106 0.073 0.451 
456    (0)   :  0.005 0.004 0.013 0.035 0.109 0.159 0.094 0.213 0.074 0.294 
457    (0)   :  0.005 0.004 0.010 0.046 0.071 0.251 0.100 0.095 0.087 0.331 
458    (0)   :  0.033 0.005 0.012 0.044 0.107 0.124 0.116 0.080 0.088 0.391 
459    (0)   :  0.004 0.004 0.012 0.030 0.110 0.097 0.144 0.074 0.107 0.418 
460    (0)   :  0.004 0.005 0.011 0.033 0.156 0.096 0.083 0.081 0.078 0.454 
461    (0)   :  0.005 0.004 0.012 0.037 0.289 0.164 0.090 0.069 0.082 0.247 
462    (0)   :  0.007 0.006 0.068 0.079 0.112 0.200 0.078 0.143 0.066 0.242 
463    (0)   :  0.004 0.005 0.011 0.048 0.063 0.089 0.133 0.216 0.090 0.342 
464    (0)   :  0.004 0.004 0.010 0.035 0.175 0.094 0.093 0.132 0.073 0.381 
465    (0)   :  0.006 0.005 0.013 0.048 0.159 0.123 0.121 0.138 0.083 0.305 
466    (0)   :  0.004 0.004 0.010 0.046 0.125 0.097 0.101 0.206 0.074 0.334 
467    (0)   :  0.004 0.005 0.015 0.067 0.092 0.124 0.134 0.120 0.100 0.337 
468    (0)   :  0.004 0.004 0.010 0.038 0.066 0.179 0.094 0.132 0.072 0.401 
469    (0)   :  0.004 0.004 0.010 0.032 0.063 0.088 0.082 0.068 0.078 0.571 
470    (0)   :  0.004 0.004 0.009 0.036 0.120 0.088 0.077 0.083 0.077 0.502 
471    (0)   :  0.004 0.004 0.017 0.048 0.161 0.158 0.102 0.231 0.087 0.187 
472    (0)   :  0.005 0.004 0.014 0.049 0.101 0.206 0.144 0.162 0.078 0.237 
473    (0)   :  0.004 0.005 0.010 0.072 0.073 0.165 0.122 0.136 0.114 0.299 
474    (0)   :  0.004 0.004 0.011 0.039 0.130 0.174 0.145 0.118 0.107 0.268 
475    (0)   :  0.004 0.004 0.011 0.050 0.163 0.111 0.162 0.113 0.109 0.272 
476    (0)   :  0.005 0.005 0.011 0.034 0.108 0.277 0.120 0.107 0.080 0.253 
477    (0)   :  0.005 0.005 0.019 0.038 0.173 0.124 0.147 0.129 0.095 0.264 
478    (0)   :  0.006 0.005 0.021 0.037 0.350 0.095 0.080 0.092 0.078 0.236 
479    (0)   :  0.004 0.004 0.010 0.036 0.106 0.155 0.077 0.082 0.078 0.448 
480    (0)   :  0.005 0.004 0.009 0.036 0.091 0.239 0.091 0.084 0.087 0.356 
481    (0)   :  0.004 0.004 0.017 0.076 0.110 0.227 0.098 0.177 0.086 0.200 
