

----------------------------------------------------
STRUCTURE by Pritchard, Stephens and Donnelly (2000)
     and Falush, Stephens and Pritchard (2003)
       Code by Pritchard, Falush and Hubisz
             Version 2.3.4 (Jul 2012)
----------------------------------------------------



Command line arguments:   ./structure -K 7 -D 107013 -m brooktrout/mainparams -e brooktrout/extraparams -o brooktrout/250914_output/results_K7_rep13 
Input File:    brooktrout/brooktrout.txt

Run parameters:
   8454 individuals
   5 loci
   7 populations assumed
   50000 Burn-in period
   100000 Reps
RANDOMIZE turned off


--------------------------------------------
Overall proportion of membership of the
sample in each of the 7 clusters

Inferred Clusters
  1      2      3      4      5      6      7    
0.019  0.022  0.055  0.198  0.215  0.296  0.195  

--------------------------------------------

Allele-freq. divergence among pops (Net nucleotide distance),
computed using point estimates of P.

      1       2       3       4       5       6       7      
 1      -    0.1146  0.1157  0.1062  0.0773  0.0754  0.1100  
 2   0.1146     -    0.1620  0.0842  0.1320  0.1225  0.1273  
 3   0.1157  0.1620     -    0.1656  0.1160  0.0821  0.1044  
 4   0.1062  0.0842  0.1656     -    0.1406  0.1321  0.0892  
 5   0.0773  0.1320  0.1160  0.1406     -    0.0470  0.1114  
 6   0.0754  0.1225  0.0821  0.1321  0.0470     -    0.0804  
 7   0.1100  0.1273  0.1044  0.0892  0.1114  0.0804     -    

Average distances (expected heterozygosity) between individuals in same cluster:
cluster  1  : 0.8106 
cluster  2  : 0.7646 
cluster  3  : 0.7951 
cluster  4  : 0.7107 
cluster  5  : 0.7687 
cluster  6  : 0.7995 
cluster  7  : 0.7931 

--------------------------------------------
Estimated Ln Prob of Data   = -220732.1
Mean value of ln likelihood = -171695.5
Variance of ln likelihood   = 98073.2

Mean value of alpha_1       = 0.0455
Mean value of alpha_2       = 0.0500
Mean value of alpha_3       = 0.1313
Mean value of alpha_4       = 0.4560
Mean value of alpha_5       = 0.5135
Mean value of alpha_6       = 0.7117
Mean value of alpha_7       = 0.4797
Allele frequencies uncorrelated


Inferred ancestry of individuals:
     (%Miss) :  Inferred clusters
  1    (0)   :  0.011 0.020 0.036 0.254 0.330 0.185 0.164 
  2    (0)   :  0.009 0.006 0.067 0.086 0.110 0.377 0.345 
  3    (0)   :  0.021 0.007 0.015 0.181 0.426 0.166 0.184 
  4    (0)   :  0.025 0.056 0.024 0.441 0.111 0.192 0.152 
  5    (0)   :  0.011 0.011 0.115 0.083 0.144 0.378 0.257 
  6    (0)   :  0.017 0.008 0.016 0.086 0.575 0.215 0.083 
  7    (0)   :  0.012 0.008 0.036 0.075 0.212 0.596 0.061 
  8    (0)   :  0.062 0.207 0.022 0.178 0.199 0.224 0.109 
  9    (0)   :  0.085 0.006 0.045 0.144 0.241 0.258 0.221 
 10    (0)   :  0.016 0.182 0.030 0.104 0.235 0.360 0.073 
 11    (0)   :  0.007 0.008 0.048 0.074 0.289 0.511 0.063 
 12    (0)   :  0.013 0.006 0.051 0.147 0.153 0.388 0.243 
 13    (0)   :  0.020 0.008 0.040 0.146 0.204 0.437 0.145 
 14    (0)   :  0.006 0.034 0.022 0.111 0.195 0.221 0.410 
 15    (0)   :  0.012 0.012 0.028 0.267 0.178 0.324 0.179 
 16    (0)   :  0.008 0.007 0.038 0.112 0.475 0.257 0.104 
 17    (0)   :  0.055 0.008 0.045 0.122 0.309 0.284 0.178 
 18    (0)   :  0.072 0.009 0.026 0.151 0.298 0.209 0.234 
 19    (0)   :  0.015 0.006 0.029 0.114 0.429 0.303 0.103 
 20    (0)   :  0.011 0.007 0.047 0.131 0.215 0.412 0.177 
 21    (0)   :  0.009 0.015 0.028 0.235 0.182 0.213 0.318 
 22    (0)   :  0.029 0.008 0.020 0.140 0.503 0.188 0.112 
 23    (0)   :  0.015 0.034 0.051 0.235 0.130 0.175 0.360 
 24    (0)   :  0.010 0.008 0.031 0.263 0.342 0.206 0.140 
 25    (0)   :  0.013 0.008 0.034 0.058 0.261 0.529 0.097 
 26    (0)   :  0.033 0.007 0.036 0.219 0.274 0.250 0.182 
 27    (0)   :  0.013 0.007 0.053 0.156 0.284 0.305 0.182 
 28    (0)   :  0.009 0.111 0.026 0.260 0.236 0.253 0.105 
 29    (0)   :  0.007 0.006 0.051 0.107 0.151 0.477 0.201 
 30    (0)   :  0.010 0.006 0.024 0.106 0.528 0.161 0.165 
 31    (0)   :  0.027 0.167 0.039 0.085 0.164 0.325 0.192 
 32    (0)   :  0.011 0.020 0.023 0.211 0.259 0.261 0.215 
 33    (0)   :  0.011 0.006 0.023 0.201 0.337 0.240 0.183 
 34    (0)   :  0.012 0.153 0.081 0.065 0.245 0.380 0.065 
 35    (0)   :  0.044 0.006 0.066 0.078 0.269 0.185 0.352 
 36    (0)   :  0.006 0.010 0.019 0.078 0.342 0.134 0.411 
 37    (0)   :  0.020 0.010 0.020 0.218 0.143 0.318 0.272 
 38    (0)   :  0.006 0.006 0.048 0.060 0.539 0.191 0.150 
 39    (0)   :  0.012 0.006 0.048 0.098 0.332 0.291 0.213 
 40    (0)   :  0.007 0.007 0.028 0.132 0.178 0.124 0.524 
 41    (0)   :  0.011 0.009 0.054 0.073 0.275 0.198 0.380 
 42    (0)   :  0.007 0.007 0.039 0.363 0.229 0.132 0.223 
 43    (0)   :  0.016 0.014 0.026 0.116 0.101 0.254 0.473 
 44    (0)   :  0.023 0.005 0.022 0.062 0.198 0.162 0.528 
 45    (0)   :  0.008 0.005 0.049 0.060 0.275 0.214 0.388 
 46    (0)   :  0.039 0.005 0.032 0.087 0.328 0.281 0.228 
 47    (0)   :  0.137 0.015 0.045 0.115 0.245 0.243 0.201 
 48    (0)   :  0.027 0.005 0.027 0.063 0.194 0.111 0.573 
 49    (0)   :  0.020 0.007 0.074 0.109 0.280 0.225 0.285 
 50    (0)   :  0.037 0.070 0.032 0.079 0.311 0.334 0.136 
 51    (0)   :  0.005 0.007 0.022 0.062 0.176 0.103 0.626 
 52    (0)   :  0.019 0.006 0.059 0.127 0.324 0.286 0.179 
 53    (0)   :  0.010 0.025 0.023 0.089 0.539 0.179 0.135 
 54    (0)   :  0.031 0.008 0.046 0.124 0.113 0.277 0.400 
 55    (0)   :  0.014 0.006 0.025 0.081 0.104 0.185 0.585 
 56    (0)   :  0.016 0.006 0.053 0.111 0.279 0.108 0.427 
 57    (0)   :  0.067 0.026 0.055 0.253 0.223 0.288 0.088 
 58    (0)   :  0.008 0.007 0.052 0.096 0.166 0.230 0.441 
 59    (0)   :  0.008 0.006 0.122 0.097 0.336 0.165 0.265 
 60    (0)   :  0.006 0.017 0.017 0.137 0.141 0.140 0.542 
 61    (0)   :  0.006 0.008 0.020 0.104 0.060 0.149 0.655 
 62    (0)   :  0.057 0.005 0.266 0.097 0.213 0.218 0.145 
 63    (0)   :  0.007 0.007 0.026 0.155 0.141 0.348 0.317 
 64    (0)   :  0.012 0.005 0.046 0.072 0.521 0.198 0.145 
 65    (0)   :  0.008 0.006 0.035 0.054 0.117 0.666 0.113 
 66    (0)   :  0.007 0.025 0.025 0.169 0.098 0.290 0.386 
 67    (0)   :  0.014 0.006 0.025 0.067 0.091 0.248 0.549 
 68    (0)   :  0.011 0.007 0.087 0.120 0.328 0.174 0.272 
 69    (0)   :  0.006 0.367 0.077 0.054 0.272 0.131 0.091 
 70    (0)   :  0.006 0.018 0.023 0.103 0.197 0.254 0.399 
 71    (0)   :  0.007 0.008 0.085 0.051 0.272 0.181 0.397 
 72    (0)   :  0.009 0.011 0.019 0.066 0.430 0.209 0.256 
 73    (0)   :  0.008 0.009 0.098 0.059 0.098 0.243 0.486 
 74    (0)   :  0.007 0.006 0.020 0.148 0.365 0.122 0.333 
 75    (0)   :  0.008 0.012 0.024 0.146 0.230 0.095 0.485 
 76    (0)   :  0.009 0.007 0.018 0.086 0.115 0.415 0.351 
 77    (0)   :  0.006 0.005 0.061 0.071 0.297 0.244 0.317 
 78    (0)   :  0.006 0.006 0.066 0.075 0.400 0.177 0.270 
 79    (0)   :  0.008 0.008 0.024 0.082 0.162 0.641 0.077 
 80    (0)   :  0.011 0.010 0.021 0.511 0.100 0.236 0.111 
 81    (0)   :  0.012 0.013 0.019 0.398 0.124 0.339 0.095 
 82    (0)   :  0.008 0.009 0.044 0.165 0.108 0.394 0.273 
 83    (0)   :  0.008 0.016 0.017 0.254 0.193 0.328 0.183 
 84    (0)   :  0.007 0.013 0.019 0.249 0.140 0.469 0.103 
 85    (0)   :  0.008 0.020 0.017 0.294 0.249 0.266 0.146 
 86    (0)   :  0.013 0.006 0.047 0.081 0.159 0.345 0.349 
 87    (0)   :  0.008 0.023 0.026 0.083 0.139 0.604 0.116 
 88    (0)   :  0.009 0.009 0.022 0.301 0.104 0.422 0.133 
 89    (0)   :  0.013 0.049 0.018 0.318 0.096 0.343 0.162 
 90    (0)   :  0.007 0.008 0.023 0.094 0.094 0.688 0.086 
 91    (0)   :  0.008 0.017 0.014 0.452 0.173 0.199 0.137 
 92    (0)   :  0.009 0.009 0.024 0.139 0.139 0.561 0.120 
 93    (0)   :  0.007 0.113 0.018 0.554 0.081 0.131 0.096 
 94    (0)   :  0.006 0.010 0.036 0.076 0.221 0.564 0.086 
 95    (0)   :  0.007 0.008 0.023 0.212 0.076 0.573 0.100 
 96    (0)   :  0.006 0.010 0.019 0.194 0.067 0.172 0.531 
 97    (0)   :  0.010 0.007 0.025 0.175 0.283 0.127 0.372 
 98    (0)   :  0.006 0.006 0.035 0.109 0.156 0.244 0.445 
 99    (0)   :  0.007 0.013 0.020 0.228 0.107 0.528 0.097 
100    (0)   :  0.012 0.008 0.021 0.523 0.064 0.143 0.230 
101    (0)   :  0.011 0.120 0.023 0.095 0.119 0.446 0.186 
102    (0)   :  0.008 0.024 0.038 0.321 0.125 0.297 0.186 
103    (0)   :  0.009 0.069 0.027 0.125 0.076 0.410 0.283 
104    (0)   :  0.007 0.019 0.036 0.106 0.088 0.631 0.114 
105    (0)   :  0.008 0.065 0.078 0.123 0.069 0.507 0.149 
106    (0)   :  0.006 0.005 0.029 0.045 0.193 0.633 0.089 
107    (0)   :  0.013 0.033 0.045 0.131 0.078 0.496 0.204 
108    (0)   :  0.005 0.009 0.017 0.063 0.174 0.167 0.565 
109    (0)   :  0.007 0.010 0.234 0.045 0.188 0.378 0.139 
110    (0)   :  0.008 0.009 0.048 0.049 0.207 0.609 0.071 
111    (0)   :  0.007 0.008 0.091 0.068 0.071 0.664 0.092 
112    (0)   :  0.005 0.006 0.327 0.051 0.109 0.418 0.084 
113    (0)   :  0.011 0.014 0.036 0.095 0.172 0.286 0.385 
114    (0)   :  0.006 0.026 0.063 0.127 0.081 0.595 0.103 
115    (0)   :  0.015 0.006 0.083 0.088 0.103 0.467 0.238 
116    (0)   :  0.008 0.005 0.041 0.050 0.227 0.448 0.221 
117    (0)   :  0.015 0.013 0.115 0.068 0.179 0.524 0.087 
118    (0)   :  0.007 0.006 0.094 0.071 0.098 0.436 0.289 
119    (0)   :  0.006 0.016 0.016 0.200 0.096 0.242 0.425 
120    (0)   :  0.009 0.009 0.117 0.089 0.107 0.501 0.168 
121    (0)   :  0.079 0.012 0.140 0.059 0.111 0.382 0.217 
122    (0)   :  0.005 0.012 0.055 0.057 0.173 0.604 0.094 
123    (0)   :  0.008 0.011 0.053 0.081 0.120 0.600 0.129 
124    (0)   :  0.025 0.006 0.076 0.065 0.263 0.379 0.186 
125    (0)   :  0.009 0.009 0.121 0.077 0.447 0.228 0.108 
126    (0)   :  0.005 0.006 0.028 0.095 0.160 0.493 0.212 
127    (0)   :  0.011 0.006 0.074 0.073 0.066 0.658 0.113 
128    (0)   :  0.006 0.006 0.073 0.073 0.084 0.499 0.260 
129    (0)   :  0.011 0.021 0.037 0.050 0.070 0.644 0.167 
130    (0)   :  0.011 0.032 0.092 0.130 0.087 0.536 0.112 
131    (0)   :  0.020 0.023 0.078 0.049 0.367 0.317 0.146 
132    (0)   :  0.007 0.010 0.033 0.048 0.135 0.636 0.131 
133    (0)   :  0.011 0.017 0.045 0.090 0.088 0.583 0.166 
134    (0)   :  0.005 0.005 0.076 0.040 0.129 0.685 0.060 
135    (0)   :  0.009 0.007 0.053 0.441 0.083 0.112 0.295 
136    (0)   :  0.010 0.024 0.036 0.642 0.103 0.096 0.089 
137    (0)   :  0.007 0.030 0.043 0.637 0.076 0.135 0.072 
138    (0)   :  0.008 0.009 0.015 0.699 0.091 0.089 0.089 
139    (0)   :  0.007 0.021 0.028 0.196 0.097 0.130 0.520 
140    (0)   :  0.008 0.040 0.023 0.387 0.130 0.222 0.190 
141    (0)   :  0.010 0.141 0.036 0.399 0.168 0.114 0.131 
142    (0)   :  0.008 0.031 0.039 0.356 0.076 0.109 0.381 
143    (0)   :  0.006 0.008 0.014 0.751 0.061 0.081 0.079 
144    (0)   :  0.007 0.010 0.041 0.671 0.065 0.129 0.076 
145    (0)   :  0.013 0.020 0.058 0.432 0.184 0.123 0.170 
146    (0)   :  0.015 0.023 0.027 0.435 0.146 0.235 0.120 
147    (0)   :  0.007 0.019 0.016 0.738 0.071 0.083 0.065 
148    (0)   :  0.007 0.164 0.040 0.322 0.109 0.173 0.186 
149    (0)   :  0.007 0.327 0.027 0.185 0.101 0.096 0.256 
150    (0)   :  0.010 0.029 0.055 0.478 0.085 0.228 0.115 
151    (0)   :  0.008 0.009 0.018 0.668 0.072 0.125 0.101 
152    (0)   :  0.009 0.051 0.040 0.379 0.149 0.139 0.234 
153    (0)   :  0.007 0.025 0.020 0.575 0.115 0.122 0.135 
154    (0)   :  0.009 0.456 0.033 0.136 0.098 0.098 0.170 
155    (0)   :  0.007 0.009 0.015 0.700 0.066 0.118 0.084 
156    (0)   :  0.006 0.009 0.024 0.549 0.060 0.123 0.229 
157    (0)   :  0.006 0.032 0.017 0.560 0.087 0.225 0.073 
158    (0)   :  0.012 0.022 0.059 0.492 0.180 0.114 0.122 
159    (0)   :  0.009 0.213 0.022 0.526 0.066 0.084 0.079 
160    (0)   :  0.012 0.218 0.025 0.494 0.067 0.090 0.093 
161    (0)   :  0.007 0.019 0.022 0.517 0.136 0.157 0.142 
162    (0)   :  0.025 0.022 0.029 0.376 0.144 0.252 0.152 
163    (0)   :  0.006 0.009 0.015 0.698 0.065 0.103 0.104 
164    (0)   :  0.015 0.327 0.021 0.190 0.091 0.242 0.115 
165    (0)   :  0.009 0.011 0.054 0.565 0.073 0.197 0.093 
166    (0)   :  0.006 0.389 0.015 0.150 0.090 0.198 0.152 
167    (0)   :  0.019 0.551 0.021 0.111 0.108 0.127 0.063 
168    (0)   :  0.008 0.015 0.018 0.554 0.155 0.114 0.138 
169    (0)   :  0.013 0.016 0.062 0.307 0.390 0.100 0.112 
170    (0)   :  0.007 0.011 0.018 0.477 0.075 0.151 0.261 
171    (0)   :  0.009 0.030 0.019 0.426 0.152 0.183 0.181 
172    (0)   :  0.008 0.069 0.031 0.301 0.242 0.089 0.260 
173    (0)   :  0.009 0.019 0.021 0.678 0.068 0.095 0.110 
174    (0)   :  0.008 0.029 0.017 0.660 0.079 0.131 0.077 
175    (0)   :  0.009 0.009 0.020 0.678 0.096 0.092 0.096 
176    (0)   :  0.007 0.010 0.042 0.673 0.066 0.127 0.075 
177    (0)   :  0.008 0.027 0.023 0.451 0.143 0.258 0.091 
178    (0)   :  0.010 0.038 0.022 0.567 0.124 0.154 0.086 
179    (0)   :  0.008 0.106 0.014 0.627 0.070 0.092 0.083 
180    (0)   :  0.019 0.090 0.029 0.431 0.146 0.155 0.130 
181    (0)   :  0.011 0.016 0.034 0.496 0.110 0.117 0.217 
182    (0)   :  0.012 0.010 0.024 0.625 0.062 0.102 0.165 
183    (0)   :  0.008 0.017 0.016 0.694 0.073 0.094 0.098 
184    (0)   :  0.021 0.006 0.031 0.079 0.151 0.268 0.445 
185    (0)   :  0.006 0.008 0.023 0.586 0.057 0.072 0.249 
186    (0)   :  0.015 0.006 0.019 0.078 0.106 0.521 0.254 
187    (0)   :  0.008 0.012 0.018 0.258 0.103 0.210 0.392 
188    (0)   :  0.015 0.006 0.021 0.058 0.092 0.487 0.320 
189    (0)   :  0.007 0.012 0.016 0.240 0.310 0.141 0.274 
190    (0)   :  0.005 0.006 0.020 0.154 0.048 0.083 0.685 
191    (0)   :  0.009 0.008 0.040 0.115 0.088 0.264 0.476 
192    (0)   :  0.008 0.008 0.022 0.281 0.101 0.315 0.264 
193    (0)   :  0.007 0.009 0.038 0.212 0.134 0.215 0.383 
194    (0)   :  0.011 0.009 0.019 0.244 0.093 0.279 0.344 
195    (0)   :  0.007 0.008 0.016 0.278 0.060 0.104 0.526 
196    (0)   :  0.005 0.007 0.022 0.144 0.063 0.125 0.634 
197    (0)   :  0.013 0.008 0.027 0.180 0.207 0.295 0.270 
198    (0)   :  0.006 0.011 0.020 0.170 0.184 0.335 0.274 
199    (0)   :  0.007 0.007 0.025 0.132 0.079 0.130 0.620 
200    (0)   :  0.005 0.007 0.036 0.130 0.120 0.129 0.573 
201    (0)   :  0.007 0.009 0.017 0.429 0.070 0.124 0.345 
202    (0)   :  0.006 0.007 0.022 0.427 0.061 0.124 0.354 
203    (0)   :  0.007 0.008 0.026 0.403 0.061 0.119 0.377 
204    (0)   :  0.008 0.007 0.018 0.128 0.054 0.129 0.656 
205    (0)   :  0.007 0.007 0.019 0.102 0.088 0.166 0.611 
206    (0)   :  0.009 0.009 0.019 0.158 0.068 0.147 0.591 
207    (0)   :  0.007 0.005 0.032 0.088 0.060 0.184 0.623 
208    (0)   :  0.006 0.009 0.021 0.231 0.062 0.135 0.536 
209    (0)   :  0.008 0.008 0.038 0.147 0.093 0.230 0.476 
210    (0)   :  0.006 0.008 0.020 0.163 0.065 0.180 0.558 
211    (0)   :  0.010 0.005 0.096 0.195 0.058 0.167 0.469 
212    (0)   :  0.006 0.008 0.021 0.457 0.100 0.122 0.285 
213    (0)   :  0.007 0.006 0.021 0.128 0.092 0.268 0.477 
214    (0)   :  0.007 0.006 0.028 0.442 0.067 0.108 0.341 
215    (0)   :  0.006 0.007 0.027 0.079 0.078 0.189 0.612 
216    (0)   :  0.018 0.007 0.032 0.110 0.173 0.282 0.379 
217    (0)   :  0.007 0.008 0.018 0.331 0.084 0.102 0.450 
218    (0)   :  0.010 0.008 0.022 0.136 0.092 0.209 0.524 
219    (0)   :  0.023 0.009 0.018 0.272 0.232 0.197 0.248 
220    (0)   :  0.008 0.008 0.023 0.097 0.060 0.183 0.622 
221    (0)   :  0.006 0.007 0.019 0.480 0.056 0.080 0.353 
222    (0)   :  0.019 0.008 0.020 0.162 0.224 0.289 0.277 
223    (0)   :  0.007 0.012 0.018 0.343 0.138 0.183 0.299 
224    (0)   :  0.011 0.009 0.021 0.332 0.069 0.147 0.411 
225    (0)   :  0.007 0.008 0.021 0.134 0.076 0.157 0.599 
226    (0)   :  0.008 0.011 0.026 0.152 0.229 0.143 0.431 
227    (0)   :  0.007 0.009 0.018 0.192 0.063 0.145 0.565 
228    (0)   :  0.007 0.008 0.020 0.232 0.056 0.089 0.587 
229    (0)   :  0.013 0.008 0.022 0.359 0.072 0.187 0.339 
230    (0)   :  0.011 0.007 0.029 0.255 0.063 0.164 0.471 
231    (0)   :  0.009 0.009 0.032 0.315 0.108 0.189 0.339 
232    (0)   :  0.010 0.007 0.024 0.254 0.122 0.213 0.371 
233    (0)   :  0.007 0.007 0.025 0.531 0.069 0.113 0.248 
234    (0)   :  0.006 0.008 0.029 0.235 0.150 0.305 0.267 
235    (0)   :  0.008 0.010 0.017 0.258 0.122 0.146 0.439 
236    (0)   :  0.007 0.007 0.033 0.370 0.099 0.155 0.329 
237    (0)   :  0.007 0.006 0.048 0.109 0.076 0.190 0.564 
238    (0)   :  0.006 0.007 0.022 0.438 0.079 0.157 0.292 
239    (0)   :  0.007 0.009 0.016 0.276 0.060 0.104 0.528 
240    (0)   :  0.006 0.007 0.022 0.438 0.078 0.157 0.292 
241    (0)   :  0.009 0.010 0.020 0.433 0.077 0.125 0.326 
242    (0)   :  0.011 0.011 0.018 0.171 0.150 0.170 0.469 
243    (0)   :  0.005 0.006 0.025 0.147 0.052 0.098 0.667 
244    (0)   :  0.008 0.007 0.029 0.339 0.062 0.125 0.429 
245    (0)   :  0.006 0.008 0.015 0.573 0.065 0.119 0.214 
246    (0)   :  0.007 0.007 0.018 0.328 0.084 0.101 0.455 
247    (0)   :  0.006 0.006 0.021 0.067 0.118 0.495 0.287 
248    (0)   :  0.006 0.005 0.038 0.076 0.082 0.253 0.540 
249    (0)   :  0.009 0.007 0.027 0.333 0.066 0.147 0.411 
250    (0)   :  0.009 0.007 0.030 0.276 0.093 0.205 0.378 
251    (0)   :  0.006 0.008 0.039 0.119 0.214 0.187 0.426 
252    (0)   :  0.009 0.009 0.016 0.216 0.092 0.169 0.489 
253    (0)   :  0.007 0.007 0.022 0.101 0.133 0.275 0.456 
254    (0)   :  0.017 0.007 0.023 0.175 0.164 0.251 0.363 
255    (0)   :  0.009 0.010 0.026 0.233 0.120 0.264 0.339 
256    (0)   :  0.007 0.008 0.024 0.240 0.080 0.128 0.513 
257    (0)   :  0.020 0.013 0.025 0.161 0.084 0.191 0.505 
258    (0)   :  0.005 0.007 0.027 0.121 0.105 0.268 0.466 
259    (0)   :  0.011 0.007 0.029 0.171 0.086 0.225 0.470 
260    (0)   :  0.016 0.007 0.024 0.353 0.182 0.227 0.191 
261    (0)   :  0.007 0.008 0.016 0.289 0.092 0.129 0.459 
262    (0)   :  0.006 0.007 0.018 0.221 0.059 0.082 0.608 
263    (0)   :  0.019 0.006 0.031 0.098 0.092 0.205 0.548 
264    (0)   :  0.028 0.005 0.032 0.060 0.370 0.243 0.262 
265    (0)   :  0.007 0.009 0.020 0.201 0.133 0.170 0.460 
266    (0)   :  0.006 0.007 0.018 0.494 0.056 0.082 0.337 
267    (0)   :  0.007 0.007 0.044 0.246 0.108 0.226 0.362 
268    (0)   :  0.005 0.007 0.022 0.147 0.064 0.124 0.632 
269    (0)   :  0.007 0.009 0.022 0.241 0.264 0.165 0.292 
270    (0)   :  0.017 0.015 0.032 0.107 0.144 0.309 0.377 
271    (0)   :  0.006 0.008 0.029 0.107 0.097 0.206 0.547 
272    (0)   :  0.007 0.009 0.032 0.110 0.165 0.141 0.536 
273    (0)   :  0.047 0.107 0.046 0.196 0.144 0.205 0.256 
274    (0)   :  0.007 0.009 0.025 0.140 0.145 0.196 0.478 
275    (0)   :  0.011 0.049 0.042 0.146 0.147 0.149 0.456 
276    (0)   :  0.008 0.008 0.038 0.096 0.140 0.153 0.557 
277    (0)   :  0.008 0.011 0.020 0.287 0.143 0.199 0.333 
278    (0)   :  0.005 0.006 0.028 0.099 0.078 0.152 0.632 
279    (0)   :  0.008 0.008 0.026 0.194 0.116 0.188 0.459 
280    (0)   :  0.008 0.007 0.023 0.168 0.189 0.148 0.458 
281    (0)   :  0.008 0.009 0.023 0.147 0.109 0.266 0.438 
282    (0)   :  0.007 0.007 0.023 0.473 0.122 0.163 0.205 
283    (0)   :  0.008 0.008 0.018 0.499 0.073 0.155 0.238 
284    (0)   :  0.006 0.018 0.034 0.256 0.103 0.244 0.339 
285    (0)   :  0.006 0.005 0.033 0.052 0.094 0.229 0.581 
286    (0)   :  0.008 0.007 0.031 0.337 0.062 0.124 0.432 
287    (0)   :  0.009 0.012 0.017 0.214 0.187 0.234 0.327 
288    (0)   :  0.009 0.009 0.026 0.107 0.146 0.163 0.540 
289    (0)   :  0.012 0.036 0.030 0.092 0.114 0.244 0.472 
290    (0)   :  0.018 0.005 0.043 0.126 0.181 0.129 0.499 
291    (0)   :  0.006 0.008 0.028 0.108 0.097 0.205 0.548 
292    (0)   :  0.007 0.007 0.018 0.176 0.154 0.119 0.518 
293    (0)   :  0.010 0.005 0.049 0.092 0.276 0.179 0.389 
294    (0)   :  0.027 0.006 0.023 0.077 0.092 0.191 0.584 
295    (0)   :  0.009 0.037 0.051 0.099 0.174 0.183 0.447 
296    (0)   :  0.008 0.007 0.025 0.101 0.074 0.195 0.590 
297    (0)   :  0.010 0.007 0.022 0.120 0.197 0.198 0.446 
298    (0)   :  0.010 0.008 0.021 0.379 0.113 0.232 0.236 
299    (0)   :  0.037 0.008 0.021 0.121 0.111 0.279 0.424 
300    (0)   :  0.009 0.006 0.028 0.074 0.077 0.171 0.635 
301    (0)   :  0.016 0.014 0.037 0.105 0.206 0.223 0.399 
302    (0)   :  0.015 0.013 0.031 0.079 0.099 0.161 0.602 
303    (0)   :  0.009 0.007 0.025 0.328 0.101 0.140 0.390 
304    (0)   :  0.017 0.017 0.031 0.383 0.193 0.239 0.121 
305    (0)   :  0.007 0.019 0.020 0.175 0.069 0.107 0.603 
306    (0)   :  0.008 0.009 0.018 0.355 0.116 0.117 0.376 
307    (0)   :  0.010 0.009 0.031 0.257 0.120 0.203 0.370 
308    (0)   :  0.006 0.008 0.017 0.292 0.091 0.130 0.455 
309    (0)   :  0.029 0.041 0.049 0.096 0.069 0.223 0.493 
310    (0)   :  0.006 0.007 0.023 0.213 0.061 0.106 0.586 
311    (0)   :  0.011 0.007 0.028 0.255 0.063 0.165 0.470 
312    (0)   :  0.007 0.007 0.021 0.096 0.057 0.206 0.607 
313    (0)   :  0.007 0.006 0.022 0.063 0.064 0.158 0.680 
314    (0)   :  0.006 0.149 0.018 0.540 0.074 0.079 0.134 
315    (0)   :  0.006 0.222 0.015 0.445 0.094 0.091 0.127 
316    (0)   :  0.007 0.536 0.014 0.202 0.085 0.089 0.069 
317    (0)   :  0.007 0.172 0.017 0.570 0.074 0.083 0.077 
318    (0)   :  0.007 0.463 0.014 0.309 0.071 0.080 0.056 
319    (0)   :  0.007 0.008 0.015 0.749 0.061 0.082 0.078 
320    (0)   :  0.006 0.153 0.018 0.537 0.073 0.079 0.134 
321    (0)   :  0.007 0.392 0.016 0.355 0.076 0.083 0.072 
322    (0)   :  0.008 0.197 0.018 0.444 0.102 0.099 0.131 
323    (0)   :  0.020 0.147 0.014 0.598 0.071 0.085 0.065 
324    (0)   :  0.007 0.387 0.017 0.358 0.076 0.083 0.073 
325    (0)   :  0.006 0.581 0.014 0.172 0.081 0.085 0.063 
326    (0)   :  0.006 0.667 0.013 0.097 0.074 0.083 0.059 
327    (0)   :  0.007 0.172 0.018 0.569 0.074 0.082 0.077 
328    (0)   :  0.006 0.218 0.015 0.441 0.102 0.102 0.115 
329    (0)   :  0.006 0.022 0.014 0.751 0.068 0.081 0.058 
330    (0)   :  0.007 0.173 0.017 0.571 0.074 0.081 0.077 
331    (0)   :  0.006 0.117 0.014 0.647 0.068 0.084 0.063 
332    (0)   :  0.008 0.660 0.013 0.099 0.076 0.085 0.059 
333    (0)   :  0.007 0.553 0.014 0.172 0.078 0.095 0.082 
334    (0)   :  0.007 0.218 0.016 0.441 0.102 0.101 0.116 
335    (0)   :  0.006 0.063 0.015 0.611 0.098 0.099 0.109 
336    (0)   :  0.009 0.580 0.014 0.155 0.072 0.078 0.093 
337    (0)   :  0.006 0.503 0.017 0.208 0.089 0.090 0.088 
338    (0)   :  0.007 0.621 0.013 0.153 0.071 0.080 0.055 
339    (0)   :  0.006 0.116 0.014 0.647 0.068 0.084 0.064 
340    (0)   :  0.006 0.027 0.013 0.748 0.060 0.080 0.065 
341    (0)   :  0.016 0.291 0.016 0.456 0.068 0.086 0.068 
342    (0)   :  0.007 0.170 0.018 0.571 0.074 0.082 0.078 
343    (0)   :  0.015 0.196 0.017 0.414 0.102 0.092 0.165 
344    (0)   :  0.007 0.117 0.014 0.656 0.068 0.082 0.056 
345    (0)   :  0.007 0.167 0.018 0.576 0.074 0.082 0.077 
346    (0)   :  0.007 0.206 0.016 0.555 0.071 0.080 0.065 
347    (0)   :  0.006 0.028 0.013 0.756 0.060 0.078 0.058 
348    (0)   :  0.006 0.048 0.015 0.555 0.093 0.091 0.192 
349    (0)   :  0.007 0.165 0.018 0.578 0.074 0.081 0.077 
350    (0)   :  0.007 0.019 0.015 0.708 0.068 0.082 0.101 
351    (0)   :  0.006 0.062 0.015 0.611 0.100 0.097 0.108 
352    (0)   :  0.006 0.287 0.018 0.385 0.097 0.095 0.113 
353    (0)   :  0.009 0.581 0.014 0.152 0.073 0.078 0.093 
354    (0)   :  0.009 0.158 0.015 0.603 0.071 0.084 0.060 
355    (0)   :  0.007 0.465 0.014 0.306 0.072 0.080 0.056 
356    (0)   :  0.005 0.012 0.015 0.573 0.093 0.092 0.211 
357    (0)   :  0.006 0.020 0.019 0.428 0.274 0.158 0.096 
358    (0)   :  0.006 0.539 0.014 0.204 0.082 0.089 0.065 
359    (0)   :  0.007 0.453 0.014 0.297 0.071 0.088 0.070 
360    (0)   :  0.007 0.208 0.016 0.555 0.070 0.081 0.063 
361    (0)   :  0.006 0.015 0.022 0.382 0.283 0.162 0.131 
362    (0)   :  0.008 0.020 0.023 0.084 0.280 0.372 0.214 
363    (0)   :  0.010 0.010 0.027 0.064 0.295 0.464 0.130 
364    (0)   :  0.038 0.019 0.046 0.275 0.254 0.239 0.130 
365    (0)   :  0.029 0.010 0.094 0.077 0.467 0.213 0.109 
366    (0)   :  0.008 0.010 0.039 0.128 0.314 0.155 0.346 
367    (0)   :  0.006 0.005 0.035 0.047 0.216 0.630 0.060 
368    (0)   :  0.008 0.008 0.024 0.083 0.122 0.661 0.094 
369    (0)   :  0.013 0.038 0.042 0.159 0.212 0.208 0.328 
370    (0)   :  0.027 0.036 0.054 0.084 0.127 0.515 0.158 
371    (0)   :  0.020 0.039 0.055 0.118 0.235 0.316 0.217 
372    (0)   :  0.135 0.038 0.077 0.113 0.094 0.350 0.192 
373    (0)   :  0.011 0.008 0.040 0.149 0.209 0.463 0.120 
374    (0)   :  0.008 0.040 0.070 0.239 0.276 0.233 0.134 
375    (0)   :  0.040 0.011 0.037 0.061 0.230 0.545 0.075 
376    (0)   :  0.136 0.008 0.020 0.055 0.504 0.217 0.059 
377    (0)   :  0.009 0.026 0.034 0.083 0.284 0.397 0.168 
378    (0)   :  0.006 0.041 0.047 0.187 0.098 0.513 0.107 
379    (0)   :  0.250 0.009 0.026 0.049 0.377 0.215 0.074 
380    (0)   :  0.018 0.016 0.026 0.151 0.516 0.122 0.152 
381    (0)   :  0.013 0.007 0.022 0.126 0.564 0.102 0.166 
382    (0)   :  0.006 0.013 0.026 0.066 0.317 0.500 0.071 
383    (0)   :  0.015 0.230 0.025 0.070 0.467 0.113 0.081 
384    (0)   :  0.130 0.090 0.044 0.105 0.324 0.231 0.075 
385    (0)   :  0.008 0.176 0.349 0.093 0.140 0.167 0.067 
386    (0)   :  0.005 0.007 0.022 0.063 0.317 0.495 0.091 
387    (0)   :  0.006 0.006 0.034 0.082 0.345 0.442 0.086 
388    (0)   :  0.023 0.042 0.078 0.228 0.207 0.333 0.089 
389    (0)   :  0.013 0.019 0.243 0.066 0.098 0.228 0.333 
390    (0)   :  0.027 0.027 0.049 0.064 0.288 0.383 0.162 
391    (0)   :  0.019 0.019 0.210 0.104 0.158 0.293 0.197 
392    (0)   :  0.015 0.007 0.019 0.139 0.448 0.254 0.118 
393    (0)   :  0.011 0.010 0.022 0.098 0.634 0.113 0.112 
394    (0)   :  0.007 0.074 0.018 0.209 0.208 0.369 0.115 
395    (0)   :  0.006 0.005 0.022 0.075 0.290 0.311 0.291 
396    (0)   :  0.009 0.005 0.023 0.051 0.234 0.598 0.079 
397    (0)   :  0.221 0.009 0.018 0.147 0.149 0.196 0.260 
398    (0)   :  0.045 0.006 0.019 0.053 0.465 0.343 0.068 
399    (0)   :  0.006 0.013 0.057 0.066 0.197 0.510 0.151 
400    (0)   :  0.011 0.007 0.030 0.097 0.350 0.417 0.088 
401    (0)   :  0.005 0.006 0.037 0.109 0.147 0.540 0.156 
402    (0)   :  0.013 0.008 0.032 0.103 0.221 0.394 0.228 
403    (0)   :  0.013 0.009 0.066 0.385 0.170 0.235 0.121 
404    (0)   :  0.021 0.005 0.061 0.138 0.326 0.303 0.147 
405    (0)   :  0.007 0.009 0.022 0.108 0.356 0.290 0.209 
406    (0)   :  0.006 0.007 0.017 0.155 0.396 0.104 0.316 
407    (0)   :  0.006 0.005 0.019 0.050 0.645 0.204 0.071 
408    (0)   :  0.005 0.005 0.022 0.046 0.087 0.610 0.225 
409    (0)   :  0.017 0.013 0.031 0.304 0.286 0.143 0.207 
410    (0)   :  0.120 0.023 0.040 0.101 0.271 0.338 0.107 
411    (0)   :  0.066 0.054 0.019 0.121 0.375 0.217 0.148 
412    (0)   :  0.008 0.007 0.023 0.074 0.150 0.649 0.090 
413    (0)   :  0.006 0.035 0.019 0.172 0.129 0.535 0.105 
414    (0)   :  0.006 0.011 0.061 0.050 0.164 0.620 0.089 
415    (0)   :  0.007 0.006 0.023 0.071 0.521 0.200 0.171 
416    (0)   :  0.010 0.006 0.086 0.110 0.318 0.293 0.176 
417    (0)   :  0.010 0.015 0.020 0.058 0.527 0.288 0.082 
418    (0)   :  0.011 0.006 0.026 0.057 0.171 0.666 0.062 
419    (0)   :  0.016 0.010 0.074 0.229 0.238 0.295 0.137 
420    (0)   :  0.005 0.005 0.029 0.065 0.163 0.478 0.255 
421    (0)   :  0.011 0.016 0.022 0.064 0.296 0.493 0.098 
422    (0)   :  0.011 0.006 0.022 0.073 0.345 0.226 0.317 
423    (0)   :  0.020 0.006 0.025 0.099 0.399 0.295 0.156 
424    (0)   :  0.013 0.010 0.060 0.107 0.180 0.465 0.166 
425    (0)   :  0.037 0.010 0.168 0.131 0.269 0.282 0.102 
426    (0)   :  0.040 0.083 0.071 0.095 0.214 0.403 0.095 
427    (0)   :  0.006 0.024 0.020 0.134 0.487 0.258 0.071 
428    (0)   :  0.038 0.010 0.024 0.186 0.390 0.166 0.186 
429    (0)   :  0.009 0.005 0.020 0.048 0.457 0.399 0.062 
430    (0)   :  0.009 0.007 0.020 0.057 0.592 0.232 0.083 
431    (0)   :  0.013 0.019 0.047 0.099 0.177 0.500 0.144 
432    (0)   :  0.008 0.008 0.021 0.089 0.131 0.643 0.100 
433    (0)   :  0.020 0.010 0.025 0.326 0.106 0.346 0.168 
434    (0)   :  0.011 0.009 0.037 0.149 0.274 0.338 0.181 
435    (0)   :  0.006 0.006 0.015 0.051 0.564 0.285 0.073 
436    (0)   :  0.007 0.009 0.028 0.085 0.585 0.205 0.080 
437    (0)   :  0.013 0.007 0.015 0.057 0.619 0.215 0.074 
438    (0)   :  0.007 0.016 0.025 0.093 0.406 0.280 0.173 
439    (0)   :  0.006 0.007 0.019 0.065 0.706 0.141 0.056 
440    (0)   :  0.005 0.005 0.021 0.043 0.672 0.186 0.068 
441    (0)   :  0.007 0.016 0.022 0.118 0.523 0.228 0.086 
442    (0)   :  0.008 0.005 0.059 0.062 0.411 0.347 0.107 
443    (0)   :  0.005 0.006 0.048 0.051 0.254 0.441 0.194 
444    (0)   :  0.007 0.006 0.049 0.059 0.499 0.262 0.117 
445    (0)   :  0.053 0.008 0.021 0.157 0.471 0.134 0.155 
446    (0)   :  0.052 0.011 0.032 0.060 0.451 0.340 0.054 
447    (0)   :  0.007 0.009 0.061 0.114 0.491 0.191 0.126 
448    (0)   :  0.006 0.007 0.021 0.060 0.506 0.308 0.092 
449    (0)   :  0.008 0.007 0.023 0.095 0.500 0.258 0.109 
450    (0)   :  0.013 0.008 0.027 0.099 0.592 0.208 0.054 
451    (0)   :  0.006 0.006 0.023 0.044 0.154 0.673 0.094 
452    (0)   :  0.008 0.007 0.022 0.088 0.594 0.217 0.063 
453    (0)   :  0.006 0.009 0.041 0.085 0.189 0.270 0.399 
454    (0)   :  0.006 0.024 0.020 0.098 0.501 0.249 0.102 
455    (0)   :  0.005 0.010 0.023 0.055 0.577 0.233 0.097 
456    (0)   :  0.006 0.006 0.025 0.052 0.497 0.217 0.197 
457    (0)   :  0.007 0.007 0.016 0.062 0.666 0.171 0.070 
458    (0)   :  0.051 0.007 0.023 0.066 0.605 0.184 0.063 
459    (0)   :  0.006 0.010 0.029 0.149 0.456 0.278 0.072 
460    (0)   :  0.005 0.008 0.029 0.055 0.490 0.350 0.063 
461    (0)   :  0.008 0.007 0.047 0.059 0.291 0.542 0.047 
462    (0)   :  0.011 0.007 0.135 0.041 0.469 0.215 0.121 
463    (0)   :  0.005 0.010 0.020 0.073 0.397 0.149 0.346 
464    (0)   :  0.005 0.006 0.024 0.054 0.372 0.420 0.119 
465    (0)   :  0.008 0.008 0.034 0.066 0.259 0.526 0.098 
466    (0)   :  0.005 0.007 0.020 0.055 0.290 0.401 0.221 
467    (0)   :  0.007 0.012 0.034 0.088 0.512 0.217 0.131 
468    (0)   :  0.005 0.006 0.015 0.051 0.676 0.133 0.114 
469    (0)   :  0.005 0.008 0.016 0.055 0.744 0.118 0.053 
470    (0)   :  0.005 0.007 0.016 0.053 0.582 0.275 0.061 
471    (0)   :  0.008 0.005 0.062 0.062 0.291 0.279 0.292 
472    (0)   :  0.009 0.007 0.033 0.064 0.416 0.317 0.155 
473    (0)   :  0.007 0.011 0.020 0.095 0.418 0.306 0.143 
474    (0)   :  0.007 0.006 0.022 0.083 0.572 0.201 0.109 
475    (0)   :  0.007 0.007 0.028 0.112 0.241 0.504 0.101 
476    (0)   :  0.009 0.007 0.020 0.061 0.670 0.151 0.083 
477    (0)   :  0.008 0.011 0.047 0.098 0.245 0.486 0.105 
478    (0)   :  0.008 0.009 0.072 0.053 0.169 0.631 0.058 
479    (0)   :  0.005 0.006 0.019 0.051 0.574 0.284 0.060 
480    (0)   :  0.007 0.007 0.015 0.057 0.706 0.147 0.061 
481    (0)   :  0.008 0.005 0.067 0.063 0.352 0.323 0.181 
482    (0)   :  0.007 0.006 0.018 0.052 0.580 0.282 0.055 
483    (0)   :  0.007 0.013 0.025 0.066 0.609 0.217 0.062 
484    (0)   :  0.006 0.008 0.029 0.063 0.519 0.185 0.191 
485    (0)   :  0.007 0.011 0.022 0.055 0.647 0.191 0.067 
486    (0)   :  0.015 0.008 0.107 0.084 0.154 0.305 0.327 
487    (0)   :  0.017 0.011 0.094 0.199 0.211 0.290 0.177 
488    (0)   :  0.014 0.009 0.150 0.150 0.123 0.396 0.158 
489    (0)   :  0.019 0.010 0.062 0.179 0.200 0.213 0.318 
490    (0)   :  0.008 0.006 0.052 0.056 0.172 0.526 0.180 
491    (0)   :  0.012 0.010 0.162 0.178 0.117 0.227 0.293 
492    (0)   :  0.007 0.008 0.079 0.301 0.109 0.306 0.191 
493    (0)   :  0.028 0.008 0.264 0.113 0.132 0.264 0.192 
494    (0)   :  0.096 0.008 0.094 0.151 0.170 0.233 0.248 
495    (0)   :  0.041 0.009 0.173 0.199 0.111 0.329 0.137 
496    (0)   :  0.009 0.011 0.019 0.334 0.126 0.235 0.266 
497    (0)   :  0.041 0.016 0.318 0.178 0.108 0.207 0.132 
498    (0)   :  0.011 0.008 0.196 0.095 0.132 0.354 0.204 
499    (0)   :  0.077 0.012 0.061 0.316 0.139 0.197 0.197 
500    (0)   :  0.052 0.007 0.052 0.109 0.294 0.244 0.242 
501    (0)   :  0.023 0.007 0.040 0.272 0.233 0.288 0.137 
502    (0)   :  0.011 0.008 0.088 0.308 0.151 0.349 0.084 
503    (0)   :  0.013 0.006 0.027 0.079 0.413 0.327 0.135 
504    (0)   :  0.010 0.007 0.105 0.084 0.102 0.546 0.146 
505    (0)   :  0.016 0.006 0.061 0.135 0.106 0.207 0.469 
506    (0)   :  0.010 0.008 0.106 0.247 0.126 0.338 0.165 
507    (0)   :  0.011 0.010 0.016 0.512 0.076 0.106 0.269 
508    (0)   :  0.032 0.010 0.033 0.493 0.066 0.134 0.231 
509    (0)   :  0.012 0.007 0.045 0.237 0.107 0.215 0.379 
510    (0)   :  0.100 0.006 0.036 0.318 0.169 0.230 0.141 
511    (0)   :  0.016 0.006 0.070 0.089 0.366 0.256 0.197 
512    (0)   :  0.012 0.005 0.058 0.064 0.417 0.335 0.109 
513    (0)   :  0.010 0.007 0.570 0.085 0.048 0.133 0.148 
514    (0)   :  0.010 0.012 0.033 0.111 0.098 0.608 0.128 
515    (0)   :  0.021 0.008 0.034 0.211 0.349 0.179 0.199 
516    (0)   :  0.011 0.007 0.030 0.099 0.090 0.528 0.235 
517    (0)   :  0.010 0.010 0.021 0.194 0.188 0.310 0.266 
518    (0)   :  0.143 0.011 0.030 0.258 0.184 0.205 0.170 
519    (0)   :  0.006 0.007 0.042 0.120 0.112 0.596 0.117 
520    (0)   :  0.011 0.011 0.018 0.275 0.256 0.124 0.304 
521    (0)   :  0.007 0.227 0.022 0.153 0.088 0.303 0.201 
522    (0)   :  0.070 0.008 0.026 0.086 0.339 0.195 0.277 
523    (0)   :  0.010 0.032 0.019 0.175 0.111 0.239 0.414 
524    (0)   :  0.012 0.011 0.018 0.139 0.367 0.246 0.206 
525    (0)   :  0.154 0.011 0.018 0.228 0.221 0.153 0.214 
526    (0)   :  0.007 0.008 0.015 0.096 0.395 0.118 0.362 
527    (0)   :  0.134 0.006 0.070 0.094 0.214 0.391 0.091 
528    (0)   :  0.006 0.036 0.020 0.416 0.084 0.179 0.259 
529    (0)   :  0.121 0.016 0.033 0.168 0.104 0.324 0.234 
530    (0)   :  0.011 0.007 0.053 0.134 0.398 0.188 0.209 
531    (0)   :  0.009 0.031 0.028 0.353 0.254 0.184 0.141 
532    (0)   :  0.048 0.040 0.033 0.274 0.134 0.293 0.177 
533    (0)   :  0.112 0.008 0.023 0.107 0.225 0.210 0.315 
534    (0)   :  0.099 0.007 0.048 0.150 0.063 0.213 0.419 
535    (0)   :  0.006 0.008 0.021 0.098 0.196 0.339 0.332 
536    (0)   :  0.013 0.010 0.035 0.211 0.289 0.205 0.238 
537    (0)   :  0.009 0.035 0.040 0.221 0.113 0.146 0.436 
538    (0)   :  0.007 0.008 0.021 0.178 0.119 0.163 0.505 
539    (0)   :  0.007 0.007 0.020 0.552 0.077 0.107 0.230 
540    (0)   :  0.007 0.199 0.020 0.086 0.133 0.148 0.407 
541    (0)   :  0.008 0.197 0.033 0.271 0.175 0.143 0.173 
542    (0)   :  0.007 0.006 0.042 0.077 0.315 0.123 0.430 
543    (0)   :  0.007 0.266 0.032 0.099 0.097 0.201 0.298 
544    (0)   :  0.005 0.014 0.027 0.091 0.164 0.160 0.538 
545    (0)   :  0.006 0.010 0.037 0.061 0.292 0.182 0.411 
546    (0)   :  0.006 0.018 0.063 0.124 0.156 0.146 0.486 
547    (0)   :  0.006 0.016 0.029 0.169 0.119 0.161 0.500 
548    (0)   :  0.009 0.007 0.031 0.280 0.092 0.209 0.372 
549    (0)   :  0.010 0.013 0.027 0.405 0.261 0.122 0.162 
550    (0)   :  0.005 0.007 0.035 0.100 0.315 0.192 0.347 
551    (0)   :  0.010 0.018 0.025 0.505 0.141 0.161 0.140 
552    (0)   :  0.008 0.007 0.019 0.159 0.115 0.127 0.566 
553    (0)   :  0.008 0.101 0.035 0.126 0.075 0.137 0.519 
554    (0)   :  0.012 0.249 0.026 0.068 0.207 0.232 0.207 
555    (0)   :  0.008 0.031 0.069 0.241 0.096 0.140 0.413 
556    (0)   :  0.008 0.013 0.023 0.122 0.110 0.170 0.556 
557    (0)   :  0.006 0.026 0.031 0.147 0.378 0.227 0.184 
558    (0)   :  0.007 0.006 0.018 0.055 0.602 0.264 0.049 
559    (0)   :  0.008 0.009 0.024 0.074 0.111 0.536 0.238 
560    (0)   :  0.006 0.005 0.046 0.042 0.285 0.544 0.072 
561    (0)   :  0.006 0.006 0.037 0.057 0.255 0.519 0.120 
562    (0)   :  0.008 0.006 0.043 0.041 0.192 0.540 0.170 
563    (0)   :  0.010 0.008 0.059 0.221 0.142 0.459 0.103 
564    (0)   :  0.013 0.028 0.023 0.076 0.133 0.341 0.385 
565    (0)   :  0.007 0.006 0.017 0.061 0.676 0.171 0.062 
566    (0)   :  0.005 0.006 0.034 0.044 0.263 0.577 0.072 
567    (0)   :  0.012 0.006 0.037 0.058 0.111 0.471 0.304 
568    (0)   :  0.006 0.008 0.019 0.078 0.170 0.553 0.166 
569    (0)   :  0.009 0.026 0.022 0.074 0.300 0.367 0.203 
570    (0)   :  0.014 0.006 0.016 0.046 0.539 0.317 0.062 
571    (0)   :  0.006 0.009 0.027 0.065 0.128 0.677 0.087 
572    (0)   :  0.005 0.010 0.028 0.142 0.177 0.143 0.495 
573    (0)   :  0.012 0.024 0.019 0.080 0.221 0.378 0.265 
574    (0)   :  0.010 0.028 0.025 0.149 0.425 0.227 0.136 
575    (0)   :  0.008 0.006 0.026 0.152 0.155 0.532 0.121 
576    (0)   :  0.006 0.007 0.048 0.044 0.207 0.630 0.058 
577    (0)   :  0.012 0.009 0.025 0.156 0.339 0.341 0.119 
578    (0)   :  0.007 0.010 0.036 0.065 0.217 0.562 0.103 
579    (0)   :  0.007 0.012 0.066 0.059 0.278 0.437 0.140 
580    (0)   :  0.007 0.009 0.022 0.101 0.457 0.311 0.093 
581    (0)   :  0.006 0.008 0.021 0.080 0.374 0.431 0.080 
582    (0)   :  0.008 0.006 0.021 0.048 0.463 0.350 0.104 
583    (0)   :  0.063 0.015 0.030 0.063 0.163 0.581 0.085 
584    (0)   :  0.008 0.006 0.026 0.052 0.189 0.658 0.061 
585    (0)   :  0.008 0.008 0.043 0.057 0.274 0.524 0.087 
586    (0)   :  0.006 0.007 0.045 0.077 0.098 0.625 0.141 
587    (0)   :  0.017 0.005 0.028 0.047 0.331 0.389 0.183 
588    (0)   :  0.008 0.013 0.028 0.054 0.059 0.166 0.672 
589    (0)   :  0.006 0.012 0.020 0.049 0.524 0.243 0.147 
590    (0)   :  0.007 0.005 0.044 0.064 0.107 0.656 0.117 
591    (0)   :  0.006 0.007 0.021 0.070 0.109 0.706 0.081 
592    (0)   :  0.006 0.006 0.025 0.052 0.184 0.481 0.247 
593    (0)   :  0.008 0.010 0.019 0.094 0.212 0.509 0.149 
594    (0)   :  0.043 0.022 0.035 0.128 0.117 0.547 0.108 
595    (0)   :  0.016 0.005 0.202 0.050 0.255 0.382 0.090 
596    (0)   :  0.005 0.007 0.032 0.091 0.234 0.274 0.356 
597    (0)   :  0.009 0.032 0.039 0.204 0.088 0.490 0.137 
598    (0)   :  0.009 0.006 0.014 0.050 0.666 0.202 0.053 
599    (0)   :  0.007 0.006 0.021 0.044 0.190 0.608 0.125 
600    (0)   :  0.006 0.018 0.026 0.101 0.453 0.247 0.149 
601    (0)   :  0.005 0.005 0.024 0.047 0.301 0.497 0.121 
602    (0)   :  0.013 0.009 0.044 0.186 0.146 0.403 0.198 
603    (0)   :  0.008 0.008 0.031 0.172 0.125 0.475 0.183 
604    (0)   :  0.021 0.038 0.062 0.097 0.478 0.186 0.117 
605    (0)   :  0.007 0.008 0.030 0.079 0.223 0.477 0.177 
606    (0)   :  0.018 0.022 0.029 0.143 0.231 0.280 0.277 
607    (0)   :  0.011 0.013 0.030 0.276 0.283 0.254 0.133 
608    (0)   :  0.007 0.011 0.021 0.432 0.198 0.234 0.098 
609    (0)   :  0.012 0.007 0.030 0.102 0.398 0.325 0.126 
610    (0)   :  0.007 0.008 0.028 0.080 0.518 0.185 0.175 
611    (0)   :  0.010 0.008 0.030 0.183 0.134 0.427 0.209 
612    (0)   :  0.014 0.011 0.020 0.059 0.657 0.147 0.092 
613    (0)   :  0.046 0.026 0.031 0.082 0.313 0.273 0.229 
614    (0)   :  0.010 0.005 0.043 0.063 0.625 0.138 0.116 
615    (0)   :  0.008 0.006 0.021 0.109 0.592 0.150 0.114 
616    (0)   :  0.008 0.013 0.027 0.190 0.283 0.353 0.126 
617    (0)   :  0.017 0.019 0.180 0.059 0.350 0.233 0.143 
618    (0)   :  0.015 0.095 0.055 0.146 0.411 0.141 0.137 
619    (0)   :  0.005 0.014 0.017 0.134 0.214 0.356 0.259 
620    (0)   :  0.006 0.006 0.024 0.042 0.133 0.511 0.279 
621    (0)   :  0.009 0.007 0.027 0.067 0.227 0.601 0.062 
622    (0)   :  0.017 0.034 0.177 0.092 0.291 0.176 0.213 
623    (0)   :  0.006 0.008 0.024 0.068 0.191 0.538 0.165 
624    (0)   :  0.009 0.172 0.019 0.087 0.446 0.178 0.089 
625    (0)   :  0.031 0.044 0.066 0.160 0.350 0.257 0.092 
626    (0)   :  0.025 0.181 0.017 0.131 0.277 0.103 0.266 
627    (0)   :  0.006 0.015 0.033 0.082 0.235 0.436 0.193 
628    (0)   :  0.007 0.006 0.079 0.102 0.170 0.396 0.241 
629    (0)   :  0.009 0.007 0.044 0.124 0.262 0.420 0.135 
630    (0)   :  0.020 0.013 0.033 0.090 0.438 0.302 0.103 
631    (0)   :  0.011 0.008 0.025 0.102 0.374 0.338 0.143 
632    (0)   :  0.007 0.013 0.043 0.237 0.170 0.174 0.355 
633    (0)   :  0.009 0.021 0.048 0.151 0.415 0.234 0.121 
634    (0)   :  0.008 0.010 0.022 0.188 0.234 0.261 0.275 
635    (0)   :  0.007 0.011 0.021 0.414 0.217 0.174 0.156 
636    (0)   :  0.011 0.050 0.023 0.191 0.362 0.265 0.097 
637    (0)   :  0.008 0.006 0.045 0.124 0.220 0.212 0.385 
638    (0)   :  0.011 0.011 0.025 0.167 0.215 0.442 0.129 
639    (0)   :  0.009 0.018 0.052 0.135 0.422 0.212 0.151 
