

----------------------------------------------------
STRUCTURE by Pritchard, Stephens and Donnelly (2000)
     and Falush, Stephens and Pritchard (2003)
       Code by Pritchard, Falush and Hubisz
             Version 2.3.4 (Jul 2012)
----------------------------------------------------



Command line arguments:   ./structure -K 4 -D 104017 -m brooktrout/mainparams -e brooktrout/extraparams -o brooktrout/250914_output/results_K4_rep17 
Input File:    brooktrout/brooktrout.txt

Run parameters:
   8454 individuals
   5 loci
   4 populations assumed
   50000 Burn-in period
   100000 Reps
RANDOMIZE turned off


--------------------------------------------
Overall proportion of membership of the
sample in each of the 4 clusters

Inferred Clusters
  1      2      3      4    
0.221  0.101  0.423  0.256  

--------------------------------------------

Allele-freq. divergence among pops (Net nucleotide distance),
computed using point estimates of P.

      1       2       3       4      
 1      -    0.0843  0.0331  0.1036  
 2   0.0843     -    0.0572  0.0775  
 3   0.0331  0.0572     -    0.0755  
 4   0.1036  0.0775  0.0755     -    

Average distances (expected heterozygosity) between individuals in same cluster:
cluster  1  : 0.7946 
cluster  2  : 0.8158 
cluster  3  : 0.8346 
cluster  4  : 0.7570 

--------------------------------------------
Estimated Ln Prob of Data   = -178189.9
Mean value of ln likelihood = -173435.3
Variance of ln likelihood   = 9509.3

Mean value of alpha_1       = 0.1958
Mean value of alpha_2       = 0.0900
Mean value of alpha_3       = 0.3811
Mean value of alpha_4       = 0.2402
Allele frequencies uncorrelated


Inferred ancestry of individuals:
     (%Miss) :  Inferred clusters
  1    (0)   :  0.265 0.102 0.313 0.319 
  2    (0)   :  0.054 0.028 0.832 0.086 
  3    (0)   :  0.539 0.070 0.165 0.226 
  4    (0)   :  0.055 0.044 0.178 0.724 
  5    (0)   :  0.065 0.031 0.832 0.072 
  6    (0)   :  0.769 0.017 0.156 0.059 
  7    (0)   :  0.147 0.013 0.786 0.054 
  8    (0)   :  0.274 0.032 0.294 0.400 
  9    (0)   :  0.344 0.046 0.438 0.173 
 10    (0)   :  0.314 0.015 0.476 0.196 
 11    (0)   :  0.219 0.017 0.708 0.055 
 12    (0)   :  0.080 0.032 0.760 0.128 
 13    (0)   :  0.126 0.023 0.729 0.121 
 14    (0)   :  0.141 0.158 0.473 0.228 
 15    (0)   :  0.112 0.043 0.558 0.287 
 16    (0)   :  0.540 0.033 0.330 0.097 
 17    (0)   :  0.242 0.035 0.613 0.109 
 18    (0)   :  0.431 0.031 0.291 0.247 
 19    (0)   :  0.455 0.019 0.434 0.092 
 20    (0)   :  0.139 0.049 0.717 0.095 
 21    (0)   :  0.163 0.111 0.340 0.386 
 22    (0)   :  0.708 0.025 0.157 0.111 
 23    (0)   :  0.075 0.235 0.366 0.325 
 24    (0)   :  0.368 0.040 0.290 0.302 
 25    (0)   :  0.154 0.022 0.778 0.046 
 26    (0)   :  0.269 0.046 0.474 0.211 
 27    (0)   :  0.234 0.067 0.548 0.151 
 28    (0)   :  0.193 0.027 0.395 0.385 
 29    (0)   :  0.087 0.045 0.771 0.097 
 30    (0)   :  0.724 0.040 0.148 0.087 
 31    (0)   :  0.161 0.048 0.586 0.206 
 32    (0)   :  0.225 0.054 0.441 0.280 
 33    (0)   :  0.452 0.116 0.220 0.213 
 34    (0)   :  0.398 0.020 0.498 0.084 
 35    (0)   :  0.358 0.200 0.350 0.091 
 36    (0)   :  0.225 0.580 0.113 0.082 
 37    (0)   :  0.106 0.057 0.451 0.385 
 38    (0)   :  0.676 0.129 0.151 0.044 
 39    (0)   :  0.493 0.119 0.309 0.079 
 40    (0)   :  0.124 0.481 0.142 0.253 
 41    (0)   :  0.286 0.526 0.134 0.054 
 42    (0)   :  0.143 0.407 0.114 0.336 
 43    (0)   :  0.078 0.422 0.324 0.176 
 44    (0)   :  0.241 0.583 0.129 0.047 
 45    (0)   :  0.280 0.373 0.290 0.056 
 46    (0)   :  0.472 0.099 0.366 0.062 
 47    (0)   :  0.396 0.046 0.404 0.155 
 48    (0)   :  0.231 0.617 0.104 0.048 
 49    (0)   :  0.340 0.177 0.367 0.117 
 50    (0)   :  0.465 0.054 0.347 0.134 
 51    (0)   :  0.047 0.850 0.065 0.039 
 52    (0)   :  0.520 0.113 0.280 0.087 
 53    (0)   :  0.745 0.050 0.115 0.089 
 54    (0)   :  0.085 0.095 0.626 0.194 
 55    (0)   :  0.074 0.509 0.329 0.089 
 56    (0)   :  0.333 0.375 0.169 0.123 
 57    (0)   :  0.215 0.018 0.512 0.255 
 58    (0)   :  0.143 0.370 0.373 0.114 
 59    (0)   :  0.320 0.348 0.253 0.079 
 60    (0)   :  0.083 0.591 0.132 0.195 
 61    (0)   :  0.038 0.462 0.273 0.227 
 62    (0)   :  0.312 0.045 0.551 0.092 
 63    (0)   :  0.126 0.265 0.430 0.179 
 64    (0)   :  0.692 0.032 0.216 0.061 
 65    (0)   :  0.091 0.029 0.840 0.040 
 66    (0)   :  0.059 0.098 0.495 0.348 
 67    (0)   :  0.067 0.310 0.537 0.086 
 68    (0)   :  0.311 0.325 0.258 0.106 
 69    (0)   :  0.456 0.142 0.243 0.160 
 70    (0)   :  0.116 0.593 0.197 0.095 
 71    (0)   :  0.164 0.587 0.209 0.039 
 72    (0)   :  0.549 0.156 0.217 0.078 
 73    (0)   :  0.069 0.304 0.563 0.064 
 74    (0)   :  0.316 0.409 0.112 0.162 
 75    (0)   :  0.115 0.567 0.098 0.220 
 76    (0)   :  0.105 0.268 0.538 0.088 
 77    (0)   :  0.185 0.576 0.195 0.044 
 78    (0)   :  0.277 0.532 0.141 0.050 
 79    (0)   :  0.120 0.013 0.802 0.064 
 80    (0)   :  0.083 0.016 0.226 0.675 
 81    (0)   :  0.116 0.013 0.355 0.516 
 82    (0)   :  0.057 0.070 0.689 0.184 
 83    (0)   :  0.207 0.036 0.361 0.396 
 84    (0)   :  0.140 0.023 0.528 0.309 
 85    (0)   :  0.206 0.029 0.291 0.473 
 86    (0)   :  0.126 0.113 0.676 0.085 
 87    (0)   :  0.105 0.026 0.791 0.078 
 88    (0)   :  0.061 0.026 0.568 0.345 
 89    (0)   :  0.061 0.020 0.353 0.567 
 90    (0)   :  0.063 0.016 0.848 0.073 
 91    (0)   :  0.109 0.031 0.177 0.683 
 92    (0)   :  0.087 0.020 0.756 0.137 
 93    (0)   :  0.040 0.017 0.089 0.854 
 94    (0)   :  0.486 0.027 0.426 0.061 
 95    (0)   :  0.048 0.021 0.762 0.168 
 96    (0)   :  0.039 0.482 0.189 0.289 
 97    (0)   :  0.216 0.323 0.159 0.301 
 98    (0)   :  0.142 0.394 0.310 0.154 
 99    (0)   :  0.096 0.018 0.620 0.266 
100    (0)   :  0.033 0.023 0.120 0.824 
101    (0)   :  0.073 0.047 0.732 0.148 
102    (0)   :  0.104 0.088 0.360 0.447 
103    (0)   :  0.048 0.046 0.616 0.291 
104    (0)   :  0.059 0.045 0.803 0.092 
105    (0)   :  0.039 0.045 0.748 0.168 
106    (0)   :  0.273 0.034 0.662 0.032 
107    (0)   :  0.054 0.048 0.720 0.179 
108    (0)   :  0.098 0.649 0.199 0.054 
109    (0)   :  0.133 0.040 0.793 0.034 
110    (0)   :  0.278 0.023 0.660 0.039 
111    (0)   :  0.046 0.022 0.891 0.042 
112    (0)   :  0.120 0.032 0.814 0.033 
113    (0)   :  0.147 0.128 0.575 0.149 
114    (0)   :  0.055 0.033 0.796 0.116 
115    (0)   :  0.058 0.138 0.745 0.059 
116    (0)   :  0.212 0.147 0.603 0.038 
117    (0)   :  0.152 0.040 0.757 0.051 
118    (0)   :  0.051 0.051 0.839 0.059 
119    (0)   :  0.059 0.510 0.178 0.253 
120    (0)   :  0.067 0.041 0.833 0.059 
121    (0)   :  0.063 0.182 0.705 0.050 
122    (0)   :  0.197 0.027 0.732 0.043 
123    (0)   :  0.107 0.038 0.790 0.066 
124    (0)   :  0.357 0.108 0.479 0.055 
125    (0)   :  0.510 0.078 0.351 0.061 
126    (0)   :  0.203 0.123 0.596 0.079 
127    (0)   :  0.049 0.024 0.880 0.047 
128    (0)   :  0.043 0.047 0.850 0.059 
129    (0)   :  0.036 0.028 0.887 0.048 
130    (0)   :  0.060 0.025 0.788 0.128 
131    (0)   :  0.397 0.174 0.384 0.045 
132    (0)   :  0.115 0.032 0.814 0.039 
133    (0)   :  0.062 0.054 0.815 0.069 
134    (0)   :  0.188 0.017 0.768 0.027 
135    (0)   :  0.046 0.144 0.170 0.640 
136    (0)   :  0.044 0.016 0.088 0.852 
137    (0)   :  0.037 0.014 0.131 0.818 
138    (0)   :  0.046 0.023 0.068 0.864 
139    (0)   :  0.066 0.186 0.199 0.549 
140    (0)   :  0.105 0.079 0.241 0.574 
141    (0)   :  0.078 0.023 0.101 0.797 
142    (0)   :  0.041 0.171 0.137 0.652 
143    (0)   :  0.029 0.016 0.060 0.895 
144    (0)   :  0.033 0.016 0.126 0.824 
145    (0)   :  0.099 0.037 0.153 0.710 
146    (0)   :  0.095 0.050 0.287 0.567 
147    (0)   :  0.033 0.013 0.063 0.891 
148    (0)   :  0.054 0.045 0.189 0.712 
149    (0)   :  0.051 0.041 0.081 0.827 
150    (0)   :  0.046 0.022 0.248 0.684 
151    (0)   :  0.037 0.021 0.096 0.846 
152    (0)   :  0.077 0.090 0.179 0.655 
153    (0)   :  0.065 0.043 0.094 0.798 
154    (0)   :  0.043 0.027 0.100 0.830 
155    (0)   :  0.033 0.019 0.081 0.867 
156    (0)   :  0.031 0.094 0.117 0.759 
157    (0)   :  0.068 0.026 0.197 0.710 
158    (0)   :  0.100 0.028 0.135 0.737 
159    (0)   :  0.031 0.013 0.066 0.889 
160    (0)   :  0.032 0.013 0.072 0.883 
161    (0)   :  0.077 0.035 0.134 0.754 
162    (0)   :  0.099 0.058 0.337 0.506 
163    (0)   :  0.031 0.026 0.074 0.869 
164    (0)   :  0.067 0.030 0.384 0.519 
165    (0)   :  0.042 0.020 0.215 0.723 
166    (0)   :  0.096 0.064 0.224 0.616 
167    (0)   :  0.065 0.023 0.211 0.702 
168    (0)   :  0.084 0.048 0.096 0.772 
169    (0)   :  0.417 0.051 0.126 0.406 
170    (0)   :  0.037 0.052 0.106 0.806 
171    (0)   :  0.081 0.043 0.191 0.686 
172    (0)   :  0.181 0.187 0.078 0.554 
173    (0)   :  0.031 0.017 0.075 0.876 
174    (0)   :  0.039 0.014 0.091 0.856 
175    (0)   :  0.042 0.019 0.069 0.869 
176    (0)   :  0.034 0.016 0.126 0.825 
177    (0)   :  0.137 0.037 0.257 0.569 
178    (0)   :  0.061 0.016 0.116 0.807 
179    (0)   :  0.031 0.013 0.061 0.895 
180    (0)   :  0.090 0.042 0.196 0.672 
181    (0)   :  0.059 0.043 0.118 0.780 
182    (0)   :  0.029 0.028 0.103 0.839 
183    (0)   :  0.033 0.016 0.070 0.881 
184    (0)   :  0.114 0.055 0.715 0.116 
185    (0)   :  0.027 0.074 0.069 0.829 
186    (0)   :  0.073 0.032 0.811 0.084 
187    (0)   :  0.073 0.048 0.342 0.537 
188    (0)   :  0.053 0.032 0.855 0.060 
189    (0)   :  0.312 0.057 0.191 0.440 
190    (0)   :  0.023 0.536 0.092 0.349 
191    (0)   :  0.052 0.036 0.670 0.242 
192    (0)   :  0.076 0.035 0.441 0.448 
193    (0)   :  0.095 0.092 0.426 0.387 
194    (0)   :  0.061 0.083 0.473 0.383 
195    (0)   :  0.029 0.052 0.099 0.820 
196    (0)   :  0.040 0.451 0.186 0.323 
197    (0)   :  0.164 0.062 0.559 0.216 
198    (0)   :  0.158 0.080 0.503 0.259 
199    (0)   :  0.043 0.378 0.227 0.352 
200    (0)   :  0.092 0.360 0.276 0.271 
201    (0)   :  0.038 0.045 0.114 0.803 
202    (0)   :  0.029 0.083 0.136 0.752 
203    (0)   :  0.033 0.035 0.123 0.809 
204    (0)   :  0.031 0.083 0.234 0.652 
205    (0)   :  0.071 0.242 0.424 0.263 
206    (0)   :  0.038 0.070 0.310 0.582 
207    (0)   :  0.036 0.150 0.606 0.208 
208    (0)   :  0.042 0.232 0.238 0.488 
209    (0)   :  0.065 0.074 0.544 0.316 
210    (0)   :  0.042 0.072 0.305 0.581 
211    (0)   :  0.029 0.396 0.378 0.196 
212    (0)   :  0.051 0.040 0.108 0.802 
213    (0)   :  0.065 0.251 0.500 0.184 
214    (0)   :  0.036 0.059 0.109 0.796 
215    (0)   :  0.052 0.237 0.564 0.147 
216    (0)   :  0.104 0.063 0.687 0.146 
217    (0)   :  0.050 0.073 0.113 0.764 
218    (0)   :  0.073 0.067 0.455 0.405 
219    (0)   :  0.201 0.039 0.326 0.434 
220    (0)   :  0.039 0.084 0.599 0.278 
221    (0)   :  0.027 0.091 0.064 0.819 
222    (0)   :  0.188 0.041 0.530 0.242 
223    (0)   :  0.097 0.053 0.241 0.609 
224    (0)   :  0.037 0.034 0.185 0.745 
225    (0)   :  0.053 0.144 0.337 0.466 
226    (0)   :  0.257 0.200 0.232 0.312 
227    (0)   :  0.035 0.150 0.266 0.549 
228    (0)   :  0.028 0.137 0.114 0.720 
229    (0)   :  0.041 0.020 0.201 0.737 
230    (0)   :  0.038 0.029 0.261 0.672 
231    (0)   :  0.064 0.023 0.227 0.686 
232    (0)   :  0.088 0.084 0.341 0.487 
233    (0)   :  0.034 0.036 0.103 0.826 
234    (0)   :  0.114 0.041 0.467 0.378 
235    (0)   :  0.107 0.129 0.241 0.523 
236    (0)   :  0.067 0.061 0.238 0.634 
237    (0)   :  0.040 0.093 0.524 0.344 
238    (0)   :  0.046 0.055 0.150 0.749 
239    (0)   :  0.028 0.052 0.099 0.821 
240    (0)   :  0.046 0.056 0.147 0.751 
241    (0)   :  0.036 0.046 0.109 0.809 
242    (0)   :  0.132 0.046 0.296 0.526 
243    (0)   :  0.028 0.451 0.155 0.366 
244    (0)   :  0.035 0.036 0.147 0.782 
245    (0)   :  0.033 0.043 0.085 0.839 
246    (0)   :  0.051 0.073 0.112 0.764 
247    (0)   :  0.093 0.090 0.747 0.069 
248    (0)   :  0.042 0.157 0.715 0.086 
249    (0)   :  0.040 0.046 0.188 0.726 
250    (0)   :  0.065 0.040 0.372 0.524 
251    (0)   :  0.157 0.154 0.484 0.205 
252    (0)   :  0.064 0.070 0.274 0.592 
253    (0)   :  0.092 0.180 0.565 0.164 
254    (0)   :  0.127 0.056 0.523 0.293 
255    (0)   :  0.093 0.043 0.453 0.411 
256    (0)   :  0.045 0.110 0.173 0.671 
257    (0)   :  0.050 0.156 0.445 0.350 
258    (0)   :  0.066 0.261 0.489 0.184 
259    (0)   :  0.050 0.062 0.597 0.291 
260    (0)   :  0.145 0.031 0.356 0.468 
261    (0)   :  0.059 0.096 0.170 0.674 
262    (0)   :  0.032 0.196 0.083 0.689 
263    (0)   :  0.053 0.071 0.604 0.272 
264    (0)   :  0.464 0.068 0.409 0.058 
265    (0)   :  0.127 0.115 0.354 0.403 
266    (0)   :  0.027 0.067 0.070 0.835 
267    (0)   :  0.061 0.054 0.435 0.450 
268    (0)   :  0.041 0.441 0.188 0.330 
269    (0)   :  0.262 0.047 0.271 0.421 
270    (0)   :  0.086 0.050 0.693 0.172 
271    (0)   :  0.054 0.298 0.481 0.166 
272    (0)   :  0.133 0.442 0.245 0.180 
273    (0)   :  0.130 0.143 0.243 0.484 
274    (0)   :  0.120 0.154 0.455 0.272 
275    (0)   :  0.148 0.170 0.276 0.406 
276    (0)   :  0.106 0.452 0.294 0.148 
277    (0)   :  0.101 0.050 0.290 0.559 
278    (0)   :  0.049 0.464 0.327 0.161 
279    (0)   :  0.078 0.092 0.371 0.459 
280    (0)   :  0.209 0.143 0.289 0.359 
281    (0)   :  0.070 0.100 0.552 0.278 
282    (0)   :  0.080 0.033 0.192 0.696 
283    (0)   :  0.042 0.027 0.132 0.798 
284    (0)   :  0.063 0.094 0.425 0.418 
285    (0)   :  0.060 0.242 0.647 0.051 
286    (0)   :  0.035 0.035 0.148 0.782 
287    (0)   :  0.174 0.062 0.385 0.379 
288    (0)   :  0.192 0.194 0.353 0.261 
289    (0)   :  0.111 0.201 0.472 0.216 
290    (0)   :  0.224 0.314 0.273 0.189 
291    (0)   :  0.054 0.292 0.483 0.171 
292    (0)   :  0.149 0.236 0.185 0.429 
293    (0)   :  0.348 0.258 0.291 0.103 
294    (0)   :  0.070 0.102 0.560 0.268 
295    (0)   :  0.127 0.210 0.393 0.271 
296    (0)   :  0.050 0.157 0.528 0.265 
297    (0)   :  0.252 0.073 0.443 0.232 
298    (0)   :  0.084 0.026 0.290 0.600 
299    (0)   :  0.070 0.029 0.645 0.256 
300    (0)   :  0.056 0.109 0.624 0.211 
301    (0)   :  0.167 0.064 0.583 0.186 
302    (0)   :  0.062 0.227 0.476 0.235 
303    (0)   :  0.064 0.047 0.171 0.718 
304    (0)   :  0.158 0.027 0.311 0.504 
305    (0)   :  0.038 0.079 0.122 0.762 
306    (0)   :  0.068 0.055 0.126 0.751 
307    (0)   :  0.069 0.077 0.454 0.401 
308    (0)   :  0.060 0.097 0.166 0.677 
309    (0)   :  0.057 0.221 0.475 0.246 
310    (0)   :  0.035 0.152 0.147 0.665 
311    (0)   :  0.038 0.029 0.256 0.678 
312    (0)   :  0.033 0.102 0.589 0.276 
313    (0)   :  0.036 0.403 0.456 0.104 
314    (0)   :  0.033 0.023 0.054 0.891 
315    (0)   :  0.049 0.035 0.066 0.851 
316    (0)   :  0.056 0.023 0.070 0.851 
317    (0)   :  0.033 0.014 0.055 0.898 
318    (0)   :  0.035 0.011 0.055 0.899 
319    (0)   :  0.030 0.015 0.063 0.892 
320    (0)   :  0.031 0.023 0.054 0.892 
321    (0)   :  0.037 0.013 0.058 0.892 
322    (0)   :  0.052 0.035 0.071 0.842 
323    (0)   :  0.033 0.012 0.058 0.898 
324    (0)   :  0.038 0.013 0.058 0.891 
325    (0)   :  0.059 0.019 0.066 0.856 
326    (0)   :  0.061 0.022 0.063 0.854 
327    (0)   :  0.033 0.014 0.056 0.896 
328    (0)   :  0.053 0.026 0.076 0.846 
329    (0)   :  0.031 0.012 0.057 0.900 
330    (0)   :  0.032 0.014 0.056 0.898 
331    (0)   :  0.031 0.011 0.058 0.900 
332    (0)   :  0.071 0.018 0.069 0.841 
333    (0)   :  0.050 0.023 0.069 0.858 
334    (0)   :  0.053 0.025 0.074 0.847 
335    (0)   :  0.046 0.028 0.071 0.855 
336    (0)   :  0.039 0.016 0.055 0.891 
337    (0)   :  0.063 0.024 0.072 0.841 
338    (0)   :  0.037 0.011 0.057 0.895 
339    (0)   :  0.031 0.011 0.058 0.900 
340    (0)   :  0.028 0.012 0.056 0.903 
341    (0)   :  0.033 0.012 0.059 0.896 
342    (0)   :  0.033 0.014 0.056 0.897 
343    (0)   :  0.054 0.046 0.070 0.830 
344    (0)   :  0.031 0.011 0.055 0.902 
345    (0)   :  0.033 0.014 0.055 0.898 
346    (0)   :  0.032 0.012 0.054 0.902 
347    (0)   :  0.028 0.012 0.054 0.906 
348    (0)   :  0.044 0.056 0.067 0.833 
349    (0)   :  0.032 0.014 0.055 0.899 
350    (0)   :  0.031 0.018 0.059 0.891 
351    (0)   :  0.046 0.028 0.070 0.857 
352    (0)   :  0.055 0.027 0.069 0.849 
353    (0)   :  0.038 0.016 0.054 0.892 
354    (0)   :  0.032 0.011 0.057 0.899 
355    (0)   :  0.035 0.011 0.055 0.899 
356    (0)   :  0.041 0.073 0.069 0.816 
357    (0)   :  0.241 0.023 0.169 0.567 
358    (0)   :  0.054 0.019 0.072 0.855 
359    (0)   :  0.032 0.011 0.060 0.897 
360    (0)   :  0.032 0.012 0.053 0.903 
361    (0)   :  0.248 0.035 0.200 0.517 
362    (0)   :  0.281 0.042 0.563 0.115 
363    (0)   :  0.533 0.051 0.360 0.057 
364    (0)   :  0.237 0.028 0.325 0.411 
365    (0)   :  0.576 0.035 0.327 0.063 
366    (0)   :  0.378 0.250 0.201 0.170 
367    (0)   :  0.380 0.016 0.572 0.032 
368    (0)   :  0.076 0.017 0.846 0.061 
369    (0)   :  0.201 0.160 0.225 0.414 
370    (0)   :  0.085 0.053 0.767 0.095 
371    (0)   :  0.304 0.068 0.454 0.174 
372    (0)   :  0.082 0.062 0.694 0.163 
373    (0)   :  0.172 0.022 0.694 0.113 
374    (0)   :  0.307 0.031 0.294 0.368 
375    (0)   :  0.348 0.020 0.584 0.048 
376    (0)   :  0.846 0.014 0.104 0.036 
377    (0)   :  0.341 0.055 0.523 0.081 
378    (0)   :  0.097 0.022 0.661 0.220 
379    (0)   :  0.851 0.021 0.096 0.033 
380    (0)   :  0.677 0.063 0.102 0.158 
381    (0)   :  0.734 0.057 0.086 0.122 
382    (0)   :  0.425 0.016 0.507 0.052 
383    (0)   :  0.752 0.022 0.091 0.135 
384    (0)   :  0.612 0.027 0.251 0.110 
385    (0)   :  0.115 0.013 0.692 0.180 
386    (0)   :  0.481 0.025 0.443 0.051 
387    (0)   :  0.414 0.027 0.501 0.058 
388    (0)   :  0.207 0.023 0.463 0.307 
389    (0)   :  0.067 0.254 0.602 0.077 
390    (0)   :  0.446 0.235 0.272 0.046 
391    (0)   :  0.126 0.121 0.654 0.100 
392    (0)   :  0.673 0.027 0.198 0.102 
393    (0)   :  0.789 0.058 0.081 0.072 
394    (0)   :  0.237 0.029 0.431 0.302 
395    (0)   :  0.273 0.354 0.305 0.068 
396    (0)   :  0.308 0.018 0.638 0.036 
397    (0)   :  0.208 0.038 0.486 0.268 
398    (0)   :  0.768 0.023 0.174 0.034 
399    (0)   :  0.238 0.083 0.628 0.050 
400    (0)   :  0.530 0.022 0.378 0.069 
401    (0)   :  0.192 0.089 0.646 0.073 
402    (0)   :  0.184 0.106 0.610 0.100 
403    (0)   :  0.134 0.029 0.404 0.433 
404    (0)   :  0.422 0.031 0.417 0.129 
405    (0)   :  0.409 0.058 0.405 0.128 
406    (0)   :  0.162 0.666 0.077 0.095 
407    (0)   :  0.817 0.018 0.130 0.036 
408    (0)   :  0.060 0.130 0.771 0.038 
409    (0)   :  0.199 0.410 0.123 0.268 
410    (0)   :  0.553 0.035 0.314 0.098 
411    (0)   :  0.600 0.073 0.147 0.180 
412    (0)   :  0.105 0.015 0.820 0.060 
413    (0)   :  0.119 0.026 0.650 0.206 
414    (0)   :  0.086 0.016 0.857 0.041 
415    (0)   :  0.737 0.060 0.147 0.056 
416    (0)   :  0.432 0.048 0.422 0.097 
417    (0)   :  0.761 0.018 0.175 0.046 
418    (0)   :  0.237 0.014 0.709 0.040 
419    (0)   :  0.234 0.120 0.434 0.212 
420    (0)   :  0.235 0.235 0.480 0.049 
421    (0)   :  0.510 0.025 0.405 0.060 
422    (0)   :  0.374 0.215 0.333 0.078 
423    (0)   :  0.619 0.036 0.267 0.078 
424    (0)   :  0.136 0.139 0.650 0.074 
425    (0)   :  0.275 0.038 0.576 0.111 
426    (0)   :  0.174 0.024 0.711 0.090 
427    (0)   :  0.702 0.031 0.138 0.129 
428    (0)   :  0.426 0.110 0.231 0.233 
429    (0)   :  0.761 0.014 0.192 0.032 
430    (0)   :  0.782 0.022 0.150 0.045 
431    (0)   :  0.131 0.024 0.762 0.083 
432    (0)   :  0.091 0.020 0.817 0.072 
433    (0)   :  0.058 0.051 0.581 0.310 
434    (0)   :  0.251 0.037 0.515 0.197 
435    (0)   :  0.792 0.027 0.147 0.035 
436    (0)   :  0.826 0.028 0.091 0.054 
437    (0)   :  0.804 0.018 0.140 0.039 
438    (0)   :  0.415 0.292 0.207 0.086 
439    (0)   :  0.852 0.017 0.087 0.044 
440    (0)   :  0.834 0.023 0.114 0.028 
441    (0)   :  0.628 0.027 0.231 0.114 
442    (0)   :  0.640 0.038 0.279 0.043 
443    (0)   :  0.392 0.133 0.438 0.037 
444    (0)   :  0.716 0.047 0.197 0.041 
445    (0)   :  0.555 0.133 0.144 0.167 
446    (0)   :  0.734 0.022 0.205 0.040 
447    (0)   :  0.598 0.083 0.231 0.088 
448    (0)   :  0.647 0.030 0.280 0.043 
449    (0)   :  0.599 0.033 0.289 0.079 
450    (0)   :  0.703 0.012 0.216 0.069 
451    (0)   :  0.117 0.035 0.816 0.032 
452    (0)   :  0.764 0.014 0.165 0.057 
453    (0)   :  0.088 0.521 0.308 0.083 
454    (0)   :  0.648 0.026 0.233 0.092 
455    (0)   :  0.717 0.085 0.157 0.040 
456    (0)   :  0.646 0.129 0.187 0.037 
457    (0)   :  0.824 0.019 0.116 0.042 
458    (0)   :  0.819 0.017 0.118 0.046 
459    (0)   :  0.552 0.050 0.281 0.117 
460    (0)   :  0.737 0.023 0.204 0.037 
461    (0)   :  0.572 0.014 0.377 0.038 
462    (0)   :  0.658 0.051 0.260 0.031 
463    (0)   :  0.225 0.581 0.130 0.065 
464    (0)   :  0.607 0.068 0.289 0.036 
465    (0)   :  0.286 0.052 0.608 0.054 
466    (0)   :  0.314 0.275 0.368 0.042 
467    (0)   :  0.652 0.055 0.209 0.083 
468    (0)   :  0.821 0.053 0.092 0.035 
469    (0)   :  0.869 0.018 0.076 0.037 
470    (0)   :  0.819 0.022 0.125 0.034 
471    (0)   :  0.330 0.215 0.405 0.050 
472    (0)   :  0.440 0.082 0.422 0.056 
473    (0)   :  0.500 0.048 0.367 0.086 
474    (0)   :  0.740 0.030 0.170 0.060 
475    (0)   :  0.305 0.042 0.564 0.088 
476    (0)   :  0.835 0.025 0.096 0.044 
477    (0)   :  0.187 0.058 0.680 0.075 
478    (0)   :  0.154 0.021 0.788 0.037 
479    (0)   :  0.772 0.019 0.175 0.034 
480    (0)   :  0.860 0.015 0.086 0.039 
481    (0)   :  0.319 0.046 0.586 0.049 
482    (0)   :  0.829 0.014 0.124 0.033 
483    (0)   :  0.780 0.026 0.148 0.047 
484    (0)   :  0.534 0.207 0.201 0.058 
485    (0)   :  0.801 0.040 0.121 0.037 
486    (0)   :  0.071 0.101 0.756 0.072 
487    (0)   :  0.095 0.044 0.670 0.191 
488    (0)   :  0.052 0.031 0.822 0.096 
489    (0)   :  0.120 0.138 0.417 0.326 
490    (0)   :  0.091 0.054 0.812 0.043 
491    (0)   :  0.062 0.056 0.646 0.237 
492    (0)   :  0.059 0.076 0.563 0.302 
493    (0)   :  0.058 0.039 0.809 0.093 
494    (0)   :  0.113 0.062 0.658 0.167 
495    (0)   :  0.070 0.052 0.735 0.142 
496    (0)   :  0.082 0.094 0.336 0.489 
497    (0)   :  0.056 0.024 0.751 0.169 
498    (0)   :  0.087 0.133 0.660 0.120 
499    (0)   :  0.071 0.052 0.497 0.379 
500    (0)   :  0.186 0.050 0.659 0.105 
501    (0)   :  0.162 0.030 0.575 0.233 
502    (0)   :  0.087 0.019 0.648 0.247 
503    (0)   :  0.433 0.034 0.472 0.060 
504    (0)   :  0.050 0.041 0.849 0.060 
505    (0)   :  0.063 0.211 0.554 0.172 
506    (0)   :  0.080 0.028 0.645 0.247 
507    (0)   :  0.037 0.047 0.095 0.820 
508    (0)   :  0.034 0.134 0.192 0.640 
509    (0)   :  0.059 0.094 0.493 0.354 
510    (0)   :  0.162 0.034 0.430 0.374 
511    (0)   :  0.484 0.074 0.365 0.078 
512    (0)   :  0.438 0.020 0.498 0.044 
513    (0)   :  0.027 0.078 0.816 0.080 
514    (0)   :  0.066 0.033 0.825 0.077 
515    (0)   :  0.447 0.096 0.256 0.202 
516    (0)   :  0.050 0.073 0.796 0.081 
517    (0)   :  0.201 0.263 0.360 0.176 
518    (0)   :  0.186 0.028 0.370 0.416 
519    (0)   :  0.077 0.031 0.809 0.083 
520    (0)   :  0.204 0.334 0.128 0.334 
521    (0)   :  0.075 0.061 0.362 0.501 
522    (0)   :  0.510 0.221 0.204 0.065 
523    (0)   :  0.065 0.512 0.231 0.193 
524    (0)   :  0.470 0.148 0.266 0.116 
525    (0)   :  0.301 0.061 0.264 0.373 
526    (0)   :  0.217 0.589 0.098 0.096 
527    (0)   :  0.166 0.019 0.746 0.070 
528    (0)   :  0.048 0.052 0.155 0.746 
529    (0)   :  0.085 0.042 0.639 0.235 
530    (0)   :  0.459 0.115 0.299 0.126 
531    (0)   :  0.222 0.074 0.221 0.483 
532    (0)   :  0.117 0.072 0.467 0.344 
533    (0)   :  0.355 0.116 0.413 0.116 
534    (0)   :  0.042 0.148 0.617 0.193 
535    (0)   :  0.167 0.392 0.344 0.097 
536    (0)   :  0.300 0.194 0.238 0.268 
537    (0)   :  0.072 0.311 0.153 0.465 
538    (0)   :  0.110 0.226 0.278 0.385 
539    (0)   :  0.038 0.041 0.085 0.835 
540    (0)   :  0.140 0.202 0.247 0.411 
541    (0)   :  0.112 0.060 0.184 0.644 
542    (0)   :  0.170 0.620 0.132 0.078 
543    (0)   :  0.063 0.368 0.319 0.251 
544    (0)   :  0.094 0.608 0.172 0.126 
545    (0)   :  0.106 0.741 0.110 0.043 
546    (0)   :  0.097 0.360 0.259 0.284 
547    (0)   :  0.047 0.737 0.106 0.111 
548    (0)   :  0.065 0.040 0.369 0.525 
549    (0)   :  0.188 0.247 0.095 0.470 
550    (0)   :  0.230 0.536 0.164 0.069 
551    (0)   :  0.086 0.057 0.154 0.703 
552    (0)   :  0.093 0.224 0.209 0.474 
553    (0)   :  0.033 0.679 0.113 0.176 
554    (0)   :  0.257 0.083 0.412 0.248 
555    (0)   :  0.067 0.199 0.208 0.526 
556    (0)   :  0.092 0.293 0.292 0.323 
557    (0)   :  0.245 0.487 0.167 0.100 
558    (0)   :  0.839 0.012 0.115 0.034 
559    (0)   :  0.073 0.043 0.812 0.072 
560    (0)   :  0.485 0.026 0.458 0.030 
561    (0)   :  0.260 0.045 0.655 0.040 
562    (0)   :  0.167 0.059 0.743 0.030 
563    (0)   :  0.109 0.055 0.677 0.159 
564    (0)   :  0.078 0.099 0.732 0.092 
565    (0)   :  0.831 0.016 0.111 0.042 
566    (0)   :  0.309 0.025 0.636 0.030 
567    (0)   :  0.060 0.032 0.852 0.056 
568    (0)   :  0.176 0.081 0.674 0.070 
569    (0)   :  0.398 0.139 0.390 0.072 
570    (0)   :  0.794 0.014 0.161 0.032 
571    (0)   :  0.107 0.024 0.822 0.047 
572    (0)   :  0.140 0.465 0.185 0.211 
573    (0)   :  0.186 0.083 0.639 0.091 
574    (0)   :  0.493 0.036 0.294 0.177 
575    (0)   :  0.143 0.041 0.703 0.113 
576    (0)   :  0.177 0.016 0.778 0.030 
577    (0)   :  0.397 0.027 0.425 0.151 
578    (0)   :  0.229 0.032 0.686 0.054 
579    (0)   :  0.215 0.030 0.701 0.054 
580    (0)   :  0.566 0.022 0.325 0.087 
581    (0)   :  0.542 0.022 0.373 0.063 
582    (0)   :  0.738 0.030 0.196 0.035 
583    (0)   :  0.179 0.021 0.750 0.051 
584    (0)   :  0.158 0.017 0.789 0.036 
585    (0)   :  0.295 0.024 0.637 0.044 
586    (0)   :  0.082 0.028 0.828 0.062 
587    (0)   :  0.461 0.057 0.446 0.036 
588    (0)   :  0.031 0.417 0.479 0.073 
589    (0)   :  0.668 0.080 0.215 0.037 
590    (0)   :  0.061 0.023 0.873 0.043 
591    (0)   :  0.083 0.020 0.846 0.051 
592    (0)   :  0.179 0.130 0.645 0.046 
593    (0)   :  0.264 0.040 0.603 0.092 
594    (0)   :  0.069 0.023 0.815 0.093 
595    (0)   :  0.205 0.014 0.746 0.034 
596    (0)   :  0.183 0.239 0.490 0.089 
597    (0)   :  0.070 0.079 0.646 0.206 
598    (0)   :  0.848 0.013 0.107 0.032 
599    (0)   :  0.236 0.056 0.674 0.034 
600    (0)   :  0.534 0.044 0.313 0.109 
601    (0)   :  0.457 0.038 0.470 0.035 
602    (0)   :  0.071 0.025 0.717 0.188 
603    (0)   :  0.067 0.030 0.740 0.163 
604    (0)   :  0.521 0.038 0.305 0.136 
605    (0)   :  0.190 0.061 0.686 0.063 
606    (0)   :  0.180 0.061 0.507 0.252 
607    (0)   :  0.230 0.019 0.392 0.359 
608    (0)   :  0.212 0.023 0.262 0.503 
609    (0)   :  0.448 0.042 0.428 0.081 
610    (0)   :  0.606 0.106 0.222 0.066 
611    (0)   :  0.086 0.059 0.711 0.144 
612    (0)   :  0.820 0.027 0.106 0.047 
613    (0)   :  0.276 0.065 0.565 0.094 
614    (0)   :  0.757 0.025 0.165 0.052 
615    (0)   :  0.740 0.027 0.139 0.095 
616    (0)   :  0.222 0.022 0.494 0.262 
617    (0)   :  0.367 0.055 0.524 0.055 
618    (0)   :  0.527 0.064 0.195 0.215 
619    (0)   :  0.220 0.164 0.435 0.181 
620    (0)   :  0.104 0.114 0.745 0.037 
621    (0)   :  0.171 0.014 0.767 0.049 
622    (0)   :  0.412 0.122 0.302 0.164 
623    (0)   :  0.134 0.041 0.767 0.058 
624    (0)   :  0.707 0.023 0.133 0.137 
625    (0)   :  0.488 0.020 0.318 0.174 
626    (0)   :  0.291 0.132 0.098 0.479 
627    (0)   :  0.159 0.043 0.715 0.083 
628    (0)   :  0.093 0.033 0.797 0.077 
629    (0)   :  0.159 0.022 0.719 0.100 
630    (0)   :  0.622 0.034 0.281 0.064 
631    (0)   :  0.444 0.020 0.438 0.098 
632    (0)   :  0.129 0.095 0.364 0.411 
633    (0)   :  0.434 0.023 0.397 0.145 
634    (0)   :  0.201 0.064 0.487 0.248 
635    (0)   :  0.154 0.028 0.204 0.613 
636    (0)   :  0.437 0.029 0.284 0.249 
637    (0)   :  0.171 0.274 0.406 0.148 
638    (0)   :  0.140 0.021 0.698 0.140 
639    (0)   :  0.403 0.030 0.422 0.145 
640    (0)   :  0.128 0.014 0.796 0.061 
641    (0)   :  0.194 0.026 0.686 0.094 
642    (0)   :  0.088 0.062 0.197 0.652 
643    (0)   :  0.051 0.021 0.105 0.823 
644    (0)   :  0.055 0.024 0.230 0.691 
645    (0)   :  0.317 0.044 0.093 0.546 
646    (0)   :  0.106 0.107 0.614 0.173 
647    (0)   :  0.070 0.062 0.455 0.413 
648    (0)   :  0.123 0.129 0.342 0.406 
649    (0)   :  0.052 0.298 0.401 0.249 
650    (0)   :  0.056 0.075 0.661 0.209 
651    (0)   :  0.054 0.019 0.426 0.501 
652    (0)   :  0.071 0.036 0.241 0.653 
653    (0)   :  0.098 0.077 0.324 0.501 
654    (0)   :  0.074 0.102 0.197 0.627 
655    (0)   :  0.089 0.042 0.322 0.546 
656    (0)   :  0.090 0.140 0.443 0.327 
657    (0)   :  0.282 0.029 0.467 0.222 
658    (0)   :  0.154 0.119 0.458 0.269 
659    (0)   :  0.085 0.093 0.255 0.567 
660    (0)   :  0.046 0.043 0.145 0.766 
661    (0)   :  0.083 0.182 0.133 0.602 
662    (0)   :  0.041 0.480 0.346 0.133 
663    (0)   :  0.070 0.034 0.209 0.688 
664    (0)   :  0.226 0.062 0.421 0.291 
665    (0)   :  0.052 0.332 0.421 0.195 
666    (0)   :  0.075 0.074 0.187 0.664 
667    (0)   :  0.070 0.043 0.785 0.101 
668    (0)   :  0.128 0.080 0.269 0.523 
669    (0)   :  0.064 0.079 0.415 0.442 
670    (0)   :  0.032 0.019 0.073 0.876 
671    (0)   :  0.042 0.033 0.133 0.792 
672    (0)   :  0.085 0.062 0.158 0.696 
673    (0)   :  0.035 0.012 0.060 0.894 
674    (0)   :  0.057 0.025 0.103 0.815 
675    (0)   :  0.033 0.016 0.127 0.824 
676    (0)   :  0.033 0.013 0.060 0.894 
677    (0)   :  0.028 0.071 0.065 0.835 
678    (0)   :  0.033 0.011 0.066 0.890 
679    (0)   :  0.058 0.013 0.098 0.831 
680    (0)   :  0.055 0.021 0.086 0.838 
681    (0)   :  0.145 0.315 0.199 0.341 
682    (0)   :  0.058 0.022 0.074 0.846 
683    (0)   :  0.031 0.020 0.069 0.880 
684    (0)   :  0.034 0.013 0.066 0.886 
685    (0)   :  0.029 0.015 0.058 0.898 
686    (0)   :  0.052 0.074 0.086 0.788 
687    (0)   :  0.038 0.044 0.120 0.799 
688    (0)   :  0.039 0.019 0.094 0.848 
689    (0)   :  0.030 0.014 0.060 0.896 
690    (0)   :  0.032 0.013 0.060 0.894 
691    (0)   :  0.052 0.019 0.090 0.838 
692    (0)   :  0.045 0.014 0.095 0.845 
693    (0)   :  0.052 0.017 0.098 0.833 
694    (0)   :  0.027 0.015 0.055 0.902 
695    (0)   :  0.045 0.038 0.067 0.849 
696    (0)   :  0.040 0.018 0.095 0.848 
697    (0)   :  0.032 0.017 0.062 0.889 
698    (0)   :  0.032 0.014 0.063 0.891 
699    (0)   :  0.040 0.120 0.067 0.773 
700    (0)   :  0.081 0.052 0.082 0.785 
701    (0)   :  0.071 0.030 0.112 0.787 
702    (0)   :  0.072 0.050 0.119 0.759 
703    (0)   :  0.059 0.023 0.077 0.840 
704    (0)   :  0.036 0.026 0.085 0.853 
705    (0)   :  0.075 0.313 0.127 0.485 
706    (0)   :  0.052 0.032 0.070 0.846 
707    (0)   :  0.035 0.022 0.063 0.880 
708    (0)   :  0.031 0.016 0.068 0.885 
709    (0)   :  0.035 0.041 0.059 0.864 
710    (0)   :  0.029 0.017 0.055 0.900 
711    (0)   :  0.049 0.054 0.075 0.822 
712    (0)   :  0.026 0.056 0.061 0.856 
713    (0)   :  0.035 0.022 0.090 0.853 
714    (0)   :  0.057 0.018 0.121 0.804 
715    (0)   :  0.028 0.033 0.054 0.885 
716    (0)   :  0.050 0.030 0.065 0.856 
717    (0)   :  0.029 0.021 0.055 0.896 
718    (0)   :  0.050 0.038 0.097 0.815 
719    (0)   :  0.027 0.030 0.058 0.884 
720    (0)   :  0.169 0.020 0.756 0.056 
721    (0)   :  0.174 0.027 0.155 0.645 
722    (0)   :  0.521 0.047 0.321 0.110 
723    (0)   :  0.584 0.017 0.300 0.099 
724    (0)   :  0.612 0.025 0.134 0.229 
725    (0)   :  0.138 0.038 0.520 0.304 
726    (0)   :  0.564 0.074 0.204 0.158 
727    (0)   :  0.197 0.231 0.254 0.319 
728    (0)   :  0.878 0.017 0.075 0.030 
729    (0)   :  0.851 0.015 0.102 0.033 
730    (0)   :  0.433 0.017 0.477 0.073 
731    (0)   :  0.767 0.020 0.142 0.071 
732    (0)   :  0.584 0.017 0.302 0.097 
733    (0)   :  0.824 0.013 0.119 0.045 
734    (0)   :  0.813 0.015 0.140 0.032 
735    (0)   :  0.838 0.011 0.097 0.054 
736    (0)   :  0.579 0.021 0.335 0.065 
737    (0)   :  0.487 0.055 0.382 0.076 
738    (0)   :  0.502 0.018 0.417 0.063 
739    (0)   :  0.835 0.012 0.111 0.042 
740    (0)   :  0.053 0.018 0.154 0.775 
741    (0)   :  0.109 0.037 0.256 0.598 
742    (0)   :  0.133 0.017 0.665 0.185 
743    (0)   :  0.112 0.017 0.737 0.133 
744    (0)   :  0.067 0.251 0.521 0.161 
745    (0)   :  0.097 0.046 0.810 0.047 
746    (0)   :  0.162 0.026 0.494 0.318 
747    (0)   :  0.070 0.026 0.807 0.098 
748    (0)   :  0.061 0.016 0.334 0.589 
749    (0)   :  0.080 0.051 0.598 0.271 
750    (0)   :  0.076 0.024 0.687 0.213 
751    (0)   :  0.074 0.018 0.328 0.581 
752    (0)   :  0.100 0.025 0.739 0.136 
753    (0)   :  0.198 0.029 0.410 0.362 
754    (0)   :  0.098 0.026 0.407 0.469 
755    (0)   :  0.112 0.015 0.600 0.273 
756    (0)   :  0.053 0.020 0.565 0.362 
757    (0)   :  0.076 0.018 0.705 0.201 
758    (0)   :  0.046 0.023 0.887 0.044 
759    (0)   :  0.140 0.040 0.224 0.596 
760    (0)   :  0.254 0.020 0.545 0.181 
761    (0)   :  0.387 0.020 0.183 0.411 
762    (0)   :  0.462 0.012 0.454 0.073 
763    (0)   :  0.200 0.028 0.409 0.363 
764    (0)   :  0.071 0.015 0.787 0.126 
765    (0)   :  0.360 0.015 0.502 0.123 
766    (0)   :  0.074 0.013 0.446 0.467 
767    (0)   :  0.115 0.025 0.556 0.304 
768    (0)   :  0.482 0.012 0.433 0.073 
769    (0)   :  0.446 0.022 0.233 0.299 
770    (0)   :  0.421 0.016 0.499 0.064 
771    (0)   :  0.046 0.268 0.407 0.279 
772    (0)   :  0.122 0.070 0.460 0.349 
773    (0)   :  0.068 0.015 0.761 0.156 
774    (0)   :  0.088 0.019 0.253 0.640 
775    (0)   :  0.625 0.015 0.250 0.110 
776    (0)   :  0.079 0.020 0.827 0.074 
777    (0)   :  0.115 0.076 0.637 0.171 
778    (0)   :  0.081 0.047 0.534 0.338 
779    (0)   :  0.059 0.017 0.747 0.177 
780    (0)   :  0.076 0.016 0.384 0.524 
781    (0)   :  0.053 0.101 0.361 0.485 
782    (0)   :  0.060 0.016 0.747 0.176 
783    (0)   :  0.121 0.016 0.533 0.330 
784    (0)   :  0.167 0.020 0.722 0.091 
785    (0)   :  0.079 0.021 0.715 0.186 
786    (0)   :  0.092 0.017 0.328 0.564 
787    (0)   :  0.039 0.034 0.323 0.603 
788    (0)   :  0.139 0.035 0.715 0.111 
789    (0)   :  0.174 0.016 0.711 0.099 
790    (0)   :  0.142 0.015 0.457 0.386 
791    (0)   :  0.105 0.020 0.699 0.176 
792    (0)   :  0.042 0.052 0.319 0.587 
793    (0)   :  0.167 0.074 0.195 0.564 
794    (0)   :  0.122 0.031 0.646 0.201 
795    (0)   :  0.149 0.031 0.180 0.641 
796    (0)   :  0.078 0.039 0.679 0.204 
797    (0)   :  0.065 0.042 0.129 0.764 
798    (0)   :  0.605 0.170 0.186 0.039 
799    (0)   :  0.094 0.036 0.778 0.092 
800    (0)   :  0.034 0.137 0.191 0.639 
801    (0)   :  0.615 0.128 0.180 0.077 
802    (0)   :  0.358 0.152 0.184 0.306 
803    (0)   :  0.117 0.061 0.284 0.538 
804    (0)   :  0.129 0.282 0.417 0.171 
805    (0)   :  0.047 0.026 0.105 0.822 
806    (0)   :  0.260 0.459 0.168 0.113 
807    (0)   :  0.042 0.043 0.086 0.828 
808    (0)   :  0.066 0.189 0.206 0.539 
809    (0)   :  0.122 0.709 0.109 0.060 
810    (0)   :  0.211 0.035 0.463 0.291 
811    (0)   :  0.091 0.274 0.177 0.458 
812    (0)   :  0.046 0.814 0.105 0.035 
813    (0)   :  0.623 0.113 0.219 0.045 
814    (0)   :  0.051 0.430 0.438 0.081 
815    (0)   :  0.220 0.509 0.108 0.162 
816    (0)   :  0.249 0.131 0.227 0.393 
817    (0)   :  0.362 0.150 0.184 0.304 
818    (0)   :  0.133 0.035 0.748 0.084 
819    (0)   :  0.039 0.033 0.761 0.167 
820    (0)   :  0.058 0.071 0.648 0.223 
821    (0)   :  0.140 0.014 0.738 0.107 
822    (0)   :  0.166 0.030 0.768 0.036 
823    (0)   :  0.406 0.017 0.311 0.265 
824    (0)   :  0.082 0.017 0.697 0.203 
825    (0)   :  0.221 0.026 0.681 0.072 
826    (0)   :  0.065 0.019 0.864 0.052 
827    (0)   :  0.356 0.016 0.556 0.072 
828    (0)   :  0.483 0.017 0.369 0.132 
829    (0)   :  0.517 0.057 0.304 0.122 
830    (0)   :  0.274 0.012 0.668 0.046 
831    (0)   :  0.208 0.030 0.589 0.173 
832    (0)   :  0.197 0.110 0.538 0.155 
833    (0)   :  0.405 0.059 0.353 0.184 
834    (0)   :  0.279 0.030 0.530 0.161 
835    (0)   :  0.066 0.031 0.856 0.047 
836    (0)   :  0.073 0.115 0.725 0.087 
837    (0)   :  0.379 0.030 0.257 0.335 
838    (0)   :  0.053 0.120 0.778 0.048 
839    (0)   :  0.178 0.014 0.732 0.076 
840    (0)   :  0.068 0.137 0.567 0.228 
841    (0)   :  0.052 0.063 0.755 0.130 
842    (0)   :  0.072 0.015 0.877 0.036 
843    (0)   :  0.075 0.112 0.380 0.432 
844    (0)   :  0.148 0.049 0.600 0.202 
845    (0)   :  0.079 0.013 0.860 0.048 
846    (0)   :  0.062 0.023 0.792 0.123 
847    (0)   :  0.041 0.014 0.696 0.249 
848    (0)   :  0.045 0.030 0.821 0.103 
849    (0)   :  0.090 0.018 0.824 0.068 
850    (0)   :  0.156 0.019 0.760 0.065 
851    (0)   :  0.051 0.016 0.873 0.060 
852    (0)   :  0.188 0.013 0.206 0.593 
853    (0)   :  0.181 0.034 0.730 0.054 
854    (0)   :  0.291 0.015 0.414 0.280 
855    (0)   :  0.066 0.019 0.811 0.104 
856    (0)   :  0.069 0.017 0.758 0.156 
857    (0)   :  0.083 0.142 0.704 0.071 
858    (0)   :  0.074 0.019 0.849 0.058 
859    (0)   :  0.202 0.014 0.723 0.061 
860    (0)   :  0.052 0.027 0.870 0.051 
861    (0)   :  0.045 0.071 0.399 0.484 
862    (0)   :  0.856 0.025 0.081 0.038 
863    (0)   :  0.768 0.026 0.106 0.100 
864    (0)   :  0.852 0.013 0.072 0.062 
865    (0)   :  0.822 0.019 0.129 0.030 
866    (0)   :  0.367 0.020 0.555 0.057 
867    (0)   :  0.834 0.021 0.084 0.061 
868    (0)   :  0.716 0.032 0.192 0.060 
869    (0)   :  0.415 0.017 0.508 0.060 
870    (0)   :  0.614 0.102 0.244 0.041 
871    (0)   :  0.757 0.025 0.184 0.034 
872    (0)   :  0.831 0.013 0.109 0.046 
873    (0)   :  0.837 0.017 0.095 0.051 
874    (0)   :  0.848 0.024 0.094 0.034 
875    (0)   :  0.437 0.059 0.438 0.066 
876    (0)   :  0.117 0.055 0.784 0.045 
877    (0)   :  0.866 0.015 0.075 0.044 
878    (0)   :  0.380 0.036 0.492 0.093 
879    (0)   :  0.832 0.013 0.093 0.063 
880    (0)   :  0.447 0.117 0.386 0.050 
881    (0)   :  0.811 0.016 0.113 0.061 
882    (0)   :  0.837 0.011 0.099 0.054 
883    (0)   :  0.109 0.055 0.775 0.060 
884    (0)   :  0.824 0.016 0.130 0.030 
885    (0)   :  0.540 0.155 0.211 0.094 
886    (0)   :  0.604 0.019 0.298 0.079 
887    (0)   :  0.820 0.015 0.129 0.036 
888    (0)   :  0.446 0.144 0.255 0.155 
889    (0)   :  0.843 0.020 0.108 0.029 
890    (0)   :  0.464 0.049 0.455 0.033 
891    (0)   :  0.067 0.034 0.843 0.055 
892    (0)   :  0.071 0.031 0.832 0.065 
893    (0)   :  0.132 0.155 0.622 0.091 
894    (0)   :  0.250 0.016 0.699 0.035 
895    (0)   :  0.767 0.020 0.176 0.037 
896    (0)   :  0.052 0.044 0.807 0.097 
897    (0)   :  0.054 0.025 0.866 0.055 
898    (0)   :  0.319 0.035 0.537 0.110 
899    (0)   :  0.145 0.016 0.809 0.030 
900    (0)   :  0.060 0.035 0.860 0.046 
901    (0)   :  0.079 0.020 0.853 0.049 
902    (0)   :  0.066 0.151 0.706 0.078 
903    (0)   :  0.549 0.027 0.374 0.050 
904    (0)   :  0.387 0.034 0.471 0.107 
905    (0)   :  0.552 0.014 0.398 0.036 
906    (0)   :  0.227 0.068 0.639 0.066 
907    (0)   :  0.133 0.016 0.779 0.072 
908    (0)   :  0.149 0.014 0.779 0.058 
909    (0)   :  0.218 0.115 0.593 0.074 
910    (0)   :  0.084 0.073 0.779 0.064 
911    (0)   :  0.636 0.019 0.315 0.030 
912    (0)   :  0.202 0.021 0.739 0.038 
913    (0)   :  0.308 0.036 0.621 0.035 
914    (0)   :  0.206 0.022 0.577 0.195 
915    (0)   :  0.197 0.044 0.731 0.028 
916    (0)   :  0.119 0.020 0.818 0.043 
917    (0)   :  0.168 0.028 0.762 0.042 
918    (0)   :  0.382 0.028 0.420 0.170 
919    (0)   :  0.517 0.021 0.368 0.093 
920    (0)   :  0.113 0.017 0.805 0.065 
921    (0)   :  0.091 0.247 0.313 0.349 
922    (0)   :  0.065 0.481 0.385 0.069 
923    (0)   :  0.053 0.148 0.629 0.170 
924    (0)   :  0.048 0.393 0.492 0.067 
925    (0)   :  0.073 0.296 0.507 0.123 
926    (0)   :  0.030 0.759 0.126 0.086 
927    (0)   :  0.048 0.689 0.132 0.130 
928    (0)   :  0.036 0.251 0.218 0.495 
929    (0)   :  0.036 0.689 0.214 0.061 
930    (0)   :  0.064 0.470 0.334 0.131 
931    (0)   :  0.066 0.791 0.057 0.086 
932    (0)   :  0.034 0.809 0.118 0.039 
933    (0)   :  0.045 0.152 0.164 0.639 
