

----------------------------------------------------
STRUCTURE by Pritchard, Stephens and Donnelly (2000)
     and Falush, Stephens and Pritchard (2003)
       Code by Pritchard, Falush and Hubisz
             Version 2.3.4 (Jul 2012)
----------------------------------------------------



Command line arguments:   ./structure -K 8 -D 108004 -m brooktrout/mainparams -e brooktrout/extraparams -o brooktrout/250914_output/results_K8_rep4 
Input File:    brooktrout/brooktrout.txt

Run parameters:
   8454 individuals
   5 loci
   8 populations assumed
   50000 Burn-in period
   100000 Reps
RANDOMIZE turned off


--------------------------------------------
Overall proportion of membership of the
sample in each of the 8 clusters

Inferred Clusters
  1      2      3      4      5      6      7      8    
0.012  0.017  0.031  0.090  0.176  0.215  0.240  0.220  

--------------------------------------------

Allele-freq. divergence among pops (Net nucleotide distance),
computed using point estimates of P.

      1       2       3       4       5       6       7       8      
 1      -    0.1396  0.1551  0.1501  0.0842  0.0953  0.1075  0.1024  
 2   0.1396     -    0.2528  0.1641  0.1859  0.1554  0.2098  0.1426  
 3   0.1551  0.2528     -    0.1645  0.1196  0.1297  0.2131  0.1998  
 4   0.1501  0.1641  0.1645     -    0.1592  0.1499  0.1488  0.1166  
 5   0.0842  0.1859  0.1196  0.1592     -    0.0723  0.1495  0.1007  
 6   0.0953  0.1554  0.1297  0.1499  0.0723     -    0.1748  0.0938  
 7   0.1075  0.2098  0.2131  0.1488  0.1495  0.1748     -    0.1166  
 8   0.1024  0.1426  0.1998  0.1166  0.1007  0.0938  0.1166     -    

Average distances (expected heterozygosity) between individuals in same cluster:
cluster  1  : 0.8424 
cluster  2  : 0.7535 
cluster  3  : 0.6727 
cluster  4  : 0.7505 
cluster  5  : 0.7373 
cluster  6  : 0.7682 
cluster  7  : 0.7090 
cluster  8  : 0.7793 

--------------------------------------------
Estimated Ln Prob of Data   = -187843.4
Mean value of ln likelihood = -172130.4
Variance of ln likelihood   = 31426.1

Mean value of alpha_1       = 0.0472
Mean value of alpha_2       = 0.0629
Mean value of alpha_3       = 0.1181
Mean value of alpha_4       = 0.3633
Mean value of alpha_5       = 0.7034
Mean value of alpha_6       = 0.8637
Mean value of alpha_7       = 0.9457
Mean value of alpha_8       = 0.9005
Allele frequencies uncorrelated


Inferred ancestry of individuals:
     (%Miss) :  Inferred clusters
  1    (0)   :  0.008 0.008 0.019 0.178 0.243 0.150 0.264 0.131 
  2    (0)   :  0.005 0.008 0.011 0.034 0.118 0.129 0.117 0.578 
  3    (0)   :  0.009 0.005 0.025 0.121 0.307 0.156 0.230 0.146 
  4    (0)   :  0.016 0.008 0.026 0.061 0.103 0.148 0.481 0.156 
  5    (0)   :  0.006 0.010 0.012 0.035 0.158 0.149 0.119 0.511 
  6    (0)   :  0.007 0.005 0.013 0.036 0.475 0.171 0.137 0.156 
  7    (0)   :  0.008 0.007 0.016 0.035 0.229 0.451 0.120 0.134 
  8    (0)   :  0.059 0.008 0.026 0.065 0.199 0.190 0.330 0.123 
  9    (0)   :  0.013 0.012 0.015 0.070 0.250 0.145 0.187 0.308 
 10    (0)   :  0.026 0.008 0.015 0.039 0.305 0.218 0.245 0.145 
 11    (0)   :  0.005 0.009 0.018 0.054 0.263 0.404 0.116 0.132 
 12    (0)   :  0.006 0.008 0.012 0.038 0.184 0.152 0.179 0.422 
 13    (0)   :  0.008 0.010 0.015 0.049 0.250 0.212 0.181 0.274 
 14    (0)   :  0.007 0.006 0.027 0.091 0.162 0.126 0.194 0.387 
 15    (0)   :  0.007 0.007 0.039 0.052 0.137 0.197 0.310 0.252 
 16    (0)   :  0.005 0.008 0.017 0.086 0.394 0.201 0.154 0.133 
 17    (0)   :  0.014 0.012 0.017 0.073 0.332 0.153 0.173 0.226 
 18    (0)   :  0.013 0.007 0.035 0.063 0.249 0.123 0.196 0.314 
 19    (0)   :  0.006 0.006 0.013 0.039 0.409 0.188 0.159 0.180 
 20    (0)   :  0.006 0.008 0.028 0.055 0.164 0.287 0.190 0.263 
 21    (0)   :  0.006 0.006 0.017 0.105 0.158 0.135 0.286 0.287 
 22    (0)   :  0.009 0.007 0.013 0.051 0.438 0.131 0.186 0.165 
 23    (0)   :  0.011 0.025 0.032 0.112 0.124 0.136 0.307 0.253 
 24    (0)   :  0.006 0.008 0.018 0.085 0.278 0.165 0.293 0.147 
 25    (0)   :  0.007 0.008 0.027 0.041 0.291 0.267 0.098 0.260 
 26    (0)   :  0.009 0.007 0.020 0.051 0.261 0.155 0.257 0.239 
 27    (0)   :  0.008 0.009 0.015 0.090 0.310 0.156 0.186 0.228 
 28    (0)   :  0.014 0.007 0.017 0.058 0.173 0.221 0.346 0.165 
 29    (0)   :  0.005 0.010 0.012 0.068 0.168 0.263 0.158 0.316 
 30    (0)   :  0.005 0.007 0.015 0.071 0.426 0.126 0.154 0.195 
 31    (0)   :  0.040 0.012 0.013 0.080 0.197 0.207 0.209 0.243 
 32    (0)   :  0.007 0.006 0.024 0.057 0.227 0.162 0.274 0.243 
 33    (0)   :  0.006 0.007 0.017 0.113 0.231 0.230 0.236 0.159 
 34    (0)   :  0.024 0.018 0.022 0.044 0.225 0.379 0.170 0.118 
 35    (0)   :  0.014 0.018 0.011 0.127 0.257 0.120 0.130 0.324 
 36    (0)   :  0.006 0.006 0.055 0.405 0.129 0.119 0.119 0.161 
 37    (0)   :  0.009 0.007 0.013 0.075 0.163 0.150 0.268 0.315 
 38    (0)   :  0.006 0.017 0.234 0.112 0.121 0.246 0.099 0.165 
 39    (0)   :  0.009 0.015 0.027 0.109 0.199 0.246 0.143 0.251 
 40    (0)   :  0.005 0.008 0.019 0.341 0.160 0.101 0.164 0.203 
 41    (0)   :  0.008 0.017 0.020 0.385 0.164 0.183 0.093 0.129 
 42    (0)   :  0.006 0.010 0.035 0.336 0.106 0.112 0.286 0.110 
 43    (0)   :  0.010 0.010 0.012 0.261 0.119 0.152 0.173 0.263 
 44    (0)   :  0.009 0.009 0.010 0.311 0.190 0.121 0.101 0.250 
 45    (0)   :  0.006 0.014 0.042 0.243 0.124 0.143 0.098 0.331 
 46    (0)   :  0.014 0.008 0.015 0.095 0.279 0.170 0.137 0.281 
 47    (0)   :  0.024 0.015 0.011 0.081 0.313 0.137 0.170 0.248 
 48    (0)   :  0.012 0.013 0.014 0.274 0.179 0.096 0.112 0.300 
 49    (0)   :  0.011 0.022 0.017 0.144 0.234 0.141 0.161 0.270 
 50    (0)   :  0.020 0.012 0.016 0.068 0.299 0.236 0.148 0.201 
 51    (0)   :  0.004 0.007 0.030 0.561 0.077 0.093 0.088 0.139 
 52    (0)   :  0.011 0.016 0.016 0.162 0.205 0.258 0.169 0.163 
 53    (0)   :  0.011 0.011 0.102 0.112 0.236 0.218 0.163 0.147 
 54    (0)   :  0.010 0.013 0.009 0.098 0.142 0.128 0.188 0.412 
 55    (0)   :  0.008 0.010 0.012 0.165 0.105 0.122 0.144 0.433 
 56    (0)   :  0.008 0.014 0.027 0.147 0.223 0.101 0.173 0.306 
 57    (0)   :  0.020 0.014 0.016 0.044 0.272 0.181 0.307 0.146 
 58    (0)   :  0.006 0.014 0.022 0.202 0.125 0.155 0.150 0.325 
 59    (0)   :  0.006 0.027 0.067 0.214 0.152 0.152 0.142 0.240 
 60    (0)   :  0.006 0.006 0.025 0.363 0.100 0.123 0.193 0.183 
 61    (0)   :  0.005 0.009 0.010 0.203 0.070 0.104 0.209 0.390 
 62    (0)   :  0.013 0.036 0.014 0.057 0.230 0.152 0.166 0.330 
 63    (0)   :  0.005 0.007 0.017 0.153 0.113 0.246 0.208 0.250 
 64    (0)   :  0.007 0.010 0.031 0.056 0.362 0.151 0.115 0.268 
 65    (0)   :  0.007 0.010 0.013 0.044 0.140 0.381 0.096 0.309 
 66    (0)   :  0.006 0.009 0.014 0.062 0.101 0.181 0.282 0.345 
 67    (0)   :  0.007 0.010 0.010 0.210 0.104 0.132 0.117 0.410 
 68    (0)   :  0.008 0.024 0.071 0.219 0.140 0.142 0.167 0.229 
 69    (0)   :  0.045 0.043 0.167 0.128 0.143 0.170 0.158 0.145 
 70    (0)   :  0.006 0.007 0.027 0.355 0.088 0.226 0.168 0.123 
 71    (0)   :  0.006 0.022 0.050 0.270 0.130 0.152 0.087 0.281 
 72    (0)   :  0.007 0.006 0.023 0.203 0.324 0.152 0.112 0.173 
 73    (0)   :  0.006 0.024 0.018 0.153 0.096 0.157 0.104 0.442 
 74    (0)   :  0.005 0.006 0.059 0.338 0.135 0.111 0.184 0.163 
 75    (0)   :  0.006 0.009 0.036 0.326 0.115 0.089 0.234 0.185 
 76    (0)   :  0.007 0.007 0.013 0.172 0.106 0.270 0.138 0.289 
 77    (0)   :  0.005 0.017 0.049 0.273 0.109 0.235 0.095 0.217 
 78    (0)   :  0.006 0.021 0.159 0.233 0.105 0.212 0.102 0.162 
 79    (0)   :  0.006 0.007 0.018 0.035 0.216 0.347 0.137 0.235 
 80    (0)   :  0.006 0.006 0.013 0.041 0.097 0.184 0.494 0.158 
 81    (0)   :  0.006 0.006 0.014 0.033 0.119 0.249 0.409 0.165 
 82    (0)   :  0.006 0.012 0.014 0.076 0.117 0.180 0.212 0.383 
 83    (0)   :  0.006 0.005 0.029 0.050 0.121 0.279 0.321 0.189 
 84    (0)   :  0.005 0.006 0.016 0.038 0.131 0.332 0.297 0.175 
 85    (0)   :  0.006 0.006 0.036 0.049 0.187 0.192 0.339 0.185 
 86    (0)   :  0.008 0.011 0.015 0.076 0.145 0.159 0.124 0.462 
 87    (0)   :  0.007 0.007 0.029 0.056 0.115 0.445 0.149 0.191 
 88    (0)   :  0.006 0.006 0.014 0.046 0.114 0.235 0.335 0.243 
 89    (0)   :  0.008 0.006 0.014 0.042 0.109 0.195 0.393 0.233 
 90    (0)   :  0.006 0.007 0.015 0.036 0.107 0.419 0.161 0.251 
 91    (0)   :  0.005 0.005 0.034 0.055 0.122 0.170 0.464 0.145 
 92    (0)   :  0.006 0.007 0.015 0.040 0.167 0.259 0.197 0.309 
 93    (0)   :  0.008 0.006 0.011 0.045 0.095 0.107 0.598 0.130 
 94    (0)   :  0.005 0.006 0.041 0.057 0.105 0.550 0.130 0.106 
 95    (0)   :  0.005 0.006 0.013 0.043 0.079 0.378 0.271 0.205 
 96    (0)   :  0.005 0.008 0.011 0.156 0.072 0.113 0.291 0.343 
 97    (0)   :  0.006 0.008 0.056 0.187 0.150 0.099 0.234 0.260 
 98    (0)   :  0.005 0.009 0.013 0.174 0.161 0.148 0.160 0.330 
 99    (0)   :  0.006 0.006 0.015 0.035 0.113 0.349 0.275 0.202 
100    (0)   :  0.006 0.007 0.010 0.048 0.076 0.092 0.500 0.261 
101    (0)   :  0.014 0.008 0.032 0.081 0.115 0.310 0.202 0.238 
102    (0)   :  0.007 0.014 0.027 0.100 0.088 0.232 0.371 0.162 
103    (0)   :  0.009 0.009 0.011 0.045 0.081 0.225 0.216 0.404 
104    (0)   :  0.006 0.007 0.011 0.036 0.089 0.471 0.156 0.224 
105    (0)   :  0.011 0.021 0.011 0.045 0.083 0.308 0.207 0.315 
106    (0)   :  0.005 0.006 0.019 0.046 0.134 0.544 0.080 0.166 
107    (0)   :  0.009 0.012 0.013 0.048 0.086 0.324 0.201 0.307 
108    (0)   :  0.005 0.006 0.180 0.058 0.082 0.112 0.116 0.442 
109    (0)   :  0.008 0.096 0.034 0.055 0.124 0.359 0.084 0.241 
110    (0)   :  0.006 0.008 0.019 0.047 0.135 0.579 0.088 0.118 
111    (0)   :  0.007 0.019 0.013 0.040 0.087 0.487 0.121 0.226 
112    (0)   :  0.005 0.153 0.018 0.075 0.091 0.455 0.091 0.113 
113    (0)   :  0.007 0.008 0.027 0.072 0.150 0.163 0.152 0.421 
114    (0)   :  0.006 0.013 0.010 0.034 0.085 0.444 0.185 0.222 
115    (0)   :  0.007 0.017 0.015 0.148 0.104 0.359 0.135 0.214 
116    (0)   :  0.007 0.011 0.036 0.122 0.122 0.366 0.086 0.249 
117    (0)   :  0.010 0.022 0.020 0.087 0.144 0.491 0.110 0.117 
118    (0)   :  0.005 0.015 0.017 0.038 0.092 0.178 0.109 0.545 
119    (0)   :  0.005 0.006 0.022 0.189 0.073 0.198 0.295 0.212 
120    (0)   :  0.007 0.026 0.014 0.077 0.099 0.373 0.154 0.250 
121    (0)   :  0.024 0.048 0.018 0.199 0.102 0.323 0.098 0.188 
122    (0)   :  0.005 0.010 0.016 0.044 0.134 0.479 0.107 0.205 
123    (0)   :  0.006 0.009 0.021 0.056 0.101 0.455 0.143 0.208 
124    (0)   :  0.012 0.020 0.018 0.136 0.189 0.273 0.099 0.253 
125    (0)   :  0.007 0.018 0.031 0.176 0.257 0.282 0.107 0.123 
126    (0)   :  0.004 0.006 0.020 0.125 0.101 0.395 0.149 0.201 
127    (0)   :  0.007 0.013 0.011 0.043 0.072 0.483 0.123 0.248 
128    (0)   :  0.005 0.011 0.010 0.041 0.098 0.158 0.108 0.569 
129    (0)   :  0.010 0.011 0.011 0.043 0.084 0.300 0.097 0.444 
130    (0)   :  0.009 0.023 0.012 0.035 0.090 0.409 0.192 0.230 
131    (0)   :  0.013 0.026 0.098 0.164 0.152 0.307 0.086 0.154 
132    (0)   :  0.006 0.008 0.016 0.046 0.114 0.420 0.087 0.303 
133    (0)   :  0.011 0.012 0.018 0.048 0.093 0.352 0.141 0.325 
134    (0)   :  0.005 0.010 0.014 0.039 0.108 0.632 0.070 0.123 
135    (0)   :  0.006 0.014 0.017 0.118 0.084 0.093 0.432 0.235 
136    (0)   :  0.007 0.008 0.012 0.040 0.139 0.084 0.580 0.130 
137    (0)   :  0.006 0.021 0.013 0.042 0.091 0.125 0.604 0.097 
138    (0)   :  0.006 0.006 0.016 0.056 0.095 0.088 0.628 0.105 
139    (0)   :  0.006 0.007 0.014 0.067 0.115 0.096 0.287 0.407 
140    (0)   :  0.007 0.007 0.017 0.090 0.120 0.150 0.399 0.210 
141    (0)   :  0.013 0.009 0.017 0.051 0.192 0.096 0.468 0.155 
142    (0)   :  0.007 0.014 0.015 0.124 0.081 0.090 0.401 0.270 
143    (0)   :  0.005 0.005 0.011 0.042 0.075 0.076 0.684 0.103 
144    (0)   :  0.006 0.021 0.012 0.045 0.080 0.121 0.615 0.101 
145    (0)   :  0.008 0.010 0.016 0.071 0.200 0.097 0.407 0.191 
146    (0)   :  0.009 0.007 0.017 0.061 0.156 0.161 0.431 0.158 
147    (0)   :  0.006 0.006 0.011 0.038 0.085 0.079 0.683 0.093 
148    (0)   :  0.013 0.012 0.012 0.069 0.137 0.117 0.433 0.208 
149    (0)   :  0.032 0.009 0.017 0.102 0.102 0.087 0.494 0.157 
150    (0)   :  0.008 0.022 0.012 0.049 0.099 0.172 0.475 0.163 
151    (0)   :  0.006 0.006 0.011 0.048 0.084 0.102 0.598 0.146 
152    (0)   :  0.008 0.011 0.025 0.097 0.139 0.112 0.425 0.183 
153    (0)   :  0.006 0.006 0.015 0.108 0.105 0.110 0.533 0.117 
154    (0)   :  0.044 0.009 0.013 0.061 0.135 0.082 0.473 0.181 
155    (0)   :  0.006 0.006 0.010 0.040 0.077 0.101 0.633 0.127 
156    (0)   :  0.005 0.008 0.010 0.114 0.068 0.098 0.530 0.167 
157    (0)   :  0.006 0.005 0.013 0.040 0.078 0.200 0.551 0.108 
158    (0)   :  0.008 0.011 0.018 0.065 0.204 0.097 0.448 0.149 
159    (0)   :  0.021 0.007 0.012 0.035 0.082 0.079 0.655 0.109 
160    (0)   :  0.022 0.007 0.012 0.033 0.082 0.079 0.635 0.129 
161    (0)   :  0.006 0.007 0.017 0.087 0.132 0.124 0.481 0.146 
162    (0)   :  0.011 0.007 0.016 0.057 0.154 0.155 0.385 0.213 
163    (0)   :  0.005 0.006 0.010 0.067 0.071 0.094 0.633 0.114 
164    (0)   :  0.033 0.006 0.013 0.038 0.110 0.135 0.412 0.251 
165    (0)   :  0.007 0.022 0.012 0.050 0.089 0.162 0.524 0.135 
166    (0)   :  0.029 0.006 0.035 0.071 0.084 0.190 0.424 0.161 
167    (0)   :  0.064 0.008 0.015 0.035 0.168 0.108 0.476 0.127 
168    (0)   :  0.006 0.006 0.041 0.080 0.110 0.108 0.525 0.124 
169    (0)   :  0.008 0.011 0.054 0.094 0.272 0.092 0.336 0.132 
170    (0)   :  0.005 0.006 0.011 0.105 0.085 0.102 0.487 0.198 
171    (0)   :  0.006 0.006 0.030 0.053 0.132 0.119 0.447 0.207 
172    (0)   :  0.010 0.009 0.042 0.216 0.123 0.083 0.367 0.149 
173    (0)   :  0.007 0.007 0.011 0.035 0.080 0.080 0.619 0.162 
174    (0)   :  0.007 0.005 0.011 0.036 0.094 0.105 0.614 0.128 
175    (0)   :  0.006 0.007 0.011 0.058 0.134 0.082 0.594 0.109 
176    (0)   :  0.006 0.021 0.012 0.045 0.080 0.121 0.615 0.100 
177    (0)   :  0.007 0.006 0.019 0.056 0.105 0.228 0.454 0.125 
178    (0)   :  0.008 0.006 0.011 0.036 0.165 0.113 0.521 0.141 
179    (0)   :  0.008 0.005 0.011 0.033 0.084 0.080 0.663 0.116 
180    (0)   :  0.012 0.008 0.018 0.068 0.154 0.121 0.481 0.139 
181    (0)   :  0.007 0.008 0.015 0.075 0.113 0.092 0.473 0.216 
182    (0)   :  0.007 0.008 0.011 0.047 0.074 0.078 0.565 0.210 
183    (0)   :  0.006 0.006 0.011 0.041 0.086 0.080 0.641 0.130 
184    (0)   :  0.007 0.007 0.015 0.037 0.137 0.120 0.119 0.558 
185    (0)   :  0.005 0.009 0.010 0.138 0.065 0.068 0.587 0.118 
186    (0)   :  0.007 0.005 0.010 0.041 0.136 0.175 0.115 0.512 
187    (0)   :  0.005 0.005 0.012 0.041 0.111 0.108 0.337 0.380 
188    (0)   :  0.006 0.006 0.009 0.038 0.115 0.136 0.092 0.597 
189    (0)   :  0.005 0.006 0.045 0.080 0.214 0.125 0.319 0.206 
190    (0)   :  0.005 0.009 0.009 0.153 0.057 0.072 0.308 0.387 
191    (0)   :  0.005 0.008 0.010 0.033 0.097 0.101 0.173 0.574 
192    (0)   :  0.005 0.006 0.011 0.041 0.116 0.145 0.316 0.360 
193    (0)   :  0.005 0.009 0.012 0.051 0.136 0.123 0.282 0.383 
194    (0)   :  0.006 0.006 0.012 0.081 0.102 0.130 0.300 0.363 
195    (0)   :  0.005 0.006 0.010 0.074 0.074 0.073 0.387 0.373 
196    (0)   :  0.004 0.008 0.013 0.078 0.071 0.094 0.260 0.472 
197    (0)   :  0.007 0.006 0.012 0.059 0.215 0.168 0.236 0.297 
198    (0)   :  0.005 0.006 0.015 0.071 0.176 0.177 0.234 0.315 
199    (0)   :  0.005 0.009 0.017 0.126 0.081 0.103 0.224 0.435 
200    (0)   :  0.005 0.011 0.022 0.075 0.112 0.109 0.245 0.422 
201    (0)   :  0.005 0.005 0.009 0.044 0.086 0.084 0.470 0.296 
202    (0)   :  0.005 0.007 0.009 0.104 0.073 0.097 0.473 0.232 
203    (0)   :  0.005 0.008 0.010 0.041 0.071 0.080 0.443 0.343 
204    (0)   :  0.005 0.007 0.009 0.062 0.065 0.078 0.229 0.544 
205    (0)   :  0.005 0.006 0.016 0.062 0.085 0.100 0.194 0.532 
206    (0)   :  0.006 0.006 0.009 0.041 0.088 0.077 0.232 0.542 
207    (0)   :  0.004 0.009 0.009 0.055 0.071 0.095 0.144 0.613 
208    (0)   :  0.005 0.006 0.009 0.043 0.074 0.087 0.323 0.452 
209    (0)   :  0.005 0.009 0.010 0.046 0.104 0.107 0.221 0.499 
210    (0)   :  0.005 0.006 0.009 0.044 0.078 0.093 0.239 0.527 
211    (0)   :  0.006 0.017 0.010 0.086 0.072 0.115 0.274 0.421 
212    (0)   :  0.004 0.006 0.010 0.085 0.114 0.087 0.486 0.207 
213    (0)   :  0.005 0.007 0.014 0.172 0.090 0.166 0.194 0.353 
214    (0)   :  0.005 0.007 0.010 0.053 0.081 0.085 0.486 0.274 
215    (0)   :  0.005 0.008 0.015 0.040 0.078 0.103 0.153 0.598 
216    (0)   :  0.007 0.007 0.014 0.045 0.182 0.131 0.153 0.461 
217    (0)   :  0.005 0.006 0.014 0.057 0.090 0.082 0.427 0.320 
218    (0)   :  0.005 0.006 0.014 0.037 0.086 0.114 0.210 0.527 
219    (0)   :  0.009 0.006 0.022 0.044 0.193 0.116 0.303 0.308 
220    (0)   :  0.005 0.007 0.009 0.036 0.072 0.089 0.171 0.612 
221    (0)   :  0.005 0.008 0.009 0.142 0.067 0.073 0.528 0.169 
222    (0)   :  0.007 0.006 0.014 0.046 0.242 0.132 0.213 0.339 
223    (0)   :  0.005 0.005 0.015 0.047 0.134 0.114 0.396 0.282 
224    (0)   :  0.006 0.006 0.009 0.041 0.086 0.081 0.374 0.397 
225    (0)   :  0.005 0.007 0.011 0.067 0.084 0.093 0.238 0.495 
226    (0)   :  0.006 0.008 0.103 0.044 0.126 0.115 0.232 0.365 
227    (0)   :  0.005 0.007 0.010 0.113 0.074 0.099 0.312 0.381 
228    (0)   :  0.005 0.010 0.010 0.150 0.069 0.069 0.364 0.322 
229    (0)   :  0.005 0.006 0.009 0.035 0.088 0.092 0.390 0.374 
230    (0)   :  0.005 0.007 0.009 0.038 0.075 0.087 0.321 0.458 
231    (0)   :  0.005 0.007 0.010 0.035 0.123 0.092 0.344 0.384 
232    (0)   :  0.005 0.007 0.017 0.119 0.113 0.145 0.300 0.293 
233    (0)   :  0.005 0.007 0.009 0.040 0.082 0.084 0.526 0.247 
234    (0)   :  0.004 0.006 0.012 0.039 0.160 0.135 0.265 0.379 
235    (0)   :  0.005 0.006 0.018 0.059 0.115 0.108 0.348 0.341 
236    (0)   :  0.005 0.007 0.012 0.041 0.107 0.100 0.407 0.322 
237    (0)   :  0.004 0.009 0.010 0.062 0.083 0.092 0.159 0.581 
238    (0)   :  0.005 0.006 0.010 0.059 0.091 0.108 0.459 0.262 
239    (0)   :  0.005 0.006 0.009 0.074 0.074 0.073 0.386 0.373 
240    (0)   :  0.005 0.006 0.010 0.058 0.091 0.108 0.457 0.266 
241    (0)   :  0.006 0.007 0.012 0.065 0.085 0.089 0.459 0.277 
242    (0)   :  0.006 0.006 0.022 0.063 0.141 0.110 0.267 0.386 
243    (0)   :  0.004 0.009 0.009 0.074 0.063 0.078 0.275 0.488 
244    (0)   :  0.005 0.007 0.010 0.040 0.075 0.080 0.385 0.398 
245    (0)   :  0.005 0.005 0.009 0.078 0.076 0.095 0.552 0.179 
246    (0)   :  0.005 0.006 0.014 0.057 0.090 0.083 0.427 0.317 
247    (0)   :  0.004 0.006 0.017 0.065 0.106 0.263 0.109 0.429 
248    (0)   :  0.004 0.007 0.011 0.041 0.086 0.109 0.115 0.626 
249    (0)   :  0.005 0.008 0.009 0.050 0.080 0.093 0.397 0.358 
250    (0)   :  0.005 0.007 0.012 0.039 0.104 0.110 0.329 0.395 
251    (0)   :  0.005 0.010 0.037 0.051 0.164 0.142 0.196 0.394 
252    (0)   :  0.005 0.005 0.012 0.069 0.103 0.100 0.320 0.387 
253    (0)   :  0.005 0.006 0.022 0.085 0.113 0.155 0.162 0.452 
254    (0)   :  0.007 0.006 0.011 0.045 0.186 0.113 0.223 0.409 
255    (0)   :  0.005 0.007 0.010 0.044 0.136 0.121 0.291 0.386 
256    (0)   :  0.005 0.007 0.011 0.062 0.091 0.093 0.346 0.383 
257    (0)   :  0.010 0.009 0.013 0.047 0.096 0.114 0.243 0.468 
258    (0)   :  0.005 0.008 0.012 0.083 0.106 0.136 0.199 0.451 
259    (0)   :  0.005 0.007 0.011 0.042 0.094 0.102 0.233 0.506 
260    (0)   :  0.007 0.006 0.012 0.042 0.202 0.124 0.362 0.246 
261    (0)   :  0.005 0.005 0.012 0.081 0.101 0.090 0.397 0.309 
262    (0)   :  0.005 0.007 0.014 0.114 0.067 0.072 0.385 0.336 
263    (0)   :  0.007 0.007 0.009 0.042 0.105 0.093 0.141 0.596 
264    (0)   :  0.009 0.007 0.014 0.043 0.334 0.130 0.097 0.366 
265    (0)   :  0.005 0.005 0.018 0.041 0.122 0.107 0.285 0.417 
266    (0)   :  0.005 0.007 0.010 0.095 0.066 0.073 0.545 0.199 
267    (0)   :  0.005 0.008 0.010 0.051 0.129 0.115 0.292 0.390 
268    (0)   :  0.005 0.008 0.013 0.078 0.070 0.095 0.262 0.470 
269    (0)   :  0.005 0.006 0.029 0.042 0.212 0.122 0.299 0.285 
270    (0)   :  0.008 0.007 0.011 0.041 0.150 0.135 0.151 0.497 
271    (0)   :  0.005 0.008 0.015 0.050 0.096 0.121 0.189 0.516 
272    (0)   :  0.006 0.011 0.101 0.055 0.099 0.114 0.196 0.418 
273    (0)   :  0.034 0.022 0.029 0.052 0.148 0.155 0.276 0.283 
274    (0)   :  0.005 0.006 0.021 0.041 0.123 0.124 0.219 0.461 
275    (0)   :  0.011 0.011 0.034 0.045 0.130 0.103 0.238 0.428 
276    (0)   :  0.006 0.012 0.071 0.072 0.096 0.120 0.164 0.459 
277    (0)   :  0.005 0.005 0.014 0.044 0.150 0.114 0.345 0.322 
278    (0)   :  0.004 0.008 0.016 0.046 0.077 0.096 0.183 0.570 
279    (0)   :  0.005 0.006 0.015 0.044 0.119 0.112 0.273 0.427 
280    (0)   :  0.005 0.006 0.027 0.065 0.168 0.106 0.237 0.386 
281    (0)   :  0.005 0.006 0.013 0.043 0.108 0.142 0.221 0.462 
282    (0)   :  0.004 0.005 0.012 0.038 0.128 0.106 0.473 0.232 
283    (0)   :  0.005 0.006 0.010 0.047 0.085 0.101 0.509 0.238 
284    (0)   :  0.005 0.008 0.012 0.052 0.108 0.135 0.324 0.357 
285    (0)   :  0.004 0.009 0.016 0.065 0.098 0.121 0.090 0.599 
286    (0)   :  0.005 0.007 0.010 0.040 0.076 0.080 0.388 0.395 
287    (0)   :  0.005 0.005 0.021 0.042 0.143 0.151 0.284 0.349 
288    (0)   :  0.006 0.008 0.067 0.040 0.099 0.107 0.186 0.488 
289    (0)   :  0.008 0.011 0.047 0.051 0.097 0.135 0.163 0.488 
290    (0)   :  0.008 0.013 0.013 0.123 0.181 0.098 0.198 0.366 
291    (0)   :  0.005 0.008 0.015 0.049 0.096 0.121 0.190 0.516 
292    (0)   :  0.005 0.006 0.028 0.131 0.140 0.097 0.274 0.319 
293    (0)   :  0.006 0.011 0.013 0.120 0.246 0.115 0.142 0.347 
294    (0)   :  0.008 0.007 0.012 0.063 0.099 0.096 0.128 0.588 
295    (0)   :  0.008 0.014 0.051 0.085 0.116 0.130 0.193 0.404 
296    (0)   :  0.005 0.008 0.014 0.043 0.072 0.111 0.183 0.565 
297    (0)   :  0.005 0.006 0.025 0.056 0.177 0.117 0.180 0.435 
298    (0)   :  0.005 0.006 0.012 0.036 0.128 0.120 0.397 0.296 
299    (0)   :  0.007 0.006 0.010 0.037 0.144 0.104 0.170 0.522 
300    (0)   :  0.005 0.007 0.013 0.058 0.094 0.094 0.119 0.610 
301    (0)   :  0.008 0.007 0.017 0.039 0.169 0.115 0.151 0.494 
302    (0)   :  0.008 0.010 0.013 0.075 0.095 0.094 0.138 0.566 
303    (0)   :  0.005 0.007 0.013 0.064 0.120 0.093 0.362 0.335 
304    (0)   :  0.008 0.007 0.010 0.042 0.212 0.166 0.397 0.159 
305    (0)   :  0.006 0.007 0.014 0.065 0.075 0.076 0.295 0.464 
306    (0)   :  0.005 0.006 0.019 0.056 0.110 0.095 0.427 0.281 
307    (0)   :  0.006 0.007 0.015 0.045 0.123 0.112 0.305 0.388 
308    (0)   :  0.005 0.005 0.012 0.080 0.101 0.090 0.397 0.310 
309    (0)   :  0.022 0.029 0.020 0.053 0.080 0.116 0.167 0.513 
310    (0)   :  0.004 0.007 0.009 0.061 0.075 0.080 0.332 0.432 
311    (0)   :  0.005 0.007 0.010 0.038 0.075 0.087 0.318 0.460 
312    (0)   :  0.004 0.007 0.009 0.043 0.067 0.096 0.170 0.603 
313    (0)   :  0.005 0.007 0.011 0.073 0.068 0.088 0.116 0.632 
314    (0)   :  0.009 0.007 0.014 0.073 0.074 0.073 0.648 0.102 
315    (0)   :  0.010 0.005 0.024 0.086 0.085 0.093 0.596 0.100 
316    (0)   :  0.025 0.007 0.044 0.050 0.105 0.104 0.565 0.100 
317    (0)   :  0.009 0.007 0.015 0.040 0.079 0.077 0.680 0.093 
318    (0)   :  0.019 0.007 0.015 0.031 0.086 0.078 0.678 0.086 
319    (0)   :  0.005 0.006 0.011 0.040 0.076 0.076 0.680 0.107 
320    (0)   :  0.009 0.008 0.014 0.073 0.075 0.073 0.646 0.103 
321    (0)   :  0.018 0.007 0.016 0.038 0.089 0.079 0.663 0.090 
322    (0)   :  0.012 0.008 0.040 0.075 0.094 0.100 0.560 0.110 
323    (0)   :  0.016 0.006 0.012 0.033 0.087 0.078 0.678 0.092 
324    (0)   :  0.017 0.008 0.016 0.038 0.088 0.079 0.662 0.092 
325    (0)   :  0.027 0.007 0.043 0.045 0.096 0.100 0.589 0.092 
326    (0)   :  0.065 0.011 0.072 0.049 0.096 0.099 0.516 0.092 
327    (0)   :  0.010 0.007 0.015 0.040 0.079 0.077 0.680 0.093 
328    (0)   :  0.009 0.006 0.027 0.061 0.093 0.101 0.593 0.110 
329    (0)   :  0.006 0.005 0.011 0.033 0.083 0.078 0.700 0.085 
330    (0)   :  0.009 0.007 0.015 0.039 0.079 0.076 0.680 0.094 
331    (0)   :  0.007 0.005 0.011 0.031 0.082 0.077 0.692 0.095 
332    (0)   :  0.069 0.008 0.053 0.046 0.104 0.100 0.529 0.090 
333    (0)   :  0.049 0.008 0.045 0.052 0.092 0.100 0.549 0.104 
334    (0)   :  0.010 0.006 0.028 0.060 0.094 0.101 0.590 0.111 
335    (0)   :  0.006 0.006 0.026 0.065 0.085 0.097 0.615 0.101 
336    (0)   :  0.057 0.007 0.017 0.055 0.088 0.077 0.605 0.093 
337    (0)   :  0.022 0.008 0.043 0.059 0.099 0.101 0.569 0.099 
338    (0)   :  0.048 0.007 0.016 0.032 0.091 0.080 0.641 0.086 
339    (0)   :  0.008 0.005 0.011 0.031 0.083 0.078 0.691 0.093 
340    (0)   :  0.005 0.005 0.011 0.033 0.073 0.075 0.701 0.096 
341    (0)   :  0.036 0.008 0.017 0.035 0.086 0.080 0.639 0.099 
342    (0)   :  0.010 0.007 0.015 0.040 0.078 0.077 0.681 0.092 
343    (0)   :  0.016 0.007 0.026 0.123 0.091 0.092 0.544 0.101 
344    (0)   :  0.008 0.005 0.011 0.031 0.083 0.077 0.698 0.086 
345    (0)   :  0.009 0.007 0.015 0.040 0.079 0.076 0.681 0.093 
346    (0)   :  0.009 0.007 0.015 0.033 0.077 0.076 0.695 0.089 
347    (0)   :  0.006 0.005 0.011 0.032 0.075 0.075 0.708 0.087 
348    (0)   :  0.005 0.006 0.021 0.129 0.078 0.089 0.564 0.108 
349    (0)   :  0.009 0.007 0.015 0.039 0.079 0.077 0.680 0.093 
350    (0)   :  0.005 0.005 0.010 0.052 0.077 0.075 0.667 0.108 
351    (0)   :  0.006 0.006 0.026 0.065 0.085 0.097 0.615 0.100 
352    (0)   :  0.011 0.008 0.041 0.064 0.088 0.096 0.591 0.101 
353    (0)   :  0.057 0.008 0.016 0.056 0.088 0.077 0.606 0.093 
354    (0)   :  0.013 0.007 0.013 0.033 0.086 0.080 0.677 0.091 
355    (0)   :  0.019 0.007 0.016 0.031 0.087 0.079 0.677 0.086 
356    (0)   :  0.004 0.006 0.021 0.143 0.077 0.088 0.554 0.107 
357    (0)   :  0.005 0.006 0.042 0.047 0.209 0.140 0.433 0.118 
358    (0)   :  0.040 0.006 0.029 0.047 0.096 0.101 0.589 0.092 
359    (0)   :  0.032 0.006 0.012 0.031 0.086 0.079 0.659 0.096 
360    (0)   :  0.010 0.006 0.015 0.032 0.078 0.076 0.695 0.088 
361    (0)   :  0.005 0.007 0.041 0.065 0.210 0.142 0.399 0.132 
362    (0)   :  0.007 0.008 0.049 0.059 0.160 0.273 0.137 0.307 
363    (0)   :  0.008 0.009 0.026 0.063 0.206 0.368 0.102 0.219 
364    (0)   :  0.016 0.013 0.017 0.054 0.298 0.150 0.269 0.183 
365    (0)   :  0.016 0.019 0.036 0.055 0.395 0.191 0.116 0.172 
366    (0)   :  0.006 0.011 0.034 0.144 0.252 0.124 0.179 0.250 
367    (0)   :  0.005 0.006 0.027 0.040 0.131 0.595 0.084 0.112 
368    (0)   :  0.006 0.007 0.016 0.035 0.168 0.268 0.136 0.365 
369    (0)   :  0.009 0.014 0.017 0.198 0.198 0.136 0.234 0.193 
370    (0)   :  0.018 0.018 0.021 0.047 0.152 0.263 0.147 0.333 
371    (0)   :  0.015 0.014 0.016 0.062 0.260 0.151 0.171 0.309 
372    (0)   :  0.049 0.036 0.026 0.046 0.111 0.185 0.155 0.393 
373    (0)   :  0.006 0.009 0.014 0.053 0.180 0.366 0.199 0.173 
374    (0)   :  0.007 0.019 0.043 0.054 0.215 0.188 0.293 0.182 
375    (0)   :  0.019 0.012 0.019 0.040 0.311 0.303 0.100 0.194 
376    (0)   :  0.099 0.009 0.027 0.048 0.367 0.254 0.095 0.101 
377    (0)   :  0.009 0.010 0.038 0.048 0.222 0.176 0.136 0.360 
378    (0)   :  0.007 0.009 0.014 0.046 0.092 0.408 0.260 0.163 
379    (0)   :  0.173 0.013 0.029 0.056 0.284 0.246 0.085 0.115 
380    (0)   :  0.011 0.010 0.076 0.122 0.318 0.109 0.200 0.153 
381    (0)   :  0.008 0.009 0.017 0.153 0.433 0.094 0.168 0.119 
382    (0)   :  0.006 0.006 0.018 0.034 0.300 0.366 0.117 0.153 
383    (0)   :  0.040 0.011 0.110 0.046 0.368 0.098 0.180 0.148 
384    (0)   :  0.070 0.022 0.030 0.044 0.356 0.183 0.169 0.126 
385    (0)   :  0.023 0.175 0.014 0.033 0.229 0.155 0.223 0.148 
386    (0)   :  0.004 0.006 0.024 0.048 0.225 0.427 0.106 0.159 
387    (0)   :  0.005 0.007 0.020 0.057 0.279 0.361 0.126 0.146 
388    (0)   :  0.018 0.026 0.023 0.039 0.249 0.201 0.266 0.179 
389    (0)   :  0.012 0.041 0.016 0.067 0.112 0.132 0.114 0.505 
390    (0)   :  0.022 0.019 0.052 0.170 0.144 0.363 0.097 0.133 
391    (0)   :  0.015 0.052 0.029 0.098 0.137 0.269 0.161 0.238 
392    (0)   :  0.007 0.006 0.017 0.049 0.327 0.236 0.184 0.174 
393    (0)   :  0.007 0.007 0.064 0.211 0.320 0.128 0.160 0.103 
394    (0)   :  0.007 0.006 0.031 0.043 0.131 0.324 0.302 0.157 
395    (0)   :  0.004 0.006 0.056 0.133 0.141 0.220 0.116 0.323 
396    (0)   :  0.006 0.006 0.012 0.038 0.276 0.370 0.088 0.204 
397    (0)   :  0.072 0.006 0.012 0.048 0.233 0.113 0.213 0.302 
398    (0)   :  0.041 0.007 0.080 0.071 0.193 0.397 0.094 0.118 
399    (0)   :  0.006 0.012 0.042 0.068 0.096 0.478 0.117 0.181 
400    (0)   :  0.007 0.008 0.016 0.061 0.258 0.379 0.153 0.119 
401    (0)   :  0.005 0.008 0.016 0.105 0.097 0.445 0.156 0.169 
402    (0)   :  0.007 0.008 0.014 0.116 0.240 0.275 0.150 0.190 
403    (0)   :  0.007 0.020 0.022 0.054 0.170 0.177 0.380 0.171 
404    (0)   :  0.007 0.011 0.015 0.055 0.316 0.163 0.178 0.255 
405    (0)   :  0.005 0.006 0.040 0.072 0.250 0.207 0.162 0.258 
406    (0)   :  0.004 0.006 0.227 0.172 0.103 0.105 0.200 0.182 
407    (0)   :  0.005 0.006 0.058 0.056 0.449 0.202 0.088 0.137 
408    (0)   :  0.004 0.006 0.011 0.103 0.078 0.411 0.082 0.305 
409    (0)   :  0.012 0.011 0.045 0.314 0.139 0.123 0.236 0.120 
410    (0)   :  0.081 0.010 0.040 0.070 0.205 0.298 0.150 0.146 
411    (0)   :  0.020 0.007 0.016 0.107 0.358 0.183 0.191 0.119 
412    (0)   :  0.005 0.007 0.016 0.035 0.205 0.318 0.124 0.291 
413    (0)   :  0.006 0.006 0.014 0.036 0.127 0.358 0.238 0.216 
414    (0)   :  0.005 0.011 0.012 0.035 0.201 0.373 0.088 0.274 
415    (0)   :  0.006 0.007 0.033 0.105 0.309 0.248 0.117 0.175 
416    (0)   :  0.006 0.016 0.015 0.138 0.219 0.298 0.159 0.148 
417    (0)   :  0.006 0.007 0.151 0.055 0.231 0.305 0.106 0.140 
418    (0)   :  0.007 0.006 0.014 0.034 0.190 0.480 0.102 0.167 
419    (0)   :  0.012 0.020 0.026 0.097 0.210 0.223 0.247 0.165 
420    (0)   :  0.004 0.007 0.014 0.205 0.091 0.416 0.100 0.163 
421    (0)   :  0.007 0.007 0.057 0.056 0.181 0.363 0.110 0.220 
422    (0)   :  0.006 0.007 0.062 0.102 0.185 0.149 0.116 0.372 
423    (0)   :  0.008 0.006 0.037 0.061 0.248 0.261 0.149 0.230 
424    (0)   :  0.008 0.018 0.045 0.134 0.116 0.387 0.152 0.140 
425    (0)   :  0.020 0.034 0.021 0.047 0.315 0.193 0.175 0.195 
426    (0)   :  0.035 0.029 0.059 0.048 0.168 0.334 0.175 0.152 
427    (0)   :  0.007 0.006 0.090 0.063 0.196 0.351 0.187 0.100 
428    (0)   :  0.020 0.007 0.144 0.113 0.157 0.140 0.223 0.197 
429    (0)   :  0.006 0.006 0.022 0.039 0.292 0.432 0.084 0.119 
430    (0)   :  0.006 0.007 0.100 0.112 0.294 0.222 0.100 0.159 
431    (0)   :  0.011 0.013 0.031 0.039 0.133 0.331 0.168 0.272 
432    (0)   :  0.006 0.007 0.015 0.039 0.166 0.313 0.146 0.308 
433    (0)   :  0.009 0.006 0.013 0.048 0.129 0.155 0.352 0.288 
434    (0)   :  0.006 0.008 0.015 0.075 0.293 0.159 0.180 0.264 
435    (0)   :  0.005 0.005 0.177 0.068 0.184 0.340 0.092 0.128 
436    (0)   :  0.007 0.008 0.246 0.083 0.186 0.256 0.133 0.080 
437    (0)   :  0.008 0.005 0.031 0.042 0.481 0.183 0.101 0.149 
438    (0)   :  0.006 0.007 0.156 0.255 0.106 0.224 0.135 0.111 
439    (0)   :  0.006 0.006 0.187 0.098 0.260 0.239 0.116 0.087 
440    (0)   :  0.004 0.006 0.255 0.051 0.175 0.327 0.078 0.105 
441    (0)   :  0.006 0.007 0.054 0.097 0.299 0.246 0.168 0.123 
442    (0)   :  0.006 0.015 0.016 0.076 0.300 0.315 0.102 0.171 
443    (0)   :  0.005 0.009 0.036 0.188 0.110 0.436 0.087 0.130 
444    (0)   :  0.006 0.014 0.031 0.095 0.298 0.302 0.099 0.155 
445    (0)   :  0.041 0.007 0.033 0.327 0.204 0.122 0.156 0.110 
446    (0)   :  0.046 0.007 0.105 0.077 0.177 0.409 0.100 0.080 
447    (0)   :  0.007 0.022 0.183 0.111 0.165 0.209 0.166 0.137 
448    (0)   :  0.005 0.006 0.048 0.062 0.314 0.298 0.107 0.159 
449    (0)   :  0.005 0.007 0.052 0.069 0.317 0.236 0.155 0.159 
450    (0)   :  0.007 0.007 0.016 0.049 0.481 0.206 0.143 0.091 
451    (0)   :  0.005 0.007 0.025 0.042 0.121 0.520 0.079 0.202 
452    (0)   :  0.005 0.006 0.027 0.044 0.381 0.296 0.143 0.097 
453    (0)   :  0.005 0.009 0.017 0.376 0.103 0.192 0.115 0.182 
454    (0)   :  0.006 0.006 0.066 0.055 0.284 0.277 0.162 0.143 
455    (0)   :  0.005 0.006 0.188 0.181 0.162 0.272 0.092 0.094 
456    (0)   :  0.006 0.008 0.056 0.174 0.247 0.263 0.092 0.154 
457    (0)   :  0.006 0.005 0.058 0.050 0.468 0.177 0.107 0.128 
458    (0)   :  0.044 0.008 0.057 0.109 0.320 0.249 0.111 0.103 
459    (0)   :  0.005 0.007 0.059 0.125 0.158 0.390 0.176 0.080 
460    (0)   :  0.005 0.006 0.047 0.083 0.148 0.528 0.095 0.088 
461    (0)   :  0.006 0.006 0.017 0.046 0.158 0.586 0.097 0.083 
462    (0)   :  0.008 0.027 0.026 0.198 0.270 0.207 0.072 0.192 
463    (0)   :  0.005 0.006 0.163 0.315 0.108 0.127 0.113 0.163 
464    (0)   :  0.004 0.006 0.047 0.130 0.117 0.493 0.093 0.111 
465    (0)   :  0.007 0.007 0.028 0.114 0.163 0.413 0.109 0.158 
466    (0)   :  0.004 0.006 0.047 0.206 0.120 0.359 0.094 0.163 
467    (0)   :  0.006 0.007 0.033 0.230 0.194 0.237 0.124 0.168 
468    (0)   :  0.005 0.006 0.242 0.112 0.271 0.139 0.091 0.133 
469    (0)   :  0.005 0.007 0.404 0.072 0.170 0.165 0.095 0.083 
470    (0)   :  0.005 0.005 0.241 0.058 0.137 0.362 0.093 0.098 
471    (0)   :  0.006 0.010 0.020 0.158 0.206 0.297 0.106 0.196 
472    (0)   :  0.006 0.007 0.019 0.170 0.293 0.224 0.101 0.180 
473    (0)   :  0.006 0.006 0.058 0.065 0.280 0.215 0.148 0.222 
474    (0)   :  0.005 0.006 0.024 0.101 0.328 0.280 0.142 0.114 
475    (0)   :  0.006 0.006 0.028 0.086 0.158 0.398 0.172 0.146 
476    (0)   :  0.007 0.006 0.031 0.131 0.384 0.239 0.105 0.097 
477    (0)   :  0.007 0.011 0.031 0.113 0.139 0.436 0.138 0.125 
478    (0)   :  0.007 0.011 0.023 0.051 0.096 0.624 0.089 0.100 
479    (0)   :  0.005 0.006 0.071 0.052 0.255 0.424 0.092 0.096 
480    (0)   :  0.006 0.005 0.062 0.048 0.449 0.233 0.102 0.095 
481    (0)   :  0.005 0.009 0.019 0.055 0.292 0.231 0.101 0.288 
482    (0)   :  0.006 0.005 0.029 0.041 0.334 0.401 0.092 0.092 
483    (0)   :  0.006 0.006 0.239 0.073 0.200 0.269 0.117 0.090 
484    (0)   :  0.005 0.008 0.173 0.243 0.164 0.152 0.108 0.146 
485    (0)   :  0.005 0.006 0.445 0.054 0.102 0.212 0.091 0.085 
486    (0)   :  0.008 0.019 0.015 0.070 0.158 0.210 0.133 0.388 
487    (0)   :  0.009 0.017 0.015 0.061 0.234 0.174 0.235 0.256 
488    (0)   :  0.008 0.037 0.015 0.044 0.142 0.246 0.194 0.313 
489    (0)   :  0.008 0.010 0.011 0.095 0.264 0.111 0.232 0.270 
490    (0)   :  0.006 0.011 0.016 0.098 0.170 0.361 0.093 0.245 
491    (0)   :  0.007 0.021 0.011 0.050 0.137 0.115 0.215 0.443 
492    (0)   :  0.005 0.023 0.013 0.101 0.108 0.259 0.327 0.163 
493    (0)   :  0.011 0.029 0.012 0.045 0.189 0.145 0.155 0.414 
494    (0)   :  0.023 0.022 0.020 0.060 0.170 0.151 0.205 0.349 
495    (0)   :  0.025 0.087 0.014 0.104 0.116 0.267 0.243 0.145 
496    (0)   :  0.006 0.006 0.015 0.091 0.128 0.136 0.369 0.251 
497    (0)   :  0.016 0.050 0.012 0.038 0.192 0.111 0.206 0.375 
498    (0)   :  0.009 0.039 0.016 0.098 0.186 0.215 0.150 0.287 
499    (0)   :  0.017 0.012 0.014 0.053 0.180 0.115 0.330 0.279 
500    (0)   :  0.012 0.008 0.022 0.043 0.276 0.130 0.145 0.364 
501    (0)   :  0.009 0.008 0.016 0.050 0.231 0.200 0.295 0.192 
502    (0)   :  0.007 0.016 0.014 0.041 0.173 0.261 0.326 0.161 
503    (0)   :  0.007 0.006 0.019 0.045 0.378 0.190 0.119 0.236 
504    (0)   :  0.008 0.048 0.015 0.077 0.123 0.334 0.128 0.265 
505    (0)   :  0.007 0.011 0.018 0.071 0.107 0.135 0.206 0.445 
506    (0)   :  0.006 0.018 0.012 0.049 0.131 0.250 0.292 0.242 
507    (0)   :  0.006 0.006 0.011 0.086 0.085 0.082 0.523 0.200 
508    (0)   :  0.013 0.011 0.011 0.081 0.077 0.096 0.499 0.211 
509    (0)   :  0.006 0.009 0.015 0.070 0.106 0.130 0.282 0.383 
510    (0)   :  0.017 0.008 0.012 0.052 0.223 0.149 0.350 0.189 
511    (0)   :  0.011 0.016 0.049 0.074 0.190 0.295 0.143 0.223 
512    (0)   :  0.007 0.009 0.017 0.038 0.316 0.335 0.102 0.177 
513    (0)   :  0.007 0.305 0.010 0.065 0.065 0.118 0.137 0.292 
514    (0)   :  0.007 0.007 0.014 0.051 0.097 0.427 0.171 0.225 
515    (0)   :  0.011 0.009 0.047 0.104 0.228 0.151 0.259 0.191 
516    (0)   :  0.008 0.010 0.017 0.070 0.100 0.235 0.153 0.407 
517    (0)   :  0.007 0.007 0.037 0.133 0.103 0.262 0.244 0.208 
518    (0)   :  0.055 0.007 0.011 0.039 0.246 0.126 0.286 0.230 
519    (0)   :  0.005 0.011 0.017 0.061 0.105 0.436 0.182 0.183 
520    (0)   :  0.007 0.007 0.175 0.120 0.093 0.105 0.321 0.173 
521    (0)   :  0.022 0.007 0.012 0.054 0.092 0.209 0.347 0.256 
522    (0)   :  0.022 0.009 0.026 0.174 0.278 0.174 0.143 0.174 
523    (0)   :  0.009 0.007 0.025 0.244 0.077 0.188 0.264 0.186 
524    (0)   :  0.007 0.006 0.218 0.068 0.109 0.181 0.188 0.223 
525    (0)   :  0.069 0.007 0.040 0.087 0.182 0.128 0.292 0.195 
526    (0)   :  0.005 0.006 0.262 0.179 0.090 0.097 0.157 0.204 
527    (0)   :  0.058 0.010 0.012 0.041 0.286 0.254 0.144 0.196 
528    (0)   :  0.006 0.006 0.010 0.049 0.094 0.111 0.456 0.269 
529    (0)   :  0.067 0.012 0.011 0.045 0.136 0.147 0.223 0.359 
530    (0)   :  0.006 0.009 0.027 0.129 0.286 0.180 0.182 0.182 
531    (0)   :  0.007 0.007 0.034 0.084 0.160 0.176 0.396 0.135 
532    (0)   :  0.023 0.009 0.011 0.053 0.151 0.160 0.323 0.270 
533    (0)   :  0.053 0.007 0.032 0.082 0.197 0.155 0.163 0.310 
534    (0)   :  0.062 0.015 0.012 0.093 0.076 0.128 0.214 0.400 
535    (0)   :  0.005 0.007 0.031 0.216 0.104 0.273 0.157 0.207 
536    (0)   :  0.007 0.008 0.038 0.193 0.176 0.151 0.233 0.195 
537    (0)   :  0.008 0.009 0.014 0.239 0.129 0.129 0.300 0.173 
538    (0)   :  0.005 0.007 0.025 0.145 0.117 0.133 0.261 0.307 
539    (0)   :  0.005 0.006 0.010 0.068 0.094 0.088 0.555 0.174 
540    (0)   :  0.023 0.007 0.034 0.103 0.145 0.121 0.236 0.331 
541    (0)   :  0.016 0.011 0.017 0.141 0.161 0.130 0.368 0.157 
542    (0)   :  0.005 0.010 0.027 0.305 0.149 0.104 0.111 0.290 
543    (0)   :  0.018 0.014 0.031 0.219 0.087 0.205 0.236 0.189 
544    (0)   :  0.005 0.007 0.020 0.341 0.117 0.131 0.170 0.208 
545    (0)   :  0.005 0.008 0.069 0.379 0.111 0.143 0.095 0.190 
546    (0)   :  0.006 0.011 0.013 0.189 0.136 0.110 0.175 0.359 
547    (0)   :  0.005 0.008 0.024 0.463 0.078 0.120 0.178 0.124 
548    (0)   :  0.005 0.007 0.012 0.039 0.103 0.110 0.330 0.395 
549    (0)   :  0.007 0.008 0.039 0.281 0.136 0.108 0.324 0.097 
550    (0)   :  0.004 0.009 0.108 0.263 0.101 0.233 0.138 0.144 
551    (0)   :  0.007 0.008 0.020 0.126 0.132 0.144 0.447 0.117 
552    (0)   :  0.005 0.006 0.014 0.108 0.141 0.100 0.255 0.372 
553    (0)   :  0.010 0.014 0.022 0.366 0.070 0.126 0.224 0.168 
554    (0)   :  0.032 0.009 0.022 0.110 0.217 0.162 0.184 0.264 
555    (0)   :  0.008 0.019 0.018 0.130 0.104 0.125 0.390 0.207 
556    (0)   :  0.006 0.008 0.014 0.127 0.128 0.131 0.232 0.354 
557    (0)   :  0.006 0.008 0.083 0.254 0.121 0.234 0.169 0.125 
558    (0)   :  0.006 0.006 0.034 0.040 0.338 0.400 0.095 0.082 
559    (0)   :  0.006 0.007 0.012 0.063 0.133 0.232 0.121 0.426 
560    (0)   :  0.004 0.011 0.052 0.066 0.130 0.526 0.074 0.137 
561    (0)   :  0.006 0.009 0.023 0.071 0.223 0.343 0.095 0.229 
562    (0)   :  0.006 0.010 0.032 0.072 0.165 0.357 0.073 0.284 
563    (0)   :  0.008 0.018 0.023 0.102 0.112 0.395 0.237 0.105 
564    (0)   :  0.009 0.008 0.024 0.065 0.127 0.154 0.129 0.484 
565    (0)   :  0.005 0.006 0.078 0.053 0.474 0.165 0.102 0.116 
566    (0)   :  0.004 0.006 0.030 0.040 0.131 0.599 0.077 0.113 
567    (0)   :  0.005 0.008 0.019 0.046 0.117 0.167 0.095 0.543 
568    (0)   :  0.005 0.006 0.026 0.075 0.135 0.346 0.131 0.276 
569    (0)   :  0.009 0.007 0.032 0.130 0.226 0.308 0.137 0.151 
570    (0)   :  0.007 0.006 0.034 0.037 0.389 0.323 0.082 0.122 
571    (0)   :  0.005 0.006 0.030 0.040 0.091 0.529 0.117 0.181 
572    (0)   :  0.004 0.010 0.026 0.288 0.149 0.127 0.231 0.164 
573    (0)   :  0.007 0.007 0.170 0.045 0.100 0.138 0.129 0.404 
574    (0)   :  0.007 0.007 0.029 0.067 0.351 0.162 0.215 0.161 
575    (0)   :  0.005 0.006 0.018 0.067 0.123 0.397 0.205 0.178 
576    (0)   :  0.005 0.011 0.028 0.035 0.152 0.558 0.080 0.130 
577    (0)   :  0.007 0.008 0.016 0.057 0.350 0.187 0.205 0.169 
