

----------------------------------------------------
STRUCTURE by Pritchard, Stephens and Donnelly (2000)
     and Falush, Stephens and Pritchard (2003)
       Code by Pritchard, Falush and Hubisz
             Version 2.3.4 (Jul 2012)
----------------------------------------------------



Command line arguments:   ./structure -K 5 -D 105005 -m brooktrout/mainparams -e brooktrout/extraparams -o brooktrout/250914_output/results_K5_rep5 
Input File:    brooktrout/brooktrout.txt

Run parameters:
   8454 individuals
   5 loci
   5 populations assumed
   50000 Burn-in period
   100000 Reps
RANDOMIZE turned off


--------------------------------------------
Overall proportion of membership of the
sample in each of the 5 clusters

Inferred Clusters
  1      2      3      4      5    
0.085  0.177  0.226  0.237  0.276  

--------------------------------------------

Allele-freq. divergence among pops (Net nucleotide distance),
computed using point estimates of P.

      1       2       3       4       5      
 1      -    0.0934  0.0495  0.0608  0.0570  
 2   0.0934     -    0.1161  0.0670  0.1153  
 3   0.0495  0.1161     -    0.0580  0.0386  
 4   0.0608  0.0670  0.0580     -    0.0722  
 5   0.0570  0.1153  0.0386  0.0722     -    

Average distances (expected heterozygosity) between individuals in same cluster:
cluster  1  : 0.8285 
cluster  2  : 0.7307 
cluster  3  : 0.8134 
cluster  4  : 0.8151 
cluster  5  : 0.7939 

--------------------------------------------
Estimated Ln Prob of Data   = -182370.7
Mean value of ln likelihood = -172022.3
Variance of ln likelihood   = 20696.9

Mean value of alpha_1       = 0.0969
Mean value of alpha_2       = 0.2021
Mean value of alpha_3       = 0.2620
Mean value of alpha_4       = 0.2853
Mean value of alpha_5       = 0.3355
Allele frequencies uncorrelated


Inferred ancestry of individuals:
     (%Miss) :  Inferred clusters
  1    (0)   :  0.048 0.249 0.143 0.206 0.355 
  2    (0)   :  0.166 0.041 0.173 0.501 0.120 
  3    (0)   :  0.018 0.130 0.094 0.213 0.545 
  4    (0)   :  0.037 0.577 0.135 0.165 0.085 
  5    (0)   :  0.410 0.042 0.152 0.263 0.134 
  6    (0)   :  0.039 0.044 0.067 0.067 0.782 
  7    (0)   :  0.124 0.046 0.480 0.052 0.298 
  8    (0)   :  0.048 0.345 0.171 0.100 0.336 
  9    (0)   :  0.045 0.087 0.223 0.274 0.372 
 10    (0)   :  0.100 0.163 0.215 0.066 0.456 
 11    (0)   :  0.046 0.044 0.547 0.058 0.305 
 12    (0)   :  0.277 0.066 0.175 0.333 0.149 
 13    (0)   :  0.273 0.074 0.233 0.166 0.253 
 14    (0)   :  0.052 0.081 0.112 0.565 0.190 
 15    (0)   :  0.091 0.208 0.215 0.291 0.195 
 16    (0)   :  0.046 0.064 0.106 0.087 0.697 
 17    (0)   :  0.311 0.061 0.122 0.162 0.344 
 18    (0)   :  0.054 0.091 0.092 0.294 0.469 
 19    (0)   :  0.071 0.057 0.115 0.106 0.652 
 20    (0)   :  0.091 0.074 0.287 0.280 0.268 
 21    (0)   :  0.040 0.189 0.099 0.436 0.237 
 22    (0)   :  0.044 0.077 0.067 0.094 0.718 
 23    (0)   :  0.082 0.184 0.152 0.468 0.114 
 24    (0)   :  0.048 0.182 0.093 0.178 0.499 
 25    (0)   :  0.207 0.033 0.315 0.111 0.334 
 26    (0)   :  0.161 0.121 0.104 0.233 0.381 
 27    (0)   :  0.170 0.102 0.140 0.185 0.403 
 28    (0)   :  0.075 0.323 0.212 0.111 0.279 
 29    (0)   :  0.063 0.058 0.378 0.304 0.196 
 30    (0)   :  0.031 0.057 0.059 0.139 0.713 
 31    (0)   :  0.172 0.127 0.222 0.224 0.255 
 32    (0)   :  0.038 0.161 0.173 0.316 0.313 
 33    (0)   :  0.017 0.137 0.162 0.217 0.467 
 34    (0)   :  0.080 0.072 0.317 0.053 0.479 
 35    (0)   :  0.095 0.043 0.087 0.393 0.382 
 36    (0)   :  0.015 0.048 0.059 0.452 0.426 
 37    (0)   :  0.038 0.164 0.217 0.382 0.199 
 38    (0)   :  0.023 0.031 0.096 0.115 0.735 
 39    (0)   :  0.037 0.055 0.163 0.196 0.550 
 40    (0)   :  0.035 0.104 0.049 0.603 0.208 
 41    (0)   :  0.023 0.046 0.104 0.429 0.398 
 42    (0)   :  0.023 0.335 0.075 0.312 0.255 
 43    (0)   :  0.029 0.067 0.141 0.648 0.115 
 44    (0)   :  0.020 0.034 0.078 0.601 0.267 
 45    (0)   :  0.033 0.032 0.096 0.431 0.408 
 46    (0)   :  0.052 0.044 0.133 0.209 0.562 
 47    (0)   :  0.081 0.066 0.138 0.250 0.464 
 48    (0)   :  0.030 0.033 0.046 0.640 0.251 
 49    (0)   :  0.056 0.061 0.146 0.339 0.398 
 50    (0)   :  0.035 0.097 0.204 0.136 0.528 
 51    (0)   :  0.013 0.033 0.045 0.748 0.160 
 52    (0)   :  0.043 0.070 0.151 0.153 0.582 
 53    (0)   :  0.016 0.069 0.082 0.096 0.737 
 54    (0)   :  0.093 0.065 0.148 0.544 0.150 
 55    (0)   :  0.041 0.042 0.091 0.716 0.109 
 56    (0)   :  0.049 0.061 0.049 0.483 0.358 
 57    (0)   :  0.294 0.167 0.128 0.096 0.316 
 58    (0)   :  0.046 0.059 0.119 0.543 0.233 
 59    (0)   :  0.060 0.052 0.100 0.315 0.473 
 60    (0)   :  0.018 0.093 0.063 0.669 0.156 
 61    (0)   :  0.017 0.055 0.066 0.808 0.053 
 62    (0)   :  0.334 0.048 0.094 0.172 0.352 
 63    (0)   :  0.019 0.096 0.294 0.404 0.187 
 64    (0)   :  0.038 0.036 0.081 0.121 0.723 
 65    (0)   :  0.033 0.028 0.678 0.104 0.157 
 66    (0)   :  0.023 0.099 0.162 0.618 0.097 
 67    (0)   :  0.030 0.036 0.146 0.680 0.109 
 68    (0)   :  0.056 0.066 0.100 0.323 0.454 
 69    (0)   :  0.052 0.149 0.185 0.100 0.514 
 70    (0)   :  0.014 0.064 0.187 0.505 0.229 
 71    (0)   :  0.037 0.027 0.094 0.475 0.367 
 72    (0)   :  0.017 0.038 0.114 0.256 0.575 
 73    (0)   :  0.047 0.031 0.144 0.655 0.123 
 74    (0)   :  0.018 0.094 0.058 0.374 0.456 
 75    (0)   :  0.022 0.088 0.043 0.638 0.208 
 76    (0)   :  0.019 0.050 0.382 0.389 0.160 
 77    (0)   :  0.027 0.043 0.128 0.382 0.421 
 78    (0)   :  0.023 0.048 0.090 0.318 0.520 
 79    (0)   :  0.069 0.049 0.555 0.081 0.247 
 80    (0)   :  0.027 0.535 0.163 0.136 0.140 
 81    (0)   :  0.031 0.401 0.234 0.128 0.205 
 82    (0)   :  0.073 0.100 0.300 0.408 0.119 
 83    (0)   :  0.020 0.229 0.212 0.261 0.279 
 84    (0)   :  0.025 0.226 0.374 0.154 0.220 
 85    (0)   :  0.032 0.285 0.135 0.228 0.320 
 86    (0)   :  0.089 0.045 0.196 0.420 0.250 
 87    (0)   :  0.028 0.052 0.617 0.128 0.174 
 88    (0)   :  0.036 0.228 0.403 0.221 0.112 
 89    (0)   :  0.029 0.304 0.235 0.313 0.120 
 90    (0)   :  0.031 0.055 0.715 0.090 0.108 
 91    (0)   :  0.021 0.491 0.116 0.194 0.178 
 92    (0)   :  0.074 0.094 0.466 0.178 0.188 
 93    (0)   :  0.018 0.790 0.057 0.070 0.066 
 94    (0)   :  0.015 0.044 0.532 0.067 0.343 
 95    (0)   :  0.021 0.121 0.673 0.111 0.074 
 96    (0)   :  0.018 0.112 0.077 0.734 0.058 
 97    (0)   :  0.031 0.107 0.055 0.509 0.297 
 98    (0)   :  0.029 0.063 0.097 0.626 0.184 
 99    (0)   :  0.027 0.198 0.459 0.150 0.167 
100    (0)   :  0.033 0.456 0.066 0.383 0.062 
101    (0)   :  0.032 0.070 0.428 0.337 0.133 
102    (0)   :  0.030 0.319 0.280 0.233 0.138 
103    (0)   :  0.021 0.109 0.393 0.405 0.073 
104    (0)   :  0.031 0.073 0.688 0.120 0.088 
105    (0)   :  0.037 0.110 0.624 0.167 0.061 
106    (0)   :  0.022 0.023 0.567 0.074 0.313 
107    (0)   :  0.024 0.111 0.571 0.220 0.074 
108    (0)   :  0.026 0.033 0.077 0.708 0.156 
109    (0)   :  0.180 0.025 0.382 0.114 0.299 
110    (0)   :  0.017 0.028 0.639 0.058 0.258 
111    (0)   :  0.030 0.034 0.809 0.067 0.061 
112    (0)   :  0.083 0.027 0.686 0.068 0.137 
113    (0)   :  0.034 0.067 0.182 0.515 0.202 
114    (0)   :  0.038 0.095 0.676 0.108 0.083 
115    (0)   :  0.044 0.042 0.641 0.186 0.087 
116    (0)   :  0.042 0.026 0.335 0.204 0.394 
117    (0)   :  0.028 0.036 0.701 0.065 0.170 
118    (0)   :  0.117 0.035 0.360 0.377 0.111 
119    (0)   :  0.014 0.136 0.142 0.611 0.096 
120    (0)   :  0.074 0.047 0.644 0.128 0.108 
121    (0)   :  0.050 0.033 0.652 0.166 0.099 
122    (0)   :  0.031 0.034 0.557 0.082 0.297 
123    (0)   :  0.019 0.045 0.696 0.109 0.131 
124    (0)   :  0.027 0.035 0.455 0.148 0.335 
125    (0)   :  0.039 0.050 0.264 0.102 0.545 
126    (0)   :  0.018 0.056 0.469 0.199 0.258 
127    (0)   :  0.025 0.036 0.799 0.079 0.061 
128    (0)   :  0.080 0.038 0.441 0.351 0.089 
129    (0)   :  0.031 0.028 0.738 0.142 0.061 
130    (0)   :  0.049 0.115 0.611 0.127 0.099 
131    (0)   :  0.026 0.030 0.397 0.128 0.419 
132    (0)   :  0.029 0.027 0.627 0.124 0.193 
133    (0)   :  0.030 0.046 0.727 0.124 0.073 
134    (0)   :  0.021 0.020 0.733 0.047 0.179 
135    (0)   :  0.087 0.370 0.053 0.409 0.081 
136    (0)   :  0.082 0.735 0.036 0.071 0.075 
137    (0)   :  0.028 0.777 0.083 0.056 0.057 
138    (0)   :  0.019 0.791 0.038 0.075 0.077 
139    (0)   :  0.029 0.132 0.051 0.702 0.086 
140    (0)   :  0.029 0.493 0.119 0.196 0.163 
141    (0)   :  0.057 0.659 0.042 0.097 0.145 
142    (0)   :  0.041 0.405 0.052 0.431 0.071 
143    (0)   :  0.016 0.836 0.035 0.066 0.047 
144    (0)   :  0.028 0.779 0.081 0.060 0.052 
145    (0)   :  0.168 0.433 0.047 0.165 0.188 
146    (0)   :  0.049 0.496 0.149 0.147 0.158 
147    (0)   :  0.020 0.844 0.034 0.049 0.053 
148    (0)   :  0.057 0.568 0.088 0.177 0.110 
149    (0)   :  0.029 0.699 0.039 0.144 0.089 
150    (0)   :  0.042 0.606 0.160 0.110 0.081 
151    (0)   :  0.021 0.770 0.055 0.092 0.062 
152    (0)   :  0.072 0.458 0.066 0.259 0.145 
153    (0)   :  0.019 0.711 0.055 0.108 0.108 
154    (0)   :  0.101 0.677 0.041 0.106 0.075 
155    (0)   :  0.017 0.802 0.053 0.071 0.058 
156    (0)   :  0.020 0.586 0.073 0.268 0.053 
157    (0)   :  0.014 0.661 0.166 0.069 0.090 
158    (0)   :  0.158 0.522 0.044 0.107 0.169 
159    (0)   :  0.025 0.833 0.036 0.056 0.050 
160    (0)   :  0.037 0.812 0.035 0.064 0.052 
161    (0)   :  0.021 0.633 0.077 0.140 0.129 
162    (0)   :  0.084 0.397 0.137 0.204 0.178 
163    (0)   :  0.016 0.802 0.047 0.083 0.053 
164    (0)   :  0.146 0.460 0.154 0.127 0.113 
165    (0)   :  0.039 0.675 0.137 0.083 0.067 
166    (0)   :  0.017 0.487 0.188 0.182 0.126 
167    (0)   :  0.226 0.568 0.066 0.054 0.086 
168    (0)   :  0.021 0.674 0.050 0.128 0.128 
169    (0)   :  0.140 0.258 0.040 0.102 0.460 
170    (0)   :  0.018 0.494 0.075 0.347 0.066 
171    (0)   :  0.057 0.479 0.092 0.232 0.141 
172    (0)   :  0.028 0.445 0.038 0.235 0.254 
173    (0)   :  0.033 0.770 0.038 0.104 0.055 
174    (0)   :  0.019 0.799 0.056 0.063 0.064 
175    (0)   :  0.032 0.778 0.036 0.079 0.075 
176    (0)   :  0.027 0.780 0.081 0.061 0.051 
177    (0)   :  0.023 0.533 0.170 0.094 0.181 
178    (0)   :  0.039 0.716 0.060 0.072 0.113 
179    (0)   :  0.016 0.831 0.038 0.061 0.055 
180    (0)   :  0.068 0.596 0.083 0.113 0.140 
181    (0)   :  0.064 0.526 0.047 0.257 0.106 
182    (0)   :  0.093 0.640 0.044 0.172 0.051 
183    (0)   :  0.021 0.796 0.040 0.084 0.059 
184    (0)   :  0.095 0.040 0.103 0.563 0.199 
185    (0)   :  0.020 0.593 0.038 0.301 0.048 
186    (0)   :  0.032 0.042 0.376 0.379 0.171 
187    (0)   :  0.028 0.150 0.082 0.647 0.093 
188    (0)   :  0.038 0.030 0.345 0.464 0.124 
189    (0)   :  0.029 0.185 0.063 0.349 0.374 
190    (0)   :  0.017 0.083 0.036 0.825 0.039 
191    (0)   :  0.068 0.053 0.086 0.707 0.086 
192    (0)   :  0.024 0.166 0.172 0.530 0.108 
193    (0)   :  0.069 0.125 0.079 0.586 0.142 
194    (0)   :  0.030 0.148 0.190 0.540 0.091 
195    (0)   :  0.019 0.164 0.041 0.727 0.049 
196    (0)   :  0.017 0.076 0.053 0.800 0.055 
197    (0)   :  0.069 0.097 0.144 0.418 0.273 
198    (0)   :  0.031 0.114 0.171 0.438 0.246 
199    (0)   :  0.032 0.070 0.057 0.777 0.064 
200    (0)   :  0.045 0.071 0.063 0.687 0.134 
201    (0)   :  0.020 0.346 0.053 0.521 0.061 
202    (0)   :  0.024 0.323 0.064 0.539 0.050 
203    (0)   :  0.035 0.268 0.048 0.598 0.051 
204    (0)   :  0.020 0.061 0.046 0.827 0.045 
205    (0)   :  0.026 0.048 0.058 0.789 0.079 
206    (0)   :  0.035 0.081 0.054 0.773 0.057 
207    (0)   :  0.034 0.043 0.074 0.798 0.051 
208    (0)   :  0.024 0.130 0.049 0.744 0.052 
209    (0)   :  0.054 0.070 0.079 0.704 0.094 
210    (0)   :  0.019 0.084 0.074 0.766 0.057 
211    (0)   :  0.094 0.097 0.097 0.665 0.048 
212    (0)   :  0.030 0.389 0.051 0.436 0.094 
213    (0)   :  0.017 0.060 0.148 0.679 0.096 
214    (0)   :  0.027 0.323 0.048 0.544 0.058 
215    (0)   :  0.030 0.036 0.068 0.793 0.072 
216    (0)   :  0.086 0.057 0.132 0.513 0.212 
217    (0)   :  0.022 0.218 0.040 0.646 0.073 
218    (0)   :  0.029 0.062 0.071 0.751 0.086 
219    (0)   :  0.083 0.182 0.086 0.349 0.300 
220    (0)   :  0.027 0.045 0.063 0.812 0.053 
221    (0)   :  0.018 0.413 0.034 0.490 0.044 
222    (0)   :  0.057 0.093 0.141 0.404 0.304 
223    (0)   :  0.031 0.257 0.082 0.497 0.133 
224    (0)   :  0.043 0.200 0.064 0.636 0.057 
225    (0)   :  0.023 0.065 0.058 0.791 0.063 
226    (0)   :  0.037 0.080 0.056 0.628 0.199 
227    (0)   :  0.024 0.106 0.061 0.756 0.053 
228    (0)   :  0.021 0.126 0.037 0.771 0.045 
229    (0)   :  0.028 0.217 0.078 0.612 0.066 
230    (0)   :  0.030 0.118 0.062 0.737 0.052 
231    (0)   :  0.058 0.186 0.069 0.587 0.100 
232    (0)   :  0.032 0.139 0.099 0.601 0.129 
233    (0)   :  0.030 0.463 0.050 0.396 0.061 
234    (0)   :  0.042 0.145 0.141 0.498 0.175 
235    (0)   :  0.027 0.162 0.055 0.633 0.124 
236    (0)   :  0.037 0.217 0.066 0.597 0.082 
237    (0)   :  0.071 0.052 0.072 0.742 0.063 
238    (0)   :  0.020 0.345 0.077 0.484 0.074 
239    (0)   :  0.018 0.163 0.041 0.728 0.049 
240    (0)   :  0.019 0.347 0.079 0.482 0.073 
241    (0)   :  0.029 0.366 0.057 0.480 0.069 
242    (0)   :  0.034 0.093 0.071 0.617 0.185 
243    (0)   :  0.020 0.074 0.041 0.822 0.042 
244    (0)   :  0.033 0.188 0.050 0.680 0.049 
245    (0)   :  0.014 0.611 0.056 0.261 0.058 
246    (0)   :  0.021 0.213 0.040 0.655 0.071 
247    (0)   :  0.018 0.035 0.398 0.386 0.163 
248    (0)   :  0.052 0.036 0.112 0.726 0.073 
249    (0)   :  0.027 0.186 0.058 0.671 0.058 
250    (0)   :  0.037 0.141 0.082 0.656 0.083 
251    (0)   :  0.062 0.064 0.083 0.543 0.248 
252    (0)   :  0.021 0.113 0.066 0.718 0.081 
253    (0)   :  0.030 0.056 0.146 0.637 0.131 
254    (0)   :  0.060 0.092 0.112 0.543 0.194 
255    (0)   :  0.046 0.124 0.093 0.599 0.139 
256    (0)   :  0.025 0.144 0.054 0.710 0.067 
257    (0)   :  0.056 0.097 0.092 0.681 0.074 
258    (0)   :  0.030 0.062 0.125 0.674 0.108 
259    (0)   :  0.061 0.078 0.098 0.689 0.074 
260    (0)   :  0.062 0.256 0.122 0.341 0.220 
261    (0)   :  0.021 0.178 0.053 0.672 0.075 
262    (0)   :  0.019 0.132 0.034 0.767 0.047 
263    (0)   :  0.069 0.048 0.083 0.705 0.094 
264    (0)   :  0.059 0.031 0.098 0.285 0.527 
265    (0)   :  0.031 0.107 0.062 0.681 0.120 
266    (0)   :  0.020 0.450 0.037 0.448 0.045 
267    (0)   :  0.084 0.131 0.096 0.592 0.098 
268    (0)   :  0.017 0.078 0.053 0.797 0.055 
269    (0)   :  0.043 0.166 0.070 0.400 0.321 
270    (0)   :  0.093 0.060 0.137 0.525 0.184 
271    (0)   :  0.034 0.053 0.084 0.743 0.087 
272    (0)   :  0.032 0.054 0.057 0.719 0.138 
273    (0)   :  0.098 0.164 0.089 0.498 0.151 
274    (0)   :  0.043 0.073 0.072 0.673 0.139 
275    (0)   :  0.057 0.094 0.055 0.662 0.131 
276    (0)   :  0.044 0.049 0.065 0.726 0.116 
277    (0)   :  0.030 0.185 0.085 0.564 0.136 
278    (0)   :  0.032 0.046 0.054 0.801 0.066 
279    (0)   :  0.036 0.103 0.074 0.685 0.102 
280    (0)   :  0.033 0.089 0.056 0.632 0.191 
281    (0)   :  0.033 0.076 0.103 0.679 0.109 
282    (0)   :  0.032 0.387 0.081 0.382 0.118 
283    (0)   :  0.025 0.430 0.075 0.395 0.075 
284    (0)   :  0.028 0.170 0.137 0.567 0.097 
285    (0)   :  0.031 0.026 0.094 0.755 0.094 
286    (0)   :  0.032 0.186 0.050 0.681 0.051 
287    (0)   :  0.032 0.130 0.087 0.539 0.213 
288    (0)   :  0.030 0.050 0.058 0.731 0.131 
289    (0)   :  0.027 0.070 0.118 0.648 0.137 
290    (0)   :  0.030 0.059 0.057 0.631 0.222 
291    (0)   :  0.032 0.051 0.084 0.745 0.087 
292    (0)   :  0.024 0.096 0.048 0.690 0.142 
293    (0)   :  0.035 0.052 0.088 0.444 0.381 
294    (0)   :  0.049 0.038 0.073 0.737 0.103 
295    (0)   :  0.075 0.102 0.092 0.549 0.182 
296    (0)   :  0.028 0.046 0.068 0.789 0.068 
297    (0)   :  0.032 0.060 0.071 0.606 0.231 
298    (0)   :  0.032 0.260 0.106 0.480 0.120 
299    (0)   :  0.055 0.059 0.121 0.631 0.134 
300    (0)   :  0.030 0.037 0.061 0.802 0.070 
301    (0)   :  0.124 0.061 0.084 0.481 0.250 
302    (0)   :  0.059 0.045 0.065 0.733 0.097 
303    (0)   :  0.027 0.193 0.058 0.633 0.088 
304    (0)   :  0.050 0.366 0.140 0.188 0.256 
305    (0)   :  0.026 0.108 0.039 0.772 0.056 
306    (0)   :  0.024 0.258 0.048 0.561 0.109 
307    (0)   :  0.079 0.141 0.100 0.577 0.103 
308    (0)   :  0.021 0.183 0.055 0.668 0.074 
309    (0)   :  0.034 0.050 0.106 0.745 0.065 
310    (0)   :  0.023 0.115 0.043 0.770 0.050 
311    (0)   :  0.030 0.120 0.061 0.737 0.052 
312    (0)   :  0.018 0.046 0.088 0.797 0.051 
313    (0)   :  0.030 0.032 0.064 0.821 0.053 
314    (0)   :  0.014 0.826 0.033 0.075 0.051 
315    (0)   :  0.013 0.779 0.042 0.093 0.073 
316    (0)   :  0.017 0.775 0.045 0.073 0.090 
317    (0)   :  0.015 0.854 0.034 0.048 0.050 
318    (0)   :  0.015 0.859 0.033 0.040 0.053 
319    (0)   :  0.020 0.831 0.035 0.065 0.050 
320    (0)   :  0.014 0.827 0.033 0.075 0.051 
321    (0)   :  0.016 0.850 0.034 0.045 0.055 
322    (0)   :  0.017 0.754 0.045 0.102 0.082 
323    (0)   :  0.017 0.852 0.035 0.045 0.051 
324    (0)   :  0.016 0.852 0.034 0.045 0.054 
325    (0)   :  0.014 0.806 0.042 0.055 0.083 
326    (0)   :  0.016 0.813 0.041 0.052 0.078 
327    (0)   :  0.015 0.853 0.033 0.049 0.050 
328    (0)   :  0.016 0.778 0.046 0.080 0.081 
329    (0)   :  0.015 0.859 0.034 0.043 0.050 
330    (0)   :  0.015 0.853 0.034 0.048 0.050 
331    (0)   :  0.016 0.855 0.034 0.046 0.049 
332    (0)   :  0.017 0.797 0.044 0.051 0.091 
333    (0)   :  0.015 0.806 0.043 0.061 0.074 
334    (0)   :  0.016 0.779 0.045 0.080 0.080 
335    (0)   :  0.015 0.796 0.043 0.075 0.071 
336    (0)   :  0.017 0.838 0.034 0.054 0.058 
337    (0)   :  0.015 0.791 0.044 0.062 0.088 
338    (0)   :  0.016 0.858 0.033 0.039 0.054 
339    (0)   :  0.016 0.854 0.034 0.046 0.050 
340    (0)   :  0.015 0.857 0.033 0.050 0.046 
341    (0)   :  0.020 0.851 0.034 0.046 0.050 
342    (0)   :  0.015 0.854 0.033 0.048 0.050 
343    (0)   :  0.016 0.753 0.044 0.106 0.081 
344    (0)   :  0.015 0.862 0.033 0.041 0.048 
345    (0)   :  0.015 0.853 0.034 0.048 0.050 
346    (0)   :  0.015 0.863 0.032 0.042 0.048 
347    (0)   :  0.014 0.864 0.033 0.044 0.046 
348    (0)   :  0.014 0.744 0.041 0.133 0.068 
349    (0)   :  0.015 0.854 0.034 0.047 0.050 
350    (0)   :  0.017 0.818 0.034 0.080 0.052 
351    (0)   :  0.015 0.798 0.043 0.074 0.071 
352    (0)   :  0.015 0.797 0.042 0.070 0.077 
353    (0)   :  0.016 0.840 0.034 0.053 0.057 
354    (0)   :  0.018 0.853 0.034 0.044 0.051 
355    (0)   :  0.015 0.859 0.033 0.040 0.053 
356    (0)   :  0.014 0.691 0.044 0.183 0.068 
357    (0)   :  0.033 0.488 0.076 0.091 0.312 
358    (0)   :  0.016 0.806 0.043 0.055 0.080 
359    (0)   :  0.016 0.854 0.035 0.044 0.051 
360    (0)   :  0.014 0.863 0.033 0.043 0.048 
361    (0)   :  0.037 0.403 0.083 0.144 0.334 
362    (0)   :  0.031 0.052 0.237 0.229 0.450 
363    (0)   :  0.022 0.035 0.264 0.117 0.562 
364    (0)   :  0.252 0.207 0.114 0.136 0.290 
365    (0)   :  0.183 0.040 0.083 0.097 0.596 
366    (0)   :  0.038 0.082 0.073 0.389 0.417 
367    (0)   :  0.016 0.025 0.577 0.048 0.335 
368    (0)   :  0.073 0.046 0.594 0.121 0.165 
369    (0)   :  0.041 0.210 0.105 0.352 0.292 
370    (0)   :  0.061 0.055 0.545 0.219 0.121 
371    (0)   :  0.096 0.085 0.160 0.271 0.388 
372    (0)   :  0.354 0.069 0.216 0.257 0.104 
373    (0)   :  0.066 0.087 0.377 0.141 0.328 
374    (0)   :  0.061 0.272 0.140 0.140 0.386 
375    (0)   :  0.074 0.034 0.389 0.071 0.433 
376    (0)   :  0.029 0.028 0.082 0.041 0.820 
377    (0)   :  0.065 0.054 0.225 0.183 0.472 
378    (0)   :  0.024 0.189 0.552 0.115 0.120 
379    (0)   :  0.036 0.027 0.087 0.050 0.800 
380    (0)   :  0.034 0.093 0.049 0.164 0.660 
381    (0)   :  0.023 0.076 0.043 0.134 0.724 
382    (0)   :  0.034 0.039 0.306 0.062 0.560 
383    (0)   :  0.050 0.105 0.047 0.077 0.722 
384    (0)   :  0.213 0.088 0.134 0.077 0.488 
385    (0)   :  0.679 0.085 0.077 0.050 0.109 
386    (0)   :  0.022 0.034 0.282 0.077 0.585 
387    (0)   :  0.040 0.045 0.235 0.076 0.603 
388    (0)   :  0.175 0.234 0.209 0.116 0.266 
389    (0)   :  0.336 0.037 0.110 0.426 0.092 
390    (0)   :  0.027 0.036 0.346 0.170 0.420 
391    (0)   :  0.189 0.068 0.304 0.252 0.186 
392    (0)   :  0.029 0.076 0.100 0.105 0.690 
393    (0)   :  0.020 0.062 0.054 0.102 0.761 
394    (0)   :  0.025 0.246 0.250 0.143 0.336 
395    (0)   :  0.017 0.039 0.192 0.364 0.388 
396    (0)   :  0.033 0.026 0.335 0.075 0.531 
397    (0)   :  0.181 0.097 0.098 0.330 0.294 
398    (0)   :  0.026 0.028 0.150 0.049 0.747 
399    (0)   :  0.023 0.037 0.549 0.143 0.249 
400    (0)   :  0.028 0.053 0.248 0.069 0.603 
401    (0)   :  0.020 0.061 0.532 0.144 0.243 
402    (0)   :  0.074 0.052 0.222 0.374 0.278 
403    (0)   :  0.120 0.348 0.165 0.156 0.211 
404    (0)   :  0.045 0.081 0.201 0.187 0.486 
405    (0)   :  0.031 0.066 0.129 0.241 0.533 
406    (0)   :  0.013 0.091 0.054 0.443 0.399 
407    (0)   :  0.018 0.026 0.073 0.055 0.828 
408    (0)   :  0.015 0.024 0.648 0.222 0.091 
409    (0)   :  0.020 0.278 0.102 0.294 0.306 
410    (0)   :  0.068 0.080 0.177 0.087 0.588 
411    (0)   :  0.027 0.152 0.102 0.159 0.560 
412    (0)   :  0.063 0.042 0.552 0.102 0.240 
413    (0)   :  0.027 0.161 0.433 0.162 0.216 
414    (0)   :  0.101 0.030 0.538 0.091 0.240 
415    (0)   :  0.018 0.039 0.084 0.122 0.737 
416    (0)   :  0.050 0.059 0.158 0.155 0.578 
417    (0)   :  0.018 0.033 0.111 0.062 0.775 
418    (0)   :  0.029 0.031 0.538 0.057 0.346 
419    (0)   :  0.067 0.170 0.257 0.203 0.304 
420    (0)   :  0.014 0.034 0.423 0.229 0.300 
421    (0)   :  0.022 0.040 0.260 0.094 0.584 
422    (0)   :  0.034 0.038 0.086 0.409 0.432 
423    (0)   :  0.028 0.051 0.129 0.142 0.650 
424    (0)   :  0.031 0.060 0.606 0.133 0.170 
425    (0)   :  0.496 0.059 0.110 0.082 0.253 
426    (0)   :  0.151 0.075 0.453 0.082 0.240 
427    (0)   :  0.016 0.115 0.137 0.067 0.666 
428    (0)   :  0.068 0.122 0.082 0.260 0.469 
429    (0)   :  0.015 0.025 0.195 0.047 0.718 
430    (0)   :  0.018 0.032 0.096 0.066 0.788 
431    (0)   :  0.071 0.062 0.444 0.150 0.272 
432    (0)   :  0.064 0.052 0.557 0.132 0.195 
433    (0)   :  0.106 0.244 0.301 0.243 0.106 
434    (0)   :  0.074 0.100 0.141 0.196 0.489 
435    (0)   :  0.016 0.027 0.116 0.056 0.785 
436    (0)   :  0.014 0.049 0.109 0.054 0.774 
437    (0)   :  0.024 0.031 0.079 0.056 0.809 
438    (0)   :  0.015 0.061 0.246 0.174 0.504 
439    (0)   :  0.015 0.038 0.073 0.042 0.831 
440    (0)   :  0.014 0.022 0.084 0.051 0.829 
441    (0)   :  0.025 0.084 0.132 0.073 0.686 
442    (0)   :  0.033 0.031 0.181 0.082 0.672 
443    (0)   :  0.017 0.027 0.414 0.151 0.391 
444    (0)   :  0.029 0.031 0.124 0.085 0.732 
445    (0)   :  0.028 0.124 0.089 0.153 0.606 
446    (0)   :  0.027 0.033 0.239 0.042 0.659 
447    (0)   :  0.043 0.065 0.105 0.123 0.664 
448    (0)   :  0.024 0.032 0.128 0.080 0.737 
449    (0)   :  0.029 0.054 0.114 0.104 0.699 
450    (0)   :  0.042 0.060 0.104 0.044 0.750 
451    (0)   :  0.033 0.023 0.678 0.088 0.179 
452    (0)   :  0.023 0.047 0.089 0.050 0.790 
453    (0)   :  0.022 0.055 0.258 0.499 0.166 
454    (0)   :  0.023 0.065 0.117 0.082 0.713 
455    (0)   :  0.014 0.031 0.167 0.083 0.705 
456    (0)   :  0.019 0.028 0.112 0.148 0.693 
457    (0)   :  0.021 0.034 0.064 0.054 0.826 
458    (0)   :  0.027 0.037 0.083 0.046 0.806 
459    (0)   :  0.015 0.101 0.342 0.069 0.472 
460    (0)   :  0.014 0.031 0.280 0.048 0.627 
461    (0)   :  0.018 0.032 0.537 0.037 0.377 
462    (0)   :  0.038 0.022 0.170 0.095 0.674 
463    (0)   :  0.014 0.046 0.105 0.388 0.447 
464    (0)   :  0.014 0.028 0.285 0.088 0.585 
465    (0)   :  0.022 0.039 0.573 0.081 0.284 
466    (0)   :  0.015 0.030 0.325 0.221 0.409 
467    (0)   :  0.019 0.054 0.160 0.108 0.659 
468    (0)   :  0.015 0.027 0.055 0.079 0.824 
469    (0)   :  0.014 0.032 0.056 0.040 0.858 
470    (0)   :  0.014 0.029 0.128 0.046 0.783 
471    (0)   :  0.044 0.031 0.150 0.351 0.424 
472    (0)   :  0.035 0.037 0.221 0.138 0.569 
473    (0)   :  0.032 0.057 0.134 0.142 0.635 
474    (0)   :  0.019 0.043 0.084 0.085 0.770 
475    (0)   :  0.021 0.064 0.479 0.099 0.337 
476    (0)   :  0.015 0.035 0.080 0.058 0.812 
477    (0)   :  0.041 0.058 0.601 0.084 0.216 
478    (0)   :  0.030 0.028 0.761 0.043 0.139 
479    (0)   :  0.017 0.027 0.137 0.046 0.773 
480    (0)   :  0.015 0.031 0.064 0.045 0.846 
481    (0)   :  0.095 0.032 0.122 0.198 0.553 
482    (0)   :  0.014 0.027 0.129 0.040 0.790 
483    (0)   :  0.017 0.041 0.148 0.053 0.740 
484    (0)   :  0.021 0.038 0.135 0.177 0.630 
485    (0)   :  0.014 0.031 0.126 0.058 0.771 
486    (0)   :  0.397 0.043 0.165 0.228 0.168 
487    (0)   :  0.557 0.089 0.090 0.124 0.141 
488    (0)   :  0.517 0.063 0.201 0.125 0.094 
489    (0)   :  0.330 0.113 0.068 0.331 0.158 
490    (0)   :  0.094 0.032 0.482 0.158 0.235 
491    (0)   :  0.443 0.092 0.085 0.282 0.098 
492    (0)   :  0.059 0.225 0.324 0.292 0.099 
493    (0)   :  0.693 0.041 0.076 0.107 0.082 
494    (0)   :  0.467 0.074 0.082 0.213 0.164 
495    (0)   :  0.273 0.139 0.342 0.127 0.118 
496    (0)   :  0.035 0.276 0.176 0.390 0.125 
497    (0)   :  0.761 0.060 0.051 0.068 0.060 
498    (0)   :  0.320 0.063 0.251 0.225 0.142 
499    (0)   :  0.558 0.146 0.067 0.125 0.104 
500    (0)   :  0.435 0.049 0.074 0.177 0.264 
501    (0)   :  0.108 0.186 0.188 0.215 0.303 
502    (0)   :  0.167 0.230 0.314 0.130 0.160 
503    (0)   :  0.092 0.038 0.130 0.139 0.601 
504    (0)   :  0.108 0.045 0.626 0.127 0.094 
505    (0)   :  0.160 0.067 0.098 0.579 0.095 
506    (0)   :  0.158 0.166 0.289 0.224 0.163 
507    (0)   :  0.038 0.528 0.048 0.319 0.068 
508    (0)   :  0.202 0.435 0.062 0.244 0.057 
509    (0)   :  0.114 0.129 0.097 0.562 0.099 
510    (0)   :  0.267 0.223 0.114 0.155 0.242 
511    (0)   :  0.066 0.048 0.121 0.193 0.572 
512    (0)   :  0.078 0.031 0.135 0.092 0.663 
513    (0)   :  0.484 0.054 0.220 0.199 0.043 
514    (0)   :  0.046 0.068 0.595 0.160 0.130 
515    (0)   :  0.057 0.138 0.088 0.222 0.496 
516    (0)   :  0.047 0.056 0.533 0.275 0.089 
517    (0)   :  0.028 0.131 0.187 0.339 0.315 
518    (0)   :  0.229 0.215 0.080 0.213 0.263 
519    (0)   :  0.032 0.067 0.667 0.115 0.120 
520    (0)   :  0.023 0.211 0.058 0.422 0.286 
521    (0)   :  0.021 0.337 0.289 0.242 0.111 
522    (0)   :  0.041 0.044 0.085 0.315 0.515 
523    (0)   :  0.028 0.129 0.169 0.550 0.125 
524    (0)   :  0.031 0.081 0.103 0.231 0.554 
525    (0)   :  0.109 0.201 0.071 0.232 0.387 
526    (0)   :  0.014 0.054 0.058 0.439 0.435 
527    (0)   :  0.437 0.045 0.177 0.087 0.255 
528    (0)   :  0.020 0.441 0.098 0.360 0.082 
529    (0)   :  0.184 0.119 0.176 0.359 0.161 
530    (0)   :  0.055 0.077 0.073 0.198 0.598 
531    (0)   :  0.032 0.385 0.091 0.184 0.307 
532    (0)   :  0.342 0.203 0.123 0.161 0.171 
533    (0)   :  0.111 0.064 0.084 0.302 0.440 
534    (0)   :  0.210 0.084 0.146 0.486 0.073 
535    (0)   :  0.016 0.056 0.253 0.423 0.254 
536    (0)   :  0.022 0.131 0.116 0.414 0.317 
537    (0)   :  0.020 0.148 0.073 0.668 0.092 
538    (0)   :  0.017 0.098 0.077 0.697 0.111 
539    (0)   :  0.020 0.509 0.050 0.351 0.070 
540    (0)   :  0.029 0.182 0.088 0.507 0.194 
541    (0)   :  0.027 0.479 0.117 0.210 0.168 
542    (0)   :  0.024 0.044 0.061 0.531 0.340 
543    (0)   :  0.020 0.141 0.251 0.496 0.092 
544    (0)   :  0.018 0.057 0.077 0.687 0.161 
545    (0)   :  0.017 0.034 0.120 0.525 0.303 
546    (0)   :  0.034 0.096 0.080 0.634 0.155 
547    (0)   :  0.015 0.106 0.107 0.669 0.102 
548    (0)   :  0.037 0.141 0.085 0.655 0.082 
549    (0)   :  0.017 0.405 0.066 0.253 0.259 
550    (0)   :  0.017 0.065 0.106 0.410 0.403 
551    (0)   :  0.021 0.574 0.100 0.172 0.132 
552    (0)   :  0.020 0.087 0.051 0.737 0.104 
553    (0)   :  0.016 0.124 0.129 0.668 0.063 
554    (0)   :  0.039 0.137 0.224 0.239 0.361 
555    (0)   :  0.041 0.166 0.074 0.635 0.084 
556    (0)   :  0.018 0.070 0.082 0.721 0.109 
557    (0)   :  0.015 0.099 0.218 0.243 0.425 
558    (0)   :  0.014 0.029 0.125 0.035 0.796 
559    (0)   :  0.040 0.043 0.521 0.256 0.140 
560    (0)   :  0.016 0.022 0.480 0.059 0.424 
561    (0)   :  0.039 0.029 0.339 0.125 0.468 
562    (0)   :  0.041 0.021 0.495 0.155 0.287 
563    (0)   :  0.029 0.135 0.602 0.091 0.142 
564    (0)   :  0.048 0.047 0.234 0.512 0.159 
565    (0)   :  0.020 0.032 0.069 0.049 0.830 
566    (0)   :  0.020 0.023 0.587 0.059 0.312 
567    (0)   :  0.092 0.030 0.319 0.441 0.118 
568    (0)   :  0.019 0.045 0.490 0.193 0.253 
569    (0)   :  0.031 0.046 0.241 0.236 0.446 
570    (0)   :  0.019 0.024 0.126 0.047 0.784 
571    (0)   :  0.021 0.036 0.736 0.077 0.130 
572    (0)   :  0.027 0.093 0.070 0.612 0.197 
573    (0)   :  0.066 0.048 0.240 0.392 0.254 
574    (0)   :  0.047 0.112 0.104 0.123 0.613 
575    (0)   :  0.018 0.079 0.555 0.144 0.203 
576    (0)   :  0.044 0.023 0.633 0.050 0.250 
577    (0)   :  0.055 0.102 0.173 0.109 0.560 
578    (0)   :  0.026 0.038 0.544 0.095 0.296 
579    (0)   :  0.069 0.034 0.299 0.156 0.442 
580    (0)   :  0.032 0.061 0.133 0.082 0.692 
581    (0)   :  0.022 0.046 0.248 0.068 0.617 
582    (0)   :  0.014 0.025 0.206 0.073 0.682 
583    (0)   :  0.062 0.037 0.623 0.068 0.209 
584    (0)   :  0.044 0.027 0.647 0.052 0.229 
585    (0)   :  0.032 0.032 0.431 0.078 0.427 
586    (0)   :  0.021 0.041 0.711 0.118 0.108 
587    (0)   :  0.035 0.024 0.208 0.170 0.563 
588    (0)   :  0.067 0.030 0.073 0.781 0.049 
589    (0)   :  0.021 0.027 0.108 0.115 0.730 
590    (0)   :  0.071 0.032 0.666 0.111 0.120 
591    (0)   :  0.029 0.038 0.720 0.078 0.135 
592    (0)   :  0.017 0.028 0.386 0.307 0.263 
593    (0)   :  0.024 0.058 0.349 0.177 0.393 
594    (0)   :  0.202 0.075 0.511 0.091 0.121 
595    (0)   :  0.341 0.024 0.151 0.078 0.406 
596    (0)   :  0.039 0.045 0.162 0.526 0.228 
597    (0)   :  0.020 0.171 0.611 0.127 0.071 
598    (0)   :  0.016 0.026 0.088 0.039 0.831 
599    (0)   :  0.017 0.023 0.558 0.117 0.285 
600    (0)   :  0.031 0.066 0.116 0.128 0.658 
601    (0)   :  0.017 0.024 0.311 0.097 0.550 
602    (0)   :  0.237 0.107 0.205 0.286 0.164 
603    (0)   :  0.099 0.105 0.350 0.298 0.149 
604    (0)   :  0.108 0.088 0.104 0.132 0.568 
605    (0)   :  0.048 0.045 0.305 0.220 0.382 
606    (0)   :  0.040 0.113 0.186 0.406 0.255 
607    (0)   :  0.108 0.230 0.103 0.177 0.382 
608    (0)   :  0.032 0.423 0.136 0.109 0.300 
609    (0)   :  0.064 0.057 0.167 0.106 0.605 
610    (0)   :  0.031 0.043 0.088 0.165 0.673 
611    (0)   :  0.079 0.119 0.315 0.312 0.175 
612    (0)   :  0.022 0.035 0.062 0.065 0.816 
613    (0)   :  0.150 0.054 0.151 0.238 0.408 
614    (0)   :  0.057 0.032 0.049 0.096 0.766 
615    (0)   :  0.029 0.058 0.056 0.111 0.747 
616    (0)   :  0.068 0.164 0.143 0.180 0.445 
617    (0)   :  0.215 0.036 0.116 0.127 0.506 
618    (0)   :  0.135 0.119 0.054 0.140 0.553 
619    (0)   :  0.020 0.095 0.232 0.364 0.290 
620    (0)   :  0.017 0.022 0.433 0.353 0.175 
621    (0)   :  0.115 0.038 0.491 0.056 0.300 
622    (0)   :  0.195 0.086 0.076 0.232 0.412 
623    (0)   :  0.051 0.038 0.408 0.241 0.262 
624    (0)   :  0.030 0.125 0.074 0.068 0.703 
625    (0)   :  0.102 0.126 0.166 0.084 0.522 
626    (0)   :  0.030 0.291 0.055 0.257 0.367 
627    (0)   :  0.061 0.052 0.333 0.225 0.329 
628    (0)   :  0.155 0.053 0.285 0.275 0.232 
629    (0)   :  0.131 0.065 0.249 0.219 0.335 
630    (0)   :  0.054 0.048 0.119 0.101 0.679 
631    (0)   :  0.047 0.054 0.121 0.145 0.633 
632    (0)   :  0.049 0.154 0.077 0.559 0.161 
633    (0)   :  0.089 0.104 0.107 0.109 0.592 
634    (0)   :  0.061 0.135 0.173 0.311 0.320 
635    (0)   :  0.044 0.401 0.083 0.226 0.245 
636    (0)   :  0.039 0.217 0.128 0.097 0.520 
637    (0)   :  0.040 0.066 0.108 0.545 0.242 
638    (0)   :  0.165 0.100 0.255 0.197 0.283 
639    (0)   :  0.135 0.083 0.079 0.147 0.555 
640    (0)   :  0.097 0.052 0.548 0.065 0.238 
641    (0)   :  0.219 0.066 0.141 0.171 0.403 
642    (0)   :  0.027 0.401 0.123 0.284 0.165 
643    (0)   :  0.016 0.737 0.081 0.079 0.086 
644    (0)   :  0.048 0.539 0.160 0.156 0.097 
645    (0)   :  0.073 0.424 0.038 0.118 0.347 
646    (0)   :  0.068 0.099 0.236 0.396 0.202 
647    (0)   :  0.073 0.314 0.290 0.205 0.117 
648    (0)   :  0.313 0.201 0.063 0.278 0.145 
649    (0)   :  0.036 0.105 0.148 0.634 0.077 
650    (0)   :  0.046 0.130 0.316 0.401 0.106 
651    (0)   :  0.378 0.298 0.122 0.116 0.086 
652    (0)   :  0.040 0.571 0.112 0.163 0.115 
653    (0)   :  0.242 0.303 0.066 0.249 0.140 
654    (0)   :  0.063 0.275 0.076 0.468 0.118 
655    (0)   :  0.019 0.507 0.252 0.101 0.121 
656    (0)   :  0.207 0.173 0.087 0.387 0.146 
657    (0)   :  0.212 0.169 0.113 0.111 0.395 
658    (0)   :  0.025 0.196 0.369 0.213 0.197 
659    (0)   :  0.104 0.422 0.085 0.247 0.142 
660    (0)   :  0.027 0.430 0.096 0.363 0.084 
661    (0)   :  0.025 0.489 0.063 0.300 0.123 
662    (0)   :  0.033 0.072 0.142 0.691 0.063 
663    (0)   :  0.032 0.368 0.106 0.371 0.124 
664    (0)   :  0.023 0.209 0.393 0.116 0.260 
665    (0)   :  0.036 0.084 0.103 0.697 0.080 
666    (0)   :  0.022 0.321 0.102 0.426 0.129 
667    (0)   :  0.375 0.083 0.234 0.161 0.147 
668    (0)   :  0.028 0.414 0.125 0.226 0.206 
669    (0)   :  0.110 0.178 0.108 0.482 0.122 
670    (0)   :  0.018 0.735 0.051 0.140 0.057 
671    (0)   :  0.021 0.538 0.091 0.269 0.080 
672    (0)   :  0.013 0.651 0.130 0.099 0.107 
673    (0)   :  0.018 0.848 0.036 0.045 0.052 
674    (0)   :  0.034 0.590 0.055 0.202 0.120 
675    (0)   :  0.026 0.780 0.081 0.062 0.051 
676    (0)   :  0.016 0.848 0.035 0.050 0.051 
677    (0)   :  0.015 0.443 0.041 0.449 0.053 
678    (0)   :  0.019 0.847 0.042 0.041 0.051 
679    (0)   :  0.039 0.721 0.056 0.070 0.115 
680    (0)   :  0.041 0.750 0.039 0.081 0.089 
681    (0)   :  0.074 0.217 0.060 0.381 0.268 
682    (0)   :  0.018 0.781 0.041 0.068 0.091 
683    (0)   :  0.017 0.760 0.049 0.120 0.054 
684    (0)   :  0.018 0.839 0.043 0.048 0.053 
685    (0)   :  0.015 0.849 0.035 0.054 0.047 
686    (0)   :  0.021 0.456 0.053 0.374 0.095 
687    (0)   :  0.019 0.498 0.080 0.335 0.069 
688    (0)   :  0.017 0.773 0.059 0.084 0.066 
689    (0)   :  0.018 0.848 0.033 0.052 0.049 
690    (0)   :  0.015 0.849 0.035 0.050 0.050 
691    (0)   :  0.035 0.692 0.053 0.115 0.105 
692    (0)   :  0.027 0.787 0.059 0.057 0.071 
693    (0)   :  0.016 0.780 0.069 0.058 0.078 
694    (0)   :  0.014 0.852 0.033 0.057 0.044 
695    (0)   :  0.014 0.786 0.042 0.090 0.068 
696    (0)   :  0.017 0.773 0.060 0.082 0.067 
697    (0)   :  0.018 0.820 0.034 0.074 0.054 
698    (0)   :  0.016 0.837 0.037 0.059 0.052 
699    (0)   :  0.013 0.590 0.041 0.290 0.065 
700    (0)   :  0.016 0.702 0.061 0.115 0.106 
701    (0)   :  0.055 0.687 0.056 0.110 0.092 
702    (0)   :  0.019 0.623 0.072 0.159 0.126 
703    (0)   :  0.019 0.753 0.042 0.091 0.095 
704    (0)   :  0.015 0.746 0.055 0.121 0.063 
705    (0)   :  0.049 0.341 0.064 0.415 0.131 
706    (0)   :  0.021 0.751 0.038 0.105 0.085 
707    (0)   :  0.021 0.794 0.036 0.093 0.056 
708    (0)   :  0.026 0.818 0.036 0.070 0.050 
709    (0)   :  0.013 0.783 0.039 0.108 0.057 
710    (0)   :  0.014 0.851 0.033 0.055 0.046 
711    (0)   :  0.022 0.629 0.039 0.222 0.087 
712    (0)   :  0.019 0.633 0.034 0.267 0.046 
713    (0)   :  0.016 0.774 0.057 0.093 0.060 
714    (0)   :  0.082 0.643 0.055 0.110 0.111 
715    (0)   :  0.013 0.774 0.033 0.133 0.047 
716    (0)   :  0.017 0.787 0.038 0.081 0.077 
717    (0)   :  0.013 0.837 0.033 0.070 0.047 
718    (0)   :  0.052 0.635 0.043 0.187 0.084 
719    (0)   :  0.013 0.803 0.039 0.098 0.046 
720    (0)   :  0.072 0.040 0.419 0.125 0.345 
721    (0)   :  0.043 0.482 0.066 0.151 0.258 
722    (0)   :  0.040 0.066 0.111 0.145 0.639 
723    (0)   :  0.063 0.059 0.088 0.087 0.703 
724    (0)   :  0.032 0.170 0.072 0.102 0.624 
725    (0)   :  0.076 0.212 0.230 0.229 0.252 
726    (0)   :  0.035 0.103 0.084 0.212 0.565 
727    (0)   :  0.047 0.158 0.100 0.456 0.239 
728    (0)   :  0.022 0.023 0.050 0.046 0.859 
729    (0)   :  0.020 0.025 0.059 0.049 0.848 
730    (0)   :  0.098 0.041 0.221 0.097 0.544 
731    (0)   :  0.026 0.053 0.080 0.066 0.775 
732    (0)   :  0.068 0.059 0.090 0.085 0.697 
733    (0)   :  0.030 0.035 0.072 0.047 0.815 
734    (0)   :  0.021 0.024 0.114 0.047 0.794 
735    (0)   :  0.029 0.043 0.052 0.044 0.832 
736    (0)   :  0.027 0.047 0.202 0.065 0.658 
737    (0)   :  0.074 0.048 0.149 0.145 0.584 
738    (0)   :  0.113 0.041 0.124 0.076 0.645 
739    (0)   :  0.025 0.033 0.073 0.045 0.825 
740    (0)   :  0.211 0.575 0.056 0.090 0.069 
741    (0)   :  0.162 0.473 0.092 0.149 0.124 
742    (0)   :  0.031 0.139 0.648 0.045 0.137 
743    (0)   :  0.190 0.090 0.373 0.146 0.202 
744    (0)   :  0.041 0.071 0.347 0.443 0.099 
745    (0)   :  0.067 0.031 0.665 0.105 0.132 
746    (0)   :  0.059 0.200 0.284 0.188 0.268 
747    (0)   :  0.048 0.063 0.522 0.213 0.154 
748    (0)   :  0.024 0.429 0.324 0.115 0.107 
749    (0)   :  0.086 0.112 0.340 0.329 0.132 
750    (0)   :  0.109 0.074 0.396 0.275 0.146 
751    (0)   :  0.027 0.438 0.277 0.134 0.123 
752    (0)   :  0.046 0.081 0.419 0.240 0.214 
753    (0)   :  0.110 0.164 0.188 0.234 0.304 
754    (0)   :  0.243 0.406 0.127 0.088 0.135 
755    (0)   :  0.238 0.172 0.256 0.140 0.193 
756    (0)   :  0.023 0.205 0.578 0.129 0.065 
757    (0)   :  0.032 0.124 0.597 0.115 0.132 
758    (0)   :  0.106 0.032 0.703 0.085 0.074 
759    (0)   :  0.107 0.405 0.089 0.158 0.241 
760    (0)   :  0.294 0.102 0.263 0.088 0.253 
761    (0)   :  0.078 0.237 0.075 0.156 0.454 
762    (0)   :  0.145 0.055 0.323 0.053 0.425 
763    (0)   :  0.110 0.164 0.188 0.233 0.305 
764    (0)   :  0.119 0.084 0.543 0.115 0.139 
765    (0)   :  0.217 0.056 0.199 0.150 0.378 
766    (0)   :  0.061 0.285 0.432 0.101 0.121 
767    (0)   :  0.027 0.261 0.418 0.134 0.161 
768    (0)   :  0.160 0.055 0.294 0.054 0.437 
769    (0)   :  0.049 0.251 0.142 0.081 0.477 
770    (0)   :  0.039 0.050 0.398 0.069 0.443 
771    (0)   :  0.101 0.092 0.140 0.592 0.075 
772    (0)   :  0.068 0.270 0.358 0.144 0.160 
773    (0)   :  0.196 0.079 0.490 0.125 0.109 
774    (0)   :  0.103 0.382 0.114 0.225 0.174 
775    (0)   :  0.037 0.098 0.168 0.058 0.638 
776    (0)   :  0.021 0.045 0.754 0.077 0.102 
777    (0)   :  0.039 0.092 0.293 0.354 0.222 
778    (0)   :  0.033 0.126 0.223 0.475 0.142 
779    (0)   :  0.196 0.120 0.498 0.094 0.093 
780    (0)   :  0.047 0.429 0.271 0.120 0.132 
781    (0)   :  0.061 0.093 0.076 0.701 0.069 
782    (0)   :  0.189 0.119 0.505 0.093 0.095 
783    (0)   :  0.043 0.241 0.447 0.088 0.182 
784    (0)   :  0.044 0.087 0.530 0.081 0.258 
785    (0)   :  0.161 0.175 0.415 0.100 0.149 
786    (0)   :  0.040 0.426 0.298 0.089 0.147 
787    (0)   :  0.033 0.333 0.279 0.284 0.071 
788    (0)   :  0.158 0.093 0.463 0.106 0.180 
789    (0)   :  0.043 0.100 0.552 0.064 0.241 
790    (0)   :  0.186 0.272 0.213 0.098 0.232 
791    (0)   :  0.025 0.131 0.586 0.105 0.153 
792    (0)   :  0.127 0.358 0.164 0.278 0.073 
793    (0)   :  0.028 0.252 0.077 0.412 0.231 
794    (0)   :  0.049 0.156 0.389 0.187 0.219 
795    (0)   :  0.032 0.469 0.082 0.190 0.227 
796    (0)   :  0.023 0.154 0.641 0.092 0.091 
797    (0)   :  0.023 0.459 0.071 0.312 0.135 
798    (0)   :  0.017 0.027 0.118 0.163 0.675 
799    (0)   :  0.059 0.070 0.601 0.121 0.150 
800    (0)   :  0.023 0.401 0.165 0.354 0.057 
801    (0)   :  0.017 0.052 0.125 0.150 0.656 
802    (0)   :  0.025 0.188 0.107 0.267 0.413 
803    (0)   :  0.077 0.289 0.112 0.317 0.205 
804    (0)   :  0.067 0.102 0.163 0.430 0.239 
805    (0)   :  0.016 0.760 0.070 0.079 0.074 
806    (0)   :  0.061 0.109 0.085 0.295 0.451 
807    (0)   :  0.024 0.487 0.047 0.349 0.094 
808    (0)   :  0.022 0.268 0.083 0.532 0.096 
809    (0)   :  0.014 0.053 0.086 0.526 0.321 
810    (0)   :  0.084 0.167 0.186 0.212 0.351 
