

----------------------------------------------------
STRUCTURE by Pritchard, Stephens and Donnelly (2000)
     and Falush, Stephens and Pritchard (2003)
       Code by Pritchard, Falush and Hubisz
             Version 2.3.4 (Jul 2012)
----------------------------------------------------



Command line arguments:   ./structure -K 9 -D 109018 -m brooktrout/mainparams -e brooktrout/extraparams -o brooktrout/250914_output/results_K9_rep18 
Input File:    brooktrout/brooktrout.txt

Run parameters:
   8454 individuals
   5 loci
   9 populations assumed
   50000 Burn-in period
   100000 Reps
RANDOMIZE turned off


--------------------------------------------
Overall proportion of membership of the
sample in each of the 9 clusters

Inferred Clusters
  1      2      3      4      5      6      7      8      9    
0.010  0.011  0.025  0.089  0.129  0.150  0.185  0.192  0.208  

--------------------------------------------

Allele-freq. divergence among pops (Net nucleotide distance),
computed using point estimates of P.

      1       2       3       4       5       6       7       8       9      
 1      -    0.1384  0.1432  0.1518  0.1482  0.1008  0.1135  0.1040  0.1285  
 2   0.1384     -    0.2154  0.1839  0.1900  0.1830  0.1787  0.1842  0.1490  
 3   0.1432  0.2154     -    0.1839  0.1465  0.1793  0.1921  0.1391  0.2153  
 4   0.1518  0.1839  0.1839     -    0.0958  0.1209  0.1779  0.1176  0.1272  
 5   0.1482  0.1900  0.1465  0.0958     -    0.1678  0.1502  0.1410  0.1324  
 6   0.1008  0.1830  0.1793  0.1209  0.1678     -    0.0873  0.0876  0.1656  
 7   0.1135  0.1787  0.1921  0.1779  0.1502  0.0873     -    0.0824  0.1663  
 8   0.1040  0.1842  0.1391  0.1176  0.1410  0.0876  0.0824     -    0.1845  
 9   0.1285  0.1490  0.2153  0.1272  0.1324  0.1656  0.1663  0.1845     -    

Average distances (expected heterozygosity) between individuals in same cluster:
cluster  1  : 0.8233 
cluster  2  : 0.7483 
cluster  3  : 0.7449 
cluster  4  : 0.7264 
cluster  5  : 0.7600 
cluster  6  : 0.7342 
cluster  7  : 0.7291 
cluster  8  : 0.7706 
cluster  9  : 0.6946 

--------------------------------------------
Estimated Ln Prob of Data   = -198983.9
Mean value of ln likelihood = -172154.3
Variance of ln likelihood   = 53659.4

Mean value of alpha_1       = 0.0454
Mean value of alpha_2       = 0.0506
Mean value of alpha_3       = 0.1109
Mean value of alpha_4       = 0.4093
Mean value of alpha_5       = 0.5971
Mean value of alpha_6       = 0.6940
Mean value of alpha_7       = 0.8585
Mean value of alpha_8       = 0.8780
Mean value of alpha_9       = 0.9158
Allele frequencies uncorrelated


Inferred ancestry of individuals:
     (%Miss) :  Inferred clusters
  1    (0)   :  0.007 0.011 0.014 0.044 0.125 0.161 0.273 0.119 0.246 
  2    (0)   :  0.005 0.004 0.017 0.349 0.084 0.153 0.096 0.182 0.110 
  3    (0)   :  0.007 0.005 0.009 0.055 0.147 0.259 0.193 0.123 0.202 
  4    (0)   :  0.014 0.018 0.014 0.059 0.115 0.109 0.118 0.143 0.411 
  5    (0)   :  0.006 0.008 0.022 0.163 0.100 0.250 0.106 0.224 0.119 
  6    (0)   :  0.006 0.005 0.009 0.056 0.062 0.436 0.133 0.169 0.123 
  7    (0)   :  0.007 0.005 0.012 0.038 0.060 0.191 0.186 0.396 0.106 
  8    (0)   :  0.019 0.135 0.012 0.056 0.084 0.188 0.146 0.144 0.215 
  9    (0)   :  0.009 0.005 0.021 0.178 0.093 0.205 0.164 0.158 0.168 
 10    (0)   :  0.008 0.110 0.013 0.056 0.060 0.235 0.183 0.189 0.147 
 11    (0)   :  0.005 0.005 0.017 0.042 0.058 0.135 0.347 0.291 0.101 
 12    (0)   :  0.006 0.004 0.015 0.131 0.096 0.235 0.094 0.242 0.178 
 13    (0)   :  0.007 0.005 0.018 0.081 0.099 0.247 0.130 0.246 0.168 
 14    (0)   :  0.005 0.016 0.011 0.137 0.208 0.186 0.168 0.111 0.158 
 15    (0)   :  0.006 0.006 0.013 0.083 0.114 0.141 0.174 0.187 0.277 
 16    (0)   :  0.005 0.005 0.016 0.043 0.095 0.242 0.314 0.149 0.130 
 17    (0)   :  0.009 0.005 0.017 0.061 0.126 0.374 0.109 0.143 0.157 
 18    (0)   :  0.010 0.006 0.012 0.216 0.087 0.178 0.219 0.100 0.174 
 19    (0)   :  0.005 0.004 0.011 0.077 0.062 0.390 0.133 0.173 0.144 
 20    (0)   :  0.005 0.005 0.015 0.088 0.100 0.171 0.173 0.270 0.174 
 21    (0)   :  0.005 0.010 0.011 0.106 0.165 0.133 0.212 0.119 0.239 
 22    (0)   :  0.007 0.005 0.012 0.052 0.092 0.385 0.143 0.130 0.174 
 23    (0)   :  0.010 0.013 0.030 0.121 0.191 0.130 0.130 0.117 0.257 
 24    (0)   :  0.005 0.005 0.015 0.054 0.101 0.160 0.269 0.129 0.262 
 25    (0)   :  0.006 0.006 0.013 0.070 0.076 0.333 0.140 0.269 0.087 
 26    (0)   :  0.008 0.004 0.012 0.082 0.091 0.257 0.164 0.150 0.232 
 27    (0)   :  0.007 0.005 0.016 0.054 0.148 0.268 0.187 0.149 0.166 
 28    (0)   :  0.006 0.045 0.012 0.079 0.077 0.136 0.215 0.149 0.281 
 29    (0)   :  0.004 0.004 0.020 0.090 0.126 0.147 0.155 0.309 0.144 
 30    (0)   :  0.005 0.004 0.013 0.069 0.115 0.328 0.199 0.123 0.143 
 31    (0)   :  0.012 0.118 0.017 0.069 0.141 0.162 0.131 0.230 0.120 
 32    (0)   :  0.005 0.010 0.010 0.116 0.092 0.287 0.125 0.124 0.230 
 33    (0)   :  0.005 0.004 0.012 0.066 0.122 0.160 0.245 0.174 0.211 
 34    (0)   :  0.007 0.111 0.027 0.042 0.058 0.237 0.157 0.255 0.105 
 35    (0)   :  0.011 0.004 0.031 0.078 0.268 0.249 0.117 0.133 0.108 
 36    (0)   :  0.005 0.007 0.011 0.057 0.278 0.083 0.357 0.099 0.103 
 37    (0)   :  0.008 0.005 0.011 0.126 0.167 0.163 0.131 0.159 0.230 
 38    (0)   :  0.006 0.004 0.026 0.067 0.106 0.094 0.445 0.163 0.088 
 39    (0)   :  0.008 0.005 0.024 0.066 0.161 0.128 0.284 0.196 0.128 
 40    (0)   :  0.004 0.005 0.013 0.071 0.398 0.154 0.138 0.090 0.127 
 41    (0)   :  0.007 0.007 0.028 0.043 0.335 0.120 0.227 0.148 0.087 
 42    (0)   :  0.005 0.005 0.019 0.038 0.209 0.065 0.269 0.100 0.289 
 43    (0)   :  0.008 0.009 0.015 0.075 0.379 0.123 0.102 0.154 0.136 
 44    (0)   :  0.007 0.004 0.013 0.061 0.429 0.181 0.095 0.127 0.082 
 45    (0)   :  0.006 0.004 0.025 0.114 0.215 0.085 0.304 0.158 0.090 
 46    (0)   :  0.010 0.004 0.015 0.062 0.192 0.272 0.144 0.182 0.119 
 47    (0)   :  0.017 0.011 0.025 0.107 0.132 0.293 0.112 0.151 0.152 
 48    (0)   :  0.008 0.004 0.016 0.069 0.448 0.187 0.087 0.094 0.087 
 49    (0)   :  0.010 0.005 0.038 0.070 0.228 0.141 0.227 0.146 0.136 
 50    (0)   :  0.011 0.041 0.018 0.066 0.108 0.261 0.151 0.231 0.113 
 51    (0)   :  0.004 0.006 0.013 0.050 0.472 0.062 0.223 0.089 0.082 
 52    (0)   :  0.010 0.004 0.027 0.040 0.175 0.133 0.274 0.190 0.146 
 53    (0)   :  0.007 0.015 0.016 0.053 0.119 0.143 0.391 0.135 0.122 
 54    (0)   :  0.009 0.005 0.024 0.171 0.214 0.163 0.087 0.169 0.158 
 55    (0)   :  0.007 0.004 0.015 0.099 0.418 0.124 0.090 0.128 0.114 
 56    (0)   :  0.006 0.004 0.026 0.101 0.275 0.188 0.159 0.096 0.145 
 57    (0)   :  0.016 0.013 0.021 0.051 0.070 0.281 0.133 0.152 0.262 
 58    (0)   :  0.006 0.005 0.026 0.080 0.296 0.098 0.214 0.150 0.124 
 59    (0)   :  0.006 0.004 0.050 0.076 0.190 0.102 0.298 0.144 0.129 
 60    (0)   :  0.005 0.011 0.011 0.063 0.386 0.087 0.177 0.103 0.157 
 61    (0)   :  0.004 0.005 0.014 0.202 0.337 0.067 0.088 0.127 0.157 
 62    (0)   :  0.014 0.004 0.083 0.122 0.106 0.188 0.158 0.167 0.157 
 63    (0)   :  0.004 0.005 0.013 0.105 0.199 0.096 0.197 0.204 0.177 
 64    (0)   :  0.007 0.004 0.019 0.105 0.089 0.271 0.257 0.146 0.103 
 65    (0)   :  0.006 0.005 0.016 0.106 0.085 0.154 0.123 0.416 0.089 
 66    (0)   :  0.005 0.011 0.014 0.213 0.133 0.090 0.128 0.203 0.202 
 67    (0)   :  0.006 0.005 0.014 0.147 0.355 0.120 0.087 0.166 0.100 
 68    (0)   :  0.007 0.005 0.041 0.063 0.202 0.087 0.319 0.130 0.146 
 69    (0)   :  0.006 0.241 0.038 0.058 0.079 0.104 0.278 0.111 0.086 
 70    (0)   :  0.005 0.010 0.013 0.051 0.288 0.073 0.272 0.157 0.132 
 71    (0)   :  0.006 0.007 0.045 0.088 0.249 0.098 0.276 0.153 0.078 
 72    (0)   :  0.006 0.007 0.010 0.060 0.202 0.177 0.318 0.128 0.093 
 73    (0)   :  0.006 0.007 0.052 0.173 0.258 0.094 0.141 0.179 0.090 
 74    (0)   :  0.005 0.004 0.011 0.059 0.237 0.087 0.340 0.094 0.162 
 75    (0)   :  0.006 0.009 0.015 0.081 0.297 0.079 0.255 0.081 0.176 
 76    (0)   :  0.006 0.005 0.011 0.081 0.280 0.114 0.132 0.258 0.114 
 77    (0)   :  0.005 0.004 0.029 0.069 0.219 0.083 0.298 0.200 0.093 
 78    (0)   :  0.006 0.005 0.032 0.067 0.190 0.086 0.362 0.157 0.096 
 79    (0)   :  0.005 0.005 0.013 0.089 0.063 0.162 0.216 0.326 0.122 
 80    (0)   :  0.005 0.005 0.011 0.102 0.069 0.084 0.122 0.162 0.441 
 81    (0)   :  0.005 0.006 0.009 0.114 0.055 0.092 0.155 0.209 0.355 
 82    (0)   :  0.005 0.005 0.024 0.088 0.206 0.108 0.144 0.227 0.192 
 83    (0)   :  0.005 0.006 0.009 0.110 0.093 0.103 0.229 0.188 0.256 
 84    (0)   :  0.005 0.006 0.010 0.084 0.066 0.105 0.219 0.254 0.250 
 85    (0)   :  0.005 0.006 0.010 0.087 0.081 0.145 0.244 0.139 0.282 
 86    (0)   :  0.007 0.005 0.019 0.140 0.197 0.184 0.126 0.202 0.119 
 87    (0)   :  0.005 0.012 0.012 0.080 0.097 0.097 0.226 0.346 0.125 
 88    (0)   :  0.005 0.005 0.011 0.087 0.090 0.090 0.157 0.255 0.299 
 89    (0)   :  0.006 0.014 0.010 0.176 0.073 0.087 0.153 0.188 0.291 
 90    (0)   :  0.005 0.005 0.012 0.096 0.068 0.092 0.163 0.416 0.144 
 91    (0)   :  0.005 0.006 0.009 0.071 0.087 0.098 0.200 0.123 0.401 
 92    (0)   :  0.005 0.005 0.013 0.096 0.086 0.132 0.192 0.292 0.178 
 93    (0)   :  0.005 0.030 0.011 0.063 0.075 0.084 0.121 0.105 0.506 
 94    (0)   :  0.005 0.006 0.010 0.045 0.077 0.080 0.357 0.308 0.111 
 95    (0)   :  0.005 0.005 0.011 0.087 0.070 0.069 0.139 0.369 0.246 
 96    (0)   :  0.005 0.006 0.014 0.118 0.333 0.067 0.100 0.134 0.224 
 97    (0)   :  0.006 0.005 0.014 0.109 0.208 0.086 0.292 0.091 0.189 
 98    (0)   :  0.004 0.005 0.016 0.105 0.264 0.148 0.168 0.158 0.133 
 99    (0)   :  0.005 0.006 0.010 0.117 0.058 0.096 0.187 0.292 0.230 
100    (0)   :  0.005 0.005 0.013 0.183 0.096 0.077 0.083 0.098 0.439 
101    (0)   :  0.007 0.046 0.013 0.108 0.129 0.099 0.193 0.262 0.143 
102    (0)   :  0.006 0.007 0.022 0.066 0.145 0.082 0.173 0.182 0.318 
103    (0)   :  0.005 0.022 0.012 0.367 0.069 0.079 0.105 0.212 0.130 
104    (0)   :  0.005 0.011 0.011 0.066 0.070 0.091 0.110 0.496 0.141 
105    (0)   :  0.006 0.028 0.030 0.124 0.085 0.084 0.097 0.378 0.168 
106    (0)   :  0.005 0.004 0.010 0.052 0.073 0.116 0.233 0.434 0.072 
107    (0)   :  0.006 0.015 0.018 0.209 0.083 0.090 0.103 0.328 0.148 
108    (0)   :  0.004 0.007 0.010 0.228 0.221 0.115 0.183 0.129 0.104 
109    (0)   :  0.007 0.009 0.129 0.066 0.093 0.116 0.238 0.269 0.074 
110    (0)   :  0.005 0.007 0.013 0.050 0.061 0.105 0.263 0.420 0.076 
111    (0)   :  0.007 0.007 0.026 0.082 0.071 0.086 0.095 0.519 0.109 
112    (0)   :  0.005 0.005 0.190 0.044 0.092 0.076 0.181 0.327 0.081 
113    (0)   :  0.006 0.008 0.014 0.233 0.127 0.139 0.177 0.170 0.126 
114    (0)   :  0.005 0.013 0.021 0.076 0.066 0.084 0.113 0.457 0.166 
115    (0)   :  0.006 0.005 0.025 0.056 0.196 0.112 0.107 0.372 0.120 
116    (0)   :  0.007 0.004 0.018 0.054 0.174 0.106 0.268 0.294 0.075 
117    (0)   :  0.007 0.010 0.037 0.047 0.082 0.111 0.241 0.371 0.095 
118    (0)   :  0.005 0.005 0.027 0.201 0.111 0.111 0.100 0.329 0.110 
119    (0)   :  0.004 0.006 0.010 0.087 0.281 0.069 0.144 0.164 0.233 
120    (0)   :  0.006 0.007 0.039 0.084 0.146 0.107 0.127 0.350 0.135 
121    (0)   :  0.014 0.011 0.064 0.060 0.208 0.102 0.141 0.315 0.085 
122    (0)   :  0.004 0.009 0.020 0.077 0.070 0.117 0.242 0.369 0.092 
123    (0)   :  0.005 0.008 0.015 0.092 0.090 0.094 0.173 0.401 0.121 
124    (0)   :  0.008 0.005 0.033 0.111 0.127 0.137 0.230 0.256 0.093 
125    (0)   :  0.006 0.006 0.038 0.049 0.094 0.153 0.383 0.172 0.099 
126    (0)   :  0.004 0.005 0.010 0.064 0.166 0.077 0.273 0.272 0.129 
127    (0)   :  0.005 0.005 0.020 0.093 0.081 0.075 0.091 0.518 0.112 
128    (0)   :  0.005 0.004 0.024 0.213 0.116 0.108 0.100 0.321 0.109 
129    (0)   :  0.007 0.017 0.016 0.223 0.082 0.090 0.094 0.392 0.079 
130    (0)   :  0.006 0.014 0.034 0.114 0.061 0.092 0.121 0.400 0.157 
131    (0)   :  0.011 0.016 0.038 0.072 0.120 0.108 0.319 0.241 0.074 
132    (0)   :  0.005 0.009 0.014 0.155 0.076 0.103 0.201 0.361 0.076 
133    (0)   :  0.009 0.012 0.015 0.184 0.098 0.096 0.111 0.352 0.122 
134    (0)   :  0.004 0.004 0.018 0.054 0.053 0.088 0.190 0.523 0.065 
135    (0)   :  0.007 0.005 0.025 0.071 0.231 0.069 0.127 0.085 0.381 
136    (0)   :  0.006 0.011 0.015 0.060 0.076 0.158 0.096 0.078 0.500 
137    (0)   :  0.005 0.011 0.033 0.046 0.064 0.082 0.102 0.111 0.546 
138    (0)   :  0.005 0.006 0.010 0.047 0.080 0.078 0.120 0.076 0.578 
139    (0)   :  0.005 0.010 0.014 0.275 0.143 0.104 0.127 0.091 0.233 
140    (0)   :  0.005 0.016 0.012 0.067 0.141 0.083 0.203 0.135 0.338 
141    (0)   :  0.006 0.049 0.016 0.073 0.088 0.178 0.148 0.082 0.360 
142    (0)   :  0.006 0.016 0.023 0.092 0.261 0.068 0.115 0.086 0.333 
143    (0)   :  0.004 0.005 0.010 0.049 0.068 0.068 0.083 0.074 0.639 
144    (0)   :  0.005 0.006 0.033 0.047 0.068 0.072 0.090 0.109 0.571 
145    (0)   :  0.007 0.011 0.020 0.076 0.125 0.197 0.153 0.082 0.330 
146    (0)   :  0.008 0.011 0.012 0.049 0.089 0.116 0.198 0.145 0.372 
147    (0)   :  0.005 0.009 0.010 0.044 0.060 0.080 0.090 0.075 0.627 
148    (0)   :  0.006 0.055 0.020 0.080 0.136 0.143 0.108 0.120 0.332 
149    (0)   :  0.005 0.206 0.014 0.077 0.172 0.084 0.145 0.077 0.221 
150    (0)   :  0.006 0.013 0.036 0.074 0.083 0.096 0.122 0.159 0.411 
151    (0)   :  0.005 0.005 0.011 0.063 0.083 0.075 0.108 0.105 0.546 
152    (0)   :  0.006 0.017 0.019 0.067 0.170 0.162 0.119 0.094 0.347 
153    (0)   :  0.005 0.013 0.011 0.045 0.123 0.081 0.168 0.093 0.460 
154    (0)   :  0.006 0.278 0.014 0.074 0.138 0.142 0.096 0.078 0.174 
155    (0)   :  0.005 0.006 0.009 0.058 0.069 0.073 0.092 0.105 0.583 
156    (0)   :  0.004 0.005 0.014 0.060 0.182 0.061 0.091 0.105 0.478 
157    (0)   :  0.005 0.011 0.009 0.053 0.058 0.070 0.140 0.159 0.495 
158    (0)   :  0.007 0.011 0.020 0.059 0.108 0.185 0.166 0.080 0.365 
159    (0)   :  0.006 0.115 0.013 0.059 0.063 0.080 0.091 0.076 0.497 
160    (0)   :  0.008 0.115 0.013 0.074 0.067 0.082 0.092 0.078 0.471 
161    (0)   :  0.005 0.010 0.012 0.060 0.105 0.089 0.207 0.103 0.409 
162    (0)   :  0.010 0.011 0.013 0.064 0.100 0.132 0.184 0.149 0.337 
163    (0)   :  0.005 0.005 0.009 0.048 0.104 0.066 0.093 0.094 0.576 
164    (0)   :  0.009 0.180 0.011 0.087 0.088 0.097 0.137 0.147 0.244 
165    (0)   :  0.006 0.005 0.035 0.056 0.080 0.077 0.115 0.152 0.472 
166    (0)   :  0.005 0.169 0.009 0.093 0.107 0.073 0.162 0.142 0.240 
167    (0)   :  0.009 0.359 0.010 0.037 0.060 0.168 0.087 0.099 0.170 
168    (0)   :  0.005 0.006 0.010 0.051 0.104 0.083 0.193 0.082 0.466 
169    (0)   :  0.008 0.010 0.020 0.050 0.093 0.174 0.288 0.077 0.280 
170    (0)   :  0.005 0.005 0.011 0.097 0.189 0.075 0.112 0.111 0.395 
171    (0)   :  0.005 0.009 0.011 0.080 0.115 0.126 0.153 0.100 0.401 
172    (0)   :  0.006 0.032 0.017 0.061 0.185 0.079 0.263 0.074 0.284 
173    (0)   :  0.006 0.010 0.012 0.092 0.071 0.083 0.085 0.080 0.561 
174    (0)   :  0.006 0.010 0.010 0.062 0.060 0.084 0.116 0.104 0.549 
175    (0)   :  0.005 0.006 0.011 0.052 0.096 0.148 0.083 0.077 0.522 
176    (0)   :  0.005 0.006 0.032 0.047 0.068 0.072 0.091 0.111 0.569 
177    (0)   :  0.005 0.011 0.011 0.052 0.071 0.078 0.237 0.146 0.389 
178    (0)   :  0.006 0.013 0.010 0.069 0.062 0.175 0.111 0.108 0.447 
179    (0)   :  0.005 0.028 0.009 0.066 0.059 0.083 0.087 0.079 0.585 
180    (0)   :  0.008 0.035 0.014 0.044 0.104 0.124 0.164 0.108 0.398 
181    (0)   :  0.006 0.010 0.016 0.093 0.139 0.097 0.150 0.082 0.405 
182    (0)   :  0.007 0.006 0.014 0.087 0.123 0.073 0.087 0.078 0.525 
183    (0)   :  0.005 0.009 0.010 0.068 0.074 0.087 0.089 0.080 0.578 
184    (0)   :  0.006 0.004 0.012 0.402 0.082 0.186 0.086 0.118 0.104 
185    (0)   :  0.004 0.005 0.013 0.055 0.188 0.063 0.071 0.068 0.532 
186    (0)   :  0.006 0.004 0.010 0.333 0.085 0.145 0.103 0.212 0.102 
187    (0)   :  0.004 0.006 0.009 0.341 0.077 0.117 0.081 0.115 0.251 
188    (0)   :  0.005 0.004 0.010 0.452 0.074 0.129 0.083 0.162 0.081 
189    (0)   :  0.005 0.005 0.009 0.118 0.133 0.194 0.181 0.099 0.256 
190    (0)   :  0.004 0.004 0.015 0.152 0.391 0.057 0.069 0.077 0.232 
191    (0)   :  0.004 0.004 0.013 0.494 0.065 0.108 0.086 0.113 0.112 
192    (0)   :  0.004 0.004 0.010 0.293 0.068 0.115 0.100 0.157 0.249 
193    (0)   :  0.005 0.005 0.018 0.189 0.129 0.157 0.119 0.141 0.237 
194    (0)   :  0.005 0.006 0.010 0.191 0.158 0.108 0.113 0.150 0.259 
195    (0)   :  0.004 0.005 0.009 0.338 0.145 0.070 0.075 0.077 0.276 
196    (0)   :  0.004 0.005 0.015 0.274 0.227 0.076 0.084 0.112 0.204 
197    (0)   :  0.005 0.006 0.011 0.151 0.108 0.229 0.098 0.183 0.209 
198    (0)   :  0.004 0.005 0.010 0.122 0.135 0.159 0.189 0.184 0.191 
199    (0)   :  0.005 0.004 0.016 0.134 0.367 0.082 0.103 0.111 0.178 
200    (0)   :  0.004 0.005 0.021 0.240 0.221 0.115 0.104 0.098 0.192 
201    (0)   :  0.004 0.005 0.009 0.242 0.096 0.087 0.073 0.093 0.391 
202    (0)   :  0.004 0.005 0.013 0.083 0.228 0.073 0.077 0.109 0.409 
203    (0)   :  0.004 0.005 0.012 0.309 0.080 0.075 0.068 0.082 0.365 
204    (0)   :  0.004 0.005 0.011 0.491 0.129 0.064 0.074 0.079 0.144 
205    (0)   :  0.004 0.005 0.011 0.386 0.153 0.092 0.101 0.113 0.135 
206    (0)   :  0.005 0.005 0.009 0.480 0.091 0.082 0.070 0.083 0.175 
207    (0)   :  0.004 0.004 0.018 0.392 0.168 0.078 0.073 0.129 0.134 
208    (0)   :  0.004 0.005 0.011 0.342 0.118 0.079 0.075 0.106 0.259 
209    (0)   :  0.004 0.005 0.018 0.337 0.113 0.124 0.094 0.132 0.174 
210    (0)   :  0.004 0.004 0.010 0.487 0.083 0.074 0.079 0.102 0.158 
211    (0)   :  0.006 0.004 0.038 0.098 0.285 0.087 0.069 0.171 0.242 
212    (0)   :  0.004 0.005 0.012 0.095 0.162 0.116 0.098 0.089 0.420 
213    (0)   :  0.004 0.005 0.013 0.152 0.251 0.071 0.163 0.172 0.169 
214    (0)   :  0.004 0.004 0.014 0.180 0.120 0.087 0.075 0.090 0.427 
215    (0)   :  0.004 0.004 0.015 0.471 0.107 0.086 0.084 0.124 0.104 
216    (0)   :  0.006 0.004 0.012 0.267 0.112 0.227 0.102 0.136 0.136 
217    (0)   :  0.004 0.005 0.011 0.238 0.128 0.098 0.080 0.087 0.349 
218    (0)   :  0.004 0.005 0.011 0.468 0.077 0.083 0.097 0.116 0.140 
219    (0)   :  0.007 0.006 0.009 0.166 0.096 0.226 0.109 0.112 0.270 
220    (0)   :  0.004 0.004 0.010 0.560 0.074 0.071 0.072 0.096 0.108 
221    (0)   :  0.004 0.004 0.013 0.085 0.255 0.066 0.076 0.073 0.423 
222    (0)   :  0.006 0.005 0.010 0.201 0.096 0.267 0.101 0.138 0.177 
223    (0)   :  0.004 0.006 0.009 0.197 0.093 0.142 0.099 0.122 0.326 
224    (0)   :  0.005 0.006 0.010 0.353 0.080 0.085 0.071 0.084 0.306 
225    (0)   :  0.004 0.005 0.011 0.391 0.151 0.086 0.091 0.100 0.162 
226    (0)   :  0.006 0.005 0.013 0.304 0.090 0.145 0.161 0.109 0.167 
227    (0)   :  0.004 0.007 0.012 0.180 0.267 0.077 0.074 0.128 0.252 
228    (0)   :  0.004 0.005 0.014 0.259 0.241 0.067 0.070 0.072 0.268 
229    (0)   :  0.004 0.005 0.010 0.388 0.060 0.084 0.070 0.089 0.290 
230    (0)   :  0.004 0.004 0.011 0.458 0.067 0.073 0.070 0.085 0.227 
231    (0)   :  0.004 0.005 0.011 0.356 0.066 0.130 0.084 0.095 0.249 
232    (0)   :  0.005 0.005 0.013 0.152 0.171 0.084 0.187 0.126 0.257 
233    (0)   :  0.004 0.005 0.012 0.175 0.084 0.087 0.073 0.090 0.469 
234    (0)   :  0.004 0.005 0.011 0.238 0.078 0.171 0.117 0.155 0.222 
235    (0)   :  0.005 0.005 0.011 0.206 0.136 0.124 0.109 0.120 0.285 
236    (0)   :  0.004 0.004 0.012 0.238 0.086 0.118 0.087 0.106 0.344 
237    (0)   :  0.004 0.004 0.019 0.339 0.185 0.095 0.090 0.119 0.145 
238    (0)   :  0.004 0.004 0.011 0.158 0.111 0.093 0.090 0.122 0.406 
239    (0)   :  0.004 0.005 0.009 0.343 0.145 0.071 0.075 0.076 0.271 
240    (0)   :  0.004 0.004 0.011 0.159 0.114 0.092 0.089 0.123 0.403 
241    (0)   :  0.006 0.005 0.013 0.157 0.159 0.082 0.102 0.094 0.382 
242    (0)   :  0.005 0.005 0.010 0.369 0.107 0.124 0.116 0.088 0.176 
243    (0)   :  0.004 0.004 0.017 0.294 0.241 0.068 0.069 0.090 0.213 
244    (0)   :  0.004 0.004 0.012 0.378 0.078 0.075 0.070 0.082 0.297 
245    (0)   :  0.004 0.005 0.009 0.092 0.139 0.071 0.094 0.100 0.485 
246    (0)   :  0.004 0.005 0.011 0.241 0.128 0.098 0.080 0.086 0.347 
247    (0)   :  0.004 0.004 0.010 0.270 0.107 0.094 0.179 0.236 0.095 
248    (0)   :  0.004 0.004 0.015 0.360 0.142 0.100 0.086 0.177 0.112 
249    (0)   :  0.005 0.004 0.014 0.293 0.103 0.084 0.074 0.097 0.326 
250    (0)   :  0.004 0.004 0.012 0.349 0.071 0.109 0.085 0.112 0.254 
251    (0)   :  0.005 0.005 0.018 0.249 0.130 0.173 0.144 0.125 0.150 
252    (0)   :  0.004 0.005 0.009 0.322 0.132 0.103 0.094 0.106 0.225 
253    (0)   :  0.005 0.005 0.011 0.158 0.225 0.116 0.155 0.187 0.139 
254    (0)   :  0.005 0.005 0.010 0.267 0.101 0.215 0.083 0.125 0.190 
255    (0)   :  0.004 0.005 0.013 0.259 0.094 0.152 0.096 0.145 0.233 
256    (0)   :  0.005 0.005 0.014 0.263 0.156 0.094 0.092 0.101 0.271 
257    (0)   :  0.009 0.006 0.015 0.335 0.126 0.101 0.097 0.136 0.175 
258    (0)   :  0.004 0.005 0.014 0.160 0.225 0.114 0.127 0.180 0.171 
259    (0)   :  0.005 0.005 0.012 0.392 0.089 0.105 0.084 0.111 0.197 
260    (0)   :  0.005 0.005 0.010 0.134 0.075 0.236 0.085 0.122 0.330 
261    (0)   :  0.004 0.005 0.009 0.200 0.172 0.101 0.095 0.098 0.316 
262    (0)   :  0.004 0.005 0.012 0.181 0.283 0.069 0.080 0.074 0.291 
263    (0)   :  0.006 0.004 0.012 0.471 0.092 0.124 0.070 0.099 0.123 
264    (0)   :  0.007 0.004 0.012 0.163 0.110 0.350 0.115 0.151 0.088 
265    (0)   :  0.004 0.005 0.009 0.324 0.092 0.131 0.097 0.122 0.216 
266    (0)   :  0.004 0.004 0.012 0.099 0.201 0.067 0.076 0.074 0.462 
267    (0)   :  0.004 0.005 0.017 0.164 0.136 0.147 0.090 0.159 0.278 
268    (0)   :  0.004 0.004 0.015 0.276 0.224 0.074 0.084 0.112 0.206 
269    (0)   :  0.004 0.005 0.010 0.223 0.081 0.213 0.124 0.106 0.235 
270    (0)   :  0.006 0.009 0.013 0.315 0.101 0.180 0.106 0.142 0.129 
271    (0)   :  0.005 0.005 0.016 0.317 0.150 0.106 0.105 0.154 0.142 
272    (0)   :  0.006 0.005 0.018 0.310 0.133 0.117 0.147 0.118 0.145 
273    (0)   :  0.024 0.032 0.024 0.223 0.086 0.132 0.137 0.141 0.201 
274    (0)   :  0.005 0.005 0.012 0.322 0.099 0.139 0.125 0.133 0.162 
275    (0)   :  0.007 0.018 0.015 0.385 0.081 0.142 0.102 0.097 0.153 
276    (0)   :  0.006 0.005 0.023 0.226 0.208 0.112 0.141 0.137 0.143 
277    (0)   :  0.004 0.005 0.009 0.252 0.087 0.149 0.106 0.123 0.265 
278    (0)   :  0.004 0.004 0.016 0.394 0.149 0.089 0.087 0.120 0.136 
279    (0)   :  0.004 0.004 0.011 0.332 0.099 0.125 0.108 0.117 0.198 
280    (0)   :  0.004 0.005 0.011 0.251 0.123 0.155 0.150 0.101 0.201 
281    (0)   :  0.005 0.005 0.012 0.315 0.106 0.102 0.126 0.166 0.164 
282    (0)   :  0.004 0.005 0.010 0.158 0.071 0.134 0.089 0.111 0.418 
283    (0)   :  0.004 0.005 0.010 0.178 0.082 0.090 0.072 0.107 0.451 
284    (0)   :  0.004 0.010 0.015 0.214 0.109 0.117 0.106 0.158 0.268 
285    (0)   :  0.004 0.004 0.018 0.358 0.172 0.095 0.126 0.143 0.080 
286    (0)   :  0.004 0.004 0.012 0.379 0.078 0.075 0.070 0.082 0.295 
287    (0)   :  0.005 0.005 0.009 0.232 0.089 0.135 0.144 0.161 0.220 
288    (0)   :  0.005 0.005 0.012 0.462 0.073 0.106 0.116 0.101 0.120 
289    (0)   :  0.007 0.008 0.016 0.400 0.105 0.105 0.102 0.147 0.111 
290    (0)   :  0.006 0.004 0.026 0.188 0.220 0.152 0.124 0.106 0.174 
291    (0)   :  0.005 0.005 0.016 0.318 0.152 0.105 0.106 0.152 0.142 
292    (0)   :  0.004 0.005 0.010 0.155 0.227 0.123 0.157 0.091 0.228 
293    (0)   :  0.005 0.004 0.021 0.105 0.242 0.201 0.163 0.132 0.128 
294    (0)   :  0.006 0.005 0.011 0.440 0.138 0.120 0.078 0.094 0.108 
295    (0)   :  0.006 0.017 0.025 0.148 0.233 0.135 0.151 0.144 0.140 
296    (0)   :  0.004 0.004 0.015 0.460 0.107 0.072 0.091 0.123 0.124 
297    (0)   :  0.004 0.005 0.010 0.334 0.093 0.154 0.147 0.109 0.144 
298    (0)   :  0.004 0.005 0.009 0.259 0.061 0.129 0.087 0.123 0.322 
299    (0)   :  0.006 0.005 0.009 0.463 0.068 0.149 0.071 0.102 0.127 
300    (0)   :  0.004 0.004 0.012 0.504 0.101 0.078 0.112 0.086 0.098 
301    (0)   :  0.006 0.008 0.013 0.301 0.093 0.244 0.097 0.109 0.130 
302    (0)   :  0.007 0.009 0.016 0.348 0.208 0.122 0.082 0.093 0.114 
303    (0)   :  0.004 0.005 0.012 0.280 0.094 0.098 0.116 0.087 0.305 
304    (0)   :  0.006 0.009 0.012 0.081 0.062 0.222 0.101 0.153 0.354 
305    (0)   :  0.004 0.010 0.012 0.404 0.141 0.077 0.087 0.074 0.191 
306    (0)   :  0.005 0.005 0.010 0.194 0.120 0.120 0.100 0.095 0.351 
307    (0)   :  0.006 0.006 0.013 0.230 0.107 0.141 0.107 0.118 0.272 
308    (0)   :  0.004 0.005 0.009 0.204 0.171 0.101 0.095 0.098 0.313 
309    (0)   :  0.010 0.014 0.022 0.503 0.082 0.073 0.079 0.115 0.102 
310    (0)   :  0.004 0.004 0.013 0.317 0.165 0.078 0.073 0.088 0.257 
311    (0)   :  0.004 0.005 0.011 0.457 0.068 0.074 0.070 0.086 0.226 
312    (0)   :  0.004 0.004 0.012 0.532 0.093 0.064 0.074 0.108 0.109 
313    (0)   :  0.005 0.005 0.014 0.353 0.257 0.077 0.083 0.106 0.101 
314    (0)   :  0.005 0.045 0.013 0.049 0.116 0.072 0.091 0.073 0.535 
315    (0)   :  0.004 0.043 0.009 0.046 0.116 0.083 0.125 0.077 0.498 
316    (0)   :  0.007 0.124 0.011 0.050 0.069 0.096 0.140 0.084 0.418 
317    (0)   :  0.005 0.048 0.012 0.045 0.066 0.075 0.092 0.075 0.582 
318    (0)   :  0.005 0.124 0.010 0.045 0.050 0.082 0.094 0.076 0.514 
319    (0)   :  0.005 0.005 0.010 0.050 0.069 0.070 0.082 0.075 0.635 
320    (0)   :  0.005 0.047 0.013 0.049 0.117 0.072 0.090 0.073 0.534 
321    (0)   :  0.005 0.118 0.012 0.046 0.062 0.083 0.098 0.076 0.500 
322    (0)   :  0.007 0.039 0.013 0.055 0.108 0.088 0.134 0.084 0.471 
323    (0)   :  0.013 0.036 0.009 0.048 0.054 0.085 0.086 0.078 0.590 
324    (0)   :  0.005 0.117 0.012 0.045 0.062 0.084 0.098 0.077 0.500 
325    (0)   :  0.005 0.184 0.010 0.045 0.064 0.089 0.131 0.081 0.390 
326    (0)   :  0.006 0.391 0.009 0.046 0.061 0.082 0.118 0.082 0.204 
327    (0)   :  0.005 0.048 0.012 0.045 0.066 0.076 0.092 0.075 0.579 
328    (0)   :  0.005 0.040 0.010 0.053 0.094 0.088 0.138 0.083 0.490 
329    (0)   :  0.005 0.010 0.009 0.043 0.050 0.076 0.087 0.074 0.647 
330    (0)   :  0.005 0.048 0.012 0.046 0.066 0.075 0.091 0.076 0.580 
331    (0)   :  0.005 0.027 0.009 0.049 0.052 0.076 0.089 0.076 0.619 
332    (0)   :  0.007 0.380 0.009 0.046 0.061 0.087 0.118 0.082 0.210 
333    (0)   :  0.007 0.285 0.010 0.057 0.072 0.081 0.119 0.083 0.286 
334    (0)   :  0.005 0.044 0.010 0.053 0.093 0.088 0.138 0.083 0.487 
335    (0)   :  0.005 0.015 0.010 0.044 0.097 0.079 0.123 0.081 0.547 
336    (0)   :  0.007 0.329 0.010 0.050 0.085 0.082 0.091 0.074 0.273 
337    (0)   :  0.005 0.167 0.012 0.046 0.086 0.090 0.139 0.081 0.374 
338    (0)   :  0.005 0.341 0.009 0.047 0.050 0.083 0.093 0.077 0.295 
339    (0)   :  0.005 0.025 0.009 0.049 0.052 0.076 0.089 0.076 0.619 
340    (0)   :  0.005 0.010 0.009 0.049 0.055 0.068 0.081 0.074 0.650 
341    (0)   :  0.010 0.155 0.011 0.054 0.056 0.079 0.088 0.077 0.470 
342    (0)   :  0.005 0.046 0.013 0.045 0.065 0.075 0.091 0.076 0.583 
343    (0)   :  0.011 0.045 0.011 0.046 0.166 0.091 0.119 0.079 0.431 
344    (0)   :  0.005 0.026 0.009 0.042 0.049 0.078 0.087 0.074 0.630 
345    (0)   :  0.005 0.045 0.013 0.046 0.066 0.074 0.091 0.076 0.583 
346    (0)   :  0.005 0.051 0.011 0.045 0.053 0.073 0.088 0.075 0.598 
347    (0)   :  0.004 0.010 0.009 0.043 0.053 0.068 0.079 0.073 0.660 
348    (0)   :  0.004 0.014 0.010 0.047 0.175 0.074 0.112 0.076 0.488 
349    (0)   :  0.005 0.046 0.013 0.046 0.067 0.074 0.091 0.076 0.581 
350    (0)   :  0.004 0.009 0.009 0.054 0.088 0.076 0.088 0.073 0.600 
351    (0)   :  0.004 0.015 0.010 0.044 0.098 0.079 0.122 0.081 0.547 
352    (0)   :  0.005 0.073 0.013 0.047 0.097 0.084 0.133 0.082 0.467 
353    (0)   :  0.007 0.329 0.009 0.050 0.085 0.082 0.091 0.074 0.272 
354    (0)   :  0.008 0.047 0.011 0.050 0.053 0.082 0.092 0.077 0.580 
355    (0)   :  0.005 0.130 0.010 0.044 0.050 0.082 0.095 0.075 0.508 
356    (0)   :  0.004 0.006 0.010 0.046 0.180 0.073 0.111 0.076 0.493 
357    (0)   :  0.005 0.006 0.010 0.052 0.072 0.165 0.201 0.099 0.389 
358    (0)   :  0.005 0.256 0.009 0.045 0.065 0.086 0.123 0.081 0.332 
359    (0)   :  0.005 0.212 0.009 0.055 0.056 0.080 0.092 0.077 0.415 
360    (0)   :  0.005 0.049 0.011 0.045 0.054 0.074 0.088 0.075 0.599 
361    (0)   :  0.004 0.006 0.012 0.055 0.099 0.165 0.212 0.099 0.348 
362    (0)   :  0.005 0.012 0.011 0.197 0.080 0.112 0.326 0.147 0.109 
363    (0)   :  0.007 0.007 0.015 0.100 0.086 0.176 0.254 0.265 0.090 
364    (0)   :  0.010 0.009 0.021 0.058 0.105 0.301 0.113 0.151 0.233 
365    (0)   :  0.015 0.009 0.031 0.070 0.079 0.242 0.316 0.135 0.103 
366    (0)   :  0.006 0.007 0.018 0.100 0.201 0.231 0.175 0.107 0.156 
367    (0)   :  0.005 0.005 0.011 0.052 0.054 0.100 0.305 0.393 0.076 
368    (0)   :  0.005 0.005 0.013 0.115 0.070 0.144 0.163 0.364 0.122 
369    (0)   :  0.007 0.017 0.021 0.063 0.271 0.214 0.123 0.126 0.159 
370    (0)   :  0.011 0.016 0.022 0.157 0.081 0.150 0.127 0.319 0.117 
371    (0)   :  0.009 0.020 0.020 0.135 0.107 0.303 0.118 0.146 0.143 
372    (0)   :  0.037 0.024 0.039 0.235 0.091 0.100 0.122 0.216 0.136 
373    (0)   :  0.005 0.005 0.016 0.075 0.085 0.144 0.174 0.315 0.180 
374    (0)   :  0.007 0.007 0.030 0.089 0.084 0.170 0.216 0.157 0.240 
375    (0)   :  0.015 0.009 0.017 0.087 0.057 0.276 0.167 0.283 0.090 
376    (0)   :  0.108 0.006 0.013 0.040 0.058 0.205 0.329 0.155 0.085 
377    (0)   :  0.006 0.017 0.018 0.104 0.113 0.158 0.257 0.210 0.118 
378    (0)   :  0.005 0.015 0.015 0.071 0.078 0.078 0.168 0.350 0.219 
379    (0)   :  0.186 0.008 0.016 0.054 0.066 0.184 0.236 0.173 0.076 
380    (0)   :  0.010 0.011 0.016 0.072 0.104 0.169 0.335 0.097 0.186 
381    (0)   :  0.008 0.006 0.014 0.046 0.169 0.327 0.192 0.084 0.154 
382    (0)   :  0.005 0.009 0.011 0.061 0.055 0.332 0.187 0.240 0.100 
383    (0)   :  0.010 0.196 0.013 0.084 0.056 0.202 0.229 0.099 0.110 
384    (0)   :  0.039 0.059 0.021 0.064 0.058 0.308 0.152 0.155 0.143 
385    (0)   :  0.006 0.117 0.185 0.057 0.058 0.193 0.114 0.132 0.137 
386    (0)   :  0.004 0.005 0.011 0.069 0.069 0.163 0.341 0.244 0.094 
387    (0)   :  0.005 0.005 0.012 0.050 0.073 0.209 0.295 0.238 0.113 
388    (0)   :  0.015 0.013 0.033 0.080 0.060 0.202 0.188 0.186 0.224 
389    (0)   :  0.010 0.018 0.086 0.130 0.206 0.162 0.094 0.192 0.103 
390    (0)   :  0.020 0.018 0.022 0.060 0.127 0.100 0.345 0.223 0.086 
391    (0)   :  0.012 0.011 0.076 0.074 0.146 0.128 0.161 0.252 0.140 
392    (0)   :  0.006 0.005 0.010 0.066 0.081 0.176 0.291 0.182 0.182 
393    (0)   :  0.007 0.008 0.013 0.047 0.092 0.133 0.456 0.094 0.150 
394    (0)   :  0.005 0.015 0.010 0.073 0.074 0.101 0.280 0.201 0.242 
395    (0)   :  0.004 0.004 0.010 0.164 0.126 0.088 0.300 0.195 0.109 
396    (0)   :  0.005 0.004 0.011 0.064 0.062 0.234 0.174 0.366 0.080 
397    (0)   :  0.055 0.005 0.010 0.188 0.100 0.250 0.092 0.118 0.181 
398    (0)   :  0.041 0.005 0.010 0.042 0.062 0.089 0.454 0.215 0.083 
399    (0)   :  0.005 0.010 0.020 0.068 0.097 0.090 0.211 0.399 0.101 
400    (0)   :  0.006 0.004 0.014 0.043 0.082 0.204 0.259 0.259 0.129 
401    (0)   :  0.004 0.005 0.013 0.051 0.133 0.070 0.270 0.315 0.138 
402    (0)   :  0.006 0.006 0.015 0.063 0.149 0.178 0.173 0.271 0.139 
403    (0)   :  0.007 0.006 0.033 0.071 0.082 0.132 0.179 0.144 0.346 
404    (0)   :  0.007 0.004 0.021 0.127 0.074 0.239 0.186 0.180 0.162 
405    (0)   :  0.004 0.005 0.011 0.109 0.107 0.182 0.297 0.148 0.137 
406    (0)   :  0.004 0.005 0.011 0.079 0.178 0.096 0.346 0.099 0.182 
407    (0)   :  0.004 0.004 0.010 0.058 0.059 0.175 0.460 0.152 0.078 
408    (0)   :  0.004 0.004 0.011 0.075 0.186 0.067 0.143 0.437 0.073 
409    (0)   :  0.012 0.008 0.017 0.051 0.172 0.081 0.306 0.104 0.248 
410    (0)   :  0.081 0.009 0.016 0.062 0.087 0.119 0.289 0.205 0.133 
411    (0)   :  0.015 0.024 0.011 0.046 0.124 0.275 0.183 0.164 0.157 
412    (0)   :  0.005 0.005 0.012 0.111 0.068 0.168 0.190 0.329 0.112 
413    (0)   :  0.004 0.012 0.010 0.094 0.065 0.109 0.211 0.296 0.197 
414    (0)   :  0.004 0.009 0.019 0.144 0.056 0.214 0.132 0.345 0.077 
415    (0)   :  0.005 0.004 0.012 0.061 0.138 0.198 0.312 0.168 0.102 
416    (0)   :  0.006 0.005 0.032 0.065 0.134 0.142 0.264 0.206 0.145 
417    (0)   :  0.005 0.006 0.010 0.069 0.063 0.119 0.479 0.162 0.087 
418    (0)   :  0.006 0.004 0.010 0.062 0.053 0.158 0.180 0.435 0.092 
419    (0)   :  0.011 0.008 0.027 0.067 0.093 0.121 0.270 0.175 0.228 
420    (0)   :  0.004 0.004 0.012 0.049 0.216 0.071 0.262 0.295 0.087 
421    (0)   :  0.006 0.006 0.011 0.088 0.069 0.094 0.377 0.258 0.090 
422    (0)   :  0.006 0.005 0.013 0.150 0.147 0.092 0.347 0.137 0.103 
423    (0)   :  0.007 0.005 0.011 0.117 0.086 0.216 0.242 0.185 0.132 
424    (0)   :  0.008 0.007 0.031 0.046 0.151 0.105 0.245 0.273 0.135 
425    (0)   :  0.017 0.008 0.046 0.072 0.076 0.284 0.163 0.169 0.166 
426    (0)   :  0.028 0.034 0.035 0.060 0.084 0.150 0.215 0.256 0.138 
427    (0)   :  0.005 0.011 0.010 0.041 0.056 0.087 0.477 0.159 0.156 
428    (0)   :  0.020 0.006 0.013 0.080 0.113 0.084 0.382 0.108 0.193 
429    (0)   :  0.006 0.004 0.009 0.058 0.053 0.173 0.366 0.255 0.076 
430    (0)   :  0.005 0.005 0.011 0.070 0.060 0.111 0.519 0.135 0.084 
431    (0)   :  0.009 0.013 0.020 0.110 0.079 0.170 0.153 0.298 0.148 
432    (0)   :  0.005 0.005 0.012 0.081 0.082 0.130 0.197 0.358 0.130 
433    (0)   :  0.009 0.006 0.011 0.083 0.112 0.139 0.119 0.192 0.328 
434    (0)   :  0.005 0.005 0.015 0.109 0.113 0.248 0.203 0.146 0.155 
435    (0)   :  0.004 0.004 0.009 0.040 0.067 0.091 0.537 0.167 0.081 
436    (0)   :  0.007 0.005 0.012 0.030 0.089 0.113 0.467 0.165 0.113 
437    (0)   :  0.006 0.005 0.009 0.048 0.068 0.419 0.205 0.148 0.092 
438    (0)   :  0.005 0.006 0.012 0.045 0.148 0.068 0.448 0.154 0.114 
439    (0)   :  0.005 0.005 0.009 0.033 0.054 0.089 0.603 0.108 0.093 
440    (0)   :  0.004 0.004 0.010 0.046 0.065 0.141 0.482 0.175 0.071 
441    (0)   :  0.005 0.006 0.011 0.046 0.070 0.118 0.498 0.112 0.134 
442    (0)   :  0.006 0.004 0.029 0.049 0.096 0.200 0.278 0.249 0.090 
443    (0)   :  0.004 0.005 0.015 0.042 0.183 0.087 0.298 0.290 0.076 
444    (0)   :  0.006 0.004 0.026 0.046 0.112 0.210 0.307 0.201 0.088 
445    (0)   :  0.041 0.005 0.012 0.047 0.121 0.098 0.419 0.097 0.161 
446    (0)   :  0.050 0.006 0.011 0.033 0.053 0.081 0.472 0.209 0.087 
447    (0)   :  0.006 0.005 0.030 0.040 0.109 0.108 0.435 0.129 0.138 
448    (0)   :  0.004 0.005 0.011 0.048 0.076 0.161 0.426 0.177 0.092 
449    (0)   :  0.005 0.005 0.011 0.056 0.081 0.167 0.406 0.143 0.127 
450    (0)   :  0.007 0.005 0.013 0.037 0.049 0.316 0.282 0.150 0.140 
451    (0)   :  0.005 0.005 0.011 0.050 0.081 0.129 0.169 0.479 0.071 
452    (0)   :  0.005 0.005 0.011 0.043 0.055 0.188 0.388 0.166 0.139 
453    (0)   :  0.004 0.005 0.019 0.058 0.321 0.084 0.232 0.172 0.104 
454    (0)   :  0.004 0.012 0.010 0.059 0.075 0.168 0.409 0.135 0.128 
455    (0)   :  0.004 0.005 0.010 0.033 0.094 0.094 0.528 0.151 0.080 
456    (0)   :  0.005 0.004 0.013 0.042 0.187 0.139 0.370 0.160 0.080 
457    (0)   :  0.005 0.005 0.009 0.041 0.068 0.236 0.416 0.125 0.095 
458    (0)   :  0.042 0.005 0.011 0.041 0.059 0.103 0.516 0.129 0.093 
459    (0)   :  0.004 0.005 0.011 0.032 0.061 0.082 0.505 0.142 0.159 
460    (0)   :  0.004 0.005 0.010 0.034 0.059 0.085 0.533 0.188 0.081 
461    (0)   :  0.006 0.005 0.011 0.033 0.048 0.132 0.340 0.337 0.088 
462    (0)   :  0.007 0.005 0.052 0.085 0.090 0.174 0.355 0.166 0.066 
463    (0)   :  0.004 0.006 0.011 0.070 0.237 0.088 0.390 0.099 0.097 
464    (0)   :  0.004 0.004 0.009 0.035 0.111 0.080 0.445 0.231 0.079 
465    (0)   :  0.007 0.005 0.012 0.051 0.096 0.098 0.388 0.254 0.090 
466    (0)   :  0.004 0.004 0.010 0.052 0.182 0.082 0.373 0.213 0.080 
467    (0)   :  0.005 0.006 0.013 0.079 0.085 0.120 0.458 0.129 0.106 
468    (0)   :  0.005 0.005 0.010 0.037 0.118 0.167 0.472 0.108 0.079 
469    (0)   :  0.004 0.005 0.010 0.031 0.053 0.082 0.642 0.092 0.082 
470    (0)   :  0.004 0.005 0.009 0.035 0.059 0.079 0.553 0.176 0.083 
471    (0)   :  0.005 0.004 0.020 0.080 0.181 0.155 0.250 0.211 0.093 
472    (0)   :  0.006 0.005 0.014 0.047 0.133 0.172 0.366 0.171 0.087 
473    (0)   :  0.005 0.006 0.010 0.069 0.098 0.181 0.358 0.148 0.125 
474    (0)   :  0.005 0.005 0.011 0.046 0.098 0.175 0.371 0.157 0.131 
475    (0)   :  0.005 0.005 0.011 0.054 0.090 0.092 0.360 0.241 0.143 
476    (0)   :  0.007 0.005 0.011 0.037 0.096 0.259 0.359 0.137 0.090 
477    (0)   :  0.007 0.006 0.021 0.034 0.112 0.111 0.311 0.278 0.120 
478    (0)   :  0.007 0.006 0.022 0.032 0.063 0.083 0.277 0.429 0.081 
479    (0)   :  0.004 0.004 0.010 0.036 0.058 0.144 0.497 0.166 0.080 
480    (0)   :  0.005 0.005 0.009 0.038 0.061 0.216 0.452 0.124 0.090 
481    (0)   :  0.005 0.004 0.020 0.105 0.095 0.226 0.254 0.199 0.092 
482    (0)   :  0.005 0.004 0.009 0.037 0.053 0.165 0.452 0.193 0.081 
483    (0)   :  0.005 0.006 0.010 0.035 0.058 0.094 0.543 0.154 0.096 
484    (0)   :  0.005 0.005 0.015 0.056 0.146 0.080 0.490 0.115 0.088 
485    (0)   :  0.005 0.006 0.010 0.036 0.064 0.083 0.568 0.147 0.081 
486    (0)   :  0.009 0.006 0.032 0.094 0.238 0.197 0.107 0.205 0.112 
487    (0)   :  0.008 0.007 0.029 0.054 0.144 0.272 0.110 0.181 0.195 
488    (0)   :  0.008 0.007 0.062 0.072 0.107 0.167 0.109 0.287 0.183 
489    (0)   :  0.007 0.006 0.016 0.074 0.197 0.332 0.083 0.113 0.173 
490    (0)   :  0.005 0.005 0.017 0.049 0.180 0.176 0.136 0.352 0.081 
491    (0)   :  0.007 0.006 0.052 0.166 0.146 0.169 0.112 0.135 0.208 
492    (0)   :  0.005 0.007 0.037 0.055 0.136 0.099 0.109 0.252 0.300 
493    (0)   :  0.009 0.007 0.053 0.102 0.123 0.286 0.077 0.203 0.142 
494    (0)   :  0.022 0.005 0.040 0.089 0.159 0.222 0.120 0.152 0.191 
495    (0)   :  0.020 0.007 0.098 0.035 0.150 0.141 0.094 0.248 0.207 
496    (0)   :  0.005 0.006 0.010 0.094 0.173 0.118 0.144 0.136 0.313 
497    (0)   :  0.015 0.009 0.089 0.127 0.100 0.237 0.098 0.121 0.204 
498    (0)   :  0.009 0.006 0.054 0.065 0.189 0.208 0.115 0.233 0.122 
499    (0)   :  0.019 0.007 0.019 0.072 0.154 0.227 0.103 0.116 0.283 
500    (0)   :  0.010 0.005 0.015 0.113 0.114 0.377 0.103 0.125 0.138 
501    (0)   :  0.008 0.005 0.016 0.079 0.081 0.223 0.151 0.170 0.268 
502    (0)   :  0.006 0.005 0.028 0.053 0.063 0.132 0.144 0.262 0.306 
503    (0)   :  0.006 0.004 0.012 0.070 0.082 0.333 0.191 0.193 0.109 
504    (0)   :  0.007 0.005 0.072 0.046 0.145 0.111 0.137 0.362 0.115 
505    (0)   :  0.007 0.004 0.025 0.128 0.234 0.141 0.101 0.183 0.178 
506    (0)   :  0.005 0.005 0.034 0.089 0.101 0.121 0.113 0.268 0.264 
507    (0)   :  0.006 0.006 0.010 0.082 0.195 0.087 0.092 0.083 0.438 
508    (0)   :  0.012 0.008 0.017 0.056 0.219 0.090 0.077 0.102 0.420 
509    (0)   :  0.006 0.004 0.018 0.126 0.200 0.117 0.117 0.152 0.259 
510    (0)   :  0.011 0.004 0.014 0.056 0.091 0.286 0.087 0.140 0.311 
511    (0)   :  0.009 0.005 0.026 0.093 0.116 0.205 0.203 0.221 0.123 
512    (0)   :  0.006 0.004 0.017 0.073 0.066 0.326 0.179 0.239 0.091 
513    (0)   :  0.006 0.005 0.359 0.094 0.133 0.069 0.066 0.139 0.127 
514    (0)   :  0.007 0.009 0.013 0.076 0.096 0.097 0.144 0.404 0.154 
515    (0)   :  0.009 0.005 0.015 0.055 0.155 0.132 0.279 0.116 0.234 
516    (0)   :  0.007 0.005 0.016 0.075 0.191 0.093 0.121 0.358 0.134 
517    (0)   :  0.006 0.006 0.012 0.064 0.188 0.089 0.257 0.167 0.210 
518    (0)   :  0.047 0.006 0.012 0.140 0.072 0.277 0.097 0.123 0.227 
519    (0)   :  0.005 0.005 0.018 0.050 0.102 0.091 0.163 0.407 0.158 
520    (0)   :  0.006 0.006 0.011 0.065 0.204 0.090 0.263 0.090 0.265 
521    (0)   :  0.005 0.123 0.011 0.171 0.091 0.088 0.109 0.201 0.201 
522    (0)   :  0.015 0.006 0.014 0.050 0.221 0.264 0.160 0.144 0.125 
523    (0)   :  0.007 0.012 0.011 0.057 0.341 0.078 0.157 0.140 0.198 
524    (0)   :  0.006 0.006 0.010 0.069 0.128 0.098 0.373 0.140 0.170 
525    (0)   :  0.062 0.007 0.011 0.084 0.133 0.147 0.214 0.097 0.245 
