

----------------------------------------------------
STRUCTURE by Pritchard, Stephens and Donnelly (2000)
     and Falush, Stephens and Pritchard (2003)
       Code by Pritchard, Falush and Hubisz
             Version 2.3.4 (Jul 2012)
----------------------------------------------------



Command line arguments:   ./structure -K 5 -D 105012 -m brooktrout/mainparams -e brooktrout/extraparams -o brooktrout/250914_output/results_K5_rep12 
Input File:    brooktrout/brooktrout.txt

Run parameters:
   8454 individuals
   5 loci
   5 populations assumed
   50000 Burn-in period
   100000 Reps
RANDOMIZE turned off


--------------------------------------------
Overall proportion of membership of the
sample in each of the 5 clusters

Inferred Clusters
  1      2      3      4      5    
0.048  0.083  0.207  0.312  0.349  

--------------------------------------------

Allele-freq. divergence among pops (Net nucleotide distance),
computed using point estimates of P.

      1       2       3       4       5      
 1      -    0.1033  0.1434  0.0700  0.0819  
 2   0.1033     -    0.1030  0.0672  0.0941  
 3   0.1434  0.1030     -    0.0703  0.1164  
 4   0.0700  0.0672  0.0703     -    0.0407  
 5   0.0819  0.0941  0.1164  0.0407     -    

Average distances (expected heterozygosity) between individuals in same cluster:
cluster  1  : 0.8118 
cluster  2  : 0.8011 
cluster  3  : 0.7377 
cluster  4  : 0.8226 
cluster  5  : 0.8012 

--------------------------------------------
Estimated Ln Prob of Data   = -181104.5
Mean value of ln likelihood = -172594.7
Variance of ln likelihood   = 17019.5

Mean value of alpha_1       = 0.0605
Mean value of alpha_2       = 0.1042
Mean value of alpha_3       = 0.2622
Mean value of alpha_4       = 0.4036
Mean value of alpha_5       = 0.4490
Allele frequencies uncorrelated


Inferred ancestry of individuals:
     (%Miss) :  Inferred clusters
  1    (0)   :  0.030 0.081 0.321 0.179 0.389 
  2    (0)   :  0.017 0.019 0.049 0.801 0.114 
  3    (0)   :  0.008 0.078 0.183 0.195 0.536 
  4    (0)   :  0.011 0.050 0.592 0.198 0.149 
  5    (0)   :  0.024 0.022 0.050 0.752 0.151 
  6    (0)   :  0.009 0.018 0.065 0.151 0.758 
  7    (0)   :  0.016 0.015 0.048 0.198 0.723 
  8    (0)   :  0.013 0.036 0.360 0.208 0.383 
  9    (0)   :  0.037 0.040 0.101 0.465 0.358 
 10    (0)   :  0.023 0.016 0.188 0.277 0.497 
 11    (0)   :  0.036 0.017 0.053 0.173 0.720 
 12    (0)   :  0.018 0.024 0.081 0.701 0.176 
 13    (0)   :  0.024 0.025 0.095 0.389 0.467 
 14    (0)   :  0.011 0.100 0.128 0.528 0.233 
 15    (0)   :  0.011 0.036 0.197 0.512 0.244 
 16    (0)   :  0.023 0.033 0.093 0.139 0.712 
 17    (0)   :  0.024 0.040 0.091 0.448 0.396 
 18    (0)   :  0.013 0.032 0.115 0.419 0.421 
 19    (0)   :  0.015 0.018 0.082 0.330 0.555 
 20    (0)   :  0.017 0.044 0.084 0.494 0.362 
 21    (0)   :  0.015 0.075 0.253 0.430 0.228 
 22    (0)   :  0.013 0.025 0.122 0.176 0.664 
 23    (0)   :  0.044 0.199 0.246 0.353 0.158 
 24    (0)   :  0.019 0.041 0.283 0.214 0.443 
 25    (0)   :  0.014 0.022 0.041 0.345 0.578 
 26    (0)   :  0.015 0.034 0.166 0.463 0.323 
 27    (0)   :  0.028 0.060 0.140 0.287 0.484 
 28    (0)   :  0.019 0.025 0.342 0.237 0.376 
 29    (0)   :  0.035 0.042 0.076 0.548 0.299 
 30    (0)   :  0.018 0.040 0.097 0.165 0.680 
 31    (0)   :  0.022 0.049 0.160 0.396 0.373 
 32    (0)   :  0.012 0.043 0.181 0.458 0.306 
 33    (0)   :  0.019 0.102 0.183 0.203 0.493 
 34    (0)   :  0.081 0.020 0.091 0.148 0.661 
 35    (0)   :  0.067 0.129 0.074 0.401 0.329 
 36    (0)   :  0.011 0.524 0.068 0.119 0.278 
 37    (0)   :  0.012 0.045 0.188 0.588 0.167 
 38    (0)   :  0.042 0.107 0.044 0.111 0.696 
 39    (0)   :  0.053 0.091 0.075 0.227 0.554 
 40    (0)   :  0.017 0.449 0.181 0.140 0.213 
 41    (0)   :  0.064 0.446 0.051 0.093 0.345 
 42    (0)   :  0.027 0.342 0.330 0.111 0.189 
 43    (0)   :  0.022 0.357 0.121 0.345 0.156 
 44    (0)   :  0.020 0.514 0.044 0.145 0.278 
 45    (0)   :  0.038 0.262 0.050 0.283 0.367 
 46    (0)   :  0.018 0.070 0.059 0.351 0.502 
 47    (0)   :  0.043 0.039 0.102 0.420 0.395 
 48    (0)   :  0.024 0.539 0.048 0.140 0.248 
 49    (0)   :  0.095 0.123 0.092 0.346 0.345 
 50    (0)   :  0.026 0.043 0.110 0.219 0.601 
 51    (0)   :  0.010 0.798 0.035 0.067 0.090 
 52    (0)   :  0.051 0.102 0.103 0.199 0.545 
 53    (0)   :  0.018 0.053 0.098 0.103 0.728 
 54    (0)   :  0.026 0.062 0.113 0.671 0.129 
 55    (0)   :  0.016 0.302 0.071 0.488 0.123 
 56    (0)   :  0.056 0.250 0.106 0.248 0.340 
 57    (0)   :  0.029 0.017 0.204 0.426 0.323 
 58    (0)   :  0.042 0.235 0.101 0.353 0.269 
 59    (0)   :  0.120 0.225 0.075 0.204 0.375 
 60    (0)   :  0.010 0.535 0.140 0.149 0.166 
 61    (0)   :  0.018 0.274 0.143 0.479 0.086 
 62    (0)   :  0.182 0.028 0.073 0.414 0.303 
 63    (0)   :  0.023 0.183 0.138 0.398 0.258 
 64    (0)   :  0.034 0.030 0.054 0.238 0.644 
 65    (0)   :  0.032 0.027 0.036 0.615 0.290 
 66    (0)   :  0.012 0.042 0.123 0.709 0.114 
 67    (0)   :  0.022 0.245 0.059 0.536 0.138 
 68    (0)   :  0.066 0.235 0.098 0.234 0.367 
 69    (0)   :  0.270 0.117 0.130 0.091 0.392 
 70    (0)   :  0.012 0.567 0.076 0.139 0.207 
 71    (0)   :  0.065 0.415 0.036 0.190 0.293 
 72    (0)   :  0.014 0.141 0.060 0.220 0.566 
 73    (0)   :  0.096 0.182 0.050 0.495 0.177 
 74    (0)   :  0.013 0.379 0.153 0.135 0.320 
 75    (0)   :  0.013 0.524 0.158 0.165 0.139 
 76    (0)   :  0.012 0.195 0.072 0.486 0.234 
 77    (0)   :  0.076 0.413 0.047 0.148 0.316 
 78    (0)   :  0.079 0.378 0.051 0.103 0.389 
 79    (0)   :  0.017 0.014 0.057 0.354 0.558 
 80    (0)   :  0.014 0.017 0.543 0.216 0.211 
 81    (0)   :  0.010 0.013 0.363 0.314 0.300 
 82    (0)   :  0.024 0.055 0.117 0.653 0.151 
 83    (0)   :  0.008 0.031 0.286 0.267 0.408 
 84    (0)   :  0.010 0.019 0.203 0.447 0.321 
 85    (0)   :  0.008 0.027 0.314 0.310 0.340 
 86    (0)   :  0.027 0.065 0.062 0.629 0.218 
 87    (0)   :  0.012 0.030 0.064 0.339 0.555 
 88    (0)   :  0.010 0.023 0.192 0.610 0.164 
 89    (0)   :  0.009 0.017 0.227 0.622 0.125 
 90    (0)   :  0.013 0.016 0.060 0.647 0.265 
 91    (0)   :  0.007 0.032 0.516 0.221 0.224 
 92    (0)   :  0.012 0.018 0.090 0.626 0.254 
 93    (0)   :  0.010 0.017 0.776 0.109 0.088 
 94    (0)   :  0.009 0.024 0.057 0.092 0.817 
 95    (0)   :  0.011 0.020 0.115 0.681 0.173 
 96    (0)   :  0.015 0.302 0.254 0.345 0.084 
 97    (0)   :  0.015 0.265 0.215 0.274 0.229 
 98    (0)   :  0.038 0.262 0.135 0.296 0.268 
 99    (0)   :  0.010 0.015 0.154 0.560 0.260 
100    (0)   :  0.011 0.025 0.569 0.318 0.077 
101    (0)   :  0.010 0.047 0.080 0.622 0.242 
102    (0)   :  0.035 0.078 0.373 0.301 0.213 
103    (0)   :  0.015 0.023 0.092 0.774 0.096 
104    (0)   :  0.028 0.044 0.084 0.438 0.406 
105    (0)   :  0.099 0.033 0.103 0.656 0.109 
106    (0)   :  0.013 0.028 0.029 0.170 0.761 
107    (0)   :  0.026 0.030 0.094 0.672 0.177 
108    (0)   :  0.009 0.384 0.049 0.339 0.219 
109    (0)   :  0.325 0.043 0.032 0.251 0.348 
110    (0)   :  0.034 0.022 0.039 0.210 0.696 
111    (0)   :  0.201 0.025 0.046 0.394 0.335 
112    (0)   :  0.568 0.023 0.034 0.078 0.297 
113    (0)   :  0.022 0.064 0.077 0.619 0.217 
114    (0)   :  0.116 0.031 0.103 0.420 0.330 
115    (0)   :  0.098 0.173 0.061 0.398 0.270 
116    (0)   :  0.028 0.098 0.035 0.289 0.550 
117    (0)   :  0.280 0.037 0.053 0.219 0.411 
118    (0)   :  0.043 0.028 0.044 0.755 0.130 
119    (0)   :  0.010 0.383 0.249 0.223 0.136 
120    (0)   :  0.211 0.048 0.061 0.391 0.289 
121    (0)   :  0.220 0.211 0.045 0.321 0.203 
122    (0)   :  0.060 0.023 0.043 0.234 0.641 
123    (0)   :  0.049 0.036 0.065 0.429 0.422 
124    (0)   :  0.127 0.104 0.047 0.296 0.426 
125    (0)   :  0.144 0.068 0.061 0.099 0.629 
126    (0)   :  0.017 0.107 0.079 0.239 0.557 
127    (0)   :  0.091 0.034 0.053 0.361 0.460 
128    (0)   :  0.036 0.028 0.044 0.785 0.108 
129    (0)   :  0.020 0.023 0.033 0.814 0.109 
130    (0)   :  0.126 0.020 0.097 0.478 0.280 
131    (0)   :  0.125 0.150 0.039 0.221 0.466 
132    (0)   :  0.026 0.027 0.034 0.391 0.522 
133    (0)   :  0.038 0.047 0.059 0.624 0.232 
134    (0)   :  0.066 0.015 0.025 0.130 0.764 
135    (0)   :  0.034 0.118 0.501 0.258 0.089 
136    (0)   :  0.013 0.016 0.784 0.101 0.086 
137    (0)   :  0.032 0.014 0.756 0.109 0.089 
138    (0)   :  0.008 0.025 0.808 0.077 0.083 
139    (0)   :  0.019 0.111 0.304 0.452 0.113 
140    (0)   :  0.016 0.059 0.510 0.220 0.194 
141    (0)   :  0.014 0.025 0.717 0.107 0.137 
142    (0)   :  0.026 0.155 0.525 0.207 0.086 
143    (0)   :  0.007 0.016 0.843 0.074 0.059 
144    (0)   :  0.031 0.017 0.765 0.107 0.081 
145    (0)   :  0.020 0.034 0.609 0.180 0.157 
146    (0)   :  0.017 0.041 0.500 0.238 0.204 
147    (0)   :  0.008 0.013 0.845 0.070 0.065 
148    (0)   :  0.026 0.047 0.569 0.222 0.136 
149    (0)   :  0.013 0.039 0.763 0.097 0.088 
150    (0)   :  0.040 0.021 0.549 0.268 0.122 
151    (0)   :  0.010 0.020 0.753 0.135 0.082 
152    (0)   :  0.018 0.094 0.527 0.201 0.160 
153    (0)   :  0.012 0.043 0.732 0.096 0.117 
154    (0)   :  0.013 0.027 0.742 0.134 0.084 
155    (0)   :  0.008 0.019 0.789 0.106 0.078 
156    (0)   :  0.018 0.099 0.643 0.165 0.075 
157    (0)   :  0.013 0.021 0.641 0.166 0.159 
158    (0)   :  0.020 0.026 0.678 0.132 0.144 
159    (0)   :  0.009 0.013 0.833 0.082 0.062 
160    (0)   :  0.009 0.014 0.814 0.100 0.063 
161    (0)   :  0.014 0.034 0.655 0.155 0.143 
162    (0)   :  0.016 0.043 0.407 0.332 0.201 
163    (0)   :  0.009 0.027 0.806 0.087 0.071 
164    (0)   :  0.012 0.021 0.376 0.462 0.129 
165    (0)   :  0.045 0.020 0.630 0.198 0.108 
166    (0)   :  0.010 0.062 0.510 0.238 0.180 
167    (0)   :  0.012 0.021 0.653 0.174 0.140 
168    (0)   :  0.009 0.047 0.713 0.097 0.133 
169    (0)   :  0.029 0.051 0.445 0.131 0.345 
170    (0)   :  0.011 0.060 0.663 0.187 0.079 
171    (0)   :  0.011 0.045 0.530 0.254 0.159 
172    (0)   :  0.017 0.170 0.539 0.095 0.179 
173    (0)   :  0.009 0.017 0.785 0.125 0.064 
174    (0)   :  0.009 0.015 0.769 0.121 0.086 
175    (0)   :  0.009 0.021 0.807 0.080 0.084 
176    (0)   :  0.031 0.016 0.766 0.106 0.080 
177    (0)   :  0.016 0.031 0.515 0.192 0.246 
178    (0)   :  0.010 0.016 0.704 0.142 0.128 
179    (0)   :  0.007 0.014 0.834 0.080 0.066 
180    (0)   :  0.016 0.036 0.623 0.155 0.170 
181    (0)   :  0.015 0.041 0.643 0.198 0.102 
182    (0)   :  0.011 0.027 0.679 0.222 0.061 
183    (0)   :  0.007 0.017 0.807 0.100 0.069 
184    (0)   :  0.013 0.025 0.052 0.774 0.136 
185    (0)   :  0.014 0.094 0.753 0.080 0.058 
186    (0)   :  0.010 0.021 0.046 0.782 0.141 
187    (0)   :  0.009 0.026 0.244 0.617 0.103 
188    (0)   :  0.011 0.020 0.037 0.822 0.109 
189    (0)   :  0.010 0.047 0.336 0.203 0.405 
190    (0)   :  0.013 0.398 0.276 0.261 0.052 
191    (0)   :  0.014 0.017 0.081 0.798 0.090 
192    (0)   :  0.011 0.021 0.194 0.654 0.120 
193    (0)   :  0.019 0.040 0.217 0.572 0.152 
194    (0)   :  0.010 0.049 0.180 0.653 0.108 
195    (0)   :  0.009 0.058 0.452 0.419 0.063 
196    (0)   :  0.016 0.196 0.201 0.499 0.087 
197    (0)   :  0.015 0.048 0.126 0.589 0.223 
198    (0)   :  0.011 0.043 0.159 0.531 0.257 
199    (0)   :  0.014 0.227 0.193 0.468 0.098 
200    (0)   :  0.043 0.197 0.199 0.368 0.194 
201    (0)   :  0.010 0.046 0.557 0.305 0.081 
202    (0)   :  0.012 0.097 0.570 0.243 0.078 
203    (0)   :  0.015 0.032 0.457 0.428 0.068 
204    (0)   :  0.010 0.046 0.161 0.722 0.061 
205    (0)   :  0.010 0.066 0.115 0.706 0.103 
206    (0)   :  0.010 0.030 0.132 0.760 0.068 
207    (0)   :  0.017 0.050 0.081 0.781 0.072 
208    (0)   :  0.013 0.078 0.302 0.532 0.076 
209    (0)   :  0.018 0.032 0.138 0.704 0.108 
210    (0)   :  0.011 0.031 0.154 0.731 0.073 
211    (0)   :  0.045 0.197 0.147 0.538 0.074 
212    (0)   :  0.011 0.043 0.664 0.174 0.107 
213    (0)   :  0.013 0.169 0.103 0.566 0.149 
214    (0)   :  0.017 0.049 0.579 0.272 0.082 
215    (0)   :  0.013 0.043 0.065 0.790 0.089 
216    (0)   :  0.013 0.028 0.069 0.749 0.141 
217    (0)   :  0.011 0.067 0.504 0.312 0.106 
218    (0)   :  0.010 0.025 0.115 0.750 0.100 
219    (0)   :  0.010 0.028 0.225 0.518 0.220 
220    (0)   :  0.011 0.023 0.079 0.819 0.067 
221    (0)   :  0.010 0.091 0.740 0.101 0.058 
222    (0)   :  0.011 0.025 0.110 0.658 0.196 
223    (0)   :  0.010 0.036 0.359 0.461 0.135 
224    (0)   :  0.011 0.027 0.285 0.606 0.072 
225    (0)   :  0.010 0.054 0.159 0.697 0.080 
226    (0)   :  0.016 0.059 0.166 0.489 0.270 
227    (0)   :  0.010 0.126 0.269 0.514 0.081 
228    (0)   :  0.020 0.152 0.418 0.350 0.061 
229    (0)   :  0.010 0.017 0.320 0.572 0.080 
230    (0)   :  0.012 0.021 0.213 0.688 0.066 
231    (0)   :  0.015 0.019 0.294 0.567 0.105 
232    (0)   :  0.013 0.073 0.262 0.489 0.163 
233    (0)   :  0.014 0.034 0.635 0.234 0.082 
234    (0)   :  0.016 0.023 0.174 0.624 0.163 
235    (0)   :  0.011 0.066 0.328 0.431 0.165 
236    (0)   :  0.016 0.032 0.360 0.488 0.104 
237    (0)   :  0.017 0.053 0.105 0.740 0.084 
238    (0)   :  0.015 0.048 0.517 0.315 0.106 
239    (0)   :  0.009 0.056 0.448 0.424 0.063 
240    (0)   :  0.014 0.050 0.515 0.315 0.106 
241    (0)   :  0.010 0.045 0.565 0.306 0.073 
242    (0)   :  0.012 0.037 0.226 0.478 0.246 
243    (0)   :  0.018 0.195 0.216 0.510 0.060 
244    (0)   :  0.015 0.028 0.359 0.529 0.068 
245    (0)   :  0.009 0.048 0.731 0.135 0.077 
246    (0)   :  0.011 0.064 0.507 0.310 0.108 
247    (0)   :  0.014 0.053 0.046 0.669 0.218 
248    (0)   :  0.015 0.042 0.051 0.804 0.087 
249    (0)   :  0.015 0.034 0.376 0.492 0.083 
250    (0)   :  0.013 0.022 0.215 0.655 0.095 
251    (0)   :  0.028 0.061 0.117 0.493 0.300 
252    (0)   :  0.008 0.045 0.256 0.592 0.098 
253    (0)   :  0.011 0.082 0.087 0.643 0.177 
254    (0)   :  0.011 0.029 0.123 0.693 0.143 
255    (0)   :  0.013 0.028 0.215 0.594 0.151 
256    (0)   :  0.014 0.067 0.335 0.497 0.086 
257    (0)   :  0.012 0.036 0.128 0.740 0.084 
258    (0)   :  0.015 0.101 0.111 0.637 0.135 
259    (0)   :  0.011 0.026 0.098 0.785 0.079 
260    (0)   :  0.012 0.025 0.272 0.510 0.181 
261    (0)   :  0.010 0.071 0.422 0.400 0.097 
262    (0)   :  0.010 0.172 0.522 0.226 0.070 
263    (0)   :  0.014 0.030 0.071 0.805 0.080 
264    (0)   :  0.018 0.036 0.042 0.494 0.410 
265    (0)   :  0.010 0.039 0.206 0.597 0.149 
266    (0)   :  0.009 0.065 0.741 0.127 0.058 
267    (0)   :  0.022 0.042 0.233 0.572 0.131 
268    (0)   :  0.017 0.194 0.199 0.503 0.087 
269    (0)   :  0.014 0.032 0.278 0.310 0.366 
270    (0)   :  0.013 0.025 0.071 0.765 0.126 
271    (0)   :  0.014 0.055 0.085 0.752 0.094 
272    (0)   :  0.020 0.116 0.110 0.548 0.206 
273    (0)   :  0.031 0.068 0.261 0.459 0.180 
274    (0)   :  0.012 0.036 0.123 0.684 0.145 
275    (0)   :  0.022 0.048 0.176 0.608 0.146 
276    (0)   :  0.026 0.163 0.098 0.499 0.215 
277    (0)   :  0.010 0.029 0.272 0.557 0.133 
278    (0)   :  0.016 0.084 0.093 0.718 0.089 
279    (0)   :  0.012 0.032 0.170 0.683 0.103 
280    (0)   :  0.014 0.075 0.190 0.489 0.232 
281    (0)   :  0.010 0.030 0.115 0.733 0.112 
282    (0)   :  0.013 0.025 0.480 0.346 0.136 
283    (0)   :  0.011 0.028 0.559 0.301 0.102 
284    (0)   :  0.019 0.038 0.212 0.618 0.113 
285    (0)   :  0.022 0.087 0.039 0.725 0.127 
286    (0)   :  0.016 0.027 0.358 0.530 0.069 
287    (0)   :  0.008 0.029 0.194 0.549 0.220 
288    (0)   :  0.014 0.045 0.106 0.634 0.200 
289    (0)   :  0.019 0.060 0.106 0.642 0.172 
290    (0)   :  0.050 0.175 0.117 0.416 0.241 
291    (0)   :  0.014 0.054 0.085 0.753 0.094 
292    (0)   :  0.011 0.168 0.277 0.345 0.200 
293    (0)   :  0.056 0.176 0.083 0.297 0.388 
294    (0)   :  0.011 0.047 0.069 0.778 0.096 
295    (0)   :  0.029 0.104 0.169 0.470 0.229 
296    (0)   :  0.012 0.036 0.086 0.782 0.083 
297    (0)   :  0.012 0.041 0.107 0.587 0.253 
298    (0)   :  0.010 0.019 0.319 0.525 0.127 
299    (0)   :  0.010 0.019 0.076 0.796 0.098 
300    (0)   :  0.017 0.044 0.063 0.777 0.100 
301    (0)   :  0.015 0.029 0.077 0.714 0.165 
302    (0)   :  0.017 0.087 0.076 0.725 0.095 
303    (0)   :  0.018 0.044 0.366 0.454 0.118 
304    (0)   :  0.019 0.026 0.393 0.301 0.262 
305    (0)   :  0.012 0.060 0.320 0.533 0.075 
306    (0)   :  0.010 0.052 0.492 0.309 0.136 
307    (0)   :  0.013 0.032 0.160 0.693 0.102 
308    (0)   :  0.009 0.073 0.428 0.392 0.097 
309    (0)   :  0.039 0.056 0.081 0.739 0.084 
310    (0)   :  0.015 0.091 0.346 0.477 0.070 
311    (0)   :  0.012 0.020 0.213 0.688 0.067 
312    (0)   :  0.012 0.030 0.075 0.817 0.066 
313    (0)   :  0.011 0.108 0.054 0.759 0.068 
314    (0)   :  0.009 0.023 0.846 0.061 0.061 
315    (0)   :  0.007 0.039 0.798 0.067 0.089 
316    (0)   :  0.009 0.025 0.790 0.070 0.107 
317    (0)   :  0.008 0.014 0.853 0.060 0.064 
318    (0)   :  0.008 0.011 0.856 0.058 0.066 
319    (0)   :  0.008 0.016 0.837 0.079 0.060 
320    (0)   :  0.008 0.023 0.847 0.060 0.061 
321    (0)   :  0.009 0.013 0.849 0.061 0.069 
322    (0)   :  0.009 0.038 0.781 0.072 0.100 
323    (0)   :  0.007 0.012 0.851 0.065 0.064 
324    (0)   :  0.009 0.013 0.848 0.062 0.069 
325    (0)   :  0.008 0.021 0.803 0.064 0.104 
326    (0)   :  0.010 0.023 0.805 0.060 0.102 
327    (0)   :  0.009 0.014 0.854 0.060 0.063 
328    (0)   :  0.008 0.028 0.786 0.079 0.099 
329    (0)   :  0.007 0.012 0.855 0.064 0.062 
330    (0)   :  0.009 0.014 0.853 0.061 0.063 
331    (0)   :  0.007 0.012 0.852 0.067 0.062 
332    (0)   :  0.008 0.020 0.792 0.065 0.115 
333    (0)   :  0.009 0.025 0.805 0.069 0.092 
334    (0)   :  0.008 0.028 0.788 0.078 0.099 
335    (0)   :  0.008 0.030 0.803 0.069 0.090 
336    (0)   :  0.008 0.018 0.846 0.059 0.068 
337    (0)   :  0.009 0.025 0.792 0.066 0.108 
338    (0)   :  0.008 0.011 0.851 0.060 0.069 
339    (0)   :  0.007 0.012 0.853 0.066 0.062 
340    (0)   :  0.007 0.013 0.858 0.066 0.057 
341    (0)   :  0.008 0.013 0.847 0.070 0.062 
342    (0)   :  0.009 0.014 0.853 0.061 0.063 
343    (0)   :  0.008 0.050 0.775 0.070 0.097 
344    (0)   :  0.007 0.011 0.858 0.061 0.063 
345    (0)   :  0.009 0.014 0.853 0.060 0.063 
346    (0)   :  0.008 0.012 0.861 0.057 0.062 
347    (0)   :  0.007 0.012 0.865 0.059 0.057 
348    (0)   :  0.008 0.061 0.780 0.068 0.084 
349    (0)   :  0.009 0.014 0.854 0.060 0.063 
350    (0)   :  0.007 0.019 0.838 0.075 0.061 
351    (0)   :  0.008 0.029 0.803 0.070 0.090 
352    (0)   :  0.009 0.029 0.799 0.066 0.097 
353    (0)   :  0.008 0.017 0.846 0.060 0.069 
354    (0)   :  0.008 0.012 0.850 0.068 0.062 
355    (0)   :  0.008 0.012 0.855 0.059 0.066 
356    (0)   :  0.008 0.073 0.759 0.075 0.085 
357    (0)   :  0.012 0.023 0.513 0.099 0.354 
358    (0)   :  0.008 0.020 0.805 0.068 0.100 
359    (0)   :  0.008 0.012 0.849 0.068 0.064 
360    (0)   :  0.008 0.012 0.861 0.058 0.061 
361    (0)   :  0.015 0.033 0.463 0.117 0.373 
362    (0)   :  0.018 0.032 0.070 0.342 0.538 
363    (0)   :  0.016 0.037 0.046 0.197 0.704 
364    (0)   :  0.024 0.026 0.311 0.237 0.402 
365    (0)   :  0.088 0.036 0.066 0.194 0.616 
366    (0)   :  0.032 0.205 0.132 0.190 0.441 
367    (0)   :  0.014 0.015 0.031 0.116 0.824 
368    (0)   :  0.013 0.015 0.053 0.667 0.252 
369    (0)   :  0.039 0.145 0.317 0.190 0.309 
370    (0)   :  0.034 0.029 0.058 0.718 0.161 
371    (0)   :  0.045 0.043 0.109 0.469 0.333 
372    (0)   :  0.059 0.039 0.087 0.679 0.137 
373    (0)   :  0.027 0.026 0.097 0.225 0.626 
374    (0)   :  0.075 0.025 0.297 0.174 0.431 
375    (0)   :  0.031 0.019 0.042 0.319 0.588 
376    (0)   :  0.015 0.016 0.037 0.094 0.837 
377    (0)   :  0.020 0.034 0.065 0.427 0.453 
378    (0)   :  0.027 0.025 0.192 0.250 0.506 
379    (0)   :  0.045 0.029 0.035 0.103 0.788 
380    (0)   :  0.019 0.091 0.175 0.156 0.559 
381    (0)   :  0.018 0.078 0.147 0.096 0.661 
382    (0)   :  0.019 0.015 0.049 0.164 0.753 
383    (0)   :  0.024 0.030 0.177 0.138 0.631 
384    (0)   :  0.064 0.030 0.122 0.252 0.532 
385    (0)   :  0.501 0.013 0.167 0.126 0.193 
386    (0)   :  0.013 0.022 0.045 0.143 0.777 
387    (0)   :  0.020 0.027 0.057 0.156 0.741 
388    (0)   :  0.085 0.018 0.216 0.387 0.294 
389    (0)   :  0.133 0.099 0.055 0.582 0.131 
390    (0)   :  0.049 0.196 0.047 0.169 0.539 
391    (0)   :  0.215 0.102 0.094 0.305 0.284 
392    (0)   :  0.011 0.026 0.105 0.157 0.701 
393    (0)   :  0.024 0.120 0.104 0.091 0.660 
394    (0)   :  0.010 0.023 0.247 0.230 0.490 
395    (0)   :  0.015 0.218 0.053 0.348 0.366 
396    (0)   :  0.013 0.017 0.033 0.252 0.684 
397    (0)   :  0.010 0.024 0.111 0.687 0.168 
398    (0)   :  0.009 0.023 0.036 0.113 0.819 
399    (0)   :  0.046 0.048 0.048 0.184 0.674 
400    (0)   :  0.018 0.024 0.071 0.111 0.776 
401    (0)   :  0.025 0.090 0.081 0.205 0.600 
402    (0)   :  0.024 0.106 0.073 0.351 0.447 
403    (0)   :  0.042 0.026 0.358 0.330 0.243 
404    (0)   :  0.057 0.027 0.093 0.388 0.434 
405    (0)   :  0.012 0.047 0.094 0.298 0.549 
406    (0)   :  0.008 0.658 0.076 0.092 0.166 
407    (0)   :  0.011 0.020 0.035 0.093 0.842 
408    (0)   :  0.012 0.130 0.032 0.566 0.261 
409    (0)   :  0.030 0.361 0.252 0.113 0.243 
410    (0)   :  0.024 0.035 0.094 0.182 0.665 
411    (0)   :  0.019 0.084 0.172 0.127 0.598 
412    (0)   :  0.014 0.016 0.051 0.407 0.512 
413    (0)   :  0.010 0.019 0.135 0.515 0.321 
414    (0)   :  0.046 0.017 0.036 0.447 0.454 
415    (0)   :  0.014 0.065 0.055 0.110 0.756 
416    (0)   :  0.076 0.050 0.093 0.137 0.644 
417    (0)   :  0.010 0.020 0.043 0.098 0.830 
418    (0)   :  0.014 0.014 0.037 0.226 0.710 
419    (0)   :  0.093 0.068 0.197 0.295 0.347 
420    (0)   :  0.017 0.205 0.048 0.149 0.581 
421    (0)   :  0.012 0.022 0.046 0.219 0.701 
422    (0)   :  0.012 0.132 0.057 0.422 0.377 
423    (0)   :  0.012 0.038 0.070 0.271 0.608 
424    (0)   :  0.062 0.150 0.086 0.211 0.491 
425    (0)   :  0.185 0.024 0.099 0.336 0.356 
426    (0)   :  0.077 0.027 0.096 0.233 0.567 
427    (0)   :  0.014 0.033 0.134 0.082 0.737 
428    (0)   :  0.013 0.112 0.147 0.306 0.423 
429    (0)   :  0.011 0.014 0.031 0.092 0.852 
430    (0)   :  0.012 0.027 0.042 0.105 0.815 
431    (0)   :  0.030 0.020 0.067 0.577 0.307 
432    (0)   :  0.011 0.019 0.061 0.587 0.322 
433    (0)   :  0.012 0.032 0.200 0.631 0.125 
434    (0)   :  0.022 0.035 0.135 0.339 0.469 
435    (0)   :  0.008 0.029 0.034 0.092 0.836 
436    (0)   :  0.012 0.040 0.063 0.056 0.829 
437    (0)   :  0.009 0.018 0.040 0.120 0.813 
438    (0)   :  0.014 0.338 0.082 0.141 0.425 
439    (0)   :  0.012 0.023 0.050 0.063 0.852 
440    (0)   :  0.010 0.027 0.029 0.063 0.871 
441    (0)   :  0.014 0.026 0.104 0.115 0.742 
442    (0)   :  0.066 0.035 0.043 0.144 0.712 
443    (0)   :  0.019 0.124 0.035 0.095 0.727 
444    (0)   :  0.042 0.049 0.042 0.111 0.756 
445    (0)   :  0.017 0.179 0.146 0.154 0.505 
446    (0)   :  0.015 0.025 0.040 0.102 0.818 
447    (0)   :  0.039 0.092 0.096 0.136 0.637 
448    (0)   :  0.011 0.027 0.043 0.137 0.782 
449    (0)   :  0.012 0.034 0.079 0.181 0.694 
450    (0)   :  0.018 0.013 0.082 0.106 0.780 
451    (0)   :  0.011 0.034 0.029 0.311 0.615 
452    (0)   :  0.012 0.015 0.065 0.086 0.822 
453    (0)   :  0.026 0.507 0.071 0.173 0.223 
454    (0)   :  0.012 0.024 0.081 0.111 0.773 
455    (0)   :  0.014 0.103 0.040 0.088 0.756 
456    (0)   :  0.016 0.113 0.037 0.111 0.723 
457    (0)   :  0.009 0.020 0.045 0.096 0.830 
458    (0)   :  0.014 0.022 0.048 0.092 0.824 
459    (0)   :  0.019 0.048 0.138 0.102 0.693 
460    (0)   :  0.013 0.024 0.038 0.066 0.859 
461    (0)   :  0.018 0.014 0.038 0.078 0.851 
462    (0)   :  0.173 0.042 0.029 0.113 0.644 
463    (0)   :  0.013 0.518 0.058 0.119 0.292 
464    (0)   :  0.010 0.060 0.037 0.088 0.805 
465    (0)   :  0.025 0.059 0.054 0.253 0.609 
466    (0)   :  0.012 0.252 0.040 0.190 0.506 
467    (0)   :  0.022 0.050 0.071 0.113 0.744 
468    (0)   :  0.009 0.068 0.037 0.079 0.807 
469    (0)   :  0.010 0.030 0.040 0.058 0.862 
470    (0)   :  0.008 0.025 0.036 0.074 0.857 
471    (0)   :  0.074 0.181 0.049 0.189 0.507 
472    (0)   :  0.022 0.066 0.052 0.161 0.698 
473    (0)   :  0.010 0.036 0.075 0.224 0.655 
474    (0)   :  0.012 0.033 0.068 0.089 0.798 
475    (0)   :  0.020 0.045 0.088 0.298 0.549 
476    (0)   :  0.012 0.032 0.048 0.070 0.837 
477    (0)   :  0.034 0.058 0.073 0.162 0.673 
478    (0)   :  0.041 0.021 0.035 0.130 0.774 
479    (0)   :  0.010 0.019 0.035 0.075 0.861 
480    (0)   :  0.009 0.017 0.041 0.065 0.868 
481    (0)   :  0.036 0.037 0.047 0.379 0.502 
482    (0)   :  0.009 0.014 0.034 0.070 0.872 
483    (0)   :  0.013 0.032 0.048 0.085 0.821 
484    (0)   :  0.022 0.215 0.056 0.155 0.552 
485    (0)   :  0.011 0.058 0.037 0.074 0.820 
486    (0)   :  0.066 0.099 0.065 0.501 0.269 
487    (0)   :  0.032 0.045 0.173 0.463 0.287 
488    (0)   :  0.062 0.029 0.085 0.650 0.173 
489    (0)   :  0.036 0.112 0.243 0.369 0.239 
490    (0)   :  0.029 0.077 0.039 0.323 0.532 
491    (0)   :  0.072 0.033 0.125 0.657 0.113 
492    (0)   :  0.060 0.087 0.254 0.398 0.201 
493    (0)   :  0.072 0.037 0.080 0.631 0.180 
494    (0)   :  0.046 0.039 0.116 0.614 0.185 
495    (0)   :  0.180 0.059 0.159 0.382 0.220 
496    (0)   :  0.011 0.061 0.304 0.480 0.144 
497    (0)   :  0.139 0.019 0.127 0.589 0.126 
498    (0)   :  0.355 0.083 0.077 0.255 0.229 
499    (0)   :  0.019 0.038 0.280 0.515 0.149 
500    (0)   :  0.019 0.033 0.080 0.569 0.299 
501    (0)   :  0.018 0.027 0.173 0.518 0.265 
502    (0)   :  0.054 0.019 0.210 0.476 0.241 
503    (0)   :  0.014 0.025 0.055 0.294 0.613 
504    (0)   :  0.118 0.045 0.058 0.543 0.236 
505    (0)   :  0.026 0.086 0.112 0.639 0.137 
506    (0)   :  0.102 0.027 0.198 0.409 0.264 
507    (0)   :  0.008 0.055 0.669 0.194 0.075 
508    (0)   :  0.015 0.100 0.556 0.252 0.077 
509    (0)   :  0.015 0.050 0.176 0.647 0.112 
510    (0)   :  0.019 0.030 0.292 0.403 0.256 
511    (0)   :  0.052 0.056 0.076 0.217 0.599 
512    (0)   :  0.036 0.021 0.047 0.189 0.707 
513    (0)   :  0.695 0.035 0.059 0.153 0.057 
514    (0)   :  0.014 0.032 0.063 0.620 0.270 
515    (0)   :  0.018 0.085 0.177 0.256 0.464 
516    (0)   :  0.015 0.054 0.066 0.731 0.135 
517    (0)   :  0.011 0.200 0.170 0.276 0.343 
518    (0)   :  0.012 0.021 0.210 0.543 0.214 
519    (0)   :  0.031 0.038 0.080 0.479 0.372 
520    (0)   :  0.009 0.315 0.289 0.157 0.230 
521    (0)   :  0.017 0.041 0.322 0.463 0.157 
522    (0)   :  0.017 0.210 0.064 0.196 0.513 
523    (0)   :  0.010 0.452 0.158 0.237 0.143 
524    (0)   :  0.008 0.117 0.104 0.238 0.533 
525    (0)   :  0.009 0.064 0.242 0.386 0.299 
526    (0)   :  0.008 0.593 0.080 0.119 0.200 
527    (0)   :  0.024 0.019 0.065 0.478 0.414 
528    (0)   :  0.012 0.047 0.522 0.313 0.106 
529    (0)   :  0.016 0.021 0.102 0.751 0.111 
530    (0)   :  0.020 0.111 0.128 0.190 0.551 
531    (0)   :  0.014 0.070 0.448 0.162 0.306 
532    (0)   :  0.016 0.054 0.293 0.427 0.209 
533    (0)   :  0.011 0.085 0.086 0.463 0.355 
534    (0)   :  0.015 0.077 0.093 0.739 0.076 
535    (0)   :  0.012 0.374 0.082 0.238 0.294 
536    (0)   :  0.026 0.169 0.189 0.276 0.339 
537    (0)   :  0.028 0.334 0.293 0.216 0.128 
538    (0)   :  0.014 0.185 0.221 0.378 0.202 
539    (0)   :  0.013 0.046 0.695 0.153 0.093 
540    (0)   :  0.015 0.159 0.248 0.356 0.221 
541    (0)   :  0.036 0.050 0.571 0.152 0.190 
542    (0)   :  0.030 0.516 0.066 0.177 0.210 
543    (0)   :  0.033 0.318 0.207 0.277 0.166 
544    (0)   :  0.014 0.535 0.111 0.174 0.165 
545    (0)   :  0.015 0.685 0.040 0.106 0.154 
546    (0)   :  0.067 0.233 0.191 0.336 0.173 
547    (0)   :  0.011 0.692 0.103 0.100 0.094 
548    (0)   :  0.012 0.022 0.210 0.662 0.093 
549    (0)   :  0.017 0.253 0.431 0.097 0.202 
550    (0)   :  0.020 0.495 0.067 0.085 0.332 
551    (0)   :  0.015 0.064 0.615 0.153 0.152 
552    (0)   :  0.013 0.160 0.238 0.441 0.149 
553    (0)   :  0.021 0.616 0.171 0.118 0.074 
554    (0)   :  0.028 0.084 0.177 0.328 0.383 
555    (0)   :  0.052 0.170 0.388 0.265 0.124 
556    (0)   :  0.016 0.183 0.145 0.497 0.159 
557    (0)   :  0.020 0.440 0.097 0.126 0.318 
558    (0)   :  0.010 0.013 0.036 0.063 0.878 
559    (0)   :  0.013 0.036 0.054 0.669 0.229 
560    (0)   :  0.030 0.020 0.028 0.132 0.790 
561    (0)   :  0.024 0.042 0.037 0.281 0.616 
562    (0)   :  0.026 0.056 0.028 0.293 0.598 
563    (0)   :  0.073 0.060 0.190 0.261 0.417 
564    (0)   :  0.012 0.065 0.057 0.698 0.169 
565    (0)   :  0.010 0.018 0.042 0.087 0.843 
566    (0)   :  0.015 0.021 0.028 0.102 0.834 
567    (0)   :  0.013 0.031 0.039 0.739 0.178 
568    (0)   :  0.012 0.060 0.059 0.496 0.372 
569    (0)   :  0.018 0.133 0.064 0.203 0.583 
570    (0)   :  0.008 0.014 0.030 0.094 0.854 
571    (0)   :  0.013 0.025 0.046 0.319 0.597 
572    (0)   :  0.023 0.401 0.199 0.118 0.260 
573    (0)   :  0.010 0.064 0.055 0.542 0.328 
574    (0)   :  0.016 0.034 0.150 0.159 0.641 
575    (0)   :  0.015 0.039 0.104 0.450 0.392 
576    (0)   :  0.037 0.016 0.029 0.160 0.758 
577    (0)   :  0.017 0.026 0.131 0.201 0.625 
578    (0)   :  0.029 0.028 0.050 0.246 0.646 
579    (0)   :  0.062 0.029 0.044 0.306 0.559 
580    (0)   :  0.014 0.019 0.073 0.159 0.735 
581    (0)   :  0.012 0.019 0.057 0.132 0.779 
582    (0)   :  0.010 0.033 0.033 0.095 0.829 
583    (0)   :  0.014 0.021 0.046 0.376 0.543 
584    (0)   :  0.016 0.017 0.034 0.200 0.733 
585    (0)   :  0.027 0.021 0.039 0.184 0.729 
586    (0)   :  0.023 0.031 0.059 0.296 0.591 
587    (0)   :  0.019 0.044 0.033 0.303 0.601 
588    (0)   :  0.014 0.118 0.043 0.759 0.066 
589    (0)   :  0.011 0.074 0.037 0.126 0.752 
590    (0)   :  0.028 0.024 0.041 0.561 0.346 
591    (0)   :  0.012 0.020 0.049 0.499 0.421 
592    (0)   :  0.015 0.113 0.038 0.427 0.408 
593    (0)   :  0.010 0.039 0.075 0.343 0.533 
594    (0)   :  0.016 0.021 0.070 0.711 0.182 
595    (0)   :  0.163 0.015 0.033 0.288 0.501 
596    (0)   :  0.016 0.147 0.071 0.392 0.374 
597    (0)   :  0.025 0.095 0.210 0.271 0.399 
598    (0)   :  0.008 0.015 0.032 0.070 0.874 
599    (0)   :  0.011 0.063 0.031 0.324 0.571 
600    (0)   :  0.018 0.038 0.092 0.159 0.693 
601    (0)   :  0.014 0.035 0.032 0.134 0.785 
602    (0)   :  0.014 0.019 0.104 0.693 0.170 
603    (0)   :  0.016 0.022 0.098 0.697 0.167 
604    (0)   :  0.040 0.036 0.095 0.347 0.481 
605    (0)   :  0.019 0.047 0.056 0.440 0.438 
606    (0)   :  0.018 0.041 0.123 0.595 0.223 
607    (0)   :  0.015 0.018 0.266 0.291 0.410 
608    (0)   :  0.012 0.023 0.451 0.148 0.366 
609    (0)   :  0.021 0.037 0.078 0.155 0.709 
610    (0)   :  0.014 0.102 0.059 0.192 0.633 
611    (0)   :  0.013 0.042 0.118 0.620 0.207 
612    (0)   :  0.013 0.036 0.050 0.087 0.814 
613    (0)   :  0.015 0.056 0.076 0.276 0.576 
614    (0)   :  0.033 0.025 0.053 0.171 0.719 
615    (0)   :  0.012 0.031 0.099 0.191 0.667 
616    (0)   :  0.013 0.017 0.167 0.379 0.424 
617    (0)   :  0.108 0.047 0.049 0.217 0.580 
618    (0)   :  0.039 0.068 0.203 0.236 0.455 
619    (0)   :  0.010 0.095 0.145 0.322 0.429 
620    (0)   :  0.017 0.099 0.030 0.529 0.324 
621    (0)   :  0.015 0.015 0.043 0.206 0.720 
622    (0)   :  0.204 0.064 0.115 0.275 0.341 
623    (0)   :  0.012 0.034 0.049 0.444 0.461 
624    (0)   :  0.012 0.026 0.173 0.116 0.672 
625    (0)   :  0.049 0.019 0.163 0.200 0.569 
626    (0)   :  0.012 0.180 0.438 0.142 0.228 
627    (0)   :  0.021 0.038 0.070 0.336 0.534 
628    (0)   :  0.058 0.032 0.076 0.432 0.402 
629    (0)   :  0.020 0.020 0.077 0.496 0.387 
630    (0)   :  0.023 0.034 0.069 0.189 0.684 
631    (0)   :  0.014 0.018 0.073 0.242 0.653 
632    (0)   :  0.023 0.052 0.228 0.515 0.181 
633    (0)   :  0.036 0.023 0.144 0.195 0.602 
634    (0)   :  0.015 0.061 0.210 0.300 0.415 
635    (0)   :  0.012 0.025 0.483 0.252 0.227 
636    (0)   :  0.014 0.026 0.250 0.184 0.527 
637    (0)   :  0.025 0.197 0.117 0.406 0.254 
638    (0)   :  0.012 0.018 0.106 0.554 0.309 
639    (0)   :  0.031 0.026 0.122 0.281 0.540 
640    (0)   :  0.077 0.014 0.064 0.240 0.604 
641    (0)   :  0.016 0.020 0.075 0.590 0.299 
642    (0)   :  0.018 0.062 0.492 0.269 0.160 
643    (0)   :  0.013 0.021 0.735 0.114 0.117 
644    (0)   :  0.013 0.026 0.552 0.245 0.164 
645    (0)   :  0.017 0.049 0.568 0.125 0.241 
646    (0)   :  0.053 0.071 0.131 0.550 0.195 
647    (0)   :  0.068 0.052 0.342 0.380 0.158 
648    (0)   :  0.038 0.076 0.258 0.482 0.147 
649    (0)   :  0.014 0.098 0.129 0.670 0.089 
650    (0)   :  0.016 0.046 0.139 0.671 0.129 
651    (0)   :  0.056 0.017 0.333 0.477 0.117 
652    (0)   :  0.011 0.026 0.534 0.292 0.136 
653    (0)   :  0.027 0.057 0.311 0.470 0.136 
654    (0)   :  0.054 0.097 0.505 0.229 0.115 
655    (0)   :  0.013 0.032 0.495 0.243 0.216 
656    (0)   :  0.038 0.090 0.242 0.483 0.146 
657    (0)   :  0.014 0.024 0.188 0.467 0.307 
658    (0)   :  0.014 0.095 0.221 0.392 0.278 
659    (0)   :  0.020 0.070 0.493 0.253 0.164 
660    (0)   :  0.011 0.043 0.494 0.358 0.094 
661    (0)   :  0.014 0.130 0.564 0.157 0.135 
662    (0)   :  0.017 0.178 0.089 0.633 0.082 
663    (0)   :  0.009 0.029 0.435 0.394 0.133 
664    (0)   :  0.037 0.066 0.267 0.249 0.381 
665    (0)   :  0.012 0.109 0.124 0.653 0.100 
666    (0)   :  0.012 0.067 0.436 0.347 0.138 
667    (0)   :  0.138 0.036 0.094 0.571 0.161 
668    (0)   :  0.015 0.055 0.443 0.256 0.230 
669    (0)   :  0.011 0.035 0.161 0.704 0.089 
670    (0)   :  0.008 0.022 0.774 0.133 0.064 
671    (0)   :  0.011 0.033 0.588 0.278 0.090 
672    (0)   :  0.011 0.055 0.657 0.107 0.170 
673    (0)   :  0.007 0.013 0.841 0.072 0.067 
674    (0)   :  0.012 0.027 0.707 0.135 0.119 
675    (0)   :  0.031 0.016 0.766 0.106 0.080 
676    (0)   :  0.008 0.014 0.847 0.067 0.065 
677    (0)   :  0.008 0.090 0.733 0.110 0.058 
678    (0)   :  0.008 0.012 0.833 0.080 0.067 
679    (0)   :  0.010 0.013 0.741 0.119 0.117 
680    (0)   :  0.013 0.020 0.781 0.096 0.091 
681    (0)   :  0.023 0.291 0.312 0.151 0.222 
682    (0)   :  0.010 0.021 0.796 0.076 0.097 
683    (0)   :  0.008 0.025 0.800 0.105 0.062 
684    (0)   :  0.009 0.015 0.825 0.085 0.067 
685    (0)   :  0.007 0.015 0.850 0.068 0.060 
686    (0)   :  0.011 0.088 0.679 0.131 0.090 
687    (0)   :  0.010 0.046 0.592 0.269 0.083 
688    (0)   :  0.010 0.019 0.757 0.126 0.088 
689    (0)   :  0.007 0.014 0.849 0.068 0.061 
690    (0)   :  0.008 0.014 0.847 0.067 0.064 
691    (0)   :  0.012 0.020 0.750 0.109 0.109 
692    (0)   :  0.010 0.015 0.757 0.124 0.094 
693    (0)   :  0.014 0.017 0.767 0.092 0.111 
694    (0)   :  0.007 0.016 0.856 0.065 0.056 
695    (0)   :  0.008 0.038 0.802 0.065 0.087 
696    (0)   :  0.010 0.019 0.759 0.126 0.087 
697    (0)   :  0.007 0.019 0.835 0.075 0.064 
698    (0)   :  0.007 0.015 0.839 0.075 0.063 
699    (0)   :  0.008 0.121 0.716 0.075 0.081 
700    (0)   :  0.022 0.055 0.735 0.069 0.119 
701    (0)   :  0.010 0.035 0.656 0.189 0.111 
702    (0)   :  0.013 0.051 0.666 0.136 0.134 
703    (0)   :  0.010 0.023 0.783 0.087 0.096 
704    (0)   :  0.009 0.028 0.771 0.111 0.081 
705    (0)   :  0.018 0.298 0.388 0.174 0.121 
706    (0)   :  0.010 0.031 0.796 0.078 0.085 
707    (0)   :  0.008 0.023 0.825 0.079 0.065 
708    (0)   :  0.010 0.016 0.828 0.084 0.062 
709    (0)   :  0.011 0.043 0.820 0.059 0.068 
710    (0)   :  0.008 0.017 0.857 0.060 0.058 
711    (0)   :  0.010 0.056 0.758 0.092 0.083 
712    (0)   :  0.010 0.053 0.798 0.083 0.056 
713    (0)   :  0.010 0.021 0.765 0.124 0.080 
714    (0)   :  0.019 0.017 0.691 0.160 0.113 
715    (0)   :  0.008 0.037 0.834 0.065 0.056 
716    (0)   :  0.010 0.031 0.810 0.066 0.084 
717    (0)   :  0.007 0.023 0.853 0.060 0.058 
718    (0)   :  0.014 0.035 0.731 0.134 0.085 
719    (0)   :  0.009 0.032 0.829 0.073 0.057 
720    (0)   :  0.022 0.020 0.050 0.310 0.598 
721    (0)   :  0.016 0.027 0.580 0.098 0.279 
722    (0)   :  0.017 0.043 0.092 0.167 0.681 
723    (0)   :  0.014 0.016 0.084 0.186 0.701 
724    (0)   :  0.016 0.024 0.221 0.109 0.630 
725    (0)   :  0.013 0.029 0.216 0.499 0.243 
726    (0)   :  0.016 0.060 0.137 0.208 0.580 
727    (0)   :  0.017 0.226 0.239 0.225 0.292 
728    (0)   :  0.011 0.022 0.030 0.071 0.865 
729    (0)   :  0.010 0.016 0.032 0.083 0.860 
730    (0)   :  0.032 0.016 0.051 0.329 0.572 
731    (0)   :  0.015 0.022 0.072 0.109 0.781 
732    (0)   :  0.013 0.015 0.082 0.189 0.701 
733    (0)   :  0.015 0.013 0.045 0.114 0.813 
734    (0)   :  0.017 0.015 0.030 0.101 0.837 
735    (0)   :  0.009 0.012 0.061 0.091 0.827 
736    (0)   :  0.011 0.019 0.059 0.130 0.781 
737    (0)   :  0.024 0.045 0.061 0.247 0.622 
738    (0)   :  0.015 0.016 0.051 0.237 0.681 
739    (0)   :  0.012 0.014 0.042 0.099 0.834 
740    (0)   :  0.011 0.020 0.525 0.362 0.083 
741    (0)   :  0.029 0.036 0.453 0.331 0.151 
742    (0)   :  0.015 0.018 0.170 0.367 0.430 
743    (0)   :  0.009 0.015 0.064 0.757 0.155 
744    (0)   :  0.016 0.098 0.076 0.686 0.124 
745    (0)   :  0.013 0.048 0.042 0.605 0.292 
746    (0)   :  0.011 0.019 0.156 0.620 0.194 
747    (0)   :  0.010 0.022 0.063 0.732 0.173 
748    (0)   :  0.010 0.015 0.327 0.506 0.142 
749    (0)   :  0.009 0.026 0.085 0.755 0.125 
750    (0)   :  0.013 0.017 0.065 0.787 0.118 
751    (0)   :  0.012 0.015 0.373 0.457 0.142 
752    (0)   :  0.010 0.019 0.074 0.726 0.171 
753    (0)   :  0.010 0.022 0.151 0.607 0.209 
754    (0)   :  0.037 0.026 0.418 0.307 0.211 
755    (0)   :  0.013 0.014 0.110 0.718 0.146 
756    (0)   :  0.028 0.019 0.160 0.668 0.126 
757    (0)   :  0.011 0.017 0.107 0.706 0.160 
758    (0)   :  0.011 0.020 0.037 0.791 0.141 
759    (0)   :  0.020 0.043 0.481 0.207 0.249 
760    (0)   :  0.011 0.017 0.082 0.669 0.222 
761    (0)   :  0.013 0.020 0.301 0.303 0.363 
762    (0)   :  0.016 0.012 0.051 0.483 0.438 
763    (0)   :  0.010 0.022 0.150 0.610 0.208 
764    (0)   :  0.012 0.014 0.061 0.765 0.147 
765    (0)   :  0.015 0.014 0.052 0.625 0.295 
766    (0)   :  0.018 0.013 0.255 0.574 0.140 
767    (0)   :  0.020 0.023 0.227 0.424 0.306 
768    (0)   :  0.020 0.012 0.051 0.488 0.430 
769    (0)   :  0.022 0.022 0.238 0.289 0.429 
770    (0)   :  0.021 0.015 0.051 0.436 0.477 
771    (0)   :  0.012 0.145 0.119 0.635 0.090 
772    (0)   :  0.021 0.071 0.274 0.396 0.237 
773    (0)   :  0.012 0.014 0.058 0.812 0.104 
774    (0)   :  0.011 0.019 0.376 0.449 0.145 
775    (0)   :  0.011 0.016 0.123 0.217 0.633 
776    (0)   :  0.013 0.018 0.054 0.703 0.211 
777    (0)   :  0.013 0.050 0.109 0.631 0.197 
778    (0)   :  0.014 0.036 0.153 0.660 0.136 
779    (0)   :  0.010 0.014 0.075 0.794 0.107 
780    (0)   :  0.013 0.014 0.273 0.566 0.135 
781    (0)   :  0.013 0.045 0.130 0.733 0.079 
782    (0)   :  0.010 0.014 0.075 0.794 0.107 
783    (0)   :  0.015 0.015 0.221 0.539 0.210 
784    (0)   :  0.021 0.020 0.093 0.398 0.468 
785    (0)   :  0.020 0.021 0.135 0.652 0.173 
786    (0)   :  0.020 0.018 0.391 0.387 0.184 
787    (0)   :  0.012 0.031 0.247 0.625 0.085 
788    (0)   :  0.014 0.035 0.086 0.611 0.254 
789    (0)   :  0.020 0.017 0.108 0.338 0.517 
790    (0)   :  0.012 0.014 0.183 0.584 0.206 
791    (0)   :  0.011 0.019 0.129 0.578 0.262 
792    (0)   :  0.014 0.048 0.344 0.505 0.088 
793    (0)   :  0.013 0.075 0.393 0.299 0.222 
794    (0)   :  0.040 0.033 0.176 0.346 0.405 
795    (0)   :  0.012 0.027 0.516 0.232 0.212 
796    (0)   :  0.042 0.042 0.226 0.368 0.321 
797    (0)   :  0.010 0.041 0.573 0.234 0.141 
798    (0)   :  0.015 0.144 0.035 0.108 0.698 
799    (0)   :  0.335 0.032 0.084 0.212 0.338 
800    (0)   :  0.026 0.155 0.471 0.255 0.093 
801    (0)   :  0.023 0.125 0.073 0.112 0.667 
802    (0)   :  0.037 0.136 0.283 0.147 0.398 
803    (0)   :  0.047 0.064 0.377 0.310 0.201 
804    (0)   :  0.262 0.140 0.134 0.245 0.219 
805    (0)   :  0.016 0.024 0.758 0.099 0.103 
806    (0)   :  0.065 0.361 0.106 0.154 0.315 
807    (0)   :  0.009 0.056 0.674 0.160 0.101 
808    (0)   :  0.009 0.139 0.421 0.305 0.126 
809    (0)   :  0.015 0.602 0.060 0.121 0.202 
810    (0)   :  0.022 0.028 0.210 0.296 0.443 
