

----------------------------------------------------
STRUCTURE by Pritchard, Stephens and Donnelly (2000)
     and Falush, Stephens and Pritchard (2003)
       Code by Pritchard, Falush and Hubisz
             Version 2.3.4 (Jul 2012)
----------------------------------------------------



Command line arguments:   ./structure -K 9 -D 109020 -m brooktrout/mainparams -e brooktrout/extraparams -o brooktrout/250914_output/results_K9_rep20 
Input File:    brooktrout/brooktrout.txt

Run parameters:
   8454 individuals
   5 loci
   9 populations assumed
   50000 Burn-in period
   100000 Reps
RANDOMIZE turned off


--------------------------------------------
Overall proportion of membership of the
sample in each of the 9 clusters

Inferred Clusters
  1      2      3      4      5      6      7      8      9    
0.010  0.010  0.029  0.082  0.144  0.159  0.175  0.189  0.202  

--------------------------------------------

Allele-freq. divergence among pops (Net nucleotide distance),
computed using point estimates of P.

      1       2       3       4       5       6       7       8       9      
 1      -    0.1337  0.1449  0.1533  0.1079  0.1354  0.1178  0.1135  0.1212  
 2   0.1337     -    0.2070  0.1783  0.1859  0.1461  0.1748  0.1757  0.1658  
 3   0.1449  0.2070     -    0.1562  0.1781  0.2280  0.1928  0.1272  0.1838  
 4   0.1533  0.1783  0.1562     -    0.1762  0.1575  0.1719  0.1280  0.1160  
 5   0.1079  0.1859  0.1781  0.1762     -    0.1919  0.1007  0.0851  0.1449  
 6   0.1354  0.1461  0.2280  0.1575  0.1919     -    0.1954  0.1906  0.0701  
 7   0.1178  0.1748  0.1928  0.1719  0.1007  0.1954     -    0.0984  0.1365  
 8   0.1135  0.1757  0.1272  0.1280  0.0851  0.1906  0.0984     -    0.1384  
 9   0.1212  0.1658  0.1838  0.1160  0.1449  0.0701  0.1365  0.1384     -    

Average distances (expected heterozygosity) between individuals in same cluster:
cluster  1  : 0.8204 
cluster  2  : 0.7664 
cluster  3  : 0.7451 
cluster  4  : 0.7683 
cluster  5  : 0.7233 
cluster  6  : 0.6986 
cluster  7  : 0.7278 
cluster  8  : 0.7724 
cluster  9  : 0.7221 

--------------------------------------------
Estimated Ln Prob of Data   = -184388.0
Mean value of ln likelihood = -172292.4
Variance of ln likelihood   = 24191.3

Mean value of alpha_1       = 0.0472
Mean value of alpha_2       = 0.0458
Mean value of alpha_3       = 0.1288
Mean value of alpha_4       = 0.3757
Mean value of alpha_5       = 0.6656
Mean value of alpha_6       = 0.7285
Mean value of alpha_7       = 0.8114
Mean value of alpha_8       = 0.8631
Mean value of alpha_9       = 0.9436
Allele frequencies uncorrelated


Inferred ancestry of individuals:
     (%Miss) :  Inferred clusters
  1    (0)   :  0.007 0.011 0.017 0.075 0.146 0.148 0.235 0.110 0.252 
  2    (0)   :  0.005 0.004 0.025 0.063 0.179 0.110 0.085 0.309 0.221 
  3    (0)   :  0.008 0.005 0.010 0.070 0.261 0.112 0.179 0.112 0.244 
  4    (0)   :  0.013 0.018 0.015 0.064 0.100 0.312 0.108 0.124 0.247 
  5    (0)   :  0.006 0.008 0.031 0.073 0.254 0.109 0.092 0.265 0.164 
  6    (0)   :  0.006 0.005 0.011 0.045 0.416 0.115 0.128 0.180 0.096 
  7    (0)   :  0.008 0.005 0.016 0.036 0.187 0.087 0.224 0.307 0.130 
  8    (0)   :  0.022 0.137 0.014 0.044 0.182 0.140 0.133 0.130 0.198 
  9    (0)   :  0.010 0.005 0.024 0.051 0.207 0.100 0.131 0.216 0.256 
 10    (0)   :  0.009 0.103 0.016 0.031 0.224 0.122 0.160 0.174 0.161 
 11    (0)   :  0.005 0.004 0.024 0.032 0.135 0.074 0.348 0.233 0.145 
 12    (0)   :  0.006 0.004 0.018 0.071 0.214 0.156 0.085 0.287 0.159 
 13    (0)   :  0.008 0.005 0.020 0.051 0.222 0.107 0.114 0.239 0.235 
 14    (0)   :  0.005 0.015 0.013 0.148 0.183 0.140 0.145 0.120 0.231 
 15    (0)   :  0.007 0.006 0.015 0.065 0.131 0.219 0.159 0.167 0.231 
 16    (0)   :  0.005 0.004 0.019 0.041 0.226 0.091 0.257 0.135 0.219 
 17    (0)   :  0.010 0.005 0.022 0.099 0.343 0.123 0.097 0.140 0.160 
 18    (0)   :  0.011 0.006 0.014 0.058 0.182 0.198 0.186 0.163 0.183 
 19    (0)   :  0.005 0.004 0.014 0.035 0.384 0.107 0.120 0.175 0.155 
 20    (0)   :  0.006 0.005 0.020 0.058 0.175 0.146 0.168 0.264 0.157 
 21    (0)   :  0.005 0.009 0.013 0.081 0.118 0.214 0.176 0.128 0.257 
 22    (0)   :  0.009 0.004 0.013 0.049 0.356 0.112 0.118 0.133 0.205 
 23    (0)   :  0.009 0.014 0.032 0.100 0.131 0.133 0.114 0.121 0.345 
 24    (0)   :  0.006 0.004 0.018 0.041 0.131 0.138 0.207 0.121 0.334 
 25    (0)   :  0.006 0.005 0.016 0.054 0.331 0.073 0.127 0.272 0.116 
 26    (0)   :  0.009 0.004 0.015 0.059 0.227 0.190 0.144 0.159 0.191 
 27    (0)   :  0.007 0.005 0.019 0.084 0.240 0.133 0.155 0.152 0.205 
 28    (0)   :  0.006 0.024 0.014 0.057 0.111 0.286 0.218 0.130 0.154 
 29    (0)   :  0.004 0.004 0.024 0.046 0.140 0.087 0.125 0.310 0.259 
 30    (0)   :  0.006 0.004 0.015 0.061 0.303 0.093 0.163 0.143 0.212 
 31    (0)   :  0.014 0.110 0.022 0.083 0.141 0.102 0.117 0.250 0.163 
 32    (0)   :  0.005 0.010 0.012 0.055 0.300 0.162 0.108 0.135 0.213 
 33    (0)   :  0.006 0.004 0.014 0.046 0.159 0.098 0.208 0.163 0.302 
 34    (0)   :  0.007 0.117 0.032 0.036 0.239 0.091 0.158 0.224 0.097 
 35    (0)   :  0.013 0.004 0.035 0.160 0.245 0.079 0.104 0.147 0.212 
 36    (0)   :  0.005 0.007 0.013 0.104 0.082 0.072 0.314 0.095 0.308 
 37    (0)   :  0.008 0.005 0.012 0.057 0.144 0.122 0.098 0.153 0.402 
 38    (0)   :  0.006 0.004 0.031 0.064 0.101 0.062 0.417 0.154 0.161 
 39    (0)   :  0.008 0.005 0.027 0.113 0.132 0.099 0.255 0.197 0.164 
 40    (0)   :  0.005 0.004 0.013 0.104 0.142 0.087 0.119 0.090 0.436 
 41    (0)   :  0.008 0.007 0.031 0.102 0.124 0.059 0.236 0.137 0.296 
 42    (0)   :  0.005 0.004 0.021 0.062 0.058 0.100 0.232 0.092 0.424 
 43    (0)   :  0.009 0.009 0.020 0.124 0.115 0.082 0.091 0.170 0.381 
 44    (0)   :  0.008 0.004 0.016 0.252 0.182 0.058 0.092 0.158 0.230 
 45    (0)   :  0.006 0.004 0.027 0.124 0.085 0.065 0.265 0.199 0.226 
 46    (0)   :  0.012 0.004 0.018 0.147 0.263 0.105 0.139 0.191 0.119 
 47    (0)   :  0.018 0.009 0.025 0.053 0.262 0.099 0.094 0.174 0.265 
 48    (0)   :  0.009 0.004 0.021 0.310 0.192 0.063 0.081 0.103 0.217 
 49    (0)   :  0.011 0.005 0.047 0.106 0.133 0.088 0.187 0.151 0.271 
 50    (0)   :  0.012 0.034 0.022 0.063 0.271 0.101 0.157 0.229 0.111 
 51    (0)   :  0.005 0.007 0.019 0.214 0.062 0.059 0.230 0.098 0.307 
 52    (0)   :  0.012 0.004 0.031 0.090 0.124 0.116 0.271 0.179 0.173 
 53    (0)   :  0.008 0.012 0.017 0.061 0.147 0.092 0.338 0.117 0.207 
 54    (0)   :  0.009 0.004 0.024 0.119 0.143 0.109 0.076 0.240 0.275 
 55    (0)   :  0.007 0.004 0.019 0.340 0.121 0.087 0.084 0.138 0.200 
 56    (0)   :  0.007 0.004 0.032 0.169 0.190 0.094 0.134 0.099 0.272 
 57    (0)   :  0.017 0.011 0.025 0.035 0.247 0.226 0.124 0.138 0.176 
 58    (0)   :  0.006 0.004 0.029 0.137 0.094 0.083 0.178 0.161 0.307 
 59    (0)   :  0.006 0.004 0.061 0.101 0.101 0.082 0.265 0.149 0.231 
 60    (0)   :  0.005 0.010 0.013 0.164 0.083 0.134 0.162 0.102 0.328 
 61    (0)   :  0.005 0.004 0.017 0.237 0.068 0.120 0.079 0.188 0.283 
 62    (0)   :  0.014 0.004 0.095 0.073 0.176 0.139 0.148 0.207 0.144 
 63    (0)   :  0.004 0.004 0.014 0.075 0.088 0.101 0.166 0.215 0.332 
 64    (0)   :  0.007 0.004 0.023 0.052 0.299 0.077 0.208 0.152 0.178 
 65    (0)   :  0.006 0.004 0.018 0.057 0.155 0.070 0.119 0.455 0.114 
 66    (0)   :  0.006 0.010 0.019 0.074 0.092 0.151 0.120 0.238 0.290 
 67    (0)   :  0.006 0.004 0.018 0.250 0.120 0.076 0.079 0.232 0.214 
 68    (0)   :  0.007 0.005 0.050 0.105 0.080 0.092 0.278 0.129 0.254 
 69    (0)   :  0.007 0.248 0.045 0.060 0.101 0.077 0.249 0.112 0.101 
 70    (0)   :  0.005 0.011 0.015 0.104 0.072 0.085 0.281 0.130 0.298 
 71    (0)   :  0.006 0.007 0.058 0.143 0.103 0.061 0.266 0.173 0.182 
 72    (0)   :  0.006 0.007 0.012 0.091 0.174 0.068 0.292 0.128 0.222 
 73    (0)   :  0.006 0.008 0.061 0.142 0.098 0.070 0.126 0.248 0.242 
 74    (0)   :  0.005 0.004 0.012 0.085 0.080 0.091 0.273 0.088 0.363 
 75    (0)   :  0.005 0.007 0.016 0.084 0.070 0.100 0.211 0.077 0.429 
 76    (0)   :  0.006 0.004 0.012 0.148 0.113 0.082 0.126 0.276 0.234 
 77    (0)   :  0.005 0.004 0.031 0.084 0.086 0.057 0.286 0.218 0.230 
 78    (0)   :  0.006 0.005 0.034 0.067 0.092 0.057 0.349 0.153 0.237 
 79    (0)   :  0.005 0.005 0.015 0.034 0.157 0.092 0.205 0.312 0.174 
 80    (0)   :  0.005 0.004 0.012 0.035 0.075 0.250 0.116 0.150 0.354 
 81    (0)   :  0.006 0.005 0.011 0.031 0.082 0.259 0.155 0.202 0.249 
 82    (0)   :  0.005 0.005 0.029 0.083 0.094 0.114 0.115 0.218 0.337 
 83    (0)   :  0.005 0.006 0.010 0.055 0.098 0.202 0.233 0.163 0.228 
 84    (0)   :  0.005 0.005 0.011 0.036 0.098 0.186 0.217 0.226 0.216 
 85    (0)   :  0.005 0.006 0.011 0.047 0.137 0.207 0.217 0.130 0.240 
 86    (0)   :  0.008 0.004 0.022 0.171 0.192 0.103 0.112 0.235 0.153 
 87    (0)   :  0.006 0.012 0.014 0.048 0.092 0.095 0.244 0.299 0.190 
 88    (0)   :  0.005 0.004 0.013 0.039 0.081 0.149 0.137 0.220 0.352 
 89    (0)   :  0.006 0.011 0.011 0.033 0.078 0.177 0.130 0.193 0.361 
 90    (0)   :  0.005 0.004 0.013 0.036 0.085 0.106 0.158 0.406 0.186 
 91    (0)   :  0.005 0.006 0.010 0.048 0.093 0.247 0.187 0.111 0.293 
 92    (0)   :  0.005 0.005 0.015 0.040 0.118 0.122 0.162 0.273 0.260 
 93    (0)   :  0.005 0.024 0.012 0.035 0.075 0.371 0.099 0.097 0.281 
 94    (0)   :  0.005 0.005 0.011 0.046 0.072 0.088 0.469 0.179 0.126 
 95    (0)   :  0.005 0.005 0.012 0.035 0.065 0.138 0.140 0.340 0.260 
 96    (0)   :  0.005 0.005 0.017 0.156 0.062 0.121 0.087 0.172 0.375 
 97    (0)   :  0.006 0.004 0.015 0.083 0.074 0.113 0.228 0.090 0.385 
 98    (0)   :  0.004 0.004 0.017 0.072 0.136 0.075 0.135 0.209 0.348 
 99    (0)   :  0.005 0.005 0.012 0.033 0.090 0.177 0.178 0.292 0.210 
100    (0)   :  0.005 0.004 0.014 0.045 0.071 0.229 0.071 0.109 0.452 
101    (0)   :  0.006 0.044 0.015 0.052 0.092 0.098 0.179 0.237 0.276 
102    (0)   :  0.006 0.006 0.026 0.073 0.078 0.191 0.174 0.156 0.291 
103    (0)   :  0.005 0.022 0.015 0.058 0.086 0.180 0.094 0.379 0.162 
104    (0)   :  0.005 0.009 0.014 0.051 0.088 0.138 0.113 0.499 0.083 
105    (0)   :  0.006 0.020 0.033 0.053 0.080 0.173 0.089 0.429 0.117 
106    (0)   :  0.005 0.004 0.013 0.053 0.118 0.056 0.267 0.390 0.094 
107    (0)   :  0.006 0.014 0.021 0.067 0.088 0.154 0.102 0.396 0.152 
108    (0)   :  0.004 0.005 0.012 0.393 0.114 0.089 0.129 0.146 0.108 
109    (0)   :  0.007 0.009 0.139 0.082 0.120 0.063 0.225 0.259 0.097 
110    (0)   :  0.006 0.007 0.016 0.037 0.107 0.060 0.321 0.345 0.101 
111    (0)   :  0.007 0.007 0.029 0.051 0.083 0.094 0.096 0.538 0.095 
112    (0)   :  0.005 0.005 0.206 0.061 0.072 0.067 0.260 0.229 0.097 
113    (0)   :  0.006 0.009 0.017 0.112 0.161 0.119 0.154 0.220 0.203 
114    (0)   :  0.005 0.009 0.024 0.042 0.079 0.166 0.115 0.467 0.093 
115    (0)   :  0.006 0.005 0.033 0.152 0.107 0.084 0.107 0.355 0.150 
116    (0)   :  0.007 0.004 0.022 0.144 0.109 0.057 0.276 0.261 0.119 
117    (0)   :  0.008 0.011 0.046 0.047 0.113 0.067 0.259 0.319 0.131 
118    (0)   :  0.005 0.004 0.034 0.113 0.119 0.101 0.094 0.400 0.131 
119    (0)   :  0.005 0.006 0.011 0.134 0.068 0.125 0.143 0.174 0.333 
120    (0)   :  0.006 0.006 0.049 0.114 0.102 0.106 0.144 0.327 0.146 
121    (0)   :  0.013 0.013 0.072 0.188 0.095 0.063 0.140 0.293 0.123 
122    (0)   :  0.005 0.008 0.022 0.047 0.113 0.081 0.248 0.371 0.105 
123    (0)   :  0.005 0.008 0.017 0.069 0.090 0.107 0.191 0.394 0.117 
124    (0)   :  0.009 0.005 0.037 0.123 0.133 0.082 0.230 0.272 0.109 
125    (0)   :  0.006 0.006 0.050 0.056 0.157 0.068 0.370 0.150 0.138 
126    (0)   :  0.004 0.004 0.012 0.120 0.073 0.108 0.304 0.237 0.136 
127    (0)   :  0.006 0.005 0.026 0.064 0.071 0.099 0.121 0.504 0.103 
128    (0)   :  0.005 0.004 0.025 0.090 0.103 0.101 0.088 0.454 0.131 
129    (0)   :  0.006 0.018 0.017 0.059 0.087 0.075 0.086 0.551 0.100 
130    (0)   :  0.006 0.012 0.040 0.046 0.089 0.149 0.126 0.416 0.115 
131    (0)   :  0.011 0.019 0.043 0.104 0.108 0.061 0.323 0.233 0.098 
132    (0)   :  0.005 0.009 0.015 0.057 0.100 0.072 0.195 0.454 0.093 
133    (0)   :  0.009 0.013 0.018 0.096 0.098 0.120 0.116 0.404 0.125 
134    (0)   :  0.005 0.004 0.023 0.033 0.089 0.051 0.227 0.487 0.082 
135    (0)   :  0.006 0.004 0.029 0.136 0.060 0.305 0.109 0.085 0.265 
136    (0)   :  0.006 0.008 0.016 0.040 0.118 0.444 0.083 0.073 0.212 
137    (0)   :  0.005 0.010 0.034 0.033 0.074 0.343 0.091 0.095 0.314 
138    (0)   :  0.005 0.004 0.011 0.048 0.065 0.547 0.107 0.074 0.140 
139    (0)   :  0.005 0.008 0.017 0.108 0.113 0.261 0.106 0.129 0.252 
140    (0)   :  0.006 0.013 0.014 0.074 0.075 0.260 0.168 0.145 0.245 
141    (0)   :  0.006 0.024 0.016 0.050 0.138 0.404 0.124 0.079 0.160 
142    (0)   :  0.006 0.011 0.027 0.170 0.061 0.290 0.099 0.089 0.246 
143    (0)   :  0.004 0.004 0.011 0.037 0.063 0.433 0.074 0.072 0.302 
144    (0)   :  0.005 0.005 0.034 0.038 0.066 0.385 0.084 0.096 0.286 
145    (0)   :  0.007 0.009 0.019 0.059 0.147 0.301 0.119 0.080 0.258 
146    (0)   :  0.008 0.010 0.014 0.049 0.106 0.284 0.161 0.136 0.232 
147    (0)   :  0.005 0.008 0.011 0.032 0.071 0.494 0.079 0.071 0.229 
148    (0)   :  0.006 0.036 0.024 0.079 0.118 0.320 0.095 0.122 0.199 
149    (0)   :  0.006 0.172 0.015 0.075 0.073 0.199 0.115 0.075 0.271 
150    (0)   :  0.006 0.011 0.038 0.040 0.083 0.320 0.102 0.144 0.257 
151    (0)   :  0.006 0.004 0.012 0.040 0.069 0.410 0.091 0.098 0.269 
152    (0)   :  0.006 0.013 0.021 0.124 0.131 0.336 0.105 0.091 0.174 
153    (0)   :  0.005 0.008 0.012 0.061 0.069 0.425 0.151 0.087 0.182 
154    (0)   :  0.006 0.228 0.015 0.079 0.121 0.201 0.084 0.075 0.191 
155    (0)   :  0.005 0.005 0.010 0.038 0.067 0.556 0.084 0.103 0.131 
156    (0)   :  0.005 0.004 0.017 0.108 0.058 0.395 0.088 0.106 0.219 
157    (0)   :  0.005 0.008 0.010 0.031 0.067 0.415 0.138 0.141 0.184 
158    (0)   :  0.007 0.009 0.020 0.050 0.138 0.314 0.129 0.074 0.259 
159    (0)   :  0.006 0.089 0.014 0.034 0.071 0.386 0.080 0.072 0.248 
160    (0)   :  0.007 0.082 0.014 0.036 0.072 0.447 0.080 0.075 0.186 
161    (0)   :  0.005 0.009 0.012 0.039 0.078 0.180 0.141 0.093 0.444 
162    (0)   :  0.009 0.009 0.014 0.058 0.114 0.319 0.151 0.151 0.174 
163    (0)   :  0.005 0.004 0.011 0.056 0.061 0.530 0.089 0.091 0.153 
164    (0)   :  0.009 0.141 0.012 0.055 0.087 0.241 0.119 0.159 0.176 
165    (0)   :  0.007 0.005 0.037 0.041 0.070 0.363 0.103 0.131 0.242 
166    (0)   :  0.005 0.148 0.010 0.066 0.069 0.215 0.154 0.130 0.203 
167    (0)   :  0.010 0.277 0.012 0.048 0.141 0.233 0.082 0.090 0.107 
168    (0)   :  0.005 0.006 0.011 0.059 0.079 0.423 0.173 0.077 0.167 
169    (0)   :  0.008 0.009 0.021 0.046 0.137 0.251 0.248 0.072 0.209 
170    (0)   :  0.005 0.004 0.011 0.045 0.063 0.141 0.085 0.098 0.548 
171    (0)   :  0.006 0.008 0.012 0.075 0.118 0.363 0.134 0.097 0.187 
172    (0)   :  0.005 0.027 0.018 0.079 0.071 0.219 0.221 0.071 0.288 
173    (0)   :  0.005 0.007 0.013 0.041 0.074 0.543 0.074 0.079 0.164 
174    (0)   :  0.006 0.008 0.011 0.031 0.077 0.491 0.101 0.100 0.176 
175    (0)   :  0.006 0.005 0.012 0.039 0.116 0.332 0.072 0.075 0.343 
176    (0)   :  0.005 0.005 0.034 0.038 0.065 0.381 0.084 0.098 0.290 
177    (0)   :  0.006 0.009 0.012 0.037 0.070 0.358 0.221 0.129 0.160 
178    (0)   :  0.006 0.009 0.012 0.034 0.135 0.456 0.097 0.107 0.145 
179    (0)   :  0.005 0.016 0.010 0.034 0.072 0.559 0.074 0.079 0.152 
180    (0)   :  0.010 0.031 0.015 0.058 0.105 0.285 0.129 0.102 0.265 
181    (0)   :  0.006 0.008 0.017 0.059 0.081 0.306 0.112 0.081 0.330 
182    (0)   :  0.007 0.005 0.015 0.066 0.064 0.408 0.076 0.077 0.283 
183    (0)   :  0.005 0.007 0.011 0.038 0.074 0.469 0.075 0.079 0.241 
184    (0)   :  0.007 0.004 0.016 0.084 0.275 0.106 0.081 0.192 0.234 
185    (0)   :  0.004 0.005 0.016 0.132 0.058 0.463 0.064 0.069 0.188 
186    (0)   :  0.006 0.004 0.011 0.055 0.154 0.091 0.091 0.385 0.203 
187    (0)   :  0.004 0.005 0.011 0.072 0.127 0.277 0.078 0.226 0.199 
188    (0)   :  0.006 0.004 0.013 0.065 0.138 0.083 0.075 0.475 0.141 
189    (0)   :  0.005 0.005 0.011 0.081 0.193 0.182 0.159 0.091 0.274 
190    (0)   :  0.004 0.004 0.017 0.325 0.054 0.200 0.063 0.086 0.247 
191    (0)   :  0.005 0.005 0.022 0.065 0.141 0.178 0.080 0.319 0.185 
192    (0)   :  0.004 0.004 0.012 0.040 0.133 0.179 0.091 0.242 0.295 
193    (0)   :  0.005 0.004 0.021 0.077 0.159 0.165 0.099 0.179 0.291 
194    (0)   :  0.005 0.005 0.012 0.078 0.102 0.135 0.100 0.180 0.383 
195    (0)   :  0.005 0.005 0.011 0.120 0.066 0.353 0.068 0.114 0.258 
196    (0)   :  0.004 0.004 0.019 0.189 0.085 0.186 0.080 0.156 0.277 
197    (0)   :  0.005 0.005 0.014 0.090 0.214 0.215 0.091 0.232 0.134 
198    (0)   :  0.005 0.004 0.012 0.081 0.153 0.140 0.164 0.207 0.233 
199    (0)   :  0.005 0.004 0.018 0.138 0.076 0.113 0.083 0.106 0.457 
200    (0)   :  0.005 0.004 0.027 0.232 0.135 0.180 0.098 0.109 0.210 
201    (0)   :  0.004 0.004 0.011 0.073 0.094 0.412 0.067 0.134 0.201 
202    (0)   :  0.004 0.004 0.014 0.090 0.064 0.234 0.067 0.108 0.415 
203    (0)   :  0.005 0.004 0.016 0.065 0.086 0.471 0.064 0.128 0.161 
204    (0)   :  0.005 0.004 0.016 0.124 0.071 0.206 0.068 0.168 0.337 
205    (0)   :  0.005 0.004 0.015 0.181 0.114 0.139 0.098 0.184 0.260 
206    (0)   :  0.005 0.005 0.013 0.127 0.096 0.265 0.066 0.182 0.240 
207    (0)   :  0.005 0.004 0.023 0.100 0.089 0.105 0.066 0.237 0.372 
208    (0)   :  0.005 0.004 0.015 0.144 0.093 0.318 0.072 0.184 0.165 
209    (0)   :  0.005 0.004 0.021 0.076 0.143 0.150 0.082 0.242 0.277 
210    (0)   :  0.004 0.004 0.013 0.082 0.090 0.255 0.076 0.245 0.230 
211    (0)   :  0.006 0.004 0.046 0.204 0.084 0.159 0.064 0.186 0.247 
212    (0)   :  0.004 0.004 0.013 0.078 0.097 0.298 0.081 0.093 0.331 
213    (0)   :  0.005 0.004 0.016 0.127 0.067 0.104 0.144 0.214 0.317 
214    (0)   :  0.005 0.004 0.016 0.068 0.091 0.312 0.066 0.108 0.330 
215    (0)   :  0.005 0.004 0.022 0.206 0.120 0.128 0.084 0.252 0.178 
216    (0)   :  0.007 0.004 0.017 0.087 0.249 0.118 0.090 0.176 0.252 
217    (0)   :  0.004 0.004 0.012 0.086 0.109 0.282 0.071 0.106 0.324 
218    (0)   :  0.005 0.004 0.015 0.077 0.123 0.166 0.097 0.210 0.302 
219    (0)   :  0.007 0.005 0.011 0.073 0.224 0.244 0.095 0.117 0.225 
220    (0)   :  0.005 0.004 0.018 0.104 0.096 0.171 0.071 0.319 0.212 
221    (0)   :  0.004 0.004 0.013 0.064 0.060 0.159 0.065 0.072 0.559 
222    (0)   :  0.006 0.004 0.011 0.062 0.266 0.136 0.090 0.173 0.251 
223    (0)   :  0.004 0.005 0.011 0.074 0.140 0.304 0.093 0.159 0.210 
224    (0)   :  0.005 0.005 0.013 0.070 0.097 0.352 0.067 0.147 0.243 
225    (0)   :  0.005 0.004 0.014 0.129 0.098 0.160 0.085 0.160 0.345 
226    (0)   :  0.006 0.005 0.018 0.087 0.201 0.158 0.154 0.122 0.248 
227    (0)   :  0.004 0.005 0.014 0.141 0.067 0.197 0.066 0.164 0.342 
228    (0)   :  0.004 0.004 0.016 0.221 0.062 0.327 0.064 0.096 0.205 
229    (0)   :  0.005 0.004 0.013 0.040 0.102 0.297 0.067 0.202 0.272 
230    (0)   :  0.005 0.004 0.017 0.051 0.099 0.263 0.066 0.201 0.293 
231    (0)   :  0.004 0.004 0.015 0.049 0.148 0.358 0.077 0.165 0.180 
232    (0)   :  0.005 0.004 0.015 0.068 0.076 0.133 0.150 0.134 0.413 
233    (0)   :  0.005 0.004 0.015 0.055 0.094 0.453 0.067 0.110 0.198 
234    (0)   :  0.004 0.004 0.014 0.052 0.188 0.228 0.104 0.212 0.194 
235    (0)   :  0.005 0.004 0.012 0.090 0.129 0.182 0.094 0.154 0.331 
236    (0)   :  0.005 0.004 0.016 0.065 0.136 0.317 0.082 0.135 0.239 
237    (0)   :  0.005 0.004 0.028 0.143 0.098 0.202 0.080 0.191 0.249 
238    (0)   :  0.004 0.004 0.013 0.054 0.093 0.264 0.076 0.145 0.347 
239    (0)   :  0.005 0.005 0.011 0.121 0.066 0.353 0.067 0.114 0.257 
240    (0)   :  0.004 0.004 0.013 0.054 0.093 0.267 0.076 0.144 0.344 
241    (0)   :  0.005 0.004 0.013 0.067 0.071 0.205 0.082 0.091 0.461 
242    (0)   :  0.005 0.005 0.012 0.090 0.144 0.211 0.110 0.148 0.275 
243    (0)   :  0.004 0.004 0.022 0.249 0.073 0.207 0.064 0.126 0.251 
244    (0)   :  0.005 0.004 0.017 0.063 0.095 0.386 0.067 0.138 0.226 
245    (0)   :  0.004 0.004 0.011 0.066 0.067 0.401 0.083 0.104 0.260 
246    (0)   :  0.004 0.004 0.012 0.085 0.108 0.284 0.071 0.108 0.323 
247    (0)   :  0.004 0.004 0.013 0.075 0.098 0.083 0.150 0.379 0.195 
248    (0)   :  0.005 0.004 0.021 0.189 0.115 0.120 0.082 0.301 0.165 
249    (0)   :  0.005 0.004 0.017 0.053 0.095 0.194 0.066 0.146 0.421 
250    (0)   :  0.005 0.004 0.016 0.051 0.142 0.207 0.080 0.187 0.307 
251    (0)   :  0.005 0.004 0.026 0.146 0.216 0.142 0.137 0.131 0.194 
252    (0)   :  0.005 0.004 0.011 0.092 0.103 0.188 0.086 0.164 0.348 
253    (0)   :  0.005 0.004 0.014 0.111 0.115 0.099 0.129 0.189 0.333 
254    (0)   :  0.006 0.004 0.012 0.088 0.228 0.193 0.076 0.185 0.207 
255    (0)   :  0.004 0.004 0.015 0.054 0.148 0.176 0.082 0.244 0.272 
256    (0)   :  0.005 0.004 0.016 0.082 0.098 0.175 0.077 0.123 0.420 
257    (0)   :  0.010 0.007 0.019 0.116 0.111 0.156 0.088 0.199 0.295 
258    (0)   :  0.004 0.004 0.018 0.212 0.111 0.156 0.116 0.224 0.155 
259    (0)   :  0.006 0.005 0.016 0.076 0.139 0.152 0.079 0.195 0.332 
260    (0)   :  0.006 0.004 0.012 0.050 0.237 0.258 0.077 0.144 0.212 
261    (0)   :  0.004 0.004 0.011 0.131 0.096 0.282 0.087 0.116 0.271 
262    (0)   :  0.004 0.004 0.014 0.164 0.068 0.236 0.070 0.078 0.362 
263    (0)   :  0.007 0.004 0.019 0.128 0.162 0.202 0.066 0.209 0.203 
264    (0)   :  0.008 0.004 0.015 0.096 0.373 0.072 0.104 0.191 0.136 
265    (0)   :  0.005 0.004 0.012 0.112 0.165 0.238 0.095 0.183 0.186 
266    (0)   :  0.004 0.004 0.014 0.093 0.062 0.302 0.067 0.076 0.378 
267    (0)   :  0.004 0.004 0.019 0.068 0.133 0.204 0.075 0.193 0.299 
268    (0)   :  0.004 0.004 0.019 0.187 0.085 0.184 0.078 0.156 0.282 
269    (0)   :  0.004 0.004 0.012 0.072 0.254 0.243 0.114 0.117 0.180 
270    (0)   :  0.007 0.008 0.016 0.084 0.209 0.141 0.096 0.212 0.227 
271    (0)   :  0.005 0.004 0.022 0.209 0.116 0.142 0.098 0.219 0.186 
272    (0)   :  0.006 0.005 0.028 0.178 0.150 0.142 0.145 0.137 0.208 
273    (0)   :  0.025 0.040 0.030 0.064 0.144 0.187 0.128 0.160 0.222 
274    (0)   :  0.005 0.004 0.016 0.111 0.183 0.157 0.115 0.176 0.233 
275    (0)   :  0.008 0.023 0.023 0.097 0.217 0.194 0.099 0.126 0.212 
276    (0)   :  0.006 0.005 0.027 0.119 0.127 0.098 0.122 0.150 0.345 
277    (0)   :  0.005 0.005 0.011 0.062 0.153 0.212 0.096 0.163 0.294 
278    (0)   :  0.004 0.004 0.021 0.296 0.111 0.165 0.084 0.168 0.146 
279    (0)   :  0.005 0.004 0.016 0.083 0.148 0.182 0.096 0.159 0.307 
280    (0)   :  0.005 0.004 0.013 0.108 0.171 0.190 0.127 0.130 0.253 
281    (0)   :  0.005 0.004 0.016 0.099 0.111 0.159 0.116 0.250 0.239 
282    (0)   :  0.004 0.004 0.012 0.050 0.141 0.352 0.083 0.134 0.221 
283    (0)   :  0.004 0.005 0.012 0.048 0.094 0.341 0.065 0.148 0.284 
284    (0)   :  0.004 0.009 0.020 0.080 0.126 0.220 0.100 0.208 0.233 
285    (0)   :  0.005 0.004 0.024 0.255 0.103 0.073 0.110 0.277 0.150 
286    (0)   :  0.005 0.004 0.018 0.063 0.095 0.387 0.067 0.138 0.224 
287    (0)   :  0.005 0.005 0.011 0.073 0.147 0.184 0.133 0.208 0.235 
288    (0)   :  0.006 0.005 0.018 0.092 0.186 0.144 0.125 0.177 0.247 
289    (0)   :  0.008 0.009 0.022 0.125 0.142 0.117 0.100 0.271 0.207 
290    (0)   :  0.007 0.004 0.032 0.120 0.162 0.100 0.105 0.147 0.321 
291    (0)   :  0.005 0.004 0.022 0.209 0.114 0.142 0.099 0.219 0.186 
292    (0)   :  0.004 0.004 0.012 0.163 0.112 0.188 0.130 0.097 0.289 
293    (0)   :  0.006 0.004 0.028 0.150 0.202 0.105 0.141 0.166 0.199 
294    (0)   :  0.008 0.005 0.018 0.143 0.151 0.135 0.074 0.184 0.283 
295    (0)   :  0.006 0.013 0.030 0.153 0.137 0.126 0.129 0.140 0.266 
296    (0)   :  0.005 0.004 0.023 0.152 0.097 0.151 0.091 0.232 0.245 
297    (0)   :  0.005 0.004 0.012 0.073 0.184 0.120 0.124 0.178 0.299 
298    (0)   :  0.004 0.004 0.012 0.040 0.146 0.238 0.081 0.187 0.287 
299    (0)   :  0.007 0.005 0.013 0.062 0.172 0.157 0.066 0.289 0.229 
300    (0)   :  0.005 0.004 0.021 0.111 0.102 0.125 0.094 0.246 0.292 
301    (0)   :  0.006 0.008 0.016 0.082 0.316 0.138 0.088 0.130 0.215 
302    (0)   :  0.008 0.010 0.023 0.272 0.138 0.153 0.075 0.136 0.185 
303    (0)   :  0.005 0.004 0.015 0.063 0.104 0.307 0.099 0.142 0.263 
304    (0)   :  0.006 0.007 0.015 0.035 0.220 0.305 0.091 0.160 0.162 
305    (0)   :  0.005 0.009 0.016 0.131 0.084 0.293 0.079 0.100 0.285 
306    (0)   :  0.005 0.004 0.012 0.061 0.119 0.202 0.083 0.106 0.407 
307    (0)   :  0.006 0.005 0.016 0.074 0.153 0.169 0.095 0.139 0.343 
308    (0)   :  0.004 0.004 0.011 0.131 0.095 0.281 0.087 0.117 0.270 
309    (0)   :  0.020 0.029 0.042 0.097 0.094 0.154 0.080 0.326 0.157 
310    (0)   :  0.005 0.004 0.016 0.121 0.088 0.243 0.067 0.126 0.331 
311    (0)   :  0.005 0.005 0.018 0.050 0.100 0.263 0.067 0.200 0.292 
312    (0)   :  0.005 0.004 0.018 0.107 0.076 0.157 0.071 0.352 0.209 
313    (0)   :  0.005 0.005 0.017 0.353 0.080 0.094 0.076 0.165 0.205 
314    (0)   :  0.005 0.026 0.014 0.061 0.066 0.464 0.080 0.070 0.216 
315    (0)   :  0.004 0.029 0.010 0.068 0.080 0.453 0.116 0.072 0.168 
316    (0)   :  0.007 0.076 0.012 0.045 0.092 0.429 0.126 0.076 0.137 
317    (0)   :  0.005 0.026 0.014 0.037 0.067 0.516 0.080 0.072 0.182 
318    (0)   :  0.005 0.058 0.012 0.029 0.073 0.539 0.084 0.072 0.130 
319    (0)   :  0.005 0.004 0.011 0.037 0.063 0.511 0.075 0.072 0.221 
320    (0)   :  0.005 0.027 0.014 0.061 0.065 0.462 0.080 0.070 0.216 
321    (0)   :  0.005 0.069 0.013 0.033 0.074 0.447 0.085 0.072 0.201 
322    (0)   :  0.008 0.030 0.014 0.067 0.083 0.395 0.120 0.077 0.205 
323    (0)   :  0.014 0.023 0.011 0.032 0.077 0.533 0.079 0.073 0.159 
324    (0)   :  0.006 0.068 0.013 0.033 0.074 0.451 0.084 0.071 0.200 
325    (0)   :  0.005 0.107 0.011 0.040 0.085 0.428 0.124 0.075 0.126 
326    (0)   :  0.006 0.353 0.011 0.036 0.077 0.189 0.105 0.075 0.148 
327    (0)   :  0.005 0.027 0.013 0.037 0.067 0.513 0.080 0.072 0.185 
328    (0)   :  0.005 0.037 0.011 0.051 0.083 0.376 0.120 0.076 0.242 
329    (0)   :  0.005 0.007 0.010 0.029 0.069 0.551 0.078 0.070 0.181 
330    (0)   :  0.005 0.026 0.013 0.037 0.067 0.516 0.081 0.072 0.182 
331    (0)   :  0.005 0.015 0.010 0.030 0.068 0.572 0.079 0.072 0.149 
332    (0)   :  0.008 0.337 0.011 0.036 0.081 0.199 0.107 0.075 0.147 
333    (0)   :  0.007 0.255 0.011 0.040 0.075 0.242 0.104 0.077 0.189 
334    (0)   :  0.005 0.037 0.012 0.050 0.082 0.378 0.119 0.076 0.241 
335    (0)   :  0.005 0.012 0.011 0.057 0.076 0.438 0.111 0.074 0.214 
336    (0)   :  0.009 0.268 0.011 0.046 0.073 0.252 0.082 0.070 0.189 
337    (0)   :  0.005 0.123 0.014 0.047 0.084 0.328 0.122 0.074 0.203 
338    (0)   :  0.006 0.263 0.011 0.029 0.074 0.309 0.083 0.072 0.154 
339    (0)   :  0.005 0.014 0.010 0.029 0.069 0.573 0.079 0.072 0.148 
340    (0)   :  0.005 0.007 0.010 0.032 0.063 0.596 0.074 0.072 0.142 
341    (0)   :  0.010 0.125 0.012 0.032 0.070 0.414 0.079 0.075 0.183 
342    (0)   :  0.005 0.026 0.013 0.037 0.067 0.520 0.081 0.072 0.181 
343    (0)   :  0.012 0.048 0.013 0.083 0.085 0.296 0.107 0.072 0.285 
344    (0)   :  0.005 0.015 0.010 0.029 0.068 0.581 0.078 0.071 0.142 
345    (0)   :  0.005 0.027 0.013 0.037 0.067 0.515 0.081 0.072 0.184 
346    (0)   :  0.005 0.023 0.011 0.032 0.067 0.588 0.080 0.071 0.123 
347    (0)   :  0.004 0.007 0.010 0.032 0.063 0.603 0.074 0.070 0.138 
348    (0)   :  0.004 0.012 0.011 0.099 0.072 0.382 0.104 0.073 0.242 
349    (0)   :  0.005 0.026 0.013 0.037 0.067 0.519 0.080 0.072 0.181 
350    (0)   :  0.005 0.007 0.010 0.047 0.068 0.536 0.078 0.071 0.179 
351    (0)   :  0.005 0.013 0.011 0.057 0.076 0.438 0.112 0.074 0.214 
352    (0)   :  0.005 0.047 0.014 0.058 0.079 0.416 0.119 0.076 0.185 
353    (0)   :  0.008 0.271 0.011 0.046 0.073 0.251 0.081 0.071 0.189 
354    (0)   :  0.007 0.026 0.012 0.030 0.072 0.536 0.081 0.073 0.162 
355    (0)   :  0.005 0.056 0.011 0.029 0.073 0.540 0.084 0.072 0.129 
356    (0)   :  0.004 0.005 0.011 0.096 0.071 0.301 0.102 0.072 0.337 
357    (0)   :  0.005 0.005 0.012 0.046 0.167 0.358 0.188 0.087 0.133 
358    (0)   :  0.005 0.220 0.011 0.037 0.079 0.289 0.110 0.074 0.176 
359    (0)   :  0.005 0.153 0.010 0.030 0.071 0.393 0.081 0.074 0.183 
360    (0)   :  0.005 0.022 0.012 0.031 0.067 0.588 0.080 0.071 0.123 
361    (0)   :  0.005 0.006 0.013 0.058 0.161 0.256 0.188 0.089 0.225 
362    (0)   :  0.005 0.012 0.014 0.065 0.121 0.130 0.302 0.190 0.162 
363    (0)   :  0.007 0.007 0.017 0.053 0.174 0.075 0.240 0.289 0.137 
364    (0)   :  0.012 0.008 0.022 0.049 0.246 0.167 0.097 0.133 0.266 
365    (0)   :  0.015 0.009 0.037 0.052 0.244 0.087 0.294 0.123 0.139 
366    (0)   :  0.006 0.007 0.021 0.129 0.235 0.127 0.146 0.121 0.209 
367    (0)   :  0.005 0.004 0.013 0.035 0.100 0.061 0.373 0.317 0.092 
368    (0)   :  0.005 0.005 0.015 0.041 0.137 0.093 0.138 0.398 0.169 
369    (0)   :  0.007 0.014 0.021 0.068 0.198 0.100 0.102 0.124 0.366 
370    (0)   :  0.013 0.020 0.026 0.051 0.152 0.093 0.116 0.351 0.179 
371    (0)   :  0.010 0.022 0.023 0.054 0.307 0.110 0.096 0.167 0.211 
372    (0)   :  0.044 0.027 0.046 0.066 0.099 0.124 0.112 0.266 0.217 
373    (0)   :  0.005 0.005 0.020 0.040 0.133 0.111 0.180 0.277 0.230 
374    (0)   :  0.007 0.006 0.032 0.039 0.175 0.135 0.174 0.147 0.284 
375    (0)   :  0.016 0.009 0.021 0.035 0.281 0.073 0.146 0.302 0.118 
376    (0)   :  0.109 0.006 0.015 0.034 0.196 0.066 0.329 0.134 0.110 
377    (0)   :  0.007 0.016 0.022 0.093 0.148 0.111 0.225 0.248 0.130 
378    (0)   :  0.006 0.012 0.018 0.053 0.072 0.184 0.252 0.249 0.154 
379    (0)   :  0.183 0.009 0.018 0.040 0.186 0.059 0.240 0.161 0.103 
380    (0)   :  0.011 0.011 0.018 0.054 0.146 0.123 0.276 0.099 0.262 
381    (0)   :  0.009 0.005 0.016 0.073 0.290 0.096 0.158 0.081 0.272 
382    (0)   :  0.005 0.007 0.013 0.034 0.351 0.086 0.185 0.211 0.107 
383    (0)   :  0.010 0.202 0.016 0.037 0.197 0.104 0.206 0.112 0.117 
384    (0)   :  0.043 0.066 0.025 0.038 0.287 0.126 0.140 0.147 0.126 
385    (0)   :  0.006 0.105 0.186 0.034 0.175 0.130 0.105 0.124 0.136 
386    (0)   :  0.004 0.004 0.013 0.041 0.164 0.075 0.345 0.226 0.128 
387    (0)   :  0.005 0.004 0.016 0.050 0.200 0.107 0.303 0.213 0.102 
388    (0)   :  0.015 0.011 0.040 0.036 0.191 0.173 0.169 0.173 0.193 
389    (0)   :  0.011 0.018 0.108 0.170 0.157 0.087 0.083 0.216 0.150 
390    (0)   :  0.019 0.022 0.025 0.085 0.100 0.067 0.366 0.189 0.127 
391    (0)   :  0.012 0.012 0.093 0.067 0.131 0.092 0.148 0.230 0.216 
392    (0)   :  0.007 0.004 0.011 0.058 0.160 0.158 0.288 0.177 0.135 
393    (0)   :  0.008 0.007 0.015 0.069 0.116 0.113 0.422 0.088 0.162 
394    (0)   :  0.005 0.013 0.011 0.050 0.095 0.203 0.290 0.175 0.158 
395    (0)   :  0.004 0.004 0.012 0.102 0.091 0.099 0.284 0.261 0.143 
396    (0)   :  0.005 0.004 0.013 0.036 0.246 0.062 0.167 0.366 0.101 
397    (0)   :  0.060 0.005 0.012 0.061 0.235 0.140 0.081 0.148 0.259 
398    (0)   :  0.042 0.005 0.011 0.040 0.083 0.063 0.486 0.173 0.098 
399    (0)   :  0.005 0.010 0.024 0.052 0.093 0.077 0.222 0.372 0.144 
400    (0)   :  0.007 0.004 0.016 0.037 0.211 0.083 0.266 0.190 0.185 
401    (0)   :  0.005 0.004 0.016 0.079 0.067 0.107 0.287 0.282 0.154 
402    (0)   :  0.006 0.005 0.019 0.107 0.156 0.108 0.163 0.264 0.170 
403    (0)   :  0.007 0.005 0.036 0.053 0.111 0.312 0.161 0.135 0.180 
404    (0)   :  0.007 0.004 0.024 0.036 0.245 0.093 0.151 0.218 0.221 
405    (0)   :  0.004 0.005 0.013 0.060 0.185 0.105 0.256 0.161 0.210 
406    (0)   :  0.004 0.005 0.013 0.100 0.099 0.101 0.312 0.106 0.261 
407    (0)   :  0.004 0.004 0.012 0.033 0.182 0.061 0.441 0.152 0.110 
408    (0)   :  0.004 0.004 0.013 0.118 0.065 0.058 0.144 0.474 0.120 
409    (0)   :  0.011 0.009 0.017 0.045 0.072 0.089 0.248 0.098 0.412 
410    (0)   :  0.084 0.009 0.018 0.054 0.112 0.114 0.286 0.183 0.139 
411    (0)   :  0.016 0.020 0.013 0.088 0.276 0.136 0.177 0.147 0.128 
412    (0)   :  0.005 0.005 0.014 0.037 0.166 0.090 0.176 0.343 0.164 
413    (0)   :  0.004 0.011 0.012 0.042 0.103 0.177 0.199 0.306 0.146 
414    (0)   :  0.004 0.008 0.022 0.036 0.208 0.079 0.119 0.437 0.086 
415    (0)   :  0.005 0.004 0.015 0.080 0.205 0.070 0.292 0.164 0.165 
416    (0)   :  0.006 0.004 0.036 0.059 0.126 0.091 0.261 0.186 0.231 
417    (0)   :  0.006 0.006 0.012 0.039 0.121 0.067 0.449 0.168 0.131 
418    (0)   :  0.007 0.004 0.013 0.032 0.166 0.070 0.198 0.399 0.111 
419    (0)   :  0.011 0.008 0.032 0.055 0.117 0.160 0.241 0.173 0.203 
420    (0)   :  0.004 0.004 0.015 0.115 0.070 0.064 0.293 0.266 0.170 
421    (0)   :  0.006 0.006 0.013 0.041 0.092 0.068 0.325 0.302 0.146 
422    (0)   :  0.006 0.004 0.015 0.122 0.091 0.087 0.317 0.172 0.186 
423    (0)   :  0.008 0.005 0.013 0.058 0.220 0.123 0.226 0.219 0.128 
424    (0)   :  0.008 0.008 0.038 0.144 0.100 0.103 0.257 0.216 0.126 
425    (0)   :  0.018 0.008 0.053 0.055 0.282 0.145 0.155 0.151 0.133 
426    (0)   :  0.029 0.035 0.040 0.055 0.143 0.107 0.230 0.198 0.164 
427    (0)   :  0.005 0.009 0.011 0.034 0.082 0.153 0.492 0.123 0.091 
428    (0)   :  0.020 0.006 0.013 0.071 0.080 0.151 0.346 0.109 0.204 
429    (0)   :  0.006 0.004 0.011 0.033 0.172 0.060 0.391 0.223 0.099 
430    (0)   :  0.005 0.005 0.013 0.037 0.111 0.067 0.485 0.153 0.123 
431    (0)   :  0.010 0.012 0.025 0.057 0.179 0.132 0.149 0.278 0.159 
432    (0)   :  0.005 0.005 0.014 0.045 0.120 0.098 0.173 0.361 0.180 
433    (0)   :  0.009 0.006 0.013 0.082 0.127 0.220 0.106 0.190 0.246 
434    (0)   :  0.005 0.005 0.016 0.046 0.215 0.107 0.148 0.161 0.297 
435    (0)   :  0.004 0.004 0.011 0.045 0.089 0.062 0.544 0.148 0.092 
436    (0)   :  0.006 0.005 0.013 0.050 0.100 0.075 0.509 0.097 0.144 
437    (0)   :  0.007 0.005 0.011 0.048 0.428 0.071 0.182 0.143 0.105 
438    (0)   :  0.005 0.006 0.014 0.075 0.063 0.076 0.429 0.125 0.207 
439    (0)   :  0.004 0.004 0.011 0.033 0.086 0.070 0.595 0.088 0.108 
440    (0)   :  0.004 0.004 0.013 0.046 0.145 0.055 0.509 0.141 0.083 
441    (0)   :  0.005 0.006 0.014 0.040 0.111 0.100 0.457 0.100 0.168 
442    (0)   :  0.006 0.004 0.032 0.052 0.200 0.063 0.255 0.247 0.143 
443    (0)   :  0.004 0.004 0.019 0.132 0.082 0.058 0.417 0.179 0.104 
444    (0)   :  0.006 0.004 0.030 0.067 0.214 0.063 0.294 0.191 0.131 
445    (0)   :  0.043 0.005 0.014 0.052 0.089 0.091 0.375 0.091 0.241 
446    (0)   :  0.050 0.006 0.013 0.030 0.074 0.065 0.520 0.138 0.105 
447    (0)   :  0.006 0.005 0.037 0.060 0.105 0.092 0.389 0.117 0.189 
448    (0)   :  0.005 0.004 0.013 0.052 0.164 0.071 0.406 0.169 0.116 
449    (0)   :  0.005 0.005 0.014 0.047 0.168 0.095 0.358 0.134 0.174 
450    (0)   :  0.007 0.005 0.017 0.028 0.304 0.104 0.272 0.123 0.140 
451    (0)   :  0.005 0.004 0.014 0.063 0.135 0.057 0.186 0.447 0.088 
452    (0)   :  0.005 0.004 0.012 0.033 0.168 0.104 0.403 0.127 0.142 
453    (0)   :  0.004 0.005 0.025 0.154 0.084 0.074 0.223 0.167 0.263 
454    (0)   :  0.005 0.011 0.011 0.049 0.163 0.112 0.391 0.117 0.142 
455    (0)   :  0.004 0.005 0.013 0.058 0.090 0.060 0.546 0.115 0.109 
456    (0)   :  0.005 0.004 0.015 0.152 0.133 0.059 0.397 0.129 0.104 
457    (0)   :  0.006 0.004 0.011 0.045 0.241 0.071 0.388 0.118 0.115 
458    (0)   :  0.044 0.005 0.013 0.032 0.096 0.071 0.505 0.109 0.125 
459    (0)   :  0.004 0.005 0.013 0.035 0.079 0.096 0.516 0.105 0.147 
460    (0)   :  0.004 0.005 0.013 0.037 0.082 0.062 0.576 0.129 0.092 
461    (0)   :  0.007 0.004 0.014 0.028 0.141 0.066 0.440 0.205 0.096 
462    (0)   :  0.008 0.005 0.063 0.069 0.182 0.053 0.343 0.188 0.089 
463    (0)   :  0.004 0.006 0.013 0.202 0.084 0.076 0.353 0.100 0.163 
464    (0)   :  0.004 0.004 0.011 0.073 0.076 0.059 0.516 0.159 0.097 
465    (0)   :  0.007 0.005 0.014 0.065 0.096 0.068 0.394 0.215 0.136 
466    (0)   :  0.004 0.004 0.012 0.139 0.080 0.060 0.397 0.182 0.121 
467    (0)   :  0.005 0.006 0.015 0.052 0.122 0.086 0.430 0.131 0.153 
468    (0)   :  0.005 0.004 0.011 0.096 0.170 0.060 0.451 0.103 0.101 
469    (0)   :  0.004 0.004 0.011 0.034 0.078 0.062 0.634 0.080 0.091 
470    (0)   :  0.004 0.004 0.010 0.040 0.075 0.063 0.587 0.129 0.087 
471    (0)   :  0.006 0.004 0.026 0.145 0.161 0.073 0.262 0.187 0.136 
472    (0)   :  0.006 0.004 0.018 0.080 0.174 0.065 0.336 0.161 0.156 
473    (0)   :  0.005 0.005 0.012 0.069 0.176 0.096 0.314 0.157 0.165 
474    (0)   :  0.005 0.004 0.013 0.055 0.157 0.094 0.389 0.123 0.161 
475    (0)   :  0.005 0.004 0.013 0.047 0.085 0.095 0.362 0.198 0.191 
476    (0)   :  0.007 0.005 0.013 0.055 0.267 0.066 0.363 0.103 0.122 
477    (0)   :  0.007 0.005 0.028 0.066 0.111 0.079 0.313 0.212 0.178 
478    (0)   :  0.008 0.006 0.032 0.046 0.084 0.063 0.364 0.305 0.093 
479    (0)   :  0.004 0.004 0.012 0.037 0.141 0.062 0.518 0.128 0.092 
480    (0)   :  0.006 0.004 0.010 0.037 0.217 0.069 0.448 0.101 0.107 
481    (0)   :  0.005 0.004 0.027 0.066 0.235 0.073 0.229 0.222 0.139 
482    (0)   :  0.005 0.004 0.011 0.032 0.156 0.062 0.494 0.139 0.096 
483    (0)   :  0.005 0.006 0.012 0.034 0.089 0.071 0.555 0.111 0.118 
484    (0)   :  0.005 0.005 0.018 0.113 0.076 0.066 0.481 0.110 0.127 
485    (0)   :  0.005 0.006 0.011 0.044 0.079 0.063 0.583 0.112 0.096 
486    (0)   :  0.008 0.005 0.038 0.202 0.191 0.091 0.115 0.185 0.165 
487    (0)   :  0.009 0.006 0.035 0.088 0.237 0.171 0.099 0.161 0.194 
488    (0)   :  0.008 0.005 0.081 0.098 0.148 0.181 0.104 0.260 0.115 
489    (0)   :  0.007 0.006 0.017 0.077 0.296 0.097 0.073 0.126 0.301 
490    (0)   :  0.006 0.004 0.023 0.141 0.176 0.067 0.158 0.306 0.118 
491    (0)   :  0.007 0.005 0.058 0.070 0.157 0.134 0.091 0.149 0.330 
492    (0)   :  0.005 0.005 0.051 0.096 0.091 0.247 0.110 0.227 0.167 
493    (0)   :  0.008 0.005 0.064 0.136 0.246 0.155 0.072 0.216 0.098 
494    (0)   :  0.023 0.005 0.044 0.082 0.215 0.115 0.096 0.136 0.285 
495    (0)   :  0.024 0.006 0.122 0.100 0.134 0.180 0.094 0.198 0.141 
496    (0)   :  0.005 0.005 0.012 0.075 0.107 0.149 0.122 0.129 0.396 
497    (0)   :  0.014 0.008 0.098 0.089 0.196 0.220 0.087 0.126 0.162 
498    (0)   :  0.009 0.006 0.057 0.074 0.208 0.069 0.108 0.230 0.239 
499    (0)   :  0.018 0.006 0.021 0.094 0.184 0.236 0.091 0.107 0.244 
500    (0)   :  0.010 0.004 0.017 0.111 0.377 0.133 0.093 0.120 0.134 
501    (0)   :  0.008 0.004 0.019 0.043 0.223 0.155 0.139 0.150 0.259 
502    (0)   :  0.007 0.004 0.039 0.034 0.124 0.173 0.139 0.224 0.255 
503    (0)   :  0.006 0.004 0.014 0.060 0.307 0.084 0.173 0.215 0.137 
504    (0)   :  0.008 0.005 0.096 0.081 0.107 0.079 0.127 0.309 0.189 
505    (0)   :  0.007 0.004 0.029 0.120 0.140 0.105 0.085 0.181 0.328 
506    (0)   :  0.006 0.004 0.039 0.042 0.109 0.146 0.108 0.248 0.298 
507    (0)   :  0.006 0.005 0.011 0.081 0.072 0.277 0.078 0.081 0.388 
508    (0)   :  0.013 0.007 0.019 0.118 0.080 0.289 0.070 0.099 0.305 
509    (0)   :  0.006 0.004 0.021 0.104 0.107 0.212 0.104 0.149 0.292 
510    (0)   :  0.013 0.004 0.016 0.050 0.257 0.217 0.078 0.141 0.224 
511    (0)   :  0.008 0.005 0.032 0.060 0.226 0.084 0.204 0.188 0.192 
512    (0)   :  0.006 0.004 0.022 0.042 0.361 0.072 0.195 0.187 0.111 
513    (0)   :  0.006 0.005 0.372 0.117 0.065 0.110 0.062 0.146 0.117 
514    (0)   :  0.007 0.008 0.016 0.045 0.091 0.138 0.151 0.394 0.151 
515    (0)   :  0.010 0.005 0.018 0.114 0.122 0.215 0.273 0.108 0.135 
516    (0)   :  0.008 0.005 0.018 0.107 0.085 0.090 0.105 0.355 0.227 
517    (0)   :  0.006 0.006 0.013 0.122 0.083 0.169 0.239 0.165 0.198 
518    (0)   :  0.049 0.005 0.014 0.042 0.259 0.232 0.089 0.145 0.165 
519    (0)   :  0.005 0.004 0.023 0.045 0.086 0.099 0.165 0.352 0.219 
520    (0)   :  0.006 0.006 0.013 0.127 0.082 0.206 0.223 0.088 0.249 
521    (0)   :  0.005 0.108 0.012 0.057 0.087 0.191 0.101 0.243 0.195 
522    (0)   :  0.016 0.006 0.016 0.203 0.252 0.118 0.154 0.134 0.102 
523    (0)   :  0.007 0.014 0.013 0.178 0.074 0.164 0.171 0.125 0.253 
524    (0)   :  0.007 0.006 0.011 0.112 0.087 0.158 0.344 0.144 0.132 
525    (0)   :  0.066 0.007 0.012 0.072 0.125 0.208 0.181 0.097 0.233 
