

----------------------------------------------------
STRUCTURE by Pritchard, Stephens and Donnelly (2000)
     and Falush, Stephens and Pritchard (2003)
       Code by Pritchard, Falush and Hubisz
             Version 2.3.4 (Jul 2012)
----------------------------------------------------



Command line arguments:   ./structure -K 10 -D 110013 -m brooktrout/mainparams -e brooktrout/extraparams -o brooktrout/250914_output/results_K10_rep13 
Input File:    brooktrout/brooktrout.txt

Run parameters:
   8454 individuals
   5 loci
   10 populations assumed
   50000 Burn-in period
   100000 Reps
RANDOMIZE turned off


--------------------------------------------
Overall proportion of membership of the
sample in each of the 10 clusters

Inferred Clusters
  1      2      3      4      5      6      7      8      9     10    
0.008  0.010  0.022  0.082  0.117  0.138  0.152  0.156  0.162  0.153  

--------------------------------------------

Allele-freq. divergence among pops (Net nucleotide distance),
computed using point estimates of P.

      1       2       3       4       5       6       7       8       9      10      
 1      -    0.1250  0.1128  0.1118  0.1495  0.1531  0.1320  0.1444  0.1131  0.1227  
 2   0.1250     -    0.1474  0.1440  0.1988  0.1541  0.0937  0.1690  0.1508  0.1184  
 3   0.1128  0.1474     -    0.1568  0.0972  0.1418  0.1577  0.1231  0.1164  0.1567  
 4   0.1118  0.1440  0.1568     -    0.2162  0.1500  0.1107  0.1950  0.0522  0.1165  
 5   0.1495  0.1988  0.0972  0.2162     -    0.1570  0.2073  0.0776  0.1728  0.2193  
 6   0.1531  0.1541  0.1418  0.1500  0.1570     -    0.1778  0.1267  0.0987  0.1728  
 7   0.1320  0.0937  0.1577  0.1107  0.2073  0.1778     -    0.1463  0.1070  0.0960  
 8   0.1444  0.1690  0.1231  0.1950  0.0776  0.1267  0.1463     -    0.1525  0.1859  
 9   0.1131  0.1508  0.1164  0.0522  0.1728  0.0987  0.1070  0.1525     -    0.0763  
10   0.1227  0.1184  0.1567  0.1165  0.2193  0.1728  0.0960  0.1859  0.0763     -    

Average distances (expected heterozygosity) between individuals in same cluster:
cluster  1  : 0.8287 
cluster  2  : 0.7805 
cluster  3  : 0.7919 
cluster  4  : 0.7869 
cluster  5  : 0.6852 
cluster  6  : 0.7559 
cluster  7  : 0.7063 
cluster  8  : 0.6802 
cluster  9  : 0.7840 
cluster 10  : 0.7190 

--------------------------------------------
Estimated Ln Prob of Data   = -192391.5
Mean value of ln likelihood = -172833.4
Variance of ln likelihood   = 39116.3

Mean value of alpha_1       = 0.0477
Mean value of alpha_2       = 0.0548
Mean value of alpha_3       = 0.1331
Mean value of alpha_4       = 0.4963
Mean value of alpha_5       = 0.6976
Mean value of alpha_6       = 0.8443
Mean value of alpha_7       = 0.9213
Mean value of alpha_8       = 0.9378
Mean value of alpha_9       = 0.9807
Mean value of alpha_10       = 0.9197
Allele frequencies uncorrelated


Inferred ancestry of individuals:
     (%Miss) :  Inferred clusters
  1    (0)   :  0.005 0.006 0.020 0.058 0.098 0.114 0.237 0.222 0.114 0.126 
  2    (0)   :  0.004 0.004 0.022 0.068 0.075 0.125 0.084 0.111 0.369 0.139 
  3    (0)   :  0.005 0.007 0.013 0.046 0.079 0.132 0.141 0.196 0.109 0.272 
  4    (0)   :  0.012 0.011 0.029 0.055 0.235 0.110 0.089 0.210 0.126 0.122 
  5    (0)   :  0.005 0.005 0.017 0.084 0.076 0.122 0.092 0.097 0.332 0.170 
  6    (0)   :  0.006 0.005 0.015 0.052 0.111 0.084 0.136 0.092 0.167 0.332 
  7    (0)   :  0.005 0.005 0.012 0.146 0.067 0.073 0.208 0.105 0.192 0.186 
  8    (0)   :  0.017 0.011 0.106 0.055 0.111 0.089 0.113 0.178 0.118 0.202 
  9    (0)   :  0.007 0.008 0.027 0.067 0.076 0.104 0.133 0.174 0.219 0.184 
 10    (0)   :  0.006 0.005 0.101 0.063 0.102 0.071 0.167 0.123 0.152 0.210 
 11    (0)   :  0.004 0.006 0.011 0.104 0.059 0.068 0.318 0.106 0.179 0.145 
 12    (0)   :  0.005 0.004 0.013 0.071 0.116 0.120 0.089 0.122 0.293 0.168 
 13    (0)   :  0.005 0.005 0.018 0.068 0.081 0.105 0.123 0.167 0.247 0.182 
 14    (0)   :  0.004 0.007 0.030 0.043 0.096 0.220 0.116 0.135 0.160 0.188 
 15    (0)   :  0.005 0.009 0.015 0.064 0.164 0.124 0.121 0.171 0.167 0.160 
 16    (0)   :  0.004 0.005 0.012 0.061 0.069 0.099 0.259 0.154 0.128 0.209 
 17    (0)   :  0.008 0.006 0.015 0.060 0.098 0.136 0.105 0.139 0.168 0.265 
 18    (0)   :  0.007 0.010 0.043 0.042 0.130 0.115 0.143 0.129 0.190 0.190 
 19    (0)   :  0.005 0.005 0.014 0.062 0.086 0.077 0.129 0.137 0.180 0.304 
 20    (0)   :  0.005 0.008 0.012 0.093 0.110 0.116 0.127 0.117 0.220 0.193 
 21    (0)   :  0.004 0.006 0.020 0.049 0.155 0.171 0.171 0.157 0.147 0.120 
 22    (0)   :  0.007 0.005 0.014 0.042 0.084 0.100 0.132 0.185 0.134 0.298 
 23    (0)   :  0.007 0.012 0.027 0.058 0.088 0.173 0.094 0.263 0.133 0.146 
 24    (0)   :  0.005 0.005 0.012 0.053 0.097 0.100 0.215 0.258 0.126 0.127 
 25    (0)   :  0.005 0.007 0.017 0.069 0.061 0.091 0.109 0.084 0.256 0.301 
 26    (0)   :  0.006 0.006 0.013 0.060 0.144 0.109 0.145 0.166 0.178 0.172 
 27    (0)   :  0.005 0.005 0.013 0.057 0.099 0.154 0.165 0.142 0.152 0.209 
 28    (0)   :  0.005 0.006 0.056 0.069 0.209 0.096 0.188 0.128 0.122 0.121 
 29    (0)   :  0.004 0.005 0.012 0.094 0.066 0.126 0.134 0.154 0.259 0.146 
 30    (0)   :  0.005 0.005 0.012 0.046 0.071 0.124 0.171 0.170 0.157 0.239 
 31    (0)   :  0.013 0.007 0.094 0.070 0.087 0.146 0.128 0.114 0.218 0.122 
 32    (0)   :  0.004 0.007 0.024 0.046 0.114 0.104 0.091 0.178 0.149 0.284 
 33    (0)   :  0.005 0.005 0.011 0.065 0.074 0.116 0.165 0.223 0.128 0.208 
 34    (0)   :  0.006 0.007 0.093 0.112 0.082 0.068 0.114 0.089 0.152 0.278 
 35    (0)   :  0.010 0.005 0.013 0.068 0.058 0.250 0.103 0.128 0.159 0.207 
 36    (0)   :  0.004 0.021 0.015 0.045 0.056 0.263 0.272 0.134 0.097 0.092 
 37    (0)   :  0.006 0.005 0.021 0.048 0.093 0.165 0.110 0.234 0.157 0.161 
 38    (0)   :  0.005 0.113 0.012 0.109 0.050 0.133 0.228 0.103 0.131 0.115 
 39    (0)   :  0.007 0.009 0.012 0.087 0.077 0.202 0.194 0.111 0.147 0.155 
 40    (0)   :  0.004 0.007 0.013 0.043 0.069 0.297 0.121 0.206 0.103 0.138 
 41    (0)   :  0.007 0.008 0.014 0.087 0.048 0.269 0.169 0.141 0.110 0.148 
 42    (0)   :  0.004 0.011 0.011 0.052 0.072 0.135 0.215 0.342 0.085 0.073 
 43    (0)   :  0.007 0.005 0.022 0.055 0.069 0.305 0.095 0.179 0.128 0.136 
 44    (0)   :  0.006 0.004 0.013 0.046 0.048 0.364 0.087 0.120 0.120 0.191 
 45    (0)   :  0.005 0.017 0.017 0.067 0.050 0.235 0.224 0.112 0.192 0.082 
 46    (0)   :  0.007 0.005 0.012 0.061 0.085 0.204 0.124 0.091 0.142 0.269 
 47    (0)   :  0.015 0.005 0.036 0.066 0.083 0.130 0.104 0.162 0.187 0.211 
 48    (0)   :  0.007 0.006 0.011 0.042 0.050 0.407 0.074 0.119 0.100 0.182 
 49    (0)   :  0.008 0.006 0.012 0.084 0.070 0.216 0.171 0.155 0.137 0.141 
 50    (0)   :  0.008 0.006 0.056 0.081 0.074 0.131 0.142 0.078 0.148 0.275 
 51    (0)   :  0.004 0.017 0.013 0.045 0.049 0.394 0.191 0.127 0.087 0.074 
 52    (0)   :  0.008 0.006 0.011 0.093 0.086 0.169 0.209 0.129 0.138 0.151 
 53    (0)   :  0.007 0.024 0.032 0.063 0.068 0.146 0.228 0.135 0.102 0.196 
 54    (0)   :  0.007 0.004 0.032 0.061 0.080 0.210 0.081 0.166 0.236 0.122 
 55    (0)   :  0.006 0.005 0.014 0.047 0.064 0.407 0.081 0.120 0.126 0.131 
 56    (0)   :  0.006 0.009 0.011 0.056 0.072 0.282 0.116 0.166 0.110 0.172 
 57    (0)   :  0.012 0.006 0.025 0.076 0.176 0.079 0.126 0.161 0.140 0.198 
 58    (0)   :  0.005 0.008 0.012 0.071 0.063 0.278 0.165 0.156 0.152 0.090 
 59    (0)   :  0.005 0.025 0.011 0.102 0.064 0.196 0.213 0.149 0.136 0.097 
 60    (0)   :  0.004 0.008 0.019 0.047 0.102 0.343 0.150 0.138 0.096 0.092 
 61    (0)   :  0.004 0.004 0.026 0.048 0.088 0.324 0.084 0.163 0.185 0.074 
 62    (0)   :  0.010 0.006 0.016 0.122 0.107 0.126 0.136 0.114 0.220 0.143 
 63    (0)   :  0.004 0.005 0.015 0.072 0.079 0.187 0.150 0.201 0.161 0.126 
 64    (0)   :  0.006 0.012 0.012 0.079 0.062 0.125 0.181 0.113 0.173 0.238 
 65    (0)   :  0.005 0.005 0.016 0.111 0.058 0.119 0.116 0.086 0.276 0.207 
 66    (0)   :  0.005 0.005 0.029 0.077 0.121 0.168 0.124 0.182 0.181 0.107 
 67    (0)   :  0.005 0.004 0.031 0.051 0.057 0.330 0.082 0.112 0.206 0.121 
 68    (0)   :  0.006 0.020 0.012 0.081 0.073 0.211 0.231 0.160 0.119 0.086 
 69    (0)   :  0.007 0.053 0.169 0.086 0.079 0.098 0.168 0.082 0.118 0.139 
 70    (0)   :  0.004 0.010 0.021 0.075 0.068 0.233 0.191 0.171 0.105 0.122 
 71    (0)   :  0.005 0.020 0.014 0.093 0.049 0.277 0.208 0.089 0.146 0.099 
 72    (0)   :  0.005 0.007 0.016 0.051 0.055 0.188 0.257 0.114 0.119 0.188 
 73    (0)   :  0.005 0.008 0.023 0.102 0.057 0.291 0.112 0.102 0.209 0.091 
 74    (0)   :  0.004 0.021 0.011 0.043 0.068 0.208 0.248 0.212 0.095 0.090 
 75    (0)   :  0.005 0.013 0.019 0.043 0.079 0.226 0.204 0.232 0.099 0.080 
 76    (0)   :  0.005 0.005 0.015 0.066 0.062 0.276 0.117 0.126 0.166 0.163 
 77    (0)   :  0.005 0.019 0.011 0.096 0.047 0.199 0.223 0.134 0.164 0.102 
 78    (0)   :  0.005 0.099 0.011 0.104 0.048 0.162 0.196 0.138 0.130 0.106 
 79    (0)   :  0.004 0.005 0.019 0.078 0.072 0.076 0.204 0.116 0.264 0.161 
 80    (0)   :  0.004 0.005 0.021 0.065 0.155 0.081 0.111 0.333 0.136 0.089 
 81    (0)   :  0.004 0.005 0.023 0.076 0.169 0.070 0.153 0.241 0.168 0.092 
 82    (0)   :  0.004 0.005 0.014 0.077 0.088 0.202 0.122 0.186 0.186 0.116 
 83    (0)   :  0.004 0.007 0.018 0.072 0.144 0.117 0.169 0.184 0.143 0.141 
 84    (0)   :  0.004 0.005 0.015 0.075 0.136 0.084 0.196 0.178 0.167 0.140 
 85    (0)   :  0.004 0.008 0.017 0.048 0.142 0.100 0.170 0.205 0.139 0.166 
 86    (0)   :  0.006 0.007 0.016 0.077 0.078 0.243 0.105 0.098 0.204 0.167 
 87    (0)   :  0.005 0.009 0.030 0.120 0.076 0.111 0.186 0.119 0.219 0.125 
 88    (0)   :  0.004 0.005 0.014 0.075 0.109 0.097 0.149 0.252 0.198 0.096 
 89    (0)   :  0.005 0.006 0.043 0.059 0.138 0.081 0.141 0.245 0.192 0.090 
 90    (0)   :  0.004 0.005 0.019 0.108 0.085 0.084 0.163 0.127 0.286 0.120 
 91    (0)   :  0.004 0.009 0.016 0.048 0.151 0.100 0.144 0.293 0.113 0.122 
 92    (0)   :  0.004 0.005 0.015 0.072 0.092 0.099 0.177 0.161 0.248 0.127 
 93    (0)   :  0.004 0.005 0.075 0.044 0.210 0.090 0.109 0.273 0.103 0.087 
 94    (0)   :  0.004 0.011 0.014 0.162 0.072 0.098 0.272 0.109 0.129 0.130 
 95    (0)   :  0.004 0.005 0.018 0.117 0.102 0.082 0.139 0.203 0.238 0.092 
 96    (0)   :  0.004 0.004 0.016 0.048 0.095 0.294 0.092 0.231 0.139 0.077 
 97    (0)   :  0.005 0.012 0.013 0.042 0.085 0.203 0.225 0.212 0.119 0.084 
 98    (0)   :  0.004 0.005 0.014 0.051 0.059 0.187 0.140 0.201 0.207 0.133 
 99    (0)   :  0.004 0.005 0.022 0.082 0.129 0.074 0.174 0.171 0.215 0.124 
100    (0)   :  0.005 0.004 0.023 0.042 0.149 0.112 0.076 0.359 0.151 0.080 
101    (0)   :  0.005 0.012 0.075 0.081 0.081 0.121 0.150 0.144 0.215 0.116 
102    (0)   :  0.005 0.008 0.017 0.083 0.126 0.143 0.116 0.257 0.125 0.121 
103    (0)   :  0.004 0.006 0.086 0.079 0.117 0.124 0.095 0.113 0.258 0.117 
104    (0)   :  0.004 0.004 0.020 0.168 0.119 0.098 0.115 0.067 0.275 0.129 
105    (0)   :  0.005 0.006 0.046 0.158 0.142 0.111 0.090 0.080 0.260 0.101 
106    (0)   :  0.004 0.006 0.011 0.137 0.048 0.101 0.219 0.076 0.223 0.176 
107    (0)   :  0.005 0.008 0.038 0.134 0.117 0.128 0.106 0.114 0.230 0.119 
108    (0)   :  0.004 0.045 0.016 0.045 0.078 0.302 0.095 0.083 0.162 0.170 
109    (0)   :  0.005 0.011 0.017 0.202 0.053 0.133 0.166 0.071 0.216 0.124 
110    (0)   :  0.004 0.007 0.016 0.180 0.051 0.078 0.245 0.079 0.182 0.158 
111    (0)   :  0.006 0.007 0.016 0.252 0.084 0.098 0.098 0.081 0.249 0.109 
112    (0)   :  0.004 0.006 0.012 0.312 0.056 0.111 0.162 0.082 0.165 0.091 
113    (0)   :  0.005 0.011 0.027 0.068 0.088 0.201 0.141 0.113 0.202 0.144 
114    (0)   :  0.004 0.004 0.022 0.190 0.139 0.089 0.112 0.074 0.260 0.104 
115    (0)   :  0.005 0.008 0.013 0.154 0.064 0.161 0.097 0.131 0.219 0.149 
116    (0)   :  0.005 0.011 0.010 0.119 0.048 0.205 0.204 0.083 0.184 0.131 
117    (0)   :  0.006 0.009 0.019 0.205 0.052 0.080 0.204 0.110 0.182 0.134 
118    (0)   :  0.005 0.010 0.014 0.136 0.080 0.181 0.084 0.088 0.297 0.106 
119    (0)   :  0.004 0.006 0.016 0.054 0.096 0.240 0.106 0.234 0.132 0.113 
120    (0)   :  0.005 0.006 0.016 0.193 0.080 0.143 0.114 0.121 0.195 0.127 
121    (0)   :  0.009 0.026 0.026 0.171 0.052 0.180 0.129 0.100 0.184 0.123 
122    (0)   :  0.004 0.005 0.019 0.151 0.066 0.096 0.202 0.082 0.234 0.141 
123    (0)   :  0.005 0.010 0.021 0.181 0.090 0.125 0.150 0.093 0.191 0.134 
124    (0)   :  0.007 0.014 0.017 0.129 0.069 0.172 0.177 0.079 0.166 0.170 
125    (0)   :  0.005 0.012 0.014 0.119 0.052 0.094 0.271 0.121 0.144 0.168 
126    (0)   :  0.004 0.006 0.012 0.103 0.083 0.188 0.236 0.104 0.151 0.113 
127    (0)   :  0.005 0.006 0.015 0.260 0.087 0.120 0.106 0.084 0.218 0.100 
128    (0)   :  0.004 0.004 0.014 0.096 0.077 0.161 0.091 0.087 0.361 0.104 
129    (0)   :  0.005 0.006 0.054 0.120 0.059 0.123 0.092 0.072 0.348 0.119 
130    (0)   :  0.005 0.006 0.029 0.191 0.113 0.089 0.116 0.105 0.235 0.110 
131    (0)   :  0.008 0.036 0.029 0.119 0.052 0.131 0.253 0.076 0.156 0.140 
132    (0)   :  0.004 0.005 0.030 0.120 0.057 0.111 0.179 0.071 0.285 0.138 
133    (0)   :  0.008 0.010 0.028 0.133 0.096 0.149 0.114 0.096 0.226 0.141 
134    (0)   :  0.004 0.005 0.013 0.260 0.044 0.067 0.189 0.066 0.239 0.113 
135    (0)   :  0.005 0.006 0.012 0.051 0.214 0.232 0.107 0.207 0.096 0.071 
136    (0)   :  0.005 0.005 0.023 0.044 0.300 0.092 0.090 0.229 0.093 0.119 
137    (0)   :  0.005 0.005 0.026 0.066 0.179 0.072 0.095 0.375 0.097 0.082 
138    (0)   :  0.004 0.005 0.013 0.036 0.458 0.090 0.108 0.132 0.080 0.075 
139    (0)   :  0.004 0.005 0.026 0.045 0.197 0.206 0.106 0.125 0.187 0.100 
140    (0)   :  0.005 0.006 0.038 0.048 0.163 0.154 0.171 0.199 0.131 0.086 
141    (0)   :  0.005 0.006 0.078 0.043 0.279 0.106 0.126 0.124 0.106 0.126 
142    (0)   :  0.005 0.005 0.035 0.046 0.185 0.284 0.097 0.170 0.100 0.072 
143    (0)   :  0.004 0.004 0.012 0.036 0.238 0.085 0.078 0.391 0.080 0.072 
144    (0)   :  0.004 0.005 0.014 0.065 0.210 0.083 0.086 0.364 0.095 0.074 
145    (0)   :  0.006 0.005 0.023 0.047 0.212 0.136 0.125 0.202 0.111 0.133 
146    (0)   :  0.006 0.006 0.021 0.056 0.214 0.091 0.171 0.197 0.130 0.107 
147    (0)   :  0.004 0.004 0.021 0.037 0.300 0.072 0.087 0.314 0.080 0.079 
148    (0)   :  0.005 0.005 0.092 0.055 0.200 0.157 0.095 0.156 0.108 0.127 
149    (0)   :  0.005 0.006 0.167 0.041 0.148 0.163 0.120 0.176 0.096 0.078 
150    (0)   :  0.005 0.005 0.027 0.081 0.222 0.099 0.111 0.220 0.135 0.095 
151    (0)   :  0.004 0.004 0.013 0.045 0.281 0.099 0.101 0.269 0.102 0.082 
152    (0)   :  0.005 0.007 0.029 0.048 0.247 0.183 0.087 0.152 0.092 0.151 
153    (0)   :  0.004 0.006 0.021 0.044 0.342 0.122 0.148 0.144 0.087 0.082 
154    (0)   :  0.005 0.005 0.214 0.042 0.155 0.148 0.087 0.133 0.096 0.115 
155    (0)   :  0.004 0.004 0.014 0.043 0.469 0.082 0.087 0.120 0.097 0.080 
156    (0)   :  0.004 0.004 0.013 0.051 0.290 0.178 0.089 0.209 0.090 0.072 
157    (0)   :  0.004 0.005 0.022 0.063 0.312 0.071 0.124 0.193 0.107 0.100 
158    (0)   :  0.005 0.006 0.022 0.048 0.215 0.114 0.136 0.225 0.099 0.129 
159    (0)   :  0.005 0.005 0.113 0.040 0.216 0.074 0.085 0.298 0.086 0.077 
160    (0)   :  0.005 0.005 0.110 0.041 0.302 0.083 0.086 0.194 0.095 0.079 
161    (0)   :  0.004 0.005 0.021 0.044 0.121 0.098 0.160 0.354 0.104 0.089 
162    (0)   :  0.006 0.005 0.021 0.055 0.256 0.108 0.158 0.125 0.152 0.113 
163    (0)   :  0.004 0.004 0.013 0.043 0.431 0.113 0.092 0.141 0.085 0.075 
164    (0)   :  0.006 0.005 0.147 0.047 0.179 0.104 0.126 0.140 0.153 0.093 
165    (0)   :  0.005 0.005 0.015 0.083 0.247 0.094 0.108 0.243 0.117 0.083 
166    (0)   :  0.004 0.008 0.146 0.054 0.167 0.129 0.111 0.152 0.112 0.116 
167    (0)   :  0.007 0.005 0.254 0.046 0.201 0.078 0.084 0.102 0.094 0.129 
168    (0)   :  0.004 0.010 0.014 0.039 0.335 0.115 0.139 0.153 0.086 0.104 
169    (0)   :  0.006 0.012 0.019 0.049 0.174 0.103 0.236 0.183 0.094 0.124 
170    (0)   :  0.004 0.004 0.015 0.043 0.105 0.136 0.096 0.401 0.116 0.079 
171    (0)   :  0.005 0.008 0.020 0.040 0.272 0.130 0.111 0.156 0.118 0.141 
172    (0)   :  0.005 0.014 0.058 0.042 0.126 0.176 0.208 0.204 0.091 0.077 
173    (0)   :  0.005 0.004 0.021 0.039 0.424 0.092 0.080 0.148 0.106 0.082 
174    (0)   :  0.004 0.005 0.022 0.045 0.385 0.072 0.111 0.163 0.105 0.088 
175    (0)   :  0.005 0.004 0.014 0.038 0.225 0.091 0.078 0.340 0.087 0.119 
176    (0)   :  0.004 0.005 0.014 0.065 0.211 0.082 0.086 0.362 0.095 0.075 
177    (0)   :  0.005 0.005 0.021 0.062 0.293 0.083 0.192 0.132 0.108 0.100 
178    (0)   :  0.004 0.004 0.026 0.045 0.372 0.076 0.104 0.122 0.113 0.135 
179    (0)   :  0.004 0.004 0.066 0.035 0.404 0.076 0.081 0.153 0.094 0.082 
180    (0)   :  0.006 0.006 0.069 0.048 0.167 0.109 0.137 0.250 0.110 0.098 
181    (0)   :  0.005 0.005 0.021 0.043 0.213 0.150 0.120 0.244 0.115 0.086 
182    (0)   :  0.005 0.004 0.015 0.040 0.261 0.149 0.082 0.266 0.104 0.074 
183    (0)   :  0.004 0.004 0.021 0.037 0.316 0.093 0.083 0.262 0.096 0.084 
184    (0)   :  0.005 0.007 0.035 0.051 0.077 0.171 0.079 0.114 0.266 0.196 
185    (0)   :  0.004 0.005 0.013 0.039 0.341 0.181 0.068 0.204 0.080 0.065 
186    (0)   :  0.005 0.004 0.049 0.057 0.068 0.127 0.098 0.105 0.335 0.152 
187    (0)   :  0.004 0.005 0.034 0.046 0.220 0.128 0.076 0.137 0.233 0.117 
188    (0)   :  0.004 0.004 0.081 0.046 0.058 0.134 0.079 0.083 0.370 0.140 
189    (0)   :  0.004 0.010 0.016 0.042 0.129 0.163 0.139 0.215 0.104 0.178 
190    (0)   :  0.004 0.004 0.013 0.039 0.137 0.422 0.064 0.157 0.096 0.064 
191    (0)   :  0.004 0.004 0.058 0.048 0.104 0.123 0.079 0.125 0.338 0.115 
192    (0)   :  0.004 0.004 0.027 0.053 0.124 0.092 0.092 0.223 0.249 0.131 
193    (0)   :  0.004 0.004 0.015 0.052 0.108 0.157 0.100 0.214 0.207 0.137 
194    (0)   :  0.004 0.005 0.026 0.050 0.093 0.152 0.102 0.257 0.201 0.110 
195    (0)   :  0.004 0.004 0.039 0.035 0.209 0.220 0.073 0.189 0.153 0.074 
196    (0)   :  0.004 0.005 0.015 0.053 0.134 0.330 0.075 0.156 0.137 0.091 
197    (0)   :  0.005 0.005 0.018 0.063 0.181 0.144 0.092 0.103 0.192 0.197 
198    (0)   :  0.004 0.005 0.015 0.050 0.099 0.152 0.158 0.169 0.190 0.158 
199    (0)   :  0.004 0.006 0.013 0.052 0.082 0.342 0.086 0.197 0.134 0.084 
200    (0)   :  0.004 0.006 0.014 0.052 0.128 0.328 0.085 0.137 0.116 0.130 
201    (0)   :  0.004 0.004 0.020 0.040 0.324 0.146 0.071 0.145 0.153 0.094 
202    (0)   :  0.004 0.004 0.013 0.047 0.154 0.205 0.072 0.308 0.121 0.073 
203    (0)   :  0.004 0.004 0.032 0.044 0.315 0.132 0.065 0.155 0.163 0.086 
204    (0)   :  0.004 0.004 0.062 0.038 0.120 0.233 0.071 0.166 0.227 0.073 
205    (0)   :  0.004 0.007 0.027 0.046 0.100 0.258 0.090 0.145 0.221 0.102 
206    (0)   :  0.004 0.004 0.051 0.040 0.149 0.206 0.070 0.147 0.240 0.089 
207    (0)   :  0.004 0.004 0.027 0.056 0.075 0.239 0.069 0.148 0.292 0.086 
208    (0)   :  0.004 0.004 0.019 0.044 0.242 0.209 0.073 0.114 0.204 0.088 
209    (0)   :  0.004 0.004 0.027 0.051 0.101 0.155 0.081 0.178 0.281 0.117 
210    (0)   :  0.004 0.004 0.051 0.046 0.156 0.173 0.079 0.144 0.250 0.093 
211    (0)   :  0.005 0.004 0.011 0.087 0.109 0.265 0.065 0.195 0.172 0.088 
212    (0)   :  0.004 0.004 0.014 0.038 0.195 0.174 0.088 0.268 0.114 0.102 
213    (0)   :  0.004 0.005 0.020 0.060 0.081 0.240 0.145 0.181 0.185 0.079 
214    (0)   :  0.004 0.004 0.015 0.045 0.189 0.158 0.069 0.290 0.136 0.090 
215    (0)   :  0.004 0.007 0.025 0.057 0.094 0.259 0.078 0.111 0.255 0.110 
216    (0)   :  0.005 0.005 0.020 0.052 0.085 0.171 0.091 0.139 0.219 0.212 
217    (0)   :  0.004 0.006 0.017 0.041 0.195 0.201 0.072 0.237 0.129 0.098 
218    (0)   :  0.004 0.007 0.036 0.053 0.119 0.172 0.092 0.158 0.259 0.100 
219    (0)   :  0.006 0.008 0.019 0.042 0.178 0.146 0.093 0.176 0.139 0.193 
220    (0)   :  0.004 0.004 0.071 0.043 0.102 0.172 0.071 0.124 0.323 0.086 
221    (0)   :  0.004 0.004 0.012 0.036 0.107 0.175 0.070 0.430 0.091 0.070 
222    (0)   :  0.005 0.005 0.022 0.047 0.103 0.130 0.095 0.172 0.194 0.227 
223    (0)   :  0.004 0.005 0.018 0.047 0.236 0.135 0.091 0.165 0.162 0.136 
224    (0)   :  0.004 0.004 0.039 0.041 0.191 0.141 0.070 0.219 0.199 0.091 
225    (0)   :  0.004 0.005 0.030 0.045 0.116 0.229 0.084 0.174 0.216 0.098 
226    (0)   :  0.005 0.053 0.020 0.054 0.112 0.168 0.107 0.165 0.162 0.154 
227    (0)   :  0.004 0.004 0.025 0.047 0.154 0.275 0.069 0.166 0.183 0.073 
228    (0)   :  0.004 0.005 0.034 0.039 0.199 0.279 0.068 0.173 0.132 0.067 
229    (0)   :  0.004 0.005 0.059 0.041 0.166 0.093 0.069 0.240 0.228 0.094 
230    (0)   :  0.004 0.004 0.058 0.046 0.144 0.117 0.069 0.218 0.249 0.090 
231    (0)   :  0.004 0.004 0.039 0.043 0.220 0.108 0.080 0.162 0.215 0.125 
232    (0)   :  0.004 0.005 0.019 0.051 0.094 0.156 0.152 0.271 0.166 0.080 
233    (0)   :  0.004 0.004 0.015 0.044 0.337 0.117 0.069 0.179 0.137 0.093 
234    (0)   :  0.004 0.004 0.016 0.054 0.164 0.112 0.105 0.147 0.220 0.174 
235    (0)   :  0.004 0.007 0.018 0.044 0.124 0.189 0.093 0.250 0.158 0.113 
236    (0)   :  0.004 0.004 0.015 0.051 0.205 0.129 0.080 0.220 0.170 0.122 
237    (0)   :  0.004 0.004 0.029 0.054 0.108 0.251 0.082 0.126 0.247 0.093 
238    (0)   :  0.004 0.004 0.015 0.050 0.172 0.136 0.082 0.287 0.148 0.101 
239    (0)   :  0.004 0.004 0.038 0.035 0.209 0.220 0.073 0.189 0.153 0.074 
240    (0)   :  0.004 0.004 0.015 0.049 0.171 0.136 0.082 0.289 0.149 0.101 
241    (0)   :  0.004 0.005 0.016 0.041 0.145 0.176 0.088 0.319 0.124 0.083 
242    (0)   :  0.004 0.007 0.057 0.039 0.129 0.177 0.102 0.174 0.184 0.127 
243    (0)   :  0.004 0.004 0.015 0.047 0.142 0.358 0.063 0.153 0.135 0.079 
244    (0)   :  0.004 0.004 0.036 0.045 0.216 0.137 0.068 0.210 0.190 0.089 
245    (0)   :  0.004 0.004 0.014 0.042 0.301 0.148 0.089 0.210 0.109 0.080 
246    (0)   :  0.004 0.006 0.017 0.041 0.196 0.200 0.072 0.237 0.129 0.097 
247    (0)   :  0.004 0.005 0.027 0.073 0.065 0.159 0.140 0.102 0.291 0.135 
248    (0)   :  0.004 0.004 0.015 0.060 0.083 0.237 0.081 0.094 0.317 0.106 
249    (0)   :  0.004 0.004 0.026 0.047 0.126 0.132 0.069 0.305 0.194 0.092 
250    (0)   :  0.004 0.005 0.026 0.051 0.137 0.109 0.079 0.231 0.236 0.122 
251    (0)   :  0.004 0.009 0.015 0.061 0.105 0.226 0.111 0.134 0.140 0.195 
252    (0)   :  0.004 0.005 0.031 0.042 0.138 0.179 0.088 0.211 0.199 0.102 
253    (0)   :  0.004 0.008 0.014 0.064 0.076 0.251 0.123 0.148 0.189 0.123 
254    (0)   :  0.005 0.004 0.023 0.045 0.140 0.160 0.080 0.142 0.206 0.194 
255    (0)   :  0.004 0.004 0.029 0.045 0.118 0.120 0.085 0.209 0.260 0.127 
256    (0)   :  0.004 0.005 0.017 0.046 0.123 0.207 0.081 0.256 0.162 0.099 
257    (0)   :  0.006 0.007 0.028 0.053 0.113 0.198 0.089 0.180 0.219 0.107 
258    (0)   :  0.004 0.004 0.014 0.055 0.120 0.269 0.111 0.116 0.181 0.127 
259    (0)   :  0.005 0.005 0.028 0.051 0.099 0.144 0.078 0.202 0.270 0.117 
260    (0)   :  0.005 0.004 0.017 0.046 0.176 0.102 0.079 0.209 0.156 0.207 
261    (0)   :  0.004 0.005 0.016 0.040 0.194 0.217 0.089 0.200 0.136 0.099 
262    (0)   :  0.004 0.005 0.014 0.037 0.156 0.327 0.071 0.213 0.099 0.073 
263    (0)   :  0.005 0.004 0.055 0.045 0.109 0.209 0.068 0.112 0.259 0.134 
264    (0)   :  0.006 0.005 0.016 0.051 0.056 0.153 0.103 0.091 0.211 0.308 
265    (0)   :  0.004 0.007 0.018 0.046 0.171 0.178 0.090 0.151 0.199 0.135 
266    (0)   :  0.004 0.004 0.013 0.037 0.182 0.205 0.071 0.318 0.096 0.071 
267    (0)   :  0.004 0.004 0.015 0.058 0.144 0.161 0.081 0.195 0.217 0.121 
268    (0)   :  0.004 0.006 0.015 0.053 0.134 0.330 0.075 0.157 0.138 0.090 
269    (0)   :  0.004 0.008 0.017 0.045 0.180 0.139 0.104 0.154 0.141 0.207 
270    (0)   :  0.005 0.005 0.031 0.054 0.096 0.166 0.097 0.117 0.264 0.164 
271    (0)   :  0.004 0.005 0.016 0.059 0.102 0.260 0.092 0.133 0.208 0.120 
272    (0)   :  0.005 0.047 0.017 0.063 0.106 0.246 0.099 0.135 0.146 0.136 
273    (0)   :  0.018 0.018 0.046 0.066 0.129 0.117 0.126 0.177 0.179 0.124 
274    (0)   :  0.004 0.009 0.018 0.053 0.109 0.190 0.105 0.159 0.209 0.145 
275    (0)   :  0.007 0.017 0.047 0.056 0.137 0.164 0.093 0.141 0.185 0.153 
276    (0)   :  0.005 0.037 0.016 0.067 0.073 0.262 0.093 0.157 0.179 0.112 
277    (0)   :  0.004 0.005 0.020 0.047 0.149 0.130 0.096 0.222 0.186 0.141 
278    (0)   :  0.004 0.007 0.015 0.055 0.122 0.320 0.078 0.110 0.181 0.108 
279    (0)   :  0.004 0.005 0.019 0.051 0.128 0.166 0.094 0.192 0.206 0.133 
280    (0)   :  0.004 0.009 0.017 0.046 0.138 0.200 0.118 0.163 0.167 0.138 
281    (0)   :  0.004 0.005 0.021 0.056 0.109 0.175 0.116 0.159 0.252 0.104 
282    (0)   :  0.004 0.004 0.015 0.046 0.230 0.100 0.082 0.238 0.151 0.131 
283    (0)   :  0.004 0.004 0.025 0.044 0.238 0.109 0.067 0.257 0.160 0.093 
284    (0)   :  0.004 0.005 0.023 0.067 0.153 0.149 0.095 0.189 0.180 0.135 
285    (0)   :  0.004 0.005 0.022 0.057 0.057 0.285 0.102 0.084 0.282 0.102 
286    (0)   :  0.004 0.004 0.037 0.045 0.213 0.137 0.069 0.213 0.189 0.089 
287    (0)   :  0.004 0.009 0.020 0.053 0.130 0.147 0.128 0.186 0.201 0.122 
288    (0)   :  0.005 0.040 0.035 0.054 0.104 0.168 0.090 0.138 0.232 0.134 
289    (0)   :  0.007 0.018 0.036 0.068 0.092 0.199 0.090 0.123 0.228 0.139 
290    (0)   :  0.006 0.005 0.018 0.058 0.075 0.227 0.098 0.192 0.171 0.150 
291    (0)   :  0.004 0.005 0.016 0.060 0.102 0.259 0.093 0.132 0.209 0.120 
292    (0)   :  0.004 0.008 0.014 0.040 0.134 0.269 0.124 0.177 0.122 0.107 
293    (0)   :  0.005 0.005 0.011 0.059 0.077 0.256 0.127 0.115 0.147 0.198 
294    (0)   :  0.006 0.006 0.064 0.042 0.077 0.254 0.072 0.121 0.235 0.123 
295    (0)   :  0.005 0.017 0.036 0.065 0.082 0.262 0.112 0.132 0.164 0.124 
296    (0)   :  0.004 0.006 0.030 0.060 0.111 0.248 0.085 0.130 0.237 0.089 
297    (0)   :  0.004 0.010 0.030 0.047 0.093 0.162 0.120 0.159 0.236 0.139 
298    (0)   :  0.004 0.005 0.027 0.047 0.155 0.085 0.082 0.253 0.212 0.129 
299    (0)   :  0.005 0.004 0.084 0.041 0.096 0.126 0.070 0.130 0.301 0.142 
300    (0)   :  0.004 0.005 0.063 0.045 0.074 0.206 0.095 0.118 0.302 0.088 
301    (0)   :  0.005 0.007 0.025 0.051 0.099 0.174 0.085 0.121 0.206 0.227 
302    (0)   :  0.006 0.007 0.042 0.046 0.093 0.343 0.072 0.101 0.165 0.127 
303    (0)   :  0.004 0.005 0.034 0.043 0.174 0.135 0.100 0.228 0.182 0.096 
304    (0)   :  0.005 0.004 0.022 0.059 0.234 0.077 0.096 0.158 0.154 0.189 
305    (0)   :  0.004 0.007 0.045 0.039 0.162 0.250 0.079 0.171 0.160 0.083 
306    (0)   :  0.004 0.008 0.017 0.043 0.142 0.164 0.084 0.301 0.127 0.111 
307    (0)   :  0.005 0.005 0.016 0.052 0.111 0.146 0.093 0.248 0.188 0.136 
308    (0)   :  0.004 0.004 0.016 0.040 0.196 0.217 0.088 0.200 0.135 0.100 
309    (0)   :  0.013 0.018 0.098 0.066 0.103 0.158 0.079 0.111 0.257 0.098 
310    (0)   :  0.004 0.004 0.017 0.044 0.161 0.253 0.069 0.200 0.162 0.086 
311    (0)   :  0.004 0.005 0.058 0.045 0.145 0.117 0.068 0.219 0.248 0.090 
312    (0)   :  0.004 0.004 0.065 0.052 0.104 0.207 0.072 0.122 0.285 0.086 
313    (0)   :  0.004 0.005 0.023 0.048 0.070 0.380 0.075 0.101 0.206 0.088 
314    (0)   :  0.004 0.006 0.099 0.038 0.240 0.133 0.082 0.245 0.078 0.074 
315    (0)   :  0.004 0.008 0.087 0.038 0.297 0.119 0.095 0.176 0.078 0.099 
316    (0)   :  0.006 0.012 0.158 0.039 0.280 0.079 0.102 0.134 0.082 0.108 
317    (0)   :  0.005 0.006 0.107 0.038 0.281 0.085 0.085 0.239 0.079 0.076 
318    (0)   :  0.004 0.006 0.183 0.037 0.317 0.062 0.087 0.146 0.078 0.080 
319    (0)   :  0.004 0.004 0.012 0.037 0.338 0.086 0.080 0.283 0.082 0.074 
320    (0)   :  0.004 0.006 0.100 0.037 0.241 0.133 0.082 0.245 0.078 0.074 
321    (0)   :  0.004 0.006 0.183 0.037 0.213 0.074 0.087 0.237 0.079 0.079 
322    (0)   :  0.006 0.013 0.074 0.041 0.239 0.121 0.098 0.221 0.083 0.103 
323    (0)   :  0.011 0.006 0.068 0.037 0.376 0.067 0.085 0.186 0.082 0.083 
324    (0)   :  0.004 0.006 0.183 0.037 0.212 0.074 0.088 0.238 0.079 0.080 
325    (0)   :  0.004 0.010 0.218 0.038 0.255 0.074 0.095 0.126 0.079 0.102 
326    (0)   :  0.006 0.016 0.303 0.038 0.162 0.073 0.093 0.132 0.079 0.098 
327    (0)   :  0.005 0.006 0.105 0.038 0.282 0.086 0.084 0.238 0.079 0.077 
328    (0)   :  0.004 0.009 0.095 0.039 0.211 0.105 0.098 0.250 0.086 0.104 
329    (0)   :  0.004 0.004 0.021 0.036 0.373 0.061 0.085 0.258 0.078 0.078 
330    (0)   :  0.005 0.006 0.105 0.038 0.279 0.085 0.084 0.241 0.080 0.076 
331    (0)   :  0.004 0.005 0.062 0.036 0.407 0.066 0.087 0.173 0.082 0.079 
332    (0)   :  0.008 0.012 0.298 0.038 0.164 0.073 0.092 0.134 0.078 0.102 
333    (0)   :  0.007 0.013 0.226 0.038 0.184 0.084 0.092 0.173 0.085 0.097 
334    (0)   :  0.004 0.009 0.095 0.038 0.210 0.104 0.097 0.252 0.085 0.106 
335    (0)   :  0.004 0.009 0.041 0.038 0.263 0.109 0.091 0.267 0.079 0.100 
336    (0)   :  0.008 0.006 0.262 0.036 0.181 0.094 0.085 0.171 0.077 0.079 
337    (0)   :  0.004 0.010 0.207 0.039 0.169 0.093 0.096 0.200 0.079 0.101 
338    (0)   :  0.004 0.005 0.284 0.036 0.209 0.061 0.087 0.154 0.079 0.079 
339    (0)   :  0.004 0.005 0.064 0.036 0.406 0.066 0.086 0.172 0.083 0.078 
340    (0)   :  0.004 0.004 0.029 0.036 0.453 0.070 0.081 0.167 0.081 0.074 
341    (0)   :  0.009 0.008 0.124 0.038 0.298 0.069 0.086 0.207 0.084 0.078 
342    (0)   :  0.005 0.006 0.108 0.038 0.277 0.085 0.084 0.241 0.079 0.077 
343    (0)   :  0.009 0.012 0.082 0.039 0.160 0.144 0.089 0.287 0.077 0.101 
344    (0)   :  0.004 0.005 0.066 0.036 0.401 0.061 0.086 0.185 0.078 0.078 
345    (0)   :  0.005 0.006 0.107 0.037 0.279 0.085 0.085 0.239 0.080 0.077 
346    (0)   :  0.005 0.006 0.104 0.037 0.395 0.067 0.084 0.147 0.079 0.077 
347    (0)   :  0.004 0.004 0.028 0.036 0.451 0.065 0.081 0.178 0.077 0.074 
348    (0)   :  0.004 0.008 0.038 0.038 0.218 0.171 0.086 0.269 0.077 0.091 
349    (0)   :  0.004 0.006 0.105 0.038 0.281 0.085 0.084 0.240 0.079 0.077 
350    (0)   :  0.004 0.005 0.020 0.036 0.403 0.102 0.086 0.186 0.083 0.076 
351    (0)   :  0.004 0.008 0.041 0.038 0.259 0.109 0.092 0.270 0.078 0.100 
352    (0)   :  0.005 0.012 0.128 0.040 0.224 0.114 0.094 0.206 0.080 0.098 
353    (0)   :  0.008 0.006 0.263 0.036 0.182 0.094 0.085 0.171 0.076 0.078 
354    (0)   :  0.006 0.006 0.061 0.038 0.377 0.063 0.089 0.198 0.081 0.081 
355    (0)   :  0.004 0.006 0.185 0.036 0.317 0.061 0.088 0.145 0.079 0.080 
356    (0)   :  0.003 0.007 0.013 0.037 0.163 0.163 0.085 0.363 0.076 0.091 
357    (0)   :  0.004 0.008 0.016 0.041 0.281 0.085 0.140 0.133 0.094 0.200 
358    (0)   :  0.004 0.008 0.226 0.038 0.196 0.074 0.093 0.182 0.078 0.100 
359    (0)   :  0.004 0.004 0.201 0.036 0.243 0.067 0.085 0.197 0.084 0.077 
360    (0)   :  0.004 0.006 0.104 0.037 0.396 0.067 0.085 0.145 0.078 0.077 
361    (0)   :  0.004 0.007 0.015 0.041 0.166 0.114 0.138 0.222 0.095 0.198 
362    (0)   :  0.005 0.011 0.040 0.061 0.087 0.138 0.225 0.102 0.170 0.160 
363    (0)   :  0.006 0.008 0.018 0.081 0.062 0.110 0.212 0.092 0.209 0.202 
364    (0)   :  0.012 0.007 0.019 0.061 0.133 0.107 0.106 0.209 0.142 0.205 
365    (0)   :  0.012 0.011 0.016 0.069 0.068 0.096 0.268 0.104 0.153 0.202 
366    (0)   :  0.005 0.010 0.017 0.048 0.091 0.213 0.125 0.138 0.139 0.215 
367    (0)   :  0.004 0.007 0.014 0.172 0.053 0.071 0.262 0.077 0.185 0.155 
368    (0)   :  0.004 0.005 0.019 0.070 0.071 0.087 0.146 0.117 0.339 0.142 
369    (0)   :  0.006 0.007 0.038 0.048 0.070 0.183 0.105 0.219 0.129 0.194 
370    (0)   :  0.009 0.012 0.040 0.107 0.072 0.103 0.119 0.119 0.264 0.155 
371    (0)   :  0.008 0.007 0.041 0.057 0.082 0.122 0.104 0.139 0.186 0.254 
372    (0)   :  0.027 0.017 0.049 0.082 0.091 0.116 0.115 0.129 0.280 0.095 
373    (0)   :  0.005 0.004 0.018 0.115 0.082 0.093 0.170 0.169 0.208 0.136 
374    (0)   :  0.006 0.010 0.018 0.085 0.093 0.091 0.136 0.245 0.146 0.171 
375    (0)   :  0.012 0.008 0.030 0.076 0.059 0.071 0.156 0.089 0.242 0.257 
376    (0)   :  0.084 0.008 0.014 0.062 0.056 0.072 0.261 0.089 0.110 0.243 
377    (0)   :  0.006 0.008 0.028 0.062 0.088 0.150 0.193 0.095 0.206 0.162 
378    (0)   :  0.004 0.006 0.028 0.174 0.137 0.102 0.183 0.137 0.140 0.089 
379    (0)   :  0.144 0.014 0.016 0.074 0.052 0.082 0.188 0.081 0.122 0.227 
380    (0)   :  0.009 0.020 0.021 0.043 0.089 0.112 0.269 0.192 0.117 0.130 
381    (0)   :  0.008 0.007 0.014 0.041 0.074 0.147 0.174 0.201 0.095 0.239 
382    (0)   :  0.004 0.005 0.019 0.065 0.069 0.071 0.138 0.087 0.150 0.393 
383    (0)   :  0.010 0.031 0.148 0.045 0.100 0.075 0.197 0.098 0.138 0.158 
384    (0)   :  0.034 0.018 0.062 0.068 0.104 0.072 0.149 0.122 0.143 0.229 
385    (0)   :  0.006 0.005 0.114 0.157 0.109 0.070 0.111 0.109 0.177 0.143 
386    (0)   :  0.004 0.005 0.013 0.076 0.061 0.089 0.276 0.093 0.168 0.216 
387    (0)   :  0.004 0.005 0.011 0.079 0.089 0.092 0.246 0.084 0.148 0.241 
388    (0)   :  0.012 0.009 0.023 0.087 0.124 0.071 0.162 0.173 0.171 0.167 
389    (0)   :  0.009 0.008 0.027 0.112 0.068 0.230 0.082 0.096 0.236 0.132 
390    (0)   :  0.015 0.024 0.023 0.105 0.056 0.131 0.279 0.094 0.134 0.139 
391    (0)   :  0.011 0.014 0.018 0.154 0.069 0.138 0.114 0.150 0.197 0.136 
392    (0)   :  0.006 0.005 0.013 0.063 0.118 0.105 0.265 0.123 0.147 0.155 
393    (0)   :  0.006 0.015 0.015 0.045 0.082 0.098 0.395 0.136 0.096 0.112 
394    (0)   :  0.004 0.009 0.033 0.075 0.138 0.096 0.213 0.155 0.146 0.131 
395    (0)   :  0.004 0.010 0.014 0.066 0.079 0.183 0.238 0.090 0.190 0.127 
396    (0)   :  0.004 0.005 0.013 0.079 0.050 0.080 0.186 0.081 0.260 0.241 
397    (0)   :  0.047 0.005 0.026 0.045 0.105 0.134 0.090 0.176 0.174 0.198 
398    (0)   :  0.030 0.010 0.012 0.087 0.054 0.081 0.401 0.083 0.128 0.115 
399    (0)   :  0.005 0.018 0.019 0.201 0.061 0.122 0.146 0.097 0.202 0.130 
400    (0)   :  0.005 0.005 0.013 0.092 0.062 0.088 0.222 0.142 0.131 0.240 
401    (0)   :  0.004 0.005 0.011 0.120 0.082 0.155 0.249 0.115 0.161 0.098 
402    (0)   :  0.005 0.005 0.014 0.079 0.083 0.154 0.180 0.123 0.222 0.135 
403    (0)   :  0.006 0.006 0.015 0.078 0.233 0.100 0.150 0.164 0.137 0.112 
404    (0)   :  0.006 0.005 0.018 0.079 0.072 0.082 0.147 0.161 0.230 0.200 
405    (0)   :  0.004 0.009 0.015 0.053 0.079 0.131 0.203 0.137 0.175 0.195 
406    (0)   :  0.004 0.087 0.012 0.042 0.075 0.168 0.168 0.190 0.109 0.145 
407    (0)   :  0.004 0.008 0.011 0.053 0.049 0.074 0.394 0.083 0.142 0.183 
408    (0)   :  0.004 0.004 0.012 0.124 0.048 0.215 0.157 0.074 0.266 0.097 
409    (0)   :  0.008 0.017 0.016 0.048 0.068 0.105 0.244 0.310 0.098 0.086 
410    (0)   :  0.058 0.011 0.017 0.092 0.091 0.101 0.262 0.109 0.136 0.122 
411    (0)   :  0.009 0.006 0.044 0.056 0.091 0.127 0.178 0.105 0.122 0.261 
412    (0)   :  0.004 0.005 0.021 0.075 0.069 0.084 0.179 0.104 0.297 0.163 
413    (0)   :  0.004 0.004 0.027 0.075 0.130 0.089 0.193 0.125 0.216 0.137 
414    (0)   :  0.004 0.005 0.028 0.110 0.062 0.079 0.120 0.067 0.292 0.234 
415    (0)   :  0.004 0.008 0.012 0.065 0.054 0.155 0.199 0.121 0.137 0.245 
416    (0)   :  0.005 0.005 0.016 0.111 0.068 0.125 0.228 0.163 0.161 0.117 
417    (0)   :  0.005 0.025 0.020 0.066 0.056 0.084 0.304 0.106 0.159 0.174 
418    (0)   :  0.005 0.005 0.018 0.111 0.057 0.069 0.198 0.091 0.251 0.195 
419    (0)   :  0.009 0.010 0.016 0.075 0.114 0.102 0.231 0.174 0.145 0.124 
420    (0)   :  0.004 0.005 0.010 0.116 0.051 0.218 0.234 0.103 0.158 0.103 
421    (0)   :  0.005 0.012 0.022 0.072 0.056 0.087 0.284 0.111 0.245 0.106 
422    (0)   :  0.005 0.009 0.014 0.047 0.064 0.186 0.290 0.103 0.192 0.090 
423    (0)   :  0.005 0.008 0.017 0.060 0.099 0.107 0.145 0.097 0.182 0.278 
424    (0)   :  0.006 0.013 0.015 0.122 0.083 0.153 0.173 0.121 0.146 0.169 
425    (0)   :  0.016 0.009 0.017 0.085 0.108 0.096 0.151 0.119 0.162 0.237 
426    (0)   :  0.022 0.022 0.040 0.124 0.084 0.095 0.153 0.127 0.154 0.178 
427    (0)   :  0.004 0.008 0.019 0.077 0.132 0.069 0.386 0.076 0.102 0.127 
428    (0)   :  0.014 0.027 0.015 0.047 0.113 0.136 0.277 0.152 0.115 0.104 
429    (0)   :  0.005 0.005 0.015 0.093 0.052 0.069 0.273 0.077 0.160 0.251 
430    (0)   :  0.004 0.015 0.017 0.049 0.055 0.081 0.403 0.087 0.154 0.135 
431    (0)   :  0.008 0.013 0.027 0.130 0.105 0.115 0.111 0.113 0.181 0.198 
432    (0)   :  0.004 0.005 0.015 0.074 0.074 0.100 0.190 0.122 0.288 0.128 
433    (0)   :  0.006 0.006 0.015 0.060 0.141 0.125 0.110 0.229 0.178 0.131 
434    (0)   :  0.004 0.005 0.022 0.050 0.083 0.116 0.165 0.172 0.191 0.192 
435    (0)   :  0.004 0.017 0.011 0.060 0.053 0.091 0.405 0.080 0.127 0.151 
436    (0)   :  0.006 0.051 0.012 0.108 0.060 0.098 0.234 0.134 0.085 0.212 
437    (0)   :  0.005 0.007 0.012 0.044 0.057 0.086 0.144 0.091 0.138 0.416 
438    (0)   :  0.005 0.034 0.014 0.077 0.061 0.153 0.303 0.142 0.100 0.111 
439    (0)   :  0.004 0.021 0.011 0.060 0.057 0.070 0.462 0.096 0.085 0.134 
440    (0)   :  0.004 0.030 0.010 0.082 0.048 0.084 0.249 0.072 0.112 0.310 
441    (0)   :  0.004 0.010 0.015 0.049 0.075 0.087 0.372 0.137 0.104 0.147 
442    (0)   :  0.005 0.005 0.010 0.098 0.050 0.112 0.204 0.105 0.183 0.228 
443    (0)   :  0.004 0.010 0.011 0.166 0.049 0.198 0.229 0.082 0.121 0.131 
444    (0)   :  0.005 0.008 0.011 0.085 0.050 0.129 0.184 0.101 0.155 0.272 
445    (0)   :  0.029 0.010 0.013 0.045 0.066 0.108 0.365 0.176 0.091 0.097 
446    (0)   :  0.034 0.014 0.013 0.121 0.055 0.063 0.400 0.091 0.103 0.106 
447    (0)   :  0.005 0.042 0.012 0.083 0.071 0.120 0.217 0.150 0.124 0.175 
448    (0)   :  0.004 0.010 0.012 0.057 0.057 0.099 0.299 0.097 0.157 0.208 
449    (0)   :  0.004 0.010 0.012 0.056 0.073 0.101 0.266 0.130 0.139 0.209 
450    (0)   :  0.006 0.005 0.014 0.063 0.080 0.059 0.269 0.138 0.115 0.251 
451    (0)   :  0.004 0.007 0.011 0.115 0.048 0.111 0.143 0.072 0.279 0.210 
452    (0)   :  0.005 0.006 0.012 0.073 0.078 0.068 0.342 0.130 0.114 0.171 
453    (0)   :  0.004 0.007 0.013 0.079 0.056 0.278 0.187 0.130 0.140 0.106 
454    (0)   :  0.004 0.009 0.025 0.060 0.085 0.096 0.264 0.113 0.114 0.230 
455    (0)   :  0.004 0.033 0.012 0.077 0.050 0.111 0.363 0.090 0.097 0.164 
456    (0)   :  0.005 0.011 0.010 0.072 0.050 0.207 0.245 0.086 0.106 0.209 
457    (0)   :  0.005 0.011 0.011 0.044 0.058 0.086 0.274 0.104 0.121 0.286 
458    (0)   :  0.030 0.009 0.012 0.061 0.058 0.070 0.457 0.097 0.099 0.108 
459    (0)   :  0.004 0.012 0.011 0.079 0.069 0.071 0.359 0.153 0.092 0.151 
460    (0)   :  0.004 0.010 0.011 0.105 0.054 0.078 0.389 0.081 0.106 0.162 
461    (0)   :  0.005 0.005 0.012 0.139 0.054 0.058 0.309 0.086 0.131 0.201 
462    (0)   :  0.007 0.011 0.016 0.114 0.046 0.117 0.253 0.067 0.168 0.201 
463    (0)   :  0.004 0.040 0.014 0.046 0.061 0.253 0.222 0.106 0.101 0.153 
464    (0)   :  0.004 0.011 0.010 0.112 0.049 0.136 0.320 0.086 0.123 0.149 
465    (0)   :  0.005 0.007 0.013 0.090 0.056 0.111 0.332 0.099 0.154 0.134 
466    (0)   :  0.004 0.011 0.011 0.079 0.050 0.206 0.264 0.089 0.138 0.147 
467    (0)   :  0.004 0.010 0.016 0.057 0.066 0.113 0.348 0.111 0.131 0.145 
468    (0)   :  0.004 0.038 0.010 0.043 0.050 0.145 0.228 0.088 0.102 0.291 
469    (0)   :  0.004 0.092 0.011 0.046 0.054 0.069 0.412 0.085 0.083 0.144 
470    (0)   :  0.004 0.025 0.011 0.082 0.053 0.081 0.406 0.083 0.108 0.146 
471    (0)   :  0.005 0.006 0.011 0.101 0.057 0.186 0.215 0.097 0.167 0.153 
472    (0)   :  0.005 0.006 0.011 0.063 0.052 0.134 0.315 0.101 0.148 0.166 
473    (0)   :  0.004 0.010 0.015 0.046 0.073 0.125 0.232 0.127 0.159 0.208 
474    (0)   :  0.004 0.006 0.011 0.072 0.070 0.106 0.325 0.131 0.112 0.162 
475    (0)   :  0.004 0.007 0.012 0.091 0.074 0.098 0.292 0.150 0.146 0.127 
476    (0)   :  0.005 0.008 0.012 0.064 0.053 0.102 0.245 0.100 0.090 0.321 
477    (0)   :  0.005 0.009 0.012 0.113 0.061 0.117 0.219 0.135 0.148 0.180 
478    (0)   :  0.005 0.009 0.012 0.237 0.054 0.079 0.227 0.079 0.170 0.128 
479    (0)   :  0.004 0.009 0.011 0.067 0.054 0.076 0.315 0.082 0.109 0.273 
480    (0)   :  0.005 0.009 0.011 0.057 0.057 0.077 0.280 0.094 0.095 0.315 
481    (0)   :  0.004 0.006 0.011 0.074 0.057 0.118 0.210 0.096 0.247 0.178 
