

----------------------------------------------------
STRUCTURE by Pritchard, Stephens and Donnelly (2000)
     and Falush, Stephens and Pritchard (2003)
       Code by Pritchard, Falush and Hubisz
             Version 2.3.4 (Jul 2012)
----------------------------------------------------



Command line arguments:   ./structure -K 3 -D 103007 -m brooktrout/mainparams -e brooktrout/extraparams -o brooktrout/250914_output/results_K3_rep7 
Input File:    brooktrout/brooktrout.txt

Run parameters:
   8454 individuals
   5 loci
   3 populations assumed
   50000 Burn-in period
   100000 Reps
RANDOMIZE turned off


--------------------------------------------
Overall proportion of membership of the
sample in each of the 3 clusters

Inferred Clusters
  1      2      3    
0.261  0.229  0.510  

--------------------------------------------

Allele-freq. divergence among pops (Net nucleotide distance),
computed using point estimates of P.

      1       2       3      
 1      -    0.0861  0.0282  
 2   0.0861     -    0.0529  
 3   0.0282  0.0529     -    

Average distances (expected heterozygosity) between individuals in same cluster:
cluster  1  : 0.8136 
cluster  2  : 0.7752 
cluster  3  : 0.8440 

--------------------------------------------
Estimated Ln Prob of Data   = -178509.4
Mean value of ln likelihood = -175609.2
Variance of ln likelihood   = 5800.4

Mean value of alpha_1       = 0.1262
Mean value of alpha_2       = 0.1129
Mean value of alpha_3       = 0.2511
Allele frequencies uncorrelated


Inferred ancestry of individuals:
     (%Miss) :  Inferred clusters
  1    (0)   :  0.333 0.265 0.402 
  2    (0)   :  0.042 0.038 0.920 
  3    (0)   :  0.662 0.150 0.188 
  4    (0)   :  0.035 0.735 0.230 
  5    (0)   :  0.048 0.032 0.919 
  6    (0)   :  0.854 0.030 0.115 
  7    (0)   :  0.138 0.028 0.833 
  8    (0)   :  0.304 0.285 0.412 
  9    (0)   :  0.515 0.094 0.391 
 10    (0)   :  0.455 0.100 0.445 
 11    (0)   :  0.250 0.032 0.719 
 12    (0)   :  0.063 0.057 0.881 
 13    (0)   :  0.102 0.052 0.846 
 14    (0)   :  0.078 0.116 0.807 
 15    (0)   :  0.073 0.158 0.768 
 16    (0)   :  0.665 0.050 0.286 
 17    (0)   :  0.256 0.057 0.688 
 18    (0)   :  0.611 0.132 0.256 
 19    (0)   :  0.589 0.042 0.368 
 20    (0)   :  0.105 0.047 0.848 
 21    (0)   :  0.173 0.308 0.519 
 22    (0)   :  0.824 0.052 0.124 
 23    (0)   :  0.058 0.277 0.664 
 24    (0)   :  0.492 0.193 0.315 
 25    (0)   :  0.103 0.024 0.873 
 26    (0)   :  0.316 0.123 0.562 
 27    (0)   :  0.282 0.086 0.632 
 28    (0)   :  0.164 0.252 0.584 
 29    (0)   :  0.082 0.044 0.874 
 30    (0)   :  0.839 0.045 0.116 
 31    (0)   :  0.128 0.101 0.771 
 32    (0)   :  0.171 0.151 0.677 
 33    (0)   :  0.632 0.147 0.221 
 34    (0)   :  0.549 0.042 0.410 
 35    (0)   :  0.565 0.061 0.374 
 36    (0)   :  0.727 0.111 0.163 
 37    (0)   :  0.114 0.243 0.643 
 38    (0)   :  0.865 0.024 0.111 
 39    (0)   :  0.721 0.043 0.236 
 40    (0)   :  0.137 0.563 0.300 
 41    (0)   :  0.685 0.088 0.228 
 42    (0)   :  0.221 0.664 0.116 
 43    (0)   :  0.065 0.172 0.763 
 44    (0)   :  0.451 0.092 0.456 
 45    (0)   :  0.688 0.044 0.268 
 46    (0)   :  0.694 0.034 0.272 
 47    (0)   :  0.652 0.068 0.279 
 48    (0)   :  0.462 0.119 0.419 
 49    (0)   :  0.574 0.076 0.350 
 50    (0)   :  0.696 0.083 0.222 
 51    (0)   :  0.484 0.236 0.280 
 52    (0)   :  0.745 0.050 0.205 
 53    (0)   :  0.853 0.050 0.096 
 54    (0)   :  0.088 0.090 0.822 
 55    (0)   :  0.055 0.074 0.871 
 56    (0)   :  0.622 0.114 0.265 
 57    (0)   :  0.313 0.137 0.551 
 58    (0)   :  0.203 0.090 0.708 
 59    (0)   :  0.714 0.056 0.231 
 60    (0)   :  0.151 0.442 0.408 
 61    (0)   :  0.035 0.211 0.754 
 62    (0)   :  0.566 0.050 0.384 
 63    (0)   :  0.181 0.149 0.670 
 64    (0)   :  0.820 0.030 0.150 
 65    (0)   :  0.144 0.020 0.836 
 66    (0)   :  0.040 0.171 0.789 
 67    (0)   :  0.060 0.058 0.882 
 68    (0)   :  0.677 0.081 0.243 
 69    (0)   :  0.449 0.144 0.406 
 70    (0)   :  0.204 0.130 0.665 
 71    (0)   :  0.669 0.033 0.298 
 72    (0)   :  0.784 0.043 0.173 
 73    (0)   :  0.089 0.037 0.873 
 74    (0)   :  0.656 0.217 0.126 
 75    (0)   :  0.198 0.658 0.144 
 76    (0)   :  0.103 0.052 0.845 
 77    (0)   :  0.715 0.052 0.233 
 78    (0)   :  0.798 0.052 0.150 
 79    (0)   :  0.110 0.030 0.860 
 80    (0)   :  0.085 0.617 0.297 
 81    (0)   :  0.117 0.374 0.509 
 82    (0)   :  0.043 0.089 0.868 
 83    (0)   :  0.134 0.245 0.621 
 84    (0)   :  0.101 0.147 0.752 
 85    (0)   :  0.132 0.323 0.545 
 86    (0)   :  0.122 0.041 0.837 
 87    (0)   :  0.084 0.037 0.878 
 88    (0)   :  0.049 0.198 0.753 
 89    (0)   :  0.053 0.369 0.578 
 90    (0)   :  0.055 0.034 0.911 
 91    (0)   :  0.075 0.683 0.241 
 92    (0)   :  0.069 0.062 0.869 
 93    (0)   :  0.030 0.896 0.074 
 94    (0)   :  0.573 0.035 0.392 
 95    (0)   :  0.040 0.078 0.882 
 96    (0)   :  0.038 0.392 0.570 
 97    (0)   :  0.355 0.466 0.179 
 98    (0)   :  0.183 0.135 0.681 
 99    (0)   :  0.080 0.113 0.807 
100    (0)   :  0.027 0.828 0.145 
101    (0)   :  0.049 0.062 0.889 
102    (0)   :  0.092 0.350 0.559 
103    (0)   :  0.034 0.117 0.848 
104    (0)   :  0.050 0.034 0.916 
105    (0)   :  0.031 0.065 0.903 
106    (0)   :  0.406 0.016 0.578 
107    (0)   :  0.044 0.062 0.894 
108    (0)   :  0.097 0.041 0.862 
109    (0)   :  0.221 0.017 0.762 
110    (0)   :  0.464 0.020 0.515 
111    (0)   :  0.058 0.021 0.921 
112    (0)   :  0.282 0.019 0.699 
113    (0)   :  0.138 0.076 0.786 
114    (0)   :  0.047 0.042 0.912 
115    (0)   :  0.049 0.037 0.914 
116    (0)   :  0.278 0.021 0.701 
117    (0)   :  0.294 0.031 0.675 
118    (0)   :  0.040 0.026 0.935 
119    (0)   :  0.066 0.361 0.573 
120    (0)   :  0.066 0.031 0.903 
121    (0)   :  0.076 0.034 0.890 
122    (0)   :  0.314 0.023 0.663 
123    (0)   :  0.122 0.032 0.846 
124    (0)   :  0.592 0.031 0.377 
125    (0)   :  0.701 0.036 0.264 
126    (0)   :  0.263 0.045 0.693 
127    (0)   :  0.049 0.024 0.927 
128    (0)   :  0.038 0.028 0.934 
129    (0)   :  0.031 0.023 0.946 
130    (0)   :  0.055 0.043 0.902 
131    (0)   :  0.626 0.029 0.346 
132    (0)   :  0.184 0.021 0.795 
133    (0)   :  0.057 0.033 0.910 
134    (0)   :  0.526 0.013 0.461 
135    (0)   :  0.041 0.764 0.195 
136    (0)   :  0.033 0.878 0.089 
137    (0)   :  0.031 0.847 0.121 
138    (0)   :  0.030 0.916 0.054 
139    (0)   :  0.061 0.611 0.328 
140    (0)   :  0.109 0.635 0.256 
141    (0)   :  0.056 0.855 0.089 
142    (0)   :  0.035 0.824 0.142 
143    (0)   :  0.021 0.929 0.050 
144    (0)   :  0.029 0.859 0.112 
145    (0)   :  0.085 0.718 0.196 
146    (0)   :  0.092 0.565 0.344 
147    (0)   :  0.024 0.925 0.051 
148    (0)   :  0.044 0.773 0.182 
149    (0)   :  0.036 0.898 0.066 
150    (0)   :  0.044 0.638 0.318 
151    (0)   :  0.028 0.879 0.093 
152    (0)   :  0.054 0.695 0.251 
153    (0)   :  0.047 0.873 0.080 
154    (0)   :  0.029 0.874 0.097 
155    (0)   :  0.025 0.908 0.067 
156    (0)   :  0.025 0.872 0.102 
157    (0)   :  0.056 0.762 0.182 
158    (0)   :  0.083 0.764 0.154 
159    (0)   :  0.023 0.920 0.057 
160    (0)   :  0.023 0.913 0.063 
161    (0)   :  0.061 0.797 0.142 
162    (0)   :  0.106 0.452 0.442 
163    (0)   :  0.024 0.916 0.060 
164    (0)   :  0.059 0.412 0.530 
165    (0)   :  0.038 0.723 0.239 
166    (0)   :  0.069 0.642 0.289 
167    (0)   :  0.047 0.748 0.204 
168    (0)   :  0.052 0.858 0.090 
169    (0)   :  0.458 0.430 0.112 
170    (0)   :  0.029 0.861 0.110 
171    (0)   :  0.055 0.645 0.300 
172    (0)   :  0.140 0.797 0.063 
173    (0)   :  0.023 0.910 0.068 
174    (0)   :  0.031 0.889 0.081 
175    (0)   :  0.030 0.906 0.064 
176    (0)   :  0.028 0.864 0.108 
177    (0)   :  0.126 0.588 0.287 
178    (0)   :  0.044 0.839 0.116 
179    (0)   :  0.022 0.927 0.051 
180    (0)   :  0.081 0.739 0.180 
181    (0)   :  0.045 0.825 0.130 
182    (0)   :  0.022 0.856 0.122 
183    (0)   :  0.024 0.912 0.064 
184    (0)   :  0.098 0.048 0.855 
185    (0)   :  0.018 0.928 0.053 
186    (0)   :  0.083 0.040 0.877 
187    (0)   :  0.063 0.381 0.555 
188    (0)   :  0.061 0.028 0.911 
189    (0)   :  0.228 0.337 0.435 
190    (0)   :  0.022 0.748 0.230 
191    (0)   :  0.038 0.086 0.877 
192    (0)   :  0.059 0.258 0.683 
193    (0)   :  0.070 0.221 0.709 
194    (0)   :  0.049 0.237 0.715 
195    (0)   :  0.023 0.860 0.117 
196    (0)   :  0.039 0.405 0.556 
197    (0)   :  0.217 0.107 0.676 
198    (0)   :  0.100 0.119 0.781 
199    (0)   :  0.036 0.365 0.600 
200    (0)   :  0.063 0.225 0.712 
201    (0)   :  0.031 0.846 0.123 
202    (0)   :  0.021 0.800 0.179 
203    (0)   :  0.026 0.825 0.149 
204    (0)   :  0.026 0.519 0.456 
205    (0)   :  0.048 0.131 0.821 
206    (0)   :  0.032 0.432 0.536 
207    (0)   :  0.028 0.101 0.871 
208    (0)   :  0.040 0.495 0.465 
209    (0)   :  0.048 0.135 0.817 
210    (0)   :  0.036 0.434 0.530 
211    (0)   :  0.026 0.163 0.811 
212    (0)   :  0.041 0.829 0.130 
213    (0)   :  0.070 0.138 0.792 
214    (0)   :  0.028 0.846 0.126 
215    (0)   :  0.037 0.058 0.906 
216    (0)   :  0.106 0.072 0.822 
217    (0)   :  0.039 0.813 0.148 
218    (0)   :  0.047 0.188 0.765 
219    (0)   :  0.190 0.262 0.548 
220    (0)   :  0.030 0.108 0.861 
221    (0)   :  0.019 0.921 0.059 
222    (0)   :  0.201 0.120 0.679 
223    (0)   :  0.083 0.542 0.376 
224    (0)   :  0.030 0.691 0.279 
225    (0)   :  0.042 0.312 0.646 
226    (0)   :  0.159 0.179 0.662 
227    (0)   :  0.029 0.471 0.501 
228    (0)   :  0.023 0.849 0.128 
229    (0)   :  0.038 0.687 0.274 
230    (0)   :  0.033 0.542 0.425 
231    (0)   :  0.058 0.578 0.364 
232    (0)   :  0.084 0.408 0.508 
233    (0)   :  0.027 0.874 0.099 
234    (0)   :  0.080 0.187 0.733 
235    (0)   :  0.086 0.447 0.467 
236    (0)   :  0.055 0.567 0.378 
237    (0)   :  0.030 0.172 0.798 
238    (0)   :  0.037 0.786 0.177 
239    (0)   :  0.024 0.858 0.118 
240    (0)   :  0.037 0.780 0.183 
241    (0)   :  0.028 0.833 0.139 
242    (0)   :  0.101 0.331 0.567 
243    (0)   :  0.027 0.541 0.432 
244    (0)   :  0.028 0.785 0.187 
245    (0)   :  0.024 0.895 0.081 
246    (0)   :  0.039 0.813 0.148 
247    (0)   :  0.118 0.035 0.847 
248    (0)   :  0.033 0.041 0.926 
249    (0)   :  0.035 0.679 0.286 
250    (0)   :  0.052 0.343 0.605 
251    (0)   :  0.086 0.084 0.830 
252    (0)   :  0.057 0.460 0.483 
253    (0)   :  0.059 0.077 0.864 
254    (0)   :  0.130 0.158 0.711 
255    (0)   :  0.073 0.223 0.704 
256    (0)   :  0.038 0.674 0.288 
257    (0)   :  0.036 0.178 0.786 
258    (0)   :  0.045 0.092 0.863 
259    (0)   :  0.036 0.132 0.832 
260    (0)   :  0.139 0.323 0.538 
261    (0)   :  0.054 0.686 0.260 
262    (0)   :  0.025 0.867 0.108 
263    (0)   :  0.047 0.132 0.820 
264    (0)   :  0.680 0.030 0.291 
265    (0)   :  0.088 0.250 0.662 
266    (0)   :  0.020 0.913 0.067 
267    (0)   :  0.047 0.272 0.681 
268    (0)   :  0.039 0.410 0.551 
269    (0)   :  0.186 0.271 0.543 
270    (0)   :  0.084 0.080 0.836 
271    (0)   :  0.039 0.078 0.883 
272    (0)   :  0.099 0.104 0.797 
273    (0)   :  0.105 0.544 0.351 
274    (0)   :  0.072 0.121 0.807 
275    (0)   :  0.103 0.267 0.630 
276    (0)   :  0.080 0.091 0.829 
277    (0)   :  0.087 0.440 0.473 
278    (0)   :  0.039 0.095 0.867 
279    (0)   :  0.060 0.282 0.658 
280    (0)   :  0.210 0.271 0.520 
281    (0)   :  0.052 0.126 0.822 
282    (0)   :  0.069 0.679 0.252 
283    (0)   :  0.034 0.812 0.153 
284    (0)   :  0.053 0.268 0.679 
285    (0)   :  0.065 0.028 0.907 
286    (0)   :  0.029 0.781 0.191 
287    (0)   :  0.115 0.219 0.666 
288    (0)   :  0.104 0.109 0.787 
289    (0)   :  0.099 0.152 0.749 
290    (0)   :  0.379 0.190 0.431 
291    (0)   :  0.040 0.075 0.885 
292    (0)   :  0.156 0.465 0.378 
293    (0)   :  0.585 0.083 0.332 
294    (0)   :  0.057 0.118 0.825 
295    (0)   :  0.085 0.183 0.731 
296    (0)   :  0.034 0.112 0.854 
297    (0)   :  0.243 0.122 0.634 
298    (0)   :  0.072 0.481 0.447 
299    (0)   :  0.073 0.114 0.813 
300    (0)   :  0.057 0.119 0.825 
301    (0)   :  0.136 0.077 0.786 
302    (0)   :  0.049 0.126 0.825 
303    (0)   :  0.056 0.731 0.213 
304    (0)   :  0.191 0.408 0.401 
305    (0)   :  0.029 0.756 0.215 
306    (0)   :  0.053 0.770 0.178 
307    (0)   :  0.050 0.230 0.720 
308    (0)   :  0.053 0.697 0.250 
309    (0)   :  0.050 0.135 0.815 
310    (0)   :  0.031 0.729 0.240 
311    (0)   :  0.032 0.544 0.424 
312    (0)   :  0.027 0.114 0.858 
313    (0)   :  0.026 0.062 0.912 
314    (0)   :  0.021 0.935 0.043 
315    (0)   :  0.029 0.915 0.056 
316    (0)   :  0.032 0.910 0.058 
317    (0)   :  0.022 0.934 0.044 
318    (0)   :  0.024 0.934 0.042 
319    (0)   :  0.022 0.927 0.052 
320    (0)   :  0.021 0.935 0.043 
321    (0)   :  0.025 0.930 0.045 
322    (0)   :  0.031 0.909 0.061 
323    (0)   :  0.023 0.929 0.047 
324    (0)   :  0.025 0.929 0.046 
325    (0)   :  0.033 0.914 0.053 
326    (0)   :  0.032 0.918 0.050 
327    (0)   :  0.023 0.933 0.044 
328    (0)   :  0.031 0.904 0.064 
329    (0)   :  0.022 0.933 0.045 
330    (0)   :  0.023 0.933 0.044 
331    (0)   :  0.022 0.931 0.047 
332    (0)   :  0.039 0.904 0.056 
333    (0)   :  0.028 0.920 0.052 
334    (0)   :  0.032 0.904 0.064 
335    (0)   :  0.028 0.914 0.058 
336    (0)   :  0.026 0.929 0.044 
337    (0)   :  0.035 0.905 0.060 
338    (0)   :  0.026 0.931 0.043 
339    (0)   :  0.022 0.931 0.047 
340    (0)   :  0.020 0.936 0.044 
341    (0)   :  0.022 0.933 0.045 
342    (0)   :  0.023 0.934 0.043 
343    (0)   :  0.032 0.907 0.061 
344    (0)   :  0.022 0.935 0.043 
345    (0)   :  0.023 0.932 0.045 
346    (0)   :  0.021 0.937 0.042 
347    (0)   :  0.020 0.938 0.042 
348    (0)   :  0.026 0.916 0.058 
349    (0)   :  0.023 0.932 0.045 
350    (0)   :  0.022 0.928 0.050 
351    (0)   :  0.029 0.915 0.057 
352    (0)   :  0.032 0.912 0.056 
353    (0)   :  0.026 0.929 0.044 
354    (0)   :  0.022 0.931 0.046 
355    (0)   :  0.023 0.934 0.043 
356    (0)   :  0.028 0.912 0.061 
357    (0)   :  0.196 0.520 0.284 
358    (0)   :  0.032 0.912 0.056 
359    (0)   :  0.023 0.931 0.047 
360    (0)   :  0.022 0.936 0.042 
361    (0)   :  0.199 0.420 0.381 
362    (0)   :  0.303 0.059 0.638 
363    (0)   :  0.661 0.032 0.306 
364    (0)   :  0.231 0.316 0.454 
365    (0)   :  0.748 0.032 0.220 
366    (0)   :  0.540 0.137 0.323 
367    (0)   :  0.615 0.016 0.369 
368    (0)   :  0.064 0.029 0.907 
369    (0)   :  0.218 0.400 0.383 
370    (0)   :  0.059 0.047 0.894 
371    (0)   :  0.291 0.088 0.621 
372    (0)   :  0.081 0.113 0.806 
373    (0)   :  0.170 0.050 0.779 
374    (0)   :  0.299 0.290 0.411 
375    (0)   :  0.579 0.025 0.397 
376    (0)   :  0.916 0.018 0.066 
377    (0)   :  0.450 0.048 0.502 
378    (0)   :  0.096 0.094 0.811 
379    (0)   :  0.925 0.017 0.058 
380    (0)   :  0.790 0.110 0.099 
381    (0)   :  0.854 0.071 0.075 
382    (0)   :  0.510 0.027 0.463 
383    (0)   :  0.827 0.089 0.084 
384    (0)   :  0.744 0.061 0.195 
385    (0)   :  0.121 0.084 0.795 
386    (0)   :  0.558 0.028 0.415 
387    (0)   :  0.603 0.028 0.369 
388    (0)   :  0.185 0.177 0.638 
389    (0)   :  0.051 0.040 0.909 
390    (0)   :  0.684 0.031 0.284 
391    (0)   :  0.119 0.058 0.823 
392    (0)   :  0.823 0.049 0.129 
393    (0)   :  0.877 0.061 0.062 
394    (0)   :  0.158 0.162 0.680 
395    (0)   :  0.637 0.053 0.311 
396    (0)   :  0.507 0.018 0.475 
397    (0)   :  0.250 0.140 0.610 
398    (0)   :  0.883 0.018 0.099 
399    (0)   :  0.168 0.024 0.808 
400    (0)   :  0.711 0.033 0.256 
401    (0)   :  0.365 0.041 0.594 
402    (0)   :  0.108 0.062 0.830 
403    (0)   :  0.164 0.343 0.493 
404    (0)   :  0.633 0.066 0.300 
405    (0)   :  0.383 0.072 0.545 
406    (0)   :  0.650 0.197 0.153 
407    (0)   :  0.897 0.018 0.084 
408    (0)   :  0.056 0.020 0.924 
409    (0)   :  0.385 0.493 0.122 
410    (0)   :  0.757 0.054 0.189 
411    (0)   :  0.671 0.198 0.131 
412    (0)   :  0.093 0.028 0.879 
413    (0)   :  0.085 0.079 0.836 
414    (0)   :  0.087 0.020 0.893 
415    (0)   :  0.853 0.029 0.118 
416    (0)   :  0.643 0.046 0.312 
417    (0)   :  0.853 0.025 0.122 
418    (0)   :  0.485 0.020 0.495 
419    (0)   :  0.423 0.153 0.424 
420    (0)   :  0.420 0.030 0.550 
421    (0)   :  0.706 0.029 0.265 
422    (0)   :  0.671 0.050 0.280 
423    (0)   :  0.767 0.038 0.194 
424    (0)   :  0.175 0.051 0.773 
425    (0)   :  0.502 0.058 0.441 
426    (0)   :  0.138 0.045 0.817 
427    (0)   :  0.817 0.072 0.112 
428    (0)   :  0.551 0.191 0.258 
429    (0)   :  0.882 0.016 0.102 
430    (0)   :  0.878 0.024 0.098 
431    (0)   :  0.134 0.036 0.831 
432    (0)   :  0.071 0.035 0.893 
433    (0)   :  0.049 0.189 0.763 
434    (0)   :  0.285 0.108 0.607 
435    (0)   :  0.873 0.018 0.108 
436    (0)   :  0.901 0.029 0.070 
437    (0)   :  0.873 0.020 0.107 
438    (0)   :  0.754 0.061 0.184 
439    (0)   :  0.911 0.025 0.064 
440    (0)   :  0.892 0.015 0.093 
441    (0)   :  0.673 0.074 0.253 
442    (0)   :  0.820 0.021 0.159 
443    (0)   :  0.599 0.021 0.380 
444    (0)   :  0.842 0.021 0.137 
445    (0)   :  0.757 0.123 0.120 
446    (0)   :  0.879 0.021 0.100 
447    (0)   :  0.688 0.049 0.263 
448    (0)   :  0.728 0.023 0.249 
449    (0)   :  0.671 0.043 0.286 
450    (0)   :  0.821 0.033 0.146 
451    (0)   :  0.084 0.016 0.900 
452    (0)   :  0.855 0.029 0.116 
453    (0)   :  0.103 0.077 0.821 
454    (0)   :  0.667 0.052 0.281 
455    (0)   :  0.863 0.023 0.113 
456    (0)   :  0.834 0.022 0.144 
457    (0)   :  0.892 0.022 0.086 
458    (0)   :  0.905 0.024 0.072 
459    (0)   :  0.693 0.066 0.241 
460    (0)   :  0.844 0.019 0.137 
461    (0)   :  0.796 0.019 0.185 
462    (0)   :  0.855 0.016 0.129 
463    (0)   :  0.556 0.084 0.360 
464    (0)   :  0.733 0.020 0.247 
465    (0)   :  0.460 0.030 0.510 
466    (0)   :  0.514 0.026 0.460 
467    (0)   :  0.758 0.053 0.189 
468    (0)   :  0.900 0.020 0.080 
469    (0)   :  0.921 0.021 0.059 
470    (0)   :  0.894 0.018 0.087 
471    (0)   :  0.421 0.042 0.538 
472    (0)   :  0.544 0.032 0.424 
473    (0)   :  0.488 0.050 0.462 
474    (0)   :  0.828 0.032 0.141 
475    (0)   :  0.551 0.045 0.403 
476    (0)   :  0.901 0.025 0.075 
477    (0)   :  0.141 0.041 0.818 
478    (0)   :  0.152 0.020 0.829 
479    (0)   :  0.839 0.018 0.143 
480    (0)   :  0.913 0.020 0.066 
481    (0)   :  0.467 0.025 0.508 
482    (0)   :  0.907 0.017 0.076 
483    (0)   :  0.881 0.026 0.093 
484    (0)   :  0.814 0.035 0.151 
485    (0)   :  0.895 0.020 0.085 
486    (0)   :  0.053 0.036 0.911 
487    (0)   :  0.068 0.090 0.842 
488    (0)   :  0.041 0.043 0.916 
489    (0)   :  0.082 0.180 0.737 
490    (0)   :  0.075 0.022 0.904 
491    (0)   :  0.048 0.103 0.850 
492    (0)   :  0.053 0.170 0.778 
493    (0)   :  0.043 0.040 0.917 
494    (0)   :  0.117 0.076 0.806 
495    (0)   :  0.079 0.066 0.855 
496    (0)   :  0.063 0.392 0.545 
497    (0)   :  0.045 0.074 0.881 
498    (0)   :  0.063 0.042 0.895 
499    (0)   :  0.057 0.243 0.700 
500    (0)   :  0.178 0.046 0.776 
501    (0)   :  0.211 0.129 0.660 
502    (0)   :  0.088 0.124 0.789 
503    (0)   :  0.496 0.030 0.474 
504    (0)   :  0.042 0.029 0.928 
505    (0)   :  0.048 0.095 0.857 
506    (0)   :  0.072 0.114 0.814 
507    (0)   :  0.026 0.861 0.112 
508    (0)   :  0.028 0.698 0.273 
509    (0)   :  0.044 0.205 0.751 
510    (0)   :  0.225 0.246 0.528 
511    (0)   :  0.567 0.036 0.396 
512    (0)   :  0.653 0.022 0.325 
513    (0)   :  0.023 0.042 0.935 
514    (0)   :  0.058 0.038 0.904 
515    (0)   :  0.630 0.140 0.230 
516    (0)   :  0.039 0.039 0.922 
517    (0)   :  0.231 0.130 0.639 
518    (0)   :  0.148 0.250 0.602 
519    (0)   :  0.068 0.037 0.895 
520    (0)   :  0.217 0.515 0.267 
521    (0)   :  0.069 0.422 0.509 
522    (0)   :  0.659 0.062 0.279 
523    (0)   :  0.062 0.237 0.701 
524    (0)   :  0.465 0.074 0.461 
525    (0)   :  0.304 0.302 0.395 
526    (0)   :  0.717 0.127 0.156 
527    (0)   :  0.171 0.035 0.794 
528    (0)   :  0.041 0.783 0.177 
529    (0)   :  0.076 0.097 0.827 
530    (0)   :  0.566 0.075 0.358 
531    (0)   :  0.234 0.467 0.299 
532    (0)   :  0.142 0.241 0.617 
533    (0)   :  0.376 0.066 0.557 
534    (0)   :  0.034 0.097 0.869 
535    (0)   :  0.297 0.073 0.630 
536    (0)   :  0.509 0.256 0.234 
537    (0)   :  0.069 0.651 0.280 
538    (0)   :  0.108 0.388 0.505 
539    (0)   :  0.028 0.892 0.080 
540    (0)   :  0.142 0.422 0.436 
541    (0)   :  0.091 0.656 0.253 
542    (0)   :  0.652 0.122 0.226 
543    (0)   :  0.047 0.218 0.734 
544    (0)   :  0.236 0.202 0.562 
545    (0)   :  0.616 0.054 0.330 
546    (0)   :  0.131 0.341 0.528 
547    (0)   :  0.093 0.393 0.514 
548    (0)   :  0.052 0.342 0.606 
549    (0)   :  0.199 0.716 0.085 
550    (0)   :  0.574 0.101 0.325 
551    (0)   :  0.074 0.773 0.153 
552    (0)   :  0.103 0.512 0.384 
553    (0)   :  0.038 0.414 0.548 
554    (0)   :  0.272 0.166 0.562 
555    (0)   :  0.058 0.560 0.382 
556    (0)   :  0.088 0.314 0.598 
557    (0)   :  0.645 0.119 0.236 
558    (0)   :  0.911 0.017 0.072 
559    (0)   :  0.058 0.033 0.909 
560    (0)   :  0.758 0.016 0.226 
561    (0)   :  0.432 0.022 0.546 
562    (0)   :  0.229 0.016 0.754 
563    (0)   :  0.153 0.096 0.751 
564    (0)   :  0.070 0.044 0.887 
565    (0)   :  0.900 0.022 0.078 
566    (0)   :  0.289 0.016 0.695 
567    (0)   :  0.044 0.026 0.930 
568    (0)   :  0.227 0.039 0.734 
569    (0)   :  0.283 0.054 0.663 
570    (0)   :  0.883 0.016 0.101 
571    (0)   :  0.086 0.024 0.891 
572    (0)   :  0.119 0.338 0.544 
573    (0)   :  0.090 0.042 0.869 
574    (0)   :  0.469 0.091 0.440 
575    (0)   :  0.233 0.060 0.707 
576    (0)   :  0.178 0.015 0.807 
577    (0)   :  0.432 0.076 0.493 
578    (0)   :  0.254 0.029 0.717 
579    (0)   :  0.381 0.028 0.591 
580    (0)   :  0.620 0.047 0.333 
581    (0)   :  0.613 0.034 0.353 
582    (0)   :  0.864 0.018 0.118 
583    (0)   :  0.212 0.024 0.764 
584    (0)   :  0.143 0.019 0.839 
585    (0)   :  0.446 0.024 0.530 
586    (0)   :  0.076 0.030 0.894 
587    (0)   :  0.694 0.019 0.287 
588    (0)   :  0.025 0.036 0.939 
589    (0)   :  0.698 0.021 0.281 
590    (0)   :  0.063 0.021 0.917 
591    (0)   :  0.071 0.026 0.903 
592    (0)   :  0.281 0.024 0.695 
593    (0)   :  0.262 0.048 0.690 
594    (0)   :  0.057 0.044 0.899 
595    (0)   :  0.426 0.017 0.557 
596    (0)   :  0.094 0.046 0.860 
597    (0)   :  0.059 0.105 0.836 
598    (0)   :  0.906 0.017 0.077 
599    (0)   :  0.363 0.017 0.620 
600    (0)   :  0.565 0.061 0.374 
601    (0)   :  0.638 0.018 0.343 
602    (0)   :  0.056 0.086 0.859 
603    (0)   :  0.053 0.074 0.873 
604    (0)   :  0.671 0.073 0.256 
605    (0)   :  0.238 0.035 0.727 
606    (0)   :  0.191 0.140 0.669 
607    (0)   :  0.173 0.191 0.636 
608    (0)   :  0.246 0.439 0.315 
609    (0)   :  0.536 0.043 0.421 
610    (0)   :  0.793 0.038 0.169 
611    (0)   :  0.065 0.073 0.862 
612    (0)   :  0.896 0.025 0.079 
613    (0)   :  0.171 0.045 0.784 
614    (0)   :  0.867 0.025 0.109 
615    (0)   :  0.838 0.051 0.110 
616    (0)   :  0.149 0.122 0.729 
617    (0)   :  0.401 0.030 0.570 
618    (0)   :  0.695 0.142 0.163 
619    (0)   :  0.123 0.085 0.792 
620    (0)   :  0.169 0.021 0.810 
621    (0)   :  0.166 0.025 0.810 
622    (0)   :  0.569 0.112 0.319 
623    (0)   :  0.084 0.029 0.888 
624    (0)   :  0.806 0.088 0.107 
625    (0)   :  0.616 0.105 0.279 
626    (0)   :  0.312 0.600 0.088 
627    (0)   :  0.106 0.038 0.856 
628    (0)   :  0.078 0.035 0.887 
629    (0)   :  0.140 0.047 0.813 
630    (0)   :  0.753 0.036 0.212 
631    (0)   :  0.515 0.050 0.435 
632    (0)   :  0.121 0.315 0.564 
633    (0)   :  0.522 0.082 0.396 
634    (0)   :  0.141 0.126 0.733 
635    (0)   :  0.132 0.543 0.325 
636    (0)   :  0.561 0.188 0.252 
637    (0)   :  0.299 0.112 0.589 
638    (0)   :  0.100 0.065 0.835 
639    (0)   :  0.429 0.076 0.495 
640    (0)   :  0.131 0.030 0.839 
641    (0)   :  0.216 0.046 0.738 
642    (0)   :  0.092 0.674 0.234 
643    (0)   :  0.041 0.862 0.098 
644    (0)   :  0.042 0.708 0.250 
645    (0)   :  0.296 0.622 0.081 
646    (0)   :  0.133 0.096 0.771 
647    (0)   :  0.065 0.292 0.643 
648    (0)   :  0.150 0.390 0.460 
649    (0)   :  0.039 0.188 0.773 
650    (0)   :  0.045 0.109 0.846 
651    (0)   :  0.055 0.421 0.525 
652    (0)   :  0.060 0.617 0.323 
653    (0)   :  0.106 0.443 0.451 
654    (0)   :  0.087 0.649 0.264 
655    (0)   :  0.084 0.554 0.363 
656    (0)   :  0.094 0.249 0.656 
657    (0)   :  0.364 0.143 0.493 
658    (0)   :  0.180 0.183 0.638 
659    (0)   :  0.083 0.630 0.287 
660    (0)   :  0.039 0.757 0.204 
661    (0)   :  0.078 0.762 0.160 
662    (0)   :  0.032 0.109 0.860 
663    (0)   :  0.065 0.663 0.273 
664    (0)   :  0.293 0.251 0.456 
665    (0)   :  0.040 0.123 0.838 
666    (0)   :  0.067 0.692 0.240 
667    (0)   :  0.084 0.055 0.860 
668    (0)   :  0.138 0.558 0.304 
669    (0)   :  0.056 0.276 0.667 
670    (0)   :  0.024 0.911 0.065 
671    (0)   :  0.035 0.800 0.165 
672    (0)   :  0.058 0.788 0.154 
673    (0)   :  0.025 0.924 0.051 
674    (0)   :  0.047 0.830 0.123 
675    (0)   :  0.029 0.861 0.110 
676    (0)   :  0.023 0.927 0.050 
677    (0)   :  0.021 0.918 0.061 
678    (0)   :  0.024 0.919 0.057 
679    (0)   :  0.047 0.854 0.100 
680    (0)   :  0.040 0.889 0.071 
681    (0)   :  0.146 0.496 0.358 
682    (0)   :  0.042 0.897 0.061 
683    (0)   :  0.024 0.918 0.058 
684    (0)   :  0.025 0.916 0.059 
685    (0)   :  0.021 0.932 0.047 
686    (0)   :  0.041 0.874 0.085 
687    (0)   :  0.031 0.828 0.141 
688    (0)   :  0.030 0.880 0.090 
689    (0)   :  0.023 0.928 0.049 
690    (0)   :  0.024 0.927 0.050 
691    (0)   :  0.042 0.864 0.093 
692    (0)   :  0.035 0.872 0.092 
693    (0)   :  0.039 0.878 0.083 
694    (0)   :  0.018 0.936 0.046 
695    (0)   :  0.028 0.915 0.056 
696    (0)   :  0.031 0.880 0.090 
697    (0)   :  0.023 0.925 0.052 
698    (0)   :  0.023 0.923 0.054 
699    (0)   :  0.026 0.912 0.062 
700    (0)   :  0.063 0.871 0.066 
701    (0)   :  0.052 0.809 0.139 
702    (0)   :  0.055 0.836 0.110 
703    (0)   :  0.042 0.889 0.068 
704    (0)   :  0.028 0.899 0.074 
705    (0)   :  0.071 0.739 0.190 
706    (0)   :  0.035 0.905 0.060 
707    (0)   :  0.025 0.917 0.058 
708    (0)   :  0.022 0.919 0.058 
709    (0)   :  0.025 0.924 0.051 
710    (0)   :  0.020 0.934 0.045 
711    (0)   :  0.036 0.897 0.067 
712    (0)   :  0.019 0.927 0.054 
713    (0)   :  0.027 0.892 0.081 
714    (0)   :  0.049 0.804 0.147 
715    (0)   :  0.020 0.935 0.046 
716    (0)   :  0.035 0.913 0.052 
717    (0)   :  0.020 0.934 0.045 
718    (0)   :  0.036 0.865 0.099 
719    (0)   :  0.020 0.930 0.050 
720    (0)   :  0.136 0.027 0.837 
721    (0)   :  0.166 0.606 0.228 
722    (0)   :  0.499 0.056 0.445 
723    (0)   :  0.611 0.049 0.340 
724    (0)   :  0.751 0.128 0.121 
725    (0)   :  0.132 0.159 0.709 
726    (0)   :  0.696 0.088 0.216 
727    (0)   :  0.151 0.392 0.458 
728    (0)   :  0.925 0.015 0.059 
729    (0)   :  0.907 0.017 0.076 
730    (0)   :  0.659 0.032 0.309 
731    (0)   :  0.868 0.034 0.098 
732    (0)   :  0.618 0.049 0.333 
733    (0)   :  0.896 0.022 0.083 
734    (0)   :  0.898 0.016 0.087 
735    (0)   :  0.901 0.027 0.073 
736    (0)   :  0.567 0.033 0.400 
737    (0)   :  0.571 0.042 0.388 
738    (0)   :  0.598 0.032 0.370 
739    (0)   :  0.907 0.019 0.073 
740    (0)   :  0.050 0.741 0.210 
741    (0)   :  0.101 0.499 0.400 
742    (0)   :  0.193 0.124 0.683 
743    (0)   :  0.166 0.063 0.771 
744    (0)   :  0.055 0.107 0.837 
745    (0)   :  0.125 0.023 0.851 
746    (0)   :  0.173 0.176 0.651 
747    (0)   :  0.086 0.044 0.870 
748    (0)   :  0.056 0.454 0.490 
749    (0)   :  0.069 0.166 0.765 
750    (0)   :  0.107 0.113 0.781 
751    (0)   :  0.072 0.516 0.412 
752    (0)   :  0.123 0.065 0.812 
753    (0)   :  0.252 0.228 0.521 
754    (0)   :  0.125 0.344 0.531 
755    (0)   :  0.100 0.117 0.784 
756    (0)   :  0.045 0.183 0.772 
757    (0)   :  0.078 0.089 0.834 
758    (0)   :  0.042 0.022 0.936 
759    (0)   :  0.150 0.483 0.367 
760    (0)   :  0.349 0.099 0.552 
761    (0)   :  0.575 0.250 0.175 
762    (0)   :  0.698 0.034 0.268 
763    (0)   :  0.248 0.228 0.523 
764    (0)   :  0.070 0.050 0.880 
765    (0)   :  0.611 0.056 0.333 
766    (0)   :  0.096 0.372 0.532 
767    (0)   :  0.106 0.164 0.731 
768    (0)   :  0.703 0.033 0.264 
769    (0)   :  0.611 0.170 0.219 
770    (0)   :  0.625 0.032 0.343 
771    (0)   :  0.037 0.201 0.762 
772    (0)   :  0.136 0.291 0.573 
773    (0)   :  0.085 0.072 0.843 
774    (0)   :  0.104 0.514 0.382 
775    (0)   :  0.787 0.054 0.159 
776    (0)   :  0.095 0.035 0.870 
777    (0)   :  0.129 0.087 0.784 
778    (0)   :  0.079 0.174 0.747 
779    (0)   :  0.056 0.088 0.856 
780    (0)   :  0.069 0.351 0.580 
781    (0)   :  0.044 0.345 0.611 
782    (0)   :  0.057 0.085 0.858 
783    (0)   :  0.143 0.238 0.619 
784    (0)   :  0.258 0.049 0.693 
785    (0)   :  0.097 0.093 0.810 
786    (0)   :  0.106 0.497 0.397 
787    (0)   :  0.032 0.431 0.537 
788    (0)   :  0.205 0.055 0.739 
789    (0)   :  0.279 0.055 0.666 
790    (0)   :  0.133 0.208 0.658 
791    (0)   :  0.124 0.086 0.790 
792    (0)   :  0.037 0.524 0.439 
793    (0)   :  0.140 0.548 0.312 
794    (0)   :  0.122 0.106 0.772 
795    (0)   :  0.138 0.625 0.237 
796    (0)   :  0.067 0.116 0.817 
797    (0)   :  0.051 0.788 0.161 
798    (0)   :  0.841 0.023 0.136 
799    (0)   :  0.093 0.047 0.860 
800    (0)   :  0.026 0.680 0.294 
801    (0)   :  0.831 0.045 0.123 
802    (0)   :  0.491 0.290 0.219 
803    (0)   :  0.129 0.436 0.435 
804    (0)   :  0.171 0.126 0.703 
805    (0)   :  0.038 0.875 0.087 
806    (0)   :  0.631 0.182 0.187 
807    (0)   :  0.033 0.868 0.099 
808    (0)   :  0.056 0.562 0.382 
809    (0)   :  0.635 0.147 0.218 
810    (0)   :  0.154 0.176 0.670 
811    (0)   :  0.105 0.635 0.260 
812    (0)   :  0.153 0.062 0.784 
813    (0)   :  0.845 0.026 0.129 
814    (0)   :  0.042 0.047 0.911 
815    (0)   :  0.491 0.403 0.107 
816    (0)   :  0.339 0.426 0.235 
817    (0)   :  0.491 0.287 0.222 
818    (0)   :  0.124 0.040 0.836 
819    (0)   :  0.035 0.076 0.889 
820    (0)   :  0.053 0.096 0.850 
821    (0)   :  0.161 0.050 0.789 
822    (0)   :  0.317 0.018 0.665 
823    (0)   :  0.532 0.158 0.310 
824    (0)   :  0.098 0.097 0.804 
825    (0)   :  0.216 0.036 0.748 
826    (0)   :  0.051 0.024 0.925 
827    (0)   :  0.402 0.036 0.562 
828    (0)   :  0.480 0.068 0.452 
829    (0)   :  0.734 0.063 0.202 
830    (0)   :  0.404 0.023 0.573 
831    (0)   :  0.242 0.094 0.664 
832    (0)   :  0.324 0.119 0.558 
833    (0)   :  0.526 0.109 0.365 
834    (0)   :  0.344 0.087 0.569 
835    (0)   :  0.050 0.025 0.926 
836    (0)   :  0.075 0.056 0.869 
837    (0)   :  0.580 0.228 0.192 
838    (0)   :  0.060 0.029 0.911 
839    (0)   :  0.231 0.035 0.734 
840    (0)   :  0.043 0.110 0.847 
841    (0)   :  0.044 0.072 0.885 
842    (0)   :  0.115 0.018 0.867 
843    (0)   :  0.069 0.341 0.590 
844    (0)   :  0.134 0.102 0.763 
845    (0)   :  0.092 0.022 0.886 
846    (0)   :  0.065 0.061 0.873 
847    (0)   :  0.034 0.105 0.860 
848    (0)   :  0.036 0.045 0.919 
849    (0)   :  0.180 0.033 0.786 
850    (0)   :  0.105 0.033 0.862 
851    (0)   :  0.042 0.028 0.930 
852    (0)   :  0.230 0.503 0.267 
853    (0)   :  0.286 0.029 0.685 
854    (0)   :  0.389 0.167 0.445 
855    (0)   :  0.051 0.047 0.902 
856    (0)   :  0.065 0.077 0.858 
857    (0)   :  0.102 0.046 0.851 
858    (0)   :  0.090 0.028 0.882 
859    (0)   :  0.190 0.031 0.779 
860    (0)   :  0.044 0.025 0.931 
861    (0)   :  0.040 0.398 0.561 
862    (0)   :  0.918 0.022 0.060 
863    (0)   :  0.861 0.052 0.088 
864    (0)   :  0.909 0.036 0.055 
865    (0)   :  0.901 0.015 0.084 
866    (0)   :  0.424 0.029 0.547 
867    (0)   :  0.894 0.035 0.071 
868    (0)   :  0.842 0.029 0.129 
869    (0)   :  0.495 0.030 0.475 
870    (0)   :  0.798 0.020 0.181 
871    (0)   :  0.866 0.018 0.116 
872    (0)   :  0.888 0.024 0.088 
873    (0)   :  0.905 0.029 0.066 
874    (0)   :  0.905 0.018 0.077 
875    (0)   :  0.433 0.037 0.530 
876    (0)   :  0.085 0.022 0.893 
877    (0)   :  0.918 0.025 0.057 
878    (0)   :  0.440 0.049 0.511 
879    (0)   :  0.893 0.034 0.073 
880    (0)   :  0.369 0.029 0.602 
881    (0)   :  0.879 0.032 0.088 
882    (0)   :  0.904 0.026 0.070 
883    (0)   :  0.123 0.036 0.841 
884    (0)   :  0.901 0.015 0.084 
885    (0)   :  0.777 0.062 0.162 
886    (0)   :  0.655 0.044 0.300 
887    (0)   :  0.895 0.018 0.087 
888    (0)   :  0.345 0.118 0.537 
889    (0)   :  0.906 0.015 0.079 
890    (0)   :  0.278 0.018 0.705 
891    (0)   :  0.055 0.027 0.918 
892    (0)   :  0.070 0.031 0.899 
893    (0)   :  0.279 0.056 0.665 
894    (0)   :  0.525 0.017 0.457 
895    (0)   :  0.880 0.019 0.101 
896    (0)   :  0.042 0.047 0.911 
897    (0)   :  0.046 0.026 0.927 
898    (0)   :  0.476 0.054 0.469 
899    (0)   :  0.431 0.015 0.554 
900    (0)   :  0.058 0.021 0.920 
901    (0)   :  0.063 0.023 0.915 
902    (0)   :  0.044 0.039 0.918 
903    (0)   :  0.656 0.024 0.320 
904    (0)   :  0.427 0.056 0.517 
905    (0)   :  0.725 0.018 0.257 
906    (0)   :  0.152 0.035 0.813 
907    (0)   :  0.144 0.036 0.820 
908    (0)   :  0.138 0.028 0.834 
909    (0)   :  0.137 0.039 0.825 
910    (0)   :  0.062 0.037 0.902 
911    (0)   :  0.789 0.016 0.196 
912    (0)   :  0.464 0.019 0.516 
913    (0)   :  0.502 0.019 0.479 
914    (0)   :  0.281 0.128 0.591 
915    (0)   :  0.146 0.015 0.839 
916    (0)   :  0.200 0.021 0.779 
917    (0)   :  0.295 0.023 0.682 
918    (0)   :  0.474 0.103 0.422 
919    (0)   :  0.603 0.051 0.345 
920    (0)   :  0.134 0.032 0.834 
921    (0)   :  0.068 0.322 0.610 
922    (0)   :  0.097 0.051 0.851 
923    (0)   :  0.039 0.090 0.871 
924    (0)   :  0.037 0.041 0.922 
925    (0)   :  0.053 0.072 0.875 
926    (0)   :  0.026 0.297 0.677 
927    (0)   :  0.092 0.404 0.504 
928    (0)   :  0.031 0.540 0.429 
929    (0)   :  0.027 0.073 0.900 
930    (0)   :  0.051 0.103 0.845 
931    (0)   :  0.365 0.528 0.107 
932    (0)   :  0.035 0.063 0.902 
933    (0)   :  0.036 0.726 0.237 
934    (0)   :  0.027 0.029 0.945 
935    (0)   :  0.078 0.190 0.732 
936    (0)   :  0.075 0.124 0.801 
937    (0)   :  0.067 0.583 0.351 
938    (0)   :  0.027 0.544 0.429 
939    (0)   :  0.069 0.672 0.259 
940    (0)   :  0.104 0.213 0.683 
941    (0)   :  0.136 0.056 0.808 
942    (0)   :  0.066 0.318 0.616 
943    (0)   :  0.047 0.844 0.109 
944    (0)   :  0.065 0.585 0.350 
945    (0)   :  0.048 0.100 0.852 
946    (0)   :  0.053 0.127 0.820 
947    (0)   :  0.045 0.702 0.253 
948    (0)   :  0.703 0.082 0.215 
949    (0)   :  0.417 0.050 0.534 
950    (0)   :  0.032 0.573 0.395 
951    (0)   :  0.067 0.362 0.572 
952    (0)   :  0.085 0.204 0.711 
953    (0)   :  0.090 0.096 0.813 
954    (0)   :  0.356 0.191 0.453 
955    (0)   :  0.033 0.905 0.063 
956    (0)   :  0.024 0.900 0.076 
957    (0)   :  0.137 0.476 0.387 
958    (0)   :  0.121 0.059 0.820 
959    (0)   :  0.050 0.234 0.716 
960    (0)   :  0.558 0.072 0.369 
961    (0)   :  0.021 0.931 0.048 
962    (0)   :  0.027 0.063 0.910 
963    (0)   :  0.166 0.061 0.773 
964    (0)   :  0.092 0.081 0.827 
965    (0)   :  0.045 0.288 0.667 
966    (0)   :  0.121 0.218 0.661 
967    (0)   :  0.037 0.902 0.061 
968    (0)   :  0.031 0.077 0.892 
969    (0)   :  0.214 0.212 0.574 
970    (0)   :  0.041 0.797 0.162 
971    (0)   :  0.036 0.163 0.802 
972    (0)   :  0.162 0.226 0.611 
973    (0)   :  0.030 0.479 0.491 
974    (0)   :  0.076 0.070 0.854 
975    (0)   :  0.217 0.213 0.570 
976    (0)   :  0.037 0.165 0.798 
977    (0)   :  0.108 0.285 0.606 
978    (0)   :  0.036 0.301 0.663 
979    (0)   :  0.049 0.062 0.889 
980    (0)   :  0.038 0.365 0.597 
981    (0)   :  0.076 0.169 0.755 
982    (0)   :  0.086 0.032 0.883 
983    (0)   :  0.380 0.045 0.575 
984    (0)   :  0.183 0.692 0.124 
985    (0)   :  0.051 0.127 0.822 
986    (0)   :  0.072 0.058 0.870 
987    (0)   :  0.055 0.025 0.920 
988    (0)   :  0.700 0.017 0.283 
989    (0)   :  0.096 0.753 0.152 
990    (0)   :  0.172 0.077 0.751 
991    (0)   :  0.064 0.099 0.837 
992    (0)   :  0.032 0.028 0.940 
993    (0)   :  0.586 0.040 0.373 
994    (0)   :  0.058 0.259 0.682 
995    (0)   :  0.019 0.925 0.057 
996    (0)   :  0.144 0.034 0.822 
997    (0)   :  0.034 0.068 0.898 
998    (0)   :  0.059 0.032 0.908 
999    (0)   :  0.061 0.134 0.804 
1000    (0)   :  0.059 0.029 0.913 
1001    (0)   :  0.141 0.039 0.819 
1002    (0)   :  0.118 0.018 0.863 
1003    (0)   :  0.050 0.078 0.872 
1004    (0)   :  0.039 0.050 0.911 
1005    (0)   :  0.056 0.029 0.915 
1006    (0)   :  0.068 0.154 0.778 
1007    (0)   :  0.050 0.310 0.641 
1008    (0)   :  0.050 0.533 0.416 
1009    (0)   :  0.196 0.151 0.653 
1010    (0)   :  0.059 0.114 0.827 
1011    (0)   :  0.073 0.481 0.446 
1012    (0)   :  0.097 0.074 0.828 
1013    (0)   :  0.055 0.101 0.844 
1014    (0)   :  0.086 0.034 0.880 
1015    (0)   :  0.033 0.046 0.920 
1016    (0)   :  0.051 0.028 0.921 
1017    (0)   :  0.039 0.158 0.802 
1018    (0)   :  0.061 0.131 0.808 
1019    (0)   :  0.091 0.120 0.788 
1020    (0)   :  0.029 0.878 0.093 
1021    (0)   :  0.046 0.648 0.306 
1022    (0)   :  0.049 0.118 0.832 
1023    (0)   :  0.179 0.043 0.779 
1024    (0)   :  0.148 0.032 0.820 
1025    (0)   :  0.060 0.063 0.877 
1026    (0)   :  0.726 0.170 0.104 
1027    (0)   :  0.680 0.150 0.169 
1028    (0)   :  0.731 0.082 0.187 
1029    (0)   :  0.095 0.119 0.785 
1030    (0)   :  0.089 0.523 0.387 
1031    (0)   :  0.452 0.260 0.288 
1032    (0)   :  0.349 0.357 0.294 
1033    (0)   :  0.432 0.304 0.263 
1034    (0)   :  0.085 0.126 0.789 
1035    (0)   :  0.068 0.764 0.167 
1036    (0)   :  0.149 0.560 0.291 
1037    (0)   :  0.043 0.575 0.382 
1038    (0)   :  0.375 0.462 0.164 
1039    (0)   :  0.184 0.467 0.349 
1040    (0)   :  0.713 0.169 0.118 
1041    (0)   :  0.721 0.120 0.160 
1042    (0)   :  0.217 0.503 0.279 
1043    (0)   :  0.476 0.273 0.251 
1044    (0)   :  0.467 0.139 0.394 
1045    (0)   :  0.777 0.136 0.087 
1046    (0)   :  0.212 0.446 0.342 
1047    (0)   :  0.062 0.772 0.166 
1048    (0)   :  0.118 0.066 0.816 
1049    (0)   :  0.062 0.041 0.897 
1050    (0)   :  0.371 0.017 0.613 
1051    (0)   :  0.119 0.018 0.863 
1052    (0)   :  0.144 0.025 0.830 
1053    (0)   :  0.155 0.028 0.817 
1054    (0)   :  0.110 0.030 0.860 
1055    (0)   :  0.043 0.024 0.932 
1056    (0)   :  0.068 0.026 0.906 
1057    (0)   :  0.809 0.022 0.169 
1058    (0)   :  0.338 0.019 0.643 
1059    (0)   :  0.373 0.036 0.592 
1060    (0)   :  0.274 0.062 0.664 
1061    (0)   :  0.049 0.022 0.930 
1062    (0)   :  0.379 0.022 0.599 
1063    (0)   :  0.034 0.064 0.902 
1064    (0)   :  0.195 0.027 0.778 
1065    (0)   :  0.120 0.040 0.840 
1066    (0)   :  0.046 0.044 0.909 
1067    (0)   :  0.277 0.021 0.702 
1068    (0)   :  0.120 0.195 0.685 
1069    (0)   :  0.090 0.016 0.894 
1070    (0)   :  0.135 0.022 0.842 
1071    (0)   :  0.115 0.068 0.817 
1072    (0)   :  0.096 0.040 0.864 
1073    (0)   :  0.300 0.026 0.675 
1074    (0)   :  0.307 0.052 0.641 
1075    (0)   :  0.227 0.037 0.736 
1076    (0)   :  0.188 0.043 0.768 
1077    (0)   :  0.854 0.020 0.126 
1078    (0)   :  0.067 0.031 0.902 
1079    (0)   :  0.259 0.027 0.714 
1080    (0)   :  0.083 0.093 0.824 
1081    (0)   :  0.183 0.019 0.798 
1082    (0)   :  0.137 0.052 0.811 
1083    (0)   :  0.107 0.034 0.858 
1084    (0)   :  0.095 0.088 0.816 
1085    (0)   :  0.102 0.014 0.884 
1086    (0)   :  0.037 0.021 0.942 
1087    (0)   :  0.084 0.015 0.901 
1088    (0)   :  0.069 0.015 0.916 
1089    (0)   :  0.522 0.017 0.461 
1090    (0)   :  0.281 0.021 0.698 
1091    (0)   :  0.074 0.030 0.895 
1092    (0)   :  0.187 0.019 0.793 
1093    (0)   :  0.049 0.048 0.903 
1094    (0)   :  0.760 0.054 0.187 
