

----------------------------------------------------
STRUCTURE by Pritchard, Stephens and Donnelly (2000)
     and Falush, Stephens and Pritchard (2003)
       Code by Pritchard, Falush and Hubisz
             Version 2.3.4 (Jul 2012)
----------------------------------------------------



Command line arguments:   ./structure -K 5 -D 105013 -m brooktrout/mainparams -e brooktrout/extraparams -o brooktrout/250914_output/results_K5_rep13 
Input File:    brooktrout/brooktrout.txt

Run parameters:
   8454 individuals
   5 loci
   5 populations assumed
   50000 Burn-in period
   100000 Reps
RANDOMIZE turned off


--------------------------------------------
Overall proportion of membership of the
sample in each of the 5 clusters

Inferred Clusters
  1      2      3      4      5    
0.082  0.192  0.190  0.224  0.312  

--------------------------------------------

Allele-freq. divergence among pops (Net nucleotide distance),
computed using point estimates of P.

      1       2       3       4       5      
 1      -    0.1033  0.0705  0.1010  0.0802  
 2   0.1033     -    0.0611  0.1137  0.1074  
 3   0.0705  0.0611     -    0.0677  0.0469  
 4   0.1010  0.1137  0.0677     -    0.0388  
 5   0.0802  0.1074  0.0469  0.0388     -    

Average distances (expected heterozygosity) between individuals in same cluster:
cluster  1  : 0.8011 
cluster  2  : 0.7377 
cluster  3  : 0.8118 
cluster  4  : 0.7885 
cluster  5  : 0.8206 

--------------------------------------------
Estimated Ln Prob of Data   = -184742.4
Mean value of ln likelihood = -171801.9
Variance of ln likelihood   = 25880.9

Mean value of alpha_1       = 0.0934
Mean value of alpha_2       = 0.2180
Mean value of alpha_3       = 0.2214
Mean value of alpha_4       = 0.2654
Mean value of alpha_5       = 0.3746
Allele frequencies uncorrelated


Inferred ancestry of individuals:
     (%Miss) :  Inferred clusters
  1    (0)   :  0.083 0.292 0.084 0.306 0.235 
  2    (0)   :  0.017 0.037 0.736 0.065 0.145 
  3    (0)   :  0.072 0.172 0.077 0.504 0.174 
  4    (0)   :  0.039 0.633 0.075 0.071 0.183 
  5    (0)   :  0.021 0.040 0.649 0.093 0.197 
  6    (0)   :  0.015 0.043 0.085 0.757 0.101 
  7    (0)   :  0.013 0.048 0.073 0.218 0.648 
  8    (0)   :  0.030 0.343 0.060 0.298 0.268 
  9    (0)   :  0.038 0.103 0.204 0.326 0.330 
 10    (0)   :  0.014 0.156 0.084 0.388 0.357 
 11    (0)   :  0.015 0.046 0.051 0.199 0.690 
 12    (0)   :  0.022 0.060 0.629 0.099 0.191 
 13    (0)   :  0.023 0.083 0.367 0.211 0.317 
 14    (0)   :  0.095 0.114 0.398 0.177 0.216 
 15    (0)   :  0.035 0.224 0.240 0.163 0.339 
 16    (0)   :  0.031 0.075 0.063 0.587 0.243 
 17    (0)   :  0.034 0.068 0.329 0.354 0.215 
 18    (0)   :  0.026 0.081 0.313 0.453 0.128 
 19    (0)   :  0.017 0.060 0.145 0.586 0.193 
 20    (0)   :  0.042 0.083 0.163 0.213 0.500 
 21    (0)   :  0.078 0.236 0.289 0.192 0.207 
 22    (0)   :  0.022 0.084 0.102 0.686 0.105 
 23    (0)   :  0.175 0.247 0.212 0.101 0.266 
 24    (0)   :  0.039 0.214 0.106 0.456 0.185 
 25    (0)   :  0.021 0.036 0.187 0.291 0.466 
 26    (0)   :  0.032 0.123 0.298 0.384 0.164 
 27    (0)   :  0.063 0.110 0.206 0.338 0.283 
 28    (0)   :  0.022 0.322 0.155 0.232 0.269 
 29    (0)   :  0.041 0.070 0.164 0.125 0.599 
 30    (0)   :  0.035 0.063 0.103 0.699 0.100 
 31    (0)   :  0.047 0.153 0.201 0.243 0.356 
 32    (0)   :  0.043 0.197 0.209 0.257 0.294 
 33    (0)   :  0.097 0.158 0.062 0.373 0.311 
 34    (0)   :  0.017 0.073 0.049 0.342 0.519 
 35    (0)   :  0.129 0.056 0.329 0.336 0.150 
 36    (0)   :  0.540 0.056 0.067 0.230 0.108 
 37    (0)   :  0.050 0.205 0.331 0.121 0.293 
 38    (0)   :  0.100 0.035 0.064 0.629 0.172 
 39    (0)   :  0.101 0.061 0.119 0.426 0.293 
 40    (0)   :  0.486 0.132 0.132 0.160 0.090 
 41    (0)   :  0.508 0.039 0.047 0.249 0.157 
 42    (0)   :  0.382 0.315 0.044 0.136 0.123 
 43    (0)   :  0.397 0.105 0.151 0.086 0.262 
 44    (0)   :  0.540 0.035 0.073 0.224 0.127 
 45    (0)   :  0.277 0.038 0.213 0.287 0.186 
 46    (0)   :  0.079 0.046 0.172 0.440 0.262 
 47    (0)   :  0.042 0.082 0.295 0.367 0.214 
 48    (0)   :  0.540 0.037 0.117 0.233 0.074 
 49    (0)   :  0.151 0.077 0.154 0.310 0.308 
 50    (0)   :  0.047 0.101 0.097 0.382 0.373 
 51    (0)   :  0.816 0.030 0.037 0.055 0.062 
 52    (0)   :  0.106 0.078 0.079 0.425 0.313 
 53    (0)   :  0.051 0.074 0.048 0.680 0.148 
 54    (0)   :  0.052 0.073 0.662 0.072 0.141 
 55    (0)   :  0.297 0.057 0.421 0.078 0.146 
 56    (0)   :  0.238 0.077 0.207 0.377 0.101 
 57    (0)   :  0.017 0.189 0.282 0.283 0.229 
 58    (0)   :  0.260 0.079 0.263 0.171 0.228 
 59    (0)   :  0.273 0.061 0.124 0.336 0.206 
 60    (0)   :  0.576 0.114 0.094 0.105 0.112 
 61    (0)   :  0.230 0.104 0.478 0.043 0.146 
 62    (0)   :  0.033 0.059 0.379 0.341 0.187 
 63    (0)   :  0.165 0.125 0.096 0.107 0.507 
 64    (0)   :  0.023 0.041 0.123 0.676 0.137 
 65    (0)   :  0.022 0.031 0.126 0.096 0.725 
 66    (0)   :  0.049 0.152 0.453 0.064 0.282 
 67    (0)   :  0.220 0.051 0.376 0.070 0.283 
 68    (0)   :  0.281 0.079 0.127 0.310 0.203 
 69    (0)   :  0.111 0.139 0.062 0.389 0.299 
 70    (0)   :  0.524 0.075 0.042 0.100 0.259 
 71    (0)   :  0.503 0.029 0.112 0.182 0.174 
 72    (0)   :  0.146 0.052 0.082 0.479 0.242 
 73    (0)   :  0.208 0.040 0.376 0.086 0.289 
 74    (0)   :  0.365 0.118 0.073 0.336 0.107 
 75    (0)   :  0.545 0.141 0.100 0.137 0.077 
 76    (0)   :  0.184 0.062 0.134 0.091 0.529 
 77    (0)   :  0.508 0.036 0.070 0.176 0.209 
 78    (0)   :  0.444 0.042 0.061 0.301 0.153 
 79    (0)   :  0.013 0.051 0.152 0.162 0.623 
 80    (0)   :  0.015 0.521 0.158 0.098 0.209 
 81    (0)   :  0.012 0.343 0.234 0.136 0.276 
 82    (0)   :  0.060 0.116 0.294 0.074 0.456 
 83    (0)   :  0.029 0.265 0.183 0.205 0.319 
 84    (0)   :  0.017 0.213 0.177 0.127 0.466 
 85    (0)   :  0.024 0.292 0.221 0.251 0.212 
 86    (0)   :  0.055 0.045 0.564 0.119 0.216 
 87    (0)   :  0.023 0.057 0.086 0.106 0.729 
 88    (0)   :  0.024 0.253 0.169 0.076 0.478 
 89    (0)   :  0.017 0.313 0.334 0.074 0.262 
 90    (0)   :  0.014 0.057 0.113 0.072 0.744 
 91    (0)   :  0.028 0.551 0.102 0.143 0.177 
 92    (0)   :  0.018 0.093 0.248 0.120 0.520 
 93    (0)   :  0.016 0.794 0.058 0.051 0.082 
 94    (0)   :  0.024 0.048 0.039 0.174 0.714 
 95    (0)   :  0.018 0.131 0.090 0.051 0.710 
 96    (0)   :  0.326 0.239 0.244 0.045 0.146 
 97    (0)   :  0.268 0.166 0.198 0.268 0.099 
 98    (0)   :  0.310 0.110 0.193 0.164 0.223 
 99    (0)   :  0.014 0.177 0.212 0.097 0.499 
100    (0)   :  0.023 0.519 0.322 0.046 0.089 
101    (0)   :  0.043 0.093 0.143 0.089 0.631 
102    (0)   :  0.066 0.388 0.092 0.086 0.368 
103    (0)   :  0.026 0.104 0.419 0.051 0.399 
104    (0)   :  0.032 0.076 0.105 0.064 0.723 
105    (0)   :  0.033 0.121 0.167 0.044 0.634 
106    (0)   :  0.024 0.025 0.051 0.182 0.717 
107    (0)   :  0.026 0.113 0.238 0.052 0.571 
108    (0)   :  0.342 0.040 0.305 0.175 0.139 
109    (0)   :  0.040 0.026 0.149 0.188 0.597 
110    (0)   :  0.018 0.030 0.037 0.138 0.778 
111    (0)   :  0.018 0.036 0.071 0.045 0.830 
112    (0)   :  0.027 0.028 0.044 0.067 0.834 
113    (0)   :  0.071 0.077 0.388 0.172 0.293 
114    (0)   :  0.023 0.097 0.122 0.057 0.700 
115    (0)   :  0.076 0.046 0.056 0.059 0.763 
116    (0)   :  0.116 0.029 0.111 0.239 0.504 
117    (0)   :  0.027 0.038 0.037 0.095 0.804 
118    (0)   :  0.028 0.036 0.549 0.065 0.322 
119    (0)   :  0.373 0.255 0.103 0.064 0.206 
120    (0)   :  0.034 0.050 0.098 0.064 0.754 
121    (0)   :  0.116 0.036 0.053 0.063 0.733 
122    (0)   :  0.021 0.035 0.074 0.142 0.728 
123    (0)   :  0.028 0.049 0.068 0.077 0.777 
124    (0)   :  0.077 0.037 0.078 0.239 0.568 
125    (0)   :  0.063 0.051 0.041 0.360 0.485 
126    (0)   :  0.079 0.063 0.073 0.115 0.670 
127    (0)   :  0.020 0.040 0.076 0.043 0.821 
128    (0)   :  0.030 0.039 0.499 0.054 0.378 
129    (0)   :  0.024 0.032 0.179 0.045 0.720 
130    (0)   :  0.017 0.100 0.208 0.065 0.611 
131    (0)   :  0.139 0.031 0.051 0.283 0.496 
132    (0)   :  0.025 0.028 0.117 0.115 0.716 
133    (0)   :  0.037 0.052 0.142 0.056 0.713 
134    (0)   :  0.014 0.021 0.038 0.094 0.833 
135    (0)   :  0.135 0.450 0.248 0.066 0.100 
136    (0)   :  0.015 0.714 0.140 0.074 0.058 
137    (0)   :  0.014 0.777 0.048 0.045 0.116 
138    (0)   :  0.023 0.805 0.050 0.062 0.059 
139    (0)   :  0.099 0.197 0.521 0.086 0.096 
140    (0)   :  0.062 0.518 0.108 0.114 0.197 
141    (0)   :  0.025 0.661 0.111 0.133 0.070 
142    (0)   :  0.174 0.488 0.187 0.056 0.096 
143    (0)   :  0.015 0.845 0.049 0.038 0.052 
144    (0)   :  0.016 0.785 0.048 0.040 0.111 
145    (0)   :  0.039 0.452 0.251 0.177 0.081 
146    (0)   :  0.039 0.519 0.090 0.124 0.228 
147    (0)   :  0.012 0.846 0.046 0.044 0.052 
148    (0)   :  0.043 0.555 0.179 0.075 0.147 
149    (0)   :  0.041 0.747 0.075 0.074 0.064 
150    (0)   :  0.020 0.586 0.122 0.058 0.214 
151    (0)   :  0.018 0.765 0.086 0.047 0.083 
152    (0)   :  0.085 0.472 0.207 0.112 0.124 
153    (0)   :  0.042 0.743 0.048 0.078 0.089 
154    (0)   :  0.026 0.698 0.147 0.067 0.062 
155    (0)   :  0.018 0.803 0.060 0.044 0.076 
156    (0)   :  0.094 0.659 0.090 0.037 0.120 
157    (0)   :  0.018 0.664 0.047 0.060 0.211 
158    (0)   :  0.027 0.567 0.157 0.172 0.077 
159    (0)   :  0.012 0.837 0.055 0.043 0.053 
160    (0)   :  0.013 0.798 0.090 0.046 0.054 
161    (0)   :  0.032 0.686 0.063 0.094 0.124 
162    (0)   :  0.045 0.396 0.197 0.151 0.211 
163    (0)   :  0.025 0.818 0.049 0.039 0.069 
164    (0)   :  0.021 0.432 0.269 0.089 0.189 
165    (0)   :  0.018 0.669 0.078 0.049 0.187 
166    (0)   :  0.050 0.541 0.077 0.087 0.244 
167    (0)   :  0.020 0.648 0.117 0.105 0.110 
168    (0)   :  0.045 0.712 0.057 0.103 0.083 
169    (0)   :  0.041 0.263 0.113 0.517 0.067 
170    (0)   :  0.058 0.685 0.105 0.047 0.105 
171    (0)   :  0.039 0.508 0.193 0.120 0.140 
172    (0)   :  0.180 0.480 0.074 0.202 0.063 
173    (0)   :  0.017 0.727 0.156 0.045 0.056 
174    (0)   :  0.013 0.787 0.069 0.051 0.080 
175    (0)   :  0.020 0.787 0.073 0.067 0.053 
176    (0)   :  0.015 0.784 0.048 0.040 0.112 
177    (0)   :  0.029 0.530 0.062 0.117 0.262 
178    (0)   :  0.015 0.672 0.132 0.090 0.090 
179    (0)   :  0.013 0.832 0.058 0.043 0.054 
180    (0)   :  0.037 0.618 0.084 0.131 0.131 
181    (0)   :  0.045 0.565 0.219 0.093 0.078 
182    (0)   :  0.025 0.629 0.240 0.043 0.063 
183    (0)   :  0.016 0.784 0.094 0.048 0.058 
184    (0)   :  0.017 0.035 0.766 0.089 0.093 
185    (0)   :  0.090 0.731 0.078 0.037 0.063 
186    (0)   :  0.022 0.041 0.542 0.084 0.310 
187    (0)   :  0.022 0.142 0.682 0.063 0.092 
188    (0)   :  0.019 0.031 0.687 0.063 0.200 
189    (0)   :  0.037 0.200 0.369 0.297 0.097 
190    (0)   :  0.328 0.179 0.399 0.031 0.063 
191    (0)   :  0.014 0.041 0.825 0.047 0.073 
192    (0)   :  0.022 0.203 0.495 0.071 0.209 
193    (0)   :  0.031 0.117 0.658 0.088 0.107 
194    (0)   :  0.055 0.237 0.339 0.067 0.302 
195    (0)   :  0.041 0.220 0.638 0.038 0.063 
196    (0)   :  0.134 0.119 0.605 0.045 0.097 
197    (0)   :  0.054 0.117 0.378 0.211 0.239 
198    (0)   :  0.039 0.129 0.444 0.147 0.242 
199    (0)   :  0.181 0.127 0.531 0.058 0.102 
200    (0)   :  0.077 0.081 0.677 0.079 0.086 
201    (0)   :  0.037 0.391 0.447 0.048 0.078 
202    (0)   :  0.089 0.585 0.176 0.040 0.111 
203    (0)   :  0.026 0.335 0.531 0.039 0.068 
204    (0)   :  0.032 0.073 0.798 0.035 0.062 
205    (0)   :  0.035 0.053 0.783 0.054 0.074 
206    (0)   :  0.023 0.072 0.801 0.041 0.063 
207    (0)   :  0.044 0.056 0.757 0.039 0.104 
208    (0)   :  0.047 0.146 0.697 0.040 0.070 
209    (0)   :  0.024 0.066 0.772 0.054 0.085 
210    (0)   :  0.025 0.086 0.755 0.041 0.094 
211    (0)   :  0.274 0.157 0.336 0.040 0.193 
212    (0)   :  0.044 0.503 0.295 0.074 0.084 
213    (0)   :  0.182 0.110 0.230 0.072 0.405 
214    (0)   :  0.047 0.477 0.347 0.050 0.079 
215    (0)   :  0.024 0.036 0.814 0.047 0.079 
216    (0)   :  0.026 0.056 0.657 0.117 0.144 
217    (0)   :  0.044 0.258 0.574 0.062 0.062 
218    (0)   :  0.016 0.054 0.806 0.051 0.072 
219    (0)   :  0.021 0.136 0.579 0.163 0.100 
220    (0)   :  0.018 0.042 0.836 0.037 0.067 
221    (0)   :  0.101 0.710 0.098 0.037 0.054 
222    (0)   :  0.023 0.091 0.559 0.169 0.158 
223    (0)   :  0.030 0.271 0.482 0.100 0.117 
224    (0)   :  0.025 0.228 0.627 0.042 0.077 
225    (0)   :  0.041 0.079 0.754 0.046 0.080 
226    (0)   :  0.029 0.076 0.651 0.169 0.074 
227    (0)   :  0.115 0.206 0.514 0.045 0.120 
228    (0)   :  0.100 0.198 0.599 0.037 0.067 
229    (0)   :  0.016 0.233 0.626 0.045 0.081 
230    (0)   :  0.020 0.157 0.710 0.037 0.076 
231    (0)   :  0.016 0.118 0.743 0.055 0.068 
232    (0)   :  0.082 0.263 0.346 0.112 0.197 
233    (0)   :  0.031 0.541 0.302 0.050 0.076 
234    (0)   :  0.020 0.115 0.619 0.092 0.154 
235    (0)   :  0.042 0.178 0.602 0.095 0.083 
236    (0)   :  0.029 0.279 0.531 0.064 0.097 
237    (0)   :  0.036 0.059 0.772 0.043 0.091 
238    (0)   :  0.049 0.511 0.242 0.061 0.136 
239    (0)   :  0.041 0.217 0.641 0.038 0.063 
240    (0)   :  0.048 0.512 0.242 0.061 0.137 
241    (0)   :  0.043 0.477 0.347 0.051 0.082 
242    (0)   :  0.024 0.080 0.724 0.096 0.076 
243    (0)   :  0.122 0.115 0.659 0.034 0.070 
244    (0)   :  0.024 0.236 0.631 0.038 0.070 
245    (0)   :  0.044 0.736 0.094 0.043 0.083 
246    (0)   :  0.043 0.254 0.579 0.062 0.062 
247    (0)   :  0.054 0.042 0.204 0.097 0.602 
248    (0)   :  0.037 0.038 0.745 0.048 0.132 
249    (0)   :  0.034 0.297 0.534 0.045 0.091 
250    (0)   :  0.021 0.173 0.646 0.055 0.104 
251    (0)   :  0.031 0.057 0.652 0.144 0.117 
252    (0)   :  0.035 0.137 0.680 0.057 0.091 
253    (0)   :  0.088 0.074 0.484 0.105 0.249 
254    (0)   :  0.025 0.081 0.680 0.097 0.117 
255    (0)   :  0.022 0.106 0.707 0.072 0.093 
256    (0)   :  0.057 0.206 0.595 0.055 0.087 
257    (0)   :  0.032 0.088 0.726 0.053 0.101 
258    (0)   :  0.081 0.080 0.579 0.067 0.194 
259    (0)   :  0.026 0.105 0.707 0.050 0.112 
260    (0)   :  0.025 0.259 0.421 0.142 0.154 
261    (0)   :  0.059 0.272 0.519 0.061 0.090 
262    (0)   :  0.130 0.266 0.506 0.044 0.055 
263    (0)   :  0.022 0.045 0.805 0.049 0.078 
264    (0)   :  0.037 0.033 0.336 0.451 0.143 
265    (0)   :  0.022 0.084 0.747 0.074 0.073 
266    (0)   :  0.068 0.689 0.148 0.037 0.057 
267    (0)   :  0.034 0.141 0.632 0.067 0.126 
268    (0)   :  0.136 0.116 0.609 0.044 0.095 
269    (0)   :  0.020 0.117 0.590 0.185 0.088 
270    (0)   :  0.022 0.050 0.718 0.086 0.124 
271    (0)   :  0.042 0.055 0.727 0.059 0.116 
272    (0)   :  0.049 0.055 0.698 0.116 0.082 
273    (0)   :  0.038 0.135 0.609 0.113 0.105 
274    (0)   :  0.023 0.063 0.737 0.089 0.088 
275    (0)   :  0.022 0.065 0.766 0.080 0.067 
276    (0)   :  0.095 0.063 0.621 0.117 0.104 
277    (0)   :  0.024 0.178 0.593 0.093 0.113 
278    (0)   :  0.041 0.046 0.792 0.046 0.075 
279    (0)   :  0.025 0.099 0.708 0.069 0.098 
280    (0)   :  0.053 0.109 0.549 0.193 0.096 
281    (0)   :  0.025 0.069 0.720 0.069 0.117 
282    (0)   :  0.023 0.420 0.354 0.090 0.114 
283    (0)   :  0.027 0.513 0.294 0.059 0.107 
284    (0)   :  0.044 0.227 0.438 0.066 0.226 
285    (0)   :  0.092 0.031 0.625 0.082 0.170 
286    (0)   :  0.025 0.239 0.628 0.038 0.069 
287    (0)   :  0.020 0.097 0.660 0.123 0.100 
288    (0)   :  0.022 0.046 0.770 0.096 0.067 
289    (0)   :  0.041 0.067 0.664 0.089 0.138 
290    (0)   :  0.207 0.106 0.318 0.227 0.143 
291    (0)   :  0.042 0.053 0.731 0.058 0.115 
292    (0)   :  0.138 0.163 0.447 0.162 0.090 
293    (0)   :  0.197 0.065 0.203 0.329 0.206 
294    (0)   :  0.029 0.042 0.800 0.056 0.073 
295    (0)   :  0.094 0.119 0.490 0.154 0.143 
296    (0)   :  0.023 0.044 0.812 0.043 0.077 
297    (0)   :  0.033 0.065 0.597 0.197 0.109 
298    (0)   :  0.018 0.269 0.513 0.076 0.125 
299    (0)   :  0.016 0.048 0.790 0.061 0.086 
300    (0)   :  0.041 0.045 0.747 0.070 0.097 
301    (0)   :  0.020 0.049 0.717 0.122 0.093 
302    (0)   :  0.048 0.047 0.774 0.054 0.077 
303    (0)   :  0.046 0.297 0.465 0.085 0.108 
304    (0)   :  0.026 0.387 0.155 0.210 0.223 
305    (0)   :  0.033 0.109 0.759 0.043 0.056 
306    (0)   :  0.038 0.291 0.503 0.094 0.075 
307    (0)   :  0.034 0.181 0.569 0.079 0.136 
308    (0)   :  0.057 0.267 0.527 0.060 0.090 
309    (0)   :  0.029 0.044 0.786 0.045 0.096 
310    (0)   :  0.063 0.175 0.653 0.040 0.069 
311    (0)   :  0.020 0.159 0.708 0.038 0.075 
312    (0)   :  0.027 0.047 0.786 0.036 0.105 
313    (0)   :  0.085 0.040 0.742 0.039 0.094 
314    (0)   :  0.023 0.845 0.042 0.040 0.049 
315    (0)   :  0.033 0.808 0.038 0.058 0.064 
316    (0)   :  0.022 0.787 0.047 0.078 0.066 
317    (0)   :  0.013 0.856 0.040 0.043 0.048 
318    (0)   :  0.011 0.860 0.037 0.045 0.048 
319    (0)   :  0.014 0.835 0.060 0.040 0.051 
320    (0)   :  0.022 0.847 0.043 0.039 0.049 
321    (0)   :  0.012 0.852 0.039 0.047 0.050 
322    (0)   :  0.034 0.781 0.050 0.068 0.067 
323    (0)   :  0.011 0.853 0.042 0.044 0.049 
324    (0)   :  0.012 0.852 0.040 0.046 0.050 
325    (0)   :  0.018 0.816 0.035 0.069 0.062 
326    (0)   :  0.020 0.817 0.033 0.068 0.062 
327    (0)   :  0.013 0.856 0.040 0.042 0.049 
328    (0)   :  0.024 0.799 0.043 0.065 0.069 
329    (0)   :  0.011 0.860 0.037 0.041 0.050 
330    (0)   :  0.013 0.857 0.039 0.042 0.049 
331    (0)   :  0.011 0.855 0.043 0.042 0.049 
332    (0)   :  0.017 0.802 0.034 0.082 0.064 
333    (0)   :  0.021 0.816 0.039 0.060 0.064 
334    (0)   :  0.022 0.801 0.044 0.064 0.068 
335    (0)   :  0.025 0.815 0.038 0.056 0.065 
336    (0)   :  0.016 0.849 0.038 0.048 0.049 
337    (0)   :  0.021 0.805 0.037 0.072 0.065 
338    (0)   :  0.010 0.857 0.036 0.047 0.049 
339    (0)   :  0.011 0.855 0.044 0.041 0.050 
340    (0)   :  0.012 0.858 0.044 0.037 0.049 
341    (0)   :  0.012 0.848 0.048 0.042 0.050 
342    (0)   :  0.013 0.857 0.040 0.041 0.049 
343    (0)   :  0.045 0.784 0.039 0.065 0.067 
344    (0)   :  0.010 0.861 0.038 0.041 0.049 
345    (0)   :  0.013 0.857 0.039 0.042 0.049 
346    (0)   :  0.011 0.864 0.037 0.041 0.047 
347    (0)   :  0.011 0.866 0.038 0.037 0.048 
348    (0)   :  0.055 0.788 0.041 0.051 0.065 
349    (0)   :  0.013 0.858 0.039 0.041 0.049 
350    (0)   :  0.018 0.828 0.063 0.041 0.050 
351    (0)   :  0.024 0.818 0.038 0.055 0.065 
352    (0)   :  0.026 0.811 0.037 0.062 0.064 
353    (0)   :  0.016 0.848 0.038 0.048 0.049 
354    (0)   :  0.011 0.850 0.047 0.042 0.050 
355    (0)   :  0.011 0.860 0.036 0.045 0.048 
356    (0)   :  0.063 0.776 0.043 0.051 0.067 
357    (0)   :  0.021 0.488 0.092 0.269 0.131 
358    (0)   :  0.017 0.816 0.036 0.065 0.065 
359    (0)   :  0.011 0.852 0.043 0.044 0.051 
360    (0)   :  0.012 0.864 0.037 0.040 0.047 
361    (0)   :  0.029 0.428 0.116 0.277 0.149 
362    (0)   :  0.032 0.054 0.245 0.309 0.360 
363    (0)   :  0.041 0.039 0.093 0.393 0.433 
364    (0)   :  0.027 0.230 0.239 0.325 0.180 
365    (0)   :  0.028 0.044 0.108 0.673 0.146 
366    (0)   :  0.198 0.109 0.164 0.386 0.143 
367    (0)   :  0.015 0.026 0.037 0.172 0.750 
368    (0)   :  0.015 0.050 0.251 0.108 0.576 
369    (0)   :  0.182 0.281 0.130 0.221 0.187 
370    (0)   :  0.027 0.060 0.287 0.091 0.534 
371    (0)   :  0.035 0.079 0.452 0.231 0.203 
372    (0)   :  0.031 0.067 0.643 0.076 0.183 
373    (0)   :  0.022 0.103 0.135 0.237 0.503 
374    (0)   :  0.023 0.279 0.187 0.287 0.224 
375    (0)   :  0.018 0.037 0.114 0.337 0.495 
376    (0)   :  0.015 0.030 0.040 0.787 0.127 
377    (0)   :  0.034 0.054 0.263 0.328 0.321 
378    (0)   :  0.017 0.186 0.118 0.068 0.611 
379    (0)   :  0.023 0.028 0.045 0.777 0.128 
380    (0)   :  0.056 0.097 0.106 0.663 0.077 
381    (0)   :  0.068 0.092 0.062 0.706 0.072 
382    (0)   :  0.014 0.041 0.078 0.364 0.503 
383    (0)   :  0.018 0.083 0.090 0.745 0.064 
384    (0)   :  0.025 0.090 0.130 0.580 0.174 
385    (0)   :  0.012 0.146 0.320 0.192 0.330 
386    (0)   :  0.021 0.038 0.068 0.350 0.524 
387    (0)   :  0.025 0.047 0.066 0.381 0.480 
388    (0)   :  0.017 0.179 0.345 0.194 0.266 
389    (0)   :  0.080 0.040 0.658 0.067 0.156 
390    (0)   :  0.172 0.040 0.064 0.265 0.458 
391    (0)   :  0.101 0.083 0.134 0.146 0.536 
392    (0)   :  0.024 0.081 0.102 0.630 0.163 
393    (0)   :  0.074 0.062 0.042 0.739 0.083 
394    (0)   :  0.021 0.241 0.143 0.233 0.362 
395    (0)   :  0.254 0.046 0.123 0.254 0.323 
396    (0)   :  0.016 0.028 0.092 0.343 0.521 
397    (0)   :  0.022 0.078 0.651 0.146 0.103 
398    (0)   :  0.023 0.030 0.048 0.659 0.239 
399    (0)   :  0.047 0.040 0.071 0.177 0.665 
400    (0)   :  0.021 0.059 0.050 0.413 0.457 
401    (0)   :  0.067 0.062 0.056 0.113 0.703 
402    (0)   :  0.095 0.069 0.197 0.267 0.371 
403    (0)   :  0.026 0.355 0.190 0.167 0.261 
404    (0)   :  0.028 0.090 0.155 0.396 0.331 
405    (0)   :  0.044 0.078 0.160 0.452 0.266 
406    (0)   :  0.626 0.073 0.049 0.173 0.079 
407    (0)   :  0.017 0.028 0.049 0.780 0.126 
408    (0)   :  0.082 0.028 0.076 0.056 0.758 
409    (0)   :  0.389 0.239 0.049 0.183 0.140 
410    (0)   :  0.033 0.084 0.095 0.499 0.288 
411    (0)   :  0.074 0.153 0.060 0.551 0.161 
412    (0)   :  0.014 0.044 0.203 0.145 0.593 
413    (0)   :  0.017 0.142 0.229 0.119 0.493 
414    (0)   :  0.015 0.030 0.157 0.141 0.657 
415    (0)   :  0.055 0.045 0.058 0.675 0.166 
416    (0)   :  0.051 0.080 0.101 0.429 0.338 
417    (0)   :  0.019 0.038 0.050 0.690 0.203 
418    (0)   :  0.012 0.033 0.067 0.209 0.679 
419    (0)   :  0.094 0.176 0.094 0.225 0.412 
420    (0)   :  0.177 0.039 0.048 0.120 0.617 
421    (0)   :  0.022 0.046 0.083 0.430 0.419 
422    (0)   :  0.126 0.044 0.282 0.402 0.146 
423    (0)   :  0.031 0.051 0.109 0.572 0.236 
424    (0)   :  0.086 0.062 0.044 0.104 0.704 
425    (0)   :  0.035 0.083 0.236 0.394 0.251 
426    (0)   :  0.022 0.079 0.091 0.191 0.617 
427    (0)   :  0.034 0.112 0.044 0.579 0.231 
428    (0)   :  0.100 0.131 0.197 0.439 0.133 
429    (0)   :  0.014 0.027 0.041 0.583 0.335 
430    (0)   :  0.024 0.034 0.057 0.723 0.162 
431    (0)   :  0.021 0.060 0.234 0.161 0.524 
432    (0)   :  0.017 0.055 0.208 0.124 0.596 
433    (0)   :  0.038 0.274 0.237 0.081 0.370 
434    (0)   :  0.034 0.108 0.272 0.323 0.263 
435    (0)   :  0.029 0.029 0.040 0.701 0.200 
436    (0)   :  0.035 0.053 0.029 0.680 0.203 
437    (0)   :  0.016 0.032 0.055 0.777 0.119 
438    (0)   :  0.284 0.070 0.039 0.295 0.312 
439    (0)   :  0.019 0.040 0.029 0.792 0.119 
440    (0)   :  0.026 0.024 0.031 0.751 0.168 
441    (0)   :  0.025 0.092 0.058 0.568 0.258 
442    (0)   :  0.034 0.035 0.061 0.521 0.349 
443    (0)   :  0.109 0.031 0.039 0.165 0.656 
444    (0)   :  0.047 0.034 0.054 0.611 0.253 
445    (0)   :  0.165 0.134 0.064 0.494 0.143 
446    (0)   :  0.024 0.035 0.034 0.564 0.343 
447    (0)   :  0.082 0.074 0.056 0.549 0.240 
448    (0)   :  0.026 0.035 0.054 0.625 0.260 
449    (0)   :  0.029 0.060 0.063 0.611 0.238 
450    (0)   :  0.012 0.061 0.047 0.713 0.167 
451    (0)   :  0.025 0.025 0.067 0.121 0.762 
452    (0)   :  0.014 0.049 0.043 0.737 0.157 
453    (0)   :  0.438 0.062 0.061 0.093 0.345 
454    (0)   :  0.022 0.072 0.066 0.599 0.240 
455    (0)   :  0.105 0.035 0.032 0.547 0.281 
456    (0)   :  0.122 0.032 0.054 0.541 0.250 
457    (0)   :  0.017 0.035 0.043 0.797 0.108 
458    (0)   :  0.019 0.040 0.041 0.763 0.136 
459    (0)   :  0.039 0.096 0.029 0.287 0.549 
460    (0)   :  0.026 0.034 0.029 0.387 0.525 
461    (0)   :  0.012 0.034 0.030 0.219 0.704 
462    (0)   :  0.053 0.025 0.072 0.483 0.367 
463    (0)   :  0.507 0.050 0.060 0.220 0.163 
464    (0)   :  0.062 0.033 0.035 0.303 0.567 
465    (0)   :  0.036 0.042 0.047 0.170 0.704 
466    (0)   :  0.179 0.035 0.048 0.205 0.533 
467    (0)   :  0.060 0.063 0.066 0.451 0.361 
468    (0)   :  0.057 0.031 0.039 0.774 0.098 
469    (0)   :  0.023 0.034 0.028 0.825 0.090 
470    (0)   :  0.024 0.032 0.032 0.693 0.220 
471    (0)   :  0.181 0.038 0.103 0.395 0.284 
472    (0)   :  0.070 0.043 0.074 0.401 0.412 
473    (0)   :  0.034 0.064 0.115 0.525 0.261 
474    (0)   :  0.031 0.051 0.050 0.695 0.173 
475    (0)   :  0.030 0.068 0.045 0.173 0.685 
476    (0)   :  0.030 0.041 0.034 0.748 0.147 
477    (0)   :  0.041 0.061 0.044 0.141 0.713 
478    (0)   :  0.017 0.031 0.033 0.092 0.827 
479    (0)   :  0.019 0.030 0.032 0.628 0.292 
480    (0)   :  0.015 0.034 0.032 0.817 0.102 
481    (0)   :  0.035 0.035 0.185 0.505 0.241 
482    (0)   :  0.014 0.029 0.031 0.691 0.235 
483    (0)   :  0.029 0.043 0.031 0.662 0.235 
484    (0)   :  0.197 0.045 0.064 0.462 0.232 
485    (0)   :  0.050 0.034 0.029 0.693 0.195 
486    (0)   :  0.086 0.052 0.433 0.137 0.292 
487    (0)   :  0.044 0.131 0.423 0.192 0.210 
488    (0)   :  0.034 0.089 0.360 0.095 0.422 
489    (0)   :  0.118 0.172 0.433 0.161 0.116 
490    (0)   :  0.052 0.034 0.103 0.129 0.682 
491    (0)   :  0.028 0.086 0.697 0.072 0.117 
492    (0)   :  0.071 0.300 0.101 0.078 0.450 
493    (0)   :  0.029 0.052 0.671 0.091 0.158 
494    (0)   :  0.034 0.085 0.577 0.152 0.152 
495    (0)   :  0.056 0.171 0.113 0.096 0.564 
496    (0)   :  0.067 0.374 0.193 0.096 0.271 
497    (0)   :  0.015 0.065 0.739 0.073 0.109 
498    (0)   :  0.126 0.095 0.205 0.125 0.448 
499    (0)   :  0.035 0.192 0.540 0.118 0.114 
500    (0)   :  0.025 0.050 0.584 0.226 0.115 
501    (0)   :  0.031 0.204 0.192 0.260 0.314 
502    (0)   :  0.019 0.251 0.134 0.135 0.461 
503    (0)   :  0.024 0.041 0.182 0.559 0.192 
504    (0)   :  0.038 0.047 0.085 0.064 0.767 
505    (0)   :  0.091 0.095 0.554 0.088 0.172 
506    (0)   :  0.026 0.189 0.288 0.115 0.382 
507    (0)   :  0.049 0.626 0.203 0.052 0.071 
508    (0)   :  0.108 0.553 0.193 0.051 0.094 
509    (0)   :  0.046 0.141 0.594 0.073 0.145 
510    (0)   :  0.029 0.260 0.276 0.245 0.190 
511    (0)   :  0.048 0.055 0.144 0.533 0.221 
512    (0)   :  0.018 0.034 0.103 0.589 0.257 
513    (0)   :  0.076 0.066 0.340 0.035 0.482 
514    (0)   :  0.028 0.067 0.128 0.077 0.699 
515    (0)   :  0.088 0.144 0.142 0.437 0.189 
516    (0)   :  0.057 0.063 0.188 0.066 0.625 
517    (0)   :  0.198 0.151 0.110 0.202 0.338 
518    (0)   :  0.017 0.108 0.651 0.133 0.091 
519    (0)   :  0.027 0.068 0.065 0.075 0.764 
520    (0)   :  0.284 0.267 0.097 0.243 0.109 
521    (0)   :  0.040 0.359 0.161 0.075 0.366 
522    (0)   :  0.203 0.048 0.100 0.490 0.160 
523    (0)   :  0.445 0.159 0.098 0.072 0.226 
524    (0)   :  0.102 0.086 0.128 0.484 0.200 
525    (0)   :  0.057 0.211 0.256 0.358 0.117 
526    (0)   :  0.558 0.070 0.063 0.215 0.094 
527    (0)   :  0.021 0.053 0.271 0.321 0.335 
528    (0)   :  0.045 0.513 0.235 0.063 0.145 
529    (0)   :  0.020 0.073 0.702 0.071 0.134 
530    (0)   :  0.099 0.084 0.102 0.549 0.167 
531    (0)   :  0.063 0.415 0.075 0.269 0.179 
532    (0)   :  0.054 0.254 0.332 0.166 0.193 
533    (0)   :  0.080 0.067 0.339 0.372 0.141 
534    (0)   :  0.081 0.083 0.603 0.044 0.189 
535    (0)   :  0.315 0.072 0.068 0.139 0.406 
536    (0)   :  0.183 0.177 0.126 0.308 0.206 
537    (0)   :  0.345 0.310 0.112 0.096 0.136 
538    (0)   :  0.201 0.218 0.218 0.132 0.231 
539    (0)   :  0.049 0.671 0.135 0.063 0.082 
540    (0)   :  0.159 0.232 0.220 0.198 0.192 
541    (0)   :  0.043 0.521 0.137 0.126 0.172 
542    (0)   :  0.519 0.050 0.126 0.207 0.098 
543    (0)   :  0.227 0.204 0.142 0.070 0.357 
544    (0)   :  0.546 0.092 0.084 0.122 0.156 
545    (0)   :  0.680 0.034 0.045 0.113 0.128 
546    (0)   :  0.257 0.139 0.306 0.138 0.160 
547    (0)   :  0.685 0.098 0.041 0.055 0.121 
548    (0)   :  0.022 0.176 0.641 0.056 0.105 
549    (0)   :  0.250 0.424 0.044 0.191 0.092 
550    (0)   :  0.528 0.052 0.038 0.185 0.197 
551    (0)   :  0.054 0.637 0.058 0.101 0.150 
552    (0)   :  0.148 0.171 0.444 0.121 0.115 
553    (0)   :  0.559 0.179 0.082 0.042 0.138 
554    (0)   :  0.070 0.148 0.169 0.272 0.341 
555    (0)   :  0.176 0.401 0.190 0.080 0.152 
556    (0)   :  0.239 0.160 0.263 0.112 0.227 
557    (0)   :  0.401 0.085 0.042 0.219 0.253 
558    (0)   :  0.012 0.031 0.028 0.705 0.224 
559    (0)   :  0.034 0.047 0.301 0.083 0.535 
560    (0)   :  0.031 0.023 0.042 0.299 0.605 
561    (0)   :  0.036 0.032 0.078 0.246 0.608 
562    (0)   :  0.046 0.023 0.087 0.164 0.679 
563    (0)   :  0.042 0.131 0.038 0.086 0.703 
564    (0)   :  0.063 0.050 0.478 0.112 0.297 
565    (0)   :  0.016 0.035 0.043 0.798 0.109 
566    (0)   :  0.019 0.025 0.037 0.189 0.730 
567    (0)   :  0.034 0.034 0.474 0.100 0.357 
568    (0)   :  0.050 0.051 0.103 0.136 0.660 
569    (0)   :  0.114 0.053 0.085 0.342 0.406 
570    (0)   :  0.013 0.025 0.049 0.704 0.209 
571    (0)   :  0.019 0.040 0.062 0.088 0.792 
572    (0)   :  0.408 0.167 0.136 0.152 0.137 
573    (0)   :  0.054 0.049 0.387 0.246 0.264 
574    (0)   :  0.033 0.127 0.115 0.524 0.201 
575    (0)   :  0.031 0.083 0.063 0.109 0.713 
576    (0)   :  0.014 0.025 0.047 0.160 0.754 
577    (0)   :  0.024 0.112 0.131 0.418 0.316 
578    (0)   :  0.026 0.041 0.064 0.168 0.701 
579    (0)   :  0.027 0.035 0.148 0.261 0.529 
580    (0)   :  0.019 0.066 0.091 0.563 0.260 
581    (0)   :  0.019 0.050 0.061 0.422 0.448 
582    (0)   :  0.034 0.028 0.041 0.524 0.373 
583    (0)   :  0.018 0.038 0.120 0.155 0.670 
584    (0)   :  0.014 0.030 0.054 0.158 0.745 
585    (0)   :  0.021 0.035 0.057 0.262 0.626 
586    (0)   :  0.024 0.050 0.084 0.066 0.777 
587    (0)   :  0.045 0.027 0.156 0.397 0.375 
588    (0)   :  0.100 0.032 0.737 0.037 0.093 
589    (0)   :  0.074 0.030 0.059 0.607 0.230 
590    (0)   :  0.021 0.035 0.144 0.086 0.715 
591    (0)   :  0.016 0.041 0.086 0.088 0.769 
592    (0)   :  0.084 0.033 0.094 0.149 0.640 
593    (0)   :  0.033 0.062 0.114 0.229 0.561 
594    (0)   :  0.020 0.072 0.290 0.092 0.525 
595    (0)   :  0.014 0.026 0.238 0.410 0.311 
596    (0)   :  0.138 0.060 0.243 0.221 0.338 
597    (0)   :  0.052 0.185 0.067 0.054 0.641 
598    (0)   :  0.013 0.028 0.033 0.785 0.142 
599    (0)   :  0.040 0.026 0.064 0.162 0.708 
600    (0)   :  0.038 0.081 0.108 0.511 0.262 
601    (0)   :  0.035 0.027 0.055 0.280 0.604 
602    (0)   :  0.019 0.095 0.547 0.107 0.233 
603    (0)   :  0.023 0.097 0.424 0.090 0.366 
604    (0)   :  0.028 0.084 0.148 0.589 0.152 
605    (0)   :  0.046 0.048 0.167 0.213 0.526 
606    (0)   :  0.045 0.135 0.328 0.217 0.275 
607    (0)   :  0.016 0.167 0.390 0.273 0.154 
608    (0)   :  0.022 0.439 0.093 0.229 0.217 
609    (0)   :  0.036 0.064 0.084 0.503 0.314 
610    (0)   :  0.090 0.048 0.096 0.582 0.184 
611    (0)   :  0.043 0.123 0.285 0.113 0.435 
612    (0)   :  0.032 0.039 0.045 0.776 0.108 
613    (0)   :  0.058 0.062 0.276 0.344 0.259 
614    (0)   :  0.019 0.033 0.092 0.775 0.081 
615    (0)   :  0.022 0.059 0.096 0.733 0.089 
616    (0)   :  0.016 0.120 0.409 0.251 0.204 
617    (0)   :  0.049 0.040 0.168 0.454 0.289 
618    (0)   :  0.044 0.113 0.172 0.585 0.086 
619    (0)   :  0.085 0.134 0.181 0.200 0.400 
620    (0)   :  0.075 0.024 0.146 0.107 0.648 
621    (0)   :  0.014 0.040 0.075 0.235 0.637 
622    (0)   :  0.069 0.089 0.296 0.424 0.122 
623    (0)   :  0.031 0.043 0.199 0.181 0.547 
624    (0)   :  0.021 0.110 0.063 0.694 0.112 
625    (0)   :  0.018 0.127 0.111 0.491 0.254 
626    (0)   :  0.158 0.352 0.095 0.313 0.081 
627    (0)   :  0.033 0.059 0.230 0.199 0.479 
628    (0)   :  0.026 0.053 0.395 0.150 0.376 
629    (0)   :  0.020 0.074 0.256 0.275 0.375 
630    (0)   :  0.029 0.051 0.095 0.634 0.191 
631    (0)   :  0.018 0.055 0.265 0.480 0.183 
632    (0)   :  0.059 0.222 0.405 0.161 0.153 
633    (0)   :  0.020 0.105 0.138 0.536 0.201 
634    (0)   :  0.048 0.151 0.330 0.226 0.245 
635    (0)   :  0.023 0.396 0.265 0.186 0.130 
636    (0)   :  0.025 0.222 0.074 0.460 0.219 
637    (0)   :  0.231 0.100 0.175 0.227 0.267 
638    (0)   :  0.017 0.094 0.413 0.199 0.276 
639    (0)   :  0.022 0.088 0.244 0.505 0.141 
640    (0)   :  0.013 0.054 0.098 0.158 0.677 
641    (0)   :  0.019 0.062 0.444 0.280 0.196 
642    (0)   :  0.062 0.513 0.110 0.112 0.203 
643    (0)   :  0.020 0.746 0.059 0.064 0.111 
644    (0)   :  0.023 0.577 0.122 0.073 0.205 
645    (0)   :  0.038 0.402 0.124 0.375 0.061 
646    (0)   :  0.074 0.122 0.307 0.126 0.371 
647    (0)   :  0.052 0.345 0.168 0.079 0.356 
648    (0)   :  0.076 0.215 0.482 0.127 0.099 
649    (0)   :  0.106 0.128 0.533 0.056 0.176 
650    (0)   :  0.049 0.152 0.321 0.070 0.408 
651    (0)   :  0.016 0.275 0.499 0.068 0.142 
652    (0)   :  0.026 0.538 0.199 0.082 0.156 
653    (0)   :  0.064 0.329 0.366 0.124 0.118 
654    (0)   :  0.125 0.468 0.185 0.093 0.129 
655    (0)   :  0.027 0.506 0.075 0.076 0.316 
656    (0)   :  0.083 0.184 0.460 0.126 0.147 
657    (0)   :  0.024 0.170 0.289 0.341 0.176 
658    (0)   :  0.080 0.214 0.110 0.127 0.468 
659    (0)   :  0.082 0.471 0.170 0.134 0.143 
660    (0)   :  0.043 0.502 0.265 0.061 0.129 
661    (0)   :  0.128 0.553 0.114 0.102 0.103 
662    (0)   :  0.210 0.085 0.469 0.048 0.188 
663    (0)   :  0.026 0.375 0.376 0.090 0.134 
664    (0)   :  0.046 0.224 0.061 0.147 0.522 
665    (0)   :  0.120 0.105 0.561 0.061 0.152 
666    (0)   :  0.071 0.434 0.225 0.101 0.169 
667    (0)   :  0.039 0.089 0.347 0.101 0.424 
668    (0)   :  0.058 0.443 0.139 0.146 0.214 
669    (0)   :  0.031 0.121 0.679 0.056 0.113 
670    (0)   :  0.020 0.760 0.111 0.043 0.065 
671    (0)   :  0.033 0.618 0.175 0.054 0.120 
672    (0)   :  0.041 0.674 0.035 0.072 0.178 
673    (0)   :  0.011 0.847 0.044 0.046 0.052 
674    (0)   :  0.027 0.621 0.169 0.096 0.088 
675    (0)   :  0.015 0.785 0.047 0.040 0.112 
676    (0)   :  0.013 0.852 0.041 0.041 0.052 
677    (0)   :  0.091 0.723 0.087 0.039 0.060 
678    (0)   :  0.011 0.846 0.040 0.046 0.057 
679    (0)   :  0.012 0.688 0.118 0.099 0.084 
680    (0)   :  0.021 0.767 0.073 0.076 0.064 
681    (0)   :  0.301 0.257 0.125 0.191 0.126 
682    (0)   :  0.020 0.799 0.041 0.074 0.066 
683    (0)   :  0.023 0.807 0.067 0.041 0.062 
684    (0)   :  0.013 0.838 0.045 0.045 0.059 
685    (0)   :  0.014 0.856 0.041 0.038 0.051 
686    (0)   :  0.094 0.674 0.083 0.070 0.080 
687    (0)   :  0.046 0.605 0.186 0.052 0.111 
688    (0)   :  0.016 0.788 0.060 0.050 0.086 
689    (0)   :  0.013 0.851 0.046 0.041 0.049 
690    (0)   :  0.012 0.854 0.040 0.042 0.052 
691    (0)   :  0.020 0.717 0.092 0.089 0.082 
692    (0)   :  0.013 0.782 0.063 0.060 0.082 
693    (0)   :  0.016 0.778 0.045 0.060 0.101 
694    (0)   :  0.014 0.862 0.041 0.035 0.047 
695    (0)   :  0.035 0.814 0.034 0.053 0.064 
696    (0)   :  0.017 0.784 0.061 0.051 0.088 
697    (0)   :  0.017 0.831 0.057 0.044 0.051 
698    (0)   :  0.013 0.844 0.047 0.042 0.053 
699    (0)   :  0.106 0.738 0.043 0.050 0.063 
700    (0)   :  0.060 0.727 0.053 0.069 0.092 
701    (0)   :  0.030 0.661 0.141 0.087 0.081 
702    (0)   :  0.047 0.688 0.060 0.089 0.117 
703    (0)   :  0.022 0.783 0.050 0.077 0.067 
704    (0)   :  0.025 0.786 0.063 0.047 0.080 
705    (0)   :  0.297 0.365 0.137 0.096 0.105 
706    (0)   :  0.032 0.792 0.048 0.068 0.060 
707    (0)   :  0.023 0.812 0.066 0.046 0.053 
708    (0)   :  0.015 0.828 0.061 0.042 0.054 
709    (0)   :  0.044 0.820 0.037 0.043 0.056 
710    (0)   :  0.016 0.862 0.035 0.038 0.048 
711    (0)   :  0.060 0.734 0.077 0.065 0.064 
712    (0)   :  0.060 0.786 0.068 0.036 0.050 
713    (0)   :  0.019 0.793 0.060 0.044 0.083 
714    (0)   :  0.017 0.624 0.173 0.096 0.091 
715    (0)   :  0.032 0.839 0.044 0.036 0.049 
716    (0)   :  0.030 0.816 0.035 0.061 0.059 
717    (0)   :  0.021 0.857 0.037 0.037 0.048 
718    (0)   :  0.039 0.691 0.129 0.071 0.069 
719    (0)   :  0.031 0.840 0.041 0.036 0.052 
720    (0)   :  0.018 0.042 0.181 0.228 0.532 
721    (0)   :  0.028 0.527 0.118 0.220 0.107 
722    (0)   :  0.041 0.078 0.120 0.538 0.224 
723    (0)   :  0.014 0.064 0.165 0.615 0.141 
724    (0)   :  0.022 0.169 0.110 0.586 0.113 
725    (0)   :  0.027 0.172 0.411 0.140 0.250 
726    (0)   :  0.055 0.110 0.176 0.521 0.138 
727    (0)   :  0.206 0.212 0.185 0.219 0.178 
728    (0)   :  0.017 0.024 0.036 0.853 0.071 
729    (0)   :  0.014 0.026 0.043 0.826 0.091 
730    (0)   :  0.015 0.041 0.169 0.475 0.301 
731    (0)   :  0.020 0.058 0.057 0.732 0.133 
732    (0)   :  0.014 0.064 0.164 0.618 0.140 
733    (0)   :  0.012 0.037 0.052 0.795 0.104 
734    (0)   :  0.014 0.026 0.047 0.742 0.171 
735    (0)   :  0.011 0.042 0.048 0.823 0.077 
736    (0)   :  0.018 0.051 0.068 0.503 0.360 
737    (0)   :  0.045 0.052 0.153 0.484 0.266 
738    (0)   :  0.015 0.045 0.197 0.546 0.196 
739    (0)   :  0.012 0.034 0.046 0.802 0.106 
740    (0)   :  0.018 0.398 0.447 0.066 0.071 
741    (0)   :  0.035 0.431 0.275 0.119 0.140 
742    (0)   :  0.015 0.154 0.053 0.110 0.669 
743    (0)   :  0.014 0.062 0.581 0.112 0.230 
744    (0)   :  0.134 0.079 0.340 0.069 0.378 
745    (0)   :  0.041 0.035 0.122 0.095 0.707 
746    (0)   :  0.021 0.188 0.356 0.186 0.248 
747    (0)   :  0.024 0.070 0.269 0.099 0.537 
748    (0)   :  0.013 0.421 0.179 0.073 0.314 
749    (0)   :  0.030 0.094 0.546 0.088 0.241 
750    (0)   :  0.017 0.060 0.639 0.085 0.200 
751    (0)   :  0.014 0.410 0.238 0.082 0.255 
752    (0)   :  0.020 0.078 0.385 0.121 0.396 
753    (0)   :  0.021 0.126 0.502 0.188 0.163 
754    (0)   :  0.026 0.433 0.155 0.151 0.235 
755    (0)   :  0.013 0.116 0.582 0.119 0.171 
756    (0)   :  0.016 0.190 0.247 0.052 0.495 
757    (0)   :  0.016 0.134 0.166 0.090 0.594 
758    (0)   :  0.022 0.035 0.244 0.063 0.637 
759    (0)   :  0.047 0.456 0.157 0.193 0.147 
760    (0)   :  0.016 0.084 0.474 0.208 0.219 
761    (0)   :  0.019 0.218 0.251 0.405 0.106 
762    (0)   :  0.012 0.054 0.185 0.430 0.320 
763    (0)   :  0.022 0.130 0.497 0.189 0.162 
764    (0)   :  0.014 0.074 0.436 0.092 0.384 
765    (0)   :  0.013 0.045 0.507 0.298 0.137 
766    (0)   :  0.012 0.276 0.311 0.084 0.318 
767    (0)   :  0.019 0.230 0.171 0.097 0.483 
768    (0)   :  0.012 0.055 0.183 0.454 0.296 
769    (0)   :  0.022 0.232 0.104 0.448 0.193 
770    (0)   :  0.015 0.047 0.118 0.362 0.458 
771    (0)   :  0.148 0.110 0.529 0.056 0.157 
772    (0)   :  0.066 0.265 0.139 0.104 0.425 
773    (0)   :  0.013 0.060 0.652 0.070 0.204 
774    (0)   :  0.018 0.295 0.466 0.100 0.121 
775    (0)   :  0.014 0.093 0.064 0.551 0.277 
776    (0)   :  0.017 0.052 0.107 0.077 0.747 
777    (0)   :  0.053 0.110 0.329 0.130 0.378 
778    (0)   :  0.040 0.178 0.393 0.086 0.303 
779    (0)   :  0.014 0.102 0.522 0.072 0.289 
780    (0)   :  0.013 0.330 0.319 0.089 0.250 
781    (0)   :  0.034 0.075 0.772 0.045 0.072 
782    (0)   :  0.014 0.101 0.523 0.073 0.289 
783    (0)   :  0.014 0.242 0.213 0.126 0.405 
784    (0)   :  0.017 0.078 0.117 0.152 0.636 
785    (0)   :  0.021 0.165 0.240 0.118 0.457 
786    (0)   :  0.017 0.425 0.143 0.103 0.312 
787    (0)   :  0.032 0.372 0.291 0.051 0.255 
788    (0)   :  0.037 0.091 0.214 0.151 0.507 
789    (0)   :  0.015 0.092 0.092 0.139 0.662 
790    (0)   :  0.014 0.224 0.381 0.177 0.204 
791    (0)   :  0.017 0.133 0.099 0.096 0.655 
792    (0)   :  0.046 0.339 0.404 0.051 0.160 
793    (0)   :  0.072 0.428 0.145 0.205 0.150 
794    (0)   :  0.028 0.175 0.124 0.167 0.506 
795    (0)   :  0.025 0.509 0.138 0.196 0.131 
796    (0)   :  0.027 0.167 0.058 0.063 0.685 
797    (0)   :  0.044 0.528 0.209 0.110 0.109 
798    (0)   :  0.161 0.030 0.059 0.508 0.242 
799    (0)   :  0.029 0.072 0.091 0.087 0.722 
800    (0)   :  0.139 0.539 0.078 0.042 0.202 
801    (0)   :  0.154 0.061 0.062 0.473 0.251 
802    (0)   :  0.158 0.237 0.125 0.281 0.199 
803    (0)   :  0.070 0.422 0.152 0.149 0.206 
804    (0)   :  0.183 0.110 0.281 0.150 0.276 
805    (0)   :  0.023 0.770 0.049 0.053 0.105 
806    (0)   :  0.395 0.078 0.114 0.290 0.123 
807    (0)   :  0.057 0.570 0.223 0.078 0.072 
808    (0)   :  0.128 0.415 0.219 0.081 0.157 
809    (0)   :  0.641 0.046 0.058 0.130 0.126 
810    (0)   :  0.029 0.178 0.238 0.299 0.256 
