

----------------------------------------------------
STRUCTURE by Pritchard, Stephens and Donnelly (2000)
     and Falush, Stephens and Pritchard (2003)
       Code by Pritchard, Falush and Hubisz
             Version 2.3.4 (Jul 2012)
----------------------------------------------------



Command line arguments:   ./structure -K 5 -D 105004 -m brooktrout/mainparams -e brooktrout/extraparams -o brooktrout/250914_output/results_K5_rep4 
Input File:    brooktrout/brooktrout.txt

Run parameters:
   8454 individuals
   5 loci
   5 populations assumed
   50000 Burn-in period
   100000 Reps
RANDOMIZE turned off


--------------------------------------------
Overall proportion of membership of the
sample in each of the 5 clusters

Inferred Clusters
  1      2      3      4      5    
0.074  0.172  0.201  0.225  0.327  

--------------------------------------------

Allele-freq. divergence among pops (Net nucleotide distance),
computed using point estimates of P.

      1       2       3       4       5      
 1      -    0.1146  0.0938  0.1071  0.0768  
 2   0.1146     -    0.0473  0.1267  0.0537  
 3   0.0938  0.0473     -    0.1208  0.0413  
 4   0.1071  0.1267  0.1208     -    0.0705  
 5   0.0768  0.0537  0.0413  0.0705     -    

Average distances (expected heterozygosity) between individuals in same cluster:
cluster  1  : 0.7944 
cluster  2  : 0.7752 
cluster  3  : 0.8125 
cluster  4  : 0.7409 
cluster  5  : 0.8236 

--------------------------------------------
Estimated Ln Prob of Data   = -179258.7
Mean value of ln likelihood = -171929.3
Variance of ln likelihood   = 14658.8

Mean value of alpha_1       = 0.0954
Mean value of alpha_2       = 0.2195
Mean value of alpha_3       = 0.2607
Mean value of alpha_4       = 0.3041
Mean value of alpha_5       = 0.4442
Allele frequencies uncorrelated


Inferred ancestry of individuals:
     (%Miss) :  Inferred clusters
  1    (0)   :  0.064 0.166 0.178 0.357 0.234 
  2    (0)   :  0.016 0.043 0.067 0.056 0.818 
  3    (0)   :  0.060 0.454 0.104 0.233 0.148 
  4    (0)   :  0.037 0.060 0.106 0.656 0.140 
  5    (0)   :  0.017 0.053 0.071 0.055 0.805 
  6    (0)   :  0.015 0.607 0.065 0.063 0.250 
  7    (0)   :  0.012 0.182 0.403 0.066 0.336 
  8    (0)   :  0.029 0.233 0.165 0.404 0.170 
  9    (0)   :  0.036 0.244 0.183 0.154 0.383 
 10    (0)   :  0.013 0.245 0.163 0.198 0.381 
 11    (0)   :  0.014 0.195 0.494 0.067 0.230 
 12    (0)   :  0.018 0.054 0.072 0.077 0.780 
 13    (0)   :  0.019 0.092 0.110 0.089 0.690 
 14    (0)   :  0.098 0.135 0.090 0.170 0.507 
 15    (0)   :  0.034 0.123 0.140 0.255 0.449 
 16    (0)   :  0.030 0.391 0.116 0.100 0.363 
 17    (0)   :  0.026 0.131 0.090 0.082 0.670 
 18    (0)   :  0.027 0.330 0.070 0.127 0.446 
 19    (0)   :  0.014 0.261 0.099 0.077 0.548 
 20    (0)   :  0.038 0.146 0.188 0.100 0.529 
 21    (0)   :  0.053 0.107 0.086 0.273 0.481 
 22    (0)   :  0.021 0.516 0.063 0.120 0.280 
 23    (0)   :  0.171 0.083 0.149 0.327 0.271 
 24    (0)   :  0.031 0.207 0.089 0.243 0.430 
 25    (0)   :  0.023 0.193 0.169 0.048 0.567 
 26    (0)   :  0.024 0.131 0.076 0.135 0.635 
 27    (0)   :  0.043 0.138 0.095 0.124 0.600 
 28    (0)   :  0.022 0.149 0.221 0.384 0.223 
 29    (0)   :  0.031 0.075 0.172 0.086 0.636 
 30    (0)   :  0.034 0.523 0.060 0.094 0.290 
 31    (0)   :  0.035 0.103 0.123 0.165 0.574 
 32    (0)   :  0.042 0.220 0.154 0.270 0.314 
 33    (0)   :  0.092 0.355 0.199 0.223 0.130 
 34    (0)   :  0.019 0.302 0.423 0.101 0.155 
 35    (0)   :  0.086 0.203 0.078 0.079 0.554 
 36    (0)   :  0.477 0.199 0.062 0.086 0.176 
 37    (0)   :  0.040 0.081 0.116 0.266 0.497 
 38    (0)   :  0.110 0.573 0.125 0.051 0.141 
 39    (0)   :  0.102 0.341 0.204 0.084 0.270 
 40    (0)   :  0.399 0.106 0.048 0.188 0.260 
 41    (0)   :  0.502 0.211 0.120 0.053 0.114 
 42    (0)   :  0.322 0.124 0.074 0.375 0.104 
 43    (0)   :  0.361 0.064 0.128 0.144 0.303 
 44    (0)   :  0.525 0.187 0.083 0.050 0.155 
 45    (0)   :  0.245 0.187 0.091 0.056 0.421 
 46    (0)   :  0.068 0.321 0.125 0.065 0.420 
 47    (0)   :  0.031 0.208 0.094 0.102 0.566 
 48    (0)   :  0.506 0.178 0.052 0.056 0.209 
 49    (0)   :  0.114 0.232 0.133 0.108 0.413 
 50    (0)   :  0.046 0.318 0.234 0.120 0.283 
 51    (0)   :  0.795 0.046 0.040 0.041 0.078 
 52    (0)   :  0.110 0.336 0.212 0.111 0.230 
 53    (0)   :  0.052 0.644 0.099 0.099 0.106 
 54    (0)   :  0.051 0.043 0.074 0.107 0.726 
 55    (0)   :  0.256 0.050 0.076 0.086 0.531 
 56    (0)   :  0.175 0.266 0.059 0.115 0.385 
 57    (0)   :  0.014 0.113 0.096 0.172 0.605 
 58    (0)   :  0.162 0.089 0.097 0.109 0.543 
 59    (0)   :  0.235 0.262 0.110 0.087 0.305 
 60    (0)   :  0.458 0.076 0.065 0.172 0.229 
 61    (0)   :  0.230 0.032 0.080 0.183 0.475 
 62    (0)   :  0.025 0.188 0.090 0.075 0.623 
 63    (0)   :  0.180 0.097 0.326 0.180 0.217 
 64    (0)   :  0.023 0.515 0.078 0.058 0.326 
 65    (0)   :  0.026 0.083 0.538 0.045 0.308 
 66    (0)   :  0.049 0.052 0.132 0.235 0.533 
 67    (0)   :  0.193 0.045 0.118 0.075 0.569 
 68    (0)   :  0.235 0.247 0.106 0.111 0.301 
 69    (0)   :  0.114 0.325 0.272 0.166 0.122 
 70    (0)   :  0.528 0.089 0.159 0.112 0.111 
 71    (0)   :  0.451 0.141 0.093 0.041 0.274 
 72    (0)   :  0.130 0.405 0.127 0.076 0.262 
 73    (0)   :  0.145 0.049 0.110 0.054 0.641 
 74    (0)   :  0.297 0.287 0.063 0.183 0.170 
 75    (0)   :  0.394 0.120 0.042 0.239 0.205 
 76    (0)   :  0.223 0.078 0.345 0.091 0.263 
 77    (0)   :  0.502 0.153 0.139 0.048 0.159 
 78    (0)   :  0.450 0.258 0.112 0.056 0.124 
 79    (0)   :  0.012 0.124 0.274 0.066 0.524 
 80    (0)   :  0.014 0.064 0.142 0.570 0.210 
 81    (0)   :  0.012 0.086 0.193 0.401 0.308 
 82    (0)   :  0.048 0.053 0.139 0.146 0.614 
 83    (0)   :  0.030 0.173 0.226 0.353 0.219 
 84    (0)   :  0.019 0.128 0.319 0.278 0.256 
 85    (0)   :  0.025 0.199 0.110 0.354 0.311 
 86    (0)   :  0.046 0.069 0.104 0.068 0.713 
 87    (0)   :  0.026 0.098 0.514 0.083 0.278 
 88    (0)   :  0.021 0.059 0.219 0.332 0.369 
 89    (0)   :  0.016 0.053 0.127 0.392 0.412 
 90    (0)   :  0.016 0.066 0.493 0.084 0.340 
 91    (0)   :  0.027 0.114 0.108 0.591 0.160 
 92    (0)   :  0.016 0.081 0.164 0.114 0.625 
 93    (0)   :  0.015 0.039 0.049 0.797 0.100 
 94    (0)   :  0.025 0.134 0.687 0.066 0.087 
 95    (0)   :  0.018 0.044 0.535 0.198 0.204 
 96    (0)   :  0.315 0.035 0.075 0.304 0.271 
 97    (0)   :  0.184 0.199 0.050 0.237 0.330 
 98    (0)   :  0.231 0.099 0.090 0.148 0.433 
 99    (0)   :  0.016 0.088 0.352 0.231 0.313 
100    (0)   :  0.020 0.031 0.053 0.633 0.263 
101    (0)   :  0.048 0.078 0.277 0.137 0.459 
102    (0)   :  0.070 0.079 0.271 0.437 0.142 
103    (0)   :  0.035 0.047 0.343 0.211 0.364 
104    (0)   :  0.033 0.051 0.626 0.104 0.186 
105    (0)   :  0.037 0.038 0.516 0.175 0.234 
106    (0)   :  0.026 0.141 0.642 0.036 0.155 
107    (0)   :  0.034 0.043 0.521 0.177 0.225 
108    (0)   :  0.416 0.133 0.078 0.057 0.315 
109    (0)   :  0.037 0.114 0.423 0.037 0.388 
110    (0)   :  0.018 0.114 0.730 0.040 0.098 
111    (0)   :  0.019 0.036 0.762 0.051 0.132 
112    (0)   :  0.029 0.049 0.777 0.040 0.105 
113    (0)   :  0.053 0.106 0.147 0.113 0.581 
114    (0)   :  0.025 0.047 0.603 0.130 0.195 
115    (0)   :  0.082 0.048 0.654 0.064 0.152 
116    (0)   :  0.112 0.157 0.366 0.041 0.324 
117    (0)   :  0.024 0.078 0.751 0.049 0.099 
118    (0)   :  0.026 0.043 0.163 0.053 0.715 
119    (0)   :  0.409 0.055 0.126 0.283 0.127 
120    (0)   :  0.039 0.054 0.627 0.073 0.207 
121    (0)   :  0.127 0.049 0.653 0.049 0.122 
122    (0)   :  0.022 0.112 0.623 0.049 0.194 
123    (0)   :  0.030 0.061 0.705 0.072 0.132 
124    (0)   :  0.085 0.182 0.531 0.056 0.146 
125    (0)   :  0.053 0.279 0.468 0.069 0.132 
126    (0)   :  0.087 0.098 0.550 0.089 0.175 
127    (0)   :  0.022 0.034 0.755 0.059 0.130 
128    (0)   :  0.027 0.038 0.136 0.056 0.744 
129    (0)   :  0.028 0.038 0.553 0.049 0.333 
130    (0)   :  0.019 0.051 0.551 0.141 0.239 
131    (0)   :  0.132 0.280 0.440 0.043 0.104 
132    (0)   :  0.026 0.092 0.573 0.041 0.267 
133    (0)   :  0.040 0.045 0.655 0.076 0.184 
134    (0)   :  0.014 0.066 0.791 0.030 0.100 
135    (0)   :  0.086 0.041 0.049 0.476 0.349 
136    (0)   :  0.014 0.048 0.034 0.716 0.188 
137    (0)   :  0.013 0.035 0.080 0.769 0.103 
138    (0)   :  0.021 0.043 0.037 0.808 0.091 
139    (0)   :  0.076 0.054 0.053 0.334 0.484 
140    (0)   :  0.049 0.076 0.094 0.523 0.259 
141    (0)   :  0.020 0.082 0.041 0.662 0.195 
142    (0)   :  0.127 0.038 0.050 0.529 0.256 
143    (0)   :  0.014 0.029 0.033 0.847 0.078 
144    (0)   :  0.014 0.031 0.079 0.775 0.101 
145    (0)   :  0.028 0.084 0.043 0.450 0.395 
146    (0)   :  0.032 0.073 0.120 0.550 0.225 
147    (0)   :  0.012 0.034 0.033 0.840 0.082 
148    (0)   :  0.042 0.054 0.069 0.577 0.258 
149    (0)   :  0.032 0.047 0.039 0.751 0.131 
150    (0)   :  0.018 0.042 0.124 0.610 0.206 
151    (0)   :  0.017 0.035 0.047 0.778 0.124 
152    (0)   :  0.084 0.083 0.061 0.522 0.250 
153    (0)   :  0.034 0.056 0.055 0.750 0.106 
154    (0)   :  0.023 0.046 0.035 0.695 0.201 
155    (0)   :  0.016 0.033 0.045 0.812 0.094 
156    (0)   :  0.078 0.029 0.064 0.695 0.133 
157    (0)   :  0.019 0.058 0.160 0.684 0.079 
158    (0)   :  0.022 0.090 0.041 0.543 0.303 
159    (0)   :  0.011 0.031 0.034 0.835 0.089 
160    (0)   :  0.012 0.033 0.033 0.805 0.118 
161    (0)   :  0.027 0.068 0.066 0.700 0.139 
162    (0)   :  0.034 0.075 0.096 0.430 0.365 
163    (0)   :  0.022 0.031 0.043 0.821 0.083 
164    (0)   :  0.020 0.057 0.081 0.438 0.404 
165    (0)   :  0.017 0.037 0.116 0.668 0.161 
166    (0)   :  0.059 0.083 0.162 0.591 0.105 
167    (0)   :  0.018 0.059 0.059 0.624 0.240 
168    (0)   :  0.040 0.081 0.049 0.725 0.105 
169    (0)   :  0.037 0.340 0.038 0.329 0.256 
170    (0)   :  0.046 0.035 0.052 0.724 0.142 
171    (0)   :  0.039 0.094 0.067 0.561 0.240 
172    (0)   :  0.135 0.159 0.037 0.533 0.136 
173    (0)   :  0.014 0.031 0.034 0.785 0.135 
174    (0)   :  0.013 0.039 0.046 0.793 0.109 
175    (0)   :  0.020 0.047 0.032 0.783 0.118 
176    (0)   :  0.014 0.031 0.079 0.778 0.098 
177    (0)   :  0.030 0.105 0.179 0.565 0.121 
178    (0)   :  0.014 0.065 0.048 0.696 0.177 
179    (0)   :  0.012 0.032 0.033 0.839 0.084 
180    (0)   :  0.032 0.067 0.072 0.611 0.218 
181    (0)   :  0.032 0.052 0.042 0.595 0.279 
182    (0)   :  0.022 0.029 0.036 0.689 0.224 
183    (0)   :  0.015 0.034 0.035 0.805 0.111 
184    (0)   :  0.019 0.060 0.056 0.057 0.809 
185    (0)   :  0.073 0.027 0.037 0.765 0.099 
186    (0)   :  0.022 0.055 0.130 0.062 0.731 
187    (0)   :  0.024 0.047 0.065 0.273 0.592 
188    (0)   :  0.020 0.044 0.098 0.046 0.791 
189    (0)   :  0.037 0.217 0.062 0.301 0.383 
190    (0)   :  0.360 0.024 0.038 0.330 0.248 
191    (0)   :  0.015 0.035 0.046 0.093 0.811 
192    (0)   :  0.021 0.058 0.123 0.324 0.474 
193    (0)   :  0.030 0.057 0.056 0.207 0.649 
194    (0)   :  0.047 0.051 0.146 0.329 0.427 
195    (0)   :  0.048 0.029 0.040 0.539 0.344 
196    (0)   :  0.196 0.037 0.058 0.244 0.464 
197    (0)   :  0.031 0.084 0.091 0.126 0.667 
198    (0)   :  0.036 0.102 0.108 0.180 0.574 
199    (0)   :  0.131 0.041 0.054 0.199 0.576 
200    (0)   :  0.117 0.060 0.054 0.179 0.591 
201    (0)   :  0.038 0.038 0.050 0.608 0.265 
202    (0)   :  0.066 0.029 0.061 0.636 0.208 
203    (0)   :  0.025 0.031 0.046 0.544 0.353 
204    (0)   :  0.043 0.027 0.044 0.222 0.664 
205    (0)   :  0.045 0.042 0.050 0.124 0.740 
206    (0)   :  0.031 0.031 0.044 0.166 0.727 
207    (0)   :  0.044 0.029 0.058 0.095 0.774 
208    (0)   :  0.060 0.033 0.050 0.351 0.506 
209    (0)   :  0.026 0.039 0.052 0.145 0.737 
210    (0)   :  0.034 0.033 0.061 0.240 0.632 
211    (0)   :  0.181 0.029 0.097 0.225 0.468 
212    (0)   :  0.039 0.052 0.045 0.616 0.248 
213    (0)   :  0.166 0.050 0.190 0.171 0.423 
214    (0)   :  0.039 0.037 0.047 0.628 0.249 
215    (0)   :  0.034 0.036 0.053 0.079 0.797 
216    (0)   :  0.025 0.071 0.071 0.082 0.751 
217    (0)   :  0.053 0.051 0.041 0.481 0.374 
218    (0)   :  0.021 0.040 0.049 0.133 0.758 
219    (0)   :  0.021 0.104 0.059 0.202 0.614 
220    (0)   :  0.022 0.028 0.046 0.102 0.801 
221    (0)   :  0.069 0.027 0.032 0.764 0.109 
222    (0)   :  0.022 0.100 0.080 0.124 0.674 
223    (0)   :  0.030 0.072 0.071 0.395 0.433 
224    (0)   :  0.027 0.035 0.052 0.422 0.464 
225    (0)   :  0.047 0.035 0.054 0.208 0.655 
226    (0)   :  0.036 0.160 0.051 0.158 0.595 
227    (0)   :  0.101 0.030 0.064 0.294 0.512 
228    (0)   :  0.115 0.027 0.042 0.449 0.368 
229    (0)   :  0.016 0.036 0.058 0.425 0.465 
230    (0)   :  0.019 0.031 0.052 0.339 0.558 
231    (0)   :  0.017 0.045 0.046 0.289 0.603 
232    (0)   :  0.049 0.060 0.094 0.330 0.466 
233    (0)   :  0.028 0.037 0.046 0.669 0.219 
234    (0)   :  0.021 0.073 0.084 0.213 0.609 
235    (0)   :  0.048 0.068 0.052 0.299 0.534 
236    (0)   :  0.027 0.054 0.064 0.454 0.401 
237    (0)   :  0.039 0.031 0.049 0.114 0.767 
238    (0)   :  0.040 0.046 0.073 0.612 0.229 
239    (0)   :  0.047 0.028 0.041 0.536 0.348 
240    (0)   :  0.040 0.046 0.073 0.610 0.230 
241    (0)   :  0.036 0.036 0.042 0.630 0.256 
242    (0)   :  0.028 0.069 0.053 0.197 0.652 
243    (0)   :  0.192 0.027 0.046 0.267 0.468 
244    (0)   :  0.024 0.032 0.046 0.479 0.419 
245    (0)   :  0.034 0.033 0.048 0.775 0.110 
246    (0)   :  0.052 0.051 0.042 0.483 0.373 
247    (0)   :  0.066 0.084 0.365 0.068 0.417 
248    (0)   :  0.034 0.035 0.067 0.061 0.802 
249    (0)   :  0.029 0.035 0.058 0.471 0.408 
250    (0)   :  0.021 0.045 0.070 0.328 0.536 
251    (0)   :  0.038 0.101 0.068 0.111 0.683 
252    (0)   :  0.039 0.044 0.064 0.307 0.546 
253    (0)   :  0.061 0.068 0.100 0.108 0.662 
254    (0)   :  0.026 0.065 0.069 0.133 0.708 
255    (0)   :  0.022 0.049 0.057 0.199 0.672 
256    (0)   :  0.054 0.041 0.051 0.389 0.464 
257    (0)   :  0.039 0.041 0.071 0.202 0.647 
258    (0)   :  0.094 0.051 0.099 0.142 0.614 
259    (0)   :  0.029 0.039 0.070 0.193 0.669 
260    (0)   :  0.023 0.098 0.092 0.343 0.444 
261    (0)   :  0.061 0.048 0.058 0.477 0.356 
262    (0)   :  0.128 0.034 0.033 0.510 0.294 
263    (0)   :  0.027 0.037 0.051 0.088 0.798 
264    (0)   :  0.027 0.296 0.075 0.047 0.555 
265    (0)   :  0.030 0.064 0.051 0.193 0.662 
266    (0)   :  0.047 0.027 0.034 0.766 0.126 
267    (0)   :  0.031 0.044 0.063 0.203 0.660 
268    (0)   :  0.196 0.037 0.057 0.243 0.467 
269    (0)   :  0.024 0.149 0.059 0.228 0.539 
270    (0)   :  0.021 0.057 0.070 0.086 0.766 
271    (0)   :  0.055 0.043 0.067 0.109 0.726 
272    (0)   :  0.084 0.109 0.056 0.119 0.633 
273    (0)   :  0.048 0.106 0.085 0.278 0.483 
274    (0)   :  0.026 0.065 0.052 0.129 0.728 
275    (0)   :  0.034 0.087 0.049 0.173 0.657 
276    (0)   :  0.091 0.092 0.061 0.095 0.662 
277    (0)   :  0.026 0.072 0.069 0.315 0.518 
278    (0)   :  0.066 0.038 0.049 0.107 0.740 
279    (0)   :  0.028 0.053 0.059 0.214 0.646 
280    (0)   :  0.045 0.103 0.054 0.157 0.641 
281    (0)   :  0.027 0.047 0.070 0.139 0.717 
282    (0)   :  0.022 0.070 0.071 0.538 0.299 
283    (0)   :  0.025 0.040 0.066 0.601 0.268 
284    (0)   :  0.045 0.056 0.127 0.342 0.431 
285    (0)   :  0.070 0.046 0.076 0.043 0.765 
286    (0)   :  0.024 0.032 0.045 0.479 0.419 
287    (0)   :  0.023 0.086 0.061 0.181 0.649 
288    (0)   :  0.033 0.096 0.049 0.107 0.715 
289    (0)   :  0.068 0.084 0.107 0.131 0.610 
290    (0)   :  0.154 0.157 0.080 0.166 0.443 
291    (0)   :  0.053 0.043 0.067 0.109 0.728 
292    (0)   :  0.105 0.094 0.051 0.241 0.508 
293    (0)   :  0.160 0.244 0.088 0.090 0.418 
294    (0)   :  0.035 0.040 0.048 0.074 0.804 
295    (0)   :  0.070 0.104 0.075 0.164 0.587 
296    (0)   :  0.033 0.034 0.053 0.106 0.773 
297    (0)   :  0.028 0.096 0.056 0.091 0.729 
298    (0)   :  0.018 0.058 0.083 0.405 0.437 
299    (0)   :  0.017 0.043 0.055 0.085 0.801 
300    (0)   :  0.033 0.040 0.051 0.071 0.805 
301    (0)   :  0.021 0.079 0.056 0.079 0.766 
302    (0)   :  0.066 0.041 0.049 0.085 0.759 
303    (0)   :  0.036 0.055 0.059 0.429 0.422 
304    (0)   :  0.020 0.113 0.121 0.422 0.323 
305    (0)   :  0.044 0.036 0.037 0.331 0.553 
306    (0)   :  0.041 0.069 0.046 0.462 0.382 
307    (0)   :  0.033 0.057 0.073 0.278 0.558 
308    (0)   :  0.057 0.048 0.058 0.474 0.363 
309    (0)   :  0.070 0.046 0.094 0.114 0.676 
310    (0)   :  0.073 0.033 0.045 0.404 0.446 
311    (0)   :  0.020 0.031 0.054 0.337 0.559 
312    (0)   :  0.038 0.029 0.069 0.117 0.747 
313    (0)   :  0.120 0.030 0.057 0.070 0.723 
314    (0)   :  0.021 0.032 0.032 0.844 0.071 
315    (0)   :  0.031 0.048 0.041 0.813 0.067 
316    (0)   :  0.023 0.063 0.045 0.792 0.077 
317    (0)   :  0.012 0.034 0.032 0.853 0.069 
318    (0)   :  0.010 0.036 0.032 0.856 0.066 
319    (0)   :  0.014 0.030 0.032 0.834 0.091 
320    (0)   :  0.022 0.031 0.032 0.845 0.070 
321    (0)   :  0.012 0.037 0.033 0.847 0.070 
322    (0)   :  0.034 0.055 0.046 0.781 0.084 
323    (0)   :  0.011 0.034 0.032 0.850 0.072 
324    (0)   :  0.012 0.037 0.033 0.848 0.071 
325    (0)   :  0.018 0.064 0.042 0.810 0.066 
326    (0)   :  0.021 0.065 0.042 0.808 0.063 
327    (0)   :  0.013 0.033 0.032 0.852 0.070 
328    (0)   :  0.024 0.054 0.043 0.801 0.078 
329    (0)   :  0.011 0.032 0.032 0.857 0.068 
330    (0)   :  0.013 0.034 0.032 0.853 0.069 
331    (0)   :  0.011 0.032 0.032 0.852 0.074 
332    (0)   :  0.017 0.076 0.044 0.796 0.067 
333    (0)   :  0.023 0.052 0.042 0.813 0.069 
334    (0)   :  0.023 0.053 0.044 0.803 0.077 
335    (0)   :  0.025 0.047 0.042 0.815 0.071 
336    (0)   :  0.016 0.040 0.033 0.845 0.067 
337    (0)   :  0.022 0.065 0.043 0.798 0.071 
338    (0)   :  0.010 0.039 0.032 0.851 0.068 
339    (0)   :  0.011 0.032 0.032 0.851 0.074 
340    (0)   :  0.012 0.029 0.031 0.856 0.073 
341    (0)   :  0.012 0.033 0.032 0.842 0.080 
342    (0)   :  0.013 0.033 0.032 0.852 0.070 
343    (0)   :  0.044 0.052 0.044 0.789 0.071 
344    (0)   :  0.010 0.032 0.032 0.858 0.068 
345    (0)   :  0.013 0.033 0.032 0.852 0.070 
346    (0)   :  0.011 0.033 0.031 0.860 0.065 
347    (0)   :  0.011 0.029 0.031 0.863 0.067 
348    (0)   :  0.048 0.043 0.042 0.795 0.071 
349    (0)   :  0.013 0.033 0.032 0.852 0.069 
350    (0)   :  0.016 0.031 0.032 0.835 0.087 
351    (0)   :  0.025 0.048 0.042 0.813 0.071 
352    (0)   :  0.026 0.055 0.043 0.807 0.070 
353    (0)   :  0.015 0.039 0.033 0.845 0.068 
354    (0)   :  0.011 0.033 0.032 0.850 0.074 
355    (0)   :  0.010 0.037 0.032 0.854 0.066 
356    (0)   :  0.057 0.042 0.042 0.788 0.071 
357    (0)   :  0.021 0.238 0.077 0.514 0.151 
358    (0)   :  0.017 0.056 0.044 0.814 0.069 
359    (0)   :  0.011 0.034 0.032 0.848 0.075 
360    (0)   :  0.011 0.033 0.031 0.861 0.065 
361    (0)   :  0.029 0.239 0.081 0.466 0.185 
362    (0)   :  0.035 0.258 0.243 0.087 0.377 
363    (0)   :  0.045 0.373 0.326 0.056 0.200 
364    (0)   :  0.024 0.208 0.078 0.257 0.433 
365    (0)   :  0.025 0.388 0.099 0.061 0.428 
366    (0)   :  0.190 0.304 0.077 0.149 0.279 
367    (0)   :  0.014 0.138 0.711 0.037 0.099 
368    (0)   :  0.014 0.073 0.181 0.064 0.669 
369    (0)   :  0.148 0.159 0.096 0.332 0.265 
370    (0)   :  0.029 0.077 0.355 0.088 0.452 
371    (0)   :  0.036 0.170 0.109 0.116 0.569 
372    (0)   :  0.034 0.061 0.136 0.098 0.671 
373    (0)   :  0.018 0.134 0.323 0.121 0.404 
374    (0)   :  0.022 0.234 0.139 0.318 0.287 
375    (0)   :  0.017 0.228 0.287 0.050 0.418 
376    (0)   :  0.015 0.768 0.088 0.041 0.088 
377    (0)   :  0.033 0.258 0.132 0.078 0.498 
378    (0)   :  0.019 0.052 0.537 0.226 0.166 
379    (0)   :  0.022 0.758 0.096 0.037 0.087 
380    (0)   :  0.058 0.551 0.048 0.146 0.197 
381    (0)   :  0.062 0.603 0.045 0.146 0.143 
382    (0)   :  0.014 0.352 0.379 0.059 0.196 
383    (0)   :  0.019 0.669 0.042 0.125 0.145 
384    (0)   :  0.024 0.394 0.148 0.118 0.316 
385    (0)   :  0.012 0.096 0.134 0.152 0.607 
386    (0)   :  0.021 0.350 0.386 0.055 0.188 
387    (0)   :  0.026 0.352 0.304 0.065 0.253 
388    (0)   :  0.016 0.155 0.151 0.227 0.451 
389    (0)   :  0.077 0.050 0.077 0.059 0.737 
390    (0)   :  0.155 0.230 0.428 0.053 0.133 
391    (0)   :  0.091 0.117 0.262 0.108 0.423 
392    (0)   :  0.023 0.486 0.121 0.116 0.254 
393    (0)   :  0.068 0.672 0.065 0.096 0.099 
394    (0)   :  0.022 0.194 0.265 0.286 0.233 
395    (0)   :  0.271 0.238 0.180 0.070 0.240 
396    (0)   :  0.015 0.227 0.260 0.040 0.458 
397    (0)   :  0.021 0.091 0.058 0.119 0.712 
398    (0)   :  0.024 0.633 0.188 0.041 0.113 
399    (0)   :  0.049 0.137 0.595 0.056 0.163 
400    (0)   :  0.021 0.333 0.380 0.087 0.179 
401    (0)   :  0.068 0.088 0.597 0.088 0.160 
402    (0)   :  0.076 0.116 0.142 0.077 0.590 
403    (0)   :  0.021 0.089 0.134 0.336 0.420 
404    (0)   :  0.025 0.297 0.179 0.131 0.368 
405    (0)   :  0.046 0.324 0.123 0.110 0.398 
406    (0)   :  0.595 0.161 0.048 0.107 0.089 
407    (0)   :  0.016 0.737 0.076 0.040 0.132 
408    (0)   :  0.102 0.048 0.571 0.041 0.238 
409    (0)   :  0.307 0.181 0.097 0.311 0.103 
410    (0)   :  0.032 0.357 0.242 0.107 0.262 
411    (0)   :  0.067 0.485 0.118 0.181 0.148 
412    (0)   :  0.013 0.108 0.247 0.059 0.573 
413    (0)   :  0.020 0.115 0.353 0.186 0.325 
414    (0)   :  0.017 0.124 0.355 0.041 0.462 
415    (0)   :  0.061 0.610 0.117 0.064 0.149 
416    (0)   :  0.044 0.213 0.266 0.108 0.368 
417    (0)   :  0.019 0.606 0.162 0.052 0.162 
418    (0)   :  0.012 0.163 0.503 0.047 0.275 
419    (0)   :  0.068 0.164 0.258 0.227 0.283 
420    (0)   :  0.197 0.097 0.513 0.056 0.138 
421    (0)   :  0.022 0.315 0.255 0.066 0.342 
422    (0)   :  0.097 0.277 0.070 0.062 0.494 
423    (0)   :  0.036 0.486 0.149 0.081 0.249 
424    (0)   :  0.088 0.083 0.641 0.078 0.110 
425    (0)   :  0.023 0.168 0.122 0.093 0.593 
426    (0)   :  0.022 0.177 0.477 0.111 0.214 
427    (0)   :  0.029 0.573 0.176 0.143 0.079 
428    (0)   :  0.092 0.360 0.069 0.168 0.311 
429    (0)   :  0.014 0.537 0.308 0.037 0.104 
430    (0)   :  0.023 0.659 0.121 0.050 0.147 
431    (0)   :  0.024 0.125 0.390 0.093 0.369 
432    (0)   :  0.016 0.085 0.206 0.073 0.621 
433    (0)   :  0.033 0.055 0.165 0.339 0.408 
434    (0)   :  0.029 0.147 0.088 0.125 0.611 
435    (0)   :  0.029 0.697 0.129 0.040 0.105 
436    (0)   :  0.037 0.622 0.205 0.072 0.064 
437    (0)   :  0.016 0.724 0.073 0.044 0.143 
438    (0)   :  0.291 0.289 0.227 0.100 0.093 
439    (0)   :  0.018 0.765 0.093 0.056 0.069 
440    (0)   :  0.024 0.736 0.127 0.034 0.079 
441    (0)   :  0.025 0.494 0.188 0.132 0.161 
442    (0)   :  0.037 0.470 0.248 0.049 0.196 
443    (0)   :  0.117 0.125 0.609 0.043 0.106 
444    (0)   :  0.052 0.569 0.178 0.049 0.152 
445    (0)   :  0.129 0.451 0.100 0.188 0.131 
446    (0)   :  0.023 0.544 0.306 0.048 0.080 
447    (0)   :  0.090 0.469 0.129 0.104 0.209 
448    (0)   :  0.027 0.549 0.147 0.050 0.228 
449    (0)   :  0.030 0.507 0.125 0.086 0.252 
450    (0)   :  0.012 0.560 0.152 0.092 0.184 
451    (0)   :  0.031 0.117 0.598 0.034 0.219 
452    (0)   :  0.013 0.632 0.136 0.073 0.146 
453    (0)   :  0.381 0.078 0.247 0.099 0.195 
454    (0)   :  0.023 0.537 0.174 0.106 0.160 
455    (0)   :  0.098 0.565 0.207 0.049 0.080 
456    (0)   :  0.127 0.510 0.174 0.044 0.145 
457    (0)   :  0.016 0.752 0.063 0.048 0.121 
458    (0)   :  0.018 0.716 0.111 0.056 0.098 
459    (0)   :  0.031 0.266 0.512 0.117 0.073 
460    (0)   :  0.024 0.325 0.532 0.046 0.074 
461    (0)   :  0.012 0.161 0.703 0.045 0.079 
462    (0)   :  0.047 0.351 0.417 0.034 0.150 
463    (0)   :  0.502 0.191 0.118 0.073 0.117 
464    (0)   :  0.063 0.277 0.512 0.045 0.102 
465    (0)   :  0.037 0.137 0.626 0.059 0.141 
466    (0)   :  0.205 0.189 0.401 0.050 0.155 
467    (0)   :  0.054 0.317 0.385 0.095 0.149 
468    (0)   :  0.058 0.738 0.060 0.043 0.101 
469    (0)   :  0.020 0.804 0.066 0.045 0.065 
470    (0)   :  0.023 0.698 0.161 0.041 0.078 
471    (0)   :  0.141 0.227 0.217 0.056 0.359 
472    (0)   :  0.064 0.289 0.299 0.067 0.280 
473    (0)   :  0.037 0.416 0.128 0.090 0.329 
474    (0)   :  0.031 0.557 0.158 0.082 0.172 
475    (0)   :  0.032 0.165 0.541 0.102 0.159 
476    (0)   :  0.029 0.700 0.132 0.058 0.081 
477    (0)   :  0.044 0.128 0.609 0.083 0.136 
478    (0)   :  0.016 0.067 0.793 0.040 0.083 
479    (0)   :  0.019 0.639 0.211 0.040 0.091 
480    (0)   :  0.014 0.791 0.073 0.046 0.077 
481    (0)   :  0.024 0.176 0.104 0.046 0.649 
482    (0)   :  0.014 0.683 0.190 0.041 0.073 
483    (0)   :  0.026 0.659 0.178 0.059 0.079 
484    (0)   :  0.186 0.449 0.147 0.065 0.153 
485    (0)   :  0.044 0.685 0.158 0.046 0.067 
486    (0)   :  0.066 0.077 0.140 0.065 0.652 
487    (0)   :  0.026 0.074 0.068 0.127 0.705 
488    (0)   :  0.020 0.047 0.151 0.087 0.695 
489    (0)   :  0.099 0.076 0.050 0.196 0.579 
490    (0)   :  0.053 0.109 0.382 0.048 0.409 
491    (0)   :  0.026 0.044 0.055 0.121 0.755 
492    (0)   :  0.051 0.048 0.284 0.315 0.302 
493    (0)   :  0.022 0.046 0.064 0.065 0.803 
494    (0)   :  0.026 0.065 0.067 0.103 0.739 
495    (0)   :  0.047 0.054 0.360 0.191 0.348 
496    (0)   :  0.050 0.076 0.129 0.454 0.290 
497    (0)   :  0.015 0.044 0.055 0.095 0.790 
498    (0)   :  0.116 0.082 0.216 0.114 0.471 
499    (0)   :  0.027 0.055 0.051 0.198 0.668 
500    (0)   :  0.020 0.095 0.058 0.063 0.763 
501    (0)   :  0.021 0.122 0.145 0.237 0.475 
502    (0)   :  0.015 0.073 0.203 0.265 0.445 
503    (0)   :  0.022 0.220 0.088 0.056 0.613 
504    (0)   :  0.039 0.051 0.423 0.065 0.422 
505    (0)   :  0.049 0.050 0.074 0.121 0.707 
506    (0)   :  0.022 0.068 0.204 0.200 0.506 
507    (0)   :  0.043 0.036 0.040 0.676 0.204 
508    (0)   :  0.080 0.031 0.053 0.571 0.265 
509    (0)   :  0.035 0.047 0.067 0.182 0.670 
510    (0)   :  0.023 0.094 0.093 0.271 0.519 
511    (0)   :  0.042 0.298 0.175 0.077 0.408 
512    (0)   :  0.016 0.343 0.228 0.049 0.364 
513    (0)   :  0.072 0.025 0.297 0.095 0.511 
514    (0)   :  0.031 0.065 0.444 0.093 0.366 
515    (0)   :  0.075 0.348 0.094 0.187 0.296 
516    (0)   :  0.053 0.048 0.280 0.087 0.532 
517    (0)   :  0.230 0.153 0.197 0.199 0.221 
518    (0)   :  0.018 0.099 0.052 0.198 0.633 
519    (0)   :  0.030 0.069 0.563 0.109 0.229 
520    (0)   :  0.279 0.184 0.056 0.324 0.158 
521    (0)   :  0.046 0.067 0.258 0.439 0.190 
522    (0)   :  0.199 0.408 0.096 0.071 0.225 
523    (0)   :  0.468 0.057 0.121 0.199 0.154 
524    (0)   :  0.122 0.377 0.106 0.121 0.274 
525    (0)   :  0.054 0.219 0.066 0.267 0.393 
526    (0)   :  0.533 0.193 0.052 0.102 0.119 
527    (0)   :  0.015 0.114 0.099 0.060 0.712 
528    (0)   :  0.039 0.048 0.078 0.602 0.233 
529    (0)   :  0.022 0.051 0.078 0.144 0.705 
530    (0)   :  0.099 0.324 0.086 0.117 0.373 
531    (0)   :  0.054 0.170 0.102 0.467 0.207 
532    (0)   :  0.039 0.071 0.091 0.269 0.529 
533    (0)   :  0.079 0.209 0.076 0.093 0.543 
534    (0)   :  0.097 0.033 0.104 0.135 0.631 
535    (0)   :  0.356 0.121 0.241 0.109 0.173 
536    (0)   :  0.155 0.228 0.135 0.243 0.239 
537    (0)   :  0.242 0.065 0.086 0.410 0.197 
538    (0)   :  0.169 0.094 0.113 0.302 0.322 
539    (0)   :  0.041 0.043 0.048 0.716 0.153 
540    (0)   :  0.139 0.135 0.087 0.307 0.332 
541    (0)   :  0.038 0.089 0.138 0.568 0.167 
542    (0)   :  0.442 0.168 0.065 0.086 0.240 
543    (0)   :  0.240 0.054 0.292 0.246 0.167 
544    (0)   :  0.440 0.091 0.085 0.148 0.236 
545    (0)   :  0.671 0.099 0.082 0.048 0.099 
546    (0)   :  0.166 0.083 0.097 0.226 0.427 
547    (0)   :  0.650 0.046 0.084 0.136 0.084 
548    (0)   :  0.021 0.046 0.070 0.328 0.535 
549    (0)   :  0.201 0.164 0.062 0.483 0.090 
550    (0)   :  0.516 0.161 0.148 0.073 0.103 
551    (0)   :  0.045 0.071 0.094 0.666 0.123 
552    (0)   :  0.114 0.069 0.058 0.244 0.515 
553    (0)   :  0.572 0.033 0.099 0.203 0.092 
554    (0)   :  0.071 0.211 0.220 0.220 0.279 
555    (0)   :  0.142 0.061 0.084 0.472 0.240 
556    (0)   :  0.152 0.078 0.089 0.231 0.451 
557    (0)   :  0.390 0.216 0.189 0.122 0.083 
558    (0)   :  0.012 0.699 0.180 0.042 0.068 
559    (0)   :  0.034 0.067 0.326 0.071 0.502 
560    (0)   :  0.032 0.259 0.575 0.032 0.102 
561    (0)   :  0.034 0.195 0.280 0.045 0.447 
562    (0)   :  0.056 0.139 0.499 0.033 0.274 
563    (0)   :  0.039 0.071 0.609 0.174 0.108 
564    (0)   :  0.080 0.087 0.145 0.079 0.609 
565    (0)   :  0.014 0.761 0.065 0.048 0.112 
566    (0)   :  0.020 0.174 0.675 0.034 0.098 
567    (0)   :  0.036 0.073 0.125 0.049 0.716 
568    (0)   :  0.058 0.135 0.448 0.075 0.284 
569    (0)   :  0.125 0.319 0.292 0.078 0.186 
570    (0)   :  0.013 0.678 0.160 0.035 0.113 
571    (0)   :  0.021 0.075 0.703 0.053 0.148 
572    (0)   :  0.410 0.127 0.076 0.195 0.191 
573    (0)   :  0.073 0.211 0.128 0.071 0.516 
574    (0)   :  0.032 0.420 0.111 0.174 0.262 
575    (0)   :  0.032 0.098 0.541 0.134 0.195 
576    (0)   :  0.015 0.145 0.643 0.034 0.163 
577    (0)   :  0.022 0.303 0.153 0.148 0.373 
578    (0)   :  0.027 0.158 0.583 0.058 0.175 
579    (0)   :  0.025 0.191 0.209 0.051 0.525 
580    (0)   :  0.017 0.456 0.137 0.094 0.296 
581    (0)   :  0.020 0.418 0.322 0.072 0.167 
582    (0)   :  0.035 0.492 0.332 0.040 0.101 
583    (0)   :  0.020 0.128 0.582 0.054 0.216 
584    (0)   :  0.015 0.156 0.600 0.041 0.189 
585    (0)   :  0.022 0.215 0.448 0.050 0.265 
586    (0)   :  0.024 0.052 0.653 0.072 0.198 
587    (0)   :  0.042 0.309 0.189 0.039 0.421 
588    (0)   :  0.120 0.028 0.053 0.053 0.746 
589    (0)   :  0.082 0.543 0.142 0.043 0.190 
590    (0)   :  0.020 0.067 0.449 0.049 0.415 
591    (0)   :  0.019 0.085 0.564 0.059 0.274 
592    (0)   :  0.114 0.138 0.422 0.051 0.276 
593    (0)   :  0.042 0.214 0.364 0.095 0.285 
594    (0)   :  0.024 0.086 0.330 0.102 0.458 
595    (0)   :  0.012 0.146 0.130 0.034 0.678 
596    (0)   :  0.165 0.198 0.142 0.084 0.412 
597    (0)   :  0.050 0.044 0.585 0.228 0.093 
598    (0)   :  0.013 0.784 0.091 0.037 0.074 
599    (0)   :  0.047 0.144 0.584 0.037 0.188 
600    (0)   :  0.034 0.391 0.131 0.114 0.331 
601    (0)   :  0.037 0.252 0.485 0.038 0.188 
602    (0)   :  0.015 0.061 0.086 0.112 0.725 
603    (0)   :  0.019 0.059 0.116 0.122 0.684 
604    (0)   :  0.027 0.430 0.084 0.123 0.336 
605    (0)   :  0.040 0.146 0.190 0.066 0.559 
606    (0)   :  0.036 0.121 0.134 0.175 0.535 
607    (0)   :  0.014 0.166 0.083 0.223 0.514 
608    (0)   :  0.020 0.147 0.163 0.463 0.207 
609    (0)   :  0.035 0.330 0.171 0.091 0.374 
610    (0)   :  0.089 0.532 0.083 0.067 0.228 
611    (0)   :  0.033 0.070 0.147 0.137 0.613 
612    (0)   :  0.031 0.730 0.065 0.057 0.116 
613    (0)   :  0.057 0.248 0.124 0.088 0.483 
614    (0)   :  0.018 0.605 0.052 0.052 0.273 
615    (0)   :  0.023 0.598 0.050 0.092 0.238 
616    (0)   :  0.015 0.160 0.092 0.157 0.576 
617    (0)   :  0.052 0.336 0.129 0.055 0.428 
618    (0)   :  0.043 0.404 0.053 0.163 0.337 
619    (0)   :  0.108 0.198 0.275 0.173 0.245 
620    (0)   :  0.102 0.093 0.434 0.036 0.336 
621    (0)   :  0.013 0.191 0.352 0.056 0.389 
622    (0)   :  0.056 0.273 0.072 0.120 0.479 
623    (0)   :  0.035 0.149 0.229 0.059 0.527 
624    (0)   :  0.021 0.583 0.079 0.159 0.158 
625    (0)   :  0.018 0.346 0.156 0.167 0.313 
626    (0)   :  0.132 0.231 0.044 0.438 0.155 
627    (0)   :  0.029 0.140 0.185 0.079 0.566 
628    (0)   :  0.021 0.101 0.214 0.073 0.591 
629    (0)   :  0.016 0.107 0.111 0.074 0.693 
630    (0)   :  0.028 0.362 0.123 0.068 0.419 
631    (0)   :  0.016 0.238 0.100 0.072 0.574 
632    (0)   :  0.039 0.091 0.076 0.292 0.501 
633    (0)   :  0.018 0.345 0.151 0.149 0.337 
634    (0)   :  0.043 0.150 0.169 0.203 0.435 
635    (0)   :  0.021 0.123 0.067 0.452 0.338 
636    (0)   :  0.022 0.261 0.131 0.256 0.330 
637    (0)   :  0.103 0.110 0.114 0.137 0.536 
638    (0)   :  0.015 0.097 0.098 0.105 0.686 
639    (0)   :  0.018 0.260 0.076 0.108 0.538 
640    (0)   :  0.012 0.134 0.467 0.077 0.309 
641    (0)   :  0.015 0.127 0.085 0.076 0.697 
642    (0)   :  0.044 0.074 0.085 0.567 0.230 
643    (0)   :  0.017 0.048 0.073 0.767 0.094 
644    (0)   :  0.020 0.050 0.114 0.567 0.248 
645    (0)   :  0.032 0.278 0.034 0.477 0.179 
646    (0)   :  0.054 0.068 0.124 0.147 0.608 
647    (0)   :  0.043 0.057 0.195 0.441 0.264 
648    (0)   :  0.064 0.076 0.056 0.262 0.541 
649    (0)   :  0.125 0.044 0.092 0.195 0.545 
650    (0)   :  0.039 0.049 0.136 0.183 0.593 
651    (0)   :  0.015 0.046 0.067 0.329 0.542 
652    (0)   :  0.023 0.054 0.076 0.559 0.288 
653    (0)   :  0.044 0.069 0.059 0.375 0.453 
654    (0)   :  0.086 0.052 0.063 0.503 0.296 
655    (0)   :  0.033 0.070 0.236 0.523 0.138 
656    (0)   :  0.052 0.059 0.068 0.201 0.620 
657    (0)   :  0.019 0.145 0.079 0.182 0.575 
658    (0)   :  0.086 0.113 0.322 0.270 0.208 
659    (0)   :  0.052 0.065 0.071 0.472 0.341 
660    (0)   :  0.040 0.045 0.064 0.624 0.227 
661    (0)   :  0.112 0.068 0.060 0.559 0.201 
662    (0)   :  0.259 0.038 0.094 0.130 0.479 
663    (0)   :  0.025 0.061 0.084 0.471 0.358 
664    (0)   :  0.050 0.125 0.394 0.294 0.136 
665    (0)   :  0.111 0.043 0.075 0.151 0.621 
666    (0)   :  0.049 0.065 0.075 0.529 0.282 
667    (0)   :  0.032 0.056 0.142 0.102 0.668 
668    (0)   :  0.046 0.093 0.100 0.460 0.300 
669    (0)   :  0.041 0.046 0.066 0.252 0.595 
670    (0)   :  0.017 0.033 0.037 0.799 0.114 
671    (0)   :  0.027 0.041 0.059 0.678 0.195 
672    (0)   :  0.048 0.069 0.141 0.679 0.063 
673    (0)   :  0.011 0.036 0.033 0.846 0.075 
674    (0)   :  0.024 0.063 0.046 0.662 0.205 
675    (0)   :  0.015 0.031 0.078 0.778 0.099 
676    (0)   :  0.012 0.033 0.034 0.849 0.072 
677    (0)   :  0.069 0.028 0.034 0.761 0.108 
678    (0)   :  0.010 0.036 0.038 0.846 0.070 
679    (0)   :  0.011 0.069 0.045 0.705 0.170 
680    (0)   :  0.017 0.049 0.039 0.762 0.133 
681    (0)   :  0.260 0.126 0.060 0.293 0.261 
682    (0)   :  0.018 0.054 0.041 0.797 0.090 
683    (0)   :  0.020 0.031 0.037 0.816 0.096 
684    (0)   :  0.013 0.035 0.039 0.838 0.075 
685    (0)   :  0.013 0.030 0.033 0.853 0.071 
686    (0)   :  0.070 0.048 0.043 0.695 0.143 
687    (0)   :  0.038 0.037 0.057 0.684 0.184 
688    (0)   :  0.015 0.038 0.051 0.791 0.104 
689    (0)   :  0.012 0.031 0.031 0.848 0.078 
690    (0)   :  0.012 0.033 0.034 0.850 0.071 
691    (0)   :  0.020 0.061 0.044 0.717 0.158 
692    (0)   :  0.013 0.046 0.049 0.784 0.110 
693    (0)   :  0.014 0.047 0.067 0.789 0.083 
694    (0)   :  0.014 0.027 0.031 0.859 0.068 
695    (0)   :  0.033 0.046 0.042 0.815 0.064 
696    (0)   :  0.015 0.039 0.050 0.794 0.102 
697    (0)   :  0.016 0.032 0.032 0.831 0.089 
698    (0)   :  0.013 0.032 0.034 0.843 0.079 
699    (0)   :  0.097 0.041 0.040 0.751 0.071 
700    (0)   :  0.041 0.045 0.083 0.752 0.079 
701    (0)   :  0.029 0.068 0.048 0.708 0.147 
702    (0)   :  0.037 0.063 0.065 0.710 0.126 
703    (0)   :  0.020 0.053 0.041 0.784 0.103 
704    (0)   :  0.021 0.036 0.047 0.801 0.095 
705    (0)   :  0.267 0.070 0.062 0.422 0.179 
706    (0)   :  0.029 0.048 0.036 0.785 0.102 
707    (0)   :  0.021 0.034 0.033 0.820 0.092 
708    (0)   :  0.014 0.031 0.034 0.827 0.095 
709    (0)   :  0.037 0.033 0.039 0.827 0.064 
710    (0)   :  0.015 0.029 0.032 0.858 0.065 
711    (0)   :  0.047 0.044 0.037 0.738 0.134 
712    (0)   :  0.043 0.026 0.031 0.808 0.092 
713    (0)   :  0.018 0.034 0.049 0.797 0.102 
714    (0)   :  0.015 0.062 0.047 0.641 0.236 
715    (0)   :  0.030 0.027 0.030 0.841 0.072 
716    (0)   :  0.027 0.046 0.038 0.811 0.078 
717    (0)   :  0.019 0.029 0.032 0.854 0.065 
718    (0)   :  0.028 0.046 0.039 0.681 0.206 
719    (0)   :  0.028 0.028 0.035 0.841 0.068 
720    (0)   :  0.016 0.179 0.223 0.057 0.525 
721    (0)   :  0.025 0.158 0.061 0.552 0.204 
722    (0)   :  0.042 0.431 0.128 0.112 0.287 
723    (0)   :  0.014 0.405 0.087 0.087 0.408 
724    (0)   :  0.020 0.504 0.092 0.226 0.157 
725    (0)   :  0.025 0.092 0.116 0.241 0.526 
726    (0)   :  0.052 0.449 0.083 0.151 0.264 
727    (0)   :  0.194 0.166 0.095 0.270 0.275 
728    (0)   :  0.017 0.828 0.047 0.033 0.075 
729    (0)   :  0.013 0.791 0.057 0.037 0.101 
730    (0)   :  0.015 0.337 0.142 0.059 0.446 
731    (0)   :  0.020 0.657 0.082 0.087 0.154 
732    (0)   :  0.014 0.404 0.088 0.086 0.408 
733    (0)   :  0.011 0.747 0.067 0.051 0.124 
734    (0)   :  0.014 0.732 0.117 0.036 0.101 
735    (0)   :  0.010 0.756 0.050 0.061 0.123 
736    (0)   :  0.020 0.499 0.255 0.075 0.151 
737    (0)   :  0.049 0.424 0.140 0.075 0.312 
738    (0)   :  0.015 0.361 0.114 0.061 0.449 
739    (0)   :  0.012 0.763 0.065 0.046 0.114 
740    (0)   :  0.017 0.046 0.044 0.553 0.340 
741    (0)   :  0.033 0.086 0.083 0.510 0.288 
742    (0)   :  0.014 0.081 0.617 0.166 0.122 
743    (0)   :  0.014 0.071 0.117 0.090 0.709 
744    (0)   :  0.210 0.062 0.259 0.117 0.352 
745    (0)   :  0.046 0.078 0.525 0.050 0.300 
746    (0)   :  0.020 0.120 0.139 0.237 0.484 
747    (0)   :  0.023 0.063 0.256 0.115 0.544 
748    (0)   :  0.013 0.055 0.198 0.481 0.254 
749    (0)   :  0.031 0.064 0.123 0.139 0.643 
750    (0)   :  0.017 0.058 0.112 0.094 0.720 
751    (0)   :  0.014 0.061 0.161 0.465 0.298 
752    (0)   :  0.018 0.079 0.144 0.104 0.655 
753    (0)   :  0.021 0.114 0.099 0.176 0.591 
754    (0)   :  0.021 0.070 0.127 0.438 0.344 
755    (0)   :  0.013 0.074 0.110 0.160 0.642 
756    (0)   :  0.016 0.041 0.469 0.266 0.208 
757    (0)   :  0.016 0.068 0.390 0.208 0.318 
758    (0)   :  0.027 0.057 0.412 0.050 0.454 
759    (0)   :  0.041 0.122 0.073 0.457 0.307 
760    (0)   :  0.016 0.139 0.140 0.115 0.589 
761    (0)   :  0.018 0.253 0.062 0.269 0.399 
762    (0)   :  0.011 0.330 0.248 0.075 0.337 
763    (0)   :  0.021 0.112 0.098 0.174 0.595 
764    (0)   :  0.014 0.064 0.225 0.102 0.594 
765    (0)   :  0.014 0.223 0.085 0.067 0.611 
766    (0)   :  0.012 0.059 0.187 0.335 0.407 
767    (0)   :  0.019 0.078 0.400 0.293 0.210 
768    (0)   :  0.011 0.364 0.215 0.075 0.335 
769    (0)   :  0.020 0.350 0.117 0.291 0.222 
770    (0)   :  0.015 0.298 0.370 0.070 0.248 
771    (0)   :  0.143 0.042 0.077 0.171 0.567 
772    (0)   :  0.072 0.089 0.308 0.303 0.228 
773    (0)   :  0.013 0.053 0.146 0.105 0.683 
774    (0)   :  0.017 0.060 0.069 0.359 0.495 
775    (0)   :  0.015 0.486 0.186 0.140 0.174 
776    (0)   :  0.019 0.064 0.623 0.078 0.216 
777    (0)   :  0.043 0.083 0.144 0.141 0.590 
778    (0)   :  0.036 0.060 0.144 0.260 0.500 
779    (0)   :  0.015 0.051 0.178 0.149 0.607 
780    (0)   :  0.012 0.065 0.145 0.408 0.370 
781    (0)   :  0.049 0.037 0.052 0.151 0.711 
782    (0)   :  0.014 0.052 0.177 0.149 0.608 
783    (0)   :  0.014 0.090 0.258 0.278 0.361 
784    (0)   :  0.017 0.111 0.508 0.120 0.244 
785    (0)   :  0.019 0.064 0.206 0.192 0.519 
786    (0)   :  0.015 0.071 0.190 0.454 0.270 
787    (0)   :  0.029 0.038 0.133 0.483 0.317 
788    (0)   :  0.039 0.112 0.357 0.128 0.365 
789    (0)   :  0.014 0.098 0.546 0.135 0.206 
790    (0)   :  0.013 0.108 0.127 0.253 0.499 
791    (0)   :  0.018 0.086 0.489 0.200 0.207 
792    (0)   :  0.044 0.036 0.081 0.392 0.447 
793    (0)   :  0.050 0.129 0.074 0.453 0.294 
794    (0)   :  0.022 0.095 0.350 0.223 0.310 
795    (0)   :  0.022 0.128 0.071 0.542 0.238 
796    (0)   :  0.025 0.053 0.592 0.211 0.119 
797    (0)   :  0.035 0.072 0.058 0.601 0.233 
798    (0)   :  0.166 0.473 0.175 0.044 0.142 
799    (0)   :  0.028 0.067 0.569 0.107 0.229 
800    (0)   :  0.102 0.033 0.118 0.589 0.158 
801    (0)   :  0.132 0.428 0.205 0.094 0.140 
802    (0)   :  0.105 0.162 0.197 0.333 0.204 
803    (0)   :  0.047 0.077 0.088 0.404 0.384 
804    (0)   :  0.150 0.100 0.182 0.173 0.395 
805    (0)   :  0.020 0.042 0.069 0.780 0.089 
806    (0)   :  0.352 0.218 0.098 0.120 0.212 
807    (0)   :  0.048 0.048 0.040 0.633 0.232 
808    (0)   :  0.123 0.061 0.077 0.493 0.246 
809    (0)   :  0.645 0.113 0.075 0.063 0.105 
810    (0)   :  0.024 0.175 0.156 0.228 0.418 
