

----------------------------------------------------
STRUCTURE by Pritchard, Stephens and Donnelly (2000)
     and Falush, Stephens and Pritchard (2003)
       Code by Pritchard, Falush and Hubisz
             Version 2.3.4 (Jul 2012)
----------------------------------------------------



Command line arguments:   ./structure -K 5 -D 105018 -m brooktrout/mainparams -e brooktrout/extraparams -o brooktrout/250914_output/results_K5_rep18 
Input File:    brooktrout/brooktrout.txt

Run parameters:
   8454 individuals
   5 loci
   5 populations assumed
   50000 Burn-in period
   100000 Reps
RANDOMIZE turned off


--------------------------------------------
Overall proportion of membership of the
sample in each of the 5 clusters

Inferred Clusters
  1      2      3      4      5    
0.078  0.179  0.155  0.229  0.359  

--------------------------------------------

Allele-freq. divergence among pops (Net nucleotide distance),
computed using point estimates of P.

      1       2       3       4       5      
 1      -    0.1413  0.0676  0.1067  0.0599  
 2   0.1413     -    0.1034  0.0647  0.1111  
 3   0.0676  0.1034     -    0.0725  0.0426  
 4   0.1067  0.0647  0.0725     -    0.0562  
 5   0.0599  0.1111  0.0426  0.0562     -    

Average distances (expected heterozygosity) between individuals in same cluster:
cluster  1  : 0.7608 
cluster  2  : 0.7320 
cluster  3  : 0.7900 
cluster  4  : 0.8170 
cluster  5  : 0.8196 

--------------------------------------------
Estimated Ln Prob of Data   = -179382.7
Mean value of ln likelihood = -172035.5
Variance of ln likelihood   = 14694.5

Mean value of alpha_1       = 0.0894
Mean value of alpha_2       = 0.2063
Mean value of alpha_3       = 0.1827
Mean value of alpha_4       = 0.2767
Mean value of alpha_5       = 0.4376
Allele frequencies uncorrelated


Inferred ancestry of individuals:
     (%Miss) :  Inferred clusters
  1    (0)   :  0.093 0.277 0.203 0.179 0.248 
  2    (0)   :  0.015 0.042 0.135 0.525 0.284 
  3    (0)   :  0.076 0.134 0.301 0.200 0.289 
  4    (0)   :  0.020 0.579 0.053 0.145 0.203 
  5    (0)   :  0.015 0.043 0.280 0.349 0.313 
  6    (0)   :  0.022 0.036 0.746 0.060 0.136 
  7    (0)   :  0.028 0.045 0.132 0.048 0.747 
  8    (0)   :  0.023 0.321 0.265 0.086 0.305 
  9    (0)   :  0.044 0.085 0.241 0.254 0.376 
 10    (0)   :  0.024 0.154 0.369 0.060 0.393 
 11    (0)   :  0.051 0.045 0.092 0.051 0.761 
 12    (0)   :  0.015 0.070 0.250 0.366 0.299 
 13    (0)   :  0.023 0.076 0.350 0.173 0.377 
 14    (0)   :  0.036 0.086 0.115 0.507 0.255 
 15    (0)   :  0.036 0.201 0.123 0.241 0.399 
 16    (0)   :  0.069 0.074 0.359 0.092 0.406 
 17    (0)   :  0.019 0.054 0.588 0.146 0.194 
 18    (0)   :  0.063 0.079 0.387 0.252 0.219 
 19    (0)   :  0.018 0.049 0.645 0.085 0.204 
 20    (0)   :  0.027 0.071 0.156 0.210 0.536 
 21    (0)   :  0.044 0.185 0.120 0.417 0.233 
 22    (0)   :  0.029 0.070 0.684 0.086 0.131 
 23    (0)   :  0.030 0.198 0.081 0.425 0.266 
 24    (0)   :  0.046 0.182 0.377 0.175 0.219 
 25    (0)   :  0.024 0.032 0.262 0.085 0.597 
 26    (0)   :  0.026 0.089 0.563 0.162 0.159 
 27    (0)   :  0.040 0.102 0.322 0.176 0.360 
 28    (0)   :  0.051 0.337 0.186 0.101 0.325 
 29    (0)   :  0.022 0.062 0.092 0.232 0.593 
 30    (0)   :  0.062 0.053 0.610 0.142 0.133 
 31    (0)   :  0.022 0.123 0.308 0.210 0.336 
 32    (0)   :  0.024 0.163 0.207 0.244 0.362 
 33    (0)   :  0.164 0.134 0.121 0.169 0.412 
 34    (0)   :  0.031 0.078 0.198 0.049 0.644 
 35    (0)   :  0.031 0.044 0.346 0.402 0.177 
 36    (0)   :  0.526 0.049 0.046 0.266 0.114 
 37    (0)   :  0.022 0.170 0.120 0.315 0.373 
 38    (0)   :  0.696 0.029 0.042 0.081 0.152 
 39    (0)   :  0.293 0.052 0.113 0.180 0.362 
 40    (0)   :  0.055 0.109 0.098 0.612 0.125 
 41    (0)   :  0.436 0.042 0.062 0.263 0.197 
 42    (0)   :  0.334 0.316 0.035 0.196 0.120 
 43    (0)   :  0.020 0.079 0.065 0.565 0.272 
 44    (0)   :  0.040 0.037 0.161 0.565 0.197 
 45    (0)   :  0.323 0.033 0.064 0.392 0.188 
 46    (0)   :  0.052 0.043 0.302 0.204 0.399 
 47    (0)   :  0.024 0.063 0.447 0.241 0.224 
 48    (0)   :  0.031 0.034 0.207 0.622 0.105 
 49    (0)   :  0.138 0.064 0.154 0.308 0.336 
 50    (0)   :  0.050 0.096 0.237 0.106 0.512 
 51    (0)   :  0.333 0.037 0.028 0.514 0.087 
 52    (0)   :  0.239 0.072 0.134 0.145 0.410 
 53    (0)   :  0.673 0.053 0.067 0.068 0.139 
 54    (0)   :  0.014 0.061 0.143 0.562 0.220 
 55    (0)   :  0.016 0.044 0.081 0.683 0.176 
 56    (0)   :  0.094 0.058 0.251 0.484 0.112 
 57    (0)   :  0.020 0.149 0.511 0.094 0.226 
 58    (0)   :  0.080 0.059 0.070 0.567 0.223 
 59    (0)   :  0.423 0.053 0.066 0.269 0.189 
 60    (0)   :  0.085 0.107 0.056 0.619 0.132 
 61    (0)   :  0.013 0.058 0.026 0.794 0.109 
 62    (0)   :  0.034 0.049 0.429 0.248 0.239 
 63    (0)   :  0.064 0.101 0.047 0.303 0.485 
 64    (0)   :  0.122 0.038 0.480 0.141 0.219 
 65    (0)   :  0.020 0.028 0.059 0.094 0.799 
 66    (0)   :  0.022 0.117 0.042 0.555 0.263 
 67    (0)   :  0.015 0.039 0.065 0.615 0.267 
 68    (0)   :  0.440 0.068 0.063 0.249 0.180 
 69    (0)   :  0.351 0.139 0.080 0.089 0.341 
 70    (0)   :  0.128 0.076 0.041 0.373 0.382 
 71    (0)   :  0.347 0.027 0.054 0.386 0.185 
 72    (0)   :  0.312 0.041 0.160 0.206 0.281 
 73    (0)   :  0.032 0.032 0.046 0.646 0.244 
 74    (0)   :  0.491 0.099 0.061 0.243 0.107 
 75    (0)   :  0.204 0.105 0.059 0.556 0.076 
 76    (0)   :  0.031 0.054 0.047 0.295 0.573 
 77    (0)   :  0.524 0.035 0.039 0.213 0.189 
 78    (0)   :  0.661 0.035 0.036 0.138 0.130 
 79    (0)   :  0.027 0.047 0.098 0.071 0.757 
 80    (0)   :  0.022 0.533 0.071 0.131 0.244 
 81    (0)   :  0.026 0.403 0.099 0.121 0.352 
 82    (0)   :  0.025 0.105 0.057 0.347 0.466 
 83    (0)   :  0.058 0.240 0.073 0.224 0.405 
 84    (0)   :  0.042 0.227 0.056 0.128 0.548 
 85    (0)   :  0.059 0.293 0.132 0.207 0.310 
 86    (0)   :  0.026 0.043 0.129 0.424 0.377 
 87    (0)   :  0.035 0.051 0.051 0.099 0.763 
 88    (0)   :  0.023 0.238 0.056 0.185 0.498 
 89    (0)   :  0.023 0.325 0.057 0.275 0.319 
 90    (0)   :  0.021 0.057 0.045 0.080 0.798 
 91    (0)   :  0.049 0.511 0.063 0.163 0.214 
 92    (0)   :  0.026 0.092 0.093 0.144 0.645 
 93    (0)   :  0.016 0.792 0.033 0.065 0.094 
 94    (0)   :  0.139 0.044 0.043 0.056 0.718 
 95    (0)   :  0.019 0.134 0.033 0.103 0.711 
 96    (0)   :  0.018 0.117 0.027 0.712 0.125 
 97    (0)   :  0.245 0.110 0.091 0.455 0.099 
 98    (0)   :  0.042 0.068 0.082 0.591 0.218 
 99    (0)   :  0.028 0.202 0.050 0.123 0.597 
100    (0)   :  0.012 0.438 0.047 0.401 0.102 
101    (0)   :  0.032 0.081 0.055 0.268 0.564 
102    (0)   :  0.056 0.327 0.037 0.203 0.377 
103    (0)   :  0.019 0.114 0.032 0.382 0.453 
104    (0)   :  0.019 0.078 0.040 0.115 0.748 
105    (0)   :  0.016 0.119 0.032 0.193 0.640 
106    (0)   :  0.057 0.024 0.062 0.062 0.795 
107    (0)   :  0.018 0.112 0.034 0.230 0.606 
108    (0)   :  0.086 0.035 0.048 0.637 0.193 
109    (0)   :  0.077 0.025 0.101 0.110 0.688 
110    (0)   :  0.049 0.028 0.051 0.050 0.823 
111    (0)   :  0.015 0.035 0.031 0.069 0.850 
112    (0)   :  0.039 0.026 0.036 0.063 0.836 
113    (0)   :  0.043 0.062 0.092 0.492 0.311 
114    (0)   :  0.018 0.100 0.036 0.115 0.731 
115    (0)   :  0.020 0.046 0.044 0.175 0.714 
116    (0)   :  0.174 0.025 0.072 0.175 0.553 
117    (0)   :  0.041 0.039 0.050 0.064 0.806 
118    (0)   :  0.022 0.036 0.060 0.402 0.481 
119    (0)   :  0.053 0.167 0.028 0.497 0.255 
120    (0)   :  0.022 0.048 0.045 0.130 0.755 
121    (0)   :  0.032 0.036 0.045 0.169 0.718 
122    (0)   :  0.043 0.033 0.057 0.072 0.795 
123    (0)   :  0.033 0.047 0.040 0.095 0.786 
124    (0)   :  0.120 0.034 0.083 0.129 0.633 
125    (0)   :  0.128 0.048 0.127 0.097 0.600 
126    (0)   :  0.093 0.056 0.038 0.152 0.661 
127    (0)   :  0.015 0.038 0.028 0.085 0.834 
128    (0)   :  0.015 0.038 0.049 0.378 0.520 
129    (0)   :  0.015 0.030 0.036 0.161 0.758 
130    (0)   :  0.019 0.112 0.040 0.139 0.689 
131    (0)   :  0.444 0.030 0.049 0.095 0.382 
132    (0)   :  0.033 0.026 0.057 0.101 0.783 
133    (0)   :  0.022 0.054 0.039 0.131 0.755 
134    (0)   :  0.027 0.020 0.041 0.043 0.869 
135    (0)   :  0.026 0.353 0.053 0.464 0.104 
136    (0)   :  0.013 0.745 0.092 0.080 0.071 
137    (0)   :  0.015 0.769 0.035 0.060 0.121 
138    (0)   :  0.020 0.783 0.050 0.077 0.070 
139    (0)   :  0.018 0.130 0.061 0.696 0.095 
140    (0)   :  0.049 0.496 0.059 0.174 0.222 
141    (0)   :  0.023 0.639 0.145 0.103 0.089 
142    (0)   :  0.022 0.402 0.038 0.444 0.094 
143    (0)   :  0.012 0.835 0.030 0.064 0.060 
144    (0)   :  0.013 0.773 0.031 0.066 0.117 
145    (0)   :  0.026 0.411 0.278 0.181 0.103 
146    (0)   :  0.032 0.502 0.098 0.128 0.239 
147    (0)   :  0.012 0.840 0.036 0.050 0.061 
148    (0)   :  0.020 0.571 0.056 0.166 0.187 
149    (0)   :  0.027 0.698 0.058 0.142 0.075 
150    (0)   :  0.018 0.583 0.045 0.121 0.233 
151    (0)   :  0.015 0.765 0.033 0.092 0.094 
152    (0)   :  0.029 0.460 0.086 0.262 0.163 
153    (0)   :  0.036 0.716 0.044 0.100 0.103 
154    (0)   :  0.014 0.710 0.083 0.114 0.078 
155    (0)   :  0.014 0.799 0.031 0.069 0.087 
156    (0)   :  0.017 0.593 0.024 0.249 0.117 
157    (0)   :  0.029 0.663 0.026 0.055 0.227 
158    (0)   :  0.026 0.517 0.246 0.116 0.094 
159    (0)   :  0.012 0.832 0.038 0.058 0.060 
160    (0)   :  0.012 0.812 0.045 0.069 0.062 
161    (0)   :  0.038 0.643 0.053 0.121 0.145 
162    (0)   :  0.029 0.387 0.153 0.189 0.243 
163    (0)   :  0.015 0.802 0.026 0.080 0.077 
164    (0)   :  0.024 0.496 0.099 0.133 0.248 
165    (0)   :  0.017 0.663 0.034 0.091 0.195 
166    (0)   :  0.056 0.501 0.034 0.129 0.280 
167    (0)   :  0.013 0.605 0.200 0.059 0.123 
168    (0)   :  0.047 0.671 0.054 0.123 0.105 
169    (0)   :  0.189 0.258 0.369 0.102 0.082 
170    (0)   :  0.020 0.515 0.032 0.313 0.118 
171    (0)   :  0.032 0.495 0.082 0.211 0.181 
172    (0)   :  0.220 0.448 0.066 0.197 0.068 
173    (0)   :  0.012 0.758 0.046 0.117 0.067 
174    (0)   :  0.015 0.798 0.036 0.060 0.092 
175    (0)   :  0.013 0.770 0.068 0.081 0.069 
176    (0)   :  0.014 0.773 0.031 0.067 0.116 
177    (0)   :  0.059 0.526 0.046 0.077 0.292 
178    (0)   :  0.016 0.715 0.080 0.071 0.118 
179    (0)   :  0.011 0.827 0.036 0.062 0.064 
180    (0)   :  0.027 0.583 0.143 0.108 0.139 
181    (0)   :  0.025 0.494 0.098 0.290 0.093 
182    (0)   :  0.012 0.656 0.047 0.210 0.075 
183    (0)   :  0.012 0.788 0.045 0.088 0.067 
184    (0)   :  0.015 0.040 0.274 0.482 0.190 
185    (0)   :  0.013 0.590 0.027 0.305 0.064 
186    (0)   :  0.014 0.044 0.097 0.294 0.550 
187    (0)   :  0.014 0.151 0.083 0.623 0.129 
188    (0)   :  0.012 0.032 0.085 0.396 0.475 
189    (0)   :  0.081 0.184 0.219 0.370 0.145 
190    (0)   :  0.010 0.082 0.022 0.826 0.060 
191    (0)   :  0.013 0.051 0.077 0.714 0.145 
192    (0)   :  0.016 0.187 0.062 0.465 0.270 
193    (0)   :  0.021 0.121 0.111 0.593 0.153 
194    (0)   :  0.018 0.168 0.055 0.489 0.269 
195    (0)   :  0.010 0.158 0.033 0.730 0.067 
196    (0)   :  0.014 0.080 0.027 0.784 0.094 
197    (0)   :  0.014 0.093 0.291 0.356 0.246 
198    (0)   :  0.040 0.123 0.097 0.401 0.339 
199    (0)   :  0.017 0.070 0.041 0.776 0.095 
200    (0)   :  0.032 0.066 0.073 0.701 0.127 
201    (0)   :  0.011 0.332 0.043 0.529 0.085 
202    (0)   :  0.012 0.328 0.033 0.529 0.097 
203    (0)   :  0.010 0.262 0.037 0.611 0.079 
204    (0)   :  0.010 0.060 0.029 0.828 0.074 
205    (0)   :  0.017 0.048 0.049 0.785 0.101 
206    (0)   :  0.010 0.077 0.046 0.784 0.083 
207    (0)   :  0.011 0.042 0.036 0.801 0.110 
208    (0)   :  0.011 0.122 0.033 0.754 0.079 
209    (0)   :  0.014 0.068 0.078 0.703 0.137 
210    (0)   :  0.012 0.087 0.032 0.753 0.116 
211    (0)   :  0.011 0.091 0.037 0.728 0.133 
212    (0)   :  0.016 0.376 0.064 0.449 0.095 
213    (0)   :  0.028 0.071 0.036 0.591 0.274 
214    (0)   :  0.011 0.306 0.041 0.561 0.081 
215    (0)   :  0.015 0.036 0.046 0.787 0.115 
216    (0)   :  0.017 0.058 0.240 0.442 0.243 
217    (0)   :  0.014 0.203 0.051 0.661 0.072 
218    (0)   :  0.015 0.061 0.059 0.745 0.121 
219    (0)   :  0.020 0.164 0.348 0.310 0.157 
220    (0)   :  0.011 0.043 0.037 0.814 0.096 
221    (0)   :  0.012 0.444 0.028 0.458 0.059 
222    (0)   :  0.017 0.089 0.331 0.331 0.232 
223    (0)   :  0.021 0.256 0.104 0.477 0.142 
224    (0)   :  0.010 0.197 0.048 0.647 0.097 
225    (0)   :  0.013 0.062 0.041 0.786 0.097 
226    (0)   :  0.062 0.078 0.113 0.643 0.105 
227    (0)   :  0.011 0.109 0.038 0.747 0.094 
228    (0)   :  0.011 0.124 0.029 0.777 0.060 
229    (0)   :  0.011 0.217 0.056 0.603 0.113 
230    (0)   :  0.010 0.117 0.039 0.739 0.094 
231    (0)   :  0.013 0.178 0.095 0.594 0.121 
232    (0)   :  0.033 0.152 0.072 0.564 0.180 
233    (0)   :  0.011 0.451 0.046 0.408 0.083 
234    (0)   :  0.020 0.154 0.104 0.450 0.272 
235    (0)   :  0.022 0.158 0.083 0.636 0.101 
236    (0)   :  0.014 0.224 0.065 0.584 0.113 
237    (0)   :  0.012 0.051 0.046 0.771 0.120 
238    (0)   :  0.014 0.368 0.040 0.443 0.134 
239    (0)   :  0.010 0.161 0.033 0.728 0.068 
240    (0)   :  0.014 0.378 0.041 0.431 0.136 
241    (0)   :  0.017 0.362 0.046 0.482 0.093 
242    (0)   :  0.031 0.091 0.123 0.618 0.137 
243    (0)   :  0.010 0.072 0.025 0.825 0.068 
244    (0)   :  0.010 0.181 0.037 0.691 0.081 
245    (0)   :  0.014 0.633 0.027 0.233 0.093 
246    (0)   :  0.014 0.201 0.051 0.663 0.071 
247    (0)   :  0.032 0.037 0.047 0.277 0.607 
248    (0)   :  0.014 0.036 0.051 0.733 0.167 
249    (0)   :  0.011 0.188 0.042 0.664 0.095 
250    (0)   :  0.013 0.147 0.067 0.636 0.137 
251    (0)   :  0.053 0.063 0.144 0.546 0.193 
252    (0)   :  0.014 0.114 0.056 0.710 0.106 
253    (0)   :  0.033 0.058 0.061 0.589 0.260 
254    (0)   :  0.013 0.091 0.222 0.477 0.197 
255    (0)   :  0.015 0.127 0.117 0.581 0.161 
256    (0)   :  0.015 0.141 0.045 0.709 0.090 
257    (0)   :  0.015 0.086 0.056 0.718 0.125 
258    (0)   :  0.023 0.067 0.047 0.630 0.233 
259    (0)   :  0.013 0.084 0.070 0.683 0.150 
260    (0)   :  0.014 0.260 0.249 0.275 0.202 
261    (0)   :  0.016 0.181 0.049 0.662 0.093 
262    (0)   :  0.013 0.128 0.029 0.772 0.059 
263    (0)   :  0.010 0.048 0.103 0.684 0.154 
264    (0)   :  0.025 0.029 0.525 0.223 0.198 
265    (0)   :  0.018 0.099 0.088 0.688 0.108 
266    (0)   :  0.012 0.436 0.028 0.462 0.063 
267    (0)   :  0.013 0.131 0.094 0.597 0.165 
268    (0)   :  0.014 0.079 0.028 0.786 0.094 
269    (0)   :  0.038 0.153 0.243 0.413 0.153 
270    (0)   :  0.015 0.060 0.204 0.468 0.253 
271    (0)   :  0.019 0.053 0.051 0.736 0.142 
272    (0)   :  0.057 0.055 0.064 0.718 0.105 
273    (0)   :  0.044 0.161 0.135 0.516 0.144 
274    (0)   :  0.025 0.071 0.100 0.668 0.136 
275    (0)   :  0.025 0.090 0.119 0.669 0.097 
276    (0)   :  0.042 0.049 0.063 0.734 0.112 
277    (0)   :  0.021 0.190 0.105 0.535 0.149 
278    (0)   :  0.015 0.045 0.041 0.803 0.097 
279    (0)   :  0.018 0.101 0.075 0.676 0.129 
280    (0)   :  0.030 0.085 0.148 0.625 0.111 
281    (0)   :  0.021 0.074 0.069 0.664 0.172 
282    (0)   :  0.016 0.387 0.091 0.369 0.137 
283    (0)   :  0.012 0.429 0.058 0.384 0.117 
284    (0)   :  0.019 0.191 0.049 0.505 0.236 
285    (0)   :  0.020 0.026 0.055 0.729 0.170 
286    (0)   :  0.010 0.185 0.037 0.689 0.080 
287    (0)   :  0.031 0.125 0.142 0.539 0.162 
288    (0)   :  0.033 0.049 0.075 0.742 0.100 
289    (0)   :  0.033 0.073 0.069 0.619 0.206 
290    (0)   :  0.041 0.062 0.159 0.606 0.133 
291    (0)   :  0.020 0.052 0.051 0.734 0.142 
292    (0)   :  0.032 0.092 0.086 0.699 0.092 
293    (0)   :  0.068 0.053 0.198 0.418 0.264 
294    (0)   :  0.012 0.039 0.106 0.703 0.139 
295    (0)   :  0.068 0.106 0.096 0.556 0.174 
296    (0)   :  0.015 0.044 0.040 0.785 0.116 
297    (0)   :  0.028 0.056 0.210 0.570 0.136 
298    (0)   :  0.015 0.270 0.103 0.442 0.170 
299    (0)   :  0.011 0.058 0.170 0.569 0.192 
300    (0)   :  0.015 0.037 0.048 0.797 0.104 
301    (0)   :  0.017 0.059 0.370 0.393 0.161 
302    (0)   :  0.013 0.043 0.093 0.718 0.132 
303    (0)   :  0.016 0.195 0.067 0.618 0.104 
304    (0)   :  0.013 0.352 0.251 0.156 0.229 
305    (0)   :  0.013 0.102 0.037 0.779 0.068 
306    (0)   :  0.020 0.249 0.079 0.564 0.087 
307    (0)   :  0.018 0.154 0.102 0.562 0.164 
308    (0)   :  0.015 0.180 0.049 0.664 0.092 
309    (0)   :  0.019 0.048 0.036 0.761 0.137 
310    (0)   :  0.011 0.110 0.032 0.777 0.070 
311    (0)   :  0.010 0.119 0.040 0.738 0.093 
312    (0)   :  0.011 0.047 0.028 0.783 0.130 
313    (0)   :  0.013 0.032 0.034 0.818 0.103 
314    (0)   :  0.015 0.830 0.027 0.072 0.057 
315    (0)   :  0.025 0.786 0.031 0.081 0.077 
316    (0)   :  0.029 0.782 0.044 0.065 0.081 
317    (0)   :  0.014 0.853 0.029 0.047 0.057 
318    (0)   :  0.014 0.860 0.032 0.039 0.056 
319    (0)   :  0.011 0.826 0.033 0.068 0.061 
320    (0)   :  0.015 0.830 0.028 0.070 0.057 
321    (0)   :  0.015 0.851 0.033 0.044 0.058 
322    (0)   :  0.029 0.761 0.039 0.090 0.082 
323    (0)   :  0.011 0.850 0.037 0.044 0.058 
324    (0)   :  0.015 0.850 0.033 0.043 0.059 
325    (0)   :  0.028 0.810 0.034 0.050 0.077 
326    (0)   :  0.034 0.811 0.035 0.047 0.074 
327    (0)   :  0.014 0.854 0.028 0.047 0.056 
328    (0)   :  0.025 0.781 0.037 0.074 0.084 
329    (0)   :  0.011 0.857 0.031 0.043 0.057 
330    (0)   :  0.014 0.855 0.029 0.047 0.056 
331    (0)   :  0.012 0.853 0.032 0.046 0.057 
332    (0)   :  0.028 0.802 0.044 0.046 0.079 
333    (0)   :  0.026 0.806 0.034 0.057 0.077 
334    (0)   :  0.024 0.785 0.036 0.073 0.083 
335    (0)   :  0.022 0.801 0.031 0.068 0.077 
336    (0)   :  0.016 0.838 0.037 0.051 0.059 
337    (0)   :  0.032 0.796 0.035 0.057 0.081 
338    (0)   :  0.015 0.856 0.034 0.038 0.057 
339    (0)   :  0.012 0.854 0.031 0.046 0.057 
340    (0)   :  0.011 0.856 0.029 0.049 0.055 
341    (0)   :  0.013 0.849 0.036 0.045 0.058 
342    (0)   :  0.014 0.852 0.030 0.048 0.057 
343    (0)   :  0.027 0.759 0.038 0.097 0.079 
344    (0)   :  0.012 0.860 0.032 0.041 0.056 
345    (0)   :  0.014 0.852 0.029 0.048 0.057 
346    (0)   :  0.013 0.863 0.029 0.041 0.055 
347    (0)   :  0.011 0.863 0.028 0.044 0.055 
348    (0)   :  0.025 0.752 0.028 0.119 0.076 
349    (0)   :  0.013 0.854 0.029 0.048 0.056 
350    (0)   :  0.013 0.816 0.033 0.079 0.059 
351    (0)   :  0.023 0.799 0.031 0.069 0.079 
352    (0)   :  0.028 0.797 0.031 0.065 0.078 
353    (0)   :  0.016 0.839 0.037 0.051 0.057 
354    (0)   :  0.012 0.855 0.033 0.043 0.056 
355    (0)   :  0.014 0.860 0.031 0.038 0.056 
356    (0)   :  0.025 0.711 0.028 0.157 0.079 
357    (0)   :  0.078 0.486 0.131 0.095 0.211 
358    (0)   :  0.024 0.808 0.037 0.051 0.080 
359    (0)   :  0.012 0.852 0.035 0.044 0.058 
360    (0)   :  0.013 0.862 0.028 0.042 0.055 
361    (0)   :  0.088 0.408 0.137 0.140 0.227 
362    (0)   :  0.155 0.054 0.095 0.200 0.496 
363    (0)   :  0.086 0.036 0.163 0.108 0.607 
364    (0)   :  0.020 0.160 0.476 0.140 0.204 
365    (0)   :  0.057 0.035 0.673 0.074 0.161 
366    (0)   :  0.071 0.083 0.267 0.405 0.174 
367    (0)   :  0.061 0.025 0.054 0.044 0.815 
368    (0)   :  0.021 0.047 0.084 0.105 0.742 
369    (0)   :  0.047 0.246 0.147 0.302 0.259 
370    (0)   :  0.030 0.060 0.083 0.236 0.592 
371    (0)   :  0.029 0.085 0.326 0.252 0.308 
372    (0)   :  0.035 0.083 0.182 0.394 0.306 
373    (0)   :  0.028 0.099 0.189 0.129 0.555 
374    (0)   :  0.097 0.289 0.131 0.151 0.332 
375    (0)   :  0.028 0.035 0.325 0.065 0.547 
376    (0)   :  0.269 0.031 0.418 0.040 0.242 
377    (0)   :  0.142 0.059 0.169 0.171 0.459 
378    (0)   :  0.033 0.190 0.035 0.110 0.631 
379    (0)   :  0.276 0.027 0.428 0.047 0.223 
380    (0)   :  0.357 0.101 0.293 0.155 0.094 
381    (0)   :  0.103 0.078 0.568 0.159 0.092 
382    (0)   :  0.033 0.037 0.154 0.051 0.725 
383    (0)   :  0.284 0.092 0.464 0.076 0.083 
384    (0)   :  0.035 0.066 0.682 0.061 0.155 
385    (0)   :  0.019 0.132 0.392 0.080 0.377 
386    (0)   :  0.095 0.034 0.095 0.067 0.710 
387    (0)   :  0.053 0.044 0.135 0.064 0.704 
388    (0)   :  0.051 0.238 0.227 0.124 0.359 
389    (0)   :  0.020 0.037 0.105 0.640 0.197 
390    (0)   :  0.348 0.034 0.074 0.122 0.420 
391    (0)   :  0.039 0.074 0.125 0.263 0.499 
392    (0)   :  0.111 0.078 0.427 0.108 0.275 
393    (0)   :  0.598 0.079 0.152 0.082 0.088 
394    (0)   :  0.078 0.254 0.071 0.132 0.464 
395    (0)   :  0.302 0.043 0.049 0.282 0.324 
396    (0)   :  0.023 0.027 0.197 0.067 0.686 
397    (0)   :  0.015 0.086 0.487 0.268 0.144 
398    (0)   :  0.597 0.028 0.100 0.045 0.231 
399    (0)   :  0.101 0.037 0.048 0.133 0.682 
400    (0)   :  0.043 0.057 0.174 0.064 0.662 
401    (0)   :  0.061 0.057 0.041 0.116 0.725 
402    (0)   :  0.024 0.053 0.224 0.352 0.347 
403    (0)   :  0.036 0.333 0.173 0.175 0.284 
404    (0)   :  0.047 0.077 0.295 0.167 0.414 
405    (0)   :  0.084 0.067 0.207 0.235 0.407 
406    (0)   :  0.461 0.106 0.039 0.278 0.115 
407    (0)   :  0.488 0.028 0.189 0.062 0.232 
408    (0)   :  0.024 0.025 0.028 0.186 0.736 
409    (0)   :  0.417 0.250 0.045 0.166 0.123 
410    (0)   :  0.095 0.078 0.353 0.084 0.391 
411    (0)   :  0.054 0.147 0.404 0.148 0.247 
412    (0)   :  0.024 0.043 0.098 0.084 0.751 
413    (0)   :  0.036 0.164 0.055 0.135 0.610 
414    (0)   :  0.017 0.028 0.091 0.073 0.790 
415    (0)   :  0.305 0.041 0.226 0.130 0.299 
416    (0)   :  0.073 0.074 0.234 0.192 0.427 
417    (0)   :  0.296 0.041 0.156 0.071 0.436 
418    (0)   :  0.022 0.032 0.109 0.051 0.787 
419    (0)   :  0.086 0.167 0.134 0.190 0.423 
420    (0)   :  0.097 0.036 0.038 0.170 0.659 
421    (0)   :  0.136 0.049 0.109 0.091 0.616 
422    (0)   :  0.291 0.040 0.126 0.386 0.158 
423    (0)   :  0.104 0.047 0.265 0.131 0.453 
424    (0)   :  0.061 0.061 0.050 0.113 0.715 
425    (0)   :  0.030 0.075 0.556 0.111 0.228 
426    (0)   :  0.042 0.075 0.138 0.072 0.673 
427    (0)   :  0.581 0.110 0.047 0.057 0.204 
428    (0)   :  0.359 0.128 0.122 0.244 0.146 
429    (0)   :  0.208 0.025 0.146 0.044 0.577 
430    (0)   :  0.537 0.034 0.113 0.073 0.243 
431    (0)   :  0.037 0.060 0.111 0.135 0.657 
432    (0)   :  0.027 0.052 0.083 0.110 0.729 
433    (0)   :  0.019 0.270 0.095 0.239 0.377 
434    (0)   :  0.038 0.100 0.287 0.183 0.393 
435    (0)   :  0.673 0.027 0.052 0.049 0.199 
436    (0)   :  0.718 0.041 0.044 0.041 0.157 
437    (0)   :  0.064 0.032 0.600 0.059 0.244 
438    (0)   :  0.683 0.046 0.028 0.087 0.157 
439    (0)   :  0.751 0.038 0.052 0.039 0.120 
440    (0)   :  0.453 0.023 0.080 0.053 0.391 
441    (0)   :  0.301 0.098 0.138 0.077 0.385 
442    (0)   :  0.183 0.032 0.171 0.080 0.534 
443    (0)   :  0.160 0.028 0.042 0.109 0.661 
444    (0)   :  0.317 0.031 0.157 0.082 0.412 
445    (0)   :  0.528 0.116 0.115 0.107 0.133 
446    (0)   :  0.672 0.031 0.070 0.034 0.193 
447    (0)   :  0.325 0.064 0.100 0.123 0.388 
448    (0)   :  0.142 0.035 0.243 0.084 0.495 
449    (0)   :  0.114 0.058 0.283 0.108 0.436 
450    (0)   :  0.045 0.069 0.580 0.044 0.263 
451    (0)   :  0.031 0.023 0.057 0.070 0.818 
452    (0)   :  0.105 0.057 0.475 0.056 0.307 
453    (0)   :  0.067 0.060 0.044 0.401 0.429 
454    (0)   :  0.203 0.071 0.198 0.085 0.443 
455    (0)   :  0.754 0.027 0.035 0.045 0.139 
456    (0)   :  0.537 0.027 0.075 0.101 0.260 
457    (0)   :  0.334 0.036 0.373 0.057 0.200 
458    (0)   :  0.605 0.039 0.155 0.045 0.155 
459    (0)   :  0.290 0.090 0.049 0.054 0.517 
460    (0)   :  0.306 0.031 0.053 0.045 0.565 
461    (0)   :  0.054 0.034 0.060 0.033 0.820 
462    (0)   :  0.343 0.023 0.109 0.091 0.435 
463    (0)   :  0.470 0.050 0.039 0.245 0.196 
464    (0)   :  0.291 0.029 0.046 0.070 0.565 
465    (0)   :  0.152 0.039 0.056 0.068 0.685 
466    (0)   :  0.225 0.030 0.044 0.145 0.555 
467    (0)   :  0.345 0.062 0.082 0.116 0.395 
468    (0)   :  0.723 0.025 0.073 0.058 0.120 
469    (0)   :  0.808 0.029 0.039 0.033 0.091 
470    (0)   :  0.733 0.027 0.036 0.038 0.166 
471    (0)   :  0.055 0.033 0.208 0.351 0.353 
472    (0)   :  0.157 0.042 0.157 0.127 0.518 
473    (0)   :  0.134 0.061 0.232 0.142 0.430 
474    (0)   :  0.160 0.060 0.336 0.112 0.333 
475    (0)   :  0.106 0.067 0.062 0.078 0.688 
476    (0)   :  0.306 0.040 0.250 0.060 0.345 
477    (0)   :  0.092 0.059 0.056 0.068 0.726 
478    (0)   :  0.052 0.030 0.039 0.040 0.839 
479    (0)   :  0.266 0.029 0.114 0.046 0.546 
480    (0)   :  0.463 0.034 0.259 0.045 0.200 
481    (0)   :  0.039 0.031 0.457 0.174 0.299 
482    (0)   :  0.453 0.028 0.118 0.038 0.363 
483    (0)   :  0.713 0.038 0.053 0.041 0.156 
484    (0)   :  0.677 0.032 0.035 0.105 0.151 
485    (0)   :  0.781 0.027 0.034 0.038 0.120 
486    (0)   :  0.024 0.048 0.196 0.358 0.374 
487    (0)   :  0.020 0.108 0.425 0.201 0.247 
488    (0)   :  0.019 0.087 0.184 0.246 0.464 
489    (0)   :  0.017 0.119 0.367 0.360 0.136 
490    (0)   :  0.029 0.030 0.071 0.121 0.749 
491    (0)   :  0.018 0.096 0.173 0.520 0.193 
492    (0)   :  0.017 0.234 0.064 0.300 0.384 
493    (0)   :  0.013 0.058 0.359 0.295 0.275 
494    (0)   :  0.023 0.081 0.423 0.284 0.189 
495    (0)   :  0.022 0.152 0.124 0.142 0.561 
496    (0)   :  0.029 0.299 0.066 0.345 0.261 
497    (0)   :  0.015 0.127 0.361 0.250 0.248 
498    (0)   :  0.034 0.070 0.131 0.281 0.485 
499    (0)   :  0.017 0.210 0.402 0.220 0.151 
500    (0)   :  0.018 0.051 0.613 0.178 0.140 
501    (0)   :  0.019 0.178 0.334 0.170 0.300 
502    (0)   :  0.020 0.234 0.156 0.140 0.449 
503    (0)   :  0.036 0.036 0.605 0.112 0.211 
504    (0)   :  0.023 0.045 0.049 0.126 0.757 
505    (0)   :  0.019 0.067 0.105 0.648 0.161 
506    (0)   :  0.022 0.174 0.124 0.258 0.422 
507    (0)   :  0.015 0.528 0.053 0.322 0.082 
508    (0)   :  0.013 0.467 0.086 0.331 0.103 
509    (0)   :  0.019 0.123 0.088 0.601 0.168 
510    (0)   :  0.015 0.184 0.516 0.129 0.156 
511    (0)   :  0.069 0.046 0.348 0.217 0.319 
512    (0)   :  0.027 0.029 0.519 0.074 0.351 
513    (0)   :  0.012 0.052 0.038 0.518 0.381 
514    (0)   :  0.023 0.062 0.051 0.118 0.746 
515    (0)   :  0.180 0.142 0.202 0.212 0.264 
516    (0)   :  0.024 0.055 0.051 0.275 0.595 
517    (0)   :  0.112 0.133 0.068 0.258 0.429 
518    (0)   :  0.016 0.206 0.438 0.191 0.148 
519    (0)   :  0.026 0.064 0.046 0.098 0.767 
520    (0)   :  0.196 0.239 0.061 0.347 0.156 
521    (0)   :  0.026 0.348 0.041 0.202 0.382 
522    (0)   :  0.054 0.041 0.360 0.301 0.244 
523    (0)   :  0.061 0.152 0.039 0.415 0.333 
524    (0)   :  0.270 0.091 0.094 0.210 0.335 
525    (0)   :  0.056 0.177 0.412 0.204 0.151 
526    (0)   :  0.537 0.061 0.036 0.257 0.109 
527    (0)   :  0.017 0.045 0.487 0.085 0.368 
528    (0)   :  0.016 0.446 0.046 0.339 0.153 
529    (0)   :  0.025 0.119 0.208 0.377 0.270 
530    (0)   :  0.048 0.072 0.400 0.214 0.266 
531    (0)   :  0.054 0.384 0.143 0.182 0.238 
532    (0)   :  0.016 0.218 0.404 0.151 0.211 
533    (0)   :  0.045 0.058 0.444 0.263 0.190 
534    (0)   :  0.018 0.087 0.103 0.554 0.238 
535    (0)   :  0.095 0.061 0.047 0.296 0.502 
536    (0)   :  0.204 0.146 0.116 0.361 0.174 
537    (0)   :  0.030 0.176 0.058 0.614 0.122 
538    (0)   :  0.029 0.114 0.053 0.638 0.166 
539    (0)   :  0.013 0.517 0.049 0.333 0.087 
540    (0)   :  0.048 0.183 0.109 0.466 0.195 
541    (0)   :  0.049 0.500 0.086 0.186 0.180 
542    (0)   :  0.278 0.045 0.079 0.489 0.110 
543    (0)   :  0.059 0.169 0.034 0.401 0.336 
544    (0)   :  0.049 0.064 0.057 0.654 0.176 
545    (0)   :  0.441 0.032 0.035 0.316 0.176 
546    (0)   :  0.047 0.099 0.077 0.619 0.158 
547    (0)   :  0.095 0.129 0.033 0.541 0.202 
548    (0)   :  0.013 0.143 0.068 0.641 0.135 
549    (0)   :  0.288 0.413 0.056 0.153 0.091 
550    (0)   :  0.282 0.062 0.049 0.315 0.293 
551    (0)   :  0.050 0.590 0.068 0.141 0.151 
552    (0)   :  0.021 0.087 0.075 0.721 0.096 
553    (0)   :  0.041 0.152 0.027 0.597 0.184 
554    (0)   :  0.042 0.137 0.188 0.194 0.439 
555    (0)   :  0.019 0.170 0.043 0.649 0.119 
556    (0)   :  0.025 0.081 0.055 0.676 0.162 
557    (0)   :  0.506 0.101 0.039 0.131 0.223 
558    (0)   :  0.520 0.029 0.102 0.033 0.315 
559    (0)   :  0.021 0.044 0.067 0.230 0.639 
560    (0)   :  0.277 0.022 0.043 0.054 0.603 
561    (0)   :  0.075 0.030 0.096 0.098 0.701 
562    (0)   :  0.038 0.021 0.083 0.115 0.742 
563    (0)   :  0.063 0.144 0.045 0.078 0.670 
564    (0)   :  0.022 0.048 0.084 0.419 0.427 
565    (0)   :  0.569 0.035 0.172 0.050 0.174 
566    (0)   :  0.052 0.023 0.052 0.048 0.826 
567    (0)   :  0.016 0.031 0.093 0.382 0.478 
568    (0)   :  0.081 0.045 0.050 0.142 0.681 
569    (0)   :  0.052 0.047 0.135 0.203 0.563 
570    (0)   :  0.090 0.024 0.329 0.044 0.513 
571    (0)   :  0.034 0.036 0.036 0.065 0.830 
572    (0)   :  0.075 0.105 0.071 0.573 0.176 
573    (0)   :  0.086 0.048 0.066 0.278 0.522 
574    (0)   :  0.047 0.110 0.394 0.116 0.333 
575    (0)   :  0.038 0.082 0.051 0.110 0.720 
576    (0)   :  0.033 0.023 0.061 0.043 0.840 
577    (0)   :  0.037 0.101 0.319 0.100 0.443 
578    (0)   :  0.060 0.037 0.062 0.076 0.765 
579    (0)   :  0.058 0.035 0.124 0.118 0.666 
580    (0)   :  0.115 0.060 0.306 0.081 0.439 
581    (0)   :  0.148 0.046 0.109 0.060 0.636 
582    (0)   :  0.276 0.026 0.109 0.066 0.523 
583    (0)   :  0.028 0.036 0.113 0.058 0.765 
584    (0)   :  0.039 0.028 0.079 0.045 0.810 
585    (0)   :  0.056 0.032 0.104 0.072 0.736 
586    (0)   :  0.025 0.044 0.039 0.108 0.784 
587    (0)   :  0.049 0.026 0.232 0.146 0.548 
588    (0)   :  0.012 0.030 0.036 0.813 0.109 
589    (0)   :  0.157 0.029 0.140 0.117 0.557 
590    (0)   :  0.015 0.033 0.078 0.106 0.768 
591    (0)   :  0.027 0.040 0.047 0.069 0.818 
592    (0)   :  0.048 0.028 0.053 0.203 0.667 
593    (0)   :  0.072 0.055 0.072 0.129 0.672 
594    (0)   :  0.027 0.089 0.105 0.096 0.683 
595    (0)   :  0.015 0.023 0.615 0.073 0.274 
596    (0)   :  0.068 0.048 0.062 0.378 0.444 
597    (0)   :  0.026 0.180 0.030 0.119 0.645 
598    (0)   :  0.171 0.027 0.356 0.038 0.408 
599    (0)   :  0.031 0.023 0.057 0.087 0.802 
600    (0)   :  0.161 0.074 0.221 0.135 0.408 
601    (0)   :  0.085 0.024 0.069 0.079 0.743 
602    (0)   :  0.025 0.109 0.181 0.317 0.367 
603    (0)   :  0.021 0.107 0.089 0.259 0.523 
604    (0)   :  0.254 0.075 0.375 0.127 0.169 
605    (0)   :  0.071 0.045 0.099 0.169 0.616 
606    (0)   :  0.040 0.106 0.194 0.387 0.273 
607    (0)   :  0.046 0.219 0.323 0.175 0.236 
608    (0)   :  0.070 0.445 0.122 0.102 0.261 
609    (0)   :  0.106 0.060 0.307 0.100 0.426 
610    (0)   :  0.542 0.045 0.082 0.136 0.195 
611    (0)   :  0.033 0.114 0.083 0.273 0.498 
612    (0)   :  0.542 0.041 0.193 0.062 0.162 
613    (0)   :  0.055 0.054 0.338 0.220 0.333 
614    (0)   :  0.049 0.028 0.750 0.065 0.109 
615    (0)   :  0.226 0.060 0.470 0.121 0.123 
616    (0)   :  0.028 0.162 0.265 0.168 0.377 
617    (0)   :  0.045 0.036 0.362 0.138 0.419 
618    (0)   :  0.273 0.122 0.370 0.131 0.104 
619    (0)   :  0.095 0.109 0.054 0.282 0.461 
620    (0)   :  0.038 0.022 0.041 0.242 0.657 
621    (0)   :  0.040 0.038 0.144 0.051 0.726 
622    (0)   :  0.114 0.088 0.398 0.240 0.160 
623    (0)   :  0.033 0.039 0.094 0.170 0.664 
624    (0)   :  0.364 0.151 0.266 0.071 0.147 
625    (0)   :  0.041 0.095 0.523 0.078 0.263 
626    (0)   :  0.234 0.306 0.152 0.217 0.090 
627    (0)   :  0.040 0.053 0.125 0.175 0.607 
628    (0)   :  0.027 0.054 0.147 0.286 0.486 
629    (0)   :  0.019 0.065 0.344 0.177 0.394 
630    (0)   :  0.084 0.049 0.512 0.101 0.255 
631    (0)   :  0.035 0.049 0.522 0.128 0.266 
632    (0)   :  0.026 0.153 0.137 0.530 0.153 
633    (0)   :  0.104 0.099 0.404 0.104 0.289 
634    (0)   :  0.048 0.139 0.172 0.305 0.335 
635    (0)   :  0.040 0.396 0.169 0.227 0.169 
636    (0)   :  0.061 0.223 0.333 0.098 0.286 
637    (0)   :  0.048 0.066 0.134 0.524 0.227 
638    (0)   :  0.027 0.100 0.292 0.183 0.398 
639    (0)   :  0.050 0.071 0.583 0.118 0.179 
640    (0)   :  0.030 0.052 0.089 0.062 0.766 
641    (0)   :  0.022 0.059 0.524 0.140 0.255 
642    (0)   :  0.049 0.419 0.065 0.251 0.215 
643    (0)   :  0.022 0.747 0.036 0.071 0.124 
644    (0)   :  0.021 0.548 0.058 0.143 0.230 
645    (0)   :  0.232 0.428 0.140 0.129 0.070 
646    (0)   :  0.044 0.100 0.079 0.395 0.382 
647    (0)   :  0.031 0.333 0.060 0.209 0.368 
648    (0)   :  0.024 0.202 0.313 0.340 0.121 
649    (0)   :  0.022 0.110 0.045 0.634 0.189 
650    (0)   :  0.025 0.134 0.052 0.369 0.419 
651    (0)   :  0.015 0.375 0.118 0.183 0.310 
652    (0)   :  0.026 0.569 0.058 0.159 0.188 
653    (0)   :  0.038 0.305 0.219 0.305 0.133 
654    (0)   :  0.028 0.260 0.077 0.511 0.123 
655    (0)   :  0.038 0.509 0.032 0.083 0.337 
656    (0)   :  0.035 0.165 0.134 0.502 0.164 
657    (0)   :  0.051 0.159 0.449 0.107 0.233 
658    (0)   :  0.067 0.202 0.058 0.173 0.500 
659    (0)   :  0.030 0.417 0.162 0.245 0.146 
660    (0)   :  0.017 0.435 0.056 0.342 0.150 
661    (0)   :  0.048 0.497 0.062 0.281 0.111 
662    (0)   :  0.020 0.074 0.034 0.689 0.183 
663    (0)   :  0.020 0.365 0.090 0.359 0.166 
664    (0)   :  0.149 0.212 0.051 0.092 0.496 
665    (0)   :  0.016 0.090 0.051 0.669 0.174 
666    (0)   :  0.034 0.341 0.059 0.381 0.186 
667    (0)   :  0.033 0.095 0.095 0.227 0.549 
668    (0)   :  0.051 0.421 0.080 0.203 0.246 
669    (0)   :  0.024 0.179 0.138 0.479 0.179 
670    (0)   :  0.014 0.733 0.036 0.137 0.080 
671    (0)   :  0.020 0.548 0.039 0.250 0.143 
672    (0)   :  0.047 0.657 0.026 0.073 0.197 
673    (0)   :  0.012 0.843 0.041 0.045 0.060 
674    (0)   :  0.022 0.575 0.085 0.210 0.108 
675    (0)   :  0.014 0.771 0.030 0.068 0.117 
676    (0)   :  0.013 0.846 0.033 0.049 0.059 
677    (0)   :  0.014 0.461 0.032 0.426 0.067 
678    (0)   :  0.012 0.844 0.040 0.040 0.064 
679    (0)   :  0.018 0.712 0.095 0.071 0.103 
680    (0)   :  0.023 0.744 0.071 0.087 0.074 
681    (0)   :  0.079 0.239 0.122 0.379 0.181 
682    (0)   :  0.026 0.775 0.055 0.067 0.077 
683    (0)   :  0.015 0.762 0.033 0.116 0.075 
684    (0)   :  0.013 0.837 0.039 0.047 0.065 
685    (0)   :  0.012 0.848 0.029 0.054 0.057 
686    (0)   :  0.032 0.475 0.054 0.348 0.091 
687    (0)   :  0.018 0.513 0.036 0.307 0.126 
688    (0)   :  0.016 0.777 0.033 0.077 0.098 
689    (0)   :  0.012 0.847 0.033 0.051 0.056 
690    (0)   :  0.012 0.847 0.034 0.049 0.059 
691    (0)   :  0.021 0.685 0.079 0.115 0.100 
692    (0)   :  0.016 0.786 0.050 0.054 0.094 
693    (0)   :  0.022 0.787 0.032 0.050 0.108 
694    (0)   :  0.011 0.852 0.027 0.056 0.054 
695    (0)   :  0.024 0.791 0.030 0.080 0.075 
696    (0)   :  0.016 0.779 0.033 0.076 0.096 
697    (0)   :  0.013 0.819 0.036 0.072 0.059 
698    (0)   :  0.013 0.836 0.034 0.058 0.061 
699    (0)   :  0.025 0.634 0.028 0.237 0.075 
700    (0)   :  0.056 0.713 0.031 0.105 0.094 
701    (0)   :  0.027 0.688 0.094 0.097 0.093 
702    (0)   :  0.040 0.636 0.050 0.144 0.131 
703    (0)   :  0.025 0.757 0.057 0.083 0.078 
704    (0)   :  0.017 0.754 0.029 0.108 0.092 
705    (0)   :  0.075 0.349 0.071 0.379 0.127 
706    (0)   :  0.025 0.749 0.054 0.101 0.071 
707    (0)   :  0.013 0.782 0.044 0.099 0.061 
708    (0)   :  0.012 0.813 0.037 0.076 0.061 
709    (0)   :  0.021 0.791 0.028 0.096 0.064 
710    (0)   :  0.012 0.848 0.029 0.056 0.055 
711    (0)   :  0.025 0.620 0.051 0.228 0.075 
712    (0)   :  0.013 0.637 0.028 0.264 0.058 
713    (0)   :  0.015 0.775 0.029 0.086 0.094 
714    (0)   :  0.020 0.637 0.110 0.124 0.110 
715    (0)   :  0.013 0.779 0.027 0.125 0.056 
716    (0)   :  0.026 0.786 0.043 0.078 0.067 
717    (0)   :  0.012 0.839 0.027 0.067 0.055 
718    (0)   :  0.023 0.619 0.065 0.212 0.081 
719    (0)   :  0.014 0.809 0.026 0.091 0.060 
720    (0)   :  0.030 0.038 0.150 0.096 0.686 
721    (0)   :  0.041 0.471 0.191 0.151 0.147 
722    (0)   :  0.045 0.066 0.381 0.138 0.370 
723    (0)   :  0.019 0.050 0.699 0.070 0.162 
724    (0)   :  0.027 0.143 0.552 0.094 0.184 
725    (0)   :  0.018 0.214 0.164 0.198 0.406 
726    (0)   :  0.033 0.097 0.441 0.203 0.226 
727    (0)   :  0.024 0.163 0.172 0.423 0.219 
728    (0)   :  0.143 0.023 0.638 0.052 0.143 
729    (0)   :  0.054 0.026 0.695 0.049 0.177 
730    (0)   :  0.022 0.038 0.523 0.081 0.336 
731    (0)   :  0.055 0.055 0.600 0.064 0.225 
732    (0)   :  0.020 0.050 0.697 0.070 0.163 
733    (0)   :  0.027 0.035 0.746 0.045 0.147 
734    (0)   :  0.049 0.025 0.510 0.044 0.373 
735    (0)   :  0.025 0.036 0.801 0.038 0.099 
736    (0)   :  0.061 0.045 0.180 0.056 0.658 
737    (0)   :  0.044 0.048 0.421 0.142 0.345 
738    (0)   :  0.023 0.040 0.624 0.068 0.245 
739    (0)   :  0.034 0.033 0.734 0.044 0.155 
740    (0)   :  0.016 0.572 0.237 0.092 0.083 
741    (0)   :  0.036 0.489 0.161 0.150 0.164 
742    (0)   :  0.025 0.154 0.072 0.042 0.707 
743    (0)   :  0.017 0.086 0.372 0.122 0.403 
744    (0)   :  0.036 0.080 0.060 0.386 0.438 
745    (0)   :  0.033 0.033 0.090 0.097 0.747 
746    (0)   :  0.023 0.185 0.282 0.171 0.339 
747    (0)   :  0.014 0.069 0.122 0.174 0.622 
748    (0)   :  0.022 0.453 0.051 0.103 0.372 
749    (0)   :  0.035 0.123 0.125 0.315 0.401 
750    (0)   :  0.019 0.077 0.188 0.268 0.449 
751    (0)   :  0.021 0.447 0.068 0.117 0.348 
752    (0)   :  0.019 0.079 0.129 0.193 0.579 
753    (0)   :  0.024 0.132 0.415 0.189 0.240 
754    (0)   :  0.015 0.397 0.283 0.097 0.208 
755    (0)   :  0.015 0.155 0.443 0.126 0.260 
756    (0)   :  0.027 0.241 0.033 0.135 0.564 
757    (0)   :  0.016 0.139 0.083 0.106 0.656 
758    (0)   :  0.020 0.035 0.076 0.099 0.770 
759    (0)   :  0.019 0.392 0.237 0.154 0.198 
760    (0)   :  0.025 0.085 0.566 0.072 0.252 
761    (0)   :  0.016 0.153 0.581 0.130 0.120 
762    (0)   :  0.026 0.047 0.531 0.049 0.347 
763    (0)   :  0.024 0.130 0.413 0.190 0.243 
764    (0)   :  0.018 0.095 0.179 0.122 0.586 
765    (0)   :  0.017 0.048 0.576 0.125 0.234 
766    (0)   :  0.015 0.295 0.101 0.097 0.491 
767    (0)   :  0.035 0.250 0.049 0.115 0.550 
768    (0)   :  0.024 0.048 0.580 0.050 0.297 
769    (0)   :  0.035 0.201 0.418 0.076 0.271 
770    (0)   :  0.026 0.040 0.246 0.055 0.633 
771    (0)   :  0.021 0.102 0.077 0.601 0.199 
772    (0)   :  0.031 0.279 0.093 0.118 0.479 
773    (0)   :  0.015 0.091 0.286 0.131 0.477 
774    (0)   :  0.013 0.347 0.250 0.203 0.187 
775    (0)   :  0.062 0.088 0.287 0.051 0.512 
776    (0)   :  0.020 0.050 0.049 0.075 0.807 
777    (0)   :  0.024 0.094 0.113 0.289 0.480 
778    (0)   :  0.013 0.146 0.102 0.377 0.362 
779    (0)   :  0.022 0.163 0.194 0.105 0.516 
780    (0)   :  0.022 0.428 0.087 0.116 0.347 
781    (0)   :  0.013 0.089 0.097 0.696 0.105 
782    (0)   :  0.023 0.159 0.198 0.107 0.513 
783    (0)   :  0.018 0.245 0.136 0.077 0.524 
784    (0)   :  0.025 0.076 0.090 0.066 0.743 
785    (0)   :  0.019 0.170 0.191 0.096 0.525 
786    (0)   :  0.017 0.428 0.100 0.078 0.377 
787    (0)   :  0.016 0.372 0.046 0.267 0.299 
788    (0)   :  0.031 0.097 0.243 0.093 0.536 
789    (0)   :  0.028 0.088 0.076 0.055 0.753 
790    (0)   :  0.021 0.231 0.407 0.092 0.248 
791    (0)   :  0.020 0.136 0.061 0.086 0.697 
792    (0)   :  0.018 0.384 0.081 0.289 0.228 
793    (0)   :  0.060 0.289 0.133 0.370 0.149 
794    (0)   :  0.026 0.170 0.133 0.164 0.507 
795    (0)   :  0.041 0.468 0.159 0.173 0.157 
796    (0)   :  0.033 0.179 0.032 0.084 0.672 
797    (0)   :  0.041 0.467 0.062 0.302 0.129 
798    (0)   :  0.690 0.025 0.030 0.091 0.165 
799    (0)   :  0.032 0.068 0.052 0.112 0.735 
800    (0)   :  0.020 0.446 0.028 0.307 0.199 
801    (0)   :  0.565 0.054 0.050 0.121 0.210 
802    (0)   :  0.212 0.221 0.098 0.266 0.202 
803    (0)   :  0.048 0.311 0.133 0.316 0.192 
804    (0)   :  0.085 0.105 0.068 0.437 0.306 
805    (0)   :  0.023 0.762 0.031 0.071 0.113 
806    (0)   :  0.425 0.093 0.108 0.255 0.119 
807    (0)   :  0.027 0.499 0.056 0.334 0.085 
808    (0)   :  0.032 0.280 0.041 0.498 0.149 
809    (0)   :  0.440 0.056 0.037 0.318 0.149 
810    (0)   :  0.087 0.184 0.214 0.205 0.309 
