

----------------------------------------------------
STRUCTURE by Pritchard, Stephens and Donnelly (2000)
     and Falush, Stephens and Pritchard (2003)
       Code by Pritchard, Falush and Hubisz
             Version 2.3.4 (Jul 2012)
----------------------------------------------------



Command line arguments:   ./structure -K 10 -D 110003 -m brooktrout/mainparams -e brooktrout/extraparams -o brooktrout/250914_output/results_K10_rep3 
Input File:    brooktrout/brooktrout.txt

Run parameters:
   8454 individuals
   5 loci
   10 populations assumed
   50000 Burn-in period
   100000 Reps
RANDOMIZE turned off


--------------------------------------------
Overall proportion of membership of the
sample in each of the 10 clusters

Inferred Clusters
  1      2      3      4      5      6      7      8      9     10    
0.011  0.008  0.022  0.071  0.111  0.143  0.159  0.148  0.169  0.157  

--------------------------------------------

Allele-freq. divergence among pops (Net nucleotide distance),
computed using point estimates of P.

      1       2       3       4       5       6       7       8       9      10      
 1      -    0.1691  0.2523  0.2434  0.1962  0.1815  0.1921  0.1320  0.2335  0.1489  
 2   0.1691     -    0.1403  0.1478  0.1419  0.1302  0.1458  0.1330  0.1414  0.1242  
 3   0.2523  0.1403     -    0.1864  0.2145  0.1565  0.1564  0.2070  0.2353  0.2000  
 4   0.2434  0.1478  0.1864     -    0.1477  0.1374  0.0833  0.1615  0.1459  0.1207  
 5   0.1962  0.1419  0.2145  0.1477     -    0.1901  0.1207  0.1287  0.0745  0.1861  
 6   0.1815  0.1302  0.1565  0.1374  0.1901     -    0.1461  0.1159  0.2217  0.0955  
 7   0.1921  0.1458  0.1564  0.0833  0.1207  0.1461     -    0.1735  0.1448  0.1577  
 8   0.1320  0.1330  0.2070  0.1615  0.1287  0.1159  0.1735     -    0.1820  0.1062  
 9   0.2335  0.1414  0.2353  0.1459  0.0745  0.2217  0.1448  0.1820     -    0.2138  
10   0.1489  0.1242  0.2000  0.1207  0.1861  0.0955  0.1577  0.1062  0.2138     -    

Average distances (expected heterozygosity) between individuals in same cluster:
cluster  1  : 0.6921 
cluster  2  : 0.8287 
cluster  3  : 0.7390 
cluster  4  : 0.7339 
cluster  5  : 0.6959 
cluster  6  : 0.7421 
cluster  7  : 0.7658 
cluster  8  : 0.6949 
cluster  9  : 0.6939 
cluster 10  : 0.7198 

--------------------------------------------
Estimated Ln Prob of Data   = -186520.2
Mean value of ln likelihood = -172662.0
Variance of ln likelihood   = 27716.4

Mean value of alpha_1       = 0.0606
Mean value of alpha_2       = 0.0471
Mean value of alpha_3       = 0.1231
Mean value of alpha_4       = 0.4195
Mean value of alpha_5       = 0.6451
Mean value of alpha_6       = 0.8307
Mean value of alpha_7       = 0.9420
Mean value of alpha_8       = 0.8686
Mean value of alpha_9       = 0.9744
Mean value of alpha_10       = 0.9128
Allele frequencies uncorrelated


Inferred ancestry of individuals:
     (%Miss) :  Inferred clusters
  1    (0)   :  0.007 0.005 0.013 0.038 0.143 0.091 0.132 0.295 0.158 0.118 
  2    (0)   :  0.005 0.004 0.016 0.302 0.070 0.113 0.156 0.092 0.105 0.138 
  3    (0)   :  0.008 0.006 0.009 0.051 0.150 0.095 0.148 0.129 0.126 0.278 
  4    (0)   :  0.011 0.012 0.012 0.052 0.171 0.103 0.129 0.080 0.308 0.121 
  5    (0)   :  0.005 0.005 0.022 0.119 0.066 0.141 0.202 0.111 0.124 0.206 
  6    (0)   :  0.005 0.006 0.010 0.071 0.060 0.127 0.101 0.157 0.147 0.316 
  7    (0)   :  0.006 0.005 0.012 0.040 0.076 0.319 0.087 0.170 0.099 0.185 
  8    (0)   :  0.011 0.023 0.012 0.052 0.124 0.106 0.101 0.110 0.237 0.224 
  9    (0)   :  0.007 0.007 0.019 0.175 0.129 0.107 0.122 0.140 0.115 0.179 
 10    (0)   :  0.006 0.007 0.013 0.056 0.079 0.120 0.082 0.199 0.212 0.226 
 11    (0)   :  0.006 0.004 0.015 0.045 0.076 0.202 0.082 0.343 0.085 0.142 
 12    (0)   :  0.005 0.005 0.015 0.114 0.073 0.147 0.186 0.111 0.164 0.180 
 13    (0)   :  0.005 0.006 0.017 0.111 0.113 0.167 0.133 0.147 0.128 0.173 
 14    (0)   :  0.008 0.004 0.011 0.080 0.091 0.076 0.256 0.118 0.157 0.198 
 15    (0)   :  0.011 0.005 0.012 0.066 0.108 0.129 0.158 0.109 0.241 0.161 
 16    (0)   :  0.006 0.004 0.013 0.042 0.114 0.115 0.110 0.282 0.106 0.208 
 17    (0)   :  0.006 0.008 0.017 0.068 0.088 0.097 0.174 0.131 0.149 0.261 
 18    (0)   :  0.012 0.007 0.010 0.200 0.082 0.077 0.117 0.139 0.169 0.185 
 19    (0)   :  0.005 0.005 0.011 0.085 0.085 0.119 0.097 0.158 0.132 0.301 
 20    (0)   :  0.009 0.005 0.014 0.073 0.077 0.193 0.154 0.115 0.160 0.200 
 21    (0)   :  0.006 0.004 0.010 0.065 0.095 0.088 0.201 0.183 0.227 0.121 
 22    (0)   :  0.005 0.008 0.011 0.060 0.123 0.090 0.117 0.167 0.138 0.282 
 23    (0)   :  0.013 0.007 0.024 0.082 0.213 0.087 0.190 0.086 0.151 0.146 
 24    (0)   :  0.006 0.005 0.012 0.049 0.162 0.098 0.118 0.272 0.161 0.117 
 25    (0)   :  0.008 0.005 0.014 0.101 0.062 0.177 0.114 0.108 0.088 0.323 
 26    (0)   :  0.007 0.006 0.012 0.071 0.092 0.117 0.147 0.168 0.208 0.172 
 27    (0)   :  0.006 0.005 0.014 0.049 0.097 0.103 0.184 0.183 0.141 0.217 
 28    (0)   :  0.006 0.005 0.011 0.054 0.082 0.130 0.110 0.188 0.296 0.117 
 29    (0)   :  0.005 0.004 0.017 0.086 0.114 0.200 0.166 0.147 0.105 0.157 
 30    (0)   :  0.006 0.005 0.011 0.070 0.111 0.093 0.148 0.222 0.111 0.222 
 31    (0)   :  0.006 0.018 0.018 0.075 0.082 0.158 0.177 0.174 0.169 0.123 
 32    (0)   :  0.008 0.004 0.010 0.085 0.117 0.082 0.126 0.086 0.187 0.296 
 33    (0)   :  0.006 0.005 0.011 0.050 0.183 0.137 0.134 0.132 0.120 0.223 
 34    (0)   :  0.008 0.007 0.025 0.044 0.065 0.168 0.077 0.105 0.154 0.346 
 35    (0)   :  0.005 0.010 0.027 0.072 0.091 0.090 0.280 0.122 0.088 0.214 
 36    (0)   :  0.028 0.004 0.011 0.044 0.107 0.084 0.277 0.269 0.085 0.091 
 37    (0)   :  0.005 0.006 0.010 0.104 0.167 0.091 0.190 0.113 0.154 0.160 
 38    (0)   :  0.148 0.005 0.022 0.046 0.079 0.175 0.147 0.172 0.075 0.131 
 39    (0)   :  0.010 0.007 0.020 0.046 0.079 0.162 0.227 0.168 0.109 0.171 
 40    (0)   :  0.008 0.004 0.011 0.050 0.203 0.073 0.291 0.120 0.101 0.138 
 41    (0)   :  0.010 0.007 0.023 0.037 0.146 0.138 0.257 0.145 0.070 0.167 
 42    (0)   :  0.017 0.004 0.016 0.031 0.332 0.080 0.141 0.201 0.105 0.074 
 43    (0)   :  0.005 0.006 0.015 0.069 0.169 0.097 0.307 0.090 0.102 0.138 
 44    (0)   :  0.005 0.006 0.013 0.056 0.114 0.086 0.374 0.083 0.070 0.193 
 45    (0)   :  0.020 0.005 0.020 0.103 0.084 0.111 0.246 0.255 0.075 0.082 
 46    (0)   :  0.006 0.008 0.013 0.050 0.061 0.117 0.241 0.115 0.116 0.273 
 47    (0)   :  0.005 0.016 0.022 0.146 0.111 0.099 0.136 0.138 0.128 0.201 
 48    (0)   :  0.006 0.007 0.015 0.049 0.108 0.069 0.416 0.072 0.073 0.182 
 49    (0)   :  0.007 0.008 0.029 0.050 0.113 0.104 0.248 0.188 0.106 0.147 
 50    (0)   :  0.006 0.009 0.017 0.056 0.057 0.161 0.156 0.129 0.126 0.282 
 51    (0)   :  0.024 0.004 0.013 0.037 0.127 0.078 0.390 0.180 0.071 0.075 
 52    (0)   :  0.006 0.008 0.021 0.039 0.092 0.166 0.185 0.188 0.126 0.168 
 53    (0)   :  0.032 0.007 0.014 0.040 0.107 0.133 0.161 0.169 0.119 0.219 
 54    (0)   :  0.004 0.008 0.020 0.209 0.110 0.094 0.218 0.102 0.120 0.115 
 55    (0)   :  0.005 0.006 0.015 0.069 0.084 0.082 0.437 0.078 0.096 0.129 
 56    (0)   :  0.011 0.006 0.019 0.050 0.128 0.077 0.321 0.113 0.107 0.168 
 57    (0)   :  0.007 0.012 0.021 0.060 0.093 0.109 0.092 0.156 0.251 0.200 
 58    (0)   :  0.010 0.005 0.021 0.059 0.121 0.107 0.301 0.186 0.097 0.094 
 59    (0)   :  0.031 0.005 0.034 0.048 0.123 0.113 0.229 0.215 0.094 0.107 
 60    (0)   :  0.011 0.004 0.011 0.045 0.111 0.089 0.355 0.138 0.144 0.092 
 61    (0)   :  0.005 0.004 0.013 0.153 0.113 0.087 0.334 0.086 0.132 0.073 
 62    (0)   :  0.006 0.012 0.058 0.109 0.078 0.134 0.157 0.151 0.146 0.149 
 63    (0)   :  0.006 0.004 0.011 0.078 0.168 0.155 0.211 0.118 0.116 0.133 
 64    (0)   :  0.013 0.006 0.017 0.071 0.079 0.111 0.157 0.204 0.091 0.252 
 65    (0)   :  0.006 0.005 0.016 0.116 0.060 0.226 0.151 0.102 0.083 0.235 
 66    (0)   :  0.006 0.005 0.015 0.095 0.126 0.152 0.199 0.110 0.185 0.109 
 67    (0)   :  0.005 0.005 0.014 0.176 0.084 0.091 0.340 0.085 0.085 0.116 
 68    (0)   :  0.027 0.006 0.031 0.042 0.131 0.102 0.233 0.231 0.107 0.090 
 69    (0)   :  0.101 0.010 0.043 0.055 0.064 0.097 0.114 0.184 0.156 0.176 
 70    (0)   :  0.013 0.004 0.012 0.041 0.151 0.161 0.242 0.136 0.108 0.132 
 71    (0)   :  0.025 0.005 0.031 0.055 0.067 0.118 0.311 0.211 0.072 0.106 
 72    (0)   :  0.009 0.005 0.010 0.053 0.085 0.098 0.205 0.271 0.081 0.184 
 73    (0)   :  0.009 0.005 0.035 0.125 0.078 0.134 0.318 0.119 0.082 0.096 
 74    (0)   :  0.028 0.004 0.010 0.043 0.181 0.077 0.223 0.240 0.103 0.090 
 75    (0)   :  0.018 0.005 0.014 0.053 0.180 0.067 0.240 0.215 0.130 0.079 
 76    (0)   :  0.005 0.005 0.010 0.075 0.096 0.155 0.298 0.092 0.093 0.171 
 77    (0)   :  0.028 0.004 0.022 0.054 0.127 0.176 0.209 0.197 0.068 0.114 
 78    (0)   :  0.128 0.005 0.024 0.048 0.132 0.162 0.161 0.150 0.069 0.121 
 79    (0)   :  0.006 0.004 0.012 0.124 0.084 0.209 0.091 0.207 0.108 0.155 
 80    (0)   :  0.005 0.004 0.010 0.093 0.198 0.130 0.091 0.106 0.278 0.084 
 81    (0)   :  0.005 0.005 0.009 0.106 0.130 0.169 0.079 0.143 0.268 0.085 
 82    (0)   :  0.005 0.004 0.021 0.064 0.134 0.141 0.249 0.120 0.141 0.120 
 83    (0)   :  0.009 0.004 0.009 0.071 0.117 0.170 0.135 0.126 0.216 0.143 
 84    (0)   :  0.005 0.004 0.010 0.064 0.113 0.197 0.099 0.151 0.208 0.150 
 85    (0)   :  0.010 0.004 0.010 0.067 0.130 0.106 0.117 0.161 0.222 0.174 
 86    (0)   :  0.007 0.006 0.018 0.095 0.066 0.117 0.286 0.116 0.107 0.181 
 87    (0)   :  0.011 0.005 0.012 0.095 0.090 0.282 0.123 0.143 0.116 0.123 
 88    (0)   :  0.005 0.004 0.011 0.075 0.189 0.173 0.121 0.145 0.181 0.095 
 89    (0)   :  0.006 0.005 0.010 0.138 0.165 0.130 0.090 0.143 0.225 0.088 
 90    (0)   :  0.005 0.004 0.012 0.116 0.089 0.291 0.100 0.133 0.129 0.120 
 91    (0)   :  0.011 0.004 0.009 0.055 0.198 0.103 0.114 0.127 0.256 0.124 
 92    (0)   :  0.005 0.004 0.012 0.093 0.113 0.181 0.128 0.187 0.146 0.130 
 93    (0)   :  0.005 0.004 0.010 0.047 0.151 0.079 0.099 0.112 0.404 0.088 
 94    (0)   :  0.014 0.004 0.009 0.041 0.082 0.347 0.111 0.152 0.107 0.134 
 95    (0)   :  0.005 0.004 0.010 0.095 0.150 0.280 0.094 0.107 0.164 0.090 
 96    (0)   :  0.005 0.004 0.013 0.068 0.201 0.093 0.310 0.087 0.141 0.078 
 97    (0)   :  0.015 0.005 0.013 0.066 0.141 0.070 0.232 0.242 0.134 0.083 
 98    (0)   :  0.005 0.004 0.012 0.100 0.183 0.104 0.209 0.156 0.089 0.137 
 99    (0)   :  0.005 0.004 0.010 0.112 0.108 0.214 0.085 0.140 0.192 0.129 
100    (0)   :  0.004 0.005 0.012 0.132 0.227 0.074 0.126 0.079 0.266 0.076 
101    (0)   :  0.014 0.005 0.013 0.122 0.124 0.192 0.139 0.140 0.133 0.117 
102    (0)   :  0.010 0.005 0.020 0.051 0.196 0.141 0.154 0.091 0.197 0.135 
103    (0)   :  0.005 0.005 0.012 0.255 0.076 0.154 0.121 0.081 0.166 0.125 
104    (0)   :  0.005 0.005 0.012 0.056 0.047 0.396 0.119 0.085 0.151 0.125 
105    (0)   :  0.005 0.006 0.029 0.106 0.060 0.259 0.142 0.086 0.192 0.115 
106    (0)   :  0.007 0.004 0.010 0.049 0.055 0.368 0.123 0.148 0.068 0.167 
107    (0)   :  0.006 0.005 0.020 0.124 0.072 0.239 0.153 0.084 0.172 0.126 
108    (0)   :  0.060 0.004 0.010 0.085 0.056 0.088 0.347 0.073 0.106 0.172 
109    (0)   :  0.014 0.006 0.109 0.048 0.050 0.223 0.165 0.157 0.079 0.149 
110    (0)   :  0.007 0.004 0.012 0.048 0.062 0.381 0.092 0.163 0.073 0.158 
111    (0)   :  0.006 0.006 0.025 0.074 0.055 0.390 0.126 0.083 0.114 0.120 
112    (0)   :  0.007 0.005 0.142 0.041 0.059 0.315 0.126 0.119 0.080 0.105 
113    (0)   :  0.011 0.005 0.013 0.117 0.082 0.116 0.247 0.143 0.123 0.143 
114    (0)   :  0.005 0.004 0.019 0.066 0.052 0.363 0.108 0.090 0.182 0.111 
115    (0)   :  0.006 0.005 0.026 0.054 0.123 0.265 0.199 0.079 0.087 0.155 
116    (0)   :  0.012 0.005 0.018 0.043 0.061 0.244 0.238 0.168 0.069 0.142 
117    (0)   :  0.008 0.006 0.030 0.048 0.104 0.308 0.090 0.176 0.075 0.156 
118    (0)   :  0.009 0.005 0.028 0.119 0.059 0.213 0.246 0.094 0.110 0.118 
119    (0)   :  0.008 0.004 0.010 0.063 0.204 0.128 0.243 0.077 0.145 0.118 
120    (0)   :  0.006 0.005 0.031 0.067 0.094 0.266 0.181 0.089 0.116 0.146 
121    (0)   :  0.009 0.010 0.069 0.061 0.096 0.227 0.212 0.106 0.074 0.135 
122    (0)   :  0.006 0.004 0.017 0.067 0.058 0.304 0.117 0.167 0.101 0.159 
123    (0)   :  0.008 0.005 0.015 0.069 0.067 0.320 0.150 0.109 0.123 0.135 
124    (0)   :  0.008 0.008 0.030 0.079 0.055 0.186 0.204 0.161 0.090 0.180 
125    (0)   :  0.014 0.005 0.026 0.046 0.105 0.140 0.103 0.291 0.076 0.193 
126    (0)   :  0.007 0.004 0.010 0.049 0.074 0.249 0.218 0.160 0.113 0.118 
127    (0)   :  0.005 0.005 0.022 0.076 0.056 0.402 0.149 0.069 0.116 0.099 
128    (0)   :  0.005 0.004 0.022 0.170 0.059 0.176 0.234 0.107 0.105 0.118 
129    (0)   :  0.005 0.006 0.018 0.208 0.053 0.262 0.146 0.082 0.090 0.131 
130    (0)   :  0.005 0.006 0.036 0.084 0.067 0.308 0.107 0.095 0.166 0.126 
131    (0)   :  0.048 0.009 0.030 0.065 0.060 0.197 0.156 0.205 0.073 0.157 
132    (0)   :  0.006 0.005 0.013 0.139 0.050 0.302 0.124 0.136 0.082 0.143 
133    (0)   :  0.008 0.008 0.015 0.109 0.065 0.257 0.179 0.086 0.130 0.142 
134    (0)   :  0.006 0.004 0.015 0.062 0.048 0.471 0.078 0.137 0.063 0.116 
135    (0)   :  0.006 0.005 0.019 0.041 0.119 0.068 0.264 0.108 0.299 0.072 
136    (0)   :  0.005 0.005 0.014 0.042 0.119 0.063 0.101 0.093 0.442 0.115 
137    (0)   :  0.005 0.005 0.029 0.040 0.221 0.085 0.082 0.104 0.349 0.080 
138    (0)   :  0.006 0.004 0.009 0.038 0.088 0.064 0.103 0.109 0.506 0.073 
139    (0)   :  0.006 0.004 0.012 0.126 0.077 0.071 0.238 0.114 0.253 0.099 
140    (0)   :  0.007 0.004 0.011 0.054 0.128 0.096 0.168 0.182 0.264 0.086 
141    (0)   :  0.006 0.005 0.013 0.049 0.078 0.066 0.117 0.139 0.403 0.124 
142    (0)   :  0.006 0.005 0.018 0.047 0.102 0.067 0.303 0.097 0.284 0.072 
143    (0)   :  0.005 0.004 0.009 0.041 0.210 0.060 0.096 0.084 0.420 0.070 
144    (0)   :  0.005 0.004 0.029 0.040 0.218 0.084 0.093 0.092 0.360 0.075 
145    (0)   :  0.006 0.005 0.015 0.052 0.115 0.066 0.153 0.140 0.317 0.131 
146    (0)   :  0.007 0.006 0.011 0.041 0.133 0.107 0.111 0.182 0.293 0.110 
147    (0)   :  0.005 0.004 0.009 0.037 0.164 0.062 0.080 0.093 0.469 0.076 
148    (0)   :  0.005 0.005 0.017 0.045 0.097 0.087 0.173 0.093 0.347 0.131 
149    (0)   :  0.008 0.005 0.013 0.047 0.105 0.063 0.170 0.139 0.373 0.078 
150    (0)   :  0.005 0.005 0.032 0.054 0.130 0.113 0.111 0.112 0.340 0.097 
151    (0)   :  0.005 0.004 0.010 0.048 0.148 0.079 0.116 0.102 0.408 0.082 
152    (0)   :  0.008 0.005 0.016 0.039 0.092 0.073 0.196 0.077 0.339 0.155 
153    (0)   :  0.006 0.004 0.010 0.037 0.105 0.077 0.132 0.145 0.401 0.082 
154    (0)   :  0.006 0.006 0.013 0.049 0.090 0.062 0.163 0.094 0.403 0.114 
155    (0)   :  0.004 0.004 0.009 0.045 0.082 0.082 0.096 0.081 0.515 0.082 
156    (0)   :  0.005 0.004 0.013 0.039 0.153 0.080 0.199 0.082 0.352 0.074 
157    (0)   :  0.005 0.004 0.009 0.040 0.119 0.132 0.080 0.095 0.410 0.105 
158    (0)   :  0.007 0.005 0.016 0.043 0.128 0.066 0.128 0.152 0.331 0.124 
159    (0)   :  0.005 0.005 0.012 0.041 0.155 0.062 0.083 0.089 0.471 0.077 
160    (0)   :  0.005 0.005 0.012 0.045 0.091 0.063 0.091 0.089 0.522 0.077 
161    (0)   :  0.006 0.004 0.010 0.046 0.256 0.078 0.112 0.170 0.227 0.090 
162    (0)   :  0.006 0.007 0.012 0.050 0.079 0.109 0.136 0.167 0.319 0.115 
163    (0)   :  0.005 0.004 0.009 0.038 0.099 0.076 0.126 0.086 0.482 0.076 
164    (0)   :  0.006 0.006 0.010 0.069 0.089 0.101 0.127 0.138 0.360 0.094 
165    (0)   :  0.005 0.005 0.031 0.046 0.144 0.109 0.108 0.109 0.358 0.086 
166    (0)   :  0.012 0.005 0.010 0.055 0.093 0.114 0.147 0.086 0.343 0.136 
167    (0)   :  0.006 0.009 0.012 0.035 0.066 0.084 0.099 0.088 0.470 0.131 
168    (0)   :  0.014 0.004 0.009 0.041 0.098 0.069 0.132 0.127 0.399 0.106 
169    (0)   :  0.016 0.006 0.016 0.038 0.104 0.064 0.114 0.259 0.261 0.121 
170    (0)   :  0.005 0.004 0.010 0.065 0.336 0.076 0.152 0.097 0.175 0.079 
171    (0)   :  0.009 0.004 0.010 0.057 0.098 0.072 0.145 0.106 0.351 0.148 
172    (0)   :  0.016 0.005 0.014 0.041 0.123 0.061 0.187 0.234 0.243 0.076 
173    (0)   :  0.005 0.005 0.011 0.055 0.081 0.063 0.106 0.081 0.516 0.079 
174    (0)   :  0.005 0.004 0.009 0.047 0.095 0.080 0.083 0.109 0.480 0.088 
175    (0)   :  0.005 0.005 0.010 0.044 0.239 0.062 0.101 0.083 0.339 0.112 
176    (0)   :  0.005 0.004 0.029 0.040 0.218 0.084 0.093 0.092 0.360 0.074 
177    (0)   :  0.007 0.005 0.010 0.041 0.086 0.135 0.095 0.152 0.362 0.109 
178    (0)   :  0.005 0.004 0.010 0.052 0.078 0.081 0.088 0.105 0.439 0.138 
179    (0)   :  0.005 0.004 0.009 0.047 0.082 0.063 0.085 0.084 0.543 0.079 
180    (0)   :  0.007 0.006 0.013 0.039 0.138 0.085 0.127 0.163 0.323 0.098 
181    (0)   :  0.006 0.005 0.013 0.056 0.133 0.066 0.171 0.132 0.334 0.084 
182    (0)   :  0.005 0.005 0.012 0.052 0.140 0.062 0.167 0.084 0.399 0.074 
183    (0)   :  0.005 0.004 0.010 0.048 0.125 0.063 0.104 0.087 0.477 0.079 
184    (0)   :  0.008 0.005 0.012 0.287 0.069 0.083 0.186 0.078 0.105 0.168 
185    (0)   :  0.005 0.004 0.012 0.042 0.118 0.055 0.199 0.072 0.429 0.064 
186    (0)   :  0.004 0.004 0.009 0.335 0.068 0.116 0.132 0.098 0.095 0.138 
187    (0)   :  0.005 0.004 0.009 0.234 0.076 0.086 0.138 0.078 0.263 0.107 
188    (0)   :  0.004 0.004 0.009 0.447 0.055 0.090 0.118 0.078 0.077 0.118 
189    (0)   :  0.012 0.004 0.009 0.060 0.130 0.082 0.189 0.144 0.201 0.168 
190    (0)   :  0.004 0.004 0.013 0.055 0.095 0.059 0.448 0.062 0.196 0.065 
191    (0)   :  0.004 0.004 0.012 0.407 0.070 0.078 0.115 0.082 0.127 0.100 
192    (0)   :  0.005 0.004 0.010 0.216 0.142 0.108 0.107 0.092 0.189 0.128 
193    (0)   :  0.005 0.004 0.015 0.119 0.134 0.094 0.199 0.112 0.176 0.141 
194    (0)   :  0.005 0.004 0.010 0.148 0.212 0.100 0.166 0.101 0.146 0.108 
195    (0)   :  0.004 0.004 0.009 0.197 0.103 0.060 0.212 0.077 0.263 0.070 
196    (0)   :  0.006 0.004 0.012 0.078 0.097 0.084 0.373 0.070 0.187 0.090 
197    (0)   :  0.005 0.005 0.011 0.111 0.061 0.116 0.181 0.100 0.217 0.192 
198    (0)   :  0.006 0.004 0.010 0.086 0.113 0.115 0.181 0.173 0.151 0.161 
199    (0)   :  0.007 0.004 0.014 0.066 0.136 0.083 0.393 0.086 0.129 0.081 
200    (0)   :  0.007 0.004 0.017 0.066 0.083 0.078 0.365 0.076 0.177 0.128 
201    (0)   :  0.004 0.004 0.009 0.123 0.080 0.070 0.170 0.074 0.377 0.089 
202    (0)   :  0.004 0.004 0.012 0.061 0.203 0.080 0.240 0.077 0.249 0.070 
203    (0)   :  0.004 0.004 0.012 0.183 0.092 0.067 0.137 0.062 0.357 0.081 
204    (0)   :  0.004 0.004 0.011 0.325 0.096 0.062 0.201 0.071 0.156 0.069 
205    (0)   :  0.008 0.004 0.012 0.192 0.088 0.088 0.278 0.092 0.141 0.097 
206    (0)   :  0.004 0.004 0.009 0.312 0.080 0.065 0.185 0.074 0.188 0.080 
207    (0)   :  0.004 0.004 0.016 0.270 0.097 0.090 0.258 0.069 0.111 0.081 
208    (0)   :  0.004 0.004 0.011 0.147 0.068 0.077 0.248 0.075 0.279 0.087 
209    (0)   :  0.004 0.004 0.015 0.255 0.108 0.089 0.173 0.090 0.150 0.111 
210    (0)   :  0.004 0.004 0.009 0.308 0.081 0.078 0.163 0.077 0.189 0.088 
211    (0)   :  0.004 0.005 0.028 0.056 0.144 0.111 0.346 0.062 0.155 0.088 
212    (0)   :  0.004 0.004 0.011 0.065 0.151 0.064 0.198 0.101 0.303 0.099 
213    (0)   :  0.006 0.004 0.013 0.113 0.138 0.128 0.258 0.139 0.123 0.079 
214    (0)   :  0.004 0.004 0.013 0.089 0.167 0.069 0.191 0.070 0.303 0.090 
215    (0)   :  0.008 0.004 0.015 0.209 0.067 0.100 0.292 0.074 0.127 0.105 
216    (0)   :  0.006 0.005 0.012 0.175 0.086 0.087 0.206 0.094 0.124 0.206 
217    (0)   :  0.007 0.004 0.010 0.095 0.127 0.068 0.232 0.075 0.290 0.093 
218    (0)   :  0.007 0.004 0.012 0.264 0.089 0.098 0.181 0.092 0.162 0.092 
219    (0)   :  0.009 0.006 0.009 0.094 0.097 0.077 0.175 0.101 0.250 0.181 
220    (0)   :  0.004 0.004 0.011 0.427 0.069 0.073 0.138 0.070 0.126 0.077 
221    (0)   :  0.004 0.004 0.012 0.052 0.362 0.059 0.188 0.070 0.180 0.070 
222    (0)   :  0.005 0.005 0.009 0.165 0.100 0.087 0.155 0.106 0.157 0.209 
223    (0)   :  0.006 0.004 0.009 0.108 0.092 0.089 0.164 0.092 0.304 0.131 
224    (0)   :  0.004 0.004 0.010 0.233 0.124 0.066 0.140 0.073 0.263 0.083 
225    (0)   :  0.005 0.004 0.011 0.220 0.101 0.076 0.240 0.086 0.165 0.092 
226    (0)   :  0.057 0.005 0.014 0.115 0.103 0.091 0.202 0.097 0.167 0.149 
227    (0)   :  0.004 0.004 0.011 0.146 0.108 0.089 0.291 0.072 0.206 0.068 
228    (0)   :  0.005 0.004 0.013 0.160 0.097 0.056 0.277 0.074 0.249 0.065 
229    (0)   :  0.004 0.004 0.009 0.307 0.135 0.069 0.090 0.072 0.231 0.081 
230    (0)   :  0.004 0.004 0.011 0.331 0.127 0.068 0.109 0.068 0.198 0.080 
231    (0)   :  0.004 0.004 0.011 0.253 0.083 0.070 0.113 0.087 0.263 0.111 
232    (0)   :  0.007 0.004 0.012 0.119 0.192 0.097 0.172 0.166 0.154 0.077 
233    (0)   :  0.004 0.004 0.011 0.088 0.102 0.070 0.144 0.069 0.415 0.092 
234    (0)   :  0.005 0.004 0.011 0.133 0.087 0.101 0.144 0.112 0.220 0.183 
235    (0)   :  0.008 0.004 0.010 0.100 0.151 0.090 0.225 0.100 0.205 0.106 
236    (0)   :  0.005 0.004 0.012 0.107 0.123 0.081 0.165 0.082 0.296 0.124 
237    (0)   :  0.004 0.004 0.017 0.225 0.078 0.080 0.273 0.087 0.140 0.092 
238    (0)   :  0.004 0.004 0.010 0.090 0.182 0.086 0.167 0.081 0.272 0.103 
239    (0)   :  0.004 0.004 0.009 0.200 0.104 0.060 0.210 0.077 0.262 0.070 
240    (0)   :  0.004 0.004 0.010 0.088 0.183 0.087 0.167 0.082 0.272 0.103 
241    (0)   :  0.005 0.004 0.012 0.080 0.191 0.069 0.207 0.092 0.256 0.083 
242    (0)   :  0.008 0.004 0.009 0.251 0.102 0.073 0.168 0.104 0.168 0.114 
243    (0)   :  0.004 0.004 0.015 0.086 0.091 0.067 0.397 0.061 0.198 0.077 
244    (0)   :  0.004 0.004 0.012 0.224 0.118 0.066 0.140 0.068 0.279 0.084 
245    (0)   :  0.004 0.004 0.009 0.058 0.136 0.074 0.167 0.088 0.379 0.081 
246    (0)   :  0.007 0.004 0.010 0.092 0.126 0.069 0.232 0.075 0.292 0.094 
247    (0)   :  0.006 0.004 0.010 0.216 0.070 0.170 0.177 0.115 0.092 0.140 
248    (0)   :  0.005 0.004 0.014 0.178 0.061 0.110 0.325 0.085 0.111 0.108 
249    (0)   :  0.004 0.004 0.013 0.191 0.190 0.076 0.148 0.070 0.217 0.086 
250    (0)   :  0.005 0.004 0.012 0.226 0.137 0.087 0.127 0.081 0.209 0.113 
251    (0)   :  0.011 0.004 0.018 0.074 0.083 0.097 0.270 0.098 0.151 0.195 
252    (0)   :  0.005 0.004 0.009 0.206 0.117 0.079 0.190 0.096 0.201 0.093 
253    (0)   :  0.009 0.004 0.011 0.081 0.107 0.126 0.307 0.119 0.114 0.120 
254    (0)   :  0.005 0.005 0.010 0.187 0.078 0.079 0.183 0.087 0.188 0.178 
255    (0)   :  0.004 0.004 0.011 0.237 0.121 0.091 0.136 0.100 0.180 0.114 
256    (0)   :  0.005 0.004 0.012 0.120 0.157 0.074 0.244 0.083 0.202 0.097 
257    (0)   :  0.006 0.006 0.016 0.173 0.124 0.093 0.227 0.091 0.160 0.103 
258    (0)   :  0.005 0.004 0.013 0.075 0.074 0.109 0.321 0.111 0.158 0.131 
259    (0)   :  0.005 0.004 0.012 0.259 0.128 0.084 0.158 0.080 0.160 0.111 
260    (0)   :  0.005 0.005 0.010 0.111 0.119 0.082 0.125 0.086 0.260 0.198 
261    (0)   :  0.005 0.004 0.009 0.092 0.106 0.070 0.250 0.095 0.272 0.096 
262    (0)   :  0.006 0.004 0.011 0.062 0.125 0.059 0.358 0.072 0.232 0.072 
263    (0)   :  0.004 0.005 0.012 0.341 0.064 0.066 0.189 0.067 0.133 0.117 
264    (0)   :  0.006 0.006 0.012 0.127 0.062 0.095 0.195 0.108 0.083 0.305 
265    (0)   :  0.008 0.004 0.010 0.133 0.084 0.091 0.221 0.098 0.227 0.124 
266    (0)   :  0.004 0.004 0.011 0.055 0.192 0.059 0.233 0.072 0.298 0.070 
267    (0)   :  0.004 0.004 0.015 0.123 0.115 0.099 0.211 0.095 0.213 0.121 
268    (0)   :  0.006 0.004 0.013 0.077 0.098 0.084 0.373 0.070 0.186 0.090 
269    (0)   :  0.009 0.004 0.010 0.095 0.085 0.085 0.170 0.108 0.239 0.195 
270    (0)   :  0.005 0.005 0.012 0.205 0.071 0.096 0.191 0.106 0.148 0.160 
271    (0)   :  0.006 0.004 0.015 0.114 0.082 0.104 0.321 0.089 0.145 0.120 
272    (0)   :  0.051 0.005 0.018 0.082 0.086 0.096 0.294 0.084 0.151 0.132 
273    (0)   :  0.015 0.019 0.023 0.133 0.121 0.115 0.138 0.129 0.185 0.121 
274    (0)   :  0.010 0.004 0.012 0.131 0.097 0.100 0.239 0.106 0.161 0.141 
275    (0)   :  0.016 0.007 0.016 0.149 0.083 0.082 0.198 0.097 0.202 0.149 
276    (0)   :  0.039 0.005 0.019 0.096 0.111 0.106 0.317 0.087 0.111 0.108 
277    (0)   :  0.006 0.004 0.009 0.145 0.121 0.088 0.158 0.106 0.229 0.134 
278    (0)   :  0.007 0.004 0.015 0.094 0.065 0.089 0.386 0.074 0.161 0.106 
279    (0)   :  0.006 0.004 0.012 0.158 0.110 0.086 0.203 0.097 0.192 0.132 
280    (0)   :  0.010 0.004 0.010 0.111 0.092 0.079 0.249 0.134 0.186 0.126 
281    (0)   :  0.005 0.004 0.012 0.171 0.095 0.119 0.210 0.122 0.159 0.103 
282    (0)   :  0.005 0.004 0.010 0.095 0.126 0.082 0.123 0.088 0.338 0.128 
283    (0)   :  0.004 0.004 0.010 0.140 0.148 0.080 0.118 0.067 0.343 0.086 
284    (0)   :  0.005 0.004 0.014 0.083 0.116 0.111 0.191 0.092 0.241 0.142 
285    (0)   :  0.006 0.004 0.016 0.209 0.057 0.101 0.325 0.102 0.079 0.102 
286    (0)   :  0.004 0.004 0.012 0.227 0.116 0.066 0.140 0.068 0.279 0.084 
287    (0)   :  0.010 0.004 0.009 0.123 0.108 0.123 0.178 0.138 0.194 0.112 
288    (0)   :  0.040 0.005 0.013 0.247 0.083 0.089 0.179 0.081 0.142 0.121 
289    (0)   :  0.015 0.007 0.017 0.193 0.089 0.120 0.222 0.082 0.121 0.133 
290    (0)   :  0.006 0.006 0.021 0.120 0.142 0.085 0.257 0.100 0.119 0.145 
291    (0)   :  0.006 0.004 0.015 0.115 0.082 0.105 0.321 0.089 0.144 0.119 
292    (0)   :  0.010 0.004 0.010 0.070 0.104 0.070 0.309 0.139 0.186 0.099 
293    (0)   :  0.005 0.005 0.016 0.062 0.077 0.090 0.304 0.131 0.108 0.202 
294    (0)   :  0.006 0.005 0.012 0.327 0.075 0.066 0.229 0.072 0.103 0.106 
295    (0)   :  0.020 0.005 0.021 0.075 0.092 0.105 0.310 0.108 0.141 0.123 
296    (0)   :  0.007 0.004 0.015 0.203 0.077 0.107 0.273 0.080 0.149 0.084 
297    (0)   :  0.011 0.004 0.010 0.229 0.093 0.086 0.182 0.134 0.132 0.119 
298    (0)   :  0.005 0.004 0.009 0.201 0.144 0.089 0.100 0.087 0.242 0.118 
299    (0)   :  0.004 0.005 0.009 0.432 0.072 0.068 0.107 0.073 0.120 0.109 
300    (0)   :  0.005 0.004 0.012 0.392 0.073 0.068 0.167 0.100 0.099 0.080 
301    (0)   :  0.008 0.005 0.013 0.147 0.073 0.078 0.216 0.089 0.151 0.220 
302    (0)   :  0.007 0.006 0.017 0.172 0.065 0.066 0.343 0.071 0.132 0.121 
303    (0)   :  0.005 0.004 0.010 0.205 0.135 0.069 0.141 0.110 0.233 0.088 
304    (0)   :  0.004 0.005 0.011 0.075 0.094 0.107 0.093 0.108 0.315 0.187 
305    (0)   :  0.007 0.004 0.012 0.181 0.097 0.061 0.248 0.082 0.229 0.080 
306    (0)   :  0.009 0.004 0.010 0.090 0.179 0.075 0.193 0.089 0.244 0.107 
307    (0)   :  0.006 0.005 0.012 0.117 0.165 0.088 0.185 0.096 0.189 0.137 
308    (0)   :  0.005 0.004 0.009 0.092 0.107 0.070 0.249 0.095 0.273 0.095 
309    (0)   :  0.009 0.011 0.026 0.354 0.073 0.095 0.150 0.073 0.121 0.089 
310    (0)   :  0.004 0.004 0.012 0.124 0.112 0.067 0.292 0.069 0.231 0.085 
311    (0)   :  0.004 0.004 0.011 0.331 0.127 0.068 0.109 0.067 0.198 0.079 
312    (0)   :  0.004 0.004 0.013 0.352 0.073 0.085 0.193 0.068 0.127 0.080 
313    (0)   :  0.005 0.004 0.014 0.164 0.068 0.080 0.409 0.073 0.100 0.084 
314    (0)   :  0.007 0.004 0.011 0.038 0.130 0.060 0.136 0.086 0.455 0.072 
315    (0)   :  0.010 0.004 0.009 0.036 0.117 0.065 0.131 0.087 0.436 0.105 
316    (0)   :  0.017 0.007 0.011 0.041 0.091 0.071 0.092 0.098 0.453 0.120 
317    (0)   :  0.007 0.004 0.011 0.038 0.117 0.061 0.088 0.087 0.511 0.075 
318    (0)   :  0.007 0.004 0.010 0.036 0.080 0.062 0.069 0.092 0.562 0.079 
319    (0)   :  0.005 0.004 0.009 0.040 0.135 0.061 0.097 0.085 0.492 0.072 
320    (0)   :  0.007 0.004 0.011 0.039 0.130 0.060 0.136 0.086 0.454 0.073 
321    (0)   :  0.007 0.005 0.011 0.037 0.121 0.063 0.080 0.094 0.502 0.079 
322    (0)   :  0.017 0.007 0.012 0.042 0.137 0.070 0.128 0.092 0.387 0.109 
323    (0)   :  0.006 0.011 0.009 0.040 0.101 0.063 0.075 0.087 0.527 0.080 
324    (0)   :  0.007 0.005 0.011 0.037 0.120 0.063 0.081 0.095 0.503 0.079 
325    (0)   :  0.017 0.005 0.010 0.036 0.080 0.068 0.087 0.090 0.489 0.118 
326    (0)   :  0.046 0.011 0.014 0.041 0.092 0.071 0.089 0.090 0.432 0.114 
327    (0)   :  0.007 0.004 0.011 0.038 0.118 0.062 0.088 0.087 0.509 0.075 
328    (0)   :  0.011 0.004 0.010 0.040 0.141 0.068 0.115 0.091 0.410 0.111 
329    (0)   :  0.005 0.004 0.009 0.036 0.148 0.061 0.069 0.089 0.505 0.075 
330    (0)   :  0.007 0.004 0.011 0.037 0.118 0.062 0.088 0.086 0.512 0.075 
331    (0)   :  0.005 0.004 0.008 0.039 0.087 0.062 0.073 0.089 0.557 0.075 
332    (0)   :  0.027 0.016 0.012 0.038 0.093 0.071 0.088 0.090 0.441 0.124 
333    (0)   :  0.027 0.010 0.012 0.045 0.108 0.070 0.099 0.088 0.432 0.110 
334    (0)   :  0.011 0.004 0.010 0.040 0.143 0.068 0.115 0.092 0.407 0.110 
335    (0)   :  0.011 0.004 0.010 0.037 0.166 0.067 0.116 0.082 0.407 0.102 
336    (0)   :  0.009 0.015 0.012 0.040 0.105 0.062 0.106 0.092 0.478 0.082 
337    (0)   :  0.019 0.005 0.012 0.037 0.121 0.068 0.104 0.093 0.425 0.116 
338    (0)   :  0.007 0.005 0.011 0.037 0.081 0.062 0.069 0.093 0.554 0.080 
339    (0)   :  0.005 0.004 0.009 0.039 0.088 0.062 0.073 0.089 0.556 0.075 
340    (0)   :  0.005 0.004 0.009 0.040 0.088 0.061 0.080 0.083 0.560 0.071 
341    (0)   :  0.010 0.011 0.012 0.045 0.107 0.065 0.078 0.091 0.506 0.076 
342    (0)   :  0.007 0.004 0.011 0.037 0.117 0.062 0.089 0.087 0.512 0.074 
343    (0)   :  0.012 0.011 0.011 0.038 0.216 0.065 0.153 0.083 0.303 0.107 
344    (0)   :  0.005 0.004 0.009 0.036 0.101 0.061 0.069 0.090 0.550 0.075 
345    (0)   :  0.007 0.004 0.011 0.037 0.118 0.062 0.089 0.086 0.512 0.074 
346    (0)   :  0.007 0.004 0.010 0.037 0.079 0.061 0.074 0.084 0.569 0.074 
347    (0)   :  0.005 0.004 0.009 0.036 0.101 0.061 0.074 0.083 0.556 0.072 
348    (0)   :  0.009 0.004 0.010 0.037 0.178 0.063 0.175 0.080 0.349 0.094 
349    (0)   :  0.007 0.004 0.011 0.037 0.118 0.062 0.089 0.086 0.511 0.074 
350    (0)   :  0.005 0.004 0.009 0.040 0.101 0.060 0.113 0.090 0.505 0.073 
351    (0)   :  0.010 0.004 0.010 0.037 0.165 0.067 0.116 0.083 0.407 0.102 
352    (0)   :  0.016 0.004 0.012 0.037 0.118 0.067 0.118 0.085 0.434 0.108 
353    (0)   :  0.009 0.015 0.012 0.039 0.105 0.063 0.106 0.092 0.478 0.082 
354    (0)   :  0.006 0.006 0.010 0.040 0.118 0.063 0.071 0.094 0.513 0.077 
355    (0)   :  0.007 0.004 0.010 0.036 0.080 0.062 0.069 0.091 0.563 0.078 
356    (0)   :  0.009 0.004 0.009 0.037 0.275 0.063 0.171 0.077 0.263 0.092 
357    (0)   :  0.010 0.004 0.010 0.043 0.083 0.076 0.097 0.124 0.342 0.212 
358    (0)   :  0.012 0.005 0.009 0.036 0.108 0.068 0.087 0.090 0.470 0.114 
359    (0)   :  0.005 0.004 0.009 0.039 0.091 0.062 0.074 0.092 0.547 0.076 
360    (0)   :  0.006 0.004 0.010 0.037 0.079 0.062 0.075 0.084 0.570 0.073 
361    (0)   :  0.009 0.004 0.011 0.044 0.136 0.077 0.126 0.127 0.257 0.208 
362    (0)   :  0.015 0.005 0.011 0.137 0.072 0.139 0.145 0.174 0.123 0.179 
363    (0)   :  0.008 0.006 0.013 0.092 0.069 0.205 0.131 0.170 0.088 0.218 
364    (0)   :  0.007 0.014 0.019 0.060 0.145 0.112 0.129 0.119 0.197 0.197 
365    (0)   :  0.012 0.012 0.025 0.060 0.072 0.110 0.116 0.298 0.096 0.198 
366    (0)   :  0.012 0.005 0.015 0.075 0.097 0.078 0.241 0.127 0.130 0.219 
367    (0)   :  0.008 0.004 0.011 0.056 0.055 0.395 0.080 0.169 0.074 0.149 
368    (0)   :  0.006 0.004 0.012 0.165 0.084 0.199 0.112 0.166 0.107 0.144 
369    (0)   :  0.007 0.006 0.017 0.067 0.210 0.082 0.180 0.106 0.122 0.201 
370    (0)   :  0.010 0.009 0.022 0.148 0.096 0.202 0.130 0.119 0.107 0.158 
371    (0)   :  0.007 0.008 0.017 0.126 0.099 0.093 0.140 0.114 0.131 0.263 
372    (0)   :  0.014 0.025 0.032 0.221 0.090 0.151 0.131 0.120 0.128 0.088 
373    (0)   :  0.005 0.005 0.014 0.085 0.115 0.259 0.105 0.161 0.129 0.122 
374    (0)   :  0.011 0.005 0.023 0.066 0.204 0.120 0.105 0.133 0.147 0.187 
375    (0)   :  0.008 0.011 0.016 0.133 0.066 0.170 0.082 0.172 0.085 0.258 
376    (0)   :  0.010 0.082 0.013 0.041 0.066 0.138 0.084 0.217 0.081 0.267 
377    (0)   :  0.009 0.006 0.017 0.073 0.066 0.127 0.190 0.211 0.130 0.171 
378    (0)   :  0.006 0.005 0.015 0.043 0.086 0.302 0.117 0.127 0.209 0.091 
379    (0)   :  0.015 0.143 0.016 0.049 0.061 0.151 0.096 0.151 0.072 0.246 
380    (0)   :  0.021 0.008 0.015 0.064 0.124 0.076 0.124 0.320 0.130 0.117 
381    (0)   :  0.008 0.008 0.014 0.045 0.144 0.070 0.157 0.224 0.114 0.217 
382    (0)   :  0.006 0.004 0.010 0.055 0.059 0.136 0.084 0.113 0.104 0.428 
383    (0)   :  0.041 0.013 0.015 0.088 0.064 0.079 0.091 0.264 0.189 0.156 
384    (0)   :  0.017 0.040 0.022 0.070 0.079 0.118 0.084 0.190 0.157 0.222 
385    (0)   :  0.005 0.006 0.163 0.059 0.069 0.103 0.085 0.144 0.218 0.146 
386    (0)   :  0.006 0.004 0.011 0.063 0.068 0.203 0.108 0.210 0.088 0.240 
387    (0)   :  0.006 0.004 0.011 0.043 0.057 0.181 0.111 0.204 0.117 0.266 
388    (0)   :  0.010 0.011 0.029 0.071 0.115 0.124 0.085 0.198 0.181 0.177 
389    (0)   :  0.008 0.008 0.064 0.082 0.065 0.125 0.306 0.091 0.104 0.147 
390    (0)   :  0.026 0.016 0.020 0.051 0.076 0.224 0.150 0.211 0.077 0.149 
391    (0)   :  0.015 0.011 0.054 0.067 0.116 0.191 0.170 0.118 0.107 0.151 
392    (0)   :  0.006 0.006 0.009 0.055 0.072 0.152 0.123 0.280 0.154 0.143 
393    (0)   :  0.017 0.006 0.011 0.042 0.081 0.079 0.104 0.451 0.108 0.100 
394    (0)   :  0.011 0.004 0.009 0.055 0.097 0.185 0.112 0.171 0.222 0.134 
395    (0)   :  0.016 0.004 0.010 0.091 0.059 0.150 0.227 0.200 0.103 0.140 
396    (0)   :  0.005 0.005 0.011 0.084 0.057 0.219 0.100 0.194 0.074 0.252 
397    (0)   :  0.006 0.048 0.010 0.162 0.104 0.080 0.153 0.100 0.159 0.179 
398    (0)   :  0.017 0.031 0.010 0.041 0.061 0.243 0.093 0.303 0.078 0.122 
399    (0)   :  0.020 0.005 0.017 0.051 0.071 0.374 0.138 0.098 0.096 0.131 
400    (0)   :  0.005 0.005 0.012 0.044 0.107 0.202 0.099 0.180 0.099 0.245 
401    (0)   :  0.006 0.004 0.012 0.043 0.081 0.302 0.174 0.164 0.117 0.098 
402    (0)   :  0.005 0.005 0.014 0.068 0.079 0.190 0.178 0.218 0.119 0.124 
403    (0)   :  0.007 0.006 0.029 0.056 0.091 0.106 0.120 0.176 0.301 0.108 
404    (0)   :  0.006 0.006 0.017 0.138 0.120 0.123 0.097 0.174 0.110 0.209 
405    (0)   :  0.011 0.004 0.010 0.089 0.096 0.111 0.160 0.198 0.118 0.204 
406    (0)   :  0.132 0.004 0.010 0.057 0.146 0.078 0.189 0.123 0.118 0.143 
407    (0)   :  0.011 0.004 0.010 0.056 0.058 0.119 0.089 0.396 0.072 0.186 
408    (0)   :  0.005 0.004 0.010 0.068 0.053 0.336 0.251 0.112 0.068 0.093 
409    (0)   :  0.021 0.007 0.014 0.046 0.297 0.083 0.108 0.237 0.102 0.086 
410    (0)   :  0.011 0.060 0.014 0.052 0.083 0.182 0.118 0.235 0.121 0.124 
411    (0)   :  0.007 0.010 0.010 0.050 0.073 0.119 0.141 0.172 0.156 0.262 
412    (0)   :  0.005 0.004 0.012 0.152 0.076 0.203 0.101 0.182 0.104 0.161 
413    (0)   :  0.005 0.004 0.010 0.073 0.078 0.220 0.105 0.162 0.196 0.146 
414    (0)   :  0.005 0.004 0.017 0.144 0.047 0.241 0.091 0.106 0.088 0.258 
415    (0)   :  0.011 0.004 0.011 0.054 0.092 0.148 0.178 0.165 0.083 0.254 
416    (0)   :  0.005 0.005 0.022 0.071 0.112 0.184 0.132 0.257 0.101 0.110 
417    (0)   :  0.037 0.005 0.011 0.080 0.092 0.162 0.094 0.258 0.082 0.180 
418    (0)   :  0.006 0.005 0.010 0.095 0.065 0.295 0.082 0.170 0.084 0.189 
419    (0)   :  0.010 0.008 0.021 0.055 0.122 0.131 0.120 0.244 0.165 0.125 
420    (0)   :  0.005 0.003 0.011 0.044 0.080 0.295 0.235 0.150 0.074 0.102 
421    (0)   :  0.015 0.005 0.011 0.107 0.096 0.200 0.100 0.281 0.082 0.103 
422    (0)   :  0.012 0.005 0.011 0.095 0.069 0.100 0.219 0.308 0.093 0.088 
423    (0)   :  0.011 0.006 0.010 0.104 0.062 0.138 0.127 0.111 0.134 0.296 
424    (0)   :  0.016 0.006 0.033 0.039 0.103 0.216 0.170 0.126 0.112 0.179 
425    (0)   :  0.009 0.014 0.037 0.066 0.076 0.113 0.119 0.178 0.150 0.239 
426    (0)   :  0.023 0.023 0.032 0.060 0.100 0.207 0.113 0.127 0.133 0.182 
427    (0)   :  0.014 0.004 0.009 0.035 0.055 0.196 0.079 0.294 0.166 0.147 
428    (0)   :  0.039 0.014 0.011 0.057 0.101 0.091 0.162 0.262 0.156 0.108 
429    (0)   :  0.007 0.005 0.009 0.064 0.057 0.246 0.080 0.186 0.074 0.272 
430    (0)   :  0.021 0.004 0.010 0.084 0.063 0.108 0.092 0.403 0.078 0.137 
431    (0)   :  0.013 0.008 0.021 0.069 0.073 0.201 0.138 0.097 0.160 0.220 
432    (0)   :  0.005 0.004 0.012 0.095 0.088 0.218 0.130 0.206 0.113 0.129 
433    (0)   :  0.005 0.006 0.011 0.061 0.168 0.122 0.163 0.112 0.214 0.136 
434    (0)   :  0.006 0.004 0.013 0.123 0.126 0.099 0.129 0.184 0.126 0.189 
435    (0)   :  0.031 0.004 0.009 0.042 0.060 0.177 0.106 0.322 0.078 0.171 
436    (0)   :  0.092 0.006 0.011 0.029 0.106 0.192 0.103 0.149 0.093 0.220 
437    (0)   :  0.008 0.005 0.009 0.053 0.064 0.101 0.101 0.143 0.086 0.429 
438    (0)   :  0.065 0.005 0.011 0.039 0.121 0.167 0.162 0.217 0.093 0.120 
439    (0)   :  0.036 0.004 0.009 0.032 0.072 0.122 0.081 0.414 0.084 0.145 
440    (0)   :  0.058 0.004 0.010 0.039 0.053 0.186 0.098 0.159 0.068 0.325 
441    (0)   :  0.014 0.004 0.011 0.043 0.099 0.095 0.100 0.368 0.115 0.151 
442    (0)   :  0.006 0.005 0.021 0.050 0.079 0.188 0.131 0.189 0.075 0.256 
443    (0)   :  0.014 0.004 0.013 0.033 0.062 0.296 0.223 0.150 0.070 0.133 
444    (0)   :  0.009 0.005 0.021 0.045 0.076 0.155 0.145 0.158 0.075 0.310 
445    (0)   :  0.012 0.028 0.011 0.040 0.139 0.080 0.118 0.375 0.102 0.096 
446    (0)   :  0.024 0.037 0.011 0.032 0.071 0.264 0.071 0.296 0.081 0.113 
447    (0)   :  0.059 0.005 0.027 0.038 0.112 0.117 0.133 0.201 0.112 0.196 
448    (0)   :  0.013 0.004 0.010 0.049 0.070 0.140 0.120 0.295 0.084 0.214 
449    (0)   :  0.014 0.004 0.011 0.050 0.090 0.116 0.120 0.264 0.112 0.219 
450    (0)   :  0.006 0.006 0.012 0.043 0.083 0.107 0.068 0.336 0.113 0.227 
451    (0)   :  0.008 0.004 0.012 0.055 0.051 0.354 0.134 0.104 0.069 0.209 
452    (0)   :  0.007 0.005 0.010 0.041 0.080 0.165 0.080 0.341 0.109 0.163 
453    (0)   :  0.008 0.004 0.016 0.050 0.103 0.136 0.307 0.183 0.083 0.109 
454    (0)   :  0.013 0.004 0.010 0.048 0.079 0.131 0.113 0.216 0.133 0.253 
455    (0)   :  0.056 0.004 0.011 0.033 0.075 0.173 0.123 0.268 0.073 0.184 
456    (0)   :  0.015 0.005 0.012 0.034 0.067 0.154 0.233 0.185 0.072 0.222 
457    (0)   :  0.014 0.005 0.009 0.042 0.073 0.100 0.102 0.274 0.087 0.294 
458    (0)   :  0.011 0.029 0.010 0.040 0.070 0.127 0.080 0.441 0.083 0.109 
459    (0)   :  0.017 0.004 0.011 0.030 0.126 0.173 0.082 0.276 0.108 0.174 
460    (0)   :  0.014 0.004 0.011 0.033 0.063 0.259 0.090 0.267 0.079 0.180 
461    (0)   :  0.006 0.005 0.011 0.035 0.064 0.297 0.067 0.222 0.080 0.212 
462    (0)   :  0.012 0.007 0.038 0.081 0.049 0.125 0.139 0.262 0.064 0.221 
463    (0)   :  0.069 0.004 0.011 0.053 0.081 0.081 0.267 0.188 0.087 0.159 
464    (0)   :  0.015 0.004 0.010 0.034 0.067 0.288 0.156 0.197 0.072 0.158 
465    (0)   :  0.008 0.005 0.012 0.047 0.073 0.205 0.135 0.285 0.082 0.147 
466    (0)   :  0.016 0.004 0.010 0.045 0.069 0.202 0.232 0.189 0.073 0.160 
467    (0)   :  0.013 0.004 0.011 0.066 0.078 0.104 0.133 0.340 0.096 0.153 
468    (0)   :  0.065 0.004 0.010 0.037 0.066 0.092 0.160 0.189 0.072 0.306 
469    (0)   :  0.156 0.004 0.010 0.031 0.062 0.088 0.076 0.352 0.078 0.144 
470    (0)   :  0.053 0.004 0.009 0.034 0.063 0.228 0.094 0.279 0.079 0.158 
471    (0)   :  0.008 0.005 0.016 0.060 0.067 0.187 0.222 0.200 0.083 0.154 
472    (0)   :  0.006 0.005 0.013 0.045 0.073 0.119 0.158 0.341 0.075 0.165 
473    (0)   :  0.014 0.004 0.010 0.066 0.090 0.108 0.149 0.231 0.112 0.217 
474    (0)   :  0.007 0.004 0.010 0.041 0.084 0.156 0.119 0.326 0.099 0.154 
475    (0)   :  0.009 0.004 0.010 0.048 0.121 0.216 0.117 0.230 0.107 0.136 
476    (0)   :  0.010 0.005 0.010 0.035 0.078 0.117 0.112 0.213 0.078 0.341 
477    (0)   :  0.011 0.005 0.019 0.034 0.108 0.233 0.132 0.173 0.095 0.190 
478    (0)   :  0.010 0.006 0.020 0.032 0.059 0.415 0.088 0.161 0.077 0.132 
479    (0)   :  0.013 0.004 0.010 0.034 0.060 0.174 0.088 0.223 0.078 0.316 
480    (0)   :  0.014 0.005 0.009 0.037 0.069 0.126 0.090 0.224 0.085 0.342 
481    (0)   :  0.006 0.004 0.017 0.088 0.065 0.143 0.158 0.250 0.083 0.185 
