

----------------------------------------------------
STRUCTURE by Pritchard, Stephens and Donnelly (2000)
     and Falush, Stephens and Pritchard (2003)
       Code by Pritchard, Falush and Hubisz
             Version 2.3.4 (Jul 2012)
----------------------------------------------------



Command line arguments:   ./structure -K 4 -D 104005 -m brooktrout/mainparams -e brooktrout/extraparams -o brooktrout/250914_output/results_K4_rep5 
Input File:    brooktrout/brooktrout.txt

Run parameters:
   8454 individuals
   5 loci
   4 populations assumed
   50000 Burn-in period
   100000 Reps
RANDOMIZE turned off


--------------------------------------------
Overall proportion of membership of the
sample in each of the 4 clusters

Inferred Clusters
  1      2      3      4    
0.106  0.321  0.198  0.375  

--------------------------------------------

Allele-freq. divergence among pops (Net nucleotide distance),
computed using point estimates of P.

      1       2       3       4      
 1      -    0.0495  0.0817  0.0705  
 2   0.0495     -    0.0656  0.0317  
 3   0.0817  0.0656     -    0.1051  
 4   0.0705  0.0317  0.1051     -    

Average distances (expected heterozygosity) between individuals in same cluster:
cluster  1  : 0.8181 
cluster  2  : 0.8349 
cluster  3  : 0.7436 
cluster  4  : 0.8133 

--------------------------------------------
Estimated Ln Prob of Data   = -180091.8
Mean value of ln likelihood = -173599.7
Variance of ln likelihood   = 12984.3

Mean value of alpha_1       = 0.0906
Mean value of alpha_2       = 0.2779
Mean value of alpha_3       = 0.1731
Mean value of alpha_4       = 0.3331
Allele frequencies uncorrelated


Inferred ancestry of individuals:
     (%Miss) :  Inferred clusters
  1    (0)   :  0.152 0.198 0.257 0.394 
  2    (0)   :  0.021 0.828 0.039 0.112 
  3    (0)   :  0.096 0.151 0.169 0.584 
  4    (0)   :  0.057 0.172 0.641 0.130 
  5    (0)   :  0.025 0.787 0.038 0.150 
  6    (0)   :  0.017 0.098 0.046 0.839 
  7    (0)   :  0.015 0.193 0.035 0.756 
  8    (0)   :  0.041 0.203 0.359 0.398 
  9    (0)   :  0.044 0.474 0.081 0.401 
 10    (0)   :  0.017 0.265 0.153 0.565 
 11    (0)   :  0.021 0.199 0.037 0.743 
 12    (0)   :  0.030 0.706 0.069 0.196 
 13    (0)   :  0.028 0.375 0.072 0.526 
 14    (0)   :  0.145 0.502 0.124 0.229 
 15    (0)   :  0.050 0.498 0.187 0.265 
 16    (0)   :  0.040 0.122 0.070 0.769 
 17    (0)   :  0.037 0.475 0.068 0.420 
 18    (0)   :  0.033 0.318 0.120 0.529 
 19    (0)   :  0.020 0.271 0.063 0.646 
 20    (0)   :  0.059 0.464 0.067 0.410 
 21    (0)   :  0.112 0.388 0.250 0.251 
 22    (0)   :  0.027 0.124 0.094 0.755 
 23    (0)   :  0.245 0.406 0.204 0.144 
 24    (0)   :  0.059 0.183 0.252 0.506 
 25    (0)   :  0.022 0.320 0.030 0.628 
 26    (0)   :  0.044 0.423 0.144 0.390 
 27    (0)   :  0.073 0.280 0.109 0.538 
 28    (0)   :  0.036 0.265 0.313 0.387 
 29    (0)   :  0.063 0.553 0.060 0.324 
 30    (0)   :  0.045 0.113 0.069 0.773 
 31    (0)   :  0.055 0.354 0.129 0.462 
 32    (0)   :  0.057 0.454 0.169 0.320 
 33    (0)   :  0.151 0.183 0.153 0.514 
 34    (0)   :  0.019 0.158 0.066 0.757 
 35    (0)   :  0.162 0.370 0.056 0.412 
 36    (0)   :  0.640 0.074 0.048 0.237 
 37    (0)   :  0.063 0.562 0.200 0.175 
 38    (0)   :  0.134 0.087 0.030 0.748 
 39    (0)   :  0.107 0.171 0.055 0.667 
 40    (0)   :  0.529 0.104 0.174 0.193 
 41    (0)   :  0.520 0.071 0.039 0.370 
 42    (0)   :  0.540 0.086 0.226 0.148 
 43    (0)   :  0.477 0.273 0.091 0.158 
 44    (0)   :  0.559 0.108 0.032 0.301 
 45    (0)   :  0.315 0.219 0.037 0.429 
 46    (0)   :  0.073 0.272 0.042 0.614 
 47    (0)   :  0.049 0.346 0.088 0.517 
 48    (0)   :  0.587 0.098 0.035 0.280 
 49    (0)   :  0.172 0.337 0.067 0.423 
 50    (0)   :  0.044 0.151 0.094 0.712 
 51    (0)   :  0.856 0.046 0.026 0.072 
 52    (0)   :  0.115 0.169 0.069 0.647 
 53    (0)   :  0.056 0.073 0.072 0.799 
 54    (0)   :  0.078 0.681 0.095 0.146 
 55    (0)   :  0.365 0.458 0.054 0.124 
 56    (0)   :  0.329 0.194 0.080 0.398 
 57    (0)   :  0.020 0.410 0.178 0.392 
 58    (0)   :  0.346 0.292 0.075 0.287 
 59    (0)   :  0.339 0.192 0.053 0.416 
 60    (0)   :  0.648 0.091 0.117 0.145 
 61    (0)   :  0.310 0.492 0.121 0.076 
 62    (0)   :  0.034 0.496 0.054 0.417 
 63    (0)   :  0.295 0.355 0.108 0.241 
 64    (0)   :  0.031 0.174 0.040 0.754 
 65    (0)   :  0.028 0.655 0.027 0.290 
 66    (0)   :  0.057 0.720 0.118 0.104 
 67    (0)   :  0.236 0.582 0.046 0.135 
 68    (0)   :  0.351 0.195 0.069 0.385 
 69    (0)   :  0.171 0.121 0.124 0.584 
 70    (0)   :  0.693 0.096 0.052 0.159 
 71    (0)   :  0.531 0.146 0.026 0.297 
 72    (0)   :  0.165 0.148 0.048 0.639 
 73    (0)   :  0.250 0.504 0.038 0.208 
 74    (0)   :  0.531 0.089 0.106 0.275 
 75    (0)   :  0.676 0.104 0.110 0.109 
 76    (0)   :  0.255 0.441 0.056 0.249 
 77    (0)   :  0.559 0.118 0.032 0.291 
 78    (0)   :  0.525 0.084 0.036 0.354 
 79    (0)   :  0.015 0.340 0.044 0.601 
 80    (0)   :  0.017 0.183 0.598 0.202 
 81    (0)   :  0.014 0.286 0.392 0.308 
 82    (0)   :  0.077 0.675 0.100 0.148 
 83    (0)   :  0.037 0.237 0.309 0.418 
 84    (0)   :  0.023 0.472 0.196 0.308 
 85    (0)   :  0.031 0.278 0.347 0.344 
 86    (0)   :  0.078 0.598 0.051 0.273 
 87    (0)   :  0.031 0.285 0.052 0.631 
 88    (0)   :  0.032 0.628 0.184 0.156 
 89    (0)   :  0.021 0.607 0.252 0.120 
 90    (0)   :  0.017 0.668 0.047 0.268 
 91    (0)   :  0.036 0.179 0.581 0.204 
 92    (0)   :  0.022 0.620 0.079 0.278 
 93    (0)   :  0.018 0.080 0.831 0.071 
 94    (0)   :  0.024 0.069 0.040 0.866 
 95    (0)   :  0.023 0.735 0.091 0.151 
 96    (0)   :  0.454 0.259 0.214 0.074 
 97    (0)   :  0.431 0.187 0.175 0.208 
 98    (0)   :  0.410 0.227 0.102 0.261 
 99    (0)   :  0.017 0.593 0.144 0.246 
100    (0)   :  0.027 0.261 0.644 0.068 
101    (0)   :  0.069 0.591 0.078 0.262 
102    (0)   :  0.106 0.340 0.353 0.202 
103    (0)   :  0.026 0.812 0.082 0.080 
104    (0)   :  0.050 0.484 0.060 0.406 
105    (0)   :  0.035 0.799 0.077 0.089 
106    (0)   :  0.027 0.143 0.021 0.809 
107    (0)   :  0.029 0.758 0.073 0.141 
108    (0)   :  0.502 0.251 0.037 0.210 
109    (0)   :  0.034 0.376 0.022 0.568 
110    (0)   :  0.024 0.226 0.031 0.720 
111    (0)   :  0.026 0.556 0.033 0.386 
112    (0)   :  0.033 0.147 0.025 0.795 
113    (0)   :  0.092 0.602 0.070 0.236 
114    (0)   :  0.034 0.547 0.079 0.340 
115    (0)   :  0.167 0.587 0.038 0.207 
116    (0)   :  0.114 0.247 0.025 0.614 
117    (0)   :  0.052 0.435 0.040 0.473 
118    (0)   :  0.032 0.802 0.033 0.133 
119    (0)   :  0.523 0.163 0.202 0.112 
120    (0)   :  0.047 0.629 0.041 0.283 
121    (0)   :  0.195 0.595 0.032 0.179 
122    (0)   :  0.025 0.227 0.030 0.717 
123    (0)   :  0.036 0.497 0.048 0.419 
124    (0)   :  0.104 0.340 0.033 0.523 
125    (0)   :  0.098 0.124 0.044 0.733 
126    (0)   :  0.111 0.208 0.058 0.623 
127    (0)   :  0.031 0.398 0.039 0.532 
128    (0)   :  0.033 0.835 0.033 0.099 
129    (0)   :  0.024 0.858 0.026 0.092 
130    (0)   :  0.019 0.660 0.068 0.253 
131    (0)   :  0.188 0.301 0.030 0.482 
132    (0)   :  0.030 0.334 0.026 0.610 
133    (0)   :  0.043 0.733 0.041 0.182 
134    (0)   :  0.015 0.130 0.018 0.837 
135    (0)   :  0.169 0.256 0.490 0.086 
136    (0)   :  0.016 0.084 0.830 0.069 
137    (0)   :  0.016 0.134 0.777 0.072 
138    (0)   :  0.026 0.054 0.851 0.070 
139    (0)   :  0.184 0.382 0.323 0.111 
140    (0)   :  0.085 0.182 0.529 0.204 
141    (0)   :  0.026 0.084 0.769 0.121 
142    (0)   :  0.203 0.176 0.541 0.079 
143    (0)   :  0.016 0.054 0.883 0.047 
144    (0)   :  0.018 0.127 0.789 0.065 
145    (0)   :  0.040 0.158 0.652 0.150 
146    (0)   :  0.062 0.241 0.496 0.201 
147    (0)   :  0.013 0.052 0.882 0.053 
148    (0)   :  0.052 0.201 0.624 0.123 
149    (0)   :  0.042 0.071 0.807 0.079 
150    (0)   :  0.023 0.338 0.540 0.098 
151    (0)   :  0.022 0.097 0.816 0.066 
152    (0)   :  0.093 0.190 0.571 0.147 
153    (0)   :  0.050 0.075 0.773 0.102 
154    (0)   :  0.027 0.107 0.798 0.068 
155    (0)   :  0.020 0.075 0.843 0.062 
156    (0)   :  0.115 0.144 0.674 0.066 
157    (0)   :  0.027 0.156 0.675 0.143 
158    (0)   :  0.029 0.119 0.712 0.140 
159    (0)   :  0.014 0.061 0.874 0.051 
160    (0)   :  0.014 0.075 0.859 0.052 
161    (0)   :  0.048 0.126 0.699 0.126 
162    (0)   :  0.062 0.321 0.408 0.209 
163    (0)   :  0.027 0.063 0.853 0.057 
164    (0)   :  0.026 0.470 0.382 0.122 
165    (0)   :  0.022 0.262 0.630 0.086 
166    (0)   :  0.070 0.204 0.561 0.165 
167    (0)   :  0.023 0.158 0.692 0.128 
168    (0)   :  0.053 0.072 0.758 0.116 
169    (0)   :  0.066 0.122 0.407 0.405 
170    (0)   :  0.075 0.129 0.730 0.066 
171    (0)   :  0.052 0.207 0.603 0.138 
172    (0)   :  0.240 0.071 0.520 0.169 
173    (0)   :  0.018 0.088 0.841 0.053 
174    (0)   :  0.015 0.089 0.825 0.071 
175    (0)   :  0.021 0.056 0.858 0.065 
176    (0)   :  0.018 0.128 0.788 0.066 
177    (0)   :  0.044 0.191 0.520 0.244 
178    (0)   :  0.017 0.109 0.768 0.105 
179    (0)   :  0.014 0.054 0.880 0.052 
180    (0)   :  0.048 0.135 0.643 0.174 
181    (0)   :  0.054 0.157 0.697 0.093 
182    (0)   :  0.032 0.183 0.735 0.051 
183    (0)   :  0.018 0.066 0.860 0.056 
184    (0)   :  0.030 0.768 0.045 0.157 
185    (0)   :  0.091 0.071 0.788 0.050 
186    (0)   :  0.025 0.789 0.038 0.148 
187    (0)   :  0.034 0.586 0.272 0.108 
188    (0)   :  0.022 0.835 0.029 0.113 
189    (0)   :  0.058 0.164 0.350 0.427 
190    (0)   :  0.494 0.206 0.254 0.045 
191    (0)   :  0.020 0.827 0.069 0.084 
192    (0)   :  0.026 0.681 0.183 0.110 
193    (0)   :  0.062 0.585 0.204 0.150 
194    (0)   :  0.065 0.680 0.158 0.097 
195    (0)   :  0.059 0.257 0.628 0.056 
196    (0)   :  0.313 0.408 0.200 0.080 
197    (0)   :  0.064 0.547 0.123 0.266 
198    (0)   :  0.058 0.523 0.149 0.269 
199    (0)   :  0.380 0.352 0.176 0.092 
200    (0)   :  0.243 0.379 0.182 0.196 
201    (0)   :  0.053 0.204 0.670 0.073 
202    (0)   :  0.140 0.189 0.602 0.070 
203    (0)   :  0.035 0.320 0.580 0.065 
204    (0)   :  0.058 0.690 0.196 0.056 
205    (0)   :  0.100 0.681 0.108 0.111 
206    (0)   :  0.041 0.728 0.166 0.065 
207    (0)   :  0.069 0.799 0.067 0.065 
208    (0)   :  0.126 0.489 0.312 0.073 
209    (0)   :  0.041 0.733 0.121 0.106 
210    (0)   :  0.040 0.708 0.184 0.068 
211    (0)   :  0.273 0.561 0.102 0.063 
212    (0)   :  0.048 0.118 0.742 0.092 
213    (0)   :  0.209 0.552 0.086 0.153 
214    (0)   :  0.062 0.204 0.663 0.071 
215    (0)   :  0.056 0.806 0.052 0.086 
216    (0)   :  0.038 0.756 0.060 0.146 
217    (0)   :  0.083 0.195 0.623 0.100 
218    (0)   :  0.034 0.740 0.121 0.105 
219    (0)   :  0.036 0.440 0.250 0.274 
220    (0)   :  0.026 0.843 0.070 0.061 
221    (0)   :  0.117 0.072 0.765 0.046 
222    (0)   :  0.035 0.627 0.110 0.228 
223    (0)   :  0.050 0.397 0.410 0.142 
224    (0)   :  0.033 0.533 0.370 0.065 
225    (0)   :  0.075 0.689 0.162 0.074 
226    (0)   :  0.110 0.405 0.175 0.310 
227    (0)   :  0.179 0.449 0.293 0.080 
228    (0)   :  0.147 0.296 0.502 0.054 
229    (0)   :  0.019 0.506 0.393 0.081 
230    (0)   :  0.024 0.680 0.232 0.063 
231    (0)   :  0.023 0.481 0.384 0.113 
232    (0)   :  0.103 0.482 0.246 0.169 
233    (0)   :  0.041 0.171 0.718 0.070 
234    (0)   :  0.032 0.624 0.175 0.169 
235    (0)   :  0.109 0.350 0.363 0.178 
236    (0)   :  0.047 0.478 0.371 0.103 
237    (0)   :  0.065 0.747 0.108 0.080 
238    (0)   :  0.068 0.244 0.594 0.094 
239    (0)   :  0.062 0.259 0.624 0.056 
240    (0)   :  0.069 0.253 0.583 0.095 
241    (0)   :  0.058 0.216 0.664 0.063 
242    (0)   :  0.043 0.394 0.289 0.274 
243    (0)   :  0.289 0.445 0.212 0.053 
244    (0)   :  0.034 0.445 0.456 0.065 
245    (0)   :  0.051 0.097 0.790 0.063 
246    (0)   :  0.081 0.195 0.623 0.101 
247    (0)   :  0.071 0.664 0.037 0.228 
248    (0)   :  0.062 0.815 0.040 0.083 
249    (0)   :  0.045 0.455 0.422 0.078 
250    (0)   :  0.028 0.681 0.205 0.086 
251    (0)   :  0.080 0.508 0.104 0.307 
252    (0)   :  0.060 0.542 0.296 0.102 
253    (0)   :  0.148 0.567 0.081 0.204 
254    (0)   :  0.041 0.675 0.124 0.160 
255    (0)   :  0.035 0.581 0.219 0.166 
256    (0)   :  0.105 0.424 0.393 0.078 
257    (0)   :  0.056 0.756 0.115 0.073 
258    (0)   :  0.133 0.637 0.098 0.132 
259    (0)   :  0.030 0.823 0.078 0.070 
260    (0)   :  0.032 0.497 0.274 0.197 
261    (0)   :  0.103 0.310 0.489 0.099 
262    (0)   :  0.217 0.135 0.589 0.059 
263    (0)   :  0.034 0.821 0.067 0.077 
264    (0)   :  0.045 0.415 0.033 0.507 
265    (0)   :  0.064 0.531 0.224 0.180 
266    (0)   :  0.074 0.090 0.787 0.049 
267    (0)   :  0.058 0.561 0.241 0.140 
268    (0)   :  0.306 0.420 0.194 0.079 
269    (0)   :  0.039 0.260 0.304 0.397 
270    (0)   :  0.031 0.774 0.062 0.133 
271    (0)   :  0.081 0.767 0.067 0.085 
272    (0)   :  0.206 0.467 0.102 0.225 
273    (0)   :  0.109 0.403 0.305 0.183 
274    (0)   :  0.059 0.671 0.113 0.157 
275    (0)   :  0.072 0.594 0.183 0.151 
276    (0)   :  0.310 0.372 0.083 0.236 
277    (0)   :  0.042 0.514 0.307 0.137 
278    (0)   :  0.139 0.695 0.078 0.087 
279    (0)   :  0.047 0.690 0.168 0.096 
280    (0)   :  0.126 0.387 0.197 0.290 
281    (0)   :  0.044 0.750 0.099 0.107 
282    (0)   :  0.032 0.294 0.537 0.138 
283    (0)   :  0.032 0.235 0.640 0.094 
284    (0)   :  0.053 0.653 0.191 0.103 
285    (0)   :  0.109 0.736 0.028 0.127 
286    (0)   :  0.033 0.437 0.465 0.065 
287    (0)   :  0.042 0.473 0.213 0.271 
288    (0)   :  0.076 0.572 0.110 0.243 
289    (0)   :  0.076 0.627 0.108 0.189 
290    (0)   :  0.238 0.384 0.093 0.285 
291    (0)   :  0.080 0.765 0.068 0.087 
292    (0)   :  0.266 0.240 0.278 0.216 
293    (0)   :  0.213 0.252 0.067 0.467 
294    (0)   :  0.058 0.769 0.069 0.104 
295    (0)   :  0.169 0.393 0.157 0.281 
296    (0)   :  0.049 0.793 0.076 0.081 
297    (0)   :  0.058 0.496 0.104 0.341 
298    (0)   :  0.023 0.503 0.345 0.130 
299    (0)   :  0.021 0.803 0.073 0.103 
300    (0)   :  0.056 0.790 0.057 0.097 
301    (0)   :  0.038 0.692 0.072 0.199 
302    (0)   :  0.110 0.718 0.073 0.099 
303    (0)   :  0.061 0.357 0.457 0.124 
304    (0)   :  0.033 0.285 0.402 0.280 
305    (0)   :  0.076 0.377 0.475 0.072 
306    (0)   :  0.067 0.205 0.602 0.126 
307    (0)   :  0.046 0.728 0.136 0.090 
308    (0)   :  0.103 0.311 0.486 0.100 
309    (0)   :  0.053 0.797 0.072 0.077 
310    (0)   :  0.134 0.393 0.410 0.064 
311    (0)   :  0.024 0.681 0.232 0.063 
312    (0)   :  0.033 0.842 0.066 0.059 
313    (0)   :  0.127 0.769 0.043 0.062 
314    (0)   :  0.022 0.043 0.886 0.049 
315    (0)   :  0.034 0.048 0.846 0.072 
316    (0)   :  0.024 0.049 0.844 0.083 
317    (0)   :  0.014 0.044 0.892 0.050 
318    (0)   :  0.011 0.043 0.893 0.053 
319    (0)   :  0.016 0.056 0.879 0.049 
320    (0)   :  0.023 0.043 0.884 0.049 
321    (0)   :  0.013 0.045 0.886 0.056 
322    (0)   :  0.034 0.051 0.837 0.078 
323    (0)   :  0.012 0.048 0.889 0.051 
324    (0)   :  0.013 0.044 0.888 0.056 
325    (0)   :  0.019 0.045 0.855 0.081 
326    (0)   :  0.020 0.043 0.860 0.077 
327    (0)   :  0.014 0.044 0.891 0.051 
328    (0)   :  0.027 0.056 0.838 0.078 
329    (0)   :  0.012 0.048 0.891 0.049 
330    (0)   :  0.014 0.043 0.892 0.051 
331    (0)   :  0.012 0.048 0.891 0.049 
332    (0)   :  0.018 0.047 0.845 0.090 
333    (0)   :  0.022 0.049 0.859 0.070 
334    (0)   :  0.025 0.056 0.840 0.079 
335    (0)   :  0.028 0.050 0.852 0.071 
336    (0)   :  0.016 0.042 0.886 0.056 
337    (0)   :  0.023 0.049 0.842 0.086 
338    (0)   :  0.011 0.043 0.891 0.055 
339    (0)   :  0.013 0.047 0.891 0.049 
340    (0)   :  0.013 0.046 0.895 0.046 
341    (0)   :  0.012 0.050 0.889 0.048 
342    (0)   :  0.014 0.044 0.891 0.050 
343    (0)   :  0.043 0.050 0.829 0.077 
344    (0)   :  0.012 0.044 0.895 0.049 
345    (0)   :  0.014 0.044 0.891 0.051 
346    (0)   :  0.012 0.042 0.896 0.050 
347    (0)   :  0.012 0.044 0.897 0.047 
348    (0)   :  0.054 0.050 0.830 0.066 
349    (0)   :  0.014 0.043 0.893 0.051 
350    (0)   :  0.019 0.053 0.878 0.050 
351    (0)   :  0.028 0.050 0.853 0.070 
352    (0)   :  0.026 0.047 0.850 0.077 
353    (0)   :  0.016 0.042 0.887 0.055 
354    (0)   :  0.012 0.049 0.890 0.050 
355    (0)   :  0.011 0.042 0.894 0.053 
356    (0)   :  0.071 0.056 0.806 0.067 
357    (0)   :  0.024 0.082 0.543 0.351 
358    (0)   :  0.019 0.049 0.854 0.078 
359    (0)   :  0.012 0.049 0.888 0.052 
360    (0)   :  0.012 0.041 0.898 0.049 
361    (0)   :  0.036 0.108 0.484 0.372 
362    (0)   :  0.033 0.258 0.060 0.649 
363    (0)   :  0.041 0.153 0.034 0.772 
364    (0)   :  0.031 0.207 0.315 0.447 
365    (0)   :  0.038 0.165 0.047 0.750 
366    (0)   :  0.253 0.150 0.109 0.488 
367    (0)   :  0.015 0.098 0.021 0.866 
368    (0)   :  0.017 0.680 0.039 0.263 
369    (0)   :  0.193 0.153 0.317 0.337 
370    (0)   :  0.033 0.780 0.045 0.142 
371    (0)   :  0.051 0.475 0.097 0.378 
372    (0)   :  0.046 0.731 0.079 0.144 
373    (0)   :  0.027 0.192 0.070 0.710 
374    (0)   :  0.029 0.191 0.297 0.482 
375    (0)   :  0.021 0.295 0.033 0.652 
376    (0)   :  0.016 0.068 0.026 0.890 
377    (0)   :  0.038 0.362 0.053 0.547 
378    (0)   :  0.026 0.244 0.183 0.547 
379    (0)   :  0.025 0.073 0.025 0.877 
380    (0)   :  0.123 0.112 0.147 0.617 
381    (0)   :  0.079 0.069 0.110 0.742 
382    (0)   :  0.015 0.142 0.035 0.808 
383    (0)   :  0.032 0.102 0.153 0.713 
384    (0)   :  0.036 0.234 0.104 0.626 
385    (0)   :  0.015 0.364 0.125 0.496 
386    (0)   :  0.022 0.115 0.033 0.829 
387    (0)   :  0.028 0.134 0.040 0.798 
388    (0)   :  0.022 0.486 0.199 0.293 
389    (0)   :  0.128 0.706 0.042 0.125 
390    (0)   :  0.248 0.164 0.035 0.553 
391    (0)   :  0.158 0.420 0.072 0.351 
392    (0)   :  0.025 0.103 0.076 0.795 
393    (0)   :  0.163 0.070 0.073 0.694 
394    (0)   :  0.026 0.214 0.249 0.511 
395    (0)   :  0.311 0.265 0.042 0.383 
396    (0)   :  0.018 0.215 0.025 0.742 
397    (0)   :  0.029 0.664 0.111 0.195 
398    (0)   :  0.024 0.083 0.025 0.869 
399    (0)   :  0.057 0.156 0.034 0.754 
400    (0)   :  0.025 0.089 0.050 0.836 
401    (0)   :  0.106 0.167 0.057 0.670 
402    (0)   :  0.126 0.303 0.053 0.518 
403    (0)   :  0.032 0.424 0.310 0.233 
404    (0)   :  0.036 0.393 0.076 0.495 
405    (0)   :  0.058 0.233 0.079 0.629 
406    (0)   :  0.750 0.063 0.052 0.134 
407    (0)   :  0.020 0.070 0.025 0.885 
408    (0)   :  0.173 0.530 0.024 0.274 
409    (0)   :  0.551 0.092 0.172 0.185 
410    (0)   :  0.034 0.136 0.072 0.758 
411    (0)   :  0.081 0.096 0.149 0.673 
412    (0)   :  0.017 0.384 0.040 0.559 
413    (0)   :  0.022 0.542 0.122 0.314 
414    (0)   :  0.018 0.447 0.027 0.508 
415    (0)   :  0.062 0.079 0.039 0.820 
416    (0)   :  0.054 0.113 0.064 0.769 
417    (0)   :  0.019 0.071 0.032 0.878 
418    (0)   :  0.014 0.185 0.026 0.774 
419    (0)   :  0.160 0.345 0.151 0.343 
420    (0)   :  0.234 0.119 0.033 0.615 
421    (0)   :  0.024 0.156 0.035 0.786 
422    (0)   :  0.212 0.311 0.044 0.433 
423    (0)   :  0.037 0.197 0.053 0.713 
424    (0)   :  0.169 0.330 0.057 0.443 
425    (0)   :  0.038 0.459 0.076 0.427 
426    (0)   :  0.026 0.266 0.067 0.641 
427    (0)   :  0.036 0.068 0.108 0.788 
428    (0)   :  0.163 0.260 0.130 0.447 
429    (0)   :  0.014 0.070 0.022 0.895 
430    (0)   :  0.028 0.080 0.031 0.862 
431    (0)   :  0.021 0.596 0.052 0.332 
432    (0)   :  0.023 0.569 0.047 0.362 
433    (0)   :  0.046 0.685 0.162 0.107 
434    (0)   :  0.041 0.316 0.116 0.527 
435    (0)   :  0.031 0.067 0.025 0.877 
436    (0)   :  0.036 0.042 0.043 0.878 
437    (0)   :  0.018 0.086 0.029 0.868 
438    (0)   :  0.458 0.106 0.055 0.381 
439    (0)   :  0.025 0.050 0.036 0.889 
440    (0)   :  0.026 0.047 0.021 0.906 
441    (0)   :  0.032 0.097 0.077 0.794 
442    (0)   :  0.036 0.123 0.029 0.812 
443    (0)   :  0.104 0.074 0.025 0.797 
444    (0)   :  0.047 0.090 0.029 0.834 
445    (0)   :  0.282 0.137 0.107 0.473 
446    (0)   :  0.029 0.089 0.029 0.853 
447    (0)   :  0.105 0.115 0.069 0.711 
448    (0)   :  0.031 0.108 0.031 0.831 
449    (0)   :  0.039 0.138 0.057 0.766 
450    (0)   :  0.015 0.095 0.056 0.835 
451    (0)   :  0.034 0.282 0.021 0.664 
452    (0)   :  0.016 0.064 0.046 0.875 
453    (0)   :  0.656 0.127 0.046 0.172 
454    (0)   :  0.024 0.084 0.061 0.830 
455    (0)   :  0.121 0.074 0.028 0.777 
456    (0)   :  0.098 0.082 0.026 0.794 
457    (0)   :  0.020 0.071 0.032 0.878 
458    (0)   :  0.024 0.071 0.034 0.870 
459    (0)   :  0.084 0.111 0.108 0.696 
460    (0)   :  0.026 0.056 0.027 0.891 
461    (0)   :  0.015 0.071 0.027 0.887 
462    (0)   :  0.048 0.102 0.020 0.830 
463    (0)   :  0.618 0.086 0.042 0.255 
464    (0)   :  0.057 0.068 0.026 0.849 
465    (0)   :  0.078 0.259 0.037 0.626 
466    (0)   :  0.300 0.150 0.029 0.520 
467    (0)   :  0.078 0.091 0.052 0.779 
468    (0)   :  0.060 0.056 0.027 0.857 
469    (0)   :  0.032 0.045 0.029 0.894 
470    (0)   :  0.025 0.057 0.025 0.893 
471    (0)   :  0.214 0.165 0.034 0.588 
472    (0)   :  0.081 0.154 0.037 0.728 
473    (0)   :  0.044 0.174 0.056 0.727 
474    (0)   :  0.033 0.066 0.048 0.853 
475    (0)   :  0.059 0.286 0.065 0.590 
476    (0)   :  0.031 0.054 0.034 0.881 
477    (0)   :  0.075 0.184 0.052 0.689 
478    (0)   :  0.022 0.137 0.024 0.816 
479    (0)   :  0.020 0.057 0.024 0.898 
480    (0)   :  0.017 0.050 0.029 0.904 
481    (0)   :  0.045 0.322 0.033 0.600 
482    (0)   :  0.015 0.054 0.024 0.908 
483    (0)   :  0.037 0.071 0.035 0.856 
484    (0)   :  0.284 0.124 0.041 0.551 
485    (0)   :  0.062 0.059 0.026 0.852 
486    (0)   :  0.096 0.600 0.049 0.255 
487    (0)   :  0.053 0.495 0.140 0.312 
488    (0)   :  0.028 0.770 0.061 0.141 
489    (0)   :  0.162 0.362 0.238 0.238 
490    (0)   :  0.072 0.341 0.027 0.560 
491    (0)   :  0.038 0.764 0.098 0.100 
492    (0)   :  0.116 0.528 0.190 0.167 
493    (0)   :  0.033 0.742 0.059 0.166 
494    (0)   :  0.052 0.653 0.092 0.203 
495    (0)   :  0.053 0.649 0.103 0.195 
496    (0)   :  0.103 0.487 0.280 0.130 
497    (0)   :  0.018 0.790 0.082 0.110 
498    (0)   :  0.157 0.433 0.085 0.325 
499    (0)   :  0.046 0.571 0.245 0.138 
500    (0)   :  0.038 0.531 0.063 0.368 
501    (0)   :  0.035 0.561 0.143 0.261 
502    (0)   :  0.026 0.587 0.160 0.227 
503    (0)   :  0.029 0.231 0.039 0.700 
504    (0)   :  0.046 0.743 0.040 0.171 
505    (0)   :  0.150 0.620 0.090 0.139 
506    (0)   :  0.035 0.493 0.165 0.306 
507    (0)   :  0.060 0.141 0.737 0.062 
508    (0)   :  0.151 0.228 0.552 0.070 
509    (0)   :  0.073 0.651 0.166 0.109 
510    (0)   :  0.036 0.405 0.273 0.287 
511    (0)   :  0.062 0.170 0.056 0.713 
512    (0)   :  0.021 0.144 0.032 0.803 
513    (0)   :  0.045 0.858 0.042 0.056 
514    (0)   :  0.040 0.599 0.051 0.310 
515    (0)   :  0.093 0.206 0.149 0.552 
516    (0)   :  0.066 0.755 0.050 0.129 
517    (0)   :  0.285 0.224 0.132 0.359 
518    (0)   :  0.022 0.545 0.218 0.215 
519    (0)   :  0.044 0.528 0.059 0.369 
520    (0)   :  0.403 0.112 0.258 0.227 
521    (0)   :  0.052 0.462 0.336 0.150 
522    (0)   :  0.202 0.152 0.045 0.601 
523    (0)   :  0.558 0.188 0.131 0.123 
524    (0)   :  0.133 0.165 0.081 0.621 
525    (0)   :  0.079 0.327 0.252 0.343 
526    (0)   :  0.707 0.073 0.054 0.166 
527    (0)   :  0.020 0.481 0.048 0.451 
528    (0)   :  0.058 0.242 0.604 0.095 
529    (0)   :  0.027 0.784 0.087 0.103 
530    (0)   :  0.125 0.156 0.100 0.619 
531    (0)   :  0.100 0.141 0.444 0.315 
532    (0)   :  0.072 0.401 0.284 0.242 
533    (0)   :  0.102 0.380 0.071 0.448 
534    (0)   :  0.081 0.769 0.079 0.072 
535    (0)   :  0.508 0.166 0.060 0.266 
536    (0)   :  0.286 0.236 0.149 0.328 
537    (0)   :  0.519 0.146 0.231 0.105 
538    (0)   :  0.267 0.330 0.207 0.196 
539    (0)   :  0.053 0.102 0.769 0.076 
540    (0)   :  0.218 0.284 0.271 0.226 
541    (0)   :  0.077 0.171 0.563 0.188 
542    (0)   :  0.670 0.120 0.043 0.167 
543    (0)   :  0.387 0.300 0.164 0.149 
544    (0)   :  0.669 0.117 0.076 0.139 
545    (0)   :  0.769 0.078 0.028 0.124 
546    (0)   :  0.400 0.301 0.145 0.154 
547    (0)   :  0.788 0.073 0.064 0.075 
548    (0)   :  0.028 0.685 0.200 0.086 
549    (0)   :  0.439 0.076 0.325 0.160 
550    (0)   :  0.553 0.064 0.050 0.333 
551    (0)   :  0.106 0.144 0.614 0.136 
552    (0)   :  0.279 0.324 0.253 0.145 
553    (0)   :  0.700 0.107 0.132 0.061 
554    (0)   :  0.098 0.325 0.157 0.420 
555    (0)   :  0.253 0.238 0.391 0.118 
556    (0)   :  0.330 0.386 0.138 0.146 
557    (0)   :  0.583 0.102 0.063 0.252 
558    (0)   :  0.013 0.050 0.025 0.911 
559    (0)   :  0.039 0.708 0.042 0.211 
560    (0)   :  0.020 0.138 0.019 0.822 
561    (0)   :  0.047 0.243 0.026 0.684 
562    (0)   :  0.048 0.269 0.020 0.662 
563    (0)   :  0.090 0.434 0.132 0.344 
564    (0)   :  0.073 0.697 0.047 0.183 
565    (0)   :  0.018 0.066 0.030 0.885 
566    (0)   :  0.021 0.083 0.020 0.876 
567    (0)   :  0.034 0.737 0.031 0.198 
568    (0)   :  0.088 0.454 0.046 0.411 
569    (0)   :  0.134 0.176 0.046 0.644 
570    (0)   :  0.013 0.071 0.022 0.895 
571    (0)   :  0.026 0.301 0.034 0.640 
572    (0)   :  0.468 0.104 0.174 0.254 
573    (0)   :  0.067 0.517 0.048 0.368 
574    (0)   :  0.037 0.134 0.121 0.708 
575    (0)   :  0.056 0.479 0.081 0.384 
576    (0)   :  0.016 0.151 0.020 0.813 
577    (0)   :  0.029 0.178 0.104 0.690 
578    (0)   :  0.029 0.299 0.036 0.635 
579    (0)   :  0.030 0.258 0.033 0.678 
580    (0)   :  0.021 0.128 0.055 0.796 
581    (0)   :  0.021 0.110 0.042 0.828 
582    (0)   :  0.030 0.071 0.024 0.875 
583    (0)   :  0.020 0.392 0.035 0.553 
584    (0)   :  0.018 0.194 0.024 0.763 
585    (0)   :  0.023 0.207 0.029 0.742 
586    (0)   :  0.033 0.246 0.045 0.676 
587    (0)   :  0.043 0.236 0.023 0.697 
588    (0)   :  0.146 0.760 0.033 0.061 
589    (0)   :  0.068 0.089 0.026 0.818 
590    (0)   :  0.024 0.604 0.030 0.342 
591    (0)   :  0.023 0.494 0.037 0.446 
592    (0)   :  0.137 0.371 0.030 0.463 
593    (0)   :  0.042 0.282 0.061 0.615 
594    (0)   :  0.021 0.779 0.052 0.148 
595    (0)   :  0.015 0.313 0.024 0.648 
596    (0)   :  0.174 0.331 0.060 0.436 
597    (0)   :  0.103 0.311 0.181 0.405 
598    (0)   :  0.014 0.055 0.024 0.908 
599    (0)   :  0.066 0.264 0.024 0.647 
600    (0)   :  0.041 0.129 0.070 0.759 
601    (0)   :  0.034 0.104 0.023 0.839 
602    (0)   :  0.024 0.711 0.091 0.174 
603    (0)   :  0.028 0.709 0.090 0.173 
604    (0)   :  0.045 0.336 0.074 0.545 
605    (0)   :  0.061 0.407 0.042 0.491 
606    (0)   :  0.056 0.598 0.113 0.233 
607    (0)   :  0.020 0.302 0.257 0.421 
608    (0)   :  0.027 0.124 0.457 0.393 
609    (0)   :  0.042 0.133 0.058 0.767 
610    (0)   :  0.114 0.144 0.045 0.697 
611    (0)   :  0.059 0.623 0.094 0.224 
612    (0)   :  0.035 0.067 0.035 0.863 
613    (0)   :  0.057 0.233 0.058 0.652 
614    (0)   :  0.024 0.119 0.035 0.822 
615    (0)   :  0.036 0.127 0.074 0.763 
616    (0)   :  0.020 0.405 0.161 0.414 
617    (0)   :  0.043 0.223 0.035 0.699 
618    (0)   :  0.083 0.193 0.167 0.558 
619    (0)   :  0.125 0.314 0.132 0.429 
620    (0)   :  0.109 0.480 0.023 0.388 
621    (0)   :  0.015 0.196 0.032 0.757 
622    (0)   :  0.102 0.275 0.123 0.501 
623    (0)   :  0.040 0.392 0.037 0.531 
624    (0)   :  0.028 0.085 0.129 0.758 
625    (0)   :  0.021 0.230 0.131 0.618 
626    (0)   :  0.206 0.099 0.455 0.239 
627    (0)   :  0.042 0.319 0.055 0.584 
628    (0)   :  0.037 0.452 0.059 0.453 
629    (0)   :  0.025 0.465 0.060 0.450 
630    (0)   :  0.040 0.145 0.053 0.762 
631    (0)   :  0.019 0.182 0.056 0.743 
632    (0)   :  0.089 0.522 0.208 0.180 
633    (0)   :  0.025 0.166 0.108 0.701 
634    (0)   :  0.073 0.295 0.190 0.442 
635    (0)   :  0.030 0.228 0.510 0.231 
636    (0)   :  0.033 0.145 0.225 0.596 
637    (0)   :  0.317 0.342 0.086 0.255 
638    (0)   :  0.021 0.520 0.087 0.372 
639    (0)   :  0.030 0.239 0.098 0.633 
640    (0)   :  0.016 0.254 0.045 0.685 
641    (0)   :  0.023 0.561 0.058 0.357 
642    (0)   :  0.094 0.232 0.522 0.152 
643    (0)   :  0.026 0.095 0.783 0.096 
644    (0)   :  0.031 0.211 0.593 0.165 
645    (0)   :  0.061 0.101 0.581 0.257 
646    (0)   :  0.115 0.571 0.104 0.210 
647    (0)   :  0.092 0.516 0.257 0.135 
648    (0)   :  0.089 0.481 0.263 0.166 
649    (0)   :  0.172 0.627 0.119 0.081 
650    (0)   :  0.073 0.678 0.121 0.129 
651    (0)   :  0.018 0.508 0.362 0.112 
652    (0)   :  0.034 0.276 0.558 0.132 
653    (0)   :  0.076 0.517 0.274 0.133 
654    (0)   :  0.173 0.213 0.490 0.123 
655    (0)   :  0.042 0.233 0.509 0.216 
656    (0)   :  0.114 0.539 0.195 0.151 
657    (0)   :  0.029 0.453 0.154 0.364 
658    (0)   :  0.130 0.386 0.195 0.290 
659    (0)   :  0.102 0.220 0.509 0.169 
660    (0)   :  0.053 0.262 0.603 0.082 
661    (0)   :  0.163 0.121 0.583 0.133 
662    (0)   :  0.267 0.591 0.073 0.069 
663    (0)   :  0.036 0.322 0.501 0.141 
664    (0)   :  0.097 0.261 0.229 0.413 
665    (0)   :  0.193 0.606 0.106 0.095 
666    (0)   :  0.099 0.275 0.495 0.131 
667    (0)   :  0.040 0.734 0.062 0.164 
668    (0)   :  0.084 0.209 0.456 0.251 
669    (0)   :  0.043 0.715 0.160 0.082 
670    (0)   :  0.021 0.086 0.840 0.052 
671    (0)   :  0.040 0.207 0.675 0.078 
672    (0)   :  0.067 0.101 0.681 0.151 
673    (0)   :  0.012 0.053 0.881 0.054 
674    (0)   :  0.029 0.100 0.771 0.100 
675    (0)   :  0.018 0.129 0.789 0.065 
676    (0)   :  0.014 0.050 0.885 0.051 
677    (0)   :  0.095 0.072 0.786 0.047 
678    (0)   :  0.012 0.060 0.876 0.052 
679    (0)   :  0.013 0.087 0.804 0.097 
680    (0)   :  0.023 0.077 0.820 0.080 
681    (0)   :  0.330 0.144 0.290 0.236 
682    (0)   :  0.024 0.058 0.837 0.082 
683    (0)   :  0.024 0.070 0.856 0.050 
684    (0)   :  0.014 0.063 0.870 0.053 
685    (0)   :  0.016 0.050 0.887 0.047 
686    (0)   :  0.119 0.091 0.712 0.078 
687    (0)   :  0.056 0.182 0.689 0.072 
688    (0)   :  0.022 0.093 0.814 0.072 
689    (0)   :  0.014 0.050 0.887 0.049 
690    (0)   :  0.014 0.050 0.884 0.051 
691    (0)   :  0.022 0.079 0.811 0.089 
692    (0)   :  0.014 0.093 0.815 0.079 
693    (0)   :  0.021 0.080 0.809 0.090 
694    (0)   :  0.016 0.047 0.893 0.044 
695    (0)   :  0.040 0.048 0.844 0.067 
696    (0)   :  0.020 0.095 0.813 0.071 
697    (0)   :  0.017 0.053 0.879 0.051 
698    (0)   :  0.015 0.053 0.880 0.052 
699    (0)   :  0.135 0.054 0.748 0.063 
700    (0)   :  0.093 0.055 0.746 0.105 
701    (0)   :  0.033 0.143 0.734 0.090 
702    (0)   :  0.065 0.109 0.706 0.120 
703    (0)   :  0.028 0.066 0.822 0.083 
704    (0)   :  0.030 0.081 0.823 0.066 
705    (0)   :  0.344 0.148 0.394 0.114 
706    (0)   :  0.037 0.056 0.835 0.073 
707    (0)   :  0.023 0.058 0.866 0.054 
708    (0)   :  0.018 0.067 0.864 0.051 
709    (0)   :  0.057 0.046 0.841 0.056 
710    (0)   :  0.018 0.044 0.893 0.046 
711    (0)   :  0.065 0.067 0.793 0.074 
712    (0)   :  0.066 0.060 0.829 0.045 
713    (0)   :  0.024 0.093 0.817 0.065 
714    (0)   :  0.019 0.133 0.748 0.099 
715    (0)   :  0.038 0.047 0.870 0.045 
716    (0)   :  0.036 0.049 0.845 0.070 
717    (0)   :  0.023 0.043 0.887 0.047 
718    (0)   :  0.045 0.112 0.766 0.077 
719    (0)   :  0.034 0.053 0.868 0.045 
720    (0)   :  0.022 0.296 0.037 0.645 
721    (0)   :  0.032 0.082 0.611 0.275 
722    (0)   :  0.045 0.133 0.070 0.752 
723    (0)   :  0.016 0.152 0.061 0.771 
724    (0)   :  0.024 0.088 0.191 0.697 
725    (0)   :  0.035 0.496 0.201 0.268 
726    (0)   :  0.061 0.157 0.117 0.664 
727    (0)   :  0.253 0.202 0.234 0.311 
728    (0)   :  0.018 0.053 0.022 0.907 
729    (0)   :  0.015 0.063 0.023 0.899 
730    (0)   :  0.016 0.244 0.040 0.701 
731    (0)   :  0.022 0.084 0.053 0.842 
732    (0)   :  0.017 0.149 0.061 0.773 
733    (0)   :  0.014 0.084 0.032 0.870 
734    (0)   :  0.014 0.078 0.022 0.885 
735    (0)   :  0.012 0.066 0.045 0.877 
736    (0)   :  0.019 0.105 0.043 0.834 
737    (0)   :  0.044 0.205 0.046 0.706 
738    (0)   :  0.016 0.203 0.038 0.743 
739    (0)   :  0.014 0.077 0.029 0.880 
740    (0)   :  0.021 0.314 0.597 0.068 
741    (0)   :  0.042 0.347 0.470 0.141 
742    (0)   :  0.019 0.396 0.156 0.428 
743    (0)   :  0.016 0.770 0.056 0.158 
744    (0)   :  0.139 0.695 0.063 0.103 
745    (0)   :  0.049 0.646 0.031 0.273 
746    (0)   :  0.023 0.616 0.160 0.201 
747    (0)   :  0.024 0.748 0.051 0.177 
748    (0)   :  0.016 0.524 0.333 0.126 
749    (0)   :  0.034 0.767 0.085 0.114 
750    (0)   :  0.019 0.810 0.060 0.112 
751    (0)   :  0.017 0.438 0.407 0.138 
752    (0)   :  0.021 0.743 0.063 0.174 
753    (0)   :  0.027 0.575 0.166 0.233 
754    (0)   :  0.034 0.352 0.395 0.219 
755    (0)   :  0.014 0.746 0.099 0.141 
756    (0)   :  0.019 0.742 0.138 0.101 
757    (0)   :  0.017 0.748 0.087 0.147 
758    (0)   :  0.021 0.846 0.027 0.106 
759    (0)   :  0.052 0.186 0.515 0.246 
760    (0)   :  0.018 0.682 0.076 0.224 
761    (0)   :  0.023 0.238 0.301 0.438 
762    (0)   :  0.012 0.483 0.042 0.463 
763    (0)   :  0.025 0.578 0.166 0.231 
764    (0)   :  0.015 0.805 0.049 0.131 
765    (0)   :  0.014 0.586 0.047 0.353 
766    (0)   :  0.013 0.558 0.283 0.145 
767    (0)   :  0.027 0.533 0.184 0.256 
768    (0)   :  0.012 0.488 0.041 0.459 
769    (0)   :  0.025 0.271 0.219 0.485 
770    (0)   :  0.015 0.417 0.040 0.527 
771    (0)   :  0.203 0.615 0.105 0.077 
772    (0)   :  0.076 0.414 0.277 0.232 
773    (0)   :  0.013 0.845 0.048 0.093 
774    (0)   :  0.022 0.395 0.424 0.160 
775    (0)   :  0.017 0.173 0.092 0.718 
776    (0)   :  0.019 0.755 0.041 0.185 
777    (0)   :  0.071 0.618 0.095 0.216 
778    (0)   :  0.045 0.680 0.137 0.138 
779    (0)   :  0.015 0.833 0.061 0.091 
780    (0)   :  0.015 0.592 0.271 0.122 
781    (0)   :  0.059 0.727 0.140 0.074 
782    (0)   :  0.014 0.833 0.061 0.092 
783    (0)   :  0.016 0.535 0.227 0.222 
784    (0)   :  0.022 0.454 0.065 0.459 
785    (0)   :  0.022 0.706 0.109 0.164 
786    (0)   :  0.018 0.378 0.425 0.179 
787    (0)   :  0.037 0.646 0.246 0.071 
788    (0)   :  0.038 0.649 0.068 0.245 
789    (0)   :  0.019 0.386 0.077 0.517 
790    (0)   :  0.016 0.607 0.179 0.199 
791    (0)   :  0.022 0.631 0.106 0.241 
792    (0)   :  0.053 0.498 0.371 0.077 
793    (0)   :  0.123 0.242 0.409 0.226 
794    (0)   :  0.054 0.432 0.134 0.380 
795    (0)   :  0.038 0.214 0.530 0.218 
796    (0)   :  0.067 0.512 0.156 0.266 
797    (0)   :  0.050 0.163 0.664 0.123 
798    (0)   :  0.131 0.078 0.026 0.765 
799    (0)   :  0.050 0.373 0.067 0.510 
800    (0)   :  0.237 0.232 0.453 0.078 
801    (0)   :  0.153 0.085 0.050 0.712 
802    (0)   :  0.261 0.118 0.208 0.413 
803    (0)   :  0.108 0.285 0.383 0.223 
804    (0)   :  0.266 0.352 0.108 0.274 
805    (0)   :  0.032 0.087 0.795 0.086 
806    (0)   :  0.529 0.128 0.067 0.276 
807    (0)   :  0.055 0.093 0.766 0.086 
808    (0)   :  0.192 0.248 0.443 0.117 
809    (0)   :  0.725 0.081 0.040 0.154 
810    (0)   :  0.041 0.298 0.175 0.487 
811    (0)   :  0.352 0.142 0.361 0.145 
812    (0)   :  0.819 0.072 0.024 0.086 
813    (0)   :  0.113 0.079 0.030 0.779 
814    (0)   :  0.389 0.420 0.046 0.145 
815    (0)   :  0.666 0.069 0.088 0.177 
816    (0)   :  0.263 0.126 0.273 0.338 
817    (0)   :  0.265 0.117 0.205 0.412 
818    (0)   :  0.067 0.328 0.074 0.531 
819    (0)   :  0.028 0.813 0.086 0.074 
820    (0)   :  0.062 0.669 0.119 0.151 
821    (0)   :  0.014 0.666 0.068 0.252 
822    (0)   :  0.025 0.550 0.024 0.401 
823    (0)   :  0.018 0.282 0.217 0.483 
824    (0)   :  0.018 0.652 0.120 0.210 
825    (0)   :  0.028 0.437 0.045 0.489 
826    (0)   :  0.019 0.726 0.033 0.222 
827    (0)   :  0.016 0.207 0.048 0.729 
828    (0)   :  0.016 0.245 0.085 0.654 
829    (0)   :  0.050 0.202 0.085 0.663 
830    (0)   :  0.013 0.256 0.033 0.699 
831    (0)   :  0.027 0.529 0.109 0.335 
832    (0)   :  0.169 0.258 0.119 0.454 
833    (0)   :  0.103 0.126 0.167 0.605 
834    (0)   :  0.031 0.343 0.111 0.515 
835    (0)   :  0.044 0.635 0.033 0.288 
836    (0)   :  0.117 0.663 0.056 0.163 
837    (0)   :  0.035 0.223 0.237 0.505 
838    (0)   :  0.101 0.741 0.029 0.129 
839    (0)   :  0.014 0.525 0.054 0.406 
840    (0)   :  0.100 0.634 0.126 0.140 
841    (0)   :  0.050 0.772 0.069 0.109 
842    (0)   :  0.016 0.694 0.025 0.266 
843    (0)   :  0.069 0.628 0.196 0.107 
844    (0)   :  0.051 0.561 0.118 0.270 
845    (0)   :  0.014 0.707 0.031 0.248 
846    (0)   :  0.022 0.781 0.067 0.129 
847    (0)   :  0.014 0.820 0.098 0.069 
848    (0)   :  0.026 0.828 0.052 0.095 
849    (0)   :  0.018 0.638 0.048 0.296 
850    (0)   :  0.022 0.313 0.050 0.615 
851    (0)   :  0.018 0.766 0.039 0.178 
852    (0)   :  0.015 0.187 0.513 0.285 
853    (0)   :  0.043 0.509 0.040 0.409 
854    (0)   :  0.017 0.340 0.223 0.420 
855    (0)   :  0.019 0.731 0.063 0.187 
856    (0)   :  0.018 0.706 0.092 0.185 
857    (0)   :  0.063 0.782 0.041 0.114 
858    (0)   :  0.018 0.765 0.036 0.180 
859    (0)   :  0.016 0.232 0.040 0.712 
860    (0)   :  0.029 0.711 0.036 0.223 
861    (0)   :  0.067 0.529 0.313 0.091 
862    (0)   :  0.036 0.056 0.032 0.875 
863    (0)   :  0.029 0.082 0.084 0.805 
864    (0)   :  0.015 0.054 0.062 0.869 
865    (0)   :  0.020 0.062 0.021 0.896 
866    (0)   :  0.019 0.190 0.036 0.756 
867    (0)   :  0.028 0.065 0.054 0.853 
868    (0)   :  0.034 0.135 0.040 0.792 
869    (0)   :  0.017 0.162 0.038 0.783 
870    (0)   :  0.091 0.166 0.027 0.717 
871    (0)   :  0.027 0.089 0.025 0.859 
872    (0)   :  0.014 0.070 0.035 0.881 
873    (0)   :  0.020 0.062 0.041 0.877 
874    (0)   :  0.027 0.059 0.025 0.889 
875    (0)   :  0.049 0.183 0.042 0.727 
876    (0)   :  0.065 0.333 0.032 0.570 
877    (0)   :  0.018 0.047 0.037 0.897 
878    (0)   :  0.034 0.237 0.059 0.671 
879    (0)   :  0.014 0.068 0.053 0.864 
880    (0)   :  0.088 0.137 0.033 0.742 
881    (0)   :  0.020 0.078 0.048 0.855 
882    (0)   :  0.012 0.067 0.043 0.878 
883    (0)   :  0.045 0.680 0.041 0.234 
884    (0)   :  0.016 0.063 0.021 0.901 
885    (0)   :  0.125 0.150 0.063 0.661 
886    (0)   :  0.019 0.129 0.059 0.793 
887    (0)   :  0.016 0.067 0.025 0.892 
888    (0)   :  0.101 0.255 0.099 0.545 
889    (0)   :  0.022 0.052 0.021 0.905 
890    (0)   :  0.030 0.107 0.021 0.842 
891    (0)   :  0.041 0.584 0.036 0.339 
892    (0)   :  0.034 0.664 0.040 0.262 
893    (0)   :  0.225 0.369 0.063 0.343 
894    (0)   :  0.016 0.203 0.024 0.757 
895    (0)   :  0.021 0.089 0.026 0.864 
896    (0)   :  0.046 0.744 0.060 0.150 
897    (0)   :  0.021 0.817 0.034 0.129 
898    (0)   :  0.041 0.260 0.082 0.618 
899    (0)   :  0.016 0.261 0.020 0.703 
900    (0)   :  0.042 0.588 0.032 0.338 
901    (0)   :  0.021 0.572 0.033 0.374 
902    (0)   :  0.123 0.636 0.047 0.193 
903    (0)   :  0.028 0.128 0.033 0.811 
904    (0)   :  0.035 0.306 0.071 0.588 
905    (0)   :  0.014 0.095 0.024 0.867 
906    (0)   :  0.081 0.361 0.047 0.511 
907    (0)   :  0.021 0.291 0.055 0.633 
908    (0)   :  0.016 0.299 0.043 0.642 
909    (0)   :  0.116 0.213 0.048 0.623 
910    (0)   :  0.090 0.517 0.047 0.346 
911    (0)   :  0.018 0.075 0.021 0.886 
912    (0)   :  0.024 0.208 0.025 0.743 
913    (0)   :  0.040 0.157 0.023 0.780 
914    (0)   :  0.025 0.440 0.141 0.394 
915    (0)   :  0.029 0.196 0.019 0.756 
916    (0)   :  0.022 0.533 0.031 0.415 
917    (0)   :  0.037 0.438 0.030 0.495 
918    (0)   :  0.036 0.187 0.116 0.661 
919    (0)   :  0.021 0.115 0.061 0.803 
920    (0)   :  0.021 0.248 0.047 0.684 
921    (0)   :  0.290 0.310 0.234 0.165 
922    (0)   :  0.410 0.396 0.044 0.150 
923    (0)   :  0.064 0.795 0.060 0.082 
924    (0)   :  0.239 0.616 0.040 0.105 
925    (0)   :  0.210 0.569 0.069 0.152 
926    (0)   :  0.783 0.103 0.052 0.062 
927    (0)   :  0.726 0.106 0.081 0.087 
928    (0)   :  0.181 0.538 0.219 0.061 
929    (0)   :  0.503 0.386 0.039 0.072 
930    (0)   :  0.406 0.391 0.075 0.127 
931    (0)   :  0.828 0.046 0.055 0.071 
932    (0)   :  0.816 0.088 0.027 0.070 
933    (0)   :  0.226 0.241 0.450 0.083 
