

----------------------------------------------------
STRUCTURE by Pritchard, Stephens and Donnelly (2000)
     and Falush, Stephens and Pritchard (2003)
       Code by Pritchard, Falush and Hubisz
             Version 2.3.4 (Jul 2012)
----------------------------------------------------



Command line arguments:   ./structure -K 8 -D 108017 -m brooktrout/mainparams -e brooktrout/extraparams -o brooktrout/250914_output/results_K8_rep17 
Input File:    brooktrout/brooktrout.txt

Run parameters:
   8454 individuals
   5 loci
   8 populations assumed
   50000 Burn-in period
   100000 Reps
RANDOMIZE turned off


--------------------------------------------
Overall proportion of membership of the
sample in each of the 8 clusters

Inferred Clusters
  1      2      3      4      5      6      7      8    
0.012  0.016  0.030  0.142  0.135  0.207  0.222  0.235  

--------------------------------------------

Allele-freq. divergence among pops (Net nucleotide distance),
computed using point estimates of P.

      1       2       3       4       5       6       7       8      
 1      -    0.1505  0.1624  0.1119  0.1432  0.1065  0.1191  0.0852  
 2   0.1505     -    0.2433  0.1553  0.1502  0.1409  0.2105  0.1718  
 3   0.1624  0.2433     -    0.1402  0.1629  0.1934  0.2141  0.1072  
 4   0.1119  0.1553  0.1402     -    0.1418  0.0986  0.1886  0.0725  
 5   0.1432  0.1502  0.1629  0.1418     -    0.1006  0.1283  0.1325  
 6   0.1065  0.1409  0.1934  0.0986  0.1006     -    0.1199  0.0870  
 7   0.1191  0.2105  0.2141  0.1886  0.1283  0.1199     -    0.1531  
 8   0.0852  0.1718  0.1072  0.0725  0.1325  0.0870  0.1531     -    

Average distances (expected heterozygosity) between individuals in same cluster:
cluster  1  : 0.8178 
cluster  2  : 0.7563 
cluster  3  : 0.6796 
cluster  4  : 0.7631 
cluster  5  : 0.7677 
cluster  6  : 0.7797 
cluster  7  : 0.7049 
cluster  8  : 0.7507 

--------------------------------------------
Estimated Ln Prob of Data   = -207518.5
Mean value of ln likelihood = -171922.6
Variance of ln likelihood   = 71191.7

Mean value of alpha_1       = 0.0458
Mean value of alpha_2       = 0.0545
Mean value of alpha_3       = 0.1083
Mean value of alpha_4       = 0.5192
Mean value of alpha_5       = 0.5136
Mean value of alpha_6       = 0.7800
Mean value of alpha_7       = 0.8055
Mean value of alpha_8       = 0.8672
Allele frequencies uncorrelated


Inferred ancestry of individuals:
     (%Miss) :  Inferred clusters
  1    (0)   :  0.008 0.007 0.019 0.094 0.226 0.119 0.243 0.284 
  2    (0)   :  0.005 0.007 0.010 0.071 0.059 0.606 0.100 0.141 
  3    (0)   :  0.011 0.005 0.022 0.087 0.196 0.121 0.193 0.366 
  4    (0)   :  0.018 0.007 0.026 0.102 0.109 0.144 0.472 0.122 
  5    (0)   :  0.006 0.008 0.012 0.085 0.059 0.555 0.104 0.171 
  6    (0)   :  0.009 0.005 0.012 0.087 0.054 0.145 0.129 0.558 
  7    (0)   :  0.008 0.006 0.016 0.323 0.058 0.139 0.108 0.342 
  8    (0)   :  0.057 0.007 0.028 0.120 0.102 0.111 0.328 0.248 
  9    (0)   :  0.018 0.011 0.014 0.088 0.115 0.293 0.163 0.299 
 10    (0)   :  0.012 0.008 0.014 0.112 0.063 0.142 0.245 0.404 
 11    (0)   :  0.006 0.008 0.017 0.259 0.081 0.134 0.102 0.392 
 12    (0)   :  0.007 0.006 0.012 0.091 0.066 0.462 0.161 0.195 
 13    (0)   :  0.010 0.009 0.014 0.121 0.086 0.288 0.166 0.307 
 14    (0)   :  0.005 0.006 0.027 0.069 0.167 0.349 0.172 0.206 
 15    (0)   :  0.008 0.006 0.039 0.129 0.098 0.260 0.284 0.178 
 16    (0)   :  0.006 0.008 0.016 0.091 0.126 0.112 0.132 0.510 
 17    (0)   :  0.021 0.011 0.017 0.093 0.120 0.224 0.161 0.354 
 18    (0)   :  0.016 0.008 0.033 0.067 0.095 0.310 0.173 0.297 
 19    (0)   :  0.008 0.006 0.013 0.101 0.063 0.183 0.147 0.479 
 20    (0)   :  0.007 0.007 0.028 0.195 0.101 0.267 0.168 0.226 
 21    (0)   :  0.006 0.006 0.017 0.073 0.183 0.244 0.259 0.212 
 22    (0)   :  0.014 0.006 0.013 0.069 0.084 0.142 0.177 0.494 
 23    (0)   :  0.011 0.023 0.030 0.087 0.190 0.230 0.270 0.158 
 24    (0)   :  0.007 0.007 0.018 0.081 0.142 0.129 0.264 0.352 
 25    (0)   :  0.008 0.007 0.027 0.157 0.066 0.293 0.087 0.356 
 26    (0)   :  0.012 0.006 0.020 0.091 0.087 0.246 0.240 0.297 
 27    (0)   :  0.008 0.008 0.014 0.082 0.143 0.208 0.164 0.373 
 28    (0)   :  0.007 0.007 0.017 0.155 0.079 0.164 0.341 0.231 
 29    (0)   :  0.005 0.009 0.012 0.158 0.139 0.295 0.135 0.248 
 30    (0)   :  0.007 0.007 0.014 0.064 0.111 0.162 0.140 0.494 
 31    (0)   :  0.036 0.013 0.013 0.129 0.144 0.221 0.205 0.239 
 32    (0)   :  0.007 0.005 0.024 0.096 0.097 0.242 0.251 0.277 
 33    (0)   :  0.007 0.006 0.016 0.128 0.190 0.133 0.197 0.323 
 34    (0)   :  0.010 0.018 0.023 0.250 0.064 0.114 0.163 0.358 
 35    (0)   :  0.019 0.019 0.011 0.073 0.228 0.252 0.109 0.289 
 36    (0)   :  0.005 0.006 0.051 0.065 0.487 0.120 0.096 0.170 
 37    (0)   :  0.010 0.006 0.012 0.087 0.154 0.281 0.240 0.209 
 38    (0)   :  0.006 0.016 0.229 0.165 0.154 0.142 0.086 0.201 
 39    (0)   :  0.010 0.014 0.026 0.144 0.181 0.208 0.123 0.295 
 40    (0)   :  0.005 0.007 0.017 0.054 0.447 0.149 0.131 0.191 
 41    (0)   :  0.009 0.018 0.018 0.112 0.437 0.103 0.078 0.225 
 42    (0)   :  0.006 0.009 0.035 0.066 0.406 0.092 0.238 0.150 
 43    (0)   :  0.011 0.009 0.011 0.091 0.370 0.212 0.139 0.157 
 44    (0)   :  0.012 0.008 0.009 0.070 0.407 0.181 0.080 0.233 
 45    (0)   :  0.006 0.014 0.040 0.081 0.317 0.273 0.082 0.187 
 46    (0)   :  0.018 0.008 0.014 0.100 0.156 0.242 0.120 0.342 
 47    (0)   :  0.034 0.015 0.011 0.083 0.127 0.231 0.157 0.341 
 48    (0)   :  0.015 0.012 0.013 0.058 0.392 0.216 0.088 0.206 
 49    (0)   :  0.012 0.022 0.016 0.084 0.237 0.214 0.135 0.281 
 50    (0)   :  0.017 0.012 0.015 0.143 0.103 0.186 0.140 0.385 
 51    (0)   :  0.004 0.007 0.031 0.054 0.619 0.105 0.074 0.105 
 52    (0)   :  0.014 0.015 0.014 0.149 0.229 0.134 0.144 0.301 
 53    (0)   :  0.011 0.012 0.098 0.126 0.166 0.119 0.146 0.324 
 54    (0)   :  0.012 0.012 0.009 0.078 0.177 0.374 0.167 0.172 
 55    (0)   :  0.009 0.009 0.011 0.073 0.318 0.325 0.119 0.136 
 56    (0)   :  0.010 0.013 0.025 0.061 0.268 0.236 0.142 0.244 
 57    (0)   :  0.028 0.013 0.015 0.110 0.069 0.158 0.294 0.313 
 58    (0)   :  0.006 0.014 0.020 0.085 0.340 0.239 0.121 0.176 
 59    (0)   :  0.006 0.026 0.062 0.094 0.294 0.195 0.118 0.206 
 60    (0)   :  0.005 0.006 0.022 0.068 0.490 0.128 0.153 0.129 
 61    (0)   :  0.005 0.008 0.009 0.063 0.321 0.309 0.186 0.099 
 62    (0)   :  0.016 0.039 0.013 0.088 0.090 0.328 0.150 0.276 
 63    (0)   :  0.005 0.006 0.016 0.151 0.273 0.196 0.169 0.183 
 64    (0)   :  0.008 0.009 0.031 0.084 0.095 0.251 0.099 0.423 
 65    (0)   :  0.006 0.009 0.013 0.259 0.075 0.319 0.085 0.234 
 66    (0)   :  0.005 0.008 0.013 0.114 0.115 0.341 0.256 0.148 
 67    (0)   :  0.008 0.009 0.009 0.080 0.328 0.325 0.098 0.144 
 68    (0)   :  0.008 0.024 0.066 0.087 0.295 0.187 0.140 0.193 
 69    (0)   :  0.011 0.057 0.198 0.131 0.124 0.138 0.155 0.186 
 70    (0)   :  0.005 0.006 0.025 0.139 0.474 0.091 0.123 0.137 
 71    (0)   :  0.006 0.024 0.050 0.092 0.333 0.233 0.074 0.188 
 72    (0)   :  0.007 0.005 0.021 0.082 0.277 0.131 0.093 0.383 
 73    (0)   :  0.006 0.024 0.017 0.094 0.246 0.386 0.088 0.139 
 74    (0)   :  0.005 0.006 0.054 0.061 0.440 0.119 0.143 0.172 
 75    (0)   :  0.006 0.008 0.032 0.051 0.461 0.133 0.171 0.137 
 76    (0)   :  0.007 0.006 0.012 0.173 0.295 0.220 0.113 0.175 
 77    (0)   :  0.005 0.016 0.046 0.145 0.326 0.186 0.079 0.195 
 78    (0)   :  0.006 0.020 0.158 0.144 0.276 0.141 0.085 0.170 
 79    (0)   :  0.006 0.006 0.016 0.169 0.059 0.271 0.119 0.354 
 80    (0)   :  0.006 0.006 0.013 0.124 0.068 0.151 0.487 0.146 
 81    (0)   :  0.007 0.005 0.014 0.163 0.053 0.172 0.400 0.187 
 82    (0)   :  0.006 0.011 0.013 0.108 0.156 0.359 0.188 0.159 
 83    (0)   :  0.006 0.005 0.030 0.180 0.086 0.181 0.304 0.209 
 84    (0)   :  0.005 0.005 0.016 0.199 0.066 0.183 0.281 0.244 
 85    (0)   :  0.006 0.005 0.035 0.097 0.081 0.182 0.322 0.272 
 86    (0)   :  0.008 0.010 0.014 0.097 0.146 0.421 0.110 0.193 
 87    (0)   :  0.006 0.007 0.030 0.331 0.096 0.199 0.133 0.198 
 88    (0)   :  0.006 0.006 0.014 0.153 0.093 0.250 0.308 0.170 
 89    (0)   :  0.007 0.006 0.013 0.115 0.074 0.251 0.367 0.168 
 90    (0)   :  0.005 0.006 0.014 0.286 0.065 0.290 0.140 0.194 
 91    (0)   :  0.006 0.005 0.033 0.100 0.092 0.137 0.446 0.181 
 92    (0)   :  0.006 0.006 0.014 0.142 0.075 0.339 0.173 0.245 
 93    (0)   :  0.005 0.006 0.011 0.063 0.075 0.120 0.595 0.125 
 94    (0)   :  0.005 0.005 0.044 0.455 0.089 0.098 0.116 0.187 
 95    (0)   :  0.005 0.005 0.013 0.298 0.080 0.217 0.248 0.134 
 96    (0)   :  0.005 0.008 0.010 0.068 0.268 0.285 0.254 0.102 
 97    (0)   :  0.007 0.008 0.049 0.056 0.295 0.203 0.199 0.184 
 98    (0)   :  0.004 0.008 0.012 0.072 0.263 0.278 0.128 0.235 
 99    (0)   :  0.005 0.006 0.014 0.214 0.059 0.226 0.258 0.219 
100    (0)   :  0.006 0.007 0.010 0.056 0.085 0.252 0.487 0.097 
101    (0)   :  0.008 0.007 0.033 0.206 0.146 0.248 0.174 0.178 
102    (0)   :  0.007 0.013 0.026 0.168 0.163 0.140 0.348 0.136 
103    (0)   :  0.006 0.008 0.011 0.162 0.072 0.419 0.200 0.123 
104    (0)   :  0.006 0.006 0.011 0.407 0.059 0.226 0.146 0.140 
105    (0)   :  0.007 0.017 0.010 0.259 0.074 0.317 0.196 0.120 
106    (0)   :  0.005 0.005 0.020 0.401 0.074 0.160 0.069 0.266 
107    (0)   :  0.008 0.009 0.011 0.281 0.076 0.298 0.189 0.127 
108    (0)   :  0.004 0.005 0.191 0.068 0.094 0.424 0.103 0.110 
109    (0)   :  0.007 0.100 0.037 0.250 0.088 0.231 0.074 0.213 
110    (0)   :  0.006 0.007 0.019 0.462 0.072 0.109 0.076 0.248 
111    (0)   :  0.006 0.014 0.011 0.472 0.061 0.212 0.106 0.117 
112    (0)   :  0.005 0.147 0.018 0.406 0.105 0.099 0.079 0.142 
113    (0)   :  0.007 0.007 0.027 0.099 0.127 0.398 0.135 0.200 
114    (0)   :  0.005 0.012 0.010 0.373 0.056 0.229 0.177 0.138 
115    (0)   :  0.008 0.014 0.015 0.314 0.204 0.190 0.112 0.143 
116    (0)   :  0.007 0.011 0.035 0.250 0.200 0.209 0.073 0.215 
117    (0)   :  0.009 0.018 0.019 0.404 0.109 0.110 0.093 0.238 
118    (0)   :  0.005 0.012 0.017 0.130 0.066 0.559 0.096 0.114 
119    (0)   :  0.005 0.006 0.021 0.124 0.291 0.176 0.261 0.117 
120    (0)   :  0.006 0.023 0.014 0.311 0.124 0.229 0.135 0.157 
121    (0)   :  0.027 0.034 0.018 0.290 0.237 0.164 0.084 0.145 
122    (0)   :  0.005 0.010 0.017 0.324 0.070 0.205 0.095 0.275 
123    (0)   :  0.006 0.008 0.021 0.399 0.090 0.188 0.128 0.160 
124    (0)   :  0.016 0.017 0.019 0.233 0.169 0.218 0.087 0.241 
125    (0)   :  0.007 0.018 0.031 0.183 0.187 0.111 0.094 0.371 
126    (0)   :  0.004 0.006 0.020 0.281 0.205 0.166 0.125 0.194 
127    (0)   :  0.007 0.009 0.010 0.477 0.068 0.218 0.110 0.101 
128    (0)   :  0.005 0.010 0.010 0.101 0.071 0.579 0.095 0.129 
129    (0)   :  0.008 0.009 0.011 0.245 0.068 0.455 0.085 0.119 
130    (0)   :  0.008 0.019 0.011 0.341 0.055 0.241 0.179 0.146 
131    (0)   :  0.012 0.025 0.098 0.241 0.171 0.137 0.076 0.239 
132    (0)   :  0.005 0.008 0.015 0.301 0.072 0.303 0.076 0.219 
133    (0)   :  0.009 0.011 0.016 0.306 0.076 0.321 0.124 0.137 
134    (0)   :  0.005 0.009 0.014 0.539 0.057 0.118 0.061 0.197 
135    (0)   :  0.007 0.013 0.016 0.054 0.210 0.192 0.400 0.108 
136    (0)   :  0.007 0.008 0.012 0.049 0.066 0.122 0.590 0.148 
137    (0)   :  0.006 0.018 0.012 0.089 0.067 0.090 0.608 0.111 
138    (0)   :  0.005 0.005 0.015 0.051 0.086 0.092 0.624 0.121 
139    (0)   :  0.005 0.008 0.014 0.055 0.127 0.372 0.273 0.147 
140    (0)   :  0.006 0.007 0.016 0.078 0.155 0.176 0.378 0.185 
141    (0)   :  0.007 0.009 0.016 0.052 0.081 0.141 0.475 0.219 
142    (0)   :  0.006 0.014 0.014 0.053 0.217 0.212 0.381 0.103 
143    (0)   :  0.005 0.005 0.010 0.045 0.069 0.091 0.684 0.092 
144    (0)   :  0.006 0.016 0.012 0.088 0.073 0.091 0.615 0.100 
145    (0)   :  0.008 0.010 0.016 0.053 0.118 0.177 0.396 0.223 
146    (0)   :  0.009 0.006 0.017 0.093 0.104 0.146 0.412 0.211 
147    (0)   :  0.006 0.005 0.011 0.047 0.059 0.083 0.690 0.100 
148    (0)   :  0.006 0.011 0.011 0.068 0.110 0.190 0.438 0.166 
149    (0)   :  0.007 0.009 0.016 0.050 0.163 0.126 0.503 0.126 
150    (0)   :  0.007 0.018 0.011 0.121 0.082 0.157 0.472 0.133 
151    (0)   :  0.006 0.005 0.010 0.062 0.084 0.131 0.587 0.115 
152    (0)   :  0.006 0.010 0.025 0.065 0.143 0.166 0.421 0.163 
153    (0)   :  0.005 0.006 0.015 0.063 0.162 0.097 0.513 0.140 
154    (0)   :  0.008 0.009 0.012 0.048 0.102 0.164 0.515 0.141 
155    (0)   :  0.006 0.005 0.010 0.063 0.064 0.118 0.632 0.104 
156    (0)   :  0.005 0.007 0.010 0.062 0.190 0.132 0.505 0.089 
157    (0)   :  0.005 0.005 0.012 0.134 0.065 0.102 0.549 0.128 
158    (0)   :  0.007 0.010 0.017 0.052 0.108 0.137 0.443 0.225 
159    (0)   :  0.006 0.006 0.011 0.047 0.056 0.100 0.676 0.097 
160    (0)   :  0.007 0.007 0.011 0.048 0.055 0.120 0.656 0.097 
161    (0)   :  0.005 0.006 0.016 0.067 0.148 0.127 0.449 0.181 
162    (0)   :  0.012 0.007 0.015 0.089 0.097 0.203 0.371 0.206 
163    (0)   :  0.005 0.005 0.010 0.059 0.109 0.098 0.621 0.094 
164    (0)   :  0.011 0.006 0.013 0.077 0.065 0.261 0.413 0.153 
165    (0)   :  0.007 0.018 0.011 0.119 0.084 0.127 0.515 0.120 
166    (0)   :  0.006 0.006 0.034 0.129 0.119 0.142 0.435 0.128 
167    (0)   :  0.018 0.007 0.014 0.069 0.053 0.132 0.533 0.174 
168    (0)   :  0.006 0.005 0.039 0.061 0.126 0.105 0.511 0.146 
169    (0)   :  0.009 0.011 0.051 0.051 0.126 0.123 0.331 0.298 
170    (0)   :  0.006 0.006 0.011 0.061 0.198 0.167 0.438 0.113 
171    (0)   :  0.006 0.006 0.028 0.065 0.092 0.197 0.432 0.173 
172    (0)   :  0.006 0.009 0.039 0.048 0.287 0.116 0.344 0.151 
173    (0)   :  0.006 0.006 0.010 0.047 0.057 0.152 0.625 0.097 
174    (0)   :  0.006 0.005 0.010 0.064 0.058 0.121 0.611 0.124 
175    (0)   :  0.006 0.006 0.010 0.047 0.091 0.102 0.596 0.141 
176    (0)   :  0.006 0.016 0.012 0.087 0.072 0.091 0.617 0.099 
177    (0)   :  0.006 0.006 0.020 0.136 0.093 0.114 0.440 0.185 
178    (0)   :  0.007 0.005 0.011 0.063 0.057 0.139 0.523 0.195 
179    (0)   :  0.005 0.005 0.010 0.047 0.052 0.106 0.675 0.100 
180    (0)   :  0.011 0.007 0.018 0.073 0.111 0.124 0.473 0.183 
181    (0)   :  0.007 0.008 0.015 0.052 0.134 0.191 0.452 0.141 
182    (0)   :  0.007 0.007 0.010 0.047 0.087 0.196 0.555 0.091 
183    (0)   :  0.005 0.005 0.010 0.048 0.065 0.118 0.645 0.104 
184    (0)   :  0.007 0.006 0.015 0.068 0.064 0.580 0.104 0.155 
185    (0)   :  0.005 0.007 0.010 0.042 0.197 0.092 0.570 0.077 
186    (0)   :  0.007 0.005 0.010 0.097 0.070 0.527 0.100 0.184 
187    (0)   :  0.005 0.005 0.012 0.067 0.068 0.390 0.324 0.129 
188    (0)   :  0.007 0.005 0.009 0.076 0.061 0.613 0.080 0.149 
189    (0)   :  0.006 0.005 0.044 0.069 0.141 0.176 0.303 0.258 
190    (0)   :  0.004 0.008 0.009 0.045 0.311 0.268 0.283 0.072 
191    (0)   :  0.005 0.007 0.009 0.054 0.052 0.600 0.153 0.120 
192    (0)   :  0.005 0.005 0.011 0.084 0.069 0.377 0.294 0.155 
193    (0)   :  0.005 0.009 0.012 0.065 0.095 0.375 0.263 0.176 
194    (0)   :  0.005 0.005 0.011 0.079 0.154 0.342 0.265 0.138 
195    (0)   :  0.005 0.006 0.009 0.045 0.141 0.329 0.377 0.088 
196    (0)   :  0.004 0.007 0.012 0.060 0.162 0.414 0.245 0.094 
197    (0)   :  0.008 0.006 0.011 0.111 0.102 0.287 0.225 0.250 
198    (0)   :  0.005 0.005 0.015 0.089 0.128 0.289 0.214 0.255 
199    (0)   :  0.006 0.008 0.016 0.064 0.309 0.313 0.185 0.099 
200    (0)   :  0.005 0.011 0.021 0.061 0.148 0.374 0.231 0.148 
201    (0)   :  0.005 0.005 0.009 0.051 0.079 0.279 0.467 0.105 
202    (0)   :  0.005 0.007 0.009 0.063 0.219 0.184 0.425 0.089 
203    (0)   :  0.005 0.007 0.009 0.050 0.069 0.340 0.433 0.087 
204    (0)   :  0.005 0.006 0.009 0.048 0.124 0.512 0.213 0.083 
205    (0)   :  0.005 0.006 0.016 0.060 0.121 0.504 0.178 0.111 
206    (0)   :  0.006 0.005 0.009 0.047 0.072 0.547 0.213 0.101 
207    (0)   :  0.004 0.008 0.009 0.060 0.114 0.584 0.131 0.090 
208    (0)   :  0.005 0.006 0.009 0.052 0.078 0.437 0.317 0.097 
209    (0)   :  0.005 0.008 0.010 0.058 0.080 0.502 0.206 0.132 
210    (0)   :  0.005 0.006 0.009 0.057 0.076 0.527 0.221 0.100 
211    (0)   :  0.006 0.015 0.009 0.083 0.187 0.374 0.238 0.088 
212    (0)   :  0.005 0.006 0.010 0.048 0.150 0.175 0.468 0.138 
213    (0)   :  0.005 0.007 0.013 0.097 0.291 0.294 0.154 0.139 
214    (0)   :  0.005 0.007 0.009 0.052 0.099 0.250 0.478 0.101 
215    (0)   :  0.004 0.007 0.014 0.061 0.068 0.609 0.136 0.100 
216    (0)   :  0.008 0.006 0.013 0.078 0.083 0.473 0.135 0.204 
217    (0)   :  0.005 0.006 0.014 0.051 0.107 0.289 0.419 0.108 
218    (0)   :  0.005 0.006 0.014 0.065 0.064 0.545 0.190 0.112 
219    (0)   :  0.012 0.005 0.023 0.070 0.079 0.315 0.287 0.209 
220    (0)   :  0.005 0.006 0.009 0.052 0.060 0.624 0.152 0.092 
221    (0)   :  0.005 0.007 0.009 0.044 0.253 0.135 0.465 0.082 
222    (0)   :  0.010 0.005 0.013 0.080 0.082 0.348 0.197 0.264 
223    (0)   :  0.005 0.005 0.015 0.072 0.081 0.277 0.389 0.157 
224    (0)   :  0.006 0.006 0.009 0.049 0.071 0.399 0.360 0.101 
225    (0)   :  0.005 0.006 0.011 0.057 0.133 0.464 0.218 0.106 
226    (0)   :  0.007 0.007 0.109 0.071 0.079 0.361 0.217 0.150 
227    (0)   :  0.005 0.006 0.009 0.068 0.229 0.314 0.278 0.091 
228    (0)   :  0.006 0.009 0.010 0.043 0.241 0.262 0.348 0.082 
229    (0)   :  0.005 0.006 0.009 0.054 0.059 0.382 0.379 0.107 
230    (0)   :  0.005 0.007 0.009 0.052 0.065 0.467 0.302 0.094 
231    (0)   :  0.005 0.006 0.009 0.052 0.058 0.400 0.329 0.141 
232    (0)   :  0.006 0.007 0.016 0.081 0.221 0.257 0.251 0.162 
233    (0)   :  0.005 0.006 0.009 0.052 0.070 0.236 0.521 0.101 
234    (0)   :  0.004 0.005 0.011 0.074 0.065 0.390 0.248 0.201 
235    (0)   :  0.006 0.006 0.018 0.064 0.110 0.316 0.335 0.146 
236    (0)   :  0.005 0.006 0.011 0.062 0.073 0.325 0.390 0.128 
237    (0)   :  0.005 0.008 0.009 0.055 0.131 0.545 0.144 0.102 
238    (0)   :  0.005 0.006 0.009 0.067 0.108 0.240 0.443 0.123 
239    (0)   :  0.005 0.006 0.009 0.045 0.141 0.331 0.374 0.089 
240    (0)   :  0.005 0.006 0.009 0.066 0.108 0.243 0.442 0.122 
241    (0)   :  0.006 0.007 0.012 0.054 0.129 0.244 0.444 0.105 
242    (0)   :  0.006 0.007 0.021 0.059 0.113 0.363 0.251 0.180 
243    (0)   :  0.004 0.009 0.009 0.050 0.149 0.438 0.261 0.079 
244    (0)   :  0.005 0.007 0.009 0.049 0.070 0.393 0.374 0.093 
245    (0)   :  0.005 0.005 0.009 0.057 0.142 0.149 0.533 0.101 
246    (0)   :  0.005 0.005 0.014 0.051 0.109 0.288 0.421 0.108 
247    (0)   :  0.004 0.006 0.016 0.162 0.119 0.411 0.095 0.187 
248    (0)   :  0.004 0.006 0.010 0.068 0.075 0.628 0.101 0.108 
249    (0)   :  0.005 0.007 0.009 0.056 0.092 0.348 0.382 0.101 
250    (0)   :  0.005 0.006 0.011 0.065 0.066 0.412 0.310 0.125 
251    (0)   :  0.005 0.009 0.038 0.079 0.090 0.388 0.179 0.211 
252    (0)   :  0.005 0.005 0.011 0.060 0.127 0.362 0.302 0.127 
253    (0)   :  0.005 0.006 0.022 0.101 0.200 0.381 0.137 0.150 
254    (0)   :  0.008 0.005 0.011 0.069 0.080 0.421 0.206 0.200 
255    (0)   :  0.005 0.007 0.010 0.063 0.074 0.389 0.278 0.173 
256    (0)   :  0.005 0.007 0.011 0.057 0.128 0.352 0.327 0.113 
257    (0)   :  0.009 0.008 0.012 0.071 0.085 0.475 0.219 0.121 
258    (0)   :  0.004 0.007 0.012 0.077 0.151 0.415 0.184 0.149 
259    (0)   :  0.005 0.006 0.011 0.060 0.075 0.520 0.208 0.115 
260    (0)   :  0.008 0.005 0.011 0.076 0.072 0.257 0.349 0.223 
261    (0)   :  0.005 0.005 0.012 0.056 0.153 0.266 0.381 0.121 
262    (0)   :  0.005 0.007 0.013 0.044 0.240 0.248 0.361 0.082 
263    (0)   :  0.007 0.007 0.009 0.056 0.072 0.603 0.126 0.120 
264    (0)   :  0.012 0.006 0.013 0.076 0.075 0.363 0.084 0.371 
265    (0)   :  0.005 0.005 0.017 0.063 0.070 0.422 0.272 0.147 
266    (0)   :  0.005 0.006 0.009 0.044 0.186 0.156 0.511 0.082 
267    (0)   :  0.005 0.008 0.010 0.068 0.101 0.386 0.274 0.147 
268    (0)   :  0.004 0.007 0.012 0.060 0.162 0.416 0.246 0.093 
269    (0)   :  0.005 0.005 0.030 0.068 0.070 0.281 0.291 0.248 
270    (0)   :  0.008 0.006 0.010 0.076 0.071 0.513 0.135 0.180 
271    (0)   :  0.005 0.008 0.014 0.074 0.087 0.517 0.172 0.124 
272    (0)   :  0.006 0.010 0.105 0.074 0.096 0.411 0.177 0.120 
273    (0)   :  0.036 0.021 0.030 0.095 0.081 0.292 0.261 0.185 
274    (0)   :  0.005 0.006 0.022 0.070 0.074 0.469 0.200 0.153 
275    (0)   :  0.009 0.011 0.034 0.061 0.071 0.451 0.221 0.143 
276    (0)   :  0.007 0.011 0.068 0.081 0.157 0.414 0.145 0.118 
277    (0)   :  0.005 0.005 0.014 0.069 0.079 0.323 0.331 0.174 
278    (0)   :  0.004 0.007 0.015 0.059 0.079 0.571 0.167 0.098 
279    (0)   :  0.005 0.006 0.014 0.067 0.081 0.434 0.249 0.144 
280    (0)   :  0.006 0.006 0.027 0.061 0.122 0.358 0.219 0.201 
281    (0)   :  0.005 0.006 0.013 0.082 0.077 0.467 0.201 0.148 
282    (0)   :  0.005 0.005 0.012 0.065 0.064 0.231 0.466 0.152 
283    (0)   :  0.005 0.005 0.009 0.063 0.076 0.230 0.505 0.107 
284    (0)   :  0.004 0.007 0.012 0.081 0.089 0.355 0.309 0.142 
285    (0)   :  0.004 0.009 0.016 0.068 0.114 0.572 0.078 0.139 
286    (0)   :  0.005 0.007 0.009 0.049 0.070 0.392 0.375 0.092 
287    (0)   :  0.006 0.005 0.022 0.084 0.073 0.350 0.268 0.192 
288    (0)   :  0.006 0.007 0.069 0.065 0.067 0.499 0.167 0.119 
289    (0)   :  0.008 0.010 0.046 0.087 0.081 0.496 0.147 0.126 
290    (0)   :  0.008 0.014 0.012 0.059 0.215 0.316 0.166 0.210 
291    (0)   :  0.005 0.007 0.014 0.073 0.088 0.518 0.170 0.125 
292    (0)   :  0.005 0.005 0.027 0.056 0.246 0.250 0.245 0.166 
293    (0)   :  0.007 0.011 0.012 0.064 0.206 0.282 0.123 0.295 
294    (0)   :  0.009 0.007 0.012 0.056 0.124 0.563 0.114 0.116 
295    (0)   :  0.007 0.015 0.054 0.085 0.177 0.349 0.175 0.139 
296    (0)   :  0.005 0.007 0.014 0.065 0.073 0.578 0.162 0.096 
297    (0)   :  0.006 0.006 0.025 0.065 0.100 0.420 0.163 0.215 
298    (0)   :  0.005 0.005 0.011 0.071 0.060 0.312 0.382 0.154 
299    (0)   :  0.009 0.006 0.009 0.061 0.063 0.545 0.152 0.155 
300    (0)   :  0.005 0.007 0.013 0.054 0.107 0.585 0.104 0.126 
301    (0)   :  0.007 0.006 0.016 0.067 0.069 0.516 0.134 0.184 
302    (0)   :  0.008 0.010 0.013 0.057 0.150 0.524 0.125 0.113 
303    (0)   :  0.005 0.007 0.013 0.054 0.113 0.318 0.341 0.149 
304    (0)   :  0.009 0.006 0.009 0.099 0.068 0.156 0.391 0.261 
305    (0)   :  0.005 0.007 0.014 0.046 0.130 0.424 0.284 0.091 
306    (0)   :  0.006 0.005 0.019 0.058 0.111 0.256 0.415 0.131 
307    (0)   :  0.006 0.006 0.014 0.068 0.086 0.397 0.276 0.146 
308    (0)   :  0.005 0.005 0.012 0.056 0.153 0.267 0.382 0.121 
309    (0)   :  0.017 0.026 0.020 0.074 0.073 0.539 0.149 0.102 
310    (0)   :  0.005 0.007 0.009 0.049 0.121 0.396 0.320 0.093 
311    (0)   :  0.005 0.007 0.009 0.052 0.064 0.470 0.301 0.092 
312    (0)   :  0.004 0.006 0.009 0.059 0.073 0.609 0.152 0.087 
313    (0)   :  0.005 0.007 0.011 0.055 0.151 0.583 0.102 0.087 
314    (0)   :  0.005 0.007 0.013 0.045 0.110 0.084 0.647 0.089 
315    (0)   :  0.005 0.005 0.023 0.057 0.128 0.083 0.591 0.108 
316    (0)   :  0.008 0.007 0.046 0.063 0.072 0.089 0.581 0.133 
317    (0)   :  0.005 0.007 0.014 0.046 0.060 0.083 0.691 0.093 
318    (0)   :  0.006 0.006 0.014 0.047 0.046 0.079 0.700 0.102 
319    (0)   :  0.005 0.005 0.010 0.046 0.064 0.095 0.683 0.091 
320    (0)   :  0.005 0.007 0.013 0.045 0.111 0.084 0.647 0.088 
321    (0)   :  0.005 0.007 0.014 0.047 0.056 0.081 0.687 0.102 
322    (0)   :  0.008 0.007 0.039 0.062 0.108 0.096 0.560 0.119 
323    (0)   :  0.015 0.005 0.012 0.048 0.049 0.083 0.691 0.097 
324    (0)   :  0.005 0.007 0.014 0.048 0.057 0.081 0.684 0.103 
325    (0)   :  0.006 0.006 0.043 0.061 0.066 0.083 0.613 0.123 
326    (0)   :  0.015 0.012 0.079 0.062 0.069 0.083 0.563 0.118 
327    (0)   :  0.006 0.007 0.014 0.046 0.060 0.082 0.693 0.094 
328    (0)   :  0.005 0.005 0.027 0.060 0.096 0.096 0.589 0.121 
329    (0)   :  0.005 0.005 0.010 0.047 0.050 0.078 0.707 0.098 
330    (0)   :  0.005 0.007 0.014 0.046 0.060 0.083 0.692 0.093 
331    (0)   :  0.005 0.005 0.010 0.046 0.049 0.086 0.703 0.097 
332    (0)   :  0.023 0.008 0.058 0.062 0.068 0.081 0.577 0.124 
333    (0)   :  0.014 0.008 0.046 0.063 0.078 0.091 0.582 0.117 
334    (0)   :  0.005 0.005 0.026 0.060 0.095 0.096 0.592 0.120 
335    (0)   :  0.005 0.005 0.025 0.060 0.100 0.087 0.610 0.108 
336    (0)   :  0.020 0.008 0.016 0.048 0.083 0.079 0.650 0.097 
337    (0)   :  0.005 0.008 0.043 0.061 0.087 0.086 0.586 0.124 
338    (0)   :  0.007 0.007 0.016 0.048 0.046 0.079 0.694 0.104 
339    (0)   :  0.005 0.005 0.011 0.046 0.048 0.086 0.702 0.098 
340    (0)   :  0.005 0.005 0.010 0.045 0.051 0.088 0.707 0.090 
341    (0)   :  0.016 0.008 0.016 0.049 0.054 0.091 0.668 0.098 
342    (0)   :  0.006 0.007 0.014 0.046 0.060 0.082 0.692 0.093 
343    (0)   :  0.013 0.006 0.025 0.057 0.180 0.083 0.527 0.109 
344    (0)   :  0.005 0.005 0.010 0.046 0.047 0.078 0.710 0.098 
345    (0)   :  0.006 0.007 0.014 0.047 0.060 0.082 0.692 0.094 
346    (0)   :  0.005 0.006 0.014 0.046 0.049 0.080 0.708 0.092 
347    (0)   :  0.005 0.005 0.010 0.045 0.050 0.078 0.717 0.090 
348    (0)   :  0.005 0.005 0.020 0.054 0.192 0.087 0.541 0.097 
349    (0)   :  0.005 0.007 0.014 0.046 0.060 0.082 0.693 0.094 
350    (0)   :  0.005 0.005 0.010 0.045 0.084 0.092 0.668 0.092 
351    (0)   :  0.005 0.005 0.024 0.059 0.101 0.087 0.609 0.109 
352    (0)   :  0.005 0.007 0.039 0.059 0.095 0.087 0.595 0.111 
353    (0)   :  0.020 0.008 0.016 0.048 0.082 0.079 0.649 0.097 
354    (0)   :  0.007 0.006 0.012 0.048 0.049 0.083 0.694 0.101 
355    (0)   :  0.006 0.006 0.014 0.047 0.046 0.079 0.702 0.100 
356    (0)   :  0.004 0.005 0.019 0.053 0.220 0.087 0.514 0.097 
357    (0)   :  0.005 0.006 0.039 0.069 0.069 0.108 0.428 0.276 
358    (0)   :  0.006 0.005 0.030 0.062 0.070 0.082 0.620 0.125 
359    (0)   :  0.006 0.005 0.011 0.047 0.049 0.087 0.695 0.100 
360    (0)   :  0.005 0.006 0.014 0.047 0.049 0.079 0.708 0.092 
361    (0)   :  0.005 0.006 0.038 0.069 0.101 0.117 0.384 0.281 
362    (0)   :  0.006 0.008 0.050 0.138 0.094 0.293 0.122 0.291 
363    (0)   :  0.008 0.009 0.026 0.196 0.093 0.207 0.090 0.371 
364    (0)   :  0.028 0.013 0.017 0.093 0.095 0.184 0.276 0.295 
365    (0)   :  0.018 0.021 0.036 0.090 0.083 0.165 0.103 0.482 
366    (0)   :  0.006 0.011 0.032 0.068 0.211 0.214 0.157 0.300 
367    (0)   :  0.005 0.006 0.030 0.459 0.058 0.106 0.073 0.263 
368    (0)   :  0.006 0.006 0.015 0.142 0.060 0.411 0.118 0.243 
369    (0)   :  0.009 0.016 0.017 0.073 0.279 0.162 0.198 0.247 
370    (0)   :  0.016 0.014 0.021 0.195 0.078 0.358 0.129 0.189 
371    (0)   :  0.013 0.014 0.016 0.083 0.099 0.311 0.156 0.308 
372    (0)   :  0.048 0.035 0.025 0.121 0.071 0.424 0.135 0.140 
373    (0)   :  0.007 0.009 0.014 0.247 0.089 0.169 0.177 0.287 
374    (0)   :  0.007 0.018 0.041 0.104 0.085 0.171 0.277 0.297 
375    (0)   :  0.021 0.011 0.019 0.162 0.059 0.201 0.087 0.440 
376    (0)   :  0.113 0.008 0.024 0.128 0.067 0.090 0.081 0.488 
377    (0)   :  0.008 0.009 0.035 0.091 0.076 0.361 0.123 0.296 
378    (0)   :  0.006 0.009 0.014 0.350 0.072 0.155 0.253 0.142 
379    (0)   :  0.207 0.012 0.026 0.148 0.076 0.103 0.073 0.355 
380    (0)   :  0.014 0.011 0.082 0.059 0.150 0.139 0.188 0.357 
381    (0)   :  0.011 0.009 0.017 0.053 0.207 0.097 0.153 0.452 
382    (0)   :  0.005 0.006 0.016 0.177 0.053 0.150 0.104 0.490 
383    (0)   :  0.025 0.012 0.121 0.059 0.061 0.156 0.194 0.373 
384    (0)   :  0.086 0.022 0.030 0.120 0.062 0.128 0.161 0.390 
385    (0)   :  0.008 0.201 0.014 0.090 0.052 0.153 0.223 0.259 
386    (0)   :  0.005 0.006 0.022 0.189 0.076 0.150 0.093 0.461 
387    (0)   :  0.005 0.006 0.018 0.176 0.083 0.133 0.113 0.465 
388    (0)   :  0.019 0.025 0.023 0.113 0.059 0.192 0.252 0.318 
389    (0)   :  0.010 0.041 0.016 0.085 0.111 0.502 0.105 0.131 
390    (0)   :  0.021 0.020 0.057 0.261 0.210 0.112 0.083 0.237 
391    (0)   :  0.017 0.047 0.028 0.203 0.171 0.211 0.140 0.183 
392    (0)   :  0.009 0.005 0.016 0.119 0.076 0.156 0.167 0.451 
393    (0)   :  0.009 0.008 0.073 0.076 0.207 0.095 0.146 0.386 
394    (0)   :  0.005 0.005 0.033 0.196 0.069 0.156 0.288 0.247 
395    (0)   :  0.004 0.005 0.048 0.136 0.188 0.283 0.101 0.234 
396    (0)   :  0.006 0.006 0.012 0.169 0.060 0.192 0.075 0.481 
397    (0)   :  0.105 0.006 0.011 0.069 0.089 0.297 0.195 0.226 
398    (0)   :  0.043 0.006 0.068 0.243 0.087 0.107 0.082 0.365 
399    (0)   :  0.005 0.010 0.039 0.430 0.106 0.156 0.104 0.150 
400    (0)   :  0.008 0.007 0.015 0.202 0.096 0.102 0.130 0.440 
401    (0)   :  0.005 0.007 0.015 0.329 0.173 0.141 0.134 0.196 
402    (0)   :  0.008 0.008 0.013 0.162 0.164 0.189 0.133 0.324 
403    (0)   :  0.008 0.017 0.022 0.118 0.087 0.166 0.367 0.214 
404    (0)   :  0.008 0.011 0.013 0.091 0.091 0.246 0.156 0.384 
405    (0)   :  0.005 0.005 0.037 0.096 0.119 0.237 0.140 0.359 
406    (0)   :  0.005 0.006 0.230 0.063 0.243 0.151 0.167 0.136 
407    (0)   :  0.005 0.005 0.043 0.086 0.070 0.120 0.074 0.597 
408    (0)   :  0.004 0.005 0.011 0.330 0.191 0.251 0.070 0.137 
409    (0)   :  0.011 0.011 0.046 0.076 0.359 0.105 0.203 0.189 
410    (0)   :  0.087 0.010 0.040 0.189 0.105 0.128 0.132 0.309 
411    (0)   :  0.022 0.006 0.015 0.099 0.134 0.109 0.183 0.432 
412    (0)   :  0.005 0.006 0.014 0.153 0.058 0.329 0.107 0.327 
413    (0)   :  0.005 0.006 0.014 0.201 0.059 0.237 0.224 0.254 
414    (0)   :  0.005 0.010 0.011 0.233 0.056 0.299 0.078 0.307 
415    (0)   :  0.006 0.007 0.029 0.128 0.152 0.139 0.101 0.438 
416    (0)   :  0.006 0.017 0.014 0.166 0.190 0.125 0.131 0.350 
417    (0)   :  0.006 0.006 0.142 0.142 0.076 0.131 0.090 0.406 
418    (0)   :  0.007 0.005 0.013 0.300 0.054 0.172 0.088 0.360 
419    (0)   :  0.013 0.022 0.025 0.128 0.142 0.150 0.223 0.299 
420    (0)   :  0.004 0.006 0.013 0.297 0.297 0.124 0.081 0.177 
421    (0)   :  0.007 0.006 0.054 0.180 0.083 0.215 0.094 0.360 
422    (0)   :  0.007 0.007 0.052 0.077 0.149 0.336 0.100 0.273 
423    (0)   :  0.009 0.006 0.038 0.147 0.091 0.225 0.132 0.352 
424    (0)   :  0.008 0.013 0.048 0.329 0.169 0.127 0.130 0.176 
425    (0)   :  0.025 0.038 0.020 0.113 0.076 0.199 0.162 0.369 
426    (0)   :  0.038 0.027 0.059 0.272 0.077 0.152 0.161 0.213 
427    (0)   :  0.005 0.006 0.072 0.195 0.074 0.089 0.175 0.385 
428    (0)   :  0.023 0.007 0.137 0.079 0.158 0.177 0.193 0.226 
429    (0)   :  0.006 0.005 0.021 0.235 0.055 0.113 0.072 0.492 
430    (0)   :  0.006 0.007 0.087 0.106 0.111 0.145 0.084 0.455 
431    (0)   :  0.010 0.012 0.032 0.258 0.066 0.286 0.153 0.182 
432    (0)   :  0.006 0.006 0.014 0.165 0.069 0.344 0.127 0.270 
433    (0)   :  0.010 0.006 0.013 0.097 0.089 0.297 0.325 0.163 
434    (0)   :  0.006 0.008 0.014 0.074 0.119 0.241 0.159 0.379 
435    (0)   :  0.005 0.005 0.155 0.165 0.085 0.116 0.080 0.390 
436    (0)   :  0.008 0.008 0.251 0.203 0.109 0.068 0.115 0.237 
437    (0)   :  0.009 0.005 0.029 0.089 0.061 0.131 0.088 0.590 
438    (0)   :  0.006 0.006 0.159 0.161 0.299 0.090 0.114 0.165 
439    (0)   :  0.005 0.006 0.178 0.137 0.103 0.078 0.099 0.393 
440    (0)   :  0.004 0.006 0.261 0.193 0.070 0.093 0.067 0.307 
441    (0)   :  0.006 0.007 0.049 0.115 0.124 0.112 0.145 0.443 
442    (0)   :  0.006 0.015 0.015 0.157 0.110 0.150 0.087 0.461 
443    (0)   :  0.004 0.008 0.037 0.363 0.243 0.101 0.073 0.170 
444    (0)   :  0.006 0.013 0.028 0.153 0.129 0.132 0.085 0.453 
445    (0)   :  0.047 0.007 0.033 0.073 0.359 0.092 0.131 0.258 
446    (0)   :  0.049 0.007 0.095 0.318 0.090 0.072 0.087 0.282 
447    (0)   :  0.006 0.023 0.187 0.114 0.158 0.121 0.143 0.249 
448    (0)   :  0.005 0.006 0.046 0.126 0.092 0.137 0.091 0.498 
449    (0)   :  0.006 0.006 0.048 0.109 0.109 0.141 0.134 0.448 
450    (0)   :  0.008 0.006 0.016 0.114 0.065 0.087 0.131 0.573 
451    (0)   :  0.005 0.006 0.025 0.390 0.069 0.216 0.068 0.221 
452    (0)   :  0.006 0.006 0.025 0.142 0.063 0.088 0.125 0.545 
453    (0)   :  0.005 0.007 0.017 0.120 0.490 0.131 0.095 0.135 
454    (0)   :  0.005 0.006 0.063 0.130 0.081 0.126 0.144 0.445 
455    (0)   :  0.005 0.006 0.196 0.173 0.201 0.081 0.078 0.261 
456    (0)   :  0.006 0.007 0.051 0.149 0.229 0.122 0.077 0.358 
457    (0)   :  0.006 0.005 0.051 0.082 0.073 0.110 0.093 0.580 
458    (0)   :  0.046 0.007 0.050 0.141 0.111 0.090 0.095 0.459 
459    (0)   :  0.005 0.006 0.060 0.264 0.152 0.072 0.155 0.284 
460    (0)   :  0.005 0.006 0.048 0.391 0.102 0.079 0.082 0.288 
461    (0)   :  0.007 0.006 0.016 0.475 0.060 0.077 0.086 0.274 
462    (0)   :  0.008 0.033 0.027 0.159 0.183 0.180 0.062 0.347 
463    (0)   :  0.004 0.006 0.180 0.080 0.360 0.129 0.096 0.145 
464    (0)   :  0.004 0.005 0.049 0.357 0.183 0.091 0.078 0.233 
465    (0)   :  0.007 0.006 0.029 0.291 0.153 0.142 0.093 0.279 
466    (0)   :  0.004 0.005 0.046 0.226 0.291 0.128 0.078 0.222 
467    (0)   :  0.006 0.007 0.032 0.156 0.242 0.149 0.108 0.300 
468    (0)   :  0.006 0.005 0.246 0.073 0.147 0.106 0.077 0.338 
469    (0)   :  0.005 0.006 0.416 0.091 0.080 0.076 0.083 0.244 
470    (0)   :  0.005 0.005 0.226 0.233 0.077 0.090 0.082 0.283 
471    (0)   :  0.006 0.010 0.020 0.180 0.210 0.172 0.090 0.312 
472    (0)   :  0.007 0.007 0.017 0.117 0.218 0.155 0.085 0.394 
473    (0)   :  0.006 0.006 0.056 0.094 0.101 0.197 0.127 0.414 
474    (0)   :  0.005 0.006 0.023 0.139 0.142 0.091 0.120 0.474 
475    (0)   :  0.006 0.006 0.028 0.257 0.145 0.127 0.145 0.286 
476    (0)   :  0.008 0.006 0.030 0.148 0.156 0.081 0.090 0.481 
477    (0)   :  0.007 0.010 0.031 0.338 0.159 0.117 0.120 0.218 
478    (0)   :  0.007 0.009 0.021 0.581 0.067 0.092 0.078 0.146 
479    (0)   :  0.005 0.005 0.067 0.192 0.073 0.085 0.078 0.495 
480    (0)   :  0.006 0.005 0.056 0.113 0.067 0.084 0.088 0.581 
481    (0)   :  0.006 0.009 0.018 0.107 0.090 0.270 0.087 0.413 
482    (0)   :  0.006 0.005 0.027 0.213 0.058 0.082 0.079 0.530 
483    (0)   :  0.006 0.006 0.244 0.179 0.091 0.082 0.103 0.289 
484    (0)   :  0.005 0.008 0.186 0.095 0.261 0.127 0.092 0.224 
485    (0)   :  0.005 0.005 0.469 0.150 0.069 0.077 0.079 0.146 
486    (0)   :  0.008 0.017 0.014 0.142 0.128 0.367 0.117 0.206 
487    (0)   :  0.010 0.015 0.014 0.106 0.113 0.268 0.219 0.254 
488    (0)   :  0.008 0.031 0.015 0.188 0.073 0.343 0.176 0.166 
489    (0)   :  0.010 0.010 0.010 0.063 0.154 0.274 0.205 0.274 
490    (0)   :  0.006 0.010 0.015 0.277 0.162 0.214 0.081 0.235 
491    (0)   :  0.007 0.020 0.011 0.066 0.096 0.446 0.194 0.160 
492    (0)   :  0.005 0.018 0.013 0.221 0.169 0.138 0.301 0.135 
493    (0)   :  0.014 0.022 0.011 0.095 0.074 0.452 0.142 0.190 
494    (0)   :  0.032 0.021 0.019 0.095 0.122 0.334 0.185 0.192 
495    (0)   :  0.029 0.057 0.013 0.265 0.152 0.127 0.220 0.135 
496    (0)   :  0.006 0.005 0.015 0.081 0.179 0.222 0.324 0.168 
497    (0)   :  0.018 0.045 0.012 0.065 0.061 0.415 0.187 0.197 
498    (0)   :  0.009 0.036 0.015 0.138 0.151 0.291 0.121 0.239 
499    (0)   :  0.021 0.010 0.013 0.068 0.097 0.289 0.310 0.191 
500    (0)   :  0.017 0.007 0.021 0.079 0.076 0.389 0.130 0.281 
501    (0)   :  0.012 0.008 0.015 0.120 0.093 0.190 0.270 0.292 
502    (0)   :  0.008 0.015 0.014 0.187 0.077 0.167 0.311 0.220 
503    (0)   :  0.008 0.006 0.018 0.096 0.072 0.229 0.105 0.467 
504    (0)   :  0.008 0.039 0.014 0.264 0.136 0.257 0.113 0.170 
505    (0)   :  0.008 0.011 0.017 0.092 0.159 0.407 0.180 0.126 
506    (0)   :  0.007 0.017 0.011 0.189 0.094 0.235 0.272 0.174 
507    (0)   :  0.007 0.005 0.011 0.049 0.162 0.167 0.494 0.104 
508    (0)   :  0.014 0.009 0.010 0.062 0.149 0.200 0.462 0.093 
509    (0)   :  0.007 0.008 0.014 0.083 0.149 0.361 0.251 0.127 
510    (0)   :  0.028 0.007 0.011 0.096 0.088 0.192 0.339 0.239 
511    (0)   :  0.013 0.016 0.047 0.206 0.127 0.200 0.124 0.267 
512    (0)   :  0.008 0.009 0.016 0.184 0.062 0.175 0.089 0.458 
513    (0)   :  0.009 0.245 0.009 0.116 0.106 0.307 0.125 0.082 
514    (0)   :  0.007 0.007 0.013 0.333 0.091 0.238 0.152 0.159 
515    (0)   :  0.012 0.009 0.045 0.086 0.158 0.168 0.237 0.286 
516    (0)   :  0.009 0.008 0.016 0.185 0.139 0.375 0.135 0.134 
517    (0)   :  0.007 0.006 0.036 0.149 0.218 0.184 0.215 0.184 
518    (0)   :  0.069 0.006 0.011 0.072 0.063 0.239 0.273 0.267 
519    (0)   :  0.006 0.010 0.017 0.357 0.113 0.170 0.161 0.166 
520    (0)   :  0.007 0.006 0.180 0.061 0.187 0.148 0.293 0.119 
521    (0)   :  0.006 0.006 0.012 0.146 0.091 0.245 0.351 0.143 
522    (0)   :  0.030 0.008 0.025 0.102 0.209 0.163 0.127 0.335 
523    (0)   :  0.007 0.006 0.023 0.120 0.362 0.149 0.220 0.113 
524    (0)   :  0.007 0.006 0.226 0.099 0.103 0.214 0.169 0.175 
525    (0)   :  0.085 0.006 0.039 0.071 0.143 0.174 0.263 0.218 
526    (0)   :  0.005 0.005 0.275 0.058 0.250 0.157 0.133 0.118 
527    (0)   :  0.070 0.009 0.012 0.166 0.071 0.204 0.130 0.339 
528    (0)   :  0.005 0.005 0.009 0.070 0.085 0.250 0.451 0.124 
529    (0)   :  0.076 0.011 0.011 0.086 0.080 0.363 0.203 0.171 
530    (0)   :  0.007 0.008 0.024 0.092 0.181 0.157 0.164 0.365 
531    (0)   :  0.007 0.007 0.033 0.094 0.130 0.119 0.382 0.228 
532    (0)   :  0.022 0.008 0.011 0.099 0.082 0.273 0.321 0.185 
533    (0)   :  0.066 0.007 0.031 0.083 0.132 0.282 0.143 0.257 
534    (0)   :  0.072 0.013 0.012 0.104 0.187 0.332 0.194 0.086 
535    (0)   :  0.005 0.006 0.029 0.167 0.342 0.151 0.128 0.171 
536    (0)   :  0.007 0.008 0.037 0.098 0.236 0.179 0.208 0.227 
537    (0)   :  0.007 0.009 0.013 0.082 0.343 0.148 0.244 0.153 
538    (0)   :  0.005 0.006 0.023 0.074 0.244 0.267 0.219 0.161 
539    (0)   :  0.005 0.006 0.009 0.053 0.120 0.161 0.532 0.113 
540    (0)   :  0.007 0.007 0.035 0.070 0.175 0.286 0.231 0.190 
541    (0)   :  0.008 0.011 0.017 0.095 0.164 0.142 0.375 0.187 
542    (0)   :  0.005 0.009 0.026 0.063 0.376 0.233 0.095 0.192 
543    (0)   :  0.007 0.014 0.033 0.171 0.259 0.166 0.228 0.123 
544    (0)   :  0.005 0.006 0.019 0.072 0.457 0.146 0.139 0.156 
545    (0)   :  0.005 0.008 0.075 0.095 0.434 0.152 0.081 0.149 
546    (0)   :  0.005 0.011 0.012 0.065 0.279 0.300 0.157 0.171 
547    (0)   :  0.005 0.007 0.022 0.077 0.551 0.096 0.142 0.101 
548    (0)   :  0.005 0.006 0.011 0.064 0.066 0.410 0.311 0.126 
549    (0)   :  0.007 0.007 0.040 0.069 0.329 0.085 0.293 0.170 
550    (0)   :  0.005 0.008 0.115 0.158 0.325 0.119 0.110 0.160 
551    (0)   :  0.008 0.007 0.020 0.090 0.195 0.101 0.414 0.165 
552    (0)   :  0.006 0.006 0.012 0.057 0.215 0.305 0.229 0.170 
553    (0)   :  0.007 0.013 0.022 0.101 0.425 0.133 0.208 0.090 
554    (0)   :  0.011 0.009 0.022 0.104 0.152 0.250 0.184 0.268 
555    (0)   :  0.006 0.018 0.016 0.079 0.214 0.191 0.342 0.133 
556    (0)   :  0.005 0.007 0.013 0.074 0.255 0.287 0.186 0.174 
557    (0)   :  0.005 0.007 0.084 0.164 0.283 0.109 0.150 0.197 
558    (0)   :  0.006 0.005 0.032 0.210 0.056 0.074 0.083 0.536 
559    (0)   :  0.005 0.006 0.012 0.150 0.114 0.416 0.105 0.192 
560    (0)   :  0.004 0.009 0.046 0.416 0.078 0.130 0.064 0.252 
561    (0)   :  0.006 0.009 0.022 0.159 0.112 0.213 0.083 0.397 
562    (0)   :  0.006 0.010 0.034 0.241 0.105 0.281 0.063 0.260 
563    (0)   :  0.008 0.014 0.022 0.319 0.164 0.092 0.203 0.177 
564    (0)   :  0.008 0.007 0.024 0.090 0.106 0.481 0.114 0.171 
565    (0)   :  0.005 0.005 0.061 0.074 0.068 0.103 0.088 0.595 
566    (0)   :  0.004 0.005 0.031 0.490 0.060 0.104 0.067 0.238 
567    (0)   :  0.006 0.007 0.019 0.099 0.078 0.558 0.082 0.151 
568    (0)   :  0.005 0.005 0.026 0.200 0.133 0.257 0.113 0.260 
569    (0)   :  0.008 0.006 0.034 0.167 0.159 0.147 0.122 0.358 
570    (0)   :  0.008 0.005 0.031 0.154 0.051 0.119 0.072 0.560 
571    (0)   :  0.005 0.005 0.030 0.445 0.066 0.190 0.105 0.153 
572    (0)   :  0.004 0.010 0.025 0.063 0.360 0.134 0.203 0.201 
573    (0)   :  0.006 0.007 0.176 0.075 0.067 0.419 0.111 0.139 
574    (0)   :  0.007 0.007 0.027 0.077 0.105 0.145 0.195 0.437 
575    (0)   :  0.005 0.006 0.019 0.259 0.118 0.174 0.178 0.242 
576    (0)   :  0.005 0.011 0.027 0.398 0.054 0.139 0.070 0.296 
577    (0)   :  0.008 0.007 0.015 0.085 0.096 0.151 0.182 0.456 
