

----------------------------------------------------
STRUCTURE by Pritchard, Stephens and Donnelly (2000)
     and Falush, Stephens and Pritchard (2003)
       Code by Pritchard, Falush and Hubisz
             Version 2.3.4 (Jul 2012)
----------------------------------------------------



Command line arguments:   ./structure -K 6 -D 106003 -m brooktrout/mainparams -e brooktrout/extraparams -o brooktrout/250914_output/results_K6_rep3 
Input File:    brooktrout/brooktrout.txt

Run parameters:
   8454 individuals
   5 loci
   6 populations assumed
   50000 Burn-in period
   100000 Reps
RANDOMIZE turned off


--------------------------------------------
Overall proportion of membership of the
sample in each of the 6 clusters

Inferred Clusters
  1      2      3      4      5      6    
0.059  0.163  0.086  0.185  0.211  0.296  

--------------------------------------------

Allele-freq. divergence among pops (Net nucleotide distance),
computed using point estimates of P.

      1       2       3       4       5       6      
 1      -    0.1037  0.1882  0.1103  0.0761  0.1062  
 2   0.1037     -    0.1723  0.1174  0.0796  0.1358  
 3   0.1882  0.1723     -    0.0734  0.1087  0.0733  
 4   0.1103  0.1174  0.0734     -    0.0821  0.0499  
 5   0.0761  0.0796  0.1087  0.0821     -    0.0685  
 6   0.1062  0.1358  0.0733  0.0499  0.0685     -    

Average distances (expected heterozygosity) between individuals in same cluster:
cluster  1  : 0.7329 
cluster  2  : 0.7148 
cluster  3  : 0.7416 
cluster  4  : 0.7823 
cluster  5  : 0.8134 
cluster  6  : 0.8084 

--------------------------------------------
Estimated Ln Prob of Data   = -212265.7
Mean value of ln likelihood = -171492.0
Variance of ln likelihood   = 81547.3

Mean value of alpha_1       = 0.1060
Mean value of alpha_2       = 0.2921
Mean value of alpha_3       = 0.1682
Mean value of alpha_4       = 0.3579
Mean value of alpha_5       = 0.4187
Mean value of alpha_6       = 0.5709
Allele frequencies uncorrelated


Inferred ancestry of individuals:
     (%Miss) :  Inferred clusters
  1    (0)   :  0.020 0.149 0.071 0.231 0.374 0.155 
  2    (0)   :  0.372 0.048 0.025 0.167 0.125 0.262 
  3    (0)   :  0.030 0.112 0.108 0.326 0.268 0.155 
  4    (0)   :  0.022 0.493 0.040 0.080 0.198 0.168 
  5    (0)   :  0.086 0.055 0.028 0.360 0.172 0.298 
  6    (0)   :  0.023 0.050 0.041 0.675 0.063 0.148 
  7    (0)   :  0.012 0.054 0.056 0.229 0.074 0.576 
  8    (0)   :  0.022 0.299 0.056 0.287 0.141 0.196 
  9    (0)   :  0.132 0.085 0.052 0.308 0.188 0.235 
 10    (0)   :  0.017 0.163 0.038 0.429 0.084 0.270 
 11    (0)   :  0.013 0.052 0.070 0.168 0.103 0.595 
 12    (0)   :  0.115 0.088 0.025 0.288 0.167 0.317 
 13    (0)   :  0.034 0.081 0.031 0.374 0.148 0.332 
 14    (0)   :  0.094 0.106 0.076 0.193 0.323 0.208 
 15    (0)   :  0.034 0.210 0.073 0.170 0.222 0.291 
 16    (0)   :  0.014 0.069 0.072 0.428 0.173 0.244 
 17    (0)   :  0.026 0.066 0.033 0.555 0.153 0.167 
 18    (0)   :  0.154 0.091 0.110 0.364 0.120 0.161 
 19    (0)   :  0.039 0.061 0.032 0.594 0.082 0.192 
 20    (0)   :  0.036 0.088 0.062 0.213 0.201 0.399 
 21    (0)   :  0.055 0.165 0.058 0.190 0.343 0.189 
 22    (0)   :  0.020 0.078 0.037 0.627 0.109 0.129 
 23    (0)   :  0.074 0.171 0.051 0.117 0.394 0.193 
 24    (0)   :  0.021 0.146 0.053 0.349 0.262 0.169 
 25    (0)   :  0.025 0.040 0.061 0.351 0.086 0.438 
 26    (0)   :  0.036 0.101 0.043 0.533 0.138 0.150 
 27    (0)   :  0.021 0.094 0.044 0.387 0.232 0.222 
 28    (0)   :  0.030 0.277 0.070 0.217 0.135 0.271 
 29    (0)   :  0.033 0.067 0.031 0.155 0.258 0.456 
 30    (0)   :  0.029 0.060 0.055 0.571 0.151 0.134 
 31    (0)   :  0.037 0.131 0.033 0.304 0.209 0.287 
 32    (0)   :  0.097 0.170 0.057 0.272 0.180 0.225 
 33    (0)   :  0.028 0.109 0.142 0.185 0.288 0.248 
 34    (0)   :  0.014 0.101 0.075 0.278 0.075 0.457 
 35    (0)   :  0.041 0.046 0.032 0.362 0.370 0.150 
 36    (0)   :  0.025 0.048 0.206 0.075 0.535 0.110 
 37    (0)   :  0.057 0.153 0.030 0.176 0.320 0.265 
 38    (0)   :  0.025 0.040 0.505 0.082 0.142 0.205 
 39    (0)   :  0.032 0.061 0.177 0.180 0.234 0.316 
 40    (0)   :  0.040 0.076 0.050 0.151 0.577 0.104 
 41    (0)   :  0.017 0.038 0.141 0.129 0.484 0.192 
 42    (0)   :  0.011 0.137 0.112 0.056 0.585 0.099 
 43    (0)   :  0.028 0.069 0.024 0.104 0.552 0.223 
 44    (0)   :  0.029 0.037 0.034 0.205 0.536 0.159 
 45    (0)   :  0.072 0.039 0.156 0.102 0.400 0.231 
 46    (0)   :  0.031 0.049 0.055 0.379 0.226 0.260 
 47    (0)   :  0.051 0.072 0.025 0.449 0.200 0.203 
 48    (0)   :  0.052 0.037 0.040 0.236 0.535 0.099 
 49    (0)   :  0.022 0.061 0.069 0.216 0.432 0.201 
 50    (0)   :  0.026 0.104 0.058 0.315 0.128 0.369 
 51    (0)   :  0.021 0.034 0.099 0.046 0.711 0.088 
 52    (0)   :  0.014 0.068 0.123 0.220 0.276 0.299 
 53    (0)   :  0.018 0.073 0.507 0.117 0.136 0.148 
 54    (0)   :  0.194 0.075 0.019 0.186 0.290 0.237 
 55    (0)   :  0.082 0.051 0.025 0.117 0.548 0.177 
 56    (0)   :  0.055 0.058 0.083 0.261 0.446 0.097 
 57    (0)   :  0.021 0.161 0.030 0.488 0.104 0.196 
 58    (0)   :  0.041 0.056 0.056 0.108 0.536 0.202 
 59    (0)   :  0.027 0.053 0.172 0.103 0.467 0.177 
 60    (0)   :  0.030 0.081 0.058 0.076 0.644 0.111 
 61    (0)   :  0.278 0.091 0.020 0.052 0.403 0.156 
 62    (0)   :  0.050 0.060 0.039 0.463 0.177 0.212 
 63    (0)   :  0.034 0.089 0.060 0.079 0.382 0.356 
 64    (0)   :  0.053 0.044 0.115 0.478 0.126 0.183 
 65    (0)   :  0.037 0.037 0.032 0.102 0.083 0.710 
 66    (0)   :  0.189 0.160 0.035 0.078 0.242 0.296 
 67    (0)   :  0.120 0.046 0.021 0.105 0.423 0.285 
 68    (0)   :  0.023 0.063 0.173 0.091 0.492 0.158 
 69    (0)   :  0.025 0.121 0.382 0.126 0.134 0.211 
 70    (0)   :  0.017 0.058 0.118 0.057 0.537 0.214 
 71    (0)   :  0.038 0.033 0.152 0.087 0.494 0.197 
 72    (0)   :  0.025 0.045 0.157 0.245 0.327 0.201 
 73    (0)   :  0.115 0.040 0.038 0.091 0.408 0.308 
 74    (0)   :  0.025 0.078 0.193 0.081 0.523 0.099 
 75    (0)   :  0.027 0.070 0.096 0.072 0.660 0.076 
 76    (0)   :  0.040 0.056 0.038 0.083 0.327 0.456 
 77    (0)   :  0.027 0.039 0.215 0.072 0.389 0.258 
 78    (0)   :  0.026 0.045 0.389 0.069 0.296 0.175 
 79    (0)   :  0.026 0.057 0.046 0.168 0.074 0.628 
 80    (0)   :  0.070 0.473 0.033 0.097 0.101 0.226 
 81    (0)   :  0.091 0.354 0.044 0.125 0.074 0.311 
 82    (0)   :  0.030 0.104 0.033 0.097 0.386 0.350 
 83    (0)   :  0.099 0.240 0.121 0.103 0.126 0.312 
 84    (0)   :  0.050 0.231 0.071 0.098 0.093 0.456 
 85    (0)   :  0.058 0.289 0.119 0.173 0.126 0.235 
 86    (0)   :  0.180 0.055 0.037 0.175 0.223 0.330 
 87    (0)   :  0.026 0.065 0.071 0.085 0.114 0.640 
 88    (0)   :  0.035 0.224 0.037 0.095 0.236 0.374 
 89    (0)   :  0.112 0.320 0.036 0.098 0.134 0.299 
 90    (0)   :  0.029 0.071 0.036 0.081 0.085 0.698 
 91    (0)   :  0.040 0.449 0.090 0.095 0.151 0.174 
 92    (0)   :  0.033 0.102 0.041 0.157 0.146 0.521 
 93    (0)   :  0.020 0.690 0.024 0.063 0.097 0.105 
 94    (0)   :  0.016 0.054 0.287 0.068 0.082 0.494 
 95    (0)   :  0.034 0.164 0.034 0.059 0.135 0.574 
 96    (0)   :  0.087 0.175 0.023 0.051 0.502 0.162 
 97    (0)   :  0.039 0.086 0.127 0.096 0.557 0.095 
 98    (0)   :  0.045 0.063 0.038 0.151 0.465 0.238 
 99    (0)   :  0.070 0.203 0.050 0.089 0.077 0.511 
100    (0)   :  0.219 0.400 0.020 0.075 0.182 0.104 
101    (0)   :  0.037 0.092 0.060 0.091 0.238 0.481 
102    (0)   :  0.029 0.316 0.068 0.063 0.225 0.299 
103    (0)   :  0.389 0.095 0.031 0.054 0.080 0.352 
104    (0)   :  0.025 0.097 0.032 0.068 0.094 0.684 
105    (0)   :  0.046 0.143 0.023 0.058 0.130 0.600 
106    (0)   :  0.017 0.030 0.089 0.104 0.076 0.683 
107    (0)   :  0.170 0.115 0.028 0.058 0.091 0.538 
108    (0)   :  0.274 0.053 0.242 0.076 0.185 0.171 
109    (0)   :  0.029 0.032 0.104 0.146 0.109 0.580 
110    (0)   :  0.016 0.034 0.088 0.086 0.071 0.704 
111    (0)   :  0.032 0.046 0.024 0.055 0.069 0.773 
112    (0)   :  0.014 0.033 0.055 0.065 0.104 0.729 
113    (0)   :  0.251 0.068 0.065 0.140 0.201 0.276 
114    (0)   :  0.029 0.122 0.028 0.061 0.088 0.672 
115    (0)   :  0.019 0.055 0.036 0.081 0.277 0.531 
116    (0)   :  0.029 0.031 0.160 0.111 0.208 0.460 
117    (0)   :  0.015 0.047 0.062 0.093 0.124 0.660 
118    (0)   :  0.210 0.047 0.036 0.090 0.139 0.479 
119    (0)   :  0.060 0.204 0.068 0.048 0.380 0.240 
120    (0)   :  0.024 0.064 0.036 0.084 0.164 0.627 
121    (0)   :  0.021 0.042 0.047 0.080 0.266 0.544 
122    (0)   :  0.024 0.041 0.061 0.099 0.076 0.699 
123    (0)   :  0.042 0.056 0.065 0.067 0.092 0.678 
124    (0)   :  0.054 0.040 0.134 0.139 0.164 0.470 
125    (0)   :  0.017 0.048 0.145 0.185 0.244 0.362 
126    (0)   :  0.032 0.061 0.103 0.065 0.185 0.553 
127    (0)   :  0.038 0.048 0.026 0.049 0.079 0.760 
128    (0)   :  0.121 0.049 0.022 0.082 0.161 0.565 
129    (0)   :  0.086 0.039 0.024 0.063 0.089 0.699 
130    (0)   :  0.078 0.126 0.031 0.068 0.068 0.629 
131    (0)   :  0.034 0.036 0.371 0.077 0.132 0.351 
132    (0)   :  0.049 0.033 0.055 0.095 0.076 0.693 
133    (0)   :  0.114 0.060 0.036 0.065 0.098 0.626 
134    (0)   :  0.017 0.025 0.043 0.071 0.055 0.789 
135    (0)   :  0.030 0.257 0.031 0.076 0.512 0.094 
136    (0)   :  0.024 0.635 0.024 0.146 0.098 0.073 
137    (0)   :  0.018 0.659 0.023 0.062 0.103 0.134 
138    (0)   :  0.018 0.651 0.039 0.086 0.124 0.081 
139    (0)   :  0.226 0.165 0.034 0.113 0.349 0.114 
140    (0)   :  0.025 0.375 0.051 0.096 0.250 0.203 
141    (0)   :  0.028 0.491 0.045 0.219 0.127 0.091 
142    (0)   :  0.045 0.315 0.029 0.063 0.454 0.093 
143    (0)   :  0.022 0.741 0.019 0.052 0.099 0.067 
144    (0)   :  0.021 0.659 0.021 0.055 0.114 0.130 
145    (0)   :  0.027 0.272 0.039 0.344 0.223 0.094 
146    (0)   :  0.016 0.381 0.046 0.148 0.224 0.185 
147    (0)   :  0.015 0.760 0.020 0.065 0.073 0.067 
148    (0)   :  0.034 0.501 0.028 0.104 0.173 0.160 
149    (0)   :  0.030 0.511 0.041 0.096 0.243 0.080 
150    (0)   :  0.029 0.502 0.026 0.082 0.138 0.223 
151    (0)   :  0.025 0.663 0.022 0.062 0.122 0.106 
152    (0)   :  0.033 0.438 0.051 0.126 0.225 0.126 
153    (0)   :  0.015 0.527 0.047 0.082 0.222 0.107 
154    (0)   :  0.031 0.571 0.025 0.141 0.151 0.080 
155    (0)   :  0.022 0.719 0.021 0.056 0.081 0.100 
156    (0)   :  0.034 0.515 0.021 0.042 0.275 0.112 
157    (0)   :  0.019 0.604 0.042 0.048 0.077 0.210 
158    (0)   :  0.019 0.334 0.042 0.323 0.192 0.089 
159    (0)   :  0.020 0.746 0.020 0.067 0.081 0.066 
160    (0)   :  0.026 0.727 0.021 0.076 0.081 0.068 
161    (0)   :  0.019 0.401 0.046 0.103 0.295 0.137 
162    (0)   :  0.022 0.326 0.042 0.207 0.212 0.192 
163    (0)   :  0.020 0.703 0.022 0.047 0.120 0.088 
164    (0)   :  0.027 0.444 0.032 0.153 0.124 0.219 
165    (0)   :  0.022 0.555 0.024 0.062 0.133 0.202 
166    (0)   :  0.042 0.452 0.097 0.056 0.132 0.220 
167    (0)   :  0.012 0.547 0.025 0.233 0.074 0.108 
168    (0)   :  0.019 0.523 0.084 0.087 0.186 0.100 
169    (0)   :  0.016 0.204 0.171 0.330 0.201 0.079 
170    (0)   :  0.045 0.415 0.023 0.057 0.341 0.119 
171    (0)   :  0.033 0.452 0.059 0.121 0.182 0.153 
172    (0)   :  0.023 0.293 0.128 0.084 0.399 0.073 
173    (0)   :  0.046 0.689 0.021 0.076 0.095 0.074 
174    (0)   :  0.020 0.708 0.024 0.067 0.078 0.104 
175    (0)   :  0.022 0.629 0.022 0.120 0.134 0.073 
176    (0)   :  0.021 0.663 0.021 0.054 0.112 0.129 
177    (0)   :  0.016 0.440 0.087 0.083 0.126 0.247 
178    (0)   :  0.026 0.618 0.027 0.138 0.075 0.117 
179    (0)   :  0.027 0.751 0.020 0.061 0.068 0.073 
180    (0)   :  0.015 0.452 0.040 0.187 0.187 0.120 
181    (0)   :  0.036 0.347 0.036 0.151 0.337 0.093 
182    (0)   :  0.035 0.549 0.020 0.077 0.239 0.080 
183    (0)   :  0.029 0.707 0.021 0.073 0.095 0.076 
184    (0)   :  0.584 0.040 0.024 0.156 0.077 0.119 
185    (0)   :  0.046 0.565 0.019 0.046 0.259 0.066 
186    (0)   :  0.307 0.048 0.025 0.136 0.106 0.379 
187    (0)   :  0.572 0.133 0.022 0.089 0.084 0.100 
188    (0)   :  0.522 0.035 0.020 0.099 0.073 0.251 
189    (0)   :  0.242 0.172 0.106 0.209 0.145 0.126 
190    (0)   :  0.287 0.133 0.017 0.040 0.450 0.074 
191    (0)   :  0.668 0.042 0.021 0.089 0.063 0.116 
192    (0)   :  0.469 0.141 0.025 0.084 0.106 0.176 
193    (0)   :  0.224 0.161 0.033 0.193 0.216 0.173 
194    (0)   :  0.156 0.165 0.028 0.098 0.314 0.240 
195    (0)   :  0.653 0.103 0.017 0.048 0.111 0.069 
196    (0)   :  0.449 0.107 0.022 0.050 0.258 0.114 
197    (0)   :  0.160 0.116 0.026 0.279 0.187 0.233 
198    (0)   :  0.151 0.143 0.053 0.157 0.178 0.317 
199    (0)   :  0.099 0.082 0.029 0.069 0.618 0.104 
200    (0)   :  0.446 0.089 0.041 0.094 0.211 0.119 
201    (0)   :  0.428 0.288 0.018 0.060 0.117 0.089 
202    (0)   :  0.064 0.277 0.018 0.057 0.482 0.102 
203    (0)   :  0.510 0.239 0.018 0.054 0.107 0.072 
204    (0)   :  0.724 0.053 0.017 0.044 0.094 0.068 
205    (0)   :  0.679 0.045 0.025 0.062 0.093 0.094 
206    (0)   :  0.679 0.070 0.017 0.059 0.096 0.080 
207    (0)   :  0.435 0.058 0.018 0.065 0.277 0.148 
208    (0)   :  0.578 0.137 0.018 0.054 0.122 0.091 
209    (0)   :  0.488 0.084 0.023 0.118 0.142 0.145 
210    (0)   :  0.675 0.067 0.018 0.050 0.085 0.105 
211    (0)   :  0.043 0.087 0.018 0.066 0.638 0.147 
212    (0)   :  0.142 0.382 0.025 0.105 0.243 0.103 
213    (0)   :  0.105 0.073 0.039 0.068 0.437 0.278 
214    (0)   :  0.288 0.316 0.018 0.068 0.225 0.085 
215    (0)   :  0.703 0.037 0.023 0.055 0.078 0.104 
216    (0)   :  0.281 0.065 0.031 0.261 0.174 0.188 
217    (0)   :  0.487 0.192 0.021 0.069 0.156 0.076 
218    (0)   :  0.673 0.052 0.026 0.069 0.072 0.108 
219    (0)   :  0.249 0.167 0.038 0.282 0.129 0.135 
220    (0)   :  0.748 0.040 0.017 0.049 0.064 0.082 
221    (0)   :  0.076 0.361 0.018 0.049 0.431 0.066 
222    (0)   :  0.226 0.093 0.030 0.311 0.146 0.193 
223    (0)   :  0.283 0.267 0.035 0.135 0.137 0.142 
224    (0)   :  0.548 0.166 0.017 0.063 0.121 0.085 
225    (0)   :  0.664 0.058 0.021 0.058 0.112 0.087 
226    (0)   :  0.542 0.075 0.081 0.110 0.087 0.104 
227    (0)   :  0.199 0.141 0.019 0.071 0.434 0.137 
228    (0)   :  0.519 0.114 0.018 0.049 0.228 0.073 
229    (0)   :  0.646 0.131 0.016 0.056 0.077 0.074 
230    (0)   :  0.690 0.091 0.016 0.048 0.083 0.072 
231    (0)   :  0.605 0.103 0.021 0.101 0.071 0.100 
232    (0)   :  0.124 0.129 0.047 0.117 0.399 0.184 
233    (0)   :  0.282 0.412 0.018 0.068 0.134 0.086 
234    (0)   :  0.357 0.137 0.030 0.146 0.103 0.226 
235    (0)   :  0.355 0.183 0.035 0.118 0.189 0.120 
236    (0)   :  0.490 0.182 0.023 0.082 0.125 0.099 
237    (0)   :  0.456 0.061 0.021 0.082 0.224 0.156 
238    (0)   :  0.187 0.359 0.021 0.070 0.226 0.137 
239    (0)   :  0.653 0.102 0.017 0.047 0.111 0.069 
240    (0)   :  0.190 0.355 0.021 0.070 0.228 0.136 
241    (0)   :  0.123 0.365 0.026 0.076 0.311 0.099 
242    (0)   :  0.626 0.061 0.040 0.102 0.074 0.097 
243    (0)   :  0.476 0.099 0.017 0.045 0.280 0.083 
244    (0)   :  0.638 0.129 0.016 0.049 0.097 0.071 
245    (0)   :  0.085 0.545 0.021 0.050 0.197 0.102 
246    (0)   :  0.487 0.191 0.021 0.068 0.158 0.075 
247    (0)   :  0.175 0.045 0.057 0.080 0.144 0.500 
248    (0)   :  0.442 0.046 0.022 0.081 0.195 0.214 
249    (0)   :  0.474 0.183 0.017 0.063 0.174 0.088 
250    (0)   :  0.603 0.109 0.021 0.073 0.096 0.097 
251    (0)   :  0.399 0.070 0.080 0.158 0.128 0.165 
252    (0)   :  0.627 0.083 0.022 0.068 0.108 0.093 
253    (0)   :  0.148 0.067 0.053 0.103 0.375 0.255 
254    (0)   :  0.453 0.083 0.022 0.178 0.117 0.147 
255    (0)   :  0.418 0.128 0.023 0.148 0.122 0.162 
256    (0)   :  0.333 0.177 0.024 0.082 0.279 0.104 
257    (0)   :  0.428 0.100 0.028 0.096 0.200 0.148 
258    (0)   :  0.285 0.096 0.033 0.086 0.220 0.280 
259    (0)   :  0.538 0.088 0.021 0.089 0.144 0.119 
260    (0)   :  0.243 0.220 0.024 0.231 0.131 0.151 
261    (0)   :  0.501 0.149 0.024 0.069 0.163 0.094 
262    (0)   :  0.390 0.162 0.021 0.051 0.308 0.067 
263    (0)   :  0.664 0.047 0.017 0.090 0.082 0.099 
264    (0)   :  0.110 0.036 0.039 0.494 0.136 0.185 
265    (0)   :  0.645 0.074 0.026 0.082 0.075 0.098 
266    (0)   :  0.135 0.402 0.018 0.051 0.325 0.069 
267    (0)   :  0.162 0.166 0.022 0.152 0.296 0.202 
268    (0)   :  0.450 0.106 0.021 0.050 0.259 0.114 
269    (0)   :  0.480 0.105 0.054 0.167 0.073 0.121 
270    (0)   :  0.323 0.069 0.027 0.227 0.155 0.199 
271    (0)   :  0.467 0.068 0.034 0.086 0.169 0.175 
272    (0)   :  0.551 0.061 0.077 0.082 0.114 0.115 
273    (0)   :  0.416 0.126 0.058 0.140 0.112 0.147 
274    (0)   :  0.514 0.075 0.043 0.127 0.105 0.136 
275    (0)   :  0.644 0.069 0.032 0.095 0.071 0.089 
276    (0)   :  0.290 0.068 0.076 0.098 0.328 0.141 
277    (0)   :  0.412 0.161 0.033 0.130 0.124 0.140 
278    (0)   :  0.678 0.045 0.024 0.056 0.097 0.101 
279    (0)   :  0.487 0.105 0.033 0.108 0.136 0.130 
280    (0)   :  0.408 0.087 0.054 0.163 0.174 0.115 
281    (0)   :  0.418 0.087 0.038 0.110 0.145 0.202 
282    (0)   :  0.353 0.298 0.025 0.101 0.108 0.115 
283    (0)   :  0.249 0.413 0.019 0.079 0.130 0.111 
284    (0)   :  0.276 0.208 0.030 0.085 0.181 0.219 
285    (0)   :  0.416 0.032 0.041 0.093 0.211 0.207 
286    (0)   :  0.633 0.132 0.016 0.049 0.098 0.072 
287    (0)   :  0.396 0.122 0.052 0.151 0.104 0.175 
288    (0)   :  0.723 0.041 0.036 0.063 0.057 0.080 
289    (0)   :  0.616 0.048 0.040 0.065 0.085 0.147 
290    (0)   :  0.145 0.066 0.044 0.211 0.411 0.124 
291    (0)   :  0.466 0.068 0.034 0.086 0.170 0.176 
292    (0)   :  0.285 0.104 0.055 0.124 0.329 0.103 
293    (0)   :  0.053 0.058 0.056 0.263 0.375 0.194 
294    (0)   :  0.675 0.041 0.019 0.085 0.090 0.090 
295    (0)   :  0.161 0.103 0.099 0.126 0.341 0.170 
296    (0)   :  0.671 0.044 0.025 0.056 0.088 0.116 
297    (0)   :  0.474 0.056 0.051 0.178 0.121 0.121 
298    (0)   :  0.527 0.168 0.022 0.089 0.086 0.108 
299    (0)   :  0.656 0.049 0.017 0.109 0.065 0.104 
300    (0)   :  0.622 0.040 0.033 0.076 0.130 0.099 
301    (0)   :  0.384 0.064 0.032 0.280 0.111 0.129 
302    (0)   :  0.563 0.054 0.023 0.096 0.156 0.109 
303    (0)   :  0.426 0.157 0.031 0.096 0.187 0.102 
304    (0)   :  0.055 0.334 0.023 0.269 0.130 0.189 
305    (0)   :  0.654 0.090 0.022 0.056 0.107 0.071 
306    (0)   :  0.312 0.259 0.033 0.109 0.193 0.094 
307    (0)   :  0.212 0.164 0.033 0.162 0.277 0.152 
308    (0)   :  0.502 0.150 0.023 0.069 0.163 0.093 
309    (0)   :  0.723 0.039 0.021 0.044 0.068 0.106 
310    (0)   :  0.506 0.131 0.017 0.055 0.209 0.081 
311    (0)   :  0.690 0.091 0.016 0.049 0.083 0.071 
312    (0)   :  0.692 0.044 0.017 0.043 0.086 0.118 
313    (0)   :  0.505 0.042 0.021 0.058 0.252 0.122 
314    (0)   :  0.023 0.728 0.022 0.048 0.113 0.065 
315    (0)   :  0.018 0.683 0.044 0.053 0.123 0.078 
316    (0)   :  0.022 0.689 0.060 0.069 0.077 0.084 
317    (0)   :  0.016 0.778 0.022 0.052 0.067 0.065 
318    (0)   :  0.015 0.790 0.023 0.055 0.051 0.066 
319    (0)   :  0.022 0.748 0.019 0.057 0.087 0.067 
320    (0)   :  0.023 0.729 0.023 0.048 0.113 0.065 
321    (0)   :  0.015 0.772 0.024 0.058 0.064 0.067 
322    (0)   :  0.026 0.657 0.053 0.063 0.116 0.085 
323    (0)   :  0.017 0.778 0.020 0.062 0.057 0.066 
324    (0)   :  0.015 0.775 0.023 0.057 0.064 0.067 
325    (0)   :  0.015 0.722 0.057 0.058 0.067 0.081 
326    (0)   :  0.016 0.714 0.065 0.059 0.067 0.079 
327    (0)   :  0.017 0.779 0.022 0.051 0.067 0.065 
328    (0)   :  0.019 0.680 0.046 0.062 0.108 0.085 
329    (0)   :  0.015 0.784 0.019 0.055 0.061 0.065 
330    (0)   :  0.017 0.777 0.022 0.052 0.066 0.066 
331    (0)   :  0.018 0.784 0.020 0.055 0.057 0.066 
332    (0)   :  0.015 0.710 0.060 0.071 0.065 0.081 
333    (0)   :  0.020 0.709 0.051 0.060 0.078 0.082 
334    (0)   :  0.018 0.681 0.046 0.061 0.109 0.085 
335    (0)   :  0.017 0.698 0.040 0.054 0.110 0.082 
336    (0)   :  0.019 0.752 0.026 0.061 0.078 0.065 
337    (0)   :  0.015 0.695 0.058 0.060 0.089 0.083 
338    (0)   :  0.015 0.787 0.024 0.059 0.050 0.065 
339    (0)   :  0.018 0.785 0.020 0.055 0.057 0.066 
340    (0)   :  0.020 0.785 0.019 0.050 0.061 0.065 
341    (0)   :  0.022 0.768 0.022 0.062 0.060 0.066 
342    (0)   :  0.017 0.777 0.022 0.051 0.067 0.066 
343    (0)   :  0.019 0.628 0.042 0.062 0.171 0.079 
344    (0)   :  0.014 0.793 0.020 0.054 0.054 0.065 
345    (0)   :  0.016 0.777 0.021 0.052 0.068 0.066 
346    (0)   :  0.017 0.794 0.021 0.050 0.054 0.064 
347    (0)   :  0.016 0.796 0.019 0.049 0.057 0.063 
348    (0)   :  0.022 0.619 0.038 0.048 0.195 0.078 
349    (0)   :  0.017 0.777 0.022 0.051 0.068 0.066 
350    (0)   :  0.025 0.730 0.021 0.057 0.100 0.067 
351    (0)   :  0.017 0.699 0.040 0.054 0.109 0.082 
352    (0)   :  0.017 0.702 0.051 0.053 0.096 0.082 
353    (0)   :  0.020 0.752 0.025 0.061 0.077 0.066 
354    (0)   :  0.016 0.783 0.021 0.058 0.057 0.066 
355    (0)   :  0.015 0.792 0.023 0.055 0.050 0.065 
356    (0)   :  0.024 0.547 0.036 0.048 0.267 0.078 
357    (0)   :  0.026 0.453 0.119 0.160 0.086 0.155 
358    (0)   :  0.015 0.723 0.047 0.063 0.072 0.081 
359    (0)   :  0.017 0.779 0.021 0.059 0.056 0.067 
360    (0)   :  0.017 0.795 0.021 0.049 0.054 0.064 
361    (0)   :  0.030 0.381 0.118 0.172 0.137 0.163 
362    (0)   :  0.127 0.061 0.233 0.123 0.102 0.354 
363    (0)   :  0.044 0.042 0.125 0.194 0.101 0.494 
364    (0)   :  0.024 0.153 0.033 0.446 0.165 0.180 
365    (0)   :  0.028 0.043 0.103 0.557 0.103 0.166 
366    (0)   :  0.063 0.087 0.085 0.280 0.326 0.159 
367    (0)   :  0.016 0.032 0.139 0.087 0.058 0.669 
368    (0)   :  0.035 0.058 0.035 0.143 0.085 0.644 
369    (0)   :  0.031 0.161 0.043 0.207 0.367 0.192 
370    (0)   :  0.146 0.068 0.043 0.121 0.116 0.506 
371    (0)   :  0.123 0.091 0.038 0.356 0.152 0.239 
372    (0)   :  0.311 0.078 0.043 0.148 0.136 0.284 
373    (0)   :  0.034 0.099 0.040 0.212 0.136 0.478 
374    (0)   :  0.055 0.258 0.099 0.183 0.134 0.270 
375    (0)   :  0.041 0.043 0.044 0.346 0.068 0.457 
376    (0)   :  0.013 0.037 0.243 0.435 0.062 0.210 
377    (0)   :  0.044 0.068 0.151 0.198 0.135 0.403 
378    (0)   :  0.037 0.208 0.047 0.063 0.087 0.558 
379    (0)   :  0.023 0.034 0.245 0.420 0.067 0.210 
380    (0)   :  0.049 0.108 0.260 0.273 0.209 0.102 
381    (0)   :  0.021 0.070 0.069 0.515 0.240 0.086 
382    (0)   :  0.021 0.048 0.071 0.256 0.058 0.546 
383    (0)   :  0.071 0.118 0.304 0.342 0.071 0.094 
384    (0)   :  0.053 0.089 0.060 0.543 0.078 0.177 
385    (0)   :  0.022 0.143 0.028 0.402 0.081 0.323 
386    (0)   :  0.023 0.041 0.158 0.158 0.081 0.540 
387    (0)   :  0.018 0.053 0.104 0.223 0.091 0.510 
388    (0)   :  0.064 0.220 0.054 0.274 0.084 0.304 
389    (0)   :  0.113 0.050 0.034 0.182 0.373 0.249 
390    (0)   :  0.053 0.040 0.282 0.097 0.168 0.360 
391    (0)   :  0.036 0.074 0.052 0.146 0.322 0.371 
392    (0)   :  0.035 0.090 0.113 0.392 0.108 0.263 
393    (0)   :  0.022 0.084 0.369 0.200 0.221 0.104 
394    (0)   :  0.042 0.258 0.137 0.107 0.091 0.364 
395    (0)   :  0.103 0.048 0.232 0.071 0.230 0.315 
396    (0)   :  0.023 0.034 0.037 0.275 0.071 0.559 
397    (0)   :  0.164 0.089 0.025 0.432 0.154 0.136 
398    (0)   :  0.014 0.035 0.474 0.149 0.069 0.259 
399    (0)   :  0.036 0.048 0.131 0.071 0.128 0.587 
400    (0)   :  0.014 0.066 0.062 0.258 0.114 0.486 
401    (0)   :  0.019 0.064 0.067 0.067 0.187 0.596 
402    (0)   :  0.026 0.063 0.038 0.261 0.287 0.325 
403    (0)   :  0.040 0.279 0.052 0.214 0.169 0.247 
404    (0)   :  0.070 0.083 0.050 0.382 0.156 0.259 
405    (0)   :  0.055 0.073 0.151 0.258 0.180 0.283 
406    (0)   :  0.038 0.092 0.376 0.064 0.336 0.095 
407    (0)   :  0.022 0.035 0.402 0.236 0.078 0.228 
408    (0)   :  0.035 0.030 0.035 0.050 0.190 0.660 
409    (0)   :  0.020 0.122 0.155 0.073 0.506 0.124 
410    (0)   :  0.029 0.079 0.124 0.315 0.124 0.329 
411    (0)   :  0.017 0.145 0.063 0.415 0.176 0.185 
412    (0)   :  0.036 0.052 0.042 0.161 0.078 0.631 
413    (0)   :  0.059 0.176 0.059 0.098 0.076 0.531 
414    (0)   :  0.044 0.037 0.034 0.168 0.060 0.657 
415    (0)   :  0.025 0.049 0.251 0.266 0.174 0.235 
416    (0)   :  0.032 0.067 0.060 0.250 0.232 0.359 
417    (0)   :  0.027 0.043 0.406 0.155 0.077 0.292 
418    (0)   :  0.021 0.040 0.038 0.165 0.059 0.677 
419    (0)   :  0.037 0.135 0.077 0.160 0.302 0.288 
420    (0)   :  0.020 0.038 0.077 0.062 0.281 0.521 
421    (0)   :  0.034 0.050 0.182 0.138 0.096 0.499 
422    (0)   :  0.083 0.045 0.225 0.144 0.322 0.180 
423    (0)   :  0.057 0.061 0.202 0.293 0.101 0.285 
424    (0)   :  0.017 0.068 0.128 0.079 0.209 0.500 
425    (0)   :  0.040 0.085 0.042 0.488 0.132 0.212 
426    (0)   :  0.024 0.094 0.106 0.183 0.098 0.496 
427    (0)   :  0.015 0.121 0.505 0.073 0.079 0.208 
428    (0)   :  0.043 0.112 0.309 0.115 0.285 0.135 
429    (0)   :  0.020 0.032 0.276 0.199 0.055 0.419 
430    (0)   :  0.029 0.040 0.457 0.150 0.092 0.232 
431    (0)   :  0.067 0.080 0.085 0.161 0.104 0.503 
432    (0)   :  0.025 0.064 0.042 0.138 0.108 0.624 
433    (0)   :  0.032 0.249 0.030 0.152 0.264 0.274 
434    (0)   :  0.043 0.090 0.047 0.385 0.171 0.264 
435    (0)   :  0.013 0.033 0.628 0.076 0.064 0.185 
436    (0)   :  0.010 0.056 0.627 0.074 0.092 0.140 
437    (0)   :  0.018 0.041 0.128 0.554 0.071 0.189 
438    (0)   :  0.015 0.054 0.457 0.051 0.257 0.165 
439    (0)   :  0.012 0.047 0.645 0.090 0.076 0.130 
440    (0)   :  0.015 0.028 0.593 0.093 0.063 0.208 
441    (0)   :  0.017 0.086 0.323 0.190 0.138 0.246 
442    (0)   :  0.015 0.039 0.117 0.282 0.123 0.424 
443    (0)   :  0.018 0.032 0.203 0.068 0.201 0.478 
444    (0)   :  0.016 0.039 0.240 0.251 0.133 0.322 
445    (0)   :  0.019 0.075 0.229 0.182 0.381 0.114 
446    (0)   :  0.010 0.039 0.523 0.127 0.071 0.230 
447    (0)   :  0.014 0.069 0.338 0.143 0.223 0.213 
448    (0)   :  0.017 0.042 0.225 0.262 0.113 0.340 
449    (0)   :  0.021 0.064 0.208 0.291 0.151 0.265 
450    (0)   :  0.013 0.069 0.058 0.557 0.083 0.220 
451    (0)   :  0.017 0.030 0.073 0.095 0.079 0.706 
452    (0)   :  0.017 0.065 0.155 0.416 0.082 0.265 
453    (0)   :  0.019 0.045 0.049 0.062 0.629 0.196 
454    (0)   :  0.025 0.081 0.325 0.208 0.098 0.263 
455    (0)   :  0.012 0.033 0.648 0.061 0.103 0.143 
456    (0)   :  0.019 0.033 0.430 0.119 0.183 0.216 
457    (0)   :  0.014 0.044 0.355 0.353 0.077 0.158 
458    (0)   :  0.014 0.046 0.424 0.238 0.098 0.180 
459    (0)   :  0.011 0.090 0.382 0.077 0.163 0.276 
460    (0)   :  0.011 0.036 0.437 0.077 0.081 0.358 
461    (0)   :  0.010 0.041 0.096 0.110 0.061 0.682 
462    (0)   :  0.033 0.028 0.227 0.197 0.161 0.354 
463    (0)   :  0.038 0.047 0.391 0.060 0.329 0.135 
464    (0)   :  0.014 0.034 0.378 0.067 0.122 0.385 
465    (0)   :  0.015 0.043 0.155 0.098 0.152 0.538 
466    (0)   :  0.020 0.034 0.249 0.070 0.241 0.385 
467    (0)   :  0.033 0.056 0.267 0.129 0.236 0.279 
468    (0)   :  0.015 0.032 0.650 0.103 0.091 0.109 
469    (0)   :  0.009 0.036 0.735 0.065 0.059 0.096 
470    (0)   :  0.011 0.034 0.677 0.059 0.056 0.163 
471    (0)   :  0.034 0.038 0.081 0.232 0.316 0.300 
472    (0)   :  0.019 0.040 0.113 0.231 0.261 0.336 
473    (0)   :  0.029 0.068 0.214 0.259 0.139 0.291 
474    (0)   :  0.025 0.061 0.169 0.318 0.160 0.267 
475    (0)   :  0.015 0.076 0.128 0.104 0.166 0.510 
476    (0)   :  0.015 0.044 0.311 0.288 0.125 0.218 
477    (0)   :  0.010 0.061 0.133 0.098 0.194 0.504 
478    (0)   :  0.010 0.036 0.098 0.068 0.075 0.714 
479    (0)   :  0.011 0.034 0.468 0.130 0.067 0.289 
480    (0)   :  0.014 0.041 0.506 0.231 0.064 0.144 
481    (0)   :  0.042 0.037 0.063 0.454 0.141 0.264 
482    (0)   :  0.012 0.035 0.466 0.162 0.055 0.269 
483    (0)   :  0.013 0.047 0.623 0.083 0.081 0.154 
484    (0)   :  0.020 0.040 0.468 0.064 0.248 0.160 
485    (0)   :  0.012 0.034 0.715 0.054 0.064 0.121 
486    (0)   :  0.040 0.054 0.039 0.264 0.312 0.290 
487    (0)   :  0.018 0.101 0.033 0.415 0.243 0.189 
488    (0)   :  0.034 0.101 0.032 0.215 0.208 0.410 
489    (0)   :  0.028 0.099 0.022 0.425 0.300 0.126 
490    (0)   :  0.020 0.038 0.052 0.145 0.183 0.563 
491    (0)   :  0.077 0.110 0.025 0.266 0.333 0.189 
492    (0)   :  0.035 0.195 0.028 0.092 0.342 0.307 
493    (0)   :  0.060 0.073 0.024 0.389 0.191 0.263 
494    (0)   :  0.045 0.086 0.034 0.401 0.277 0.157 
495    (0)   :  0.014 0.134 0.028 0.173 0.249 0.403 
496    (0)   :  0.045 0.224 0.038 0.111 0.385 0.197 
497    (0)   :  0.066 0.135 0.023 0.407 0.165 0.203 
498    (0)   :  0.020 0.060 0.034 0.202 0.287 0.397 
499    (0)   :  0.022 0.173 0.027 0.420 0.242 0.117 
500    (0)   :  0.085 0.066 0.038 0.541 0.133 0.136 
501    (0)   :  0.040 0.158 0.036 0.355 0.206 0.205 
502    (0)   :  0.024 0.218 0.030 0.194 0.190 0.343 
503    (0)   :  0.029 0.043 0.052 0.570 0.096 0.211 
504    (0)   :  0.014 0.052 0.031 0.090 0.221 0.592 
505    (0)   :  0.066 0.071 0.031 0.154 0.512 0.165 
506    (0)   :  0.049 0.167 0.028 0.159 0.220 0.377 
507    (0)   :  0.043 0.415 0.022 0.091 0.342 0.086 
508    (0)   :  0.018 0.313 0.019 0.109 0.448 0.093 
509    (0)   :  0.082 0.141 0.033 0.145 0.424 0.175 
510    (0)   :  0.024 0.182 0.022 0.483 0.152 0.136 
511    (0)   :  0.071 0.053 0.118 0.307 0.175 0.276 
512    (0)   :  0.030 0.036 0.055 0.489 0.077 0.312 
513    (0)   :  0.079 0.062 0.017 0.067 0.385 0.389 
514    (0)   :  0.024 0.082 0.037 0.095 0.128 0.633 
515    (0)   :  0.025 0.142 0.190 0.219 0.258 0.166 
516    (0)   :  0.026 0.062 0.033 0.085 0.299 0.496 
517    (0)   :  0.025 0.130 0.154 0.101 0.305 0.285 
518    (0)   :  0.116 0.194 0.026 0.442 0.089 0.133 
519    (0)   :  0.017 0.079 0.046 0.080 0.165 0.612 
520    (0)   :  0.028 0.205 0.253 0.086 0.327 0.102 
521    (0)   :  0.101 0.335 0.037 0.073 0.122 0.333 
522    (0)   :  0.020 0.052 0.091 0.369 0.293 0.174 
523    (0)   :  0.021 0.126 0.074 0.064 0.501 0.215 
524    (0)   :  0.030 0.106 0.409 0.120 0.150 0.186 
525    (0)   :  0.036 0.159 0.086 0.382 0.215 0.122 
526    (0)   :  0.036 0.063 0.408 0.057 0.339 0.098 
527    (0)   :  0.019 0.053 0.028 0.508 0.100 0.292 
528    (0)   :  0.124 0.456 0.024 0.076 0.157 0.164 
529    (0)   :  0.162 0.135 0.028 0.245 0.153 0.276 
530    (0)   :  0.024 0.073 0.080 0.393 0.257 0.172 
531    (0)   :  0.019 0.328 0.093 0.158 0.239 0.163 
532    (0)   :  0.029 0.246 0.026 0.353 0.148 0.198 
533    (0)   :  0.059 0.068 0.077 0.440 0.182 0.174 
534    (0)   :  0.083 0.115 0.026 0.133 0.419 0.225 
535    (0)   :  0.026 0.058 0.125 0.068 0.420 0.303 
536    (0)   :  0.101 0.106 0.118 0.130 0.388 0.157 
537    (0)   :  0.046 0.106 0.028 0.097 0.613 0.110 
538    (0)   :  0.151 0.116 0.052 0.099 0.411 0.170 
539    (0)   :  0.104 0.460 0.020 0.079 0.247 0.091 
540    (0)   :  0.120 0.167 0.087 0.151 0.307 0.167 
541    (0)   :  0.127 0.347 0.056 0.123 0.194 0.153 
542    (0)   :  0.065 0.041 0.120 0.097 0.567 0.110 
543    (0)   :  0.093 0.178 0.085 0.060 0.332 0.251 
544    (0)   :  0.028 0.062 0.052 0.078 0.648 0.131 
545    (0)   :  0.028 0.036 0.207 0.060 0.521 0.147 
546    (0)   :  0.084 0.074 0.039 0.117 0.555 0.131 
547    (0)   :  0.017 0.067 0.054 0.049 0.707 0.105 
548    (0)   :  0.605 0.110 0.021 0.072 0.095 0.097 
549    (0)   :  0.017 0.178 0.112 0.081 0.527 0.085 
550    (0)   :  0.023 0.055 0.271 0.069 0.393 0.189 
551    (0)   :  0.022 0.313 0.050 0.110 0.381 0.124 
552    (0)   :  0.199 0.099 0.031 0.124 0.434 0.113 
553    (0)   :  0.088 0.157 0.046 0.046 0.525 0.137 
554    (0)   :  0.079 0.126 0.068 0.244 0.206 0.277 
555    (0)   :  0.075 0.241 0.030 0.083 0.431 0.140 
556    (0)   :  0.094 0.084 0.033 0.101 0.523 0.165 
557    (0)   :  0.021 0.087 0.352 0.063 0.301 0.176 
558    (0)   :  0.010 0.036 0.521 0.144 0.053 0.237 
559    (0)   :  0.108 0.052 0.030 0.121 0.154 0.535 
560    (0)   :  0.024 0.027 0.250 0.065 0.067 0.567 
561    (0)   :  0.017 0.036 0.092 0.153 0.142 0.559 
562    (0)   :  0.034 0.027 0.075 0.132 0.109 0.623 
563    (0)   :  0.011 0.125 0.077 0.078 0.252 0.457 
564    (0)   :  0.203 0.061 0.053 0.123 0.175 0.385 
565    (0)   :  0.016 0.043 0.468 0.223 0.077 0.174 
566    (0)   :  0.015 0.030 0.147 0.082 0.065 0.662 
567    (0)   :  0.208 0.039 0.038 0.137 0.119 0.460 
568    (0)   :  0.034 0.053 0.106 0.088 0.155 0.564 
569    (0)   :  0.022 0.059 0.133 0.206 0.195 0.385 
570    (0)   :  0.020 0.031 0.222 0.352 0.050 0.325 
571    (0)   :  0.023 0.047 0.080 0.064 0.072 0.714 
572    (0)   :  0.052 0.147 0.085 0.108 0.458 0.151 
573    (0)   :  0.170 0.059 0.247 0.101 0.103 0.319 
574    (0)   :  0.022 0.116 0.086 0.434 0.143 0.199 
575    (0)   :  0.036 0.096 0.068 0.090 0.170 0.540 
576    (0)   :  0.014 0.030 0.082 0.102 0.056 0.716 
577    (0)   :  0.021 0.100 0.049 0.419 0.136 0.276 
578    (0)   :  0.027 0.044 0.147 0.101 0.086 0.594 
579    (0)   :  0.045 0.042 0.084 0.195 0.111 0.522 
580    (0)   :  0.022 0.066 0.140 0.379 0.102 0.291 
581    (0)   :  0.018 0.054 0.233 0.168 0.083 0.445 
582    (0)   :  0.022 0.031 0.348 0.147 0.088 0.365 
583    (0)   :  0.029 0.047 0.081 0.176 0.065 0.602 
584    (0)   :  0.012 0.036 0.075 0.136 0.064 0.677 
585    (0)   :  0.021 0.038 0.112 0.154 0.093 0.581 
586    (0)   :  0.039 0.052 0.036 0.068 0.122 0.684 
587    (0)   :  0.044 0.032 0.056 0.325 0.146 0.397 
588    (0)   :  0.318 0.042 0.021 0.078 0.361 0.180 
589    (0)   :  0.023 0.036 0.334 0.186 0.128 0.293 
590    (0)   :  0.036 0.042 0.026 0.123 0.089 0.685 
591    (0)   :  0.019 0.049 0.047 0.080 0.080 0.724 
592    (0)   :  0.083 0.035 0.106 0.085 0.154 0.537 
593    (0)   :  0.049 0.067 0.167 0.115 0.119 0.483 
594    (0)   :  0.028 0.105 0.047 0.174 0.107 0.539 
595    (0)   :  0.040 0.030 0.028 0.581 0.062 0.259 
596    (0)   :  0.113 0.071 0.208 0.097 0.198 0.314 
597    (0)   :  0.030 0.198 0.051 0.049 0.119 0.554 
598    (0)   :  0.012 0.035 0.363 0.319 0.051 0.220 
599    (0)   :  0.027 0.030 0.073 0.095 0.094 0.681 
600    (0)   :  0.027 0.072 0.146 0.311 0.179 0.265 
601    (0)   :  0.026 0.029 0.131 0.117 0.111 0.586 
602    (0)   :  0.061 0.117 0.042 0.238 0.224 0.318 
603    (0)   :  0.072 0.126 0.034 0.143 0.176 0.450 
604    (0)   :  0.033 0.082 0.253 0.335 0.139 0.159 
605    (0)   :  0.029 0.051 0.087 0.166 0.177 0.489 
606    (0)   :  0.142 0.101 0.055 0.240 0.211 0.252 
607    (0)   :  0.079 0.212 0.075 0.341 0.099 0.194 
608    (0)   :  0.024 0.373 0.103 0.143 0.129 0.228 
609    (0)   :  0.014 0.062 0.090 0.387 0.174 0.272 
610    (0)   :  0.026 0.051 0.460 0.109 0.185 0.169 
611    (0)   :  0.031 0.119 0.043 0.138 0.274 0.394 
612    (0)   :  0.017 0.048 0.412 0.248 0.121 0.153 
613    (0)   :  0.033 0.061 0.085 0.358 0.222 0.240 
614    (0)   :  0.024 0.035 0.078 0.679 0.075 0.109 
615    (0)   :  0.049 0.072 0.232 0.397 0.124 0.127 
616    (0)   :  0.090 0.157 0.045 0.348 0.082 0.278 
617    (0)   :  0.029 0.043 0.084 0.433 0.141 0.270 
618    (0)   :  0.037 0.132 0.275 0.289 0.159 0.106 
619    (0)   :  0.091 0.130 0.178 0.088 0.151 0.363 
620    (0)   :  0.154 0.027 0.084 0.065 0.112 0.557 
621    (0)   :  0.012 0.047 0.065 0.231 0.077 0.569 
622    (0)   :  0.156 0.090 0.130 0.326 0.146 0.152 
623    (0)   :  0.040 0.049 0.070 0.150 0.126 0.565 
624    (0)   :  0.024 0.163 0.314 0.244 0.096 0.158 
625    (0)   :  0.027 0.100 0.066 0.471 0.096 0.241 
626    (0)   :  0.041 0.240 0.149 0.151 0.332 0.086 
627    (0)   :  0.042 0.062 0.059 0.207 0.177 0.452 
628    (0)   :  0.151 0.064 0.045 0.176 0.140 0.424 
629    (0)   :  0.053 0.073 0.034 0.355 0.133 0.353 
630    (0)   :  0.033 0.057 0.099 0.432 0.115 0.263 
631    (0)   :  0.086 0.055 0.057 0.483 0.081 0.238 
632    (0)   :  0.166 0.151 0.047 0.211 0.283 0.142 
633    (0)   :  0.029 0.100 0.152 0.381 0.115 0.223 
634    (0)   :  0.120 0.139 0.066 0.197 0.202 0.276 
635    (0)   :  0.077 0.356 0.053 0.210 0.155 0.149 
636    (0)   :  0.023 0.208 0.084 0.307 0.124 0.255 
637    (0)   :  0.038 0.061 0.054 0.152 0.526 0.169 
638    (0)   :  0.042 0.109 0.041 0.314 0.126 0.368 
639    (0)   :  0.036 0.077 0.085 0.538 0.113 0.152 
640    (0)   :  0.018 0.066 0.048 0.156 0.073 0.639 
641    (0)   :  0.050 0.069 0.038 0.517 0.110 0.216 
642    (0)   :  0.024 0.250 0.046 0.106 0.408 0.166 
643    (0)   :  0.027 0.604 0.033 0.070 0.127 0.140 
644    (0)   :  0.024 0.469 0.033 0.092 0.172 0.210 
645    (0)   :  0.023 0.367 0.199 0.146 0.191 0.073 
646    (0)   :  0.033 0.096 0.040 0.131 0.383 0.317 
647    (0)   :  0.025 0.185 0.029 0.097 0.430 0.234 
648    (0)   :  0.113 0.189 0.033 0.311 0.241 0.114 
649    (0)   :  0.140 0.120 0.029 0.081 0.415 0.215 
650    (0)   :  0.035 0.134 0.031 0.089 0.354 0.356 
651    (0)   :  0.108 0.332 0.023 0.181 0.094 0.263 
652    (0)   :  0.031 0.516 0.030 0.100 0.141 0.182 
653    (0)   :  0.036 0.216 0.041 0.235 0.368 0.104 
654    (0)   :  0.030 0.172 0.026 0.111 0.544 0.116 
655    (0)   :  0.021 0.469 0.043 0.058 0.096 0.312 
656    (0)   :  0.054 0.149 0.043 0.192 0.405 0.157 
657    (0)   :  0.021 0.143 0.055 0.462 0.129 0.190 
658    (0)   :  0.031 0.198 0.082 0.092 0.193 0.405 
659    (0)   :  0.024 0.293 0.041 0.177 0.342 0.123 
660    (0)   :  0.108 0.396 0.024 0.086 0.240 0.146 
661    (0)   :  0.050 0.357 0.046 0.095 0.340 0.111 
662    (0)   :  0.123 0.084 0.027 0.061 0.493 0.211 
663    (0)   :  0.154 0.385 0.031 0.120 0.133 0.177 
664    (0)   :  0.022 0.178 0.142 0.094 0.188 0.376 
665    (0)   :  0.127 0.122 0.026 0.097 0.406 0.222 
666    (0)   :  0.061 0.287 0.042 0.102 0.333 0.175 
667    (0)   :  0.025 0.109 0.038 0.161 0.227 0.439 
668    (0)   :  0.029 0.325 0.054 0.126 0.245 0.221 
669    (0)   :  0.181 0.209 0.029 0.169 0.239 0.173 
670    (0)   :  0.049 0.662 0.022 0.060 0.117 0.090 
671    (0)   :  0.055 0.475 0.027 0.069 0.229 0.146 
672    (0)   :  0.016 0.569 0.079 0.044 0.131 0.161 
673    (0)   :  0.018 0.767 0.020 0.066 0.062 0.067 
674    (0)   :  0.045 0.503 0.030 0.127 0.190 0.105 
675    (0)   :  0.021 0.657 0.021 0.056 0.114 0.131 
676    (0)   :  0.016 0.757 0.020 0.057 0.083 0.067 
677    (0)   :  0.063 0.396 0.019 0.054 0.396 0.073 
678    (0)   :  0.018 0.764 0.021 0.067 0.058 0.073 
679    (0)   :  0.024 0.639 0.029 0.136 0.069 0.103 
680    (0)   :  0.019 0.583 0.040 0.126 0.151 0.082 
681    (0)   :  0.017 0.160 0.079 0.166 0.469 0.110 
682    (0)   :  0.015 0.580 0.042 0.103 0.176 0.084 
683    (0)   :  0.028 0.673 0.021 0.055 0.141 0.082 
684    (0)   :  0.018 0.743 0.021 0.065 0.079 0.074 
685    (0)   :  0.017 0.756 0.019 0.051 0.090 0.066 
686    (0)   :  0.029 0.260 0.032 0.088 0.500 0.091 
687    (0)   :  0.067 0.479 0.024 0.064 0.235 0.131 
688    (0)   :  0.021 0.657 0.024 0.063 0.128 0.107 
689    (0)   :  0.015 0.775 0.020 0.056 0.070 0.064 
690    (0)   :  0.015 0.759 0.020 0.058 0.081 0.067 
691    (0)   :  0.024 0.560 0.028 0.119 0.168 0.100 
692    (0)   :  0.020 0.693 0.025 0.086 0.073 0.103 
693    (0)   :  0.018 0.648 0.033 0.066 0.108 0.128 
694    (0)   :  0.017 0.772 0.019 0.046 0.083 0.063 
695    (0)   :  0.015 0.613 0.039 0.052 0.205 0.076 
696    (0)   :  0.021 0.657 0.024 0.064 0.125 0.108 
697    (0)   :  0.025 0.728 0.021 0.063 0.097 0.067 
698    (0)   :  0.019 0.745 0.021 0.058 0.090 0.068 
699    (0)   :  0.027 0.440 0.033 0.047 0.378 0.074 
700    (0)   :  0.042 0.430 0.042 0.059 0.334 0.093 
701    (0)   :  0.027 0.572 0.049 0.130 0.130 0.091 
702    (0)   :  0.025 0.414 0.049 0.093 0.295 0.124 
703    (0)   :  0.018 0.549 0.042 0.104 0.199 0.087 
704    (0)   :  0.029 0.641 0.024 0.055 0.151 0.100 
705    (0)   :  0.029 0.279 0.080 0.094 0.412 0.106 
706    (0)   :  0.017 0.486 0.035 0.101 0.281 0.080 
707    (0)   :  0.027 0.675 0.021 0.069 0.140 0.068 
708    (0)   :  0.022 0.702 0.021 0.065 0.123 0.068 
709    (0)   :  0.023 0.513 0.024 0.053 0.315 0.072 
710    (0)   :  0.015 0.714 0.019 0.051 0.137 0.064 
711    (0)   :  0.029 0.399 0.032 0.087 0.375 0.079 
712    (0)   :  0.038 0.463 0.019 0.050 0.366 0.064 
713    (0)   :  0.025 0.649 0.022 0.057 0.144 0.104 
714    (0)   :  0.028 0.548 0.029 0.157 0.135 0.103 
715    (0)   :  0.026 0.594 0.019 0.049 0.249 0.064 
