

----------------------------------------------------
STRUCTURE by Pritchard, Stephens and Donnelly (2000)
     and Falush, Stephens and Pritchard (2003)
       Code by Pritchard, Falush and Hubisz
             Version 2.3.4 (Jul 2012)
----------------------------------------------------



Command line arguments:   ./structure -K 8 -D 108010 -m brooktrout/mainparams -e brooktrout/extraparams -o brooktrout/250914_output/results_K8_rep10 
Input File:    brooktrout/brooktrout.txt

Run parameters:
   8454 individuals
   5 loci
   8 populations assumed
   50000 Burn-in period
   100000 Reps
RANDOMIZE turned off


--------------------------------------------
Overall proportion of membership of the
sample in each of the 8 clusters

Inferred Clusters
  1      2      3      4      5      6      7      8    
0.013  0.016  0.042  0.115  0.193  0.169  0.208  0.245  

--------------------------------------------

Allele-freq. divergence among pops (Net nucleotide distance),
computed using point estimates of P.

      1       2       3       4       5       6       7       8      
 1      -    0.1388  0.1024  0.1252  0.1224  0.0937  0.1175  0.0875  
 2   0.1388     -    0.1140  0.1479  0.2057  0.1279  0.1307  0.1672  
 3   0.1024  0.1140     -    0.1298  0.1476  0.0615  0.0847  0.0640  
 4   0.1252  0.1479  0.1298     -    0.1269  0.0956  0.0783  0.1115  
 5   0.1224  0.2057  0.1476  0.1269     -    0.1729  0.1005  0.1570  
 6   0.0937  0.1279  0.0615  0.0956  0.1729     -    0.1034  0.0435  
 7   0.1175  0.1307  0.0847  0.0783  0.1005  0.1034     -    0.1109  
 8   0.0875  0.1672  0.0640  0.1115  0.1570  0.0435  0.1109     -    

Average distances (expected heterozygosity) between individuals in same cluster:
cluster  1  : 0.8128 
cluster  2  : 0.7736 
cluster  3  : 0.8276 
cluster  4  : 0.7534 
cluster  5  : 0.6992 
cluster  6  : 0.7931 
cluster  7  : 0.7858 
cluster  8  : 0.7568 

--------------------------------------------
Estimated Ln Prob of Data   = -183556.4
Mean value of ln likelihood = -172334.4
Variance of ln likelihood   = 22444.1

Mean value of alpha_1       = 0.0463
Mean value of alpha_2       = 0.0568
Mean value of alpha_3       = 0.1549
Mean value of alpha_4       = 0.4310
Mean value of alpha_5       = 0.6951
Mean value of alpha_6       = 0.6228
Mean value of alpha_7       = 0.7927
Mean value of alpha_8       = 0.9094
Allele frequencies uncorrelated


Inferred ancestry of individuals:
     (%Miss) :  Inferred clusters
  1    (0)   :  0.008 0.007 0.259 0.055 0.165 0.102 0.173 0.231 
  2    (0)   :  0.005 0.010 0.017 0.503 0.085 0.113 0.133 0.135 
  3    (0)   :  0.012 0.005 0.027 0.067 0.150 0.131 0.252 0.355 
  4    (0)   :  0.016 0.007 0.019 0.067 0.432 0.120 0.203 0.135 
  5    (0)   :  0.007 0.016 0.020 0.300 0.100 0.180 0.176 0.200 
  6    (0)   :  0.012 0.005 0.022 0.100 0.125 0.154 0.091 0.491 
  7    (0)   :  0.008 0.007 0.054 0.054 0.093 0.349 0.108 0.327 
  8    (0)   :  0.049 0.008 0.030 0.064 0.297 0.157 0.149 0.246 
  9    (0)   :  0.018 0.014 0.033 0.225 0.131 0.122 0.177 0.280 
 10    (0)   :  0.012 0.009 0.038 0.076 0.228 0.169 0.111 0.358 
 11    (0)   :  0.006 0.008 0.066 0.059 0.087 0.303 0.114 0.357 
 12    (0)   :  0.008 0.009 0.022 0.285 0.144 0.177 0.162 0.191 
 13    (0)   :  0.010 0.011 0.024 0.149 0.146 0.192 0.183 0.283 
 14    (0)   :  0.005 0.007 0.022 0.176 0.142 0.119 0.303 0.226 
 15    (0)   :  0.008 0.007 0.021 0.107 0.250 0.172 0.226 0.209 
 16    (0)   :  0.006 0.008 0.028 0.052 0.111 0.132 0.190 0.474 
 17    (0)   :  0.021 0.012 0.029 0.117 0.146 0.171 0.191 0.313 
 18    (0)   :  0.015 0.007 0.020 0.248 0.155 0.097 0.149 0.309 
 19    (0)   :  0.009 0.006 0.026 0.143 0.131 0.176 0.111 0.398 
 20    (0)   :  0.007 0.008 0.027 0.117 0.147 0.254 0.198 0.242 
 21    (0)   :  0.006 0.006 0.045 0.127 0.217 0.097 0.279 0.222 
 22    (0)   :  0.018 0.007 0.020 0.081 0.160 0.114 0.152 0.447 
 23    (0)   :  0.010 0.023 0.026 0.122 0.204 0.110 0.343 0.161 
 24    (0)   :  0.007 0.007 0.034 0.068 0.225 0.107 0.219 0.333 
 25    (0)   :  0.007 0.009 0.020 0.130 0.075 0.287 0.122 0.351 
 26    (0)   :  0.015 0.007 0.028 0.128 0.216 0.140 0.170 0.296 
 27    (0)   :  0.008 0.010 0.024 0.077 0.141 0.136 0.256 0.347 
 28    (0)   :  0.007 0.007 0.078 0.097 0.311 0.150 0.123 0.228 
 29    (0)   :  0.005 0.010 0.030 0.123 0.108 0.217 0.281 0.227 
 30    (0)   :  0.008 0.007 0.026 0.099 0.124 0.097 0.182 0.458 
 31    (0)   :  0.030 0.013 0.065 0.120 0.177 0.176 0.210 0.209 
 32    (0)   :  0.006 0.006 0.020 0.169 0.215 0.158 0.159 0.267 
 33    (0)   :  0.007 0.006 0.030 0.067 0.153 0.141 0.269 0.326 
 34    (0)   :  0.010 0.024 0.045 0.062 0.152 0.286 0.095 0.325 
 35    (0)   :  0.026 0.020 0.031 0.121 0.084 0.110 0.345 0.263 
 36    (0)   :  0.005 0.006 0.059 0.059 0.079 0.080 0.448 0.263 
 37    (0)   :  0.011 0.006 0.019 0.137 0.180 0.118 0.331 0.198 
 38    (0)   :  0.006 0.015 0.053 0.066 0.072 0.181 0.199 0.408 
 39    (0)   :  0.010 0.012 0.040 0.082 0.104 0.173 0.255 0.323 
 40    (0)   :  0.005 0.007 0.022 0.072 0.103 0.083 0.512 0.196 
 41    (0)   :  0.009 0.014 0.044 0.049 0.065 0.129 0.441 0.248 
 42    (0)   :  0.005 0.009 0.049 0.041 0.192 0.072 0.421 0.212 
 43    (0)   :  0.010 0.008 0.018 0.092 0.098 0.109 0.520 0.145 
 44    (0)   :  0.013 0.008 0.020 0.089 0.064 0.100 0.490 0.215 
 45    (0)   :  0.006 0.011 0.084 0.156 0.069 0.117 0.301 0.256 
 46    (0)   :  0.019 0.009 0.027 0.098 0.098 0.156 0.267 0.326 
 47    (0)   :  0.053 0.014 0.032 0.166 0.133 0.122 0.204 0.276 
 48    (0)   :  0.015 0.011 0.017 0.096 0.069 0.092 0.500 0.200 
 49    (0)   :  0.013 0.018 0.033 0.073 0.102 0.107 0.378 0.277 
 50    (0)   :  0.019 0.013 0.028 0.087 0.125 0.191 0.183 0.353 
 51    (0)   :  0.004 0.007 0.041 0.052 0.063 0.067 0.591 0.174 
 52    (0)   :  0.014 0.014 0.055 0.055 0.116 0.164 0.279 0.304 
 53    (0)   :  0.009 0.009 0.027 0.052 0.118 0.149 0.216 0.419 
 54    (0)   :  0.013 0.013 0.033 0.313 0.127 0.108 0.254 0.139 
 55    (0)   :  0.009 0.010 0.018 0.138 0.089 0.097 0.505 0.134 
 56    (0)   :  0.009 0.014 0.020 0.093 0.107 0.087 0.419 0.250 
 57    (0)   :  0.033 0.014 0.032 0.092 0.277 0.153 0.127 0.272 
 58    (0)   :  0.007 0.012 0.041 0.100 0.094 0.115 0.437 0.194 
 59    (0)   :  0.006 0.026 0.051 0.079 0.096 0.115 0.342 0.285 
 60    (0)   :  0.005 0.006 0.035 0.061 0.132 0.082 0.530 0.149 
 61    (0)   :  0.005 0.008 0.026 0.240 0.135 0.082 0.407 0.098 
 62    (0)   :  0.022 0.061 0.032 0.180 0.132 0.132 0.179 0.262 
 63    (0)   :  0.005 0.006 0.028 0.097 0.128 0.158 0.387 0.191 
 64    (0)   :  0.009 0.010 0.030 0.127 0.083 0.136 0.153 0.452 
 65    (0)   :  0.007 0.009 0.039 0.191 0.072 0.329 0.135 0.218 
 66    (0)   :  0.005 0.008 0.025 0.189 0.197 0.141 0.277 0.159 
 67    (0)   :  0.008 0.009 0.027 0.235 0.079 0.111 0.402 0.129 
 68    (0)   :  0.007 0.022 0.046 0.069 0.111 0.103 0.369 0.273 
 69    (0)   :  0.009 0.038 0.196 0.073 0.129 0.153 0.128 0.275 
 70    (0)   :  0.005 0.006 0.037 0.046 0.093 0.150 0.480 0.184 
 71    (0)   :  0.006 0.023 0.045 0.096 0.063 0.116 0.382 0.269 
 72    (0)   :  0.007 0.005 0.048 0.067 0.075 0.104 0.312 0.382 
 73    (0)   :  0.006 0.025 0.032 0.203 0.072 0.139 0.375 0.148 
 74    (0)   :  0.005 0.006 0.061 0.060 0.116 0.075 0.416 0.260 
 75    (0)   :  0.006 0.008 0.057 0.068 0.121 0.061 0.481 0.198 
 76    (0)   :  0.007 0.006 0.026 0.108 0.088 0.190 0.399 0.176 
 77    (0)   :  0.005 0.015 0.049 0.083 0.067 0.163 0.325 0.293 
 78    (0)   :  0.006 0.018 0.051 0.068 0.069 0.162 0.297 0.327 
 79    (0)   :  0.006 0.007 0.027 0.147 0.105 0.248 0.120 0.339 
 80    (0)   :  0.007 0.006 0.028 0.117 0.440 0.126 0.126 0.149 
 81    (0)   :  0.006 0.005 0.034 0.144 0.354 0.166 0.098 0.194 
 82    (0)   :  0.006 0.011 0.021 0.102 0.142 0.140 0.415 0.164 
 83    (0)   :  0.006 0.005 0.024 0.118 0.253 0.174 0.164 0.256 
 84    (0)   :  0.006 0.006 0.026 0.104 0.245 0.216 0.137 0.262 
 85    (0)   :  0.006 0.006 0.017 0.104 0.275 0.138 0.157 0.298 
 86    (0)   :  0.009 0.010 0.036 0.268 0.094 0.156 0.233 0.195 
 87    (0)   :  0.006 0.007 0.048 0.110 0.110 0.303 0.185 0.230 
 88    (0)   :  0.006 0.006 0.029 0.109 0.254 0.181 0.231 0.184 
 89    (0)   :  0.007 0.006 0.027 0.187 0.301 0.141 0.156 0.175 
 90    (0)   :  0.005 0.007 0.042 0.149 0.125 0.331 0.140 0.201 
 91    (0)   :  0.006 0.005 0.019 0.078 0.394 0.118 0.170 0.212 
 92    (0)   :  0.006 0.007 0.025 0.141 0.152 0.212 0.201 0.256 
 93    (0)   :  0.005 0.006 0.020 0.063 0.558 0.078 0.142 0.129 
 94    (0)   :  0.006 0.005 0.086 0.052 0.098 0.325 0.142 0.286 
 95    (0)   :  0.006 0.006 0.054 0.118 0.213 0.293 0.163 0.149 
 96    (0)   :  0.005 0.007 0.016 0.123 0.184 0.084 0.475 0.106 
 97    (0)   :  0.007 0.008 0.038 0.091 0.142 0.068 0.397 0.249 
 98    (0)   :  0.005 0.008 0.019 0.142 0.093 0.107 0.403 0.222 
 99    (0)   :  0.005 0.006 0.031 0.154 0.225 0.239 0.115 0.225 
100    (0)   :  0.006 0.007 0.016 0.197 0.413 0.071 0.190 0.100 
101    (0)   :  0.008 0.007 0.032 0.134 0.132 0.209 0.281 0.198 
102    (0)   :  0.007 0.012 0.030 0.071 0.292 0.164 0.263 0.161 
103    (0)   :  0.006 0.008 0.032 0.390 0.152 0.168 0.119 0.126 
104    (0)   :  0.005 0.008 0.063 0.102 0.139 0.422 0.109 0.151 
105    (0)   :  0.007 0.020 0.067 0.170 0.185 0.292 0.140 0.119 
106    (0)   :  0.005 0.006 0.046 0.076 0.059 0.386 0.115 0.307 
107    (0)   :  0.008 0.013 0.060 0.230 0.156 0.267 0.135 0.131 
108    (0)   :  0.005 0.006 0.016 0.262 0.091 0.172 0.233 0.216 
109    (0)   :  0.007 0.075 0.079 0.094 0.063 0.303 0.131 0.249 
110    (0)   :  0.006 0.007 0.084 0.062 0.066 0.389 0.100 0.286 
111    (0)   :  0.006 0.014 0.149 0.112 0.092 0.405 0.107 0.114 
112    (0)   :  0.005 0.089 0.156 0.053 0.068 0.332 0.141 0.155 
113    (0)   :  0.007 0.008 0.033 0.282 0.114 0.134 0.201 0.220 
114    (0)   :  0.005 0.012 0.087 0.114 0.171 0.367 0.104 0.140 
115    (0)   :  0.007 0.018 0.049 0.082 0.095 0.323 0.277 0.149 
116    (0)   :  0.007 0.011 0.055 0.082 0.060 0.282 0.242 0.261 
117    (0)   :  0.008 0.019 0.120 0.060 0.080 0.343 0.127 0.244 
118    (0)   :  0.006 0.014 0.039 0.334 0.087 0.236 0.154 0.130 
119    (0)   :  0.005 0.006 0.018 0.094 0.194 0.135 0.413 0.137 
120    (0)   :  0.006 0.027 0.072 0.112 0.113 0.291 0.215 0.163 
121    (0)   :  0.022 0.067 0.078 0.080 0.072 0.276 0.244 0.162 
122    (0)   :  0.005 0.011 0.064 0.113 0.084 0.327 0.111 0.285 
123    (0)   :  0.006 0.008 0.087 0.117 0.110 0.351 0.138 0.183 
124    (0)   :  0.014 0.018 0.093 0.131 0.075 0.241 0.179 0.249 
125    (0)   :  0.006 0.015 0.157 0.061 0.078 0.177 0.149 0.356 
126    (0)   :  0.004 0.006 0.062 0.086 0.105 0.251 0.247 0.239 
127    (0)   :  0.007 0.013 0.132 0.123 0.097 0.396 0.126 0.107 
128    (0)   :  0.005 0.012 0.028 0.379 0.086 0.195 0.163 0.132 
129    (0)   :  0.007 0.012 0.044 0.296 0.074 0.312 0.131 0.123 
130    (0)   :  0.007 0.024 0.078 0.156 0.161 0.330 0.096 0.148 
131    (0)   :  0.011 0.029 0.149 0.082 0.064 0.214 0.147 0.304 
132    (0)   :  0.006 0.008 0.047 0.196 0.066 0.318 0.114 0.245 
133    (0)   :  0.009 0.012 0.074 0.225 0.107 0.277 0.152 0.144 
134    (0)   :  0.005 0.008 0.152 0.068 0.051 0.443 0.079 0.195 
135    (0)   :  0.007 0.013 0.020 0.070 0.314 0.064 0.398 0.114 
136    (0)   :  0.007 0.010 0.016 0.062 0.570 0.067 0.128 0.139 
137    (0)   :  0.006 0.018 0.021 0.050 0.578 0.098 0.115 0.113 
138    (0)   :  0.006 0.005 0.023 0.051 0.595 0.062 0.128 0.132 
139    (0)   :  0.005 0.008 0.024 0.259 0.242 0.071 0.240 0.151 
140    (0)   :  0.006 0.006 0.026 0.079 0.333 0.099 0.256 0.194 
141    (0)   :  0.007 0.010 0.022 0.075 0.459 0.073 0.138 0.215 
142    (0)   :  0.006 0.013 0.018 0.083 0.316 0.063 0.392 0.108 
143    (0)   :  0.005 0.005 0.016 0.053 0.647 0.056 0.124 0.093 
144    (0)   :  0.006 0.017 0.020 0.052 0.579 0.096 0.126 0.104 
145    (0)   :  0.009 0.013 0.022 0.081 0.358 0.076 0.224 0.218 
146    (0)   :  0.009 0.007 0.034 0.060 0.376 0.116 0.180 0.218 
147    (0)   :  0.006 0.005 0.016 0.046 0.665 0.058 0.103 0.101 
148    (0)   :  0.006 0.014 0.019 0.078 0.418 0.095 0.212 0.158 
149    (0)   :  0.006 0.010 0.051 0.071 0.435 0.060 0.234 0.133 
150    (0)   :  0.007 0.019 0.022 0.080 0.436 0.136 0.160 0.140 
151    (0)   :  0.006 0.005 0.018 0.067 0.543 0.077 0.166 0.117 
152    (0)   :  0.006 0.013 0.016 0.065 0.385 0.101 0.245 0.168 
153    (0)   :  0.005 0.006 0.053 0.048 0.464 0.074 0.203 0.147 
154    (0)   :  0.008 0.015 0.029 0.081 0.473 0.068 0.192 0.134 
155    (0)   :  0.006 0.005 0.018 0.064 0.608 0.077 0.115 0.108 
156    (0)   :  0.004 0.008 0.023 0.061 0.457 0.072 0.281 0.093 
157    (0)   :  0.005 0.005 0.026 0.054 0.523 0.134 0.112 0.141 
158    (0)   :  0.008 0.012 0.024 0.063 0.403 0.074 0.196 0.219 
159    (0)   :  0.006 0.008 0.018 0.057 0.650 0.058 0.103 0.100 
160    (0)   :  0.007 0.008 0.017 0.068 0.634 0.059 0.106 0.100 
161    (0)   :  0.005 0.006 0.032 0.061 0.375 0.081 0.250 0.188 
162    (0)   :  0.013 0.007 0.028 0.081 0.351 0.119 0.188 0.214 
163    (0)   :  0.005 0.005 0.026 0.052 0.580 0.069 0.166 0.097 
164    (0)   :  0.011 0.007 0.024 0.121 0.410 0.108 0.158 0.160 
165    (0)   :  0.007 0.018 0.022 0.064 0.476 0.129 0.158 0.125 
166    (0)   :  0.006 0.006 0.023 0.081 0.393 0.139 0.190 0.161 
167    (0)   :  0.016 0.011 0.024 0.054 0.532 0.104 0.104 0.155 
168    (0)   :  0.006 0.005 0.020 0.055 0.464 0.078 0.190 0.181 
169    (0)   :  0.009 0.013 0.046 0.055 0.296 0.071 0.175 0.335 
170    (0)   :  0.005 0.006 0.017 0.089 0.325 0.075 0.367 0.116 
171    (0)   :  0.006 0.007 0.016 0.094 0.397 0.098 0.199 0.184 
172    (0)   :  0.006 0.010 0.095 0.060 0.292 0.058 0.280 0.198 
173    (0)   :  0.007 0.007 0.015 0.090 0.602 0.060 0.119 0.100 
174    (0)   :  0.006 0.005 0.019 0.065 0.590 0.078 0.108 0.128 
175    (0)   :  0.007 0.007 0.015 0.058 0.550 0.067 0.165 0.132 
176    (0)   :  0.006 0.018 0.021 0.052 0.578 0.095 0.127 0.104 
177    (0)   :  0.006 0.006 0.032 0.055 0.410 0.135 0.145 0.210 
178    (0)   :  0.007 0.006 0.018 0.074 0.518 0.090 0.106 0.181 
179    (0)   :  0.006 0.005 0.015 0.066 0.654 0.060 0.093 0.102 
180    (0)   :  0.010 0.008 0.031 0.053 0.435 0.090 0.185 0.187 
181    (0)   :  0.008 0.009 0.022 0.091 0.387 0.066 0.269 0.149 
182    (0)   :  0.008 0.008 0.015 0.090 0.491 0.059 0.234 0.096 
183    (0)   :  0.006 0.005 0.016 0.070 0.614 0.060 0.124 0.104 
184    (0)   :  0.007 0.006 0.016 0.529 0.083 0.100 0.122 0.137 
185    (0)   :  0.005 0.008 0.036 0.059 0.527 0.052 0.234 0.080 
186    (0)   :  0.007 0.005 0.019 0.464 0.081 0.132 0.132 0.160 
187    (0)   :  0.005 0.005 0.019 0.408 0.249 0.083 0.113 0.117 
188    (0)   :  0.007 0.005 0.016 0.579 0.066 0.097 0.106 0.124 
189    (0)   :  0.006 0.005 0.028 0.142 0.242 0.103 0.197 0.277 
190    (0)   :  0.004 0.009 0.016 0.134 0.209 0.055 0.499 0.074 
191    (0)   :  0.005 0.007 0.013 0.589 0.104 0.073 0.097 0.112 
192    (0)   :  0.005 0.005 0.021 0.363 0.228 0.107 0.130 0.141 
193    (0)   :  0.005 0.010 0.016 0.250 0.210 0.100 0.232 0.177 
194    (0)   :  0.006 0.006 0.027 0.244 0.200 0.103 0.277 0.137 
195    (0)   :  0.005 0.005 0.020 0.370 0.253 0.055 0.204 0.087 
196    (0)   :  0.004 0.008 0.016 0.235 0.191 0.083 0.361 0.101 
197    (0)   :  0.008 0.006 0.035 0.243 0.194 0.160 0.152 0.201 
198    (0)   :  0.005 0.006 0.025 0.188 0.169 0.134 0.218 0.255 
199    (0)   :  0.005 0.008 0.019 0.116 0.126 0.079 0.544 0.103 
200    (0)   :  0.005 0.015 0.015 0.217 0.183 0.088 0.318 0.159 
201    (0)   :  0.005 0.005 0.016 0.258 0.401 0.068 0.149 0.099 
202    (0)   :  0.005 0.007 0.023 0.096 0.334 0.071 0.375 0.090 
203    (0)   :  0.005 0.008 0.016 0.319 0.375 0.062 0.128 0.086 
204    (0)   :  0.005 0.006 0.017 0.505 0.134 0.057 0.194 0.083 
205    (0)   :  0.005 0.006 0.019 0.459 0.118 0.080 0.198 0.114 
206    (0)   :  0.005 0.005 0.015 0.529 0.153 0.060 0.141 0.091 
207    (0)   :  0.005 0.009 0.016 0.413 0.105 0.083 0.279 0.091 
208    (0)   :  0.005 0.007 0.015 0.375 0.266 0.071 0.165 0.097 
209    (0)   :  0.005 0.010 0.015 0.435 0.153 0.082 0.177 0.125 
210    (0)   :  0.005 0.005 0.016 0.511 0.153 0.072 0.140 0.098 
211    (0)   :  0.007 0.022 0.020 0.126 0.167 0.107 0.460 0.091 
212    (0)   :  0.005 0.006 0.020 0.126 0.385 0.068 0.261 0.130 
213    (0)   :  0.005 0.007 0.033 0.168 0.120 0.120 0.396 0.151 
214    (0)   :  0.005 0.008 0.016 0.185 0.399 0.067 0.222 0.099 
215    (0)   :  0.004 0.009 0.015 0.528 0.097 0.087 0.154 0.105 
216    (0)   :  0.008 0.007 0.018 0.362 0.112 0.118 0.183 0.192 
217    (0)   :  0.005 0.006 0.016 0.249 0.336 0.072 0.208 0.108 
218    (0)   :  0.005 0.006 0.016 0.510 0.132 0.085 0.129 0.117 
219    (0)   :  0.011 0.005 0.019 0.251 0.248 0.114 0.148 0.204 
220    (0)   :  0.004 0.006 0.014 0.615 0.102 0.064 0.107 0.089 
221    (0)   :  0.005 0.007 0.017 0.082 0.334 0.054 0.417 0.084 
222    (0)   :  0.010 0.005 0.020 0.315 0.157 0.120 0.152 0.221 
223    (0)   :  0.005 0.005 0.021 0.233 0.333 0.101 0.148 0.153 
224    (0)   :  0.006 0.006 0.017 0.393 0.281 0.062 0.142 0.094 
225    (0)   :  0.005 0.006 0.020 0.441 0.142 0.070 0.212 0.104 
226    (0)   :  0.007 0.008 0.019 0.308 0.163 0.133 0.155 0.207 
227    (0)   :  0.005 0.006 0.027 0.217 0.221 0.083 0.351 0.090 
228    (0)   :  0.005 0.009 0.034 0.288 0.246 0.053 0.285 0.081 
229    (0)   :  0.005 0.005 0.016 0.428 0.283 0.064 0.104 0.096 
230    (0)   :  0.005 0.007 0.015 0.482 0.219 0.062 0.122 0.088 
231    (0)   :  0.005 0.006 0.015 0.447 0.231 0.070 0.104 0.121 
232    (0)   :  0.006 0.007 0.040 0.174 0.186 0.097 0.317 0.173 
233    (0)   :  0.005 0.007 0.015 0.185 0.475 0.068 0.145 0.099 
234    (0)   :  0.005 0.006 0.018 0.347 0.193 0.112 0.133 0.187 
235    (0)   :  0.006 0.006 0.018 0.232 0.270 0.094 0.221 0.153 
236    (0)   :  0.005 0.007 0.018 0.292 0.323 0.083 0.150 0.123 
237    (0)   :  0.005 0.011 0.018 0.406 0.113 0.079 0.265 0.104 
238    (0)   :  0.005 0.006 0.018 0.166 0.374 0.086 0.226 0.119 
239    (0)   :  0.005 0.005 0.020 0.371 0.250 0.055 0.206 0.088 
240    (0)   :  0.005 0.006 0.018 0.170 0.371 0.086 0.226 0.119 
241    (0)   :  0.006 0.007 0.016 0.136 0.350 0.068 0.306 0.112 
242    (0)   :  0.005 0.006 0.021 0.406 0.163 0.076 0.154 0.169 
243    (0)   :  0.004 0.010 0.015 0.259 0.198 0.065 0.365 0.083 
244    (0)   :  0.005 0.007 0.015 0.397 0.289 0.061 0.137 0.089 
245    (0)   :  0.005 0.005 0.023 0.096 0.468 0.071 0.231 0.102 
246    (0)   :  0.005 0.006 0.016 0.243 0.337 0.072 0.212 0.109 
247    (0)   :  0.004 0.006 0.028 0.314 0.078 0.182 0.186 0.202 
248    (0)   :  0.004 0.008 0.017 0.482 0.087 0.106 0.184 0.112 
249    (0)   :  0.005 0.008 0.016 0.310 0.298 0.069 0.198 0.095 
250    (0)   :  0.005 0.007 0.017 0.413 0.235 0.081 0.128 0.115 
251    (0)   :  0.005 0.013 0.017 0.248 0.142 0.127 0.211 0.237 
252    (0)   :  0.005 0.005 0.023 0.392 0.198 0.073 0.186 0.116 
253    (0)   :  0.005 0.006 0.026 0.172 0.107 0.140 0.371 0.172 
254    (0)   :  0.008 0.005 0.019 0.427 0.154 0.097 0.137 0.154 
255    (0)   :  0.005 0.007 0.016 0.378 0.210 0.089 0.148 0.147 
256    (0)   :  0.005 0.008 0.016 0.236 0.245 0.075 0.300 0.115 
257    (0)   :  0.010 0.011 0.018 0.351 0.167 0.094 0.221 0.127 
258    (0)   :  0.004 0.009 0.022 0.248 0.146 0.118 0.293 0.161 
259    (0)   :  0.005 0.007 0.017 0.455 0.165 0.079 0.160 0.111 
260    (0)   :  0.008 0.006 0.021 0.252 0.294 0.112 0.129 0.179 
261    (0)   :  0.005 0.005 0.026 0.260 0.281 0.073 0.233 0.118 
262    (0)   :  0.005 0.007 0.017 0.164 0.261 0.058 0.402 0.087 
263    (0)   :  0.007 0.007 0.014 0.566 0.100 0.072 0.133 0.102 
264    (0)   :  0.013 0.008 0.018 0.258 0.072 0.131 0.156 0.344 
265    (0)   :  0.005 0.005 0.017 0.422 0.195 0.092 0.124 0.140 
266    (0)   :  0.005 0.007 0.018 0.101 0.404 0.054 0.327 0.084 
267    (0)   :  0.005 0.009 0.019 0.252 0.225 0.104 0.247 0.139 
268    (0)   :  0.004 0.008 0.017 0.232 0.191 0.083 0.364 0.101 
269    (0)   :  0.005 0.006 0.018 0.278 0.229 0.107 0.118 0.239 
270    (0)   :  0.008 0.007 0.019 0.416 0.115 0.109 0.156 0.169 
271    (0)   :  0.005 0.010 0.017 0.359 0.132 0.108 0.232 0.138 
272    (0)   :  0.006 0.014 0.018 0.281 0.141 0.137 0.222 0.180 
273    (0)   :  0.030 0.026 0.033 0.256 0.206 0.116 0.148 0.185 
274    (0)   :  0.006 0.007 0.017 0.377 0.152 0.111 0.160 0.172 
275    (0)   :  0.008 0.012 0.021 0.442 0.161 0.091 0.122 0.142 
276    (0)   :  0.007 0.012 0.020 0.197 0.113 0.131 0.359 0.160 
277    (0)   :  0.005 0.005 0.019 0.306 0.256 0.096 0.149 0.163 
278    (0)   :  0.004 0.010 0.016 0.447 0.126 0.089 0.199 0.110 
279    (0)   :  0.005 0.007 0.018 0.362 0.189 0.092 0.180 0.147 
280    (0)   :  0.005 0.006 0.025 0.306 0.171 0.091 0.192 0.203 
281    (0)   :  0.006 0.007 0.018 0.370 0.152 0.113 0.174 0.160 
282    (0)   :  0.005 0.005 0.020 0.219 0.404 0.088 0.118 0.141 
283    (0)   :  0.005 0.006 0.019 0.208 0.449 0.078 0.137 0.099 
284    (0)   :  0.004 0.009 0.022 0.225 0.267 0.119 0.201 0.152 
285    (0)   :  0.005 0.010 0.019 0.427 0.065 0.098 0.229 0.148 
286    (0)   :  0.005 0.007 0.015 0.396 0.289 0.061 0.138 0.089 
287    (0)   :  0.006 0.005 0.020 0.294 0.207 0.123 0.140 0.205 
288    (0)   :  0.006 0.008 0.016 0.496 0.114 0.105 0.115 0.140 
289    (0)   :  0.007 0.011 0.021 0.431 0.106 0.124 0.164 0.136 
290    (0)   :  0.009 0.014 0.023 0.189 0.122 0.084 0.357 0.202 
291    (0)   :  0.005 0.010 0.018 0.357 0.132 0.108 0.232 0.137 
292    (0)   :  0.006 0.005 0.042 0.197 0.183 0.078 0.311 0.177 
293    (0)   :  0.007 0.011 0.021 0.122 0.099 0.098 0.355 0.286 
294    (0)   :  0.007 0.007 0.018 0.515 0.086 0.074 0.189 0.105 
295    (0)   :  0.007 0.017 0.027 0.170 0.140 0.129 0.331 0.180 
296    (0)   :  0.005 0.010 0.016 0.479 0.116 0.091 0.177 0.106 
297    (0)   :  0.006 0.006 0.024 0.403 0.119 0.090 0.151 0.200 
298    (0)   :  0.005 0.005 0.019 0.342 0.303 0.088 0.107 0.130 
299    (0)   :  0.008 0.005 0.015 0.575 0.107 0.074 0.103 0.113 
300    (0)   :  0.005 0.007 0.018 0.530 0.082 0.065 0.167 0.126 
301    (0)   :  0.007 0.008 0.018 0.417 0.118 0.115 0.140 0.178 
302    (0)   :  0.008 0.013 0.020 0.386 0.104 0.081 0.275 0.113 
303    (0)   :  0.005 0.006 0.026 0.314 0.265 0.066 0.174 0.142 
304    (0)   :  0.009 0.006 0.031 0.119 0.370 0.141 0.112 0.211 
305    (0)   :  0.005 0.007 0.020 0.396 0.200 0.061 0.214 0.097 
306    (0)   :  0.006 0.006 0.017 0.190 0.341 0.084 0.219 0.138 
307    (0)   :  0.006 0.008 0.020 0.265 0.224 0.097 0.225 0.156 
308    (0)   :  0.005 0.005 0.025 0.254 0.283 0.072 0.235 0.120 
309    (0)   :  0.011 0.021 0.021 0.541 0.101 0.083 0.126 0.096 
310    (0)   :  0.005 0.007 0.015 0.302 0.242 0.064 0.273 0.092 
311    (0)   :  0.005 0.007 0.015 0.481 0.219 0.062 0.123 0.088 
312    (0)   :  0.004 0.007 0.015 0.549 0.103 0.076 0.156 0.089 
313    (0)   :  0.005 0.009 0.018 0.383 0.083 0.076 0.330 0.096 
314    (0)   :  0.005 0.007 0.023 0.052 0.602 0.055 0.162 0.094 
315    (0)   :  0.005 0.005 0.021 0.048 0.549 0.072 0.175 0.126 
316    (0)   :  0.008 0.007 0.019 0.053 0.562 0.084 0.112 0.156 
317    (0)   :  0.005 0.007 0.016 0.048 0.666 0.057 0.101 0.100 
318    (0)   :  0.006 0.006 0.016 0.046 0.687 0.058 0.076 0.106 
319    (0)   :  0.006 0.005 0.015 0.054 0.652 0.056 0.117 0.094 
320    (0)   :  0.005 0.007 0.023 0.051 0.602 0.055 0.162 0.095 
321    (0)   :  0.005 0.007 0.017 0.046 0.662 0.059 0.094 0.108 
322    (0)   :  0.008 0.008 0.019 0.056 0.522 0.081 0.168 0.139 
323    (0)   :  0.014 0.005 0.015 0.050 0.672 0.059 0.085 0.100 
324    (0)   :  0.006 0.007 0.017 0.046 0.664 0.059 0.094 0.108 
325    (0)   :  0.005 0.007 0.016 0.045 0.593 0.081 0.102 0.151 
326    (0)   :  0.014 0.013 0.021 0.049 0.560 0.085 0.109 0.149 
327    (0)   :  0.005 0.006 0.016 0.047 0.668 0.057 0.100 0.099 
328    (0)   :  0.005 0.006 0.016 0.051 0.550 0.077 0.158 0.138 
329    (0)   :  0.005 0.005 0.016 0.045 0.688 0.057 0.083 0.100 
330    (0)   :  0.005 0.007 0.016 0.047 0.668 0.057 0.100 0.100 
331    (0)   :  0.005 0.005 0.016 0.049 0.684 0.057 0.084 0.100 
332    (0)   :  0.019 0.009 0.018 0.046 0.564 0.086 0.105 0.154 
333    (0)   :  0.013 0.009 0.020 0.055 0.561 0.081 0.125 0.136 
334    (0)   :  0.005 0.006 0.016 0.051 0.550 0.077 0.157 0.139 
335    (0)   :  0.005 0.005 0.015 0.047 0.568 0.073 0.161 0.125 
336    (0)   :  0.017 0.008 0.030 0.049 0.614 0.059 0.120 0.102 
337    (0)   :  0.005 0.007 0.017 0.046 0.557 0.081 0.134 0.153 
338    (0)   :  0.006 0.007 0.018 0.046 0.679 0.059 0.076 0.109 
339    (0)   :  0.005 0.005 0.016 0.050 0.683 0.058 0.083 0.099 
340    (0)   :  0.005 0.005 0.015 0.053 0.687 0.055 0.088 0.092 
341    (0)   :  0.015 0.008 0.021 0.056 0.650 0.060 0.090 0.100 
342    (0)   :  0.005 0.006 0.016 0.048 0.667 0.057 0.101 0.100 
343    (0)   :  0.013 0.006 0.021 0.047 0.477 0.072 0.243 0.121 
344    (0)   :  0.005 0.005 0.016 0.045 0.694 0.057 0.079 0.099 
345    (0)   :  0.005 0.006 0.016 0.048 0.669 0.058 0.100 0.099 
346    (0)   :  0.005 0.006 0.015 0.047 0.692 0.057 0.080 0.098 
347    (0)   :  0.005 0.005 0.015 0.047 0.699 0.055 0.083 0.092 
348    (0)   :  0.004 0.005 0.020 0.050 0.484 0.066 0.259 0.111 
349    (0)   :  0.005 0.007 0.016 0.047 0.666 0.057 0.101 0.100 
350    (0)   :  0.005 0.005 0.023 0.056 0.625 0.056 0.134 0.095 
351    (0)   :  0.005 0.005 0.015 0.046 0.570 0.072 0.160 0.126 
352    (0)   :  0.005 0.007 0.016 0.048 0.561 0.078 0.148 0.137 
353    (0)   :  0.017 0.008 0.029 0.049 0.616 0.058 0.121 0.102 
354    (0)   :  0.007 0.006 0.018 0.050 0.675 0.058 0.083 0.102 
355    (0)   :  0.005 0.006 0.016 0.046 0.686 0.059 0.076 0.106 
356    (0)   :  0.004 0.005 0.021 0.051 0.444 0.065 0.300 0.109 
357    (0)   :  0.005 0.006 0.015 0.062 0.404 0.107 0.112 0.289 
358    (0)   :  0.006 0.006 0.018 0.045 0.595 0.078 0.109 0.143 
359    (0)   :  0.006 0.005 0.018 0.051 0.678 0.058 0.084 0.101 
360    (0)   :  0.006 0.006 0.015 0.047 0.692 0.057 0.080 0.098 
361    (0)   :  0.005 0.007 0.016 0.065 0.342 0.106 0.171 0.289 
362    (0)   :  0.005 0.007 0.027 0.204 0.104 0.158 0.142 0.351 
363    (0)   :  0.008 0.009 0.031 0.124 0.077 0.229 0.147 0.376 
364    (0)   :  0.030 0.016 0.023 0.084 0.254 0.144 0.192 0.257 
365    (0)   :  0.019 0.025 0.036 0.094 0.089 0.124 0.136 0.477 
366    (0)   :  0.007 0.013 0.022 0.123 0.132 0.112 0.296 0.296 
367    (0)   :  0.005 0.006 0.075 0.063 0.063 0.382 0.085 0.321 
368    (0)   :  0.006 0.007 0.025 0.224 0.105 0.254 0.133 0.246 
369    (0)   :  0.009 0.013 0.021 0.093 0.144 0.114 0.376 0.230 
370    (0)   :  0.015 0.016 0.045 0.240 0.109 0.243 0.148 0.185 
371    (0)   :  0.012 0.015 0.025 0.233 0.136 0.137 0.183 0.260 
372    (0)   :  0.043 0.039 0.037 0.307 0.121 0.155 0.151 0.147 
373    (0)   :  0.007 0.008 0.048 0.103 0.154 0.252 0.156 0.272 
374    (0)   :  0.007 0.018 0.028 0.101 0.234 0.142 0.159 0.311 
375    (0)   :  0.021 0.011 0.037 0.152 0.076 0.250 0.095 0.359 
376    (0)   :  0.133 0.008 0.030 0.047 0.070 0.143 0.100 0.468 
377    (0)   :  0.007 0.012 0.023 0.156 0.111 0.148 0.185 0.358 
378    (0)   :  0.006 0.009 0.099 0.073 0.237 0.287 0.132 0.157 
379    (0)   :  0.227 0.011 0.040 0.059 0.062 0.158 0.104 0.339 
380    (0)   :  0.015 0.011 0.057 0.092 0.157 0.079 0.184 0.405 
381    (0)   :  0.014 0.010 0.055 0.058 0.129 0.078 0.240 0.416 
382    (0)   :  0.005 0.007 0.023 0.089 0.093 0.246 0.092 0.445 
383    (0)   :  0.023 0.016 0.075 0.125 0.176 0.086 0.087 0.414 
384    (0)   :  0.085 0.019 0.080 0.098 0.150 0.158 0.092 0.318 
385    (0)   :  0.008 0.204 0.046 0.089 0.212 0.124 0.094 0.224 
386    (0)   :  0.004 0.006 0.025 0.084 0.079 0.208 0.122 0.471 
387    (0)   :  0.005 0.007 0.034 0.066 0.099 0.225 0.122 0.442 
388    (0)   :  0.018 0.026 0.036 0.123 0.226 0.163 0.109 0.299 
389    (0)   :  0.011 0.098 0.024 0.198 0.090 0.143 0.293 0.143 
390    (0)   :  0.018 0.016 0.152 0.069 0.069 0.227 0.183 0.265 
391    (0)   :  0.018 0.047 0.054 0.094 0.111 0.219 0.271 0.186 
392    (0)   :  0.010 0.005 0.032 0.092 0.153 0.138 0.122 0.448 
393    (0)   :  0.008 0.006 0.249 0.055 0.113 0.082 0.129 0.357 
394    (0)   :  0.005 0.006 0.028 0.086 0.261 0.192 0.124 0.298 
395    (0)   :  0.004 0.006 0.043 0.176 0.088 0.151 0.217 0.315 
396    (0)   :  0.006 0.006 0.026 0.111 0.065 0.274 0.104 0.408 
397    (0)   :  0.113 0.006 0.020 0.250 0.160 0.099 0.166 0.186 
398    (0)   :  0.041 0.006 0.044 0.051 0.069 0.206 0.107 0.476 
399    (0)   :  0.005 0.010 0.069 0.071 0.088 0.382 0.167 0.207 
400    (0)   :  0.008 0.007 0.034 0.052 0.107 0.216 0.155 0.421 
401    (0)   :  0.005 0.007 0.060 0.064 0.111 0.289 0.232 0.233 
402    (0)   :  0.008 0.008 0.032 0.099 0.119 0.202 0.241 0.292 
403    (0)   :  0.009 0.016 0.032 0.098 0.336 0.138 0.146 0.224 
404    (0)   :  0.010 0.011 0.041 0.181 0.129 0.141 0.140 0.349 
405    (0)   :  0.005 0.006 0.020 0.129 0.114 0.143 0.201 0.383 
406    (0)   :  0.005 0.006 0.027 0.068 0.132 0.126 0.316 0.321 
407    (0)   :  0.005 0.005 0.024 0.065 0.063 0.111 0.095 0.632 
408    (0)   :  0.004 0.005 0.053 0.117 0.058 0.331 0.277 0.154 
409    (0)   :  0.012 0.011 0.085 0.055 0.165 0.084 0.340 0.249 
410    (0)   :  0.093 0.008 0.057 0.072 0.112 0.192 0.148 0.317 
411    (0)   :  0.024 0.007 0.025 0.060 0.166 0.135 0.183 0.400 
412    (0)   :  0.006 0.007 0.024 0.192 0.096 0.234 0.125 0.317 
413    (0)   :  0.005 0.006 0.026 0.132 0.204 0.242 0.116 0.269 
414    (0)   :  0.005 0.013 0.035 0.191 0.071 0.320 0.095 0.269 
415    (0)   :  0.006 0.006 0.024 0.069 0.083 0.151 0.210 0.450 
416    (0)   :  0.007 0.013 0.098 0.083 0.109 0.179 0.192 0.320 
417    (0)   :  0.007 0.006 0.026 0.082 0.074 0.181 0.107 0.518 
418    (0)   :  0.008 0.005 0.047 0.101 0.076 0.357 0.087 0.319 
419    (0)   :  0.012 0.018 0.088 0.083 0.188 0.147 0.179 0.285 
420    (0)   :  0.004 0.006 0.056 0.059 0.067 0.265 0.321 0.221 
421    (0)   :  0.006 0.006 0.033 0.121 0.078 0.232 0.124 0.401 
422    (0)   :  0.007 0.007 0.031 0.176 0.083 0.102 0.240 0.354 
423    (0)   :  0.009 0.006 0.022 0.146 0.114 0.196 0.137 0.369 
424    (0)   :  0.008 0.018 0.042 0.059 0.114 0.303 0.220 0.236 
425    (0)   :  0.026 0.042 0.042 0.120 0.145 0.165 0.133 0.327 
426    (0)   :  0.036 0.028 0.051 0.079 0.141 0.261 0.144 0.260 
427    (0)   :  0.005 0.006 0.043 0.045 0.160 0.159 0.090 0.492 
428    (0)   :  0.024 0.007 0.039 0.088 0.153 0.101 0.238 0.351 
429    (0)   :  0.006 0.005 0.035 0.070 0.062 0.227 0.083 0.511 
430    (0)   :  0.006 0.006 0.064 0.089 0.071 0.138 0.108 0.519 
431    (0)   :  0.010 0.013 0.041 0.139 0.140 0.311 0.131 0.215 
432    (0)   :  0.006 0.007 0.025 0.144 0.112 0.255 0.171 0.281 
433    (0)   :  0.011 0.007 0.025 0.123 0.283 0.145 0.231 0.176 
434    (0)   :  0.006 0.008 0.022 0.148 0.138 0.120 0.208 0.350 
435    (0)   :  0.005 0.005 0.024 0.051 0.067 0.178 0.112 0.558 
436    (0)   :  0.007 0.007 0.058 0.034 0.100 0.215 0.158 0.420 
437    (0)   :  0.009 0.005 0.016 0.070 0.075 0.175 0.100 0.549 
438    (0)   :  0.006 0.006 0.056 0.044 0.094 0.160 0.310 0.323 
439    (0)   :  0.005 0.005 0.088 0.040 0.082 0.133 0.101 0.545 
440    (0)   :  0.004 0.005 0.026 0.047 0.057 0.240 0.094 0.525 
441    (0)   :  0.006 0.006 0.052 0.056 0.124 0.137 0.147 0.473 
442    (0)   :  0.007 0.014 0.035 0.067 0.072 0.203 0.166 0.436 
443    (0)   :  0.004 0.008 0.097 0.049 0.062 0.277 0.267 0.235 
444    (0)   :  0.006 0.014 0.028 0.061 0.071 0.192 0.176 0.451 
445    (0)   :  0.042 0.006 0.244 0.051 0.105 0.079 0.199 0.274 
446    (0)   :  0.049 0.006 0.084 0.037 0.074 0.235 0.101 0.414 
447    (0)   :  0.006 0.016 0.032 0.049 0.114 0.180 0.224 0.378 
448    (0)   :  0.005 0.006 0.024 0.065 0.075 0.176 0.131 0.518 
449    (0)   :  0.005 0.006 0.025 0.068 0.107 0.157 0.162 0.470 
450    (0)   :  0.010 0.006 0.075 0.054 0.122 0.158 0.086 0.489 
451    (0)   :  0.005 0.007 0.026 0.084 0.058 0.438 0.130 0.251 
452    (0)   :  0.007 0.005 0.037 0.052 0.111 0.145 0.093 0.550 
453    (0)   :  0.005 0.008 0.078 0.063 0.078 0.143 0.465 0.161 
454    (0)   :  0.005 0.006 0.024 0.069 0.122 0.153 0.123 0.498 
455    (0)   :  0.005 0.006 0.077 0.041 0.066 0.181 0.186 0.438 
456    (0)   :  0.006 0.008 0.036 0.053 0.064 0.160 0.261 0.412 
457    (0)   :  0.006 0.005 0.020 0.053 0.078 0.128 0.108 0.602 
458    (0)   :  0.047 0.006 0.103 0.047 0.080 0.135 0.105 0.476 
459    (0)   :  0.005 0.006 0.103 0.037 0.128 0.208 0.142 0.372 
460    (0)   :  0.005 0.006 0.069 0.040 0.070 0.290 0.108 0.412 
461    (0)   :  0.007 0.006 0.087 0.040 0.074 0.384 0.081 0.321 
462    (0)   :  0.008 0.026 0.181 0.110 0.053 0.155 0.136 0.331 
463    (0)   :  0.005 0.006 0.081 0.075 0.079 0.142 0.336 0.276 
464    (0)   :  0.004 0.005 0.057 0.045 0.065 0.289 0.190 0.344 
465    (0)   :  0.007 0.006 0.076 0.063 0.077 0.283 0.172 0.316 
466    (0)   :  0.004 0.005 0.048 0.063 0.065 0.231 0.292 0.292 
467    (0)   :  0.005 0.007 0.156 0.090 0.093 0.135 0.169 0.345 
468    (0)   :  0.005 0.005 0.030 0.049 0.065 0.164 0.179 0.503 
469    (0)   :  0.005 0.006 0.058 0.037 0.072 0.148 0.097 0.578 
470    (0)   :  0.005 0.005 0.034 0.043 0.071 0.207 0.101 0.535 
471    (0)   :  0.006 0.010 0.041 0.094 0.074 0.188 0.263 0.323 
472    (0)   :  0.007 0.007 0.107 0.068 0.069 0.161 0.204 0.376 
473    (0)   :  0.005 0.006 0.019 0.095 0.107 0.146 0.171 0.451 
474    (0)   :  0.006 0.005 0.073 0.057 0.099 0.141 0.151 0.467 
475    (0)   :  0.006 0.006 0.046 0.060 0.120 0.243 0.197 0.322 
476    (0)   :  0.008 0.005 0.082 0.045 0.073 0.167 0.142 0.476 
477    (0)   :  0.007 0.011 0.047 0.043 0.100 0.318 0.219 0.255 
478    (0)   :  0.007 0.011 0.111 0.042 0.068 0.453 0.103 0.206 
479    (0)   :  0.005 0.005 0.024 0.042 0.066 0.211 0.098 0.549 
480    (0)   :  0.006 0.005 0.021 0.044 0.074 0.140 0.096 0.613 
481    (0)   :  0.006 0.011 0.028 0.157 0.074 0.160 0.161 0.403 
482    (0)   :  0.006 0.005 0.031 0.043 0.066 0.182 0.087 0.580 
483    (0)   :  0.007 0.005 0.054 0.041 0.084 0.178 0.118 0.513 
484    (0)   :  0.005 0.008 0.108 0.059 0.078 0.116 0.257 0.369 
485    (0)   :  0.006 0.006 0.043 0.041 0.070 0.213 0.116 0.506 
486    (0)   :  0.009 0.029 0.026 0.113 0.094 0.181 0.341 0.207 
487    (0)   :  0.010 0.024 0.022 0.076 0.181 0.182 0.267 0.237 
488    (0)   :  0.008 0.045 0.029 0.130 0.165 0.272 0.178 0.173 
489    (0)   :  0.010 0.014 0.018 0.130 0.158 0.123 0.306 0.242 
490    (0)   :  0.006 0.012 0.048 0.071 0.067 0.303 0.258 0.236 
491    (0)   :  0.008 0.034 0.021 0.223 0.159 0.105 0.283 0.165 
492    (0)   :  0.005 0.018 0.086 0.076 0.252 0.217 0.209 0.137 
493    (0)   :  0.014 0.077 0.024 0.186 0.138 0.197 0.180 0.184 
494    (0)   :  0.037 0.027 0.025 0.122 0.146 0.150 0.292 0.202 
495    (0)   :  0.026 0.065 0.060 0.051 0.185 0.265 0.216 0.131 
496    (0)   :  0.006 0.006 0.030 0.109 0.241 0.104 0.333 0.172 
497    (0)   :  0.019 0.125 0.021 0.195 0.194 0.106 0.156 0.185 
498    (0)   :  0.009 0.045 0.032 0.107 0.088 0.207 0.287 0.226 
499    (0)   :  0.024 0.016 0.018 0.091 0.269 0.111 0.284 0.187 
500    (0)   :  0.018 0.012 0.019 0.178 0.124 0.170 0.178 0.301 
501    (0)   :  0.012 0.009 0.028 0.110 0.224 0.160 0.183 0.274 
502    (0)   :  0.008 0.014 0.059 0.081 0.276 0.221 0.139 0.203 
503    (0)   :  0.008 0.007 0.026 0.131 0.094 0.164 0.127 0.443 
504    (0)   :  0.008 0.046 0.030 0.071 0.090 0.291 0.293 0.171 
505    (0)   :  0.008 0.013 0.020 0.143 0.129 0.134 0.415 0.136 
506    (0)   :  0.007 0.018 0.052 0.127 0.232 0.204 0.196 0.163 
507    (0)   :  0.008 0.006 0.021 0.089 0.389 0.063 0.320 0.105 
508    (0)   :  0.013 0.012 0.017 0.068 0.352 0.078 0.364 0.096 
509    (0)   :  0.007 0.010 0.025 0.161 0.203 0.113 0.342 0.139 
510    (0)   :  0.032 0.009 0.021 0.098 0.307 0.149 0.180 0.206 
511    (0)   :  0.011 0.015 0.035 0.105 0.101 0.223 0.205 0.306 
512    (0)   :  0.008 0.010 0.031 0.110 0.077 0.222 0.115 0.427 
513    (0)   :  0.007 0.345 0.025 0.121 0.106 0.127 0.188 0.081 
514    (0)   :  0.007 0.008 0.046 0.105 0.133 0.327 0.202 0.172 
515    (0)   :  0.011 0.009 0.024 0.063 0.202 0.110 0.264 0.317 
516    (0)   :  0.009 0.008 0.033 0.116 0.105 0.244 0.344 0.140 
517    (0)   :  0.007 0.006 0.021 0.075 0.169 0.163 0.340 0.220 
518    (0)   :  0.079 0.008 0.018 0.181 0.240 0.116 0.126 0.232 
519    (0)   :  0.005 0.009 0.051 0.063 0.126 0.350 0.223 0.173 
520    (0)   :  0.007 0.006 0.017 0.065 0.218 0.124 0.345 0.218 
521    (0)   :  0.006 0.007 0.029 0.168 0.317 0.164 0.163 0.146 
522    (0)   :  0.028 0.009 0.019 0.067 0.105 0.155 0.290 0.328 
523    (0)   :  0.007 0.007 0.021 0.058 0.151 0.128 0.499 0.129 
524    (0)   :  0.008 0.006 0.019 0.089 0.147 0.180 0.205 0.347 
525    (0)   :  0.091 0.006 0.019 0.090 0.215 0.095 0.250 0.235 
526    (0)   :  0.005 0.005 0.024 0.068 0.098 0.114 0.375 0.310 
527    (0)   :  0.084 0.011 0.034 0.092 0.117 0.241 0.136 0.285 
528    (0)   :  0.005 0.006 0.020 0.175 0.422 0.092 0.158 0.122 
529    (0)   :  0.083 0.011 0.024 0.246 0.168 0.131 0.169 0.169 
530    (0)   :  0.007 0.009 0.024 0.074 0.137 0.154 0.249 0.345 
531    (0)   :  0.007 0.006 0.031 0.057 0.348 0.117 0.176 0.259 
532    (0)   :  0.022 0.010 0.026 0.122 0.305 0.175 0.163 0.176 
533    (0)   :  0.072 0.007 0.019 0.158 0.123 0.123 0.230 0.268 
534    (0)   :  0.073 0.014 0.032 0.118 0.161 0.119 0.395 0.089 
535    (0)   :  0.005 0.006 0.026 0.068 0.095 0.172 0.412 0.216 
536    (0)   :  0.007 0.007 0.093 0.144 0.174 0.110 0.213 0.251 
537    (0)   :  0.007 0.008 0.034 0.103 0.179 0.091 0.428 0.147 
538    (0)   :  0.005 0.006 0.021 0.195 0.166 0.096 0.343 0.167 
539    (0)   :  0.005 0.006 0.016 0.118 0.443 0.069 0.235 0.108 
540    (0)   :  0.006 0.008 0.032 0.182 0.200 0.099 0.269 0.205 
541    (0)   :  0.007 0.008 0.208 0.111 0.278 0.082 0.144 0.161 
542    (0)   :  0.006 0.010 0.103 0.149 0.080 0.079 0.330 0.244 
543    (0)   :  0.008 0.014 0.080 0.096 0.189 0.149 0.318 0.146 
544    (0)   :  0.005 0.006 0.043 0.075 0.111 0.095 0.485 0.180 
545    (0)   :  0.005 0.009 0.043 0.073 0.069 0.115 0.436 0.251 
546    (0)   :  0.005 0.012 0.077 0.186 0.129 0.084 0.336 0.172 
547    (0)   :  0.005 0.008 0.031 0.047 0.117 0.087 0.583 0.123 
548    (0)   :  0.005 0.007 0.017 0.412 0.232 0.081 0.129 0.116 
549    (0)   :  0.007 0.007 0.086 0.049 0.241 0.077 0.311 0.222 
550    (0)   :  0.004 0.007 0.028 0.057 0.086 0.193 0.361 0.264 
551    (0)   :  0.008 0.007 0.041 0.058 0.352 0.094 0.265 0.174 
552    (0)   :  0.006 0.006 0.022 0.220 0.169 0.074 0.346 0.158 
553    (0)   :  0.008 0.013 0.048 0.081 0.169 0.101 0.479 0.102 
554    (0)   :  0.010 0.009 0.068 0.187 0.156 0.146 0.177 0.246 
555    (0)   :  0.006 0.019 0.023 0.123 0.237 0.098 0.362 0.132 
556    (0)   :  0.005 0.007 0.021 0.157 0.127 0.090 0.426 0.168 
557    (0)   :  0.005 0.007 0.069 0.056 0.133 0.169 0.253 0.309 
558    (0)   :  0.006 0.005 0.032 0.037 0.069 0.177 0.082 0.592 
559    (0)   :  0.006 0.007 0.037 0.289 0.085 0.188 0.205 0.184 
560    (0)   :  0.005 0.010 0.064 0.083 0.054 0.350 0.089 0.344 
561    (0)   :  0.005 0.010 0.030 0.081 0.069 0.221 0.191 0.392 
562    (0)   :  0.006 0.012 0.036 0.142 0.054 0.300 0.170 0.279 
563    (0)   :  0.008 0.016 0.047 0.040 0.166 0.276 0.237 0.212 
564    (0)   :  0.008 0.009 0.017 0.328 0.102 0.131 0.220 0.184 
565    (0)   :  0.005 0.005 0.024 0.052 0.075 0.097 0.096 0.646 
566    (0)   :  0.004 0.006 0.044 0.054 0.057 0.425 0.098 0.311 
567    (0)   :  0.006 0.009 0.017 0.401 0.069 0.170 0.163 0.166 
568    (0)   :  0.005 0.005 0.029 0.126 0.094 0.219 0.226 0.296 
569    (0)   :  0.007 0.007 0.020 0.074 0.105 0.230 0.203 0.355 
570    (0)   :  0.008 0.005 0.018 0.080 0.061 0.233 0.077 0.518 
571    (0)   :  0.005 0.006 0.047 0.110 0.090 0.410 0.126 0.206 
572    (0)   :  0.004 0.010 0.015 0.070 0.157 0.095 0.447 0.201 
573    (0)   :  0.006 0.007 0.016 0.305 0.100 0.160 0.148 0.257 
574    (0)   :  0.007 0.008 0.017 0.074 0.168 0.147 0.176 0.403 
575    (0)   :  0.005 0.005 0.048 0.105 0.146 0.261 0.169 0.259 
576    (0)   :  0.005 0.012 0.047 0.075 0.060 0.402 0.087 0.312 
577    (0)   :  0.009 0.007 0.018 0.078 0.150 0.137 0.188 0.414 
