

----------------------------------------------------
STRUCTURE by Pritchard, Stephens and Donnelly (2000)
     and Falush, Stephens and Pritchard (2003)
       Code by Pritchard, Falush and Hubisz
             Version 2.3.4 (Jul 2012)
----------------------------------------------------



Command line arguments:   ./structure -K 6 -D 106013 -m brooktrout/mainparams -e brooktrout/extraparams -o brooktrout/250914_output/results_K6_rep13 
Input File:    brooktrout/brooktrout.txt

Run parameters:
   8454 individuals
   5 loci
   6 populations assumed
   50000 Burn-in period
   100000 Reps
RANDOMIZE turned off


--------------------------------------------
Overall proportion of membership of the
sample in each of the 6 clusters

Inferred Clusters
  1      2      3      4      5      6    
0.023  0.059  0.135  0.213  0.298  0.273  

--------------------------------------------

Allele-freq. divergence among pops (Net nucleotide distance),
computed using point estimates of P.

      1       2       3       4       5       6      
 1      -    0.1486  0.0845  0.0728  0.0669  0.0903  
 2   0.1486     -    0.1190  0.0952  0.1254  0.1229  
 3   0.0845  0.1190     -    0.0553  0.0495  0.1244  
 4   0.0728  0.0952  0.0553     -    0.0629  0.0879  
 5   0.0669  0.1254  0.0495  0.0629     -    0.1199  
 6   0.0903  0.1229  0.1244  0.0879  0.1199     -    

Average distances (expected heterozygosity) between individuals in same cluster:
cluster  1  : 0.8170 
cluster  2  : 0.7746 
cluster  3  : 0.8073 
cluster  4  : 0.8141 
cluster  5  : 0.7814 
cluster  6  : 0.7410 

--------------------------------------------
Estimated Ln Prob of Data   = -190033.8
Mean value of ln likelihood = -171894.2
Variance of ln likelihood   = 36279.1

Mean value of alpha_1       = 0.0435
Mean value of alpha_2       = 0.1052
Mean value of alpha_3       = 0.2460
Mean value of alpha_4       = 0.3956
Mean value of alpha_5       = 0.5628
Mean value of alpha_6       = 0.5192
Allele frequencies uncorrelated


Inferred ancestry of individuals:
     (%Miss) :  Inferred clusters
  1    (0)   :  0.013 0.048 0.133 0.107 0.311 0.388 
  2    (0)   :  0.007 0.013 0.043 0.729 0.116 0.092 
  3    (0)   :  0.028 0.044 0.061 0.081 0.504 0.282 
  4    (0)   :  0.022 0.030 0.080 0.093 0.129 0.644 
  5    (0)   :  0.009 0.014 0.054 0.685 0.146 0.093 
  6    (0)   :  0.021 0.014 0.041 0.116 0.700 0.108 
  7    (0)   :  0.016 0.012 0.285 0.146 0.444 0.097 
  8    (0)   :  0.097 0.026 0.087 0.080 0.331 0.379 
  9    (0)   :  0.104 0.024 0.097 0.248 0.326 0.201 
 10    (0)   :  0.026 0.012 0.080 0.133 0.484 0.265 
 11    (0)   :  0.008 0.013 0.307 0.141 0.433 0.099 
 12    (0)   :  0.012 0.016 0.059 0.615 0.157 0.140 
 13    (0)   :  0.021 0.021 0.075 0.386 0.334 0.164 
 14    (0)   :  0.008 0.070 0.053 0.303 0.293 0.274 
 15    (0)   :  0.013 0.026 0.103 0.237 0.255 0.367 
 16    (0)   :  0.008 0.025 0.064 0.116 0.636 0.151 
 17    (0)   :  0.072 0.030 0.066 0.319 0.366 0.148 
 18    (0)   :  0.090 0.027 0.040 0.256 0.393 0.193 
 19    (0)   :  0.017 0.013 0.057 0.220 0.558 0.135 
 20    (0)   :  0.011 0.027 0.127 0.346 0.323 0.165 
 21    (0)   :  0.010 0.040 0.061 0.239 0.250 0.401 
 22    (0)   :  0.036 0.021 0.039 0.122 0.597 0.185 
 23    (0)   :  0.019 0.097 0.117 0.183 0.182 0.403 
 24    (0)   :  0.010 0.025 0.053 0.142 0.418 0.351 
 25    (0)   :  0.015 0.020 0.103 0.314 0.472 0.076 
 26    (0)   :  0.038 0.023 0.060 0.291 0.338 0.250 
 27    (0)   :  0.015 0.046 0.064 0.259 0.407 0.210 
 28    (0)   :  0.010 0.019 0.167 0.107 0.260 0.437 
 29    (0)   :  0.007 0.025 0.117 0.458 0.247 0.147 
 30    (0)   :  0.013 0.030 0.037 0.150 0.616 0.154 
 31    (0)   :  0.050 0.035 0.086 0.344 0.248 0.237 
 32    (0)   :  0.012 0.025 0.079 0.163 0.397 0.324 
 33    (0)   :  0.011 0.045 0.108 0.090 0.467 0.280 
 34    (0)   :  0.019 0.017 0.182 0.100 0.539 0.143 
 35    (0)   :  0.048 0.078 0.055 0.385 0.297 0.138 
 36    (0)   :  0.008 0.321 0.049 0.105 0.362 0.155 
 37    (0)   :  0.025 0.034 0.089 0.235 0.214 0.403 
 38    (0)   :  0.007 0.085 0.089 0.108 0.631 0.081 
 39    (0)   :  0.013 0.078 0.105 0.196 0.474 0.133 
 40    (0)   :  0.008 0.284 0.039 0.146 0.235 0.288 
 41    (0)   :  0.013 0.400 0.081 0.085 0.325 0.095 
 42    (0)   :  0.008 0.228 0.064 0.077 0.198 0.424 
 43    (0)   :  0.020 0.311 0.099 0.186 0.168 0.216 
 44    (0)   :  0.023 0.454 0.050 0.129 0.262 0.082 
 45    (0)   :  0.009 0.181 0.057 0.323 0.336 0.095 
 46    (0)   :  0.040 0.059 0.073 0.282 0.436 0.110 
 47    (0)   :  0.167 0.038 0.067 0.245 0.295 0.189 
 48    (0)   :  0.033 0.438 0.034 0.173 0.228 0.093 
 49    (0)   :  0.025 0.096 0.094 0.281 0.331 0.173 
 50    (0)   :  0.049 0.040 0.116 0.163 0.482 0.149 
 51    (0)   :  0.005 0.709 0.037 0.067 0.109 0.073 
 52    (0)   :  0.020 0.086 0.109 0.153 0.462 0.171 
 53    (0)   :  0.011 0.048 0.068 0.072 0.647 0.154 
 54    (0)   :  0.025 0.052 0.058 0.536 0.138 0.192 
 55    (0)   :  0.014 0.206 0.059 0.439 0.135 0.147 
 56    (0)   :  0.022 0.132 0.046 0.285 0.327 0.188 
 57    (0)   :  0.093 0.015 0.084 0.184 0.319 0.304 
 58    (0)   :  0.008 0.127 0.071 0.347 0.258 0.189 
 59    (0)   :  0.010 0.159 0.091 0.238 0.359 0.142 
 60    (0)   :  0.007 0.305 0.055 0.119 0.206 0.308 
 61    (0)   :  0.007 0.152 0.056 0.438 0.088 0.258 
 62    (0)   :  0.075 0.023 0.060 0.445 0.275 0.122 
 63    (0)   :  0.008 0.103 0.205 0.169 0.248 0.267 
 64    (0)   :  0.014 0.019 0.055 0.212 0.605 0.096 
 65    (0)   :  0.009 0.024 0.292 0.312 0.288 0.075 
 66    (0)   :  0.009 0.035 0.125 0.334 0.155 0.342 
 67    (0)   :  0.016 0.155 0.075 0.490 0.143 0.122 
 68    (0)   :  0.013 0.176 0.087 0.209 0.340 0.175 
 69    (0)   :  0.014 0.112 0.231 0.088 0.373 0.182 
 70    (0)   :  0.006 0.335 0.130 0.078 0.241 0.209 
 71    (0)   :  0.007 0.325 0.072 0.238 0.285 0.072 
 72    (0)   :  0.012 0.096 0.082 0.144 0.533 0.134 
 73    (0)   :  0.008 0.131 0.083 0.521 0.157 0.100 
 74    (0)   :  0.009 0.196 0.050 0.106 0.365 0.274 
 75    (0)   :  0.009 0.218 0.036 0.126 0.208 0.403 
 76    (0)   :  0.010 0.185 0.192 0.213 0.251 0.149 
 77    (0)   :  0.006 0.347 0.093 0.147 0.319 0.087 
 78    (0)   :  0.007 0.321 0.086 0.106 0.388 0.093 
 79    (0)   :  0.010 0.012 0.124 0.287 0.453 0.114 
 80    (0)   :  0.013 0.014 0.096 0.111 0.178 0.589 
 81    (0)   :  0.017 0.011 0.120 0.134 0.260 0.459 
 82    (0)   :  0.008 0.037 0.104 0.447 0.159 0.244 
 83    (0)   :  0.009 0.024 0.107 0.105 0.366 0.389 
 84    (0)   :  0.008 0.016 0.133 0.133 0.369 0.340 
 85    (0)   :  0.009 0.020 0.053 0.125 0.385 0.409 
 86    (0)   :  0.012 0.040 0.070 0.556 0.209 0.113 
 87    (0)   :  0.011 0.025 0.308 0.173 0.347 0.136 
 88    (0)   :  0.011 0.016 0.168 0.213 0.177 0.416 
 89    (0)   :  0.018 0.013 0.104 0.195 0.179 0.491 
 90    (0)   :  0.010 0.014 0.268 0.291 0.277 0.140 
 91    (0)   :  0.009 0.023 0.066 0.083 0.236 0.582 
 92    (0)   :  0.011 0.015 0.117 0.369 0.283 0.206 
 93    (0)   :  0.007 0.013 0.041 0.071 0.096 0.771 
 94    (0)   :  0.007 0.027 0.432 0.059 0.374 0.103 
 95    (0)   :  0.010 0.015 0.402 0.160 0.153 0.259 
 96    (0)   :  0.006 0.214 0.058 0.254 0.095 0.373 
 97    (0)   :  0.011 0.120 0.040 0.200 0.271 0.359 
 98    (0)   :  0.006 0.146 0.050 0.292 0.286 0.220 
 99    (0)   :  0.010 0.014 0.158 0.185 0.333 0.300 
100    (0)   :  0.013 0.017 0.039 0.188 0.087 0.655 
101    (0)   :  0.016 0.038 0.240 0.218 0.250 0.238 
102    (0)   :  0.008 0.058 0.191 0.102 0.180 0.461 
103    (0)   :  0.010 0.025 0.240 0.328 0.130 0.266 
104    (0)   :  0.008 0.025 0.430 0.199 0.196 0.142 
105    (0)   :  0.008 0.023 0.448 0.205 0.099 0.216 
106    (0)   :  0.007 0.025 0.266 0.124 0.521 0.057 
107    (0)   :  0.011 0.025 0.436 0.187 0.118 0.224 
108    (0)   :  0.006 0.278 0.051 0.321 0.244 0.100 
109    (0)   :  0.008 0.031 0.232 0.328 0.339 0.061 
110    (0)   :  0.008 0.017 0.506 0.074 0.329 0.066 
111    (0)   :  0.006 0.016 0.671 0.133 0.093 0.081 
112    (0)   :  0.006 0.030 0.658 0.096 0.144 0.066 
113    (0)   :  0.012 0.043 0.124 0.380 0.258 0.183 
114    (0)   :  0.006 0.019 0.422 0.212 0.169 0.172 
115    (0)   :  0.013 0.056 0.570 0.141 0.127 0.093 
116    (0)   :  0.009 0.085 0.180 0.224 0.434 0.068 
117    (0)   :  0.010 0.022 0.611 0.078 0.207 0.071 
118    (0)   :  0.006 0.019 0.098 0.690 0.108 0.081 
119    (0)   :  0.006 0.321 0.082 0.103 0.149 0.340 
120    (0)   :  0.009 0.032 0.499 0.191 0.151 0.117 
121    (0)   :  0.046 0.104 0.544 0.103 0.132 0.070 
122    (0)   :  0.006 0.020 0.279 0.175 0.440 0.080 
123    (0)   :  0.007 0.030 0.556 0.115 0.181 0.111 
124    (0)   :  0.024 0.073 0.390 0.151 0.276 0.085 
125    (0)   :  0.010 0.047 0.309 0.093 0.444 0.097 
126    (0)   :  0.005 0.081 0.268 0.149 0.354 0.144 
127    (0)   :  0.008 0.019 0.662 0.128 0.092 0.091 
128    (0)   :  0.006 0.019 0.080 0.711 0.100 0.084 
129    (0)   :  0.012 0.023 0.410 0.366 0.110 0.079 
130    (0)   :  0.011 0.016 0.388 0.232 0.177 0.176 
131    (0)   :  0.016 0.104 0.369 0.090 0.356 0.065 
132    (0)   :  0.009 0.025 0.239 0.284 0.377 0.066 
133    (0)   :  0.010 0.033 0.533 0.187 0.121 0.116 
134    (0)   :  0.006 0.014 0.585 0.094 0.252 0.049 
135    (0)   :  0.010 0.069 0.042 0.218 0.096 0.565 
136    (0)   :  0.010 0.013 0.029 0.096 0.111 0.740 
137    (0)   :  0.008 0.013 0.088 0.069 0.084 0.738 
138    (0)   :  0.008 0.020 0.030 0.060 0.094 0.787 
139    (0)   :  0.008 0.042 0.041 0.339 0.133 0.438 
140    (0)   :  0.008 0.040 0.058 0.156 0.198 0.540 
141    (0)   :  0.010 0.018 0.031 0.104 0.169 0.667 
142    (0)   :  0.009 0.100 0.039 0.200 0.091 0.561 
143    (0)   :  0.006 0.013 0.029 0.057 0.069 0.825 
144    (0)   :  0.007 0.014 0.086 0.070 0.076 0.747 
145    (0)   :  0.013 0.024 0.033 0.159 0.184 0.586 
146    (0)   :  0.018 0.025 0.083 0.116 0.202 0.556 
147    (0)   :  0.009 0.012 0.029 0.055 0.077 0.818 
148    (0)   :  0.008 0.037 0.058 0.174 0.140 0.583 
149    (0)   :  0.008 0.027 0.032 0.086 0.103 0.744 
150    (0)   :  0.010 0.016 0.125 0.123 0.106 0.620 
151    (0)   :  0.008 0.015 0.040 0.084 0.088 0.765 
152    (0)   :  0.009 0.079 0.048 0.146 0.171 0.546 
153    (0)   :  0.007 0.029 0.043 0.066 0.121 0.733 
154    (0)   :  0.013 0.021 0.031 0.118 0.105 0.712 
155    (0)   :  0.008 0.015 0.040 0.070 0.080 0.787 
156    (0)   :  0.006 0.056 0.060 0.118 0.075 0.687 
157    (0)   :  0.006 0.015 0.114 0.059 0.145 0.661 
158    (0)   :  0.013 0.020 0.033 0.124 0.181 0.629 
159    (0)   :  0.008 0.011 0.030 0.064 0.073 0.814 
160    (0)   :  0.011 0.011 0.029 0.078 0.075 0.796 
161    (0)   :  0.007 0.021 0.051 0.079 0.152 0.690 
162    (0)   :  0.030 0.027 0.071 0.171 0.204 0.496 
163    (0)   :  0.006 0.020 0.036 0.062 0.075 0.800 
164    (0)   :  0.024 0.018 0.058 0.220 0.151 0.528 
165    (0)   :  0.010 0.016 0.120 0.103 0.093 0.658 
166    (0)   :  0.007 0.046 0.108 0.076 0.180 0.583 
167    (0)   :  0.055 0.018 0.052 0.108 0.150 0.618 
168    (0)   :  0.008 0.035 0.037 0.067 0.157 0.697 
169    (0)   :  0.015 0.032 0.032 0.118 0.371 0.432 
170    (0)   :  0.007 0.035 0.046 0.098 0.088 0.726 
171    (0)   :  0.008 0.030 0.041 0.129 0.192 0.600 
172    (0)   :  0.008 0.096 0.031 0.091 0.213 0.562 
173    (0)   :  0.009 0.013 0.028 0.094 0.074 0.783 
174    (0)   :  0.009 0.011 0.040 0.073 0.096 0.772 
175    (0)   :  0.009 0.019 0.027 0.069 0.105 0.770 
176    (0)   :  0.007 0.015 0.085 0.072 0.076 0.745 
177    (0)   :  0.009 0.021 0.107 0.074 0.224 0.564 
178    (0)   :  0.011 0.013 0.039 0.095 0.151 0.691 
179    (0)   :  0.007 0.012 0.028 0.061 0.078 0.815 
180    (0)   :  0.021 0.030 0.055 0.104 0.171 0.619 
181    (0)   :  0.011 0.026 0.033 0.137 0.116 0.677 
182    (0)   :  0.011 0.019 0.031 0.134 0.070 0.735 
183    (0)   :  0.009 0.014 0.029 0.071 0.080 0.797 
184    (0)   :  0.016 0.017 0.042 0.659 0.168 0.099 
185    (0)   :  0.007 0.062 0.033 0.082 0.063 0.753 
186    (0)   :  0.018 0.018 0.085 0.579 0.192 0.107 
187    (0)   :  0.008 0.021 0.051 0.405 0.129 0.386 
188    (0)   :  0.015 0.017 0.056 0.701 0.135 0.076 
189    (0)   :  0.007 0.031 0.038 0.144 0.375 0.404 
190    (0)   :  0.005 0.202 0.034 0.273 0.060 0.426 
191    (0)   :  0.007 0.014 0.032 0.697 0.097 0.154 
192    (0)   :  0.009 0.015 0.081 0.345 0.168 0.381 
193    (0)   :  0.007 0.025 0.040 0.446 0.167 0.315 
194    (0)   :  0.014 0.031 0.103 0.306 0.142 0.404 
195    (0)   :  0.008 0.036 0.032 0.265 0.070 0.589 
196    (0)   :  0.006 0.094 0.048 0.431 0.096 0.325 
197    (0)   :  0.015 0.031 0.079 0.404 0.240 0.230 
198    (0)   :  0.006 0.030 0.062 0.321 0.308 0.273 
199    (0)   :  0.008 0.076 0.047 0.418 0.101 0.350 
200    (0)   :  0.006 0.079 0.036 0.451 0.162 0.266 
201    (0)   :  0.007 0.026 0.039 0.204 0.090 0.633 
202    (0)   :  0.006 0.040 0.050 0.149 0.071 0.685 
203    (0)   :  0.007 0.019 0.034 0.306 0.076 0.558 
204    (0)   :  0.010 0.031 0.032 0.554 0.071 0.303 
205    (0)   :  0.007 0.035 0.037 0.600 0.116 0.205 
206    (0)   :  0.010 0.024 0.034 0.583 0.078 0.270 
207    (0)   :  0.007 0.031 0.045 0.691 0.076 0.151 
208    (0)   :  0.006 0.035 0.036 0.441 0.085 0.396 
209    (0)   :  0.007 0.021 0.035 0.599 0.115 0.222 
210    (0)   :  0.007 0.023 0.044 0.532 0.087 0.307 
211    (0)   :  0.010 0.075 0.088 0.455 0.074 0.297 
212    (0)   :  0.006 0.029 0.030 0.143 0.119 0.671 
213    (0)   :  0.010 0.108 0.122 0.338 0.166 0.256 
214    (0)   :  0.007 0.024 0.037 0.202 0.089 0.641 
215    (0)   :  0.006 0.025 0.038 0.703 0.098 0.130 
216    (0)   :  0.016 0.021 0.059 0.553 0.200 0.150 
217    (0)   :  0.008 0.036 0.034 0.236 0.113 0.573 
218    (0)   :  0.009 0.017 0.040 0.588 0.122 0.224 
219    (0)   :  0.026 0.021 0.047 0.278 0.268 0.362 
220    (0)   :  0.007 0.018 0.033 0.703 0.078 0.162 
221    (0)   :  0.006 0.048 0.028 0.085 0.065 0.768 
222    (0)   :  0.021 0.021 0.066 0.379 0.273 0.240 
223    (0)   :  0.007 0.024 0.057 0.249 0.165 0.497 
224    (0)   :  0.011 0.019 0.038 0.358 0.084 0.489 
225    (0)   :  0.008 0.033 0.042 0.522 0.096 0.299 
226    (0)   :  0.009 0.030 0.044 0.361 0.298 0.257 
227    (0)   :  0.008 0.067 0.055 0.356 0.079 0.435 
228    (0)   :  0.008 0.086 0.034 0.300 0.064 0.507 
229    (0)   :  0.014 0.013 0.040 0.361 0.095 0.477 
230    (0)   :  0.011 0.015 0.037 0.467 0.081 0.389 
231    (0)   :  0.009 0.014 0.032 0.430 0.118 0.396 
232    (0)   :  0.013 0.035 0.066 0.272 0.183 0.431 
233    (0)   :  0.007 0.018 0.036 0.182 0.087 0.670 
234    (0)   :  0.006 0.016 0.054 0.421 0.202 0.299 
235    (0)   :  0.008 0.037 0.039 0.313 0.179 0.424 
236    (0)   :  0.007 0.018 0.049 0.307 0.124 0.495 
237    (0)   :  0.007 0.028 0.036 0.674 0.083 0.173 
238    (0)   :  0.007 0.025 0.055 0.177 0.114 0.623 
239    (0)   :  0.008 0.035 0.032 0.270 0.071 0.584 
240    (0)   :  0.007 0.025 0.055 0.178 0.113 0.622 
241    (0)   :  0.009 0.027 0.036 0.159 0.084 0.685 
242    (0)   :  0.013 0.028 0.033 0.392 0.210 0.324 
243    (0)   :  0.006 0.085 0.038 0.464 0.068 0.340 
244    (0)   :  0.008 0.017 0.034 0.363 0.078 0.499 
245    (0)   :  0.006 0.025 0.040 0.088 0.081 0.760 
246    (0)   :  0.008 0.034 0.035 0.238 0.114 0.571 
247    (0)   :  0.007 0.044 0.174 0.401 0.266 0.109 
248    (0)   :  0.006 0.023 0.046 0.741 0.089 0.094 
249    (0)   :  0.010 0.020 0.042 0.325 0.093 0.510 
250    (0)   :  0.009 0.015 0.051 0.415 0.122 0.387 
251    (0)   :  0.007 0.033 0.046 0.456 0.266 0.193 
252    (0)   :  0.010 0.031 0.049 0.369 0.121 0.420 
253    (0)   :  0.008 0.044 0.088 0.477 0.189 0.195 
254    (0)   :  0.018 0.024 0.055 0.479 0.186 0.238 
255    (0)   :  0.009 0.020 0.038 0.459 0.164 0.311 
256    (0)   :  0.008 0.035 0.042 0.322 0.100 0.493 
257    (0)   :  0.020 0.031 0.062 0.485 0.108 0.294 
258    (0)   :  0.005 0.064 0.057 0.526 0.143 0.205 
259    (0)   :  0.011 0.018 0.054 0.543 0.105 0.270 
260    (0)   :  0.018 0.017 0.067 0.239 0.235 0.424 
261    (0)   :  0.007 0.041 0.045 0.233 0.113 0.561 
262    (0)   :  0.007 0.068 0.028 0.206 0.079 0.612 
263    (0)   :  0.015 0.021 0.038 0.690 0.100 0.136 
264    (0)   :  0.030 0.024 0.049 0.409 0.408 0.080 
265    (0)   :  0.007 0.024 0.040 0.462 0.165 0.301 
266    (0)   :  0.006 0.034 0.030 0.103 0.065 0.762 
267    (0)   :  0.008 0.024 0.048 0.466 0.124 0.330 
268    (0)   :  0.006 0.091 0.049 0.431 0.096 0.327 
269    (0)   :  0.007 0.021 0.039 0.255 0.329 0.348 
270    (0)   :  0.017 0.019 0.057 0.576 0.176 0.155 
271    (0)   :  0.006 0.034 0.052 0.620 0.112 0.176 
272    (0)   :  0.008 0.055 0.050 0.470 0.222 0.196 
273    (0)   :  0.086 0.031 0.069 0.293 0.194 0.328 
274    (0)   :  0.007 0.022 0.042 0.533 0.176 0.219 
275    (0)   :  0.013 0.026 0.042 0.495 0.164 0.261 
276    (0)   :  0.009 0.060 0.056 0.502 0.198 0.174 
277    (0)   :  0.008 0.021 0.056 0.308 0.171 0.435 
278    (0)   :  0.005 0.038 0.038 0.660 0.093 0.166 
279    (0)   :  0.008 0.021 0.050 0.461 0.136 0.325 
280    (0)   :  0.008 0.038 0.042 0.384 0.246 0.281 
281    (0)   :  0.008 0.023 0.055 0.540 0.145 0.230 
282    (0)   :  0.007 0.017 0.052 0.201 0.152 0.571 
283    (0)   :  0.011 0.020 0.047 0.195 0.107 0.621 
284    (0)   :  0.006 0.028 0.094 0.337 0.144 0.391 
285    (0)   :  0.006 0.051 0.049 0.692 0.130 0.072 
286    (0)   :  0.008 0.017 0.035 0.361 0.078 0.501 
287    (0)   :  0.010 0.022 0.049 0.347 0.267 0.305 
288    (0)   :  0.010 0.026 0.039 0.529 0.213 0.183 
289    (0)   :  0.012 0.048 0.073 0.523 0.171 0.173 
290    (0)   :  0.025 0.086 0.051 0.359 0.239 0.240 
291    (0)   :  0.006 0.037 0.052 0.614 0.113 0.178 
292    (0)   :  0.008 0.079 0.040 0.270 0.210 0.393 
293    (0)   :  0.011 0.107 0.053 0.332 0.353 0.144 
294    (0)   :  0.022 0.031 0.037 0.664 0.115 0.131 
295    (0)   :  0.009 0.048 0.062 0.445 0.195 0.242 
296    (0)   :  0.008 0.024 0.041 0.660 0.096 0.171 
297    (0)   :  0.011 0.026 0.043 0.461 0.275 0.185 
298    (0)   :  0.011 0.014 0.057 0.299 0.158 0.463 
299    (0)   :  0.034 0.016 0.041 0.627 0.128 0.154 
300    (0)   :  0.009 0.028 0.036 0.694 0.111 0.122 
301    (0)   :  0.015 0.018 0.045 0.558 0.217 0.148 
302    (0)   :  0.014 0.051 0.039 0.641 0.113 0.142 
303    (0)   :  0.010 0.026 0.041 0.289 0.131 0.504 
304    (0)   :  0.018 0.015 0.078 0.158 0.270 0.461 
305    (0)   :  0.008 0.032 0.029 0.404 0.086 0.441 
306    (0)   :  0.009 0.029 0.038 0.203 0.151 0.569 
307    (0)   :  0.010 0.020 0.061 0.389 0.141 0.379 
308    (0)   :  0.007 0.041 0.046 0.232 0.113 0.560 
309    (0)   :  0.035 0.041 0.061 0.617 0.093 0.154 
310    (0)   :  0.007 0.039 0.037 0.359 0.080 0.478 
311    (0)   :  0.011 0.015 0.037 0.467 0.081 0.390 
312    (0)   :  0.007 0.025 0.046 0.676 0.076 0.170 
313    (0)   :  0.007 0.071 0.043 0.689 0.076 0.113 
314    (0)   :  0.006 0.022 0.028 0.055 0.073 0.816 
315    (0)   :  0.006 0.031 0.035 0.050 0.107 0.771 
316    (0)   :  0.009 0.024 0.038 0.052 0.134 0.744 
317    (0)   :  0.007 0.013 0.029 0.052 0.075 0.825 
318    (0)   :  0.007 0.010 0.028 0.048 0.082 0.825 
319    (0)   :  0.008 0.013 0.028 0.063 0.070 0.818 
320    (0)   :  0.006 0.022 0.028 0.055 0.073 0.817 
321    (0)   :  0.007 0.012 0.030 0.050 0.085 0.816 
322    (0)   :  0.009 0.036 0.037 0.057 0.120 0.742 
323    (0)   :  0.020 0.011 0.028 0.051 0.077 0.812 
324    (0)   :  0.007 0.012 0.028 0.051 0.085 0.818 
325    (0)   :  0.006 0.020 0.035 0.048 0.131 0.760 
326    (0)   :  0.017 0.025 0.038 0.049 0.127 0.744 
327    (0)   :  0.007 0.013 0.029 0.051 0.076 0.824 
328    (0)   :  0.006 0.024 0.036 0.055 0.120 0.759 
329    (0)   :  0.007 0.010 0.029 0.048 0.075 0.830 
330    (0)   :  0.007 0.013 0.029 0.051 0.076 0.823 
331    (0)   :  0.006 0.010 0.028 0.052 0.075 0.828 
332    (0)   :  0.025 0.021 0.037 0.047 0.141 0.730 
333    (0)   :  0.016 0.025 0.038 0.054 0.114 0.754 
334    (0)   :  0.006 0.024 0.035 0.056 0.119 0.760 
335    (0)   :  0.006 0.027 0.036 0.053 0.105 0.774 
336    (0)   :  0.021 0.016 0.029 0.049 0.081 0.803 
337    (0)   :  0.006 0.024 0.036 0.051 0.135 0.747 
338    (0)   :  0.008 0.010 0.029 0.049 0.085 0.819 
339    (0)   :  0.007 0.010 0.028 0.052 0.075 0.828 
340    (0)   :  0.007 0.012 0.028 0.054 0.068 0.833 
341    (0)   :  0.022 0.013 0.030 0.057 0.075 0.803 
342    (0)   :  0.007 0.014 0.028 0.052 0.077 0.822 
343    (0)   :  0.015 0.048 0.036 0.052 0.110 0.740 
344    (0)   :  0.007 0.010 0.028 0.048 0.074 0.833 
345    (0)   :  0.007 0.014 0.028 0.052 0.077 0.823 
346    (0)   :  0.006 0.012 0.028 0.049 0.074 0.831 
347    (0)   :  0.007 0.011 0.028 0.049 0.068 0.837 
348    (0)   :  0.006 0.051 0.035 0.055 0.097 0.758 
349    (0)   :  0.007 0.013 0.029 0.051 0.076 0.824 
350    (0)   :  0.007 0.015 0.027 0.060 0.072 0.819 
351    (0)   :  0.006 0.027 0.035 0.053 0.103 0.775 
352    (0)   :  0.006 0.028 0.035 0.052 0.117 0.761 
353    (0)   :  0.022 0.017 0.030 0.049 0.083 0.800 
354    (0)   :  0.010 0.010 0.029 0.051 0.076 0.824 
355    (0)   :  0.007 0.011 0.028 0.048 0.081 0.825 
356    (0)   :  0.005 0.054 0.036 0.055 0.096 0.754 
357    (0)   :  0.006 0.019 0.035 0.076 0.349 0.515 
358    (0)   :  0.008 0.018 0.036 0.048 0.119 0.771 
359    (0)   :  0.008 0.010 0.029 0.052 0.078 0.823 
360    (0)   :  0.007 0.011 0.027 0.049 0.074 0.831 
361    (0)   :  0.006 0.026 0.037 0.086 0.357 0.487 
362    (0)   :  0.009 0.026 0.080 0.230 0.521 0.134 
363    (0)   :  0.011 0.031 0.119 0.133 0.621 0.085 
364    (0)   :  0.058 0.023 0.065 0.211 0.287 0.356 
365    (0)   :  0.036 0.024 0.052 0.216 0.570 0.102 
366    (0)   :  0.009 0.132 0.046 0.185 0.419 0.209 
367    (0)   :  0.007 0.015 0.298 0.082 0.541 0.058 
368    (0)   :  0.009 0.013 0.108 0.497 0.263 0.110 
369    (0)   :  0.015 0.111 0.053 0.142 0.308 0.372 
370    (0)   :  0.028 0.022 0.324 0.320 0.174 0.132 
371    (0)   :  0.025 0.031 0.068 0.343 0.353 0.180 
372    (0)   :  0.149 0.024 0.103 0.466 0.125 0.132 
373    (0)   :  0.012 0.019 0.170 0.213 0.411 0.176 
374    (0)   :  0.009 0.019 0.069 0.159 0.405 0.339 
375    (0)   :  0.053 0.015 0.120 0.217 0.521 0.075 
376    (0)   :  0.146 0.017 0.071 0.057 0.640 0.069 
377    (0)   :  0.011 0.029 0.073 0.345 0.429 0.114 
378    (0)   :  0.007 0.018 0.456 0.103 0.150 0.267 
379    (0)   :  0.281 0.025 0.101 0.065 0.467 0.061 
380    (0)   :  0.024 0.064 0.037 0.120 0.529 0.225 
381    (0)   :  0.020 0.062 0.034 0.084 0.582 0.218 
382    (0)   :  0.007 0.013 0.095 0.104 0.693 0.088 
383    (0)   :  0.052 0.025 0.035 0.114 0.579 0.195 
384    (0)   :  0.220 0.019 0.104 0.132 0.383 0.142 
385    (0)   :  0.019 0.011 0.092 0.369 0.267 0.242 
386    (0)   :  0.006 0.018 0.091 0.101 0.701 0.084 
387    (0)   :  0.007 0.023 0.119 0.131 0.615 0.105 
388    (0)   :  0.035 0.015 0.107 0.237 0.321 0.285 
389    (0)   :  0.012 0.053 0.059 0.675 0.109 0.092 
390    (0)   :  0.025 0.128 0.297 0.105 0.364 0.081 
391    (0)   :  0.027 0.065 0.205 0.319 0.228 0.157 
392    (0)   :  0.016 0.021 0.064 0.126 0.597 0.176 
393    (0)   :  0.018 0.103 0.069 0.067 0.581 0.162 
394    (0)   :  0.007 0.019 0.105 0.106 0.445 0.317 
395    (0)   :  0.006 0.132 0.115 0.245 0.384 0.119 
396    (0)   :  0.010 0.014 0.088 0.204 0.622 0.062 
397    (0)   :  0.248 0.025 0.053 0.254 0.186 0.234 
398    (0)   :  0.040 0.022 0.100 0.064 0.708 0.066 
399    (0)   :  0.006 0.035 0.423 0.129 0.317 0.090 
400    (0)   :  0.011 0.020 0.118 0.084 0.644 0.123 
401    (0)   :  0.006 0.069 0.311 0.133 0.341 0.138 
402    (0)   :  0.015 0.072 0.111 0.318 0.343 0.140 
403    (0)   :  0.015 0.020 0.123 0.189 0.199 0.454 
404    (0)   :  0.025 0.017 0.095 0.237 0.446 0.181 
405    (0)   :  0.008 0.030 0.054 0.181 0.568 0.159 
406    (0)   :  0.006 0.430 0.041 0.076 0.265 0.182 
407    (0)   :  0.006 0.016 0.043 0.080 0.790 0.064 
408    (0)   :  0.005 0.084 0.369 0.293 0.180 0.069 
409    (0)   :  0.016 0.194 0.081 0.072 0.263 0.374 
410    (0)   :  0.114 0.032 0.161 0.106 0.443 0.144 
411    (0)   :  0.101 0.062 0.070 0.084 0.480 0.203 
412    (0)   :  0.011 0.013 0.109 0.353 0.410 0.104 
413    (0)   :  0.007 0.017 0.132 0.189 0.409 0.247 
414    (0)   :  0.007 0.014 0.169 0.393 0.349 0.067 
415    (0)   :  0.007 0.050 0.058 0.097 0.688 0.100 
416    (0)   :  0.011 0.044 0.106 0.166 0.516 0.158 
417    (0)   :  0.009 0.018 0.058 0.084 0.756 0.075 
418    (0)   :  0.014 0.012 0.186 0.152 0.566 0.070 
419    (0)   :  0.020 0.043 0.176 0.165 0.318 0.279 
420    (0)   :  0.005 0.170 0.253 0.116 0.365 0.092 
421    (0)   :  0.012 0.018 0.090 0.175 0.623 0.082 
422    (0)   :  0.011 0.072 0.048 0.348 0.409 0.111 
423    (0)   :  0.021 0.029 0.068 0.169 0.587 0.126 
424    (0)   :  0.011 0.091 0.485 0.083 0.215 0.113 
425    (0)   :  0.058 0.022 0.088 0.330 0.352 0.150 
426    (0)   :  0.046 0.022 0.336 0.127 0.317 0.152 
427    (0)   :  0.006 0.022 0.083 0.053 0.653 0.183 
428    (0)   :  0.048 0.077 0.054 0.135 0.431 0.256 
429    (0)   :  0.009 0.013 0.100 0.070 0.749 0.059 
430    (0)   :  0.009 0.025 0.068 0.083 0.738 0.078 
431    (0)   :  0.014 0.019 0.246 0.244 0.327 0.148 
432    (0)   :  0.010 0.015 0.124 0.396 0.328 0.127 
433    (0)   :  0.025 0.024 0.138 0.252 0.155 0.406 
434    (0)   :  0.012 0.026 0.054 0.258 0.440 0.209 
435    (0)   :  0.005 0.027 0.058 0.066 0.780 0.064 
436    (0)   :  0.009 0.049 0.162 0.045 0.628 0.107 
437    (0)   :  0.014 0.015 0.042 0.086 0.772 0.071 
438    (0)   :  0.007 0.243 0.200 0.062 0.349 0.139 
439    (0)   :  0.006 0.021 0.088 0.049 0.749 0.087 
440    (0)   :  0.005 0.025 0.063 0.058 0.795 0.054 
441    (0)   :  0.008 0.022 0.088 0.076 0.645 0.161 
442    (0)   :  0.008 0.030 0.098 0.139 0.645 0.080 
443    (0)   :  0.005 0.124 0.412 0.085 0.305 0.069 
444    (0)   :  0.007 0.045 0.074 0.109 0.688 0.077 
445    (0)   :  0.062 0.096 0.096 0.065 0.444 0.237 
446    (0)   :  0.050 0.024 0.268 0.045 0.539 0.073 
447    (0)   :  0.008 0.070 0.067 0.112 0.593 0.151 
448    (0)   :  0.006 0.022 0.056 0.105 0.735 0.076 
449    (0)   :  0.008 0.021 0.056 0.113 0.674 0.128 
450    (0)   :  0.017 0.012 0.095 0.078 0.666 0.132 
451    (0)   :  0.007 0.031 0.250 0.221 0.434 0.057 
452    (0)   :  0.009 0.013 0.065 0.068 0.734 0.111 
453    (0)   :  0.006 0.259 0.233 0.158 0.185 0.158 
454    (0)   :  0.006 0.020 0.063 0.078 0.696 0.136 
455    (0)   :  0.006 0.097 0.151 0.057 0.612 0.077 
456    (0)   :  0.007 0.119 0.088 0.108 0.607 0.070 
457    (0)   :  0.008 0.017 0.040 0.075 0.784 0.077 
458    (0)   :  0.055 0.020 0.104 0.056 0.675 0.090 
459    (0)   :  0.006 0.027 0.319 0.048 0.443 0.157 
460    (0)   :  0.005 0.023 0.283 0.051 0.567 0.070 
461    (0)   :  0.009 0.011 0.480 0.053 0.377 0.070 
462    (0)   :  0.013 0.050 0.301 0.135 0.447 0.053 
463    (0)   :  0.006 0.419 0.088 0.088 0.286 0.114 
464    (0)   :  0.005 0.059 0.180 0.071 0.614 0.070 
465    (0)   :  0.009 0.036 0.456 0.096 0.309 0.094 
466    (0)   :  0.005 0.177 0.173 0.121 0.442 0.081 
467    (0)   :  0.008 0.045 0.270 0.093 0.458 0.126 
468    (0)   :  0.006 0.066 0.038 0.070 0.751 0.069 
469    (0)   :  0.006 0.030 0.056 0.045 0.789 0.075 
470    (0)   :  0.005 0.023 0.086 0.055 0.766 0.065 
471    (0)   :  0.010 0.110 0.121 0.231 0.435 0.093 
472    (0)   :  0.010 0.054 0.141 0.142 0.552 0.101 
473    (0)   :  0.007 0.027 0.050 0.141 0.648 0.127 
474    (0)   :  0.007 0.028 0.068 0.080 0.693 0.124 
475    (0)   :  0.008 0.028 0.341 0.103 0.365 0.155 
476    (0)   :  0.011 0.031 0.103 0.056 0.709 0.091 
477    (0)   :  0.009 0.043 0.400 0.098 0.330 0.120 
478    (0)   :  0.008 0.017 0.668 0.063 0.181 0.063 
479    (0)   :  0.005 0.017 0.067 0.057 0.791 0.063 
480    (0)   :  0.008 0.015 0.047 0.052 0.804 0.074 
481    (0)   :  0.007 0.021 0.055 0.398 0.438 0.080 
482    (0)   :  0.007 0.013 0.087 0.051 0.777 0.065 
483    (0)   :  0.008 0.028 0.160 0.053 0.662 0.090 
484    (0)   :  0.007 0.178 0.134 0.108 0.472 0.101 
485    (0)   :  0.007 0.060 0.141 0.048 0.673 0.071 
486    (0)   :  0.015 0.066 0.122 0.462 0.220 0.115 
487    (0)   :  0.018 0.028 0.067 0.408 0.237 0.241 
488    (0)   :  0.012 0.020 0.152 0.517 0.144 0.154 
489    (0)   :  0.021 0.080 0.043 0.334 0.229 0.292 
490    (0)   :  0.009 0.053 0.308 0.265 0.289 0.076 
491    (0)   :  0.010 0.021 0.046 0.587 0.124 0.212 
492    (0)   :  0.007 0.035 0.281 0.185 0.122 0.371 
493    (0)   :  0.023 0.022 0.055 0.656 0.133 0.110 
494    (0)   :  0.088 0.028 0.063 0.426 0.193 0.201 
495    (0)   :  0.047 0.045 0.352 0.172 0.131 0.252 
496    (0)   :  0.010 0.032 0.096 0.171 0.172 0.519 
497    (0)   :  0.043 0.015 0.048 0.601 0.127 0.167 
498    (0)   :  0.013 0.091 0.107 0.368 0.262 0.159 
499    (0)   :  0.074 0.029 0.050 0.325 0.159 0.364 
500    (0)   :  0.045 0.022 0.050 0.471 0.290 0.121 
501    (0)   :  0.027 0.015 0.098 0.219 0.316 0.325 
502    (0)   :  0.013 0.013 0.195 0.240 0.196 0.343 
503    (0)   :  0.013 0.020 0.053 0.262 0.559 0.094 
504    (0)   :  0.011 0.037 0.364 0.319 0.163 0.107 
505    (0)   :  0.016 0.038 0.072 0.536 0.128 0.209 
506    (0)   :  0.010 0.018 0.187 0.288 0.186 0.312 
507    (0)   :  0.011 0.033 0.033 0.106 0.082 0.736 
508    (0)   :  0.035 0.063 0.046 0.163 0.082 0.611 
509    (0)   :  0.011 0.027 0.061 0.464 0.120 0.317 
510    (0)   :  0.137 0.023 0.072 0.191 0.225 0.352 
511    (0)   :  0.017 0.032 0.104 0.216 0.501 0.130 
512    (0)   :  0.013 0.014 0.084 0.196 0.611 0.082 
513    (0)   :  0.019 0.043 0.263 0.498 0.062 0.115 
514    (0)   :  0.012 0.025 0.339 0.244 0.220 0.159 
515    (0)   :  0.028 0.072 0.062 0.171 0.409 0.259 
516    (0)   :  0.012 0.046 0.218 0.440 0.138 0.146 
517    (0)   :  0.011 0.160 0.089 0.132 0.342 0.266 
518    (0)   :  0.157 0.016 0.049 0.207 0.248 0.322 
519    (0)   :  0.007 0.026 0.374 0.195 0.234 0.164 
520    (0)   :  0.011 0.214 0.039 0.089 0.255 0.392 
521    (0)   :  0.008 0.030 0.176 0.153 0.166 0.467 
522    (0)   :  0.097 0.196 0.062 0.127 0.410 0.109 
523    (0)   :  0.010 0.330 0.092 0.096 0.153 0.317 
524    (0)   :  0.013 0.096 0.053 0.142 0.517 0.178 
525    (0)   :  0.161 0.051 0.043 0.109 0.293 0.342 
526    (0)   :  0.008 0.481 0.039 0.084 0.235 0.153 
527    (0)   :  0.141 0.015 0.122 0.291 0.320 0.111 
528    (0)   :  0.007 0.026 0.061 0.174 0.115 0.618 
529    (0)   :  0.117 0.025 0.077 0.372 0.161 0.248 
530    (0)   :  0.012 0.069 0.055 0.172 0.502 0.191 
531    (0)   :  0.010 0.036 0.059 0.099 0.308 0.488 
532    (0)   :  0.055 0.040 0.065 0.302 0.206 0.332 
533    (0)   :  0.108 0.070 0.049 0.215 0.405 0.154 
534    (0)   :  0.096 0.086 0.115 0.399 0.084 0.220 
535    (0)   :  0.007 0.251 0.138 0.130 0.298 0.176 
536    (0)   :  0.016 0.091 0.119 0.139 0.333 0.303 
537    (0)   :  0.011 0.151 0.094 0.113 0.143 0.489 
538    (0)   :  0.010 0.088 0.064 0.213 0.245 0.381 
539    (0)   :  0.007 0.029 0.037 0.112 0.099 0.716 
540    (0)   :  0.009 0.089 0.056 0.207 0.250 0.388 
541    (0)   :  0.010 0.034 0.146 0.101 0.163 0.547 
542    (0)   :  0.008 0.284 0.062 0.230 0.268 0.148 
543    (0)   :  0.008 0.190 0.278 0.115 0.132 0.277 
544    (0)   :  0.006 0.315 0.061 0.165 0.217 0.236 
545    (0)   :  0.006 0.563 0.086 0.088 0.179 0.078 
546    (0)   :  0.007 0.102 0.079 0.319 0.177 0.317 
547    (0)   :  0.006 0.508 0.091 0.066 0.108 0.221 
548    (0)   :  0.009 0.015 0.052 0.415 0.123 0.386 
549    (0)   :  0.011 0.158 0.065 0.057 0.210 0.500 
550    (0)   :  0.005 0.386 0.089 0.082 0.316 0.122 
551    (0)   :  0.011 0.037 0.092 0.067 0.143 0.650 
552    (0)   :  0.009 0.081 0.045 0.306 0.166 0.393 
553    (0)   :  0.007 0.475 0.115 0.078 0.079 0.247 
554    (0)   :  0.019 0.058 0.139 0.170 0.338 0.277 
555    (0)   :  0.009 0.083 0.069 0.167 0.147 0.526 
556    (0)   :  0.010 0.073 0.071 0.255 0.207 0.384 
557    (0)   :  0.006 0.241 0.180 0.063 0.334 0.176 
558    (0)   :  0.007 0.012 0.088 0.047 0.780 0.066 
559    (0)   :  0.010 0.031 0.189 0.439 0.211 0.119 
560    (0)   :  0.006 0.023 0.355 0.092 0.470 0.052 
561    (0)   :  0.007 0.034 0.110 0.255 0.521 0.072 
562    (0)   :  0.010 0.057 0.215 0.256 0.410 0.053 
563    (0)   :  0.010 0.033 0.488 0.066 0.188 0.215 
564    (0)   :  0.014 0.072 0.074 0.487 0.229 0.124 
565    (0)   :  0.007 0.015 0.042 0.069 0.791 0.076 
566    (0)   :  0.005 0.018 0.300 0.092 0.531 0.054 
567    (0)   :  0.011 0.032 0.063 0.624 0.194 0.076 
568    (0)   :  0.007 0.050 0.210 0.217 0.390 0.125 
569    (0)   :  0.011 0.111 0.105 0.102 0.557 0.115 
570    (0)   :  0.012 0.013 0.057 0.069 0.792 0.056 
571    (0)   :  0.007 0.022 0.413 0.160 0.313 0.086 
572    (0)   :  0.005 0.340 0.034 0.113 0.247 0.262 
573    (0)   :  0.014 0.058 0.053 0.394 0.362 0.119 
574    (0)   :  0.010 0.028 0.045 0.105 0.588 0.223 
575    (0)   :  0.010 0.024 0.286 0.139 0.346 0.195 
576    (0)   :  0.007 0.015 0.239 0.156 0.528 0.056 
577    (0)   :  0.014 0.020 0.059 0.126 0.569 0.212 
578    (0)   :  0.008 0.027 0.264 0.135 0.475 0.091 
579    (0)   :  0.009 0.024 0.073 0.331 0.482 0.082 
580    (0)   :  0.008 0.015 0.054 0.110 0.683 0.130 
581    (0)   :  0.007 0.017 0.084 0.084 0.707 0.102 
582    (0)   :  0.008 0.037 0.143 0.075 0.674 0.064 
583    (0)   :  0.080 0.021 0.322 0.112 0.379 0.085 
584    (0)   :  0.009 0.015 0.238 0.144 0.527 0.067 
585    (0)   :  0.010 0.020 0.196 0.147 0.553 0.075 
586    (0)   :  0.008 0.022 0.527 0.167 0.161 0.117 
587    (0)   :  0.018 0.043 0.074 0.294 0.507 0.064 
588    (0)   :  0.008 0.082 0.041 0.710 0.073 0.086 
589    (0)   :  0.006 0.069 0.056 0.112 0.688 0.069 
590    (0)   :  0.009 0.018 0.284 0.409 0.202 0.079 
591    (0)   :  0.007 0.018 0.276 0.239 0.361 0.099 
592    (0)   :  0.006 0.080 0.177 0.266 0.389 0.082 
593    (0)   :  0.009 0.031 0.100 0.161 0.555 0.143 
594    (0)   :  0.053 0.023 0.236 0.267 0.242 0.179 
595    (0)   :  0.015 0.011 0.057 0.425 0.434 0.059 
596    (0)   :  0.005 0.099 0.073 0.362 0.330 0.130 
597    (0)   :  0.008 0.042 0.498 0.076 0.110 0.266 
598    (0)   :  0.009 0.014 0.051 0.051 0.815 0.060 
599    (0)   :  0.008 0.050 0.242 0.169 0.470 0.062 
600    (0)   :  0.006 0.028 0.054 0.126 0.624 0.162 
601    (0)   :  0.006 0.034 0.109 0.125 0.663 0.064 
602    (0)   :  0.011 0.014 0.070 0.487 0.200 0.217 
603    (0)   :  0.008 0.016 0.081 0.508 0.179 0.208 
604    (0)   :  0.026 0.022 0.069 0.187 0.510 0.186 
605    (0)   :  0.008 0.039 0.089 0.328 0.428 0.108 
606    (0)   :  0.021 0.033 0.123 0.272 0.271 0.281 
607    (0)   :  0.011 0.013 0.044 0.193 0.401 0.339 
608    (0)   :  0.008 0.018 0.095 0.083 0.289 0.506 
609    (0)   :  0.013 0.031 0.067 0.128 0.623 0.138 
610    (0)   :  0.008 0.078 0.054 0.149 0.605 0.106 
611    (0)   :  0.010 0.028 0.117 0.410 0.203 0.232 
612    (0)   :  0.015 0.033 0.044 0.075 0.742 0.091 
613    (0)   :  0.043 0.049 0.075 0.198 0.484 0.151 
614    (0)   :  0.012 0.016 0.034 0.181 0.671 0.086 
615    (0)   :  0.009 0.020 0.037 0.131 0.654 0.149 
616    (0)   :  0.009 0.014 0.060 0.223 0.450 0.245 
617    (0)   :  0.020 0.050 0.072 0.254 0.522 0.082 
618    (0)   :  0.019 0.037 0.040 0.189 0.466 0.249 
619    (0)   :  0.005 0.071 0.091 0.147 0.455 0.231 
620    (0)   :  0.007 0.087 0.145 0.390 0.313 0.059 
621    (0)   :  0.014 0.013 0.156 0.182 0.550 0.086 
622    (0)   :  0.022 0.045 0.050 0.382 0.340 0.162 
623    (0)   :  0.006 0.028 0.102 0.358 0.410 0.095 
624    (0)   :  0.014 0.022 0.052 0.083 0.596 0.234 
625    (0)   :  0.051 0.019 0.124 0.154 0.428 0.224 
626    (0)   :  0.038 0.117 0.036 0.086 0.237 0.484 
627    (0)   :  0.006 0.026 0.088 0.340 0.403 0.137 
628    (0)   :  0.007 0.018 0.107 0.456 0.292 0.121 
629    (0)   :  0.009 0.014 0.089 0.423 0.320 0.145 
630    (0)   :  0.024 0.026 0.064 0.165 0.614 0.107 
631    (0)   :  0.011 0.015 0.044 0.219 0.587 0.123 
632    (0)   :  0.008 0.024 0.054 0.305 0.217 0.393 
633    (0)   :  0.009 0.016 0.064 0.150 0.545 0.216 
634    (0)   :  0.009 0.039 0.079 0.198 0.350 0.324 
635    (0)   :  0.007 0.018 0.044 0.144 0.252 0.534 
636    (0)   :  0.013 0.019 0.067 0.137 0.483 0.281 
637    (0)   :  0.010 0.079 0.088 0.333 0.256 0.234 
638    (0)   :  0.011 0.015 0.073 0.398 0.307 0.197 
639    (0)   :  0.009 0.017 0.039 0.236 0.511 0.187 
640    (0)   :  0.008 0.012 0.237 0.201 0.421 0.121 
641    (0)   :  0.020 0.015 0.054 0.391 0.380 0.140 
642    (0)   :  0.008 0.035 0.064 0.118 0.159 0.617 
643    (0)   :  0.007 0.015 0.068 0.068 0.114 0.728 
644    (0)   :  0.009 0.018 0.092 0.140 0.132 0.609 
645    (0)   :  0.025 0.031 0.030 0.103 0.284 0.527 
646    (0)   :  0.009 0.049 0.085 0.406 0.209 0.243 
647    (0)   :  0.015 0.028 0.178 0.170 0.136 0.474 
648    (0)   :  0.246 0.066 0.045 0.260 0.132 0.251 
649    (0)   :  0.020 0.081 0.064 0.467 0.112 0.255 
650    (0)   :  0.007 0.031 0.109 0.413 0.143 0.297 
651    (0)   :  0.024 0.014 0.054 0.408 0.123 0.376 
652    (0)   :  0.009 0.020 0.053 0.166 0.151 0.601 
653    (0)   :  0.110 0.045 0.055 0.171 0.146 0.474 
654    (0)   :  0.011 0.064 0.053 0.172 0.124 0.575 
655    (0)   :  0.006 0.025 0.130 0.106 0.209 0.524 
656    (0)   :  0.030 0.049 0.054 0.396 0.151 0.319 
657    (0)   :  0.137 0.021 0.059 0.166 0.338 0.280 
658    (0)   :  0.022 0.067 0.161 0.144 0.283 0.323 
659    (0)   :  0.027 0.045 0.055 0.183 0.166 0.524 
660    (0)   :  0.023 0.031 0.052 0.141 0.104 0.650 
661    (0)   :  0.016 0.101 0.040 0.139 0.150 0.555 
662    (0)   :  0.016 0.167 0.072 0.472 0.096 0.177 
663    (0)   :  0.008 0.022 0.065 0.202 0.155 0.548 
664    (0)   :  0.009 0.039 0.281 0.088 0.243 0.341 
665    (0)   :  0.007 0.072 0.059 0.490 0.117 0.254 
666    (0)   :  0.008 0.034 0.054 0.156 0.154 0.593 
667    (0)   :  0.034 0.032 0.107 0.500 0.161 0.166 
668    (0)   :  0.008 0.038 0.056 0.171 0.239 0.487 
669    (0)   :  0.093 0.047 0.070 0.276 0.121 0.393 
670    (0)   :  0.007 0.015 0.032 0.077 0.077 0.792 
671    (0)   :  0.007 0.022 0.050 0.118 0.100 0.704 
672    (0)   :  0.006 0.041 0.099 0.049 0.153 0.653 
673    (0)   :  0.026 0.011 0.030 0.050 0.080 0.804 
674    (0)   :  0.007 0.020 0.031 0.107 0.137 0.699 
675    (0)   :  0.007 0.014 0.085 0.072 0.076 0.746 
676    (0)   :  0.006 0.012 0.030 0.051 0.076 0.824 
677    (0)   :  0.006 0.057 0.030 0.078 0.068 0.762 
678    (0)   :  0.064 0.011 0.036 0.048 0.078 0.764 
679    (0)   :  0.008 0.011 0.030 0.088 0.143 0.720 
680    (0)   :  0.010 0.016 0.032 0.080 0.107 0.756 
681    (0)   :  0.009 0.233 0.045 0.130 0.226 0.357 
682    (0)   :  0.007 0.017 0.034 0.054 0.115 0.773 
683    (0)   :  0.006 0.018 0.033 0.065 0.072 0.806 
684    (0)   :  0.043 0.013 0.037 0.050 0.078 0.779 
685    (0)   :  0.006 0.013 0.030 0.051 0.069 0.830 
686    (0)   :  0.007 0.054 0.035 0.084 0.104 0.716 
687    (0)   :  0.007 0.029 0.047 0.120 0.093 0.704 
688    (0)   :  0.007 0.014 0.044 0.070 0.096 0.769 
689    (0)   :  0.007 0.012 0.028 0.053 0.072 0.828 
690    (0)   :  0.007 0.012 0.030 0.051 0.076 0.825 
691    (0)   :  0.007 0.018 0.030 0.086 0.129 0.730 
692    (0)   :  0.044 0.012 0.041 0.070 0.101 0.732 
693    (0)   :  0.007 0.013 0.067 0.058 0.109 0.746 
694    (0)   :  0.006 0.014 0.028 0.050 0.066 0.836 
695    (0)   :  0.006 0.034 0.035 0.047 0.103 0.774 
696    (0)   :  0.007 0.014 0.044 0.070 0.097 0.769 
697    (0)   :  0.008 0.015 0.028 0.060 0.074 0.815 
698    (0)   :  0.006 0.012 0.030 0.055 0.077 0.820 
699    (0)   :  0.005 0.082 0.033 0.053 0.093 0.733 
700    (0)   :  0.007 0.042 0.106 0.060 0.088 0.697 
701    (0)   :  0.078 0.031 0.041 0.063 0.131 0.656 
702    (0)   :  0.007 0.029 0.049 0.079 0.144 0.692 
703    (0)   :  0.007 0.018 0.033 0.062 0.114 0.766 
704    (0)   :  0.006 0.018 0.040 0.070 0.088 0.777 
705    (0)   :  0.031 0.238 0.049 0.098 0.134 0.450 
706    (0)   :  0.008 0.027 0.030 0.061 0.102 0.773 
707    (0)   :  0.019 0.021 0.029 0.061 0.075 0.796 
708    (0)   :  0.007 0.013 0.030 0.068 0.074 0.808 
709    (0)   :  0.005 0.037 0.039 0.048 0.075 0.796 
710    (0)   :  0.006 0.016 0.029 0.047 0.069 0.834 
711    (0)   :  0.007 0.040 0.030 0.076 0.097 0.749 
712    (0)   :  0.006 0.034 0.027 0.071 0.064 0.798 
713    (0)   :  0.007 0.015 0.043 0.072 0.086 0.778 
714    (0)   :  0.008 0.013 0.033 0.126 0.137 0.682 
715    (0)   :  0.005 0.029 0.027 0.053 0.066 0.820 
