

----------------------------------------------------
STRUCTURE by Pritchard, Stephens and Donnelly (2000)
     and Falush, Stephens and Pritchard (2003)
       Code by Pritchard, Falush and Hubisz
             Version 2.3.4 (Jul 2012)
----------------------------------------------------



Command line arguments:   ./structure -K 8 -D 108003 -m brooktrout/mainparams -e brooktrout/extraparams -o brooktrout/250914_output/results_K8_rep3 
Input File:    brooktrout/brooktrout.txt

Run parameters:
   8454 individuals
   5 loci
   8 populations assumed
   50000 Burn-in period
   100000 Reps
RANDOMIZE turned off


--------------------------------------------
Overall proportion of membership of the
sample in each of the 8 clusters

Inferred Clusters
  1      2      3      4      5      6      7      8    
0.014  0.022  0.042  0.103  0.185  0.207  0.197  0.231  

--------------------------------------------

Allele-freq. divergence among pops (Net nucleotide distance),
computed using point estimates of P.

      1       2       3       4       5       6       7       8      
 1      -    0.1835  0.1736  0.1398  0.1378  0.1016  0.1120  0.1007  
 2   0.1835     -    0.1695  0.2243  0.1984  0.1395  0.2051  0.1097  
 3   0.1736  0.1695     -    0.2037  0.1442  0.1604  0.1294  0.1746  
 4   0.1398  0.2243  0.2037     -    0.0687  0.1786  0.1306  0.1657  
 5   0.1378  0.1984  0.1442  0.0687     -    0.1527  0.1065  0.1306  
 6   0.1016  0.1395  0.1604  0.1786  0.1527     -    0.0906  0.0605  
 7   0.1120  0.2051  0.1294  0.1306  0.1065  0.0906     -    0.0993  
 8   0.1007  0.1097  0.1746  0.1657  0.1306  0.0605  0.0993     -    

Average distances (expected heterozygosity) between individuals in same cluster:
cluster  1  : 0.8312 
cluster  2  : 0.6763 
cluster  3  : 0.7474 
cluster  4  : 0.7157 
cluster  5  : 0.7074 
cluster  6  : 0.7898 
cluster  7  : 0.7820 
cluster  8  : 0.7531 

--------------------------------------------
Estimated Ln Prob of Data   = -184786.9
Mean value of ln likelihood = -171778.8
Variance of ln likelihood   = 26016.1

Mean value of alpha_1       = 0.0480
Mean value of alpha_2       = 0.0711
Mean value of alpha_3       = 0.1417
Mean value of alpha_4       = 0.3511
Mean value of alpha_5       = 0.6500
Mean value of alpha_6       = 0.7281
Mean value of alpha_7       = 0.7054
Mean value of alpha_8       = 0.8151
Allele frequencies uncorrelated


Inferred ancestry of individuals:
     (%Miss) :  Inferred clusters
  1    (0)   :  0.008 0.013 0.057 0.092 0.271 0.156 0.113 0.289 
  2    (0)   :  0.005 0.007 0.013 0.040 0.094 0.115 0.583 0.144 
  3    (0)   :  0.010 0.016 0.036 0.055 0.259 0.123 0.115 0.387 
  4    (0)   :  0.012 0.017 0.024 0.333 0.222 0.136 0.131 0.126 
  5    (0)   :  0.008 0.007 0.014 0.049 0.082 0.137 0.518 0.184 
  6    (0)   :  0.008 0.008 0.015 0.068 0.078 0.123 0.122 0.579 
  7    (0)   :  0.008 0.010 0.013 0.048 0.094 0.397 0.103 0.327 
  8    (0)   :  0.037 0.018 0.023 0.224 0.177 0.162 0.101 0.258 
  9    (0)   :  0.014 0.009 0.020 0.049 0.201 0.135 0.273 0.297 
 10    (0)   :  0.012 0.009 0.013 0.183 0.112 0.182 0.114 0.374 
 11    (0)   :  0.005 0.010 0.015 0.040 0.104 0.401 0.100 0.324 
 12    (0)   :  0.007 0.007 0.016 0.071 0.126 0.150 0.413 0.209 
 13    (0)   :  0.010 0.009 0.020 0.053 0.174 0.196 0.229 0.310 
 14    (0)   :  0.005 0.017 0.042 0.083 0.148 0.109 0.375 0.220 
 15    (0)   :  0.007 0.027 0.020 0.127 0.227 0.183 0.221 0.189 
 16    (0)   :  0.006 0.010 0.025 0.045 0.159 0.158 0.102 0.496 
 17    (0)   :  0.017 0.011 0.037 0.064 0.143 0.159 0.209 0.360 
 18    (0)   :  0.018 0.021 0.025 0.083 0.144 0.100 0.294 0.315 
 19    (0)   :  0.007 0.008 0.013 0.056 0.128 0.156 0.153 0.478 
 20    (0)   :  0.007 0.019 0.020 0.076 0.137 0.273 0.240 0.229 
 21    (0)   :  0.006 0.011 0.034 0.127 0.212 0.117 0.275 0.218 
 22    (0)   :  0.010 0.008 0.019 0.052 0.176 0.108 0.123 0.503 
 23    (0)   :  0.017 0.023 0.041 0.071 0.341 0.131 0.218 0.158 
 24    (0)   :  0.006 0.010 0.023 0.065 0.316 0.141 0.113 0.326 
 25    (0)   :  0.008 0.016 0.019 0.040 0.076 0.238 0.217 0.386 
 26    (0)   :  0.012 0.013 0.020 0.100 0.191 0.138 0.219 0.307 
 27    (0)   :  0.008 0.009 0.039 0.064 0.167 0.139 0.193 0.380 
 28    (0)   :  0.007 0.010 0.022 0.275 0.134 0.191 0.140 0.221 
 29    (0)   :  0.005 0.007 0.019 0.042 0.175 0.267 0.260 0.225 
 30    (0)   :  0.006 0.009 0.024 0.043 0.161 0.105 0.152 0.500 
 31    (0)   :  0.024 0.008 0.035 0.158 0.115 0.213 0.218 0.228 
 32    (0)   :  0.007 0.015 0.019 0.101 0.204 0.132 0.216 0.304 
 33    (0)   :  0.006 0.010 0.023 0.046 0.285 0.186 0.123 0.321 
 34    (0)   :  0.015 0.013 0.018 0.140 0.074 0.338 0.099 0.303 
 35    (0)   :  0.030 0.007 0.053 0.037 0.161 0.128 0.307 0.277 
 36    (0)   :  0.006 0.069 0.164 0.039 0.208 0.119 0.164 0.231 
 37    (0)   :  0.009 0.008 0.023 0.062 0.325 0.136 0.237 0.199 
 38    (0)   :  0.007 0.244 0.035 0.031 0.106 0.254 0.139 0.185 
 39    (0)   :  0.012 0.019 0.046 0.049 0.137 0.235 0.225 0.277 
 40    (0)   :  0.005 0.014 0.098 0.047 0.348 0.089 0.187 0.211 
 41    (0)   :  0.012 0.017 0.197 0.031 0.180 0.207 0.128 0.228 
 42    (0)   :  0.006 0.033 0.099 0.050 0.432 0.110 0.103 0.167 
 43    (0)   :  0.010 0.007 0.110 0.048 0.257 0.165 0.254 0.149 
 44    (0)   :  0.011 0.006 0.206 0.029 0.149 0.122 0.243 0.233 
 45    (0)   :  0.008 0.040 0.112 0.031 0.131 0.148 0.324 0.205 
 46    (0)   :  0.017 0.009 0.044 0.055 0.099 0.169 0.261 0.345 
 47    (0)   :  0.043 0.007 0.031 0.056 0.182 0.151 0.209 0.321 
 48    (0)   :  0.018 0.010 0.160 0.031 0.169 0.089 0.319 0.205 
 49    (0)   :  0.016 0.011 0.055 0.045 0.193 0.169 0.243 0.267 
 50    (0)   :  0.017 0.010 0.028 0.097 0.073 0.227 0.170 0.379 
 51    (0)   :  0.005 0.029 0.442 0.031 0.125 0.102 0.146 0.120 
 52    (0)   :  0.017 0.009 0.062 0.057 0.169 0.258 0.144 0.284 
 53    (0)   :  0.009 0.085 0.036 0.063 0.159 0.182 0.122 0.345 
 54    (0)   :  0.016 0.006 0.039 0.054 0.206 0.137 0.383 0.158 
 55    (0)   :  0.009 0.008 0.083 0.042 0.162 0.122 0.440 0.135 
 56    (0)   :  0.010 0.019 0.049 0.047 0.213 0.095 0.312 0.255 
 57    (0)   :  0.032 0.011 0.015 0.165 0.179 0.178 0.127 0.292 
 58    (0)   :  0.008 0.017 0.060 0.041 0.240 0.164 0.300 0.171 
 59    (0)   :  0.009 0.067 0.075 0.043 0.177 0.170 0.237 0.222 
 60    (0)   :  0.005 0.022 0.150 0.083 0.269 0.126 0.188 0.157 
 61    (0)   :  0.005 0.006 0.103 0.057 0.215 0.110 0.412 0.092 
 62    (0)   :  0.041 0.009 0.023 0.068 0.117 0.149 0.333 0.260 
 63    (0)   :  0.005 0.010 0.040 0.053 0.266 0.242 0.207 0.176 
 64    (0)   :  0.010 0.023 0.017 0.038 0.114 0.142 0.236 0.421 
 65    (0)   :  0.008 0.008 0.017 0.036 0.079 0.400 0.251 0.199 
 66    (0)   :  0.006 0.009 0.021 0.093 0.231 0.179 0.319 0.143 
 67    (0)   :  0.008 0.006 0.111 0.037 0.138 0.144 0.421 0.136 
 68    (0)   :  0.010 0.067 0.089 0.050 0.200 0.155 0.224 0.205 
 69    (0)   :  0.019 0.148 0.100 0.159 0.078 0.195 0.124 0.178 
 70    (0)   :  0.005 0.020 0.136 0.048 0.274 0.253 0.106 0.157 
 71    (0)   :  0.008 0.050 0.139 0.031 0.097 0.174 0.298 0.203 
 72    (0)   :  0.007 0.015 0.071 0.039 0.148 0.161 0.156 0.402 
 73    (0)   :  0.008 0.013 0.059 0.037 0.117 0.180 0.454 0.131 
 74    (0)   :  0.005 0.067 0.091 0.045 0.326 0.100 0.146 0.219 
 75    (0)   :  0.007 0.035 0.096 0.051 0.404 0.079 0.155 0.174 
 76    (0)   :  0.006 0.008 0.067 0.041 0.172 0.278 0.261 0.168 
 77    (0)   :  0.007 0.048 0.128 0.028 0.151 0.244 0.193 0.201 
 78    (0)   :  0.008 0.190 0.083 0.028 0.162 0.226 0.141 0.162 
 79    (0)   :  0.006 0.010 0.012 0.049 0.116 0.278 0.195 0.333 
 80    (0)   :  0.006 0.008 0.014 0.120 0.435 0.156 0.127 0.134 
 81    (0)   :  0.006 0.009 0.012 0.149 0.297 0.208 0.140 0.180 
 82    (0)   :  0.006 0.008 0.025 0.059 0.227 0.192 0.333 0.150 
 83    (0)   :  0.005 0.019 0.021 0.115 0.238 0.214 0.166 0.220 
 84    (0)   :  0.005 0.009 0.013 0.111 0.216 0.270 0.151 0.225 
 85    (0)   :  0.005 0.021 0.018 0.120 0.259 0.145 0.152 0.281 
 86    (0)   :  0.010 0.010 0.031 0.047 0.106 0.164 0.456 0.177 
 87    (0)   :  0.006 0.019 0.021 0.058 0.127 0.426 0.155 0.188 
 88    (0)   :  0.006 0.009 0.013 0.077 0.338 0.212 0.186 0.160 
 89    (0)   :  0.007 0.009 0.013 0.118 0.344 0.165 0.188 0.157 
 90    (0)   :  0.005 0.009 0.012 0.058 0.133 0.402 0.208 0.173 
 91    (0)   :  0.005 0.021 0.020 0.126 0.395 0.135 0.117 0.181 
 92    (0)   :  0.006 0.009 0.013 0.065 0.183 0.234 0.248 0.242 
 93    (0)   :  0.006 0.007 0.015 0.346 0.296 0.096 0.113 0.121 
 94    (0)   :  0.005 0.029 0.024 0.049 0.108 0.505 0.088 0.192 
 95    (0)   :  0.005 0.008 0.013 0.076 0.248 0.364 0.162 0.123 
 96    (0)   :  0.005 0.007 0.061 0.061 0.328 0.117 0.325 0.097 
 97    (0)   :  0.007 0.041 0.060 0.053 0.320 0.087 0.217 0.214 
 98    (0)   :  0.005 0.008 0.047 0.036 0.258 0.130 0.275 0.240 
 99    (0)   :  0.005 0.009 0.012 0.104 0.198 0.298 0.177 0.196 
100    (0)   :  0.006 0.006 0.015 0.093 0.489 0.080 0.217 0.093 
101    (0)   :  0.007 0.023 0.027 0.078 0.201 0.298 0.190 0.176 
102    (0)   :  0.008 0.016 0.038 0.103 0.339 0.249 0.125 0.122 
103    (0)   :  0.007 0.007 0.018 0.113 0.115 0.218 0.405 0.117 
104    (0)   :  0.006 0.007 0.017 0.122 0.057 0.467 0.189 0.135 
105    (0)   :  0.009 0.006 0.019 0.169 0.075 0.361 0.256 0.105 
106    (0)   :  0.005 0.012 0.019 0.029 0.066 0.487 0.135 0.246 
107    (0)   :  0.007 0.008 0.021 0.101 0.113 0.341 0.293 0.117 
108    (0)   :  0.005 0.167 0.051 0.049 0.079 0.100 0.434 0.114 
109    (0)   :  0.027 0.025 0.023 0.037 0.063 0.434 0.214 0.177 
110    (0)   :  0.006 0.013 0.017 0.033 0.072 0.543 0.096 0.221 
111    (0)   :  0.008 0.009 0.018 0.053 0.077 0.537 0.190 0.108 
112    (0)   :  0.012 0.011 0.037 0.036 0.074 0.609 0.102 0.119 
113    (0)   :  0.007 0.019 0.027 0.060 0.133 0.151 0.405 0.197 
114    (0)   :  0.006 0.006 0.014 0.149 0.064 0.456 0.186 0.118 
115    (0)   :  0.007 0.009 0.067 0.047 0.129 0.425 0.181 0.134 
116    (0)   :  0.008 0.029 0.055 0.031 0.089 0.384 0.215 0.189 
117    (0)   :  0.010 0.012 0.032 0.037 0.102 0.526 0.093 0.189 
118    (0)   :  0.007 0.012 0.017 0.044 0.080 0.208 0.524 0.109 
119    (0)   :  0.005 0.014 0.095 0.067 0.324 0.196 0.180 0.118 
120    (0)   :  0.008 0.009 0.030 0.061 0.120 0.411 0.232 0.130 
121    (0)   :  0.021 0.012 0.142 0.036 0.092 0.404 0.157 0.137 
122    (0)   :  0.006 0.010 0.017 0.049 0.072 0.446 0.177 0.224 
123    (0)   :  0.006 0.013 0.026 0.063 0.098 0.466 0.178 0.151 
124    (0)   :  0.012 0.012 0.073 0.042 0.079 0.325 0.217 0.239 
125    (0)   :  0.008 0.022 0.067 0.037 0.117 0.319 0.098 0.332 
126    (0)   :  0.004 0.012 0.052 0.057 0.131 0.391 0.176 0.177 
127    (0)   :  0.006 0.007 0.019 0.052 0.082 0.523 0.214 0.097 
128    (0)   :  0.006 0.007 0.017 0.042 0.081 0.180 0.547 0.120 
129    (0)   :  0.010 0.007 0.018 0.045 0.065 0.331 0.409 0.115 
130    (0)   :  0.009 0.007 0.015 0.102 0.099 0.420 0.223 0.126 
131    (0)   :  0.012 0.077 0.101 0.036 0.073 0.326 0.132 0.243 
132    (0)   :  0.008 0.009 0.020 0.038 0.061 0.372 0.284 0.208 
133    (0)   :  0.010 0.011 0.025 0.064 0.095 0.352 0.313 0.130 
134    (0)   :  0.005 0.009 0.015 0.027 0.055 0.629 0.101 0.159 
135    (0)   :  0.009 0.010 0.049 0.145 0.351 0.091 0.242 0.104 
136    (0)   :  0.009 0.008 0.015 0.356 0.268 0.073 0.124 0.147 
137    (0)   :  0.006 0.008 0.014 0.211 0.440 0.128 0.084 0.108 
138    (0)   :  0.006 0.010 0.024 0.524 0.149 0.077 0.089 0.123 
139    (0)   :  0.006 0.009 0.028 0.190 0.129 0.084 0.410 0.144 
140    (0)   :  0.006 0.011 0.033 0.197 0.263 0.137 0.175 0.177 
141    (0)   :  0.007 0.011 0.020 0.418 0.121 0.078 0.138 0.206 
142    (0)   :  0.007 0.010 0.061 0.209 0.242 0.087 0.280 0.104 
143    (0)   :  0.005 0.007 0.015 0.177 0.556 0.067 0.087 0.087 
144    (0)   :  0.005 0.008 0.016 0.162 0.513 0.120 0.085 0.091 
145    (0)   :  0.011 0.010 0.025 0.199 0.258 0.080 0.187 0.230 
146    (0)   :  0.010 0.011 0.021 0.262 0.218 0.147 0.126 0.205 
147    (0)   :  0.006 0.007 0.014 0.369 0.349 0.070 0.082 0.103 
148    (0)   :  0.007 0.007 0.032 0.335 0.155 0.113 0.201 0.150 
149    (0)   :  0.008 0.011 0.036 0.379 0.210 0.079 0.148 0.129 
150    (0)   :  0.008 0.008 0.018 0.225 0.291 0.174 0.150 0.127 
151    (0)   :  0.006 0.007 0.016 0.214 0.436 0.091 0.126 0.105 
152    (0)   :  0.007 0.015 0.061 0.298 0.175 0.103 0.179 0.162 
153    (0)   :  0.005 0.010 0.039 0.424 0.176 0.104 0.099 0.142 
154    (0)   :  0.010 0.007 0.024 0.452 0.139 0.071 0.169 0.128 
155    (0)   :  0.005 0.007 0.015 0.538 0.131 0.094 0.108 0.101 
156    (0)   :  0.005 0.007 0.046 0.317 0.272 0.106 0.160 0.087 
157    (0)   :  0.005 0.008 0.013 0.399 0.190 0.176 0.090 0.119 
158    (0)   :  0.011 0.011 0.022 0.219 0.289 0.081 0.140 0.226 
159    (0)   :  0.008 0.007 0.012 0.463 0.249 0.069 0.097 0.096 
160    (0)   :  0.009 0.008 0.012 0.515 0.173 0.069 0.118 0.097 
161    (0)   :  0.005 0.010 0.019 0.111 0.472 0.102 0.114 0.167 
162    (0)   :  0.012 0.010 0.023 0.288 0.135 0.141 0.181 0.210 
163    (0)   :  0.005 0.007 0.026 0.502 0.175 0.093 0.100 0.093 
164    (0)   :  0.010 0.008 0.015 0.352 0.131 0.122 0.215 0.147 
165    (0)   :  0.007 0.007 0.017 0.198 0.379 0.167 0.119 0.106 
166    (0)   :  0.006 0.021 0.032 0.353 0.152 0.180 0.132 0.125 
167    (0)   :  0.014 0.008 0.017 0.539 0.082 0.095 0.103 0.143 
168    (0)   :  0.006 0.026 0.033 0.381 0.199 0.095 0.103 0.157 
169    (0)   :  0.012 0.033 0.034 0.159 0.225 0.077 0.125 0.335 
170    (0)   :  0.005 0.007 0.023 0.066 0.572 0.090 0.138 0.099 
171    (0)   :  0.006 0.017 0.025 0.325 0.168 0.100 0.179 0.180 
172    (0)   :  0.007 0.034 0.087 0.188 0.280 0.076 0.142 0.186 
173    (0)   :  0.007 0.007 0.013 0.493 0.155 0.069 0.158 0.097 
174    (0)   :  0.006 0.007 0.012 0.480 0.170 0.095 0.109 0.121 
175    (0)   :  0.007 0.007 0.020 0.192 0.460 0.069 0.096 0.150 
176    (0)   :  0.006 0.007 0.016 0.163 0.510 0.122 0.086 0.090 
177    (0)   :  0.006 0.012 0.018 0.355 0.143 0.197 0.100 0.169 
178    (0)   :  0.006 0.007 0.013 0.462 0.118 0.093 0.122 0.178 
179    (0)   :  0.005 0.006 0.013 0.569 0.135 0.069 0.101 0.102 
180    (0)   :  0.012 0.011 0.029 0.269 0.268 0.112 0.116 0.183 
181    (0)   :  0.009 0.010 0.024 0.175 0.349 0.080 0.212 0.141 
182    (0)   :  0.009 0.007 0.018 0.194 0.404 0.072 0.207 0.089 
183    (0)   :  0.006 0.007 0.016 0.339 0.336 0.071 0.120 0.106 
184    (0)   :  0.008 0.010 0.014 0.040 0.098 0.101 0.563 0.166 
185    (0)   :  0.005 0.007 0.074 0.365 0.283 0.069 0.121 0.076 
186    (0)   :  0.007 0.007 0.015 0.040 0.101 0.156 0.481 0.192 
187    (0)   :  0.005 0.008 0.018 0.189 0.167 0.099 0.379 0.134 
188    (0)   :  0.008 0.006 0.015 0.034 0.075 0.121 0.588 0.153 
189    (0)   :  0.005 0.030 0.026 0.096 0.296 0.100 0.183 0.265 
190    (0)   :  0.005 0.006 0.080 0.087 0.260 0.070 0.423 0.069 
191    (0)   :  0.006 0.006 0.013 0.060 0.110 0.085 0.601 0.120 
192    (0)   :  0.005 0.007 0.013 0.085 0.271 0.126 0.340 0.152 
193    (0)   :  0.005 0.008 0.018 0.070 0.243 0.107 0.373 0.175 
194    (0)   :  0.006 0.008 0.022 0.069 0.326 0.117 0.319 0.133 
195    (0)   :  0.006 0.006 0.030 0.140 0.287 0.068 0.377 0.086 
196    (0)   :  0.005 0.008 0.029 0.080 0.200 0.090 0.501 0.087 
197    (0)   :  0.007 0.007 0.029 0.138 0.122 0.165 0.282 0.250 
198    (0)   :  0.005 0.009 0.024 0.073 0.205 0.155 0.279 0.250 
199    (0)   :  0.006 0.011 0.032 0.050 0.329 0.098 0.377 0.095 
200    (0)   :  0.005 0.014 0.033 0.076 0.172 0.091 0.465 0.143 
201    (0)   :  0.005 0.006 0.019 0.325 0.168 0.077 0.296 0.103 
202    (0)   :  0.005 0.006 0.029 0.091 0.503 0.091 0.191 0.084 
203    (0)   :  0.006 0.006 0.017 0.241 0.206 0.070 0.369 0.086 
204    (0)   :  0.006 0.006 0.024 0.068 0.184 0.071 0.561 0.081 
205    (0)   :  0.005 0.011 0.024 0.061 0.152 0.089 0.549 0.109 
206    (0)   :  0.006 0.006 0.017 0.090 0.159 0.070 0.552 0.100 
207    (0)   :  0.005 0.006 0.020 0.042 0.145 0.091 0.604 0.088 
208    (0)   :  0.005 0.006 0.020 0.212 0.112 0.080 0.473 0.093 
209    (0)   :  0.005 0.006 0.018 0.062 0.174 0.093 0.511 0.131 
210    (0)   :  0.005 0.006 0.016 0.085 0.157 0.084 0.552 0.096 
211    (0)   :  0.008 0.006 0.036 0.068 0.251 0.122 0.425 0.084 
212    (0)   :  0.005 0.006 0.030 0.129 0.429 0.077 0.192 0.132 
213    (0)   :  0.005 0.009 0.051 0.052 0.248 0.163 0.335 0.136 
214    (0)   :  0.005 0.006 0.018 0.107 0.414 0.074 0.281 0.095 
215    (0)   :  0.005 0.010 0.017 0.055 0.095 0.091 0.631 0.096 
216    (0)   :  0.008 0.009 0.016 0.049 0.139 0.122 0.440 0.217 
217    (0)   :  0.005 0.010 0.020 0.125 0.350 0.074 0.311 0.105 
218    (0)   :  0.006 0.010 0.014 0.069 0.154 0.096 0.537 0.115 
219    (0)   :  0.010 0.016 0.017 0.122 0.227 0.102 0.283 0.224 
220    (0)   :  0.005 0.006 0.014 0.058 0.112 0.077 0.637 0.090 
221    (0)   :  0.005 0.006 0.028 0.062 0.623 0.064 0.136 0.077 
222    (0)   :  0.008 0.009 0.017 0.072 0.190 0.122 0.304 0.278 
223    (0)   :  0.005 0.010 0.020 0.213 0.215 0.108 0.265 0.166 
224    (0)   :  0.006 0.006 0.015 0.123 0.272 0.071 0.408 0.099 
225    (0)   :  0.005 0.008 0.025 0.069 0.200 0.087 0.504 0.102 
226    (0)   :  0.007 0.095 0.016 0.075 0.183 0.099 0.374 0.151 
227    (0)   :  0.005 0.006 0.051 0.119 0.272 0.100 0.357 0.089 
228    (0)   :  0.006 0.007 0.079 0.138 0.265 0.070 0.355 0.079 
229    (0)   :  0.006 0.006 0.013 0.118 0.303 0.080 0.369 0.106 
230    (0)   :  0.006 0.006 0.013 0.088 0.251 0.074 0.470 0.091 
231    (0)   :  0.006 0.006 0.014 0.148 0.195 0.078 0.410 0.143 
232    (0)   :  0.006 0.011 0.028 0.060 0.388 0.121 0.234 0.153 
233    (0)   :  0.006 0.006 0.015 0.325 0.216 0.075 0.259 0.099 
234    (0)   :  0.005 0.007 0.015 0.103 0.170 0.116 0.387 0.198 
235    (0)   :  0.005 0.012 0.020 0.087 0.326 0.097 0.309 0.143 
236    (0)   :  0.005 0.007 0.015 0.127 0.287 0.088 0.345 0.125 
237    (0)   :  0.006 0.006 0.024 0.053 0.130 0.085 0.598 0.100 
238    (0)   :  0.004 0.006 0.018 0.103 0.417 0.096 0.242 0.114 
239    (0)   :  0.006 0.006 0.030 0.139 0.286 0.068 0.378 0.087 
240    (0)   :  0.004 0.006 0.018 0.102 0.415 0.095 0.247 0.112 
241    (0)   :  0.006 0.008 0.021 0.092 0.472 0.080 0.221 0.101 
242    (0)   :  0.006 0.014 0.023 0.090 0.219 0.085 0.382 0.181 
243    (0)   :  0.005 0.006 0.033 0.083 0.193 0.074 0.530 0.076 
244    (0)   :  0.006 0.006 0.015 0.124 0.269 0.070 0.423 0.089 
245    (0)   :  0.005 0.006 0.026 0.304 0.308 0.086 0.168 0.098 
246    (0)   :  0.005 0.009 0.021 0.127 0.349 0.073 0.311 0.106 
247    (0)   :  0.005 0.010 0.024 0.039 0.105 0.246 0.395 0.177 
248    (0)   :  0.005 0.007 0.017 0.043 0.085 0.105 0.632 0.106 
249    (0)   :  0.006 0.006 0.015 0.077 0.380 0.082 0.336 0.098 
250    (0)   :  0.005 0.007 0.013 0.088 0.269 0.095 0.398 0.125 
251    (0)   :  0.006 0.025 0.019 0.069 0.139 0.118 0.411 0.213 
252    (0)   :  0.005 0.008 0.027 0.098 0.282 0.093 0.363 0.125 
253    (0)   :  0.005 0.016 0.025 0.048 0.197 0.155 0.406 0.148 
254    (0)   :  0.008 0.007 0.019 0.087 0.163 0.105 0.401 0.210 
255    (0)   :  0.005 0.006 0.017 0.084 0.235 0.104 0.375 0.174 
256    (0)   :  0.006 0.007 0.020 0.076 0.341 0.085 0.354 0.111 
257    (0)   :  0.012 0.009 0.018 0.074 0.213 0.105 0.450 0.120 
258    (0)   :  0.004 0.007 0.040 0.077 0.128 0.132 0.473 0.138 
259    (0)   :  0.006 0.007 0.014 0.062 0.205 0.088 0.502 0.115 
260    (0)   :  0.008 0.007 0.015 0.121 0.271 0.109 0.239 0.230 
261    (0)   :  0.005 0.008 0.034 0.138 0.311 0.086 0.299 0.120 
262    (0)   :  0.005 0.009 0.037 0.089 0.385 0.066 0.329 0.080 
263    (0)   :  0.009 0.006 0.016 0.051 0.102 0.083 0.610 0.122 
264    (0)   :  0.012 0.009 0.017 0.034 0.083 0.117 0.342 0.387 
265    (0)   :  0.005 0.012 0.017 0.119 0.175 0.094 0.429 0.149 
266    (0)   :  0.005 0.006 0.029 0.103 0.530 0.065 0.184 0.078 
267    (0)   :  0.005 0.006 0.019 0.086 0.246 0.109 0.382 0.147 
268    (0)   :  0.005 0.008 0.029 0.078 0.203 0.091 0.498 0.088 
269    (0)   :  0.005 0.020 0.017 0.130 0.187 0.096 0.288 0.258 
270    (0)   :  0.009 0.007 0.015 0.062 0.106 0.115 0.496 0.191 
271    (0)   :  0.005 0.010 0.022 0.066 0.131 0.117 0.525 0.123 
272    (0)   :  0.007 0.089 0.020 0.069 0.140 0.107 0.447 0.121 
273    (0)   :  0.029 0.025 0.023 0.117 0.213 0.128 0.280 0.186 
274    (0)   :  0.005 0.016 0.015 0.071 0.166 0.107 0.462 0.157 
275    (0)   :  0.009 0.025 0.018 0.114 0.131 0.086 0.470 0.146 
276    (0)   :  0.007 0.063 0.022 0.045 0.187 0.114 0.447 0.116 
277    (0)   :  0.005 0.009 0.016 0.113 0.278 0.106 0.298 0.175 
278    (0)   :  0.005 0.010 0.021 0.070 0.104 0.087 0.608 0.095 
279    (0)   :  0.005 0.010 0.015 0.081 0.219 0.101 0.425 0.143 
280    (0)   :  0.005 0.018 0.023 0.086 0.201 0.092 0.376 0.199 
281    (0)   :  0.006 0.009 0.017 0.073 0.167 0.129 0.449 0.152 
282    (0)   :  0.005 0.008 0.015 0.176 0.320 0.093 0.230 0.154 
283    (0)   :  0.005 0.006 0.018 0.196 0.354 0.089 0.222 0.110 
284    (0)   :  0.005 0.008 0.019 0.135 0.205 0.130 0.360 0.139 
285    (0)   :  0.005 0.010 0.031 0.032 0.076 0.111 0.600 0.134 
286    (0)   :  0.006 0.006 0.014 0.122 0.270 0.070 0.423 0.088 
287    (0)   :  0.006 0.016 0.016 0.099 0.215 0.127 0.321 0.200 
288    (0)   :  0.007 0.055 0.015 0.063 0.131 0.091 0.519 0.119 
289    (0)   :  0.008 0.028 0.023 0.060 0.125 0.125 0.503 0.127 
290    (0)   :  0.010 0.008 0.038 0.045 0.237 0.092 0.359 0.210 
291    (0)   :  0.005 0.010 0.022 0.066 0.131 0.116 0.527 0.124 
292    (0)   :  0.005 0.020 0.048 0.087 0.286 0.088 0.302 0.165 
293    (0)   :  0.007 0.008 0.051 0.046 0.134 0.114 0.345 0.294 
294    (0)   :  0.011 0.008 0.022 0.042 0.121 0.083 0.596 0.118 
295    (0)   :  0.007 0.045 0.030 0.087 0.161 0.128 0.395 0.146 
296    (0)   :  0.005 0.009 0.016 0.063 0.120 0.098 0.594 0.095 
297    (0)   :  0.006 0.017 0.019 0.060 0.177 0.100 0.407 0.214 
298    (0)   :  0.005 0.007 0.013 0.114 0.321 0.104 0.280 0.156 
299    (0)   :  0.011 0.006 0.015 0.061 0.137 0.092 0.516 0.163 
300    (0)   :  0.006 0.008 0.021 0.040 0.114 0.083 0.607 0.121 
301    (0)   :  0.009 0.011 0.014 0.061 0.105 0.098 0.504 0.199 
302    (0)   :  0.010 0.009 0.030 0.057 0.098 0.085 0.596 0.113 
303    (0)   :  0.006 0.008 0.020 0.106 0.315 0.080 0.326 0.138 
304    (0)   :  0.008 0.007 0.014 0.274 0.154 0.142 0.142 0.258 
305    (0)   :  0.006 0.009 0.023 0.113 0.191 0.067 0.500 0.090 
306    (0)   :  0.005 0.012 0.017 0.095 0.415 0.083 0.243 0.130 
307    (0)   :  0.006 0.010 0.014 0.072 0.283 0.099 0.368 0.148 
308    (0)   :  0.005 0.008 0.034 0.139 0.310 0.085 0.301 0.118 
309    (0)   :  0.019 0.016 0.028 0.074 0.107 0.104 0.554 0.099 
310    (0)   :  0.005 0.006 0.024 0.091 0.267 0.074 0.447 0.088 
311    (0)   :  0.006 0.006 0.013 0.086 0.254 0.074 0.471 0.090 
312    (0)   :  0.005 0.006 0.017 0.060 0.114 0.091 0.623 0.084 
313    (0)   :  0.005 0.007 0.034 0.040 0.099 0.083 0.647 0.085 
314    (0)   :  0.005 0.009 0.032 0.427 0.277 0.069 0.091 0.090 
315    (0)   :  0.005 0.015 0.038 0.492 0.168 0.084 0.087 0.112 
316    (0)   :  0.007 0.026 0.021 0.534 0.116 0.086 0.079 0.130 
317    (0)   :  0.006 0.009 0.017 0.502 0.223 0.070 0.080 0.093 
318    (0)   :  0.005 0.008 0.012 0.628 0.109 0.068 0.070 0.099 
319    (0)   :  0.006 0.007 0.015 0.292 0.427 0.068 0.095 0.089 
320    (0)   :  0.005 0.009 0.032 0.432 0.272 0.069 0.092 0.089 
321    (0)   :  0.006 0.010 0.015 0.518 0.201 0.071 0.077 0.102 
322    (0)   :  0.007 0.025 0.038 0.372 0.257 0.089 0.093 0.119 
323    (0)   :  0.010 0.008 0.012 0.579 0.149 0.068 0.076 0.098 
324    (0)   :  0.006 0.009 0.015 0.521 0.199 0.070 0.078 0.102 
325    (0)   :  0.005 0.024 0.019 0.565 0.105 0.084 0.073 0.124 
326    (0)   :  0.009 0.040 0.022 0.541 0.112 0.085 0.073 0.118 
327    (0)   :  0.006 0.009 0.016 0.495 0.229 0.070 0.081 0.094 
328    (0)   :  0.005 0.017 0.026 0.378 0.268 0.088 0.094 0.123 
329    (0)   :  0.005 0.007 0.012 0.520 0.221 0.068 0.070 0.097 
330    (0)   :  0.006 0.009 0.016 0.497 0.225 0.070 0.081 0.095 
331    (0)   :  0.005 0.007 0.012 0.592 0.141 0.068 0.079 0.097 
332    (0)   :  0.012 0.029 0.020 0.549 0.110 0.086 0.072 0.123 
333    (0)   :  0.009 0.027 0.022 0.509 0.148 0.086 0.083 0.117 
334    (0)   :  0.005 0.017 0.025 0.380 0.267 0.088 0.094 0.123 
335    (0)   :  0.005 0.016 0.028 0.355 0.314 0.086 0.085 0.111 
336    (0)   :  0.011 0.010 0.023 0.569 0.144 0.069 0.079 0.096 
337    (0)   :  0.005 0.026 0.027 0.454 0.190 0.088 0.083 0.126 
338    (0)   :  0.006 0.009 0.011 0.626 0.110 0.069 0.070 0.100 
339    (0)   :  0.005 0.007 0.011 0.593 0.141 0.068 0.078 0.097 
340    (0)   :  0.005 0.007 0.012 0.579 0.158 0.068 0.082 0.090 
341    (0)   :  0.011 0.010 0.013 0.544 0.177 0.068 0.080 0.096 
342    (0)   :  0.005 0.009 0.017 0.499 0.226 0.070 0.080 0.094 
343    (0)   :  0.011 0.018 0.054 0.301 0.334 0.085 0.087 0.111 
344    (0)   :  0.005 0.007 0.011 0.604 0.138 0.067 0.070 0.098 
345    (0)   :  0.006 0.009 0.017 0.500 0.224 0.070 0.081 0.094 
346    (0)   :  0.005 0.008 0.012 0.623 0.119 0.067 0.072 0.093 
347    (0)   :  0.005 0.007 0.012 0.591 0.154 0.066 0.073 0.092 
348    (0)   :  0.005 0.015 0.059 0.288 0.357 0.082 0.096 0.100 
349    (0)   :  0.006 0.009 0.017 0.500 0.225 0.070 0.080 0.094 
350    (0)   :  0.005 0.007 0.020 0.507 0.204 0.068 0.097 0.093 
351    (0)   :  0.005 0.016 0.029 0.351 0.317 0.085 0.086 0.112 
352    (0)   :  0.006 0.025 0.031 0.438 0.212 0.087 0.087 0.115 
353    (0)   :  0.011 0.009 0.022 0.567 0.145 0.069 0.079 0.096 
354    (0)   :  0.006 0.008 0.012 0.587 0.147 0.069 0.072 0.099 
355    (0)   :  0.005 0.009 0.012 0.627 0.109 0.068 0.070 0.099 
356    (0)   :  0.004 0.013 0.050 0.118 0.547 0.080 0.092 0.096 
357    (0)   :  0.005 0.022 0.020 0.328 0.134 0.105 0.098 0.288 
358    (0)   :  0.005 0.018 0.018 0.541 0.136 0.085 0.075 0.123 
359    (0)   :  0.005 0.007 0.011 0.587 0.143 0.068 0.078 0.099 
360    (0)   :  0.005 0.008 0.013 0.623 0.117 0.068 0.072 0.094 
361    (0)   :  0.005 0.022 0.029 0.135 0.302 0.108 0.115 0.284 
362    (0)   :  0.007 0.032 0.020 0.063 0.101 0.196 0.291 0.290 
363    (0)   :  0.007 0.016 0.024 0.041 0.090 0.270 0.181 0.371 
364    (0)   :  0.015 0.011 0.020 0.117 0.236 0.140 0.151 0.310 
365    (0)   :  0.022 0.026 0.024 0.044 0.102 0.142 0.156 0.485 
366    (0)   :  0.007 0.021 0.082 0.061 0.172 0.108 0.231 0.318 
367    (0)   :  0.005 0.018 0.016 0.032 0.066 0.520 0.092 0.250 
368    (0)   :  0.006 0.010 0.013 0.048 0.116 0.265 0.302 0.241 
369    (0)   :  0.010 0.013 0.066 0.073 0.303 0.123 0.164 0.250 
370    (0)   :  0.015 0.016 0.018 0.058 0.129 0.277 0.296 0.191 
371    (0)   :  0.013 0.011 0.025 0.068 0.137 0.130 0.296 0.319 
372    (0)   :  0.052 0.023 0.023 0.069 0.136 0.171 0.381 0.144 
373    (0)   :  0.006 0.008 0.018 0.055 0.184 0.321 0.142 0.265 
374    (0)   :  0.009 0.023 0.017 0.067 0.297 0.169 0.154 0.264 
375    (0)   :  0.018 0.014 0.017 0.040 0.082 0.242 0.158 0.429 
376    (0)   :  0.087 0.015 0.018 0.036 0.078 0.176 0.079 0.510 
377    (0)   :  0.007 0.018 0.022 0.072 0.084 0.160 0.317 0.321 
378    (0)   :  0.006 0.009 0.017 0.146 0.134 0.418 0.135 0.135 
379    (0)   :  0.177 0.021 0.022 0.033 0.073 0.195 0.094 0.385 
380    (0)   :  0.010 0.056 0.052 0.062 0.207 0.089 0.126 0.397 
381    (0)   :  0.009 0.011 0.059 0.047 0.229 0.083 0.101 0.461 
382    (0)   :  0.005 0.010 0.012 0.052 0.076 0.238 0.125 0.481 
383    (0)   :  0.018 0.065 0.023 0.177 0.081 0.082 0.131 0.423 
384    (0)   :  0.066 0.028 0.023 0.103 0.109 0.160 0.109 0.402 
385    (0)   :  0.054 0.009 0.012 0.191 0.097 0.237 0.152 0.248 
386    (0)   :  0.004 0.012 0.016 0.039 0.088 0.273 0.130 0.438 
387    (0)   :  0.005 0.011 0.022 0.058 0.083 0.270 0.120 0.430 
388    (0)   :  0.021 0.017 0.015 0.116 0.190 0.196 0.157 0.290 
389    (0)   :  0.014 0.011 0.039 0.048 0.087 0.132 0.540 0.130 
390    (0)   :  0.018 0.047 0.094 0.039 0.100 0.352 0.116 0.234 
391    (0)   :  0.022 0.023 0.038 0.049 0.177 0.323 0.196 0.172 
392    (0)   :  0.008 0.010 0.022 0.078 0.125 0.169 0.142 0.447 
393    (0)   :  0.008 0.047 0.127 0.059 0.144 0.113 0.082 0.420 
394    (0)   :  0.006 0.021 0.018 0.160 0.158 0.255 0.134 0.249 
395    (0)   :  0.005 0.034 0.058 0.046 0.099 0.202 0.299 0.257 
396    (0)   :  0.006 0.007 0.013 0.031 0.070 0.274 0.153 0.445 
397    (0)   :  0.078 0.008 0.018 0.073 0.201 0.104 0.266 0.254 
398    (0)   :  0.031 0.043 0.025 0.035 0.076 0.295 0.090 0.406 
399    (0)   :  0.005 0.034 0.023 0.044 0.092 0.491 0.165 0.145 
400    (0)   :  0.007 0.009 0.019 0.040 0.145 0.280 0.093 0.407 
401    (0)   :  0.005 0.010 0.044 0.051 0.136 0.444 0.141 0.169 
402    (0)   :  0.007 0.008 0.063 0.056 0.131 0.245 0.173 0.318 
403    (0)   :  0.008 0.013 0.021 0.192 0.232 0.178 0.154 0.201 
404    (0)   :  0.011 0.009 0.015 0.048 0.182 0.160 0.213 0.362 
405    (0)   :  0.005 0.023 0.024 0.054 0.152 0.153 0.207 0.382 
406    (0)   :  0.004 0.225 0.086 0.048 0.235 0.093 0.155 0.153 
407    (0)   :  0.005 0.024 0.017 0.031 0.073 0.126 0.101 0.625 
408    (0)   :  0.004 0.007 0.045 0.030 0.078 0.454 0.257 0.126 
409    (0)   :  0.011 0.045 0.084 0.045 0.399 0.107 0.093 0.215 
410    (0)   :  0.071 0.023 0.030 0.061 0.127 0.250 0.122 0.316 
411    (0)   :  0.019 0.011 0.060 0.115 0.103 0.140 0.103 0.449 
412    (0)   :  0.005 0.009 0.013 0.046 0.103 0.248 0.252 0.324 
413    (0)   :  0.005 0.008 0.014 0.128 0.123 0.288 0.194 0.240 
414    (0)   :  0.006 0.007 0.014 0.044 0.057 0.318 0.263 0.291 
415    (0)   :  0.006 0.018 0.040 0.034 0.124 0.184 0.137 0.458 
416    (0)   :  0.009 0.010 0.047 0.043 0.189 0.274 0.125 0.302 
417    (0)   :  0.006 0.096 0.022 0.036 0.100 0.203 0.109 0.428 
418    (0)   :  0.007 0.009 0.013 0.036 0.081 0.408 0.130 0.316 
419    (0)   :  0.015 0.017 0.037 0.083 0.232 0.201 0.139 0.277 
420    (0)   :  0.004 0.009 0.088 0.031 0.122 0.427 0.147 0.171 
421    (0)   :  0.007 0.034 0.019 0.037 0.114 0.282 0.173 0.334 
422    (0)   :  0.007 0.037 0.044 0.040 0.108 0.120 0.330 0.314 
423    (0)   :  0.010 0.021 0.025 0.065 0.103 0.200 0.208 0.368 
424    (0)   :  0.008 0.030 0.098 0.057 0.120 0.408 0.113 0.168 
425    (0)   :  0.042 0.015 0.023 0.073 0.127 0.174 0.187 0.359 
426    (0)   :  0.042 0.042 0.021 0.082 0.128 0.340 0.124 0.220 
427    (0)   :  0.005 0.040 0.025 0.141 0.068 0.233 0.078 0.411 
428    (0)   :  0.018 0.109 0.055 0.075 0.215 0.114 0.155 0.260 
429    (0)   :  0.006 0.012 0.014 0.031 0.067 0.287 0.096 0.486 
430    (0)   :  0.006 0.052 0.040 0.037 0.086 0.166 0.115 0.499 
431    (0)   :  0.013 0.024 0.015 0.084 0.110 0.336 0.245 0.174 
432    (0)   :  0.006 0.009 0.014 0.052 0.123 0.281 0.251 0.264 
433    (0)   :  0.010 0.009 0.019 0.112 0.283 0.147 0.256 0.164 
434    (0)   :  0.006 0.009 0.023 0.055 0.194 0.126 0.208 0.378 
435    (0)   :  0.005 0.089 0.030 0.034 0.072 0.237 0.096 0.437 
436    (0)   :  0.008 0.225 0.044 0.039 0.128 0.242 0.063 0.251 
437    (0)   :  0.007 0.017 0.017 0.037 0.076 0.132 0.109 0.605 
438    (0)   :  0.005 0.141 0.123 0.041 0.162 0.253 0.089 0.186 
439    (0)   :  0.006 0.124 0.032 0.040 0.100 0.192 0.068 0.438 
440    (0)   :  0.004 0.215 0.029 0.029 0.061 0.247 0.084 0.330 
441    (0)   :  0.005 0.031 0.029 0.059 0.158 0.191 0.092 0.434 
442    (0)   :  0.008 0.009 0.025 0.031 0.099 0.282 0.137 0.409 
443    (0)   :  0.005 0.026 0.102 0.031 0.081 0.471 0.110 0.173 
444    (0)   :  0.007 0.017 0.039 0.031 0.096 0.260 0.125 0.425 
445    (0)   :  0.036 0.027 0.092 0.047 0.246 0.120 0.092 0.339 
446    (0)   :  0.038 0.070 0.024 0.037 0.086 0.362 0.063 0.320 
447    (0)   :  0.008 0.151 0.059 0.048 0.171 0.220 0.110 0.232 
448    (0)   :  0.005 0.027 0.023 0.037 0.085 0.208 0.115 0.501 
449    (0)   :  0.005 0.030 0.023 0.051 0.137 0.179 0.124 0.452 
450    (0)   :  0.008 0.010 0.015 0.054 0.118 0.183 0.073 0.538 
451    (0)   :  0.005 0.015 0.021 0.030 0.061 0.489 0.164 0.214 
452    (0)   :  0.006 0.015 0.015 0.049 0.111 0.194 0.076 0.533 
453    (0)   :  0.005 0.012 0.178 0.038 0.178 0.268 0.169 0.152 
454    (0)   :  0.005 0.037 0.021 0.071 0.109 0.173 0.114 0.470 
455    (0)   :  0.005 0.143 0.083 0.033 0.093 0.271 0.078 0.295 
456    (0)   :  0.006 0.033 0.098 0.033 0.086 0.243 0.133 0.368 
457    (0)   :  0.006 0.029 0.019 0.038 0.088 0.129 0.092 0.599 
458    (0)   :  0.034 0.031 0.028 0.039 0.099 0.187 0.078 0.503 
459    (0)   :  0.005 0.038 0.033 0.055 0.179 0.359 0.063 0.267 
460    (0)   :  0.005 0.029 0.032 0.036 0.080 0.473 0.071 0.276 
461    (0)   :  0.006 0.011 0.015 0.036 0.077 0.539 0.065 0.251 
462    (0)   :  0.013 0.018 0.108 0.029 0.060 0.288 0.158 0.326 
463    (0)   :  0.005 0.129 0.259 0.042 0.126 0.137 0.142 0.161 
464    (0)   :  0.004 0.029 0.056 0.033 0.089 0.476 0.090 0.225 
465    (0)   :  0.007 0.018 0.036 0.038 0.104 0.440 0.116 0.242 
466    (0)   :  0.004 0.032 0.105 0.033 0.097 0.381 0.134 0.213 
467    (0)   :  0.006 0.025 0.087 0.048 0.127 0.251 0.134 0.323 
468    (0)   :  0.006 0.192 0.077 0.032 0.084 0.125 0.106 0.379 
469    (0)   :  0.005 0.375 0.030 0.036 0.078 0.145 0.065 0.265 
470    (0)   :  0.005 0.160 0.025 0.035 0.075 0.300 0.076 0.325 
471    (0)   :  0.007 0.014 0.083 0.036 0.103 0.247 0.199 0.312 
472    (0)   :  0.007 0.011 0.062 0.035 0.115 0.225 0.145 0.400 
473    (0)   :  0.005 0.032 0.025 0.052 0.126 0.159 0.168 0.433 
474    (0)   :  0.005 0.014 0.035 0.045 0.136 0.203 0.093 0.469 
475    (0)   :  0.005 0.017 0.024 0.054 0.170 0.383 0.107 0.239 
476    (0)   :  0.008 0.019 0.048 0.036 0.106 0.206 0.080 0.497 
477    (0)   :  0.006 0.019 0.039 0.042 0.138 0.462 0.095 0.199 
478    (0)   :  0.007 0.015 0.021 0.035 0.068 0.640 0.076 0.139 
479    (0)   :  0.005 0.035 0.020 0.034 0.072 0.272 0.074 0.488 
480    (0)   :  0.006 0.034 0.018 0.037 0.083 0.146 0.073 0.604 
481    (0)   :  0.006 0.012 0.019 0.034 0.089 0.181 0.255 0.404 
482    (0)   :  0.006 0.015 0.014 0.034 0.073 0.258 0.072 0.529 
483    (0)   :  0.006 0.186 0.027 0.040 0.103 0.236 0.070 0.333 
484    (0)   :  0.006 0.153 0.140 0.041 0.101 0.177 0.126 0.257 
485    (0)   :  0.005 0.450 0.024 0.034 0.073 0.187 0.069 0.157 
486    (0)   :  0.012 0.009 0.036 0.047 0.115 0.192 0.379 0.211 
487    (0)   :  0.011 0.009 0.029 0.107 0.163 0.167 0.241 0.273 
488    (0)   :  0.009 0.009 0.023 0.112 0.098 0.284 0.300 0.165 
489    (0)   :  0.010 0.007 0.037 0.055 0.262 0.099 0.243 0.288 
490    (0)   :  0.007 0.010 0.044 0.037 0.080 0.387 0.206 0.231 
491    (0)   :  0.011 0.007 0.017 0.054 0.210 0.115 0.432 0.154 
492    (0)   :  0.005 0.008 0.042 0.165 0.212 0.298 0.141 0.128 
493    (0)   :  0.014 0.007 0.026 0.098 0.073 0.142 0.442 0.197 
494    (0)   :  0.051 0.014 0.021 0.052 0.228 0.151 0.302 0.180 
495    (0)   :  0.040 0.009 0.059 0.119 0.157 0.368 0.122 0.127 
496    (0)   :  0.005 0.009 0.023 0.076 0.406 0.120 0.203 0.158 
497    (0)   :  0.032 0.008 0.017 0.105 0.117 0.112 0.410 0.200 
498    (0)   :  0.016 0.010 0.040 0.035 0.191 0.236 0.249 0.222 
499    (0)   :  0.030 0.009 0.024 0.127 0.238 0.102 0.267 0.203 
500    (0)   :  0.019 0.015 0.021 0.064 0.101 0.114 0.358 0.309 
501    (0)   :  0.011 0.010 0.015 0.071 0.275 0.170 0.164 0.285 
502    (0)   :  0.009 0.009 0.013 0.086 0.289 0.279 0.125 0.189 
503    (0)   :  0.007 0.011 0.018 0.042 0.098 0.156 0.189 0.479 
504    (0)   :  0.007 0.009 0.031 0.039 0.125 0.437 0.201 0.151 
505    (0)   :  0.008 0.012 0.023 0.050 0.233 0.135 0.413 0.126 
506    (0)   :  0.008 0.007 0.016 0.072 0.279 0.264 0.202 0.151 
507    (0)   :  0.007 0.007 0.026 0.126 0.493 0.072 0.169 0.099 
508    (0)   :  0.019 0.007 0.045 0.167 0.378 0.089 0.199 0.096 
509    (0)   :  0.008 0.010 0.023 0.089 0.241 0.123 0.378 0.129 
510    (0)   :  0.024 0.007 0.020 0.108 0.285 0.137 0.169 0.250 
511    (0)   :  0.014 0.041 0.024 0.039 0.146 0.262 0.213 0.262 
512    (0)   :  0.009 0.010 0.014 0.035 0.082 0.232 0.161 0.458 
513    (0)   :  0.019 0.007 0.046 0.055 0.115 0.255 0.426 0.077 
514    (0)   :  0.007 0.009 0.017 0.082 0.112 0.417 0.203 0.154 
515    (0)   :  0.013 0.031 0.057 0.133 0.152 0.139 0.176 0.299 
516    (0)   :  0.008 0.011 0.030 0.044 0.165 0.301 0.311 0.130 
517    (0)   :  0.007 0.024 0.068 0.089 0.205 0.226 0.189 0.193 
518    (0)   :  0.055 0.007 0.015 0.148 0.156 0.103 0.228 0.287 
519    (0)   :  0.005 0.010 0.019 0.050 0.172 0.454 0.140 0.150 
520    (0)   :  0.007 0.146 0.087 0.109 0.279 0.091 0.152 0.129 
521    (0)   :  0.006 0.007 0.019 0.274 0.130 0.202 0.231 0.131 
522    (0)   :  0.025 0.016 0.146 0.067 0.090 0.141 0.163 0.352 
523    (0)   :  0.008 0.017 0.129 0.104 0.249 0.194 0.176 0.124 
524    (0)   :  0.007 0.188 0.055 0.089 0.121 0.149 0.197 0.194 
525    (0)   :  0.063 0.027 0.034 0.118 0.233 0.102 0.172 0.251 
526    (0)   :  0.005 0.244 0.135 0.047 0.181 0.088 0.172 0.129 
527    (0)   :  0.065 0.008 0.014 0.067 0.096 0.233 0.173 0.343 
528    (0)   :  0.005 0.006 0.019 0.382 0.117 0.105 0.250 0.116 
529    (0)   :  0.078 0.007 0.019 0.083 0.169 0.147 0.331 0.166 
530    (0)   :  0.008 0.016 0.051 0.068 0.153 0.145 0.164 0.395 
531    (0)   :  0.006 0.023 0.034 0.309 0.127 0.145 0.113 0.243 
532    (0)   :  0.019 0.007 0.032 0.267 0.092 0.147 0.249 0.187 
533    (0)   :  0.052 0.021 0.038 0.069 0.119 0.124 0.283 0.293 
534    (0)   :  0.071 0.008 0.048 0.100 0.136 0.146 0.402 0.088 
535    (0)   :  0.005 0.021 0.096 0.046 0.189 0.277 0.178 0.187 
536    (0)   :  0.006 0.030 0.052 0.052 0.304 0.148 0.157 0.251 
537    (0)   :  0.006 0.009 0.048 0.055 0.467 0.130 0.140 0.146 
538    (0)   :  0.005 0.017 0.040 0.055 0.343 0.117 0.253 0.170 
539    (0)   :  0.005 0.006 0.017 0.074 0.563 0.078 0.149 0.110 
540    (0)   :  0.007 0.024 0.049 0.178 0.130 0.107 0.303 0.201 
541    (0)   :  0.007 0.011 0.052 0.238 0.225 0.135 0.145 0.186 
542    (0)   :  0.006 0.022 0.145 0.036 0.150 0.105 0.294 0.242 
543    (0)   :  0.007 0.023 0.144 0.148 0.138 0.235 0.184 0.121 
544    (0)   :  0.005 0.015 0.181 0.063 0.198 0.138 0.212 0.186 
545    (0)   :  0.005 0.069 0.273 0.033 0.106 0.171 0.173 0.171 
546    (0)   :  0.006 0.009 0.069 0.063 0.194 0.114 0.364 0.181 
547    (0)   :  0.005 0.021 0.249 0.052 0.295 0.146 0.121 0.109 
548    (0)   :  0.006 0.007 0.013 0.088 0.270 0.094 0.397 0.125 
549    (0)   :  0.006 0.037 0.067 0.054 0.474 0.103 0.076 0.184 
550    (0)   :  0.005 0.090 0.166 0.036 0.188 0.222 0.125 0.169 
551    (0)   :  0.006 0.012 0.026 0.074 0.529 0.124 0.088 0.141 
552    (0)   :  0.005 0.008 0.033 0.060 0.311 0.090 0.328 0.164 
553    (0)   :  0.007 0.016 0.273 0.089 0.204 0.151 0.168 0.091 
554    (0)   :  0.011 0.014 0.051 0.156 0.099 0.160 0.239 0.269 
555    (0)   :  0.009 0.012 0.037 0.069 0.438 0.131 0.178 0.128 
556    (0)   :  0.005 0.009 0.029 0.053 0.321 0.115 0.290 0.177 
557    (0)   :  0.005 0.072 0.102 0.062 0.181 0.234 0.106 0.238 
558    (0)   :  0.006 0.018 0.014 0.034 0.076 0.261 0.064 0.528 
559    (0)   :  0.006 0.008 0.024 0.042 0.114 0.222 0.403 0.181 
560    (0)   :  0.005 0.032 0.025 0.028 0.061 0.477 0.113 0.260 
561    (0)   :  0.005 0.014 0.027 0.035 0.079 0.313 0.180 0.347 
562    (0)   :  0.007 0.021 0.043 0.028 0.060 0.356 0.239 0.246 
563    (0)   :  0.007 0.013 0.025 0.049 0.277 0.401 0.077 0.150 
564    (0)   :  0.010 0.016 0.039 0.063 0.083 0.141 0.466 0.181 
565    (0)   :  0.005 0.033 0.017 0.035 0.083 0.113 0.087 0.627 
566    (0)   :  0.004 0.020 0.017 0.030 0.060 0.531 0.094 0.245 
567    (0)   :  0.007 0.013 0.021 0.035 0.077 0.156 0.531 0.160 
568    (0)   :  0.005 0.016 0.027 0.047 0.123 0.318 0.227 0.236 
569    (0)   :  0.007 0.019 0.090 0.069 0.089 0.225 0.138 0.362 
570    (0)   :  0.007 0.017 0.015 0.032 0.062 0.196 0.097 0.574 
571    (0)   :  0.005 0.019 0.017 0.046 0.089 0.520 0.151 0.152 
572    (0)   :  0.005 0.016 0.179 0.060 0.263 0.108 0.165 0.204 
573    (0)   :  0.008 0.148 0.031 0.053 0.098 0.126 0.382 0.155 
574    (0)   :  0.007 0.016 0.027 0.077 0.164 0.116 0.133 0.460 
575    (0)   :  0.005 0.012 0.018 0.056 0.205 0.351 0.142 0.210 
576    (0)   :  0.006 0.017 0.015 0.031 0.060 0.514 0.105 0.251 
577    (0)   :  0.007 0.009 0.018 0.053 0.203 0.138 0.129 0.444 
