

----------------------------------------------------
STRUCTURE by Pritchard, Stephens and Donnelly (2000)
     and Falush, Stephens and Pritchard (2003)
       Code by Pritchard, Falush and Hubisz
             Version 2.3.4 (Jul 2012)
----------------------------------------------------



Command line arguments:   ./structure -K 5 -D 105014 -m brooktrout/mainparams -e brooktrout/extraparams -o brooktrout/250914_output/results_K5_rep14 
Input File:    brooktrout/brooktrout.txt

Run parameters:
   8454 individuals
   5 loci
   5 populations assumed
   50000 Burn-in period
   100000 Reps
RANDOMIZE turned off


--------------------------------------------
Overall proportion of membership of the
sample in each of the 5 clusters

Inferred Clusters
  1      2      3      4      5    
0.191  0.086  0.199  0.263  0.261  

--------------------------------------------

Allele-freq. divergence among pops (Net nucleotide distance),
computed using point estimates of P.

      1       2       3       4       5      
 1      -    0.1045  0.0638  0.1124  0.1138  
 2   0.1045     -    0.0706  0.0829  0.0994  
 3   0.0638  0.0706     -    0.0483  0.0646  
 4   0.1124  0.0829  0.0483     -    0.0395  
 5   0.1138  0.0994  0.0646  0.0395     -    

Average distances (expected heterozygosity) between individuals in same cluster:
cluster  1  : 0.7356 
cluster  2  : 0.7998 
cluster  3  : 0.8123 
cluster  4  : 0.8182 
cluster  5  : 0.7912 

--------------------------------------------
Estimated Ln Prob of Data   = -180879.4
Mean value of ln likelihood = -171838.4
Variance of ln likelihood   = 18081.9

Mean value of alpha_1       = 0.2310
Mean value of alpha_2       = 0.1056
Mean value of alpha_3       = 0.2503
Mean value of alpha_4       = 0.3339
Mean value of alpha_5       = 0.3375
Allele frequencies uncorrelated


Inferred ancestry of individuals:
     (%Miss) :  Inferred clusters
  1    (0)   :  0.281 0.087 0.088 0.192 0.353 
  2    (0)   :  0.038 0.018 0.748 0.113 0.083 
  3    (0)   :  0.174 0.079 0.078 0.136 0.534 
  4    (0)   :  0.617 0.047 0.086 0.162 0.087 
  5    (0)   :  0.040 0.021 0.679 0.144 0.116 
  6    (0)   :  0.045 0.016 0.089 0.080 0.770 
  7    (0)   :  0.050 0.015 0.093 0.523 0.318 
  8    (0)   :  0.342 0.034 0.062 0.209 0.353 
  9    (0)   :  0.108 0.042 0.210 0.278 0.362 
 10    (0)   :  0.155 0.016 0.090 0.247 0.492 
 11    (0)   :  0.047 0.017 0.060 0.618 0.258 
 12    (0)   :  0.062 0.024 0.637 0.154 0.122 
 13    (0)   :  0.080 0.025 0.391 0.246 0.259 
 14    (0)   :  0.114 0.101 0.412 0.155 0.219 
 15    (0)   :  0.220 0.040 0.274 0.261 0.205 
 16    (0)   :  0.073 0.035 0.069 0.157 0.667 
 17    (0)   :  0.069 0.038 0.318 0.168 0.407 
 18    (0)   :  0.083 0.030 0.314 0.095 0.478 
 19    (0)   :  0.063 0.018 0.143 0.144 0.632 
 20    (0)   :  0.086 0.051 0.203 0.378 0.282 
 21    (0)   :  0.231 0.086 0.290 0.144 0.249 
 22    (0)   :  0.086 0.025 0.105 0.083 0.701 
 23    (0)   :  0.244 0.187 0.217 0.228 0.123 
 24    (0)   :  0.207 0.042 0.106 0.135 0.510 
 25    (0)   :  0.036 0.024 0.228 0.336 0.376 
 26    (0)   :  0.122 0.033 0.296 0.123 0.427 
 27    (0)   :  0.110 0.069 0.220 0.179 0.422 
 28    (0)   :  0.321 0.026 0.160 0.228 0.265 
 29    (0)   :  0.070 0.050 0.197 0.506 0.176 
 30    (0)   :  0.067 0.038 0.107 0.079 0.710 
 31    (0)   :  0.149 0.055 0.216 0.293 0.287 
 32    (0)   :  0.205 0.047 0.211 0.221 0.316 
 33    (0)   :  0.166 0.102 0.066 0.244 0.423 
 34    (0)   :  0.076 0.019 0.056 0.398 0.452 
 35    (0)   :  0.057 0.136 0.330 0.112 0.365 
 36    (0)   :  0.055 0.524 0.071 0.086 0.264 
 37    (0)   :  0.201 0.057 0.346 0.236 0.160 
 38    (0)   :  0.037 0.091 0.068 0.137 0.667 
 39    (0)   :  0.063 0.099 0.130 0.226 0.482 
 40    (0)   :  0.123 0.484 0.134 0.068 0.191 
 41    (0)   :  0.041 0.494 0.050 0.128 0.287 
 42    (0)   :  0.306 0.379 0.049 0.105 0.160 
 43    (0)   :  0.102 0.414 0.161 0.210 0.113 
 44    (0)   :  0.037 0.536 0.079 0.099 0.250 
 45    (0)   :  0.040 0.261 0.213 0.147 0.340 
 46    (0)   :  0.048 0.085 0.192 0.183 0.493 
 47    (0)   :  0.083 0.047 0.300 0.162 0.409 
 48    (0)   :  0.038 0.531 0.119 0.059 0.253 
 49    (0)   :  0.077 0.152 0.181 0.231 0.358 
 50    (0)   :  0.102 0.052 0.108 0.278 0.460 
 51    (0)   :  0.030 0.805 0.041 0.053 0.070 
 52    (0)   :  0.080 0.111 0.087 0.227 0.495 
 53    (0)   :  0.074 0.055 0.054 0.116 0.701 
 54    (0)   :  0.079 0.058 0.644 0.121 0.097 
 55    (0)   :  0.057 0.306 0.417 0.120 0.100 
 56    (0)   :  0.080 0.235 0.211 0.079 0.395 
 57    (0)   :  0.180 0.019 0.288 0.162 0.351 
 58    (0)   :  0.078 0.261 0.266 0.172 0.223 
 59    (0)   :  0.063 0.257 0.136 0.165 0.379 
 60    (0)   :  0.113 0.570 0.094 0.089 0.135 
 61    (0)   :  0.107 0.244 0.464 0.127 0.057 
 62    (0)   :  0.061 0.036 0.393 0.131 0.379 
 63    (0)   :  0.125 0.184 0.109 0.433 0.149 
 64    (0)   :  0.042 0.025 0.131 0.108 0.694 
 65    (0)   :  0.033 0.025 0.145 0.660 0.137 
 66    (0)   :  0.153 0.053 0.468 0.237 0.088 
 67    (0)   :  0.051 0.232 0.388 0.232 0.096 
 68    (0)   :  0.080 0.251 0.142 0.160 0.368 
 69    (0)   :  0.139 0.108 0.067 0.242 0.444 
 70    (0)   :  0.075 0.543 0.045 0.209 0.129 
 71    (0)   :  0.030 0.472 0.130 0.142 0.226 
 72    (0)   :  0.051 0.153 0.090 0.183 0.523 
 73    (0)   :  0.041 0.218 0.392 0.227 0.122 
 74    (0)   :  0.119 0.362 0.077 0.086 0.357 
 75    (0)   :  0.143 0.528 0.106 0.063 0.160 
 76    (0)   :  0.063 0.199 0.150 0.459 0.130 
 77    (0)   :  0.037 0.479 0.078 0.175 0.231 
 78    (0)   :  0.045 0.412 0.065 0.131 0.347 
 79    (0)   :  0.052 0.014 0.190 0.510 0.234 
 80    (0)   :  0.520 0.017 0.157 0.179 0.127 
 81    (0)   :  0.344 0.013 0.234 0.233 0.176 
 82    (0)   :  0.118 0.065 0.357 0.360 0.101 
 83    (0)   :  0.266 0.031 0.185 0.248 0.270 
 84    (0)   :  0.217 0.019 0.188 0.387 0.188 
 85    (0)   :  0.288 0.027 0.219 0.157 0.310 
 86    (0)   :  0.048 0.061 0.558 0.173 0.160 
 87    (0)   :  0.060 0.027 0.104 0.653 0.157 
 88    (0)   :  0.256 0.027 0.195 0.420 0.102 
 89    (0)   :  0.314 0.020 0.343 0.222 0.102 
 90    (0)   :  0.059 0.016 0.139 0.685 0.101 
 91    (0)   :  0.542 0.031 0.105 0.143 0.179 
 92    (0)   :  0.093 0.020 0.308 0.415 0.164 
 93    (0)   :  0.781 0.017 0.063 0.072 0.066 
 94    (0)   :  0.050 0.028 0.044 0.627 0.251 
 95    (0)   :  0.133 0.020 0.104 0.671 0.071 
 96    (0)   :  0.235 0.327 0.256 0.124 0.058 
 97    (0)   :  0.162 0.258 0.203 0.082 0.296 
 98    (0)   :  0.109 0.307 0.207 0.162 0.215 
 99    (0)   :  0.178 0.016 0.231 0.434 0.142 
100    (0)   :  0.526 0.027 0.311 0.076 0.060 
101    (0)   :  0.097 0.052 0.173 0.553 0.126 
102    (0)   :  0.383 0.070 0.101 0.333 0.113 
103    (0)   :  0.108 0.028 0.417 0.379 0.068 
104    (0)   :  0.078 0.034 0.120 0.681 0.087 
105    (0)   :  0.121 0.035 0.182 0.604 0.058 
106    (0)   :  0.027 0.027 0.059 0.625 0.262 
107    (0)   :  0.118 0.030 0.236 0.547 0.069 
108    (0)   :  0.042 0.324 0.322 0.107 0.206 
109    (0)   :  0.028 0.043 0.166 0.495 0.268 
110    (0)   :  0.030 0.020 0.041 0.717 0.191 
111    (0)   :  0.038 0.020 0.081 0.804 0.058 
112    (0)   :  0.029 0.032 0.050 0.797 0.092 
113    (0)   :  0.082 0.074 0.379 0.243 0.222 
114    (0)   :  0.100 0.027 0.138 0.656 0.079 
115    (0)   :  0.047 0.079 0.066 0.732 0.076 
116    (0)   :  0.030 0.122 0.118 0.406 0.324 
117    (0)   :  0.038 0.028 0.041 0.766 0.127 
118    (0)   :  0.037 0.029 0.585 0.268 0.081 
119    (0)   :  0.253 0.369 0.110 0.183 0.085 
120    (0)   :  0.050 0.036 0.113 0.716 0.085 
121    (0)   :  0.036 0.116 0.057 0.711 0.080 
122    (0)   :  0.037 0.023 0.088 0.629 0.223 
123    (0)   :  0.051 0.031 0.075 0.736 0.106 
124    (0)   :  0.039 0.080 0.085 0.524 0.272 
125    (0)   :  0.053 0.067 0.047 0.411 0.422 
126    (0)   :  0.065 0.090 0.084 0.586 0.175 
127    (0)   :  0.042 0.023 0.081 0.799 0.056 
128    (0)   :  0.041 0.032 0.542 0.313 0.072 
129    (0)   :  0.033 0.026 0.197 0.683 0.061 
130    (0)   :  0.101 0.018 0.223 0.571 0.088 
131    (0)   :  0.032 0.131 0.052 0.475 0.310 
132    (0)   :  0.029 0.028 0.136 0.630 0.177 
133    (0)   :  0.052 0.035 0.152 0.690 0.070 
134    (0)   :  0.023 0.016 0.042 0.790 0.129 
135    (0)   :  0.426 0.138 0.269 0.080 0.087 
136    (0)   :  0.690 0.017 0.155 0.047 0.090 
137    (0)   :  0.770 0.015 0.051 0.107 0.057 
138    (0)   :  0.794 0.026 0.053 0.051 0.077 
139    (0)   :  0.204 0.108 0.499 0.079 0.110 
140    (0)   :  0.507 0.066 0.117 0.157 0.153 
141    (0)   :  0.637 0.026 0.118 0.054 0.164 
142    (0)   :  0.472 0.184 0.195 0.078 0.071 
143    (0)   :  0.838 0.017 0.053 0.045 0.048 
144    (0)   :  0.774 0.017 0.053 0.105 0.051 
145    (0)   :  0.424 0.042 0.259 0.062 0.213 
146    (0)   :  0.512 0.042 0.097 0.184 0.164 
147    (0)   :  0.836 0.014 0.049 0.045 0.055 
148    (0)   :  0.536 0.048 0.205 0.112 0.100 
149    (0)   :  0.731 0.048 0.080 0.053 0.089 
150    (0)   :  0.572 0.023 0.137 0.193 0.076 
151    (0)   :  0.754 0.021 0.092 0.072 0.061 
152    (0)   :  0.447 0.088 0.229 0.091 0.146 
153    (0)   :  0.724 0.049 0.054 0.075 0.099 
154    (0)   :  0.675 0.029 0.161 0.051 0.083 
155    (0)   :  0.793 0.019 0.067 0.064 0.056 
156    (0)   :  0.649 0.098 0.100 0.105 0.048 
157    (0)   :  0.656 0.020 0.053 0.190 0.081 
158    (0)   :  0.538 0.032 0.166 0.057 0.207 
159    (0)   :  0.827 0.014 0.061 0.045 0.052 
160    (0)   :  0.789 0.014 0.095 0.045 0.056 
161    (0)   :  0.668 0.037 0.069 0.105 0.121 
162    (0)   :  0.390 0.047 0.208 0.160 0.195 
163    (0)   :  0.807 0.027 0.055 0.059 0.051 
164    (0)   :  0.425 0.024 0.291 0.146 0.114 
165    (0)   :  0.655 0.020 0.091 0.171 0.063 
166    (0)   :  0.534 0.057 0.082 0.212 0.115 
167    (0)   :  0.635 0.022 0.128 0.087 0.129 
168    (0)   :  0.695 0.049 0.063 0.066 0.127 
169    (0)   :  0.255 0.044 0.123 0.052 0.525 
170    (0)   :  0.668 0.065 0.114 0.092 0.061 
171    (0)   :  0.491 0.043 0.207 0.110 0.149 
172    (0)   :  0.469 0.181 0.080 0.051 0.220 
173    (0)   :  0.717 0.019 0.162 0.047 0.055 
174    (0)   :  0.772 0.015 0.079 0.068 0.066 
175    (0)   :  0.767 0.023 0.083 0.045 0.082 
176    (0)   :  0.773 0.017 0.053 0.106 0.051 
177    (0)   :  0.522 0.031 0.071 0.216 0.160 
178    (0)   :  0.648 0.017 0.147 0.071 0.118 
179    (0)   :  0.821 0.015 0.062 0.047 0.055 
180    (0)   :  0.601 0.040 0.093 0.106 0.160 
181    (0)   :  0.547 0.048 0.225 0.063 0.117 
182    (0)   :  0.603 0.028 0.262 0.054 0.053 
183    (0)   :  0.776 0.018 0.098 0.049 0.059 
184    (0)   :  0.038 0.020 0.749 0.078 0.115 
185    (0)   :  0.717 0.101 0.080 0.055 0.047 
186    (0)   :  0.043 0.024 0.570 0.249 0.115 
187    (0)   :  0.155 0.025 0.656 0.082 0.082 
188    (0)   :  0.032 0.022 0.701 0.161 0.084 
189    (0)   :  0.217 0.041 0.329 0.077 0.336 
190    (0)   :  0.183 0.333 0.391 0.054 0.039 
191    (0)   :  0.044 0.016 0.818 0.061 0.061 
192    (0)   :  0.215 0.024 0.484 0.181 0.096 
193    (0)   :  0.123 0.035 0.645 0.086 0.111 
194    (0)   :  0.239 0.060 0.347 0.265 0.090 
195    (0)   :  0.243 0.050 0.602 0.056 0.049 
196    (0)   :  0.123 0.139 0.601 0.080 0.057 
197    (0)   :  0.121 0.060 0.369 0.191 0.258 
198    (0)   :  0.130 0.043 0.446 0.187 0.194 
199    (0)   :  0.128 0.203 0.512 0.084 0.073 
200    (0)   :  0.087 0.085 0.659 0.068 0.100 
201    (0)   :  0.413 0.041 0.418 0.068 0.061 
202    (0)   :  0.567 0.101 0.182 0.099 0.051 
203    (0)   :  0.354 0.031 0.505 0.060 0.050 
204    (0)   :  0.082 0.040 0.778 0.055 0.044 
205    (0)   :  0.057 0.041 0.766 0.064 0.071 
206    (0)   :  0.077 0.025 0.791 0.056 0.050 
207    (0)   :  0.059 0.050 0.751 0.089 0.051 
208    (0)   :  0.152 0.048 0.688 0.061 0.051 
209    (0)   :  0.073 0.027 0.756 0.071 0.073 
210    (0)   :  0.093 0.029 0.745 0.079 0.053 
211    (0)   :  0.158 0.269 0.355 0.166 0.053 
212    (0)   :  0.503 0.051 0.282 0.069 0.095 
213    (0)   :  0.110 0.207 0.244 0.337 0.102 
214    (0)   :  0.487 0.051 0.333 0.066 0.062 
215    (0)   :  0.038 0.027 0.808 0.067 0.060 
216    (0)   :  0.057 0.030 0.652 0.115 0.146 
217    (0)   :  0.285 0.051 0.533 0.054 0.078 
218    (0)   :  0.060 0.019 0.790 0.064 0.066 
219    (0)   :  0.145 0.023 0.546 0.082 0.203 
220    (0)   :  0.045 0.020 0.829 0.059 0.047 
221    (0)   :  0.694 0.114 0.101 0.045 0.046 
222    (0)   :  0.094 0.028 0.537 0.130 0.210 
223    (0)   :  0.282 0.033 0.462 0.101 0.122 
224    (0)   :  0.248 0.028 0.602 0.069 0.053 
225    (0)   :  0.088 0.044 0.737 0.072 0.060 
226    (0)   :  0.084 0.030 0.623 0.064 0.199 
227    (0)   :  0.211 0.128 0.498 0.106 0.057 
228    (0)   :  0.212 0.114 0.569 0.059 0.047 
229    (0)   :  0.256 0.019 0.593 0.075 0.058 
230    (0)   :  0.171 0.022 0.689 0.068 0.050 
231    (0)   :  0.133 0.017 0.719 0.059 0.071 
232    (0)   :  0.271 0.089 0.333 0.156 0.151 
233    (0)   :  0.547 0.035 0.291 0.064 0.062 
234    (0)   :  0.120 0.023 0.617 0.123 0.118 
235    (0)   :  0.192 0.047 0.570 0.070 0.122 
236    (0)   :  0.300 0.033 0.500 0.085 0.082 
237    (0)   :  0.063 0.042 0.763 0.076 0.055 
238    (0)   :  0.512 0.055 0.239 0.114 0.080 
239    (0)   :  0.236 0.049 0.611 0.055 0.048 
240    (0)   :  0.512 0.052 0.241 0.115 0.080 
241    (0)   :  0.470 0.049 0.347 0.069 0.065 
242    (0)   :  0.092 0.028 0.692 0.064 0.125 
243    (0)   :  0.124 0.132 0.641 0.061 0.044 
244    (0)   :  0.262 0.027 0.601 0.062 0.049 
245    (0)   :  0.723 0.048 0.100 0.074 0.055 
246    (0)   :  0.279 0.051 0.540 0.054 0.076 
247    (0)   :  0.045 0.062 0.227 0.521 0.144 
248    (0)   :  0.039 0.039 0.751 0.107 0.064 
249    (0)   :  0.313 0.038 0.510 0.080 0.060 
250    (0)   :  0.191 0.024 0.620 0.091 0.073 
251    (0)   :  0.062 0.036 0.631 0.091 0.180 
252    (0)   :  0.153 0.039 0.654 0.081 0.073 
253    (0)   :  0.077 0.092 0.492 0.206 0.133 
254    (0)   :  0.084 0.028 0.670 0.095 0.123 
255    (0)   :  0.116 0.025 0.685 0.080 0.096 
256    (0)   :  0.212 0.059 0.587 0.073 0.068 
257    (0)   :  0.090 0.034 0.721 0.089 0.066 
258    (0)   :  0.081 0.085 0.593 0.153 0.087 
259    (0)   :  0.116 0.030 0.691 0.098 0.066 
260    (0)   :  0.277 0.028 0.385 0.130 0.180 
261    (0)   :  0.290 0.063 0.492 0.080 0.075 
262    (0)   :  0.280 0.154 0.462 0.048 0.057 
263    (0)   :  0.047 0.026 0.797 0.067 0.063 
264    (0)   :  0.035 0.039 0.347 0.109 0.470 
265    (0)   :  0.094 0.026 0.721 0.063 0.096 
266    (0)   :  0.682 0.074 0.146 0.050 0.047 
267    (0)   :  0.146 0.038 0.626 0.108 0.083 
268    (0)   :  0.121 0.130 0.610 0.081 0.058 
269    (0)   :  0.135 0.023 0.545 0.072 0.224 
270    (0)   :  0.054 0.024 0.707 0.102 0.113 
271    (0)   :  0.057 0.044 0.728 0.097 0.074 
272    (0)   :  0.061 0.052 0.674 0.070 0.144 
273    (0)   :  0.145 0.042 0.583 0.092 0.138 
274    (0)   :  0.068 0.025 0.719 0.074 0.115 
275    (0)   :  0.072 0.023 0.751 0.057 0.097 
276    (0)   :  0.065 0.099 0.604 0.088 0.144 
277    (0)   :  0.190 0.027 0.570 0.096 0.117 
278    (0)   :  0.049 0.041 0.786 0.064 0.059 
279    (0)   :  0.110 0.030 0.688 0.083 0.089 
280    (0)   :  0.117 0.060 0.509 0.079 0.234 
281    (0)   :  0.073 0.028 0.710 0.101 0.088 
282    (0)   :  0.439 0.026 0.324 0.098 0.113 
283    (0)   :  0.525 0.029 0.277 0.094 0.075 
284    (0)   :  0.232 0.046 0.442 0.192 0.088 
285    (0)   :  0.032 0.099 0.624 0.133 0.111 
286    (0)   :  0.261 0.027 0.601 0.061 0.050 
287    (0)   :  0.109 0.022 0.626 0.085 0.158 
288    (0)   :  0.050 0.024 0.746 0.058 0.122 
289    (0)   :  0.070 0.043 0.654 0.119 0.114 
290    (0)   :  0.112 0.218 0.307 0.109 0.255 
291    (0)   :  0.059 0.045 0.724 0.098 0.075 
292    (0)   :  0.178 0.150 0.397 0.076 0.200 
293    (0)   :  0.066 0.199 0.220 0.144 0.371 
294    (0)   :  0.044 0.034 0.790 0.061 0.071 
295    (0)   :  0.122 0.099 0.484 0.116 0.178 
296    (0)   :  0.048 0.026 0.803 0.067 0.056 
297    (0)   :  0.071 0.036 0.553 0.089 0.251 
298    (0)   :  0.294 0.021 0.471 0.112 0.101 
299    (0)   :  0.051 0.019 0.779 0.074 0.078 
300    (0)   :  0.047 0.047 0.732 0.080 0.093 
301    (0)   :  0.051 0.022 0.695 0.076 0.156 
302    (0)   :  0.049 0.055 0.761 0.065 0.070 
303    (0)   :  0.314 0.052 0.431 0.093 0.111 
304    (0)   :  0.390 0.028 0.149 0.177 0.256 
305    (0)   :  0.121 0.039 0.736 0.048 0.057 
306    (0)   :  0.312 0.043 0.465 0.062 0.117 
307    (0)   :  0.190 0.039 0.561 0.115 0.095 
308    (0)   :  0.293 0.060 0.492 0.079 0.076 
309    (0)   :  0.047 0.033 0.778 0.085 0.057 
310    (0)   :  0.182 0.067 0.640 0.060 0.051 
311    (0)   :  0.172 0.023 0.688 0.068 0.049 
312    (0)   :  0.051 0.028 0.784 0.089 0.047 
313    (0)   :  0.041 0.087 0.740 0.081 0.051 
314    (0)   :  0.837 0.026 0.046 0.042 0.050 
315    (0)   :  0.796 0.036 0.042 0.055 0.071 
316    (0)   :  0.778 0.024 0.049 0.056 0.093 
317    (0)   :  0.849 0.015 0.043 0.042 0.052 
318    (0)   :  0.850 0.012 0.042 0.042 0.055 
319    (0)   :  0.824 0.016 0.065 0.045 0.050 
320    (0)   :  0.838 0.026 0.045 0.042 0.049 
321    (0)   :  0.843 0.014 0.043 0.043 0.058 
322    (0)   :  0.764 0.039 0.053 0.059 0.085 
323    (0)   :  0.844 0.013 0.046 0.043 0.054 
324    (0)   :  0.843 0.013 0.043 0.043 0.058 
325    (0)   :  0.801 0.020 0.040 0.053 0.086 
326    (0)   :  0.809 0.022 0.036 0.052 0.081 
327    (0)   :  0.847 0.015 0.044 0.043 0.052 
328    (0)   :  0.788 0.026 0.048 0.058 0.080 
329    (0)   :  0.853 0.012 0.042 0.043 0.051 
330    (0)   :  0.848 0.014 0.042 0.043 0.052 
331    (0)   :  0.846 0.012 0.048 0.043 0.051 
332    (0)   :  0.791 0.019 0.038 0.055 0.097 
333    (0)   :  0.803 0.024 0.042 0.055 0.076 
334    (0)   :  0.785 0.026 0.049 0.059 0.081 
335    (0)   :  0.804 0.029 0.042 0.057 0.068 
336    (0)   :  0.840 0.018 0.041 0.043 0.058 
337    (0)   :  0.789 0.024 0.042 0.056 0.089 
338    (0)   :  0.848 0.011 0.040 0.042 0.058 
339    (0)   :  0.845 0.012 0.048 0.043 0.051 
340    (0)   :  0.849 0.013 0.049 0.043 0.046 
341    (0)   :  0.839 0.013 0.052 0.043 0.053 
342    (0)   :  0.848 0.015 0.043 0.043 0.052 
343    (0)   :  0.773 0.048 0.042 0.059 0.079 
344    (0)   :  0.854 0.012 0.041 0.042 0.051 
345    (0)   :  0.848 0.015 0.044 0.042 0.051 
346    (0)   :  0.855 0.013 0.041 0.041 0.050 
347    (0)   :  0.858 0.013 0.042 0.042 0.046 
348    (0)   :  0.776 0.059 0.045 0.055 0.065 
349    (0)   :  0.849 0.015 0.043 0.043 0.051 
350    (0)   :  0.822 0.020 0.063 0.044 0.051 
351    (0)   :  0.804 0.028 0.042 0.056 0.070 
352    (0)   :  0.799 0.028 0.041 0.055 0.076 
353    (0)   :  0.838 0.018 0.042 0.043 0.060 
354    (0)   :  0.841 0.012 0.051 0.043 0.053 
355    (0)   :  0.849 0.012 0.041 0.042 0.056 
356    (0)   :  0.757 0.074 0.046 0.059 0.065 
357    (0)   :  0.482 0.022 0.093 0.094 0.309 
358    (0)   :  0.804 0.020 0.039 0.056 0.081 
359    (0)   :  0.846 0.012 0.046 0.043 0.053 
360    (0)   :  0.856 0.013 0.041 0.041 0.049 
361    (0)   :  0.423 0.032 0.116 0.104 0.325 
362    (0)   :  0.055 0.034 0.248 0.257 0.406 
363    (0)   :  0.041 0.041 0.096 0.325 0.497 
364    (0)   :  0.220 0.031 0.255 0.141 0.354 
365    (0)   :  0.045 0.032 0.116 0.105 0.703 
366    (0)   :  0.107 0.199 0.163 0.106 0.425 
367    (0)   :  0.028 0.017 0.042 0.660 0.253 
368    (0)   :  0.052 0.017 0.311 0.471 0.150 
369    (0)   :  0.265 0.192 0.133 0.138 0.272 
370    (0)   :  0.063 0.030 0.303 0.490 0.114 
371    (0)   :  0.079 0.038 0.444 0.156 0.283 
372    (0)   :  0.067 0.033 0.646 0.161 0.093 
373    (0)   :  0.099 0.025 0.144 0.430 0.301 
374    (0)   :  0.270 0.025 0.194 0.164 0.347 
375    (0)   :  0.038 0.020 0.123 0.392 0.428 
376    (0)   :  0.032 0.016 0.043 0.106 0.802 
377    (0)   :  0.055 0.035 0.285 0.238 0.388 
378    (0)   :  0.185 0.020 0.128 0.570 0.097 
379    (0)   :  0.030 0.026 0.052 0.112 0.780 
380    (0)   :  0.104 0.061 0.116 0.065 0.654 
381    (0)   :  0.096 0.074 0.065 0.060 0.705 
382    (0)   :  0.043 0.015 0.085 0.354 0.503 
383    (0)   :  0.093 0.021 0.104 0.055 0.726 
384    (0)   :  0.093 0.028 0.135 0.155 0.589 
385    (0)   :  0.142 0.014 0.349 0.256 0.238 
386    (0)   :  0.039 0.023 0.074 0.363 0.501 
387    (0)   :  0.050 0.028 0.073 0.321 0.527 
388    (0)   :  0.179 0.019 0.351 0.216 0.236 
389    (0)   :  0.041 0.077 0.674 0.125 0.083 
390    (0)   :  0.041 0.170 0.068 0.412 0.309 
391    (0)   :  0.084 0.108 0.153 0.472 0.183 
392    (0)   :  0.084 0.026 0.108 0.128 0.655 
393    (0)   :  0.068 0.086 0.048 0.074 0.724 
394    (0)   :  0.241 0.023 0.150 0.276 0.310 
395    (0)   :  0.048 0.231 0.138 0.277 0.306 
396    (0)   :  0.029 0.018 0.102 0.375 0.476 
397    (0)   :  0.083 0.024 0.625 0.087 0.180 
398    (0)   :  0.032 0.024 0.052 0.192 0.700 
399    (0)   :  0.041 0.049 0.077 0.610 0.223 
400    (0)   :  0.059 0.025 0.056 0.322 0.538 
401    (0)   :  0.065 0.075 0.062 0.632 0.165 
402    (0)   :  0.068 0.110 0.201 0.305 0.316 
403    (0)   :  0.351 0.029 0.195 0.222 0.203 
404    (0)   :  0.097 0.030 0.159 0.261 0.453 
405    (0)   :  0.079 0.044 0.164 0.180 0.533 
406    (0)   :  0.078 0.604 0.053 0.066 0.199 
407    (0)   :  0.029 0.018 0.054 0.095 0.803 
408    (0)   :  0.029 0.093 0.091 0.711 0.077 
409    (0)   :  0.240 0.375 0.053 0.124 0.208 
410    (0)   :  0.085 0.038 0.097 0.227 0.553 
411    (0)   :  0.155 0.080 0.063 0.132 0.570 
412    (0)   :  0.047 0.016 0.245 0.475 0.217 
413    (0)   :  0.143 0.020 0.248 0.411 0.179 
414    (0)   :  0.031 0.017 0.206 0.527 0.219 
415    (0)   :  0.047 0.059 0.063 0.124 0.707 
416    (0)   :  0.079 0.057 0.099 0.248 0.518 
417    (0)   :  0.038 0.020 0.055 0.142 0.746 
418    (0)   :  0.034 0.014 0.077 0.564 0.310 
419    (0)   :  0.176 0.099 0.098 0.356 0.271 
420    (0)   :  0.040 0.195 0.053 0.535 0.177 
421    (0)   :  0.045 0.024 0.091 0.310 0.530 
422    (0)   :  0.046 0.125 0.281 0.114 0.435 
423    (0)   :  0.053 0.033 0.119 0.166 0.629 
424    (0)   :  0.063 0.089 0.050 0.661 0.137 
425    (0)   :  0.085 0.038 0.245 0.190 0.441 
426    (0)   :  0.082 0.024 0.098 0.567 0.229 
427    (0)   :  0.117 0.034 0.049 0.179 0.621 
428    (0)   :  0.130 0.101 0.202 0.106 0.461 
429    (0)   :  0.028 0.015 0.047 0.247 0.664 
430    (0)   :  0.036 0.026 0.061 0.127 0.750 
431    (0)   :  0.063 0.024 0.246 0.445 0.222 
432    (0)   :  0.057 0.020 0.264 0.484 0.174 
433    (0)   :  0.275 0.041 0.265 0.313 0.106 
434    (0)   :  0.107 0.037 0.269 0.169 0.419 
435    (0)   :  0.031 0.030 0.045 0.154 0.740 
436    (0)   :  0.054 0.040 0.031 0.174 0.701 
437    (0)   :  0.034 0.017 0.061 0.095 0.792 
438    (0)   :  0.071 0.277 0.044 0.281 0.328 
439    (0)   :  0.042 0.022 0.032 0.104 0.799 
440    (0)   :  0.025 0.027 0.034 0.127 0.787 
441    (0)   :  0.091 0.026 0.061 0.183 0.638 
442    (0)   :  0.036 0.036 0.069 0.262 0.596 
443    (0)   :  0.032 0.123 0.044 0.578 0.223 
444    (0)   :  0.036 0.047 0.060 0.184 0.674 
445    (0)   :  0.133 0.172 0.070 0.122 0.503 
446    (0)   :  0.037 0.026 0.038 0.308 0.591 
447    (0)   :  0.075 0.084 0.062 0.166 0.613 
448    (0)   :  0.036 0.028 0.057 0.175 0.704 
449    (0)   :  0.061 0.030 0.069 0.163 0.677 
450    (0)   :  0.063 0.014 0.052 0.134 0.736 
451    (0)   :  0.026 0.029 0.081 0.689 0.175 
452    (0)   :  0.051 0.015 0.046 0.120 0.768 
453    (0)   :  0.062 0.469 0.068 0.286 0.115 
454    (0)   :  0.071 0.024 0.071 0.155 0.678 
455    (0)   :  0.036 0.102 0.036 0.249 0.576 
456    (0)   :  0.033 0.122 0.062 0.188 0.594 
457    (0)   :  0.037 0.019 0.049 0.085 0.810 
458    (0)   :  0.041 0.021 0.047 0.117 0.773 
459    (0)   :  0.098 0.042 0.032 0.477 0.352 
460    (0)   :  0.035 0.027 0.032 0.430 0.476 
461    (0)   :  0.035 0.014 0.033 0.617 0.301 
462    (0)   :  0.025 0.055 0.079 0.304 0.536 
463    (0)   :  0.050 0.500 0.064 0.137 0.249 
464    (0)   :  0.033 0.066 0.039 0.453 0.409 
465    (0)   :  0.043 0.040 0.054 0.642 0.221 
466    (0)   :  0.036 0.195 0.055 0.450 0.265 
467    (0)   :  0.063 0.062 0.071 0.281 0.523 
468    (0)   :  0.032 0.059 0.045 0.076 0.788 
469    (0)   :  0.036 0.025 0.031 0.078 0.830 
470    (0)   :  0.032 0.025 0.035 0.178 0.730 
471    (0)   :  0.038 0.188 0.108 0.212 0.454 
472    (0)   :  0.044 0.072 0.081 0.305 0.498 
473    (0)   :  0.065 0.035 0.116 0.173 0.611 
474    (0)   :  0.054 0.035 0.052 0.132 0.727 
475    (0)   :  0.070 0.034 0.051 0.604 0.241 
476    (0)   :  0.042 0.033 0.038 0.121 0.765 
477    (0)   :  0.062 0.047 0.051 0.655 0.185 
478    (0)   :  0.031 0.019 0.040 0.789 0.121 
479    (0)   :  0.031 0.020 0.036 0.198 0.715 
480    (0)   :  0.035 0.017 0.036 0.084 0.829 
481    (0)   :  0.036 0.037 0.191 0.162 0.574 
482    (0)   :  0.030 0.015 0.035 0.180 0.739 
483    (0)   :  0.045 0.033 0.034 0.203 0.685 
484    (0)   :  0.048 0.194 0.070 0.198 0.489 
485    (0)   :  0.035 0.054 0.033 0.177 0.702 
486    (0)   :  0.051 0.086 0.469 0.213 0.181 
487    (0)   :  0.126 0.048 0.453 0.149 0.225 
488    (0)   :  0.087 0.036 0.404 0.354 0.118 
489    (0)   :  0.165 0.124 0.431 0.085 0.194 
490    (0)   :  0.036 0.063 0.142 0.560 0.199 
491    (0)   :  0.088 0.030 0.698 0.092 0.092 
492    (0)   :  0.296 0.080 0.104 0.421 0.099 
493    (0)   :  0.050 0.030 0.699 0.115 0.106 
494    (0)   :  0.087 0.039 0.563 0.120 0.192 
495    (0)   :  0.177 0.063 0.136 0.496 0.128 
496    (0)   :  0.379 0.070 0.202 0.229 0.121 
497    (0)   :  0.065 0.016 0.742 0.084 0.092 
498    (0)   :  0.092 0.134 0.245 0.359 0.171 
499    (0)   :  0.183 0.037 0.559 0.085 0.136 
500    (0)   :  0.050 0.027 0.570 0.087 0.267 
501    (0)   :  0.211 0.034 0.198 0.242 0.315 
502    (0)   :  0.249 0.021 0.146 0.419 0.165 
503    (0)   :  0.042 0.026 0.180 0.142 0.610 
504    (0)   :  0.049 0.041 0.110 0.712 0.087 
505    (0)   :  0.097 0.096 0.561 0.139 0.107 
506    (0)   :  0.182 0.029 0.313 0.328 0.148 
507    (0)   :  0.607 0.055 0.212 0.060 0.065 
508    (0)   :  0.540 0.111 0.207 0.079 0.063 
509    (0)   :  0.134 0.053 0.608 0.116 0.090 
510    (0)   :  0.256 0.032 0.278 0.144 0.290 
511    (0)   :  0.057 0.051 0.145 0.162 0.584 
512    (0)   :  0.035 0.020 0.108 0.175 0.662 
513    (0)   :  0.067 0.080 0.369 0.439 0.045 
514    (0)   :  0.073 0.032 0.169 0.612 0.114 
515    (0)   :  0.147 0.090 0.152 0.134 0.476 
516    (0)   :  0.066 0.064 0.224 0.562 0.084 
517    (0)   :  0.152 0.201 0.123 0.252 0.272 
518    (0)   :  0.112 0.019 0.646 0.070 0.153 
519    (0)   :  0.073 0.031 0.077 0.716 0.103 
520    (0)   :  0.257 0.287 0.104 0.081 0.272 
521    (0)   :  0.356 0.044 0.172 0.326 0.102 
522    (0)   :  0.049 0.209 0.106 0.114 0.522 
523    (0)   :  0.158 0.455 0.111 0.179 0.097 
524    (0)   :  0.086 0.096 0.133 0.133 0.552 
525    (0)   :  0.203 0.061 0.254 0.088 0.394 
526    (0)   :  0.072 0.542 0.068 0.077 0.240 
527    (0)   :  0.052 0.023 0.305 0.242 0.377 
528    (0)   :  0.505 0.047 0.246 0.122 0.081 
529    (0)   :  0.078 0.022 0.692 0.117 0.090 
530    (0)   :  0.084 0.101 0.104 0.106 0.605 
531    (0)   :  0.402 0.070 0.083 0.132 0.313 
532    (0)   :  0.255 0.058 0.342 0.147 0.198 
533    (0)   :  0.069 0.080 0.324 0.101 0.426 
534    (0)   :  0.082 0.088 0.621 0.155 0.054 
535    (0)   :  0.074 0.339 0.072 0.328 0.187 
536    (0)   :  0.178 0.182 0.128 0.183 0.328 
537    (0)   :  0.297 0.354 0.115 0.119 0.113 
538    (0)   :  0.221 0.209 0.216 0.182 0.172 
539    (0)   :  0.666 0.051 0.136 0.070 0.077 
540    (0)   :  0.227 0.159 0.226 0.146 0.242 
541    (0)   :  0.513 0.047 0.138 0.149 0.153 
542    (0)   :  0.052 0.502 0.138 0.082 0.227 
543    (0)   :  0.202 0.225 0.147 0.336 0.090 
544    (0)   :  0.094 0.544 0.090 0.121 0.150 
545    (0)   :  0.035 0.665 0.052 0.112 0.136 
546    (0)   :  0.136 0.265 0.304 0.127 0.168 
547    (0)   :  0.099 0.677 0.046 0.107 0.069 
548    (0)   :  0.189 0.024 0.623 0.091 0.072 
549    (0)   :  0.407 0.254 0.049 0.084 0.206 
550    (0)   :  0.054 0.517 0.043 0.157 0.229 
551    (0)   :  0.615 0.062 0.064 0.135 0.124 
552    (0)   :  0.173 0.167 0.417 0.094 0.149 
553    (0)   :  0.172 0.564 0.086 0.127 0.052 
554    (0)   :  0.149 0.075 0.179 0.262 0.335 
555    (0)   :  0.385 0.191 0.197 0.126 0.102 
556    (0)   :  0.158 0.255 0.264 0.178 0.145 
557    (0)   :  0.089 0.385 0.045 0.229 0.253 
558    (0)   :  0.032 0.013 0.031 0.174 0.750 
559    (0)   :  0.048 0.038 0.336 0.462 0.115 
560    (0)   :  0.024 0.031 0.047 0.549 0.349 
561    (0)   :  0.033 0.042 0.094 0.469 0.362 
562    (0)   :  0.024 0.053 0.108 0.570 0.244 
563    (0)   :  0.134 0.045 0.041 0.664 0.116 
564    (0)   :  0.053 0.070 0.498 0.231 0.148 
565    (0)   :  0.036 0.017 0.046 0.088 0.813 
566    (0)   :  0.025 0.021 0.043 0.655 0.255 
567    (0)   :  0.035 0.038 0.520 0.275 0.133 
568    (0)   :  0.053 0.055 0.119 0.570 0.203 
569    (0)   :  0.056 0.121 0.092 0.298 0.435 
570    (0)   :  0.026 0.014 0.051 0.152 0.756 
571    (0)   :  0.041 0.021 0.072 0.744 0.121 
572    (0)   :  0.161 0.415 0.138 0.100 0.187 
573    (0)   :  0.050 0.058 0.411 0.190 0.290 
574    (0)   :  0.125 0.034 0.120 0.130 0.591 
575    (0)   :  0.088 0.033 0.071 0.652 0.157 
576    (0)   :  0.026 0.016 0.056 0.677 0.226 
577    (0)   :  0.114 0.028 0.137 0.201 0.520 
578    (0)   :  0.042 0.028 0.073 0.617 0.241 
579    (0)   :  0.037 0.032 0.184 0.371 0.376 
580    (0)   :  0.066 0.020 0.096 0.166 0.651 
581    (0)   :  0.052 0.021 0.065 0.308 0.554 
582    (0)   :  0.030 0.036 0.045 0.298 0.592 
583    (0)   :  0.040 0.021 0.136 0.588 0.216 
584    (0)   :  0.031 0.016 0.067 0.656 0.230 
585    (0)   :  0.036 0.024 0.064 0.519 0.356 
586    (0)   :  0.051 0.027 0.097 0.735 0.090 
587    (0)   :  0.028 0.050 0.172 0.270 0.480 
588    (0)   :  0.034 0.101 0.739 0.078 0.048 
589    (0)   :  0.032 0.073 0.065 0.160 0.670 
590    (0)   :  0.036 0.023 0.170 0.656 0.115 
591    (0)   :  0.043 0.019 0.105 0.708 0.125 
592    (0)   :  0.034 0.094 0.108 0.547 0.217 
593    (0)   :  0.066 0.038 0.128 0.426 0.343 
594    (0)   :  0.075 0.023 0.320 0.457 0.124 
595    (0)   :  0.027 0.016 0.248 0.204 0.506 
596    (0)   :  0.062 0.146 0.270 0.259 0.264 
597    (0)   :  0.186 0.055 0.072 0.618 0.068 
598    (0)   :  0.029 0.015 0.036 0.108 0.812 
599    (0)   :  0.027 0.045 0.072 0.625 0.231 
600    (0)   :  0.082 0.040 0.108 0.160 0.610 
601    (0)   :  0.028 0.039 0.060 0.455 0.419 
602    (0)   :  0.090 0.022 0.576 0.176 0.136 
603    (0)   :  0.098 0.024 0.475 0.286 0.117 
604    (0)   :  0.088 0.031 0.160 0.128 0.594 
605    (0)   :  0.050 0.050 0.201 0.387 0.312 
606    (0)   :  0.138 0.049 0.314 0.240 0.258 
607    (0)   :  0.174 0.017 0.374 0.111 0.324 
608    (0)   :  0.430 0.025 0.093 0.170 0.281 
609    (0)   :  0.065 0.040 0.091 0.207 0.598 
610    (0)   :  0.049 0.092 0.101 0.136 0.623 
611    (0)   :  0.126 0.050 0.331 0.341 0.151 
612    (0)   :  0.041 0.035 0.050 0.087 0.787 
613    (0)   :  0.061 0.066 0.287 0.189 0.398 
614    (0)   :  0.035 0.021 0.102 0.064 0.779 
615    (0)   :  0.062 0.025 0.104 0.073 0.737 
616    (0)   :  0.121 0.017 0.406 0.143 0.313 
617    (0)   :  0.040 0.052 0.182 0.185 0.542 
618    (0)   :  0.118 0.045 0.177 0.069 0.590 
619    (0)   :  0.135 0.089 0.187 0.319 0.270 
620    (0)   :  0.025 0.088 0.165 0.565 0.157 
621    (0)   :  0.041 0.016 0.095 0.525 0.324 
622    (0)   :  0.094 0.071 0.298 0.095 0.442 
623    (0)   :  0.045 0.037 0.237 0.433 0.248 
624    (0)   :  0.116 0.022 0.066 0.091 0.705 
625    (0)   :  0.127 0.020 0.109 0.212 0.531 
626    (0)   :  0.350 0.163 0.096 0.069 0.322 
627    (0)   :  0.059 0.040 0.277 0.352 0.272 
628    (0)   :  0.053 0.029 0.427 0.288 0.203 
629    (0)   :  0.073 0.024 0.276 0.304 0.324 
630    (0)   :  0.053 0.032 0.096 0.151 0.669 
631    (0)   :  0.055 0.019 0.235 0.130 0.561 
632    (0)   :  0.236 0.065 0.382 0.118 0.199 
633    (0)   :  0.105 0.022 0.141 0.135 0.597 
634    (0)   :  0.152 0.052 0.329 0.191 0.276 
635    (0)   :  0.402 0.026 0.249 0.104 0.219 
636    (0)   :  0.217 0.027 0.078 0.164 0.514 
637    (0)   :  0.103 0.246 0.177 0.197 0.277 
638    (0)   :  0.095 0.019 0.433 0.220 0.233 
639    (0)   :  0.085 0.024 0.232 0.094 0.566 
640    (0)   :  0.057 0.015 0.123 0.578 0.228 
641    (0)   :  0.063 0.020 0.440 0.140 0.338 
642    (0)   :  0.503 0.070 0.120 0.163 0.144 
643    (0)   :  0.730 0.022 0.065 0.101 0.082 
644    (0)   :  0.561 0.027 0.134 0.184 0.093 
645    (0)   :  0.394 0.042 0.130 0.050 0.384 
646    (0)   :  0.121 0.085 0.332 0.287 0.175 
647    (0)   :  0.337 0.059 0.185 0.319 0.101 
648    (0)   :  0.220 0.079 0.468 0.082 0.151 
649    (0)   :  0.124 0.110 0.544 0.148 0.074 
650    (0)   :  0.151 0.054 0.365 0.337 0.093 
651    (0)   :  0.270 0.017 0.519 0.108 0.086 
652    (0)   :  0.524 0.028 0.214 0.125 0.109 
653    (0)   :  0.326 0.068 0.363 0.094 0.149 
654    (0)   :  0.455 0.133 0.189 0.107 0.115 
655    (0)   :  0.501 0.031 0.083 0.279 0.106 
656    (0)   :  0.183 0.089 0.458 0.112 0.157 
657    (0)   :  0.163 0.026 0.287 0.126 0.397 
658    (0)   :  0.215 0.087 0.122 0.405 0.171 
659    (0)   :  0.461 0.088 0.178 0.114 0.159 
660    (0)   :  0.499 0.048 0.265 0.111 0.077 
661    (0)   :  0.537 0.137 0.119 0.083 0.124 
662    (0)   :  0.087 0.194 0.501 0.158 0.061 
663    (0)   :  0.386 0.029 0.352 0.119 0.114 
664    (0)   :  0.224 0.053 0.070 0.452 0.201 
665    (0)   :  0.105 0.118 0.573 0.126 0.079 
666    (0)   :  0.425 0.076 0.232 0.137 0.129 
667    (0)   :  0.089 0.043 0.408 0.318 0.142 
668    (0)   :  0.429 0.061 0.148 0.168 0.194 
669    (0)   :  0.125 0.035 0.675 0.093 0.072 
670    (0)   :  0.758 0.022 0.107 0.058 0.055 
671    (0)   :  0.597 0.035 0.193 0.103 0.072 
672    (0)   :  0.664 0.047 0.039 0.157 0.093 
673    (0)   :  0.838 0.012 0.047 0.046 0.056 
674    (0)   :  0.612 0.030 0.170 0.071 0.116 
675    (0)   :  0.775 0.017 0.051 0.106 0.051 
676    (0)   :  0.844 0.015 0.043 0.046 0.053 
677    (0)   :  0.703 0.103 0.092 0.053 0.049 
678    (0)   :  0.837 0.012 0.045 0.051 0.056 
679    (0)   :  0.678 0.013 0.121 0.068 0.121 
680    (0)   :  0.751 0.024 0.079 0.053 0.094 
681    (0)   :  0.234 0.308 0.136 0.086 0.235 
682    (0)   :  0.784 0.023 0.045 0.056 0.093 
683    (0)   :  0.798 0.026 0.070 0.056 0.051 
684    (0)   :  0.832 0.014 0.047 0.052 0.055 
685    (0)   :  0.849 0.016 0.044 0.044 0.047 
686    (0)   :  0.650 0.108 0.087 0.066 0.089 
687    (0)   :  0.592 0.052 0.193 0.096 0.066 
688    (0)   :  0.773 0.019 0.068 0.075 0.065 
689    (0)   :  0.843 0.014 0.051 0.042 0.050 
690    (0)   :  0.844 0.014 0.044 0.046 0.052 
691    (0)   :  0.704 0.023 0.098 0.067 0.108 
692    (0)   :  0.768 0.014 0.072 0.071 0.075 
693    (0)   :  0.766 0.017 0.050 0.091 0.076 
694    (0)   :  0.853 0.017 0.044 0.042 0.044 
695    (0)   :  0.801 0.038 0.037 0.055 0.068 
696    (0)   :  0.774 0.019 0.067 0.075 0.065 
697    (0)   :  0.821 0.019 0.062 0.044 0.054 
698    (0)   :  0.832 0.015 0.054 0.046 0.053 
699    (0)   :  0.716 0.121 0.047 0.054 0.062 
700    (0)   :  0.713 0.066 0.057 0.083 0.081 
701    (0)   :  0.650 0.034 0.145 0.068 0.103 
702    (0)   :  0.670 0.054 0.067 0.095 0.114 
703    (0)   :  0.770 0.025 0.053 0.056 0.096 
704    (0)   :  0.776 0.028 0.066 0.070 0.059 
705    (0)   :  0.352 0.304 0.143 0.082 0.119 
706    (0)   :  0.779 0.035 0.053 0.050 0.083 
707    (0)   :  0.805 0.026 0.067 0.046 0.056 
708    (0)   :  0.818 0.017 0.066 0.046 0.052 
709    (0)   :  0.806 0.049 0.041 0.050 0.054 
710    (0)   :  0.854 0.018 0.039 0.042 0.047 
711    (0)   :  0.714 0.068 0.083 0.053 0.082 
712    (0)   :  0.773 0.067 0.072 0.044 0.045 
713    (0)   :  0.780 0.021 0.069 0.072 0.058 
714    (0)   :  0.605 0.019 0.186 0.074 0.117 
715    (0)   :  0.827 0.039 0.046 0.043 0.045 
716    (0)   :  0.801 0.033 0.039 0.049 0.077 
717    (0)   :  0.847 0.023 0.040 0.043 0.046 
718    (0)   :  0.668 0.047 0.137 0.058 0.090 
719    (0)   :  0.830 0.034 0.045 0.046 0.045 
720    (0)   :  0.044 0.020 0.214 0.416 0.306 
721    (0)   :  0.520 0.031 0.118 0.079 0.251 
722    (0)   :  0.077 0.043 0.125 0.142 0.612 
723    (0)   :  0.065 0.016 0.157 0.105 0.658 
724    (0)   :  0.176 0.025 0.112 0.090 0.597 
725    (0)   :  0.178 0.028 0.419 0.190 0.185 
726    (0)   :  0.113 0.056 0.179 0.106 0.546 
727    (0)   :  0.209 0.215 0.182 0.131 0.264 
728    (0)   :  0.025 0.020 0.041 0.061 0.854 
729    (0)   :  0.027 0.015 0.048 0.072 0.837 
730    (0)   :  0.042 0.016 0.182 0.216 0.544 
731    (0)   :  0.059 0.022 0.062 0.102 0.755 
732    (0)   :  0.063 0.015 0.158 0.103 0.660 
733    (0)   :  0.037 0.013 0.059 0.084 0.806 
734    (0)   :  0.027 0.015 0.052 0.136 0.770 
735    (0)   :  0.045 0.012 0.053 0.064 0.826 
736    (0)   :  0.052 0.020 0.071 0.233 0.625 
737    (0)   :  0.053 0.048 0.162 0.186 0.551 
738    (0)   :  0.045 0.017 0.186 0.137 0.614 
739    (0)   :  0.035 0.014 0.052 0.088 0.811 
740    (0)   :  0.418 0.020 0.423 0.062 0.078 
741    (0)   :  0.428 0.039 0.276 0.117 0.141 
742    (0)   :  0.151 0.016 0.059 0.624 0.150 
743    (0)   :  0.064 0.016 0.583 0.188 0.148 
744    (0)   :  0.079 0.139 0.347 0.344 0.090 
745    (0)   :  0.036 0.047 0.138 0.649 0.130 
746    (0)   :  0.187 0.024 0.351 0.211 0.228 
747    (0)   :  0.076 0.027 0.291 0.467 0.139 
748    (0)   :  0.418 0.015 0.181 0.290 0.096 
749    (0)   :  0.094 0.032 0.557 0.204 0.112 
750    (0)   :  0.064 0.018 0.635 0.171 0.111 
751    (0)   :  0.407 0.015 0.244 0.226 0.108 
752    (0)   :  0.080 0.022 0.413 0.320 0.165 
753    (0)   :  0.135 0.023 0.474 0.140 0.227 
754    (0)   :  0.430 0.027 0.161 0.192 0.190 
755    (0)   :  0.120 0.014 0.566 0.153 0.147 
756    (0)   :  0.188 0.017 0.241 0.488 0.067 
757    (0)   :  0.140 0.018 0.172 0.549 0.121 
758    (0)   :  0.036 0.024 0.271 0.586 0.083 
759    (0)   :  0.434 0.055 0.163 0.104 0.243 
760    (0)   :  0.085 0.018 0.469 0.180 0.248 
761    (0)   :  0.220 0.022 0.249 0.081 0.428 
762    (0)   :  0.058 0.013 0.193 0.272 0.463 
763    (0)   :  0.131 0.024 0.479 0.140 0.226 
764    (0)   :  0.076 0.016 0.453 0.331 0.124 
765    (0)   :  0.046 0.015 0.500 0.110 0.330 
766    (0)   :  0.276 0.014 0.316 0.281 0.112 
767    (0)   :  0.229 0.021 0.186 0.424 0.140 
768    (0)   :  0.059 0.013 0.197 0.251 0.479 
769    (0)   :  0.238 0.023 0.115 0.150 0.475 
770    (0)   :  0.050 0.016 0.132 0.370 0.432 
771    (0)   :  0.108 0.158 0.533 0.130 0.072 
772    (0)   :  0.264 0.073 0.153 0.369 0.140 
773    (0)   :  0.065 0.014 0.651 0.178 0.092 
774    (0)   :  0.301 0.020 0.448 0.098 0.133 
775    (0)   :  0.095 0.016 0.073 0.199 0.617 
776    (0)   :  0.054 0.019 0.119 0.703 0.105 
777    (0)   :  0.112 0.062 0.347 0.301 0.178 
778    (0)   :  0.185 0.045 0.402 0.249 0.120 
779    (0)   :  0.101 0.016 0.530 0.259 0.094 
780    (0)   :  0.336 0.014 0.321 0.212 0.117 
781    (0)   :  0.081 0.038 0.758 0.065 0.058 
782    (0)   :  0.105 0.016 0.528 0.258 0.093 
783    (0)   :  0.242 0.016 0.219 0.350 0.172 
784    (0)   :  0.085 0.020 0.137 0.534 0.224 
785    (0)   :  0.172 0.024 0.272 0.370 0.162 
786    (0)   :  0.422 0.019 0.155 0.267 0.136 
787    (0)   :  0.367 0.035 0.299 0.232 0.067 
788    (0)   :  0.094 0.041 0.228 0.435 0.201 
789    (0)   :  0.099 0.016 0.110 0.563 0.211 
790    (0)   :  0.217 0.015 0.375 0.174 0.218 
791    (0)   :  0.140 0.019 0.108 0.595 0.138 
792    (0)   :  0.336 0.050 0.418 0.131 0.066 
793    (0)   :  0.423 0.078 0.139 0.118 0.242 
794    (0)   :  0.175 0.031 0.128 0.463 0.202 
795    (0)   :  0.504 0.028 0.133 0.104 0.230 
796    (0)   :  0.161 0.028 0.065 0.666 0.080 
797    (0)   :  0.517 0.048 0.212 0.090 0.134 
798    (0)   :  0.031 0.155 0.065 0.190 0.559 
799    (0)   :  0.074 0.035 0.104 0.668 0.119 
800    (0)   :  0.505 0.162 0.088 0.191 0.054 
801    (0)   :  0.061 0.146 0.068 0.208 0.518 
802    (0)   :  0.233 0.164 0.123 0.169 0.312 
803    (0)   :  0.405 0.079 0.155 0.167 0.193 
804    (0)   :  0.113 0.177 0.290 0.223 0.197 
805    (0)   :  0.755 0.026 0.055 0.095 0.070 
806    (0)   :  0.079 0.388 0.120 0.103 0.311 
807    (0)   :  0.566 0.062 0.216 0.061 0.096 
808    (0)   :  0.406 0.139 0.223 0.128 0.103 
809    (0)   :  0.048 0.615 0.064 0.108 0.165 
810    (0)   :  0.174 0.031 0.244 0.222 0.328 
