

----------------------------------------------------
STRUCTURE by Pritchard, Stephens and Donnelly (2000)
     and Falush, Stephens and Pritchard (2003)
       Code by Pritchard, Falush and Hubisz
             Version 2.3.4 (Jul 2012)
----------------------------------------------------



Command line arguments:   ./structure -K 8 -D 108005 -m brooktrout/mainparams -e brooktrout/extraparams -o brooktrout/250914_output/results_K8_rep5 
Input File:    brooktrout/brooktrout.txt

Run parameters:
   8454 individuals
   5 loci
   8 populations assumed
   50000 Burn-in period
   100000 Reps
RANDOMIZE turned off


--------------------------------------------
Overall proportion of membership of the
sample in each of the 8 clusters

Inferred Clusters
  1      2      3      4      5      6      7      8    
0.012  0.030  0.047  0.111  0.163  0.188  0.226  0.222  

--------------------------------------------

Allele-freq. divergence among pops (Net nucleotide distance),
computed using point estimates of P.

      1       2       3       4       5       6       7       8      
 1      -    0.1762  0.1317  0.1281  0.0905  0.1201  0.1160  0.0977  
 2   0.1762     -    0.1903  0.2393  0.1335  0.2019  0.1946  0.1413  
 3   0.1317  0.1903     -    0.2181  0.1373  0.1668  0.1203  0.1153  
 4   0.1281  0.2393  0.2181     -    0.1723  0.0704  0.1384  0.1828  
 5   0.0905  0.1335  0.1373  0.1723     -    0.1356  0.1109  0.0695  
 6   0.1201  0.2019  0.1668  0.0704  0.1356     -    0.1047  0.1527  
 7   0.1160  0.1946  0.1203  0.1384  0.1109  0.1047     -    0.0949  
 8   0.0977  0.1413  0.1153  0.1828  0.0695  0.1527  0.0949     -    

Average distances (expected heterozygosity) between individuals in same cluster:
cluster  1  : 0.8194 
cluster  2  : 0.6575 
cluster  3  : 0.7740 
cluster  4  : 0.7081 
cluster  5  : 0.7333 
cluster  6  : 0.7101 
cluster  7  : 0.7961 
cluster  8  : 0.7686 

--------------------------------------------
Estimated Ln Prob of Data   = -192695.8
Mean value of ln likelihood = -171782.8
Variance of ln likelihood   = 41825.9

Mean value of alpha_1       = 0.0459
Mean value of alpha_2       = 0.1062
Mean value of alpha_3       = 0.1810
Mean value of alpha_4       = 0.4114
Mean value of alpha_5       = 0.6150
Mean value of alpha_6       = 0.7159
Mean value of alpha_7       = 0.8783
Mean value of alpha_8       = 0.8359
Allele frequencies uncorrelated


Inferred ancestry of individuals:
     (%Miss) :  Inferred clusters
  1    (0)   :  0.008 0.019 0.080 0.096 0.206 0.280 0.158 0.153 
  2    (0)   :  0.005 0.010 0.023 0.050 0.129 0.108 0.517 0.158 
  3    (0)   :  0.009 0.023 0.020 0.060 0.300 0.258 0.171 0.159 
  4    (0)   :  0.013 0.022 0.017 0.317 0.092 0.228 0.164 0.147 
  5    (0)   :  0.007 0.011 0.028 0.060 0.170 0.091 0.461 0.172 
  6    (0)   :  0.007 0.012 0.017 0.070 0.496 0.080 0.141 0.176 
  7    (0)   :  0.008 0.014 0.020 0.053 0.207 0.099 0.113 0.485 
  8    (0)   :  0.039 0.024 0.022 0.215 0.188 0.183 0.130 0.199 
  9    (0)   :  0.015 0.013 0.044 0.056 0.236 0.208 0.282 0.146 
 10    (0)   :  0.011 0.013 0.029 0.191 0.273 0.118 0.122 0.243 
 11    (0)   :  0.006 0.016 0.055 0.047 0.219 0.115 0.114 0.429 
 12    (0)   :  0.006 0.011 0.022 0.081 0.196 0.125 0.392 0.168 
 13    (0)   :  0.009 0.013 0.022 0.061 0.240 0.179 0.220 0.256 
 14    (0)   :  0.005 0.022 0.020 0.084 0.152 0.143 0.447 0.126 
 15    (0)   :  0.007 0.032 0.019 0.140 0.129 0.217 0.254 0.202 
 16    (0)   :  0.006 0.016 0.041 0.052 0.361 0.177 0.134 0.213 
 17    (0)   :  0.014 0.015 0.026 0.072 0.329 0.135 0.255 0.154 
 18    (0)   :  0.015 0.029 0.028 0.097 0.234 0.156 0.311 0.131 
 19    (0)   :  0.007 0.012 0.022 0.061 0.418 0.128 0.159 0.193 
 20    (0)   :  0.007 0.024 0.025 0.083 0.152 0.133 0.300 0.277 
 21    (0)   :  0.006 0.016 0.036 0.135 0.141 0.200 0.332 0.134 
 22    (0)   :  0.009 0.012 0.021 0.059 0.437 0.176 0.145 0.140 
 23    (0)   :  0.012 0.028 0.040 0.078 0.110 0.338 0.262 0.132 
 24    (0)   :  0.006 0.016 0.033 0.075 0.230 0.322 0.145 0.173 
 25    (0)   :  0.008 0.021 0.019 0.046 0.293 0.082 0.222 0.309 
 26    (0)   :  0.011 0.018 0.025 0.111 0.249 0.185 0.247 0.153 
 27    (0)   :  0.008 0.014 0.034 0.075 0.291 0.173 0.239 0.165 
 28    (0)   :  0.007 0.015 0.042 0.279 0.144 0.144 0.148 0.222 
 29    (0)   :  0.005 0.011 0.034 0.047 0.155 0.177 0.290 0.281 
 30    (0)   :  0.006 0.014 0.030 0.049 0.414 0.164 0.194 0.130 
 31    (0)   :  0.021 0.012 0.031 0.153 0.176 0.116 0.277 0.214 
 32    (0)   :  0.006 0.021 0.019 0.111 0.236 0.206 0.234 0.166 
 33    (0)   :  0.006 0.015 0.048 0.054 0.211 0.283 0.157 0.225 
 34    (0)   :  0.009 0.020 0.054 0.141 0.199 0.080 0.117 0.379 
 35    (0)   :  0.017 0.011 0.062 0.041 0.242 0.149 0.357 0.121 
 36    (0)   :  0.006 0.113 0.077 0.044 0.132 0.235 0.260 0.132 
 37    (0)   :  0.010 0.012 0.021 0.071 0.152 0.329 0.242 0.163 
 38    (0)   :  0.006 0.231 0.143 0.035 0.097 0.107 0.165 0.214 
 39    (0)   :  0.010 0.024 0.111 0.056 0.165 0.134 0.272 0.229 
 40    (0)   :  0.005 0.019 0.038 0.052 0.154 0.366 0.261 0.104 
 41    (0)   :  0.008 0.024 0.236 0.036 0.125 0.206 0.191 0.174 
 42    (0)   :  0.006 0.048 0.114 0.055 0.095 0.447 0.131 0.106 
 43    (0)   :  0.011 0.011 0.035 0.053 0.108 0.297 0.314 0.172 
 44    (0)   :  0.010 0.009 0.052 0.033 0.184 0.197 0.393 0.120 
 45    (0)   :  0.006 0.050 0.161 0.035 0.109 0.129 0.377 0.134 
 46    (0)   :  0.015 0.013 0.034 0.060 0.278 0.099 0.331 0.169 
 47    (0)   :  0.030 0.010 0.049 0.062 0.294 0.189 0.213 0.152 
 48    (0)   :  0.013 0.013 0.043 0.035 0.176 0.200 0.425 0.096 
 49    (0)   :  0.012 0.016 0.133 0.053 0.185 0.197 0.274 0.130 
 50    (0)   :  0.016 0.014 0.038 0.100 0.296 0.078 0.203 0.255 
 51    (0)   :  0.005 0.075 0.147 0.036 0.083 0.234 0.312 0.108 
 52    (0)   :  0.012 0.015 0.152 0.062 0.162 0.161 0.206 0.231 
 53    (0)   :  0.009 0.100 0.068 0.068 0.216 0.164 0.156 0.219 
 54    (0)   :  0.012 0.008 0.040 0.060 0.138 0.201 0.396 0.144 
 55    (0)   :  0.009 0.011 0.025 0.047 0.105 0.152 0.522 0.129 
 56    (0)   :  0.008 0.025 0.052 0.053 0.202 0.206 0.357 0.097 
 57    (0)   :  0.025 0.014 0.037 0.172 0.259 0.175 0.127 0.191 
 58    (0)   :  0.006 0.021 0.076 0.047 0.102 0.216 0.384 0.148 
 59    (0)   :  0.006 0.068 0.218 0.048 0.117 0.175 0.243 0.125 
 60    (0)   :  0.005 0.030 0.037 0.090 0.098 0.282 0.322 0.135 
 61    (0)   :  0.005 0.009 0.028 0.068 0.061 0.215 0.513 0.102 
 62    (0)   :  0.018 0.013 0.112 0.080 0.200 0.118 0.306 0.152 
 63    (0)   :  0.005 0.016 0.038 0.058 0.098 0.273 0.263 0.250 
 64    (0)   :  0.009 0.028 0.066 0.044 0.337 0.119 0.251 0.147 
 65    (0)   :  0.007 0.012 0.038 0.041 0.136 0.084 0.269 0.412 
 66    (0)   :  0.006 0.013 0.026 0.107 0.094 0.239 0.320 0.195 
 67    (0)   :  0.007 0.009 0.030 0.041 0.101 0.135 0.536 0.140 
 68    (0)   :  0.008 0.076 0.176 0.058 0.111 0.207 0.237 0.127 
 69    (0)   :  0.008 0.177 0.225 0.139 0.100 0.083 0.140 0.129 
 70    (0)   :  0.005 0.037 0.044 0.051 0.084 0.303 0.202 0.273 
 71    (0)   :  0.006 0.061 0.204 0.036 0.108 0.104 0.342 0.139 
 72    (0)   :  0.007 0.025 0.049 0.043 0.303 0.162 0.247 0.164 
 73    (0)   :  0.006 0.016 0.098 0.041 0.082 0.119 0.483 0.155 
 74    (0)   :  0.005 0.099 0.065 0.050 0.127 0.335 0.210 0.109 
 75    (0)   :  0.006 0.058 0.065 0.058 0.112 0.398 0.216 0.088 
 76    (0)   :  0.007 0.012 0.027 0.045 0.098 0.171 0.349 0.292 
 77    (0)   :  0.005 0.058 0.225 0.032 0.091 0.154 0.230 0.206 
 78    (0)   :  0.005 0.170 0.215 0.032 0.084 0.157 0.159 0.177 
 79    (0)   :  0.006 0.014 0.020 0.056 0.193 0.121 0.162 0.428 
 80    (0)   :  0.006 0.012 0.019 0.139 0.086 0.424 0.125 0.188 
 81    (0)   :  0.006 0.013 0.017 0.170 0.106 0.290 0.127 0.270 
 82    (0)   :  0.006 0.013 0.030 0.068 0.108 0.228 0.349 0.198 
 83    (0)   :  0.005 0.026 0.016 0.128 0.111 0.242 0.179 0.293 
 84    (0)   :  0.005 0.014 0.019 0.126 0.116 0.215 0.143 0.362 
 85    (0)   :  0.005 0.030 0.016 0.133 0.175 0.263 0.171 0.207 
 86    (0)   :  0.009 0.014 0.043 0.052 0.145 0.105 0.460 0.172 
 87    (0)   :  0.006 0.025 0.019 0.063 0.101 0.133 0.164 0.490 
 88    (0)   :  0.006 0.013 0.018 0.090 0.101 0.330 0.182 0.261 
 89    (0)   :  0.007 0.012 0.020 0.133 0.098 0.352 0.160 0.218 
 90    (0)   :  0.006 0.012 0.019 0.067 0.096 0.137 0.183 0.479 
 91    (0)   :  0.006 0.029 0.016 0.138 0.108 0.389 0.142 0.173 
 92    (0)   :  0.006 0.013 0.019 0.076 0.156 0.191 0.224 0.314 
 93    (0)   :  0.006 0.011 0.023 0.362 0.086 0.282 0.121 0.109 
 94    (0)   :  0.005 0.041 0.021 0.053 0.092 0.110 0.112 0.565 
 95    (0)   :  0.005 0.012 0.019 0.085 0.071 0.245 0.155 0.408 
 96    (0)   :  0.005 0.010 0.027 0.069 0.064 0.348 0.359 0.118 
 97    (0)   :  0.007 0.068 0.051 0.062 0.135 0.323 0.256 0.099 
 98    (0)   :  0.005 0.012 0.039 0.042 0.155 0.273 0.311 0.164 
 99    (0)   :  0.006 0.013 0.019 0.120 0.103 0.203 0.147 0.390 
100    (0)   :  0.006 0.009 0.018 0.114 0.070 0.484 0.201 0.098 
101    (0)   :  0.008 0.029 0.019 0.080 0.102 0.213 0.200 0.349 
102    (0)   :  0.007 0.024 0.041 0.110 0.076 0.346 0.168 0.227 
103    (0)   :  0.007 0.010 0.032 0.138 0.077 0.131 0.358 0.247 
104    (0)   :  0.006 0.010 0.022 0.123 0.080 0.061 0.200 0.499 
105    (0)   :  0.008 0.010 0.062 0.171 0.074 0.083 0.274 0.319 
106    (0)   :  0.005 0.018 0.027 0.033 0.125 0.071 0.165 0.556 
107    (0)   :  0.007 0.011 0.032 0.119 0.080 0.123 0.292 0.335 
108    (0)   :  0.005 0.161 0.016 0.054 0.076 0.081 0.497 0.110 
109    (0)   :  0.007 0.027 0.236 0.041 0.098 0.065 0.243 0.283 
110    (0)   :  0.006 0.019 0.039 0.038 0.123 0.079 0.118 0.579 
111    (0)   :  0.008 0.011 0.053 0.062 0.080 0.081 0.213 0.492 
112    (0)   :  0.005 0.015 0.296 0.041 0.072 0.077 0.129 0.365 
113    (0)   :  0.007 0.023 0.037 0.068 0.136 0.138 0.425 0.166 
114    (0)   :  0.005 0.009 0.042 0.150 0.075 0.068 0.190 0.461 
115    (0)   :  0.007 0.014 0.049 0.048 0.091 0.156 0.293 0.340 
116    (0)   :  0.007 0.034 0.067 0.034 0.107 0.091 0.315 0.347 
117    (0)   :  0.009 0.018 0.154 0.041 0.119 0.118 0.117 0.424 
118    (0)   :  0.006 0.016 0.043 0.051 0.087 0.084 0.517 0.196 
119    (0)   :  0.005 0.021 0.020 0.070 0.065 0.359 0.244 0.215 
120    (0)   :  0.007 0.013 0.077 0.065 0.087 0.124 0.281 0.347 
121    (0)   :  0.024 0.019 0.124 0.041 0.088 0.118 0.284 0.302 
122    (0)   :  0.005 0.015 0.067 0.055 0.119 0.077 0.188 0.476 
123    (0)   :  0.006 0.019 0.037 0.072 0.092 0.102 0.217 0.455 
124    (0)   :  0.011 0.018 0.150 0.047 0.154 0.084 0.299 0.238 
125    (0)   :  0.006 0.036 0.211 0.040 0.199 0.135 0.135 0.239 
126    (0)   :  0.004 0.019 0.039 0.060 0.090 0.129 0.268 0.392 
127    (0)   :  0.006 0.010 0.029 0.061 0.065 0.084 0.254 0.491 
128    (0)   :  0.006 0.010 0.042 0.050 0.096 0.088 0.534 0.176 
129    (0)   :  0.009 0.010 0.032 0.053 0.078 0.072 0.406 0.339 
130    (0)   :  0.008 0.010 0.060 0.116 0.081 0.104 0.212 0.408 
131    (0)   :  0.011 0.095 0.190 0.039 0.129 0.079 0.184 0.274 
132    (0)   :  0.006 0.014 0.035 0.044 0.103 0.066 0.282 0.449 
133    (0)   :  0.010 0.016 0.035 0.076 0.088 0.099 0.313 0.364 
134    (0)   :  0.005 0.013 0.061 0.030 0.096 0.061 0.115 0.620 
135    (0)   :  0.008 0.015 0.040 0.170 0.072 0.312 0.293 0.091 
136    (0)   :  0.007 0.011 0.022 0.386 0.119 0.246 0.124 0.085 
137    (0)   :  0.006 0.012 0.039 0.233 0.084 0.416 0.093 0.118 
138    (0)   :  0.005 0.015 0.021 0.517 0.086 0.153 0.115 0.088 
139    (0)   :  0.005 0.013 0.028 0.204 0.102 0.130 0.424 0.095 
140    (0)   :  0.006 0.016 0.034 0.208 0.106 0.258 0.218 0.154 
141    (0)   :  0.007 0.015 0.027 0.424 0.157 0.124 0.150 0.097 
142    (0)   :  0.007 0.014 0.037 0.225 0.070 0.219 0.339 0.089 
143    (0)   :  0.005 0.010 0.016 0.213 0.067 0.509 0.104 0.076 
144    (0)   :  0.006 0.011 0.036 0.193 0.070 0.476 0.100 0.109 
145    (0)   :  0.008 0.014 0.033 0.233 0.177 0.243 0.195 0.098 
146    (0)   :  0.010 0.016 0.030 0.268 0.134 0.222 0.152 0.167 
147    (0)   :  0.006 0.011 0.018 0.389 0.078 0.328 0.091 0.080 
148    (0)   :  0.006 0.010 0.035 0.343 0.111 0.158 0.217 0.119 
149    (0)   :  0.006 0.016 0.035 0.373 0.089 0.201 0.194 0.086 
150    (0)   :  0.008 0.011 0.051 0.248 0.090 0.279 0.149 0.165 
151    (0)   :  0.006 0.010 0.022 0.252 0.075 0.396 0.139 0.101 
152    (0)   :  0.007 0.022 0.027 0.303 0.117 0.178 0.238 0.108 
153    (0)   :  0.005 0.015 0.038 0.409 0.090 0.184 0.146 0.112 
154    (0)   :  0.007 0.011 0.022 0.440 0.105 0.138 0.195 0.082 
155    (0)   :  0.005 0.009 0.018 0.537 0.071 0.132 0.120 0.107 
156    (0)   :  0.005 0.010 0.031 0.316 0.060 0.266 0.215 0.097 
157    (0)   :  0.005 0.012 0.022 0.401 0.069 0.189 0.099 0.203 
158    (0)   :  0.008 0.017 0.035 0.247 0.175 0.271 0.151 0.097 
159    (0)   :  0.007 0.011 0.018 0.473 0.073 0.237 0.101 0.080 
160    (0)   :  0.007 0.011 0.018 0.531 0.073 0.163 0.117 0.080 
161    (0)   :  0.005 0.015 0.032 0.126 0.108 0.462 0.131 0.120 
162    (0)   :  0.012 0.015 0.030 0.297 0.135 0.139 0.207 0.165 
163    (0)   :  0.005 0.010 0.022 0.488 0.064 0.178 0.137 0.096 
164    (0)   :  0.010 0.012 0.021 0.364 0.099 0.135 0.209 0.150 
165    (0)   :  0.007 0.011 0.049 0.225 0.077 0.353 0.130 0.149 
166    (0)   :  0.006 0.031 0.020 0.342 0.072 0.159 0.175 0.196 
167    (0)   :  0.014 0.012 0.017 0.524 0.119 0.086 0.119 0.110 
168    (0)   :  0.006 0.041 0.022 0.377 0.100 0.198 0.149 0.108 
169    (0)   :  0.010 0.056 0.065 0.181 0.244 0.216 0.136 0.093 
170    (0)   :  0.005 0.010 0.021 0.079 0.070 0.563 0.154 0.098 
171    (0)   :  0.006 0.025 0.017 0.320 0.125 0.172 0.212 0.123 
172    (0)   :  0.006 0.055 0.092 0.192 0.115 0.266 0.190 0.083 
173    (0)   :  0.006 0.010 0.017 0.512 0.073 0.151 0.149 0.082 
174    (0)   :  0.006 0.010 0.020 0.485 0.086 0.168 0.113 0.112 
175    (0)   :  0.007 0.010 0.018 0.216 0.125 0.437 0.104 0.083 
176    (0)   :  0.005 0.011 0.036 0.191 0.071 0.477 0.100 0.109 
177    (0)   :  0.006 0.019 0.035 0.355 0.090 0.145 0.120 0.229 
178    (0)   :  0.006 0.010 0.020 0.466 0.133 0.123 0.124 0.118 
179    (0)   :  0.005 0.009 0.015 0.571 0.077 0.135 0.107 0.082 
180    (0)   :  0.011 0.017 0.030 0.279 0.132 0.260 0.147 0.124 
181    (0)   :  0.008 0.014 0.029 0.211 0.098 0.324 0.223 0.093 
182    (0)   :  0.009 0.010 0.020 0.239 0.067 0.361 0.214 0.080 
183    (0)   :  0.006 0.010 0.017 0.373 0.080 0.303 0.128 0.083 
184    (0)   :  0.008 0.014 0.019 0.051 0.160 0.114 0.493 0.141 
185    (0)   :  0.005 0.010 0.026 0.369 0.057 0.258 0.209 0.067 
186    (0)   :  0.007 0.009 0.019 0.049 0.148 0.118 0.417 0.232 
187    (0)   :  0.005 0.011 0.017 0.200 0.112 0.174 0.361 0.119 
188    (0)   :  0.008 0.009 0.019 0.041 0.128 0.086 0.531 0.178 
189    (0)   :  0.005 0.037 0.018 0.108 0.208 0.279 0.217 0.127 
190    (0)   :  0.005 0.009 0.023 0.104 0.051 0.236 0.503 0.071 
191    (0)   :  0.005 0.009 0.020 0.082 0.104 0.133 0.523 0.123 
192    (0)   :  0.005 0.011 0.021 0.102 0.120 0.287 0.285 0.170 
193    (0)   :  0.005 0.011 0.023 0.087 0.137 0.249 0.355 0.133 
194    (0)   :  0.006 0.011 0.021 0.075 0.097 0.328 0.320 0.142 
195    (0)   :  0.005 0.009 0.017 0.168 0.068 0.265 0.394 0.074 
196    (0)   :  0.004 0.011 0.024 0.098 0.063 0.204 0.500 0.095 
197    (0)   :  0.007 0.011 0.023 0.139 0.212 0.117 0.325 0.168 
198    (0)   :  0.005 0.014 0.022 0.083 0.169 0.209 0.305 0.195 
199    (0)   :  0.005 0.015 0.021 0.058 0.071 0.281 0.446 0.102 
200    (0)   :  0.005 0.019 0.025 0.096 0.106 0.174 0.466 0.109 
201    (0)   :  0.005 0.009 0.017 0.339 0.082 0.169 0.294 0.085 
202    (0)   :  0.004 0.009 0.018 0.106 0.064 0.458 0.248 0.093 
203    (0)   :  0.005 0.009 0.019 0.269 0.067 0.202 0.347 0.082 
204    (0)   :  0.005 0.009 0.018 0.089 0.061 0.198 0.537 0.083 
205    (0)   :  0.005 0.014 0.019 0.076 0.081 0.163 0.532 0.110 
206    (0)   :  0.006 0.008 0.017 0.113 0.084 0.166 0.526 0.081 
207    (0)   :  0.005 0.009 0.021 0.049 0.067 0.151 0.593 0.105 
208    (0)   :  0.005 0.009 0.018 0.232 0.071 0.119 0.455 0.091 
209    (0)   :  0.005 0.009 0.022 0.078 0.107 0.195 0.455 0.128 
210    (0)   :  0.005 0.009 0.021 0.112 0.074 0.177 0.504 0.100 
211    (0)   :  0.007 0.009 0.032 0.078 0.064 0.239 0.462 0.110 
212    (0)   :  0.004 0.009 0.020 0.149 0.103 0.397 0.229 0.089 
213    (0)   :  0.005 0.013 0.033 0.057 0.080 0.237 0.404 0.171 
214    (0)   :  0.005 0.009 0.021 0.140 0.074 0.388 0.280 0.085 
215    (0)   :  0.005 0.014 0.020 0.071 0.075 0.113 0.589 0.113 
216    (0)   :  0.008 0.013 0.020 0.060 0.196 0.147 0.409 0.145 
217    (0)   :  0.005 0.013 0.018 0.152 0.084 0.328 0.316 0.083 
218    (0)   :  0.006 0.014 0.018 0.092 0.088 0.179 0.470 0.134 
219    (0)   :  0.010 0.020 0.017 0.144 0.204 0.215 0.265 0.126 
220    (0)   :  0.005 0.009 0.019 0.079 0.070 0.134 0.584 0.100 
221    (0)   :  0.005 0.008 0.019 0.072 0.058 0.602 0.164 0.071 
222    (0)   :  0.008 0.013 0.018 0.079 0.259 0.190 0.290 0.142 
223    (0)   :  0.005 0.014 0.018 0.225 0.135 0.208 0.277 0.118 
224    (0)   :  0.006 0.009 0.018 0.156 0.082 0.265 0.379 0.085 
225    (0)   :  0.005 0.010 0.019 0.088 0.080 0.209 0.487 0.101 
226    (0)   :  0.007 0.093 0.022 0.094 0.129 0.193 0.342 0.120 
227    (0)   :  0.005 0.009 0.019 0.122 0.068 0.249 0.427 0.101 
228    (0)   :  0.005 0.009 0.023 0.162 0.061 0.235 0.436 0.068 
229    (0)   :  0.006 0.009 0.018 0.148 0.089 0.310 0.317 0.105 
230    (0)   :  0.006 0.009 0.019 0.114 0.074 0.271 0.410 0.097 
231    (0)   :  0.005 0.009 0.019 0.188 0.129 0.200 0.348 0.100 
232    (0)   :  0.006 0.016 0.027 0.069 0.095 0.368 0.269 0.150 
233    (0)   :  0.005 0.009 0.019 0.350 0.078 0.206 0.246 0.087 
234    (0)   :  0.005 0.011 0.022 0.130 0.166 0.180 0.334 0.152 
235    (0)   :  0.005 0.016 0.018 0.105 0.111 0.313 0.317 0.114 
236    (0)   :  0.005 0.011 0.021 0.159 0.103 0.279 0.319 0.103 
237    (0)   :  0.005 0.009 0.021 0.065 0.080 0.126 0.597 0.098 
238    (0)   :  0.005 0.009 0.022 0.124 0.082 0.398 0.251 0.109 
239    (0)   :  0.005 0.009 0.018 0.165 0.068 0.267 0.395 0.074 
240    (0)   :  0.005 0.009 0.022 0.123 0.084 0.399 0.251 0.107 
241    (0)   :  0.006 0.012 0.019 0.111 0.075 0.455 0.233 0.089 
242    (0)   :  0.006 0.019 0.018 0.109 0.139 0.222 0.365 0.122 
243    (0)   :  0.004 0.009 0.022 0.104 0.057 0.196 0.530 0.077 
244    (0)   :  0.005 0.009 0.019 0.163 0.071 0.266 0.383 0.083 
245    (0)   :  0.005 0.009 0.020 0.308 0.068 0.292 0.203 0.096 
246    (0)   :  0.005 0.012 0.019 0.152 0.084 0.327 0.318 0.084 
247    (0)   :  0.004 0.015 0.030 0.045 0.097 0.109 0.419 0.281 
248    (0)   :  0.004 0.010 0.020 0.051 0.084 0.090 0.624 0.117 
249    (0)   :  0.005 0.009 0.020 0.095 0.076 0.387 0.307 0.101 
250    (0)   :  0.006 0.011 0.020 0.111 0.105 0.283 0.341 0.124 
251    (0)   :  0.005 0.032 0.024 0.085 0.162 0.147 0.396 0.149 
252    (0)   :  0.005 0.011 0.018 0.113 0.099 0.282 0.365 0.107 
253    (0)   :  0.005 0.019 0.022 0.054 0.105 0.181 0.449 0.165 
254    (0)   :  0.008 0.011 0.018 0.101 0.201 0.163 0.375 0.123 
255    (0)   :  0.005 0.009 0.020 0.102 0.144 0.245 0.332 0.142 
256    (0)   :  0.005 0.010 0.021 0.094 0.084 0.337 0.355 0.095 
257    (0)   :  0.014 0.012 0.021 0.091 0.093 0.236 0.413 0.121 
258    (0)   :  0.004 0.011 0.026 0.089 0.098 0.133 0.499 0.140 
259    (0)   :  0.006 0.010 0.020 0.076 0.096 0.221 0.456 0.114 
260    (0)   :  0.007 0.011 0.019 0.141 0.213 0.257 0.222 0.130 
261    (0)   :  0.005 0.011 0.019 0.156 0.093 0.283 0.343 0.090 
262    (0)   :  0.005 0.012 0.020 0.111 0.060 0.336 0.385 0.072 
263    (0)   :  0.009 0.009 0.019 0.066 0.114 0.112 0.567 0.105 
264    (0)   :  0.010 0.012 0.022 0.039 0.354 0.087 0.338 0.138 
265    (0)   :  0.005 0.015 0.018 0.146 0.125 0.176 0.403 0.113 
266    (0)   :  0.005 0.009 0.019 0.126 0.059 0.485 0.225 0.072 
267    (0)   :  0.005 0.009 0.023 0.102 0.126 0.238 0.375 0.123 
268    (0)   :  0.004 0.011 0.025 0.097 0.063 0.205 0.500 0.095 
269    (0)   :  0.005 0.025 0.018 0.152 0.217 0.183 0.275 0.126 
270    (0)   :  0.008 0.010 0.021 0.080 0.167 0.119 0.435 0.160 
271    (0)   :  0.005 0.013 0.022 0.082 0.092 0.142 0.516 0.127 
272    (0)   :  0.006 0.088 0.026 0.086 0.096 0.150 0.431 0.117 
273    (0)   :  0.034 0.026 0.032 0.137 0.146 0.214 0.245 0.166 
274    (0)   :  0.005 0.020 0.019 0.089 0.124 0.179 0.433 0.131 
275    (0)   :  0.009 0.030 0.026 0.148 0.134 0.146 0.399 0.107 
276    (0)   :  0.007 0.064 0.025 0.053 0.091 0.185 0.449 0.126 
277    (0)   :  0.005 0.013 0.018 0.131 0.150 0.277 0.286 0.119 
278    (0)   :  0.004 0.013 0.020 0.091 0.073 0.115 0.586 0.098 
279    (0)   :  0.005 0.013 0.020 0.103 0.118 0.229 0.394 0.117 
280    (0)   :  0.005 0.022 0.023 0.099 0.156 0.192 0.398 0.104 
281    (0)   :  0.005 0.012 0.019 0.090 0.107 0.180 0.422 0.164 
282    (0)   :  0.005 0.011 0.019 0.204 0.129 0.301 0.224 0.108 
283    (0)   :  0.005 0.009 0.018 0.207 0.084 0.351 0.220 0.106 
284    (0)   :  0.005 0.011 0.030 0.159 0.105 0.209 0.342 0.140 
285    (0)   :  0.005 0.014 0.027 0.038 0.087 0.079 0.629 0.121 
286    (0)   :  0.005 0.009 0.020 0.160 0.071 0.269 0.382 0.083 
287    (0)   :  0.006 0.020 0.017 0.117 0.146 0.216 0.307 0.171 
288    (0)   :  0.007 0.061 0.022 0.084 0.103 0.153 0.452 0.119 
289    (0)   :  0.008 0.029 0.028 0.074 0.100 0.146 0.462 0.152 
290    (0)   :  0.008 0.012 0.050 0.052 0.163 0.230 0.386 0.099 
291    (0)   :  0.005 0.014 0.022 0.083 0.092 0.142 0.516 0.126 
292    (0)   :  0.005 0.024 0.024 0.095 0.121 0.249 0.388 0.094 
293    (0)   :  0.006 0.012 0.057 0.051 0.223 0.132 0.407 0.113 
294    (0)   :  0.010 0.011 0.019 0.051 0.104 0.126 0.568 0.111 
295    (0)   :  0.007 0.045 0.030 0.095 0.111 0.149 0.429 0.134 
296    (0)   :  0.005 0.013 0.019 0.084 0.070 0.137 0.548 0.124 
297    (0)   :  0.005 0.022 0.023 0.071 0.168 0.181 0.407 0.124 
298    (0)   :  0.005 0.011 0.018 0.134 0.133 0.321 0.243 0.135 
299    (0)   :  0.009 0.009 0.018 0.075 0.160 0.151 0.455 0.124 
300    (0)   :  0.005 0.011 0.025 0.048 0.082 0.120 0.611 0.098 
301    (0)   :  0.008 0.016 0.022 0.078 0.194 0.116 0.438 0.128 
302    (0)   :  0.009 0.012 0.024 0.069 0.099 0.100 0.586 0.102 
303    (0)   :  0.005 0.012 0.025 0.129 0.104 0.298 0.334 0.093 
304    (0)   :  0.007 0.009 0.024 0.276 0.208 0.155 0.150 0.170 
305    (0)   :  0.005 0.012 0.020 0.150 0.069 0.191 0.475 0.078 
306    (0)   :  0.005 0.016 0.018 0.113 0.103 0.397 0.251 0.096 
307    (0)   :  0.006 0.013 0.020 0.087 0.122 0.285 0.349 0.118 
308    (0)   :  0.005 0.011 0.019 0.156 0.094 0.285 0.340 0.090 
309    (0)   :  0.023 0.019 0.038 0.097 0.080 0.126 0.486 0.131 
310    (0)   :  0.005 0.009 0.020 0.115 0.069 0.261 0.441 0.080 
311    (0)   :  0.006 0.009 0.019 0.113 0.073 0.271 0.410 0.098 
312    (0)   :  0.005 0.009 0.021 0.079 0.063 0.134 0.582 0.108 
313    (0)   :  0.005 0.010 0.019 0.046 0.063 0.099 0.667 0.090 
314    (0)   :  0.005 0.012 0.023 0.426 0.068 0.266 0.127 0.074 
315    (0)   :  0.005 0.023 0.019 0.466 0.078 0.181 0.136 0.093 
316    (0)   :  0.007 0.037 0.018 0.514 0.094 0.125 0.102 0.104 
317    (0)   :  0.005 0.013 0.019 0.502 0.073 0.215 0.094 0.078 
318    (0)   :  0.005 0.012 0.016 0.621 0.076 0.111 0.079 0.079 
319    (0)   :  0.006 0.010 0.017 0.339 0.069 0.373 0.110 0.076 
320    (0)   :  0.005 0.012 0.022 0.425 0.067 0.268 0.126 0.074 
321    (0)   :  0.005 0.013 0.020 0.519 0.078 0.196 0.089 0.080 
322    (0)   :  0.008 0.035 0.020 0.370 0.086 0.256 0.127 0.099 
323    (0)   :  0.011 0.011 0.015 0.571 0.078 0.149 0.086 0.079 
324    (0)   :  0.005 0.013 0.020 0.518 0.078 0.196 0.090 0.080 
325    (0)   :  0.005 0.033 0.017 0.548 0.087 0.112 0.097 0.101 
326    (0)   :  0.010 0.049 0.019 0.520 0.085 0.121 0.096 0.100 
327    (0)   :  0.005 0.012 0.019 0.503 0.072 0.216 0.095 0.077 
328    (0)   :  0.005 0.024 0.018 0.371 0.085 0.271 0.125 0.099 
329    (0)   :  0.005 0.010 0.015 0.515 0.075 0.221 0.080 0.079 
330    (0)   :  0.005 0.013 0.020 0.499 0.072 0.218 0.095 0.077 
331    (0)   :  0.005 0.010 0.015 0.588 0.074 0.142 0.087 0.079 
332    (0)   :  0.013 0.038 0.017 0.525 0.093 0.118 0.095 0.100 
333    (0)   :  0.010 0.035 0.017 0.490 0.083 0.157 0.109 0.100 
334    (0)   :  0.005 0.024 0.018 0.375 0.086 0.268 0.125 0.099 
335    (0)   :  0.005 0.023 0.018 0.351 0.076 0.314 0.117 0.095 
336    (0)   :  0.012 0.014 0.020 0.543 0.076 0.153 0.106 0.076 
337    (0)   :  0.005 0.036 0.021 0.440 0.088 0.197 0.111 0.101 
338    (0)   :  0.006 0.013 0.017 0.617 0.077 0.113 0.079 0.079 
339    (0)   :  0.005 0.010 0.015 0.590 0.075 0.139 0.087 0.079 
340    (0)   :  0.005 0.010 0.015 0.577 0.069 0.154 0.092 0.077 
341    (0)   :  0.012 0.013 0.017 0.541 0.075 0.173 0.089 0.080 
342    (0)   :  0.005 0.013 0.020 0.506 0.072 0.213 0.094 0.077 
343    (0)   :  0.012 0.025 0.021 0.281 0.083 0.349 0.138 0.092 
344    (0)   :  0.005 0.010 0.015 0.595 0.074 0.142 0.079 0.079 
345    (0)   :  0.005 0.013 0.019 0.502 0.073 0.216 0.095 0.077 
346    (0)   :  0.005 0.012 0.016 0.613 0.072 0.120 0.084 0.077 
347    (0)   :  0.005 0.010 0.015 0.585 0.070 0.155 0.084 0.076 
348    (0)   :  0.005 0.021 0.019 0.279 0.070 0.362 0.156 0.088 
349    (0)   :  0.005 0.013 0.019 0.503 0.072 0.217 0.093 0.077 
350    (0)   :  0.005 0.010 0.018 0.500 0.070 0.199 0.124 0.075 
351    (0)   :  0.005 0.024 0.018 0.353 0.076 0.311 0.118 0.095 
352    (0)   :  0.005 0.034 0.020 0.428 0.080 0.218 0.119 0.096 
353    (0)   :  0.012 0.013 0.020 0.542 0.077 0.152 0.108 0.076 
354    (0)   :  0.006 0.011 0.016 0.577 0.077 0.152 0.081 0.080 
355    (0)   :  0.005 0.012 0.016 0.622 0.076 0.112 0.078 0.079 
356    (0)   :  0.004 0.019 0.018 0.123 0.066 0.541 0.143 0.085 
357    (0)   :  0.005 0.037 0.017 0.326 0.203 0.140 0.122 0.149 
358    (0)   :  0.006 0.026 0.016 0.522 0.086 0.146 0.097 0.101 
359    (0)   :  0.005 0.011 0.016 0.583 0.075 0.144 0.087 0.080 
360    (0)   :  0.005 0.011 0.016 0.615 0.071 0.120 0.084 0.077 
361    (0)   :  0.005 0.035 0.019 0.149 0.200 0.299 0.145 0.148 
362    (0)   :  0.006 0.045 0.032 0.077 0.149 0.108 0.283 0.300 
363    (0)   :  0.008 0.024 0.032 0.045 0.202 0.096 0.201 0.392 
364    (0)   :  0.013 0.015 0.023 0.110 0.293 0.228 0.162 0.156 
365    (0)   :  0.019 0.034 0.047 0.050 0.379 0.105 0.165 0.202 
366    (0)   :  0.006 0.032 0.034 0.065 0.239 0.175 0.327 0.123 
367    (0)   :  0.005 0.025 0.026 0.037 0.118 0.071 0.104 0.613 
368    (0)   :  0.006 0.014 0.021 0.056 0.166 0.123 0.250 0.364 
369    (0)   :  0.009 0.017 0.045 0.077 0.194 0.320 0.191 0.146 
370    (0)   :  0.017 0.019 0.036 0.066 0.150 0.139 0.274 0.298 
371    (0)   :  0.013 0.015 0.036 0.077 0.283 0.152 0.256 0.168 
372    (0)   :  0.066 0.025 0.033 0.082 0.107 0.148 0.307 0.232 
373    (0)   :  0.006 0.012 0.025 0.064 0.159 0.193 0.149 0.391 
374    (0)   :  0.007 0.028 0.054 0.075 0.193 0.302 0.151 0.189 
375    (0)   :  0.021 0.017 0.030 0.045 0.309 0.087 0.144 0.347 
376    (0)   :  0.106 0.026 0.044 0.041 0.343 0.086 0.097 0.257 
377    (0)   :  0.007 0.031 0.030 0.083 0.236 0.092 0.319 0.201 
378    (0)   :  0.006 0.014 0.030 0.152 0.081 0.139 0.154 0.424 
379    (0)   :  0.189 0.027 0.067 0.036 0.249 0.078 0.114 0.239 
380    (0)   :  0.011 0.090 0.047 0.069 0.299 0.226 0.147 0.112 
381    (0)   :  0.008 0.016 0.038 0.050 0.413 0.231 0.150 0.093 
382    (0)   :  0.005 0.015 0.024 0.059 0.297 0.081 0.129 0.390 
383    (0)   :  0.014 0.097 0.036 0.166 0.371 0.086 0.129 0.100 
384    (0)   :  0.066 0.026 0.038 0.104 0.350 0.109 0.114 0.192 
385    (0)   :  0.009 0.013 0.166 0.193 0.208 0.101 0.137 0.173 
386    (0)   :  0.004 0.021 0.025 0.044 0.209 0.094 0.148 0.454 
387    (0)   :  0.005 0.018 0.037 0.068 0.258 0.089 0.154 0.371 
388    (0)   :  0.018 0.019 0.057 0.126 0.236 0.195 0.135 0.213 
389    (0)   :  0.012 0.015 0.053 0.055 0.110 0.090 0.528 0.137 
390    (0)   :  0.020 0.059 0.100 0.044 0.131 0.110 0.177 0.359 
391    (0)   :  0.017 0.026 0.086 0.055 0.121 0.175 0.265 0.254 
392    (0)   :  0.007 0.017 0.026 0.088 0.314 0.130 0.173 0.245 
393    (0)   :  0.008 0.087 0.138 0.067 0.283 0.169 0.119 0.128 
394    (0)   :  0.005 0.028 0.018 0.170 0.121 0.165 0.149 0.344 
395    (0)   :  0.004 0.062 0.069 0.051 0.130 0.102 0.364 0.219 
396    (0)   :  0.006 0.011 0.022 0.036 0.271 0.076 0.166 0.412 
397    (0)   :  0.083 0.011 0.019 0.081 0.225 0.198 0.263 0.120 
398    (0)   :  0.046 0.087 0.052 0.040 0.169 0.085 0.113 0.407 
399    (0)   :  0.005 0.037 0.045 0.049 0.088 0.101 0.190 0.486 
400    (0)   :  0.007 0.015 0.029 0.047 0.227 0.160 0.113 0.403 
401    (0)   :  0.005 0.015 0.045 0.060 0.084 0.144 0.199 0.449 
402    (0)   :  0.007 0.012 0.022 0.063 0.213 0.136 0.257 0.289 
403    (0)   :  0.008 0.020 0.052 0.215 0.152 0.214 0.173 0.166 
404    (0)   :  0.008 0.013 0.074 0.055 0.289 0.185 0.209 0.167 
405    (0)   :  0.005 0.037 0.022 0.059 0.231 0.161 0.266 0.219 
406    (0)   :  0.004 0.276 0.027 0.053 0.092 0.241 0.203 0.103 
407    (0)   :  0.005 0.056 0.038 0.036 0.443 0.082 0.125 0.214 
408    (0)   :  0.004 0.010 0.024 0.033 0.070 0.079 0.363 0.418 
409    (0)   :  0.013 0.060 0.106 0.052 0.124 0.414 0.113 0.118 
410    (0)   :  0.091 0.029 0.049 0.069 0.176 0.133 0.153 0.301 
411    (0)   :  0.019 0.015 0.023 0.121 0.349 0.114 0.169 0.190 
412    (0)   :  0.006 0.013 0.019 0.053 0.191 0.112 0.196 0.410 
413    (0)   :  0.005 0.012 0.020 0.144 0.115 0.127 0.167 0.409 
414    (0)   :  0.005 0.010 0.035 0.052 0.193 0.062 0.234 0.409 
415    (0)   :  0.006 0.032 0.037 0.039 0.296 0.137 0.210 0.243 
416    (0)   :  0.006 0.015 0.102 0.049 0.178 0.196 0.167 0.286 
417    (0)   :  0.006 0.123 0.025 0.041 0.214 0.115 0.133 0.343 
418    (0)   :  0.007 0.012 0.021 0.041 0.170 0.086 0.127 0.535 
419    (0)   :  0.011 0.022 0.085 0.093 0.171 0.228 0.171 0.219 
420    (0)   :  0.004 0.014 0.051 0.035 0.081 0.135 0.251 0.429 
421    (0)   :  0.008 0.042 0.031 0.043 0.155 0.128 0.183 0.410 
422    (0)   :  0.007 0.071 0.040 0.048 0.184 0.122 0.362 0.167 
423    (0)   :  0.009 0.033 0.032 0.072 0.239 0.106 0.251 0.258 
424    (0)   :  0.009 0.048 0.058 0.064 0.106 0.150 0.183 0.381 
425    (0)   :  0.025 0.018 0.060 0.085 0.303 0.123 0.182 0.204 
426    (0)   :  0.034 0.051 0.040 0.088 0.158 0.135 0.147 0.348 
427    (0)   :  0.005 0.088 0.056 0.147 0.173 0.076 0.095 0.359 
428    (0)   :  0.021 0.161 0.035 0.085 0.142 0.213 0.200 0.143 
429    (0)   :  0.007 0.021 0.029 0.036 0.282 0.074 0.104 0.446 
430    (0)   :  0.006 0.109 0.072 0.043 0.272 0.104 0.143 0.252 
431    (0)   :  0.012 0.029 0.039 0.097 0.128 0.115 0.226 0.355 
432    (0)   :  0.006 0.013 0.019 0.059 0.157 0.129 0.224 0.392 
433    (0)   :  0.011 0.012 0.021 0.123 0.125 0.281 0.261 0.166 
434    (0)   :  0.006 0.014 0.031 0.066 0.277 0.212 0.214 0.180 
435    (0)   :  0.005 0.194 0.029 0.039 0.170 0.079 0.125 0.359 
436    (0)   :  0.008 0.276 0.035 0.044 0.164 0.142 0.087 0.245 
437    (0)   :  0.008 0.026 0.017 0.041 0.497 0.084 0.139 0.188 
438    (0)   :  0.006 0.249 0.053 0.045 0.090 0.191 0.142 0.224 
439    (0)   :  0.006 0.227 0.074 0.047 0.204 0.122 0.089 0.231 
440    (0)   :  0.004 0.272 0.026 0.033 0.163 0.066 0.115 0.322 
441    (0)   :  0.006 0.055 0.046 0.065 0.258 0.187 0.121 0.263 
442    (0)   :  0.006 0.014 0.107 0.035 0.262 0.104 0.171 0.300 
443    (0)   :  0.005 0.044 0.049 0.035 0.102 0.093 0.232 0.441 
444    (0)   :  0.006 0.030 0.080 0.036 0.273 0.105 0.180 0.291 
445    (0)   :  0.044 0.044 0.166 0.051 0.180 0.262 0.131 0.123 
446    (0)   :  0.052 0.120 0.066 0.042 0.147 0.097 0.077 0.398 
447    (0)   :  0.006 0.204 0.076 0.054 0.138 0.173 0.149 0.199 
448    (0)   :  0.005 0.047 0.026 0.043 0.293 0.100 0.168 0.318 
449    (0)   :  0.006 0.049 0.027 0.057 0.294 0.150 0.170 0.247 
450    (0)   :  0.007 0.015 0.043 0.061 0.443 0.126 0.084 0.220 
451    (0)   :  0.005 0.020 0.018 0.033 0.115 0.065 0.197 0.546 
452    (0)   :  0.006 0.027 0.026 0.057 0.351 0.125 0.097 0.311 
453    (0)   :  0.005 0.021 0.073 0.043 0.098 0.207 0.331 0.222 
454    (0)   :  0.005 0.061 0.024 0.080 0.273 0.120 0.144 0.293 
455    (0)   :  0.005 0.272 0.052 0.036 0.140 0.106 0.125 0.265 
456    (0)   :  0.006 0.064 0.052 0.037 0.241 0.097 0.251 0.252 
457    (0)   :  0.006 0.053 0.022 0.043 0.465 0.099 0.129 0.183 
458    (0)   :  0.051 0.061 0.129 0.046 0.250 0.121 0.099 0.242 
459    (0)   :  0.005 0.066 0.065 0.059 0.134 0.194 0.089 0.389 
460    (0)   :  0.005 0.051 0.055 0.041 0.129 0.090 0.096 0.533 
461    (0)   :  0.007 0.016 0.045 0.041 0.139 0.084 0.078 0.590 
462    (0)   :  0.006 0.026 0.348 0.032 0.179 0.065 0.188 0.156 
463    (0)   :  0.004 0.242 0.060 0.047 0.098 0.154 0.264 0.130 
464    (0)   :  0.004 0.054 0.035 0.036 0.108 0.101 0.162 0.501 
465    (0)   :  0.008 0.027 0.071 0.044 0.140 0.124 0.166 0.420 
466    (0)   :  0.004 0.057 0.035 0.037 0.109 0.110 0.270 0.377 
467    (0)   :  0.006 0.039 0.160 0.053 0.178 0.140 0.186 0.238 
468    (0)   :  0.005 0.275 0.028 0.036 0.256 0.091 0.173 0.137 
469    (0)   :  0.005 0.435 0.048 0.041 0.137 0.088 0.080 0.167 
470    (0)   :  0.004 0.261 0.029 0.040 0.124 0.081 0.100 0.360 
471    (0)   :  0.006 0.021 0.046 0.040 0.181 0.107 0.309 0.291 
472    (0)   :  0.007 0.019 0.088 0.039 0.260 0.130 0.220 0.237 
473    (0)   :  0.005 0.052 0.021 0.059 0.271 0.140 0.221 0.232 
474    (0)   :  0.005 0.025 0.037 0.051 0.297 0.153 0.143 0.289 
475    (0)   :  0.005 0.027 0.039 0.060 0.134 0.184 0.148 0.402 
476    (0)   :  0.008 0.033 0.061 0.041 0.368 0.124 0.124 0.242 
477    (0)   :  0.007 0.031 0.048 0.048 0.119 0.160 0.136 0.452 
478    (0)   :  0.007 0.021 0.051 0.040 0.085 0.076 0.100 0.621 
479    (0)   :  0.005 0.070 0.024 0.039 0.237 0.080 0.103 0.442 
480    (0)   :  0.006 0.063 0.023 0.042 0.439 0.092 0.099 0.236 
481    (0)   :  0.005 0.018 0.038 0.040 0.278 0.094 0.289 0.237 
482    (0)   :  0.006 0.027 0.029 0.038 0.320 0.081 0.090 0.409 
483    (0)   :  0.006 0.290 0.035 0.046 0.164 0.116 0.090 0.254 
484    (0)   :  0.006 0.238 0.110 0.045 0.139 0.116 0.195 0.151 
485    (0)   :  0.005 0.480 0.023 0.039 0.090 0.079 0.085 0.201 
486    (0)   :  0.010 0.014 0.037 0.053 0.152 0.117 0.407 0.211 
487    (0)   :  0.011 0.014 0.029 0.113 0.229 0.160 0.259 0.186 
488    (0)   :  0.010 0.014 0.050 0.118 0.135 0.098 0.315 0.262 
489    (0)   :  0.009 0.009 0.025 0.060 0.266 0.267 0.244 0.119 
490    (0)   :  0.006 0.014 0.034 0.041 0.160 0.083 0.305 0.356 
491    (0)   :  0.008 0.011 0.052 0.068 0.132 0.217 0.389 0.123 
492    (0)   :  0.005 0.012 0.057 0.164 0.098 0.205 0.224 0.236 
493    (0)   :  0.011 0.010 0.043 0.098 0.179 0.074 0.441 0.144 
494    (0)   :  0.039 0.018 0.044 0.062 0.162 0.222 0.294 0.159 
495    (0)   :  0.036 0.013 0.120 0.120 0.111 0.157 0.189 0.254 
496    (0)   :  0.006 0.014 0.022 0.081 0.112 0.396 0.234 0.136 
497    (0)   :  0.024 0.011 0.063 0.133 0.188 0.126 0.338 0.118 
498    (0)   :  0.012 0.014 0.072 0.040 0.176 0.200 0.250 0.237 
499    (0)   :  0.029 0.013 0.024 0.147 0.171 0.229 0.266 0.121 
500    (0)   :  0.017 0.019 0.021 0.074 0.294 0.103 0.331 0.141 
501    (0)   :  0.011 0.014 0.025 0.084 0.221 0.268 0.167 0.209 
502    (0)   :  0.008 0.013 0.047 0.099 0.152 0.278 0.141 0.262 
503    (0)   :  0.007 0.017 0.023 0.048 0.383 0.104 0.219 0.200 
504    (0)   :  0.009 0.014 0.068 0.045 0.110 0.135 0.266 0.353 
505    (0)   :  0.008 0.016 0.025 0.058 0.098 0.225 0.430 0.140 
506    (0)   :  0.006 0.011 0.049 0.081 0.116 0.273 0.210 0.253 
507    (0)   :  0.007 0.010 0.018 0.148 0.076 0.447 0.212 0.082 
508    (0)   :  0.018 0.010 0.022 0.182 0.073 0.372 0.225 0.098 
509    (0)   :  0.007 0.014 0.023 0.103 0.097 0.215 0.409 0.131 
510    (0)   :  0.021 0.010 0.022 0.120 0.224 0.270 0.178 0.154 
511    (0)   :  0.011 0.045 0.044 0.045 0.184 0.149 0.222 0.301 
512    (0)   :  0.008 0.015 0.028 0.040 0.318 0.086 0.164 0.341 
513    (0)   :  0.011 0.009 0.192 0.059 0.058 0.118 0.418 0.135 
514    (0)   :  0.007 0.013 0.022 0.090 0.088 0.114 0.208 0.458 
515    (0)   :  0.012 0.047 0.038 0.137 0.214 0.150 0.251 0.150 
516    (0)   :  0.009 0.015 0.023 0.052 0.092 0.167 0.374 0.268 
517    (0)   :  0.007 0.036 0.026 0.096 0.093 0.208 0.263 0.271 
518    (0)   :  0.065 0.010 0.022 0.169 0.237 0.160 0.202 0.134 
519    (0)   :  0.006 0.015 0.028 0.057 0.093 0.178 0.170 0.453 
520    (0)   :  0.007 0.193 0.021 0.121 0.081 0.273 0.202 0.103 
521    (0)   :  0.005 0.011 0.026 0.281 0.082 0.138 0.237 0.221 
522    (0)   :  0.023 0.025 0.023 0.070 0.274 0.094 0.314 0.175 
523    (0)   :  0.008 0.027 0.025 0.101 0.071 0.255 0.296 0.218 
524    (0)   :  0.008 0.225 0.018 0.099 0.101 0.123 0.233 0.194 
525    (0)   :  0.082 0.037 0.022 0.125 0.155 0.231 0.219 0.127 
526    (0)   :  0.005 0.313 0.024 0.051 0.078 0.193 0.240 0.096 
527    (0)   :  0.071 0.011 0.033 0.074 0.263 0.098 0.184 0.266 
528    (0)   :  0.005 0.009 0.021 0.380 0.086 0.126 0.256 0.118 
529    (0)   :  0.087 0.010 0.037 0.101 0.119 0.184 0.299 0.162 
530    (0)   :  0.007 0.026 0.039 0.076 0.267 0.157 0.253 0.176 
531    (0)   :  0.006 0.033 0.032 0.307 0.140 0.135 0.171 0.176 
532    (0)   :  0.017 0.010 0.023 0.267 0.147 0.096 0.272 0.169 
533    (0)   :  0.061 0.028 0.024 0.074 0.175 0.125 0.362 0.151 
534    (0)   :  0.072 0.012 0.029 0.104 0.065 0.122 0.476 0.122 
535    (0)   :  0.005 0.034 0.033 0.051 0.093 0.197 0.289 0.299 
536    (0)   :  0.006 0.048 0.069 0.058 0.168 0.322 0.174 0.154 
537    (0)   :  0.006 0.014 0.037 0.061 0.108 0.483 0.163 0.128 
538    (0)   :  0.004 0.022 0.024 0.060 0.104 0.337 0.317 0.132 
539    (0)   :  0.004 0.009 0.019 0.088 0.087 0.548 0.157 0.088 
540    (0)   :  0.006 0.029 0.027 0.178 0.123 0.131 0.389 0.117 
541    (0)   :  0.007 0.015 0.093 0.221 0.137 0.237 0.170 0.121 
542    (0)   :  0.005 0.036 0.155 0.040 0.144 0.160 0.353 0.107 
543    (0)   :  0.008 0.035 0.063 0.148 0.080 0.159 0.296 0.211 
544    (0)   :  0.004 0.024 0.045 0.063 0.109 0.198 0.414 0.143 
545    (0)   :  0.005 0.155 0.081 0.037 0.106 0.133 0.330 0.152 
546    (0)   :  0.005 0.012 0.099 0.073 0.115 0.194 0.391 0.110 
547    (0)   :  0.006 0.042 0.046 0.054 0.076 0.372 0.261 0.144 
548    (0)   :  0.005 0.011 0.020 0.109 0.106 0.284 0.340 0.125 
549    (0)   :  0.006 0.058 0.059 0.058 0.118 0.501 0.094 0.106 
550    (0)   :  0.004 0.160 0.047 0.040 0.093 0.236 0.181 0.237 
551    (0)   :  0.007 0.018 0.026 0.083 0.101 0.533 0.107 0.126 
552    (0)   :  0.005 0.012 0.024 0.071 0.121 0.295 0.372 0.099 
553    (0)   :  0.008 0.032 0.060 0.094 0.066 0.266 0.331 0.143 
554    (0)   :  0.010 0.020 0.050 0.159 0.202 0.111 0.279 0.170 
555    (0)   :  0.006 0.016 0.049 0.076 0.090 0.439 0.203 0.121 
556    (0)   :  0.005 0.012 0.031 0.060 0.114 0.319 0.325 0.133 
557    (0)   :  0.005 0.129 0.082 0.065 0.120 0.204 0.147 0.250 
558    (0)   :  0.006 0.033 0.030 0.040 0.320 0.083 0.080 0.408 
559    (0)   :  0.006 0.011 0.024 0.048 0.131 0.121 0.388 0.270 
560    (0)   :  0.005 0.051 0.089 0.032 0.117 0.067 0.125 0.514 
561    (0)   :  0.005 0.022 0.044 0.041 0.203 0.088 0.236 0.362 
562    (0)   :  0.006 0.028 0.033 0.032 0.156 0.066 0.322 0.358 
563    (0)   :  0.008 0.020 0.060 0.054 0.092 0.287 0.106 0.373 
564    (0)   :  0.009 0.019 0.021 0.076 0.130 0.092 0.487 0.165 
565    (0)   :  0.006 0.080 0.034 0.041 0.457 0.097 0.106 0.179 
566    (0)   :  0.004 0.028 0.020 0.033 0.124 0.064 0.119 0.608 
567    (0)   :  0.006 0.014 0.020 0.040 0.111 0.084 0.545 0.179 
568    (0)   :  0.005 0.024 0.027 0.053 0.120 0.130 0.270 0.371 
569    (0)   :  0.007 0.030 0.021 0.073 0.210 0.097 0.234 0.328 
570    (0)   :  0.007 0.027 0.018 0.036 0.399 0.067 0.110 0.336 
571    (0)   :  0.005 0.025 0.017 0.051 0.082 0.093 0.162 0.565 
572    (0)   :  0.004 0.028 0.030 0.059 0.138 0.328 0.276 0.138 
573    (0)   :  0.008 0.156 0.017 0.063 0.101 0.109 0.373 0.172 
574    (0)   :  0.007 0.025 0.021 0.086 0.349 0.177 0.159 0.177 
575    (0)   :  0.005 0.017 0.032 0.064 0.107 0.207 0.158 0.409 
576    (0)   :  0.005 0.023 0.032 0.036 0.140 0.064 0.117 0.583 
577    (0)   :  0.008 0.014 0.022 0.061 0.336 0.214 0.141 0.204 
