

----------------------------------------------------
STRUCTURE by Pritchard, Stephens and Donnelly (2000)
     and Falush, Stephens and Pritchard (2003)
       Code by Pritchard, Falush and Hubisz
             Version 2.3.4 (Jul 2012)
----------------------------------------------------



Command line arguments:   ./structure -K 6 -D 106009 -m brooktrout/mainparams -e brooktrout/extraparams -o brooktrout/250914_output/results_K6_rep9 
Input File:    brooktrout/brooktrout.txt

Run parameters:
   8454 individuals
   5 loci
   6 populations assumed
   50000 Burn-in period
   100000 Reps
RANDOMIZE turned off


--------------------------------------------
Overall proportion of membership of the
sample in each of the 6 clusters

Inferred Clusters
  1      2      3      4      5      6    
0.032  0.088  0.181  0.134  0.261  0.304  

--------------------------------------------

Allele-freq. divergence among pops (Net nucleotide distance),
computed using point estimates of P.

      1       2       3       4       5       6      
 1      -    0.1138  0.1734  0.1114  0.1211  0.0913  
 2   0.1138     -    0.1521  0.1015  0.0570  0.0603  
 3   0.1734  0.1521     -    0.0988  0.1383  0.0831  
 4   0.1114  0.1015  0.0988     -    0.0980  0.0638  
 5   0.1211  0.0570  0.1383  0.0980     -    0.0549  
 6   0.0913  0.0603  0.0831  0.0638  0.0549     -    

Average distances (expected heterozygosity) between individuals in same cluster:
cluster  1  : 0.7869 
cluster  2  : 0.7917 
cluster  3  : 0.7210 
cluster  4  : 0.8026 
cluster  5  : 0.7793 
cluster  6  : 0.8123 

--------------------------------------------
Estimated Ln Prob of Data   = -183231.1
Mean value of ln likelihood = -171599.1
Variance of ln likelihood   = 23263.9

Mean value of alpha_1       = 0.0550
Mean value of alpha_2       = 0.1487
Mean value of alpha_3       = 0.3023
Mean value of alpha_4       = 0.2455
Mean value of alpha_5       = 0.4665
Mean value of alpha_6       = 0.5506
Allele frequencies uncorrelated


Inferred ancestry of individuals:
     (%Miss) :  Inferred clusters
  1    (0)   :  0.016 0.071 0.244 0.205 0.279 0.185 
  2    (0)   :  0.012 0.027 0.048 0.042 0.089 0.782 
  3    (0)   :  0.006 0.039 0.147 0.178 0.476 0.153 
  4    (0)   :  0.010 0.063 0.518 0.125 0.109 0.175 
  5    (0)   :  0.016 0.034 0.049 0.044 0.110 0.748 
  6    (0)   :  0.007 0.025 0.066 0.035 0.652 0.215 
  7    (0)   :  0.011 0.261 0.055 0.038 0.341 0.294 
  8    (0)   :  0.010 0.077 0.334 0.084 0.333 0.163 
  9    (0)   :  0.026 0.064 0.113 0.111 0.333 0.353 
 10    (0)   :  0.016 0.054 0.176 0.041 0.419 0.294 
 11    (0)   :  0.021 0.199 0.054 0.052 0.427 0.248 
 12    (0)   :  0.011 0.035 0.073 0.049 0.110 0.722 
 13    (0)   :  0.017 0.043 0.084 0.055 0.230 0.570 
 14    (0)   :  0.009 0.028 0.099 0.186 0.201 0.477 
 15    (0)   :  0.008 0.058 0.171 0.096 0.188 0.479 
 16    (0)   :  0.016 0.033 0.080 0.083 0.593 0.195 
 17    (0)   :  0.019 0.037 0.081 0.088 0.290 0.484 
 18    (0)   :  0.011 0.023 0.097 0.064 0.381 0.425 
 19    (0)   :  0.010 0.036 0.076 0.042 0.443 0.393 
 20    (0)   :  0.012 0.083 0.079 0.103 0.250 0.474 
 21    (0)   :  0.011 0.031 0.189 0.165 0.191 0.414 
 22    (0)   :  0.010 0.022 0.111 0.056 0.571 0.231 
 23    (0)   :  0.035 0.063 0.189 0.327 0.134 0.253 
 24    (0)   :  0.015 0.028 0.208 0.109 0.375 0.265 
 25    (0)   :  0.010 0.066 0.041 0.050 0.326 0.506 
 26    (0)   :  0.011 0.033 0.132 0.069 0.247 0.508 
 27    (0)   :  0.019 0.033 0.105 0.122 0.306 0.415 
 28    (0)   :  0.013 0.135 0.295 0.063 0.249 0.246 
 29    (0)   :  0.022 0.061 0.068 0.112 0.182 0.555 
 30    (0)   :  0.013 0.020 0.084 0.080 0.580 0.223 
 31    (0)   :  0.022 0.054 0.153 0.100 0.217 0.453 
 32    (0)   :  0.009 0.055 0.195 0.112 0.296 0.333 
 33    (0)   :  0.011 0.058 0.140 0.235 0.409 0.147 
 34    (0)   :  0.053 0.122 0.091 0.046 0.548 0.141 
 35    (0)   :  0.041 0.025 0.061 0.193 0.297 0.383 
 36    (0)   :  0.008 0.024 0.052 0.564 0.218 0.134 
 37    (0)   :  0.008 0.037 0.153 0.126 0.148 0.528 
 38    (0)   :  0.030 0.048 0.042 0.151 0.594 0.136 
 39    (0)   :  0.031 0.048 0.071 0.162 0.443 0.245 
 40    (0)   :  0.012 0.020 0.092 0.521 0.167 0.188 
 41    (0)   :  0.042 0.039 0.041 0.481 0.289 0.108 
 42    (0)   :  0.015 0.030 0.193 0.507 0.158 0.098 
 43    (0)   :  0.015 0.041 0.081 0.454 0.122 0.287 
 44    (0)   :  0.013 0.026 0.040 0.502 0.250 0.169 
 45    (0)   :  0.029 0.029 0.043 0.296 0.276 0.327 
 46    (0)   :  0.011 0.036 0.058 0.128 0.406 0.360 
 47    (0)   :  0.029 0.031 0.086 0.084 0.320 0.450 
 48    (0)   :  0.020 0.020 0.046 0.498 0.233 0.183 
 49    (0)   :  0.051 0.035 0.076 0.234 0.311 0.293 
 50    (0)   :  0.021 0.082 0.104 0.088 0.441 0.265 
 51    (0)   :  0.009 0.019 0.036 0.758 0.091 0.087 
 52    (0)   :  0.032 0.045 0.086 0.190 0.441 0.206 
 53    (0)   :  0.015 0.040 0.085 0.114 0.628 0.119 
 54    (0)   :  0.019 0.026 0.090 0.121 0.104 0.640 
 55    (0)   :  0.012 0.027 0.062 0.372 0.103 0.423 
 56    (0)   :  0.036 0.023 0.078 0.348 0.294 0.221 
 57    (0)   :  0.018 0.042 0.176 0.042 0.235 0.488 
 58    (0)   :  0.026 0.031 0.072 0.336 0.185 0.350 
 59    (0)   :  0.075 0.038 0.062 0.323 0.300 0.201 
 60    (0)   :  0.007 0.025 0.092 0.600 0.119 0.156 
 61    (0)   :  0.013 0.025 0.114 0.380 0.070 0.399 
 62    (0)   :  0.137 0.033 0.073 0.064 0.275 0.417 
 63    (0)   :  0.012 0.073 0.102 0.384 0.188 0.241 
 64    (0)   :  0.020 0.029 0.051 0.063 0.561 0.276 
 65    (0)   :  0.016 0.129 0.039 0.059 0.237 0.521 
 66    (0)   :  0.010 0.057 0.143 0.122 0.103 0.564 
 67    (0)   :  0.015 0.033 0.050 0.341 0.111 0.450 
 68    (0)   :  0.049 0.038 0.077 0.344 0.284 0.208 
 69    (0)   :  0.141 0.147 0.114 0.147 0.340 0.110 
 70    (0)   :  0.008 0.051 0.059 0.631 0.150 0.100 
 71    (0)   :  0.055 0.036 0.034 0.417 0.232 0.226 
 72    (0)   :  0.009 0.033 0.049 0.246 0.462 0.202 
 73    (0)   :  0.070 0.040 0.043 0.241 0.120 0.486 
 74    (0)   :  0.009 0.023 0.091 0.504 0.245 0.128 
 75    (0)   :  0.011 0.019 0.098 0.591 0.132 0.149 
 76    (0)   :  0.008 0.074 0.059 0.335 0.183 0.340 
 77    (0)   :  0.045 0.046 0.042 0.398 0.294 0.174 
 78    (0)   :  0.055 0.045 0.044 0.374 0.361 0.120 
 79    (0)   :  0.012 0.071 0.056 0.035 0.308 0.518 
 80    (0)   :  0.011 0.070 0.503 0.042 0.143 0.231 
 81    (0)   :  0.008 0.094 0.346 0.033 0.193 0.327 
 82    (0)   :  0.018 0.045 0.105 0.143 0.112 0.576 
 83    (0)   :  0.007 0.095 0.258 0.076 0.299 0.265 
 84    (0)   :  0.007 0.082 0.197 0.053 0.264 0.396 
 85    (0)   :  0.007 0.034 0.266 0.066 0.299 0.328 
 86    (0)   :  0.017 0.037 0.056 0.108 0.159 0.623 
 87    (0)   :  0.010 0.261 0.065 0.072 0.247 0.345 
 88    (0)   :  0.008 0.102 0.228 0.084 0.122 0.455 
 89    (0)   :  0.007 0.055 0.254 0.052 0.113 0.519 
 90    (0)   :  0.009 0.143 0.062 0.046 0.177 0.563 
 91    (0)   :  0.006 0.048 0.471 0.082 0.200 0.193 
 92    (0)   :  0.009 0.052 0.083 0.051 0.165 0.641 
 93    (0)   :  0.008 0.025 0.703 0.046 0.084 0.133 
 94    (0)   :  0.007 0.448 0.059 0.068 0.313 0.105 
 95    (0)   :  0.008 0.284 0.153 0.070 0.113 0.373 
 96    (0)   :  0.011 0.026 0.188 0.401 0.073 0.301 
 97    (0)   :  0.012 0.021 0.132 0.372 0.203 0.259 
 98    (0)   :  0.024 0.025 0.085 0.326 0.195 0.345 
 99    (0)   :  0.008 0.087 0.161 0.043 0.210 0.491 
100    (0)   :  0.010 0.025 0.517 0.068 0.068 0.313 
101    (0)   :  0.009 0.130 0.080 0.132 0.162 0.487 
102    (0)   :  0.021 0.089 0.317 0.194 0.166 0.213 
103    (0)   :  0.013 0.125 0.121 0.068 0.094 0.579 
104    (0)   :  0.012 0.416 0.083 0.067 0.136 0.287 
105    (0)   :  0.043 0.291 0.123 0.086 0.084 0.373 
106    (0)   :  0.009 0.224 0.032 0.058 0.469 0.208 
107    (0)   :  0.015 0.330 0.119 0.077 0.102 0.357 
108    (0)   :  0.008 0.030 0.050 0.303 0.213 0.396 
109    (0)   :  0.242 0.083 0.033 0.075 0.284 0.284 
110    (0)   :  0.012 0.463 0.036 0.049 0.322 0.117 
111    (0)   :  0.023 0.642 0.048 0.041 0.077 0.168 
112    (0)   :  0.367 0.315 0.036 0.059 0.134 0.089 
113    (0)   :  0.016 0.068 0.081 0.133 0.189 0.514 
114    (0)   :  0.040 0.347 0.106 0.059 0.138 0.310 
115    (0)   :  0.022 0.414 0.053 0.208 0.119 0.184 
116    (0)   :  0.018 0.098 0.035 0.174 0.364 0.311 
117    (0)   :  0.042 0.510 0.043 0.066 0.225 0.115 
118    (0)   :  0.026 0.067 0.045 0.056 0.093 0.713 
119    (0)   :  0.007 0.041 0.184 0.470 0.110 0.189 
120    (0)   :  0.078 0.318 0.064 0.114 0.173 0.253 
121    (0)   :  0.056 0.438 0.039 0.216 0.118 0.133 
122    (0)   :  0.036 0.185 0.046 0.054 0.420 0.259 
123    (0)   :  0.016 0.500 0.065 0.077 0.165 0.178 
124    (0)   :  0.046 0.234 0.045 0.180 0.295 0.199 
125    (0)   :  0.059 0.163 0.057 0.133 0.471 0.117 
126    (0)   :  0.011 0.163 0.074 0.202 0.319 0.231 
127    (0)   :  0.014 0.653 0.052 0.051 0.071 0.158 
128    (0)   :  0.021 0.043 0.046 0.057 0.084 0.749 
129    (0)   :  0.015 0.257 0.039 0.060 0.085 0.545 
130    (0)   :  0.055 0.292 0.109 0.044 0.153 0.347 
131    (0)   :  0.049 0.277 0.036 0.166 0.353 0.119 
132    (0)   :  0.017 0.192 0.035 0.058 0.306 0.392 
133    (0)   :  0.013 0.474 0.061 0.068 0.100 0.282 
134    (0)   :  0.026 0.520 0.028 0.037 0.267 0.122 
135    (0)   :  0.025 0.021 0.377 0.230 0.080 0.266 
136    (0)   :  0.012 0.017 0.677 0.039 0.088 0.167 
137    (0)   :  0.026 0.047 0.705 0.039 0.076 0.107 
138    (0)   :  0.007 0.019 0.724 0.061 0.090 0.099 
139    (0)   :  0.015 0.022 0.228 0.194 0.106 0.435 
140    (0)   :  0.011 0.029 0.421 0.130 0.165 0.244 
141    (0)   :  0.014 0.019 0.584 0.058 0.156 0.168 
142    (0)   :  0.023 0.021 0.407 0.261 0.076 0.212 
143    (0)   :  0.006 0.017 0.784 0.042 0.059 0.092 
144    (0)   :  0.024 0.046 0.711 0.043 0.069 0.108 
145    (0)   :  0.019 0.020 0.407 0.090 0.166 0.298 
146    (0)   :  0.011 0.052 0.440 0.104 0.170 0.223 
147    (0)   :  0.007 0.017 0.788 0.034 0.063 0.091 
148    (0)   :  0.019 0.033 0.487 0.095 0.110 0.257 
149    (0)   :  0.014 0.019 0.632 0.110 0.094 0.131 
150    (0)   :  0.031 0.071 0.497 0.057 0.100 0.244 
151    (0)   :  0.008 0.025 0.671 0.056 0.075 0.165 
152    (0)   :  0.015 0.027 0.428 0.157 0.141 0.232 
153    (0)   :  0.009 0.026 0.608 0.122 0.120 0.115 
154    (0)   :  0.011 0.019 0.615 0.067 0.085 0.202 
155    (0)   :  0.007 0.026 0.725 0.047 0.071 0.124 
156    (0)   :  0.013 0.030 0.555 0.200 0.063 0.139 
157    (0)   :  0.007 0.081 0.606 0.057 0.123 0.126 
158    (0)   :  0.019 0.019 0.484 0.074 0.168 0.236 
159    (0)   :  0.008 0.019 0.780 0.034 0.061 0.098 
160    (0)   :  0.009 0.018 0.749 0.033 0.063 0.128 
161    (0)   :  0.011 0.030 0.525 0.121 0.149 0.164 
162    (0)   :  0.011 0.041 0.344 0.096 0.165 0.343 
163    (0)   :  0.007 0.023 0.728 0.071 0.067 0.104 
164    (0)   :  0.009 0.034 0.352 0.048 0.111 0.446 
165    (0)   :  0.029 0.068 0.577 0.055 0.088 0.185 
166    (0)   :  0.007 0.067 0.450 0.142 0.151 0.182 
167    (0)   :  0.008 0.034 0.587 0.040 0.109 0.221 
168    (0)   :  0.008 0.022 0.587 0.112 0.147 0.123 
169    (0)   :  0.022 0.019 0.312 0.096 0.353 0.198 
170    (0)   :  0.009 0.025 0.491 0.184 0.076 0.215 
171    (0)   :  0.008 0.025 0.418 0.104 0.156 0.288 
172    (0)   :  0.016 0.017 0.394 0.273 0.175 0.125 
173    (0)   :  0.008 0.018 0.710 0.042 0.063 0.159 
174    (0)   :  0.007 0.026 0.700 0.038 0.083 0.146 
175    (0)   :  0.008 0.017 0.713 0.053 0.086 0.123 
176    (0)   :  0.024 0.046 0.711 0.044 0.069 0.107 
177    (0)   :  0.010 0.065 0.457 0.084 0.212 0.172 
178    (0)   :  0.008 0.026 0.604 0.039 0.124 0.199 
179    (0)   :  0.006 0.018 0.772 0.034 0.066 0.105 
180    (0)   :  0.012 0.032 0.541 0.084 0.144 0.187 
181    (0)   :  0.014 0.020 0.479 0.113 0.107 0.267 
182    (0)   :  0.010 0.018 0.555 0.076 0.060 0.281 
183    (0)   :  0.006 0.018 0.732 0.044 0.066 0.134 
184    (0)   :  0.009 0.026 0.049 0.049 0.115 0.752 
185    (0)   :  0.012 0.017 0.643 0.184 0.053 0.091 
186    (0)   :  0.007 0.038 0.046 0.049 0.119 0.739 
187    (0)   :  0.007 0.026 0.215 0.056 0.088 0.608 
188    (0)   :  0.008 0.028 0.038 0.044 0.095 0.787 
189    (0)   :  0.008 0.024 0.257 0.102 0.317 0.292 
190    (0)   :  0.011 0.017 0.205 0.487 0.048 0.232 
191    (0)   :  0.011 0.018 0.077 0.037 0.075 0.782 
192    (0)   :  0.008 0.045 0.237 0.061 0.112 0.537 
193    (0)   :  0.014 0.021 0.174 0.079 0.119 0.593 
194    (0)   :  0.008 0.049 0.200 0.171 0.104 0.469 
195    (0)   :  0.008 0.017 0.339 0.124 0.057 0.455 
196    (0)   :  0.013 0.026 0.166 0.285 0.071 0.440 
197    (0)   :  0.010 0.042 0.115 0.088 0.177 0.568 
198    (0)   :  0.008 0.029 0.135 0.094 0.198 0.536 
199    (0)   :  0.011 0.025 0.116 0.384 0.074 0.390 
200    (0)   :  0.030 0.023 0.155 0.222 0.134 0.436 
201    (0)   :  0.008 0.022 0.477 0.089 0.071 0.334 
202    (0)   :  0.010 0.030 0.435 0.240 0.059 0.227 
203    (0)   :  0.012 0.021 0.444 0.069 0.060 0.393 
204    (0)   :  0.009 0.018 0.138 0.105 0.056 0.675 
205    (0)   :  0.008 0.021 0.099 0.108 0.085 0.679 
206    (0)   :  0.008 0.019 0.113 0.065 0.062 0.734 
207    (0)   :  0.013 0.024 0.071 0.111 0.061 0.721 
208    (0)   :  0.010 0.020 0.274 0.112 0.066 0.519 
209    (0)   :  0.014 0.020 0.122 0.065 0.086 0.693 
210    (0)   :  0.009 0.023 0.144 0.072 0.065 0.687 
211    (0)   :  0.032 0.049 0.143 0.368 0.060 0.347 
212    (0)   :  0.010 0.017 0.506 0.113 0.100 0.255 
213    (0)   :  0.010 0.054 0.092 0.341 0.117 0.386 
214    (0)   :  0.012 0.023 0.506 0.115 0.071 0.273 
215    (0)   :  0.012 0.023 0.065 0.068 0.075 0.756 
216    (0)   :  0.010 0.030 0.065 0.064 0.132 0.700 
217    (0)   :  0.009 0.020 0.391 0.123 0.088 0.370 
218    (0)   :  0.008 0.024 0.106 0.053 0.082 0.727 
219    (0)   :  0.007 0.027 0.177 0.059 0.167 0.563 
220    (0)   :  0.009 0.019 0.077 0.047 0.060 0.788 
221    (0)   :  0.009 0.017 0.547 0.247 0.054 0.126 
222    (0)   :  0.008 0.030 0.099 0.060 0.173 0.630 
223    (0)   :  0.007 0.028 0.309 0.073 0.118 0.465 
224    (0)   :  0.009 0.023 0.297 0.070 0.065 0.536 
225    (0)   :  0.008 0.022 0.138 0.117 0.072 0.643 
226    (0)   :  0.012 0.027 0.133 0.091 0.216 0.522 
227    (0)   :  0.008 0.026 0.192 0.237 0.063 0.474 
228    (0)   :  0.016 0.017 0.304 0.260 0.055 0.349 
229    (0)   :  0.009 0.024 0.335 0.047 0.071 0.515 
230    (0)   :  0.011 0.024 0.254 0.057 0.062 0.593 
231    (0)   :  0.011 0.019 0.239 0.042 0.084 0.605 
232    (0)   :  0.010 0.036 0.207 0.202 0.135 0.411 
233    (0)   :  0.011 0.023 0.580 0.072 0.072 0.242 
234    (0)   :  0.010 0.028 0.156 0.053 0.130 0.623 
235    (0)   :  0.008 0.022 0.257 0.107 0.126 0.480 
236    (0)   :  0.011 0.030 0.372 0.075 0.094 0.418 
237    (0)   :  0.014 0.021 0.086 0.107 0.066 0.706 
238    (0)   :  0.010 0.033 0.467 0.121 0.090 0.279 
239    (0)   :  0.008 0.017 0.345 0.125 0.058 0.448 
240    (0)   :  0.010 0.033 0.461 0.125 0.089 0.282 
241    (0)   :  0.009 0.020 0.432 0.123 0.072 0.345 
242    (0)   :  0.010 0.021 0.164 0.076 0.158 0.571 
243    (0)   :  0.016 0.020 0.185 0.281 0.055 0.444 
244    (0)   :  0.013 0.022 0.368 0.068 0.063 0.465 
245    (0)   :  0.007 0.025 0.623 0.125 0.071 0.150 
246    (0)   :  0.009 0.020 0.393 0.122 0.088 0.368 
247    (0)   :  0.010 0.077 0.046 0.123 0.196 0.548 
248    (0)   :  0.011 0.028 0.051 0.073 0.072 0.764 
249    (0)   :  0.012 0.025 0.368 0.090 0.071 0.434 
250    (0)   :  0.011 0.031 0.254 0.062 0.088 0.555 
251    (0)   :  0.019 0.028 0.099 0.095 0.211 0.548 
252    (0)   :  0.007 0.023 0.213 0.100 0.084 0.573 
253    (0)   :  0.008 0.043 0.073 0.182 0.126 0.568 
254    (0)   :  0.008 0.027 0.107 0.062 0.120 0.675 
255    (0)   :  0.010 0.020 0.178 0.056 0.107 0.628 
256    (0)   :  0.011 0.022 0.260 0.149 0.077 0.480 
257    (0)   :  0.010 0.034 0.129 0.084 0.079 0.664 
258    (0)   :  0.012 0.028 0.105 0.157 0.106 0.592 
259    (0)   :  0.010 0.031 0.134 0.080 0.077 0.669 
260    (0)   :  0.009 0.038 0.290 0.066 0.165 0.432 
261    (0)   :  0.007 0.023 0.337 0.147 0.085 0.401 
262    (0)   :  0.009 0.016 0.340 0.300 0.062 0.272 
263    (0)   :  0.011 0.022 0.068 0.060 0.072 0.767 
264    (0)   :  0.012 0.026 0.041 0.060 0.371 0.490 
265    (0)   :  0.008 0.022 0.172 0.064 0.116 0.618 
266    (0)   :  0.008 0.017 0.597 0.172 0.055 0.150 
267    (0)   :  0.016 0.025 0.174 0.090 0.089 0.605 
268    (0)   :  0.013 0.026 0.167 0.286 0.071 0.437 
269    (0)   :  0.010 0.025 0.218 0.060 0.258 0.429 
270    (0)   :  0.010 0.029 0.067 0.055 0.111 0.728 
271    (0)   :  0.012 0.027 0.086 0.096 0.086 0.694 
272    (0)   :  0.016 0.030 0.100 0.148 0.165 0.540 
273    (0)   :  0.030 0.054 0.225 0.089 0.153 0.449 
274    (0)   :  0.009 0.025 0.109 0.064 0.122 0.671 
275    (0)   :  0.019 0.028 0.150 0.071 0.128 0.605 
276    (0)   :  0.018 0.034 0.077 0.229 0.143 0.499 
277    (0)   :  0.007 0.027 0.234 0.065 0.117 0.549 
278    (0)   :  0.013 0.023 0.091 0.109 0.075 0.689 
279    (0)   :  0.009 0.025 0.152 0.072 0.094 0.648 
280    (0)   :  0.010 0.024 0.136 0.122 0.183 0.525 
281    (0)   :  0.008 0.027 0.106 0.063 0.097 0.699 
282    (0)   :  0.008 0.032 0.467 0.059 0.116 0.317 
283    (0)   :  0.008 0.029 0.520 0.066 0.081 0.295 
284    (0)   :  0.015 0.050 0.256 0.111 0.106 0.462 
285    (0)   :  0.017 0.026 0.038 0.122 0.109 0.688 
286    (0)   :  0.013 0.022 0.368 0.068 0.062 0.466 
287    (0)   :  0.006 0.027 0.164 0.056 0.159 0.588 
288    (0)   :  0.011 0.026 0.092 0.071 0.155 0.645 
289    (0)   :  0.017 0.049 0.094 0.100 0.135 0.606 
290    (0)   :  0.036 0.028 0.102 0.299 0.219 0.317 
291    (0)   :  0.011 0.027 0.084 0.095 0.086 0.697 
292    (0)   :  0.009 0.022 0.175 0.266 0.155 0.373 
293    (0)   :  0.034 0.026 0.070 0.249 0.317 0.304 
294    (0)   :  0.009 0.020 0.060 0.095 0.081 0.734 
295    (0)   :  0.026 0.038 0.126 0.172 0.159 0.480 
296    (0)   :  0.011 0.025 0.084 0.075 0.072 0.734 
297    (0)   :  0.009 0.024 0.084 0.078 0.194 0.610 
298    (0)   :  0.008 0.033 0.339 0.048 0.112 0.460 
299    (0)   :  0.008 0.022 0.068 0.042 0.087 0.772 
300    (0)   :  0.014 0.020 0.054 0.087 0.091 0.735 
301    (0)   :  0.011 0.026 0.070 0.056 0.147 0.689 
302    (0)   :  0.014 0.023 0.068 0.150 0.083 0.661 
303    (0)   :  0.014 0.024 0.314 0.113 0.108 0.428 
304    (0)   :  0.012 0.054 0.383 0.063 0.222 0.266 
305    (0)   :  0.010 0.018 0.223 0.120 0.067 0.562 
306    (0)   :  0.008 0.022 0.373 0.113 0.115 0.370 
307    (0)   :  0.010 0.034 0.194 0.102 0.101 0.560 
308    (0)   :  0.007 0.022 0.336 0.149 0.085 0.400 
309    (0)   :  0.046 0.048 0.087 0.077 0.077 0.665 
310    (0)   :  0.012 0.020 0.270 0.165 0.063 0.470 
311    (0)   :  0.011 0.023 0.254 0.057 0.062 0.593 
312    (0)   :  0.010 0.025 0.077 0.070 0.060 0.758 
313    (0)   :  0.010 0.024 0.051 0.184 0.062 0.669 
314    (0)   :  0.008 0.016 0.777 0.058 0.060 0.081 
315    (0)   :  0.006 0.021 0.706 0.092 0.094 0.080 
316    (0)   :  0.008 0.026 0.707 0.055 0.115 0.089 
317    (0)   :  0.008 0.017 0.799 0.034 0.062 0.081 
318    (0)   :  0.007 0.017 0.805 0.027 0.067 0.076 
319    (0)   :  0.006 0.017 0.776 0.039 0.059 0.104 
320    (0)   :  0.008 0.017 0.777 0.059 0.059 0.080 
321    (0)   :  0.008 0.018 0.793 0.032 0.069 0.081 
322    (0)   :  0.009 0.024 0.684 0.085 0.104 0.094 
323    (0)   :  0.006 0.017 0.799 0.029 0.063 0.085 
324    (0)   :  0.008 0.018 0.793 0.032 0.069 0.080 
325    (0)   :  0.007 0.023 0.731 0.047 0.114 0.078 
326    (0)   :  0.010 0.026 0.729 0.049 0.111 0.075 
327    (0)   :  0.008 0.017 0.799 0.035 0.062 0.079 
328    (0)   :  0.007 0.023 0.701 0.068 0.104 0.097 
329    (0)   :  0.006 0.018 0.806 0.030 0.062 0.079 
330    (0)   :  0.008 0.017 0.799 0.034 0.062 0.080 
331    (0)   :  0.006 0.017 0.801 0.029 0.061 0.086 
332    (0)   :  0.008 0.024 0.721 0.045 0.125 0.077 
333    (0)   :  0.008 0.025 0.726 0.056 0.100 0.085 
334    (0)   :  0.006 0.022 0.702 0.070 0.104 0.096 
335    (0)   :  0.007 0.022 0.722 0.072 0.093 0.084 
336    (0)   :  0.008 0.017 0.785 0.043 0.069 0.078 
337    (0)   :  0.008 0.023 0.710 0.058 0.118 0.082 
338    (0)   :  0.008 0.018 0.803 0.027 0.068 0.077 
339    (0)   :  0.006 0.017 0.801 0.029 0.061 0.086 
340    (0)   :  0.006 0.017 0.805 0.031 0.057 0.085 
341    (0)   :  0.007 0.018 0.791 0.031 0.062 0.091 
342    (0)   :  0.008 0.017 0.798 0.035 0.063 0.079 
343    (0)   :  0.007 0.022 0.663 0.126 0.099 0.082 
344    (0)   :  0.006 0.017 0.809 0.028 0.062 0.079 
345    (0)   :  0.008 0.017 0.800 0.034 0.062 0.080 
346    (0)   :  0.007 0.017 0.811 0.029 0.061 0.076 
347    (0)   :  0.006 0.017 0.814 0.030 0.057 0.076 
348    (0)   :  0.007 0.021 0.661 0.146 0.083 0.083 
349    (0)   :  0.008 0.017 0.798 0.034 0.062 0.081 
350    (0)   :  0.006 0.016 0.769 0.050 0.060 0.099 
351    (0)   :  0.007 0.022 0.721 0.073 0.093 0.084 
352    (0)   :  0.008 0.023 0.718 0.066 0.103 0.082 
353    (0)   :  0.008 0.018 0.785 0.042 0.069 0.078 
354    (0)   :  0.007 0.018 0.799 0.030 0.063 0.084 
355    (0)   :  0.007 0.017 0.806 0.027 0.066 0.076 
356    (0)   :  0.007 0.021 0.616 0.189 0.081 0.085 
357    (0)   :  0.009 0.023 0.456 0.051 0.327 0.134 
358    (0)   :  0.006 0.024 0.733 0.048 0.108 0.080 
359    (0)   :  0.006 0.017 0.796 0.029 0.064 0.087 
360    (0)   :  0.007 0.017 0.811 0.029 0.060 0.076 
361    (0)   :  0.012 0.023 0.393 0.076 0.333 0.163 
362    (0)   :  0.014 0.053 0.064 0.071 0.422 0.376 
363    (0)   :  0.013 0.083 0.047 0.074 0.548 0.234 
364    (0)   :  0.020 0.038 0.228 0.069 0.272 0.372 
365    (0)   :  0.061 0.037 0.058 0.061 0.541 0.243 
366    (0)   :  0.026 0.026 0.107 0.252 0.357 0.232 
367    (0)   :  0.011 0.295 0.033 0.037 0.501 0.124 
368    (0)   :  0.010 0.047 0.053 0.037 0.154 0.698 
369    (0)   :  0.035 0.029 0.190 0.262 0.254 0.230 
370    (0)   :  0.022 0.237 0.067 0.060 0.131 0.483 
371    (0)   :  0.032 0.040 0.095 0.078 0.260 0.494 
372    (0)   :  0.051 0.104 0.083 0.060 0.102 0.599 
373    (0)   :  0.024 0.136 0.099 0.063 0.351 0.327 
374    (0)   :  0.048 0.043 0.250 0.063 0.360 0.236 
375    (0)   :  0.021 0.095 0.043 0.039 0.441 0.362 
376    (0)   :  0.010 0.038 0.038 0.037 0.769 0.107 
377    (0)   :  0.016 0.037 0.063 0.066 0.344 0.473 
378    (0)   :  0.013 0.433 0.189 0.051 0.113 0.200 
379    (0)   :  0.024 0.064 0.035 0.048 0.717 0.112 
380    (0)   :  0.017 0.022 0.135 0.123 0.511 0.191 
381    (0)   :  0.014 0.018 0.112 0.147 0.585 0.124 
382    (0)   :  0.012 0.071 0.054 0.037 0.620 0.206 
383    (0)   :  0.023 0.026 0.146 0.044 0.597 0.165 
384    (0)   :  0.042 0.112 0.122 0.047 0.432 0.246 
385    (0)   :  0.463 0.026 0.148 0.031 0.150 0.183 
386    (0)   :  0.010 0.065 0.047 0.052 0.635 0.191 
387    (0)   :  0.012 0.073 0.061 0.064 0.577 0.213 
388    (0)   :  0.052 0.055 0.194 0.039 0.249 0.412 
389    (0)   :  0.119 0.042 0.053 0.119 0.094 0.573 
390    (0)   :  0.028 0.232 0.045 0.204 0.356 0.135 
391    (0)   :  0.128 0.117 0.082 0.184 0.191 0.297 
392    (0)   :  0.009 0.041 0.108 0.054 0.570 0.219 
393    (0)   :  0.014 0.038 0.090 0.173 0.573 0.113 
394    (0)   :  0.008 0.086 0.233 0.052 0.373 0.247 
395    (0)   :  0.010 0.055 0.051 0.273 0.313 0.298 
396    (0)   :  0.009 0.057 0.034 0.039 0.513 0.347 
397    (0)   :  0.007 0.025 0.097 0.055 0.149 0.667 
398    (0)   :  0.007 0.066 0.037 0.048 0.710 0.131 
399    (0)   :  0.023 0.408 0.051 0.103 0.247 0.170 
400    (0)   :  0.014 0.091 0.070 0.063 0.623 0.140 
401    (0)   :  0.016 0.197 0.075 0.185 0.328 0.199 
402    (0)   :  0.015 0.068 0.068 0.173 0.262 0.416 
403    (0)   :  0.034 0.061 0.312 0.065 0.196 0.333 
404    (0)   :  0.031 0.050 0.104 0.076 0.413 0.325 
405    (0)   :  0.009 0.032 0.080 0.102 0.451 0.326 
406    (0)   :  0.007 0.023 0.072 0.585 0.211 0.102 
407    (0)   :  0.009 0.027 0.035 0.039 0.765 0.126 
408    (0)   :  0.008 0.202 0.032 0.218 0.145 0.395 
409    (0)   :  0.018 0.052 0.166 0.447 0.208 0.108 
410    (0)   :  0.019 0.110 0.088 0.078 0.491 0.214 
411    (0)   :  0.011 0.050 0.154 0.128 0.519 0.137 
412    (0)   :  0.012 0.064 0.049 0.038 0.271 0.565 
413    (0)   :  0.008 0.078 0.136 0.047 0.260 0.472 
414    (0)   :  0.026 0.124 0.037 0.041 0.265 0.507 
415    (0)   :  0.011 0.035 0.053 0.110 0.654 0.136 
416    (0)   :  0.070 0.059 0.082 0.116 0.478 0.195 
417    (0)   :  0.008 0.042 0.042 0.044 0.732 0.132 
418    (0)   :  0.009 0.148 0.041 0.033 0.485 0.284 
419    (0)   :  0.052 0.108 0.176 0.152 0.289 0.222 
420    (0)   :  0.012 0.155 0.042 0.328 0.317 0.146 
421    (0)   :  0.009 0.060 0.047 0.052 0.552 0.279 
422    (0)   :  0.010 0.025 0.049 0.156 0.334 0.426 
423    (0)   :  0.009 0.044 0.068 0.070 0.540 0.270 
424    (0)   :  0.019 0.402 0.068 0.169 0.208 0.134 
425    (0)   :  0.099 0.057 0.095 0.051 0.308 0.390 
426    (0)   :  0.047 0.291 0.097 0.058 0.292 0.215 
427    (0)   :  0.009 0.071 0.125 0.059 0.644 0.092 
428    (0)   :  0.010 0.032 0.117 0.168 0.369 0.304 
429    (0)   :  0.008 0.081 0.033 0.033 0.730 0.115 
430    (0)   :  0.009 0.040 0.041 0.059 0.709 0.142 
431    (0)   :  0.019 0.164 0.074 0.053 0.232 0.457 
432    (0)   :  0.008 0.056 0.059 0.045 0.183 0.648 
433    (0)   :  0.009 0.076 0.251 0.102 0.114 0.448 
434    (0)   :  0.016 0.028 0.101 0.084 0.321 0.451 
435    (0)   :  0.006 0.039 0.036 0.053 0.752 0.114 
436    (0)   :  0.011 0.140 0.063 0.085 0.631 0.070 
437    (0)   :  0.006 0.026 0.041 0.038 0.738 0.151 
438    (0)   :  0.008 0.085 0.064 0.425 0.316 0.102 
439    (0)   :  0.009 0.051 0.049 0.051 0.765 0.077 
440    (0)   :  0.008 0.048 0.030 0.047 0.786 0.080 
441    (0)   :  0.011 0.050 0.096 0.074 0.620 0.149 
442    (0)   :  0.039 0.044 0.043 0.074 0.620 0.179 
443    (0)   :  0.014 0.347 0.036 0.228 0.271 0.103 
444    (0)   :  0.030 0.037 0.042 0.088 0.664 0.139 
445    (0)   :  0.010 0.044 0.100 0.316 0.394 0.135 
446    (0)   :  0.009 0.203 0.042 0.059 0.594 0.093 
447    (0)   :  0.032 0.032 0.085 0.154 0.543 0.154 
448    (0)   :  0.008 0.033 0.042 0.056 0.691 0.170 
449    (0)   :  0.009 0.033 0.071 0.077 0.612 0.199 
450    (0)   :  0.012 0.052 0.080 0.036 0.680 0.140 
451    (0)   :  0.009 0.200 0.032 0.069 0.325 0.365 
452    (0)   :  0.009 0.044 0.064 0.036 0.737 0.111 
453    (0)   :  0.013 0.066 0.053 0.602 0.121 0.145 
454    (0)   :  0.010 0.048 0.082 0.054 0.661 0.145 
455    (0)   :  0.009 0.081 0.039 0.181 0.603 0.088 
456    (0)   :  0.012 0.046 0.037 0.186 0.588 0.131 
457    (0)   :  0.007 0.022 0.044 0.040 0.763 0.124 
458    (0)   :  0.010 0.059 0.048 0.053 0.719 0.111 
459    (0)   :  0.010 0.216 0.101 0.119 0.472 0.082 
460    (0)   :  0.009 0.222 0.040 0.060 0.590 0.079 
461    (0)   :  0.009 0.440 0.040 0.034 0.390 0.088 
462    (0)   :  0.116 0.150 0.029 0.108 0.449 0.147 
463    (0)   :  0.009 0.039 0.049 0.535 0.247 0.121 
464    (0)   :  0.008 0.118 0.038 0.126 0.606 0.104 
465    (0)   :  0.011 0.246 0.048 0.128 0.358 0.208 
466    (0)   :  0.008 0.074 0.038 0.317 0.395 0.168 
467    (0)   :  0.014 0.164 0.065 0.176 0.425 0.156 
468    (0)   :  0.007 0.021 0.038 0.100 0.736 0.100 
469    (0)   :  0.007 0.031 0.041 0.054 0.793 0.073 
470    (0)   :  0.006 0.056 0.038 0.046 0.764 0.090 
471    (0)   :  0.035 0.082 0.045 0.235 0.396 0.207 
472    (0)   :  0.015 0.066 0.048 0.163 0.482 0.226 
473    (0)   :  0.008 0.029 0.069 0.076 0.550 0.267 
474    (0)   :  0.009 0.044 0.065 0.079 0.684 0.119 
475    (0)   :  0.010 0.144 0.079 0.129 0.435 0.203 
476    (0)   :  0.009 0.062 0.048 0.078 0.718 0.085 
477    (0)   :  0.018 0.277 0.069 0.145 0.307 0.185 
478    (0)   :  0.013 0.672 0.036 0.039 0.143 0.096 
479    (0)   :  0.008 0.045 0.036 0.042 0.779 0.089 
480    (0)   :  0.007 0.031 0.042 0.037 0.799 0.084 
481    (0)   :  0.022 0.032 0.043 0.068 0.407 0.429 
482    (0)   :  0.007 0.063 0.036 0.034 0.778 0.082 
483    (0)   :  0.009 0.108 0.050 0.071 0.675 0.087 
484    (0)   :  0.013 0.050 0.049 0.298 0.443 0.147 
485    (0)   :  0.008 0.100 0.039 0.094 0.683 0.076 
486    (0)   :  0.039 0.080 0.058 0.133 0.174 0.516 
487    (0)   :  0.019 0.037 0.128 0.084 0.161 0.571 
488    (0)   :  0.047 0.095 0.087 0.054 0.113 0.604 
489    (0)   :  0.023 0.023 0.149 0.165 0.161 0.479 
490    (0)   :  0.018 0.220 0.041 0.130 0.238 0.354 
491    (0)   :  0.044 0.023 0.103 0.075 0.096 0.659 
492    (0)   :  0.033 0.191 0.244 0.175 0.113 0.244 
493    (0)   :  0.042 0.042 0.068 0.056 0.105 0.687 
494    (0)   :  0.029 0.034 0.097 0.083 0.142 0.616 
495    (0)   :  0.088 0.214 0.162 0.119 0.129 0.289 
496    (0)   :  0.008 0.051 0.269 0.211 0.134 0.327 
497    (0)   :  0.088 0.028 0.099 0.041 0.098 0.647 
498    (0)   :  0.202 0.055 0.067 0.141 0.183 0.351 
499    (0)   :  0.012 0.026 0.187 0.076 0.115 0.585 
500    (0)   :  0.011 0.031 0.063 0.054 0.195 0.646 
501    (0)   :  0.013 0.067 0.201 0.082 0.250 0.387 
502    (0)   :  0.033 0.112 0.236 0.059 0.170 0.391 
503    (0)   :  0.010 0.031 0.053 0.051 0.429 0.426 
504    (0)   :  0.068 0.182 0.058 0.104 0.135 0.451 
505    (0)   :  0.018 0.041 0.102 0.189 0.099 0.551 
506    (0)   :  0.058 0.109 0.179 0.070 0.153 0.432 
507    (0)   :  0.007 0.020 0.503 0.146 0.073 0.252 
508    (0)   :  0.013 0.027 0.445 0.188 0.064 0.263 
509    (0)   :  0.011 0.032 0.142 0.120 0.089 0.606 
510    (0)   :  0.012 0.045 0.268 0.070 0.185 0.420 
511    (0)   :  0.035 0.081 0.069 0.105 0.454 0.255 
512    (0)   :  0.022 0.071 0.044 0.045 0.577 0.240 
513    (0)   :  0.562 0.069 0.067 0.081 0.049 0.171 
514    (0)   :  0.010 0.206 0.068 0.079 0.147 0.491 
515    (0)   :  0.014 0.033 0.159 0.153 0.389 0.253 
516    (0)   :  0.011 0.093 0.067 0.123 0.098 0.609 
517    (0)   :  0.009 0.048 0.134 0.306 0.252 0.250 
518    (0)   :  0.009 0.026 0.163 0.044 0.160 0.599 
519    (0)   :  0.018 0.240 0.085 0.107 0.199 0.351 
520    (0)   :  0.007 0.024 0.209 0.387 0.204 0.169 
521    (0)   :  0.011 0.102 0.326 0.108 0.132 0.321 
522    (0)   :  0.012 0.040 0.063 0.249 0.434 0.203 
523    (0)   :  0.007 0.045 0.117 0.538 0.105 0.188 
524    (0)   :  0.007 0.034 0.097 0.151 0.445 0.265 
525    (0)   :  0.008 0.026 0.184 0.130 0.276 0.376 
526    (0)   :  0.006 0.022 0.064 0.559 0.226 0.123 
527    (0)   :  0.014 0.060 0.058 0.047 0.238 0.582 
528    (0)   :  0.009 0.033 0.465 0.099 0.091 0.303 
529    (0)   :  0.013 0.029 0.103 0.050 0.102 0.704 
530    (0)   :  0.016 0.031 0.099 0.181 0.433 0.240 
531    (0)   :  0.011 0.037 0.373 0.136 0.276 0.168 
532    (0)   :  0.011 0.040 0.271 0.077 0.143 0.457 
533    (0)   :  0.009 0.026 0.074 0.125 0.299 0.467 
534    (0)   :  0.013 0.048 0.098 0.176 0.063 0.602 
535    (0)   :  0.008 0.060 0.065 0.488 0.210 0.169 
536    (0)   :  0.016 0.060 0.150 0.295 0.261 0.218 
537    (0)   :  0.017 0.037 0.176 0.487 0.107 0.175 
538    (0)   :  0.010 0.034 0.155 0.344 0.153 0.303 
539    (0)   :  0.010 0.023 0.598 0.115 0.081 0.174 
540    (0)   :  0.013 0.032 0.193 0.240 0.203 0.319 
541    (0)   :  0.018 0.091 0.448 0.118 0.146 0.179 
542    (0)   :  0.020 0.027 0.051 0.521 0.189 0.192 
543    (0)   :  0.016 0.196 0.167 0.334 0.107 0.181 
544    (0)   :  0.010 0.027 0.079 0.587 0.137 0.160 
545    (0)   :  0.011 0.039 0.037 0.644 0.157 0.111 
546    (0)   :  0.038 0.033 0.113 0.372 0.133 0.311 
547    (0)   :  0.009 0.034 0.075 0.716 0.081 0.085 
548    (0)   :  0.010 0.030 0.258 0.062 0.089 0.552 
549    (0)   :  0.012 0.033 0.283 0.400 0.175 0.098 
550    (0)   :  0.016 0.059 0.056 0.482 0.288 0.099 
551    (0)   :  0.011 0.055 0.470 0.193 0.138 0.133 
552    (0)   :  0.010 0.022 0.153 0.268 0.128 0.419 
553    (0)   :  0.012 0.069 0.139 0.604 0.065 0.111 
554    (0)   :  0.019 0.088 0.143 0.156 0.298 0.298 
555    (0)   :  0.042 0.034 0.289 0.290 0.106 0.238 
556    (0)   :  0.012 0.033 0.102 0.362 0.130 0.361 
557    (0)   :  0.012 0.097 0.079 0.451 0.265 0.095 
558    (0)   :  0.007 0.060 0.037 0.031 0.787 0.078 
559    (0)   :  0.010 0.108 0.051 0.081 0.170 0.581 
560    (0)   :  0.019 0.295 0.029 0.049 0.477 0.131 
561    (0)   :  0.019 0.054 0.039 0.090 0.459 0.339 
562    (0)   :  0.021 0.159 0.029 0.096 0.377 0.317 
563    (0)   :  0.024 0.352 0.139 0.152 0.203 0.130 
564    (0)   :  0.011 0.037 0.059 0.120 0.156 0.617 
565    (0)   :  0.008 0.025 0.042 0.038 0.771 0.115 
566    (0)   :  0.011 0.357 0.030 0.048 0.427 0.127 
567    (0)   :  0.010 0.043 0.039 0.070 0.133 0.705 
568    (0)   :  0.008 0.082 0.056 0.135 0.314 0.404 
569    (0)   :  0.011 0.071 0.062 0.182 0.481 0.193 
570    (0)   :  0.007 0.042 0.032 0.031 0.770 0.118 
571    (0)   :  0.008 0.364 0.049 0.055 0.244 0.279 
572    (0)   :  0.020 0.020 0.142 0.450 0.211 0.157 
573    (0)   :  0.008 0.029 0.054 0.092 0.284 0.532 
574    (0)   :  0.013 0.028 0.134 0.080 0.535 0.210 
575    (0)   :  0.010 0.191 0.109 0.121 0.299 0.270 
576    (0)   :  0.028 0.198 0.031 0.038 0.479 0.226 
577    (0)   :  0.013 0.035 0.117 0.070 0.486 0.279 
578    (0)   :  0.022 0.161 0.051 0.064 0.462 0.239 
579    (0)   :  0.046 0.044 0.044 0.066 0.425 0.375 
580    (0)   :  0.010 0.033 0.071 0.048 0.621 0.217 
581    (0)   :  0.009 0.056 0.060 0.050 0.658 0.168 
582    (0)   :  0.008 0.092 0.034 0.073 0.683 0.110 
583    (0)   :  0.010 0.271 0.048 0.045 0.328 0.298 
584    (0)   :  0.011 0.210 0.037 0.042 0.422 0.277 
585    (0)   :  0.025 0.110 0.041 0.049 0.560 0.215 
586    (0)   :  0.010 0.468 0.062 0.076 0.126 0.258 
587    (0)   :  0.014 0.039 0.034 0.090 0.461 0.362 
588    (0)   :  0.013 0.022 0.043 0.165 0.058 0.699 
589    (0)   :  0.008 0.034 0.038 0.112 0.652 0.156 
590    (0)   :  0.015 0.223 0.042 0.048 0.163 0.509 
591    (0)   :  0.009 0.155 0.049 0.051 0.238 0.498 
592    (0)   :  0.009 0.094 0.038 0.183 0.331 0.345 
593    (0)   :  0.008 0.065 0.070 0.089 0.427 0.342 
594    (0)   :  0.011 0.087 0.075 0.053 0.171 0.603 
595    (0)   :  0.082 0.039 0.034 0.031 0.405 0.410 
596    (0)   :  0.013 0.046 0.065 0.195 0.263 0.418 
597    (0)   :  0.008 0.517 0.182 0.092 0.084 0.116 
598    (0)   :  0.006 0.035 0.035 0.032 0.806 0.085 
599    (0)   :  0.007 0.147 0.032 0.101 0.431 0.282 
600    (0)   :  0.013 0.030 0.085 0.094 0.564 0.215 
601    (0)   :  0.011 0.070 0.032 0.083 0.628 0.176 
602    (0)   :  0.011 0.036 0.089 0.048 0.125 0.691 
603    (0)   :  0.010 0.039 0.089 0.055 0.117 0.690 
604    (0)   :  0.031 0.043 0.096 0.067 0.462 0.301 
605    (0)   :  0.014 0.039 0.054 0.097 0.316 0.478 
606    (0)   :  0.013 0.056 0.121 0.099 0.216 0.496 
607    (0)   :  0.012 0.028 0.206 0.041 0.312 0.402 
608    (0)   :  0.009 0.068 0.410 0.059 0.274 0.181 
609    (0)   :  0.015 0.039 0.071 0.089 0.549 0.238 
610    (0)   :  0.013 0.029 0.056 0.159 0.537 0.207 
611    (0)   :  0.009 0.051 0.106 0.103 0.140 0.592 
612    (0)   :  0.009 0.025 0.048 0.075 0.733 0.111 
613    (0)   :  0.014 0.040 0.065 0.128 0.373 0.381 
614    (0)   :  0.021 0.021 0.046 0.049 0.648 0.215 
615    (0)   :  0.009 0.021 0.085 0.059 0.595 0.230 
616    (0)   :  0.009 0.034 0.130 0.040 0.290 0.497 
617    (0)   :  0.090 0.037 0.048 0.083 0.465 0.277 
618    (0)   :  0.038 0.027 0.160 0.087 0.419 0.269 
619    (0)   :  0.007 0.053 0.126 0.170 0.345 0.300 
620    (0)   :  0.012 0.080 0.030 0.152 0.267 0.459 
621    (0)   :  0.012 0.110 0.048 0.039 0.425 0.367 
622    (0)   :  0.162 0.032 0.098 0.083 0.292 0.333 
623    (0)   :  0.010 0.060 0.048 0.076 0.279 0.527 
624    (0)   :  0.011 0.035 0.159 0.050 0.598 0.148 
625    (0)   :  0.046 0.058 0.142 0.045 0.478 0.231 
626    (0)   :  0.010 0.021 0.316 0.257 0.235 0.161 
627    (0)   :  0.016 0.051 0.063 0.092 0.310 0.469 
628    (0)   :  0.034 0.098 0.067 0.059 0.237 0.505 
629    (0)   :  0.014 0.052 0.069 0.050 0.235 0.581 
630    (0)   :  0.019 0.042 0.065 0.058 0.564 0.252 
631    (0)   :  0.011 0.029 0.066 0.042 0.477 0.375 
632    (0)   :  0.018 0.032 0.221 0.135 0.169 0.426 
633    (0)   :  0.024 0.046 0.126 0.052 0.508 0.243 
634    (0)   :  0.012 0.057 0.160 0.113 0.300 0.359 
635    (0)   :  0.009 0.024 0.391 0.067 0.201 0.309 
636    (0)   :  0.010 0.038 0.225 0.055 0.448 0.222 
637    (0)   :  0.016 0.036 0.085 0.356 0.208 0.298 
638    (0)   :  0.009 0.036 0.094 0.042 0.183 0.636 
639    (0)   :  0.022 0.024 0.099 0.055 0.444 0.357 
640    (0)   :  0.049 0.186 0.066 0.036 0.344 0.318 
641    (0)   :  0.010 0.029 0.068 0.042 0.240 0.610 
642    (0)   :  0.012 0.032 0.339 0.196 0.159 0.261 
643    (0)   :  0.010 0.049 0.644 0.064 0.106 0.127 
644    (0)   :  0.010 0.063 0.496 0.072 0.103 0.256 
645    (0)   :  0.015 0.018 0.435 0.086 0.269 0.178 
646    (0)   :  0.036 0.032 0.105 0.144 0.166 0.517 
647    (0)   :  0.040 0.093 0.267 0.176 0.121 0.304 
648    (0)   :  0.036 0.027 0.225 0.127 0.137 0.448 
649    (0)   :  0.012 0.031 0.111 0.183 0.084 0.579 
650    (0)   :  0.011 0.043 0.125 0.112 0.103 0.605 
651    (0)   :  0.033 0.029 0.269 0.038 0.094 0.537 
652    (0)   :  0.009 0.028 0.479 0.061 0.111 0.312 
653    (0)   :  0.023 0.029 0.297 0.152 0.131 0.367 
654    (0)   :  0.041 0.023 0.317 0.240 0.110 0.269 
655    (0)   :  0.009 0.075 0.461 0.076 0.164 0.215 
656    (0)   :  0.032 0.029 0.188 0.167 0.127 0.456 
657    (0)   :  0.010 0.029 0.159 0.057 0.265 0.480 
658    (0)   :  0.010 0.077 0.193 0.186 0.241 0.293 
659    (0)   :  0.016 0.031 0.386 0.149 0.134 0.284 
660    (0)   :  0.009 0.028 0.401 0.122 0.088 0.353 
661    (0)   :  0.014 0.021 0.446 0.217 0.123 0.178 
662    (0)   :  0.015 0.034 0.082 0.280 0.073 0.515 
663    (0)   :  0.007 0.036 0.396 0.066 0.110 0.385 
664    (0)   :  0.017 0.167 0.194 0.162 0.266 0.194 
665    (0)   :  0.009 0.028 0.108 0.167 0.088 0.600 
666    (0)   :  0.010 0.029 0.324 0.164 0.135 0.338 
667    (0)   :  0.121 0.049 0.095 0.077 0.135 0.522 
668    (0)   :  0.013 0.031 0.358 0.120 0.191 0.288 
669    (0)   :  0.010 0.028 0.167 0.087 0.083 0.626 
670    (0)   :  0.006 0.019 0.679 0.057 0.064 0.175 
671    (0)   :  0.008 0.027 0.477 0.099 0.085 0.303 
672    (0)   :  0.007 0.063 0.581 0.129 0.134 0.087 
673    (0)   :  0.006 0.018 0.790 0.032 0.066 0.088 
674    (0)   :  0.011 0.017 0.575 0.075 0.118 0.204 
675    (0)   :  0.024 0.044 0.712 0.043 0.069 0.107 
676    (0)   :  0.006 0.018 0.793 0.036 0.063 0.083 
677    (0)   :  0.007 0.016 0.534 0.242 0.058 0.143 
678    (0)   :  0.007 0.022 0.785 0.029 0.066 0.091 
679    (0)   :  0.009 0.018 0.649 0.031 0.121 0.172 
680    (0)   :  0.012 0.018 0.683 0.056 0.103 0.127 
681    (0)   :  0.018 0.023 0.206 0.383 0.186 0.184 
682    (0)   :  0.009 0.020 0.701 0.066 0.110 0.094 
683    (0)   :  0.007 0.018 0.710 0.069 0.061 0.135 
684    (0)   :  0.008 0.021 0.773 0.036 0.066 0.096 
685    (0)   :  0.006 0.017 0.797 0.039 0.059 0.081 
686    (0)   :  0.009 0.019 0.441 0.257 0.100 0.175 
687    (0)   :  0.008 0.026 0.482 0.123 0.078 0.284 
688    (0)   :  0.008 0.027 0.684 0.054 0.085 0.141 
689    (0)   :  0.006 0.017 0.794 0.035 0.059 0.089 
690    (0)   :  0.007 0.018 0.794 0.037 0.062 0.082 
691    (0)   :  0.011 0.017 0.641 0.058 0.111 0.162 
692    (0)   :  0.008 0.028 0.691 0.037 0.092 0.145 
693    (0)   :  0.010 0.044 0.684 0.052 0.103 0.107 
694    (0)   :  0.006 0.017 0.804 0.040 0.053 0.079 
695    (0)   :  0.007 0.022 0.689 0.115 0.090 0.077 
696    (0)   :  0.008 0.027 0.687 0.054 0.084 0.139 
697    (0)   :  0.006 0.016 0.766 0.048 0.062 0.101 
698    (0)   :  0.006 0.018 0.783 0.038 0.062 0.093 
699    (0)   :  0.007 0.019 0.512 0.296 0.076 0.089 
700    (0)   :  0.013 0.051 0.566 0.196 0.080 0.094 
701    (0)   :  0.008 0.026 0.566 0.084 0.119 0.196 
702    (0)   :  0.011 0.030 0.519 0.159 0.133 0.148 
703    (0)   :  0.009 0.019 0.679 0.074 0.109 0.110 
704    (0)   :  0.007 0.026 0.685 0.079 0.078 0.125 
705    (0)   :  0.017 0.027 0.307 0.367 0.115 0.168 
706    (0)   :  0.009 0.017 0.670 0.098 0.095 0.110 
707    (0)   :  0.007 0.017 0.741 0.065 0.064 0.106 
708    (0)   :  0.009 0.018 0.762 0.044 0.061 0.105 
709    (0)   :  0.009 0.022 0.671 0.155 0.066 0.076 
710    (0)   :  0.006 0.016 0.796 0.048 0.058 0.075 
711    (0)   :  0.009 0.017 0.588 0.163 0.088 0.135 
712    (0)   :  0.009 0.016 0.642 0.172 0.054 0.106 
713    (0)   :  0.008 0.026 0.691 0.062 0.075 0.139 
714    (0)   :  0.018 0.019 0.587 0.046 0.117 0.214 
715    (0)   :  0.007 0.016 0.728 0.108 0.055 0.086 
