

----------------------------------------------------
STRUCTURE by Pritchard, Stephens and Donnelly (2000)
     and Falush, Stephens and Pritchard (2003)
       Code by Pritchard, Falush and Hubisz
             Version 2.3.4 (Jul 2012)
----------------------------------------------------



Command line arguments:   ./structure -K 10 -D 110020 -m brooktrout/mainparams -e brooktrout/extraparams -o brooktrout/250914_output/results_K10_rep20 
Input File:    brooktrout/brooktrout.txt

Run parameters:
   8454 individuals
   5 loci
   10 populations assumed
   50000 Burn-in period
   100000 Reps
RANDOMIZE turned off


--------------------------------------------
Overall proportion of membership of the
sample in each of the 10 clusters

Inferred Clusters
  1      2      3      4      5      6      7      8      9     10    
0.008  0.013  0.025  0.082  0.094  0.127  0.159  0.155  0.166  0.171  

--------------------------------------------

Allele-freq. divergence among pops (Net nucleotide distance),
computed using point estimates of P.

      1       2       3       4       5       6       7       8       9      10      
 1      -    0.1738  0.0984  0.1431  0.1355  0.1347  0.1234  0.1265  0.1523  0.1431  
 2   0.1738     -    0.1935  0.2046  0.2349  0.1301  0.1563  0.1745  0.2163  0.2440  
 3   0.0984  0.1935     -    0.1195  0.1454  0.1431  0.1330  0.1415  0.1042  0.0874  
 4   0.1431  0.2046  0.1195     -    0.2010  0.1289  0.1857  0.1850  0.1312  0.0772  
 5   0.1355  0.2349  0.1454  0.2010     -    0.1636  0.1389  0.1305  0.1467  0.2165  
 6   0.1347  0.1301  0.1431  0.1289  0.1636     -    0.1133  0.1166  0.1776  0.1758  
 7   0.1234  0.1563  0.1330  0.1857  0.1389  0.1133     -    0.0955  0.1584  0.2072  
 8   0.1265  0.1745  0.1415  0.1850  0.1305  0.1166  0.0955     -    0.1518  0.2129  
 9   0.1523  0.2163  0.1042  0.1312  0.1467  0.1776  0.1584  0.1518     -    0.1421  
10   0.1431  0.2440  0.0874  0.0772  0.2165  0.1758  0.2072  0.2129  0.1421     -    

Average distances (expected heterozygosity) between individuals in same cluster:
cluster  1  : 0.8298 
cluster  2  : 0.6792 
cluster  3  : 0.8184 
cluster  4  : 0.6971 
cluster  5  : 0.7518 
cluster  6  : 0.6891 
cluster  7  : 0.7122 
cluster  8  : 0.7375 
cluster  9  : 0.7474 
cluster 10  : 0.6837 

--------------------------------------------
Estimated Ln Prob of Data   = -206461.7
Mean value of ln likelihood = -172629.9
Variance of ln likelihood   = 67663.5

Mean value of alpha_1       = 0.0473
Mean value of alpha_2       = 0.0684
Mean value of alpha_3       = 0.1509
Mean value of alpha_4       = 0.4825
Mean value of alpha_5       = 0.5705
Mean value of alpha_6       = 0.7627
Mean value of alpha_7       = 0.9500
Mean value of alpha_8       = 0.9224
Mean value of alpha_9       = 1.0000
Mean value of alpha_10       = 1.0000
Allele frequencies uncorrelated


Inferred ancestry of individuals:
     (%Miss) :  Inferred clusters
  1    (0)   :  0.005 0.007 0.019 0.097 0.070 0.313 0.116 0.098 0.118 0.156 
  2    (0)   :  0.004 0.005 0.039 0.050 0.185 0.080 0.172 0.127 0.218 0.120 
  3    (0)   :  0.006 0.009 0.016 0.107 0.045 0.119 0.284 0.116 0.154 0.145 
  4    (0)   :  0.012 0.012 0.030 0.129 0.063 0.071 0.125 0.116 0.131 0.312 
  5    (0)   :  0.005 0.006 0.020 0.044 0.235 0.091 0.190 0.121 0.173 0.116 
  6    (0)   :  0.006 0.006 0.018 0.043 0.057 0.140 0.332 0.147 0.105 0.146 
  7    (0)   :  0.005 0.007 0.013 0.054 0.085 0.131 0.177 0.343 0.087 0.097 
  8    (0)   :  0.020 0.011 0.090 0.092 0.060 0.094 0.205 0.125 0.108 0.195 
  9    (0)   :  0.008 0.008 0.042 0.089 0.112 0.122 0.202 0.125 0.160 0.134 
 10    (0)   :  0.007 0.006 0.086 0.057 0.081 0.158 0.222 0.138 0.089 0.157 
 11    (0)   :  0.004 0.007 0.013 0.054 0.109 0.292 0.149 0.202 0.081 0.089 
 12    (0)   :  0.005 0.005 0.018 0.049 0.161 0.100 0.179 0.130 0.175 0.178 
 13    (0)   :  0.006 0.006 0.026 0.077 0.105 0.128 0.191 0.181 0.143 0.138 
 14    (0)   :  0.004 0.009 0.031 0.063 0.066 0.106 0.213 0.085 0.278 0.145 
 15    (0)   :  0.005 0.013 0.017 0.072 0.083 0.097 0.172 0.143 0.152 0.247 
 16    (0)   :  0.004 0.007 0.014 0.077 0.080 0.248 0.210 0.139 0.115 0.106 
 17    (0)   :  0.008 0.007 0.019 0.060 0.109 0.119 0.266 0.105 0.151 0.156 
 18    (0)   :  0.007 0.013 0.068 0.056 0.062 0.123 0.205 0.103 0.181 0.181 
 19    (0)   :  0.005 0.006 0.019 0.057 0.090 0.144 0.304 0.130 0.105 0.141 
 20    (0)   :  0.005 0.011 0.016 0.053 0.135 0.097 0.192 0.186 0.146 0.160 
 21    (0)   :  0.004 0.007 0.023 0.062 0.071 0.167 0.131 0.104 0.213 0.219 
 22    (0)   :  0.007 0.006 0.017 0.085 0.056 0.153 0.305 0.105 0.124 0.144 
 23    (0)   :  0.007 0.014 0.030 0.165 0.071 0.080 0.151 0.097 0.222 0.163 
 24    (0)   :  0.004 0.007 0.015 0.101 0.068 0.270 0.122 0.115 0.122 0.175 
 25    (0)   :  0.005 0.009 0.022 0.044 0.117 0.089 0.330 0.176 0.121 0.086 
 26    (0)   :  0.006 0.008 0.017 0.059 0.099 0.159 0.172 0.123 0.143 0.213 
 27    (0)   :  0.005 0.006 0.014 0.066 0.096 0.160 0.215 0.119 0.176 0.143 
 28    (0)   :  0.005 0.006 0.060 0.057 0.053 0.172 0.122 0.153 0.119 0.253 
 29    (0)   :  0.004 0.005 0.015 0.074 0.145 0.124 0.158 0.187 0.173 0.113 
 30    (0)   :  0.005 0.007 0.016 0.074 0.069 0.211 0.237 0.107 0.158 0.116 
 31    (0)   :  0.015 0.006 0.080 0.056 0.106 0.157 0.121 0.157 0.173 0.129 
 32    (0)   :  0.004 0.008 0.026 0.082 0.064 0.076 0.308 0.093 0.142 0.197 
 33    (0)   :  0.005 0.007 0.014 0.126 0.056 0.119 0.222 0.162 0.150 0.141 
 34    (0)   :  0.006 0.009 0.078 0.053 0.136 0.079 0.276 0.169 0.080 0.114 
 35    (0)   :  0.009 0.006 0.016 0.066 0.122 0.105 0.208 0.094 0.283 0.091 
 36    (0)   :  0.004 0.029 0.017 0.073 0.049 0.275 0.098 0.102 0.266 0.088 
 37    (0)   :  0.006 0.006 0.026 0.105 0.054 0.102 0.180 0.112 0.241 0.168 
 38    (0)   :  0.005 0.157 0.013 0.057 0.103 0.143 0.121 0.173 0.150 0.078 
 39    (0)   :  0.007 0.011 0.013 0.056 0.095 0.131 0.168 0.178 0.226 0.113 
 40    (0)   :  0.004 0.009 0.015 0.153 0.057 0.109 0.143 0.085 0.324 0.100 
 41    (0)   :  0.007 0.012 0.016 0.127 0.085 0.128 0.157 0.149 0.247 0.072 
 42    (0)   :  0.004 0.018 0.012 0.304 0.063 0.190 0.078 0.088 0.132 0.111 
 43    (0)   :  0.007 0.006 0.027 0.136 0.060 0.078 0.147 0.113 0.323 0.104 
 44    (0)   :  0.006 0.005 0.015 0.094 0.055 0.072 0.200 0.094 0.388 0.072 
 45    (0)   :  0.005 0.022 0.024 0.058 0.107 0.222 0.085 0.115 0.285 0.077 
 46    (0)   :  0.008 0.007 0.014 0.044 0.082 0.101 0.280 0.124 0.220 0.120 
 47    (0)   :  0.016 0.006 0.050 0.078 0.101 0.129 0.211 0.108 0.169 0.132 
 48    (0)   :  0.007 0.007 0.014 0.090 0.062 0.065 0.187 0.077 0.414 0.077 
 49    (0)   :  0.008 0.008 0.015 0.078 0.121 0.164 0.145 0.107 0.241 0.113 
 50    (0)   :  0.009 0.007 0.052 0.043 0.077 0.105 0.283 0.173 0.148 0.104 
 51    (0)   :  0.004 0.028 0.016 0.108 0.054 0.175 0.079 0.090 0.372 0.073 
 52    (0)   :  0.008 0.007 0.012 0.067 0.104 0.161 0.163 0.179 0.173 0.126 
 53    (0)   :  0.007 0.034 0.029 0.077 0.048 0.149 0.218 0.164 0.165 0.108 
 54    (0)   :  0.008 0.005 0.054 0.076 0.108 0.095 0.128 0.103 0.294 0.131 
 55    (0)   :  0.006 0.006 0.018 0.061 0.065 0.073 0.137 0.094 0.441 0.100 
 56    (0)   :  0.006 0.012 0.014 0.098 0.086 0.107 0.173 0.086 0.304 0.115 
 57    (0)   :  0.012 0.007 0.027 0.066 0.110 0.134 0.195 0.114 0.090 0.244 
 58    (0)   :  0.005 0.011 0.015 0.082 0.104 0.156 0.096 0.115 0.316 0.101 
 59    (0)   :  0.005 0.037 0.014 0.096 0.149 0.189 0.100 0.103 0.210 0.098 
 60    (0)   :  0.004 0.013 0.025 0.079 0.048 0.145 0.097 0.109 0.334 0.147 
 61    (0)   :  0.004 0.005 0.040 0.080 0.067 0.074 0.079 0.097 0.417 0.138 
 62    (0)   :  0.008 0.007 0.023 0.058 0.242 0.118 0.146 0.128 0.137 0.134 
 63    (0)   :  0.004 0.007 0.019 0.117 0.058 0.105 0.134 0.181 0.249 0.126 
 64    (0)   :  0.006 0.015 0.015 0.053 0.129 0.165 0.242 0.113 0.168 0.093 
 65    (0)   :  0.005 0.006 0.021 0.043 0.116 0.081 0.233 0.228 0.181 0.085 
 66    (0)   :  0.005 0.006 0.035 0.085 0.082 0.094 0.116 0.162 0.221 0.194 
 67    (0)   :  0.005 0.005 0.045 0.059 0.070 0.074 0.134 0.107 0.414 0.088 
 68    (0)   :  0.006 0.032 0.014 0.100 0.113 0.203 0.092 0.104 0.223 0.113 
 69    (0)   :  0.007 0.084 0.145 0.046 0.118 0.144 0.144 0.092 0.113 0.108 
 70    (0)   :  0.004 0.014 0.023 0.105 0.055 0.132 0.123 0.196 0.236 0.112 
 71    (0)   :  0.005 0.029 0.017 0.049 0.135 0.183 0.101 0.113 0.292 0.074 
 72    (0)   :  0.005 0.010 0.018 0.060 0.055 0.265 0.190 0.117 0.198 0.082 
 73    (0)   :  0.005 0.010 0.033 0.056 0.161 0.095 0.095 0.125 0.338 0.083 
 74    (0)   :  0.004 0.029 0.014 0.133 0.049 0.244 0.096 0.092 0.229 0.111 
 75    (0)   :  0.005 0.018 0.022 0.112 0.062 0.229 0.083 0.078 0.253 0.137 
 76    (0)   :  0.005 0.006 0.019 0.067 0.048 0.081 0.172 0.182 0.325 0.096 
 77    (0)   :  0.005 0.031 0.013 0.103 0.106 0.163 0.108 0.178 0.223 0.070 
 78    (0)   :  0.005 0.135 0.013 0.109 0.103 0.123 0.111 0.158 0.171 0.071 
 79    (0)   :  0.004 0.006 0.026 0.060 0.086 0.146 0.188 0.265 0.108 0.111 
 80    (0)   :  0.005 0.006 0.030 0.135 0.052 0.093 0.092 0.158 0.115 0.316 
 81    (0)   :  0.005 0.006 0.031 0.092 0.050 0.117 0.095 0.213 0.099 0.293 
 82    (0)   :  0.004 0.006 0.016 0.091 0.113 0.105 0.131 0.144 0.238 0.152 
 83    (0)   :  0.004 0.010 0.021 0.078 0.045 0.096 0.142 0.220 0.150 0.234 
 84    (0)   :  0.004 0.006 0.018 0.076 0.054 0.117 0.159 0.236 0.109 0.221 
 85    (0)   :  0.004 0.011 0.020 0.090 0.054 0.135 0.189 0.135 0.126 0.237 
 86    (0)   :  0.006 0.008 0.019 0.047 0.123 0.091 0.180 0.116 0.301 0.108 
 87    (0)   :  0.005 0.011 0.033 0.065 0.064 0.110 0.128 0.340 0.129 0.114 
 88    (0)   :  0.004 0.006 0.018 0.126 0.067 0.121 0.106 0.206 0.134 0.212 
 89    (0)   :  0.005 0.006 0.055 0.115 0.058 0.122 0.102 0.171 0.123 0.243 
 90    (0)   :  0.004 0.006 0.025 0.061 0.079 0.106 0.134 0.331 0.120 0.135 
 91    (0)   :  0.004 0.012 0.019 0.134 0.045 0.108 0.130 0.131 0.122 0.295 
 92    (0)   :  0.004 0.006 0.019 0.074 0.085 0.154 0.150 0.210 0.143 0.155 
 93    (0)   :  0.004 0.006 0.061 0.115 0.053 0.100 0.095 0.091 0.114 0.361 
 94    (0)   :  0.004 0.014 0.015 0.056 0.041 0.111 0.126 0.418 0.110 0.105 
 95    (0)   :  0.004 0.006 0.024 0.103 0.063 0.086 0.097 0.320 0.114 0.183 
 96    (0)   :  0.004 0.005 0.019 0.162 0.057 0.072 0.084 0.103 0.346 0.149 
 97    (0)   :  0.005 0.016 0.017 0.087 0.061 0.245 0.088 0.084 0.251 0.146 
 98    (0)   :  0.004 0.006 0.018 0.138 0.082 0.129 0.153 0.120 0.257 0.093 
 99    (0)   :  0.004 0.006 0.030 0.076 0.061 0.109 0.143 0.259 0.105 0.207 
100    (0)   :  0.005 0.005 0.035 0.150 0.063 0.071 0.088 0.089 0.177 0.318 
101    (0)   :  0.005 0.013 0.078 0.083 0.071 0.116 0.124 0.233 0.148 0.128 
102    (0)   :  0.006 0.011 0.019 0.158 0.080 0.077 0.124 0.150 0.166 0.210 
103    (0)   :  0.005 0.005 0.118 0.055 0.072 0.068 0.132 0.167 0.219 0.158 
104    (0)   :  0.004 0.005 0.022 0.034 0.084 0.069 0.126 0.387 0.126 0.142 
105    (0)   :  0.005 0.005 0.054 0.043 0.175 0.068 0.111 0.205 0.166 0.167 
106    (0)   :  0.004 0.007 0.012 0.038 0.068 0.107 0.163 0.408 0.122 0.070 
107    (0)   :  0.006 0.006 0.044 0.053 0.096 0.072 0.129 0.241 0.190 0.164 
108    (0)   :  0.004 0.070 0.018 0.041 0.059 0.061 0.179 0.097 0.366 0.106 
109    (0)   :  0.005 0.015 0.018 0.036 0.245 0.111 0.135 0.202 0.158 0.075 
110    (0)   :  0.004 0.008 0.018 0.044 0.076 0.120 0.152 0.411 0.094 0.073 
111    (0)   :  0.007 0.007 0.019 0.041 0.168 0.068 0.119 0.326 0.131 0.115 
112    (0)   :  0.004 0.008 0.013 0.041 0.224 0.088 0.099 0.323 0.119 0.080 
113    (0)   :  0.005 0.012 0.030 0.055 0.094 0.119 0.157 0.126 0.279 0.123 
114    (0)   :  0.004 0.005 0.026 0.038 0.135 0.069 0.111 0.327 0.119 0.167 
115    (0)   :  0.005 0.007 0.015 0.107 0.145 0.069 0.151 0.245 0.167 0.089 
116    (0)   :  0.005 0.016 0.012 0.045 0.111 0.137 0.135 0.247 0.221 0.071 
117    (0)   :  0.006 0.009 0.020 0.083 0.161 0.136 0.141 0.279 0.090 0.075 
118    (0)   :  0.005 0.010 0.018 0.041 0.241 0.071 0.110 0.147 0.247 0.110 
119    (0)   :  0.004 0.008 0.019 0.168 0.044 0.065 0.117 0.152 0.271 0.151 
120    (0)   :  0.005 0.007 0.019 0.075 0.159 0.067 0.133 0.247 0.173 0.115 
121    (0)   :  0.010 0.011 0.027 0.079 0.188 0.091 0.129 0.218 0.172 0.075 
122    (0)   :  0.004 0.007 0.021 0.041 0.125 0.115 0.151 0.318 0.126 0.094 
123    (0)   :  0.005 0.008 0.024 0.046 0.086 0.087 0.137 0.328 0.153 0.124 
124    (0)   :  0.009 0.009 0.021 0.039 0.119 0.147 0.176 0.182 0.207 0.093 
125    (0)   :  0.005 0.017 0.015 0.086 0.151 0.242 0.167 0.138 0.103 0.077 
126    (0)   :  0.004 0.008 0.013 0.052 0.057 0.127 0.118 0.292 0.212 0.118 
127    (0)   :  0.005 0.006 0.018 0.040 0.108 0.058 0.102 0.389 0.155 0.119 
128    (0)   :  0.004 0.005 0.020 0.042 0.215 0.080 0.114 0.140 0.274 0.106 
129    (0)   :  0.006 0.005 0.075 0.039 0.123 0.069 0.132 0.247 0.220 0.084 
130    (0)   :  0.006 0.006 0.031 0.051 0.169 0.070 0.118 0.276 0.116 0.157 
131    (0)   :  0.009 0.052 0.031 0.045 0.107 0.179 0.155 0.206 0.145 0.072 
132    (0)   :  0.004 0.007 0.042 0.036 0.080 0.101 0.139 0.341 0.169 0.081 
133    (0)   :  0.008 0.009 0.033 0.049 0.073 0.071 0.152 0.264 0.212 0.130 
134    (0)   :  0.004 0.006 0.016 0.034 0.114 0.097 0.113 0.466 0.086 0.064 
135    (0)   :  0.005 0.007 0.013 0.081 0.088 0.103 0.076 0.078 0.231 0.317 
136    (0)   :  0.005 0.006 0.023 0.088 0.076 0.087 0.123 0.071 0.108 0.413 
137    (0)   :  0.005 0.006 0.025 0.163 0.082 0.097 0.084 0.085 0.088 0.365 
138    (0)   :  0.004 0.007 0.015 0.060 0.043 0.101 0.078 0.078 0.104 0.510 
139    (0)   :  0.004 0.006 0.031 0.051 0.079 0.102 0.105 0.081 0.299 0.242 
140    (0)   :  0.005 0.007 0.035 0.092 0.060 0.158 0.094 0.118 0.186 0.245 
141    (0)   :  0.005 0.007 0.077 0.055 0.070 0.123 0.135 0.081 0.128 0.320 
142    (0)   :  0.005 0.007 0.031 0.072 0.073 0.089 0.077 0.078 0.297 0.272 
143    (0)   :  0.004 0.005 0.014 0.141 0.045 0.078 0.076 0.069 0.103 0.466 
144    (0)   :  0.005 0.006 0.015 0.151 0.082 0.084 0.079 0.083 0.097 0.399 
145    (0)   :  0.005 0.007 0.024 0.076 0.085 0.132 0.140 0.080 0.162 0.290 
146    (0)   :  0.006 0.007 0.023 0.090 0.069 0.161 0.113 0.123 0.111 0.297 
147    (0)   :  0.004 0.005 0.020 0.124 0.047 0.087 0.082 0.070 0.086 0.475 
148    (0)   :  0.005 0.006 0.076 0.075 0.077 0.079 0.137 0.093 0.176 0.276 
149    (0)   :  0.005 0.008 0.139 0.074 0.062 0.134 0.083 0.074 0.185 0.236 
150    (0)   :  0.005 0.006 0.027 0.091 0.103 0.095 0.104 0.112 0.124 0.333 
151    (0)   :  0.004 0.005 0.015 0.100 0.055 0.089 0.089 0.089 0.122 0.430 
152    (0)   :  0.005 0.009 0.029 0.072 0.073 0.069 0.162 0.080 0.186 0.314 
153    (0)   :  0.004 0.007 0.024 0.078 0.050 0.140 0.088 0.091 0.133 0.385 
154    (0)   :  0.005 0.006 0.180 0.065 0.069 0.089 0.119 0.070 0.172 0.225 
155    (0)   :  0.004 0.005 0.016 0.060 0.046 0.069 0.087 0.093 0.102 0.517 
156    (0)   :  0.004 0.005 0.014 0.118 0.062 0.073 0.077 0.084 0.189 0.373 
157    (0)   :  0.004 0.006 0.024 0.083 0.046 0.080 0.107 0.149 0.088 0.414 
158    (0)   :  0.005 0.008 0.022 0.088 0.087 0.148 0.132 0.079 0.130 0.303 
159    (0)   :  0.005 0.006 0.093 0.134 0.057 0.079 0.081 0.071 0.091 0.381 
160    (0)   :  0.005 0.006 0.092 0.067 0.062 0.081 0.082 0.071 0.100 0.435 
161    (0)   :  0.004 0.007 0.022 0.175 0.055 0.164 0.099 0.096 0.127 0.249 
162    (0)   :  0.006 0.006 0.023 0.053 0.075 0.145 0.121 0.126 0.136 0.309 
163    (0)   :  0.004 0.005 0.015 0.076 0.047 0.077 0.079 0.085 0.127 0.485 
164    (0)   :  0.006 0.006 0.130 0.065 0.063 0.110 0.102 0.117 0.143 0.257 
165    (0)   :  0.005 0.006 0.016 0.102 0.102 0.092 0.090 0.107 0.114 0.366 
166    (0)   :  0.005 0.011 0.126 0.068 0.044 0.075 0.126 0.131 0.161 0.254 
167    (0)   :  0.007 0.006 0.221 0.050 0.060 0.084 0.128 0.088 0.090 0.265 
168    (0)   :  0.004 0.016 0.016 0.067 0.049 0.117 0.110 0.085 0.131 0.405 
169    (0)   :  0.006 0.017 0.019 0.072 0.087 0.259 0.125 0.074 0.111 0.230 
170    (0)   :  0.004 0.005 0.019 0.274 0.050 0.088 0.085 0.088 0.190 0.195 
171    (0)   :  0.004 0.010 0.023 0.072 0.058 0.094 0.155 0.084 0.156 0.345 
172    (0)   :  0.005 0.017 0.045 0.089 0.064 0.243 0.079 0.070 0.185 0.204 
173    (0)   :  0.005 0.005 0.022 0.056 0.057 0.072 0.085 0.072 0.116 0.508 
174    (0)   :  0.004 0.005 0.023 0.067 0.054 0.096 0.096 0.092 0.093 0.470 
175    (0)   :  0.005 0.005 0.017 0.196 0.053 0.077 0.123 0.072 0.112 0.340 
176    (0)   :  0.005 0.006 0.015 0.152 0.082 0.085 0.078 0.083 0.097 0.399 
177    (0)   :  0.004 0.007 0.023 0.059 0.052 0.129 0.112 0.165 0.101 0.348 
178    (0)   :  0.005 0.005 0.027 0.055 0.058 0.088 0.153 0.093 0.099 0.417 
179    (0)   :  0.004 0.005 0.054 0.057 0.043 0.077 0.085 0.072 0.097 0.504 
180    (0)   :  0.006 0.008 0.055 0.099 0.066 0.170 0.098 0.096 0.124 0.278 
181    (0)   :  0.005 0.007 0.022 0.084 0.070 0.126 0.091 0.079 0.184 0.332 
182    (0)   :  0.005 0.006 0.017 0.096 0.064 0.077 0.078 0.071 0.178 0.408 
183    (0)   :  0.004 0.005 0.022 0.082 0.047 0.083 0.086 0.072 0.115 0.482 
184    (0)   :  0.005 0.009 0.059 0.049 0.092 0.069 0.219 0.101 0.282 0.115 
185    (0)   :  0.004 0.006 0.015 0.083 0.057 0.069 0.067 0.061 0.192 0.445 
186    (0)   :  0.005 0.005 0.079 0.050 0.066 0.087 0.183 0.166 0.253 0.107 
187    (0)   :  0.004 0.006 0.058 0.055 0.065 0.075 0.128 0.105 0.220 0.284 
188    (0)   :  0.005 0.005 0.136 0.042 0.068 0.069 0.169 0.125 0.299 0.084 
189    (0)   :  0.004 0.014 0.019 0.089 0.049 0.130 0.185 0.097 0.200 0.212 
190    (0)   :  0.004 0.005 0.016 0.066 0.059 0.056 0.068 0.065 0.456 0.207 
191    (0)   :  0.004 0.005 0.112 0.053 0.112 0.074 0.136 0.102 0.249 0.151 
192    (0)   :  0.004 0.005 0.047 0.101 0.078 0.080 0.161 0.132 0.163 0.228 
193    (0)   :  0.004 0.006 0.021 0.093 0.103 0.097 0.156 0.105 0.224 0.190 
194    (0)   :  0.004 0.006 0.036 0.164 0.063 0.089 0.125 0.120 0.231 0.161 
195    (0)   :  0.004 0.005 0.062 0.067 0.048 0.074 0.075 0.068 0.309 0.287 
196    (0)   :  0.004 0.007 0.018 0.067 0.069 0.060 0.093 0.087 0.401 0.196 
197    (0)   :  0.005 0.006 0.025 0.042 0.081 0.095 0.193 0.128 0.197 0.228 
198    (0)   :  0.004 0.006 0.019 0.081 0.069 0.145 0.186 0.133 0.199 0.158 
199    (0)   :  0.004 0.008 0.016 0.089 0.075 0.082 0.087 0.093 0.406 0.140 
200    (0)   :  0.004 0.008 0.017 0.060 0.079 0.062 0.131 0.087 0.367 0.185 
201    (0)   :  0.004 0.005 0.027 0.055 0.056 0.067 0.096 0.076 0.223 0.393 
202    (0)   :  0.004 0.005 0.016 0.127 0.063 0.075 0.075 0.086 0.252 0.297 
203    (0)   :  0.004 0.005 0.051 0.062 0.071 0.055 0.088 0.075 0.200 0.389 
204    (0)   :  0.004 0.005 0.105 0.064 0.060 0.064 0.078 0.075 0.370 0.174 
205    (0)   :  0.004 0.008 0.042 0.062 0.074 0.080 0.113 0.104 0.363 0.150 
206    (0)   :  0.004 0.005 0.079 0.057 0.059 0.071 0.090 0.074 0.354 0.208 
207    (0)   :  0.004 0.005 0.047 0.062 0.106 0.063 0.091 0.101 0.403 0.117 
208    (0)   :  0.004 0.005 0.026 0.048 0.073 0.063 0.093 0.085 0.318 0.285 
209    (0)   :  0.004 0.005 0.048 0.078 0.113 0.079 0.141 0.107 0.259 0.166 
210    (0)   :  0.004 0.005 0.082 0.058 0.065 0.068 0.100 0.089 0.319 0.210 
211    (0)   :  0.005 0.005 0.014 0.110 0.161 0.055 0.088 0.102 0.280 0.179 
212    (0)   :  0.004 0.005 0.017 0.096 0.058 0.098 0.109 0.072 0.210 0.331 
213    (0)   :  0.004 0.006 0.028 0.094 0.064 0.118 0.087 0.155 0.305 0.139 
214    (0)   :  0.004 0.005 0.019 0.107 0.074 0.063 0.095 0.074 0.215 0.344 
215    (0)   :  0.004 0.008 0.041 0.050 0.105 0.063 0.120 0.110 0.365 0.134 
216    (0)   :  0.005 0.006 0.028 0.059 0.087 0.083 0.234 0.099 0.265 0.133 
217    (0)   :  0.004 0.007 0.022 0.082 0.057 0.070 0.098 0.074 0.272 0.313 
218    (0)   :  0.004 0.008 0.059 0.064 0.078 0.081 0.108 0.128 0.287 0.184 
219    (0)   :  0.006 0.010 0.023 0.062 0.054 0.094 0.202 0.089 0.193 0.267 
220    (0)   :  0.004 0.005 0.127 0.053 0.076 0.063 0.093 0.092 0.343 0.143 
221    (0)   :  0.004 0.005 0.015 0.284 0.053 0.066 0.075 0.067 0.218 0.213 
222    (0)   :  0.005 0.006 0.033 0.067 0.063 0.103 0.242 0.100 0.206 0.175 
223    (0)   :  0.004 0.007 0.026 0.063 0.060 0.088 0.139 0.098 0.194 0.321 
224    (0)   :  0.004 0.005 0.063 0.085 0.061 0.067 0.095 0.076 0.242 0.301 
225    (0)   :  0.004 0.006 0.050 0.069 0.073 0.078 0.107 0.091 0.342 0.180 
226    (0)   :  0.005 0.060 0.026 0.074 0.084 0.085 0.163 0.099 0.226 0.178 
227    (0)   :  0.004 0.005 0.038 0.070 0.060 0.073 0.075 0.100 0.355 0.221 
228    (0)   :  0.004 0.005 0.051 0.067 0.059 0.070 0.069 0.063 0.341 0.271 
229    (0)   :  0.004 0.005 0.105 0.093 0.063 0.068 0.102 0.088 0.181 0.290 
230    (0)   :  0.004 0.005 0.106 0.090 0.081 0.061 0.098 0.085 0.227 0.243 
231    (0)   :  0.004 0.005 0.064 0.059 0.080 0.083 0.138 0.080 0.179 0.308 
232    (0)   :  0.004 0.007 0.030 0.130 0.069 0.155 0.087 0.126 0.211 0.181 
233    (0)   :  0.004 0.005 0.019 0.068 0.072 0.060 0.097 0.076 0.164 0.435 
234    (0)   :  0.004 0.005 0.022 0.061 0.092 0.092 0.206 0.108 0.171 0.238 
235    (0)   :  0.004 0.009 0.023 0.103 0.058 0.092 0.116 0.099 0.266 0.227 
236    (0)   :  0.004 0.006 0.020 0.079 0.091 0.071 0.133 0.087 0.182 0.329 
237    (0)   :  0.004 0.005 0.045 0.052 0.119 0.079 0.104 0.087 0.353 0.152 
238    (0)   :  0.004 0.005 0.020 0.117 0.065 0.072 0.109 0.094 0.203 0.312 
239    (0)   :  0.004 0.005 0.061 0.067 0.048 0.074 0.075 0.068 0.310 0.288 
240    (0)   :  0.004 0.005 0.020 0.117 0.066 0.072 0.110 0.094 0.200 0.312 
241    (0)   :  0.005 0.006 0.021 0.123 0.057 0.086 0.090 0.082 0.246 0.286 
242    (0)   :  0.004 0.009 0.093 0.070 0.049 0.090 0.131 0.094 0.270 0.190 
243    (0)   :  0.004 0.005 0.020 0.063 0.076 0.054 0.079 0.071 0.418 0.211 
244    (0)   :  0.004 0.005 0.060 0.079 0.079 0.060 0.094 0.075 0.220 0.323 
245    (0)   :  0.004 0.005 0.017 0.088 0.049 0.079 0.086 0.084 0.189 0.400 
246    (0)   :  0.004 0.007 0.022 0.082 0.057 0.070 0.098 0.074 0.271 0.315 
247    (0)   :  0.004 0.007 0.042 0.047 0.069 0.094 0.155 0.210 0.275 0.097 
248    (0)   :  0.004 0.005 0.021 0.042 0.126 0.072 0.117 0.115 0.384 0.114 
249    (0)   :  0.004 0.005 0.045 0.130 0.081 0.063 0.100 0.089 0.223 0.259 
250    (0)   :  0.004 0.006 0.046 0.096 0.098 0.072 0.138 0.104 0.185 0.251 
251    (0)   :  0.004 0.013 0.019 0.060 0.095 0.078 0.202 0.107 0.264 0.158 
252    (0)   :  0.004 0.006 0.054 0.078 0.057 0.095 0.109 0.094 0.277 0.226 
253    (0)   :  0.004 0.010 0.017 0.069 0.077 0.108 0.134 0.138 0.323 0.121 
254    (0)   :  0.005 0.005 0.033 0.054 0.068 0.082 0.210 0.089 0.245 0.209 
255    (0)   :  0.004 0.005 0.052 0.086 0.083 0.096 0.150 0.114 0.204 0.207 
256    (0)   :  0.004 0.006 0.025 0.098 0.071 0.076 0.104 0.083 0.306 0.226 
257    (0)   :  0.007 0.007 0.040 0.094 0.082 0.081 0.112 0.107 0.297 0.174 
258    (0)   :  0.004 0.006 0.017 0.054 0.091 0.091 0.144 0.114 0.315 0.164 
259    (0)   :  0.005 0.006 0.050 0.093 0.096 0.071 0.134 0.102 0.261 0.184 
260    (0)   :  0.005 0.006 0.023 0.076 0.065 0.078 0.220 0.091 0.142 0.296 
261    (0)   :  0.004 0.006 0.022 0.070 0.054 0.091 0.103 0.079 0.279 0.292 
262    (0)   :  0.004 0.007 0.017 0.082 0.055 0.065 0.076 0.066 0.381 0.248 
263    (0)   :  0.006 0.005 0.089 0.046 0.078 0.061 0.145 0.079 0.346 0.147 
264    (0)   :  0.006 0.006 0.021 0.043 0.084 0.092 0.326 0.108 0.229 0.085 
265    (0)   :  0.004 0.009 0.025 0.058 0.069 0.086 0.139 0.100 0.265 0.244 
266    (0)   :  0.004 0.005 0.016 0.127 0.055 0.067 0.075 0.067 0.246 0.339 
267    (0)   :  0.004 0.005 0.020 0.074 0.112 0.089 0.131 0.100 0.228 0.237 
268    (0)   :  0.004 0.006 0.019 0.068 0.069 0.060 0.092 0.086 0.400 0.197 
269    (0)   :  0.004 0.011 0.022 0.058 0.061 0.090 0.211 0.097 0.193 0.253 
270    (0)   :  0.006 0.005 0.041 0.049 0.083 0.095 0.187 0.119 0.270 0.146 
271    (0)   :  0.004 0.007 0.022 0.059 0.101 0.076 0.128 0.112 0.338 0.153 
272    (0)   :  0.005 0.058 0.021 0.063 0.098 0.073 0.138 0.100 0.287 0.158 
273    (0)   :  0.018 0.015 0.053 0.091 0.088 0.111 0.133 0.137 0.159 0.195 
274    (0)   :  0.004 0.012 0.024 0.069 0.088 0.089 0.156 0.112 0.275 0.172 
275    (0)   :  0.007 0.018 0.052 0.061 0.097 0.085 0.163 0.090 0.232 0.197 
276    (0)   :  0.005 0.041 0.020 0.076 0.102 0.078 0.115 0.110 0.335 0.118 
277    (0)   :  0.004 0.007 0.029 0.079 0.066 0.101 0.150 0.097 0.208 0.259 
278    (0)   :  0.004 0.008 0.019 0.047 0.098 0.062 0.113 0.093 0.389 0.166 
279    (0)   :  0.004 0.007 0.028 0.075 0.086 0.086 0.144 0.097 0.261 0.211 
280    (0)   :  0.004 0.012 0.021 0.059 0.069 0.126 0.137 0.090 0.281 0.201 
281    (0)   :  0.004 0.006 0.029 0.068 0.077 0.103 0.114 0.146 0.281 0.171 
282    (0)   :  0.004 0.006 0.019 0.081 0.068 0.079 0.139 0.088 0.141 0.377 
283    (0)   :  0.004 0.005 0.039 0.099 0.058 0.063 0.099 0.094 0.161 0.379 
284    (0)   :  0.004 0.006 0.025 0.082 0.099 0.077 0.148 0.109 0.200 0.249 
285    (0)   :  0.004 0.007 0.037 0.040 0.107 0.086 0.114 0.118 0.406 0.081 
286    (0)   :  0.004 0.005 0.060 0.080 0.078 0.060 0.094 0.076 0.221 0.323 
287    (0)   :  0.004 0.011 0.026 0.075 0.058 0.123 0.126 0.147 0.218 0.212 
288    (0)   :  0.005 0.042 0.058 0.061 0.091 0.072 0.145 0.107 0.265 0.155 
289    (0)   :  0.006 0.015 0.051 0.074 0.093 0.069 0.153 0.129 0.281 0.129 
290    (0)   :  0.006 0.006 0.028 0.097 0.099 0.090 0.155 0.092 0.292 0.136 
291    (0)   :  0.004 0.007 0.021 0.059 0.100 0.076 0.128 0.111 0.340 0.153 
292    (0)   :  0.004 0.011 0.017 0.065 0.055 0.139 0.109 0.081 0.321 0.198 
293    (0)   :  0.005 0.006 0.014 0.053 0.097 0.114 0.207 0.094 0.294 0.116 
294    (0)   :  0.006 0.007 0.106 0.051 0.064 0.065 0.133 0.081 0.376 0.111 
295    (0)   :  0.005 0.023 0.034 0.067 0.098 0.099 0.133 0.114 0.305 0.124 
296    (0)   :  0.004 0.008 0.047 0.054 0.087 0.068 0.095 0.126 0.350 0.161 
297    (0)   :  0.004 0.012 0.049 0.063 0.072 0.129 0.147 0.108 0.265 0.151 
298    (0)   :  0.004 0.006 0.046 0.099 0.071 0.081 0.147 0.108 0.146 0.293 
299    (0)   :  0.006 0.005 0.148 0.053 0.061 0.072 0.155 0.089 0.262 0.149 
300    (0)   :  0.004 0.006 0.112 0.049 0.078 0.085 0.093 0.086 0.378 0.108 
301    (0)   :  0.005 0.009 0.030 0.050 0.093 0.078 0.246 0.088 0.254 0.147 
302    (0)   :  0.006 0.007 0.057 0.045 0.073 0.064 0.135 0.075 0.413 0.125 
303    (0)   :  0.004 0.006 0.056 0.085 0.064 0.103 0.100 0.082 0.219 0.280 
304    (0)   :  0.005 0.005 0.026 0.064 0.076 0.095 0.188 0.117 0.104 0.320 
305    (0)   :  0.004 0.007 0.060 0.065 0.062 0.074 0.086 0.069 0.343 0.230 
306    (0)   :  0.004 0.009 0.022 0.114 0.056 0.086 0.115 0.082 0.234 0.278 
307    (0)   :  0.005 0.007 0.022 0.112 0.088 0.085 0.149 0.096 0.223 0.213 
308    (0)   :  0.004 0.006 0.022 0.069 0.054 0.092 0.103 0.079 0.280 0.291 
309    (0)   :  0.013 0.011 0.149 0.058 0.094 0.064 0.106 0.110 0.261 0.133 
310    (0)   :  0.004 0.005 0.024 0.073 0.072 0.062 0.088 0.073 0.353 0.247 
311    (0)   :  0.004 0.005 0.105 0.089 0.081 0.061 0.098 0.086 0.226 0.245 
312    (0)   :  0.004 0.005 0.112 0.053 0.074 0.059 0.092 0.098 0.361 0.143 
313    (0)   :  0.004 0.006 0.033 0.047 0.077 0.065 0.095 0.089 0.485 0.100 
314    (0)   :  0.004 0.008 0.074 0.106 0.046 0.087 0.077 0.068 0.144 0.384 
315    (0)   :  0.004 0.011 0.070 0.103 0.044 0.083 0.106 0.073 0.130 0.376 
316    (0)   :  0.006 0.016 0.131 0.070 0.045 0.087 0.117 0.081 0.094 0.353 
317    (0)   :  0.005 0.008 0.079 0.097 0.046 0.084 0.079 0.071 0.096 0.435 
318    (0)   :  0.004 0.007 0.147 0.063 0.043 0.085 0.083 0.071 0.075 0.422 
319    (0)   :  0.004 0.005 0.014 0.092 0.047 0.079 0.076 0.069 0.102 0.511 
320    (0)   :  0.004 0.007 0.075 0.107 0.046 0.088 0.078 0.067 0.144 0.383 
321    (0)   :  0.005 0.007 0.139 0.100 0.045 0.091 0.083 0.071 0.090 0.368 
322    (0)   :  0.006 0.016 0.059 0.109 0.048 0.085 0.110 0.081 0.131 0.354 
323    (0)   :  0.012 0.006 0.058 0.075 0.044 0.082 0.085 0.072 0.082 0.483 
324    (0)   :  0.004 0.007 0.136 0.099 0.045 0.091 0.085 0.071 0.089 0.371 
325    (0)   :  0.004 0.014 0.176 0.064 0.044 0.078 0.112 0.078 0.088 0.342 
326    (0)   :  0.008 0.026 0.245 0.071 0.044 0.079 0.108 0.079 0.088 0.252 
327    (0)   :  0.005 0.008 0.079 0.094 0.046 0.083 0.080 0.070 0.097 0.438 
328    (0)   :  0.004 0.011 0.071 0.112 0.046 0.084 0.113 0.079 0.121 0.359 
329    (0)   :  0.004 0.005 0.022 0.109 0.043 0.083 0.080 0.069 0.075 0.509 
330    (0)   :  0.005 0.008 0.080 0.095 0.046 0.083 0.081 0.071 0.097 0.436 
331    (0)   :  0.004 0.006 0.053 0.066 0.044 0.083 0.081 0.070 0.080 0.512 
332    (0)   :  0.011 0.018 0.241 0.071 0.044 0.079 0.113 0.079 0.088 0.256 
333    (0)   :  0.007 0.018 0.183 0.083 0.046 0.079 0.106 0.080 0.102 0.296 
334    (0)   :  0.004 0.011 0.071 0.113 0.047 0.084 0.112 0.078 0.121 0.357 
335    (0)   :  0.004 0.011 0.034 0.142 0.045 0.075 0.104 0.077 0.118 0.389 
336    (0)   :  0.010 0.008 0.211 0.083 0.043 0.092 0.082 0.068 0.109 0.293 
337    (0)   :  0.004 0.015 0.160 0.105 0.047 0.084 0.112 0.077 0.107 0.290 
338    (0)   :  0.005 0.007 0.226 0.065 0.043 0.088 0.083 0.071 0.075 0.338 
339    (0)   :  0.004 0.006 0.054 0.065 0.044 0.084 0.081 0.070 0.081 0.512 
340    (0)   :  0.004 0.006 0.027 0.063 0.043 0.076 0.076 0.069 0.087 0.550 
341    (0)   :  0.009 0.009 0.101 0.077 0.047 0.085 0.082 0.072 0.085 0.432 
342    (0)   :  0.005 0.008 0.078 0.095 0.046 0.084 0.080 0.070 0.097 0.437 
343    (0)   :  0.010 0.012 0.064 0.200 0.045 0.080 0.107 0.074 0.149 0.258 
344    (0)   :  0.004 0.006 0.054 0.082 0.043 0.083 0.081 0.070 0.075 0.502 
345    (0)   :  0.005 0.008 0.079 0.096 0.046 0.084 0.080 0.070 0.097 0.436 
346    (0)   :  0.005 0.007 0.084 0.063 0.044 0.080 0.080 0.069 0.081 0.488 
347    (0)   :  0.004 0.006 0.026 0.078 0.042 0.075 0.076 0.069 0.079 0.545 
348    (0)   :  0.004 0.011 0.032 0.155 0.045 0.076 0.097 0.072 0.173 0.335 
349    (0)   :  0.005 0.008 0.079 0.096 0.046 0.084 0.080 0.070 0.098 0.436 
350    (0)   :  0.004 0.005 0.020 0.072 0.046 0.089 0.079 0.067 0.119 0.499 
351    (0)   :  0.004 0.011 0.034 0.142 0.045 0.075 0.105 0.077 0.119 0.388 
352    (0)   :  0.005 0.017 0.096 0.099 0.047 0.079 0.107 0.077 0.122 0.351 
353    (0)   :  0.010 0.008 0.209 0.082 0.044 0.093 0.083 0.069 0.110 0.293 
354    (0)   :  0.006 0.007 0.058 0.097 0.045 0.088 0.084 0.072 0.078 0.466 
355    (0)   :  0.004 0.007 0.148 0.062 0.043 0.086 0.083 0.071 0.075 0.421 
356    (0)   :  0.004 0.009 0.014 0.229 0.044 0.073 0.095 0.072 0.169 0.291 
357    (0)   :  0.004 0.011 0.017 0.061 0.052 0.098 0.224 0.093 0.097 0.343 
358    (0)   :  0.004 0.011 0.181 0.099 0.044 0.079 0.109 0.077 0.088 0.307 
359    (0)   :  0.005 0.006 0.157 0.072 0.044 0.087 0.081 0.071 0.084 0.394 
360    (0)   :  0.005 0.007 0.083 0.062 0.044 0.078 0.080 0.070 0.081 0.490 
361    (0)   :  0.004 0.011 0.016 0.102 0.056 0.105 0.219 0.093 0.128 0.267 
362    (0)   :  0.005 0.014 0.052 0.049 0.053 0.130 0.186 0.188 0.203 0.120 
363    (0)   :  0.006 0.009 0.022 0.048 0.064 0.131 0.232 0.253 0.146 0.089 
364    (0)   :  0.012 0.008 0.021 0.099 0.087 0.118 0.206 0.119 0.129 0.201 
365    (0)   :  0.012 0.014 0.018 0.052 0.116 0.222 0.213 0.142 0.114 0.098 
366    (0)   :  0.005 0.012 0.020 0.068 0.075 0.114 0.232 0.090 0.249 0.136 
367    (0)   :  0.004 0.008 0.016 0.039 0.058 0.113 0.143 0.458 0.086 0.075 
368    (0)   :  0.004 0.006 0.029 0.061 0.113 0.132 0.175 0.232 0.137 0.110 
369    (0)   :  0.006 0.008 0.034 0.176 0.061 0.096 0.215 0.093 0.201 0.109 
370    (0)   :  0.009 0.011 0.049 0.069 0.131 0.101 0.181 0.191 0.150 0.108 
371    (0)   :  0.008 0.008 0.044 0.070 0.086 0.101 0.290 0.103 0.164 0.126 
372    (0)   :  0.028 0.014 0.068 0.068 0.110 0.106 0.105 0.192 0.174 0.135 
373    (0)   :  0.005 0.006 0.023 0.079 0.075 0.126 0.125 0.302 0.120 0.139 
374    (0)   :  0.005 0.011 0.020 0.171 0.121 0.100 0.179 0.123 0.117 0.154 
375    (0)   :  0.011 0.009 0.037 0.048 0.090 0.132 0.288 0.202 0.096 0.087 
376    (0)   :  0.086 0.011 0.015 0.047 0.051 0.175 0.272 0.173 0.087 0.082 
377    (0)   :  0.006 0.010 0.030 0.048 0.100 0.169 0.191 0.138 0.189 0.120 
378    (0)   :  0.005 0.006 0.028 0.064 0.066 0.099 0.095 0.318 0.124 0.196 
379    (0)   :  0.150 0.014 0.018 0.044 0.057 0.126 0.237 0.178 0.101 0.074 
380    (0)   :  0.009 0.021 0.023 0.081 0.053 0.330 0.129 0.090 0.131 0.134 
381    (0)   :  0.007 0.009 0.016 0.094 0.052 0.247 0.224 0.080 0.152 0.119 
382    (0)   :  0.004 0.006 0.020 0.042 0.064 0.088 0.435 0.153 0.090 0.098 
383    (0)   :  0.011 0.033 0.118 0.045 0.070 0.248 0.159 0.085 0.099 0.132 
384    (0)   :  0.037 0.016 0.055 0.058 0.074 0.167 0.222 0.136 0.088 0.147 
385    (0)   :  0.005 0.006 0.091 0.049 0.260 0.107 0.142 0.095 0.086 0.159 
386    (0)   :  0.004 0.007 0.015 0.047 0.060 0.147 0.250 0.265 0.116 0.088 
387    (0)   :  0.004 0.007 0.013 0.040 0.081 0.157 0.251 0.220 0.110 0.117 
388    (0)   :  0.011 0.010 0.026 0.088 0.138 0.146 0.178 0.124 0.091 0.187 
389    (0)   :  0.008 0.008 0.029 0.049 0.253 0.077 0.135 0.109 0.234 0.098 
390    (0)   :  0.016 0.026 0.025 0.057 0.065 0.185 0.141 0.262 0.144 0.080 
391    (0)   :  0.009 0.017 0.020 0.084 0.223 0.096 0.131 0.149 0.158 0.112 
392    (0)   :  0.006 0.006 0.015 0.050 0.049 0.220 0.154 0.206 0.131 0.163 
393    (0)   :  0.006 0.016 0.015 0.053 0.047 0.458 0.106 0.090 0.102 0.107 
394    (0)   :  0.004 0.012 0.033 0.074 0.051 0.125 0.137 0.234 0.118 0.212 
395    (0)   :  0.004 0.018 0.018 0.040 0.066 0.179 0.141 0.170 0.257 0.109 
396    (0)   :  0.005 0.006 0.017 0.041 0.084 0.141 0.264 0.257 0.110 0.076 
397    (0)   :  0.051 0.006 0.039 0.069 0.057 0.097 0.205 0.092 0.207 0.176 
398    (0)   :  0.032 0.019 0.014 0.043 0.045 0.236 0.122 0.311 0.097 0.080 
399    (0)   :  0.005 0.021 0.020 0.051 0.087 0.081 0.123 0.373 0.145 0.093 
400    (0)   :  0.005 0.006 0.014 0.075 0.058 0.132 0.233 0.265 0.105 0.105 
401    (0)   :  0.004 0.006 0.013 0.056 0.058 0.121 0.095 0.352 0.171 0.123 
402    (0)   :  0.005 0.006 0.017 0.055 0.082 0.189 0.132 0.214 0.177 0.123 
403    (0)   :  0.005 0.008 0.017 0.061 0.107 0.154 0.115 0.109 0.122 0.302 
404    (0)   :  0.006 0.007 0.027 0.083 0.149 0.135 0.217 0.128 0.123 0.126 
405    (0)   :  0.004 0.013 0.019 0.064 0.068 0.170 0.221 0.141 0.177 0.124 
406    (0)   :  0.004 0.141 0.015 0.101 0.051 0.115 0.143 0.091 0.202 0.137 
407    (0)   :  0.004 0.013 0.014 0.041 0.062 0.326 0.214 0.153 0.098 0.075 
408    (0)   :  0.004 0.005 0.015 0.038 0.060 0.090 0.092 0.365 0.263 0.070 
409    (0)   :  0.008 0.021 0.018 0.253 0.049 0.226 0.092 0.100 0.121 0.112 
410    (0)   :  0.062 0.011 0.019 0.064 0.066 0.172 0.124 0.234 0.123 0.126 
411    (0)   :  0.009 0.007 0.039 0.056 0.048 0.141 0.274 0.148 0.145 0.134 
412    (0)   :  0.004 0.006 0.030 0.053 0.082 0.129 0.198 0.266 0.126 0.107 
413    (0)   :  0.004 0.005 0.029 0.056 0.059 0.118 0.159 0.263 0.117 0.190 
414    (0)   :  0.004 0.005 0.039 0.034 0.145 0.085 0.243 0.240 0.121 0.083 
415    (0)   :  0.004 0.012 0.014 0.065 0.058 0.138 0.253 0.186 0.183 0.087 
416    (0)   :  0.005 0.006 0.021 0.079 0.107 0.208 0.111 0.213 0.144 0.106 
417    (0)   :  0.005 0.036 0.024 0.074 0.057 0.186 0.188 0.240 0.107 0.084 
418    (0)   :  0.005 0.006 0.023 0.047 0.070 0.121 0.197 0.351 0.094 0.086 
419    (0)   :  0.008 0.011 0.018 0.089 0.084 0.200 0.128 0.158 0.124 0.179 
420    (0)   :  0.004 0.006 0.012 0.056 0.052 0.119 0.098 0.345 0.231 0.078 
421    (0)   :  0.005 0.014 0.028 0.076 0.066 0.200 0.114 0.288 0.123 0.085 
422    (0)   :  0.005 0.013 0.019 0.047 0.061 0.276 0.095 0.132 0.255 0.097 
423    (0)   :  0.005 0.012 0.024 0.043 0.071 0.094 0.303 0.167 0.143 0.138 
424    (0)   :  0.006 0.017 0.015 0.083 0.104 0.107 0.172 0.227 0.151 0.117 
425    (0)   :  0.014 0.010 0.020 0.055 0.146 0.140 0.232 0.124 0.109 0.151 
426    (0)   :  0.022 0.024 0.038 0.074 0.092 0.103 0.182 0.229 0.111 0.124 
427    (0)   :  0.004 0.018 0.022 0.039 0.044 0.228 0.145 0.259 0.085 0.157 
428    (0)   :  0.015 0.041 0.018 0.070 0.054 0.245 0.113 0.114 0.166 0.164 
429    (0)   :  0.005 0.008 0.017 0.040 0.048 0.126 0.273 0.318 0.090 0.076 
430    (0)   :  0.004 0.022 0.022 0.045 0.054 0.370 0.154 0.140 0.108 0.080 
431    (0)   :  0.009 0.015 0.029 0.052 0.120 0.080 0.212 0.188 0.148 0.149 
432    (0)   :  0.004 0.006 0.018 0.060 0.083 0.158 0.150 0.260 0.143 0.117 
433    (0)   :  0.006 0.006 0.018 0.126 0.076 0.093 0.144 0.131 0.169 0.231 
434    (0)   :  0.004 0.006 0.031 0.085 0.078 0.161 0.219 0.125 0.165 0.127 
435    (0)   :  0.004 0.034 0.013 0.043 0.048 0.264 0.171 0.238 0.106 0.080 
436    (0)   :  0.006 0.098 0.012 0.079 0.043 0.130 0.208 0.228 0.100 0.096 
437    (0)   :  0.005 0.010 0.014 0.046 0.054 0.111 0.447 0.120 0.105 0.087 
438    (0)   :  0.005 0.064 0.016 0.088 0.048 0.214 0.116 0.193 0.160 0.095 
439    (0)   :  0.004 0.041 0.013 0.053 0.048 0.372 0.144 0.160 0.081 0.085 
440    (0)   :  0.004 0.073 0.012 0.039 0.059 0.116 0.287 0.244 0.097 0.070 
441    (0)   :  0.004 0.016 0.017 0.070 0.053 0.340 0.162 0.123 0.101 0.115 
442    (0)   :  0.005 0.007 0.013 0.056 0.125 0.148 0.243 0.195 0.131 0.077 
443    (0)   :  0.004 0.016 0.012 0.046 0.068 0.128 0.127 0.329 0.199 0.073 
444    (0)   :  0.005 0.011 0.012 0.055 0.112 0.128 0.288 0.169 0.140 0.078 
445    (0)   :  0.029 0.012 0.014 0.095 0.047 0.376 0.102 0.094 0.120 0.113 
446    (0)   :  0.036 0.026 0.014 0.052 0.047 0.249 0.112 0.310 0.073 0.082 
447    (0)   :  0.005 0.075 0.014 0.081 0.127 0.167 0.169 0.124 0.121 0.118 
448    (0)   :  0.004 0.015 0.014 0.050 0.071 0.234 0.223 0.184 0.118 0.087 
449    (0)   :  0.004 0.015 0.015 0.062 0.072 0.227 0.224 0.145 0.120 0.117 
450    (0)   :  0.006 0.007 0.015 0.058 0.066 0.316 0.228 0.122 0.069 0.113 
451    (0)   :  0.004 0.009 0.013 0.037 0.085 0.083 0.205 0.363 0.129 0.071 
452    (0)   :  0.005 0.008 0.014 0.056 0.055 0.263 0.170 0.231 0.083 0.116 
453    (0)   :  0.004 0.009 0.015 0.073 0.080 0.182 0.108 0.148 0.291 0.088 
454    (0)   :  0.004 0.015 0.025 0.055 0.052 0.159 0.262 0.184 0.119 0.125 
455    (0)   :  0.004 0.058 0.013 0.056 0.055 0.260 0.179 0.189 0.111 0.074 
456    (0)   :  0.005 0.019 0.012 0.050 0.063 0.159 0.222 0.189 0.207 0.074 
457    (0)   :  0.005 0.017 0.014 0.053 0.057 0.228 0.312 0.124 0.102 0.089 
458    (0)   :  0.031 0.012 0.014 0.049 0.047 0.391 0.116 0.170 0.087 0.085 
459    (0)   :  0.004 0.020 0.013 0.094 0.054 0.245 0.158 0.217 0.079 0.117 
460    (0)   :  0.004 0.015 0.013 0.045 0.051 0.213 0.160 0.329 0.088 0.080 
461    (0)   :  0.005 0.007 0.013 0.046 0.056 0.179 0.191 0.351 0.069 0.081 
462    (0)   :  0.007 0.013 0.021 0.038 0.166 0.231 0.212 0.113 0.136 0.065 
463    (0)   :  0.004 0.083 0.016 0.057 0.049 0.187 0.161 0.096 0.258 0.089 
464    (0)   :  0.004 0.018 0.012 0.051 0.053 0.156 0.143 0.351 0.139 0.074 
465    (0)   :  0.005 0.009 0.014 0.051 0.064 0.256 0.143 0.240 0.133 0.084 
466    (0)   :  0.004 0.017 0.013 0.050 0.057 0.165 0.148 0.251 0.219 0.075 
467    (0)   :  0.004 0.013 0.018 0.055 0.057 0.320 0.161 0.129 0.145 0.097 
468    (0)   :  0.004 0.078 0.012 0.050 0.053 0.170 0.307 0.108 0.145 0.074 
469    (0)   :  0.004 0.162 0.012 0.046 0.047 0.324 0.144 0.108 0.075 0.080 
470    (0)   :  0.004 0.061 0.012 0.045 0.046 0.221 0.149 0.290 0.091 0.081 
471    (0)   :  0.005 0.009 0.014 0.048 0.106 0.151 0.148 0.221 0.213 0.086 
472    (0)   :  0.005 0.007 0.013 0.051 0.079 0.320 0.172 0.132 0.145 0.077 
473    (0)   :  0.004 0.015 0.017 0.062 0.062 0.191 0.244 0.137 0.155 0.113 
474    (0)   :  0.004 0.008 0.013 0.058 0.054 0.276 0.156 0.210 0.118 0.102 
475    (0)   :  0.004 0.010 0.015 0.090 0.060 0.190 0.132 0.265 0.123 0.112 
476    (0)   :  0.005 0.012 0.013 0.056 0.049 0.204 0.326 0.145 0.109 0.080 
477    (0)   :  0.005 0.012 0.013 0.079 0.089 0.167 0.181 0.241 0.115 0.097 
478    (0)   :  0.006 0.011 0.013 0.043 0.100 0.133 0.118 0.414 0.084 0.078 
479    (0)   :  0.004 0.015 0.012 0.044 0.056 0.167 0.298 0.238 0.087 0.079 
480    (0)   :  0.005 0.016 0.013 0.050 0.045 0.170 0.347 0.176 0.091 0.086 
481    (0)   :  0.004 0.008 0.015 0.045 0.149 0.187 0.189 0.163 0.155 0.085 
