

----------------------------------------------------
STRUCTURE by Pritchard, Stephens and Donnelly (2000)
     and Falush, Stephens and Pritchard (2003)
       Code by Pritchard, Falush and Hubisz
             Version 2.3.4 (Jul 2012)
----------------------------------------------------



Command line arguments:   ./structure -K 4 -D 104008 -m brooktrout/mainparams -e brooktrout/extraparams -o brooktrout/250914_output/results_K4_rep8 
Input File:    brooktrout/brooktrout.txt

Run parameters:
   8454 individuals
   5 loci
   4 populations assumed
   50000 Burn-in period
   100000 Reps
RANDOMIZE turned off


--------------------------------------------
Overall proportion of membership of the
sample in each of the 4 clusters

Inferred Clusters
  1      2      3      4    
0.254  0.213  0.171  0.362  

--------------------------------------------

Allele-freq. divergence among pops (Net nucleotide distance),
computed using point estimates of P.

      1       2       3       4      
 1      -    0.0364  0.1149  0.0409  
 2   0.0364     -    0.1102  0.0535  
 3   0.1149  0.1102     -    0.0578  
 4   0.0409  0.0535  0.0578     -    

Average distances (expected heterozygosity) between individuals in same cluster:
cluster  1  : 0.8158 
cluster  2  : 0.7946 
cluster  3  : 0.7368 
cluster  4  : 0.8386 

--------------------------------------------
Estimated Ln Prob of Data   = -179328.5
Mean value of ln likelihood = -173474.3
Variance of ln likelihood   = 11708.3

Mean value of alpha_1       = 0.2257
Mean value of alpha_2       = 0.1894
Mean value of alpha_3       = 0.1539
Mean value of alpha_4       = 0.3332
Allele frequencies uncorrelated


Inferred ancestry of individuals:
     (%Miss) :  Inferred clusters
  1    (0)   :  0.129 0.274 0.211 0.386 
  2    (0)   :  0.122 0.065 0.030 0.783 
  3    (0)   :  0.095 0.505 0.119 0.281 
  4    (0)   :  0.109 0.055 0.590 0.246 
  5    (0)   :  0.140 0.096 0.030 0.734 
  6    (0)   :  0.074 0.798 0.032 0.096 
  7    (0)   :  0.711 0.154 0.038 0.097 
  8    (0)   :  0.169 0.303 0.337 0.192 
  9    (0)   :  0.172 0.289 0.065 0.474 
 10    (0)   :  0.287 0.412 0.154 0.147 
 11    (0)   :  0.678 0.171 0.036 0.114 
 12    (0)   :  0.138 0.100 0.049 0.713 
 13    (0)   :  0.332 0.217 0.069 0.382 
 14    (0)   :  0.099 0.106 0.068 0.728 
 15    (0)   :  0.159 0.123 0.152 0.567 
 16    (0)   :  0.192 0.557 0.060 0.191 
 17    (0)   :  0.133 0.407 0.050 0.410 
 18    (0)   :  0.100 0.412 0.068 0.419 
 19    (0)   :  0.126 0.613 0.044 0.217 
 20    (0)   :  0.207 0.161 0.051 0.581 
 21    (0)   :  0.089 0.128 0.133 0.650 
 22    (0)   :  0.073 0.727 0.061 0.139 
 23    (0)   :  0.175 0.070 0.175 0.580 
 24    (0)   :  0.098 0.386 0.149 0.367 
 25    (0)   :  0.479 0.231 0.028 0.263 
 26    (0)   :  0.087 0.355 0.086 0.473 
 27    (0)   :  0.206 0.293 0.084 0.416 
 28    (0)   :  0.250 0.203 0.334 0.212 
 29    (0)   :  0.307 0.099 0.046 0.547 
 30    (0)   :  0.065 0.703 0.046 0.186 
 31    (0)   :  0.227 0.206 0.128 0.439 
 32    (0)   :  0.148 0.210 0.129 0.513 
 33    (0)   :  0.195 0.381 0.128 0.295 
 34    (0)   :  0.485 0.343 0.065 0.107 
 35    (0)   :  0.086 0.324 0.033 0.556 
 36    (0)   :  0.064 0.330 0.041 0.565 
 37    (0)   :  0.157 0.113 0.143 0.588 
 38    (0)   :  0.112 0.684 0.026 0.178 
 39    (0)   :  0.228 0.415 0.045 0.311 
 40    (0)   :  0.054 0.105 0.096 0.744 
 41    (0)   :  0.137 0.278 0.040 0.545 
 42    (0)   :  0.066 0.174 0.312 0.449 
 43    (0)   :  0.111 0.052 0.061 0.776 
 44    (0)   :  0.097 0.205 0.032 0.666 
 45    (0)   :  0.085 0.236 0.026 0.652 
 46    (0)   :  0.176 0.454 0.034 0.336 
 47    (0)   :  0.129 0.371 0.050 0.451 
 48    (0)   :  0.052 0.219 0.030 0.699 
 49    (0)   :  0.135 0.291 0.047 0.526 
 50    (0)   :  0.357 0.367 0.085 0.190 
 51    (0)   :  0.044 0.108 0.032 0.817 
 52    (0)   :  0.228 0.439 0.055 0.279 
 53    (0)   :  0.111 0.709 0.060 0.119 
 54    (0)   :  0.095 0.070 0.047 0.788 
 55    (0)   :  0.075 0.056 0.036 0.833 
 56    (0)   :  0.053 0.342 0.046 0.558 
 57    (0)   :  0.168 0.327 0.162 0.342 
 58    (0)   :  0.097 0.099 0.047 0.756 
 59    (0)   :  0.088 0.306 0.041 0.565 
 60    (0)   :  0.066 0.093 0.088 0.754 
 61    (0)   :  0.060 0.030 0.058 0.852 
 62    (0)   :  0.117 0.326 0.040 0.516 
 63    (0)   :  0.291 0.096 0.084 0.528 
 64    (0)   :  0.087 0.683 0.029 0.201 
 65    (0)   :  0.711 0.079 0.023 0.186 
 66    (0)   :  0.114 0.050 0.087 0.749 
 67    (0)   :  0.119 0.051 0.030 0.799 
 68    (0)   :  0.083 0.289 0.050 0.578 
 69    (0)   :  0.260 0.424 0.147 0.169 
 70    (0)   :  0.171 0.122 0.056 0.651 
 71    (0)   :  0.083 0.206 0.022 0.689 
 72    (0)   :  0.145 0.465 0.034 0.356 
 73    (0)   :  0.104 0.051 0.025 0.820 
 74    (0)   :  0.056 0.397 0.087 0.460 
 75    (0)   :  0.039 0.163 0.073 0.725 
 76    (0)   :  0.384 0.079 0.044 0.493 
 77    (0)   :  0.134 0.269 0.034 0.562 
 78    (0)   :  0.096 0.429 0.042 0.433 
 79    (0)   :  0.719 0.111 0.039 0.131 
 80    (0)   :  0.173 0.081 0.565 0.181 
 81    (0)   :  0.271 0.117 0.405 0.207 
 82    (0)   :  0.201 0.060 0.077 0.661 
 83    (0)   :  0.260 0.175 0.248 0.317 
 84    (0)   :  0.417 0.111 0.219 0.253 
 85    (0)   :  0.146 0.203 0.271 0.380 
 86    (0)   :  0.174 0.117 0.034 0.675 
 87    (0)   :  0.684 0.083 0.043 0.190 
 88    (0)   :  0.274 0.064 0.199 0.463 
 89    (0)   :  0.163 0.060 0.251 0.526 
 90    (0)   :  0.706 0.058 0.051 0.185 
 91    (0)   :  0.111 0.109 0.508 0.273 
 92    (0)   :  0.412 0.109 0.078 0.400 
 93    (0)   :  0.050 0.038 0.824 0.088 
 94    (0)   :  0.753 0.128 0.037 0.081 
 95    (0)   :  0.568 0.043 0.132 0.257 
 96    (0)   :  0.065 0.032 0.117 0.787 
 97    (0)   :  0.046 0.240 0.086 0.627 
 98    (0)   :  0.106 0.096 0.056 0.741 
 99    (0)   :  0.477 0.080 0.189 0.254 
100    (0)   :  0.054 0.035 0.451 0.460 
101    (0)   :  0.273 0.068 0.055 0.605 
102    (0)   :  0.222 0.073 0.304 0.401 
103    (0)   :  0.294 0.038 0.093 0.575 
104    (0)   :  0.721 0.047 0.063 0.170 
105    (0)   :  0.458 0.035 0.085 0.422 
106    (0)   :  0.743 0.142 0.019 0.097 
107    (0)   :  0.537 0.043 0.098 0.321 
108    (0)   :  0.084 0.122 0.029 0.764 
109    (0)   :  0.546 0.152 0.020 0.283 
110    (0)   :  0.782 0.109 0.022 0.087 
111    (0)   :  0.846 0.033 0.027 0.094 
112    (0)   :  0.827 0.053 0.021 0.099 
113    (0)   :  0.137 0.104 0.046 0.713 
114    (0)   :  0.702 0.042 0.081 0.175 
115    (0)   :  0.581 0.052 0.037 0.330 
116    (0)   :  0.400 0.212 0.021 0.367 
117    (0)   :  0.756 0.083 0.030 0.132 
118    (0)   :  0.242 0.053 0.027 0.679 
119    (0)   :  0.137 0.052 0.167 0.645 
120    (0)   :  0.680 0.055 0.040 0.224 
121    (0)   :  0.561 0.056 0.028 0.355 
122    (0)   :  0.746 0.108 0.026 0.120 
123    (0)   :  0.751 0.060 0.038 0.152 
124    (0)   :  0.524 0.216 0.027 0.232 
125    (0)   :  0.370 0.380 0.041 0.209 
126    (0)   :  0.641 0.100 0.046 0.213 
127    (0)   :  0.825 0.032 0.031 0.112 
128    (0)   :  0.260 0.046 0.029 0.665 
129    (0)   :  0.625 0.035 0.023 0.317 
130    (0)   :  0.636 0.047 0.097 0.220 
131    (0)   :  0.447 0.329 0.024 0.199 
132    (0)   :  0.761 0.078 0.021 0.140 
133    (0)   :  0.775 0.039 0.040 0.145 
134    (0)   :  0.857 0.064 0.016 0.063 
135    (0)   :  0.047 0.048 0.282 0.623 
136    (0)   :  0.035 0.052 0.789 0.123 
137    (0)   :  0.071 0.034 0.796 0.099 
138    (0)   :  0.036 0.049 0.817 0.098 
139    (0)   :  0.047 0.053 0.117 0.783 
140    (0)   :  0.131 0.094 0.502 0.274 
141    (0)   :  0.045 0.101 0.703 0.150 
142    (0)   :  0.048 0.042 0.417 0.493 
143    (0)   :  0.030 0.029 0.860 0.081 
144    (0)   :  0.067 0.030 0.800 0.103 
145    (0)   :  0.051 0.144 0.430 0.376 
146    (0)   :  0.133 0.104 0.471 0.292 
147    (0)   :  0.031 0.032 0.872 0.065 
148    (0)   :  0.097 0.057 0.593 0.253 
149    (0)   :  0.038 0.057 0.736 0.170 
150    (0)   :  0.132 0.045 0.589 0.235 
151    (0)   :  0.048 0.035 0.793 0.124 
152    (0)   :  0.067 0.081 0.437 0.414 
153    (0)   :  0.053 0.061 0.740 0.146 
154    (0)   :  0.041 0.047 0.756 0.156 
155    (0)   :  0.047 0.033 0.831 0.089 
156    (0)   :  0.065 0.028 0.624 0.282 
157    (0)   :  0.152 0.047 0.705 0.097 
158    (0)   :  0.048 0.140 0.568 0.244 
159    (0)   :  0.031 0.033 0.861 0.076 
160    (0)   :  0.032 0.035 0.840 0.094 
161    (0)   :  0.071 0.073 0.640 0.216 
162    (0)   :  0.119 0.117 0.330 0.434 
163    (0)   :  0.041 0.030 0.836 0.093 
164    (0)   :  0.154 0.075 0.497 0.275 
165    (0)   :  0.118 0.037 0.676 0.169 
166    (0)   :  0.162 0.074 0.540 0.224 
167    (0)   :  0.091 0.082 0.700 0.128 
168    (0)   :  0.048 0.082 0.702 0.168 
169    (0)   :  0.040 0.525 0.224 0.211 
170    (0)   :  0.056 0.036 0.557 0.351 
171    (0)   :  0.086 0.084 0.483 0.346 
172    (0)   :  0.036 0.218 0.459 0.287 
173    (0)   :  0.034 0.035 0.783 0.148 
174    (0)   :  0.048 0.038 0.825 0.088 
175    (0)   :  0.034 0.048 0.811 0.107 
176    (0)   :  0.067 0.030 0.803 0.100 
177    (0)   :  0.187 0.103 0.540 0.170 
178    (0)   :  0.061 0.066 0.762 0.111 
179    (0)   :  0.034 0.033 0.862 0.072 
180    (0)   :  0.083 0.114 0.604 0.199 
181    (0)   :  0.043 0.070 0.448 0.438 
182    (0)   :  0.037 0.033 0.637 0.292 
183    (0)   :  0.034 0.037 0.817 0.111 
184    (0)   :  0.089 0.119 0.030 0.762 
185    (0)   :  0.034 0.029 0.670 0.266 
186    (0)   :  0.292 0.084 0.033 0.590 
187    (0)   :  0.064 0.056 0.138 0.741 
188    (0)   :  0.303 0.061 0.025 0.612 
189    (0)   :  0.085 0.317 0.194 0.404 
190    (0)   :  0.033 0.023 0.107 0.837 
191    (0)   :  0.083 0.045 0.045 0.827 
192    (0)   :  0.133 0.059 0.150 0.659 
193    (0)   :  0.074 0.076 0.102 0.748 
194    (0)   :  0.136 0.048 0.124 0.693 
195    (0)   :  0.039 0.030 0.222 0.710 
196    (0)   :  0.050 0.033 0.087 0.830 
197    (0)   :  0.108 0.165 0.069 0.657 
198    (0)   :  0.176 0.119 0.101 0.603 
199    (0)   :  0.047 0.040 0.062 0.852 
200    (0)   :  0.081 0.090 0.073 0.756 
201    (0)   :  0.047 0.040 0.413 0.500 
202    (0)   :  0.051 0.030 0.347 0.571 
203    (0)   :  0.045 0.032 0.297 0.626 
204    (0)   :  0.040 0.027 0.066 0.867 
205    (0)   :  0.053 0.044 0.048 0.855 
206    (0)   :  0.048 0.035 0.076 0.842 
207    (0)   :  0.056 0.030 0.036 0.878 
208    (0)   :  0.045 0.031 0.143 0.780 
209    (0)   :  0.072 0.050 0.062 0.817 
210    (0)   :  0.064 0.033 0.091 0.812 
211    (0)   :  0.062 0.029 0.070 0.839 
212    (0)   :  0.049 0.057 0.458 0.435 
213    (0)   :  0.121 0.047 0.053 0.779 
214    (0)   :  0.043 0.037 0.375 0.546 
215    (0)   :  0.060 0.041 0.032 0.867 
216    (0)   :  0.103 0.126 0.043 0.728 
217    (0)   :  0.037 0.052 0.254 0.657 
218    (0)   :  0.059 0.049 0.058 0.833 
219    (0)   :  0.077 0.217 0.145 0.561 
220    (0)   :  0.057 0.031 0.042 0.870 
221    (0)   :  0.030 0.028 0.583 0.359 
222    (0)   :  0.111 0.205 0.075 0.609 
223    (0)   :  0.069 0.084 0.239 0.609 
224    (0)   :  0.054 0.036 0.198 0.713 
225    (0)   :  0.049 0.036 0.065 0.850 
226    (0)   :  0.052 0.167 0.075 0.706 
227    (0)   :  0.048 0.032 0.100 0.820 
228    (0)   :  0.034 0.027 0.157 0.782 
229    (0)   :  0.067 0.039 0.228 0.665 
230    (0)   :  0.053 0.031 0.123 0.793 
231    (0)   :  0.066 0.058 0.189 0.687 
232    (0)   :  0.079 0.067 0.109 0.745 
233    (0)   :  0.047 0.040 0.523 0.389 
234    (0)   :  0.131 0.092 0.127 0.651 
235    (0)   :  0.053 0.081 0.158 0.708 
236    (0)   :  0.056 0.051 0.215 0.678 
237    (0)   :  0.058 0.034 0.044 0.863 
238    (0)   :  0.071 0.045 0.404 0.480 
239    (0)   :  0.039 0.030 0.222 0.709 
240    (0)   :  0.073 0.044 0.410 0.472 
241    (0)   :  0.044 0.040 0.384 0.531 
242    (0)   :  0.099 0.125 0.103 0.672 
243    (0)   :  0.036 0.026 0.084 0.853 
244    (0)   :  0.046 0.031 0.214 0.709 
245    (0)   :  0.048 0.033 0.712 0.207 
246    (0)   :  0.038 0.052 0.262 0.648 
247    (0)   :  0.372 0.080 0.030 0.518 
248    (0)   :  0.082 0.040 0.028 0.850 
249    (0)   :  0.050 0.034 0.195 0.721 
250    (0)   :  0.066 0.048 0.126 0.761 
251    (0)   :  0.115 0.175 0.056 0.654 
252    (0)   :  0.055 0.045 0.119 0.780 
253    (0)   :  0.108 0.071 0.045 0.776 
254    (0)   :  0.090 0.118 0.072 0.720 
255    (0)   :  0.086 0.073 0.115 0.726 
256    (0)   :  0.046 0.041 0.150 0.763 
257    (0)   :  0.063 0.042 0.074 0.821 
258    (0)   :  0.118 0.051 0.059 0.772 
259    (0)   :  0.068 0.042 0.060 0.831 
260    (0)   :  0.103 0.144 0.205 0.548 
261    (0)   :  0.048 0.047 0.208 0.698 
262    (0)   :  0.031 0.032 0.187 0.750 
263    (0)   :  0.068 0.052 0.040 0.840 
264    (0)   :  0.102 0.505 0.024 0.370 
265    (0)   :  0.056 0.078 0.101 0.765 
266    (0)   :  0.033 0.028 0.566 0.373 
267    (0)   :  0.076 0.055 0.106 0.762 
268    (0)   :  0.050 0.033 0.086 0.832 
269    (0)   :  0.094 0.263 0.166 0.476 
270    (0)   :  0.105 0.104 0.046 0.745 
271    (0)   :  0.067 0.047 0.045 0.840 
272    (0)   :  0.052 0.100 0.049 0.799 
273    (0)   :  0.088 0.116 0.176 0.620 
274    (0)   :  0.064 0.084 0.063 0.788 
275    (0)   :  0.051 0.097 0.088 0.764 
276    (0)   :  0.057 0.087 0.040 0.816 
277    (0)   :  0.069 0.081 0.175 0.675 
278    (0)   :  0.049 0.039 0.043 0.868 
279    (0)   :  0.060 0.058 0.093 0.788 
280    (0)   :  0.054 0.130 0.076 0.740 
281    (0)   :  0.085 0.060 0.064 0.792 
282    (0)   :  0.072 0.079 0.380 0.469 
283    (0)   :  0.067 0.046 0.449 0.438 
284    (0)   :  0.103 0.051 0.148 0.699 
285    (0)   :  0.087 0.051 0.020 0.841 
286    (0)   :  0.045 0.031 0.214 0.710 
287    (0)   :  0.082 0.132 0.117 0.669 
288    (0)   :  0.054 0.097 0.046 0.803 
289    (0)   :  0.127 0.091 0.084 0.697 
290    (0)   :  0.062 0.193 0.051 0.694 
291    (0)   :  0.071 0.048 0.045 0.836 
292    (0)   :  0.045 0.098 0.090 0.767 
293    (0)   :  0.112 0.302 0.044 0.542 
294    (0)   :  0.064 0.054 0.032 0.849 
295    (0)   :  0.088 0.135 0.097 0.681 
296    (0)   :  0.057 0.038 0.042 0.863 
297    (0)   :  0.065 0.153 0.048 0.734 
298    (0)   :  0.089 0.071 0.233 0.607 
299    (0)   :  0.094 0.071 0.047 0.788 
300    (0)   :  0.057 0.042 0.031 0.870 
301    (0)   :  0.078 0.170 0.044 0.708 
302    (0)   :  0.056 0.051 0.034 0.859 
303    (0)   :  0.055 0.055 0.185 0.705 
304    (0)   :  0.131 0.171 0.308 0.390 
305    (0)   :  0.037 0.035 0.114 0.814 
306    (0)   :  0.044 0.079 0.275 0.602 
307    (0)   :  0.073 0.059 0.104 0.763 
308    (0)   :  0.047 0.046 0.212 0.694 
309    (0)   :  0.114 0.043 0.056 0.787 
310    (0)   :  0.039 0.030 0.138 0.792 
311    (0)   :  0.054 0.031 0.122 0.792 
312    (0)   :  0.077 0.028 0.045 0.850 
313    (0)   :  0.053 0.030 0.027 0.890 
314    (0)   :  0.029 0.030 0.866 0.075 
315    (0)   :  0.038 0.043 0.830 0.089 
316    (0)   :  0.041 0.052 0.829 0.078 
317    (0)   :  0.030 0.030 0.883 0.057 
318    (0)   :  0.030 0.032 0.889 0.050 
319    (0)   :  0.030 0.030 0.860 0.080 
320    (0)   :  0.030 0.030 0.867 0.074 
321    (0)   :  0.031 0.034 0.880 0.056 
322    (0)   :  0.041 0.048 0.813 0.098 
323    (0)   :  0.031 0.033 0.881 0.056 
324    (0)   :  0.031 0.033 0.880 0.056 
325    (0)   :  0.039 0.051 0.847 0.064 
326    (0)   :  0.039 0.048 0.857 0.056 
327    (0)   :  0.030 0.030 0.882 0.057 
328    (0)   :  0.040 0.047 0.823 0.090 
329    (0)   :  0.030 0.030 0.884 0.056 
330    (0)   :  0.030 0.031 0.883 0.057 
331    (0)   :  0.030 0.029 0.884 0.057 
332    (0)   :  0.040 0.058 0.844 0.058 
333    (0)   :  0.037 0.044 0.851 0.067 
334    (0)   :  0.040 0.047 0.823 0.090 
335    (0)   :  0.039 0.040 0.840 0.081 
336    (0)   :  0.031 0.037 0.873 0.060 
337    (0)   :  0.041 0.053 0.835 0.072 
338    (0)   :  0.030 0.034 0.886 0.049 
339    (0)   :  0.030 0.030 0.882 0.058 
340    (0)   :  0.029 0.028 0.884 0.060 
341    (0)   :  0.030 0.031 0.882 0.057 
342    (0)   :  0.030 0.031 0.883 0.056 
343    (0)   :  0.039 0.049 0.810 0.102 
344    (0)   :  0.030 0.030 0.889 0.052 
345    (0)   :  0.029 0.030 0.884 0.056 
346    (0)   :  0.029 0.030 0.889 0.052 
347    (0)   :  0.029 0.027 0.890 0.054 
348    (0)   :  0.037 0.039 0.811 0.113 
349    (0)   :  0.030 0.030 0.883 0.057 
350    (0)   :  0.030 0.031 0.849 0.090 
351    (0)   :  0.039 0.041 0.840 0.080 
352    (0)   :  0.039 0.046 0.843 0.072 
353    (0)   :  0.031 0.036 0.875 0.058 
354    (0)   :  0.030 0.031 0.882 0.057 
355    (0)   :  0.031 0.032 0.888 0.050 
356    (0)   :  0.038 0.039 0.773 0.150 
357    (0)   :  0.125 0.242 0.507 0.126 
358    (0)   :  0.040 0.047 0.850 0.063 
359    (0)   :  0.031 0.032 0.882 0.056 
360    (0)   :  0.029 0.029 0.891 0.051 
361    (0)   :  0.128 0.258 0.426 0.188 
362    (0)   :  0.404 0.249 0.044 0.304 
363    (0)   :  0.440 0.375 0.030 0.155 
364    (0)   :  0.138 0.337 0.221 0.305 
365    (0)   :  0.112 0.708 0.031 0.149 
366    (0)   :  0.089 0.382 0.083 0.446 
367    (0)   :  0.810 0.107 0.019 0.064 
368    (0)   :  0.610 0.088 0.038 0.265 
369    (0)   :  0.139 0.183 0.244 0.434 
370    (0)   :  0.449 0.075 0.044 0.432 
371    (0)   :  0.197 0.280 0.073 0.451 
372    (0)   :  0.249 0.093 0.082 0.576 
373    (0)   :  0.488 0.193 0.087 0.232 
374    (0)   :  0.231 0.272 0.287 0.209 
375    (0)   :  0.560 0.288 0.028 0.124 
376    (0)   :  0.104 0.817 0.022 0.057 
377    (0)   :  0.271 0.352 0.048 0.329 
378    (0)   :  0.617 0.050 0.178 0.155 
379    (0)   :  0.103 0.816 0.021 0.059 
380    (0)   :  0.048 0.681 0.075 0.195 
381    (0)   :  0.044 0.739 0.064 0.153 
382    (0)   :  0.618 0.264 0.031 0.086 
383    (0)   :  0.043 0.799 0.072 0.085 
384    (0)   :  0.159 0.629 0.077 0.134 
385    (0)   :  0.427 0.187 0.164 0.222 
386    (0)   :  0.603 0.267 0.028 0.102 
387    (0)   :  0.500 0.332 0.036 0.132 
388    (0)   :  0.292 0.215 0.223 0.269 
389    (0)   :  0.094 0.060 0.030 0.816 
390    (0)   :  0.478 0.297 0.032 0.193 
391    (0)   :  0.266 0.126 0.057 0.551 
392    (0)   :  0.138 0.649 0.063 0.149 
393    (0)   :  0.052 0.784 0.044 0.120 
394    (0)   :  0.352 0.191 0.244 0.213 
395    (0)   :  0.191 0.282 0.032 0.495 
396    (0)   :  0.555 0.293 0.021 0.131 
397    (0)   :  0.087 0.321 0.083 0.508 
398    (0)   :  0.223 0.683 0.023 0.072 
399    (0)   :  0.629 0.141 0.030 0.199 
400    (0)   :  0.499 0.349 0.048 0.104 
401    (0)   :  0.669 0.098 0.050 0.182 
402    (0)   :  0.187 0.147 0.040 0.625 
403    (0)   :  0.149 0.136 0.283 0.432 
404    (0)   :  0.196 0.375 0.061 0.368 
405    (0)   :  0.159 0.378 0.056 0.407 
406    (0)   :  0.049 0.421 0.093 0.436 
407    (0)   :  0.106 0.795 0.021 0.078 
408    (0)   :  0.609 0.045 0.019 0.326 
409    (0)   :  0.101 0.252 0.298 0.349 
410    (0)   :  0.276 0.523 0.075 0.126 
411    (0)   :  0.139 0.520 0.136 0.205 
412    (0)   :  0.710 0.101 0.034 0.154 
413    (0)   :  0.509 0.093 0.143 0.256 
414    (0)   :  0.730 0.093 0.023 0.155 
415    (0)   :  0.125 0.698 0.033 0.144 
416    (0)   :  0.295 0.377 0.058 0.271 
417    (0)   :  0.213 0.662 0.030 0.096 
418    (0)   :  0.724 0.161 0.025 0.091 
419    (0)   :  0.237 0.186 0.133 0.444 
420    (0)   :  0.604 0.120 0.031 0.244 
421    (0)   :  0.430 0.370 0.040 0.160 
422    (0)   :  0.079 0.337 0.029 0.555 
423    (0)   :  0.156 0.592 0.037 0.215 
424    (0)   :  0.644 0.095 0.052 0.209 
425    (0)   :  0.187 0.408 0.068 0.337 
426    (0)   :  0.669 0.141 0.065 0.124 
427    (0)   :  0.236 0.567 0.100 0.097 
428    (0)   :  0.069 0.379 0.085 0.466 
429    (0)   :  0.433 0.484 0.020 0.063 
430    (0)   :  0.125 0.738 0.026 0.111 
431    (0)   :  0.462 0.156 0.050 0.331 
432    (0)   :  0.599 0.097 0.043 0.261 
433    (0)   :  0.208 0.064 0.199 0.530 
434    (0)   :  0.226 0.268 0.087 0.419 
435    (0)   :  0.164 0.728 0.022 0.085 
436    (0)   :  0.192 0.697 0.042 0.069 
437    (0)   :  0.093 0.802 0.024 0.081 
438    (0)   :  0.224 0.424 0.053 0.299 
439    (0)   :  0.088 0.822 0.032 0.059 
440    (0)   :  0.156 0.759 0.018 0.067 
441    (0)   :  0.215 0.570 0.079 0.137 
442    (0)   :  0.331 0.504 0.026 0.139 
443    (0)   :  0.649 0.158 0.023 0.170 
444    (0)   :  0.211 0.623 0.025 0.141 
445    (0)   :  0.083 0.579 0.117 0.221 
446    (0)   :  0.298 0.606 0.028 0.069 
447    (0)   :  0.127 0.557 0.053 0.263 
448    (0)   :  0.208 0.614 0.026 0.152 
449    (0)   :  0.142 0.607 0.045 0.207 
450    (0)   :  0.126 0.747 0.048 0.079 
451    (0)   :  0.753 0.092 0.018 0.137 
452    (0)   :  0.140 0.745 0.038 0.077 
453    (0)   :  0.195 0.088 0.049 0.669 
454    (0)   :  0.246 0.578 0.058 0.117 
455    (0)   :  0.200 0.640 0.027 0.132 
456    (0)   :  0.202 0.576 0.023 0.199 
457    (0)   :  0.074 0.821 0.027 0.078 
458    (0)   :  0.103 0.802 0.030 0.065 
459    (0)   :  0.465 0.316 0.094 0.125 
460    (0)   :  0.526 0.377 0.026 0.072 
461    (0)   :  0.747 0.174 0.026 0.053 
462    (0)   :  0.327 0.502 0.018 0.153 
463    (0)   :  0.124 0.346 0.043 0.487 
464    (0)   :  0.559 0.296 0.024 0.120 
465    (0)   :  0.659 0.172 0.032 0.138 
466    (0)   :  0.432 0.221 0.025 0.321 
467    (0)   :  0.310 0.486 0.051 0.153 
468    (0)   :  0.063 0.811 0.022 0.103 
469    (0)   :  0.061 0.857 0.026 0.056 
470    (0)   :  0.191 0.720 0.023 0.067 
471    (0)   :  0.210 0.297 0.025 0.468 
472    (0)   :  0.315 0.414 0.032 0.239 
473    (0)   :  0.199 0.485 0.049 0.267 
474    (0)   :  0.149 0.693 0.037 0.121 
475    (0)   :  0.559 0.194 0.057 0.190 
476    (0)   :  0.122 0.773 0.030 0.076 
477    (0)   :  0.672 0.131 0.052 0.145 
478    (0)   :  0.838 0.072 0.023 0.067 
479    (0)   :  0.312 0.596 0.022 0.070 
480    (0)   :  0.083 0.834 0.025 0.058 
481    (0)   :  0.153 0.417 0.024 0.406 
482    (0)   :  0.269 0.655 0.022 0.054 
483    (0)   :  0.157 0.725 0.033 0.085 
484    (0)   :  0.129 0.547 0.032 0.292 
485    (0)   :  0.131 0.757 0.025 0.086 
486    (0)   :  0.249 0.124 0.038 0.590 
487    (0)   :  0.139 0.174 0.095 0.592 
488    (0)   :  0.257 0.077 0.061 0.606 
489    (0)   :  0.079 0.127 0.090 0.704 
490    (0)   :  0.640 0.102 0.025 0.234 
491    (0)   :  0.080 0.064 0.062 0.794 
492    (0)   :  0.186 0.053 0.150 0.611 
493    (0)   :  0.128 0.095 0.044 0.733 
494    (0)   :  0.100 0.167 0.057 0.677 
495    (0)   :  0.384 0.088 0.121 0.407 
496    (0)   :  0.129 0.067 0.242 0.562 
497    (0)   :  0.124 0.091 0.088 0.696 
498    (0)   :  0.384 0.098 0.052 0.465 
499    (0)   :  0.081 0.115 0.196 0.608 
500    (0)   :  0.103 0.349 0.045 0.503 
501    (0)   :  0.157 0.224 0.130 0.489 
502    (0)   :  0.233 0.111 0.168 0.488 
503    (0)   :  0.141 0.559 0.030 0.269 
504    (0)   :  0.610 0.052 0.036 0.302 
505    (0)   :  0.071 0.060 0.050 0.820 
506    (0)   :  0.273 0.108 0.139 0.479 
507    (0)   :  0.040 0.042 0.525 0.393 
508    (0)   :  0.054 0.039 0.401 0.507 
509    (0)   :  0.068 0.056 0.083 0.793 
510    (0)   :  0.119 0.265 0.203 0.412 
511    (0)   :  0.157 0.534 0.038 0.272 
512    (0)   :  0.252 0.580 0.025 0.143 
513    (0)   :  0.172 0.026 0.036 0.766 
514    (0)   :  0.575 0.067 0.054 0.305 
515    (0)   :  0.096 0.437 0.101 0.366 
516    (0)   :  0.357 0.052 0.043 0.548 
517    (0)   :  0.218 0.181 0.103 0.498 
518    (0)   :  0.099 0.297 0.218 0.387 
519    (0)   :  0.638 0.067 0.060 0.236 
520    (0)   :  0.059 0.234 0.195 0.512 
521    (0)   :  0.262 0.063 0.347 0.329 
522    (0)   :  0.099 0.460 0.032 0.409 
523    (0)   :  0.158 0.065 0.115 0.662 
524    (0)   :  0.127 0.439 0.062 0.373 
525    (0)   :  0.068 0.385 0.177 0.370 
526    (0)   :  0.052 0.434 0.050 0.464 
527    (0)   :  0.296 0.376 0.047 0.281 
528    (0)   :  0.083 0.049 0.465 0.403 
529    (0)   :  0.160 0.122 0.095 0.623 
530    (0)   :  0.093 0.449 0.058 0.400 
531    (0)   :  0.095 0.204 0.333 0.369 
532    (0)   :  0.147 0.186 0.229 0.438 
533    (0)   :  0.094 0.418 0.052 0.436 
534    (0)   :  0.111 0.055 0.065 0.769 
535    (0)   :  0.238 0.141 0.048 0.573 
536    (0)   :  0.079 0.223 0.098 0.601 
537    (0)   :  0.053 0.055 0.127 0.765 
538    (0)   :  0.073 0.072 0.097 0.758 
539    (0)   :  0.048 0.046 0.587 0.318 
540    (0)   :  0.088 0.140 0.168 0.604 
541    (0)   :  0.113 0.108 0.521 0.257 
542    (0)   :  0.059 0.278 0.037 0.626 
543    (0)   :  0.214 0.050 0.156 0.579 
544    (0)   :  0.069 0.088 0.052 0.790 
545    (0)   :  0.091 0.219 0.029 0.661 
546    (0)   :  0.071 0.087 0.076 0.766 
547    (0)   :  0.085 0.057 0.097 0.761 
548    (0)   :  0.066 0.047 0.123 0.764 
549    (0)   :  0.052 0.204 0.370 0.374 
550    (0)   :  0.144 0.329 0.067 0.460 
551    (0)   :  0.078 0.084 0.545 0.292 
552    (0)   :  0.049 0.071 0.084 0.797 
553    (0)   :  0.117 0.040 0.173 0.669 
554    (0)   :  0.245 0.260 0.129 0.365 
555    (0)   :  0.052 0.043 0.164 0.741 
556    (0)   :  0.073 0.064 0.062 0.801 
557    (0)   :  0.185 0.337 0.089 0.388 
558    (0)   :  0.262 0.664 0.024 0.050 
559    (0)   :  0.579 0.066 0.036 0.318 
560    (0)   :  0.628 0.264 0.017 0.091 
561    (0)   :  0.504 0.228 0.024 0.245 
562    (0)   :  0.646 0.141 0.017 0.196 
563    (0)   :  0.606 0.077 0.137 0.180 
564    (0)   :  0.197 0.080 0.037 0.686 
565    (0)   :  0.085 0.820 0.025 0.070 
566    (0)   :  0.789 0.121 0.018 0.072 
567    (0)   :  0.242 0.066 0.024 0.668 
568    (0)   :  0.541 0.127 0.038 0.294 
569    (0)   :  0.342 0.275 0.038 0.345 
570    (0)   :  0.240 0.675 0.019 0.066 
571    (0)   :  0.799 0.063 0.030 0.108 
572    (0)   :  0.112 0.127 0.123 0.638 
573    (0)   :  0.285 0.140 0.040 0.535 
574    (0)   :  0.186 0.517 0.106 0.191 
575    (0)   :  0.522 0.105 0.073 0.300 
576    (0)   :  0.804 0.102 0.018 0.077 
577    (0)   :  0.327 0.404 0.092 0.177 
578    (0)   :  0.694 0.130 0.031 0.146 
579    (0)   :  0.548 0.200 0.027 0.225 
580    (0)   :  0.277 0.536 0.051 0.136 
581    (0)   :  0.518 0.345 0.037 0.100 
582    (0)   :  0.392 0.494 0.021 0.093 
583    (0)   :  0.726 0.140 0.030 0.104 
584    (0)   :  0.796 0.104 0.021 0.078 
585    (0)   :  0.599 0.210 0.026 0.165 
586    (0)   :  0.772 0.048 0.036 0.144 
587    (0)   :  0.352 0.374 0.020 0.253 
588    (0)   :  0.059 0.028 0.023 0.890 
589    (0)   :  0.177 0.609 0.023 0.192 
590    (0)   :  0.733 0.067 0.026 0.174 
591    (0)   :  0.777 0.065 0.031 0.128 
592    (0)   :  0.394 0.139 0.023 0.444 
593    (0)   :  0.455 0.203 0.049 0.293 
594    (0)   :  0.625 0.083 0.070 0.222 
595    (0)   :  0.336 0.427 0.021 0.217 
596    (0)   :  0.157 0.147 0.038 0.658 
597    (0)   :  0.644 0.040 0.170 0.146 
598    (0)   :  0.135 0.792 0.021 0.053 
599    (0)   :  0.664 0.141 0.019 0.177 
600    (0)   :  0.245 0.485 0.061 0.209 
601    (0)   :  0.644 0.210 0.020 0.126 
602    (0)   :  0.168 0.103 0.079 0.650 
603    (0)   :  0.256 0.079 0.079 0.586 
604    (0)   :  0.092 0.555 0.059 0.294 
605    (0)   :  0.394 0.187 0.035 0.384 
606    (0)   :  0.117 0.147 0.076 0.660 
607    (0)   :  0.169 0.315 0.208 0.308 
608    (0)   :  0.174 0.220 0.425 0.181 
609    (0)   :  0.281 0.490 0.050 0.178 
610    (0)   :  0.089 0.604 0.034 0.274 
611    (0)   :  0.242 0.092 0.083 0.583 
612    (0)   :  0.076 0.806 0.029 0.089 
613    (0)   :  0.240 0.375 0.045 0.340 
614    (0)   :  0.057 0.806 0.024 0.114 
615    (0)   :  0.050 0.753 0.042 0.155 
616    (0)   :  0.243 0.268 0.146 0.343 
617    (0)   :  0.227 0.438 0.031 0.305 
618    (0)   :  0.055 0.613 0.094 0.238 
619    (0)   :  0.296 0.150 0.091 0.463 
620    (0)   :  0.491 0.078 0.018 0.414 
621    (0)   :  0.705 0.165 0.030 0.099 
622    (0)   :  0.098 0.472 0.084 0.346 
623    (0)   :  0.443 0.135 0.031 0.390 
624    (0)   :  0.083 0.729 0.095 0.094 
625    (0)   :  0.188 0.511 0.112 0.189 
626    (0)   :  0.046 0.374 0.263 0.317 
627    (0)   :  0.478 0.168 0.043 0.312 
628    (0)   :  0.406 0.141 0.045 0.408 
629    (0)   :  0.210 0.225 0.050 0.515 
630    (0)   :  0.156 0.632 0.039 0.172 
631    (0)   :  0.209 0.503 0.046 0.242 
632    (0)   :  0.065 0.096 0.107 0.732 
633    (0)   :  0.181 0.550 0.090 0.179 
634    (0)   :  0.273 0.209 0.138 0.380 
635    (0)   :  0.086 0.169 0.374 0.372 
636    (0)   :  0.166 0.432 0.209 0.192 
637    (0)   :  0.088 0.126 0.050 0.736 
638    (0)   :  0.242 0.199 0.085 0.475 
639    (0)   :  0.121 0.543 0.070 0.266 
640    (0)   :  0.748 0.101 0.043 0.108 
641    (0)   :  0.186 0.356 0.053 0.405 
642    (0)   :  0.102 0.090 0.384 0.423 
643    (0)   :  0.069 0.047 0.782 0.103 
644    (0)   :  0.141 0.058 0.548 0.252 
645    (0)   :  0.034 0.393 0.368 0.205 
646    (0)   :  0.162 0.085 0.071 0.682 
647    (0)   :  0.204 0.063 0.270 0.463 
648    (0)   :  0.072 0.184 0.226 0.519 
649    (0)   :  0.121 0.043 0.108 0.728 
650    (0)   :  0.196 0.054 0.098 0.651 
651    (0)   :  0.207 0.060 0.381 0.352 
652    (0)   :  0.104 0.067 0.553 0.276 
653    (0)   :  0.065 0.141 0.237 0.557 
654    (0)   :  0.052 0.060 0.223 0.665 
655    (0)   :  0.266 0.061 0.531 0.142 
656    (0)   :  0.067 0.081 0.111 0.741 
657    (0)   :  0.141 0.425 0.165 0.269 
658    (0)   :  0.368 0.117 0.176 0.339 
659    (0)   :  0.079 0.107 0.411 0.404 
660    (0)   :  0.073 0.051 0.458 0.419 
661    (0)   :  0.066 0.080 0.545 0.309 
662    (0)   :  0.110 0.035 0.071 0.784 
663    (0)   :  0.085 0.073 0.349 0.494 
664    (0)   :  0.454 0.144 0.215 0.187 
665    (0)   :  0.085 0.045 0.068 0.802 
666    (0)   :  0.083 0.069 0.303 0.546 
667    (0)   :  0.224 0.077 0.068 0.631 
668    (0)   :  0.145 0.113 0.419 0.323 
669    (0)   :  0.089 0.086 0.155 0.670 
670    (0)   :  0.038 0.034 0.769 0.158 
671    (0)   :  0.067 0.043 0.559 0.330 
672    (0)   :  0.120 0.057 0.710 0.114 
673    (0)   :  0.032 0.034 0.876 0.058 
674    (0)   :  0.053 0.071 0.612 0.264 
675    (0)   :  0.066 0.031 0.798 0.105 
676    (0)   :  0.031 0.030 0.875 0.063 
677    (0)   :  0.035 0.031 0.577 0.358 
678    (0)   :  0.035 0.034 0.879 0.052 
679    (0)   :  0.055 0.077 0.750 0.117 
680    (0)   :  0.037 0.061 0.768 0.135 
681    (0)   :  0.067 0.151 0.178 0.604 
682    (0)   :  0.039 0.059 0.806 0.097 
683    (0)   :  0.037 0.031 0.800 0.132 
684    (0)   :  0.036 0.033 0.871 0.060 
685    (0)   :  0.030 0.029 0.875 0.066 
686    (0)   :  0.044 0.059 0.483 0.414 
687    (0)   :  0.061 0.040 0.524 0.375 
688    (0)   :  0.050 0.037 0.806 0.107 
689    (0)   :  0.029 0.031 0.873 0.067 
690    (0)   :  0.031 0.031 0.876 0.062 
691    (0)   :  0.052 0.067 0.720 0.161 
692    (0)   :  0.050 0.046 0.827 0.077 
693    (0)   :  0.061 0.043 0.822 0.074 
694    (0)   :  0.028 0.026 0.880 0.066 
695    (0)   :  0.037 0.039 0.831 0.093 
696    (0)   :  0.051 0.037 0.804 0.107 
697    (0)   :  0.031 0.033 0.851 0.085 
698    (0)   :  0.031 0.031 0.863 0.075 
699    (0)   :  0.036 0.038 0.724 0.203 
700    (0)   :  0.058 0.058 0.772 0.111 
701    (0)   :  0.048 0.084 0.753 0.115 
702    (0)   :  0.067 0.073 0.657 0.204 
703    (0)   :  0.040 0.060 0.777 0.123 
704    (0)   :  0.047 0.034 0.789 0.129 
705    (0)   :  0.062 0.090 0.335 0.514 
706    (0)   :  0.036 0.055 0.769 0.140 
707    (0)   :  0.032 0.036 0.827 0.106 
708    (0)   :  0.032 0.031 0.840 0.097 
709    (0)   :  0.034 0.033 0.833 0.100 
710    (0)   :  0.029 0.028 0.877 0.066 
711    (0)   :  0.036 0.054 0.643 0.266 
712    (0)   :  0.029 0.028 0.719 0.224 
713    (0)   :  0.049 0.033 0.800 0.118 
714    (0)   :  0.057 0.077 0.652 0.214 
715    (0)   :  0.029 0.028 0.830 0.113 
716    (0)   :  0.035 0.049 0.817 0.098 
717    (0)   :  0.029 0.028 0.869 0.075 
718    (0)   :  0.040 0.057 0.592 0.311 
719    (0)   :  0.032 0.027 0.852 0.089 
720    (0)   :  0.604 0.181 0.032 0.183 
721    (0)   :  0.100 0.202 0.512 0.186 
722    (0)   :  0.208 0.526 0.060 0.205 
723    (0)   :  0.133 0.680 0.053 0.134 
724    (0)   :  0.105 0.607 0.158 0.130 
725    (0)   :  0.270 0.139 0.176 0.416 
726    (0)   :  0.113 0.529 0.092 0.266 
727    (0)   :  0.103 0.144 0.143 0.610 
728    (0)   :  0.048 0.879 0.017 0.055 
729    (0)   :  0.072 0.846 0.019 0.063 
730    (0)   :  0.343 0.445 0.034 0.178 
731    (0)   :  0.111 0.753 0.044 0.092 
732    (0)   :  0.132 0.677 0.052 0.139 
733    (0)   :  0.081 0.823 0.028 0.068 
734    (0)   :  0.160 0.756 0.019 0.065 
735    (0)   :  0.056 0.851 0.032 0.060 
736    (0)   :  0.431 0.433 0.040 0.096 
737    (0)   :  0.203 0.504 0.041 0.252 
738    (0)   :  0.219 0.625 0.037 0.119 
739    (0)   :  0.079 0.833 0.025 0.063 
740    (0)   :  0.057 0.101 0.709 0.133 
741    (0)   :  0.096 0.143 0.517 0.244 
742    (0)   :  0.725 0.079 0.129 0.067 
743    (0)   :  0.387 0.251 0.094 0.267 
744    (0)   :  0.292 0.063 0.070 0.575 
745    (0)   :  0.679 0.102 0.027 0.192 
746    (0)   :  0.244 0.209 0.191 0.356 
747    (0)   :  0.391 0.096 0.054 0.460 
748    (0)   :  0.294 0.059 0.454 0.194 
749    (0)   :  0.253 0.091 0.107 0.549 
750    (0)   :  0.341 0.100 0.070 0.488 
751    (0)   :  0.270 0.071 0.462 0.197 
752    (0)   :  0.319 0.132 0.066 0.483 
753    (0)   :  0.158 0.285 0.150 0.406 
754    (0)   :  0.152 0.152 0.366 0.331 
755    (0)   :  0.249 0.167 0.165 0.419 
756    (0)   :  0.587 0.034 0.221 0.158 
757    (0)   :  0.510 0.076 0.116 0.298 
758    (0)   :  0.700 0.052 0.027 0.221 
759    (0)   :  0.112 0.173 0.394 0.321 
760    (0)   :  0.284 0.456 0.107 0.152 
761    (0)   :  0.076 0.464 0.184 0.276 
762    (0)   :  0.364 0.491 0.042 0.103 
763    (0)   :  0.162 0.283 0.150 0.405 
764    (0)   :  0.545 0.088 0.075 0.293 
765    (0)   :  0.238 0.464 0.048 0.250 
766    (0)   :  0.473 0.067 0.297 0.163 
767    (0)   :  0.436 0.083 0.235 0.247 
768    (0)   :  0.309 0.541 0.043 0.107 
769    (0)   :  0.172 0.461 0.229 0.138 
770    (0)   :  0.523 0.326 0.040 0.112 
771    (0)   :  0.097 0.048 0.079 0.776 
772    (0)   :  0.386 0.119 0.280 0.214 
773    (0)   :  0.595 0.114 0.088 0.203 
774    (0)   :  0.103 0.117 0.328 0.453 
775    (0)   :  0.217 0.603 0.078 0.102 
776    (0)   :  0.773 0.056 0.039 0.132 
777    (0)   :  0.254 0.118 0.076 0.553 
778    (0)   :  0.164 0.074 0.102 0.660 
779    (0)   :  0.584 0.091 0.144 0.180 
780    (0)   :  0.259 0.082 0.420 0.239 
781    (0)   :  0.062 0.050 0.090 0.798 
782    (0)   :  0.578 0.093 0.142 0.186 
783    (0)   :  0.508 0.108 0.236 0.148 
784    (0)   :  0.627 0.142 0.073 0.159 
785    (0)   :  0.460 0.115 0.169 0.256 
786    (0)   :  0.319 0.087 0.447 0.147 
787    (0)   :  0.200 0.039 0.347 0.415 
788    (0)   :  0.457 0.258 0.092 0.192 
789    (0)   :  0.660 0.128 0.087 0.124 
790    (0)   :  0.231 0.212 0.279 0.278 
791    (0)   :  0.549 0.091 0.137 0.223 
792    (0)   :  0.145 0.047 0.383 0.425 
793    (0)   :  0.064 0.146 0.202 0.588 
794    (0)   :  0.304 0.128 0.125 0.442 
795    (0)   :  0.076 0.160 0.424 0.341 
796    (0)   :  0.596 0.053 0.165 0.187 
797    (0)   :  0.060 0.085 0.475 0.380 
798    (0)   :  0.177 0.584 0.023 0.216 
799    (0)   :  0.660 0.075 0.058 0.207 
800    (0)   :  0.123 0.031 0.442 0.404 
801    (0)   :  0.189 0.563 0.048 0.200 
802    (0)   :  0.149 0.301 0.208 0.342 
803    (0)   :  0.079 0.103 0.195 0.624 
804    (0)   :  0.137 0.099 0.075 0.689 
805    (0)   :  0.061 0.041 0.795 0.103 
806    (0)   :  0.091 0.418 0.096 0.395 
807    (0)   :  0.041 0.058 0.508 0.393 
808    (0)   :  0.072 0.054 0.281 0.593 
809    (0)   :  0.091 0.251 0.051 0.607 
810    (0)   :  0.168 0.259 0.145 0.428 
811    (0)   :  0.067 0.069 0.286 0.578 
812    (0)   :  0.075 0.058 0.026 0.841 
813    (0)   :  0.289 0.511 0.028 0.172 
814    (0)   :  0.110 0.044 0.032 0.815 
815    (0)   :  0.092 0.331 0.257 0.321 
816    (0)   :  0.242 0.174 0.331 0.253 
817    (0)   :  0.146 0.298 0.205 0.351 
818    (0)   :  0.710 0.078 0.063 0.150 
819    (0)   :  0.342 0.045 0.124 0.489 
820    (0)   :  0.572 0.044 0.164 0.220 
821    (0)   :  0.554 0.203 0.111 0.132 
822    (0)   :  0.296 0.306 0.022 0.376 
823    (0)   :  0.460 0.256 0.211 0.074 
824    (0)   :  0.473 0.098 0.142 0.287 
825    (0)   :  0.481 0.234 0.041 0.244 
826    (0)   :  0.818 0.050 0.029 0.103 
827    (0)   :  0.500 0.343 0.046 0.112 
828    (0)   :  0.105 0.641 0.065 0.189 
829    (0)   :  0.190 0.491 0.072 0.247 
830    (0)   :  0.365 0.494 0.030 0.111 
831    (0)   :  0.086 0.314 0.077 0.523 
832    (0)   :  0.384 0.171 0.118 0.327 
833    (0)   :  0.474 0.225 0.162 0.139 
834    (0)   :  0.213 0.320 0.103 0.364 
835    (0)   :  0.771 0.051 0.029 0.149 
836    (0)   :  0.780 0.046 0.054 0.120 
837    (0)   :  0.176 0.346 0.200 0.278 
838    (0)   :  0.803 0.038 0.029 0.130 
839    (0)   :  0.622 0.222 0.052 0.105 
840    (0)   :  0.102 0.057 0.077 0.764 
841    (0)   :  0.565 0.050 0.079 0.305 
842    (0)   :  0.856 0.051 0.023 0.071 
843    (0)   :  0.256 0.071 0.287 0.386 
844    (0)   :  0.134 0.195 0.099 0.573 
845    (0)   :  0.759 0.076 0.038 0.127 
846    (0)   :  0.670 0.068 0.083 0.179 
847    (0)   :  0.176 0.059 0.144 0.620 
848    (0)   :  0.754 0.036 0.070 0.140 
849    (0)   :  0.523 0.139 0.065 0.274 
850    (0)   :  0.701 0.147 0.045 0.107 
851    (0)   :  0.787 0.046 0.038 0.129 
852    (0)   :  0.108 0.284 0.467 0.140 
853    (0)   :  0.805 0.092 0.036 0.068 
854    (0)   :  0.160 0.411 0.222 0.208 
855    (0)   :  0.572 0.089 0.069 0.269 
856    (0)   :  0.248 0.112 0.097 0.543 
857    (0)   :  0.453 0.082 0.049 0.416 
858    (0)   :  0.452 0.147 0.042 0.360 
859    (0)   :  0.536 0.273 0.040 0.151 
860    (0)   :  0.748 0.049 0.036 0.167 
861    (0)   :  0.113 0.050 0.304 0.534 
862    (0)   :  0.086 0.830 0.026 0.058 
863    (0)   :  0.048 0.783 0.052 0.117 
864    (0)   :  0.044 0.858 0.041 0.057 
865    (0)   :  0.169 0.744 0.018 0.068 
866    (0)   :  0.471 0.350 0.031 0.149 
867    (0)   :  0.043 0.842 0.033 0.082 
868    (0)   :  0.055 0.780 0.026 0.139 
869    (0)   :  0.453 0.390 0.034 0.122 
870    (0)   :  0.233 0.519 0.021 0.227 
871    (0)   :  0.219 0.668 0.022 0.092 
872    (0)   :  0.062 0.845 0.028 0.066 
873    (0)   :  0.069 0.828 0.035 0.068 
874    (0)   :  0.065 0.839 0.022 0.075 
875    (0)   :  0.247 0.402 0.034 0.316 
876    (0)   :  0.573 0.132 0.027 0.267 
877    (0)   :  0.059 0.854 0.030 0.057 
878    (0)   :  0.157 0.515 0.042 0.286 
879    (0)   :  0.050 0.844 0.037 0.069 
880    (0)   :  0.403 0.322 0.027 0.248 
881    (0)   :  0.053 0.826 0.030 0.090 
882    (0)   :  0.055 0.854 0.031 0.060 
883    (0)   :  0.331 0.171 0.040 0.458 
884    (0)   :  0.193 0.724 0.018 0.064 
885    (0)   :  0.073 0.587 0.050 0.290 
886    (0)   :  0.088 0.752 0.041 0.119 
887    (0)   :  0.116 0.788 0.021 0.075 
888    (0)   :  0.118 0.423 0.086 0.373 
889    (0)   :  0.129 0.790 0.018 0.064 
890    (0)   :  0.360 0.468 0.019 0.153 
891    (0)   :  0.771 0.048 0.030 0.151 
892    (0)   :  0.350 0.087 0.034 0.529 
893    (0)   :  0.168 0.106 0.040 0.686 
894    (0)   :  0.784 0.121 0.022 0.073 
895    (0)   :  0.186 0.713 0.022 0.079 
896    (0)   :  0.492 0.051 0.055 0.401 
897    (0)   :  0.180 0.086 0.033 0.700 
898    (0)   :  0.204 0.439 0.057 0.300 
899    (0)   :  0.829 0.081 0.018 0.072 
900    (0)   :  0.799 0.043 0.027 0.131 
901    (0)   :  0.785 0.063 0.030 0.122 
902    (0)   :  0.147 0.062 0.032 0.758 
903    (0)   :  0.255 0.568 0.028 0.149 
904    (0)   :  0.105 0.497 0.046 0.351 
905    (0)   :  0.454 0.440 0.021 0.085 
906    (0)   :  0.601 0.157 0.037 0.204 
907    (0)   :  0.659 0.125 0.057 0.158 
908    (0)   :  0.670 0.153 0.038 0.139 
909    (0)   :  0.577 0.152 0.042 0.230 
910    (0)   :  0.722 0.057 0.038 0.183 
911    (0)   :  0.520 0.383 0.019 0.078 
912    (0)   :  0.739 0.134 0.023 0.103 
913    (0)   :  0.560 0.269 0.020 0.150 
914    (0)   :  0.365 0.217 0.176 0.242 
915    (0)   :  0.762 0.124 0.018 0.096 
916    (0)   :  0.766 0.085 0.025 0.123 
917    (0)   :  0.693 0.149 0.027 0.132 
918    (0)   :  0.283 0.384 0.123 0.210 
919    (0)   :  0.412 0.412 0.058 0.118 
920    (0)   :  0.786 0.068 0.049 0.097 
921    (0)   :  0.221 0.074 0.237 0.467 
922    (0)   :  0.123 0.061 0.033 0.783 
923    (0)   :  0.097 0.044 0.046 0.813 
924    (0)   :  0.282 0.042 0.033 0.642 
925    (0)   :  0.248 0.063 0.059 0.631 
926    (0)   :  0.064 0.028 0.052 0.856 
927    (0)   :  0.065 0.050 0.079 0.807 
928    (0)   :  0.044 0.032 0.099 0.826 
929    (0)   :  0.058 0.033 0.032 0.878 
930    (0)   :  0.176 0.063 0.058 0.703 
931    (0)   :  0.040 0.265 0.154 0.541 
932    (0)   :  0.070 0.038 0.026 0.866 
933    (0)   :  0.075 0.040 0.314 0.571 
