

----------------------------------------------------
STRUCTURE by Pritchard, Stephens and Donnelly (2000)
     and Falush, Stephens and Pritchard (2003)
       Code by Pritchard, Falush and Hubisz
             Version 2.3.4 (Jul 2012)
----------------------------------------------------



Command line arguments:   ./structure -K 10 -D 110008 -m brooktrout/mainparams -e brooktrout/extraparams -o brooktrout/250914_output/results_K10_rep8 
Input File:    brooktrout/brooktrout.txt

Run parameters:
   8454 individuals
   5 loci
   10 populations assumed
   50000 Burn-in period
   100000 Reps
RANDOMIZE turned off


--------------------------------------------
Overall proportion of membership of the
sample in each of the 10 clusters

Inferred Clusters
  1      2      3      4      5      6      7      8      9     10    
0.008  0.007  0.014  0.072  0.118  0.148  0.119  0.189  0.159  0.166  

--------------------------------------------

Allele-freq. divergence among pops (Net nucleotide distance),
computed using point estimates of P.

      1       2       3       4       5       6       7       8       9      10      
 1      -    0.0588  0.1469  0.1778  0.1323  0.1529  0.1200  0.1388  0.1119  0.1253  
 2   0.0588     -    0.0996  0.1092  0.1023  0.1015  0.0886  0.1201  0.1015  0.1195  
 3   0.1469  0.0996     -    0.2162  0.2172  0.1841  0.1974  0.1486  0.1968  0.1907  
 4   0.1778  0.1092  0.2162     -    0.2057  0.1307  0.1718  0.1740  0.1969  0.1791  
 5   0.1323  0.1023  0.2172  0.2057     -    0.1561  0.1180  0.2210  0.1023  0.1209  
 6   0.1529  0.1015  0.1841  0.1307  0.1561     -    0.1302  0.1285  0.1417  0.1707  
 7   0.1200  0.0886  0.1974  0.1718  0.1180  0.1302     -    0.1835  0.1241  0.1342  
 8   0.1388  0.1201  0.1486  0.1740  0.2210  0.1285  0.1835     -    0.1933  0.1604  
 9   0.1119  0.1015  0.1968  0.1969  0.1023  0.1417  0.1241  0.1933     -    0.0916  
10   0.1253  0.1195  0.1907  0.1791  0.1209  0.1707  0.1342  0.1604  0.0916     -    

Average distances (expected heterozygosity) between individuals in same cluster:
cluster  1  : 0.8233 
cluster  2  : 0.9176 
cluster  3  : 0.7300 
cluster  4  : 0.7326 
cluster  5  : 0.7286 
cluster  6  : 0.7186 
cluster  7  : 0.7723 
cluster  8  : 0.6877 
cluster  9  : 0.7277 
cluster 10  : 0.7017 

--------------------------------------------
Estimated Ln Prob of Data   = -202781.2
Mean value of ln likelihood = -172599.7
Variance of ln likelihood   = 60363.1

Mean value of alpha_1       = 0.0469
Mean value of alpha_2       = 0.0428
Mean value of alpha_3       = 0.0797
Mean value of alpha_4       = 0.4090
Mean value of alpha_5       = 0.6686
Mean value of alpha_6       = 0.8452
Mean value of alpha_7       = 0.6890
Mean value of alpha_8       = 1.0250
Mean value of alpha_9       = 0.9039
Mean value of alpha_10       = 0.9551
Allele frequencies uncorrelated


Inferred ancestry of individuals:
     (%Miss) :  Inferred clusters
  1    (0)   :  0.005 0.006 0.014 0.071 0.072 0.083 0.094 0.203 0.126 0.326 
  2    (0)   :  0.004 0.004 0.006 0.036 0.084 0.352 0.166 0.106 0.141 0.100 
  3    (0)   :  0.006 0.005 0.007 0.082 0.085 0.114 0.058 0.196 0.286 0.161 
  4    (0)   :  0.012 0.018 0.022 0.061 0.090 0.118 0.083 0.363 0.133 0.102 
  5    (0)   :  0.005 0.005 0.010 0.038 0.088 0.199 0.264 0.105 0.174 0.113 
  6    (0)   :  0.006 0.004 0.009 0.035 0.105 0.106 0.075 0.140 0.349 0.170 
  7    (0)   :  0.006 0.004 0.007 0.032 0.279 0.079 0.127 0.103 0.181 0.183 
  8    (0)   :  0.018 0.021 0.113 0.047 0.094 0.103 0.074 0.198 0.206 0.127 
  9    (0)   :  0.008 0.014 0.007 0.046 0.089 0.225 0.114 0.155 0.181 0.160 
 10    (0)   :  0.007 0.006 0.108 0.031 0.098 0.104 0.112 0.130 0.212 0.194 
 11    (0)   :  0.004 0.004 0.007 0.031 0.144 0.082 0.156 0.097 0.144 0.332 
 12    (0)   :  0.005 0.004 0.006 0.040 0.095 0.194 0.196 0.166 0.174 0.119 
 13    (0)   :  0.006 0.005 0.008 0.048 0.128 0.158 0.134 0.152 0.192 0.170 
 14    (0)   :  0.004 0.005 0.020 0.100 0.060 0.253 0.081 0.134 0.201 0.142 
 15    (0)   :  0.005 0.004 0.009 0.053 0.102 0.150 0.116 0.242 0.178 0.139 
 16    (0)   :  0.004 0.004 0.007 0.049 0.092 0.092 0.117 0.117 0.201 0.318 
 17    (0)   :  0.009 0.006 0.008 0.067 0.077 0.114 0.142 0.160 0.274 0.145 
 18    (0)   :  0.009 0.006 0.008 0.055 0.070 0.242 0.072 0.165 0.201 0.172 
 19    (0)   :  0.006 0.004 0.006 0.032 0.094 0.130 0.110 0.145 0.302 0.172 
 20    (0)   :  0.005 0.004 0.007 0.048 0.136 0.137 0.178 0.154 0.196 0.135 
 21    (0)   :  0.005 0.005 0.013 0.074 0.071 0.196 0.096 0.202 0.124 0.215 
 22    (0)   :  0.008 0.004 0.007 0.047 0.073 0.111 0.078 0.167 0.304 0.202 
 23    (0)   :  0.008 0.011 0.015 0.099 0.074 0.207 0.090 0.227 0.157 0.112 
 24    (0)   :  0.005 0.004 0.007 0.050 0.076 0.109 0.094 0.207 0.124 0.326 
 25    (0)   :  0.005 0.005 0.008 0.042 0.133 0.130 0.141 0.088 0.324 0.126 
 26    (0)   :  0.007 0.004 0.007 0.044 0.087 0.131 0.137 0.211 0.178 0.193 
 27    (0)   :  0.006 0.004 0.007 0.069 0.082 0.119 0.149 0.149 0.206 0.209 
 28    (0)   :  0.005 0.007 0.057 0.044 0.118 0.144 0.065 0.220 0.132 0.208 
 29    (0)   :  0.004 0.004 0.006 0.047 0.131 0.176 0.204 0.126 0.142 0.160 
 30    (0)   :  0.005 0.004 0.006 0.057 0.069 0.132 0.096 0.133 0.234 0.264 
 31    (0)   :  0.012 0.022 0.099 0.064 0.114 0.142 0.132 0.113 0.120 0.182 
 32    (0)   :  0.005 0.005 0.014 0.048 0.071 0.175 0.076 0.208 0.296 0.105 
 33    (0)   :  0.005 0.004 0.006 0.065 0.122 0.128 0.079 0.197 0.219 0.175 
 34    (0)   :  0.006 0.008 0.103 0.038 0.137 0.072 0.153 0.103 0.273 0.107 
 35    (0)   :  0.010 0.005 0.006 0.119 0.070 0.176 0.172 0.110 0.200 0.132 
 36    (0)   :  0.005 0.004 0.009 0.168 0.071 0.137 0.067 0.101 0.101 0.338 
 37    (0)   :  0.006 0.004 0.008 0.062 0.084 0.261 0.076 0.190 0.170 0.139 
 38    (0)   :  0.005 0.005 0.007 0.087 0.127 0.115 0.131 0.088 0.161 0.274 
 39    (0)   :  0.007 0.005 0.007 0.092 0.128 0.135 0.138 0.123 0.175 0.191 
 40    (0)   :  0.004 0.004 0.007 0.249 0.061 0.164 0.080 0.131 0.150 0.150 
 41    (0)   :  0.007 0.006 0.008 0.278 0.107 0.089 0.106 0.089 0.157 0.152 
 42    (0)   :  0.004 0.004 0.007 0.144 0.065 0.079 0.089 0.276 0.079 0.252 
 43    (0)   :  0.007 0.006 0.012 0.244 0.088 0.179 0.081 0.135 0.143 0.105 
 44    (0)   :  0.007 0.004 0.006 0.296 0.077 0.152 0.076 0.088 0.195 0.099 
 45    (0)   :  0.005 0.005 0.006 0.120 0.084 0.204 0.134 0.087 0.084 0.272 
 46    (0)   :  0.008 0.005 0.006 0.097 0.099 0.129 0.124 0.121 0.276 0.135 
 47    (0)   :  0.018 0.007 0.014 0.070 0.083 0.186 0.120 0.146 0.210 0.146 
 48    (0)   :  0.008 0.005 0.006 0.302 0.061 0.154 0.088 0.097 0.192 0.087 
 49    (0)   :  0.008 0.004 0.007 0.106 0.074 0.148 0.184 0.130 0.140 0.201 
 50    (0)   :  0.009 0.007 0.052 0.061 0.139 0.116 0.101 0.100 0.277 0.138 
 51    (0)   :  0.004 0.004 0.008 0.387 0.065 0.110 0.067 0.084 0.080 0.191 
 52    (0)   :  0.008 0.005 0.006 0.106 0.131 0.090 0.152 0.137 0.158 0.207 
 53    (0)   :  0.007 0.005 0.025 0.081 0.114 0.108 0.067 0.112 0.248 0.233 
 54    (0)   :  0.008 0.005 0.008 0.098 0.079 0.291 0.127 0.149 0.124 0.111 
 55    (0)   :  0.006 0.004 0.006 0.201 0.075 0.251 0.104 0.120 0.134 0.098 
 56    (0)   :  0.006 0.005 0.006 0.130 0.064 0.172 0.132 0.149 0.189 0.147 
 57    (0)   :  0.014 0.006 0.016 0.040 0.085 0.093 0.147 0.245 0.196 0.157 
 58    (0)   :  0.005 0.004 0.007 0.146 0.080 0.178 0.149 0.122 0.098 0.213 
 59    (0)   :  0.005 0.005 0.006 0.105 0.075 0.128 0.203 0.127 0.105 0.241 
 60    (0)   :  0.004 0.005 0.015 0.231 0.078 0.149 0.066 0.160 0.107 0.186 
 61    (0)   :  0.004 0.005 0.007 0.179 0.070 0.329 0.089 0.146 0.074 0.098 
 62    (0)   :  0.009 0.006 0.006 0.051 0.095 0.136 0.267 0.142 0.143 0.146 
 63    (0)   :  0.004 0.004 0.007 0.096 0.139 0.202 0.081 0.168 0.136 0.163 
 64    (0)   :  0.006 0.004 0.006 0.045 0.079 0.153 0.163 0.098 0.240 0.205 
 65    (0)   :  0.006 0.004 0.006 0.046 0.188 0.186 0.150 0.088 0.217 0.109 
 66    (0)   :  0.005 0.006 0.014 0.056 0.115 0.295 0.104 0.176 0.106 0.123 
 67    (0)   :  0.005 0.005 0.006 0.192 0.085 0.287 0.095 0.100 0.125 0.099 
 68    (0)   :  0.006 0.005 0.007 0.122 0.076 0.129 0.154 0.141 0.096 0.263 
 69    (0)   :  0.006 0.013 0.211 0.081 0.068 0.088 0.127 0.084 0.149 0.173 
 70    (0)   :  0.004 0.006 0.013 0.201 0.138 0.119 0.074 0.129 0.128 0.188 
 71    (0)   :  0.005 0.005 0.009 0.152 0.083 0.159 0.176 0.080 0.105 0.226 
 72    (0)   :  0.006 0.005 0.009 0.108 0.080 0.126 0.076 0.092 0.185 0.314 
 73    (0)   :  0.005 0.005 0.010 0.136 0.091 0.249 0.194 0.089 0.094 0.128 
 74    (0)   :  0.004 0.004 0.006 0.133 0.067 0.136 0.067 0.155 0.102 0.324 
 75    (0)   :  0.005 0.006 0.012 0.127 0.057 0.188 0.086 0.161 0.083 0.276 
 76    (0)   :  0.005 0.004 0.006 0.144 0.153 0.214 0.070 0.114 0.169 0.121 
 77    (0)   :  0.005 0.005 0.006 0.170 0.130 0.125 0.140 0.094 0.113 0.212 
 78    (0)   :  0.005 0.006 0.007 0.180 0.117 0.111 0.128 0.094 0.134 0.216 
 79    (0)   :  0.005 0.004 0.007 0.032 0.177 0.160 0.109 0.114 0.173 0.219 
 80    (0)   :  0.005 0.004 0.009 0.039 0.121 0.162 0.064 0.378 0.091 0.128 
 81    (0)   :  0.005 0.004 0.009 0.031 0.163 0.161 0.062 0.311 0.095 0.158 
 82    (0)   :  0.005 0.004 0.008 0.074 0.101 0.195 0.177 0.173 0.121 0.143 
 83    (0)   :  0.005 0.004 0.010 0.053 0.161 0.179 0.057 0.225 0.153 0.153 
 84    (0)   :  0.004 0.004 0.008 0.035 0.171 0.147 0.073 0.223 0.157 0.177 
 85    (0)   :  0.004 0.004 0.010 0.048 0.086 0.146 0.070 0.249 0.188 0.196 
 86    (0)   :  0.006 0.005 0.007 0.086 0.089 0.240 0.159 0.117 0.173 0.119 
 87    (0)   :  0.005 0.005 0.016 0.058 0.271 0.139 0.081 0.121 0.134 0.170 
 88    (0)   :  0.005 0.004 0.008 0.038 0.150 0.176 0.094 0.259 0.102 0.165 
 89    (0)   :  0.005 0.006 0.018 0.035 0.116 0.252 0.072 0.238 0.095 0.162 
 90    (0)   :  0.004 0.004 0.007 0.034 0.255 0.171 0.103 0.135 0.132 0.154 
 91    (0)   :  0.004 0.004 0.009 0.052 0.090 0.127 0.058 0.358 0.139 0.158 
 92    (0)   :  0.005 0.004 0.008 0.037 0.140 0.188 0.117 0.154 0.137 0.210 
 93    (0)   :  0.004 0.004 0.062 0.040 0.067 0.130 0.075 0.391 0.092 0.135 
 94    (0)   :  0.004 0.004 0.009 0.056 0.345 0.086 0.055 0.110 0.141 0.189 
 95    (0)   :  0.005 0.004 0.007 0.036 0.269 0.158 0.079 0.225 0.095 0.122 
 96    (0)   :  0.004 0.004 0.008 0.178 0.076 0.251 0.085 0.209 0.082 0.102 
 97    (0)   :  0.005 0.004 0.007 0.081 0.059 0.209 0.089 0.163 0.088 0.297 
 98    (0)   :  0.004 0.004 0.006 0.133 0.079 0.203 0.115 0.135 0.138 0.183 
 99    (0)   :  0.004 0.004 0.009 0.033 0.190 0.173 0.078 0.210 0.138 0.161 
100    (0)   :  0.005 0.004 0.008 0.044 0.062 0.258 0.073 0.376 0.080 0.091 
101    (0)   :  0.006 0.009 0.044 0.069 0.169 0.188 0.088 0.128 0.130 0.168 
102    (0)   :  0.005 0.005 0.010 0.099 0.113 0.124 0.109 0.290 0.132 0.113 
103    (0)   :  0.005 0.012 0.028 0.040 0.134 0.381 0.072 0.125 0.115 0.089 
104    (0)   :  0.005 0.006 0.017 0.037 0.355 0.126 0.108 0.126 0.124 0.096 
105    (0)   :  0.005 0.015 0.036 0.044 0.179 0.200 0.188 0.143 0.103 0.087 
106    (0)   :  0.004 0.004 0.006 0.043 0.336 0.098 0.094 0.074 0.172 0.170 
107    (0)   :  0.005 0.016 0.020 0.045 0.214 0.260 0.096 0.135 0.116 0.092 
108    (0)   :  0.004 0.005 0.008 0.127 0.071 0.294 0.074 0.102 0.208 0.107 
109    (0)   :  0.005 0.005 0.012 0.055 0.148 0.111 0.281 0.072 0.151 0.161 
110    (0)   :  0.005 0.008 0.008 0.037 0.354 0.088 0.091 0.076 0.154 0.180 
111    (0)   :  0.006 0.009 0.009 0.039 0.323 0.133 0.178 0.109 0.109 0.085 
112    (0)   :  0.004 0.006 0.007 0.065 0.288 0.080 0.245 0.083 0.098 0.123 
113    (0)   :  0.005 0.009 0.011 0.060 0.090 0.288 0.106 0.118 0.151 0.162 
114    (0)   :  0.005 0.006 0.019 0.035 0.288 0.139 0.160 0.147 0.106 0.096 
115    (0)   :  0.005 0.013 0.007 0.111 0.226 0.103 0.172 0.119 0.151 0.092 
116    (0)   :  0.005 0.005 0.006 0.107 0.185 0.112 0.153 0.077 0.151 0.197 
117    (0)   :  0.006 0.018 0.011 0.056 0.236 0.079 0.186 0.090 0.140 0.179 
118    (0)   :  0.005 0.010 0.007 0.050 0.117 0.244 0.258 0.107 0.110 0.093 
119    (0)   :  0.004 0.004 0.009 0.208 0.109 0.172 0.058 0.214 0.118 0.103 
120    (0)   :  0.005 0.008 0.009 0.074 0.219 0.145 0.187 0.128 0.131 0.095 
121    (0)   :  0.008 0.089 0.011 0.127 0.182 0.097 0.163 0.080 0.126 0.119 
122    (0)   :  0.004 0.004 0.013 0.041 0.251 0.129 0.152 0.089 0.149 0.168 
123    (0)   :  0.005 0.020 0.010 0.052 0.289 0.143 0.095 0.118 0.138 0.130 
124    (0)   :  0.008 0.039 0.007 0.077 0.149 0.162 0.117 0.091 0.175 0.175 
125    (0)   :  0.005 0.008 0.008 0.078 0.100 0.078 0.182 0.094 0.168 0.278 
126    (0)   :  0.004 0.004 0.007 0.094 0.228 0.132 0.079 0.130 0.122 0.200 
127    (0)   :  0.005 0.010 0.007 0.042 0.381 0.156 0.114 0.112 0.097 0.078 
128    (0)   :  0.004 0.004 0.006 0.046 0.098 0.291 0.250 0.103 0.100 0.097 
129    (0)   :  0.006 0.014 0.020 0.045 0.224 0.285 0.122 0.076 0.121 0.087 
130    (0)   :  0.005 0.012 0.020 0.035 0.242 0.155 0.178 0.142 0.112 0.098 
131    (0)   :  0.008 0.039 0.015 0.087 0.169 0.103 0.118 0.074 0.153 0.236 
132    (0)   :  0.004 0.006 0.012 0.045 0.282 0.196 0.093 0.074 0.139 0.149 
133    (0)   :  0.007 0.015 0.013 0.050 0.238 0.246 0.084 0.115 0.137 0.094 
134    (0)   :  0.004 0.004 0.006 0.033 0.431 0.087 0.125 0.066 0.110 0.134 
135    (0)   :  0.005 0.004 0.007 0.099 0.054 0.135 0.144 0.343 0.075 0.133 
136    (0)   :  0.005 0.004 0.018 0.040 0.052 0.113 0.113 0.414 0.129 0.111 
137    (0)   :  0.005 0.005 0.018 0.038 0.062 0.092 0.109 0.465 0.086 0.121 
138    (0)   :  0.005 0.004 0.009 0.048 0.055 0.089 0.057 0.517 0.081 0.134 
139    (0)   :  0.004 0.005 0.015 0.057 0.056 0.343 0.094 0.195 0.096 0.135 
140    (0)   :  0.005 0.004 0.030 0.068 0.080 0.142 0.092 0.271 0.092 0.218 
141    (0)   :  0.006 0.006 0.098 0.045 0.057 0.131 0.095 0.260 0.141 0.160 
142    (0)   :  0.005 0.005 0.028 0.123 0.056 0.186 0.112 0.285 0.077 0.124 
143    (0)   :  0.004 0.003 0.007 0.038 0.050 0.097 0.059 0.570 0.075 0.097 
144    (0)   :  0.004 0.004 0.008 0.039 0.061 0.089 0.107 0.506 0.077 0.105 
145    (0)   :  0.006 0.005 0.017 0.059 0.057 0.148 0.130 0.260 0.145 0.175 
146    (0)   :  0.006 0.005 0.017 0.044 0.086 0.098 0.102 0.316 0.115 0.211 
147    (0)   :  0.005 0.004 0.015 0.035 0.051 0.088 0.063 0.546 0.083 0.111 
148    (0)   :  0.005 0.005 0.094 0.069 0.070 0.155 0.111 0.248 0.136 0.107 
149    (0)   :  0.005 0.005 0.203 0.076 0.052 0.145 0.088 0.180 0.081 0.166 
150    (0)   :  0.005 0.005 0.018 0.043 0.081 0.150 0.140 0.327 0.101 0.129 
151    (0)   :  0.005 0.003 0.007 0.041 0.065 0.127 0.079 0.472 0.084 0.117 
152    (0)   :  0.005 0.005 0.024 0.104 0.059 0.126 0.105 0.297 0.173 0.100 
153    (0)   :  0.004 0.005 0.021 0.068 0.065 0.094 0.071 0.405 0.088 0.178 
154    (0)   :  0.005 0.006 0.265 0.062 0.052 0.145 0.095 0.146 0.116 0.108 
155    (0)   :  0.005 0.004 0.010 0.036 0.071 0.110 0.062 0.526 0.085 0.092 
156    (0)   :  0.004 0.004 0.008 0.092 0.066 0.120 0.088 0.449 0.075 0.095 
157    (0)   :  0.004 0.004 0.019 0.033 0.117 0.104 0.063 0.432 0.109 0.114 
158    (0)   :  0.006 0.005 0.017 0.053 0.054 0.112 0.137 0.290 0.137 0.189 
159    (0)   :  0.005 0.005 0.127 0.034 0.051 0.100 0.074 0.423 0.081 0.100 
160    (0)   :  0.006 0.005 0.128 0.033 0.052 0.122 0.088 0.383 0.081 0.103 
161    (0)   :  0.004 0.004 0.014 0.053 0.066 0.126 0.079 0.332 0.096 0.225 
162    (0)   :  0.008 0.006 0.017 0.047 0.089 0.127 0.112 0.278 0.121 0.196 
163    (0)   :  0.004 0.004 0.009 0.054 0.064 0.097 0.064 0.529 0.076 0.097 
164    (0)   :  0.007 0.006 0.163 0.040 0.080 0.169 0.095 0.197 0.098 0.146 
165    (0)   :  0.005 0.004 0.008 0.042 0.078 0.111 0.143 0.403 0.087 0.119 
166    (0)   :  0.004 0.005 0.169 0.065 0.096 0.155 0.059 0.206 0.131 0.111 
167    (0)   :  0.007 0.006 0.341 0.037 0.066 0.073 0.079 0.154 0.135 0.102 
168    (0)   :  0.005 0.004 0.009 0.067 0.057 0.096 0.069 0.414 0.115 0.163 
169    (0)   :  0.006 0.004 0.014 0.049 0.053 0.091 0.136 0.221 0.126 0.299 
170    (0)   :  0.004 0.004 0.008 0.090 0.065 0.195 0.074 0.353 0.085 0.122 
171    (0)   :  0.005 0.005 0.014 0.061 0.057 0.161 0.079 0.334 0.155 0.130 
172    (0)   :  0.005 0.005 0.050 0.093 0.050 0.126 0.090 0.223 0.078 0.280 
173    (0)   :  0.005 0.004 0.017 0.035 0.053 0.158 0.078 0.468 0.085 0.096 
174    (0)   :  0.005 0.004 0.018 0.031 0.066 0.117 0.075 0.466 0.093 0.125 
175    (0)   :  0.005 0.004 0.009 0.059 0.053 0.103 0.070 0.470 0.127 0.099 
176    (0)   :  0.005 0.004 0.008 0.039 0.060 0.090 0.108 0.504 0.078 0.104 
177    (0)   :  0.005 0.005 0.018 0.042 0.117 0.104 0.075 0.331 0.115 0.188 
178    (0)   :  0.005 0.005 0.023 0.033 0.068 0.132 0.083 0.374 0.157 0.119 
179    (0)   :  0.005 0.004 0.068 0.033 0.053 0.125 0.055 0.468 0.087 0.102 
180    (0)   :  0.007 0.005 0.061 0.058 0.068 0.092 0.097 0.298 0.105 0.209 
181    (0)   :  0.005 0.004 0.014 0.062 0.056 0.180 0.102 0.314 0.092 0.170 
182    (0)   :  0.006 0.004 0.009 0.053 0.051 0.185 0.094 0.423 0.077 0.098 
183    (0)   :  0.005 0.004 0.016 0.040 0.053 0.136 0.064 0.488 0.088 0.107 
184    (0)   :  0.005 0.004 0.006 0.039 0.072 0.399 0.091 0.104 0.192 0.087 
185    (0)   :  0.004 0.005 0.008 0.112 0.045 0.107 0.072 0.499 0.066 0.082 
186    (0)   :  0.005 0.004 0.006 0.038 0.115 0.401 0.073 0.097 0.153 0.107 
187    (0)   :  0.004 0.004 0.010 0.041 0.071 0.347 0.068 0.250 0.115 0.090 
188    (0)   :  0.005 0.004 0.006 0.038 0.087 0.480 0.071 0.081 0.143 0.085 
189    (0)   :  0.004 0.004 0.008 0.071 0.067 0.185 0.061 0.234 0.193 0.173 
190    (0)   :  0.004 0.004 0.007 0.171 0.049 0.321 0.085 0.219 0.066 0.074 
191    (0)   :  0.004 0.004 0.007 0.034 0.064 0.467 0.098 0.121 0.110 0.093 
192    (0)   :  0.004 0.004 0.007 0.035 0.088 0.319 0.082 0.234 0.127 0.101 
193    (0)   :  0.004 0.004 0.007 0.052 0.070 0.259 0.135 0.204 0.136 0.129 
194    (0)   :  0.004 0.005 0.008 0.070 0.083 0.300 0.072 0.231 0.111 0.116 
195    (0)   :  0.004 0.004 0.007 0.065 0.049 0.397 0.055 0.256 0.073 0.089 
196    (0)   :  0.004 0.004 0.007 0.089 0.064 0.380 0.094 0.191 0.088 0.080 
197    (0)   :  0.005 0.005 0.008 0.051 0.100 0.217 0.097 0.210 0.196 0.110 
198    (0)   :  0.004 0.004 0.008 0.063 0.089 0.209 0.092 0.170 0.165 0.196 
199    (0)   :  0.004 0.004 0.007 0.118 0.071 0.311 0.109 0.173 0.091 0.113 
200    (0)   :  0.004 0.004 0.007 0.095 0.062 0.313 0.108 0.186 0.131 0.090 
201    (0)   :  0.004 0.004 0.008 0.044 0.054 0.302 0.065 0.351 0.086 0.082 
202    (0)   :  0.004 0.004 0.007 0.091 0.067 0.196 0.084 0.377 0.075 0.095 
203    (0)   :  0.004 0.004 0.008 0.039 0.054 0.314 0.073 0.353 0.080 0.070 
204    (0)   :  0.004 0.004 0.007 0.058 0.052 0.515 0.063 0.147 0.070 0.080 
205    (0)   :  0.004 0.004 0.007 0.069 0.068 0.429 0.080 0.133 0.103 0.104 
206    (0)   :  0.004 0.004 0.007 0.042 0.051 0.505 0.062 0.161 0.080 0.083 
207    (0)   :  0.004 0.004 0.006 0.054 0.069 0.480 0.109 0.117 0.079 0.079 
208    (0)   :  0.004 0.004 0.008 0.048 0.059 0.387 0.085 0.241 0.082 0.081 
209    (0)   :  0.004 0.004 0.007 0.048 0.067 0.384 0.116 0.157 0.113 0.101 
210    (0)   :  0.004 0.004 0.007 0.039 0.060 0.496 0.068 0.158 0.083 0.081 
211    (0)   :  0.005 0.005 0.006 0.092 0.084 0.161 0.239 0.245 0.089 0.074 
212    (0)   :  0.004 0.004 0.007 0.079 0.051 0.187 0.074 0.369 0.105 0.121 
213    (0)   :  0.004 0.005 0.007 0.126 0.109 0.257 0.083 0.165 0.083 0.162 
214    (0)   :  0.004 0.004 0.006 0.048 0.054 0.253 0.089 0.377 0.086 0.079 
215    (0)   :  0.004 0.004 0.007 0.057 0.073 0.443 0.111 0.112 0.106 0.083 
216    (0)   :  0.005 0.004 0.006 0.045 0.073 0.317 0.104 0.128 0.212 0.106 
217    (0)   :  0.004 0.004 0.007 0.056 0.054 0.315 0.069 0.307 0.096 0.088 
218    (0)   :  0.004 0.004 0.007 0.039 0.079 0.457 0.075 0.144 0.092 0.099 
219    (0)   :  0.006 0.004 0.008 0.045 0.066 0.232 0.067 0.247 0.209 0.117 
220    (0)   :  0.004 0.004 0.007 0.038 0.060 0.543 0.074 0.115 0.078 0.077 
221    (0)   :  0.004 0.004 0.007 0.126 0.049 0.171 0.070 0.411 0.073 0.085 
222    (0)   :  0.006 0.004 0.007 0.042 0.073 0.272 0.078 0.168 0.228 0.122 
223    (0)   :  0.004 0.004 0.010 0.045 0.070 0.244 0.074 0.306 0.136 0.108 
224    (0)   :  0.004 0.005 0.008 0.039 0.053 0.389 0.064 0.273 0.084 0.082 
225    (0)   :  0.004 0.004 0.007 0.064 0.061 0.439 0.076 0.157 0.093 0.096 
226    (0)   :  0.005 0.005 0.008 0.051 0.070 0.286 0.096 0.167 0.187 0.124 
227    (0)   :  0.004 0.004 0.009 0.110 0.074 0.325 0.073 0.237 0.075 0.088 
228    (0)   :  0.004 0.005 0.008 0.136 0.046 0.315 0.073 0.260 0.067 0.085 
229    (0)   :  0.004 0.004 0.007 0.033 0.060 0.378 0.060 0.284 0.087 0.082 
230    (0)   :  0.004 0.004 0.007 0.035 0.057 0.436 0.073 0.228 0.081 0.075 
231    (0)   :  0.004 0.004 0.007 0.035 0.053 0.350 0.080 0.248 0.118 0.100 
232    (0)   :  0.005 0.004 0.007 0.075 0.083 0.220 0.086 0.235 0.084 0.202 
233    (0)   :  0.004 0.004 0.007 0.038 0.055 0.225 0.084 0.421 0.087 0.076 
234    (0)   :  0.004 0.004 0.007 0.037 0.072 0.280 0.109 0.203 0.169 0.117 
235    (0)   :  0.004 0.004 0.008 0.060 0.069 0.289 0.076 0.248 0.117 0.124 
236    (0)   :  0.004 0.004 0.006 0.038 0.061 0.259 0.100 0.321 0.116 0.089 
237    (0)   :  0.004 0.004 0.006 0.065 0.060 0.411 0.122 0.138 0.092 0.098 
238    (0)   :  0.004 0.004 0.007 0.047 0.068 0.253 0.081 0.349 0.097 0.091 
239    (0)   :  0.004 0.004 0.007 0.066 0.049 0.400 0.055 0.253 0.072 0.090 
240    (0)   :  0.004 0.004 0.006 0.048 0.068 0.250 0.082 0.350 0.097 0.092 
241    (0)   :  0.005 0.004 0.008 0.061 0.059 0.273 0.080 0.311 0.087 0.113 
242    (0)   :  0.004 0.005 0.008 0.057 0.063 0.388 0.053 0.175 0.125 0.121 
243    (0)   :  0.004 0.004 0.006 0.092 0.053 0.392 0.104 0.199 0.075 0.070 
244    (0)   :  0.004 0.004 0.007 0.038 0.052 0.373 0.078 0.289 0.081 0.075 
245    (0)   :  0.004 0.004 0.007 0.060 0.063 0.187 0.063 0.431 0.081 0.100 
246    (0)   :  0.004 0.004 0.007 0.056 0.053 0.313 0.069 0.310 0.095 0.089 
247    (0)   :  0.004 0.004 0.006 0.054 0.150 0.333 0.078 0.091 0.141 0.139 
248    (0)   :  0.004 0.003 0.006 0.050 0.082 0.412 0.142 0.108 0.103 0.091 
249    (0)   :  0.004 0.004 0.007 0.046 0.061 0.340 0.083 0.291 0.085 0.080 
250    (0)   :  0.004 0.004 0.007 0.036 0.069 0.338 0.093 0.247 0.114 0.089 
251    (0)   :  0.004 0.004 0.007 0.061 0.076 0.259 0.121 0.151 0.203 0.114 
252    (0)   :  0.004 0.004 0.007 0.062 0.063 0.376 0.063 0.210 0.100 0.110 
253    (0)   :  0.004 0.004 0.007 0.079 0.101 0.295 0.102 0.129 0.132 0.147 
254    (0)   :  0.006 0.004 0.007 0.045 0.066 0.328 0.077 0.180 0.189 0.098 
255    (0)   :  0.004 0.004 0.007 0.046 0.071 0.325 0.091 0.206 0.125 0.120 
256    (0)   :  0.004 0.004 0.007 0.058 0.059 0.352 0.090 0.233 0.095 0.098 
257    (0)   :  0.006 0.018 0.009 0.051 0.076 0.371 0.099 0.164 0.104 0.103 
258    (0)   :  0.004 0.004 0.007 0.104 0.079 0.261 0.126 0.161 0.129 0.124 
259    (0)   :  0.004 0.004 0.007 0.040 0.066 0.410 0.091 0.181 0.108 0.088 
260    (0)   :  0.005 0.004 0.007 0.037 0.068 0.192 0.077 0.306 0.207 0.096 
261    (0)   :  0.004 0.004 0.007 0.075 0.057 0.299 0.067 0.281 0.097 0.109 
262    (0)   :  0.004 0.004 0.007 0.110 0.048 0.325 0.072 0.266 0.077 0.087 
263    (0)   :  0.005 0.004 0.006 0.042 0.059 0.478 0.080 0.123 0.127 0.074 
264    (0)   :  0.006 0.004 0.006 0.046 0.079 0.235 0.109 0.087 0.309 0.119 
265    (0)   :  0.004 0.004 0.007 0.047 0.068 0.339 0.079 0.213 0.130 0.109 
266    (0)   :  0.004 0.004 0.006 0.087 0.049 0.202 0.072 0.417 0.072 0.086 
267    (0)   :  0.004 0.004 0.007 0.051 0.070 0.267 0.135 0.235 0.119 0.108 
268    (0)   :  0.004 0.004 0.007 0.089 0.064 0.379 0.095 0.191 0.088 0.080 
269    (0)   :  0.004 0.004 0.008 0.042 0.066 0.248 0.071 0.231 0.205 0.120 
270    (0)   :  0.006 0.005 0.012 0.041 0.083 0.373 0.092 0.118 0.160 0.110 
271    (0)   :  0.004 0.004 0.007 0.066 0.079 0.345 0.134 0.142 0.118 0.102 
272    (0)   :  0.005 0.005 0.008 0.077 0.073 0.284 0.121 0.150 0.166 0.110 
273    (0)   :  0.019 0.030 0.031 0.043 0.098 0.229 0.102 0.189 0.122 0.138 
274    (0)   :  0.004 0.004 0.007 0.045 0.076 0.337 0.104 0.158 0.146 0.119 
275    (0)   :  0.007 0.009 0.027 0.045 0.063 0.344 0.099 0.155 0.147 0.104 
276    (0)   :  0.005 0.005 0.007 0.081 0.084 0.302 0.133 0.133 0.135 0.115 
277    (0)   :  0.004 0.004 0.008 0.041 0.068 0.295 0.077 0.243 0.136 0.124 
278    (0)   :  0.004 0.004 0.006 0.069 0.067 0.390 0.125 0.144 0.108 0.083 
279    (0)   :  0.004 0.004 0.007 0.043 0.068 0.352 0.098 0.188 0.127 0.109 
280    (0)   :  0.004 0.004 0.007 0.058 0.062 0.298 0.082 0.186 0.138 0.161 
281    (0)   :  0.004 0.004 0.007 0.045 0.096 0.361 0.093 0.155 0.103 0.131 
282    (0)   :  0.004 0.004 0.007 0.036 0.064 0.203 0.077 0.382 0.127 0.097 
283    (0)   :  0.004 0.004 0.008 0.043 0.067 0.230 0.063 0.411 0.091 0.078 
284    (0)   :  0.004 0.005 0.013 0.051 0.079 0.258 0.119 0.243 0.130 0.099 
285    (0)   :  0.004 0.004 0.006 0.080 0.079 0.388 0.131 0.081 0.104 0.123 
286    (0)   :  0.004 0.004 0.007 0.038 0.052 0.374 0.078 0.287 0.081 0.075 
287    (0)   :  0.004 0.004 0.008 0.044 0.097 0.284 0.072 0.203 0.126 0.158 
288    (0)   :  0.005 0.005 0.008 0.046 0.070 0.404 0.086 0.130 0.146 0.099 
289    (0)   :  0.007 0.008 0.011 0.065 0.090 0.372 0.098 0.117 0.142 0.090 
290    (0)   :  0.006 0.005 0.006 0.099 0.067 0.254 0.123 0.171 0.147 0.122 
291    (0)   :  0.004 0.004 0.007 0.065 0.079 0.346 0.135 0.141 0.118 0.102 
292    (0)   :  0.004 0.004 0.007 0.107 0.057 0.253 0.070 0.206 0.115 0.178 
293    (0)   :  0.005 0.004 0.006 0.101 0.068 0.195 0.146 0.126 0.194 0.155 
294    (0)   :  0.006 0.005 0.006 0.062 0.061 0.480 0.067 0.106 0.125 0.082 
295    (0)   :  0.005 0.005 0.028 0.092 0.087 0.249 0.129 0.125 0.142 0.137 
296    (0)   :  0.004 0.004 0.007 0.054 0.082 0.455 0.093 0.130 0.085 0.087 
297    (0)   :  0.004 0.004 0.007 0.049 0.069 0.353 0.076 0.137 0.138 0.163 
298    (0)   :  0.004 0.004 0.007 0.033 0.072 0.279 0.074 0.303 0.125 0.098 
299    (0)   :  0.006 0.004 0.007 0.036 0.064 0.466 0.062 0.130 0.140 0.085 
300    (0)   :  0.004 0.004 0.006 0.049 0.058 0.502 0.079 0.098 0.084 0.116 
301    (0)   :  0.005 0.004 0.012 0.041 0.064 0.335 0.099 0.120 0.222 0.097 
302    (0)   :  0.006 0.006 0.013 0.096 0.058 0.415 0.086 0.110 0.128 0.082 
303    (0)   :  0.004 0.004 0.007 0.049 0.056 0.309 0.070 0.275 0.093 0.133 
304    (0)   :  0.006 0.005 0.015 0.033 0.092 0.139 0.090 0.317 0.185 0.119 
305    (0)   :  0.004 0.005 0.014 0.061 0.049 0.453 0.067 0.175 0.081 0.090 
306    (0)   :  0.004 0.004 0.007 0.054 0.060 0.268 0.071 0.306 0.115 0.111 
307    (0)   :  0.004 0.005 0.008 0.044 0.068 0.296 0.102 0.231 0.132 0.109 
308    (0)   :  0.004 0.004 0.007 0.076 0.057 0.298 0.066 0.281 0.098 0.109 
309    (0)   :  0.013 0.028 0.020 0.054 0.080 0.432 0.089 0.115 0.091 0.080 
310    (0)   :  0.004 0.004 0.006 0.058 0.052 0.405 0.086 0.226 0.080 0.079 
311    (0)   :  0.004 0.004 0.007 0.035 0.057 0.437 0.073 0.227 0.081 0.075 
312    (0)   :  0.004 0.004 0.007 0.047 0.065 0.529 0.078 0.115 0.078 0.073 
313    (0)   :  0.004 0.004 0.007 0.103 0.061 0.461 0.092 0.099 0.087 0.082 
314    (0)   :  0.005 0.004 0.095 0.074 0.051 0.104 0.061 0.421 0.078 0.108 
315    (0)   :  0.004 0.005 0.087 0.077 0.054 0.091 0.056 0.409 0.108 0.110 
316    (0)   :  0.006 0.007 0.195 0.045 0.058 0.088 0.059 0.307 0.117 0.117 
317    (0)   :  0.005 0.004 0.102 0.042 0.051 0.092 0.062 0.453 0.083 0.106 
318    (0)   :  0.005 0.004 0.229 0.030 0.051 0.082 0.056 0.350 0.085 0.108 
319    (0)   :  0.004 0.003 0.008 0.039 0.049 0.098 0.064 0.563 0.075 0.098 
320    (0)   :  0.005 0.004 0.095 0.074 0.050 0.103 0.061 0.423 0.078 0.107 
321    (0)   :  0.005 0.004 0.199 0.039 0.051 0.091 0.061 0.350 0.085 0.116 
322    (0)   :  0.007 0.007 0.068 0.074 0.058 0.101 0.064 0.391 0.113 0.117 
323    (0)   :  0.012 0.012 0.067 0.032 0.052 0.091 0.057 0.492 0.085 0.101 
324    (0)   :  0.004 0.004 0.201 0.039 0.051 0.089 0.061 0.346 0.086 0.118 
325    (0)   :  0.005 0.004 0.272 0.040 0.055 0.082 0.057 0.266 0.110 0.110 
326    (0)   :  0.005 0.005 0.379 0.039 0.055 0.081 0.056 0.170 0.103 0.107 
327    (0)   :  0.005 0.004 0.102 0.041 0.052 0.093 0.061 0.452 0.082 0.107 
328    (0)   :  0.004 0.004 0.082 0.061 0.056 0.108 0.064 0.386 0.116 0.119 
329    (0)   :  0.004 0.004 0.017 0.030 0.050 0.081 0.056 0.574 0.081 0.104 
330    (0)   :  0.005 0.004 0.103 0.042 0.051 0.092 0.062 0.453 0.082 0.107 
331    (0)   :  0.004 0.004 0.065 0.030 0.050 0.094 0.058 0.506 0.081 0.106 
332    (0)   :  0.006 0.007 0.369 0.038 0.056 0.081 0.056 0.172 0.106 0.109 
333    (0)   :  0.006 0.006 0.281 0.043 0.055 0.101 0.060 0.237 0.103 0.108 
334    (0)   :  0.005 0.004 0.084 0.059 0.055 0.108 0.064 0.386 0.116 0.120 
335    (0)   :  0.005 0.004 0.030 0.065 0.055 0.088 0.060 0.480 0.108 0.104 
336    (0)   :  0.007 0.007 0.325 0.050 0.050 0.094 0.055 0.220 0.081 0.111 
337    (0)   :  0.004 0.004 0.240 0.057 0.055 0.091 0.062 0.257 0.110 0.119 
338    (0)   :  0.005 0.004 0.353 0.030 0.051 0.084 0.055 0.226 0.083 0.109 
339    (0)   :  0.004 0.004 0.066 0.030 0.051 0.094 0.057 0.506 0.082 0.106 
340    (0)   :  0.005 0.004 0.024 0.032 0.050 0.091 0.056 0.571 0.074 0.094 
341    (0)   :  0.009 0.008 0.147 0.033 0.052 0.096 0.063 0.409 0.079 0.104 
342    (0)   :  0.005 0.004 0.103 0.042 0.051 0.092 0.061 0.454 0.082 0.106 
343    (0)   :  0.010 0.014 0.066 0.112 0.055 0.094 0.061 0.368 0.110 0.109 
344    (0)   :  0.004 0.004 0.064 0.030 0.051 0.081 0.056 0.525 0.082 0.104 
345    (0)   :  0.005 0.004 0.102 0.041 0.052 0.092 0.062 0.453 0.082 0.107 
346    (0)   :  0.005 0.004 0.118 0.032 0.051 0.086 0.058 0.466 0.082 0.099 
347    (0)   :  0.004 0.004 0.023 0.031 0.050 0.080 0.055 0.586 0.075 0.092 
348    (0)   :  0.004 0.004 0.026 0.117 0.053 0.097 0.059 0.440 0.098 0.101 
349    (0)   :  0.005 0.004 0.102 0.041 0.052 0.091 0.062 0.454 0.082 0.107 
350    (0)   :  0.004 0.004 0.016 0.048 0.048 0.106 0.061 0.527 0.079 0.107 
351    (0)   :  0.004 0.004 0.029 0.063 0.055 0.088 0.061 0.482 0.109 0.104 
352    (0)   :  0.005 0.005 0.129 0.066 0.056 0.096 0.064 0.358 0.111 0.111 
353    (0)   :  0.007 0.007 0.326 0.050 0.050 0.094 0.055 0.219 0.080 0.111 
354    (0)   :  0.006 0.008 0.070 0.032 0.053 0.088 0.059 0.488 0.084 0.111 
355    (0)   :  0.005 0.004 0.226 0.030 0.051 0.082 0.056 0.354 0.085 0.107 
356    (0)   :  0.004 0.004 0.008 0.118 0.052 0.097 0.059 0.460 0.098 0.101 
357    (0)   :  0.004 0.004 0.011 0.044 0.060 0.094 0.068 0.351 0.215 0.147 
358    (0)   :  0.004 0.004 0.273 0.041 0.056 0.081 0.057 0.267 0.106 0.111 
359    (0)   :  0.005 0.004 0.240 0.031 0.051 0.100 0.058 0.319 0.081 0.110 
360    (0)   :  0.005 0.004 0.120 0.033 0.051 0.085 0.057 0.463 0.081 0.100 
361    (0)   :  0.004 0.004 0.009 0.061 0.061 0.105 0.075 0.311 0.213 0.159 
362    (0)   :  0.005 0.005 0.016 0.049 0.123 0.245 0.062 0.102 0.189 0.206 
363    (0)   :  0.006 0.007 0.009 0.050 0.181 0.156 0.081 0.088 0.227 0.195 
364    (0)   :  0.013 0.010 0.013 0.051 0.087 0.122 0.123 0.220 0.213 0.149 
365    (0)   :  0.012 0.010 0.010 0.041 0.090 0.107 0.141 0.099 0.201 0.289 
366    (0)   :  0.006 0.006 0.009 0.117 0.062 0.171 0.100 0.147 0.223 0.159 
367    (0)   :  0.005 0.007 0.006 0.035 0.383 0.084 0.068 0.078 0.150 0.185 
368    (0)   :  0.004 0.004 0.008 0.035 0.148 0.202 0.147 0.115 0.155 0.182 
369    (0)   :  0.006 0.006 0.026 0.170 0.070 0.143 0.084 0.152 0.211 0.133 
370    (0)   :  0.009 0.024 0.018 0.040 0.153 0.202 0.149 0.111 0.162 0.131 
371    (0)   :  0.009 0.009 0.022 0.053 0.078 0.207 0.108 0.126 0.260 0.129 
372    (0)   :  0.027 0.028 0.023 0.043 0.141 0.267 0.118 0.126 0.097 0.130 
373    (0)   :  0.005 0.004 0.008 0.043 0.242 0.138 0.092 0.157 0.129 0.182 
374    (0)   :  0.006 0.007 0.010 0.047 0.088 0.139 0.156 0.209 0.190 0.150 
375    (0)   :  0.013 0.009 0.011 0.033 0.156 0.137 0.106 0.090 0.271 0.174 
376    (0)   :  0.094 0.007 0.009 0.039 0.120 0.076 0.068 0.086 0.266 0.237 
377    (0)   :  0.006 0.007 0.020 0.057 0.092 0.177 0.137 0.109 0.171 0.223 
378    (0)   :  0.005 0.005 0.022 0.047 0.283 0.124 0.091 0.193 0.093 0.137 
379    (0)   :  0.158 0.016 0.009 0.042 0.137 0.091 0.071 0.077 0.231 0.168 
380    (0)   :  0.009 0.008 0.012 0.062 0.062 0.119 0.070 0.148 0.132 0.377 
381    (0)   :  0.009 0.006 0.008 0.097 0.056 0.096 0.070 0.144 0.231 0.283 
382    (0)   :  0.004 0.004 0.012 0.031 0.123 0.103 0.082 0.095 0.416 0.131 
383    (0)   :  0.010 0.019 0.163 0.035 0.060 0.118 0.078 0.105 0.152 0.262 
384    (0)   :  0.039 0.029 0.055 0.036 0.106 0.100 0.087 0.136 0.226 0.186 
385    (0)   :  0.006 0.007 0.125 0.031 0.066 0.095 0.274 0.126 0.137 0.132 
386    (0)   :  0.004 0.004 0.006 0.039 0.175 0.118 0.078 0.091 0.247 0.238 
387    (0)   :  0.004 0.004 0.007 0.042 0.155 0.095 0.112 0.111 0.252 0.218 
388    (0)   :  0.012 0.010 0.016 0.034 0.088 0.117 0.175 0.204 0.165 0.179 
389    (0)   :  0.009 0.011 0.019 0.077 0.083 0.169 0.312 0.097 0.128 0.096 
390    (0)   :  0.016 0.026 0.015 0.085 0.211 0.094 0.081 0.086 0.146 0.240 
391    (0)   :  0.010 0.010 0.012 0.072 0.114 0.119 0.274 0.129 0.135 0.125 
392    (0)   :  0.007 0.004 0.007 0.045 0.138 0.118 0.067 0.160 0.158 0.296 
393    (0)   :  0.006 0.006 0.009 0.069 0.065 0.080 0.063 0.120 0.115 0.467 
394    (0)   :  0.004 0.004 0.024 0.047 0.165 0.126 0.068 0.211 0.147 0.202 
395    (0)   :  0.004 0.004 0.006 0.064 0.124 0.241 0.083 0.106 0.135 0.232 
396    (0)   :  0.005 0.004 0.006 0.033 0.187 0.125 0.114 0.080 0.251 0.196 
397    (0)   :  0.057 0.005 0.008 0.045 0.069 0.265 0.070 0.170 0.195 0.115 
398    (0)   :  0.033 0.005 0.007 0.040 0.229 0.083 0.061 0.084 0.124 0.335 
399    (0)   :  0.004 0.005 0.013 0.056 0.330 0.125 0.109 0.094 0.139 0.124 
400    (0)   :  0.005 0.004 0.007 0.043 0.205 0.093 0.082 0.123 0.233 0.206 
401    (0)   :  0.004 0.004 0.006 0.073 0.287 0.115 0.086 0.134 0.098 0.193 
402    (0)   :  0.006 0.005 0.008 0.094 0.158 0.123 0.109 0.125 0.140 0.232 
403    (0)   :  0.006 0.005 0.008 0.045 0.075 0.122 0.139 0.289 0.118 0.192 
404    (0)   :  0.006 0.005 0.006 0.039 0.092 0.169 0.167 0.152 0.197 0.169 
405    (0)   :  0.004 0.004 0.007 0.058 0.088 0.168 0.087 0.126 0.217 0.241 
406    (0)   :  0.004 0.005 0.006 0.162 0.066 0.138 0.065 0.170 0.168 0.215 
407    (0)   :  0.004 0.003 0.006 0.033 0.098 0.101 0.080 0.078 0.190 0.407 
408    (0)   :  0.004 0.004 0.006 0.090 0.329 0.194 0.079 0.074 0.092 0.128 
409    (0)   :  0.008 0.013 0.009 0.116 0.075 0.100 0.069 0.228 0.090 0.292 
410    (0)   :  0.067 0.009 0.010 0.051 0.175 0.111 0.086 0.126 0.128 0.237 
411    (0)   :  0.012 0.006 0.038 0.085 0.112 0.091 0.064 0.134 0.273 0.187 
412    (0)   :  0.004 0.004 0.007 0.034 0.177 0.199 0.101 0.106 0.176 0.191 
413    (0)   :  0.004 0.005 0.019 0.037 0.184 0.168 0.079 0.168 0.156 0.180 
414    (0)   :  0.004 0.006 0.012 0.032 0.194 0.186 0.148 0.075 0.229 0.115 
415    (0)   :  0.005 0.004 0.006 0.084 0.128 0.117 0.082 0.099 0.259 0.217 
416    (0)   :  0.005 0.005 0.007 0.077 0.162 0.113 0.126 0.129 0.112 0.265 
417    (0)   :  0.005 0.006 0.009 0.051 0.151 0.108 0.067 0.087 0.217 0.299 
418    (0)   :  0.005 0.004 0.006 0.030 0.293 0.114 0.090 0.092 0.191 0.174 
419    (0)   :  0.008 0.011 0.010 0.051 0.113 0.116 0.107 0.206 0.125 0.251 
420    (0)   :  0.004 0.004 0.006 0.129 0.288 0.118 0.072 0.088 0.101 0.190 
421    (0)   :  0.005 0.006 0.009 0.043 0.187 0.149 0.082 0.089 0.125 0.306 
422    (0)   :  0.005 0.004 0.007 0.060 0.085 0.236 0.081 0.095 0.092 0.334 
423    (0)   :  0.006 0.004 0.006 0.053 0.120 0.150 0.085 0.131 0.302 0.143 
424    (0)   :  0.006 0.009 0.009 0.125 0.165 0.085 0.130 0.128 0.185 0.158 
425    (0)   :  0.014 0.012 0.010 0.039 0.090 0.107 0.183 0.151 0.228 0.167 
426    (0)   :  0.021 0.025 0.030 0.048 0.182 0.105 0.113 0.130 0.192 0.153 
427    (0)   :  0.005 0.005 0.018 0.037 0.184 0.081 0.056 0.142 0.145 0.327 
428    (0)   :  0.016 0.006 0.009 0.074 0.077 0.138 0.073 0.167 0.119 0.320 
429    (0)   :  0.005 0.004 0.006 0.034 0.245 0.095 0.059 0.078 0.271 0.203 
430    (0)   :  0.004 0.004 0.008 0.048 0.093 0.112 0.064 0.083 0.149 0.435 
431    (0)   :  0.008 0.014 0.018 0.043 0.161 0.154 0.134 0.135 0.223 0.110 
432    (0)   :  0.005 0.004 0.007 0.038 0.169 0.172 0.121 0.119 0.141 0.226 
433    (0)   :  0.006 0.006 0.009 0.051 0.101 0.169 0.107 0.287 0.141 0.123 
434    (0)   :  0.005 0.004 0.008 0.056 0.080 0.194 0.103 0.134 0.198 0.218 
435    (0)   :  0.004 0.004 0.007 0.052 0.143 0.078 0.063 0.082 0.183 0.384 
436    (0)   :  0.006 0.005 0.007 0.087 0.189 0.062 0.059 0.114 0.241 0.230 
437    (0)   :  0.005 0.004 0.007 0.039 0.080 0.093 0.073 0.092 0.440 0.166 
438    (0)   :  0.005 0.005 0.009 0.136 0.138 0.091 0.067 0.112 0.127 0.312 
439    (0)   :  0.004 0.004 0.008 0.043 0.103 0.064 0.061 0.093 0.154 0.468 
440    (0)   :  0.004 0.004 0.006 0.053 0.161 0.075 0.072 0.073 0.330 0.223 
441    (0)   :  0.004 0.004 0.009 0.050 0.077 0.083 0.071 0.124 0.163 0.416 
442    (0)   :  0.005 0.004 0.006 0.055 0.137 0.095 0.177 0.087 0.231 0.205 
443    (0)   :  0.004 0.004 0.006 0.149 0.276 0.082 0.086 0.079 0.132 0.181 
444    (0)   :  0.005 0.004 0.006 0.075 0.113 0.085 0.155 0.087 0.283 0.186 
445    (0)   :  0.031 0.006 0.007 0.069 0.069 0.093 0.061 0.148 0.101 0.415 
446    (0)   :  0.039 0.005 0.008 0.036 0.250 0.063 0.063 0.088 0.112 0.337 
447    (0)   :  0.005 0.004 0.007 0.100 0.079 0.079 0.164 0.132 0.183 0.246 
448    (0)   :  0.004 0.004 0.007 0.050 0.106 0.090 0.093 0.092 0.222 0.333 
449    (0)   :  0.004 0.004 0.007 0.050 0.089 0.102 0.093 0.122 0.223 0.306 
450    (0)   :  0.006 0.004 0.008 0.030 0.089 0.069 0.089 0.128 0.242 0.337 
451    (0)   :  0.004 0.004 0.006 0.048 0.290 0.101 0.119 0.074 0.223 0.130 
452    (0)   :  0.005 0.003 0.007 0.033 0.150 0.078 0.069 0.122 0.175 0.358 
453    (0)   :  0.004 0.004 0.007 0.192 0.113 0.143 0.111 0.102 0.110 0.214 
454    (0)   :  0.004 0.004 0.017 0.050 0.115 0.107 0.065 0.117 0.263 0.258 
455    (0)   :  0.004 0.005 0.008 0.091 0.129 0.065 0.070 0.083 0.189 0.355 
456    (0)   :  0.005 0.004 0.006 0.147 0.126 0.083 0.087 0.083 0.224 0.234 
457    (0)   :  0.005 0.003 0.007 0.045 0.074 0.078 0.078 0.096 0.302 0.311 
458    (0)   :  0.033 0.005 0.007 0.036 0.116 0.080 0.061 0.089 0.113 0.459 
459    (0)   :  0.004 0.004 0.008 0.049 0.142 0.060 0.070 0.156 0.179 0.327 
460    (0)   :  0.004 0.004 0.007 0.047 0.231 0.067 0.064 0.083 0.182 0.310 
461    (0)   :  0.005 0.004 0.007 0.030 0.304 0.063 0.073 0.088 0.196 0.230 
462    (0)   :  0.007 0.007 0.008 0.070 0.090 0.111 0.180 0.068 0.209 0.250 
463    (0)   :  0.004 0.004 0.008 0.222 0.069 0.127 0.062 0.095 0.165 0.244 
464    (0)   :  0.004 0.004 0.006 0.090 0.253 0.073 0.071 0.083 0.163 0.253 
465    (0)   :  0.005 0.004 0.007 0.058 0.179 0.102 0.092 0.090 0.152 0.311 
466    (0)   :  0.004 0.004 0.006 0.144 0.168 0.106 0.078 0.083 0.160 0.247 
467    (0)   :  0.005 0.005 0.009 0.058 0.090 0.125 0.073 0.101 0.165 0.370 
468    (0)   :  0.004 0.004 0.006 0.108 0.070 0.076 0.069 0.083 0.314 0.265 
469    (0)   :  0.004 0.004 0.007 0.057 0.071 0.059 0.059 0.085 0.182 0.471 
470    (0)   :  0.004 0.004 0.007 0.048 0.191 0.066 0.061 0.086 0.178 0.356 
471    (0)   :  0.005 0.004 0.006 0.107 0.164 0.123 0.142 0.091 0.152 0.206 
472    (0)   :  0.005 0.004 0.006 0.072 0.094 0.096 0.109 0.085 0.168 0.360 
473    (0)   :  0.004 0.004 0.008 0.060 0.083 0.124 0.083 0.118 0.234 0.282 
474    (0)   :  0.004 0.004 0.006 0.056 0.142 0.087 0.068 0.115 0.163 0.355 
475    (0)   :  0.004 0.004 0.007 0.052 0.192 0.105 0.087 0.138 0.140 0.271 
476    (0)   :  0.005 0.004 0.007 0.066 0.107 0.073 0.063 0.092 0.333 0.250 
477    (0)   :  0.005 0.005 0.008 0.072 0.177 0.072 0.134 0.115 0.194 0.220 
478    (0)   :  0.006 0.005 0.008 0.044 0.361 0.062 0.127 0.083 0.129 0.175 
479    (0)   :  0.004 0.004 0.007 0.042 0.139 0.067 0.071 0.083 0.312 0.271 
480    (0)   :  0.005 0.004 0.007 0.041 0.111 0.074 0.058 0.091 0.345 0.265 
481    (0)   :  0.004 0.004 0.006 0.042 0.103 0.144 0.190 0.088 0.175 0.244 
