

----------------------------------------------------
STRUCTURE by Pritchard, Stephens and Donnelly (2000)
     and Falush, Stephens and Pritchard (2003)
       Code by Pritchard, Falush and Hubisz
             Version 2.3.4 (Jul 2012)
----------------------------------------------------



Command line arguments:   ./structure -K 7 -D 107014 -m brooktrout/mainparams -e brooktrout/extraparams -o brooktrout/250914_output/results_K7_rep14 
Input File:    brooktrout/brooktrout.txt

Run parameters:
   8454 individuals
   5 loci
   7 populations assumed
   50000 Burn-in period
   100000 Reps
RANDOMIZE turned off


--------------------------------------------
Overall proportion of membership of the
sample in each of the 7 clusters

Inferred Clusters
  1      2      3      4      5      6      7    
0.033  0.023  0.072  0.185  0.173  0.238  0.276  

--------------------------------------------

Allele-freq. divergence among pops (Net nucleotide distance),
computed using point estimates of P.

      1       2       3       4       5       6       7      
 1      -    0.1583  0.2127  0.1757  0.1710  0.1179  0.1534  
 2   0.1583     -    0.1885  0.1392  0.1688  0.1194  0.1854  
 3   0.2127  0.1885     -    0.0871  0.0951  0.0974  0.1550  
 4   0.1757  0.1392  0.0871     -    0.0694  0.0707  0.1566  
 5   0.1710  0.1688  0.0951  0.0694     -    0.1048  0.1465  
 6   0.1179  0.1194  0.0974  0.0707  0.1048     -    0.1014  
 7   0.1534  0.1854  0.1550  0.1566  0.1465  0.1014     -    

Average distances (expected heterozygosity) between individuals in same cluster:
cluster  1  : 0.7440 
cluster  2  : 0.7625 
cluster  3  : 0.7337 
cluster  4  : 0.7810 
cluster  5  : 0.7396 
cluster  6  : 0.7970 
cluster  7  : 0.7287 

--------------------------------------------
Estimated Ln Prob of Data   = -194341.3
Mean value of ln likelihood = -172181.9
Variance of ln likelihood   = 44318.9

Mean value of alpha_1       = 0.0992
Mean value of alpha_2       = 0.0714
Mean value of alpha_3       = 0.2309
Mean value of alpha_4       = 0.6028
Mean value of alpha_5       = 0.5745
Mean value of alpha_6       = 0.7924
Mean value of alpha_7       = 0.9018
Allele frequencies uncorrelated


Inferred ancestry of individuals:
     (%Miss) :  Inferred clusters
  1    (0)   :  0.023 0.011 0.064 0.110 0.267 0.162 0.363 
  2    (0)   :  0.009 0.010 0.044 0.117 0.073 0.621 0.126 
  3    (0)   :  0.026 0.007 0.188 0.135 0.206 0.151 0.287 
  4    (0)   :  0.024 0.009 0.060 0.135 0.090 0.139 0.543 
  5    (0)   :  0.010 0.011 0.069 0.142 0.084 0.553 0.131 
  6    (0)   :  0.010 0.007 0.344 0.153 0.156 0.189 0.142 
  7    (0)   :  0.009 0.008 0.067 0.484 0.166 0.135 0.130 
  8    (0)   :  0.017 0.010 0.171 0.174 0.122 0.127 0.379 
  9    (0)   :  0.014 0.017 0.132 0.115 0.163 0.335 0.224 
 10    (0)   :  0.009 0.011 0.126 0.227 0.164 0.175 0.288 
 11    (0)   :  0.009 0.013 0.046 0.298 0.350 0.158 0.126 
 12    (0)   :  0.012 0.009 0.093 0.142 0.077 0.483 0.184 
 13    (0)   :  0.015 0.012 0.113 0.230 0.123 0.298 0.208 
 14    (0)   :  0.042 0.008 0.064 0.115 0.159 0.364 0.249 
 15    (0)   :  0.017 0.008 0.060 0.182 0.144 0.241 0.347 
 16    (0)   :  0.015 0.014 0.081 0.153 0.380 0.173 0.184 
 17    (0)   :  0.022 0.012 0.276 0.146 0.095 0.263 0.186 
 18    (0)   :  0.018 0.010 0.121 0.087 0.220 0.329 0.215 
 19    (0)   :  0.009 0.008 0.252 0.190 0.129 0.240 0.172 
 20    (0)   :  0.015 0.010 0.072 0.247 0.155 0.301 0.200 
 21    (0)   :  0.019 0.008 0.041 0.093 0.172 0.315 0.351 
 22    (0)   :  0.015 0.009 0.331 0.105 0.142 0.190 0.209 
 23    (0)   :  0.062 0.031 0.065 0.126 0.117 0.225 0.376 
 24    (0)   :  0.014 0.012 0.054 0.107 0.262 0.198 0.354 
 25    (0)   :  0.014 0.009 0.172 0.322 0.135 0.242 0.106 
 26    (0)   :  0.013 0.009 0.127 0.116 0.149 0.308 0.278 
 27    (0)   :  0.024 0.013 0.104 0.145 0.195 0.290 0.229 
 28    (0)   :  0.013 0.010 0.048 0.179 0.183 0.148 0.419 
 29    (0)   :  0.013 0.014 0.046 0.216 0.130 0.407 0.174 
 30    (0)   :  0.017 0.011 0.181 0.088 0.264 0.255 0.184 
 31    (0)   :  0.020 0.015 0.113 0.160 0.123 0.322 0.247 
 32    (0)   :  0.017 0.007 0.165 0.168 0.105 0.220 0.319 
 33    (0)   :  0.017 0.011 0.073 0.153 0.285 0.172 0.290 
 34    (0)   :  0.013 0.023 0.135 0.392 0.137 0.121 0.179 
 35    (0)   :  0.034 0.026 0.163 0.091 0.122 0.409 0.155 
 36    (0)   :  0.059 0.010 0.029 0.082 0.434 0.219 0.166 
 37    (0)   :  0.018 0.009 0.074 0.140 0.093 0.336 0.330 
 38    (0)   :  0.020 0.023 0.031 0.130 0.514 0.175 0.107 
 39    (0)   :  0.025 0.023 0.051 0.136 0.339 0.267 0.158 
 40    (0)   :  0.125 0.014 0.055 0.085 0.163 0.257 0.301 
 41    (0)   :  0.183 0.044 0.050 0.123 0.297 0.158 0.145 
 42    (0)   :  0.061 0.024 0.023 0.078 0.261 0.134 0.418 
 43    (0)   :  0.157 0.019 0.053 0.155 0.079 0.301 0.236 
 44    (0)   :  0.217 0.017 0.123 0.104 0.100 0.306 0.133 
 45    (0)   :  0.034 0.021 0.026 0.085 0.303 0.411 0.119 
 46    (0)   :  0.029 0.011 0.204 0.140 0.154 0.323 0.140 
 47    (0)   :  0.025 0.021 0.247 0.115 0.101 0.295 0.197 
 48    (0)   :  0.185 0.023 0.133 0.076 0.090 0.346 0.148 
 49    (0)   :  0.032 0.041 0.064 0.091 0.243 0.342 0.186 
 50    (0)   :  0.021 0.016 0.173 0.248 0.161 0.221 0.160 
 51    (0)   :  0.345 0.016 0.023 0.075 0.227 0.189 0.126 
 52    (0)   :  0.032 0.026 0.057 0.138 0.357 0.193 0.197 
 53    (0)   :  0.023 0.016 0.060 0.116 0.475 0.136 0.174 
 54    (0)   :  0.029 0.017 0.072 0.105 0.066 0.500 0.211 
 55    (0)   :  0.064 0.013 0.049 0.105 0.073 0.525 0.171 
 56    (0)   :  0.036 0.024 0.098 0.074 0.194 0.367 0.207 
 57    (0)   :  0.011 0.016 0.190 0.172 0.114 0.169 0.327 
 58    (0)   :  0.036 0.021 0.030 0.093 0.203 0.425 0.192 
 59    (0)   :  0.031 0.048 0.035 0.100 0.319 0.295 0.172 
 60    (0)   :  0.082 0.010 0.030 0.094 0.203 0.267 0.315 
 61    (0)   :  0.080 0.012 0.023 0.080 0.068 0.481 0.256 
 62    (0)   :  0.015 0.055 0.099 0.106 0.163 0.388 0.173 
 63    (0)   :  0.035 0.011 0.032 0.181 0.174 0.301 0.266 
 64    (0)   :  0.011 0.016 0.120 0.104 0.317 0.308 0.125 
 65    (0)   :  0.014 0.012 0.057 0.369 0.105 0.341 0.103 
 66    (0)   :  0.017 0.011 0.031 0.163 0.099 0.355 0.325 
 67    (0)   :  0.080 0.013 0.046 0.117 0.068 0.535 0.140 
 68    (0)   :  0.039 0.040 0.032 0.093 0.325 0.273 0.198 
 69    (0)   :  0.065 0.082 0.051 0.134 0.335 0.135 0.198 
 70    (0)   :  0.098 0.012 0.026 0.165 0.274 0.160 0.265 
 71    (0)   :  0.055 0.042 0.031 0.107 0.296 0.367 0.103 
 72    (0)   :  0.036 0.008 0.073 0.098 0.416 0.234 0.135 
 73    (0)   :  0.040 0.041 0.027 0.109 0.112 0.550 0.121 
 74    (0)   :  0.038 0.009 0.032 0.074 0.390 0.197 0.260 
 75    (0)   :  0.035 0.013 0.027 0.062 0.262 0.229 0.371 
 76    (0)   :  0.060 0.009 0.043 0.250 0.111 0.353 0.174 
 77    (0)   :  0.076 0.042 0.027 0.139 0.332 0.245 0.141 
 78    (0)   :  0.074 0.047 0.029 0.123 0.414 0.170 0.142 
 79    (0)   :  0.009 0.009 0.048 0.356 0.189 0.241 0.147 
 80    (0)   :  0.011 0.009 0.033 0.159 0.094 0.156 0.540 
 81    (0)   :  0.009 0.007 0.034 0.217 0.120 0.167 0.447 
 82    (0)   :  0.021 0.017 0.035 0.163 0.107 0.410 0.246 
 83    (0)   :  0.017 0.007 0.038 0.232 0.181 0.165 0.361 
 84    (0)   :  0.010 0.007 0.034 0.278 0.176 0.166 0.329 
 85    (0)   :  0.016 0.007 0.051 0.154 0.217 0.174 0.381 
 86    (0)   :  0.020 0.014 0.065 0.138 0.095 0.529 0.138 
 87    (0)   :  0.018 0.009 0.034 0.431 0.163 0.188 0.159 
 88    (0)   :  0.010 0.008 0.031 0.204 0.119 0.244 0.384 
 89    (0)   :  0.010 0.007 0.029 0.161 0.112 0.238 0.442 
 90    (0)   :  0.010 0.008 0.030 0.407 0.123 0.250 0.172 
 91    (0)   :  0.017 0.006 0.036 0.130 0.163 0.132 0.516 
 92    (0)   :  0.010 0.009 0.041 0.237 0.153 0.327 0.224 
 93    (0)   :  0.010 0.008 0.027 0.079 0.084 0.121 0.670 
 94    (0)   :  0.018 0.008 0.027 0.438 0.264 0.104 0.140 
 95    (0)   :  0.010 0.008 0.024 0.358 0.102 0.198 0.300 
 96    (0)   :  0.081 0.013 0.023 0.087 0.074 0.362 0.360 
 97    (0)   :  0.024 0.011 0.029 0.065 0.276 0.308 0.288 
 98    (0)   :  0.053 0.018 0.040 0.106 0.149 0.402 0.232 
 99    (0)   :  0.009 0.007 0.031 0.309 0.144 0.199 0.301 
100    (0)   :  0.012 0.009 0.028 0.075 0.061 0.250 0.565 
101    (0)   :  0.025 0.010 0.037 0.301 0.150 0.241 0.237 
102    (0)   :  0.043 0.018 0.032 0.188 0.139 0.157 0.423 
103    (0)   :  0.016 0.011 0.031 0.232 0.080 0.372 0.257 
104    (0)   :  0.012 0.008 0.031 0.486 0.086 0.211 0.165 
105    (0)   :  0.016 0.025 0.029 0.328 0.076 0.293 0.232 
106    (0)   :  0.013 0.008 0.038 0.420 0.232 0.203 0.085 
107    (0)   :  0.019 0.014 0.036 0.350 0.083 0.264 0.233 
108    (0)   :  0.117 0.007 0.043 0.108 0.165 0.436 0.125 
109    (0)   :  0.016 0.148 0.037 0.228 0.211 0.272 0.088 
110    (0)   :  0.011 0.011 0.035 0.463 0.249 0.134 0.096 
111    (0)   :  0.014 0.020 0.031 0.537 0.076 0.202 0.122 
112    (0)   :  0.021 0.236 0.025 0.367 0.138 0.118 0.096 
113    (0)   :  0.017 0.011 0.045 0.132 0.148 0.466 0.181 
114    (0)   :  0.011 0.017 0.027 0.449 0.089 0.212 0.195 
115    (0)   :  0.074 0.019 0.046 0.402 0.088 0.217 0.153 
116    (0)   :  0.029 0.015 0.035 0.225 0.295 0.308 0.093 
117    (0)   :  0.025 0.040 0.038 0.398 0.232 0.140 0.126 
118    (0)   :  0.012 0.018 0.033 0.174 0.077 0.571 0.115 
119    (0)   :  0.164 0.009 0.025 0.152 0.114 0.196 0.341 
120    (0)   :  0.030 0.030 0.037 0.388 0.102 0.246 0.167 
121    (0)   :  0.139 0.055 0.045 0.334 0.120 0.194 0.113 
122    (0)   :  0.012 0.017 0.032 0.367 0.221 0.237 0.113 
123    (0)   :  0.019 0.013 0.031 0.436 0.141 0.203 0.157 
124    (0)   :  0.035 0.032 0.074 0.221 0.249 0.273 0.116 
125    (0)   :  0.034 0.037 0.054 0.173 0.431 0.141 0.129 
126    (0)   :  0.030 0.008 0.024 0.259 0.267 0.238 0.174 
127    (0)   :  0.014 0.014 0.028 0.552 0.065 0.197 0.129 
128    (0)   :  0.012 0.015 0.032 0.127 0.073 0.625 0.115 
129    (0)   :  0.015 0.012 0.033 0.340 0.074 0.421 0.105 
130    (0)   :  0.011 0.028 0.033 0.419 0.094 0.209 0.206 
131    (0)   :  0.046 0.037 0.043 0.261 0.351 0.166 0.095 
132    (0)   :  0.014 0.011 0.033 0.345 0.168 0.337 0.093 
133    (0)   :  0.025 0.014 0.036 0.391 0.094 0.283 0.157 
134    (0)   :  0.011 0.017 0.028 0.540 0.180 0.149 0.075 
135    (0)   :  0.030 0.021 0.024 0.064 0.094 0.266 0.501 
136    (0)   :  0.011 0.010 0.056 0.071 0.077 0.118 0.657 
137    (0)   :  0.011 0.027 0.030 0.101 0.075 0.094 0.662 
138    (0)   :  0.013 0.007 0.028 0.058 0.086 0.104 0.703 
139    (0)   :  0.016 0.010 0.032 0.069 0.093 0.436 0.345 
140    (0)   :  0.018 0.010 0.027 0.090 0.160 0.231 0.465 
141    (0)   :  0.012 0.011 0.058 0.074 0.122 0.151 0.571 
142    (0)   :  0.035 0.020 0.023 0.064 0.085 0.298 0.475 
143    (0)   :  0.011 0.007 0.026 0.057 0.061 0.097 0.743 
144    (0)   :  0.012 0.026 0.027 0.097 0.069 0.099 0.670 
145    (0)   :  0.016 0.014 0.065 0.076 0.126 0.192 0.512 
146    (0)   :  0.014 0.009 0.041 0.116 0.147 0.176 0.497 
147    (0)   :  0.010 0.007 0.031 0.059 0.066 0.087 0.741 
148    (0)   :  0.024 0.017 0.050 0.115 0.088 0.200 0.507 
149    (0)   :  0.017 0.011 0.027 0.059 0.107 0.157 0.621 
150    (0)   :  0.013 0.030 0.033 0.144 0.088 0.151 0.540 
151    (0)   :  0.011 0.008 0.026 0.075 0.077 0.134 0.668 
152    (0)   :  0.060 0.014 0.069 0.109 0.104 0.165 0.479 
153    (0)   :  0.017 0.008 0.026 0.072 0.126 0.118 0.631 
154    (0)   :  0.018 0.010 0.054 0.070 0.078 0.157 0.612 
155    (0)   :  0.010 0.007 0.027 0.077 0.067 0.117 0.695 
156    (0)   :  0.032 0.012 0.022 0.079 0.069 0.179 0.607 
157    (0)   :  0.010 0.007 0.024 0.157 0.104 0.098 0.601 
158    (0)   :  0.013 0.014 0.060 0.072 0.138 0.150 0.553 
159    (0)   :  0.008 0.008 0.029 0.060 0.065 0.100 0.729 
160    (0)   :  0.008 0.009 0.030 0.060 0.066 0.117 0.711 
161    (0)   :  0.013 0.009 0.028 0.079 0.148 0.143 0.579 
162    (0)   :  0.015 0.009 0.047 0.116 0.133 0.232 0.447 
163    (0)   :  0.014 0.007 0.024 0.070 0.069 0.108 0.709 
164    (0)   :  0.012 0.008 0.037 0.104 0.106 0.244 0.489 
165    (0)   :  0.012 0.030 0.028 0.129 0.085 0.131 0.584 
166    (0)   :  0.030 0.007 0.031 0.153 0.134 0.142 0.503 
167    (0)   :  0.014 0.008 0.108 0.107 0.074 0.121 0.568 
168    (0)   :  0.023 0.007 0.033 0.072 0.153 0.118 0.595 
169    (0)   :  0.014 0.015 0.061 0.068 0.302 0.138 0.402 
170    (0)   :  0.025 0.009 0.025 0.075 0.078 0.188 0.598 
171    (0)   :  0.023 0.007 0.048 0.099 0.131 0.183 0.510 
172    (0)   :  0.023 0.013 0.026 0.056 0.248 0.160 0.475 
173    (0)   :  0.009 0.008 0.029 0.061 0.062 0.142 0.689 
174    (0)   :  0.009 0.007 0.029 0.079 0.082 0.116 0.679 
175    (0)   :  0.017 0.008 0.060 0.068 0.068 0.100 0.679 
176    (0)   :  0.012 0.025 0.028 0.096 0.070 0.098 0.671 
177    (0)   :  0.012 0.008 0.026 0.144 0.182 0.119 0.508 
178    (0)   :  0.010 0.008 0.065 0.100 0.092 0.129 0.597 
179    (0)   :  0.009 0.006 0.030 0.062 0.062 0.105 0.726 
180    (0)   :  0.018 0.011 0.048 0.090 0.120 0.157 0.557 
181    (0)   :  0.015 0.011 0.030 0.063 0.104 0.210 0.566 
182    (0)   :  0.014 0.009 0.026 0.059 0.063 0.184 0.646 
183    (0)   :  0.011 0.007 0.032 0.061 0.064 0.118 0.706 
184    (0)   :  0.010 0.008 0.084 0.112 0.068 0.587 0.129 
185    (0)   :  0.048 0.011 0.024 0.055 0.056 0.136 0.670 
186    (0)   :  0.011 0.007 0.058 0.172 0.074 0.549 0.129 
187    (0)   :  0.012 0.007 0.049 0.093 0.067 0.404 0.368 
188    (0)   :  0.011 0.008 0.055 0.128 0.061 0.638 0.100 
189    (0)   :  0.020 0.007 0.080 0.104 0.210 0.208 0.371 
190    (0)   :  0.073 0.012 0.021 0.057 0.053 0.404 0.381 
191    (0)   :  0.010 0.010 0.036 0.083 0.065 0.599 0.197 
192    (0)   :  0.010 0.007 0.045 0.132 0.081 0.368 0.358 
193    (0)   :  0.014 0.011 0.047 0.098 0.097 0.415 0.317 
194    (0)   :  0.020 0.007 0.037 0.115 0.087 0.365 0.369 
195    (0)   :  0.023 0.007 0.027 0.057 0.057 0.377 0.452 
196    (0)   :  0.027 0.011 0.026 0.080 0.065 0.481 0.310 
197    (0)   :  0.014 0.008 0.116 0.150 0.081 0.380 0.250 
198    (0)   :  0.017 0.008 0.049 0.138 0.172 0.343 0.274 
199    (0)   :  0.029 0.011 0.029 0.081 0.081 0.480 0.288 
200    (0)   :  0.032 0.016 0.041 0.099 0.101 0.430 0.282 
201    (0)   :  0.014 0.007 0.036 0.068 0.057 0.291 0.527 
202    (0)   :  0.024 0.009 0.026 0.081 0.058 0.229 0.573 
203    (0)   :  0.011 0.010 0.029 0.067 0.053 0.339 0.492 
204    (0)   :  0.018 0.008 0.024 0.061 0.056 0.553 0.279 
205    (0)   :  0.018 0.008 0.032 0.078 0.080 0.558 0.226 
206    (0)   :  0.014 0.007 0.035 0.063 0.054 0.566 0.260 
207    (0)   :  0.016 0.011 0.026 0.080 0.055 0.645 0.166 
208    (0)   :  0.015 0.008 0.028 0.069 0.058 0.456 0.367 
209    (0)   :  0.014 0.011 0.038 0.089 0.070 0.527 0.251 
210    (0)   :  0.013 0.008 0.028 0.076 0.060 0.530 0.284 
211    (0)   :  0.031 0.021 0.031 0.107 0.053 0.444 0.313 
212    (0)   :  0.022 0.008 0.041 0.070 0.079 0.208 0.572 
213    (0)   :  0.034 0.011 0.022 0.113 0.126 0.440 0.255 
214    (0)   :  0.013 0.010 0.032 0.070 0.057 0.263 0.555 
215    (0)   :  0.015 0.010 0.030 0.084 0.065 0.622 0.174 
216    (0)   :  0.012 0.009 0.101 0.124 0.080 0.502 0.173 
217    (0)   :  0.016 0.008 0.041 0.067 0.066 0.318 0.483 
218    (0)   :  0.011 0.008 0.030 0.093 0.076 0.536 0.245 
219    (0)   :  0.013 0.007 0.133 0.108 0.089 0.313 0.337 
220    (0)   :  0.011 0.008 0.027 0.071 0.056 0.629 0.197 
221    (0)   :  0.031 0.010 0.023 0.055 0.057 0.154 0.669 
222    (0)   :  0.013 0.007 0.162 0.122 0.082 0.379 0.235 
223    (0)   :  0.013 0.007 0.060 0.096 0.086 0.296 0.442 
224    (0)   :  0.012 0.008 0.036 0.069 0.055 0.394 0.427 
225    (0)   :  0.019 0.008 0.030 0.075 0.068 0.515 0.284 
226    (0)   :  0.014 0.010 0.061 0.094 0.176 0.382 0.263 
227    (0)   :  0.034 0.009 0.028 0.083 0.057 0.420 0.370 
228    (0)   :  0.059 0.012 0.026 0.054 0.055 0.372 0.422 
229    (0)   :  0.010 0.008 0.038 0.079 0.056 0.378 0.431 
230    (0)   :  0.010 0.009 0.030 0.074 0.054 0.458 0.364 
231    (0)   :  0.010 0.009 0.054 0.078 0.068 0.403 0.377 
232    (0)   :  0.017 0.010 0.026 0.094 0.142 0.338 0.373 
233    (0)   :  0.011 0.008 0.033 0.070 0.056 0.237 0.585 
234    (0)   :  0.010 0.008 0.058 0.124 0.099 0.398 0.302 
235    (0)   :  0.016 0.008 0.047 0.084 0.093 0.360 0.391 
236    (0)   :  0.011 0.009 0.044 0.086 0.071 0.327 0.453 
237    (0)   :  0.017 0.011 0.029 0.077 0.065 0.617 0.184 
238    (0)   :  0.013 0.008 0.033 0.092 0.070 0.254 0.529 
239    (0)   :  0.022 0.008 0.027 0.057 0.057 0.375 0.454 
240    (0)   :  0.013 0.008 0.034 0.091 0.070 0.255 0.528 
241    (0)   :  0.017 0.009 0.029 0.067 0.072 0.258 0.549 
242    (0)   :  0.018 0.008 0.055 0.096 0.117 0.397 0.309 
243    (0)   :  0.030 0.013 0.024 0.064 0.052 0.495 0.323 
244    (0)   :  0.011 0.009 0.030 0.067 0.054 0.388 0.441 
245    (0)   :  0.016 0.007 0.024 0.072 0.069 0.165 0.645 
246    (0)   :  0.016 0.008 0.039 0.068 0.067 0.318 0.483 
247    (0)   :  0.017 0.009 0.030 0.197 0.141 0.486 0.121 
248    (0)   :  0.013 0.008 0.031 0.090 0.064 0.669 0.125 
249    (0)   :  0.012 0.010 0.033 0.080 0.057 0.355 0.454 
250    (0)   :  0.010 0.008 0.042 0.097 0.069 0.403 0.371 
251    (0)   :  0.017 0.013 0.059 0.134 0.150 0.406 0.221 
252    (0)   :  0.019 0.007 0.040 0.080 0.073 0.412 0.369 
253    (0)   :  0.018 0.008 0.037 0.129 0.122 0.495 0.191 
254    (0)   :  0.013 0.007 0.122 0.105 0.066 0.444 0.243 
255    (0)   :  0.013 0.009 0.052 0.100 0.077 0.429 0.320 
256    (0)   :  0.016 0.009 0.034 0.075 0.069 0.387 0.409 
257    (0)   :  0.016 0.011 0.038 0.105 0.074 0.463 0.294 
258    (0)   :  0.030 0.010 0.033 0.111 0.097 0.488 0.231 
259    (0)   :  0.012 0.008 0.039 0.087 0.065 0.515 0.274 
260    (0)   :  0.011 0.007 0.142 0.121 0.069 0.251 0.399 
261    (0)   :  0.024 0.006 0.038 0.071 0.076 0.321 0.464 
262    (0)   :  0.030 0.009 0.025 0.056 0.065 0.332 0.483 
263    (0)   :  0.012 0.009 0.057 0.085 0.053 0.625 0.159 
264    (0)   :  0.012 0.008 0.256 0.105 0.109 0.407 0.103 
265    (0)   :  0.013 0.007 0.051 0.085 0.085 0.449 0.311 
266    (0)   :  0.021 0.008 0.024 0.055 0.057 0.182 0.652 
267    (0)   :  0.015 0.011 0.051 0.104 0.069 0.426 0.325 
268    (0)   :  0.027 0.011 0.026 0.080 0.066 0.480 0.310 
269    (0)   :  0.013 0.007 0.102 0.115 0.139 0.290 0.334 
270    (0)   :  0.012 0.009 0.069 0.131 0.075 0.531 0.174 
271    (0)   :  0.017 0.010 0.034 0.096 0.081 0.549 0.214 
272    (0)   :  0.021 0.013 0.045 0.097 0.149 0.453 0.222 
273    (0)   :  0.026 0.025 0.067 0.133 0.132 0.299 0.318 
274    (0)   :  0.012 0.008 0.047 0.096 0.103 0.488 0.246 
275    (0)   :  0.017 0.013 0.077 0.090 0.094 0.431 0.278 
276    (0)   :  0.022 0.015 0.041 0.102 0.136 0.499 0.186 
277    (0)   :  0.013 0.007 0.064 0.093 0.090 0.345 0.389 
278    (0)   :  0.018 0.010 0.029 0.078 0.067 0.592 0.207 
279    (0)   :  0.012 0.008 0.044 0.091 0.085 0.446 0.314 
280    (0)   :  0.015 0.007 0.054 0.077 0.125 0.456 0.265 
281    (0)   :  0.013 0.008 0.032 0.108 0.096 0.493 0.250 
282    (0)   :  0.011 0.007 0.059 0.092 0.076 0.240 0.516 
283    (0)   :  0.012 0.008 0.038 0.088 0.056 0.239 0.558 
284    (0)   :  0.015 0.011 0.039 0.124 0.083 0.356 0.371 
285    (0)   :  0.018 0.011 0.028 0.081 0.088 0.678 0.096 
286    (0)   :  0.010 0.009 0.030 0.067 0.055 0.389 0.440 
287    (0)   :  0.012 0.007 0.048 0.117 0.128 0.375 0.313 
288    (0)   :  0.013 0.010 0.049 0.089 0.124 0.504 0.211 
289    (0)   :  0.041 0.014 0.055 0.131 0.086 0.487 0.186 
290    (0)   :  0.027 0.023 0.079 0.073 0.128 0.425 0.246 
291    (0)   :  0.017 0.010 0.034 0.095 0.080 0.550 0.213 
292    (0)   :  0.028 0.007 0.043 0.068 0.139 0.383 0.332 
293    (0)   :  0.029 0.021 0.088 0.088 0.182 0.432 0.160 
294    (0)   :  0.016 0.008 0.052 0.085 0.060 0.630 0.147 
295    (0)   :  0.023 0.016 0.046 0.109 0.136 0.438 0.232 
296    (0)   :  0.014 0.010 0.025 0.091 0.067 0.583 0.209 
297    (0)   :  0.013 0.008 0.059 0.084 0.119 0.518 0.199 
298    (0)   :  0.010 0.007 0.059 0.108 0.073 0.309 0.434 
299    (0)   :  0.011 0.007 0.090 0.095 0.055 0.562 0.179 
300    (0)   :  0.013 0.009 0.027 0.065 0.076 0.675 0.134 
301    (0)   :  0.011 0.009 0.108 0.110 0.078 0.509 0.175 
302    (0)   :  0.025 0.012 0.049 0.085 0.062 0.606 0.161 
303    (0)   :  0.013 0.009 0.037 0.068 0.086 0.370 0.417 
304    (0)   :  0.010 0.009 0.115 0.163 0.082 0.188 0.433 
305    (0)   :  0.018 0.009 0.028 0.060 0.068 0.451 0.367 
306    (0)   :  0.015 0.008 0.049 0.077 0.084 0.283 0.484 
307    (0)   :  0.012 0.009 0.049 0.097 0.086 0.390 0.359 
308    (0)   :  0.023 0.006 0.038 0.070 0.077 0.318 0.467 
309    (0)   :  0.039 0.034 0.046 0.111 0.067 0.513 0.189 
310    (0)   :  0.019 0.009 0.029 0.064 0.056 0.427 0.396 
311    (0)   :  0.010 0.009 0.030 0.074 0.055 0.459 0.365 
312    (0)   :  0.015 0.009 0.024 0.083 0.056 0.615 0.198 
313    (0)   :  0.032 0.009 0.024 0.072 0.060 0.670 0.134 
314    (0)   :  0.018 0.010 0.026 0.055 0.068 0.098 0.726 
315    (0)   :  0.028 0.007 0.032 0.073 0.098 0.091 0.671 
316    (0)   :  0.023 0.009 0.043 0.083 0.117 0.091 0.635 
317    (0)   :  0.011 0.009 0.028 0.058 0.068 0.088 0.738 
318    (0)   :  0.009 0.008 0.031 0.060 0.071 0.081 0.741 
319    (0)   :  0.011 0.007 0.027 0.057 0.060 0.100 0.738 
320    (0)   :  0.018 0.009 0.026 0.055 0.067 0.098 0.726 
321    (0)   :  0.010 0.009 0.031 0.061 0.073 0.085 0.731 
322    (0)   :  0.038 0.010 0.038 0.080 0.107 0.103 0.625 
323    (0)   :  0.009 0.007 0.041 0.059 0.063 0.086 0.735 
324    (0)   :  0.010 0.009 0.031 0.061 0.074 0.086 0.730 
325    (0)   :  0.017 0.008 0.038 0.078 0.116 0.083 0.659 
326    (0)   :  0.027 0.015 0.048 0.082 0.119 0.083 0.626 
327    (0)   :  0.011 0.009 0.028 0.058 0.067 0.087 0.739 
328    (0)   :  0.020 0.007 0.033 0.078 0.106 0.098 0.657 
329    (0)   :  0.009 0.006 0.029 0.059 0.064 0.079 0.755 
330    (0)   :  0.011 0.009 0.028 0.058 0.068 0.089 0.738 
331    (0)   :  0.008 0.006 0.028 0.058 0.064 0.087 0.748 
332    (0)   :  0.019 0.010 0.066 0.080 0.114 0.081 0.630 
333    (0)   :  0.026 0.010 0.043 0.080 0.105 0.094 0.643 
334    (0)   :  0.021 0.007 0.034 0.078 0.104 0.098 0.657 
335    (0)   :  0.023 0.007 0.031 0.075 0.095 0.092 0.676 
336    (0)   :  0.015 0.009 0.047 0.058 0.072 0.087 0.713 
337    (0)   :  0.022 0.010 0.037 0.079 0.119 0.088 0.645 
338    (0)   :  0.009 0.009 0.034 0.061 0.073 0.081 0.734 
339    (0)   :  0.009 0.006 0.028 0.058 0.064 0.087 0.747 
340    (0)   :  0.009 0.006 0.025 0.056 0.060 0.092 0.751 
341    (0)   :  0.012 0.010 0.038 0.060 0.067 0.094 0.719 
342    (0)   :  0.011 0.009 0.028 0.058 0.066 0.087 0.740 
343    (0)   :  0.046 0.008 0.048 0.073 0.097 0.094 0.634 
344    (0)   :  0.008 0.006 0.029 0.059 0.064 0.080 0.753 
345    (0)   :  0.011 0.009 0.028 0.057 0.067 0.088 0.739 
346    (0)   :  0.009 0.008 0.028 0.058 0.066 0.084 0.748 
347    (0)   :  0.009 0.006 0.026 0.056 0.059 0.083 0.760 
348    (0)   :  0.046 0.007 0.029 0.070 0.092 0.102 0.654 
349    (0)   :  0.011 0.009 0.028 0.058 0.067 0.089 0.739 
350    (0)   :  0.013 0.006 0.027 0.056 0.064 0.101 0.734 
351    (0)   :  0.024 0.007 0.031 0.074 0.094 0.092 0.677 
352    (0)   :  0.026 0.010 0.033 0.076 0.107 0.092 0.657 
353    (0)   :  0.015 0.010 0.046 0.058 0.071 0.087 0.714 
354    (0)   :  0.009 0.008 0.031 0.060 0.066 0.084 0.742 
355    (0)   :  0.009 0.008 0.030 0.060 0.071 0.081 0.741 
356    (0)   :  0.046 0.007 0.029 0.069 0.092 0.101 0.656 
357    (0)   :  0.016 0.007 0.065 0.121 0.210 0.111 0.471 
358    (0)   :  0.016 0.007 0.039 0.079 0.105 0.083 0.671 
359    (0)   :  0.009 0.007 0.030 0.059 0.066 0.088 0.741 
360    (0)   :  0.009 0.008 0.027 0.058 0.065 0.083 0.750 
361    (0)   :  0.022 0.009 0.063 0.121 0.219 0.124 0.443 
362    (0)   :  0.015 0.010 0.035 0.186 0.300 0.299 0.155 
363    (0)   :  0.023 0.013 0.082 0.286 0.242 0.239 0.115 
364    (0)   :  0.017 0.015 0.244 0.145 0.096 0.182 0.301 
365    (0)   :  0.014 0.027 0.099 0.136 0.372 0.223 0.129 
366    (0)   :  0.079 0.017 0.132 0.099 0.179 0.278 0.216 
367    (0)   :  0.011 0.009 0.031 0.486 0.251 0.124 0.088 
368    (0)   :  0.009 0.009 0.046 0.242 0.140 0.407 0.146 
369    (0)   :  0.072 0.027 0.102 0.137 0.108 0.213 0.341 
370    (0)   :  0.017 0.018 0.070 0.303 0.109 0.322 0.161 
371    (0)   :  0.022 0.019 0.176 0.162 0.100 0.321 0.200 
372    (0)   :  0.024 0.044 0.054 0.181 0.100 0.423 0.174 
373    (0)   :  0.013 0.013 0.054 0.345 0.148 0.201 0.226 
374    (0)   :  0.020 0.027 0.059 0.164 0.228 0.182 0.320 
375    (0)   :  0.012 0.015 0.157 0.327 0.151 0.232 0.106 
376    (0)   :  0.012 0.012 0.266 0.146 0.364 0.100 0.100 
377    (0)   :  0.017 0.013 0.054 0.154 0.248 0.368 0.147 
378    (0)   :  0.014 0.012 0.025 0.410 0.115 0.146 0.278 
379    (0)   :  0.018 0.019 0.333 0.156 0.269 0.115 0.090 
380    (0)   :  0.029 0.014 0.091 0.079 0.369 0.170 0.247 
381    (0)   :  0.043 0.013 0.262 0.067 0.242 0.146 0.227 
382    (0)   :  0.009 0.008 0.110 0.443 0.159 0.148 0.123 
383    (0)   :  0.016 0.014 0.203 0.084 0.321 0.152 0.211 
384    (0)   :  0.017 0.024 0.317 0.175 0.142 0.147 0.179 
385    (0)   :  0.009 0.218 0.092 0.147 0.118 0.152 0.264 
386    (0)   :  0.012 0.009 0.042 0.303 0.343 0.174 0.116 
387    (0)   :  0.013 0.010 0.063 0.277 0.326 0.175 0.137 
388    (0)   :  0.012 0.035 0.101 0.177 0.187 0.192 0.296 
389    (0)   :  0.036 0.050 0.058 0.129 0.074 0.527 0.126 
390    (0)   :  0.062 0.026 0.049 0.228 0.371 0.157 0.108 
391    (0)   :  0.034 0.070 0.060 0.229 0.144 0.282 0.181 
392    (0)   :  0.013 0.008 0.082 0.137 0.351 0.195 0.214 
393    (0)   :  0.041 0.011 0.060 0.078 0.523 0.105 0.182 
394    (0)   :  0.015 0.007 0.033 0.238 0.238 0.148 0.321 
395    (0)   :  0.021 0.008 0.029 0.139 0.301 0.372 0.131 
396    (0)   :  0.009 0.008 0.087 0.364 0.168 0.270 0.093 
397    (0)   :  0.014 0.007 0.293 0.086 0.068 0.296 0.235 
398    (0)   :  0.012 0.008 0.076 0.196 0.497 0.116 0.095 
399    (0)   :  0.019 0.016 0.031 0.438 0.185 0.184 0.127 
400    (0)   :  0.013 0.011 0.075 0.379 0.217 0.133 0.171 
401    (0)   :  0.025 0.012 0.023 0.299 0.249 0.215 0.176 
402    (0)   :  0.052 0.012 0.074 0.239 0.158 0.288 0.176 
403    (0)   :  0.014 0.025 0.053 0.131 0.150 0.194 0.433 
404    (0)   :  0.010 0.019 0.119 0.120 0.209 0.319 0.205 
405    (0)   :  0.019 0.008 0.056 0.147 0.299 0.287 0.184 
406    (0)   :  0.085 0.008 0.037 0.084 0.357 0.173 0.257 
407    (0)   :  0.009 0.007 0.051 0.134 0.555 0.151 0.092 
408    (0)   :  0.030 0.008 0.023 0.324 0.126 0.398 0.091 
409    (0)   :  0.056 0.023 0.031 0.086 0.307 0.123 0.372 
410    (0)   :  0.028 0.017 0.139 0.202 0.274 0.171 0.169 
411    (0)   :  0.050 0.010 0.208 0.176 0.194 0.146 0.217 
412    (0)   :  0.010 0.009 0.049 0.342 0.165 0.290 0.135 
413    (0)   :  0.011 0.008 0.032 0.306 0.174 0.208 0.262 
414    (0)   :  0.009 0.013 0.067 0.426 0.115 0.276 0.094 
415    (0)   :  0.027 0.011 0.083 0.145 0.415 0.189 0.130 
416    (0)   :  0.026 0.031 0.046 0.199 0.288 0.212 0.199 
417    (0)   :  0.018 0.008 0.040 0.173 0.504 0.153 0.104 
418    (0)   :  0.008 0.008 0.061 0.464 0.155 0.198 0.107 
419    (0)   :  0.017 0.032 0.047 0.144 0.260 0.207 0.292 
420    (0)   :  0.052 0.012 0.024 0.278 0.280 0.229 0.125 
421    (0)   :  0.014 0.009 0.032 0.182 0.382 0.271 0.111 
422    (0)   :  0.017 0.008 0.029 0.085 0.327 0.407 0.127 
423    (0)   :  0.018 0.008 0.128 0.179 0.267 0.241 0.158 
424    (0)   :  0.096 0.024 0.040 0.330 0.197 0.145 0.168 
425    (0)   :  0.012 0.044 0.157 0.190 0.154 0.255 0.188 
426    (0)   :  0.020 0.035 0.104 0.336 0.174 0.142 0.190 
427    (0)   :  0.011 0.008 0.028 0.186 0.478 0.091 0.198 
428    (0)   :  0.023 0.009 0.036 0.091 0.376 0.194 0.272 
429    (0)   :  0.010 0.008 0.071 0.289 0.408 0.126 0.088 
430    (0)   :  0.013 0.008 0.040 0.125 0.555 0.157 0.102 
431    (0)   :  0.012 0.016 0.061 0.361 0.112 0.253 0.185 
432    (0)   :  0.011 0.009 0.041 0.269 0.167 0.346 0.158 
433    (0)   :  0.015 0.008 0.054 0.146 0.092 0.285 0.399 
434    (0)   :  0.017 0.013 0.085 0.143 0.198 0.316 0.229 
435    (0)   :  0.014 0.006 0.030 0.151 0.591 0.116 0.091 
436    (0)   :  0.035 0.010 0.049 0.197 0.492 0.078 0.138 
437    (0)   :  0.013 0.007 0.339 0.150 0.229 0.158 0.105 
438    (0)   :  0.071 0.011 0.026 0.145 0.457 0.132 0.159 
439    (0)   :  0.011 0.007 0.033 0.106 0.653 0.081 0.110 
440    (0)   :  0.019 0.008 0.046 0.207 0.533 0.107 0.081 
441    (0)   :  0.014 0.009 0.038 0.117 0.518 0.120 0.184 
442    (0)   :  0.017 0.028 0.075 0.187 0.378 0.208 0.107 
443    (0)   :  0.066 0.013 0.030 0.350 0.286 0.158 0.096 
444    (0)   :  0.025 0.024 0.080 0.170 0.422 0.174 0.104 
445    (0)   :  0.020 0.011 0.088 0.077 0.456 0.117 0.232 
446    (0)   :  0.012 0.010 0.071 0.227 0.500 0.079 0.102 
447    (0)   :  0.036 0.027 0.037 0.120 0.450 0.149 0.182 
448    (0)   :  0.014 0.008 0.051 0.152 0.490 0.176 0.108 
449    (0)   :  0.014 0.008 0.057 0.138 0.435 0.183 0.165 
450    (0)   :  0.008 0.011 0.202 0.194 0.301 0.112 0.172 
451    (0)   :  0.016 0.008 0.044 0.510 0.140 0.202 0.081 
452    (0)   :  0.009 0.008 0.068 0.180 0.450 0.113 0.171 
453    (0)   :  0.101 0.017 0.032 0.165 0.233 0.283 0.169 
454    (0)   :  0.016 0.008 0.052 0.187 0.419 0.136 0.181 
455    (0)   :  0.028 0.008 0.032 0.152 0.591 0.092 0.096 
456    (0)   :  0.049 0.011 0.052 0.138 0.487 0.169 0.094 
457    (0)   :  0.012 0.007 0.098 0.099 0.549 0.127 0.108 
458    (0)   :  0.010 0.010 0.093 0.118 0.556 0.098 0.114 
459    (0)   :  0.014 0.009 0.030 0.166 0.506 0.079 0.197 
460    (0)   :  0.014 0.009 0.030 0.243 0.520 0.088 0.096 
461    (0)   :  0.008 0.009 0.047 0.503 0.246 0.084 0.102 
462    (0)   :  0.023 0.049 0.075 0.134 0.425 0.218 0.075 
463    (0)   :  0.153 0.009 0.033 0.092 0.383 0.189 0.142 
464    (0)   :  0.027 0.007 0.027 0.239 0.484 0.121 0.096 
465    (0)   :  0.020 0.010 0.036 0.235 0.384 0.195 0.120 
466    (0)   :  0.055 0.008 0.028 0.179 0.409 0.217 0.104 
467    (0)   :  0.018 0.010 0.040 0.129 0.493 0.166 0.144 
468    (0)   :  0.032 0.007 0.060 0.085 0.605 0.119 0.092 
469    (0)   :  0.014 0.007 0.029 0.084 0.698 0.075 0.093 
470    (0)   :  0.013 0.006 0.028 0.172 0.596 0.093 0.093 
471    (0)   :  0.056 0.018 0.049 0.202 0.260 0.299 0.117 
472    (0)   :  0.022 0.011 0.059 0.154 0.412 0.225 0.118 
473    (0)   :  0.018 0.008 0.057 0.134 0.390 0.232 0.161 
474    (0)   :  0.016 0.008 0.058 0.164 0.451 0.133 0.169 
475    (0)   :  0.017 0.009 0.034 0.216 0.355 0.179 0.190 
476    (0)   :  0.021 0.009 0.168 0.177 0.412 0.098 0.117 
477    (0)   :  0.028 0.017 0.041 0.374 0.253 0.129 0.158 
478    (0)   :  0.013 0.016 0.030 0.561 0.188 0.098 0.094 
479    (0)   :  0.013 0.008 0.044 0.214 0.532 0.097 0.093 
480    (0)   :  0.012 0.007 0.089 0.130 0.565 0.093 0.104 
481    (0)   :  0.010 0.013 0.056 0.138 0.254 0.422 0.107 
482    (0)   :  0.010 0.007 0.062 0.214 0.523 0.091 0.093 
483    (0)   :  0.014 0.008 0.036 0.159 0.585 0.085 0.114 
484    (0)   :  0.044 0.012 0.030 0.091 0.527 0.186 0.109 
485    (0)   :  0.023 0.008 0.032 0.160 0.600 0.083 0.095 
486    (0)   :  0.033 0.025 0.069 0.234 0.098 0.387 0.154 
487    (0)   :  0.017 0.019 0.120 0.186 0.106 0.278 0.273 
488    (0)   :  0.013 0.037 0.057 0.251 0.092 0.341 0.207 
489    (0)   :  0.053 0.015 0.192 0.111 0.077 0.265 0.286 
490    (0)   :  0.033 0.013 0.060 0.405 0.130 0.255 0.104 
491    (0)   :  0.014 0.030 0.047 0.095 0.088 0.478 0.249 
492    (0)   :  0.020 0.029 0.036 0.230 0.097 0.208 0.381 
493    (0)   :  0.015 0.025 0.144 0.175 0.069 0.406 0.167 
494    (0)   :  0.016 0.026 0.107 0.135 0.094 0.391 0.231 
495    (0)   :  0.032 0.091 0.071 0.286 0.078 0.156 0.286 
496    (0)   :  0.020 0.007 0.042 0.112 0.121 0.242 0.456 
497    (0)   :  0.014 0.057 0.109 0.117 0.085 0.369 0.249 
498    (0)   :  0.059 0.072 0.073 0.242 0.109 0.266 0.180 
499    (0)   :  0.019 0.013 0.108 0.111 0.087 0.273 0.390 
500    (0)   :  0.014 0.009 0.241 0.129 0.089 0.359 0.159 
501    (0)   :  0.010 0.011 0.102 0.186 0.123 0.238 0.330 
502    (0)   :  0.009 0.022 0.053 0.213 0.130 0.212 0.361 
503    (0)   :  0.012 0.009 0.138 0.142 0.213 0.347 0.139 
504    (0)   :  0.025 0.060 0.042 0.340 0.111 0.281 0.142 
505    (0)   :  0.018 0.014 0.051 0.120 0.081 0.486 0.229 
506    (0)   :  0.012 0.027 0.045 0.235 0.094 0.262 0.325 
507    (0)   :  0.025 0.007 0.032 0.063 0.070 0.178 0.625 
508    (0)   :  0.040 0.013 0.037 0.084 0.057 0.195 0.574 
509    (0)   :  0.016 0.010 0.040 0.107 0.089 0.412 0.326 
510    (0)   :  0.015 0.010 0.236 0.131 0.070 0.182 0.356 
511    (0)   :  0.016 0.022 0.087 0.260 0.196 0.264 0.155 
512    (0)   :  0.009 0.012 0.126 0.361 0.166 0.214 0.111 
513    (0)   :  0.034 0.339 0.026 0.117 0.051 0.280 0.153 
514    (0)   :  0.014 0.009 0.035 0.416 0.111 0.228 0.186 
515    (0)   :  0.035 0.012 0.067 0.097 0.308 0.205 0.277 
516    (0)   :  0.025 0.012 0.036 0.222 0.096 0.439 0.171 
517    (0)   :  0.059 0.009 0.035 0.171 0.233 0.210 0.284 
518    (0)   :  0.011 0.008 0.283 0.108 0.079 0.196 0.314 
519    (0)   :  0.015 0.015 0.032 0.416 0.126 0.194 0.202 
520    (0)   :  0.112 0.008 0.037 0.083 0.227 0.158 0.376 
521    (0)   :  0.017 0.009 0.036 0.195 0.093 0.239 0.413 
522    (0)   :  0.147 0.011 0.226 0.155 0.148 0.175 0.139 
523    (0)   :  0.185 0.008 0.031 0.161 0.131 0.162 0.321 
524    (0)   :  0.053 0.007 0.039 0.125 0.356 0.208 0.211 
525    (0)   :  0.027 0.009 0.165 0.087 0.176 0.185 0.351 
526    (0)   :  0.136 0.008 0.030 0.072 0.358 0.209 0.187 
527    (0)   :  0.010 0.013 0.270 0.236 0.109 0.219 0.144 
528    (0)   :  0.014 0.008 0.036 0.095 0.069 0.255 0.523 
529    (0)   :  0.014 0.017 0.111 0.113 0.098 0.386 0.261 
530    (0)   :  0.035 0.014 0.125 0.145 0.243 0.224 0.214 
531    (0)   :  0.019 0.009 0.040 0.110 0.236 0.148 0.438 
532    (0)   :  0.019 0.011 0.125 0.153 0.068 0.278 0.347 
533    (0)   :  0.031 0.009 0.188 0.103 0.171 0.315 0.184 
534    (0)   :  0.046 0.021 0.079 0.132 0.061 0.406 0.256 
535    (0)   :  0.072 0.010 0.029 0.180 0.254 0.262 0.192 
536    (0)   :  0.025 0.013 0.046 0.125 0.253 0.227 0.311 
537    (0)   :  0.069 0.021 0.045 0.109 0.112 0.195 0.450 
538    (0)   :  0.040 0.009 0.041 0.106 0.136 0.327 0.340 
539    (0)   :  0.018 0.008 0.039 0.073 0.060 0.171 0.631 
540    (0)   :  0.040 0.009 0.052 0.094 0.157 0.342 0.306 
541    (0)   :  0.027 0.018 0.053 0.104 0.164 0.155 0.480 
542    (0)   :  0.031 0.018 0.034 0.073 0.309 0.384 0.150 
543    (0)   :  0.182 0.021 0.029 0.191 0.132 0.176 0.271 
544    (0)   :  0.107 0.011 0.032 0.094 0.207 0.319 0.231 
545    (0)   :  0.174 0.016 0.032 0.118 0.301 0.244 0.115 
546    (0)   :  0.026 0.024 0.033 0.080 0.161 0.426 0.250 
547    (0)   :  0.277 0.015 0.026 0.106 0.145 0.147 0.284 
548    (0)   :  0.010 0.008 0.042 0.095 0.069 0.405 0.371 
549    (0)   :  0.048 0.014 0.032 0.081 0.253 0.100 0.473 
550    (0)   :  0.187 0.016 0.031 0.172 0.251 0.166 0.178 
551    (0)   :  0.022 0.012 0.035 0.101 0.148 0.122 0.560 
552    (0)   :  0.025 0.009 0.042 0.071 0.097 0.445 0.310 
553    (0)   :  0.370 0.019 0.027 0.109 0.079 0.147 0.248 
554    (0)   :  0.032 0.013 0.137 0.164 0.148 0.259 0.246 
555    (0)   :  0.053 0.031 0.046 0.110 0.090 0.197 0.474 
556    (0)   :  0.023 0.011 0.037 0.098 0.120 0.407 0.305 
557    (0)   :  0.051 0.012 0.033 0.179 0.367 0.124 0.233 
558    (0)   :  0.009 0.007 0.054 0.193 0.563 0.079 0.094 
559    (0)   :  0.022 0.009 0.043 0.230 0.115 0.441 0.141 
560    (0)   :  0.011 0.016 0.026 0.403 0.322 0.144 0.077 
561    (0)   :  0.016 0.013 0.039 0.190 0.342 0.299 0.101 
562    (0)   :  0.033 0.013 0.060 0.326 0.180 0.310 0.078 
563    (0)   :  0.020 0.030 0.030 0.305 0.209 0.118 0.289 
564    (0)   :  0.039 0.010 0.070 0.157 0.098 0.483 0.144 
565    (0)   :  0.009 0.007 0.052 0.109 0.599 0.117 0.107 
566    (0)   :  0.012 0.007 0.041 0.580 0.168 0.111 0.080 
567    (0)   :  0.019 0.009 0.059 0.173 0.091 0.547 0.102 
568    (0)   :  0.020 0.008 0.031 0.210 0.264 0.322 0.146 
569    (0)   :  0.094 0.009 0.116 0.327 0.156 0.152 0.146 
570    (0)   :  0.012 0.007 0.268 0.300 0.215 0.114 0.084 
571    (0)   :  0.014 0.007 0.030 0.520 0.134 0.175 0.119 
572    (0)   :  0.257 0.015 0.046 0.115 0.147 0.154 0.265 
573    (0)   :  0.048 0.009 0.042 0.138 0.225 0.394 0.143 
574    (0)   :  0.024 0.010 0.190 0.184 0.183 0.156 0.253 
575    (0)   :  0.012 0.009 0.030 0.273 0.220 0.219 0.236 
576    (0)   :  0.011 0.014 0.044 0.540 0.175 0.134 0.080 
577    (0)   :  0.015 0.011 0.149 0.222 0.183 0.181 0.240 
578    (0)   :  0.020 0.018 0.041 0.363 0.251 0.182 0.125 
579    (0)   :  0.015 0.021 0.043 0.176 0.314 0.321 0.111 
580    (0)   :  0.011 0.008 0.066 0.155 0.414 0.178 0.169 
581    (0)   :  0.012 0.008 0.046 0.243 0.409 0.140 0.141 
582    (0)   :  0.025 0.008 0.072 0.239 0.436 0.131 0.090 
583    (0)   :  0.016 0.009 0.114 0.494 0.107 0.141 0.118 
584    (0)   :  0.010 0.008 0.056 0.523 0.169 0.139 0.095 
585    (0)   :  0.015 0.021 0.043 0.297 0.333 0.186 0.105 
586    (0)   :  0.017 0.009 0.031 0.448 0.110 0.236 0.149 
587    (0)   :  0.022 0.011 0.180 0.172 0.164 0.361 0.091 
588    (0)   :  0.036 0.010 0.026 0.072 0.059 0.686 0.111 
589    (0)   :  0.055 0.008 0.104 0.227 0.311 0.197 0.098 
590    (0)   :  0.012 0.009 0.061 0.367 0.093 0.347 0.110 
591    (0)   :  0.011 0.008 0.032 0.441 0.156 0.224 0.129 
592    (0)   :  0.029 0.008 0.036 0.243 0.209 0.374 0.101 
593    (0)   :  0.020 0.008 0.035 0.252 0.271 0.246 0.169 
594    (0)   :  0.016 0.012 0.079 0.273 0.146 0.250 0.224 
595    (0)   :  0.008 0.027 0.167 0.268 0.125 0.317 0.088 
596    (0)   :  0.055 0.009 0.056 0.175 0.177 0.371 0.156 
597    (0)   :  0.031 0.009 0.029 0.429 0.091 0.127 0.285 
598    (0)   :  0.012 0.007 0.273 0.243 0.287 0.087 0.092 
599    (0)   :  0.023 0.007 0.050 0.437 0.148 0.250 0.085 
600    (0)   :  0.017 0.009 0.054 0.125 0.418 0.188 0.188 
601    (0)   :  0.019 0.009 0.037 0.279 0.365 0.202 0.088 
602    (0)   :  0.010 0.010 0.042 0.166 0.128 0.401 0.244 
603    (0)   :  0.011 0.009 0.045 0.161 0.108 0.438 0.228 
604    (0)   :  0.011 0.017 0.061 0.114 0.387 0.218 0.192 
605    (0)   :  0.018 0.012 0.041 0.156 0.261 0.374 0.138 
606    (0)   :  0.018 0.010 0.077 0.123 0.154 0.356 0.262 
607    (0)   :  0.010 0.010 0.060 0.157 0.225 0.201 0.337 
608    (0)   :  0.012 0.008 0.027 0.145 0.200 0.126 0.483 
609    (0)   :  0.019 0.012 0.075 0.174 0.351 0.199 0.169 
610    (0)   :  0.026 0.011 0.042 0.105 0.468 0.212 0.136 
611    (0)   :  0.016 0.009 0.042 0.171 0.144 0.360 0.260 
612    (0)   :  0.016 0.008 0.082 0.096 0.562 0.118 0.118 
613    (0)   :  0.036 0.011 0.204 0.175 0.179 0.227 0.169 
614    (0)   :  0.010 0.012 0.211 0.098 0.339 0.218 0.111 
615    (0)   :  0.010 0.008 0.095 0.091 0.383 0.220 0.192 
616    (0)   :  0.010 0.008 0.109 0.221 0.166 0.226 0.261 
617    (0)   :  0.036 0.042 0.210 0.156 0.195 0.248 0.112 
618    (0)   :  0.014 0.021 0.045 0.083 0.365 0.202 0.271 
619    (0)   :  0.038 0.007 0.042 0.233 0.237 0.205 0.237 
620    (0)   :  0.030 0.010 0.029 0.218 0.183 0.451 0.080 
621    (0)   :  0.009 0.009 0.062 0.401 0.236 0.163 0.121 
622    (0)   :  0.022 0.049 0.097 0.097 0.191 0.372 0.173 
623    (0)   :  0.017 0.008 0.053 0.272 0.176 0.351 0.124 
624    (0)   :  0.012 0.008 0.049 0.111 0.403 0.142 0.275 
625    (0)   :  0.014 0.037 0.192 0.153 0.200 0.163 0.239 
626    (0)   :  0.036 0.009 0.056 0.058 0.253 0.177 0.412 
627    (0)   :  0.017 0.010 0.065 0.226 0.196 0.323 0.162 
628    (0)   :  0.011 0.012 0.049 0.278 0.121 0.374 0.156 
629    (0)   :  0.009 0.010 0.099 0.211 0.136 0.351 0.184 
630    (0)   :  0.016 0.016 0.075 0.147 0.370 0.223 0.153 
631    (0)   :  0.011 0.009 0.094 0.164 0.242 0.312 0.167 
632    (0)   :  0.012 0.010 0.047 0.087 0.126 0.367 0.351 
633    (0)   :  0.010 0.012 0.047 0.162 0.349 0.180 0.240 
634    (0)   :  0.026 0.008 0.058 0.182 0.167 0.242 0.318 
635    (0)   :  0.013 0.008 0.068 0.097 0.150 0.177 0.486 
636    (0)   :  0.011 0.009 0.055 0.128 0.298 0.199 0.300 
637    (0)   :  0.027 0.012 0.040 0.100 0.211 0.385 0.225 
638    (0)   :  0.011 0.008 0.083 0.180 0.141 0.341 0.236 
639    (0)   :  0.011 0.012 0.078 0.117 0.306 0.264 0.212 
