

----------------------------------------------------
STRUCTURE by Pritchard, Stephens and Donnelly (2000)
     and Falush, Stephens and Pritchard (2003)
       Code by Pritchard, Falush and Hubisz
             Version 2.3.4 (Jul 2012)
----------------------------------------------------



Command line arguments:   ./structure -K 5 -D 105011 -m brooktrout/mainparams -e brooktrout/extraparams -o brooktrout/250914_output/results_K5_rep11 
Input File:    brooktrout/brooktrout.txt

Run parameters:
   8454 individuals
   5 loci
   5 populations assumed
   50000 Burn-in period
   100000 Reps
RANDOMIZE turned off


--------------------------------------------
Overall proportion of membership of the
sample in each of the 5 clusters

Inferred Clusters
  1      2      3      4      5    
0.130  0.272  0.113  0.237  0.248  

--------------------------------------------

Allele-freq. divergence among pops (Net nucleotide distance),
computed using point estimates of P.

      1       2       3       4       5      
 1      -    0.0522  0.0668  0.0764  0.1126  
 2   0.0522     -    0.0564  0.0554  0.1151  
 3   0.0668  0.0564     -    0.0935  0.1303  
 4   0.0764  0.0554  0.0935     -    0.0723  
 5   0.1126  0.1151  0.1303  0.0723     -    

Average distances (expected heterozygosity) between individuals in same cluster:
cluster  1  : 0.7765 
cluster  2  : 0.8082 
cluster  3  : 0.7644 
cluster  4  : 0.8262 
cluster  5  : 0.7414 

--------------------------------------------
Estimated Ln Prob of Data   = -179468.8
Mean value of ln likelihood = -172040.6
Variance of ln likelihood   = 14856.4

Mean value of alpha_1       = 0.1841
Mean value of alpha_2       = 0.3896
Mean value of alpha_3       = 0.1622
Mean value of alpha_4       = 0.3537
Mean value of alpha_5       = 0.3765
Allele frequencies uncorrelated


Inferred ancestry of individuals:
     (%Miss) :  Inferred clusters
  1    (0)   :  0.134 0.164 0.161 0.166 0.375 
  2    (0)   :  0.099 0.184 0.026 0.611 0.080 
  3    (0)   :  0.325 0.137 0.123 0.169 0.246 
  4    (0)   :  0.051 0.129 0.032 0.128 0.659 
  5    (0)   :  0.200 0.205 0.030 0.481 0.083 
  6    (0)   :  0.683 0.119 0.050 0.082 0.066 
  7    (0)   :  0.119 0.676 0.059 0.066 0.080 
  8    (0)   :  0.284 0.187 0.043 0.095 0.392 
  9    (0)   :  0.254 0.181 0.089 0.314 0.163 
 10    (0)   :  0.326 0.301 0.051 0.077 0.245 
 11    (0)   :  0.080 0.637 0.128 0.073 0.082 
 12    (0)   :  0.187 0.211 0.029 0.447 0.127 
 13    (0)   :  0.245 0.355 0.045 0.203 0.152 
 14    (0)   :  0.101 0.150 0.064 0.499 0.185 
 15    (0)   :  0.109 0.231 0.061 0.274 0.325 
 16    (0)   :  0.259 0.267 0.200 0.131 0.144 
 17    (0)   :  0.553 0.133 0.033 0.181 0.100 
 18    (0)   :  0.332 0.125 0.107 0.278 0.158 
 19    (0)   :  0.611 0.155 0.036 0.109 0.088 
 20    (0)   :  0.156 0.296 0.056 0.369 0.123 
 21    (0)   :  0.086 0.130 0.086 0.381 0.316 
 22    (0)   :  0.577 0.110 0.060 0.115 0.138 
 23    (0)   :  0.078 0.186 0.051 0.335 0.349 
 24    (0)   :  0.200 0.158 0.128 0.186 0.328 
 25    (0)   :  0.301 0.451 0.044 0.143 0.061 
 26    (0)   :  0.445 0.116 0.055 0.220 0.164 
 27    (0)   :  0.238 0.243 0.081 0.245 0.193 
 28    (0)   :  0.104 0.259 0.097 0.095 0.445 
 29    (0)   :  0.083 0.389 0.049 0.358 0.120 
 30    (0)   :  0.442 0.103 0.161 0.184 0.110 
 31    (0)   :  0.209 0.238 0.047 0.293 0.214 
 32    (0)   :  0.269 0.200 0.041 0.216 0.274 
 33    (0)   :  0.111 0.202 0.284 0.166 0.236 
 34    (0)   :  0.232 0.502 0.063 0.074 0.128 
 35    (0)   :  0.293 0.104 0.058 0.464 0.081 
 36    (0)   :  0.036 0.080 0.542 0.243 0.099 
 37    (0)   :  0.114 0.236 0.038 0.274 0.339 
 38    (0)   :  0.037 0.115 0.678 0.117 0.053 
 39    (0)   :  0.080 0.202 0.401 0.225 0.092 
 40    (0)   :  0.075 0.085 0.081 0.539 0.219 
 41    (0)   :  0.055 0.120 0.448 0.287 0.089 
 42    (0)   :  0.026 0.082 0.312 0.157 0.423 
 43    (0)   :  0.064 0.210 0.032 0.514 0.179 
 44    (0)   :  0.167 0.112 0.059 0.589 0.073 
 45    (0)   :  0.039 0.119 0.358 0.423 0.060 
 46    (0)   :  0.336 0.189 0.090 0.310 0.075 
 47    (0)   :  0.392 0.159 0.047 0.262 0.139 
 48    (0)   :  0.193 0.067 0.047 0.625 0.068 
 49    (0)   :  0.122 0.150 0.232 0.376 0.120 
 50    (0)   :  0.279 0.340 0.093 0.153 0.135 
 51    (0)   :  0.023 0.067 0.330 0.497 0.083 
 52    (0)   :  0.100 0.193 0.383 0.201 0.122 
 53    (0)   :  0.064 0.103 0.652 0.084 0.097 
 54    (0)   :  0.122 0.156 0.025 0.572 0.124 
 55    (0)   :  0.071 0.126 0.028 0.686 0.088 
 56    (0)   :  0.197 0.070 0.136 0.488 0.110 
 57    (0)   :  0.406 0.192 0.040 0.108 0.255 
 58    (0)   :  0.047 0.134 0.119 0.586 0.113 
 59    (0)   :  0.048 0.116 0.415 0.325 0.096 
 60    (0)   :  0.045 0.093 0.128 0.492 0.242 
 61    (0)   :  0.025 0.085 0.024 0.734 0.131 
 62    (0)   :  0.316 0.135 0.079 0.382 0.089 
 63    (0)   :  0.043 0.314 0.109 0.335 0.199 
 64    (0)   :  0.376 0.131 0.222 0.200 0.071 
 65    (0)   :  0.063 0.693 0.038 0.151 0.055 
 66    (0)   :  0.041 0.211 0.043 0.441 0.264 
 67    (0)   :  0.061 0.173 0.025 0.667 0.073 
 68    (0)   :  0.043 0.113 0.431 0.291 0.123 
 69    (0)   :  0.075 0.192 0.409 0.121 0.202 
 70    (0)   :  0.036 0.208 0.234 0.340 0.182 
 71    (0)   :  0.038 0.116 0.360 0.433 0.053 
 72    (0)   :  0.114 0.138 0.452 0.215 0.082 
 73    (0)   :  0.035 0.145 0.048 0.710 0.062 
 74    (0)   :  0.042 0.073 0.493 0.210 0.182 
 75    (0)   :  0.039 0.057 0.258 0.362 0.284 
 76    (0)   :  0.050 0.420 0.055 0.369 0.107 
 77    (0)   :  0.032 0.138 0.475 0.287 0.068 
 78    (0)   :  0.032 0.100 0.600 0.197 0.072 
 79    (0)   :  0.078 0.692 0.055 0.088 0.087 
 80    (0)   :  0.052 0.201 0.042 0.097 0.608 
 81    (0)   :  0.066 0.302 0.052 0.094 0.486 
 82    (0)   :  0.050 0.294 0.046 0.403 0.207 
 83    (0)   :  0.065 0.302 0.105 0.159 0.369 
 84    (0)   :  0.049 0.437 0.080 0.108 0.325 
 85    (0)   :  0.111 0.206 0.108 0.154 0.421 
 86    (0)   :  0.114 0.234 0.042 0.532 0.078 
 87    (0)   :  0.046 0.664 0.068 0.118 0.104 
 88    (0)   :  0.045 0.335 0.044 0.162 0.414 
 89    (0)   :  0.047 0.251 0.041 0.154 0.506 
 90    (0)   :  0.039 0.703 0.039 0.107 0.111 
 91    (0)   :  0.055 0.138 0.077 0.115 0.614 
 92    (0)   :  0.077 0.498 0.054 0.175 0.195 
 93    (0)   :  0.030 0.073 0.029 0.067 0.801 
 94    (0)   :  0.038 0.595 0.213 0.069 0.084 
 95    (0)   :  0.029 0.570 0.036 0.110 0.254 
 96    (0)   :  0.025 0.100 0.032 0.582 0.261 
 97    (0)   :  0.048 0.070 0.294 0.355 0.234 
 98    (0)   :  0.062 0.149 0.071 0.587 0.131 
 99    (0)   :  0.045 0.505 0.052 0.109 0.289 
100    (0)   :  0.040 0.081 0.022 0.223 0.634 
101    (0)   :  0.050 0.449 0.059 0.246 0.196 
102    (0)   :  0.036 0.264 0.090 0.182 0.428 
103    (0)   :  0.032 0.403 0.033 0.310 0.222 
104    (0)   :  0.037 0.668 0.035 0.139 0.121 
105    (0)   :  0.030 0.533 0.029 0.215 0.193 
106    (0)   :  0.058 0.685 0.116 0.097 0.044 
107    (0)   :  0.034 0.520 0.033 0.235 0.177 
108    (0)   :  0.045 0.105 0.087 0.700 0.063 
109    (0)   :  0.078 0.518 0.138 0.220 0.046 
110    (0)   :  0.049 0.708 0.120 0.072 0.051 
111    (0)   :  0.030 0.783 0.027 0.098 0.063 
112    (0)   :  0.033 0.727 0.079 0.112 0.049 
113    (0)   :  0.079 0.208 0.074 0.511 0.128 
114    (0)   :  0.032 0.653 0.034 0.132 0.150 
115    (0)   :  0.049 0.523 0.038 0.302 0.088 
116    (0)   :  0.058 0.367 0.244 0.284 0.047 
117    (0)   :  0.050 0.680 0.098 0.098 0.074 
118    (0)   :  0.046 0.285 0.034 0.571 0.063 
119    (0)   :  0.027 0.202 0.076 0.382 0.313 
120    (0)   :  0.045 0.614 0.044 0.205 0.092 
121    (0)   :  0.046 0.519 0.059 0.304 0.072 
122    (0)   :  0.051 0.681 0.097 0.109 0.062 
123    (0)   :  0.036 0.687 0.062 0.125 0.090 
124    (0)   :  0.080 0.381 0.246 0.228 0.065 
125    (0)   :  0.106 0.332 0.333 0.144 0.085 
126    (0)   :  0.032 0.479 0.182 0.200 0.106 
127    (0)   :  0.027 0.756 0.027 0.122 0.068 
128    (0)   :  0.042 0.298 0.030 0.562 0.067 
129    (0)   :  0.034 0.653 0.027 0.223 0.062 
130    (0)   :  0.038 0.611 0.037 0.158 0.156 
131    (0)   :  0.045 0.321 0.452 0.127 0.056 
132    (0)   :  0.050 0.685 0.069 0.145 0.051 
133    (0)   :  0.035 0.678 0.036 0.158 0.092 
134    (0)   :  0.039 0.796 0.063 0.065 0.037 
135    (0)   :  0.037 0.070 0.041 0.373 0.479 
136    (0)   :  0.074 0.056 0.025 0.078 0.767 
137    (0)   :  0.031 0.103 0.026 0.065 0.774 
138    (0)   :  0.038 0.053 0.033 0.074 0.802 
139    (0)   :  0.053 0.074 0.034 0.560 0.279 
140    (0)   :  0.042 0.148 0.085 0.185 0.539 
141    (0)   :  0.100 0.066 0.041 0.102 0.692 
142    (0)   :  0.031 0.067 0.036 0.370 0.497 
143    (0)   :  0.026 0.048 0.021 0.060 0.844 
144    (0)   :  0.028 0.099 0.024 0.072 0.777 
145    (0)   :  0.149 0.071 0.045 0.168 0.566 
146    (0)   :  0.077 0.165 0.059 0.127 0.572 
147    (0)   :  0.033 0.049 0.022 0.051 0.844 
148    (0)   :  0.054 0.124 0.034 0.180 0.608 
149    (0)   :  0.039 0.053 0.042 0.125 0.739 
150    (0)   :  0.038 0.172 0.032 0.118 0.640 
151    (0)   :  0.030 0.072 0.026 0.085 0.788 
152    (0)   :  0.079 0.099 0.044 0.245 0.534 
153    (0)   :  0.035 0.071 0.054 0.092 0.748 
154    (0)   :  0.065 0.059 0.026 0.113 0.737 
155    (0)   :  0.029 0.067 0.023 0.071 0.809 
156    (0)   :  0.022 0.082 0.028 0.199 0.669 
157    (0)   :  0.026 0.180 0.049 0.059 0.686 
158    (0)   :  0.132 0.067 0.048 0.122 0.631 
159    (0)   :  0.033 0.049 0.022 0.060 0.836 
160    (0)   :  0.038 0.050 0.021 0.070 0.821 
161    (0)   :  0.040 0.091 0.061 0.097 0.711 
162    (0)   :  0.109 0.160 0.052 0.192 0.487 
163    (0)   :  0.024 0.060 0.025 0.078 0.813 
164    (0)   :  0.060 0.169 0.043 0.150 0.579 
165    (0)   :  0.030 0.153 0.031 0.098 0.688 
166    (0)   :  0.032 0.188 0.081 0.121 0.578 
167    (0)   :  0.169 0.100 0.024 0.074 0.632 
168    (0)   :  0.044 0.069 0.065 0.108 0.715 
169    (0)   :  0.153 0.060 0.270 0.113 0.405 
170    (0)   :  0.028 0.081 0.030 0.170 0.691 
171    (0)   :  0.065 0.112 0.050 0.161 0.612 
172    (0)   :  0.036 0.050 0.246 0.156 0.511 
173    (0)   :  0.038 0.052 0.021 0.096 0.794 
174    (0)   :  0.034 0.072 0.027 0.063 0.805 
175    (0)   :  0.062 0.053 0.023 0.075 0.787 
176    (0)   :  0.028 0.098 0.024 0.072 0.779 
177    (0)   :  0.037 0.199 0.098 0.079 0.587 
178    (0)   :  0.075 0.089 0.029 0.074 0.733 
179    (0)   :  0.033 0.051 0.020 0.060 0.836 
180    (0)   :  0.097 0.105 0.046 0.122 0.630 
181    (0)   :  0.057 0.062 0.040 0.197 0.644 
182    (0)   :  0.034 0.056 0.022 0.150 0.740 
183    (0)   :  0.037 0.053 0.022 0.075 0.814 
184    (0)   :  0.245 0.134 0.025 0.517 0.079 
185    (0)   :  0.025 0.048 0.023 0.203 0.702 
186    (0)   :  0.102 0.402 0.028 0.378 0.089 
187    (0)   :  0.082 0.112 0.026 0.481 0.298 
188    (0)   :  0.083 0.357 0.024 0.474 0.061 
189    (0)   :  0.182 0.109 0.137 0.255 0.317 
190    (0)   :  0.021 0.048 0.019 0.708 0.205 
191    (0)   :  0.063 0.123 0.023 0.676 0.114 
192    (0)   :  0.073 0.218 0.031 0.351 0.328 
193    (0)   :  0.088 0.119 0.038 0.521 0.234 
194    (0)   :  0.052 0.193 0.035 0.398 0.322 
195    (0)   :  0.030 0.060 0.020 0.466 0.424 
196    (0)   :  0.027 0.074 0.025 0.700 0.174 
197    (0)   :  0.261 0.166 0.029 0.382 0.162 
198    (0)   :  0.083 0.246 0.082 0.372 0.217 
199    (0)   :  0.035 0.073 0.031 0.697 0.164 
200    (0)   :  0.065 0.103 0.050 0.635 0.147 
201    (0)   :  0.043 0.072 0.021 0.320 0.544 
202    (0)   :  0.028 0.076 0.021 0.289 0.587 
203    (0)   :  0.039 0.071 0.019 0.386 0.485 
204    (0)   :  0.029 0.065 0.019 0.722 0.165 
205    (0)   :  0.043 0.080 0.029 0.739 0.109 
206    (0)   :  0.043 0.074 0.019 0.666 0.198 
207    (0)   :  0.033 0.086 0.019 0.771 0.091 
208    (0)   :  0.032 0.071 0.021 0.612 0.264 
209    (0)   :  0.063 0.111 0.025 0.652 0.149 
210    (0)   :  0.032 0.101 0.023 0.635 0.209 
211    (0)   :  0.033 0.093 0.019 0.674 0.182 
212    (0)   :  0.051 0.070 0.030 0.228 0.621 
213    (0)   :  0.032 0.176 0.053 0.577 0.161 
214    (0)   :  0.043 0.066 0.022 0.336 0.534 
215    (0)   :  0.039 0.085 0.025 0.774 0.077 
216    (0)   :  0.227 0.159 0.030 0.466 0.118 
217    (0)   :  0.053 0.059 0.026 0.452 0.409 
218    (0)   :  0.054 0.103 0.029 0.667 0.148 
219    (0)   :  0.292 0.114 0.036 0.268 0.290 
220    (0)   :  0.034 0.083 0.020 0.760 0.103 
221    (0)   :  0.026 0.047 0.021 0.204 0.703 
222    (0)   :  0.308 0.162 0.032 0.321 0.177 
223    (0)   :  0.099 0.114 0.037 0.332 0.418 
224    (0)   :  0.048 0.087 0.020 0.416 0.430 
225    (0)   :  0.040 0.079 0.024 0.696 0.162 
226    (0)   :  0.112 0.084 0.091 0.549 0.163 
227    (0)   :  0.035 0.080 0.021 0.606 0.258 
228    (0)   :  0.027 0.052 0.020 0.583 0.318 
229    (0)   :  0.060 0.114 0.020 0.369 0.438 
230    (0)   :  0.043 0.090 0.019 0.547 0.302 
231    (0)   :  0.088 0.108 0.025 0.405 0.374 
232    (0)   :  0.053 0.129 0.063 0.426 0.329 
233    (0)   :  0.045 0.068 0.021 0.250 0.615 
234    (0)   :  0.102 0.202 0.039 0.393 0.264 
235    (0)   :  0.077 0.083 0.041 0.491 0.308 
236    (0)   :  0.070 0.091 0.027 0.408 0.404 
237    (0)   :  0.039 0.091 0.023 0.730 0.117 
238    (0)   :  0.042 0.108 0.027 0.265 0.558 
239    (0)   :  0.030 0.060 0.021 0.464 0.425 
240    (0)   :  0.041 0.106 0.026 0.271 0.555 
241    (0)   :  0.037 0.066 0.027 0.264 0.606 
242    (0)   :  0.113 0.127 0.055 0.480 0.224 
243    (0)   :  0.025 0.055 0.018 0.730 0.172 
244    (0)   :  0.039 0.073 0.019 0.463 0.407 
245    (0)   :  0.026 0.069 0.025 0.138 0.742 
246    (0)   :  0.054 0.060 0.026 0.447 0.412 
247    (0)   :  0.043 0.414 0.065 0.403 0.074 
248    (0)   :  0.041 0.111 0.023 0.756 0.068 
249    (0)   :  0.047 0.086 0.021 0.447 0.400 
250    (0)   :  0.075 0.115 0.025 0.481 0.305 
251    (0)   :  0.128 0.147 0.081 0.520 0.125 
252    (0)   :  0.056 0.096 0.028 0.538 0.283 
253    (0)   :  0.055 0.169 0.057 0.600 0.119 
254    (0)   :  0.211 0.143 0.025 0.436 0.185 
255    (0)   :  0.101 0.146 0.030 0.472 0.251 
256    (0)   :  0.045 0.074 0.027 0.534 0.321 
257    (0)   :  0.053 0.114 0.028 0.591 0.214 
258    (0)   :  0.041 0.153 0.039 0.639 0.129 
259    (0)   :  0.068 0.114 0.024 0.605 0.189 
260    (0)   :  0.241 0.146 0.025 0.208 0.380 
261    (0)   :  0.047 0.076 0.030 0.451 0.395 
262    (0)   :  0.028 0.047 0.024 0.572 0.328 
263    (0)   :  0.098 0.113 0.019 0.664 0.106 
264    (0)   :  0.481 0.125 0.046 0.292 0.056 
265    (0)   :  0.086 0.091 0.035 0.576 0.212 
266    (0)   :  0.027 0.049 0.021 0.226 0.678 
267    (0)   :  0.075 0.125 0.026 0.513 0.260 
268    (0)   :  0.027 0.074 0.025 0.699 0.175 
269    (0)   :  0.227 0.122 0.069 0.316 0.266 
270    (0)   :  0.174 0.183 0.028 0.484 0.130 
271    (0)   :  0.045 0.104 0.032 0.708 0.111 
272    (0)   :  0.060 0.082 0.075 0.669 0.115 
273    (0)   :  0.127 0.128 0.074 0.380 0.291 
274    (0)   :  0.091 0.101 0.043 0.619 0.146 
275    (0)   :  0.123 0.080 0.044 0.574 0.179 
276    (0)   :  0.054 0.086 0.062 0.697 0.100 
277    (0)   :  0.104 0.118 0.038 0.386 0.355 
278    (0)   :  0.036 0.072 0.025 0.772 0.095 
279    (0)   :  0.071 0.102 0.034 0.569 0.223 
280    (0)   :  0.116 0.080 0.052 0.577 0.175 
281    (0)   :  0.056 0.139 0.041 0.597 0.166 
282    (0)   :  0.089 0.110 0.031 0.241 0.528 
283    (0)   :  0.057 0.099 0.022 0.240 0.583 
284    (0)   :  0.052 0.171 0.035 0.416 0.325 
285    (0)   :  0.041 0.106 0.035 0.768 0.050 
286    (0)   :  0.041 0.071 0.019 0.457 0.412 
287    (0)   :  0.114 0.135 0.065 0.440 0.246 
288    (0)   :  0.075 0.083 0.051 0.684 0.107 
289    (0)   :  0.072 0.154 0.043 0.604 0.127 
290    (0)   :  0.141 0.077 0.070 0.578 0.134 
291    (0)   :  0.045 0.104 0.033 0.707 0.112 
292    (0)   :  0.072 0.070 0.062 0.581 0.215 
293    (0)   :  0.162 0.124 0.127 0.491 0.095 
294    (0)   :  0.097 0.107 0.022 0.690 0.085 
295    (0)   :  0.076 0.114 0.080 0.557 0.172 
296    (0)   :  0.036 0.092 0.026 0.742 0.104 
297    (0)   :  0.170 0.101 0.050 0.556 0.124 
298    (0)   :  0.111 0.144 0.028 0.290 0.427 
299    (0)   :  0.169 0.154 0.020 0.526 0.131 
300    (0)   :  0.041 0.081 0.027 0.772 0.079 
301    (0)   :  0.325 0.113 0.029 0.417 0.116 
302    (0)   :  0.084 0.097 0.023 0.704 0.092 
303    (0)   :  0.059 0.087 0.033 0.413 0.409 
304    (0)   :  0.244 0.168 0.026 0.137 0.425 
305    (0)   :  0.036 0.057 0.024 0.618 0.265 
306    (0)   :  0.079 0.070 0.038 0.367 0.446 
307    (0)   :  0.096 0.119 0.033 0.450 0.301 
308    (0)   :  0.047 0.077 0.030 0.449 0.397 
309    (0)   :  0.042 0.129 0.029 0.694 0.105 
310    (0)   :  0.033 0.061 0.020 0.616 0.271 
311    (0)   :  0.043 0.090 0.019 0.544 0.304 
312    (0)   :  0.027 0.108 0.020 0.736 0.109 
313    (0)   :  0.029 0.076 0.022 0.805 0.068 
314    (0)   :  0.025 0.046 0.025 0.071 0.832 
315    (0)   :  0.030 0.057 0.039 0.080 0.794 
316    (0)   :  0.043 0.065 0.042 0.066 0.783 
317    (0)   :  0.028 0.048 0.024 0.051 0.850 
318    (0)   :  0.030 0.048 0.024 0.044 0.854 
319    (0)   :  0.030 0.048 0.021 0.065 0.836 
320    (0)   :  0.025 0.046 0.025 0.070 0.834 
321    (0)   :  0.031 0.049 0.026 0.048 0.845 
322    (0)   :  0.037 0.064 0.041 0.086 0.772 
323    (0)   :  0.036 0.048 0.020 0.048 0.848 
324    (0)   :  0.031 0.048 0.026 0.048 0.847 
325    (0)   :  0.035 0.062 0.045 0.055 0.803 
326    (0)   :  0.039 0.060 0.051 0.055 0.795 
327    (0)   :  0.027 0.048 0.024 0.051 0.850 
328    (0)   :  0.035 0.064 0.039 0.074 0.788 
329    (0)   :  0.030 0.048 0.021 0.046 0.855 
330    (0)   :  0.027 0.047 0.024 0.052 0.849 
331    (0)   :  0.029 0.048 0.021 0.049 0.852 
332    (0)   :  0.051 0.063 0.045 0.053 0.787 
333    (0)   :  0.038 0.061 0.040 0.063 0.798 
334    (0)   :  0.035 0.063 0.038 0.074 0.790 
335    (0)   :  0.031 0.061 0.035 0.072 0.801 
336    (0)   :  0.037 0.047 0.026 0.054 0.835 
337    (0)   :  0.036 0.063 0.049 0.063 0.789 
338    (0)   :  0.032 0.049 0.025 0.042 0.852 
339    (0)   :  0.030 0.048 0.021 0.049 0.852 
340    (0)   :  0.026 0.047 0.020 0.051 0.856 
341    (0)   :  0.037 0.048 0.023 0.052 0.840 
342    (0)   :  0.027 0.048 0.024 0.051 0.850 
343    (0)   :  0.039 0.059 0.040 0.089 0.773 
344    (0)   :  0.029 0.048 0.021 0.044 0.857 
345    (0)   :  0.028 0.048 0.024 0.053 0.848 
346    (0)   :  0.027 0.047 0.022 0.046 0.858 
347    (0)   :  0.026 0.046 0.020 0.047 0.860 
348    (0)   :  0.028 0.056 0.037 0.108 0.771 
349    (0)   :  0.028 0.048 0.024 0.053 0.847 
350    (0)   :  0.030 0.047 0.023 0.071 0.830 
351    (0)   :  0.031 0.061 0.034 0.071 0.802 
352    (0)   :  0.031 0.061 0.042 0.070 0.795 
353    (0)   :  0.038 0.047 0.026 0.054 0.836 
354    (0)   :  0.031 0.049 0.022 0.047 0.852 
355    (0)   :  0.030 0.048 0.024 0.044 0.853 
356    (0)   :  0.027 0.057 0.038 0.115 0.762 
357    (0)   :  0.117 0.152 0.111 0.084 0.536 
358    (0)   :  0.037 0.061 0.038 0.056 0.808 
359    (0)   :  0.031 0.049 0.021 0.048 0.851 
360    (0)   :  0.027 0.047 0.022 0.047 0.856 
361    (0)   :  0.113 0.160 0.124 0.112 0.491 
362    (0)   :  0.075 0.369 0.228 0.218 0.111 
363    (0)   :  0.155 0.499 0.138 0.140 0.069 
364    (0)   :  0.359 0.161 0.036 0.153 0.292 
365    (0)   :  0.521 0.142 0.151 0.118 0.068 
366    (0)   :  0.221 0.111 0.097 0.415 0.155 
367    (0)   :  0.047 0.725 0.124 0.059 0.046 
368    (0)   :  0.075 0.636 0.044 0.156 0.089 
369    (0)   :  0.140 0.178 0.057 0.256 0.369 
370    (0)   :  0.086 0.501 0.047 0.255 0.110 
371    (0)   :  0.302 0.229 0.046 0.269 0.153 
372    (0)   :  0.133 0.280 0.051 0.388 0.148 
373    (0)   :  0.119 0.503 0.064 0.141 0.173 
374    (0)   :  0.111 0.249 0.149 0.146 0.345 
375    (0)   :  0.328 0.472 0.052 0.088 0.060 
376    (0)   :  0.374 0.179 0.342 0.051 0.054 
377    (0)   :  0.119 0.319 0.214 0.243 0.105 
378    (0)   :  0.031 0.563 0.057 0.100 0.249 
379    (0)   :  0.421 0.172 0.299 0.061 0.047 
380    (0)   :  0.149 0.076 0.448 0.140 0.187 
381    (0)   :  0.436 0.066 0.178 0.160 0.161 
382    (0)   :  0.169 0.637 0.060 0.068 0.067 
383    (0)   :  0.291 0.073 0.379 0.090 0.167 
384    (0)   :  0.627 0.138 0.060 0.073 0.102 
385    (0)   :  0.242 0.368 0.042 0.117 0.232 
386    (0)   :  0.078 0.577 0.188 0.092 0.066 
387    (0)   :  0.127 0.547 0.144 0.100 0.082 
388    (0)   :  0.203 0.295 0.090 0.122 0.290 
389    (0)   :  0.079 0.129 0.031 0.694 0.069 
390    (0)   :  0.065 0.287 0.442 0.147 0.058 
391    (0)   :  0.104 0.304 0.068 0.406 0.118 
392    (0)   :  0.241 0.201 0.279 0.129 0.150 
393    (0)   :  0.084 0.070 0.644 0.081 0.120 
394    (0)   :  0.059 0.361 0.142 0.116 0.321 
395    (0)   :  0.036 0.199 0.351 0.332 0.082 
396    (0)   :  0.190 0.601 0.054 0.105 0.050 
397    (0)   :  0.452 0.101 0.027 0.248 0.172 
398    (0)   :  0.083 0.196 0.614 0.057 0.051 
399    (0)   :  0.041 0.572 0.152 0.167 0.069 
400    (0)   :  0.148 0.559 0.102 0.082 0.109 
401    (0)   :  0.033 0.550 0.151 0.158 0.108 
402    (0)   :  0.159 0.284 0.057 0.388 0.112 
403    (0)   :  0.110 0.200 0.065 0.192 0.433 
404    (0)   :  0.309 0.217 0.104 0.222 0.148 
405    (0)   :  0.166 0.243 0.167 0.288 0.136 
406    (0)   :  0.041 0.074 0.455 0.236 0.194 
407    (0)   :  0.101 0.170 0.599 0.078 0.052 
408    (0)   :  0.027 0.559 0.056 0.310 0.049 
409    (0)   :  0.034 0.093 0.388 0.116 0.369 
410    (0)   :  0.264 0.318 0.177 0.108 0.132 
411    (0)   :  0.380 0.174 0.094 0.159 0.194 
412    (0)   :  0.082 0.680 0.049 0.109 0.081 
413    (0)   :  0.047 0.530 0.069 0.122 0.231 
414    (0)   :  0.096 0.702 0.035 0.114 0.054 
415    (0)   :  0.153 0.162 0.458 0.154 0.073 
416    (0)   :  0.130 0.321 0.197 0.220 0.132 
417    (0)   :  0.106 0.278 0.457 0.091 0.069 
418    (0)   :  0.104 0.719 0.049 0.071 0.057 
419    (0)   :  0.098 0.260 0.172 0.211 0.260 
420    (0)   :  0.031 0.438 0.231 0.231 0.069 
421    (0)   :  0.073 0.436 0.277 0.134 0.080 
422    (0)   :  0.059 0.112 0.367 0.382 0.080 
423    (0)   :  0.298 0.240 0.178 0.198 0.086 
424    (0)   :  0.050 0.558 0.110 0.171 0.110 
425    (0)   :  0.440 0.205 0.058 0.166 0.131 
426    (0)   :  0.132 0.572 0.075 0.093 0.129 
427    (0)   :  0.035 0.167 0.581 0.058 0.159 
428    (0)   :  0.059 0.096 0.410 0.192 0.243 
429    (0)   :  0.132 0.419 0.345 0.058 0.046 
430    (0)   :  0.070 0.178 0.601 0.089 0.062 
431    (0)   :  0.116 0.521 0.062 0.187 0.115 
432    (0)   :  0.068 0.624 0.056 0.148 0.103 
433    (0)   :  0.086 0.257 0.034 0.231 0.391 
434    (0)   :  0.215 0.271 0.081 0.232 0.201 
435    (0)   :  0.040 0.154 0.694 0.063 0.049 
436    (0)   :  0.043 0.122 0.716 0.050 0.069 
437    (0)   :  0.612 0.150 0.101 0.080 0.057 
438    (0)   :  0.025 0.124 0.654 0.104 0.092 
439    (0)   :  0.041 0.092 0.758 0.046 0.063 
440    (0)   :  0.077 0.206 0.605 0.071 0.041 
441    (0)   :  0.085 0.217 0.449 0.087 0.162 
442    (0)   :  0.134 0.313 0.367 0.128 0.058 
443    (0)   :  0.039 0.432 0.312 0.165 0.051 
444    (0)   :  0.131 0.221 0.467 0.126 0.055 
445    (0)   :  0.090 0.086 0.543 0.091 0.190 
446    (0)   :  0.067 0.184 0.651 0.042 0.056 
447    (0)   :  0.080 0.164 0.482 0.160 0.115 
448    (0)   :  0.174 0.293 0.342 0.125 0.065 
449    (0)   :  0.229 0.238 0.271 0.150 0.111 
450    (0)   :  0.474 0.235 0.117 0.056 0.118 
451    (0)   :  0.056 0.723 0.060 0.118 0.043 
452    (0)   :  0.288 0.243 0.298 0.069 0.102 
453    (0)   :  0.038 0.230 0.137 0.476 0.118 
454    (0)   :  0.147 0.304 0.318 0.097 0.134 
455    (0)   :  0.033 0.117 0.742 0.059 0.049 
456    (0)   :  0.064 0.137 0.614 0.138 0.047 
457    (0)   :  0.265 0.125 0.472 0.075 0.063 
458    (0)   :  0.109 0.119 0.654 0.052 0.066 
459    (0)   :  0.041 0.253 0.494 0.062 0.150 
460    (0)   :  0.042 0.323 0.527 0.054 0.053 
461    (0)   :  0.060 0.725 0.114 0.043 0.059 
462    (0)   :  0.094 0.219 0.494 0.154 0.039 
463    (0)   :  0.036 0.112 0.492 0.263 0.098 
464    (0)   :  0.037 0.315 0.509 0.089 0.050 
465    (0)   :  0.050 0.509 0.265 0.105 0.072 
466    (0)   :  0.038 0.284 0.414 0.210 0.055 
467    (0)   :  0.061 0.208 0.493 0.129 0.109 
468    (0)   :  0.073 0.080 0.723 0.078 0.046 
469    (0)   :  0.034 0.075 0.799 0.041 0.051 
470    (0)   :  0.033 0.142 0.727 0.050 0.048 
471    (0)   :  0.138 0.254 0.135 0.412 0.061 
472    (0)   :  0.119 0.322 0.305 0.177 0.077 
473    (0)   :  0.174 0.270 0.248 0.191 0.118 
474    (0)   :  0.178 0.212 0.393 0.112 0.105 
475    (0)   :  0.054 0.463 0.247 0.112 0.124 
476    (0)   :  0.233 0.198 0.431 0.068 0.069 
477    (0)   :  0.050 0.585 0.158 0.099 0.108 
478    (0)   :  0.036 0.761 0.094 0.057 0.052 
479    (0)   :  0.091 0.322 0.476 0.061 0.050 
480    (0)   :  0.190 0.127 0.569 0.055 0.059 
481    (0)   :  0.291 0.217 0.108 0.323 0.060 
482    (0)   :  0.096 0.239 0.570 0.047 0.049 
483    (0)   :  0.044 0.126 0.715 0.050 0.065 
484    (0)   :  0.033 0.101 0.668 0.138 0.060 
485    (0)   :  0.033 0.107 0.760 0.050 0.051 
486    (0)   :  0.142 0.275 0.044 0.450 0.089 
487    (0)   :  0.290 0.192 0.036 0.275 0.207 
488    (0)   :  0.121 0.351 0.033 0.348 0.147 
489    (0)   :  0.288 0.111 0.028 0.357 0.216 
490    (0)   :  0.081 0.581 0.060 0.219 0.059 
491    (0)   :  0.100 0.133 0.033 0.553 0.181 
492    (0)   :  0.051 0.277 0.035 0.311 0.325 
493    (0)   :  0.247 0.167 0.023 0.466 0.097 
494    (0)   :  0.311 0.142 0.038 0.358 0.151 
495    (0)   :  0.112 0.412 0.035 0.214 0.227 
496    (0)   :  0.060 0.168 0.054 0.249 0.470 
497    (0)   :  0.222 0.171 0.029 0.364 0.215 
498    (0)   :  0.108 0.389 0.051 0.335 0.117 
499    (0)   :  0.252 0.110 0.029 0.261 0.347 
500    (0)   :  0.527 0.108 0.031 0.238 0.096 
501    (0)   :  0.313 0.198 0.040 0.169 0.279 
502    (0)   :  0.116 0.341 0.046 0.164 0.333 
503    (0)   :  0.487 0.178 0.081 0.183 0.071 
504    (0)   :  0.047 0.601 0.043 0.222 0.087 
505    (0)   :  0.082 0.114 0.031 0.643 0.131 
506    (0)   :  0.085 0.339 0.043 0.252 0.281 
507    (0)   :  0.038 0.060 0.026 0.184 0.693 
508    (0)   :  0.063 0.082 0.021 0.257 0.577 
509    (0)   :  0.067 0.112 0.034 0.558 0.228 
510    (0)   :  0.439 0.118 0.026 0.143 0.274 
511    (0)   :  0.259 0.263 0.128 0.263 0.087 
512    (0)   :  0.470 0.311 0.058 0.105 0.055 
513    (0)   :  0.029 0.201 0.019 0.672 0.079 
514    (0)   :  0.052 0.596 0.046 0.178 0.128 
515    (0)   :  0.150 0.117 0.270 0.248 0.214 
516    (0)   :  0.046 0.417 0.043 0.385 0.109 
517    (0)   :  0.055 0.247 0.180 0.290 0.228 
518    (0)   :  0.417 0.108 0.030 0.156 0.289 
519    (0)   :  0.041 0.629 0.055 0.141 0.134 
520    (0)   :  0.059 0.082 0.215 0.291 0.353 
521    (0)   :  0.040 0.288 0.046 0.189 0.438 
522    (0)   :  0.383 0.134 0.076 0.335 0.073 
523    (0)   :  0.035 0.208 0.094 0.363 0.300 
524    (0)   :  0.081 0.163 0.335 0.262 0.160 
525    (0)   :  0.338 0.093 0.084 0.186 0.299 
526    (0)   :  0.033 0.073 0.515 0.256 0.123 
527    (0)   :  0.472 0.275 0.033 0.138 0.081 
528    (0)   :  0.045 0.112 0.029 0.243 0.570 
529    (0)   :  0.177 0.213 0.047 0.352 0.211 
530    (0)   :  0.307 0.141 0.101 0.320 0.131 
531    (0)   :  0.099 0.136 0.114 0.179 0.473 
532    (0)   :  0.311 0.164 0.028 0.215 0.282 
533    (0)   :  0.373 0.122 0.073 0.326 0.105 
534    (0)   :  0.092 0.146 0.028 0.585 0.149 
535    (0)   :  0.043 0.275 0.196 0.364 0.123 
536    (0)   :  0.072 0.138 0.273 0.247 0.271 
537    (0)   :  0.055 0.105 0.056 0.356 0.429 
538    (0)   :  0.057 0.117 0.052 0.523 0.251 
539    (0)   :  0.049 0.070 0.023 0.188 0.670 
540    (0)   :  0.084 0.111 0.074 0.426 0.305 
541    (0)   :  0.070 0.132 0.081 0.138 0.579 
542    (0)   :  0.049 0.079 0.336 0.447 0.090 
543    (0)   :  0.033 0.243 0.092 0.350 0.283 
544    (0)   :  0.046 0.099 0.092 0.630 0.134 
545    (0)   :  0.032 0.115 0.429 0.358 0.065 
546    (0)   :  0.055 0.108 0.085 0.543 0.210 
547    (0)   :  0.030 0.123 0.126 0.446 0.276 
548    (0)   :  0.079 0.115 0.025 0.474 0.307 
549    (0)   :  0.036 0.068 0.279 0.093 0.524 
550    (0)   :  0.045 0.159 0.350 0.331 0.114 
551    (0)   :  0.046 0.097 0.073 0.099 0.685 
552    (0)   :  0.066 0.076 0.039 0.594 0.224 
553    (0)   :  0.028 0.142 0.061 0.487 0.282 
554    (0)   :  0.189 0.270 0.071 0.224 0.245 
555    (0)   :  0.050 0.098 0.036 0.431 0.386 
556    (0)   :  0.053 0.121 0.050 0.554 0.223 
557    (0)   :  0.035 0.152 0.506 0.129 0.178 
558    (0)   :  0.083 0.205 0.620 0.041 0.051 
559    (0)   :  0.061 0.518 0.042 0.288 0.092 
560    (0)   :  0.032 0.533 0.324 0.071 0.039 
561    (0)   :  0.084 0.476 0.204 0.180 0.057 
562    (0)   :  0.096 0.557 0.082 0.225 0.040 
563    (0)   :  0.039 0.506 0.109 0.096 0.250 
564    (0)   :  0.094 0.280 0.038 0.493 0.095 
565    (0)   :  0.098 0.131 0.648 0.060 0.062 
566    (0)   :  0.053 0.738 0.096 0.071 0.041 
567    (0)   :  0.085 0.294 0.030 0.531 0.060 
568    (0)   :  0.044 0.502 0.158 0.204 0.093 
569    (0)   :  0.159 0.441 0.080 0.233 0.087 
570    (0)   :  0.404 0.366 0.128 0.058 0.044 
571    (0)   :  0.037 0.752 0.057 0.088 0.066 
572    (0)   :  0.065 0.136 0.106 0.460 0.233 
573    (0)   :  0.069 0.326 0.124 0.382 0.099 
574    (0)   :  0.367 0.227 0.079 0.124 0.203 
575    (0)   :  0.049 0.534 0.094 0.149 0.173 
576    (0)   :  0.063 0.765 0.064 0.066 0.042 
577    (0)   :  0.282 0.346 0.070 0.110 0.192 
578    (0)   :  0.060 0.645 0.112 0.112 0.071 
579    (0)   :  0.102 0.497 0.150 0.183 0.068 
580    (0)   :  0.223 0.323 0.232 0.101 0.120 
581    (0)   :  0.092 0.498 0.246 0.078 0.087 
582    (0)   :  0.100 0.319 0.446 0.088 0.047 
583    (0)   :  0.126 0.687 0.045 0.076 0.066 
584    (0)   :  0.073 0.749 0.063 0.064 0.050 
585    (0)   :  0.090 0.592 0.142 0.115 0.062 
586    (0)   :  0.036 0.688 0.048 0.142 0.086 
587    (0)   :  0.286 0.315 0.096 0.255 0.048 
588    (0)   :  0.031 0.078 0.021 0.811 0.059 
589    (0)   :  0.195 0.293 0.257 0.202 0.053 
590    (0)   :  0.074 0.668 0.031 0.166 0.061 
591    (0)   :  0.040 0.740 0.052 0.094 0.074 
592    (0)   :  0.053 0.421 0.108 0.363 0.054 
593    (0)   :  0.066 0.495 0.144 0.176 0.118 
594    (0)   :  0.088 0.582 0.049 0.124 0.157 
595    (0)   :  0.563 0.243 0.032 0.119 0.043 
596    (0)   :  0.068 0.205 0.088 0.555 0.084 
597    (0)   :  0.028 0.570 0.041 0.112 0.250 
598    (0)   :  0.417 0.270 0.216 0.048 0.048 
599    (0)   :  0.065 0.677 0.068 0.146 0.044 
600    (0)   :  0.154 0.253 0.298 0.151 0.144 
601    (0)   :  0.064 0.551 0.211 0.125 0.048 
602    (0)   :  0.115 0.274 0.049 0.332 0.231 
603    (0)   :  0.076 0.364 0.040 0.313 0.207 
604    (0)   :  0.178 0.137 0.373 0.151 0.161 
605    (0)   :  0.082 0.415 0.150 0.264 0.089 
606    (0)   :  0.155 0.194 0.074 0.353 0.223 
607    (0)   :  0.223 0.209 0.095 0.142 0.331 
608    (0)   :  0.062 0.193 0.124 0.089 0.531 
609    (0)   :  0.222 0.316 0.209 0.133 0.120 
610    (0)   :  0.064 0.121 0.561 0.172 0.082 
611    (0)   :  0.070 0.299 0.064 0.369 0.198 
612    (0)   :  0.126 0.113 0.616 0.073 0.071 
613    (0)   :  0.312 0.232 0.089 0.255 0.112 
614    (0)   :  0.653 0.086 0.111 0.096 0.054 
615    (0)   :  0.262 0.099 0.375 0.140 0.125 
616    (0)   :  0.241 0.304 0.056 0.159 0.241 
617    (0)   :  0.389 0.224 0.081 0.240 0.066 
618    (0)   :  0.158 0.081 0.380 0.153 0.228 
619    (0)   :  0.053 0.334 0.158 0.277 0.179 
620    (0)   :  0.037 0.444 0.077 0.399 0.043 
621    (0)   :  0.115 0.670 0.076 0.070 0.069 
622    (0)   :  0.278 0.118 0.146 0.323 0.135 
623    (0)   :  0.090 0.496 0.068 0.270 0.075 
624    (0)   :  0.099 0.114 0.467 0.080 0.240 
625    (0)   :  0.415 0.223 0.079 0.106 0.177 
626    (0)   :  0.071 0.059 0.269 0.159 0.443 
627    (0)   :  0.112 0.459 0.084 0.237 0.108 
628    (0)   :  0.108 0.408 0.052 0.333 0.099 
629    (0)   :  0.278 0.302 0.045 0.254 0.121 
630    (0)   :  0.304 0.218 0.245 0.140 0.092 
631    (0)   :  0.384 0.256 0.089 0.166 0.106 
632    (0)   :  0.120 0.105 0.052 0.427 0.296 
633    (0)   :  0.233 0.234 0.216 0.128 0.190 
634    (0)   :  0.119 0.278 0.092 0.255 0.256 
635    (0)   :  0.131 0.119 0.068 0.161 0.521 
636    (0)   :  0.197 0.215 0.167 0.137 0.284 
637    (0)   :  0.089 0.128 0.097 0.555 0.130 
638    (0)   :  0.198 0.333 0.056 0.228 0.185 
639    (0)   :  0.407 0.154 0.124 0.162 0.152 
640    (0)   :  0.076 0.694 0.056 0.079 0.094 
641    (0)   :  0.423 0.221 0.044 0.197 0.115 
642    (0)   :  0.043 0.117 0.076 0.181 0.583 
643    (0)   :  0.032 0.094 0.040 0.066 0.767 
644    (0)   :  0.042 0.159 0.039 0.132 0.628 
645    (0)   :  0.061 0.051 0.269 0.114 0.505 
646    (0)   :  0.054 0.226 0.087 0.443 0.190 
647    (0)   :  0.046 0.235 0.057 0.174 0.488 
648    (0)   :  0.263 0.080 0.038 0.353 0.266 
649    (0)   :  0.039 0.153 0.039 0.552 0.216 
650    (0)   :  0.041 0.278 0.046 0.381 0.253 
651    (0)   :  0.086 0.220 0.028 0.207 0.459 
652    (0)   :  0.046 0.138 0.046 0.151 0.619 
653    (0)   :  0.165 0.085 0.061 0.249 0.439 
654    (0)   :  0.052 0.089 0.049 0.344 0.466 
655    (0)   :  0.029 0.278 0.066 0.093 0.534 
656    (0)   :  0.076 0.095 0.056 0.524 0.249 
657    (0)   :  0.318 0.168 0.104 0.141 0.269 
658    (0)   :  0.048 0.348 0.122 0.182 0.301 
659    (0)   :  0.100 0.107 0.050 0.247 0.496 
660    (0)   :  0.045 0.099 0.030 0.210 0.616 
661    (0)   :  0.046 0.082 0.077 0.248 0.547 
662    (0)   :  0.031 0.137 0.034 0.655 0.143 
663    (0)   :  0.073 0.131 0.036 0.249 0.512 
664    (0)   :  0.038 0.304 0.223 0.106 0.329 
665    (0)   :  0.042 0.123 0.030 0.629 0.175 
666    (0)   :  0.043 0.113 0.057 0.247 0.540 
667    (0)   :  0.072 0.273 0.064 0.429 0.161 
668    (0)   :  0.052 0.162 0.089 0.207 0.490 
669    (0)   :  0.125 0.131 0.039 0.375 0.329 
670    (0)   :  0.031 0.058 0.023 0.093 0.795 
671    (0)   :  0.032 0.091 0.033 0.154 0.690 
672    (0)   :  0.025 0.151 0.070 0.075 0.679 
673    (0)   :  0.040 0.049 0.021 0.048 0.841 
674    (0)   :  0.058 0.073 0.037 0.127 0.705 
675    (0)   :  0.028 0.099 0.024 0.071 0.777 
676    (0)   :  0.030 0.049 0.022 0.051 0.848 
677    (0)   :  0.026 0.051 0.024 0.197 0.702 
678    (0)   :  0.041 0.055 0.022 0.043 0.839 
679    (0)   :  0.067 0.075 0.031 0.066 0.760 
680    (0)   :  0.049 0.056 0.039 0.086 0.770 
681    (0)   :  0.091 0.093 0.104 0.383 0.328 
682    (0)   :  0.040 0.057 0.042 0.064 0.798 
683    (0)   :  0.029 0.053 0.023 0.086 0.809 
684    (0)   :  0.037 0.056 0.022 0.049 0.837 
685    (0)   :  0.026 0.047 0.021 0.054 0.852 
686    (0)   :  0.037 0.062 0.045 0.185 0.671 
687    (0)   :  0.031 0.086 0.029 0.182 0.672 
688    (0)   :  0.030 0.074 0.029 0.071 0.796 
689    (0)   :  0.030 0.047 0.021 0.054 0.849 
690    (0)   :  0.029 0.049 0.022 0.050 0.849 
691    (0)   :  0.056 0.071 0.031 0.085 0.757 
692    (0)   :  0.048 0.074 0.027 0.060 0.792 
693    (0)   :  0.030 0.084 0.041 0.054 0.791 
694    (0)   :  0.024 0.046 0.020 0.055 0.855 
695    (0)   :  0.030 0.058 0.036 0.072 0.803 
696    (0)   :  0.030 0.074 0.029 0.070 0.796 
697    (0)   :  0.031 0.047 0.023 0.067 0.831 
698    (0)   :  0.029 0.049 0.022 0.056 0.843 
699    (0)   :  0.027 0.055 0.037 0.134 0.747 
700    (0)   :  0.027 0.069 0.100 0.086 0.718 
701    (0)   :  0.097 0.070 0.043 0.086 0.705 
702    (0)   :  0.037 0.083 0.062 0.114 0.704 
703    (0)   :  0.040 0.056 0.043 0.072 0.789 
704    (0)   :  0.027 0.068 0.029 0.087 0.790 
705    (0)   :  0.058 0.082 0.094 0.316 0.450 
706    (0)   :  0.038 0.053 0.039 0.085 0.785 
707    (0)   :  0.038 0.048 0.023 0.082 0.810 
708    (0)   :  0.031 0.049 0.022 0.070 0.828 
709    (0)   :  0.025 0.051 0.032 0.074 0.818 
710    (0)   :  0.026 0.046 0.021 0.053 0.854 
711    (0)   :  0.035 0.052 0.040 0.151 0.722 
712    (0)   :  0.025 0.045 0.022 0.139 0.770 
713    (0)   :  0.027 0.072 0.026 0.078 0.798 
714    (0)   :  0.071 0.078 0.034 0.104 0.714 
715    (0)   :  0.024 0.045 0.022 0.083 0.826 
716    (0)   :  0.033 0.052 0.041 0.068 0.807 
717    (0)   :  0.025 0.044 0.022 0.062 0.847 
718    (0)   :  0.041 0.056 0.038 0.156 0.708 
719    (0)   :  0.024 0.050 0.022 0.072 0.831 
720    (0)   :  0.147 0.579 0.059 0.140 0.075 
721    (0)   :  0.140 0.120 0.068 0.100 0.572 
722    (0)   :  0.393 0.245 0.074 0.160 0.128 
723    (0)   :  0.651 0.136 0.038 0.081 0.094 
724    (0)   :  0.495 0.151 0.051 0.089 0.214 
725    (0)   :  0.142 0.322 0.036 0.200 0.300 
726    (0)   :  0.432 0.136 0.056 0.225 0.152 
727    (0)   :  0.170 0.156 0.039 0.357 0.278 
728    (0)   :  0.729 0.075 0.094 0.062 0.040 
729    (0)   :  0.718 0.107 0.069 0.060 0.046 
730    (0)   :  0.475 0.302 0.042 0.106 0.074 
731    (0)   :  0.536 0.163 0.106 0.082 0.113 
732    (0)   :  0.648 0.140 0.036 0.083 0.093 
733    (0)   :  0.723 0.111 0.047 0.056 0.064 
734    (0)   :  0.546 0.277 0.074 0.059 0.044 
735    (0)   :  0.756 0.083 0.048 0.047 0.066 
736    (0)   :  0.213 0.533 0.099 0.072 0.082 
737    (0)   :  0.455 0.217 0.059 0.179 0.089 
738    (0)   :  0.611 0.191 0.039 0.082 0.077 
739    (0)   :  0.714 0.118 0.054 0.053 0.060 
740    (0)   :  0.205 0.069 0.027 0.079 0.620 
741    (0)   :  0.152 0.114 0.054 0.136 0.544 
742    (0)   :  0.069 0.654 0.040 0.053 0.185 
743    (0)   :  0.337 0.332 0.034 0.137 0.159 
744    (0)   :  0.054 0.341 0.055 0.391 0.159 
745    (0)   :  0.095 0.627 0.062 0.151 0.066 
746    (0)   :  0.244 0.255 0.039 0.155 0.306 
747    (0)   :  0.152 0.458 0.027 0.218 0.145 
748    (0)   :  0.044 0.301 0.040 0.091 0.524 
749    (0)   :  0.091 0.305 0.063 0.281 0.259 
750    (0)   :  0.172 0.379 0.033 0.262 0.154 
751    (0)   :  0.066 0.285 0.037 0.122 0.490 
752    (0)   :  0.141 0.417 0.037 0.240 0.166 
753    (0)   :  0.328 0.203 0.045 0.169 0.256 
754    (0)   :  0.241 0.165 0.026 0.103 0.464 
755    (0)   :  0.353 0.232 0.028 0.122 0.266 
756    (0)   :  0.031 0.527 0.038 0.103 0.301 
757    (0)   :  0.086 0.522 0.030 0.103 0.259 
758    (0)   :  0.074 0.671 0.037 0.150 0.069 
759    (0)   :  0.219 0.140 0.029 0.133 0.479 
760    (0)   :  0.505 0.223 0.047 0.081 0.145 
761    (0)   :  0.485 0.087 0.030 0.126 0.272 
762    (0)   :  0.529 0.281 0.049 0.058 0.083 
763    (0)   :  0.333 0.200 0.044 0.169 0.253 
764    (0)   :  0.143 0.524 0.032 0.121 0.180 
765    (0)   :  0.557 0.174 0.030 0.144 0.095 
766    (0)   :  0.096 0.415 0.027 0.101 0.361 
767    (0)   :  0.047 0.447 0.066 0.112 0.329 
768    (0)   :  0.592 0.222 0.042 0.061 0.083 
769    (0)   :  0.391 0.165 0.058 0.083 0.303 
770    (0)   :  0.347 0.456 0.048 0.077 0.072 
771    (0)   :  0.062 0.138 0.036 0.534 0.230 
772    (0)   :  0.096 0.367 0.053 0.129 0.355 
773    (0)   :  0.266 0.420 0.025 0.132 0.157 
774    (0)   :  0.194 0.139 0.022 0.162 0.483 
775    (0)   :  0.320 0.334 0.126 0.067 0.152 
776    (0)   :  0.051 0.728 0.035 0.095 0.091 
777    (0)   :  0.106 0.340 0.047 0.321 0.186 
778    (0)   :  0.119 0.254 0.024 0.321 0.282 
779    (0)   :  0.151 0.447 0.039 0.113 0.251 
780    (0)   :  0.081 0.276 0.040 0.116 0.487 
781    (0)   :  0.090 0.096 0.023 0.580 0.211 
782    (0)   :  0.150 0.449 0.040 0.112 0.248 
783    (0)   :  0.142 0.438 0.032 0.091 0.297 
784    (0)   :  0.101 0.611 0.049 0.092 0.146 
785    (0)   :  0.185 0.392 0.031 0.125 0.268 
786    (0)   :  0.095 0.307 0.029 0.087 0.483 
787    (0)   :  0.038 0.210 0.027 0.184 0.541 
788    (0)   :  0.243 0.422 0.053 0.116 0.166 
789    (0)   :  0.076 0.634 0.053 0.073 0.165 
790    (0)   :  0.274 0.226 0.038 0.085 0.377 
791    (0)   :  0.072 0.549 0.037 0.095 0.247 
792    (0)   :  0.064 0.164 0.031 0.260 0.482 
793    (0)   :  0.087 0.099 0.105 0.206 0.504 
794    (0)   :  0.093 0.399 0.064 0.171 0.274 
795    (0)   :  0.116 0.105 0.072 0.129 0.579 
796    (0)   :  0.029 0.524 0.066 0.093 0.289 
797    (0)   :  0.052 0.087 0.056 0.204 0.600 
798    (0)   :  0.027 0.121 0.690 0.114 0.048 
799    (0)   :  0.044 0.606 0.068 0.154 0.128 
800    (0)   :  0.025 0.140 0.030 0.194 0.611 
801    (0)   :  0.036 0.139 0.602 0.129 0.095 
802    (0)   :  0.058 0.111 0.313 0.202 0.316 
803    (0)   :  0.075 0.130 0.086 0.188 0.522 
804    (0)   :  0.047 0.183 0.131 0.463 0.176 
805    (0)   :  0.027 0.087 0.040 0.068 0.779 
806    (0)   :  0.062 0.092 0.444 0.242 0.161 
807    (0)   :  0.041 0.061 0.042 0.193 0.664 
808    (0)   :  0.036 0.107 0.051 0.370 0.435 
809    (0)   :  0.032 0.107 0.417 0.328 0.114 
810    (0)   :  0.133 0.217 0.145 0.204 0.301 
