

----------------------------------------------------
STRUCTURE by Pritchard, Stephens and Donnelly (2000)
     and Falush, Stephens and Pritchard (2003)
       Code by Pritchard, Falush and Hubisz
             Version 2.3.4 (Jul 2012)
----------------------------------------------------



Command line arguments:   ./structure -K 10 -D 110005 -m brooktrout/mainparams -e brooktrout/extraparams -o brooktrout/250914_output/results_K10_rep5 
Input File:    brooktrout/brooktrout.txt

Run parameters:
   8454 individuals
   5 loci
   10 populations assumed
   50000 Burn-in period
   100000 Reps
RANDOMIZE turned off


--------------------------------------------
Overall proportion of membership of the
sample in each of the 10 clusters

Inferred Clusters
  1      2      3      4      5      6      7      8      9     10    
0.008  0.009  0.031  0.054  0.116  0.137  0.162  0.159  0.160  0.165  

--------------------------------------------

Allele-freq. divergence among pops (Net nucleotide distance),
computed using point estimates of P.

      1       2       3       4       5       6       7       8       9      10      
 1      -    0.1321  0.1427  0.1414  0.1241  0.1298  0.1351  0.1142  0.1421  0.1450  
 2   0.1321     -    0.1879  0.2063  0.1738  0.1923  0.1799  0.1822  0.1784  0.1611  
 3   0.1427  0.1879     -    0.2123  0.0812  0.1400  0.1652  0.1042  0.1679  0.2201  
 4   0.1414  0.2063  0.2123     -    0.1709  0.1426  0.1976  0.1484  0.1444  0.2392  
 5   0.1241  0.1738  0.0812  0.1709     -    0.1038  0.1127  0.0838  0.1621  0.1842  
 6   0.1298  0.1923  0.1400  0.1426  0.1038     -    0.1769  0.0865  0.1355  0.2264  
 7   0.1351  0.1799  0.1652  0.1976  0.1127  0.1769     -    0.1499  0.1109  0.0813  
 8   0.1142  0.1822  0.1042  0.1484  0.0838  0.0865  0.1499     -    0.1281  0.1992  
 9   0.1421  0.1784  0.1679  0.1444  0.1621  0.1355  0.1109  0.1281     -    0.1492  
10   0.1450  0.1611  0.2201  0.2392  0.1842  0.2264  0.0813  0.1992  0.1492     -    

Average distances (expected heterozygosity) between individuals in same cluster:
cluster  1  : 0.8301 
cluster  2  : 0.7699 
cluster  3  : 0.7252 
cluster  4  : 0.7408 
cluster  5  : 0.7212 
cluster  6  : 0.7390 
cluster  7  : 0.7143 
cluster  8  : 0.7284 
cluster  9  : 0.7668 
cluster 10  : 0.6841 

--------------------------------------------
Estimated Ln Prob of Data   = -210475.7
Mean value of ln likelihood = -172621.5
Variance of ln likelihood   = 75708.4

Mean value of alpha_1       = 0.0464
Mean value of alpha_2       = 0.0520
Mean value of alpha_3       = 0.1767
Mean value of alpha_4       = 0.3189
Mean value of alpha_5       = 0.6899
Mean value of alpha_6       = 0.8026
Mean value of alpha_7       = 0.9678
Mean value of alpha_8       = 0.9364
Mean value of alpha_9       = 0.9494
Mean value of alpha_10       = 0.9643
Allele frequencies uncorrelated


Inferred ancestry of individuals:
     (%Miss) :  Inferred clusters
  1    (0)   :  0.005 0.009 0.021 0.039 0.241 0.086 0.209 0.128 0.117 0.146 
  2    (0)   :  0.004 0.004 0.021 0.070 0.070 0.111 0.126 0.182 0.302 0.110 
  3    (0)   :  0.006 0.005 0.045 0.023 0.109 0.102 0.217 0.246 0.128 0.120 
  4    (0)   :  0.012 0.015 0.030 0.034 0.069 0.100 0.210 0.111 0.122 0.297 
  5    (0)   :  0.005 0.007 0.022 0.096 0.081 0.113 0.110 0.212 0.239 0.114 
  6    (0)   :  0.006 0.005 0.053 0.028 0.119 0.125 0.089 0.321 0.112 0.143 
  7    (0)   :  0.005 0.005 0.019 0.040 0.125 0.294 0.111 0.215 0.089 0.097 
  8    (0)   :  0.018 0.113 0.034 0.033 0.087 0.118 0.172 0.172 0.098 0.154 
  9    (0)   :  0.008 0.005 0.036 0.059 0.103 0.108 0.188 0.202 0.177 0.115 
 10    (0)   :  0.006 0.084 0.022 0.040 0.136 0.121 0.130 0.236 0.086 0.138 
 11    (0)   :  0.004 0.004 0.020 0.059 0.265 0.180 0.121 0.176 0.086 0.086 
 12    (0)   :  0.005 0.004 0.023 0.062 0.079 0.115 0.120 0.198 0.231 0.163 
 13    (0)   :  0.006 0.005 0.021 0.050 0.095 0.145 0.173 0.229 0.151 0.126 
 14    (0)   :  0.004 0.012 0.028 0.031 0.098 0.076 0.164 0.187 0.263 0.136 
 15    (0)   :  0.005 0.005 0.034 0.037 0.092 0.123 0.171 0.148 0.154 0.231 
 16    (0)   :  0.004 0.004 0.023 0.046 0.199 0.117 0.181 0.229 0.095 0.103 
 17    (0)   :  0.008 0.005 0.031 0.057 0.092 0.091 0.138 0.272 0.162 0.144 
 18    (0)   :  0.008 0.006 0.039 0.030 0.120 0.088 0.137 0.184 0.212 0.178 
 19    (0)   :  0.005 0.004 0.043 0.042 0.113 0.125 0.132 0.298 0.110 0.129 
 20    (0)   :  0.005 0.004 0.034 0.061 0.096 0.189 0.126 0.168 0.158 0.158 
 21    (0)   :  0.004 0.008 0.020 0.032 0.138 0.086 0.179 0.131 0.190 0.211 
 22    (0)   :  0.007 0.004 0.045 0.028 0.113 0.089 0.175 0.295 0.111 0.132 
 23    (0)   :  0.007 0.011 0.033 0.047 0.074 0.090 0.272 0.135 0.191 0.140 
 24    (0)   :  0.004 0.004 0.020 0.040 0.189 0.099 0.262 0.130 0.099 0.153 
 25    (0)   :  0.005 0.005 0.031 0.050 0.090 0.155 0.097 0.333 0.151 0.085 
 26    (0)   :  0.006 0.004 0.029 0.043 0.123 0.105 0.151 0.177 0.158 0.203 
 27    (0)   :  0.005 0.005 0.021 0.046 0.129 0.094 0.159 0.242 0.158 0.142 
 28    (0)   :  0.005 0.017 0.020 0.030 0.155 0.136 0.124 0.121 0.124 0.269 
 29    (0)   :  0.004 0.004 0.018 0.070 0.105 0.175 0.188 0.175 0.159 0.103 
 30    (0)   :  0.005 0.004 0.042 0.034 0.159 0.088 0.178 0.240 0.143 0.108 
 31    (0)   :  0.013 0.095 0.022 0.055 0.127 0.138 0.133 0.137 0.173 0.108 
 32    (0)   :  0.004 0.009 0.042 0.030 0.074 0.090 0.167 0.261 0.149 0.174 
 33    (0)   :  0.005 0.004 0.029 0.030 0.109 0.140 0.245 0.203 0.120 0.115 
 34    (0)   :  0.006 0.097 0.030 0.078 0.086 0.179 0.091 0.253 0.080 0.100 
 35    (0)   :  0.009 0.004 0.031 0.070 0.093 0.085 0.167 0.209 0.245 0.087 
 36    (0)   :  0.004 0.007 0.059 0.028 0.223 0.084 0.233 0.098 0.180 0.084 
 37    (0)   :  0.006 0.005 0.019 0.026 0.080 0.093 0.273 0.173 0.180 0.145 
 38    (0)   :  0.005 0.004 0.161 0.061 0.168 0.157 0.124 0.122 0.124 0.074 
 39    (0)   :  0.007 0.004 0.030 0.051 0.147 0.151 0.131 0.167 0.198 0.113 
 40    (0)   :  0.004 0.005 0.026 0.031 0.091 0.071 0.341 0.140 0.195 0.097 
 41    (0)   :  0.007 0.008 0.031 0.051 0.130 0.134 0.269 0.154 0.146 0.070 
 42    (0)   :  0.004 0.004 0.034 0.039 0.163 0.074 0.380 0.080 0.111 0.111 
 43    (0)   :  0.007 0.009 0.018 0.038 0.068 0.100 0.297 0.143 0.223 0.098 
 44    (0)   :  0.006 0.004 0.029 0.033 0.068 0.085 0.216 0.187 0.302 0.070 
 45    (0)   :  0.005 0.004 0.037 0.053 0.215 0.099 0.152 0.101 0.260 0.074 
 46    (0)   :  0.008 0.004 0.038 0.041 0.093 0.111 0.106 0.259 0.224 0.117 
 47    (0)   :  0.014 0.009 0.038 0.054 0.101 0.098 0.190 0.222 0.151 0.122 
 48    (0)   :  0.008 0.004 0.034 0.040 0.061 0.071 0.212 0.169 0.326 0.075 
 49    (0)   :  0.008 0.004 0.023 0.075 0.142 0.090 0.207 0.149 0.196 0.104 
 50    (0)   :  0.009 0.028 0.040 0.045 0.102 0.160 0.093 0.268 0.144 0.110 
 51    (0)   :  0.004 0.007 0.051 0.036 0.156 0.078 0.274 0.080 0.244 0.071 
 52    (0)   :  0.008 0.004 0.023 0.057 0.165 0.153 0.159 0.167 0.139 0.124 
 53    (0)   :  0.007 0.011 0.067 0.029 0.156 0.132 0.173 0.193 0.125 0.107 
 54    (0)   :  0.008 0.005 0.019 0.054 0.080 0.096 0.188 0.150 0.279 0.122 
 55    (0)   :  0.006 0.004 0.019 0.038 0.063 0.084 0.168 0.131 0.390 0.097 
 56    (0)   :  0.006 0.004 0.040 0.057 0.095 0.075 0.206 0.152 0.259 0.107 
 57    (0)   :  0.011 0.009 0.027 0.057 0.112 0.106 0.145 0.208 0.085 0.239 
 58    (0)   :  0.005 0.004 0.023 0.055 0.143 0.097 0.225 0.109 0.244 0.095 
 59    (0)   :  0.005 0.004 0.058 0.100 0.174 0.094 0.182 0.104 0.183 0.094 
 60    (0)   :  0.004 0.009 0.030 0.027 0.117 0.090 0.257 0.097 0.219 0.150 
 61    (0)   :  0.004 0.004 0.013 0.034 0.066 0.079 0.191 0.088 0.388 0.133 
 62    (0)   :  0.008 0.004 0.027 0.156 0.116 0.114 0.110 0.155 0.170 0.139 
 63    (0)   :  0.004 0.004 0.019 0.030 0.096 0.154 0.251 0.130 0.197 0.114 
 64    (0)   :  0.006 0.004 0.048 0.061 0.154 0.102 0.133 0.241 0.164 0.089 
 65    (0)   :  0.005 0.004 0.020 0.050 0.085 0.215 0.097 0.241 0.200 0.082 
 66    (0)   :  0.005 0.010 0.018 0.043 0.087 0.137 0.196 0.121 0.211 0.174 
 67    (0)   :  0.005 0.004 0.017 0.036 0.065 0.091 0.157 0.144 0.396 0.086 
 68    (0)   :  0.005 0.004 0.054 0.079 0.186 0.090 0.198 0.095 0.181 0.106 
 69    (0)   :  0.006 0.181 0.098 0.077 0.153 0.085 0.093 0.109 0.105 0.092 
 70    (0)   :  0.004 0.011 0.032 0.031 0.123 0.175 0.278 0.105 0.144 0.097 
 71    (0)   :  0.005 0.007 0.055 0.096 0.176 0.107 0.135 0.107 0.239 0.073 
 72    (0)   :  0.005 0.007 0.032 0.028 0.216 0.096 0.183 0.188 0.165 0.079 
 73    (0)   :  0.005 0.007 0.022 0.101 0.095 0.115 0.154 0.108 0.309 0.082 
 74    (0)   :  0.004 0.004 0.057 0.026 0.191 0.075 0.284 0.093 0.163 0.101 
 75    (0)   :  0.005 0.008 0.036 0.034 0.169 0.065 0.328 0.081 0.160 0.114 
 76    (0)   :  0.005 0.004 0.017 0.026 0.077 0.165 0.178 0.168 0.267 0.092 
 77    (0)   :  0.005 0.004 0.049 0.059 0.176 0.160 0.194 0.115 0.170 0.068 
 78    (0)   :  0.005 0.005 0.136 0.064 0.146 0.144 0.194 0.113 0.124 0.069 
 79    (0)   :  0.004 0.004 0.018 0.037 0.132 0.203 0.130 0.242 0.123 0.106 
 80    (0)   :  0.004 0.005 0.016 0.026 0.077 0.137 0.249 0.095 0.108 0.283 
 81    (0)   :  0.005 0.005 0.016 0.024 0.104 0.182 0.176 0.107 0.104 0.276 
 82    (0)   :  0.004 0.004 0.016 0.061 0.086 0.116 0.232 0.140 0.207 0.134 
 83    (0)   :  0.004 0.005 0.027 0.023 0.101 0.189 0.171 0.126 0.137 0.216 
 84    (0)   :  0.004 0.004 0.017 0.026 0.116 0.189 0.162 0.174 0.105 0.203 
 85    (0)   :  0.004 0.005 0.029 0.027 0.128 0.109 0.189 0.173 0.117 0.218 
 86    (0)   :  0.006 0.004 0.023 0.056 0.087 0.107 0.112 0.192 0.307 0.106 
 87    (0)   :  0.005 0.010 0.027 0.032 0.113 0.299 0.148 0.130 0.126 0.111 
 88    (0)   :  0.004 0.005 0.016 0.031 0.106 0.159 0.253 0.123 0.130 0.173 
 89    (0)   :  0.005 0.010 0.016 0.026 0.108 0.134 0.243 0.122 0.122 0.214 
 90    (0)   :  0.004 0.004 0.016 0.035 0.102 0.271 0.141 0.170 0.132 0.126 
 91    (0)   :  0.004 0.005 0.028 0.023 0.106 0.108 0.238 0.119 0.110 0.259 
 92    (0)   :  0.004 0.004 0.017 0.037 0.130 0.161 0.183 0.180 0.143 0.141 
 93    (0)   :  0.004 0.019 0.014 0.027 0.082 0.075 0.211 0.100 0.095 0.372 
 94    (0)   :  0.004 0.005 0.033 0.023 0.131 0.372 0.122 0.109 0.097 0.103 
 95    (0)   :  0.004 0.004 0.015 0.029 0.085 0.268 0.197 0.118 0.121 0.159 
 96    (0)   :  0.004 0.005 0.013 0.032 0.066 0.084 0.288 0.088 0.278 0.142 
 97    (0)   :  0.005 0.004 0.036 0.033 0.187 0.067 0.262 0.086 0.189 0.129 
 98    (0)   :  0.004 0.004 0.019 0.039 0.111 0.099 0.275 0.167 0.196 0.087 
 99    (0)   :  0.004 0.005 0.016 0.028 0.109 0.207 0.154 0.170 0.112 0.195 
100    (0)   :  0.005 0.004 0.014 0.032 0.060 0.074 0.286 0.090 0.164 0.272 
101    (0)   :  0.005 0.032 0.029 0.034 0.112 0.192 0.206 0.130 0.141 0.118 
102    (0)   :  0.005 0.006 0.024 0.046 0.085 0.137 0.249 0.115 0.130 0.202 
103    (0)   :  0.005 0.021 0.016 0.038 0.069 0.160 0.117 0.135 0.267 0.173 
104    (0)   :  0.004 0.008 0.015 0.038 0.070 0.365 0.073 0.138 0.147 0.143 
105    (0)   :  0.005 0.019 0.015 0.096 0.072 0.210 0.098 0.125 0.183 0.177 
106    (0)   :  0.004 0.004 0.022 0.032 0.120 0.361 0.086 0.167 0.136 0.067 
107    (0)   :  0.006 0.013 0.018 0.054 0.073 0.226 0.114 0.129 0.202 0.166 
108    (0)   :  0.004 0.005 0.124 0.027 0.078 0.082 0.087 0.114 0.377 0.101 
109    (0)   :  0.005 0.008 0.032 0.167 0.133 0.179 0.082 0.148 0.172 0.073 
110    (0)   :  0.004 0.006 0.023 0.041 0.130 0.389 0.092 0.146 0.096 0.071 
111    (0)   :  0.007 0.007 0.018 0.080 0.071 0.338 0.083 0.130 0.152 0.114 
112    (0)   :  0.004 0.004 0.020 0.191 0.094 0.301 0.094 0.100 0.112 0.079 
113    (0)   :  0.005 0.008 0.031 0.045 0.109 0.108 0.131 0.150 0.294 0.120 
114    (0)   :  0.004 0.008 0.014 0.062 0.075 0.328 0.080 0.123 0.132 0.172 
115    (0)   :  0.005 0.005 0.021 0.084 0.067 0.230 0.154 0.155 0.190 0.090 
116    (0)   :  0.005 0.004 0.032 0.052 0.151 0.211 0.108 0.149 0.219 0.068 
117    (0)   :  0.006 0.009 0.023 0.099 0.147 0.273 0.131 0.150 0.089 0.074 
118    (0)   :  0.005 0.004 0.024 0.110 0.071 0.152 0.092 0.120 0.315 0.107 
119    (0)   :  0.004 0.006 0.021 0.023 0.072 0.135 0.287 0.105 0.204 0.142 
120    (0)   :  0.005 0.005 0.018 0.092 0.071 0.244 0.127 0.139 0.185 0.112 
121    (0)   :  0.009 0.014 0.024 0.151 0.091 0.196 0.132 0.135 0.174 0.074 
122    (0)   :  0.004 0.008 0.019 0.054 0.136 0.297 0.091 0.160 0.137 0.093 
123    (0)   :  0.005 0.008 0.024 0.045 0.090 0.316 0.100 0.124 0.166 0.123 
124    (0)   :  0.008 0.006 0.032 0.079 0.149 0.168 0.093 0.157 0.218 0.091 
125    (0)   :  0.005 0.006 0.039 0.100 0.245 0.134 0.141 0.156 0.099 0.075 
126    (0)   :  0.004 0.004 0.020 0.027 0.135 0.248 0.124 0.118 0.205 0.115 
127    (0)   :  0.005 0.005 0.016 0.060 0.057 0.383 0.087 0.101 0.168 0.118 
128    (0)   :  0.004 0.004 0.016 0.087 0.080 0.132 0.098 0.137 0.341 0.101 
129    (0)   :  0.005 0.019 0.016 0.055 0.067 0.230 0.086 0.143 0.294 0.084 
130    (0)   :  0.006 0.011 0.015 0.096 0.079 0.277 0.095 0.129 0.130 0.162 
131    (0)   :  0.008 0.016 0.074 0.072 0.183 0.186 0.092 0.147 0.149 0.071 
132    (0)   :  0.004 0.008 0.018 0.035 0.110 0.296 0.080 0.149 0.219 0.079 
133    (0)   :  0.007 0.011 0.021 0.035 0.073 0.247 0.097 0.149 0.235 0.124 
134    (0)   :  0.004 0.004 0.018 0.055 0.110 0.459 0.074 0.121 0.094 0.061 
135    (0)   :  0.005 0.004 0.017 0.053 0.083 0.064 0.203 0.074 0.193 0.303 
136    (0)   :  0.005 0.007 0.017 0.040 0.071 0.061 0.166 0.119 0.093 0.421 
137    (0)   :  0.004 0.009 0.016 0.058 0.078 0.073 0.251 0.088 0.077 0.347 
138    (0)   :  0.004 0.004 0.017 0.023 0.085 0.064 0.125 0.076 0.095 0.506 
139    (0)   :  0.004 0.008 0.018 0.038 0.088 0.069 0.145 0.103 0.287 0.240 
140    (0)   :  0.004 0.010 0.017 0.028 0.134 0.092 0.197 0.105 0.157 0.254 
141    (0)   :  0.005 0.022 0.021 0.038 0.106 0.066 0.129 0.130 0.116 0.368 
142    (0)   :  0.005 0.010 0.016 0.047 0.076 0.065 0.185 0.075 0.241 0.281 
143    (0)   :  0.004 0.004 0.014 0.023 0.062 0.059 0.245 0.075 0.089 0.425 
144    (0)   :  0.004 0.005 0.015 0.056 0.069 0.073 0.233 0.080 0.085 0.379 
145    (0)   :  0.005 0.008 0.021 0.046 0.104 0.066 0.193 0.136 0.129 0.292 
146    (0)   :  0.006 0.008 0.018 0.033 0.133 0.098 0.189 0.129 0.108 0.277 
147    (0)   :  0.004 0.007 0.015 0.025 0.069 0.060 0.196 0.082 0.076 0.467 
148    (0)   :  0.005 0.026 0.017 0.046 0.071 0.079 0.148 0.139 0.155 0.314 
149    (0)   :  0.005 0.147 0.017 0.033 0.102 0.061 0.207 0.082 0.147 0.199 
150    (0)   :  0.005 0.009 0.015 0.068 0.083 0.095 0.184 0.111 0.107 0.323 
151    (0)   :  0.004 0.004 0.014 0.028 0.074 0.074 0.198 0.092 0.104 0.408 
152    (0)   :  0.005 0.011 0.027 0.045 0.069 0.073 0.143 0.138 0.162 0.327 
153    (0)   :  0.004 0.008 0.017 0.026 0.115 0.075 0.167 0.089 0.109 0.389 
154    (0)   :  0.005 0.197 0.017 0.037 0.073 0.060 0.151 0.121 0.153 0.185 
155    (0)   :  0.004 0.004 0.013 0.024 0.062 0.078 0.111 0.089 0.096 0.517 
156    (0)   :  0.004 0.004 0.013 0.035 0.064 0.072 0.193 0.080 0.170 0.364 
157    (0)   :  0.004 0.007 0.014 0.023 0.078 0.128 0.152 0.109 0.081 0.402 
158    (0)   :  0.005 0.008 0.021 0.046 0.114 0.064 0.202 0.129 0.105 0.307 
159    (0)   :  0.005 0.075 0.015 0.031 0.069 0.060 0.209 0.083 0.086 0.367 
160    (0)   :  0.005 0.067 0.015 0.033 0.069 0.060 0.145 0.084 0.095 0.428 
161    (0)   :  0.004 0.008 0.017 0.027 0.122 0.075 0.340 0.102 0.100 0.206 
162    (0)   :  0.007 0.008 0.018 0.035 0.124 0.100 0.135 0.134 0.134 0.306 
163    (0)   :  0.004 0.005 0.013 0.024 0.068 0.072 0.140 0.081 0.111 0.482 
164    (0)   :  0.006 0.108 0.016 0.028 0.102 0.093 0.135 0.127 0.149 0.236 
165    (0)   :  0.005 0.005 0.015 0.067 0.078 0.092 0.186 0.098 0.098 0.357 
166    (0)   :  0.005 0.112 0.025 0.023 0.080 0.114 0.160 0.107 0.140 0.234 
167    (0)   :  0.007 0.228 0.018 0.030 0.070 0.075 0.098 0.137 0.091 0.246 
168    (0)   :  0.004 0.005 0.035 0.025 0.106 0.070 0.152 0.096 0.110 0.396 
169    (0)   :  0.005 0.008 0.038 0.049 0.210 0.063 0.166 0.124 0.095 0.242 
170    (0)   :  0.004 0.004 0.014 0.025 0.070 0.070 0.423 0.088 0.129 0.173 
171    (0)   :  0.004 0.007 0.026 0.028 0.087 0.071 0.155 0.144 0.147 0.330 
172    (0)   :  0.005 0.024 0.033 0.036 0.190 0.060 0.225 0.079 0.138 0.210 
173    (0)   :  0.005 0.007 0.014 0.031 0.062 0.061 0.123 0.084 0.110 0.503 
174    (0)   :  0.004 0.007 0.014 0.026 0.082 0.075 0.139 0.100 0.087 0.466 
175    (0)   :  0.004 0.004 0.018 0.028 0.062 0.061 0.284 0.116 0.087 0.336 
176    (0)   :  0.004 0.005 0.015 0.057 0.069 0.073 0.235 0.081 0.085 0.377 
177    (0)   :  0.004 0.008 0.018 0.026 0.125 0.132 0.137 0.112 0.091 0.346 
178    (0)   :  0.005 0.008 0.017 0.029 0.079 0.077 0.112 0.152 0.095 0.427 
179    (0)   :  0.004 0.013 0.015 0.022 0.065 0.061 0.121 0.085 0.090 0.523 
180    (0)   :  0.006 0.025 0.019 0.034 0.120 0.079 0.216 0.110 0.108 0.284 
181    (0)   :  0.005 0.008 0.017 0.037 0.097 0.065 0.227 0.091 0.143 0.310 
182    (0)   :  0.005 0.005 0.014 0.034 0.062 0.060 0.207 0.081 0.153 0.379 
183    (0)   :  0.004 0.007 0.015 0.025 0.065 0.062 0.182 0.085 0.099 0.457 
184    (0)   :  0.005 0.004 0.032 0.039 0.061 0.091 0.121 0.200 0.339 0.108 
185    (0)   :  0.004 0.004 0.014 0.034 0.056 0.053 0.175 0.068 0.164 0.427 
186    (0)   :  0.005 0.004 0.020 0.029 0.079 0.143 0.127 0.202 0.290 0.101 
187    (0)   :  0.004 0.005 0.021 0.029 0.063 0.090 0.124 0.123 0.264 0.278 
188    (0)   :  0.005 0.004 0.021 0.030 0.064 0.110 0.097 0.192 0.396 0.083 
189    (0)   :  0.004 0.005 0.039 0.025 0.105 0.083 0.198 0.168 0.176 0.196 
190    (0)   :  0.004 0.004 0.013 0.036 0.049 0.056 0.181 0.066 0.390 0.201 
191    (0)   :  0.004 0.004 0.018 0.045 0.068 0.087 0.115 0.153 0.353 0.153 
192    (0)   :  0.004 0.004 0.020 0.032 0.071 0.114 0.194 0.166 0.197 0.200 
193    (0)   :  0.004 0.004 0.019 0.050 0.082 0.088 0.196 0.160 0.217 0.179 
194    (0)   :  0.004 0.005 0.017 0.028 0.076 0.095 0.261 0.133 0.240 0.141 
195    (0)   :  0.004 0.004 0.014 0.024 0.059 0.058 0.170 0.076 0.315 0.275 
196    (0)   :  0.004 0.004 0.017 0.037 0.055 0.077 0.158 0.091 0.366 0.192 
197    (0)   :  0.005 0.005 0.028 0.039 0.079 0.125 0.101 0.181 0.215 0.222 
198    (0)   :  0.004 0.004 0.019 0.030 0.124 0.105 0.173 0.198 0.194 0.149 
199    (0)   :  0.004 0.004 0.020 0.040 0.065 0.078 0.272 0.086 0.305 0.127 
200    (0)   :  0.004 0.004 0.023 0.049 0.059 0.077 0.137 0.122 0.342 0.183 
201    (0)   :  0.004 0.004 0.016 0.027 0.056 0.066 0.129 0.093 0.223 0.381 
202    (0)   :  0.004 0.004 0.014 0.032 0.059 0.074 0.299 0.076 0.195 0.243 
203    (0)   :  0.004 0.004 0.015 0.036 0.049 0.067 0.123 0.086 0.242 0.375 
204    (0)   :  0.004 0.004 0.013 0.030 0.056 0.065 0.161 0.081 0.416 0.169 
205    (0)   :  0.004 0.004 0.021 0.032 0.070 0.082 0.140 0.108 0.395 0.144 
206    (0)   :  0.004 0.005 0.016 0.027 0.059 0.064 0.135 0.092 0.405 0.193 
207    (0)   :  0.004 0.004 0.015 0.048 0.054 0.086 0.170 0.094 0.415 0.110 
208    (0)   :  0.004 0.004 0.015 0.034 0.057 0.072 0.107 0.093 0.334 0.280 
209    (0)   :  0.004 0.004 0.017 0.049 0.070 0.090 0.165 0.153 0.287 0.160 
210    (0)   :  0.004 0.004 0.015 0.030 0.060 0.077 0.133 0.103 0.368 0.205 
211    (0)   :  0.005 0.004 0.014 0.095 0.049 0.090 0.189 0.090 0.302 0.164 
212    (0)   :  0.004 0.004 0.015 0.030 0.074 0.061 0.244 0.108 0.162 0.298 
213    (0)   :  0.004 0.004 0.016 0.033 0.108 0.119 0.214 0.096 0.289 0.116 
214    (0)   :  0.004 0.004 0.015 0.039 0.054 0.067 0.218 0.093 0.197 0.309 
215    (0)   :  0.004 0.004 0.020 0.043 0.057 0.088 0.101 0.107 0.443 0.132 
216    (0)   :  0.005 0.004 0.029 0.039 0.071 0.090 0.152 0.211 0.276 0.123 
217    (0)   :  0.004 0.004 0.021 0.029 0.058 0.065 0.191 0.094 0.238 0.295 
218    (0)   :  0.004 0.004 0.020 0.036 0.074 0.105 0.143 0.113 0.324 0.176 
219    (0)   :  0.006 0.004 0.034 0.026 0.077 0.080 0.151 0.179 0.193 0.249 
220    (0)   :  0.004 0.004 0.015 0.034 0.057 0.079 0.116 0.098 0.449 0.145 
221    (0)   :  0.004 0.004 0.013 0.030 0.054 0.057 0.443 0.072 0.142 0.181 
222    (0)   :  0.005 0.004 0.036 0.029 0.079 0.090 0.172 0.219 0.210 0.157 
223    (0)   :  0.004 0.004 0.023 0.029 0.073 0.085 0.145 0.128 0.204 0.305 
224    (0)   :  0.004 0.005 0.016 0.029 0.057 0.066 0.173 0.097 0.286 0.266 
225    (0)   :  0.004 0.004 0.017 0.032 0.065 0.075 0.173 0.102 0.360 0.167 
226    (0)   :  0.005 0.005 0.089 0.042 0.086 0.086 0.149 0.140 0.226 0.172 
227    (0)   :  0.004 0.005 0.014 0.030 0.058 0.083 0.200 0.078 0.319 0.209 
228    (0)   :  0.004 0.005 0.014 0.032 0.057 0.054 0.162 0.070 0.344 0.259 
229    (0)   :  0.004 0.004 0.018 0.029 0.058 0.080 0.185 0.108 0.240 0.273 
230    (0)   :  0.004 0.004 0.016 0.038 0.055 0.077 0.179 0.102 0.298 0.227 
231    (0)   :  0.004 0.004 0.020 0.036 0.068 0.070 0.134 0.142 0.223 0.299 
232    (0)   :  0.004 0.004 0.017 0.033 0.124 0.098 0.283 0.096 0.193 0.146 
233    (0)   :  0.004 0.004 0.016 0.036 0.053 0.068 0.142 0.095 0.170 0.413 
234    (0)   :  0.004 0.004 0.021 0.039 0.081 0.093 0.133 0.208 0.191 0.226 
235    (0)   :  0.004 0.004 0.024 0.029 0.077 0.084 0.212 0.114 0.241 0.210 
236    (0)   :  0.004 0.004 0.019 0.041 0.062 0.076 0.163 0.124 0.208 0.299 
237    (0)   :  0.004 0.004 0.015 0.052 0.066 0.073 0.141 0.110 0.394 0.141 
238    (0)   :  0.004 0.004 0.015 0.031 0.061 0.082 0.233 0.112 0.180 0.279 
239    (0)   :  0.004 0.004 0.014 0.024 0.060 0.058 0.168 0.076 0.315 0.277 
240    (0)   :  0.004 0.004 0.015 0.032 0.061 0.083 0.231 0.111 0.182 0.278 
241    (0)   :  0.004 0.004 0.015 0.030 0.068 0.066 0.295 0.087 0.187 0.242 
242    (0)   :  0.004 0.005 0.025 0.025 0.077 0.082 0.161 0.135 0.297 0.190 
243    (0)   :  0.004 0.004 0.014 0.044 0.048 0.062 0.151 0.076 0.393 0.203 
244    (0)   :  0.004 0.004 0.015 0.037 0.053 0.067 0.158 0.094 0.268 0.299 
245    (0)   :  0.004 0.004 0.013 0.024 0.066 0.071 0.196 0.088 0.159 0.375 
246    (0)   :  0.004 0.004 0.021 0.029 0.058 0.066 0.191 0.094 0.237 0.296 
247    (0)   :  0.004 0.004 0.020 0.030 0.093 0.176 0.125 0.149 0.308 0.091 
248    (0)   :  0.004 0.004 0.017 0.047 0.063 0.094 0.099 0.112 0.455 0.106 
249    (0)   :  0.004 0.004 0.016 0.039 0.054 0.079 0.251 0.103 0.224 0.225 
250    (0)   :  0.004 0.004 0.020 0.041 0.064 0.091 0.186 0.135 0.232 0.223 
251    (0)   :  0.005 0.004 0.037 0.053 0.077 0.096 0.124 0.174 0.278 0.152 
252    (0)   :  0.004 0.004 0.018 0.026 0.074 0.078 0.196 0.107 0.287 0.206 
253    (0)   :  0.004 0.004 0.025 0.034 0.090 0.113 0.196 0.131 0.294 0.110 
254    (0)   :  0.005 0.004 0.031 0.030 0.067 0.082 0.134 0.191 0.264 0.192 
255    (0)   :  0.004 0.004 0.019 0.036 0.078 0.095 0.181 0.164 0.222 0.195 
256    (0)   :  0.004 0.004 0.017 0.037 0.062 0.072 0.246 0.101 0.257 0.200 
257    (0)   :  0.006 0.007 0.018 0.041 0.071 0.089 0.175 0.116 0.308 0.168 
258    (0)   :  0.004 0.004 0.017 0.041 0.083 0.091 0.121 0.146 0.336 0.158 
259    (0)   :  0.004 0.004 0.019 0.040 0.062 0.085 0.183 0.132 0.318 0.153 
260    (0)   :  0.005 0.004 0.033 0.030 0.065 0.083 0.161 0.202 0.156 0.262 
261    (0)   :  0.004 0.004 0.017 0.026 0.072 0.066 0.179 0.097 0.264 0.271 
262    (0)   :  0.004 0.004 0.016 0.030 0.056 0.057 0.222 0.074 0.301 0.236 
263    (0)   :  0.006 0.004 0.021 0.036 0.054 0.073 0.112 0.144 0.412 0.138 
264    (0)   :  0.006 0.004 0.050 0.038 0.082 0.094 0.101 0.291 0.252 0.082 
265    (0)   :  0.004 0.004 0.026 0.029 0.075 0.085 0.122 0.127 0.294 0.234 
266    (0)   :  0.004 0.004 0.013 0.030 0.056 0.057 0.274 0.074 0.190 0.299 
267    (0)   :  0.004 0.004 0.019 0.052 0.069 0.089 0.192 0.137 0.219 0.216 
268    (0)   :  0.004 0.004 0.017 0.037 0.055 0.077 0.158 0.091 0.365 0.192 
269    (0)   :  0.004 0.004 0.038 0.030 0.079 0.085 0.124 0.188 0.203 0.245 
270    (0)   :  0.005 0.008 0.023 0.038 0.083 0.102 0.128 0.184 0.289 0.140 
271    (0)   :  0.004 0.004 0.019 0.045 0.069 0.092 0.124 0.118 0.378 0.147 
272    (0)   :  0.005 0.005 0.084 0.054 0.076 0.087 0.127 0.116 0.292 0.153 
273    (0)   :  0.019 0.031 0.030 0.052 0.101 0.117 0.159 0.138 0.163 0.191 
274    (0)   :  0.004 0.004 0.028 0.038 0.081 0.094 0.142 0.143 0.302 0.164 
275    (0)   :  0.007 0.019 0.039 0.050 0.077 0.079 0.128 0.144 0.260 0.197 
276    (0)   :  0.005 0.005 0.063 0.057 0.075 0.097 0.190 0.107 0.290 0.112 
277    (0)   :  0.004 0.004 0.024 0.030 0.080 0.084 0.191 0.141 0.211 0.231 
278    (0)   :  0.004 0.004 0.020 0.043 0.057 0.078 0.098 0.100 0.435 0.161 
279    (0)   :  0.004 0.004 0.021 0.039 0.074 0.083 0.176 0.135 0.272 0.194 
280    (0)   :  0.004 0.004 0.032 0.032 0.101 0.077 0.154 0.125 0.285 0.187 
281    (0)   :  0.004 0.004 0.017 0.035 0.094 0.117 0.148 0.121 0.297 0.163 
282    (0)   :  0.004 0.004 0.021 0.031 0.066 0.079 0.161 0.131 0.155 0.347 
283    (0)   :  0.004 0.004 0.017 0.028 0.054 0.084 0.191 0.100 0.166 0.351 
284    (0)   :  0.004 0.007 0.019 0.047 0.071 0.097 0.159 0.142 0.223 0.232 
285    (0)   :  0.004 0.004 0.019 0.044 0.078 0.089 0.095 0.106 0.483 0.078 
286    (0)   :  0.004 0.004 0.015 0.038 0.054 0.066 0.158 0.092 0.269 0.299 
287    (0)   :  0.004 0.004 0.026 0.027 0.108 0.120 0.153 0.131 0.224 0.201 
288    (0)   :  0.005 0.005 0.068 0.042 0.073 0.091 0.128 0.131 0.305 0.153 
289    (0)   :  0.006 0.007 0.037 0.043 0.066 0.112 0.121 0.139 0.338 0.130 
290    (0)   :  0.006 0.004 0.027 0.056 0.078 0.078 0.211 0.144 0.282 0.114 
291    (0)   :  0.004 0.004 0.019 0.045 0.070 0.092 0.123 0.118 0.377 0.148 
292    (0)   :  0.004 0.004 0.029 0.027 0.107 0.068 0.191 0.099 0.286 0.185 
293    (0)   :  0.005 0.004 0.030 0.054 0.101 0.082 0.147 0.197 0.267 0.112 
294    (0)   :  0.006 0.004 0.022 0.031 0.057 0.075 0.136 0.136 0.427 0.106 
295    (0)   :  0.005 0.011 0.043 0.053 0.087 0.095 0.167 0.122 0.291 0.127 
296    (0)   :  0.004 0.004 0.018 0.042 0.065 0.102 0.120 0.095 0.393 0.157 
297    (0)   :  0.004 0.004 0.034 0.031 0.102 0.089 0.165 0.137 0.294 0.138 
298    (0)   :  0.004 0.004 0.022 0.031 0.068 0.095 0.192 0.146 0.177 0.261 
299    (0)   :  0.006 0.005 0.027 0.029 0.060 0.084 0.137 0.166 0.341 0.145 
300    (0)   :  0.004 0.004 0.017 0.036 0.075 0.074 0.132 0.096 0.459 0.103 
301    (0)   :  0.005 0.007 0.036 0.042 0.070 0.082 0.123 0.213 0.280 0.141 
302    (0)   :  0.006 0.009 0.021 0.039 0.057 0.069 0.118 0.128 0.430 0.123 
303    (0)   :  0.004 0.004 0.019 0.031 0.082 0.070 0.194 0.099 0.248 0.249 
304    (0)   :  0.005 0.008 0.027 0.039 0.082 0.116 0.134 0.182 0.105 0.303 
305    (0)   :  0.004 0.008 0.018 0.031 0.064 0.060 0.162 0.085 0.341 0.227 
306    (0)   :  0.004 0.004 0.025 0.029 0.068 0.073 0.254 0.107 0.193 0.242 
307    (0)   :  0.004 0.005 0.021 0.040 0.071 0.083 0.222 0.142 0.238 0.174 
308    (0)   :  0.004 0.004 0.017 0.026 0.072 0.067 0.178 0.098 0.266 0.269 
309    (0)   :  0.015 0.023 0.025 0.053 0.062 0.104 0.110 0.115 0.349 0.142 
310    (0)   :  0.004 0.004 0.014 0.037 0.053 0.064 0.182 0.088 0.318 0.235 
311    (0)   :  0.004 0.004 0.016 0.038 0.054 0.078 0.179 0.103 0.297 0.228 
312    (0)   :  0.004 0.004 0.014 0.033 0.054 0.086 0.119 0.097 0.445 0.144 
313    (0)   :  0.004 0.004 0.015 0.034 0.056 0.071 0.118 0.088 0.517 0.093 
314    (0)   :  0.004 0.024 0.017 0.026 0.069 0.058 0.196 0.076 0.111 0.418 
315    (0)   :  0.004 0.024 0.025 0.024 0.076 0.065 0.169 0.094 0.109 0.409 
316    (0)   :  0.006 0.054 0.034 0.025 0.084 0.071 0.124 0.106 0.086 0.409 
317    (0)   :  0.005 0.022 0.018 0.026 0.067 0.060 0.157 0.080 0.083 0.482 
318    (0)   :  0.004 0.046 0.017 0.024 0.072 0.060 0.115 0.085 0.071 0.505 
319    (0)   :  0.004 0.004 0.014 0.025 0.063 0.058 0.183 0.076 0.088 0.484 
320    (0)   :  0.004 0.023 0.018 0.026 0.068 0.058 0.197 0.077 0.111 0.418 
321    (0)   :  0.005 0.052 0.018 0.026 0.073 0.060 0.170 0.086 0.077 0.433 
322    (0)   :  0.006 0.023 0.034 0.027 0.079 0.071 0.180 0.097 0.106 0.375 
323    (0)   :  0.012 0.020 0.018 0.024 0.067 0.061 0.139 0.085 0.076 0.496 
324    (0)   :  0.005 0.052 0.018 0.026 0.074 0.060 0.173 0.086 0.076 0.430 
325    (0)   :  0.005 0.075 0.034 0.024 0.080 0.069 0.118 0.102 0.080 0.414 
326    (0)   :  0.006 0.283 0.028 0.024 0.074 0.066 0.134 0.094 0.080 0.210 
327    (0)   :  0.004 0.022 0.017 0.026 0.067 0.060 0.160 0.081 0.083 0.480 
328    (0)   :  0.004 0.026 0.026 0.025 0.077 0.068 0.202 0.100 0.098 0.373 
329    (0)   :  0.004 0.007 0.015 0.023 0.068 0.059 0.166 0.081 0.070 0.507 
330    (0)   :  0.004 0.022 0.018 0.026 0.067 0.060 0.160 0.080 0.083 0.480 
331    (0)   :  0.004 0.013 0.014 0.023 0.068 0.060 0.127 0.081 0.075 0.534 
332    (0)   :  0.008 0.276 0.027 0.024 0.074 0.066 0.135 0.098 0.079 0.213 
333    (0)   :  0.006 0.205 0.026 0.024 0.072 0.067 0.162 0.093 0.090 0.254 
334    (0)   :  0.004 0.026 0.026 0.025 0.077 0.068 0.204 0.100 0.097 0.372 
335    (0)   :  0.004 0.012 0.025 0.025 0.070 0.067 0.200 0.093 0.097 0.408 
336    (0)   :  0.008 0.231 0.018 0.024 0.071 0.059 0.168 0.081 0.092 0.247 
337    (0)   :  0.004 0.084 0.033 0.026 0.080 0.068 0.177 0.102 0.089 0.335 
338    (0)   :  0.004 0.213 0.017 0.023 0.073 0.061 0.133 0.085 0.073 0.318 
339    (0)   :  0.004 0.013 0.014 0.023 0.069 0.059 0.126 0.082 0.075 0.535 
340    (0)   :  0.004 0.007 0.014 0.023 0.063 0.059 0.122 0.076 0.079 0.553 
341    (0)   :  0.009 0.104 0.017 0.026 0.068 0.061 0.153 0.082 0.078 0.403 
342    (0)   :  0.004 0.022 0.018 0.026 0.067 0.060 0.159 0.081 0.083 0.480 
343    (0)   :  0.010 0.038 0.029 0.026 0.071 0.067 0.279 0.095 0.114 0.272 
344    (0)   :  0.004 0.013 0.014 0.023 0.069 0.060 0.132 0.081 0.070 0.535 
345    (0)   :  0.004 0.022 0.018 0.026 0.067 0.060 0.158 0.081 0.083 0.481 
346    (0)   :  0.005 0.020 0.017 0.024 0.066 0.059 0.111 0.080 0.075 0.543 
347    (0)   :  0.004 0.007 0.014 0.023 0.063 0.059 0.126 0.076 0.074 0.556 
348    (0)   :  0.004 0.011 0.024 0.024 0.068 0.064 0.237 0.086 0.131 0.349 
349    (0)   :  0.005 0.022 0.018 0.026 0.067 0.060 0.160 0.080 0.082 0.480 
350    (0)   :  0.004 0.007 0.014 0.024 0.070 0.057 0.158 0.078 0.101 0.488 
351    (0)   :  0.004 0.011 0.025 0.024 0.070 0.068 0.199 0.093 0.098 0.408 
352    (0)   :  0.004 0.034 0.035 0.026 0.075 0.068 0.167 0.096 0.099 0.396 
353    (0)   :  0.008 0.231 0.018 0.024 0.071 0.059 0.167 0.082 0.092 0.247 
354    (0)   :  0.006 0.021 0.016 0.025 0.073 0.061 0.148 0.084 0.073 0.492 
355    (0)   :  0.004 0.045 0.018 0.024 0.072 0.060 0.114 0.085 0.071 0.506 
356    (0)   :  0.004 0.005 0.023 0.024 0.066 0.063 0.319 0.085 0.129 0.282 
357    (0)   :  0.004 0.005 0.032 0.027 0.101 0.079 0.119 0.197 0.093 0.343 
358    (0)   :  0.004 0.176 0.024 0.023 0.075 0.067 0.160 0.097 0.080 0.293 
359    (0)   :  0.004 0.124 0.015 0.023 0.071 0.060 0.151 0.083 0.079 0.389 
360    (0)   :  0.004 0.019 0.017 0.024 0.066 0.060 0.112 0.079 0.076 0.543 
361    (0)   :  0.004 0.005 0.032 0.029 0.101 0.079 0.187 0.195 0.108 0.260 
362    (0)   :  0.005 0.010 0.036 0.028 0.137 0.152 0.117 0.178 0.217 0.120 
363    (0)   :  0.006 0.007 0.031 0.035 0.138 0.210 0.112 0.226 0.149 0.087 
364    (0)   :  0.012 0.008 0.036 0.049 0.089 0.097 0.208 0.202 0.112 0.188 
365    (0)   :  0.011 0.008 0.036 0.074 0.205 0.118 0.115 0.220 0.116 0.095 
366    (0)   :  0.005 0.007 0.046 0.042 0.105 0.079 0.168 0.201 0.212 0.135 
367    (0)   :  0.004 0.004 0.026 0.031 0.126 0.420 0.084 0.140 0.091 0.073 
368    (0)   :  0.004 0.004 0.018 0.041 0.121 0.175 0.131 0.223 0.176 0.106 
369    (0)   :  0.006 0.012 0.026 0.035 0.079 0.081 0.307 0.211 0.133 0.110 
370    (0)   :  0.009 0.017 0.028 0.067 0.091 0.179 0.141 0.188 0.174 0.106 
371    (0)   :  0.008 0.018 0.034 0.045 0.085 0.093 0.153 0.289 0.151 0.123 
372    (0)   :  0.029 0.022 0.024 0.063 0.098 0.157 0.141 0.125 0.210 0.129 
373    (0)   :  0.005 0.005 0.018 0.041 0.104 0.276 0.171 0.139 0.113 0.128 
374    (0)   :  0.005 0.006 0.033 0.066 0.097 0.113 0.221 0.196 0.106 0.156 
375    (0)   :  0.011 0.008 0.029 0.045 0.124 0.176 0.098 0.315 0.109 0.084 
376    (0)   :  0.079 0.006 0.039 0.030 0.180 0.138 0.103 0.263 0.081 0.080 
377    (0)   :  0.006 0.014 0.029 0.047 0.152 0.110 0.104 0.202 0.214 0.121 
378    (0)   :  0.005 0.010 0.015 0.038 0.099 0.291 0.121 0.101 0.120 0.200 
379    (0)   :  0.137 0.010 0.049 0.033 0.128 0.154 0.095 0.226 0.097 0.072 
380    (0)   :  0.008 0.010 0.052 0.032 0.248 0.075 0.202 0.131 0.112 0.130 
381    (0)   :  0.007 0.006 0.051 0.031 0.160 0.068 0.239 0.214 0.115 0.109 
382    (0)   :  0.004 0.007 0.028 0.031 0.090 0.145 0.089 0.413 0.094 0.098 
383    (0)   :  0.009 0.163 0.059 0.036 0.183 0.074 0.099 0.158 0.103 0.116 
384    (0)   :  0.035 0.052 0.044 0.045 0.139 0.126 0.111 0.217 0.090 0.141 
385    (0)   :  0.006 0.086 0.020 0.207 0.091 0.085 0.109 0.160 0.089 0.146 
386    (0)   :  0.004 0.004 0.024 0.030 0.157 0.214 0.109 0.257 0.115 0.087 
387    (0)   :  0.004 0.004 0.024 0.042 0.166 0.187 0.090 0.255 0.111 0.117 
388    (0)   :  0.012 0.009 0.025 0.071 0.135 0.106 0.151 0.215 0.093 0.183 
389    (0)   :  0.008 0.018 0.022 0.175 0.068 0.097 0.110 0.144 0.262 0.096 
390    (0)   :  0.016 0.019 0.040 0.041 0.189 0.229 0.122 0.138 0.131 0.076 
391    (0)   :  0.009 0.010 0.032 0.150 0.092 0.160 0.174 0.128 0.139 0.105 
392    (0)   :  0.006 0.005 0.027 0.026 0.211 0.164 0.113 0.156 0.134 0.159 
393    (0)   :  0.006 0.006 0.040 0.028 0.392 0.077 0.131 0.109 0.099 0.111 
394    (0)   :  0.004 0.011 0.027 0.025 0.139 0.198 0.135 0.133 0.115 0.214 
395    (0)   :  0.004 0.004 0.040 0.030 0.173 0.144 0.103 0.131 0.269 0.101 
396    (0)   :  0.005 0.004 0.023 0.037 0.139 0.218 0.088 0.294 0.119 0.073 
397    (0)   :  0.048 0.005 0.037 0.028 0.074 0.082 0.176 0.197 0.194 0.160 
398    (0)   :  0.031 0.005 0.040 0.024 0.257 0.249 0.093 0.128 0.096 0.077 
399    (0)   :  0.004 0.010 0.036 0.050 0.085 0.368 0.113 0.118 0.125 0.090 
400    (0)   :  0.005 0.004 0.022 0.033 0.117 0.244 0.156 0.232 0.088 0.098 
401    (0)   :  0.004 0.004 0.016 0.032 0.131 0.309 0.132 0.100 0.150 0.122 
402    (0)   :  0.005 0.005 0.020 0.046 0.158 0.182 0.139 0.154 0.173 0.118 
403    (0)   :  0.005 0.005 0.024 0.069 0.127 0.092 0.141 0.117 0.122 0.298 
404    (0)   :  0.006 0.004 0.032 0.065 0.124 0.115 0.169 0.236 0.139 0.109 
405    (0)   :  0.004 0.005 0.036 0.032 0.160 0.116 0.165 0.199 0.167 0.116 
406    (0)   :  0.004 0.004 0.181 0.028 0.122 0.080 0.210 0.104 0.152 0.115 
407    (0)   :  0.004 0.004 0.038 0.031 0.303 0.124 0.095 0.229 0.099 0.072 
408    (0)   :  0.004 0.004 0.014 0.031 0.092 0.321 0.099 0.104 0.265 0.067 
409    (0)   :  0.007 0.008 0.038 0.030 0.191 0.082 0.353 0.094 0.094 0.102 
410    (0)   :  0.059 0.008 0.030 0.037 0.175 0.201 0.119 0.129 0.119 0.124 
411    (0)   :  0.010 0.017 0.037 0.026 0.126 0.123 0.119 0.268 0.133 0.142 
412    (0)   :  0.004 0.005 0.018 0.036 0.116 0.203 0.121 0.246 0.147 0.102 
413    (0)   :  0.004 0.008 0.015 0.028 0.128 0.205 0.113 0.187 0.125 0.187 
414    (0)   :  0.004 0.008 0.022 0.069 0.086 0.232 0.075 0.263 0.156 0.084 
415    (0)   :  0.005 0.004 0.045 0.031 0.142 0.165 0.151 0.219 0.156 0.082 
416    (0)   :  0.005 0.004 0.020 0.063 0.175 0.201 0.185 0.125 0.122 0.100 
417    (0)   :  0.005 0.006 0.083 0.031 0.208 0.188 0.119 0.171 0.108 0.081 
418    (0)   :  0.005 0.004 0.020 0.031 0.125 0.318 0.095 0.214 0.106 0.082 
419    (0)   :  0.008 0.008 0.025 0.052 0.184 0.133 0.166 0.135 0.125 0.164 
420    (0)   :  0.004 0.004 0.016 0.030 0.126 0.310 0.151 0.101 0.184 0.075 
421    (0)   :  0.005 0.006 0.034 0.032 0.222 0.215 0.128 0.139 0.138 0.081 
422    (0)   :  0.005 0.004 0.029 0.031 0.258 0.099 0.121 0.104 0.256 0.093 
423    (0)   :  0.006 0.005 0.048 0.033 0.109 0.150 0.104 0.253 0.159 0.134 
424    (0)   :  0.006 0.007 0.042 0.069 0.120 0.201 0.138 0.151 0.149 0.117 
425    (0)   :  0.014 0.008 0.030 0.092 0.125 0.114 0.109 0.240 0.118 0.150 
426    (0)   :  0.023 0.026 0.048 0.058 0.107 0.207 0.142 0.155 0.112 0.122 
427    (0)   :  0.004 0.009 0.041 0.024 0.240 0.216 0.085 0.140 0.080 0.160 
428    (0)   :  0.014 0.006 0.072 0.029 0.221 0.092 0.158 0.103 0.145 0.159 
429    (0)   :  0.005 0.004 0.031 0.025 0.148 0.272 0.087 0.261 0.094 0.072 
430    (0)   :  0.004 0.005 0.047 0.029 0.361 0.113 0.102 0.150 0.112 0.078 
431    (0)   :  0.009 0.011 0.034 0.059 0.084 0.194 0.116 0.195 0.149 0.149 
432    (0)   :  0.004 0.005 0.017 0.036 0.147 0.190 0.139 0.196 0.157 0.110 
433    (0)   :  0.006 0.005 0.018 0.034 0.080 0.105 0.194 0.159 0.190 0.209 
434    (0)   :  0.004 0.004 0.021 0.037 0.127 0.095 0.203 0.240 0.148 0.121 
435    (0)   :  0.004 0.005 0.069 0.025 0.289 0.181 0.093 0.156 0.102 0.077 
436    (0)   :  0.006 0.005 0.167 0.025 0.153 0.196 0.145 0.138 0.076 0.090 
437    (0)   :  0.005 0.004 0.055 0.026 0.120 0.104 0.096 0.397 0.109 0.084 
438    (0)   :  0.005 0.006 0.107 0.028 0.199 0.153 0.193 0.098 0.121 0.090 
439    (0)   :  0.004 0.005 0.089 0.026 0.360 0.129 0.109 0.120 0.075 0.083 
440    (0)   :  0.004 0.004 0.172 0.033 0.155 0.222 0.079 0.172 0.092 0.067 
441    (0)   :  0.004 0.005 0.037 0.029 0.319 0.098 0.154 0.152 0.091 0.111 
442    (0)   :  0.005 0.004 0.027 0.065 0.155 0.168 0.125 0.258 0.119 0.074 
443    (0)   :  0.004 0.005 0.039 0.041 0.132 0.313 0.113 0.107 0.177 0.070 
444    (0)   :  0.005 0.004 0.040 0.061 0.147 0.155 0.123 0.267 0.124 0.075 
445    (0)   :  0.029 0.005 0.029 0.028 0.321 0.079 0.201 0.106 0.105 0.098 
446    (0)   :  0.036 0.006 0.051 0.027 0.255 0.261 0.104 0.113 0.069 0.079 
447    (0)   :  0.005 0.005 0.126 0.080 0.176 0.109 0.172 0.126 0.092 0.108 
448    (0)   :  0.004 0.005 0.040 0.035 0.242 0.149 0.112 0.209 0.120 0.084 
449    (0)   :  0.004 0.005 0.043 0.037 0.212 0.125 0.152 0.201 0.113 0.109 
450    (0)   :  0.006 0.004 0.030 0.040 0.261 0.113 0.125 0.238 0.069 0.113 
451    (0)   :  0.004 0.004 0.025 0.039 0.093 0.328 0.080 0.209 0.149 0.068 
452    (0)   :  0.005 0.004 0.030 0.030 0.233 0.201 0.129 0.173 0.081 0.114 
453    (0)   :  0.004 0.005 0.024 0.051 0.157 0.137 0.213 0.101 0.226 0.083 
454    (0)   :  0.004 0.010 0.049 0.027 0.175 0.155 0.125 0.217 0.113 0.126 
455    (0)   :  0.004 0.006 0.117 0.031 0.250 0.159 0.119 0.146 0.097 0.071 
456    (0)   :  0.005 0.005 0.052 0.035 0.180 0.162 0.116 0.182 0.193 0.072 
457    (0)   :  0.005 0.005 0.051 0.028 0.234 0.099 0.114 0.281 0.100 0.085 
458    (0)   :  0.030 0.005 0.031 0.028 0.373 0.138 0.110 0.120 0.082 0.083 
459    (0)   :  0.004 0.005 0.044 0.032 0.261 0.185 0.157 0.132 0.074 0.106 
460    (0)   :  0.004 0.005 0.039 0.030 0.245 0.289 0.096 0.132 0.082 0.077 
461    (0)   :  0.005 0.004 0.021 0.031 0.182 0.336 0.092 0.182 0.068 0.079 
462    (0)   :  0.006 0.006 0.039 0.108 0.242 0.108 0.079 0.193 0.156 0.063 
463    (0)   :  0.004 0.005 0.145 0.027 0.190 0.078 0.152 0.102 0.210 0.086 
464    (0)   :  0.004 0.004 0.043 0.027 0.182 0.310 0.111 0.123 0.125 0.071 
465    (0)   :  0.005 0.005 0.024 0.033 0.250 0.190 0.124 0.151 0.138 0.080 
466    (0)   :  0.004 0.005 0.043 0.029 0.184 0.213 0.126 0.128 0.199 0.071 
467    (0)   :  0.004 0.006 0.033 0.034 0.307 0.113 0.130 0.142 0.135 0.096 
468    (0)   :  0.004 0.004 0.165 0.026 0.202 0.087 0.106 0.208 0.127 0.070 
469    (0)   :  0.004 0.005 0.202 0.026 0.332 0.085 0.093 0.110 0.068 0.076 
470    (0)   :  0.004 0.005 0.113 0.023 0.245 0.231 0.091 0.124 0.087 0.077 
471    (0)   :  0.005 0.004 0.026 0.060 0.147 0.204 0.121 0.140 0.211 0.083 
472    (0)   :  0.005 0.004 0.022 0.041 0.273 0.109 0.133 0.192 0.146 0.074 
473    (0)   :  0.004 0.005 0.042 0.029 0.187 0.108 0.146 0.218 0.153 0.108 
474    (0)   :  0.004 0.004 0.029 0.031 0.230 0.188 0.147 0.159 0.108 0.100 
475    (0)   :  0.004 0.004 0.025 0.032 0.188 0.217 0.175 0.133 0.115 0.106 
476    (0)   :  0.005 0.005 0.050 0.028 0.197 0.140 0.125 0.275 0.098 0.077 
477    (0)   :  0.005 0.005 0.028 0.052 0.160 0.216 0.163 0.174 0.103 0.092 
478    (0)   :  0.006 0.006 0.023 0.057 0.150 0.390 0.087 0.120 0.084 0.076 
479    (0)   :  0.004 0.005 0.050 0.032 0.201 0.203 0.094 0.251 0.083 0.077 
480    (0)   :  0.004 0.004 0.059 0.025 0.193 0.148 0.108 0.289 0.086 0.083 
481    (0)   :  0.004 0.004 0.026 0.073 0.183 0.140 0.109 0.201 0.179 0.082 
