

----------------------------------------------------
STRUCTURE by Pritchard, Stephens and Donnelly (2000)
     and Falush, Stephens and Pritchard (2003)
       Code by Pritchard, Falush and Hubisz
             Version 2.3.4 (Jul 2012)
----------------------------------------------------



Command line arguments:   ./structure -K 10 -D 110017 -m brooktrout/mainparams -e brooktrout/extraparams -o brooktrout/250914_output/results_K10_rep17 
Input File:    brooktrout/brooktrout.txt

Run parameters:
   8454 individuals
   5 loci
   10 populations assumed
   50000 Burn-in period
   100000 Reps
RANDOMIZE turned off


--------------------------------------------
Overall proportion of membership of the
sample in each of the 10 clusters

Inferred Clusters
  1      2      3      4      5      6      7      8      9     10    
0.008  0.007  0.020  0.069  0.109  0.142  0.142  0.167  0.163  0.173  

--------------------------------------------

Allele-freq. divergence among pops (Net nucleotide distance),
computed using point estimates of P.

      1       2       3       4       5       6       7       8       9      10      
 1      -    0.0626  0.1251  0.0996  0.1402  0.1323  0.1208  0.1383  0.1487  0.1044  
 2   0.0626     -    0.0966  0.0496  0.1278  0.1247  0.1163  0.1289  0.0877  0.0722  
 3   0.1251  0.0966     -    0.1613  0.0766  0.1771  0.1817  0.1322  0.1591  0.1663  
 4   0.0996  0.0496  0.1613     -    0.1860  0.1238  0.1104  0.1662  0.1128  0.0268  
 5   0.1402  0.1278  0.0766  0.1860     -    0.2032  0.1969  0.0720  0.1408  0.1877  
 6   0.1323  0.1247  0.1771  0.1238  0.2032     -    0.1106  0.1574  0.1785  0.0939  
 7   0.1208  0.1163  0.1817  0.1104  0.1969  0.1106     -    0.1688  0.1554  0.0771  
 8   0.1383  0.1289  0.1322  0.1662  0.0720  0.1574  0.1688     -    0.1239  0.1653  
 9   0.1487  0.0877  0.1591  0.1128  0.1408  0.1785  0.1554  0.1239     -    0.1141  
10   0.1044  0.0722  0.1663  0.0268  0.1877  0.0939  0.0771  0.1653  0.1141     -    

Average distances (expected heterozygosity) between individuals in same cluster:
cluster  1  : 0.8253 
cluster  2  : 0.9143 
cluster  3  : 0.7640 
cluster  4  : 0.8136 
cluster  5  : 0.6968 
cluster  6  : 0.7121 
cluster  7  : 0.7075 
cluster  8  : 0.6871 
cluster  9  : 0.7577 
cluster 10  : 0.7826 

--------------------------------------------
Estimated Ln Prob of Data   = -196981.9
Mean value of ln likelihood = -172707.8
Variance of ln likelihood   = 48548.4

Mean value of alpha_1       = 0.0471
Mean value of alpha_2       = 0.0446
Mean value of alpha_3       = 0.1154
Mean value of alpha_4       = 0.3942
Mean value of alpha_5       = 0.6086
Mean value of alpha_6       = 0.8142
Mean value of alpha_7       = 0.8109
Mean value of alpha_8       = 0.9435
Mean value of alpha_9       = 0.9357
Mean value of alpha_10       = 0.9826
Allele frequencies uncorrelated


Inferred ancestry of individuals:
     (%Miss) :  Inferred clusters
  1    (0)   :  0.005 0.006 0.020 0.050 0.093 0.206 0.134 0.245 0.122 0.120 
  2    (0)   :  0.004 0.004 0.010 0.071 0.073 0.077 0.167 0.120 0.237 0.237 
  3    (0)   :  0.006 0.004 0.010 0.038 0.072 0.160 0.244 0.208 0.141 0.115 
  4    (0)   :  0.011 0.013 0.040 0.046 0.224 0.106 0.099 0.212 0.129 0.120 
  5    (0)   :  0.005 0.005 0.014 0.094 0.076 0.084 0.196 0.103 0.197 0.227 
  6    (0)   :  0.006 0.004 0.015 0.041 0.092 0.109 0.370 0.092 0.101 0.170 
  7    (0)   :  0.006 0.004 0.011 0.101 0.061 0.138 0.174 0.109 0.084 0.312 
  8    (0)   :  0.016 0.014 0.111 0.048 0.106 0.122 0.165 0.182 0.102 0.134 
  9    (0)   :  0.007 0.017 0.010 0.065 0.071 0.104 0.214 0.189 0.155 0.169 
 10    (0)   :  0.007 0.005 0.105 0.055 0.103 0.118 0.213 0.129 0.085 0.180 
 11    (0)   :  0.005 0.004 0.010 0.081 0.056 0.238 0.147 0.115 0.080 0.265 
 12    (0)   :  0.005 0.004 0.012 0.065 0.105 0.077 0.204 0.127 0.190 0.212 
 13    (0)   :  0.006 0.005 0.011 0.060 0.074 0.095 0.215 0.172 0.135 0.227 
 14    (0)   :  0.004 0.005 0.026 0.038 0.098 0.138 0.168 0.138 0.277 0.108 
 15    (0)   :  0.005 0.004 0.015 0.051 0.150 0.153 0.125 0.187 0.154 0.155 
 16    (0)   :  0.004 0.004 0.010 0.063 0.065 0.191 0.220 0.168 0.106 0.169 
 17    (0)   :  0.008 0.007 0.012 0.056 0.088 0.091 0.303 0.139 0.157 0.139 
 18    (0)   :  0.008 0.007 0.014 0.041 0.122 0.164 0.179 0.143 0.185 0.137 
 19    (0)   :  0.005 0.004 0.010 0.054 0.076 0.102 0.338 0.136 0.100 0.175 
 20    (0)   :  0.005 0.004 0.011 0.079 0.099 0.151 0.145 0.128 0.150 0.228 
 21    (0)   :  0.005 0.005 0.019 0.045 0.146 0.140 0.126 0.181 0.210 0.124 
 22    (0)   :  0.006 0.004 0.011 0.037 0.074 0.100 0.342 0.181 0.116 0.130 
 23    (0)   :  0.008 0.010 0.021 0.054 0.086 0.109 0.122 0.267 0.213 0.109 
 24    (0)   :  0.005 0.004 0.011 0.052 0.092 0.167 0.135 0.282 0.109 0.144 
 25    (0)   :  0.005 0.005 0.011 0.059 0.055 0.129 0.288 0.086 0.124 0.237 
 26    (0)   :  0.007 0.004 0.012 0.053 0.127 0.125 0.189 0.181 0.141 0.160 
 27    (0)   :  0.006 0.005 0.012 0.057 0.090 0.127 0.226 0.155 0.171 0.153 
 28    (0)   :  0.005 0.006 0.057 0.053 0.205 0.168 0.118 0.137 0.121 0.131 
 29    (0)   :  0.004 0.004 0.009 0.086 0.062 0.099 0.145 0.165 0.160 0.268 
 30    (0)   :  0.005 0.004 0.010 0.042 0.064 0.132 0.285 0.174 0.147 0.138 
 31    (0)   :  0.011 0.014 0.097 0.061 0.081 0.096 0.133 0.120 0.168 0.218 
 32    (0)   :  0.004 0.005 0.019 0.040 0.111 0.107 0.265 0.183 0.146 0.118 
 33    (0)   :  0.005 0.004 0.009 0.052 0.067 0.157 0.178 0.240 0.134 0.155 
 34    (0)   :  0.006 0.007 0.102 0.092 0.075 0.128 0.201 0.091 0.078 0.218 
 35    (0)   :  0.009 0.005 0.009 0.068 0.051 0.085 0.217 0.137 0.271 0.148 
 36    (0)   :  0.005 0.005 0.013 0.041 0.053 0.288 0.089 0.162 0.237 0.107 
 37    (0)   :  0.006 0.004 0.012 0.042 0.089 0.087 0.165 0.253 0.208 0.134 
 38    (0)   :  0.005 0.007 0.009 0.078 0.045 0.348 0.092 0.108 0.145 0.163 
 39    (0)   :  0.007 0.006 0.011 0.069 0.071 0.186 0.135 0.120 0.206 0.188 
 40    (0)   :  0.004 0.005 0.011 0.040 0.062 0.112 0.138 0.257 0.277 0.095 
 41    (0)   :  0.007 0.009 0.013 0.072 0.046 0.182 0.128 0.185 0.210 0.150 
 42    (0)   :  0.005 0.004 0.010 0.049 0.064 0.201 0.068 0.372 0.129 0.097 
 43    (0)   :  0.007 0.006 0.018 0.052 0.065 0.080 0.131 0.218 0.294 0.129 
 44    (0)   :  0.006 0.005 0.008 0.041 0.044 0.073 0.189 0.155 0.363 0.115 
 45    (0)   :  0.005 0.006 0.009 0.064 0.046 0.209 0.083 0.123 0.270 0.186 
 46    (0)   :  0.009 0.005 0.011 0.052 0.075 0.108 0.262 0.102 0.224 0.153 
 47    (0)   :  0.013 0.007 0.019 0.059 0.074 0.079 0.260 0.170 0.156 0.162 
 48    (0)   :  0.007 0.005 0.008 0.042 0.046 0.074 0.177 0.153 0.393 0.095 
 49    (0)   :  0.009 0.006 0.010 0.083 0.064 0.139 0.143 0.173 0.224 0.148 
 50    (0)   :  0.009 0.006 0.055 0.069 0.072 0.113 0.269 0.082 0.144 0.183 
 51    (0)   :  0.004 0.006 0.012 0.045 0.046 0.212 0.069 0.175 0.336 0.095 
 52    (0)   :  0.008 0.006 0.011 0.076 0.074 0.183 0.137 0.154 0.161 0.191 
 53    (0)   :  0.007 0.006 0.028 0.050 0.063 0.277 0.155 0.143 0.144 0.128 
 54    (0)   :  0.007 0.006 0.011 0.056 0.072 0.064 0.149 0.177 0.277 0.181 
 55    (0)   :  0.006 0.004 0.009 0.044 0.058 0.075 0.122 0.132 0.433 0.116 
 56    (0)   :  0.006 0.005 0.010 0.061 0.063 0.125 0.159 0.178 0.293 0.100 
 57    (0)   :  0.013 0.006 0.026 0.064 0.158 0.103 0.221 0.171 0.086 0.152 
 58    (0)   :  0.005 0.005 0.010 0.065 0.057 0.135 0.091 0.179 0.290 0.162 
 59    (0)   :  0.005 0.006 0.010 0.106 0.058 0.220 0.091 0.158 0.200 0.145 
 60    (0)   :  0.004 0.005 0.022 0.041 0.098 0.161 0.086 0.175 0.302 0.106 
 61    (0)   :  0.004 0.005 0.012 0.041 0.080 0.066 0.074 0.175 0.411 0.133 
 62    (0)   :  0.009 0.006 0.013 0.144 0.091 0.110 0.151 0.120 0.147 0.210 
 63    (0)   :  0.004 0.004 0.011 0.058 0.071 0.136 0.101 0.220 0.225 0.171 
 64    (0)   :  0.006 0.005 0.009 0.069 0.056 0.170 0.245 0.118 0.154 0.168 
 65    (0)   :  0.005 0.005 0.010 0.074 0.053 0.101 0.179 0.091 0.170 0.313 
 66    (0)   :  0.005 0.006 0.023 0.063 0.119 0.098 0.101 0.192 0.217 0.176 
 67    (0)   :  0.005 0.006 0.010 0.045 0.053 0.066 0.130 0.121 0.411 0.153 
 68    (0)   :  0.006 0.006 0.011 0.085 0.066 0.233 0.081 0.173 0.205 0.133 
 69    (0)   :  0.007 0.013 0.176 0.082 0.078 0.251 0.091 0.083 0.101 0.118 
 70    (0)   :  0.004 0.006 0.018 0.055 0.066 0.246 0.077 0.201 0.188 0.139 
 71    (0)   :  0.006 0.007 0.012 0.102 0.046 0.214 0.091 0.098 0.273 0.152 
 72    (0)   :  0.006 0.005 0.014 0.042 0.052 0.231 0.193 0.131 0.196 0.131 
 73    (0)   :  0.005 0.007 0.014 0.106 0.053 0.099 0.089 0.112 0.327 0.189 
 74    (0)   :  0.004 0.004 0.010 0.037 0.062 0.257 0.087 0.238 0.203 0.098 
 75    (0)   :  0.005 0.005 0.016 0.042 0.076 0.204 0.076 0.269 0.219 0.089 
 76    (0)   :  0.005 0.004 0.010 0.053 0.057 0.104 0.131 0.141 0.303 0.193 
 77    (0)   :  0.005 0.007 0.009 0.076 0.043 0.234 0.084 0.158 0.191 0.195 
 78    (0)   :  0.005 0.008 0.009 0.079 0.043 0.294 0.086 0.163 0.158 0.155 
 79    (0)   :  0.004 0.004 0.012 0.063 0.070 0.140 0.176 0.125 0.103 0.302 
 80    (0)   :  0.005 0.004 0.014 0.049 0.142 0.087 0.087 0.359 0.103 0.151 
 81    (0)   :  0.005 0.004 0.015 0.059 0.161 0.109 0.094 0.261 0.095 0.197 
 82    (0)   :  0.005 0.004 0.012 0.071 0.085 0.101 0.112 0.199 0.232 0.180 
 83    (0)   :  0.005 0.004 0.015 0.058 0.137 0.174 0.105 0.196 0.142 0.165 
 84    (0)   :  0.004 0.004 0.014 0.060 0.131 0.158 0.120 0.190 0.105 0.214 
 85    (0)   :  0.004 0.004 0.015 0.040 0.137 0.189 0.140 0.215 0.118 0.137 
 86    (0)   :  0.006 0.005 0.011 0.062 0.068 0.089 0.173 0.102 0.300 0.185 
 87    (0)   :  0.005 0.005 0.022 0.088 0.073 0.178 0.099 0.126 0.124 0.280 
 88    (0)   :  0.004 0.004 0.012 0.060 0.104 0.109 0.096 0.273 0.126 0.211 
 89    (0)   :  0.005 0.006 0.027 0.048 0.142 0.103 0.095 0.270 0.113 0.191 
 90    (0)   :  0.004 0.004 0.012 0.078 0.083 0.124 0.105 0.138 0.115 0.337 
 91    (0)   :  0.005 0.004 0.015 0.038 0.144 0.163 0.095 0.305 0.114 0.117 
 92    (0)   :  0.005 0.004 0.012 0.061 0.093 0.128 0.139 0.175 0.136 0.249 
 93    (0)   :  0.004 0.004 0.082 0.037 0.209 0.084 0.086 0.289 0.105 0.100 
 94    (0)   :  0.004 0.004 0.012 0.112 0.066 0.267 0.083 0.111 0.100 0.241 
 95    (0)   :  0.004 0.004 0.012 0.084 0.097 0.108 0.078 0.217 0.110 0.286 
 96    (0)   :  0.004 0.004 0.013 0.042 0.085 0.074 0.072 0.267 0.317 0.122 
 97    (0)   :  0.005 0.004 0.010 0.040 0.077 0.222 0.080 0.232 0.230 0.100 
 98    (0)   :  0.004 0.004 0.009 0.050 0.055 0.107 0.146 0.232 0.218 0.174 
 99    (0)   :  0.004 0.004 0.014 0.063 0.126 0.135 0.112 0.185 0.100 0.256 
100    (0)   :  0.005 0.004 0.012 0.039 0.137 0.066 0.080 0.381 0.161 0.114 
101    (0)   :  0.006 0.008 0.059 0.062 0.088 0.158 0.099 0.155 0.137 0.227 
102    (0)   :  0.005 0.006 0.017 0.061 0.114 0.148 0.081 0.273 0.147 0.148 
103    (0)   :  0.005 0.013 0.049 0.065 0.125 0.085 0.103 0.118 0.237 0.199 
104    (0)   :  0.004 0.005 0.021 0.112 0.114 0.088 0.101 0.069 0.127 0.359 
105    (0)   :  0.005 0.013 0.045 0.109 0.143 0.077 0.090 0.084 0.164 0.271 
106    (0)   :  0.004 0.004 0.008 0.094 0.043 0.178 0.127 0.079 0.120 0.343 
107    (0)   :  0.005 0.020 0.029 0.102 0.114 0.084 0.104 0.120 0.191 0.231 
108    (0)   :  0.004 0.005 0.013 0.037 0.068 0.189 0.101 0.083 0.389 0.112 
109    (0)   :  0.006 0.008 0.014 0.155 0.051 0.172 0.102 0.072 0.147 0.274 
110    (0)   :  0.004 0.007 0.012 0.123 0.047 0.192 0.116 0.083 0.091 0.324 
111    (0)   :  0.007 0.010 0.015 0.153 0.076 0.079 0.097 0.085 0.135 0.342 
112    (0)   :  0.005 0.019 0.010 0.229 0.051 0.128 0.079 0.084 0.117 0.278 
113    (0)   :  0.005 0.009 0.018 0.058 0.082 0.128 0.143 0.116 0.280 0.160 
114    (0)   :  0.004 0.005 0.024 0.112 0.135 0.085 0.091 0.077 0.117 0.348 
115    (0)   :  0.005 0.017 0.011 0.114 0.057 0.093 0.117 0.137 0.187 0.261 
116    (0)   :  0.006 0.006 0.009 0.075 0.044 0.212 0.102 0.089 0.204 0.256 
117    (0)   :  0.006 0.018 0.015 0.131 0.049 0.168 0.113 0.115 0.089 0.295 
118    (0)   :  0.005 0.010 0.011 0.102 0.070 0.082 0.104 0.091 0.265 0.261 
119    (0)   :  0.004 0.004 0.014 0.041 0.085 0.133 0.075 0.265 0.242 0.138 
120    (0)   :  0.005 0.013 0.014 0.129 0.073 0.099 0.106 0.124 0.188 0.248 
121    (0)   :  0.008 0.122 0.015 0.124 0.048 0.118 0.098 0.099 0.167 0.199 
122    (0)   :  0.004 0.005 0.017 0.099 0.065 0.157 0.121 0.086 0.126 0.321 
123    (0)   :  0.005 0.018 0.017 0.118 0.083 0.142 0.102 0.096 0.157 0.261 
124    (0)   :  0.008 0.041 0.012 0.095 0.061 0.185 0.141 0.084 0.206 0.168 
125    (0)   :  0.005 0.009 0.011 0.112 0.048 0.284 0.128 0.127 0.096 0.180 
126    (0)   :  0.004 0.004 0.011 0.069 0.074 0.204 0.088 0.116 0.207 0.223 
127    (0)   :  0.005 0.014 0.013 0.170 0.078 0.074 0.083 0.086 0.161 0.318 
128    (0)   :  0.004 0.004 0.011 0.086 0.067 0.073 0.109 0.092 0.278 0.276 
129    (0)   :  0.006 0.014 0.028 0.095 0.064 0.080 0.104 0.074 0.233 0.302 
130    (0)   :  0.006 0.019 0.027 0.129 0.109 0.091 0.097 0.109 0.117 0.297 
131    (0)   :  0.008 0.043 0.020 0.091 0.049 0.270 0.114 0.077 0.145 0.181 
132    (0)   :  0.005 0.006 0.015 0.091 0.056 0.140 0.112 0.075 0.176 0.324 
133    (0)   :  0.008 0.016 0.021 0.100 0.087 0.094 0.115 0.097 0.221 0.241 
134    (0)   :  0.004 0.005 0.008 0.149 0.040 0.127 0.095 0.069 0.083 0.420 
135    (0)   :  0.006 0.004 0.016 0.057 0.190 0.100 0.065 0.239 0.231 0.091 
136    (0)   :  0.006 0.004 0.026 0.046 0.273 0.079 0.123 0.252 0.105 0.086 
137    (0)   :  0.005 0.008 0.026 0.059 0.176 0.079 0.084 0.382 0.081 0.099 
138    (0)   :  0.004 0.004 0.062 0.031 0.412 0.096 0.072 0.140 0.098 0.080 
139    (0)   :  0.004 0.004 0.022 0.046 0.189 0.090 0.101 0.130 0.297 0.116 
140    (0)   :  0.005 0.004 0.038 0.041 0.154 0.128 0.086 0.227 0.177 0.140 
141    (0)   :  0.005 0.005 0.079 0.044 0.276 0.109 0.134 0.130 0.124 0.094 
142    (0)   :  0.005 0.004 0.035 0.051 0.175 0.089 0.067 0.186 0.297 0.089 
143    (0)   :  0.004 0.003 0.015 0.030 0.221 0.068 0.071 0.415 0.097 0.077 
144    (0)   :  0.005 0.008 0.016 0.057 0.198 0.073 0.074 0.380 0.093 0.097 
145    (0)   :  0.006 0.004 0.023 0.055 0.194 0.109 0.143 0.217 0.152 0.096 
146    (0)   :  0.006 0.005 0.024 0.047 0.215 0.131 0.110 0.212 0.107 0.142 
147    (0)   :  0.005 0.004 0.025 0.033 0.280 0.074 0.080 0.339 0.081 0.079 
148    (0)   :  0.005 0.005 0.096 0.053 0.193 0.078 0.125 0.164 0.176 0.105 
149    (0)   :  0.005 0.004 0.185 0.039 0.131 0.106 0.075 0.194 0.175 0.086 
150    (0)   :  0.005 0.009 0.027 0.074 0.214 0.083 0.098 0.240 0.117 0.133 
151    (0)   :  0.005 0.004 0.017 0.037 0.253 0.078 0.080 0.308 0.118 0.100 
152    (0)   :  0.005 0.005 0.034 0.049 0.229 0.107 0.126 0.168 0.189 0.088 
153    (0)   :  0.005 0.005 0.043 0.038 0.315 0.126 0.079 0.168 0.125 0.097 
154    (0)   :  0.005 0.005 0.234 0.040 0.133 0.079 0.116 0.139 0.166 0.083 
155    (0)   :  0.004 0.004 0.064 0.035 0.424 0.071 0.076 0.126 0.098 0.098 
156    (0)   :  0.004 0.004 0.032 0.043 0.267 0.074 0.068 0.224 0.190 0.095 
157    (0)   :  0.004 0.004 0.028 0.046 0.311 0.108 0.080 0.199 0.085 0.135 
158    (0)   :  0.006 0.004 0.024 0.054 0.194 0.120 0.135 0.249 0.121 0.094 
159    (0)   :  0.005 0.005 0.125 0.036 0.198 0.073 0.075 0.313 0.088 0.082 
160    (0)   :  0.006 0.004 0.124 0.038 0.280 0.074 0.077 0.210 0.101 0.085 
161    (0)   :  0.004 0.004 0.020 0.039 0.120 0.119 0.091 0.387 0.112 0.104 
162    (0)   :  0.007 0.005 0.025 0.048 0.254 0.122 0.115 0.139 0.134 0.149 
163    (0)   :  0.004 0.004 0.058 0.034 0.385 0.077 0.070 0.156 0.121 0.091 
164    (0)   :  0.006 0.005 0.163 0.039 0.168 0.093 0.093 0.154 0.138 0.140 
165    (0)   :  0.005 0.009 0.019 0.071 0.225 0.083 0.082 0.270 0.109 0.127 
166    (0)   :  0.004 0.005 0.160 0.039 0.153 0.142 0.075 0.163 0.147 0.112 
167    (0)   :  0.007 0.006 0.285 0.037 0.168 0.078 0.132 0.105 0.087 0.096 
168    (0)   :  0.005 0.004 0.031 0.033 0.311 0.166 0.081 0.167 0.117 0.086 
169    (0)   :  0.007 0.004 0.021 0.058 0.154 0.230 0.128 0.199 0.108 0.092 
170    (0)   :  0.004 0.004 0.012 0.035 0.096 0.076 0.076 0.439 0.156 0.102 
171    (0)   :  0.005 0.005 0.028 0.035 0.261 0.132 0.118 0.159 0.159 0.099 
172    (0)   :  0.005 0.005 0.059 0.043 0.123 0.204 0.074 0.230 0.174 0.085 
173    (0)   :  0.005 0.004 0.029 0.037 0.414 0.069 0.080 0.156 0.118 0.087 
174    (0)   :  0.005 0.004 0.029 0.036 0.375 0.085 0.091 0.179 0.090 0.105 
175    (0)   :  0.005 0.004 0.017 0.034 0.193 0.069 0.126 0.374 0.097 0.081 
176    (0)   :  0.005 0.008 0.016 0.056 0.198 0.073 0.074 0.381 0.093 0.097 
177    (0)   :  0.005 0.004 0.027 0.047 0.285 0.170 0.083 0.147 0.096 0.136 
178    (0)   :  0.005 0.004 0.033 0.038 0.355 0.080 0.149 0.134 0.096 0.106 
179    (0)   :  0.004 0.004 0.069 0.030 0.407 0.069 0.084 0.157 0.094 0.081 
180    (0)   :  0.007 0.005 0.071 0.042 0.163 0.113 0.103 0.270 0.116 0.110 
181    (0)   :  0.005 0.004 0.021 0.046 0.200 0.101 0.086 0.271 0.170 0.094 
182    (0)   :  0.006 0.004 0.017 0.039 0.232 0.072 0.071 0.289 0.185 0.085 
183    (0)   :  0.005 0.004 0.023 0.033 0.298 0.070 0.086 0.290 0.109 0.082 
184    (0)   :  0.006 0.005 0.010 0.048 0.069 0.077 0.214 0.116 0.298 0.158 
185    (0)   :  0.004 0.006 0.028 0.036 0.314 0.061 0.065 0.225 0.190 0.072 
186    (0)   :  0.005 0.004 0.010 0.052 0.067 0.077 0.181 0.118 0.248 0.238 
187    (0)   :  0.004 0.004 0.022 0.039 0.201 0.073 0.129 0.153 0.229 0.147 
188    (0)   :  0.005 0.005 0.010 0.044 0.056 0.065 0.176 0.091 0.317 0.232 
189    (0)   :  0.004 0.004 0.014 0.035 0.114 0.147 0.175 0.224 0.185 0.099 
190    (0)   :  0.004 0.004 0.012 0.038 0.118 0.058 0.059 0.171 0.458 0.078 
191    (0)   :  0.004 0.005 0.012 0.052 0.099 0.069 0.137 0.135 0.275 0.212 
192    (0)   :  0.004 0.004 0.012 0.046 0.118 0.078 0.150 0.243 0.159 0.185 
193    (0)   :  0.004 0.004 0.012 0.053 0.099 0.087 0.146 0.221 0.216 0.158 
194    (0)   :  0.004 0.005 0.014 0.042 0.088 0.084 0.118 0.273 0.225 0.147 
195    (0)   :  0.004 0.004 0.016 0.030 0.184 0.062 0.076 0.205 0.328 0.091 
196    (0)   :  0.004 0.004 0.013 0.045 0.115 0.066 0.079 0.162 0.408 0.104 
197    (0)   :  0.005 0.005 0.019 0.053 0.159 0.083 0.198 0.110 0.201 0.166 
198    (0)   :  0.004 0.004 0.013 0.042 0.092 0.127 0.168 0.182 0.192 0.177 
199    (0)   :  0.004 0.004 0.010 0.047 0.073 0.083 0.078 0.213 0.380 0.109 
200    (0)   :  0.004 0.004 0.013 0.051 0.109 0.084 0.112 0.143 0.382 0.097 
201    (0)   :  0.004 0.004 0.028 0.034 0.298 0.060 0.096 0.154 0.220 0.101 
202    (0)   :  0.004 0.004 0.012 0.040 0.135 0.062 0.073 0.335 0.235 0.101 
203    (0)   :  0.004 0.005 0.024 0.042 0.285 0.059 0.081 0.167 0.228 0.105 
204    (0)   :  0.004 0.005 0.012 0.036 0.109 0.061 0.075 0.172 0.401 0.125 
205    (0)   :  0.004 0.004 0.012 0.040 0.088 0.085 0.101 0.148 0.373 0.145 
206    (0)   :  0.004 0.005 0.015 0.035 0.133 0.060 0.096 0.152 0.392 0.110 
207    (0)   :  0.004 0.004 0.009 0.054 0.067 0.060 0.087 0.147 0.405 0.163 
208    (0)   :  0.004 0.004 0.023 0.039 0.216 0.063 0.086 0.117 0.323 0.125 
209    (0)   :  0.004 0.004 0.012 0.054 0.094 0.071 0.136 0.182 0.258 0.185 
210    (0)   :  0.004 0.004 0.014 0.040 0.138 0.065 0.094 0.154 0.352 0.136 
211    (0)   :  0.005 0.005 0.011 0.089 0.097 0.059 0.079 0.201 0.313 0.140 
212    (0)   :  0.004 0.004 0.015 0.035 0.174 0.074 0.109 0.297 0.196 0.092 
213    (0)   :  0.004 0.005 0.010 0.051 0.074 0.115 0.078 0.198 0.295 0.170 
214    (0)   :  0.004 0.004 0.013 0.044 0.170 0.060 0.087 0.303 0.217 0.097 
215    (0)   :  0.004 0.004 0.012 0.049 0.084 0.076 0.101 0.112 0.396 0.162 
216    (0)   :  0.006 0.004 0.010 0.048 0.077 0.083 0.222 0.143 0.263 0.143 
217    (0)   :  0.004 0.004 0.015 0.036 0.174 0.066 0.097 0.246 0.266 0.092 
218    (0)   :  0.005 0.005 0.012 0.049 0.110 0.085 0.102 0.165 0.296 0.172 
219    (0)   :  0.006 0.004 0.016 0.036 0.160 0.093 0.207 0.178 0.194 0.107 
220    (0)   :  0.004 0.005 0.012 0.042 0.093 0.062 0.091 0.130 0.383 0.178 
221    (0)   :  0.004 0.004 0.010 0.034 0.094 0.062 0.066 0.467 0.181 0.078 
222    (0)   :  0.005 0.004 0.012 0.040 0.094 0.082 0.260 0.176 0.196 0.131 
223    (0)   :  0.004 0.004 0.021 0.038 0.215 0.087 0.136 0.180 0.194 0.121 
224    (0)   :  0.004 0.005 0.016 0.037 0.173 0.060 0.097 0.227 0.274 0.106 
225    (0)   :  0.004 0.004 0.012 0.040 0.101 0.075 0.098 0.182 0.350 0.133 
226    (0)   :  0.005 0.005 0.014 0.050 0.103 0.156 0.143 0.169 0.234 0.121 
227    (0)   :  0.004 0.004 0.016 0.040 0.141 0.062 0.075 0.184 0.350 0.123 
228    (0)   :  0.004 0.006 0.016 0.035 0.171 0.059 0.068 0.191 0.365 0.084 
229    (0)   :  0.004 0.006 0.014 0.040 0.161 0.061 0.111 0.265 0.195 0.143 
230    (0)   :  0.005 0.005 0.012 0.045 0.137 0.060 0.096 0.235 0.255 0.149 
231    (0)   :  0.004 0.005 0.017 0.042 0.208 0.068 0.151 0.177 0.199 0.129 
232    (0)   :  0.004 0.004 0.011 0.046 0.086 0.126 0.081 0.297 0.196 0.149 
233    (0)   :  0.004 0.004 0.025 0.042 0.311 0.061 0.091 0.189 0.173 0.100 
234    (0)   :  0.004 0.004 0.014 0.048 0.150 0.086 0.195 0.162 0.178 0.159 
235    (0)   :  0.004 0.004 0.013 0.037 0.112 0.085 0.116 0.258 0.248 0.122 
236    (0)   :  0.004 0.004 0.013 0.048 0.182 0.074 0.121 0.232 0.202 0.119 
237    (0)   :  0.004 0.005 0.012 0.055 0.094 0.071 0.099 0.128 0.386 0.146 
238    (0)   :  0.004 0.004 0.013 0.042 0.154 0.066 0.100 0.305 0.195 0.117 
239    (0)   :  0.004 0.004 0.016 0.031 0.184 0.062 0.076 0.204 0.328 0.091 
240    (0)   :  0.004 0.004 0.013 0.042 0.155 0.066 0.099 0.306 0.195 0.117 
241    (0)   :  0.005 0.004 0.013 0.037 0.132 0.077 0.080 0.340 0.217 0.096 
242    (0)   :  0.005 0.005 0.014 0.036 0.119 0.093 0.139 0.186 0.281 0.122 
243    (0)   :  0.004 0.004 0.013 0.046 0.122 0.057 0.069 0.159 0.435 0.092 
244    (0)   :  0.004 0.005 0.014 0.043 0.193 0.060 0.089 0.222 0.255 0.113 
245    (0)   :  0.004 0.004 0.025 0.034 0.278 0.070 0.078 0.229 0.181 0.097 
246    (0)   :  0.004 0.004 0.015 0.036 0.172 0.067 0.098 0.245 0.268 0.092 
247    (0)   :  0.004 0.004 0.009 0.058 0.061 0.128 0.117 0.110 0.272 0.237 
248    (0)   :  0.004 0.004 0.010 0.054 0.070 0.071 0.107 0.095 0.401 0.184 
249    (0)   :  0.004 0.004 0.011 0.046 0.117 0.060 0.096 0.319 0.214 0.129 
250    (0)   :  0.005 0.004 0.012 0.049 0.129 0.072 0.132 0.247 0.193 0.157 
251    (0)   :  0.005 0.004 0.012 0.058 0.095 0.124 0.165 0.134 0.280 0.123 
252    (0)   :  0.004 0.004 0.014 0.036 0.126 0.077 0.114 0.228 0.270 0.127 
253    (0)   :  0.004 0.004 0.010 0.050 0.069 0.114 0.117 0.158 0.313 0.161 
254    (0)   :  0.005 0.004 0.013 0.039 0.121 0.069 0.226 0.148 0.250 0.125 
255    (0)   :  0.004 0.004 0.013 0.043 0.111 0.071 0.162 0.219 0.190 0.182 
256    (0)   :  0.004 0.004 0.011 0.043 0.110 0.071 0.095 0.268 0.284 0.109 
257    (0)   :  0.007 0.014 0.016 0.048 0.107 0.079 0.105 0.182 0.298 0.145 
258    (0)   :  0.004 0.004 0.014 0.049 0.105 0.094 0.123 0.122 0.329 0.156 
259    (0)   :  0.005 0.005 0.012 0.048 0.098 0.072 0.126 0.208 0.275 0.151 
260    (0)   :  0.005 0.004 0.014 0.040 0.160 0.070 0.228 0.218 0.145 0.116 
261    (0)   :  0.004 0.004 0.015 0.033 0.172 0.078 0.102 0.215 0.279 0.097 
262    (0)   :  0.004 0.004 0.013 0.035 0.133 0.067 0.068 0.228 0.370 0.079 
263    (0)   :  0.006 0.005 0.011 0.043 0.093 0.060 0.148 0.114 0.389 0.133 
264    (0)   :  0.006 0.004 0.008 0.045 0.051 0.090 0.324 0.093 0.222 0.157 
265    (0)   :  0.004 0.004 0.016 0.039 0.151 0.086 0.139 0.157 0.269 0.134 
266    (0)   :  0.004 0.004 0.013 0.035 0.158 0.062 0.068 0.345 0.233 0.079 
267    (0)   :  0.004 0.004 0.013 0.057 0.129 0.068 0.139 0.207 0.229 0.150 
268    (0)   :  0.004 0.004 0.013 0.044 0.116 0.066 0.080 0.161 0.408 0.104 
269    (0)   :  0.004 0.004 0.017 0.038 0.157 0.105 0.210 0.157 0.198 0.110 
270    (0)   :  0.006 0.005 0.017 0.052 0.095 0.082 0.185 0.123 0.273 0.163 
271    (0)   :  0.004 0.004 0.012 0.051 0.090 0.088 0.108 0.135 0.357 0.152 
272    (0)   :  0.005 0.006 0.013 0.059 0.094 0.146 0.114 0.138 0.308 0.118 
273    (0)   :  0.019 0.026 0.039 0.064 0.124 0.106 0.128 0.180 0.158 0.156 
274    (0)   :  0.004 0.004 0.012 0.046 0.097 0.105 0.138 0.162 0.280 0.151 
275    (0)   :  0.008 0.010 0.039 0.055 0.132 0.095 0.155 0.141 0.248 0.119 
276    (0)   :  0.005 0.005 0.011 0.063 0.067 0.123 0.103 0.159 0.329 0.134 
277    (0)   :  0.004 0.004 0.013 0.039 0.137 0.087 0.153 0.236 0.199 0.127 
278    (0)   :  0.004 0.004 0.014 0.049 0.104 0.077 0.095 0.110 0.420 0.125 
279    (0)   :  0.004 0.004 0.012 0.047 0.116 0.087 0.133 0.199 0.263 0.134 
280    (0)   :  0.004 0.004 0.014 0.040 0.120 0.115 0.142 0.169 0.278 0.114 
281    (0)   :  0.004 0.004 0.013 0.049 0.099 0.096 0.105 0.166 0.275 0.190 
282    (0)   :  0.004 0.004 0.015 0.040 0.213 0.074 0.139 0.252 0.147 0.113 
283    (0)   :  0.004 0.005 0.018 0.038 0.223 0.060 0.099 0.276 0.158 0.119 
284    (0)   :  0.004 0.005 0.020 0.057 0.147 0.082 0.130 0.199 0.214 0.141 
285    (0)   :  0.004 0.004 0.009 0.053 0.051 0.094 0.099 0.086 0.419 0.182 
286    (0)   :  0.004 0.005 0.014 0.044 0.192 0.060 0.089 0.222 0.256 0.114 
287    (0)   :  0.004 0.004 0.014 0.042 0.121 0.114 0.130 0.194 0.206 0.170 
288    (0)   :  0.005 0.006 0.015 0.050 0.095 0.122 0.136 0.143 0.281 0.148 
289    (0)   :  0.007 0.009 0.018 0.058 0.085 0.090 0.133 0.127 0.305 0.167 
290    (0)   :  0.006 0.005 0.009 0.059 0.068 0.089 0.149 0.202 0.286 0.125 
291    (0)   :  0.004 0.004 0.012 0.052 0.091 0.088 0.109 0.134 0.354 0.152 
292    (0)   :  0.004 0.004 0.013 0.035 0.118 0.121 0.109 0.190 0.312 0.095 
293    (0)   :  0.005 0.004 0.010 0.061 0.070 0.108 0.200 0.124 0.292 0.126 
294    (0)   :  0.006 0.005 0.010 0.041 0.071 0.067 0.137 0.122 0.410 0.133 
295    (0)   :  0.005 0.005 0.033 0.059 0.076 0.126 0.115 0.136 0.309 0.136 
296    (0)   :  0.004 0.004 0.012 0.053 0.099 0.079 0.084 0.132 0.372 0.160 
297    (0)   :  0.004 0.004 0.012 0.042 0.088 0.113 0.162 0.169 0.256 0.151 
298    (0)   :  0.004 0.004 0.013 0.041 0.145 0.073 0.153 0.275 0.143 0.149 
299    (0)   :  0.006 0.006 0.012 0.040 0.093 0.060 0.192 0.145 0.285 0.161 
300    (0)   :  0.004 0.005 0.010 0.045 0.069 0.080 0.092 0.122 0.411 0.163 
301    (0)   :  0.005 0.005 0.016 0.049 0.093 0.084 0.239 0.120 0.265 0.123 
302    (0)   :  0.006 0.006 0.018 0.043 0.086 0.068 0.126 0.101 0.442 0.103 
303    (0)   :  0.004 0.005 0.014 0.040 0.158 0.082 0.103 0.246 0.231 0.116 
304    (0)   :  0.005 0.005 0.023 0.053 0.226 0.077 0.200 0.162 0.101 0.149 
305    (0)   :  0.004 0.005 0.021 0.037 0.151 0.072 0.080 0.170 0.367 0.092 
306    (0)   :  0.004 0.004 0.013 0.036 0.130 0.080 0.113 0.311 0.210 0.098 
307    (0)   :  0.005 0.005 0.012 0.047 0.104 0.087 0.137 0.250 0.227 0.125 
308    (0)   :  0.004 0.004 0.016 0.033 0.173 0.078 0.101 0.215 0.279 0.097 
309    (0)   :  0.016 0.039 0.032 0.063 0.099 0.069 0.101 0.118 0.288 0.174 
310    (0)   :  0.004 0.004 0.013 0.041 0.136 0.060 0.083 0.206 0.354 0.099 
311    (0)   :  0.005 0.005 0.012 0.046 0.136 0.060 0.097 0.237 0.254 0.148 
312    (0)   :  0.004 0.005 0.012 0.045 0.096 0.061 0.084 0.129 0.400 0.164 
313    (0)   :  0.004 0.004 0.010 0.041 0.062 0.070 0.081 0.101 0.507 0.119 
314    (0)   :  0.004 0.005 0.106 0.033 0.221 0.074 0.073 0.272 0.136 0.076 
315    (0)   :  0.004 0.005 0.094 0.031 0.287 0.112 0.081 0.187 0.121 0.077 
316    (0)   :  0.006 0.006 0.171 0.032 0.274 0.118 0.090 0.135 0.087 0.082 
317    (0)   :  0.005 0.004 0.112 0.033 0.264 0.075 0.076 0.257 0.095 0.078 
318    (0)   :  0.004 0.004 0.198 0.031 0.309 0.075 0.081 0.149 0.071 0.078 
319    (0)   :  0.004 0.004 0.019 0.031 0.309 0.068 0.072 0.317 0.098 0.078 
320    (0)   :  0.005 0.005 0.105 0.032 0.222 0.074 0.073 0.273 0.136 0.076 
321    (0)   :  0.005 0.004 0.198 0.032 0.198 0.075 0.080 0.247 0.083 0.078 
322    (0)   :  0.007 0.006 0.083 0.035 0.229 0.116 0.084 0.233 0.124 0.083 
323    (0)   :  0.011 0.008 0.076 0.030 0.370 0.073 0.084 0.191 0.078 0.080 
324    (0)   :  0.004 0.004 0.198 0.032 0.198 0.076 0.080 0.247 0.083 0.077 
325    (0)   :  0.004 0.004 0.237 0.031 0.243 0.108 0.084 0.129 0.081 0.080 
326    (0)   :  0.006 0.005 0.342 0.031 0.139 0.101 0.080 0.135 0.081 0.080 
327    (0)   :  0.005 0.004 0.112 0.033 0.267 0.075 0.077 0.256 0.095 0.078 
328    (0)   :  0.004 0.004 0.101 0.032 0.206 0.113 0.085 0.262 0.111 0.082 
329    (0)   :  0.004 0.004 0.032 0.030 0.365 0.073 0.080 0.262 0.072 0.078 
330    (0)   :  0.005 0.004 0.113 0.033 0.263 0.075 0.076 0.258 0.095 0.079 
331    (0)   :  0.004 0.004 0.069 0.030 0.405 0.074 0.079 0.177 0.078 0.079 
332    (0)   :  0.007 0.006 0.336 0.030 0.142 0.101 0.084 0.135 0.080 0.080 
333    (0)   :  0.006 0.005 0.257 0.031 0.163 0.103 0.080 0.179 0.094 0.082 
334    (0)   :  0.004 0.004 0.101 0.033 0.204 0.112 0.085 0.265 0.111 0.081 
335    (0)   :  0.004 0.004 0.048 0.032 0.245 0.109 0.079 0.286 0.113 0.080 
336    (0)   :  0.007 0.006 0.295 0.029 0.150 0.074 0.079 0.184 0.099 0.076 
337    (0)   :  0.004 0.004 0.229 0.033 0.157 0.108 0.083 0.206 0.097 0.079 
338    (0)   :  0.004 0.004 0.320 0.029 0.178 0.074 0.080 0.162 0.071 0.078 
339    (0)   :  0.004 0.004 0.071 0.030 0.404 0.073 0.079 0.177 0.078 0.079 
340    (0)   :  0.004 0.003 0.043 0.030 0.436 0.070 0.073 0.178 0.084 0.078 
341    (0)   :  0.009 0.007 0.142 0.032 0.269 0.073 0.078 0.229 0.081 0.081 
342    (0)   :  0.005 0.004 0.112 0.033 0.265 0.074 0.076 0.256 0.096 0.078 
343    (0)   :  0.009 0.011 0.089 0.033 0.145 0.105 0.083 0.313 0.135 0.077 
344    (0)   :  0.004 0.004 0.076 0.030 0.397 0.074 0.080 0.187 0.072 0.077 
345    (0)   :  0.005 0.004 0.114 0.033 0.262 0.075 0.076 0.258 0.095 0.078 
346    (0)   :  0.005 0.004 0.117 0.031 0.378 0.075 0.078 0.155 0.079 0.079 
347    (0)   :  0.004 0.004 0.052 0.029 0.425 0.070 0.073 0.188 0.076 0.077 
348    (0)   :  0.004 0.004 0.043 0.032 0.203 0.103 0.075 0.298 0.161 0.076 
349    (0)   :  0.005 0.004 0.114 0.033 0.262 0.075 0.077 0.257 0.095 0.078 
350    (0)   :  0.004 0.004 0.030 0.030 0.382 0.074 0.077 0.208 0.113 0.078 
351    (0)   :  0.004 0.004 0.048 0.033 0.246 0.108 0.079 0.286 0.112 0.080 
352    (0)   :  0.005 0.004 0.139 0.033 0.210 0.111 0.081 0.218 0.118 0.081 
353    (0)   :  0.007 0.006 0.294 0.029 0.151 0.074 0.079 0.183 0.100 0.076 
354    (0)   :  0.006 0.006 0.072 0.032 0.370 0.076 0.083 0.202 0.074 0.079 
355    (0)   :  0.004 0.004 0.199 0.030 0.306 0.076 0.080 0.150 0.071 0.078 
356    (0)   :  0.004 0.004 0.015 0.031 0.144 0.101 0.073 0.396 0.156 0.075 
357    (0)   :  0.004 0.004 0.030 0.034 0.263 0.171 0.163 0.137 0.095 0.098 
358    (0)   :  0.004 0.004 0.259 0.031 0.170 0.101 0.082 0.189 0.081 0.079 
359    (0)   :  0.004 0.004 0.225 0.030 0.218 0.073 0.079 0.207 0.080 0.079 
360    (0)   :  0.005 0.004 0.118 0.030 0.379 0.075 0.077 0.154 0.079 0.079 
361    (0)   :  0.004 0.004 0.017 0.038 0.153 0.168 0.160 0.235 0.122 0.099 
362    (0)   :  0.005 0.006 0.022 0.052 0.088 0.234 0.128 0.106 0.200 0.159 
363    (0)   :  0.006 0.008 0.013 0.073 0.059 0.178 0.184 0.098 0.142 0.239 
364    (0)   :  0.009 0.008 0.020 0.055 0.116 0.092 0.234 0.209 0.121 0.137 
365    (0)   :  0.012 0.009 0.014 0.080 0.063 0.226 0.203 0.108 0.113 0.171 
366    (0)   :  0.005 0.006 0.015 0.050 0.083 0.141 0.200 0.149 0.239 0.113 
367    (0)   :  0.004 0.007 0.009 0.118 0.047 0.221 0.109 0.080 0.082 0.323 
368    (0)   :  0.004 0.004 0.012 0.054 0.068 0.113 0.156 0.125 0.130 0.333 
369    (0)   :  0.006 0.006 0.033 0.045 0.069 0.088 0.207 0.253 0.175 0.117 
370    (0)   :  0.010 0.021 0.027 0.086 0.073 0.099 0.167 0.123 0.149 0.244 
371    (0)   :  0.008 0.010 0.029 0.055 0.083 0.081 0.296 0.142 0.155 0.140 
372    (0)   :  0.031 0.027 0.029 0.081 0.089 0.095 0.103 0.137 0.175 0.234 
373    (0)   :  0.005 0.004 0.011 0.091 0.075 0.113 0.134 0.180 0.110 0.275 
374    (0)   :  0.006 0.008 0.015 0.074 0.087 0.125 0.166 0.248 0.112 0.160 
375    (0)   :  0.012 0.009 0.014 0.067 0.056 0.113 0.280 0.092 0.092 0.265 
376    (0)   :  0.088 0.008 0.012 0.051 0.053 0.234 0.228 0.094 0.082 0.152 
377    (0)   :  0.006 0.007 0.025 0.057 0.088 0.179 0.164 0.098 0.192 0.184 
378    (0)   :  0.005 0.005 0.030 0.119 0.132 0.113 0.082 0.143 0.122 0.249 
379    (0)   :  0.150 0.018 0.012 0.059 0.047 0.174 0.201 0.085 0.096 0.157 
380    (0)   :  0.009 0.008 0.018 0.042 0.086 0.250 0.151 0.209 0.124 0.104 
381    (0)   :  0.007 0.006 0.012 0.038 0.065 0.141 0.279 0.218 0.141 0.092 
382    (0)   :  0.004 0.004 0.016 0.054 0.066 0.131 0.353 0.089 0.090 0.191 
383    (0)   :  0.010 0.014 0.151 0.042 0.096 0.195 0.186 0.101 0.096 0.110 
384    (0)   :  0.033 0.024 0.055 0.062 0.100 0.114 0.254 0.119 0.085 0.155 
385    (0)   :  0.006 0.008 0.117 0.157 0.101 0.084 0.160 0.108 0.085 0.176 
386    (0)   :  0.004 0.004 0.010 0.064 0.056 0.233 0.186 0.100 0.113 0.231 
387    (0)   :  0.004 0.004 0.012 0.067 0.080 0.221 0.199 0.089 0.108 0.215 
388    (0)   :  0.012 0.010 0.023 0.077 0.118 0.122 0.185 0.180 0.088 0.185 
389    (0)   :  0.009 0.011 0.022 0.143 0.065 0.075 0.131 0.097 0.269 0.178 
390    (0)   :  0.017 0.025 0.019 0.083 0.051 0.264 0.106 0.103 0.135 0.199 
391    (0)   :  0.010 0.011 0.015 0.144 0.064 0.125 0.107 0.154 0.153 0.217 
392    (0)   :  0.006 0.004 0.014 0.051 0.107 0.191 0.177 0.132 0.130 0.187 
393    (0)   :  0.006 0.006 0.015 0.038 0.078 0.381 0.122 0.150 0.105 0.098 
394    (0)   :  0.004 0.004 0.033 0.053 0.136 0.208 0.101 0.160 0.112 0.187 
395    (0)   :  0.004 0.004 0.010 0.050 0.069 0.244 0.101 0.095 0.257 0.167 
396    (0)   :  0.005 0.004 0.008 0.063 0.047 0.119 0.238 0.083 0.102 0.331 
397    (0)   :  0.045 0.005 0.012 0.038 0.097 0.073 0.241 0.179 0.194 0.116 
398    (0)   :  0.035 0.005 0.010 0.062 0.050 0.352 0.099 0.087 0.094 0.206 
399    (0)   :  0.004 0.006 0.017 0.137 0.059 0.148 0.097 0.101 0.134 0.298 
400    (0)   :  0.005 0.004 0.010 0.084 0.058 0.147 0.208 0.151 0.097 0.237 
401    (0)   :  0.004 0.004 0.011 0.090 0.074 0.175 0.077 0.127 0.166 0.272 
402    (0)   :  0.005 0.005 0.012 0.069 0.078 0.122 0.154 0.129 0.175 0.251 
403    (0)   :  0.006 0.008 0.020 0.072 0.210 0.129 0.119 0.182 0.121 0.132 
404    (0)   :  0.006 0.005 0.009 0.070 0.066 0.111 0.232 0.174 0.117 0.210 
405    (0)   :  0.004 0.004 0.011 0.046 0.074 0.224 0.171 0.146 0.163 0.156 
406    (0)   :  0.004 0.004 0.009 0.038 0.069 0.312 0.094 0.200 0.173 0.097 
407    (0)   :  0.004 0.004 0.008 0.048 0.046 0.337 0.199 0.089 0.094 0.171 
408    (0)   :  0.004 0.004 0.008 0.090 0.043 0.111 0.075 0.078 0.257 0.330 
409    (0)   :  0.008 0.012 0.013 0.043 0.064 0.215 0.087 0.342 0.109 0.106 
410    (0)   :  0.066 0.009 0.017 0.078 0.083 0.180 0.124 0.120 0.122 0.202 
411    (0)   :  0.011 0.006 0.042 0.048 0.089 0.127 0.275 0.111 0.141 0.151 
412    (0)   :  0.004 0.004 0.012 0.064 0.068 0.123 0.185 0.113 0.121 0.306 
413    (0)   :  0.004 0.004 0.027 0.060 0.131 0.145 0.124 0.130 0.116 0.258 
414    (0)   :  0.004 0.006 0.015 0.096 0.060 0.101 0.210 0.070 0.125 0.312 
415    (0)   :  0.005 0.004 0.009 0.052 0.050 0.222 0.198 0.129 0.166 0.165 
416    (0)   :  0.005 0.005 0.010 0.091 0.061 0.156 0.122 0.185 0.135 0.229 
417    (0)   :  0.005 0.005 0.012 0.052 0.052 0.361 0.125 0.103 0.097 0.189 
418    (0)   :  0.005 0.004 0.009 0.081 0.052 0.124 0.173 0.094 0.087 0.371 
419    (0)   :  0.008 0.010 0.017 0.071 0.108 0.173 0.122 0.190 0.122 0.180 
420    (0)   :  0.004 0.004 0.008 0.089 0.046 0.174 0.078 0.117 0.217 0.262 
421    (0)   :  0.005 0.005 0.012 0.059 0.054 0.228 0.103 0.114 0.116 0.303 
422    (0)   :  0.005 0.004 0.010 0.043 0.061 0.266 0.090 0.110 0.253 0.157 
423    (0)   :  0.006 0.005 0.011 0.052 0.090 0.201 0.210 0.105 0.146 0.175 
424    (0)   :  0.007 0.016 0.015 0.087 0.076 0.234 0.104 0.125 0.149 0.188 
425    (0)   :  0.014 0.011 0.016 0.091 0.098 0.123 0.233 0.120 0.113 0.181 
426    (0)   :  0.021 0.021 0.037 0.087 0.079 0.181 0.135 0.130 0.109 0.199 
427    (0)   :  0.004 0.005 0.022 0.058 0.128 0.361 0.100 0.080 0.081 0.161 
428    (0)   :  0.016 0.006 0.014 0.041 0.104 0.316 0.085 0.162 0.147 0.110 
429    (0)   :  0.005 0.004 0.009 0.075 0.047 0.238 0.213 0.081 0.086 0.242 
430    (0)   :  0.004 0.004 0.010 0.043 0.051 0.423 0.120 0.094 0.096 0.155 
431    (0)   :  0.008 0.014 0.023 0.087 0.101 0.129 0.162 0.115 0.143 0.217 
432    (0)   :  0.004 0.004 0.012 0.059 0.073 0.131 0.138 0.131 0.135 0.313 
433    (0)   :  0.007 0.006 0.017 0.048 0.132 0.091 0.132 0.235 0.178 0.155 
434    (0)   :  0.005 0.004 0.012 0.049 0.078 0.125 0.227 0.188 0.149 0.162 
435    (0)   :  0.004 0.004 0.009 0.041 0.048 0.463 0.096 0.080 0.093 0.161 
436    (0)   :  0.005 0.005 0.010 0.071 0.053 0.376 0.115 0.135 0.086 0.142 
437    (0)   :  0.006 0.004 0.010 0.036 0.053 0.167 0.391 0.091 0.102 0.141 
438    (0)   :  0.005 0.005 0.012 0.047 0.055 0.393 0.070 0.150 0.138 0.125 
439    (0)   :  0.004 0.003 0.010 0.041 0.051 0.514 0.093 0.101 0.072 0.110 
440    (0)   :  0.004 0.004 0.009 0.059 0.043 0.420 0.134 0.072 0.090 0.166 
441    (0)   :  0.004 0.004 0.013 0.041 0.072 0.394 0.118 0.146 0.089 0.118 
442    (0)   :  0.005 0.005 0.008 0.080 0.046 0.169 0.208 0.112 0.122 0.245 
443    (0)   :  0.004 0.004 0.009 0.111 0.044 0.254 0.086 0.086 0.183 0.218 
444    (0)   :  0.005 0.005 0.009 0.073 0.045 0.231 0.200 0.106 0.130 0.197 
445    (0)   :  0.035 0.006 0.011 0.040 0.062 0.319 0.106 0.200 0.119 0.102 
446    (0)   :  0.042 0.006 0.011 0.074 0.050 0.378 0.090 0.096 0.069 0.185 
447    (0)   :  0.005 0.005 0.010 0.076 0.064 0.341 0.093 0.156 0.103 0.146 
448    (0)   :  0.004 0.004 0.010 0.046 0.053 0.329 0.155 0.100 0.107 0.192 
449    (0)   :  0.004 0.004 0.011 0.048 0.069 0.310 0.157 0.136 0.108 0.154 
450    (0)   :  0.006 0.004 0.012 0.056 0.072 0.212 0.274 0.141 0.067 0.156 
451    (0)   :  0.004 0.004 0.009 0.078 0.044 0.165 0.137 0.072 0.130 0.357 
452    (0)   :  0.005 0.004 0.011 0.061 0.072 0.273 0.173 0.140 0.079 0.182 
453    (0)   :  0.004 0.005 0.010 0.068 0.052 0.199 0.084 0.149 0.271 0.158 
454    (0)   :  0.004 0.004 0.023 0.047 0.085 0.305 0.169 0.117 0.109 0.136 
455    (0)   :  0.004 0.004 0.010 0.047 0.045 0.482 0.096 0.092 0.094 0.127 
456    (0)   :  0.005 0.004 0.009 0.052 0.044 0.323 0.142 0.090 0.188 0.142 
457    (0)   :  0.005 0.003 0.010 0.036 0.053 0.324 0.237 0.105 0.093 0.134 
458    (0)   :  0.037 0.005 0.011 0.051 0.055 0.395 0.116 0.108 0.083 0.138 
459    (0)   :  0.004 0.004 0.010 0.050 0.063 0.433 0.084 0.153 0.069 0.130 
460    (0)   :  0.004 0.004 0.009 0.067 0.049 0.449 0.088 0.084 0.077 0.169 
461    (0)   :  0.005 0.004 0.010 0.107 0.050 0.251 0.144 0.091 0.065 0.272 
462    (0)   :  0.006 0.009 0.010 0.114 0.041 0.277 0.169 0.070 0.133 0.171 
463    (0)   :  0.004 0.004 0.011 0.035 0.056 0.377 0.085 0.111 0.224 0.093 
464    (0)   :  0.004 0.004 0.009 0.063 0.044 0.380 0.083 0.090 0.119 0.204 
465    (0)   :  0.006 0.005 0.010 0.062 0.052 0.322 0.103 0.107 0.131 0.204 
466    (0)   :  0.004 0.004 0.009 0.049 0.044 0.341 0.085 0.095 0.191 0.180 
467    (0)   :  0.004 0.005 0.012 0.049 0.062 0.370 0.121 0.118 0.127 0.130 
468    (0)   :  0.004 0.004 0.009 0.033 0.044 0.429 0.160 0.088 0.120 0.109 
469    (0)   :  0.004 0.003 0.010 0.034 0.048 0.576 0.082 0.083 0.066 0.094 
470    (0)   :  0.004 0.003 0.009 0.046 0.048 0.485 0.082 0.083 0.081 0.158 
471    (0)   :  0.005 0.004 0.009 0.088 0.052 0.177 0.132 0.102 0.216 0.215 
472    (0)   :  0.005 0.005 0.009 0.057 0.049 0.267 0.174 0.115 0.151 0.169 
473    (0)   :  0.004 0.004 0.012 0.039 0.070 0.275 0.171 0.130 0.141 0.154 
474    (0)   :  0.004 0.004 0.010 0.060 0.064 0.266 0.161 0.147 0.114 0.170 
475    (0)   :  0.004 0.004 0.011 0.064 0.067 0.262 0.097 0.162 0.115 0.214 
476    (0)   :  0.006 0.005 0.010 0.049 0.048 0.297 0.256 0.106 0.101 0.124 
477    (0)   :  0.006 0.005 0.011 0.078 0.056 0.274 0.110 0.140 0.111 0.210 
478    (0)   :  0.006 0.005 0.011 0.130 0.049 0.245 0.082 0.080 0.081 0.310 
479    (0)   :  0.004 0.004 0.010 0.050 0.049 0.421 0.146 0.081 0.078 0.159 
480    (0)   :  0.005 0.004 0.010 0.044 0.052 0.351 0.230 0.097 0.083 0.126 
481    (0)   :  0.004 0.004 0.008 0.080 0.051 0.172 0.178 0.100 0.153 0.249 
