

----------------------------------------------------
STRUCTURE by Pritchard, Stephens and Donnelly (2000)
     and Falush, Stephens and Pritchard (2003)
       Code by Pritchard, Falush and Hubisz
             Version 2.3.4 (Jul 2012)
----------------------------------------------------



Command line arguments:   ./structure -K 7 -D 107002 -m brooktrout/mainparams -e brooktrout/extraparams -o brooktrout/250914_output/results_K7_rep2 
Input File:    brooktrout/brooktrout.txt

Run parameters:
   8454 individuals
   5 loci
   7 populations assumed
   50000 Burn-in period
   100000 Reps
RANDOMIZE turned off


--------------------------------------------
Overall proportion of membership of the
sample in each of the 7 clusters

Inferred Clusters
  1      2      3      4      5      6      7    
0.022  0.039  0.076  0.216  0.195  0.209  0.243  

--------------------------------------------

Allele-freq. divergence among pops (Net nucleotide distance),
computed using point estimates of P.

      1       2       3       4       5       6       7      
 1      -    0.1955  0.2149  0.1260  0.1229  0.1640  0.1398  
 2   0.1955     -    0.2214  0.1259  0.1836  0.1946  0.1133  
 3   0.2149  0.2214     -    0.1724  0.1371  0.0712  0.1529  
 4   0.1260  0.1259  0.1724     -    0.0894  0.1458  0.0617  
 5   0.1229  0.1836  0.1371  0.0894     -    0.0983  0.1013  
 6   0.1640  0.1946  0.0712  0.1458  0.0983     -    0.1181  
 7   0.1398  0.1133  0.1529  0.0617  0.1013  0.1181     -    

Average distances (expected heterozygosity) between individuals in same cluster:
cluster  1  : 0.7834 
cluster  2  : 0.6786 
cluster  3  : 0.7188 
cluster  4  : 0.7860 
cluster  5  : 0.7989 
cluster  6  : 0.7162 
cluster  7  : 0.7647 

--------------------------------------------
Estimated Ln Prob of Data   = -183653.2
Mean value of ln likelihood = -171590.9
Variance of ln likelihood   = 24124.5

Mean value of alpha_1       = 0.0603
Mean value of alpha_2       = 0.1033
Mean value of alpha_3       = 0.2040
Mean value of alpha_4       = 0.6092
Mean value of alpha_5       = 0.5695
Mean value of alpha_6       = 0.5995
Mean value of alpha_7       = 0.7004
Allele frequencies uncorrelated


Inferred ancestry of individuals:
     (%Miss) :  Inferred clusters
  1    (0)   :  0.028 0.023 0.059 0.138 0.121 0.311 0.320 
  2    (0)   :  0.007 0.012 0.027 0.152 0.480 0.115 0.207 
  3    (0)   :  0.007 0.031 0.033 0.125 0.134 0.278 0.392 
  4    (0)   :  0.006 0.025 0.316 0.133 0.142 0.259 0.118 
  5    (0)   :  0.008 0.013 0.033 0.163 0.417 0.094 0.273 
  6    (0)   :  0.006 0.013 0.040 0.121 0.093 0.078 0.649 
  7    (0)   :  0.007 0.017 0.029 0.431 0.078 0.095 0.343 
  8    (0)   :  0.008 0.028 0.212 0.162 0.097 0.194 0.300 
  9    (0)   :  0.015 0.015 0.032 0.137 0.227 0.223 0.352 
 10    (0)   :  0.009 0.015 0.158 0.178 0.082 0.115 0.444 
 11    (0)   :  0.013 0.018 0.026 0.430 0.078 0.110 0.325 
 12    (0)   :  0.007 0.012 0.045 0.169 0.342 0.141 0.284 
 13    (0)   :  0.009 0.014 0.030 0.227 0.160 0.190 0.370 
 14    (0)   :  0.007 0.028 0.051 0.112 0.441 0.154 0.208 
 15    (0)   :  0.006 0.041 0.080 0.188 0.208 0.280 0.197 
 16    (0)   :  0.013 0.018 0.026 0.151 0.094 0.164 0.533 
 17    (0)   :  0.010 0.017 0.037 0.129 0.199 0.135 0.474 
 18    (0)   :  0.010 0.033 0.050 0.105 0.257 0.163 0.381 
 19    (0)   :  0.007 0.013 0.031 0.144 0.106 0.120 0.579 
 20    (0)   :  0.007 0.028 0.045 0.268 0.253 0.143 0.256 
 21    (0)   :  0.011 0.019 0.076 0.113 0.310 0.233 0.238 
 22    (0)   :  0.008 0.014 0.029 0.101 0.097 0.175 0.576 
 23    (0)   :  0.020 0.032 0.043 0.131 0.241 0.387 0.146 
 24    (0)   :  0.011 0.020 0.037 0.127 0.104 0.323 0.378 
 25    (0)   :  0.006 0.027 0.026 0.285 0.161 0.079 0.416 
 26    (0)   :  0.007 0.019 0.055 0.121 0.171 0.183 0.442 
 27    (0)   :  0.012 0.015 0.040 0.133 0.186 0.181 0.433 
 28    (0)   :  0.014 0.019 0.239 0.211 0.114 0.177 0.226 
 29    (0)   :  0.011 0.012 0.024 0.284 0.231 0.187 0.252 
 30    (0)   :  0.011 0.016 0.024 0.098 0.136 0.153 0.563 
 31    (0)   :  0.012 0.014 0.139 0.207 0.232 0.112 0.285 
 32    (0)   :  0.006 0.025 0.066 0.144 0.192 0.238 0.328 
 33    (0)   :  0.016 0.023 0.027 0.213 0.121 0.302 0.298 
 34    (0)   :  0.016 0.027 0.123 0.390 0.084 0.075 0.285 
 35    (0)   :  0.026 0.012 0.021 0.108 0.325 0.148 0.360 
 36    (0)   :  0.041 0.143 0.023 0.110 0.252 0.226 0.205 
 37    (0)   :  0.007 0.012 0.036 0.147 0.188 0.384 0.225 
 38    (0)   :  0.064 0.304 0.018 0.211 0.143 0.102 0.157 
 39    (0)   :  0.049 0.037 0.030 0.237 0.243 0.134 0.270 
 40    (0)   :  0.023 0.023 0.028 0.081 0.264 0.365 0.217 
 41    (0)   :  0.268 0.034 0.019 0.163 0.175 0.170 0.170 
 42    (0)   :  0.088 0.065 0.031 0.096 0.108 0.474 0.138 
 43    (0)   :  0.025 0.012 0.029 0.178 0.288 0.311 0.157 
 44    (0)   :  0.044 0.010 0.018 0.114 0.390 0.181 0.243 
 45    (0)   :  0.103 0.060 0.018 0.120 0.368 0.120 0.210 
 46    (0)   :  0.013 0.015 0.030 0.154 0.288 0.095 0.404 
 47    (0)   :  0.021 0.011 0.033 0.143 0.167 0.199 0.426 
 48    (0)   :  0.038 0.014 0.018 0.082 0.438 0.176 0.234 
 49    (0)   :  0.065 0.019 0.028 0.140 0.258 0.200 0.291 
 50    (0)   :  0.019 0.017 0.080 0.243 0.161 0.082 0.399 
 51    (0)   :  0.179 0.082 0.019 0.092 0.319 0.192 0.117 
 52    (0)   :  0.073 0.021 0.030 0.238 0.173 0.168 0.296 
 53    (0)   :  0.038 0.186 0.040 0.183 0.122 0.152 0.278 
 54    (0)   :  0.017 0.009 0.031 0.143 0.354 0.216 0.230 
 55    (0)   :  0.010 0.012 0.025 0.121 0.527 0.147 0.158 
 56    (0)   :  0.024 0.030 0.029 0.083 0.361 0.195 0.277 
 57    (0)   :  0.012 0.015 0.105 0.155 0.088 0.197 0.428 
 58    (0)   :  0.032 0.024 0.024 0.140 0.379 0.212 0.188 
 59    (0)   :  0.134 0.091 0.027 0.132 0.243 0.167 0.206 
 60    (0)   :  0.017 0.035 0.048 0.112 0.333 0.306 0.148 
 61    (0)   :  0.010 0.009 0.033 0.092 0.557 0.210 0.088 
 62    (0)   :  0.049 0.014 0.044 0.136 0.264 0.119 0.374 
 63    (0)   :  0.013 0.022 0.032 0.275 0.228 0.285 0.145 
 64    (0)   :  0.017 0.034 0.023 0.122 0.194 0.107 0.503 
 65    (0)   :  0.010 0.013 0.022 0.499 0.186 0.078 0.192 
 66    (0)   :  0.010 0.014 0.056 0.199 0.300 0.279 0.143 
 67    (0)   :  0.012 0.010 0.021 0.134 0.532 0.131 0.160 
 68    (0)   :  0.118 0.101 0.032 0.126 0.228 0.203 0.193 
 69    (0)   :  0.131 0.214 0.142 0.155 0.117 0.081 0.160 
 70    (0)   :  0.018 0.061 0.026 0.267 0.191 0.309 0.127 
 71    (0)   :  0.146 0.074 0.019 0.133 0.353 0.092 0.183 
 72    (0)   :  0.016 0.032 0.024 0.156 0.217 0.150 0.406 
 73    (0)   :  0.056 0.017 0.022 0.160 0.500 0.110 0.134 
 74    (0)   :  0.029 0.128 0.027 0.091 0.191 0.339 0.195 
 75    (0)   :  0.034 0.075 0.028 0.070 0.192 0.429 0.172 
 76    (0)   :  0.010 0.014 0.023 0.323 0.311 0.172 0.146 
 77    (0)   :  0.197 0.083 0.017 0.204 0.210 0.133 0.156 
 78    (0)   :  0.196 0.212 0.017 0.168 0.142 0.139 0.126 
 79    (0)   :  0.007 0.017 0.030 0.381 0.112 0.125 0.327 
 80    (0)   :  0.007 0.014 0.065 0.160 0.088 0.526 0.140 
 81    (0)   :  0.006 0.016 0.099 0.224 0.092 0.364 0.199 
 82    (0)   :  0.013 0.015 0.036 0.214 0.299 0.264 0.159 
 83    (0)   :  0.006 0.039 0.073 0.246 0.152 0.291 0.192 
 84    (0)   :  0.007 0.020 0.073 0.347 0.109 0.257 0.187 
 85    (0)   :  0.006 0.043 0.078 0.159 0.131 0.312 0.272 
 86    (0)   :  0.014 0.015 0.028 0.169 0.437 0.103 0.234 
 87    (0)   :  0.007 0.032 0.037 0.493 0.123 0.139 0.169 
 88    (0)   :  0.006 0.015 0.046 0.243 0.130 0.400 0.160 
 89    (0)   :  0.007 0.014 0.069 0.186 0.114 0.444 0.165 
 90    (0)   :  0.007 0.015 0.038 0.514 0.123 0.149 0.154 
 91    (0)   :  0.005 0.039 0.074 0.139 0.109 0.473 0.161 
 92    (0)   :  0.007 0.016 0.041 0.298 0.160 0.212 0.266 
 93    (0)   :  0.009 0.012 0.273 0.089 0.090 0.410 0.117 
 94    (0)   :  0.007 0.077 0.030 0.555 0.083 0.106 0.144 
 95    (0)   :  0.006 0.015 0.046 0.433 0.105 0.287 0.107 
 96    (0)   :  0.014 0.011 0.036 0.114 0.358 0.376 0.091 
 97    (0)   :  0.020 0.087 0.031 0.080 0.224 0.346 0.212 
 98    (0)   :  0.021 0.014 0.021 0.138 0.268 0.272 0.265 
 99    (0)   :  0.007 0.017 0.072 0.379 0.108 0.245 0.172 
100    (0)   :  0.007 0.010 0.050 0.078 0.154 0.599 0.102 
101    (0)   :  0.007 0.034 0.046 0.347 0.160 0.246 0.160 
102    (0)   :  0.015 0.033 0.061 0.253 0.134 0.398 0.105 
103    (0)   :  0.010 0.012 0.086 0.287 0.352 0.149 0.104 
104    (0)   :  0.007 0.012 0.093 0.528 0.185 0.057 0.118 
105    (0)   :  0.018 0.011 0.136 0.415 0.240 0.082 0.099 
106    (0)   :  0.008 0.025 0.018 0.560 0.117 0.064 0.208 
107    (0)   :  0.010 0.012 0.073 0.400 0.267 0.134 0.104 
108    (0)   :  0.006 0.163 0.030 0.098 0.526 0.079 0.098 
109    (0)   :  0.121 0.042 0.023 0.375 0.200 0.060 0.179 
110    (0)   :  0.011 0.025 0.020 0.610 0.082 0.073 0.179 
111    (0)   :  0.015 0.012 0.034 0.612 0.147 0.079 0.100 
112    (0)   :  0.196 0.021 0.021 0.474 0.108 0.071 0.108 
113    (0)   :  0.011 0.026 0.039 0.163 0.414 0.145 0.203 
114    (0)   :  0.013 0.011 0.121 0.514 0.165 0.065 0.111 
115    (0)   :  0.015 0.017 0.029 0.421 0.255 0.144 0.119 
116    (0)   :  0.022 0.052 0.018 0.373 0.273 0.080 0.182 
117    (0)   :  0.036 0.022 0.023 0.544 0.086 0.111 0.178 
118    (0)   :  0.013 0.017 0.029 0.240 0.490 0.083 0.128 
119    (0)   :  0.009 0.030 0.037 0.218 0.228 0.386 0.091 
120    (0)   :  0.025 0.016 0.039 0.430 0.240 0.123 0.127 
121    (0)   :  0.049 0.023 0.023 0.400 0.270 0.110 0.124 
122    (0)   :  0.018 0.019 0.031 0.513 0.139 0.074 0.207 
123    (0)   :  0.011 0.026 0.039 0.526 0.169 0.102 0.126 
124    (0)   :  0.057 0.026 0.027 0.337 0.259 0.081 0.214 
125    (0)   :  0.066 0.044 0.023 0.282 0.106 0.131 0.348 
126    (0)   :  0.013 0.029 0.033 0.425 0.228 0.129 0.144 
127    (0)   :  0.009 0.011 0.032 0.586 0.192 0.085 0.085 
128    (0)   :  0.012 0.010 0.027 0.219 0.498 0.088 0.145 
129    (0)   :  0.010 0.012 0.030 0.437 0.334 0.070 0.107 
130    (0)   :  0.019 0.012 0.077 0.475 0.178 0.116 0.123 
131    (0)   :  0.093 0.165 0.022 0.311 0.158 0.073 0.177 
132    (0)   :  0.013 0.018 0.025 0.471 0.231 0.061 0.181 
133    (0)   :  0.013 0.018 0.046 0.448 0.262 0.104 0.109 
134    (0)   :  0.015 0.016 0.016 0.671 0.080 0.054 0.148 
135    (0)   :  0.017 0.017 0.089 0.079 0.282 0.404 0.111 
136    (0)   :  0.009 0.012 0.271 0.067 0.101 0.358 0.183 
137    (0)   :  0.012 0.013 0.122 0.110 0.068 0.568 0.107 
138    (0)   :  0.008 0.018 0.515 0.071 0.091 0.174 0.123 
139    (0)   :  0.009 0.014 0.133 0.078 0.491 0.130 0.146 
140    (0)   :  0.013 0.018 0.146 0.133 0.177 0.337 0.176 
141    (0)   :  0.009 0.017 0.422 0.073 0.123 0.124 0.231 
142    (0)   :  0.020 0.016 0.156 0.077 0.339 0.291 0.101 
143    (0)   :  0.006 0.010 0.093 0.061 0.074 0.671 0.085 
144    (0)   :  0.011 0.011 0.089 0.102 0.072 0.627 0.088 
145    (0)   :  0.013 0.017 0.132 0.074 0.164 0.300 0.300 
146    (0)   :  0.010 0.019 0.232 0.137 0.124 0.249 0.229 
147    (0)   :  0.007 0.012 0.255 0.064 0.068 0.489 0.106 
148    (0)   :  0.017 0.011 0.302 0.108 0.205 0.205 0.151 
149    (0)   :  0.014 0.019 0.366 0.069 0.173 0.224 0.137 
150    (0)   :  0.016 0.012 0.144 0.163 0.117 0.414 0.133 
151    (0)   :  0.007 0.011 0.122 0.081 0.103 0.573 0.102 
152    (0)   :  0.012 0.026 0.224 0.094 0.244 0.237 0.164 
153    (0)   :  0.014 0.018 0.402 0.095 0.126 0.208 0.137 
154    (0)   :  0.008 0.012 0.463 0.066 0.168 0.149 0.134 
155    (0)   :  0.006 0.010 0.541 0.092 0.096 0.157 0.098 
156    (0)   :  0.013 0.011 0.266 0.093 0.219 0.321 0.078 
157    (0)   :  0.007 0.015 0.386 0.196 0.076 0.225 0.095 
158    (0)   :  0.013 0.018 0.144 0.073 0.122 0.334 0.296 
159    (0)   :  0.007 0.012 0.458 0.062 0.076 0.285 0.099 
160    (0)   :  0.006 0.011 0.525 0.063 0.090 0.199 0.104 
161    (0)   :  0.010 0.017 0.064 0.095 0.094 0.558 0.161 
162    (0)   :  0.009 0.016 0.260 0.133 0.180 0.146 0.256 
163    (0)   :  0.008 0.011 0.484 0.085 0.113 0.213 0.087 
164    (0)   :  0.007 0.013 0.360 0.135 0.163 0.153 0.170 
165    (0)   :  0.015 0.011 0.116 0.147 0.098 0.508 0.105 
166    (0)   :  0.007 0.046 0.337 0.194 0.145 0.176 0.095 
167    (0)   :  0.006 0.013 0.563 0.093 0.086 0.085 0.155 
168    (0)   :  0.008 0.047 0.350 0.086 0.131 0.231 0.148 
169    (0)   :  0.026 0.062 0.093 0.068 0.105 0.238 0.408 
170    (0)   :  0.008 0.011 0.039 0.085 0.117 0.647 0.093 
171    (0)   :  0.006 0.031 0.288 0.104 0.196 0.203 0.172 
172    (0)   :  0.053 0.071 0.132 0.066 0.165 0.332 0.181 
173    (0)   :  0.006 0.010 0.491 0.065 0.130 0.191 0.106 
174    (0)   :  0.006 0.011 0.477 0.092 0.087 0.204 0.123 
175    (0)   :  0.008 0.011 0.120 0.064 0.079 0.544 0.175 
176    (0)   :  0.011 0.011 0.089 0.103 0.072 0.626 0.088 
177    (0)   :  0.011 0.027 0.338 0.215 0.098 0.162 0.149 
178    (0)   :  0.007 0.011 0.468 0.094 0.097 0.138 0.186 
179    (0)   :  0.005 0.010 0.579 0.065 0.084 0.154 0.103 
180    (0)   :  0.011 0.019 0.204 0.101 0.111 0.332 0.221 
181    (0)   :  0.012 0.016 0.110 0.073 0.188 0.436 0.165 
182    (0)   :  0.007 0.011 0.120 0.066 0.173 0.527 0.096 
183    (0)   :  0.006 0.011 0.222 0.066 0.098 0.482 0.115 
184    (0)   :  0.007 0.015 0.027 0.119 0.459 0.115 0.258 
185    (0)   :  0.011 0.010 0.301 0.056 0.213 0.335 0.074 
186    (0)   :  0.006 0.010 0.027 0.223 0.350 0.126 0.258 
187    (0)   :  0.006 0.012 0.125 0.113 0.348 0.236 0.160 
188    (0)   :  0.007 0.009 0.022 0.176 0.493 0.084 0.210 
189    (0)   :  0.007 0.052 0.061 0.101 0.199 0.315 0.266 
190    (0)   :  0.009 0.009 0.048 0.061 0.568 0.240 0.065 
191    (0)   :  0.007 0.010 0.042 0.104 0.540 0.133 0.164 
192    (0)   :  0.006 0.012 0.052 0.157 0.242 0.346 0.185 
193    (0)   :  0.008 0.013 0.045 0.113 0.325 0.273 0.224 
194    (0)   :  0.007 0.013 0.041 0.137 0.269 0.390 0.143 
195    (0)   :  0.007 0.009 0.090 0.064 0.407 0.333 0.091 
196    (0)   :  0.009 0.011 0.046 0.083 0.562 0.207 0.083 
197    (0)   :  0.007 0.012 0.084 0.158 0.293 0.140 0.306 
198    (0)   :  0.007 0.017 0.046 0.175 0.267 0.225 0.263 
199    (0)   :  0.008 0.016 0.029 0.089 0.446 0.311 0.100 
200    (0)   :  0.010 0.021 0.046 0.090 0.523 0.172 0.138 
201    (0)   :  0.006 0.009 0.281 0.076 0.310 0.208 0.111 
202    (0)   :  0.007 0.009 0.048 0.082 0.201 0.570 0.083 
203    (0)   :  0.007 0.010 0.168 0.071 0.373 0.282 0.090 
204    (0)   :  0.007 0.009 0.043 0.070 0.576 0.209 0.085 
205    (0)   :  0.006 0.016 0.039 0.091 0.574 0.155 0.119 
206    (0)   :  0.006 0.009 0.062 0.071 0.540 0.198 0.115 
207    (0)   :  0.007 0.009 0.024 0.096 0.605 0.161 0.097 
208    (0)   :  0.006 0.009 0.153 0.075 0.534 0.126 0.096 
209    (0)   :  0.008 0.010 0.038 0.109 0.450 0.206 0.178 
210    (0)   :  0.007 0.009 0.058 0.089 0.543 0.192 0.102 
211    (0)   :  0.012 0.009 0.040 0.110 0.472 0.270 0.086 
212    (0)   :  0.008 0.011 0.068 0.075 0.196 0.501 0.141 
213    (0)   :  0.013 0.016 0.031 0.166 0.385 0.256 0.133 
214    (0)   :  0.007 0.009 0.063 0.071 0.261 0.486 0.103 
215    (0)   :  0.007 0.014 0.035 0.097 0.641 0.103 0.103 
216    (0)   :  0.006 0.014 0.032 0.131 0.362 0.157 0.297 
217    (0)   :  0.006 0.013 0.075 0.070 0.317 0.406 0.113 
218    (0)   :  0.006 0.015 0.045 0.111 0.491 0.188 0.144 
219    (0)   :  0.006 0.022 0.081 0.105 0.234 0.260 0.292 
220    (0)   :  0.007 0.009 0.039 0.085 0.627 0.132 0.101 
221    (0)   :  0.008 0.009 0.034 0.057 0.136 0.679 0.077 
222    (0)   :  0.006 0.014 0.043 0.132 0.241 0.209 0.356 
223    (0)   :  0.006 0.016 0.144 0.112 0.256 0.284 0.181 
224    (0)   :  0.007 0.009 0.082 0.075 0.367 0.347 0.113 
225    (0)   :  0.007 0.012 0.044 0.088 0.515 0.221 0.113 
226    (0)   :  0.008 0.098 0.052 0.098 0.366 0.201 0.177 
227    (0)   :  0.007 0.009 0.063 0.095 0.406 0.326 0.093 
228    (0)   :  0.009 0.009 0.088 0.058 0.470 0.284 0.082 
229    (0)   :  0.007 0.009 0.072 0.093 0.291 0.396 0.132 
230    (0)   :  0.008 0.009 0.055 0.084 0.407 0.329 0.109 
231    (0)   :  0.007 0.010 0.111 0.087 0.343 0.254 0.187 
232    (0)   :  0.009 0.019 0.036 0.123 0.219 0.422 0.171 
233    (0)   :  0.006 0.009 0.274 0.072 0.263 0.268 0.107 
234    (0)   :  0.007 0.012 0.071 0.137 0.317 0.217 0.239 
235    (0)   :  0.007 0.018 0.054 0.095 0.310 0.354 0.163 
236    (0)   :  0.007 0.012 0.080 0.092 0.305 0.360 0.145 
237    (0)   :  0.008 0.010 0.033 0.087 0.618 0.131 0.113 
238    (0)   :  0.007 0.009 0.057 0.096 0.221 0.494 0.116 
239    (0)   :  0.007 0.009 0.088 0.063 0.406 0.336 0.089 
240    (0)   :  0.007 0.009 0.056 0.095 0.219 0.495 0.117 
241    (0)   :  0.007 0.012 0.055 0.075 0.193 0.555 0.103 
242    (0)   :  0.007 0.022 0.058 0.096 0.373 0.245 0.199 
243    (0)   :  0.009 0.009 0.047 0.066 0.593 0.202 0.074 
244    (0)   :  0.007 0.009 0.082 0.071 0.394 0.339 0.098 
245    (0)   :  0.007 0.009 0.237 0.080 0.202 0.373 0.092 
246    (0)   :  0.007 0.013 0.072 0.070 0.318 0.406 0.115 
247    (0)   :  0.009 0.019 0.024 0.317 0.370 0.110 0.152 
248    (0)   :  0.006 0.011 0.026 0.112 0.641 0.089 0.115 
249    (0)   :  0.007 0.009 0.043 0.087 0.273 0.464 0.118 
250    (0)   :  0.007 0.012 0.056 0.110 0.308 0.343 0.165 
251    (0)   :  0.008 0.040 0.045 0.127 0.414 0.147 0.218 
252    (0)   :  0.006 0.012 0.061 0.098 0.349 0.335 0.139 
253    (0)   :  0.007 0.023 0.028 0.158 0.438 0.193 0.153 
254    (0)   :  0.006 0.011 0.055 0.114 0.345 0.189 0.279 
255    (0)   :  0.007 0.010 0.051 0.124 0.286 0.282 0.239 
256    (0)   :  0.007 0.012 0.045 0.084 0.347 0.385 0.121 
257    (0)   :  0.008 0.013 0.048 0.115 0.414 0.266 0.136 
258    (0)   :  0.009 0.013 0.046 0.132 0.533 0.132 0.135 
259    (0)   :  0.007 0.011 0.041 0.104 0.425 0.264 0.148 
260    (0)   :  0.006 0.012 0.077 0.115 0.176 0.324 0.290 
261    (0)   :  0.006 0.013 0.084 0.081 0.337 0.356 0.123 
262    (0)   :  0.007 0.012 0.051 0.058 0.419 0.372 0.080 
263    (0)   :  0.007 0.009 0.033 0.094 0.569 0.118 0.170 
264    (0)   :  0.007 0.014 0.021 0.122 0.273 0.083 0.481 
265    (0)   :  0.006 0.017 0.082 0.096 0.422 0.203 0.175 
266    (0)   :  0.007 0.009 0.054 0.059 0.196 0.597 0.077 
267    (0)   :  0.008 0.010 0.050 0.118 0.340 0.294 0.180 
268    (0)   :  0.008 0.011 0.047 0.083 0.560 0.208 0.083 
269    (0)   :  0.006 0.030 0.092 0.103 0.271 0.216 0.281 
270    (0)   :  0.007 0.011 0.044 0.135 0.399 0.128 0.276 
271    (0)   :  0.007 0.016 0.043 0.119 0.548 0.139 0.129 
272    (0)   :  0.009 0.090 0.045 0.101 0.483 0.147 0.125 
273    (0)   :  0.017 0.031 0.110 0.136 0.242 0.238 0.225 
274    (0)   :  0.007 0.022 0.047 0.111 0.443 0.182 0.188 
275    (0)   :  0.009 0.031 0.094 0.088 0.455 0.149 0.174 
276    (0)   :  0.009 0.062 0.028 0.108 0.478 0.188 0.127 
277    (0)   :  0.006 0.015 0.071 0.112 0.259 0.334 0.203 
278    (0)   :  0.007 0.014 0.044 0.083 0.648 0.108 0.096 
279    (0)   :  0.006 0.015 0.054 0.106 0.393 0.257 0.168 
280    (0)   :  0.007 0.025 0.055 0.088 0.393 0.207 0.226 
281    (0)   :  0.006 0.014 0.049 0.145 0.416 0.192 0.178 
282    (0)   :  0.006 0.012 0.105 0.098 0.196 0.412 0.170 
283    (0)   :  0.006 0.009 0.103 0.092 0.183 0.483 0.123 
284    (0)   :  0.010 0.013 0.093 0.141 0.342 0.259 0.142 
285    (0)   :  0.009 0.016 0.020 0.110 0.643 0.074 0.129 
286    (0)   :  0.007 0.009 0.080 0.072 0.393 0.340 0.099 
287    (0)   :  0.006 0.023 0.067 0.137 0.283 0.242 0.242 
288    (0)   :  0.008 0.058 0.042 0.097 0.501 0.151 0.143 
289    (0)   :  0.011 0.036 0.040 0.143 0.499 0.141 0.132 
290    (0)   :  0.024 0.014 0.026 0.086 0.374 0.243 0.232 
291    (0)   :  0.007 0.016 0.043 0.119 0.546 0.140 0.129 
292    (0)   :  0.008 0.028 0.052 0.079 0.392 0.268 0.173 
293    (0)   :  0.024 0.014 0.026 0.103 0.400 0.132 0.303 
294    (0)   :  0.008 0.011 0.026 0.095 0.569 0.126 0.165 
295    (0)   :  0.015 0.060 0.068 0.122 0.432 0.150 0.152 
296    (0)   :  0.007 0.014 0.041 0.108 0.592 0.133 0.105 
297    (0)   :  0.008 0.024 0.037 0.102 0.369 0.185 0.274 
298    (0)   :  0.006 0.012 0.070 0.119 0.196 0.397 0.199 
299    (0)   :  0.007 0.009 0.040 0.116 0.419 0.164 0.245 
300    (0)   :  0.009 0.012 0.025 0.082 0.628 0.116 0.128 
301    (0)   :  0.007 0.017 0.042 0.105 0.413 0.120 0.294 
302    (0)   :  0.009 0.012 0.037 0.089 0.611 0.097 0.144 
303    (0)   :  0.009 0.013 0.068 0.081 0.316 0.362 0.153 
304    (0)   :  0.007 0.010 0.238 0.137 0.124 0.174 0.309 
305    (0)   :  0.008 0.013 0.080 0.063 0.529 0.212 0.095 
306    (0)   :  0.006 0.018 0.056 0.079 0.233 0.467 0.141 
307    (0)   :  0.006 0.015 0.047 0.106 0.306 0.341 0.179 
308    (0)   :  0.006 0.012 0.085 0.082 0.338 0.354 0.123 
309    (0)   :  0.024 0.018 0.058 0.120 0.559 0.119 0.102 
310    (0)   :  0.007 0.009 0.054 0.069 0.472 0.296 0.092 
311    (0)   :  0.007 0.009 0.056 0.084 0.408 0.326 0.110 
312    (0)   :  0.008 0.009 0.039 0.100 0.627 0.131 0.086 
313    (0)   :  0.007 0.011 0.025 0.081 0.696 0.095 0.084 
314    (0)   :  0.012 0.014 0.381 0.061 0.103 0.345 0.085 
315    (0)   :  0.007 0.026 0.484 0.077 0.116 0.194 0.097 
316    (0)   :  0.006 0.039 0.560 0.080 0.078 0.125 0.113 
317    (0)   :  0.009 0.013 0.465 0.062 0.074 0.284 0.092 
318    (0)   :  0.006 0.012 0.653 0.062 0.057 0.116 0.094 
319    (0)   :  0.006 0.011 0.176 0.062 0.083 0.571 0.091 
320    (0)   :  0.011 0.013 0.380 0.061 0.104 0.345 0.085 
321    (0)   :  0.009 0.014 0.494 0.064 0.068 0.252 0.099 
322    (0)   :  0.009 0.037 0.316 0.082 0.106 0.344 0.107 
323    (0)   :  0.005 0.011 0.598 0.062 0.063 0.161 0.100 
324    (0)   :  0.009 0.014 0.493 0.064 0.068 0.253 0.100 
325    (0)   :  0.006 0.034 0.589 0.078 0.073 0.114 0.106 
326    (0)   :  0.007 0.044 0.585 0.077 0.070 0.115 0.102 
327    (0)   :  0.008 0.013 0.465 0.063 0.073 0.286 0.092 
328    (0)   :  0.007 0.029 0.298 0.081 0.099 0.377 0.109 
329    (0)   :  0.005 0.011 0.516 0.062 0.058 0.254 0.094 
330    (0)   :  0.009 0.014 0.466 0.062 0.072 0.287 0.091 
331    (0)   :  0.005 0.011 0.607 0.062 0.064 0.154 0.096 
332    (0)   :  0.006 0.037 0.583 0.079 0.070 0.114 0.111 
333    (0)   :  0.007 0.035 0.535 0.079 0.082 0.159 0.104 
334    (0)   :  0.007 0.028 0.300 0.080 0.099 0.375 0.110 
335    (0)   :  0.007 0.026 0.269 0.077 0.093 0.433 0.095 
336    (0)   :  0.008 0.013 0.588 0.061 0.084 0.151 0.095 
337    (0)   :  0.009 0.040 0.426 0.080 0.089 0.245 0.111 
338    (0)   :  0.006 0.013 0.654 0.062 0.056 0.115 0.096 
339    (0)   :  0.005 0.011 0.606 0.062 0.064 0.155 0.097 
340    (0)   :  0.005 0.010 0.586 0.061 0.069 0.179 0.090 
341    (0)   :  0.007 0.013 0.566 0.062 0.064 0.190 0.098 
342    (0)   :  0.009 0.013 0.463 0.062 0.073 0.288 0.092 
343    (0)   :  0.009 0.027 0.241 0.076 0.117 0.425 0.105 
344    (0)   :  0.005 0.011 0.618 0.062 0.058 0.150 0.096 
345    (0)   :  0.009 0.013 0.462 0.063 0.073 0.288 0.092 
346    (0)   :  0.006 0.012 0.647 0.061 0.060 0.124 0.090 
347    (0)   :  0.005 0.010 0.606 0.061 0.061 0.167 0.089 
348    (0)   :  0.008 0.023 0.200 0.073 0.132 0.478 0.086 
349    (0)   :  0.009 0.013 0.464 0.062 0.072 0.288 0.091 
350    (0)   :  0.006 0.011 0.478 0.061 0.104 0.246 0.094 
351    (0)   :  0.007 0.026 0.266 0.078 0.092 0.437 0.095 
352    (0)   :  0.009 0.037 0.399 0.077 0.097 0.279 0.100 
353    (0)   :  0.008 0.013 0.586 0.061 0.085 0.152 0.094 
354    (0)   :  0.006 0.011 0.609 0.062 0.058 0.157 0.097 
355    (0)   :  0.006 0.012 0.653 0.062 0.056 0.115 0.096 
356    (0)   :  0.007 0.022 0.061 0.070 0.117 0.641 0.083 
357    (0)   :  0.006 0.050 0.315 0.116 0.101 0.153 0.259 
358    (0)   :  0.006 0.029 0.557 0.077 0.073 0.150 0.109 
359    (0)   :  0.005 0.011 0.606 0.062 0.063 0.154 0.098 
360    (0)   :  0.006 0.012 0.648 0.061 0.060 0.124 0.089 
361    (0)   :  0.008 0.049 0.081 0.117 0.119 0.371 0.255 
362    (0)   :  0.012 0.077 0.044 0.270 0.253 0.109 0.234 
363    (0)   :  0.012 0.035 0.025 0.368 0.154 0.090 0.316 
364    (0)   :  0.010 0.017 0.074 0.142 0.123 0.261 0.373 
365    (0)   :  0.020 0.042 0.029 0.134 0.114 0.092 0.570 
366    (0)   :  0.015 0.039 0.035 0.104 0.319 0.177 0.310 
367    (0)   :  0.008 0.041 0.020 0.605 0.073 0.065 0.187 
368    (0)   :  0.007 0.016 0.031 0.372 0.172 0.125 0.277 
369    (0)   :  0.047 0.020 0.053 0.126 0.156 0.334 0.265 
370    (0)   :  0.014 0.022 0.040 0.350 0.228 0.145 0.200 
371    (0)   :  0.016 0.017 0.046 0.145 0.228 0.157 0.391 
372    (0)   :  0.030 0.031 0.063 0.231 0.280 0.176 0.188 
373    (0)   :  0.010 0.015 0.032 0.356 0.110 0.206 0.272 
374    (0)   :  0.020 0.035 0.040 0.171 0.118 0.338 0.278 
375    (0)   :  0.013 0.020 0.027 0.282 0.097 0.083 0.477 
376    (0)   :  0.016 0.038 0.023 0.203 0.065 0.076 0.579 
377    (0)   :  0.012 0.043 0.053 0.199 0.264 0.093 0.336 
378    (0)   :  0.011 0.016 0.109 0.464 0.117 0.163 0.122 
379    (0)   :  0.045 0.050 0.023 0.208 0.082 0.071 0.520 
380    (0)   :  0.025 0.115 0.039 0.085 0.118 0.221 0.397 
381    (0)   :  0.021 0.022 0.027 0.076 0.123 0.227 0.505 
382    (0)   :  0.007 0.020 0.034 0.364 0.091 0.078 0.406 
383    (0)   :  0.016 0.126 0.164 0.081 0.102 0.084 0.429 
384    (0)   :  0.026 0.036 0.086 0.161 0.085 0.113 0.492 
385    (0)   :  0.118 0.014 0.169 0.198 0.100 0.104 0.296 
386    (0)   :  0.008 0.032 0.024 0.402 0.105 0.087 0.341 
387    (0)   :  0.010 0.025 0.039 0.347 0.112 0.086 0.381 
388    (0)   :  0.024 0.024 0.095 0.195 0.102 0.216 0.344 
389    (0)   :  0.027 0.017 0.031 0.131 0.562 0.084 0.148 
390    (0)   :  0.062 0.095 0.026 0.376 0.157 0.101 0.184 
391    (0)   :  0.048 0.030 0.032 0.285 0.232 0.183 0.191 
392    (0)   :  0.008 0.020 0.048 0.177 0.127 0.128 0.493 
393    (0)   :  0.069 0.127 0.040 0.104 0.097 0.154 0.408 
394    (0)   :  0.006 0.041 0.121 0.292 0.121 0.196 0.222 
395    (0)   :  0.019 0.098 0.026 0.227 0.340 0.100 0.190 
396    (0)   :  0.007 0.013 0.019 0.305 0.107 0.068 0.482 
397    (0)   :  0.006 0.011 0.043 0.102 0.211 0.208 0.419 
398    (0)   :  0.014 0.116 0.022 0.322 0.078 0.076 0.373 
399    (0)   :  0.017 0.047 0.026 0.525 0.165 0.097 0.122 
400    (0)   :  0.010 0.018 0.023 0.309 0.081 0.153 0.406 
401    (0)   :  0.016 0.020 0.030 0.480 0.162 0.150 0.143 
402    (0)   :  0.007 0.015 0.035 0.245 0.230 0.131 0.337 
403    (0)   :  0.014 0.023 0.132 0.170 0.137 0.292 0.232 
404    (0)   :  0.019 0.014 0.029 0.148 0.139 0.195 0.455 
405    (0)   :  0.007 0.047 0.032 0.164 0.206 0.157 0.387 
406    (0)   :  0.010 0.317 0.027 0.085 0.176 0.258 0.128 
407    (0)   :  0.011 0.066 0.019 0.143 0.085 0.071 0.606 
408    (0)   :  0.008 0.013 0.018 0.492 0.295 0.073 0.102 
409    (0)   :  0.088 0.080 0.028 0.102 0.086 0.437 0.179 
410    (0)   :  0.017 0.040 0.042 0.236 0.117 0.136 0.413 
411    (0)   :  0.009 0.018 0.096 0.142 0.144 0.119 0.472 
412    (0)   :  0.006 0.015 0.029 0.374 0.140 0.114 0.321 
413    (0)   :  0.007 0.017 0.098 0.399 0.133 0.150 0.197 
414    (0)   :  0.011 0.013 0.030 0.431 0.179 0.058 0.278 
415    (0)   :  0.013 0.045 0.020 0.186 0.165 0.126 0.445 
416    (0)   :  0.048 0.018 0.025 0.238 0.134 0.190 0.347 
417    (0)   :  0.008 0.183 0.023 0.233 0.094 0.100 0.358 
418    (0)   :  0.007 0.014 0.023 0.460 0.085 0.080 0.332 
419    (0)   :  0.040 0.028 0.058 0.200 0.137 0.260 0.277 
420    (0)   :  0.021 0.019 0.018 0.450 0.225 0.127 0.140 
421    (0)   :  0.010 0.058 0.023 0.333 0.127 0.118 0.331 
422    (0)   :  0.014 0.085 0.025 0.128 0.312 0.110 0.327 
423    (0)   :  0.009 0.053 0.036 0.230 0.197 0.104 0.371 
424    (0)   :  0.015 0.071 0.036 0.445 0.149 0.145 0.139 
425    (0)   :  0.033 0.021 0.055 0.166 0.138 0.131 0.456 
426    (0)   :  0.019 0.061 0.066 0.374 0.111 0.138 0.231 
427    (0)   :  0.017 0.175 0.122 0.285 0.080 0.071 0.249 
428    (0)   :  0.012 0.196 0.048 0.108 0.160 0.256 0.219 
429    (0)   :  0.010 0.034 0.020 0.387 0.072 0.067 0.410 
430    (0)   :  0.024 0.142 0.023 0.182 0.093 0.093 0.444 
431    (0)   :  0.013 0.041 0.060 0.388 0.187 0.121 0.190 
432    (0)   :  0.006 0.015 0.033 0.373 0.160 0.133 0.279 
433    (0)   :  0.007 0.013 0.076 0.169 0.208 0.345 0.183 
434    (0)   :  0.011 0.015 0.033 0.135 0.153 0.213 0.439 
435    (0)   :  0.008 0.327 0.021 0.253 0.087 0.070 0.234 
436    (0)   :  0.015 0.374 0.022 0.200 0.065 0.131 0.193 
437    (0)   :  0.006 0.036 0.023 0.142 0.094 0.076 0.623 
438    (0)   :  0.016 0.383 0.024 0.187 0.110 0.174 0.106 
439    (0)   :  0.020 0.320 0.027 0.172 0.062 0.107 0.292 
440    (0)   :  0.008 0.353 0.018 0.248 0.084 0.059 0.231 
441    (0)   :  0.014 0.079 0.038 0.200 0.085 0.172 0.412 
442    (0)   :  0.037 0.020 0.018 0.296 0.122 0.099 0.407 
443    (0)   :  0.017 0.065 0.019 0.479 0.193 0.082 0.145 
444    (0)   :  0.030 0.047 0.018 0.274 0.135 0.096 0.399 
445    (0)   :  0.073 0.053 0.029 0.102 0.099 0.272 0.372 
446    (0)   :  0.018 0.186 0.023 0.342 0.054 0.086 0.291 
447    (0)   :  0.030 0.244 0.027 0.178 0.114 0.173 0.234 
448    (0)   :  0.007 0.064 0.023 0.226 0.114 0.087 0.479 
449    (0)   :  0.008 0.066 0.031 0.182 0.119 0.137 0.458 
450    (0)   :  0.011 0.018 0.034 0.171 0.056 0.114 0.595 
451    (0)   :  0.006 0.028 0.018 0.574 0.143 0.061 0.170 
452    (0)   :  0.007 0.034 0.030 0.204 0.066 0.108 0.550 
453    (0)   :  0.027 0.024 0.023 0.260 0.309 0.213 0.143 
454    (0)   :  0.008 0.097 0.047 0.211 0.109 0.118 0.411 
455    (0)   :  0.013 0.464 0.019 0.187 0.089 0.088 0.140 
456    (0)   :  0.020 0.110 0.020 0.224 0.220 0.084 0.322 
457    (0)   :  0.007 0.078 0.024 0.128 0.084 0.087 0.592 
458    (0)   :  0.038 0.068 0.025 0.173 0.066 0.101 0.530 
459    (0)   :  0.018 0.123 0.035 0.375 0.062 0.195 0.191 
460    (0)   :  0.016 0.097 0.023 0.519 0.070 0.081 0.196 
461    (0)   :  0.011 0.021 0.023 0.611 0.052 0.077 0.204 
462    (0)   :  0.276 0.033 0.018 0.189 0.152 0.058 0.274 
463    (0)   :  0.022 0.300 0.028 0.131 0.245 0.146 0.129 
464    (0)   :  0.010 0.101 0.019 0.491 0.125 0.088 0.165 
465    (0)   :  0.018 0.040 0.025 0.495 0.109 0.106 0.207 
466    (0)   :  0.010 0.100 0.020 0.393 0.221 0.096 0.158 
467    (0)   :  0.082 0.053 0.031 0.252 0.139 0.135 0.309 
468    (0)   :  0.010 0.368 0.019 0.107 0.128 0.077 0.291 
469    (0)   :  0.016 0.530 0.023 0.123 0.055 0.077 0.178 
470    (0)   :  0.008 0.429 0.021 0.248 0.069 0.069 0.156 
471    (0)   :  0.012 0.025 0.021 0.231 0.283 0.092 0.336 
472    (0)   :  0.027 0.023 0.021 0.220 0.164 0.119 0.425 
473    (0)   :  0.007 0.069 0.032 0.176 0.160 0.132 0.423 
474    (0)   :  0.012 0.033 0.026 0.211 0.112 0.136 0.470 
475    (0)   :  0.010 0.040 0.036 0.440 0.102 0.173 0.199 
476    (0)   :  0.021 0.049 0.023 0.211 0.098 0.115 0.484 
477    (0)   :  0.018 0.044 0.025 0.492 0.096 0.156 0.169 
478    (0)   :  0.014 0.028 0.022 0.679 0.067 0.069 0.121 
479    (0)   :  0.008 0.148 0.021 0.351 0.071 0.071 0.330 
480    (0)   :  0.007 0.106 0.023 0.158 0.070 0.083 0.553 
481    (0)   :  0.010 0.020 0.021 0.171 0.196 0.080 0.503 
482    (0)   :  0.009 0.053 0.021 0.347 0.062 0.072 0.436 
483    (0)   :  0.010 0.401 0.025 0.183 0.062 0.106 0.213 
484    (0)   :  0.039 0.338 0.025 0.159 0.168 0.102 0.169 
485    (0)   :  0.007 0.587 0.021 0.145 0.059 0.070 0.111 
486    (0)   :  0.015 0.016 0.029 0.190 0.396 0.113 0.242 
487    (0)   :  0.011 0.016 0.063 0.163 0.213 0.184 0.351 
488    (0)   :  0.015 0.016 0.076 0.309 0.268 0.116 0.199 
489    (0)   :  0.013 0.011 0.032 0.098 0.198 0.285 0.364 
490    (0)   :  0.012 0.018 0.023 0.387 0.253 0.078 0.229 
491    (0)   :  0.021 0.012 0.035 0.115 0.347 0.243 0.226 
492    (0)   :  0.015 0.013 0.104 0.281 0.185 0.274 0.129 
493    (0)   :  0.013 0.012 0.062 0.143 0.445 0.078 0.248 
494    (0)   :  0.018 0.020 0.031 0.138 0.250 0.234 0.309 
495    (0)   :  0.052 0.014 0.073 0.334 0.156 0.197 0.175 
496    (0)   :  0.007 0.016 0.045 0.126 0.186 0.462 0.157 
497    (0)   :  0.028 0.012 0.090 0.115 0.314 0.149 0.291 
498    (0)   :  0.050 0.016 0.022 0.252 0.201 0.202 0.258 
499    (0)   :  0.009 0.014 0.080 0.099 0.224 0.279 0.295 
500    (0)   :  0.007 0.022 0.042 0.110 0.289 0.104 0.427 
501    (0)   :  0.008 0.016 0.044 0.160 0.117 0.293 0.362 
502    (0)   :  0.014 0.014 0.053 0.265 0.096 0.323 0.234 
503    (0)   :  0.007 0.018 0.024 0.142 0.137 0.088 0.583 
504    (0)   :  0.027 0.015 0.023 0.453 0.193 0.136 0.153 
505    (0)   :  0.009 0.017 0.032 0.132 0.422 0.239 0.150 
506    (0)   :  0.017 0.012 0.041 0.263 0.161 0.314 0.191 
507    (0)   :  0.007 0.011 0.066 0.067 0.167 0.578 0.104 
508    (0)   :  0.010 0.011 0.102 0.086 0.195 0.483 0.113 
509    (0)   :  0.007 0.015 0.054 0.121 0.380 0.271 0.152 
510    (0)   :  0.007 0.011 0.059 0.124 0.128 0.303 0.368 
511    (0)   :  0.017 0.055 0.023 0.244 0.192 0.142 0.328 
512    (0)   :  0.008 0.018 0.021 0.235 0.111 0.076 0.531 
513    (0)   :  0.131 0.010 0.032 0.199 0.428 0.119 0.080 
514    (0)   :  0.007 0.015 0.054 0.489 0.162 0.125 0.147 
515    (0)   :  0.014 0.062 0.080 0.128 0.232 0.167 0.317 
516    (0)   :  0.008 0.018 0.027 0.330 0.301 0.178 0.139 
517    (0)   :  0.010 0.060 0.050 0.247 0.237 0.233 0.163 
518    (0)   :  0.007 0.010 0.102 0.098 0.160 0.193 0.430 
519    (0)   :  0.010 0.020 0.029 0.496 0.123 0.188 0.135 
520    (0)   :  0.008 0.222 0.060 0.084 0.174 0.333 0.119 
521    (0)   :  0.008 0.014 0.267 0.246 0.208 0.147 0.110 
522    (0)   :  0.009 0.031 0.038 0.139 0.302 0.090 0.391 
523    (0)   :  0.010 0.040 0.055 0.210 0.286 0.298 0.100 
524    (0)   :  0.006 0.276 0.056 0.149 0.197 0.132 0.182 
525    (0)   :  0.007 0.040 0.073 0.094 0.173 0.256 0.356 
526    (0)   :  0.009 0.368 0.026 0.081 0.216 0.197 0.103 
527    (0)   :  0.008 0.012 0.037 0.211 0.133 0.096 0.503 
528    (0)   :  0.007 0.010 0.367 0.114 0.248 0.139 0.115 
529    (0)   :  0.013 0.011 0.058 0.157 0.258 0.207 0.296 
530    (0)   :  0.012 0.030 0.036 0.131 0.209 0.150 0.433 
531    (0)   :  0.010 0.042 0.272 0.137 0.149 0.142 0.248 
532    (0)   :  0.010 0.011 0.235 0.149 0.235 0.107 0.253 
533    (0)   :  0.008 0.027 0.042 0.110 0.294 0.120 0.400 
534    (0)   :  0.012 0.012 0.064 0.128 0.507 0.140 0.136 
535    (0)   :  0.011 0.053 0.026 0.301 0.262 0.200 0.147 
536    (0)   :  0.028 0.062 0.031 0.138 0.129 0.349 0.263 
537    (0)   :  0.018 0.016 0.030 0.118 0.132 0.534 0.152 
538    (0)   :  0.009 0.025 0.031 0.113 0.289 0.373 0.161 
539    (0)   :  0.007 0.009 0.043 0.075 0.128 0.621 0.116 
540    (0)   :  0.009 0.035 0.151 0.101 0.393 0.133 0.178 
541    (0)   :  0.036 0.019 0.193 0.125 0.148 0.291 0.189 
542    (0)   :  0.083 0.049 0.022 0.098 0.340 0.158 0.250 
543    (0)   :  0.026 0.047 0.112 0.240 0.300 0.171 0.104 
544    (0)   :  0.016 0.028 0.032 0.123 0.442 0.194 0.165 
545    (0)   :  0.035 0.212 0.020 0.151 0.326 0.122 0.136 
546    (0)   :  0.041 0.014 0.041 0.105 0.395 0.213 0.191 
547    (0)   :  0.022 0.057 0.029 0.143 0.258 0.389 0.102 
548    (0)   :  0.007 0.012 0.055 0.109 0.310 0.343 0.164 
549    (0)   :  0.033 0.080 0.031 0.087 0.068 0.538 0.163 
550    (0)   :  0.027 0.198 0.021 0.208 0.164 0.232 0.150 
551    (0)   :  0.009 0.023 0.042 0.107 0.078 0.604 0.138 
552    (0)   :  0.009 0.013 0.035 0.085 0.355 0.325 0.177 
553    (0)   :  0.031 0.037 0.058 0.157 0.359 0.276 0.082 
554    (0)   :  0.017 0.023 0.143 0.176 0.246 0.111 0.285 
555    (0)   :  0.024 0.016 0.038 0.115 0.183 0.490 0.135 
556    (0)   :  0.011 0.014 0.029 0.115 0.297 0.352 0.180 
557    (0)   :  0.028 0.228 0.036 0.216 0.125 0.215 0.153 
558    (0)   :  0.009 0.065 0.021 0.342 0.055 0.075 0.432 
559    (0)   :  0.008 0.013 0.027 0.291 0.338 0.125 0.197 
560    (0)   :  0.025 0.077 0.017 0.534 0.087 0.060 0.199 
561    (0)   :  0.013 0.028 0.022 0.340 0.175 0.079 0.343 
562    (0)   :  0.011 0.034 0.017 0.390 0.257 0.058 0.232 
563    (0)   :  0.017 0.027 0.029 0.405 0.075 0.309 0.138 
564    (0)   :  0.008 0.022 0.045 0.166 0.475 0.093 0.190 
565    (0)   :  0.010 0.098 0.022 0.124 0.072 0.086 0.589 
566    (0)   :  0.006 0.042 0.018 0.622 0.086 0.059 0.168 
567    (0)   :  0.007 0.016 0.022 0.183 0.515 0.082 0.175 
568    (0)   :  0.008 0.036 0.029 0.409 0.205 0.124 0.189 
569    (0)   :  0.007 0.050 0.044 0.306 0.217 0.094 0.281 
570    (0)   :  0.006 0.051 0.020 0.285 0.075 0.061 0.502 
571    (0)   :  0.006 0.034 0.028 0.607 0.115 0.091 0.119 
572    (0)   :  0.020 0.039 0.031 0.119 0.284 0.334 0.173 
573    (0)   :  0.007 0.182 0.037 0.167 0.339 0.113 0.155 
574    (0)   :  0.008 0.034 0.046 0.133 0.126 0.189 0.464 
575    (0)   :  0.009 0.023 0.034 0.413 0.113 0.224 0.183 
576    (0)   :  0.010 0.033 0.019 0.601 0.079 0.059 0.198 
577    (0)   :  0.008 0.017 0.031 0.153 0.099 0.219 0.473 
578    (0)   :  0.011 0.065 0.028 0.478 0.119 0.099 0.201 
579    (0)   :  0.024 0.025 0.031 0.244 0.221 0.074 0.382 
580    (0)   :  0.007 0.031 0.031 0.159 0.095 0.130 0.546 
581    (0)   :  0.008 0.053 0.029 0.356 0.088 0.107 0.360 
582    (0)   :  0.014 0.072 0.019 0.366 0.122 0.080 0.327 
583    (0)   :  0.007 0.035 0.033 0.500 0.100 0.088 0.237 
584    (0)   :  0.006 0.025 0.021 0.552 0.083 0.071 0.241 
585    (0)   :  0.012 0.040 0.022 0.411 0.103 0.088 0.324 
586    (0)   :  0.009 0.014 0.025 0.515 0.168 0.135 0.133 
587    (0)   :  0.014 0.014 0.018 0.198 0.256 0.072 0.427 
588    (0)   :  0.008 0.010 0.027 0.079 0.726 0.067 0.083 
589    (0)   :  0.009 0.181 0.025 0.223 0.198 0.068 0.297 
590    (0)   :  0.007 0.011 0.026 0.428 0.231 0.079 0.217 
591    (0)   :  0.006 0.017 0.029 0.570 0.116 0.097 0.165 
592    (0)   :  0.009 0.040 0.020 0.371 0.314 0.083 0.162 
593    (0)   :  0.008 0.062 0.035 0.358 0.169 0.145 0.223 
594    (0)   :  0.009 0.022 0.082 0.350 0.166 0.148 0.223 
595    (0)   :  0.014 0.012 0.019 0.181 0.124 0.062 0.587 
596    (0)   :  0.007 0.142 0.035 0.157 0.421 0.101 0.137 
597    (0)   :  0.008 0.028 0.185 0.455 0.144 0.096 0.084 
598    (0)   :  0.006 0.081 0.021 0.244 0.064 0.065 0.518 
599    (0)   :  0.006 0.027 0.019 0.546 0.163 0.064 0.175 
600    (0)   :  0.012 0.031 0.037 0.144 0.155 0.145 0.475 
601    (0)   :  0.013 0.029 0.017 0.437 0.147 0.076 0.281 
602    (0)   :  0.007 0.017 0.046 0.205 0.229 0.235 0.260 
603    (0)   :  0.007 0.014 0.053 0.216 0.284 0.202 0.224 
604    (0)   :  0.021 0.081 0.049 0.118 0.121 0.123 0.487 
605    (0)   :  0.012 0.028 0.029 0.258 0.244 0.112 0.317 
606    (0)   :  0.009 0.023 0.046 0.162 0.229 0.235 0.296 
607    (0)   :  0.007 0.023 0.071 0.134 0.121 0.245 0.398 
608    (0)   :  0.008 0.029 0.194 0.188 0.097 0.270 0.214 
609    (0)   :  0.011 0.025 0.023 0.168 0.108 0.165 0.500 
610    (0)   :  0.014 0.290 0.028 0.125 0.185 0.108 0.250 
611    (0)   :  0.008 0.018 0.049 0.236 0.270 0.218 0.202 
612    (0)   :  0.021 0.098 0.025 0.112 0.108 0.101 0.535 
613    (0)   :  0.008 0.030 0.037 0.156 0.259 0.119 0.390 
614    (0)   :  0.008 0.021 0.020 0.092 0.107 0.077 0.675 
615    (0)   :  0.010 0.059 0.031 0.093 0.112 0.134 0.562 
616    (0)   :  0.006 0.014 0.063 0.157 0.129 0.179 0.452 
617    (0)   :  0.028 0.036 0.033 0.154 0.231 0.070 0.449 
618    (0)   :  0.036 0.103 0.149 0.090 0.140 0.109 0.373 
619    (0)   :  0.007 0.055 0.047 0.305 0.242 0.176 0.168 
620    (0)   :  0.010 0.030 0.017 0.356 0.393 0.062 0.132 
621    (0)   :  0.006 0.022 0.024 0.389 0.084 0.094 0.381 
622    (0)   :  0.045 0.063 0.081 0.107 0.277 0.096 0.331 
623    (0)   :  0.006 0.027 0.026 0.323 0.251 0.100 0.267 
624    (0)   :  0.016 0.088 0.151 0.143 0.092 0.102 0.409 
625    (0)   :  0.018 0.032 0.088 0.190 0.094 0.142 0.435 
626    (0)   :  0.026 0.088 0.177 0.074 0.178 0.231 0.226 
627    (0)   :  0.009 0.018 0.035 0.227 0.266 0.118 0.327 
628    (0)   :  0.008 0.018 0.035 0.267 0.324 0.109 0.238 
629    (0)   :  0.007 0.014 0.034 0.241 0.166 0.145 0.393 
630    (0)   :  0.015 0.032 0.032 0.188 0.103 0.104 0.527 
631    (0)   :  0.007 0.017 0.030 0.145 0.129 0.115 0.556 
632    (0)   :  0.009 0.018 0.063 0.099 0.282 0.279 0.250 
633    (0)   :  0.010 0.043 0.056 0.168 0.112 0.147 0.463 
634    (0)   :  0.008 0.022 0.062 0.174 0.255 0.214 0.266 
635    (0)   :  0.007 0.020 0.071 0.103 0.125 0.423 0.253 
636    (0)   :  0.009 0.026 0.124 0.178 0.103 0.141 0.419 
637    (0)   :  0.013 0.024 0.031 0.148 0.314 0.223 0.247 
638    (0)   :  0.006 0.018 0.046 0.230 0.167 0.179 0.355 
639    (0)   :  0.009 0.026 0.050 0.106 0.143 0.127 0.539 
