

----------------------------------------------------
STRUCTURE by Pritchard, Stephens and Donnelly (2000)
     and Falush, Stephens and Pritchard (2003)
       Code by Pritchard, Falush and Hubisz
             Version 2.3.4 (Jul 2012)
----------------------------------------------------



Command line arguments:   ./structure -K 10 -D 110004 -m brooktrout/mainparams -e brooktrout/extraparams -o brooktrout/250914_output/results_K10_rep4 
Input File:    brooktrout/brooktrout.txt

Run parameters:
   8454 individuals
   5 loci
   10 populations assumed
   50000 Burn-in period
   100000 Reps
RANDOMIZE turned off


--------------------------------------------
Overall proportion of membership of the
sample in each of the 10 clusters

Inferred Clusters
  1      2      3      4      5      6      7      8      9     10    
0.009  0.010  0.033  0.075  0.079  0.117  0.163  0.160  0.184  0.170  

--------------------------------------------

Allele-freq. divergence among pops (Net nucleotide distance),
computed using point estimates of P.

      1       2       3       4       5       6       7       8       9      10      
 1      -    0.1530  0.1060  0.1418  0.1780  0.1169  0.1223  0.1278  0.1379  0.1466  
 2   0.1530     -    0.1615  0.1416  0.1813  0.1898  0.1528  0.1197  0.2092  0.2300  
 3   0.1060  0.1615     -    0.1970  0.1537  0.1530  0.1636  0.1376  0.0608  0.1294  
 4   0.1418  0.1416  0.1970     -    0.2148  0.1532  0.1178  0.1517  0.2425  0.1577  
 5   0.1780  0.1813  0.1537  0.2148     -    0.1751  0.1944  0.1958  0.1710  0.1320  
 6   0.1169  0.1898  0.1530  0.1532  0.1751     -    0.1145  0.1313  0.1850  0.1267  
 7   0.1223  0.1528  0.1636  0.1178  0.1944  0.1145     -    0.1151  0.2090  0.1413  
 8   0.1278  0.1197  0.1376  0.1517  0.1958  0.1313  0.1151     -    0.1646  0.1629  
 9   0.1379  0.2092  0.0608  0.2425  0.1710  0.1850  0.2090  0.1646     -    0.1303  
10   0.1466  0.2300  0.1294  0.1577  0.1320  0.1267  0.1413  0.1629  0.1303     -    

Average distances (expected heterozygosity) between individuals in same cluster:
cluster  1  : 0.8201 
cluster  2  : 0.7125 
cluster  3  : 0.7847 
cluster  4  : 0.6826 
cluster  5  : 0.7329 
cluster  6  : 0.7725 
cluster  7  : 0.7366 
cluster  8  : 0.6844 
cluster  9  : 0.6902 
cluster 10  : 0.7226 

--------------------------------------------
Estimated Ln Prob of Data   = -202304.0
Mean value of ln likelihood = -172014.1
Variance of ln likelihood   = 60579.7

Mean value of alpha_1       = 0.0470
Mean value of alpha_2       = 0.0512
Mean value of alpha_3       = 0.1758
Mean value of alpha_4       = 0.4017
Mean value of alpha_5       = 0.4316
Mean value of alpha_6       = 0.6516
Mean value of alpha_7       = 0.8827
Mean value of alpha_8       = 0.8779
Mean value of alpha_9       = 0.9671
Mean value of alpha_10       = 0.9368
Allele frequencies uncorrelated


Inferred ancestry of individuals:
     (%Miss) :  Inferred clusters
  1    (0)   :  0.005 0.006 0.032 0.046 0.076 0.093 0.104 0.344 0.197 0.095 
  2    (0)   :  0.004 0.004 0.015 0.059 0.039 0.146 0.108 0.095 0.102 0.428 
  3    (0)   :  0.006 0.007 0.025 0.204 0.088 0.058 0.127 0.159 0.192 0.132 
  4    (0)   :  0.012 0.010 0.064 0.079 0.064 0.077 0.117 0.089 0.355 0.134 
  5    (0)   :  0.005 0.004 0.019 0.075 0.042 0.257 0.123 0.111 0.103 0.262 
  6    (0)   :  0.007 0.005 0.019 0.222 0.041 0.075 0.161 0.190 0.139 0.142 
  7    (0)   :  0.006 0.006 0.019 0.064 0.034 0.145 0.338 0.192 0.101 0.095 
  8    (0)   :  0.022 0.009 0.108 0.145 0.052 0.076 0.139 0.110 0.218 0.122 
  9    (0)   :  0.008 0.006 0.023 0.094 0.050 0.113 0.113 0.177 0.151 0.264 
 10    (0)   :  0.008 0.005 0.099 0.087 0.034 0.118 0.161 0.201 0.152 0.136 
 11    (0)   :  0.004 0.006 0.018 0.050 0.033 0.148 0.199 0.350 0.092 0.099 
 12    (0)   :  0.005 0.004 0.015 0.072 0.046 0.187 0.130 0.122 0.163 0.255 
 13    (0)   :  0.007 0.005 0.022 0.063 0.052 0.129 0.184 0.198 0.144 0.197 
 14    (0)   :  0.004 0.008 0.036 0.108 0.115 0.078 0.093 0.131 0.132 0.295 
 15    (0)   :  0.006 0.011 0.024 0.093 0.060 0.109 0.150 0.121 0.247 0.178 
 16    (0)   :  0.005 0.005 0.021 0.076 0.052 0.124 0.134 0.358 0.114 0.111 
 17    (0)   :  0.011 0.005 0.019 0.124 0.074 0.160 0.131 0.160 0.157 0.159 
 18    (0)   :  0.009 0.011 0.019 0.122 0.062 0.069 0.099 0.173 0.165 0.271 
 19    (0)   :  0.006 0.005 0.017 0.164 0.035 0.117 0.152 0.185 0.143 0.177 
 20    (0)   :  0.005 0.009 0.017 0.122 0.053 0.169 0.189 0.118 0.155 0.163 
 21    (0)   :  0.005 0.005 0.025 0.047 0.084 0.090 0.102 0.206 0.209 0.226 
 22    (0)   :  0.009 0.005 0.023 0.168 0.051 0.078 0.116 0.241 0.160 0.148 
 23    (0)   :  0.008 0.012 0.057 0.094 0.106 0.088 0.104 0.099 0.214 0.218 
 24    (0)   :  0.005 0.005 0.024 0.045 0.056 0.089 0.111 0.334 0.199 0.131 
 25    (0)   :  0.006 0.008 0.018 0.187 0.047 0.159 0.190 0.128 0.087 0.170 
 26    (0)   :  0.007 0.007 0.017 0.072 0.051 0.141 0.131 0.199 0.209 0.166 
 27    (0)   :  0.006 0.005 0.020 0.076 0.079 0.165 0.122 0.236 0.146 0.146 
 28    (0)   :  0.005 0.005 0.098 0.050 0.047 0.062 0.162 0.198 0.212 0.159 
 29    (0)   :  0.004 0.004 0.019 0.058 0.052 0.189 0.176 0.158 0.122 0.217 
 30    (0)   :  0.005 0.005 0.019 0.111 0.062 0.089 0.103 0.313 0.124 0.169 
 31    (0)   :  0.015 0.005 0.086 0.057 0.076 0.125 0.150 0.181 0.132 0.172 
 32    (0)   :  0.005 0.007 0.032 0.212 0.050 0.075 0.105 0.091 0.206 0.218 
 33    (0)   :  0.005 0.005 0.029 0.115 0.072 0.075 0.184 0.182 0.189 0.144 
 34    (0)   :  0.006 0.007 0.087 0.191 0.040 0.162 0.210 0.093 0.115 0.088 
 35    (0)   :  0.011 0.005 0.018 0.115 0.142 0.174 0.098 0.143 0.107 0.187 
 36    (0)   :  0.005 0.026 0.021 0.040 0.185 0.064 0.099 0.309 0.098 0.153 
 37    (0)   :  0.007 0.005 0.028 0.066 0.069 0.075 0.125 0.131 0.185 0.309 
 38    (0)   :  0.005 0.171 0.017 0.053 0.068 0.132 0.187 0.163 0.083 0.120 
 39    (0)   :  0.008 0.010 0.018 0.077 0.108 0.126 0.186 0.187 0.120 0.160 
 40    (0)   :  0.004 0.008 0.033 0.064 0.256 0.085 0.086 0.153 0.124 0.186 
 41    (0)   :  0.007 0.009 0.026 0.077 0.292 0.102 0.150 0.155 0.081 0.100 
 42    (0)   :  0.005 0.014 0.090 0.031 0.135 0.083 0.090 0.232 0.232 0.087 
 43    (0)   :  0.008 0.005 0.040 0.059 0.253 0.079 0.128 0.096 0.124 0.208 
 44    (0)   :  0.007 0.004 0.021 0.117 0.319 0.072 0.110 0.103 0.082 0.166 
 45    (0)   :  0.005 0.020 0.016 0.032 0.136 0.123 0.107 0.245 0.085 0.231 
 46    (0)   :  0.010 0.005 0.015 0.168 0.113 0.124 0.149 0.146 0.119 0.150 
 47    (0)   :  0.021 0.005 0.029 0.110 0.075 0.119 0.111 0.169 0.139 0.222 
 48    (0)   :  0.008 0.006 0.020 0.129 0.330 0.082 0.084 0.086 0.089 0.165 
 49    (0)   :  0.008 0.006 0.021 0.060 0.129 0.166 0.102 0.227 0.124 0.158 
 50    (0)   :  0.010 0.006 0.057 0.176 0.069 0.102 0.194 0.144 0.101 0.142 
 51    (0)   :  0.004 0.019 0.022 0.033 0.401 0.063 0.088 0.169 0.079 0.121 
 52    (0)   :  0.008 0.006 0.018 0.071 0.121 0.144 0.188 0.213 0.133 0.098 
 53    (0)   :  0.008 0.032 0.041 0.113 0.087 0.064 0.182 0.229 0.113 0.130 
 54    (0)   :  0.008 0.004 0.021 0.050 0.113 0.124 0.102 0.105 0.145 0.328 
 55    (0)   :  0.006 0.005 0.018 0.062 0.251 0.100 0.108 0.087 0.116 0.246 
 56    (0)   :  0.006 0.011 0.026 0.114 0.149 0.125 0.088 0.155 0.139 0.185 
 57    (0)   :  0.014 0.006 0.033 0.087 0.043 0.159 0.130 0.162 0.247 0.120 
 58    (0)   :  0.005 0.009 0.022 0.036 0.166 0.141 0.110 0.192 0.118 0.201 
 59    (0)   :  0.005 0.036 0.026 0.044 0.110 0.203 0.101 0.212 0.120 0.142 
 60    (0)   :  0.004 0.010 0.031 0.041 0.267 0.063 0.109 0.162 0.152 0.162 
 61    (0)   :  0.004 0.004 0.023 0.030 0.209 0.078 0.090 0.089 0.148 0.326 
 62    (0)   :  0.009 0.005 0.018 0.075 0.055 0.265 0.120 0.159 0.137 0.157 
 63    (0)   :  0.004 0.006 0.031 0.054 0.109 0.076 0.199 0.137 0.159 0.223 
 64    (0)   :  0.006 0.013 0.015 0.118 0.049 0.163 0.113 0.233 0.095 0.194 
 65    (0)   :  0.006 0.005 0.016 0.088 0.052 0.147 0.279 0.095 0.085 0.228 
 66    (0)   :  0.005 0.005 0.034 0.044 0.066 0.098 0.148 0.110 0.180 0.309 
 67    (0)   :  0.005 0.004 0.018 0.050 0.214 0.088 0.112 0.089 0.094 0.325 
 68    (0)   :  0.006 0.029 0.029 0.038 0.130 0.150 0.103 0.235 0.133 0.147 
 69    (0)   :  0.007 0.063 0.166 0.108 0.079 0.131 0.095 0.146 0.099 0.104 
 70    (0)   :  0.004 0.010 0.030 0.060 0.243 0.070 0.200 0.140 0.124 0.118 
 71    (0)   :  0.006 0.027 0.018 0.046 0.166 0.170 0.112 0.198 0.076 0.181 
 72    (0)   :  0.006 0.007 0.020 0.079 0.119 0.071 0.112 0.358 0.088 0.140 
 73    (0)   :  0.005 0.008 0.021 0.038 0.151 0.182 0.116 0.114 0.087 0.278 
 74    (0)   :  0.004 0.025 0.031 0.041 0.140 0.065 0.091 0.300 0.149 0.153 
 75    (0)   :  0.005 0.014 0.030 0.036 0.156 0.082 0.078 0.254 0.161 0.183 
 76    (0)   :  0.005 0.004 0.019 0.067 0.167 0.066 0.228 0.101 0.110 0.231 
 77    (0)   :  0.005 0.027 0.027 0.046 0.170 0.133 0.184 0.174 0.085 0.149 
 78    (0)   :  0.005 0.140 0.030 0.049 0.134 0.127 0.167 0.139 0.089 0.121 
 79    (0)   :  0.005 0.005 0.020 0.051 0.034 0.102 0.245 0.228 0.110 0.200 
 80    (0)   :  0.005 0.005 0.034 0.034 0.042 0.060 0.153 0.120 0.373 0.174 
 81    (0)   :  0.005 0.005 0.027 0.034 0.034 0.058 0.199 0.146 0.309 0.184 
 82    (0)   :  0.005 0.005 0.025 0.045 0.086 0.162 0.141 0.137 0.167 0.227 
 83    (0)   :  0.005 0.008 0.027 0.068 0.059 0.055 0.227 0.122 0.226 0.203 
 84    (0)   :  0.005 0.005 0.025 0.053 0.039 0.070 0.257 0.152 0.221 0.174 
 85    (0)   :  0.005 0.010 0.030 0.089 0.056 0.069 0.140 0.176 0.250 0.176 
 86    (0)   :  0.007 0.007 0.016 0.067 0.096 0.160 0.126 0.109 0.113 0.299 
 87    (0)   :  0.005 0.010 0.033 0.055 0.062 0.077 0.334 0.140 0.118 0.166 
 88    (0)   :  0.005 0.005 0.031 0.037 0.042 0.086 0.187 0.149 0.252 0.206 
 89    (0)   :  0.005 0.005 0.046 0.034 0.038 0.068 0.146 0.144 0.239 0.274 
 90    (0)   :  0.004 0.005 0.020 0.044 0.037 0.092 0.324 0.132 0.131 0.211 
 91    (0)   :  0.005 0.010 0.038 0.066 0.058 0.056 0.135 0.133 0.353 0.146 
 92    (0)   :  0.005 0.005 0.022 0.046 0.040 0.108 0.190 0.196 0.150 0.239 
 93    (0)   :  0.005 0.005 0.101 0.034 0.044 0.071 0.090 0.128 0.379 0.144 
 94    (0)   :  0.004 0.011 0.020 0.055 0.059 0.052 0.451 0.143 0.106 0.099 
 95    (0)   :  0.004 0.005 0.028 0.035 0.039 0.075 0.312 0.104 0.217 0.181 
 96    (0)   :  0.005 0.004 0.046 0.032 0.203 0.075 0.102 0.090 0.192 0.252 
 97    (0)   :  0.005 0.013 0.023 0.036 0.101 0.082 0.081 0.277 0.161 0.221 
 98    (0)   :  0.004 0.005 0.036 0.051 0.137 0.104 0.114 0.170 0.121 0.257 
 99    (0)   :  0.004 0.005 0.025 0.045 0.036 0.072 0.267 0.139 0.208 0.200 
100    (0)   :  0.005 0.004 0.036 0.033 0.050 0.069 0.081 0.084 0.373 0.265 
101    (0)   :  0.006 0.012 0.074 0.056 0.075 0.083 0.215 0.140 0.126 0.213 
102    (0)   :  0.006 0.009 0.053 0.062 0.109 0.103 0.167 0.090 0.273 0.129 
103    (0)   :  0.005 0.004 0.051 0.050 0.045 0.070 0.171 0.078 0.128 0.398 
104    (0)   :  0.005 0.004 0.032 0.049 0.042 0.102 0.406 0.083 0.125 0.152 
105    (0)   :  0.006 0.004 0.071 0.044 0.050 0.180 0.207 0.077 0.141 0.220 
106    (0)   :  0.004 0.006 0.013 0.060 0.047 0.088 0.451 0.140 0.071 0.118 
107    (0)   :  0.006 0.005 0.033 0.054 0.050 0.100 0.248 0.082 0.137 0.284 
108    (0)   :  0.004 0.050 0.018 0.145 0.119 0.067 0.098 0.073 0.099 0.327 
109    (0)   :  0.005 0.013 0.019 0.053 0.062 0.280 0.222 0.133 0.071 0.141 
110    (0)   :  0.005 0.006 0.020 0.060 0.040 0.092 0.446 0.150 0.074 0.106 
111    (0)   :  0.007 0.006 0.018 0.050 0.044 0.179 0.350 0.080 0.109 0.157 
112    (0)   :  0.005 0.006 0.015 0.038 0.071 0.245 0.338 0.109 0.080 0.092 
113    (0)   :  0.005 0.010 0.025 0.058 0.065 0.105 0.121 0.148 0.112 0.351 
114    (0)   :  0.005 0.004 0.038 0.042 0.039 0.153 0.333 0.083 0.145 0.158 
115    (0)   :  0.005 0.005 0.032 0.068 0.117 0.174 0.279 0.085 0.110 0.125 
116    (0)   :  0.006 0.014 0.014 0.051 0.125 0.149 0.271 0.161 0.075 0.133 
117    (0)   :  0.006 0.007 0.034 0.058 0.058 0.194 0.307 0.157 0.085 0.093 
118    (0)   :  0.005 0.009 0.015 0.047 0.056 0.250 0.139 0.082 0.104 0.294 
119    (0)   :  0.004 0.006 0.049 0.054 0.224 0.053 0.158 0.079 0.195 0.178 
120    (0)   :  0.005 0.005 0.028 0.053 0.080 0.187 0.273 0.083 0.121 0.164 
121    (0)   :  0.010 0.008 0.033 0.057 0.152 0.196 0.241 0.105 0.079 0.119 
122    (0)   :  0.004 0.005 0.022 0.053 0.045 0.144 0.341 0.140 0.087 0.158 
123    (0)   :  0.005 0.006 0.024 0.059 0.060 0.097 0.354 0.109 0.117 0.169 
124    (0)   :  0.009 0.007 0.015 0.112 0.096 0.124 0.193 0.174 0.090 0.180 
125    (0)   :  0.005 0.012 0.029 0.096 0.082 0.186 0.148 0.261 0.089 0.092 
126    (0)   :  0.004 0.006 0.016 0.041 0.112 0.073 0.312 0.160 0.128 0.147 
127    (0)   :  0.005 0.005 0.016 0.043 0.048 0.120 0.400 0.071 0.111 0.181 
128    (0)   :  0.004 0.004 0.015 0.041 0.053 0.221 0.124 0.091 0.100 0.346 
129    (0)   :  0.006 0.004 0.032 0.051 0.050 0.118 0.255 0.079 0.075 0.329 
130    (0)   :  0.006 0.005 0.033 0.045 0.039 0.181 0.291 0.084 0.142 0.174 
131    (0)   :  0.009 0.042 0.028 0.077 0.093 0.120 0.230 0.202 0.071 0.129 
132    (0)   :  0.005 0.005 0.019 0.050 0.049 0.087 0.356 0.125 0.072 0.231 
133    (0)   :  0.008 0.007 0.025 0.064 0.056 0.081 0.283 0.086 0.114 0.275 
134    (0)   :  0.004 0.005 0.012 0.044 0.035 0.123 0.488 0.118 0.064 0.106 
135    (0)   :  0.005 0.006 0.022 0.031 0.124 0.130 0.077 0.122 0.347 0.136 
136    (0)   :  0.005 0.005 0.043 0.057 0.043 0.119 0.072 0.116 0.421 0.120 
137    (0)   :  0.005 0.005 0.056 0.035 0.040 0.106 0.085 0.116 0.450 0.103 
138    (0)   :  0.005 0.005 0.026 0.033 0.053 0.054 0.078 0.126 0.519 0.101 
139    (0)   :  0.004 0.005 0.033 0.042 0.069 0.086 0.078 0.123 0.197 0.364 
140    (0)   :  0.005 0.006 0.052 0.033 0.078 0.082 0.112 0.202 0.262 0.167 
141    (0)   :  0.005 0.006 0.139 0.061 0.050 0.097 0.080 0.161 0.259 0.144 
142    (0)   :  0.005 0.005 0.045 0.032 0.153 0.100 0.077 0.111 0.283 0.188 
143    (0)   :  0.004 0.004 0.032 0.031 0.042 0.056 0.068 0.093 0.563 0.106 
144    (0)   :  0.005 0.005 0.040 0.032 0.042 0.103 0.083 0.099 0.493 0.099 
145    (0)   :  0.006 0.005 0.035 0.063 0.067 0.134 0.080 0.179 0.267 0.163 
146    (0)   :  0.007 0.006 0.042 0.038 0.049 0.101 0.126 0.205 0.312 0.115 
147    (0)   :  0.005 0.005 0.046 0.034 0.037 0.061 0.070 0.107 0.537 0.097 
148    (0)   :  0.005 0.004 0.123 0.059 0.078 0.114 0.096 0.105 0.254 0.162 
149    (0)   :  0.005 0.006 0.164 0.033 0.086 0.081 0.073 0.157 0.251 0.144 
150    (0)   :  0.006 0.004 0.043 0.039 0.046 0.133 0.111 0.120 0.327 0.171 
151    (0)   :  0.005 0.004 0.027 0.032 0.044 0.075 0.089 0.110 0.476 0.138 
152    (0)   :  0.005 0.007 0.049 0.104 0.116 0.106 0.084 0.091 0.306 0.132 
153    (0)   :  0.005 0.006 0.049 0.034 0.076 0.069 0.092 0.169 0.399 0.102 
154    (0)   :  0.006 0.005 0.218 0.054 0.071 0.099 0.069 0.110 0.223 0.146 
155    (0)   :  0.005 0.004 0.027 0.034 0.040 0.059 0.095 0.087 0.528 0.123 
156    (0)   :  0.004 0.004 0.032 0.030 0.106 0.083 0.087 0.088 0.447 0.119 
157    (0)   :  0.004 0.005 0.049 0.040 0.036 0.059 0.168 0.099 0.427 0.113 
158    (0)   :  0.006 0.006 0.039 0.056 0.058 0.145 0.078 0.195 0.295 0.122 
159    (0)   :  0.005 0.005 0.134 0.034 0.035 0.072 0.070 0.095 0.445 0.106 
160    (0)   :  0.006 0.005 0.124 0.034 0.036 0.081 0.071 0.096 0.423 0.125 
161    (0)   :  0.004 0.005 0.047 0.034 0.057 0.076 0.094 0.215 0.321 0.145 
162    (0)   :  0.008 0.006 0.037 0.041 0.053 0.109 0.128 0.186 0.281 0.152 
163    (0)   :  0.004 0.004 0.026 0.031 0.060 0.061 0.086 0.092 0.533 0.102 
164    (0)   :  0.007 0.005 0.153 0.036 0.044 0.088 0.111 0.132 0.232 0.194 
165    (0)   :  0.005 0.005 0.031 0.033 0.045 0.138 0.105 0.115 0.402 0.122 
166    (0)   :  0.005 0.009 0.158 0.066 0.078 0.054 0.146 0.086 0.241 0.157 
167    (0)   :  0.008 0.005 0.277 0.058 0.041 0.090 0.093 0.103 0.240 0.085 
168    (0)   :  0.005 0.013 0.027 0.055 0.080 0.065 0.087 0.141 0.420 0.107 
169    (0)   :  0.006 0.014 0.029 0.054 0.051 0.139 0.074 0.309 0.223 0.100 
170    (0)   :  0.005 0.005 0.073 0.032 0.094 0.067 0.088 0.113 0.319 0.205 
171    (0)   :  0.005 0.009 0.042 0.076 0.070 0.076 0.090 0.120 0.333 0.179 
172    (0)   :  0.005 0.014 0.066 0.033 0.108 0.085 0.069 0.263 0.227 0.129 
173    (0)   :  0.005 0.004 0.038 0.036 0.039 0.073 0.072 0.090 0.475 0.167 
174    (0)   :  0.005 0.004 0.045 0.035 0.034 0.071 0.091 0.121 0.462 0.132 
175    (0)   :  0.005 0.004 0.057 0.060 0.062 0.073 0.071 0.102 0.448 0.116 
176    (0)   :  0.005 0.005 0.039 0.032 0.043 0.103 0.083 0.099 0.493 0.099 
177    (0)   :  0.005 0.006 0.044 0.040 0.046 0.071 0.177 0.163 0.332 0.116 
178    (0)   :  0.005 0.004 0.055 0.065 0.036 0.089 0.094 0.123 0.378 0.151 
179    (0)   :  0.005 0.004 0.119 0.036 0.036 0.052 0.072 0.095 0.442 0.139 
180    (0)   :  0.007 0.006 0.086 0.037 0.065 0.093 0.097 0.208 0.293 0.107 
181    (0)   :  0.006 0.005 0.032 0.036 0.071 0.095 0.079 0.156 0.322 0.198 
182    (0)   :  0.006 0.004 0.030 0.032 0.060 0.089 0.070 0.091 0.430 0.188 
183    (0)   :  0.005 0.004 0.036 0.036 0.044 0.061 0.072 0.102 0.489 0.149 
184    (0)   :  0.005 0.006 0.015 0.090 0.042 0.087 0.098 0.079 0.101 0.476 
185    (0)   :  0.004 0.004 0.022 0.029 0.123 0.067 0.060 0.077 0.503 0.109 
186    (0)   :  0.005 0.004 0.015 0.060 0.042 0.069 0.143 0.094 0.092 0.477 
187    (0)   :  0.004 0.004 0.023 0.053 0.047 0.063 0.091 0.085 0.252 0.377 
188    (0)   :  0.005 0.004 0.014 0.058 0.041 0.066 0.112 0.078 0.078 0.545 
189    (0)   :  0.005 0.011 0.024 0.079 0.076 0.060 0.108 0.196 0.234 0.207 
190    (0)   :  0.004 0.004 0.019 0.030 0.236 0.076 0.065 0.067 0.232 0.265 
191    (0)   :  0.004 0.004 0.017 0.044 0.038 0.087 0.085 0.086 0.122 0.514 
192    (0)   :  0.004 0.004 0.025 0.052 0.037 0.076 0.112 0.094 0.229 0.367 
193    (0)   :  0.004 0.005 0.026 0.056 0.057 0.125 0.101 0.122 0.203 0.300 
194    (0)   :  0.004 0.005 0.042 0.043 0.073 0.067 0.109 0.111 0.219 0.327 
195    (0)   :  0.004 0.004 0.020 0.031 0.082 0.052 0.065 0.085 0.269 0.388 
196    (0)   :  0.004 0.005 0.020 0.039 0.108 0.089 0.085 0.072 0.196 0.381 
197    (0)   :  0.005 0.004 0.018 0.105 0.060 0.095 0.140 0.104 0.209 0.260 
198    (0)   :  0.004 0.005 0.023 0.060 0.070 0.090 0.135 0.196 0.170 0.248 
199    (0)   :  0.004 0.007 0.022 0.039 0.145 0.103 0.092 0.103 0.175 0.309 
200    (0)   :  0.004 0.007 0.020 0.063 0.116 0.107 0.096 0.089 0.192 0.306 
201    (0)   :  0.004 0.004 0.021 0.040 0.050 0.060 0.071 0.077 0.361 0.311 
202    (0)   :  0.004 0.004 0.026 0.032 0.106 0.077 0.084 0.090 0.376 0.200 
203    (0)   :  0.004 0.004 0.021 0.039 0.045 0.070 0.072 0.064 0.368 0.312 
204    (0)   :  0.004 0.004 0.018 0.031 0.073 0.060 0.069 0.075 0.157 0.509 
205    (0)   :  0.004 0.006 0.018 0.043 0.081 0.075 0.090 0.092 0.140 0.451 
206    (0)   :  0.004 0.004 0.018 0.036 0.049 0.058 0.068 0.078 0.162 0.524 
207    (0)   :  0.004 0.004 0.017 0.036 0.064 0.100 0.086 0.072 0.116 0.501 
208    (0)   :  0.004 0.004 0.021 0.037 0.058 0.079 0.079 0.073 0.254 0.392 
209    (0)   :  0.004 0.004 0.021 0.047 0.053 0.104 0.090 0.093 0.156 0.427 
210    (0)   :  0.004 0.004 0.017 0.036 0.045 0.064 0.079 0.076 0.166 0.510 
211    (0)   :  0.005 0.004 0.029 0.042 0.111 0.229 0.106 0.068 0.235 0.172 
212    (0)   :  0.004 0.004 0.023 0.043 0.088 0.071 0.072 0.119 0.374 0.203 
213    (0)   :  0.004 0.005 0.022 0.032 0.150 0.074 0.138 0.140 0.162 0.272 
214    (0)   :  0.004 0.004 0.026 0.041 0.056 0.085 0.073 0.074 0.385 0.252 
215    (0)   :  0.004 0.007 0.017 0.048 0.065 0.104 0.094 0.072 0.115 0.474 
216    (0)   :  0.006 0.005 0.017 0.106 0.049 0.103 0.110 0.101 0.125 0.378 
217    (0)   :  0.004 0.006 0.022 0.044 0.063 0.066 0.071 0.082 0.313 0.329 
218    (0)   :  0.004 0.006 0.017 0.039 0.042 0.072 0.098 0.086 0.148 0.487 
219    (0)   :  0.007 0.008 0.020 0.092 0.049 0.069 0.099 0.113 0.238 0.305 
220    (0)   :  0.004 0.004 0.017 0.034 0.043 0.068 0.077 0.071 0.117 0.564 
221    (0)   :  0.004 0.004 0.064 0.032 0.135 0.065 0.066 0.079 0.383 0.166 
222    (0)   :  0.006 0.005 0.019 0.113 0.046 0.077 0.110 0.121 0.167 0.335 
223    (0)   :  0.004 0.005 0.025 0.065 0.053 0.070 0.097 0.103 0.308 0.270 
224    (0)   :  0.004 0.004 0.024 0.037 0.044 0.060 0.070 0.078 0.271 0.408 
225    (0)   :  0.004 0.004 0.019 0.040 0.077 0.072 0.081 0.090 0.166 0.447 
226    (0)   :  0.005 0.059 0.024 0.079 0.048 0.096 0.100 0.103 0.169 0.316 
227    (0)   :  0.004 0.004 0.023 0.032 0.139 0.065 0.091 0.083 0.234 0.325 
228    (0)   :  0.004 0.004 0.021 0.029 0.161 0.067 0.061 0.080 0.269 0.303 
229    (0)   :  0.004 0.004 0.024 0.039 0.036 0.057 0.076 0.078 0.285 0.397 
230    (0)   :  0.004 0.004 0.023 0.037 0.038 0.069 0.075 0.070 0.235 0.445 
231    (0)   :  0.004 0.004 0.018 0.050 0.038 0.074 0.074 0.098 0.249 0.391 
232    (0)   :  0.005 0.006 0.026 0.032 0.087 0.079 0.111 0.181 0.238 0.235 
233    (0)   :  0.004 0.004 0.021 0.042 0.043 0.080 0.073 0.072 0.433 0.229 
234    (0)   :  0.004 0.004 0.018 0.068 0.040 0.102 0.105 0.115 0.197 0.346 
235    (0)   :  0.004 0.007 0.028 0.050 0.065 0.071 0.093 0.113 0.247 0.321 
236    (0)   :  0.004 0.004 0.022 0.055 0.043 0.096 0.085 0.084 0.326 0.281 
237    (0)   :  0.004 0.004 0.016 0.038 0.078 0.111 0.081 0.093 0.142 0.433 
238    (0)   :  0.004 0.004 0.029 0.041 0.053 0.076 0.090 0.086 0.347 0.272 
239    (0)   :  0.004 0.004 0.019 0.032 0.081 0.052 0.065 0.084 0.272 0.387 
240    (0)   :  0.004 0.004 0.028 0.041 0.054 0.076 0.091 0.086 0.349 0.268 
241    (0)   :  0.005 0.005 0.031 0.036 0.073 0.074 0.080 0.105 0.319 0.271 
242    (0)   :  0.004 0.006 0.021 0.051 0.064 0.052 0.093 0.130 0.180 0.398 
243    (0)   :  0.004 0.004 0.019 0.036 0.120 0.098 0.071 0.064 0.213 0.371 
244    (0)   :  0.004 0.004 0.021 0.038 0.041 0.074 0.070 0.070 0.301 0.376 
245    (0)   :  0.004 0.004 0.024 0.033 0.068 0.059 0.085 0.095 0.443 0.185 
246    (0)   :  0.004 0.006 0.022 0.044 0.063 0.065 0.071 0.082 0.315 0.328 
247    (0)   :  0.004 0.005 0.015 0.056 0.063 0.070 0.206 0.117 0.089 0.374 
248    (0)   :  0.004 0.004 0.014 0.045 0.057 0.124 0.102 0.082 0.105 0.463 
249    (0)   :  0.004 0.004 0.029 0.039 0.050 0.080 0.079 0.075 0.294 0.347 
250    (0)   :  0.004 0.004 0.023 0.052 0.039 0.087 0.091 0.082 0.249 0.369 
251    (0)   :  0.005 0.011 0.020 0.099 0.070 0.125 0.124 0.114 0.153 0.280 
252    (0)   :  0.004 0.004 0.021 0.042 0.073 0.059 0.084 0.105 0.217 0.392 
253    (0)   :  0.004 0.009 0.019 0.051 0.089 0.096 0.134 0.137 0.129 0.333 
254    (0)   :  0.005 0.004 0.016 0.090 0.049 0.074 0.093 0.094 0.175 0.398 
255    (0)   :  0.004 0.004 0.024 0.049 0.049 0.082 0.095 0.113 0.202 0.379 
256    (0)   :  0.004 0.004 0.025 0.043 0.068 0.087 0.081 0.091 0.241 0.354 
257    (0)   :  0.007 0.006 0.035 0.047 0.059 0.096 0.100 0.095 0.166 0.390 
258    (0)   :  0.004 0.004 0.018 0.050 0.124 0.114 0.115 0.117 0.162 0.292 
259    (0)   :  0.004 0.004 0.023 0.049 0.044 0.084 0.087 0.082 0.176 0.447 
260    (0)   :  0.005 0.004 0.020 0.109 0.041 0.078 0.100 0.093 0.299 0.250 
261    (0)   :  0.004 0.004 0.019 0.042 0.089 0.061 0.077 0.105 0.291 0.307 
262    (0)   :  0.004 0.006 0.022 0.034 0.136 0.068 0.066 0.079 0.285 0.300 
263    (0)   :  0.005 0.004 0.015 0.059 0.048 0.078 0.080 0.069 0.122 0.522 
264    (0)   :  0.007 0.005 0.014 0.209 0.053 0.105 0.115 0.125 0.087 0.279 
265    (0)   :  0.004 0.007 0.019 0.056 0.049 0.074 0.091 0.098 0.211 0.390 
266    (0)   :  0.004 0.004 0.027 0.032 0.100 0.068 0.066 0.081 0.432 0.187 
267    (0)   :  0.004 0.004 0.020 0.050 0.057 0.121 0.093 0.106 0.228 0.317 
268    (0)   :  0.004 0.005 0.020 0.039 0.106 0.090 0.084 0.073 0.197 0.382 
269    (0)   :  0.004 0.008 0.019 0.097 0.046 0.071 0.104 0.129 0.229 0.293 
270    (0)   :  0.006 0.004 0.021 0.070 0.047 0.087 0.112 0.098 0.114 0.442 
271    (0)   :  0.004 0.005 0.019 0.054 0.081 0.126 0.110 0.092 0.144 0.364 
272    (0)   :  0.006 0.062 0.022 0.073 0.075 0.123 0.102 0.087 0.153 0.296 
273    (0)   :  0.019 0.016 0.051 0.064 0.049 0.101 0.129 0.130 0.193 0.248 
274    (0)   :  0.004 0.009 0.021 0.064 0.049 0.099 0.107 0.107 0.160 0.380 
275    (0)   :  0.007 0.014 0.037 0.076 0.048 0.098 0.085 0.097 0.158 0.379 
276    (0)   :  0.005 0.046 0.023 0.055 0.077 0.128 0.108 0.096 0.131 0.331 
277    (0)   :  0.004 0.005 0.022 0.061 0.046 0.072 0.095 0.119 0.245 0.330 
278    (0)   :  0.004 0.007 0.016 0.050 0.082 0.117 0.089 0.074 0.148 0.413 
279    (0)   :  0.004 0.005 0.021 0.059 0.049 0.094 0.094 0.103 0.194 0.378 
280    (0)   :  0.004 0.009 0.017 0.058 0.064 0.077 0.087 0.152 0.178 0.355 
281    (0)   :  0.004 0.005 0.020 0.043 0.052 0.087 0.125 0.115 0.158 0.389 
282    (0)   :  0.004 0.004 0.022 0.060 0.040 0.075 0.087 0.094 0.382 0.232 
283    (0)   :  0.004 0.004 0.027 0.042 0.049 0.060 0.085 0.073 0.410 0.246 
284    (0)   :  0.004 0.004 0.032 0.057 0.057 0.113 0.108 0.093 0.242 0.290 
285    (0)   :  0.004 0.005 0.014 0.045 0.098 0.115 0.104 0.108 0.079 0.428 
286    (0)   :  0.004 0.004 0.021 0.038 0.041 0.074 0.070 0.070 0.302 0.375 
287    (0)   :  0.004 0.008 0.023 0.051 0.047 0.067 0.129 0.139 0.202 0.330 
288    (0)   :  0.005 0.038 0.019 0.062 0.044 0.083 0.092 0.082 0.132 0.441 
289    (0)   :  0.007 0.016 0.030 0.071 0.066 0.093 0.113 0.082 0.116 0.407 
290    (0)   :  0.006 0.005 0.023 0.086 0.119 0.114 0.087 0.130 0.165 0.263 
291    (0)   :  0.004 0.005 0.019 0.054 0.080 0.126 0.109 0.093 0.144 0.364 
292    (0)   :  0.004 0.009 0.018 0.047 0.123 0.066 0.080 0.168 0.202 0.283 
293    (0)   :  0.005 0.005 0.015 0.103 0.121 0.132 0.096 0.178 0.123 0.223 
294    (0)   :  0.005 0.005 0.016 0.055 0.072 0.066 0.081 0.076 0.106 0.518 
295    (0)   :  0.005 0.021 0.040 0.063 0.103 0.124 0.113 0.126 0.132 0.272 
296    (0)   :  0.004 0.006 0.017 0.037 0.062 0.090 0.100 0.076 0.135 0.473 
297    (0)   :  0.004 0.009 0.017 0.054 0.052 0.071 0.093 0.154 0.129 0.417 
298    (0)   :  0.004 0.004 0.025 0.056 0.036 0.069 0.095 0.094 0.299 0.317 
299    (0)   :  0.006 0.004 0.016 0.061 0.039 0.060 0.084 0.081 0.124 0.525 
300    (0)   :  0.004 0.005 0.015 0.036 0.058 0.074 0.078 0.106 0.096 0.529 
301    (0)   :  0.005 0.006 0.021 0.109 0.045 0.100 0.093 0.089 0.118 0.413 
302    (0)   :  0.006 0.006 0.022 0.059 0.118 0.086 0.080 0.074 0.111 0.439 
303    (0)   :  0.004 0.005 0.021 0.040 0.054 0.066 0.078 0.126 0.274 0.332 
304    (0)   :  0.006 0.004 0.033 0.098 0.036 0.093 0.129 0.112 0.316 0.172 
305    (0)   :  0.004 0.006 0.027 0.036 0.076 0.064 0.067 0.085 0.190 0.446 
306    (0)   :  0.004 0.007 0.028 0.051 0.059 0.068 0.082 0.102 0.307 0.291 
307    (0)   :  0.005 0.005 0.028 0.060 0.048 0.099 0.095 0.103 0.230 0.327 
308    (0)   :  0.004 0.004 0.019 0.043 0.090 0.062 0.077 0.105 0.290 0.305 
309    (0)   :  0.014 0.012 0.031 0.048 0.061 0.089 0.099 0.075 0.118 0.452 
310    (0)   :  0.004 0.004 0.021 0.038 0.073 0.081 0.070 0.072 0.242 0.396 
311    (0)   :  0.004 0.004 0.023 0.037 0.038 0.070 0.075 0.069 0.236 0.445 
312    (0)   :  0.004 0.004 0.017 0.034 0.056 0.073 0.084 0.068 0.118 0.543 
313    (0)   :  0.004 0.004 0.016 0.038 0.139 0.086 0.081 0.076 0.099 0.456 
314    (0)   :  0.004 0.006 0.110 0.033 0.076 0.058 0.066 0.101 0.439 0.106 
315    (0)   :  0.004 0.008 0.138 0.054 0.082 0.054 0.077 0.097 0.391 0.095 
316    (0)   :  0.006 0.013 0.234 0.060 0.048 0.056 0.082 0.102 0.302 0.096 
317    (0)   :  0.005 0.006 0.120 0.033 0.044 0.058 0.070 0.101 0.463 0.100 
318    (0)   :  0.005 0.005 0.239 0.034 0.031 0.054 0.070 0.103 0.369 0.089 
319    (0)   :  0.004 0.004 0.024 0.031 0.042 0.060 0.068 0.094 0.566 0.106 
320    (0)   :  0.005 0.006 0.108 0.033 0.078 0.058 0.067 0.100 0.440 0.106 
321    (0)   :  0.005 0.006 0.196 0.035 0.040 0.058 0.071 0.110 0.382 0.097 
322    (0)   :  0.007 0.014 0.104 0.060 0.079 0.062 0.084 0.101 0.381 0.109 
323    (0)   :  0.011 0.005 0.117 0.037 0.034 0.055 0.070 0.098 0.473 0.099 
324    (0)   :  0.005 0.006 0.199 0.034 0.041 0.058 0.070 0.111 0.380 0.097 
325    (0)   :  0.004 0.012 0.267 0.056 0.043 0.054 0.079 0.096 0.298 0.090 
326    (0)   :  0.008 0.026 0.301 0.055 0.045 0.055 0.079 0.096 0.246 0.089 
327    (0)   :  0.005 0.006 0.122 0.034 0.043 0.059 0.069 0.100 0.463 0.099 
328    (0)   :  0.004 0.009 0.124 0.057 0.066 0.061 0.082 0.105 0.377 0.115 
329    (0)   :  0.004 0.004 0.050 0.033 0.032 0.054 0.070 0.102 0.559 0.092 
330    (0)   :  0.005 0.006 0.123 0.034 0.044 0.058 0.069 0.101 0.461 0.099 
331    (0)   :  0.005 0.005 0.120 0.033 0.033 0.055 0.069 0.101 0.477 0.103 
332    (0)   :  0.010 0.016 0.298 0.061 0.043 0.055 0.080 0.095 0.254 0.088 
333    (0)   :  0.007 0.016 0.234 0.055 0.050 0.057 0.081 0.096 0.296 0.107 
334    (0)   :  0.004 0.009 0.126 0.056 0.067 0.060 0.081 0.105 0.376 0.115 
335    (0)   :  0.005 0.009 0.070 0.055 0.069 0.057 0.081 0.092 0.466 0.096 
336    (0)   :  0.010 0.007 0.259 0.038 0.054 0.053 0.068 0.106 0.310 0.094 
337    (0)   :  0.005 0.013 0.224 0.056 0.061 0.060 0.081 0.105 0.299 0.098 
338    (0)   :  0.005 0.006 0.282 0.034 0.031 0.054 0.070 0.106 0.323 0.089 
339    (0)   :  0.005 0.004 0.120 0.033 0.033 0.055 0.070 0.102 0.475 0.103 
340    (0)   :  0.004 0.004 0.052 0.031 0.035 0.054 0.068 0.091 0.560 0.101 
341    (0)   :  0.011 0.008 0.132 0.035 0.035 0.062 0.071 0.099 0.444 0.103 
342    (0)   :  0.005 0.006 0.120 0.033 0.043 0.058 0.069 0.101 0.465 0.099 
343    (0)   :  0.010 0.010 0.116 0.062 0.117 0.058 0.076 0.097 0.356 0.098 
344    (0)   :  0.004 0.005 0.118 0.033 0.032 0.054 0.070 0.101 0.493 0.089 
345    (0)   :  0.005 0.007 0.121 0.033 0.044 0.059 0.069 0.100 0.464 0.099 
346    (0)   :  0.005 0.006 0.146 0.033 0.035 0.055 0.069 0.095 0.464 0.092 
347    (0)   :  0.004 0.004 0.055 0.031 0.034 0.053 0.068 0.090 0.573 0.089 
348    (0)   :  0.004 0.008 0.061 0.050 0.125 0.057 0.076 0.089 0.429 0.101 
349    (0)   :  0.005 0.006 0.120 0.034 0.044 0.059 0.070 0.100 0.463 0.099 
350    (0)   :  0.004 0.004 0.036 0.033 0.052 0.058 0.066 0.103 0.531 0.112 
351    (0)   :  0.005 0.009 0.071 0.055 0.069 0.058 0.081 0.091 0.465 0.096 
352    (0)   :  0.005 0.014 0.144 0.056 0.070 0.061 0.080 0.096 0.373 0.102 
353    (0)   :  0.010 0.006 0.257 0.038 0.055 0.053 0.068 0.107 0.311 0.096 
354    (0)   :  0.006 0.006 0.125 0.035 0.033 0.056 0.072 0.106 0.463 0.097 
355    (0)   :  0.005 0.006 0.238 0.034 0.032 0.053 0.070 0.104 0.368 0.089 
356    (0)   :  0.004 0.008 0.054 0.049 0.127 0.056 0.075 0.088 0.440 0.100 
357    (0)   :  0.004 0.009 0.031 0.111 0.050 0.068 0.108 0.155 0.355 0.108 
358    (0)   :  0.005 0.009 0.238 0.056 0.045 0.056 0.080 0.097 0.324 0.090 
359    (0)   :  0.005 0.005 0.209 0.033 0.033 0.056 0.070 0.104 0.381 0.105 
360    (0)   :  0.005 0.006 0.146 0.033 0.035 0.055 0.069 0.094 0.463 0.094 
361    (0)   :  0.004 0.009 0.033 0.105 0.068 0.074 0.107 0.170 0.310 0.119 
362    (0)   :  0.005 0.012 0.027 0.061 0.054 0.059 0.210 0.185 0.101 0.285 
363    (0)   :  0.006 0.007 0.019 0.111 0.054 0.077 0.274 0.170 0.085 0.197 
364    (0)   :  0.012 0.007 0.033 0.125 0.055 0.125 0.117 0.161 0.220 0.145 
365    (0)   :  0.012 0.012 0.019 0.082 0.045 0.139 0.142 0.325 0.096 0.129 
366    (0)   :  0.005 0.011 0.022 0.156 0.128 0.092 0.092 0.148 0.143 0.202 
367    (0)   :  0.004 0.006 0.014 0.052 0.038 0.066 0.489 0.155 0.075 0.100 
368    (0)   :  0.005 0.005 0.020 0.052 0.038 0.131 0.198 0.177 0.110 0.264 
369    (0)   :  0.007 0.007 0.061 0.096 0.169 0.090 0.111 0.132 0.144 0.185 
370    (0)   :  0.011 0.010 0.039 0.073 0.043 0.147 0.188 0.128 0.107 0.254 
371    (0)   :  0.009 0.007 0.036 0.131 0.055 0.111 0.117 0.129 0.121 0.286 
372    (0)   :  0.031 0.016 0.035 0.043 0.048 0.112 0.159 0.120 0.125 0.312 
373    (0)   :  0.005 0.004 0.023 0.045 0.046 0.088 0.291 0.184 0.151 0.163 
374    (0)   :  0.006 0.012 0.061 0.075 0.047 0.157 0.135 0.156 0.198 0.153 
375    (0)   :  0.014 0.008 0.021 0.119 0.035 0.111 0.233 0.182 0.087 0.191 
376    (0)   :  0.097 0.009 0.017 0.130 0.041 0.066 0.195 0.271 0.082 0.091 
377    (0)   :  0.006 0.007 0.032 0.064 0.064 0.128 0.137 0.224 0.107 0.232 
378    (0)   :  0.005 0.005 0.043 0.035 0.052 0.089 0.325 0.123 0.190 0.133 
379    (0)   :  0.155 0.014 0.017 0.146 0.046 0.070 0.198 0.173 0.074 0.106 
380    (0)   :  0.009 0.017 0.026 0.055 0.065 0.066 0.089 0.391 0.140 0.142 
381    (0)   :  0.008 0.007 0.022 0.131 0.101 0.066 0.080 0.340 0.137 0.109 
382    (0)   :  0.004 0.005 0.024 0.207 0.034 0.094 0.252 0.143 0.096 0.141 
383    (0)   :  0.011 0.028 0.116 0.085 0.038 0.078 0.084 0.287 0.122 0.151 
384    (0)   :  0.045 0.017 0.054 0.128 0.038 0.094 0.152 0.199 0.140 0.134 
385    (0)   :  0.005 0.005 0.104 0.054 0.033 0.281 0.099 0.155 0.148 0.115 
386    (0)   :  0.004 0.006 0.016 0.080 0.043 0.077 0.314 0.223 0.089 0.148 
387    (0)   :  0.004 0.005 0.015 0.107 0.048 0.121 0.249 0.222 0.110 0.117 
388    (0)   :  0.012 0.010 0.038 0.062 0.036 0.183 0.127 0.193 0.199 0.141 
389    (0)   :  0.008 0.007 0.027 0.066 0.090 0.304 0.112 0.093 0.095 0.197 
390    (0)   :  0.016 0.025 0.024 0.067 0.098 0.080 0.285 0.212 0.084 0.108 
391    (0)   :  0.010 0.015 0.028 0.080 0.080 0.273 0.146 0.109 0.125 0.134 
392    (0)   :  0.006 0.005 0.017 0.061 0.050 0.061 0.184 0.319 0.153 0.144 
393    (0)   :  0.006 0.014 0.020 0.046 0.070 0.059 0.091 0.490 0.110 0.094 
394    (0)   :  0.004 0.010 0.050 0.060 0.052 0.065 0.244 0.157 0.210 0.147 
395    (0)   :  0.004 0.014 0.013 0.059 0.078 0.076 0.179 0.201 0.103 0.273 
396    (0)   :  0.005 0.004 0.014 0.101 0.036 0.117 0.290 0.182 0.079 0.172 
397    (0)   :  0.063 0.005 0.020 0.096 0.049 0.070 0.099 0.116 0.168 0.314 
398    (0)   :  0.033 0.016 0.016 0.045 0.045 0.058 0.320 0.288 0.080 0.098 
399    (0)   :  0.004 0.021 0.025 0.056 0.057 0.106 0.391 0.099 0.092 0.148 
400    (0)   :  0.006 0.005 0.022 0.082 0.046 0.082 0.321 0.206 0.118 0.113 
401    (0)   :  0.004 0.005 0.018 0.035 0.087 0.079 0.358 0.154 0.130 0.131 
402    (0)   :  0.006 0.005 0.018 0.051 0.101 0.102 0.202 0.237 0.120 0.157 
403    (0)   :  0.006 0.006 0.020 0.046 0.050 0.135 0.108 0.191 0.290 0.147 
404    (0)   :  0.006 0.005 0.021 0.095 0.042 0.157 0.123 0.198 0.146 0.207 
405    (0)   :  0.004 0.010 0.020 0.108 0.069 0.084 0.148 0.217 0.125 0.214 
406    (0)   :  0.004 0.095 0.024 0.111 0.145 0.061 0.092 0.145 0.165 0.159 
407    (0)   :  0.004 0.009 0.014 0.071 0.036 0.079 0.152 0.432 0.076 0.128 
408    (0)   :  0.004 0.004 0.013 0.038 0.113 0.073 0.366 0.105 0.072 0.213 
409    (0)   :  0.008 0.020 0.077 0.037 0.107 0.065 0.099 0.277 0.197 0.113 
410    (0)   :  0.071 0.012 0.025 0.053 0.053 0.083 0.224 0.227 0.123 0.129 
411    (0)   :  0.014 0.006 0.050 0.141 0.090 0.066 0.168 0.216 0.132 0.117 
412    (0)   :  0.004 0.004 0.018 0.055 0.036 0.092 0.240 0.196 0.101 0.254 
413    (0)   :  0.004 0.004 0.036 0.051 0.040 0.072 0.271 0.149 0.166 0.206 
414    (0)   :  0.004 0.004 0.020 0.118 0.034 0.159 0.255 0.111 0.074 0.221 
415    (0)   :  0.005 0.008 0.019 0.158 0.095 0.077 0.191 0.211 0.096 0.140 
416    (0)   :  0.005 0.005 0.019 0.038 0.084 0.120 0.207 0.274 0.122 0.126 
417    (0)   :  0.006 0.034 0.029 0.094 0.054 0.064 0.238 0.263 0.085 0.132 
418    (0)   :  0.006 0.005 0.016 0.066 0.033 0.090 0.385 0.161 0.088 0.150 
419    (0)   :  0.009 0.009 0.028 0.051 0.056 0.106 0.154 0.248 0.201 0.138 
420    (0)   :  0.004 0.005 0.015 0.039 0.153 0.066 0.357 0.149 0.085 0.129 
421    (0)   :  0.006 0.015 0.030 0.045 0.046 0.078 0.248 0.259 0.086 0.188 
422    (0)   :  0.005 0.011 0.016 0.037 0.073 0.075 0.118 0.298 0.093 0.275 
423    (0)   :  0.006 0.009 0.015 0.223 0.061 0.080 0.177 0.125 0.130 0.175 
424    (0)   :  0.006 0.013 0.027 0.082 0.136 0.124 0.261 0.127 0.123 0.100 
425    (0)   :  0.016 0.008 0.021 0.108 0.042 0.206 0.141 0.176 0.148 0.133 
426    (0)   :  0.024 0.021 0.049 0.107 0.052 0.113 0.243 0.134 0.132 0.125 
427    (0)   :  0.005 0.013 0.036 0.049 0.039 0.053 0.279 0.296 0.139 0.091 
428    (0)   :  0.016 0.040 0.022 0.057 0.086 0.068 0.113 0.269 0.168 0.161 
429    (0)   :  0.005 0.006 0.014 0.110 0.037 0.057 0.362 0.221 0.075 0.114 
430    (0)   :  0.005 0.019 0.018 0.071 0.055 0.062 0.141 0.413 0.080 0.137 
431    (0)   :  0.008 0.012 0.031 0.097 0.048 0.143 0.234 0.094 0.134 0.200 
432    (0)   :  0.005 0.005 0.020 0.046 0.042 0.109 0.228 0.207 0.115 0.224 
433    (0)   :  0.007 0.005 0.040 0.050 0.055 0.107 0.139 0.121 0.270 0.206 
434    (0)   :  0.005 0.005 0.024 0.074 0.059 0.107 0.116 0.239 0.132 0.240 
435    (0)   :  0.004 0.027 0.016 0.080 0.061 0.060 0.263 0.312 0.079 0.097 
436    (0)   :  0.006 0.064 0.023 0.155 0.083 0.057 0.240 0.192 0.110 0.071 
437    (0)   :  0.006 0.007 0.017 0.325 0.043 0.075 0.135 0.174 0.092 0.125 
438    (0)   :  0.005 0.054 0.027 0.056 0.151 0.062 0.200 0.237 0.107 0.100 
439    (0)   :  0.004 0.033 0.019 0.071 0.048 0.061 0.166 0.433 0.089 0.075 
440    (0)   :  0.004 0.040 0.014 0.226 0.055 0.070 0.270 0.164 0.070 0.086 
441    (0)   :  0.004 0.014 0.026 0.072 0.058 0.069 0.131 0.401 0.123 0.102 
442    (0)   :  0.005 0.005 0.017 0.108 0.061 0.170 0.214 0.221 0.083 0.116 
443    (0)   :  0.004 0.010 0.015 0.062 0.167 0.082 0.346 0.148 0.076 0.089 
444    (0)   :  0.005 0.009 0.017 0.185 0.087 0.147 0.188 0.178 0.084 0.102 
445    (0)   :  0.031 0.010 0.025 0.042 0.072 0.059 0.095 0.421 0.144 0.102 
446    (0)   :  0.040 0.022 0.020 0.042 0.039 0.061 0.324 0.295 0.085 0.072 
447    (0)   :  0.005 0.052 0.022 0.107 0.105 0.163 0.126 0.195 0.131 0.093 
448    (0)   :  0.004 0.012 0.018 0.105 0.060 0.094 0.190 0.308 0.089 0.119 
449    (0)   :  0.004 0.012 0.019 0.112 0.060 0.092 0.155 0.296 0.121 0.128 
450    (0)   :  0.007 0.006 0.020 0.103 0.031 0.095 0.146 0.385 0.120 0.088 
451    (0)   :  0.004 0.007 0.014 0.101 0.053 0.110 0.414 0.102 0.071 0.124 
452    (0)   :  0.005 0.006 0.017 0.057 0.035 0.067 0.222 0.383 0.115 0.092 
453    (0)   :  0.004 0.007 0.020 0.055 0.224 0.104 0.149 0.190 0.098 0.148 
454    (0)   :  0.004 0.012 0.033 0.112 0.058 0.065 0.211 0.252 0.118 0.135 
455    (0)   :  0.004 0.045 0.018 0.092 0.100 0.071 0.216 0.298 0.080 0.076 
456    (0)   :  0.005 0.013 0.015 0.124 0.168 0.083 0.196 0.224 0.080 0.092 
457    (0)   :  0.005 0.013 0.018 0.167 0.053 0.077 0.127 0.350 0.092 0.098 
458    (0)   :  0.033 0.010 0.017 0.042 0.037 0.059 0.163 0.460 0.085 0.092 
459    (0)   :  0.004 0.015 0.029 0.080 0.056 0.069 0.255 0.273 0.149 0.070 
460    (0)   :  0.004 0.012 0.018 0.079 0.053 0.064 0.372 0.241 0.081 0.077 
461    (0)   :  0.005 0.006 0.017 0.070 0.032 0.074 0.437 0.199 0.084 0.076 
462    (0)   :  0.007 0.011 0.015 0.143 0.077 0.173 0.124 0.256 0.065 0.130 
463    (0)   :  0.004 0.041 0.019 0.106 0.243 0.060 0.103 0.193 0.094 0.139 
464    (0)   :  0.004 0.012 0.015 0.065 0.108 0.068 0.383 0.182 0.081 0.082 
465    (0)   :  0.006 0.007 0.018 0.050 0.068 0.089 0.275 0.283 0.086 0.119 
466    (0)   :  0.004 0.012 0.016 0.071 0.175 0.074 0.272 0.180 0.081 0.115 
467    (0)   :  0.005 0.012 0.022 0.087 0.068 0.071 0.140 0.345 0.099 0.152 
468    (0)   :  0.004 0.042 0.015 0.237 0.117 0.069 0.113 0.231 0.080 0.091 
469    (0)   :  0.004 0.138 0.017 0.091 0.052 0.060 0.112 0.372 0.082 0.070 
470    (0)   :  0.004 0.048 0.017 0.069 0.053 0.060 0.320 0.267 0.083 0.079 
471    (0)   :  0.005 0.006 0.015 0.065 0.117 0.140 0.227 0.193 0.088 0.142 
472    (0)   :  0.005 0.005 0.015 0.058 0.078 0.107 0.143 0.391 0.082 0.115 
473    (0)   :  0.005 0.013 0.022 0.106 0.072 0.083 0.149 0.267 0.117 0.167 
474    (0)   :  0.004 0.006 0.016 0.056 0.061 0.066 0.207 0.377 0.108 0.099 
475    (0)   :  0.005 0.008 0.027 0.050 0.061 0.082 0.281 0.234 0.131 0.122 
476    (0)   :  0.006 0.009 0.018 0.230 0.070 0.064 0.171 0.259 0.091 0.084 
477    (0)   :  0.005 0.010 0.026 0.080 0.081 0.126 0.285 0.193 0.110 0.083 
478    (0)   :  0.006 0.008 0.018 0.053 0.047 0.124 0.450 0.142 0.079 0.072 
479    (0)   :  0.004 0.011 0.016 0.144 0.049 0.071 0.295 0.247 0.080 0.082 
480    (0)   :  0.005 0.011 0.017 0.192 0.046 0.058 0.195 0.298 0.089 0.088 
481    (0)   :  0.004 0.006 0.014 0.073 0.048 0.184 0.158 0.242 0.085 0.186 
