

----------------------------------------------------
STRUCTURE by Pritchard, Stephens and Donnelly (2000)
     and Falush, Stephens and Pritchard (2003)
       Code by Pritchard, Falush and Hubisz
             Version 2.3.4 (Jul 2012)
----------------------------------------------------



Command line arguments:   ./structure -K 7 -D 107004 -m brooktrout/mainparams -e brooktrout/extraparams -o brooktrout/250914_output/results_K7_rep4 
Input File:    brooktrout/brooktrout.txt

Run parameters:
   8454 individuals
   5 loci
   7 populations assumed
   50000 Burn-in period
   100000 Reps
RANDOMIZE turned off


--------------------------------------------
Overall proportion of membership of the
sample in each of the 7 clusters

Inferred Clusters
  1      2      3      4      5      6      7    
0.029  0.054  0.150  0.119  0.226  0.217  0.206  

--------------------------------------------

Allele-freq. divergence among pops (Net nucleotide distance),
computed using point estimates of P.

      1       2       3       4       5       6       7      
 1      -    0.1701  0.1930  0.1459  0.1156  0.1195  0.1481  
 2   0.1701     -    0.0616  0.1393  0.1321  0.0907  0.1217  
 3   0.1930  0.0616     -    0.1365  0.1475  0.0920  0.1542  
 4   0.1459  0.1393  0.1365     -    0.0657  0.1073  0.0713  
 5   0.1156  0.1321  0.1475  0.0657     -    0.0850  0.0613  
 6   0.1195  0.0907  0.0920  0.1073  0.0850     -    0.1127  
 7   0.1481  0.1217  0.1542  0.0713  0.0613  0.1127     -    

Average distances (expected heterozygosity) between individuals in same cluster:
cluster  1  : 0.7696 
cluster  2  : 0.7224 
cluster  3  : 0.7119 
cluster  4  : 0.7616 
cluster  5  : 0.7951 
cluster  6  : 0.7908 
cluster  7  : 0.7619 

--------------------------------------------
Estimated Ln Prob of Data   = -188009.3
Mean value of ln likelihood = -171154.7
Variance of ln likelihood   = 33709.1

Mean value of alpha_1       = 0.0651
Mean value of alpha_2       = 0.1208
Mean value of alpha_3       = 0.3381
Mean value of alpha_4       = 0.2822
Mean value of alpha_5       = 0.5313
Mean value of alpha_6       = 0.5243
Mean value of alpha_7       = 0.5043
Allele frequencies uncorrelated


Inferred ancestry of individuals:
     (%Miss) :  Inferred clusters
  1    (0)   :  0.013 0.073 0.176 0.118 0.119 0.168 0.333 
  2    (0)   :  0.021 0.017 0.057 0.126 0.250 0.444 0.086 
  3    (0)   :  0.006 0.067 0.105 0.250 0.131 0.209 0.231 
  4    (0)   :  0.011 0.083 0.429 0.071 0.153 0.162 0.091 
  5    (0)   :  0.026 0.014 0.064 0.225 0.264 0.311 0.094 
  6    (0)   :  0.007 0.014 0.062 0.505 0.156 0.096 0.161 
  7    (0)   :  0.010 0.022 0.056 0.133 0.531 0.072 0.177 
  8    (0)   :  0.011 0.052 0.278 0.236 0.171 0.107 0.146 
  9    (0)   :  0.019 0.048 0.084 0.190 0.172 0.286 0.200 
 10    (0)   :  0.013 0.025 0.191 0.229 0.262 0.082 0.197 
 11    (0)   :  0.016 0.026 0.050 0.076 0.392 0.073 0.366 
 12    (0)   :  0.014 0.017 0.097 0.205 0.265 0.314 0.088 
 13    (0)   :  0.017 0.037 0.087 0.225 0.307 0.197 0.130 
 14    (0)   :  0.009 0.029 0.093 0.123 0.148 0.436 0.162 
 15    (0)   :  0.011 0.037 0.195 0.128 0.245 0.239 0.146 
 16    (0)   :  0.016 0.036 0.067 0.156 0.141 0.107 0.478 
 17    (0)   :  0.014 0.020 0.074 0.467 0.142 0.182 0.101 
 18    (0)   :  0.011 0.024 0.100 0.211 0.121 0.301 0.233 
 19    (0)   :  0.010 0.019 0.069 0.449 0.187 0.115 0.152 
 20    (0)   :  0.015 0.021 0.094 0.147 0.323 0.222 0.179 
 21    (0)   :  0.011 0.025 0.175 0.086 0.116 0.367 0.221 
 22    (0)   :  0.009 0.037 0.085 0.450 0.120 0.133 0.165 
 23    (0)   :  0.030 0.190 0.125 0.082 0.129 0.333 0.112 
 24    (0)   :  0.014 0.058 0.152 0.116 0.114 0.167 0.380 
 25    (0)   :  0.011 0.017 0.042 0.306 0.390 0.113 0.120 
 26    (0)   :  0.010 0.022 0.125 0.335 0.125 0.210 0.173 
 27    (0)   :  0.019 0.030 0.101 0.219 0.173 0.225 0.232 
 28    (0)   :  0.010 0.030 0.317 0.096 0.206 0.122 0.219 
 29    (0)   :  0.023 0.034 0.065 0.083 0.357 0.262 0.176 
 30    (0)   :  0.011 0.031 0.064 0.256 0.099 0.193 0.347 
 31    (0)   :  0.023 0.021 0.158 0.166 0.240 0.223 0.168 
 32    (0)   :  0.009 0.047 0.160 0.253 0.186 0.235 0.111 
 33    (0)   :  0.010 0.091 0.100 0.089 0.153 0.199 0.358 
 34    (0)   :  0.037 0.026 0.106 0.211 0.369 0.067 0.185 
 35    (0)   :  0.031 0.025 0.049 0.260 0.118 0.374 0.143 
 36    (0)   :  0.009 0.032 0.047 0.043 0.079 0.283 0.507 
 37    (0)   :  0.009 0.067 0.123 0.131 0.220 0.337 0.113 
 38    (0)   :  0.020 0.022 0.037 0.046 0.118 0.127 0.629 
 39    (0)   :  0.022 0.023 0.064 0.069 0.166 0.203 0.453 
 40    (0)   :  0.013 0.105 0.061 0.097 0.079 0.484 0.161 
 41    (0)   :  0.029 0.090 0.036 0.062 0.114 0.264 0.405 
 42    (0)   :  0.016 0.416 0.068 0.032 0.076 0.121 0.270 
 43    (0)   :  0.015 0.103 0.058 0.080 0.199 0.458 0.087 
 44    (0)   :  0.013 0.047 0.034 0.155 0.123 0.517 0.111 
 45    (0)   :  0.021 0.024 0.038 0.045 0.123 0.318 0.431 
 46    (0)   :  0.012 0.018 0.055 0.293 0.184 0.257 0.181 
 47    (0)   :  0.021 0.033 0.076 0.336 0.162 0.241 0.132 
 48    (0)   :  0.017 0.038 0.035 0.181 0.079 0.561 0.089 
 49    (0)   :  0.037 0.037 0.063 0.089 0.128 0.287 0.358 
 50    (0)   :  0.018 0.019 0.102 0.223 0.282 0.144 0.212 
 51    (0)   :  0.014 0.059 0.036 0.030 0.071 0.487 0.303 
 52    (0)   :  0.025 0.028 0.080 0.089 0.148 0.166 0.464 
 53    (0)   :  0.012 0.034 0.071 0.077 0.109 0.119 0.578 
 54    (0)   :  0.022 0.031 0.073 0.142 0.183 0.465 0.084 
 55    (0)   :  0.013 0.025 0.052 0.093 0.135 0.605 0.078 
 56    (0)   :  0.029 0.044 0.066 0.151 0.072 0.421 0.215 
 57    (0)   :  0.018 0.027 0.184 0.373 0.171 0.102 0.124 
 58    (0)   :  0.025 0.042 0.058 0.055 0.127 0.405 0.287 
 59    (0)   :  0.060 0.050 0.058 0.057 0.112 0.229 0.435 
 60    (0)   :  0.009 0.037 0.101 0.049 0.088 0.487 0.231 
 61    (0)   :  0.010 0.031 0.064 0.033 0.097 0.696 0.070 
 62    (0)   :  0.135 0.021 0.073 0.215 0.144 0.218 0.193 
 63    (0)   :  0.011 0.086 0.084 0.050 0.224 0.320 0.224 
 64    (0)   :  0.018 0.019 0.047 0.212 0.125 0.164 0.417 
 65    (0)   :  0.013 0.016 0.040 0.081 0.612 0.131 0.108 
 66    (0)   :  0.011 0.045 0.129 0.048 0.211 0.438 0.119 
 67    (0)   :  0.012 0.023 0.044 0.079 0.181 0.586 0.075 
 68    (0)   :  0.042 0.057 0.069 0.053 0.108 0.227 0.443 
 69    (0)   :  0.096 0.040 0.141 0.067 0.117 0.099 0.439 
 70    (0)   :  0.010 0.070 0.070 0.038 0.149 0.299 0.364 
 71    (0)   :  0.047 0.019 0.035 0.047 0.117 0.315 0.420 
 72    (0)   :  0.008 0.022 0.043 0.087 0.114 0.202 0.524 
 73    (0)   :  0.062 0.022 0.041 0.048 0.165 0.499 0.162 
 74    (0)   :  0.009 0.079 0.076 0.050 0.076 0.255 0.456 
 75    (0)   :  0.013 0.052 0.090 0.044 0.064 0.442 0.295 
 76    (0)   :  0.008 0.036 0.054 0.064 0.344 0.371 0.124 
 77    (0)   :  0.033 0.065 0.033 0.040 0.147 0.245 0.436 
 78    (0)   :  0.033 0.077 0.034 0.041 0.112 0.197 0.505 
 79    (0)   :  0.011 0.024 0.060 0.090 0.533 0.102 0.181 
 80    (0)   :  0.009 0.105 0.371 0.055 0.179 0.163 0.117 
 81    (0)   :  0.007 0.054 0.329 0.064 0.259 0.136 0.151 
 82    (0)   :  0.023 0.053 0.098 0.061 0.280 0.355 0.129 
 83    (0)   :  0.007 0.050 0.193 0.062 0.240 0.221 0.228 
 84    (0)   :  0.007 0.047 0.192 0.059 0.358 0.139 0.197 
 85    (0)   :  0.008 0.062 0.218 0.102 0.179 0.187 0.244 
 86    (0)   :  0.019 0.017 0.057 0.136 0.254 0.388 0.129 
 87    (0)   :  0.009 0.031 0.063 0.054 0.518 0.132 0.192 
 88    (0)   :  0.009 0.090 0.193 0.053 0.324 0.198 0.133 
 89    (0)   :  0.008 0.091 0.251 0.053 0.251 0.217 0.128 
 90    (0)   :  0.009 0.025 0.072 0.049 0.612 0.113 0.119 
 91    (0)   :  0.006 0.126 0.322 0.061 0.140 0.167 0.178 
 92    (0)   :  0.010 0.034 0.100 0.083 0.431 0.175 0.167 
 93    (0)   :  0.008 0.059 0.591 0.043 0.094 0.110 0.093 
 94    (0)   :  0.007 0.026 0.057 0.042 0.374 0.087 0.406 
 95    (0)   :  0.008 0.070 0.144 0.037 0.505 0.133 0.103 
 96    (0)   :  0.011 0.119 0.086 0.034 0.120 0.550 0.081 
 97    (0)   :  0.012 0.041 0.094 0.053 0.076 0.378 0.346 
 98    (0)   :  0.018 0.085 0.048 0.068 0.145 0.450 0.187 
 99    (0)   :  0.008 0.049 0.173 0.054 0.429 0.136 0.152 
100    (0)   :  0.010 0.099 0.321 0.051 0.092 0.362 0.065 
101    (0)   :  0.010 0.060 0.088 0.058 0.401 0.224 0.159 
102    (0)   :  0.019 0.197 0.184 0.047 0.217 0.178 0.158 
103    (0)   :  0.012 0.035 0.126 0.043 0.381 0.320 0.084 
104    (0)   :  0.010 0.012 0.110 0.044 0.612 0.120 0.092 
105    (0)   :  0.032 0.019 0.152 0.041 0.516 0.161 0.078 
106    (0)   :  0.009 0.014 0.032 0.064 0.480 0.102 0.299 
107    (0)   :  0.015 0.026 0.119 0.048 0.474 0.230 0.088 
108    (0)   :  0.008 0.018 0.050 0.067 0.136 0.536 0.185 
109    (0)   :  0.170 0.013 0.036 0.069 0.290 0.134 0.288 
110    (0)   :  0.011 0.019 0.037 0.054 0.453 0.077 0.349 
111    (0)   :  0.024 0.015 0.053 0.041 0.690 0.101 0.076 
112    (0)   :  0.268 0.017 0.037 0.036 0.346 0.088 0.208 
113    (0)   :  0.014 0.026 0.077 0.084 0.204 0.407 0.187 
114    (0)   :  0.022 0.014 0.137 0.040 0.580 0.112 0.096 
115    (0)   :  0.032 0.060 0.055 0.069 0.470 0.217 0.097 
116    (0)   :  0.016 0.017 0.033 0.068 0.281 0.194 0.392 
117    (0)   :  0.044 0.054 0.045 0.059 0.400 0.084 0.313 
118    (0)   :  0.034 0.015 0.053 0.065 0.402 0.331 0.100 
119    (0)   :  0.008 0.183 0.086 0.036 0.183 0.382 0.123 
120    (0)   :  0.046 0.036 0.063 0.062 0.490 0.180 0.122 
121    (0)   :  0.084 0.050 0.042 0.067 0.383 0.219 0.154 
122    (0)   :  0.021 0.016 0.048 0.054 0.442 0.110 0.308 
123    (0)   :  0.013 0.021 0.066 0.045 0.524 0.149 0.181 
124    (0)   :  0.030 0.016 0.048 0.083 0.316 0.193 0.316 
125    (0)   :  0.042 0.050 0.045 0.078 0.150 0.094 0.541 
126    (0)   :  0.008 0.022 0.070 0.038 0.296 0.215 0.350 
127    (0)   :  0.016 0.014 0.054 0.038 0.677 0.127 0.072 
128    (0)   :  0.028 0.015 0.053 0.057 0.416 0.336 0.095 
129    (0)   :  0.014 0.015 0.043 0.046 0.633 0.178 0.071 
130    (0)   :  0.035 0.026 0.124 0.050 0.527 0.130 0.108 
131    (0)   :  0.039 0.028 0.039 0.055 0.269 0.132 0.439 
132    (0)   :  0.013 0.013 0.039 0.054 0.506 0.159 0.216 
133    (0)   :  0.014 0.024 0.069 0.052 0.563 0.184 0.094 
134    (0)   :  0.018 0.012 0.028 0.044 0.565 0.070 0.262 
135    (0)   :  0.028 0.038 0.302 0.046 0.072 0.399 0.116 
136    (0)   :  0.014 0.034 0.603 0.100 0.064 0.113 0.072 
137    (0)   :  0.025 0.135 0.533 0.044 0.101 0.083 0.078 
138    (0)   :  0.008 0.023 0.648 0.046 0.060 0.105 0.111 
139    (0)   :  0.012 0.017 0.184 0.056 0.078 0.549 0.104 
140    (0)   :  0.011 0.051 0.339 0.044 0.127 0.208 0.219 
141    (0)   :  0.014 0.021 0.518 0.107 0.068 0.133 0.138 
142    (0)   :  0.022 0.031 0.319 0.038 0.069 0.421 0.100 
143    (0)   :  0.007 0.071 0.660 0.037 0.060 0.104 0.062 
144    (0)   :  0.025 0.122 0.544 0.040 0.100 0.097 0.072 
145    (0)   :  0.022 0.034 0.342 0.164 0.072 0.220 0.146 
146    (0)   :  0.011 0.046 0.384 0.082 0.147 0.143 0.186 
147    (0)   :  0.008 0.053 0.692 0.045 0.060 0.077 0.066 
148    (0)   :  0.020 0.040 0.440 0.074 0.126 0.203 0.097 
149    (0)   :  0.013 0.029 0.510 0.046 0.059 0.207 0.135 
150    (0)   :  0.033 0.065 0.422 0.055 0.178 0.146 0.101 
151    (0)   :  0.009 0.053 0.571 0.043 0.093 0.145 0.086 
152    (0)   :  0.017 0.046 0.362 0.109 0.098 0.257 0.111 
153    (0)   :  0.009 0.034 0.525 0.044 0.077 0.137 0.174 
154    (0)   :  0.013 0.027 0.553 0.092 0.069 0.173 0.074 
155    (0)   :  0.007 0.023 0.665 0.041 0.093 0.100 0.072 
156    (0)   :  0.012 0.068 0.463 0.030 0.093 0.256 0.077 
157    (0)   :  0.007 0.050 0.543 0.034 0.175 0.081 0.110 
158    (0)   :  0.024 0.042 0.401 0.152 0.068 0.156 0.157 
159    (0)   :  0.010 0.045 0.694 0.044 0.060 0.084 0.063 
160    (0)   :  0.010 0.023 0.699 0.047 0.061 0.098 0.063 
161    (0)   :  0.010 0.158 0.330 0.049 0.095 0.162 0.196 
162    (0)   :  0.012 0.021 0.350 0.105 0.151 0.187 0.175 
163    (0)   :  0.007 0.032 0.642 0.034 0.078 0.128 0.078 
164    (0)   :  0.009 0.034 0.431 0.073 0.180 0.154 0.120 
165    (0)   :  0.032 0.072 0.475 0.044 0.158 0.126 0.094 
166    (0)   :  0.007 0.050 0.395 0.043 0.182 0.170 0.153 
167    (0)   :  0.009 0.019 0.556 0.166 0.103 0.080 0.066 
168    (0)   :  0.008 0.034 0.498 0.053 0.073 0.148 0.187 
169    (0)   :  0.025 0.031 0.260 0.150 0.063 0.127 0.344 
170    (0)   :  0.008 0.326 0.156 0.038 0.097 0.291 0.084 
171    (0)   :  0.009 0.036 0.404 0.088 0.127 0.201 0.135 
172    (0)   :  0.016 0.039 0.306 0.044 0.057 0.227 0.310 
173    (0)   :  0.009 0.020 0.657 0.050 0.065 0.137 0.062 
174    (0)   :  0.007 0.028 0.645 0.046 0.095 0.090 0.088 
175    (0)   :  0.011 0.169 0.425 0.112 0.065 0.150 0.068 
176    (0)   :  0.025 0.118 0.549 0.039 0.100 0.097 0.072 
177    (0)   :  0.009 0.029 0.434 0.043 0.154 0.099 0.233 
178    (0)   :  0.008 0.023 0.568 0.101 0.108 0.099 0.092 
179    (0)   :  0.007 0.020 0.714 0.043 0.064 0.088 0.063 
180    (0)   :  0.013 0.050 0.442 0.097 0.100 0.142 0.156 
181    (0)   :  0.016 0.036 0.369 0.070 0.070 0.309 0.130 
182    (0)   :  0.012 0.041 0.512 0.051 0.071 0.247 0.066 
183    (0)   :  0.007 0.034 0.651 0.050 0.066 0.125 0.067 
184    (0)   :  0.011 0.016 0.055 0.243 0.157 0.444 0.075 
185    (0)   :  0.012 0.033 0.516 0.033 0.054 0.294 0.058 
186    (0)   :  0.008 0.019 0.053 0.106 0.392 0.333 0.089 
187    (0)   :  0.008 0.020 0.203 0.089 0.134 0.469 0.076 
188    (0)   :  0.009 0.015 0.041 0.097 0.371 0.395 0.072 
189    (0)   :  0.007 0.043 0.165 0.148 0.099 0.321 0.216 
190    (0)   :  0.011 0.022 0.097 0.028 0.057 0.733 0.051 
191    (0)   :  0.016 0.019 0.073 0.079 0.155 0.582 0.076 
192    (0)   :  0.008 0.059 0.170 0.075 0.216 0.380 0.093 
193    (0)   :  0.017 0.040 0.124 0.101 0.131 0.473 0.115 
194    (0)   :  0.008 0.120 0.126 0.066 0.182 0.401 0.097 
195    (0)   :  0.007 0.025 0.182 0.039 0.066 0.625 0.056 
196    (0)   :  0.011 0.025 0.092 0.035 0.086 0.685 0.065 
197    (0)   :  0.010 0.014 0.136 0.214 0.211 0.308 0.106 
198    (0)   :  0.009 0.040 0.110 0.090 0.210 0.334 0.208 
199    (0)   :  0.012 0.035 0.077 0.046 0.089 0.661 0.080 
200    (0)   :  0.018 0.021 0.089 0.064 0.092 0.612 0.103 
201    (0)   :  0.008 0.019 0.374 0.050 0.083 0.405 0.061 
202    (0)   :  0.010 0.060 0.252 0.039 0.085 0.495 0.059 
203    (0)   :  0.012 0.024 0.315 0.045 0.078 0.474 0.053 
204    (0)   :  0.009 0.021 0.077 0.036 0.075 0.727 0.054 
205    (0)   :  0.009 0.021 0.066 0.056 0.103 0.663 0.083 
206    (0)   :  0.008 0.019 0.108 0.054 0.085 0.669 0.057 
207    (0)   :  0.013 0.020 0.053 0.043 0.112 0.702 0.057 
208    (0)   :  0.009 0.016 0.198 0.041 0.087 0.588 0.060 
209    (0)   :  0.016 0.027 0.084 0.078 0.133 0.578 0.083 
210    (0)   :  0.009 0.021 0.106 0.041 0.112 0.646 0.065 
211    (0)   :  0.040 0.050 0.112 0.049 0.125 0.569 0.054 
212    (0)   :  0.010 0.040 0.300 0.067 0.079 0.417 0.087 
213    (0)   :  0.010 0.043 0.073 0.036 0.152 0.534 0.152 
214    (0)   :  0.012 0.047 0.279 0.046 0.072 0.487 0.058 
215    (0)   :  0.012 0.016 0.055 0.055 0.123 0.666 0.073 
216    (0)   :  0.010 0.020 0.069 0.233 0.168 0.409 0.090 
217    (0)   :  0.008 0.032 0.219 0.055 0.068 0.550 0.066 
218    (0)   :  0.009 0.021 0.086 0.061 0.126 0.610 0.087 
219    (0)   :  0.008 0.024 0.192 0.262 0.126 0.294 0.095 
220    (0)   :  0.010 0.018 0.063 0.043 0.106 0.701 0.058 
221    (0)   :  0.010 0.233 0.159 0.036 0.056 0.449 0.056 
222    (0)   :  0.008 0.026 0.098 0.290 0.169 0.314 0.095 
223    (0)   :  0.007 0.026 0.279 0.103 0.124 0.360 0.100 
224    (0)   :  0.009 0.036 0.222 0.056 0.089 0.530 0.058 
225    (0)   :  0.008 0.023 0.084 0.052 0.095 0.664 0.073 
226    (0)   :  0.011 0.030 0.103 0.118 0.098 0.468 0.170 
227    (0)   :  0.009 0.024 0.131 0.043 0.093 0.642 0.058 
228    (0)   :  0.010 0.023 0.156 0.036 0.059 0.662 0.054 
229    (0)   :  0.009 0.047 0.233 0.063 0.114 0.473 0.060 
230    (0)   :  0.011 0.039 0.145 0.049 0.097 0.604 0.055 
231    (0)   :  0.012 0.023 0.220 0.096 0.116 0.457 0.076 
232    (0)   :  0.011 0.069 0.127 0.051 0.115 0.454 0.173 
233    (0)   :  0.011 0.025 0.458 0.053 0.076 0.317 0.059 
234    (0)   :  0.011 0.025 0.162 0.110 0.202 0.371 0.120 
235    (0)   :  0.008 0.048 0.162 0.079 0.094 0.506 0.103 
236    (0)   :  0.011 0.033 0.254 0.076 0.100 0.450 0.075 
237    (0)   :  0.018 0.016 0.068 0.053 0.115 0.659 0.069 
238    (0)   :  0.009 0.067 0.272 0.046 0.106 0.425 0.075 
239    (0)   :  0.007 0.025 0.181 0.039 0.066 0.626 0.056 
240    (0)   :  0.009 0.064 0.274 0.046 0.109 0.422 0.075 
241    (0)   :  0.010 0.069 0.263 0.052 0.083 0.439 0.085 
242    (0)   :  0.009 0.028 0.108 0.094 0.107 0.541 0.113 
243    (0)   :  0.012 0.020 0.095 0.033 0.067 0.721 0.052 
244    (0)   :  0.012 0.032 0.216 0.045 0.078 0.563 0.054 
245    (0)   :  0.007 0.040 0.467 0.036 0.087 0.288 0.076 
246    (0)   :  0.009 0.033 0.221 0.057 0.069 0.545 0.066 
247    (0)   :  0.009 0.019 0.046 0.051 0.341 0.356 0.178 
248    (0)   :  0.014 0.013 0.052 0.057 0.169 0.620 0.074 
249    (0)   :  0.011 0.063 0.177 0.050 0.089 0.551 0.059 
250    (0)   :  0.011 0.043 0.167 0.084 0.128 0.493 0.074 
251    (0)   :  0.017 0.023 0.082 0.126 0.131 0.462 0.159 
252    (0)   :  0.007 0.030 0.134 0.067 0.102 0.581 0.079 
253    (0)   :  0.009 0.027 0.064 0.065 0.188 0.508 0.139 
254    (0)   :  0.008 0.018 0.115 0.209 0.155 0.419 0.075 
255    (0)   :  0.011 0.040 0.139 0.106 0.155 0.457 0.092 
256    (0)   :  0.010 0.042 0.140 0.053 0.082 0.596 0.075 
257    (0)   :  0.012 0.060 0.098 0.071 0.135 0.543 0.081 
258    (0)   :  0.012 0.021 0.083 0.056 0.177 0.534 0.118 
259    (0)   :  0.011 0.036 0.100 0.082 0.135 0.565 0.071 
260    (0)   :  0.008 0.034 0.257 0.231 0.146 0.248 0.075 
261    (0)   :  0.007 0.026 0.199 0.058 0.084 0.547 0.080 
262    (0)   :  0.009 0.028 0.134 0.035 0.056 0.678 0.059 
263    (0)   :  0.012 0.015 0.067 0.114 0.130 0.605 0.056 
264    (0)   :  0.010 0.014 0.039 0.400 0.153 0.260 0.124 
265    (0)   :  0.008 0.022 0.145 0.092 0.111 0.526 0.096 
266    (0)   :  0.009 0.057 0.301 0.035 0.058 0.483 0.057 
267    (0)   :  0.017 0.028 0.144 0.090 0.145 0.495 0.081 
268    (0)   :  0.011 0.025 0.094 0.035 0.086 0.684 0.065 
269    (0)   :  0.009 0.023 0.181 0.178 0.115 0.349 0.146 
270    (0)   :  0.012 0.017 0.084 0.169 0.204 0.421 0.094 
271    (0)   :  0.013 0.021 0.073 0.061 0.135 0.602 0.095 
272    (0)   :  0.015 0.025 0.078 0.079 0.101 0.553 0.149 
273    (0)   :  0.028 0.082 0.163 0.120 0.142 0.324 0.140 
274    (0)   :  0.010 0.025 0.093 0.099 0.124 0.531 0.118 
275    (0)   :  0.018 0.025 0.135 0.143 0.099 0.479 0.101 
276    (0)   :  0.018 0.030 0.061 0.067 0.108 0.590 0.127 
277    (0)   :  0.008 0.036 0.195 0.112 0.127 0.417 0.106 
278    (0)   :  0.012 0.015 0.068 0.051 0.098 0.684 0.073 
279    (0)   :  0.010 0.028 0.122 0.088 0.117 0.539 0.096 
280    (0)   :  0.009 0.020 0.109 0.104 0.089 0.523 0.146 
281    (0)   :  0.010 0.026 0.096 0.063 0.161 0.524 0.121 
282    (0)   :  0.008 0.035 0.378 0.093 0.113 0.287 0.085 
283    (0)   :  0.008 0.049 0.387 0.059 0.105 0.330 0.062 
284    (0)   :  0.013 0.043 0.205 0.062 0.177 0.400 0.099 
285    (0)   :  0.015 0.014 0.036 0.054 0.136 0.636 0.110 
286    (0)   :  0.012 0.032 0.213 0.044 0.079 0.566 0.055 
287    (0)   :  0.007 0.033 0.151 0.098 0.150 0.401 0.161 
288    (0)   :  0.011 0.022 0.073 0.091 0.107 0.576 0.120 
289    (0)   :  0.015 0.067 0.062 0.084 0.180 0.497 0.095 
290    (0)   :  0.021 0.038 0.067 0.106 0.080 0.546 0.142 
291    (0)   :  0.012 0.021 0.073 0.061 0.136 0.602 0.094 
292    (0)   :  0.008 0.023 0.113 0.073 0.075 0.566 0.143 
293    (0)   :  0.023 0.020 0.059 0.120 0.112 0.426 0.242 
294    (0)   :  0.010 0.018 0.050 0.113 0.121 0.628 0.060 
295    (0)   :  0.028 0.025 0.104 0.092 0.133 0.472 0.145 
296    (0)   :  0.012 0.019 0.067 0.044 0.121 0.660 0.077 
297    (0)   :  0.009 0.022 0.075 0.130 0.112 0.502 0.149 
298    (0)   :  0.008 0.053 0.262 0.108 0.149 0.339 0.082 
299    (0)   :  0.009 0.020 0.077 0.166 0.171 0.496 0.061 
300    (0)   :  0.012 0.017 0.048 0.048 0.091 0.702 0.083 
301    (0)   :  0.012 0.017 0.082 0.297 0.128 0.377 0.087 
302    (0)   :  0.015 0.015 0.065 0.105 0.110 0.626 0.064 
303    (0)   :  0.011 0.037 0.201 0.058 0.082 0.516 0.094 
304    (0)   :  0.012 0.024 0.359 0.194 0.178 0.134 0.100 
305    (0)   :  0.010 0.021 0.139 0.044 0.066 0.653 0.066 
306    (0)   :  0.008 0.056 0.227 0.079 0.079 0.460 0.090 
307    (0)   :  0.011 0.053 0.152 0.108 0.129 0.452 0.095 
308    (0)   :  0.007 0.026 0.196 0.058 0.083 0.550 0.080 
309    (0)   :  0.036 0.034 0.073 0.055 0.163 0.569 0.070 
310    (0)   :  0.010 0.025 0.128 0.040 0.069 0.672 0.056 
311    (0)   :  0.011 0.038 0.143 0.048 0.096 0.609 0.055 
312    (0)   :  0.010 0.020 0.062 0.036 0.131 0.683 0.059 
313    (0)   :  0.010 0.016 0.044 0.043 0.100 0.722 0.064 
314    (0)   :  0.009 0.039 0.661 0.035 0.055 0.130 0.070 
315    (0)   :  0.007 0.050 0.590 0.045 0.068 0.130 0.110 
316    (0)   :  0.008 0.040 0.611 0.057 0.077 0.092 0.114 
317    (0)   :  0.009 0.033 0.720 0.037 0.058 0.078 0.065 
318    (0)   :  0.008 0.021 0.748 0.040 0.059 0.060 0.065 
319    (0)   :  0.008 0.037 0.692 0.040 0.059 0.101 0.063 
320    (0)   :  0.009 0.038 0.662 0.035 0.056 0.131 0.069 
321    (0)   :  0.009 0.034 0.716 0.041 0.059 0.072 0.069 
322    (0)   :  0.010 0.075 0.543 0.053 0.076 0.134 0.108 
323    (0)   :  0.007 0.025 0.732 0.048 0.060 0.069 0.061 
324    (0)   :  0.009 0.034 0.715 0.041 0.059 0.072 0.070 
325    (0)   :  0.008 0.032 0.644 0.051 0.075 0.079 0.112 
326    (0)   :  0.010 0.052 0.623 0.052 0.075 0.078 0.110 
327    (0)   :  0.008 0.033 0.720 0.038 0.058 0.079 0.064 
328    (0)   :  0.008 0.071 0.568 0.049 0.075 0.120 0.109 
329    (0)   :  0.006 0.040 0.729 0.040 0.058 0.064 0.062 
330    (0)   :  0.009 0.033 0.720 0.038 0.057 0.078 0.065 
331    (0)   :  0.006 0.023 0.742 0.039 0.058 0.069 0.062 
332    (0)   :  0.009 0.040 0.623 0.069 0.074 0.076 0.109 
333    (0)   :  0.008 0.056 0.615 0.051 0.075 0.093 0.102 
334    (0)   :  0.008 0.070 0.566 0.049 0.076 0.121 0.110 
335    (0)   :  0.008 0.095 0.569 0.045 0.073 0.112 0.099 
336    (0)   :  0.008 0.027 0.698 0.049 0.056 0.091 0.071 
337    (0)   :  0.009 0.061 0.589 0.051 0.074 0.096 0.120 
338    (0)   :  0.008 0.021 0.746 0.042 0.058 0.060 0.066 
339    (0)   :  0.007 0.022 0.740 0.040 0.059 0.069 0.063 
340    (0)   :  0.006 0.022 0.745 0.036 0.058 0.075 0.058 
341    (0)   :  0.008 0.031 0.720 0.046 0.060 0.073 0.062 
342    (0)   :  0.008 0.032 0.723 0.038 0.058 0.077 0.064 
343    (0)   :  0.008 0.170 0.445 0.056 0.066 0.153 0.102 
344    (0)   :  0.006 0.027 0.747 0.040 0.058 0.061 0.061 
345    (0)   :  0.009 0.033 0.721 0.038 0.058 0.078 0.064 
346    (0)   :  0.007 0.021 0.754 0.036 0.057 0.064 0.061 
347    (0)   :  0.006 0.027 0.749 0.037 0.058 0.067 0.057 
348    (0)   :  0.008 0.106 0.489 0.040 0.067 0.193 0.097 
349    (0)   :  0.008 0.033 0.721 0.038 0.057 0.077 0.065 
350    (0)   :  0.007 0.025 0.683 0.041 0.057 0.120 0.067 
351    (0)   :  0.007 0.093 0.572 0.045 0.072 0.113 0.097 
352    (0)   :  0.009 0.056 0.597 0.046 0.074 0.110 0.108 
353    (0)   :  0.008 0.028 0.697 0.049 0.056 0.092 0.070 
354    (0)   :  0.007 0.034 0.732 0.042 0.059 0.063 0.063 
355    (0)   :  0.007 0.021 0.749 0.040 0.058 0.060 0.064 
356    (0)   :  0.008 0.232 0.347 0.038 0.067 0.219 0.090 
357    (0)   :  0.009 0.029 0.409 0.109 0.120 0.104 0.221 
358    (0)   :  0.007 0.054 0.629 0.053 0.074 0.078 0.105 
359    (0)   :  0.007 0.024 0.737 0.042 0.060 0.067 0.063 
360    (0)   :  0.007 0.020 0.754 0.036 0.057 0.064 0.061 
361    (0)   :  0.011 0.068 0.288 0.107 0.121 0.165 0.239 
362    (0)   :  0.011 0.022 0.070 0.065 0.238 0.234 0.359 
363    (0)   :  0.013 0.029 0.046 0.125 0.333 0.149 0.305 
364    (0)   :  0.021 0.055 0.155 0.350 0.159 0.163 0.097 
365    (0)   :  0.041 0.021 0.052 0.239 0.125 0.120 0.401 
366    (0)   :  0.022 0.033 0.081 0.178 0.105 0.380 0.201 
367    (0)   :  0.009 0.014 0.035 0.049 0.467 0.069 0.356 
368    (0)   :  0.010 0.024 0.059 0.084 0.556 0.132 0.136 
369    (0)   :  0.029 0.151 0.091 0.158 0.152 0.292 0.127 
370    (0)   :  0.023 0.043 0.067 0.101 0.472 0.182 0.112 
371    (0)   :  0.025 0.039 0.089 0.287 0.203 0.238 0.118 
372    (0)   :  0.068 0.050 0.093 0.105 0.299 0.280 0.106 
373    (0)   :  0.017 0.040 0.097 0.093 0.383 0.157 0.213 
374    (0)   :  0.033 0.199 0.112 0.100 0.175 0.147 0.234 
375    (0)   :  0.016 0.021 0.044 0.253 0.419 0.087 0.160 
376    (0)   :  0.010 0.019 0.040 0.294 0.141 0.062 0.434 
377    (0)   :  0.016 0.021 0.073 0.095 0.276 0.192 0.327 
378    (0)   :  0.013 0.039 0.176 0.039 0.446 0.125 0.162 
379    (0)   :  0.018 0.023 0.037 0.343 0.151 0.077 0.351 
380    (0)   :  0.015 0.046 0.102 0.132 0.081 0.166 0.458 
381    (0)   :  0.013 0.050 0.073 0.316 0.066 0.189 0.292 
382    (0)   :  0.010 0.017 0.054 0.199 0.463 0.079 0.180 
383    (0)   :  0.018 0.020 0.159 0.229 0.085 0.103 0.387 
384    (0)   :  0.028 0.032 0.100 0.430 0.167 0.082 0.161 
385    (0)   :  0.332 0.019 0.180 0.139 0.135 0.085 0.110 
386    (0)   :  0.010 0.020 0.046 0.077 0.316 0.107 0.425 
387    (0)   :  0.012 0.015 0.065 0.116 0.289 0.096 0.407 
388    (0)   :  0.038 0.073 0.180 0.170 0.234 0.109 0.194 
389    (0)   :  0.140 0.018 0.054 0.110 0.176 0.419 0.082 
390    (0)   :  0.025 0.036 0.044 0.063 0.206 0.136 0.490 
391    (0)   :  0.135 0.056 0.070 0.087 0.261 0.210 0.182 
392    (0)   :  0.008 0.018 0.109 0.115 0.149 0.140 0.461 
393    (0)   :  0.009 0.030 0.077 0.082 0.078 0.109 0.614 
394    (0)   :  0.007 0.047 0.210 0.055 0.254 0.129 0.297 
395    (0)   :  0.008 0.014 0.054 0.043 0.201 0.293 0.387 
396    (0)   :  0.010 0.015 0.036 0.153 0.488 0.093 0.206 
397    (0)   :  0.007 0.024 0.094 0.401 0.112 0.286 0.076 
398    (0)   :  0.007 0.017 0.038 0.097 0.184 0.069 0.588 
399    (0)   :  0.021 0.023 0.050 0.043 0.450 0.147 0.266 
400    (0)   :  0.012 0.036 0.062 0.133 0.334 0.096 0.327 
401    (0)   :  0.012 0.024 0.072 0.035 0.311 0.166 0.380 
402    (0)   :  0.014 0.022 0.071 0.127 0.297 0.273 0.197 
403    (0)   :  0.033 0.030 0.314 0.106 0.157 0.165 0.194 
404    (0)   :  0.023 0.045 0.082 0.192 0.188 0.193 0.278 
405    (0)   :  0.010 0.028 0.072 0.114 0.172 0.237 0.368 
406    (0)   :  0.008 0.064 0.087 0.048 0.078 0.277 0.438 
407    (0)   :  0.008 0.014 0.035 0.082 0.134 0.081 0.645 
408    (0)   :  0.008 0.014 0.033 0.032 0.507 0.252 0.154 
409    (0)   :  0.012 0.357 0.067 0.040 0.084 0.121 0.318 
410    (0)   :  0.017 0.052 0.074 0.180 0.204 0.119 0.355 
411    (0)   :  0.009 0.027 0.140 0.283 0.178 0.162 0.200 
412    (0)   :  0.010 0.020 0.054 0.090 0.544 0.121 0.159 
413    (0)   :  0.008 0.031 0.164 0.055 0.422 0.134 0.187 
414    (0)   :  0.021 0.012 0.043 0.117 0.581 0.104 0.122 
415    (0)   :  0.010 0.026 0.044 0.102 0.131 0.161 0.527 
416    (0)   :  0.033 0.034 0.064 0.079 0.165 0.175 0.451 
417    (0)   :  0.008 0.035 0.039 0.067 0.169 0.088 0.594 
418    (0)   :  0.008 0.017 0.042 0.096 0.591 0.073 0.172 
419    (0)   :  0.035 0.060 0.156 0.072 0.176 0.162 0.340 
420    (0)   :  0.010 0.024 0.038 0.034 0.248 0.209 0.437 
421    (0)   :  0.009 0.038 0.040 0.053 0.265 0.110 0.486 
422    (0)   :  0.011 0.017 0.050 0.057 0.116 0.321 0.430 
423    (0)   :  0.009 0.017 0.068 0.209 0.203 0.181 0.314 
424    (0)   :  0.026 0.053 0.071 0.062 0.377 0.157 0.254 
425    (0)   :  0.076 0.022 0.100 0.320 0.197 0.125 0.159 
426    (0)   :  0.043 0.048 0.092 0.139 0.379 0.105 0.194 
427    (0)   :  0.007 0.014 0.136 0.041 0.151 0.070 0.580 
428    (0)   :  0.011 0.033 0.117 0.063 0.103 0.223 0.449 
429    (0)   :  0.007 0.015 0.034 0.093 0.276 0.071 0.504 
430    (0)   :  0.008 0.018 0.039 0.063 0.144 0.088 0.639 
431    (0)   :  0.017 0.021 0.088 0.126 0.454 0.157 0.136 
432    (0)   :  0.010 0.025 0.065 0.074 0.514 0.139 0.172 
433    (0)   :  0.010 0.079 0.225 0.109 0.256 0.223 0.098 
434    (0)   :  0.016 0.048 0.089 0.188 0.184 0.225 0.249 
435    (0)   :  0.006 0.015 0.037 0.045 0.154 0.071 0.671 
436    (0)   :  0.009 0.037 0.049 0.056 0.124 0.069 0.656 
437    (0)   :  0.007 0.018 0.042 0.450 0.168 0.087 0.229 
438    (0)   :  0.009 0.061 0.052 0.035 0.142 0.125 0.576 
439    (0)   :  0.007 0.021 0.044 0.048 0.092 0.057 0.731 
440    (0)   :  0.008 0.013 0.031 0.062 0.142 0.072 0.671 
441    (0)   :  0.009 0.043 0.080 0.068 0.128 0.089 0.582 
442    (0)   :  0.026 0.022 0.038 0.098 0.205 0.107 0.503 
443    (0)   :  0.013 0.018 0.034 0.041 0.254 0.149 0.490 
444    (0)   :  0.023 0.022 0.037 0.102 0.164 0.109 0.543 
445    (0)   :  0.009 0.074 0.084 0.105 0.080 0.129 0.518 
446    (0)   :  0.009 0.027 0.040 0.090 0.182 0.052 0.599 
447    (0)   :  0.025 0.038 0.067 0.060 0.108 0.108 0.594 
448    (0)   :  0.009 0.019 0.041 0.090 0.165 0.092 0.585 
449    (0)   :  0.009 0.024 0.063 0.110 0.146 0.114 0.534 
450    (0)   :  0.011 0.028 0.074 0.318 0.170 0.060 0.337 
451    (0)   :  0.009 0.014 0.032 0.069 0.629 0.102 0.145 
452    (0)   :  0.008 0.022 0.068 0.116 0.137 0.074 0.575 
453    (0)   :  0.019 0.045 0.050 0.043 0.189 0.363 0.291 
454    (0)   :  0.009 0.024 0.083 0.095 0.169 0.111 0.509 
455    (0)   :  0.008 0.025 0.035 0.044 0.128 0.074 0.686 
456    (0)   :  0.011 0.018 0.035 0.061 0.121 0.144 0.609 
457    (0)   :  0.007 0.020 0.044 0.154 0.110 0.074 0.592 
458    (0)   :  0.009 0.021 0.044 0.117 0.108 0.066 0.635 
459    (0)   :  0.008 0.071 0.085 0.043 0.142 0.067 0.585 
460    (0)   :  0.008 0.018 0.038 0.042 0.173 0.061 0.660 
461    (0)   :  0.009 0.020 0.042 0.076 0.463 0.051 0.340 
462    (0)   :  0.049 0.015 0.029 0.091 0.156 0.120 0.539 
463    (0)   :  0.008 0.028 0.050 0.045 0.100 0.258 0.511 
464    (0)   :  0.007 0.017 0.034 0.038 0.183 0.088 0.633 
465    (0)   :  0.009 0.024 0.043 0.059 0.322 0.106 0.437 
466    (0)   :  0.007 0.018 0.036 0.040 0.189 0.167 0.543 
467    (0)   :  0.010 0.030 0.059 0.062 0.128 0.134 0.577 
468    (0)   :  0.007 0.017 0.035 0.079 0.084 0.090 0.688 
469    (0)   :  0.007 0.018 0.038 0.043 0.078 0.053 0.763 
470    (0)   :  0.006 0.017 0.037 0.040 0.150 0.060 0.690 
471    (0)   :  0.022 0.017 0.042 0.091 0.176 0.304 0.348 
472    (0)   :  0.012 0.022 0.041 0.107 0.188 0.145 0.484 
473    (0)   :  0.009 0.029 0.067 0.117 0.177 0.155 0.447 
474    (0)   :  0.008 0.022 0.060 0.092 0.117 0.109 0.592 
475    (0)   :  0.009 0.046 0.070 0.053 0.262 0.104 0.457 
476    (0)   :  0.008 0.025 0.042 0.201 0.144 0.083 0.498 
477    (0)   :  0.019 0.063 0.059 0.068 0.406 0.103 0.282 
478    (0)   :  0.017 0.020 0.038 0.047 0.586 0.061 0.231 
479    (0)   :  0.008 0.015 0.037 0.070 0.169 0.062 0.639 
480    (0)   :  0.007 0.018 0.041 0.122 0.110 0.067 0.636 
481    (0)   :  0.022 0.015 0.043 0.166 0.174 0.206 0.373 
482    (0)   :  0.007 0.016 0.037 0.078 0.174 0.059 0.630 
483    (0)   :  0.008 0.029 0.044 0.051 0.128 0.060 0.680 
484    (0)   :  0.012 0.022 0.041 0.041 0.108 0.143 0.633 
485    (0)   :  0.007 0.022 0.037 0.043 0.122 0.062 0.707 
486    (0)   :  0.043 0.025 0.057 0.164 0.237 0.359 0.115 
487    (0)   :  0.033 0.028 0.130 0.306 0.188 0.214 0.101 
488    (0)   :  0.069 0.015 0.125 0.139 0.357 0.202 0.093 
489    (0)   :  0.018 0.101 0.066 0.346 0.109 0.285 0.075 
490    (0)   :  0.017 0.017 0.041 0.106 0.459 0.200 0.158 
491    (0)   :  0.069 0.043 0.104 0.136 0.148 0.391 0.109 
492    (0)   :  0.038 0.032 0.242 0.057 0.271 0.241 0.119 
493    (0)   :  0.068 0.012 0.089 0.300 0.208 0.255 0.067 
494    (0)   :  0.037 0.039 0.090 0.297 0.148 0.280 0.109 
495    (0)   :  0.106 0.033 0.153 0.145 0.304 0.161 0.097 
496    (0)   :  0.008 0.180 0.165 0.074 0.154 0.288 0.131 
497    (0)   :  0.136 0.024 0.156 0.252 0.150 0.200 0.081 
498    (0)   :  0.101 0.091 0.043 0.134 0.314 0.203 0.113 
499    (0)   :  0.018 0.040 0.192 0.309 0.112 0.243 0.085 
500    (0)   :  0.012 0.014 0.078 0.481 0.116 0.218 0.081 
501    (0)   :  0.015 0.054 0.170 0.244 0.201 0.169 0.146 
502    (0)   :  0.034 0.065 0.218 0.102 0.298 0.120 0.162 
503    (0)   :  0.010 0.018 0.051 0.319 0.180 0.159 0.264 
504    (0)   :  0.070 0.038 0.055 0.065 0.480 0.171 0.121 
505    (0)   :  0.024 0.048 0.080 0.113 0.150 0.502 0.084 
506    (0)   :  0.048 0.054 0.156 0.086 0.291 0.239 0.126 
507    (0)   :  0.008 0.058 0.343 0.063 0.073 0.377 0.077 
508    (0)   :  0.019 0.132 0.280 0.096 0.091 0.322 0.059 
509    (0)   :  0.014 0.025 0.140 0.090 0.138 0.497 0.096 
510    (0)   :  0.012 0.050 0.178 0.417 0.118 0.149 0.076 
511    (0)   :  0.031 0.029 0.055 0.184 0.223 0.207 0.271 
512    (0)   :  0.020 0.014 0.042 0.309 0.287 0.112 0.217 
513    (0)   :  0.551 0.024 0.062 0.035 0.108 0.170 0.050 
514    (0)   :  0.011 0.019 0.092 0.063 0.531 0.160 0.123 
515    (0)   :  0.014 0.022 0.165 0.105 0.108 0.213 0.373 
516    (0)   :  0.012 0.037 0.064 0.058 0.435 0.286 0.107 
517    (0)   :  0.010 0.040 0.132 0.061 0.183 0.284 0.290 
518    (0)   :  0.009 0.028 0.178 0.395 0.115 0.193 0.082 
519    (0)   :  0.016 0.040 0.079 0.051 0.517 0.138 0.159 
520    (0)   :  0.010 0.053 0.190 0.066 0.083 0.302 0.297 
521    (0)   :  0.010 0.042 0.310 0.050 0.272 0.212 0.104 
522    (0)   :  0.012 0.017 0.058 0.320 0.148 0.285 0.160 
523    (0)   :  0.009 0.069 0.128 0.051 0.175 0.404 0.164 
524    (0)   :  0.008 0.023 0.112 0.077 0.142 0.197 0.442 
525    (0)   :  0.009 0.034 0.166 0.274 0.092 0.233 0.193 
526    (0)   :  0.007 0.031 0.060 0.041 0.081 0.288 0.492 
527    (0)   :  0.019 0.016 0.061 0.401 0.278 0.110 0.115 
528    (0)   :  0.008 0.024 0.424 0.053 0.132 0.278 0.081 
529    (0)   :  0.018 0.036 0.119 0.178 0.218 0.303 0.127 
530    (0)   :  0.020 0.024 0.084 0.233 0.116 0.223 0.300 
531    (0)   :  0.011 0.021 0.348 0.071 0.103 0.136 0.309 
532    (0)   :  0.013 0.017 0.279 0.236 0.191 0.188 0.075 
533    (0)   :  0.010 0.020 0.073 0.291 0.114 0.306 0.185 
534    (0)   :  0.025 0.019 0.115 0.109 0.174 0.493 0.065 
535    (0)   :  0.009 0.034 0.060 0.042 0.190 0.301 0.364 
536    (0)   :  0.014 0.118 0.111 0.070 0.131 0.236 0.320 
537    (0)   :  0.017 0.277 0.085 0.065 0.100 0.336 0.121 
538    (0)   :  0.009 0.080 0.092 0.055 0.104 0.532 0.128 
539    (0)   :  0.009 0.259 0.215 0.056 0.075 0.321 0.063 
540    (0)   :  0.011 0.025 0.179 0.076 0.105 0.424 0.180 
541    (0)   :  0.017 0.073 0.344 0.078 0.108 0.187 0.193 
542    (0)   :  0.019 0.023 0.047 0.052 0.080 0.407 0.372 
543    (0)   :  0.026 0.094 0.144 0.043 0.196 0.320 0.177 
544    (0)   :  0.012 0.027 0.068 0.047 0.097 0.476 0.272 
545    (0)   :  0.019 0.035 0.039 0.041 0.128 0.316 0.423 
546    (0)   :  0.030 0.031 0.088 0.057 0.093 0.496 0.205 
547    (0)   :  0.015 0.219 0.078 0.037 0.101 0.363 0.187 
548    (0)   :  0.011 0.043 0.166 0.083 0.127 0.496 0.075 
549    (0)   :  0.010 0.396 0.097 0.045 0.069 0.108 0.275 
550    (0)   :  0.017 0.098 0.044 0.044 0.125 0.252 0.421 
551    (0)   :  0.010 0.312 0.221 0.057 0.092 0.136 0.171 
552    (0)   :  0.009 0.031 0.090 0.064 0.076 0.623 0.107 
553    (0)   :  0.025 0.158 0.101 0.038 0.120 0.454 0.104 
554    (0)   :  0.016 0.029 0.147 0.188 0.217 0.227 0.176 
555    (0)   :  0.037 0.230 0.105 0.061 0.112 0.364 0.090 
556    (0)   :  0.011 0.047 0.076 0.052 0.109 0.572 0.132 
557    (0)   :  0.012 0.091 0.089 0.043 0.152 0.144 0.469 
558    (0)   :  0.007 0.017 0.038 0.072 0.159 0.052 0.655 
559    (0)   :  0.010 0.024 0.051 0.080 0.411 0.296 0.127 
560    (0)   :  0.014 0.013 0.029 0.037 0.413 0.078 0.414 
561    (0)   :  0.015 0.017 0.038 0.063 0.257 0.126 0.483 
562    (0)   :  0.017 0.014 0.030 0.102 0.424 0.185 0.227 
563    (0)   :  0.024 0.185 0.097 0.049 0.305 0.101 0.239 
564    (0)   :  0.011 0.020 0.068 0.107 0.275 0.417 0.102 
565    (0)   :  0.008 0.017 0.042 0.085 0.113 0.068 0.668 
566    (0)   :  0.009 0.014 0.032 0.061 0.558 0.077 0.249 
567    (0)   :  0.014 0.016 0.041 0.107 0.368 0.367 0.088 
568    (0)   :  0.008 0.025 0.055 0.050 0.335 0.199 0.327 
569    (0)   :  0.009 0.023 0.064 0.187 0.339 0.206 0.173 
570    (0)   :  0.007 0.015 0.034 0.355 0.290 0.067 0.233 
571    (0)   :  0.007 0.022 0.049 0.045 0.638 0.096 0.143 
572    (0)   :  0.017 0.131 0.067 0.070 0.105 0.441 0.169 
573    (0)   :  0.010 0.036 0.062 0.081 0.299 0.281 0.231 
574    (0)   :  0.011 0.045 0.111 0.324 0.164 0.145 0.199 
575    (0)   :  0.009 0.052 0.096 0.050 0.350 0.152 0.291 
576    (0)   :  0.018 0.014 0.033 0.072 0.593 0.065 0.206 
577    (0)   :  0.012 0.056 0.093 0.272 0.231 0.140 0.197 
578    (0)   :  0.018 0.026 0.048 0.071 0.425 0.113 0.298 
579    (0)   :  0.033 0.015 0.048 0.074 0.260 0.165 0.406 
580    (0)   :  0.010 0.028 0.068 0.140 0.183 0.111 0.461 
581    (0)   :  0.009 0.024 0.058 0.084 0.261 0.091 0.473 
582    (0)   :  0.008 0.017 0.033 0.089 0.230 0.097 0.528 
583    (0)   :  0.010 0.021 0.049 0.163 0.546 0.089 0.122 
584    (0)   :  0.009 0.015 0.038 0.095 0.608 0.070 0.166 
585    (0)   :  0.021 0.020 0.040 0.072 0.333 0.093 0.421 
586    (0)   :  0.009 0.026 0.053 0.046 0.556 0.174 0.136 
587    (0)   :  0.012 0.017 0.033 0.238 0.281 0.212 0.208 
588    (0)   :  0.014 0.013 0.046 0.044 0.108 0.712 0.063 
589    (0)   :  0.009 0.015 0.039 0.156 0.214 0.129 0.438 
590    (0)   :  0.013 0.013 0.047 0.089 0.601 0.143 0.095 
591    (0)   :  0.009 0.020 0.052 0.050 0.627 0.099 0.143 
592    (0)   :  0.009 0.016 0.037 0.055 0.330 0.266 0.286 
593    (0)   :  0.008 0.028 0.068 0.063 0.320 0.179 0.333 
594    (0)   :  0.014 0.029 0.114 0.129 0.451 0.132 0.131 
595    (0)   :  0.055 0.012 0.035 0.412 0.257 0.100 0.128 
596    (0)   :  0.013 0.019 0.067 0.090 0.247 0.365 0.198 
597    (0)   :  0.010 0.023 0.204 0.039 0.494 0.133 0.097 
598    (0)   :  0.007 0.016 0.037 0.357 0.212 0.058 0.313 
599    (0)   :  0.007 0.014 0.032 0.073 0.565 0.128 0.181 
600    (0)   :  0.011 0.025 0.077 0.105 0.142 0.149 0.492 
601    (0)   :  0.009 0.015 0.031 0.060 0.284 0.116 0.485 
602    (0)   :  0.018 0.032 0.122 0.115 0.278 0.286 0.148 
603    (0)   :  0.013 0.024 0.126 0.088 0.357 0.269 0.123 
604    (0)   :  0.028 0.025 0.092 0.149 0.133 0.131 0.442 
605    (0)   :  0.015 0.024 0.056 0.077 0.261 0.209 0.358 
606    (0)   :  0.012 0.042 0.106 0.142 0.182 0.317 0.200 
607    (0)   :  0.013 0.040 0.198 0.168 0.166 0.178 0.235 
608    (0)   :  0.008 0.024 0.388 0.051 0.135 0.117 0.277 
609    (0)   :  0.014 0.039 0.058 0.156 0.190 0.135 0.408 
610    (0)   :  0.012 0.022 0.054 0.066 0.117 0.157 0.572 
611    (0)   :  0.011 0.032 0.123 0.086 0.293 0.290 0.164 
612    (0)   :  0.009 0.019 0.046 0.113 0.096 0.085 0.632 
613    (0)   :  0.014 0.024 0.064 0.286 0.182 0.250 0.181 
614    (0)   :  0.016 0.015 0.040 0.414 0.092 0.119 0.306 
615    (0)   :  0.009 0.022 0.078 0.171 0.101 0.144 0.476 
616    (0)   :  0.010 0.036 0.140 0.227 0.245 0.164 0.177 
617    (0)   :  0.075 0.018 0.047 0.325 0.153 0.159 0.222 
618    (0)   :  0.028 0.018 0.187 0.104 0.084 0.144 0.435 
619    (0)   :  0.007 0.041 0.098 0.066 0.262 0.265 0.261 
620    (0)   :  0.011 0.014 0.030 0.042 0.371 0.304 0.229 
621    (0)   :  0.010 0.021 0.047 0.126 0.499 0.075 0.221 
622    (0)   :  0.106 0.019 0.098 0.188 0.117 0.244 0.229 
623    (0)   :  0.011 0.021 0.049 0.093 0.436 0.205 0.185 
624    (0)   :  0.009 0.020 0.189 0.072 0.109 0.091 0.510 
625    (0)   :  0.040 0.032 0.125 0.301 0.166 0.104 0.232 
626    (0)   :  0.009 0.030 0.257 0.080 0.068 0.229 0.328 
627    (0)   :  0.014 0.021 0.065 0.120 0.323 0.234 0.223 
628    (0)   :  0.025 0.015 0.071 0.102 0.343 0.305 0.139 
629    (0)   :  0.016 0.022 0.082 0.208 0.318 0.180 0.175 
630    (0)   :  0.016 0.027 0.065 0.125 0.158 0.113 0.495 
631    (0)   :  0.010 0.021 0.069 0.219 0.201 0.185 0.295 
632    (0)   :  0.015 0.036 0.167 0.102 0.102 0.424 0.153 
633    (0)   :  0.019 0.026 0.123 0.129 0.145 0.140 0.419 
634    (0)   :  0.009 0.026 0.135 0.106 0.198 0.325 0.201 
635    (0)   :  0.008 0.068 0.295 0.137 0.111 0.206 0.175 
636    (0)   :  0.010 0.025 0.208 0.099 0.144 0.104 0.410 
637    (0)   :  0.017 0.039 0.073 0.084 0.119 0.373 0.295 
638    (0)   :  0.011 0.030 0.115 0.180 0.323 0.180 0.161 
639    (0)   :  0.019 0.022 0.104 0.241 0.120 0.171 0.324 
