

----------------------------------------------------
STRUCTURE by Pritchard, Stephens and Donnelly (2000)
     and Falush, Stephens and Pritchard (2003)
       Code by Pritchard, Falush and Hubisz
             Version 2.3.4 (Jul 2012)
----------------------------------------------------



Command line arguments:   ./structure -K 3 -D 103006 -m brooktrout/mainparams -e brooktrout/extraparams -o brooktrout/250914_output/results_K3_rep6 
Input File:    brooktrout/brooktrout.txt

Run parameters:
   8454 individuals
   5 loci
   3 populations assumed
   50000 Burn-in period
   100000 Reps
RANDOMIZE turned off


--------------------------------------------
Overall proportion of membership of the
sample in each of the 3 clusters

Inferred Clusters
  1      2      3    
0.259  0.231  0.510  

--------------------------------------------

Allele-freq. divergence among pops (Net nucleotide distance),
computed using point estimates of P.

      1       2       3      
 1      -    0.0886  0.0288  
 2   0.0886     -    0.0547  
 3   0.0288  0.0547     -    

Average distances (expected heterozygosity) between individuals in same cluster:
cluster  1  : 0.8118 
cluster  2  : 0.7733 
cluster  3  : 0.8441 

--------------------------------------------
Estimated Ln Prob of Data   = -178945.1
Mean value of ln likelihood = -175608.9
Variance of ln likelihood   = 6672.4

Mean value of alpha_1       = 0.1387
Mean value of alpha_2       = 0.1261
Mean value of alpha_3       = 0.2781
Allele frequencies uncorrelated


Inferred ancestry of individuals:
     (%Miss) :  Inferred clusters
  1    (0)   :  0.316 0.267 0.417 
  2    (0)   :  0.045 0.041 0.914 
  3    (0)   :  0.626 0.167 0.208 
  4    (0)   :  0.038 0.728 0.234 
  5    (0)   :  0.054 0.034 0.912 
  6    (0)   :  0.845 0.033 0.122 
  7    (0)   :  0.154 0.031 0.815 
  8    (0)   :  0.293 0.296 0.411 
  9    (0)   :  0.481 0.102 0.417 
 10    (0)   :  0.441 0.109 0.450 
 11    (0)   :  0.263 0.034 0.703 
 12    (0)   :  0.065 0.061 0.875 
 13    (0)   :  0.115 0.058 0.827 
 14    (0)   :  0.082 0.122 0.796 
 15    (0)   :  0.075 0.169 0.756 
 16    (0)   :  0.660 0.053 0.287 
 17    (0)   :  0.259 0.062 0.680 
 18    (0)   :  0.576 0.147 0.277 
 19    (0)   :  0.577 0.046 0.377 
 20    (0)   :  0.110 0.049 0.841 
 21    (0)   :  0.172 0.315 0.513 
 22    (0)   :  0.809 0.057 0.133 
 23    (0)   :  0.061 0.283 0.656 
 24    (0)   :  0.477 0.201 0.322 
 25    (0)   :  0.110 0.026 0.864 
 26    (0)   :  0.305 0.132 0.563 
 27    (0)   :  0.279 0.092 0.628 
 28    (0)   :  0.177 0.263 0.560 
 29    (0)   :  0.084 0.047 0.870 
 30    (0)   :  0.823 0.049 0.128 
 31    (0)   :  0.134 0.111 0.756 
 32    (0)   :  0.174 0.160 0.666 
 33    (0)   :  0.596 0.165 0.240 
 34    (0)   :  0.544 0.045 0.411 
 35    (0)   :  0.526 0.065 0.408 
 36    (0)   :  0.704 0.116 0.180 
 37    (0)   :  0.114 0.245 0.641 
 38    (0)   :  0.846 0.027 0.128 
 39    (0)   :  0.685 0.048 0.268 
 40    (0)   :  0.137 0.560 0.303 
 41    (0)   :  0.647 0.097 0.256 
 42    (0)   :  0.214 0.663 0.123 
 43    (0)   :  0.065 0.177 0.758 
 44    (0)   :  0.411 0.099 0.490 
 45    (0)   :  0.666 0.046 0.288 
 46    (0)   :  0.660 0.036 0.304 
 47    (0)   :  0.624 0.075 0.301 
 48    (0)   :  0.420 0.129 0.452 
 49    (0)   :  0.530 0.079 0.392 
 50    (0)   :  0.677 0.090 0.233 
 51    (0)   :  0.448 0.243 0.309 
 52    (0)   :  0.713 0.055 0.231 
 53    (0)   :  0.839 0.056 0.105 
 54    (0)   :  0.088 0.097 0.816 
 55    (0)   :  0.056 0.081 0.863 
 56    (0)   :  0.584 0.124 0.291 
 57    (0)   :  0.310 0.142 0.548 
 58    (0)   :  0.190 0.096 0.714 
 59    (0)   :  0.683 0.065 0.252 
 60    (0)   :  0.154 0.442 0.405 
 61    (0)   :  0.036 0.224 0.740 
 62    (0)   :  0.523 0.057 0.420 
 63    (0)   :  0.172 0.152 0.676 
 64    (0)   :  0.799 0.034 0.167 
 65    (0)   :  0.142 0.022 0.836 
 66    (0)   :  0.047 0.184 0.770 
 67    (0)   :  0.059 0.058 0.884 
 68    (0)   :  0.643 0.091 0.266 
 69    (0)   :  0.457 0.147 0.396 
 70    (0)   :  0.199 0.139 0.662 
 71    (0)   :  0.630 0.038 0.332 
 72    (0)   :  0.752 0.047 0.201 
 73    (0)   :  0.090 0.041 0.869 
 74    (0)   :  0.628 0.234 0.138 
 75    (0)   :  0.194 0.650 0.156 
 76    (0)   :  0.106 0.057 0.837 
 77    (0)   :  0.677 0.058 0.265 
 78    (0)   :  0.780 0.061 0.159 
 79    (0)   :  0.117 0.033 0.849 
 80    (0)   :  0.090 0.623 0.288 
 81    (0)   :  0.127 0.384 0.489 
 82    (0)   :  0.048 0.094 0.859 
 83    (0)   :  0.142 0.257 0.602 
 84    (0)   :  0.113 0.161 0.726 
 85    (0)   :  0.145 0.332 0.524 
 86    (0)   :  0.124 0.044 0.832 
 87    (0)   :  0.092 0.041 0.867 
 88    (0)   :  0.052 0.205 0.743 
 89    (0)   :  0.057 0.377 0.567 
 90    (0)   :  0.059 0.037 0.904 
 91    (0)   :  0.082 0.674 0.245 
 92    (0)   :  0.074 0.067 0.859 
 93    (0)   :  0.032 0.887 0.081 
 94    (0)   :  0.582 0.038 0.381 
 95    (0)   :  0.044 0.083 0.873 
 96    (0)   :  0.038 0.389 0.573 
 97    (0)   :  0.338 0.468 0.194 
 98    (0)   :  0.184 0.137 0.678 
 99    (0)   :  0.087 0.123 0.791 
100    (0)   :  0.029 0.823 0.148 
101    (0)   :  0.052 0.068 0.880 
102    (0)   :  0.094 0.356 0.551 
103    (0)   :  0.037 0.125 0.838 
104    (0)   :  0.054 0.039 0.907 
105    (0)   :  0.033 0.069 0.898 
106    (0)   :  0.402 0.018 0.581 
107    (0)   :  0.048 0.072 0.880 
108    (0)   :  0.106 0.044 0.850 
109    (0)   :  0.218 0.019 0.763 
110    (0)   :  0.436 0.022 0.542 
111    (0)   :  0.061 0.023 0.915 
112    (0)   :  0.273 0.021 0.707 
113    (0)   :  0.138 0.078 0.784 
114    (0)   :  0.052 0.048 0.900 
115    (0)   :  0.051 0.040 0.909 
116    (0)   :  0.266 0.022 0.712 
117    (0)   :  0.271 0.032 0.697 
118    (0)   :  0.041 0.028 0.930 
119    (0)   :  0.065 0.367 0.568 
120    (0)   :  0.070 0.034 0.897 
121    (0)   :  0.073 0.035 0.893 
122    (0)   :  0.305 0.026 0.669 
123    (0)   :  0.121 0.035 0.844 
124    (0)   :  0.559 0.033 0.408 
125    (0)   :  0.666 0.041 0.293 
126    (0)   :  0.256 0.049 0.695 
127    (0)   :  0.051 0.026 0.923 
128    (0)   :  0.041 0.030 0.930 
129    (0)   :  0.033 0.025 0.941 
130    (0)   :  0.060 0.048 0.892 
131    (0)   :  0.604 0.032 0.364 
132    (0)   :  0.180 0.022 0.798 
133    (0)   :  0.058 0.035 0.907 
134    (0)   :  0.494 0.015 0.491 
135    (0)   :  0.039 0.754 0.206 
136    (0)   :  0.036 0.872 0.092 
137    (0)   :  0.032 0.839 0.129 
138    (0)   :  0.034 0.909 0.058 
139    (0)   :  0.065 0.602 0.333 
140    (0)   :  0.115 0.615 0.270 
141    (0)   :  0.062 0.844 0.094 
142    (0)   :  0.037 0.815 0.148 
143    (0)   :  0.023 0.923 0.054 
144    (0)   :  0.030 0.850 0.121 
145    (0)   :  0.086 0.717 0.197 
146    (0)   :  0.092 0.557 0.351 
147    (0)   :  0.027 0.917 0.056 
148    (0)   :  0.045 0.764 0.191 
149    (0)   :  0.039 0.887 0.074 
150    (0)   :  0.046 0.633 0.322 
151    (0)   :  0.031 0.875 0.094 
152    (0)   :  0.057 0.688 0.255 
153    (0)   :  0.049 0.862 0.089 
154    (0)   :  0.032 0.864 0.104 
155    (0)   :  0.027 0.901 0.072 
156    (0)   :  0.026 0.861 0.113 
157    (0)   :  0.059 0.747 0.195 
158    (0)   :  0.087 0.754 0.158 
159    (0)   :  0.025 0.915 0.060 
160    (0)   :  0.025 0.905 0.070 
161    (0)   :  0.066 0.787 0.147 
162    (0)   :  0.106 0.452 0.442 
163    (0)   :  0.025 0.908 0.066 
164    (0)   :  0.060 0.415 0.524 
165    (0)   :  0.041 0.711 0.249 
166    (0)   :  0.075 0.629 0.296 
167    (0)   :  0.051 0.734 0.215 
168    (0)   :  0.058 0.851 0.091 
169    (0)   :  0.450 0.430 0.120 
170    (0)   :  0.030 0.852 0.118 
171    (0)   :  0.059 0.643 0.297 
172    (0)   :  0.138 0.792 0.069 
173    (0)   :  0.025 0.903 0.072 
174    (0)   :  0.032 0.881 0.086 
175    (0)   :  0.032 0.901 0.067 
176    (0)   :  0.030 0.851 0.120 
177    (0)   :  0.130 0.573 0.298 
178    (0)   :  0.049 0.829 0.122 
179    (0)   :  0.024 0.922 0.054 
180    (0)   :  0.086 0.725 0.189 
181    (0)   :  0.048 0.812 0.140 
182    (0)   :  0.023 0.850 0.127 
183    (0)   :  0.027 0.905 0.068 
184    (0)   :  0.096 0.053 0.851 
185    (0)   :  0.020 0.921 0.059 
186    (0)   :  0.086 0.042 0.872 
187    (0)   :  0.066 0.388 0.546 
188    (0)   :  0.062 0.031 0.907 
189    (0)   :  0.245 0.357 0.398 
190    (0)   :  0.023 0.744 0.232 
191    (0)   :  0.041 0.093 0.866 
192    (0)   :  0.063 0.268 0.669 
193    (0)   :  0.073 0.227 0.700 
194    (0)   :  0.051 0.241 0.708 
195    (0)   :  0.024 0.852 0.124 
196    (0)   :  0.041 0.406 0.553 
197    (0)   :  0.210 0.117 0.673 
198    (0)   :  0.105 0.128 0.767 
199    (0)   :  0.037 0.370 0.592 
200    (0)   :  0.068 0.241 0.691 
201    (0)   :  0.032 0.840 0.128 
202    (0)   :  0.023 0.788 0.189 
203    (0)   :  0.028 0.820 0.152 
204    (0)   :  0.029 0.530 0.441 
205    (0)   :  0.053 0.145 0.802 
206    (0)   :  0.034 0.433 0.533 
207    (0)   :  0.030 0.103 0.868 
208    (0)   :  0.041 0.492 0.466 
209    (0)   :  0.050 0.144 0.806 
210    (0)   :  0.037 0.438 0.525 
211    (0)   :  0.027 0.160 0.813 
212    (0)   :  0.044 0.820 0.136 
213    (0)   :  0.070 0.145 0.785 
214    (0)   :  0.030 0.837 0.133 
215    (0)   :  0.038 0.063 0.899 
216    (0)   :  0.103 0.073 0.824 
217    (0)   :  0.041 0.808 0.151 
218    (0)   :  0.052 0.200 0.749 
219    (0)   :  0.196 0.276 0.528 
220    (0)   :  0.032 0.118 0.850 
221    (0)   :  0.021 0.914 0.065 
222    (0)   :  0.197 0.130 0.673 
223    (0)   :  0.086 0.535 0.380 
224    (0)   :  0.032 0.681 0.287 
225    (0)   :  0.044 0.314 0.642 
226    (0)   :  0.169 0.186 0.645 
227    (0)   :  0.030 0.474 0.496 
228    (0)   :  0.023 0.842 0.135 
229    (0)   :  0.039 0.673 0.288 
230    (0)   :  0.035 0.541 0.425 
231    (0)   :  0.060 0.579 0.361 
232    (0)   :  0.088 0.405 0.507 
233    (0)   :  0.029 0.860 0.110 
234    (0)   :  0.083 0.200 0.716 
235    (0)   :  0.092 0.454 0.454 
236    (0)   :  0.059 0.564 0.377 
237    (0)   :  0.031 0.178 0.791 
238    (0)   :  0.039 0.774 0.187 
239    (0)   :  0.025 0.848 0.127 
240    (0)   :  0.040 0.767 0.193 
241    (0)   :  0.030 0.829 0.141 
242    (0)   :  0.106 0.344 0.550 
243    (0)   :  0.029 0.528 0.444 
244    (0)   :  0.030 0.766 0.204 
245    (0)   :  0.026 0.887 0.086 
246    (0)   :  0.043 0.799 0.159 
247    (0)   :  0.113 0.038 0.850 
248    (0)   :  0.035 0.044 0.921 
249    (0)   :  0.037 0.681 0.281 
250    (0)   :  0.055 0.354 0.590 
251    (0)   :  0.096 0.096 0.808 
252    (0)   :  0.060 0.457 0.483 
253    (0)   :  0.061 0.083 0.856 
254    (0)   :  0.125 0.163 0.712 
255    (0)   :  0.079 0.241 0.680 
256    (0)   :  0.041 0.662 0.297 
257    (0)   :  0.039 0.185 0.776 
258    (0)   :  0.049 0.100 0.851 
259    (0)   :  0.038 0.142 0.820 
260    (0)   :  0.143 0.331 0.526 
261    (0)   :  0.056 0.672 0.273 
262    (0)   :  0.028 0.856 0.116 
263    (0)   :  0.051 0.139 0.810 
264    (0)   :  0.639 0.032 0.328 
265    (0)   :  0.094 0.261 0.645 
266    (0)   :  0.021 0.904 0.074 
267    (0)   :  0.050 0.284 0.666 
268    (0)   :  0.040 0.405 0.555 
269    (0)   :  0.199 0.287 0.514 
270    (0)   :  0.082 0.084 0.834 
271    (0)   :  0.042 0.086 0.872 
272    (0)   :  0.107 0.114 0.778 
273    (0)   :  0.114 0.539 0.347 
274    (0)   :  0.081 0.133 0.786 
275    (0)   :  0.108 0.283 0.608 
276    (0)   :  0.088 0.098 0.814 
277    (0)   :  0.092 0.437 0.472 
278    (0)   :  0.040 0.101 0.859 
279    (0)   :  0.062 0.295 0.643 
280    (0)   :  0.210 0.270 0.521 
281    (0)   :  0.053 0.135 0.812 
282    (0)   :  0.073 0.666 0.262 
283    (0)   :  0.037 0.801 0.162 
284    (0)   :  0.055 0.279 0.666 
285    (0)   :  0.064 0.030 0.906 
286    (0)   :  0.030 0.760 0.209 
287    (0)   :  0.124 0.234 0.641 
288    (0)   :  0.114 0.119 0.767 
289    (0)   :  0.107 0.161 0.733 
290    (0)   :  0.348 0.191 0.461 
291    (0)   :  0.042 0.086 0.872 
292    (0)   :  0.161 0.462 0.378 
293    (0)   :  0.551 0.087 0.362 
294    (0)   :  0.058 0.126 0.816 
295    (0)   :  0.093 0.188 0.718 
296    (0)   :  0.037 0.120 0.843 
297    (0)   :  0.240 0.131 0.629 
298    (0)   :  0.077 0.484 0.439 
299    (0)   :  0.078 0.122 0.800 
300    (0)   :  0.058 0.124 0.818 
301    (0)   :  0.136 0.085 0.779 
302    (0)   :  0.049 0.130 0.820 
303    (0)   :  0.061 0.717 0.222 
304    (0)   :  0.191 0.412 0.398 
305    (0)   :  0.031 0.755 0.214 
306    (0)   :  0.057 0.763 0.180 
307    (0)   :  0.051 0.233 0.716 
308    (0)   :  0.056 0.676 0.268 
309    (0)   :  0.054 0.143 0.804 
310    (0)   :  0.032 0.723 0.245 
311    (0)   :  0.034 0.535 0.431 
312    (0)   :  0.029 0.121 0.850 
313    (0)   :  0.028 0.064 0.909 
314    (0)   :  0.024 0.929 0.047 
315    (0)   :  0.031 0.909 0.060 
316    (0)   :  0.034 0.902 0.064 
317    (0)   :  0.024 0.928 0.048 
318    (0)   :  0.026 0.928 0.046 
319    (0)   :  0.024 0.920 0.057 
320    (0)   :  0.023 0.930 0.047 
321    (0)   :  0.027 0.923 0.050 
322    (0)   :  0.034 0.900 0.066 
323    (0)   :  0.026 0.924 0.051 
324    (0)   :  0.028 0.923 0.049 
325    (0)   :  0.037 0.906 0.057 
326    (0)   :  0.034 0.913 0.053 
327    (0)   :  0.025 0.927 0.048 
328    (0)   :  0.035 0.895 0.070 
329    (0)   :  0.024 0.927 0.049 
330    (0)   :  0.025 0.927 0.048 
331    (0)   :  0.024 0.926 0.050 
332    (0)   :  0.044 0.895 0.060 
333    (0)   :  0.031 0.911 0.058 
334    (0)   :  0.033 0.897 0.070 
335    (0)   :  0.031 0.906 0.063 
336    (0)   :  0.027 0.925 0.048 
337    (0)   :  0.039 0.899 0.062 
338    (0)   :  0.027 0.925 0.048 
339    (0)   :  0.024 0.926 0.051 
340    (0)   :  0.022 0.931 0.048 
341    (0)   :  0.024 0.926 0.050 
342    (0)   :  0.025 0.927 0.047 
343    (0)   :  0.036 0.897 0.067 
344    (0)   :  0.024 0.929 0.048 
345    (0)   :  0.025 0.927 0.048 
346    (0)   :  0.024 0.931 0.045 
347    (0)   :  0.022 0.932 0.046 
348    (0)   :  0.028 0.909 0.062 
349    (0)   :  0.024 0.927 0.048 
350    (0)   :  0.024 0.922 0.054 
351    (0)   :  0.031 0.906 0.063 
352    (0)   :  0.036 0.903 0.061 
353    (0)   :  0.028 0.924 0.048 
354    (0)   :  0.025 0.925 0.050 
355    (0)   :  0.026 0.927 0.046 
356    (0)   :  0.028 0.903 0.069 
357    (0)   :  0.208 0.529 0.263 
358    (0)   :  0.035 0.905 0.060 
359    (0)   :  0.025 0.924 0.051 
360    (0)   :  0.024 0.931 0.045 
361    (0)   :  0.217 0.444 0.339 
362    (0)   :  0.310 0.062 0.627 
363    (0)   :  0.645 0.034 0.320 
364    (0)   :  0.240 0.321 0.439 
365    (0)   :  0.740 0.035 0.225 
366    (0)   :  0.524 0.146 0.331 
367    (0)   :  0.611 0.017 0.372 
368    (0)   :  0.070 0.032 0.898 
369    (0)   :  0.218 0.404 0.378 
370    (0)   :  0.065 0.048 0.888 
371    (0)   :  0.292 0.091 0.617 
372    (0)   :  0.086 0.117 0.798 
373    (0)   :  0.182 0.056 0.762 
374    (0)   :  0.316 0.296 0.388 
375    (0)   :  0.560 0.027 0.413 
376    (0)   :  0.909 0.020 0.071 
377    (0)   :  0.442 0.051 0.507 
378    (0)   :  0.110 0.106 0.784 
379    (0)   :  0.915 0.019 0.066 
380    (0)   :  0.771 0.123 0.106 
381    (0)   :  0.841 0.077 0.082 
382    (0)   :  0.534 0.030 0.437 
383    (0)   :  0.814 0.100 0.086 
384    (0)   :  0.733 0.064 0.204 
385    (0)   :  0.134 0.091 0.774 
386    (0)   :  0.570 0.030 0.400 
387    (0)   :  0.588 0.031 0.381 
388    (0)   :  0.205 0.194 0.602 
389    (0)   :  0.053 0.045 0.902 
390    (0)   :  0.665 0.033 0.301 
391    (0)   :  0.120 0.062 0.818 
392    (0)   :  0.802 0.055 0.143 
393    (0)   :  0.865 0.067 0.068 
394    (0)   :  0.171 0.178 0.652 
395    (0)   :  0.605 0.056 0.339 
396    (0)   :  0.488 0.020 0.493 
397    (0)   :  0.248 0.148 0.604 
398    (0)   :  0.872 0.020 0.108 
399    (0)   :  0.176 0.026 0.798 
400    (0)   :  0.696 0.036 0.268 
401    (0)   :  0.341 0.043 0.616 
402    (0)   :  0.114 0.068 0.818 
403    (0)   :  0.162 0.344 0.494 
404    (0)   :  0.596 0.074 0.330 
405    (0)   :  0.378 0.079 0.543 
406    (0)   :  0.618 0.215 0.166 
407    (0)   :  0.887 0.020 0.093 
408    (0)   :  0.058 0.021 0.921 
409    (0)   :  0.364 0.500 0.136 
410    (0)   :  0.739 0.060 0.201 
411    (0)   :  0.645 0.209 0.146 
412    (0)   :  0.101 0.030 0.868 
413    (0)   :  0.094 0.089 0.816 
414    (0)   :  0.094 0.022 0.884 
415    (0)   :  0.839 0.032 0.129 
416    (0)   :  0.613 0.050 0.336 
417    (0)   :  0.848 0.027 0.125 
418    (0)   :  0.489 0.022 0.490 
419    (0)   :  0.385 0.162 0.452 
420    (0)   :  0.398 0.033 0.569 
421    (0)   :  0.694 0.033 0.273 
422    (0)   :  0.634 0.053 0.312 
423    (0)   :  0.742 0.043 0.215 
424    (0)   :  0.174 0.053 0.773 
425    (0)   :  0.479 0.064 0.458 
426    (0)   :  0.143 0.048 0.808 
427    (0)   :  0.796 0.081 0.123 
428    (0)   :  0.523 0.199 0.279 
429    (0)   :  0.872 0.017 0.111 
430    (0)   :  0.864 0.025 0.110 
431    (0)   :  0.139 0.040 0.821 
432    (0)   :  0.080 0.038 0.881 
433    (0)   :  0.051 0.193 0.757 
434    (0)   :  0.286 0.113 0.601 
435    (0)   :  0.869 0.020 0.111 
436    (0)   :  0.893 0.033 0.074 
437    (0)   :  0.865 0.022 0.113 
438    (0)   :  0.721 0.068 0.211 
439    (0)   :  0.905 0.026 0.069 
440    (0)   :  0.884 0.017 0.099 
441    (0)   :  0.669 0.078 0.253 
442    (0)   :  0.798 0.023 0.179 
443    (0)   :  0.582 0.024 0.394 
444    (0)   :  0.831 0.023 0.145 
445    (0)   :  0.731 0.135 0.134 
446    (0)   :  0.865 0.023 0.112 
447    (0)   :  0.670 0.056 0.274 
448    (0)   :  0.720 0.025 0.255 
449    (0)   :  0.654 0.045 0.301 
450    (0)   :  0.816 0.038 0.146 
451    (0)   :  0.091 0.018 0.892 
452    (0)   :  0.849 0.032 0.119 
453    (0)   :  0.109 0.082 0.809 
454    (0)   :  0.672 0.057 0.271 
455    (0)   :  0.847 0.026 0.127 
456    (0)   :  0.810 0.024 0.166 
457    (0)   :  0.881 0.024 0.095 
458    (0)   :  0.897 0.027 0.076 
459    (0)   :  0.662 0.074 0.264 
460    (0)   :  0.827 0.021 0.152 
461    (0)   :  0.781 0.021 0.198 
462    (0)   :  0.840 0.018 0.142 
463    (0)   :  0.546 0.085 0.370 
464    (0)   :  0.721 0.022 0.257 
465    (0)   :  0.442 0.033 0.526 
466    (0)   :  0.484 0.029 0.487 
467    (0)   :  0.741 0.056 0.203 
468    (0)   :  0.893 0.022 0.085 
469    (0)   :  0.914 0.023 0.063 
470    (0)   :  0.884 0.020 0.096 
471    (0)   :  0.388 0.047 0.565 
472    (0)   :  0.530 0.035 0.435 
473    (0)   :  0.488 0.052 0.460 
474    (0)   :  0.816 0.036 0.148 
475    (0)   :  0.514 0.051 0.436 
476    (0)   :  0.891 0.028 0.081 
477    (0)   :  0.154 0.045 0.801 
478    (0)   :  0.165 0.022 0.814 
479    (0)   :  0.836 0.020 0.144 
480    (0)   :  0.907 0.023 0.071 
481    (0)   :  0.447 0.027 0.526 
482    (0)   :  0.899 0.019 0.082 
483    (0)   :  0.868 0.028 0.104 
484    (0)   :  0.794 0.039 0.168 
485    (0)   :  0.885 0.023 0.092 
486    (0)   :  0.057 0.039 0.904 
487    (0)   :  0.073 0.097 0.830 
488    (0)   :  0.044 0.047 0.909 
489    (0)   :  0.088 0.194 0.718 
490    (0)   :  0.080 0.024 0.897 
491    (0)   :  0.052 0.111 0.838 
492    (0)   :  0.054 0.180 0.766 
493    (0)   :  0.045 0.044 0.911 
494    (0)   :  0.113 0.081 0.806 
495    (0)   :  0.078 0.071 0.851 
496    (0)   :  0.069 0.384 0.547 
497    (0)   :  0.049 0.079 0.872 
498    (0)   :  0.068 0.046 0.886 
499    (0)   :  0.059 0.248 0.693 
500    (0)   :  0.184 0.053 0.764 
501    (0)   :  0.196 0.132 0.672 
502    (0)   :  0.089 0.131 0.781 
503    (0)   :  0.489 0.033 0.478 
504    (0)   :  0.045 0.031 0.924 
505    (0)   :  0.051 0.100 0.849 
506    (0)   :  0.075 0.125 0.801 
507    (0)   :  0.029 0.850 0.121 
508    (0)   :  0.030 0.688 0.282 
509    (0)   :  0.047 0.212 0.741 
510    (0)   :  0.220 0.256 0.524 
511    (0)   :  0.562 0.041 0.397 
512    (0)   :  0.640 0.024 0.335 
513    (0)   :  0.024 0.046 0.930 
514    (0)   :  0.061 0.041 0.898 
515    (0)   :  0.598 0.149 0.252 
516    (0)   :  0.041 0.042 0.916 
517    (0)   :  0.230 0.133 0.638 
518    (0)   :  0.158 0.271 0.571 
519    (0)   :  0.071 0.040 0.890 
520    (0)   :  0.218 0.512 0.269 
521    (0)   :  0.071 0.422 0.507 
522    (0)   :  0.626 0.069 0.305 
523    (0)   :  0.065 0.234 0.701 
524    (0)   :  0.458 0.079 0.463 
525    (0)   :  0.300 0.305 0.395 
526    (0)   :  0.689 0.134 0.177 
527    (0)   :  0.182 0.038 0.780 
528    (0)   :  0.043 0.769 0.188 
529    (0)   :  0.078 0.103 0.819 
530    (0)   :  0.541 0.081 0.377 
531    (0)   :  0.230 0.463 0.307 
532    (0)   :  0.146 0.253 0.602 
533    (0)   :  0.373 0.072 0.555 
534    (0)   :  0.035 0.103 0.862 
535    (0)   :  0.276 0.077 0.647 
536    (0)   :  0.466 0.279 0.255 
537    (0)   :  0.069 0.638 0.293 
538    (0)   :  0.109 0.382 0.509 
539    (0)   :  0.031 0.883 0.086 
540    (0)   :  0.144 0.427 0.430 
541    (0)   :  0.097 0.637 0.266 
542    (0)   :  0.616 0.130 0.254 
543    (0)   :  0.050 0.222 0.728 
544    (0)   :  0.215 0.206 0.579 
545    (0)   :  0.579 0.059 0.362 
546    (0)   :  0.128 0.345 0.527 
547    (0)   :  0.087 0.380 0.533 
548    (0)   :  0.055 0.352 0.593 
549    (0)   :  0.191 0.715 0.094 
550    (0)   :  0.547 0.111 0.341 
551    (0)   :  0.076 0.763 0.161 
552    (0)   :  0.103 0.510 0.387 
553    (0)   :  0.040 0.416 0.544 
554    (0)   :  0.273 0.174 0.553 
555    (0)   :  0.062 0.563 0.375 
556    (0)   :  0.091 0.309 0.600 
557    (0)   :  0.606 0.130 0.264 
558    (0)   :  0.907 0.019 0.074 
559    (0)   :  0.061 0.035 0.904 
560    (0)   :  0.743 0.017 0.240 
561    (0)   :  0.418 0.023 0.559 
562    (0)   :  0.225 0.018 0.757 
563    (0)   :  0.146 0.102 0.752 
564    (0)   :  0.072 0.048 0.880 
565    (0)   :  0.893 0.024 0.083 
566    (0)   :  0.310 0.018 0.672 
567    (0)   :  0.045 0.029 0.926 
568    (0)   :  0.219 0.042 0.740 
569    (0)   :  0.286 0.058 0.656 
570    (0)   :  0.873 0.017 0.110 
571    (0)   :  0.095 0.026 0.879 
572    (0)   :  0.128 0.358 0.514 
573    (0)   :  0.101 0.044 0.855 
574    (0)   :  0.483 0.098 0.420 
575    (0)   :  0.205 0.063 0.732 
576    (0)   :  0.198 0.017 0.785 
577    (0)   :  0.452 0.081 0.466 
578    (0)   :  0.263 0.031 0.706 
579    (0)   :  0.367 0.031 0.602 
580    (0)   :  0.625 0.052 0.323 
581    (0)   :  0.623 0.038 0.339 
582    (0)   :  0.848 0.020 0.133 
583    (0)   :  0.228 0.027 0.745 
584    (0)   :  0.158 0.020 0.822 
585    (0)   :  0.431 0.026 0.543 
586    (0)   :  0.083 0.032 0.885 
587    (0)   :  0.665 0.020 0.315 
588    (0)   :  0.026 0.040 0.935 
589    (0)   :  0.685 0.023 0.293 
590    (0)   :  0.065 0.023 0.912 
591    (0)   :  0.077 0.028 0.895 
592    (0)   :  0.259 0.027 0.713 
593    (0)   :  0.264 0.052 0.684 
594    (0)   :  0.061 0.046 0.892 
595    (0)   :  0.416 0.019 0.565 
596    (0)   :  0.102 0.051 0.848 
597    (0)   :  0.062 0.111 0.827 
598    (0)   :  0.903 0.018 0.079 
599    (0)   :  0.343 0.019 0.637 
600    (0)   :  0.564 0.068 0.367 
601    (0)   :  0.620 0.020 0.360 
602    (0)   :  0.058 0.091 0.851 
603    (0)   :  0.056 0.079 0.865 
604    (0)   :  0.645 0.079 0.275 
605    (0)   :  0.242 0.038 0.720 
606    (0)   :  0.183 0.146 0.670 
607    (0)   :  0.187 0.202 0.611 
608    (0)   :  0.241 0.445 0.314 
609    (0)   :  0.528 0.045 0.427 
610    (0)   :  0.774 0.042 0.184 
611    (0)   :  0.068 0.077 0.855 
612    (0)   :  0.888 0.028 0.084 
613    (0)   :  0.191 0.050 0.759 
614    (0)   :  0.851 0.028 0.122 
615    (0)   :  0.830 0.055 0.116 
616    (0)   :  0.168 0.133 0.700 
617    (0)   :  0.402 0.032 0.566 
618    (0)   :  0.677 0.148 0.175 
619    (0)   :  0.127 0.093 0.779 
620    (0)   :  0.158 0.022 0.820 
621    (0)   :  0.179 0.027 0.794 
622    (0)   :  0.560 0.115 0.325 
623    (0)   :  0.094 0.031 0.876 
624    (0)   :  0.790 0.095 0.115 
625    (0)   :  0.606 0.109 0.285 
626    (0)   :  0.299 0.603 0.098 
627    (0)   :  0.120 0.041 0.839 
628    (0)   :  0.083 0.038 0.879 
629    (0)   :  0.146 0.051 0.803 
630    (0)   :  0.746 0.036 0.218 
631    (0)   :  0.525 0.053 0.422 
632    (0)   :  0.121 0.313 0.565 
633    (0)   :  0.515 0.088 0.397 
634    (0)   :  0.153 0.139 0.708 
635    (0)   :  0.142 0.538 0.320 
636    (0)   :  0.544 0.196 0.260 
637    (0)   :  0.267 0.115 0.618 
638    (0)   :  0.113 0.075 0.812 
639    (0)   :  0.436 0.082 0.482 
640    (0)   :  0.143 0.033 0.824 
641    (0)   :  0.220 0.049 0.731 
642    (0)   :  0.096 0.659 0.245 
643    (0)   :  0.043 0.856 0.101 
644    (0)   :  0.045 0.691 0.264 
645    (0)   :  0.279 0.634 0.087 
646    (0)   :  0.129 0.102 0.770 
647    (0)   :  0.067 0.296 0.637 
648    (0)   :  0.149 0.392 0.459 
649    (0)   :  0.042 0.188 0.770 
650    (0)   :  0.047 0.112 0.841 
651    (0)   :  0.057 0.422 0.521 
652    (0)   :  0.065 0.605 0.330 
653    (0)   :  0.107 0.440 0.453 
654    (0)   :  0.086 0.639 0.275 
655    (0)   :  0.091 0.543 0.366 
656    (0)   :  0.095 0.257 0.648 
657    (0)   :  0.352 0.147 0.501 
658    (0)   :  0.171 0.184 0.645 
659    (0)   :  0.082 0.613 0.304 
660    (0)   :  0.042 0.747 0.211 
661    (0)   :  0.082 0.746 0.172 
662    (0)   :  0.033 0.113 0.854 
663    (0)   :  0.071 0.652 0.278 
664    (0)   :  0.290 0.249 0.461 
665    (0)   :  0.043 0.129 0.828 
666    (0)   :  0.071 0.680 0.249 
667    (0)   :  0.082 0.059 0.858 
668    (0)   :  0.139 0.537 0.324 
669    (0)   :  0.060 0.282 0.658 
670    (0)   :  0.026 0.904 0.071 
671    (0)   :  0.037 0.798 0.164 
672    (0)   :  0.063 0.771 0.165 
673    (0)   :  0.027 0.919 0.054 
674    (0)   :  0.051 0.824 0.124 
675    (0)   :  0.029 0.847 0.124 
676    (0)   :  0.025 0.923 0.052 
677    (0)   :  0.023 0.909 0.068 
678    (0)   :  0.027 0.914 0.059 
679    (0)   :  0.051 0.845 0.104 
680    (0)   :  0.042 0.882 0.076 
681    (0)   :  0.142 0.489 0.369 
682    (0)   :  0.045 0.889 0.066 
683    (0)   :  0.025 0.912 0.063 
684    (0)   :  0.027 0.909 0.064 
685    (0)   :  0.023 0.925 0.052 
686    (0)   :  0.043 0.869 0.088 
687    (0)   :  0.033 0.816 0.151 
688    (0)   :  0.033 0.872 0.095 
689    (0)   :  0.023 0.923 0.053 
690    (0)   :  0.026 0.921 0.054 
691    (0)   :  0.046 0.853 0.100 
692    (0)   :  0.039 0.865 0.096 
693    (0)   :  0.042 0.869 0.089 
694    (0)   :  0.021 0.930 0.049 
695    (0)   :  0.030 0.907 0.063 
696    (0)   :  0.033 0.871 0.097 
697    (0)   :  0.025 0.919 0.057 
698    (0)   :  0.025 0.919 0.056 
699    (0)   :  0.028 0.904 0.067 
700    (0)   :  0.066 0.862 0.071 
701    (0)   :  0.056 0.807 0.138 
702    (0)   :  0.057 0.822 0.121 
703    (0)   :  0.043 0.885 0.072 
704    (0)   :  0.029 0.891 0.080 
705    (0)   :  0.075 0.721 0.204 
706    (0)   :  0.038 0.898 0.064 
707    (0)   :  0.027 0.913 0.060 
708    (0)   :  0.024 0.912 0.064 
709    (0)   :  0.028 0.918 0.054 
710    (0)   :  0.023 0.930 0.048 
711    (0)   :  0.039 0.888 0.073 
712    (0)   :  0.021 0.920 0.059 
713    (0)   :  0.029 0.883 0.088 
714    (0)   :  0.053 0.792 0.155 
715    (0)   :  0.021 0.929 0.050 
716    (0)   :  0.036 0.908 0.056 
717    (0)   :  0.022 0.929 0.049 
718    (0)   :  0.040 0.857 0.103 
719    (0)   :  0.021 0.924 0.055 
720    (0)   :  0.146 0.029 0.825 
721    (0)   :  0.171 0.603 0.226 
722    (0)   :  0.522 0.063 0.415 
723    (0)   :  0.634 0.053 0.313 
724    (0)   :  0.732 0.144 0.124 
725    (0)   :  0.135 0.169 0.696 
726    (0)   :  0.669 0.098 0.234 
727    (0)   :  0.161 0.397 0.442 
728    (0)   :  0.919 0.016 0.064 
729    (0)   :  0.897 0.019 0.085 
730    (0)   :  0.638 0.035 0.327 
731    (0)   :  0.854 0.038 0.108 
732    (0)   :  0.631 0.053 0.316 
733    (0)   :  0.890 0.024 0.086 
734    (0)   :  0.887 0.017 0.096 
735    (0)   :  0.896 0.029 0.075 
736    (0)   :  0.589 0.037 0.374 
737    (0)   :  0.554 0.045 0.401 
738    (0)   :  0.598 0.035 0.368 
739    (0)   :  0.896 0.022 0.082 
740    (0)   :  0.054 0.739 0.207 
741    (0)   :  0.101 0.514 0.385 
742    (0)   :  0.195 0.131 0.675 
743    (0)   :  0.168 0.070 0.762 
744    (0)   :  0.059 0.114 0.827 
745    (0)   :  0.128 0.025 0.847 
746    (0)   :  0.176 0.181 0.643 
747    (0)   :  0.084 0.047 0.869 
748    (0)   :  0.059 0.456 0.485 
749    (0)   :  0.073 0.174 0.753 
750    (0)   :  0.106 0.117 0.777 
751    (0)   :  0.074 0.515 0.411 
752    (0)   :  0.123 0.069 0.808 
753    (0)   :  0.256 0.233 0.511 
754    (0)   :  0.124 0.351 0.524 
755    (0)   :  0.104 0.124 0.771 
756    (0)   :  0.048 0.191 0.761 
757    (0)   :  0.080 0.094 0.826 
758    (0)   :  0.046 0.024 0.931 
759    (0)   :  0.157 0.484 0.360 
760    (0)   :  0.352 0.105 0.543 
761    (0)   :  0.545 0.266 0.188 
762    (0)   :  0.676 0.038 0.287 
763    (0)   :  0.253 0.240 0.507 
764    (0)   :  0.072 0.058 0.870 
765    (0)   :  0.584 0.060 0.356 
766    (0)   :  0.095 0.376 0.529 
767    (0)   :  0.109 0.170 0.721 
768    (0)   :  0.685 0.036 0.279 
769    (0)   :  0.582 0.187 0.232 
770    (0)   :  0.601 0.035 0.364 
771    (0)   :  0.039 0.204 0.757 
772    (0)   :  0.139 0.294 0.567 
773    (0)   :  0.092 0.078 0.830 
774    (0)   :  0.106 0.514 0.380 
775    (0)   :  0.764 0.060 0.176 
776    (0)   :  0.101 0.039 0.860 
777    (0)   :  0.132 0.093 0.776 
778    (0)   :  0.080 0.181 0.738 
779    (0)   :  0.062 0.094 0.844 
780    (0)   :  0.074 0.361 0.565 
781    (0)   :  0.048 0.345 0.607 
782    (0)   :  0.062 0.092 0.845 
783    (0)   :  0.147 0.245 0.608 
784    (0)   :  0.257 0.052 0.691 
785    (0)   :  0.098 0.098 0.804 
786    (0)   :  0.111 0.488 0.400 
787    (0)   :  0.034 0.422 0.543 
788    (0)   :  0.202 0.057 0.741 
789    (0)   :  0.281 0.060 0.658 
790    (0)   :  0.138 0.215 0.647 
791    (0)   :  0.121 0.092 0.787 
792    (0)   :  0.038 0.518 0.444 
793    (0)   :  0.147 0.536 0.316 
794    (0)   :  0.123 0.114 0.763 
795    (0)   :  0.140 0.616 0.243 
796    (0)   :  0.070 0.117 0.813 
797    (0)   :  0.054 0.779 0.167 
798    (0)   :  0.826 0.025 0.149 
799    (0)   :  0.102 0.050 0.848 
800    (0)   :  0.027 0.668 0.305 
801    (0)   :  0.811 0.050 0.140 
802    (0)   :  0.466 0.306 0.227 
803    (0)   :  0.134 0.435 0.431 
804    (0)   :  0.162 0.133 0.705 
805    (0)   :  0.040 0.862 0.098 
806    (0)   :  0.601 0.194 0.206 
807    (0)   :  0.036 0.861 0.103 
808    (0)   :  0.057 0.550 0.393 
809    (0)   :  0.601 0.158 0.241 
810    (0)   :  0.161 0.185 0.654 
811    (0)   :  0.105 0.620 0.275 
812    (0)   :  0.133 0.068 0.800 
813    (0)   :  0.827 0.029 0.144 
814    (0)   :  0.044 0.052 0.904 
815    (0)   :  0.460 0.422 0.117 
816    (0)   :  0.329 0.428 0.242 
817    (0)   :  0.477 0.297 0.226 
818    (0)   :  0.132 0.045 0.823 
819    (0)   :  0.037 0.084 0.879 
820    (0)   :  0.057 0.105 0.838 
821    (0)   :  0.170 0.055 0.775 
822    (0)   :  0.304 0.020 0.676 
823    (0)   :  0.513 0.173 0.314 
824    (0)   :  0.101 0.105 0.794 
825    (0)   :  0.225 0.038 0.737 
826    (0)   :  0.055 0.026 0.919 
827    (0)   :  0.416 0.040 0.544 
828    (0)   :  0.501 0.074 0.425 
829    (0)   :  0.713 0.070 0.216 
830    (0)   :  0.422 0.025 0.552 
831    (0)   :  0.236 0.100 0.663 
832    (0)   :  0.304 0.123 0.573 
833    (0)   :  0.500 0.121 0.379 
834    (0)   :  0.345 0.092 0.563 
835    (0)   :  0.054 0.027 0.919 
836    (0)   :  0.080 0.060 0.860 
837    (0)   :  0.550 0.244 0.207 
838    (0)   :  0.064 0.032 0.905 
839    (0)   :  0.237 0.040 0.723 
840    (0)   :  0.047 0.120 0.832 
841    (0)   :  0.046 0.077 0.878 
842    (0)   :  0.115 0.020 0.866 
843    (0)   :  0.068 0.344 0.588 
844    (0)   :  0.140 0.109 0.751 
845    (0)   :  0.093 0.025 0.883 
846    (0)   :  0.066 0.066 0.867 
847    (0)   :  0.037 0.118 0.845 
848    (0)   :  0.039 0.050 0.911 
849    (0)   :  0.174 0.036 0.791 
850    (0)   :  0.118 0.036 0.846 
851    (0)   :  0.046 0.031 0.923 
852    (0)   :  0.233 0.504 0.263 
853    (0)   :  0.276 0.032 0.692 
854    (0)   :  0.394 0.177 0.430 
855    (0)   :  0.057 0.052 0.891 
856    (0)   :  0.066 0.080 0.854 
857    (0)   :  0.105 0.051 0.844 
858    (0)   :  0.095 0.030 0.875 
859    (0)   :  0.207 0.034 0.759 
860    (0)   :  0.048 0.027 0.925 
861    (0)   :  0.043 0.386 0.571 
862    (0)   :  0.910 0.024 0.067 
863    (0)   :  0.850 0.056 0.094 
864    (0)   :  0.903 0.039 0.058 
865    (0)   :  0.890 0.017 0.093 
866    (0)   :  0.459 0.032 0.509 
867    (0)   :  0.888 0.038 0.074 
868    (0)   :  0.823 0.034 0.143 
869    (0)   :  0.512 0.033 0.455 
870    (0)   :  0.770 0.023 0.207 
871    (0)   :  0.853 0.020 0.127 
872    (0)   :  0.881 0.026 0.093 
873    (0)   :  0.896 0.032 0.072 
874    (0)   :  0.895 0.019 0.086 
875    (0)   :  0.433 0.040 0.527 
876    (0)   :  0.093 0.025 0.883 
877    (0)   :  0.911 0.027 0.062 
878    (0)   :  0.440 0.054 0.507 
879    (0)   :  0.888 0.036 0.076 
880    (0)   :  0.384 0.032 0.584 
881    (0)   :  0.873 0.034 0.093 
882    (0)   :  0.892 0.030 0.078 
883    (0)   :  0.132 0.039 0.829 
884    (0)   :  0.895 0.017 0.089 
885    (0)   :  0.755 0.068 0.177 
886    (0)   :  0.661 0.047 0.292 
887    (0)   :  0.889 0.020 0.091 
888    (0)   :  0.369 0.122 0.509 
889    (0)   :  0.900 0.017 0.083 
890    (0)   :  0.309 0.019 0.672 
891    (0)   :  0.062 0.030 0.908 
892    (0)   :  0.071 0.033 0.896 
893    (0)   :  0.246 0.059 0.695 
894    (0)   :  0.497 0.020 0.484 
895    (0)   :  0.865 0.021 0.114 
896    (0)   :  0.046 0.050 0.904 
897    (0)   :  0.051 0.030 0.919 
898    (0)   :  0.452 0.061 0.487 
899    (0)   :  0.402 0.017 0.581 
900    (0)   :  0.059 0.024 0.917 
901    (0)   :  0.069 0.025 0.906 
902    (0)   :  0.049 0.042 0.910 
903    (0)   :  0.648 0.027 0.324 
904    (0)   :  0.428 0.059 0.513 
905    (0)   :  0.726 0.019 0.255 
906    (0)   :  0.163 0.037 0.800 
907    (0)   :  0.154 0.040 0.805 
908    (0)   :  0.148 0.032 0.820 
909    (0)   :  0.146 0.042 0.813 
910    (0)   :  0.065 0.040 0.895 
911    (0)   :  0.787 0.017 0.196 
912    (0)   :  0.446 0.021 0.533 
913    (0)   :  0.494 0.020 0.486 
914    (0)   :  0.270 0.132 0.598 
915    (0)   :  0.162 0.017 0.821 
916    (0)   :  0.205 0.023 0.772 
917    (0)   :  0.282 0.025 0.693 
918    (0)   :  0.462 0.109 0.429 
919    (0)   :  0.598 0.054 0.347 
920    (0)   :  0.136 0.035 0.830 
921    (0)   :  0.072 0.328 0.600 
922    (0)   :  0.094 0.055 0.851 
923    (0)   :  0.040 0.088 0.872 
924    (0)   :  0.041 0.043 0.916 
925    (0)   :  0.056 0.078 0.866 
926    (0)   :  0.028 0.281 0.690 
927    (0)   :  0.089 0.383 0.528 
928    (0)   :  0.031 0.524 0.445 
929    (0)   :  0.028 0.078 0.894 
930    (0)   :  0.054 0.108 0.838 
931    (0)   :  0.359 0.523 0.118 
932    (0)   :  0.038 0.067 0.895 
933    (0)   :  0.039 0.711 0.250 
934    (0)   :  0.029 0.031 0.941 
935    (0)   :  0.083 0.193 0.724 
936    (0)   :  0.075 0.128 0.798 
937    (0)   :  0.070 0.566 0.364 
938    (0)   :  0.028 0.534 0.438 
939    (0)   :  0.075 0.658 0.266 
940    (0)   :  0.094 0.219 0.687 
941    (0)   :  0.127 0.061 0.812 
942    (0)   :  0.069 0.318 0.612 
943    (0)   :  0.052 0.828 0.120 
944    (0)   :  0.066 0.571 0.363 
945    (0)   :  0.050 0.104 0.846 
946    (0)   :  0.053 0.131 0.816 
947    (0)   :  0.048 0.682 0.270 
948    (0)   :  0.658 0.094 0.248 
949    (0)   :  0.383 0.053 0.564 
950    (0)   :  0.033 0.546 0.421 
951    (0)   :  0.069 0.366 0.565 
952    (0)   :  0.084 0.211 0.705 
953    (0)   :  0.099 0.101 0.800 
954    (0)   :  0.328 0.197 0.476 
955    (0)   :  0.035 0.897 0.068 
956    (0)   :  0.027 0.887 0.087 
957    (0)   :  0.131 0.482 0.388 
958    (0)   :  0.118 0.066 0.817 
959    (0)   :  0.053 0.246 0.700 
960    (0)   :  0.541 0.078 0.382 
961    (0)   :  0.023 0.926 0.051 
962    (0)   :  0.029 0.068 0.903 
963    (0)   :  0.149 0.066 0.785 
964    (0)   :  0.104 0.091 0.805 
965    (0)   :  0.048 0.300 0.653 
966    (0)   :  0.113 0.222 0.665 
967    (0)   :  0.041 0.893 0.066 
968    (0)   :  0.033 0.084 0.883 
969    (0)   :  0.240 0.226 0.534 
970    (0)   :  0.045 0.793 0.163 
971    (0)   :  0.038 0.167 0.795 
972    (0)   :  0.165 0.239 0.596 
973    (0)   :  0.031 0.464 0.505 
974    (0)   :  0.081 0.077 0.842 
975    (0)   :  0.239 0.229 0.532 
976    (0)   :  0.038 0.170 0.792 
977    (0)   :  0.114 0.293 0.592 
978    (0)   :  0.038 0.298 0.665 
979    (0)   :  0.051 0.069 0.880 
980    (0)   :  0.040 0.370 0.591 
981    (0)   :  0.082 0.181 0.737 
982    (0)   :  0.094 0.035 0.871 
983    (0)   :  0.378 0.049 0.573 
984    (0)   :  0.194 0.680 0.126 
985    (0)   :  0.052 0.134 0.814 
986    (0)   :  0.080 0.064 0.855 
987    (0)   :  0.058 0.027 0.915 
988    (0)   :  0.683 0.019 0.298 
989    (0)   :  0.095 0.749 0.156 
990    (0)   :  0.183 0.082 0.735 
991    (0)   :  0.067 0.107 0.826 
992    (0)   :  0.035 0.030 0.935 
993    (0)   :  0.560 0.046 0.394 
994    (0)   :  0.061 0.265 0.674 
995    (0)   :  0.021 0.918 0.061 
996    (0)   :  0.163 0.038 0.799 
997    (0)   :  0.035 0.076 0.889 
998    (0)   :  0.064 0.036 0.900 
999    (0)   :  0.062 0.143 0.796 
1000    (0)   :  0.063 0.032 0.905 
1001    (0)   :  0.156 0.044 0.799 
1002    (0)   :  0.124 0.020 0.856 
1003    (0)   :  0.053 0.083 0.865 
1004    (0)   :  0.040 0.052 0.909 
1005    (0)   :  0.058 0.033 0.909 
1006    (0)   :  0.073 0.164 0.763 
1007    (0)   :  0.053 0.322 0.624 
1008    (0)   :  0.054 0.535 0.412 
1009    (0)   :  0.183 0.152 0.666 
1010    (0)   :  0.062 0.126 0.811 
1011    (0)   :  0.079 0.488 0.433 
1012    (0)   :  0.100 0.081 0.819 
1013    (0)   :  0.056 0.109 0.835 
1014    (0)   :  0.093 0.036 0.871 
1015    (0)   :  0.036 0.052 0.911 
1016    (0)   :  0.054 0.031 0.914 
1017    (0)   :  0.041 0.163 0.796 
1018    (0)   :  0.064 0.141 0.796 
1019    (0)   :  0.102 0.131 0.768 
1020    (0)   :  0.030 0.873 0.097 
1021    (0)   :  0.047 0.640 0.313 
1022    (0)   :  0.052 0.121 0.827 
1023    (0)   :  0.191 0.048 0.761 
1024    (0)   :  0.157 0.034 0.809 
1025    (0)   :  0.062 0.066 0.873 
1026    (0)   :  0.700 0.186 0.114 
1027    (0)   :  0.644 0.165 0.190 
1028    (0)   :  0.709 0.091 0.199 
1029    (0)   :  0.099 0.126 0.775 
1030    (0)   :  0.095 0.513 0.393 
1031    (0)   :  0.448 0.271 0.281 
1032    (0)   :  0.332 0.360 0.308 
1033    (0)   :  0.417 0.311 0.272 
1034    (0)   :  0.093 0.140 0.767 
1035    (0)   :  0.075 0.756 0.169 
1036    (0)   :  0.151 0.544 0.305 
1037    (0)   :  0.046 0.573 0.381 
1038    (0)   :  0.357 0.469 0.174 
1039    (0)   :  0.172 0.470 0.358 
1040    (0)   :  0.692 0.183 0.125 
1041    (0)   :  0.691 0.132 0.177 
1042    (0)   :  0.221 0.488 0.291 
1043    (0)   :  0.469 0.281 0.250 
1044    (0)   :  0.443 0.144 0.413 
1045    (0)   :  0.761 0.146 0.093 
1046    (0)   :  0.200 0.450 0.351 
1047    (0)   :  0.066 0.764 0.170 
1048    (0)   :  0.132 0.072 0.796 
1049    (0)   :  0.068 0.044 0.888 
1050    (0)   :  0.379 0.018 0.603 
1051    (0)   :  0.129 0.020 0.851 
1052    (0)   :  0.157 0.028 0.815 
1053    (0)   :  0.173 0.033 0.794 
1054    (0)   :  0.121 0.033 0.845 
1055    (0)   :  0.047 0.026 0.927 
1056    (0)   :  0.077 0.028 0.895 
1057    (0)   :  0.793 0.024 0.183 
1058    (0)   :  0.330 0.021 0.649 
1059    (0)   :  0.373 0.039 0.588 
1060    (0)   :  0.258 0.066 0.676 
1061    (0)   :  0.048 0.024 0.928 
1062    (0)   :  0.378 0.024 0.598 
1063    (0)   :  0.037 0.069 0.894 
1064    (0)   :  0.203 0.030 0.767 
1065    (0)   :  0.118 0.044 0.838 
1066    (0)   :  0.049 0.048 0.903 
1067    (0)   :  0.282 0.021 0.697 
1068    (0)   :  0.132 0.215 0.653 
1069    (0)   :  0.094 0.017 0.889 
1070    (0)   :  0.142 0.025 0.834 
1071    (0)   :  0.118 0.074 0.808 
1072    (0)   :  0.092 0.041 0.867 
1073    (0)   :  0.304 0.028 0.668 
1074    (0)   :  0.301 0.056 0.642 
1075    (0)   :  0.219 0.041 0.740 
1076    (0)   :  0.191 0.047 0.762 
1077    (0)   :  0.841 0.022 0.137 
1078    (0)   :  0.073 0.033 0.894 
1079    (0)   :  0.259 0.030 0.711 
1080    (0)   :  0.089 0.102 0.809 
1081    (0)   :  0.202 0.021 0.777 
1082    (0)   :  0.145 0.055 0.800 
1083    (0)   :  0.103 0.038 0.859 
1084    (0)   :  0.098 0.096 0.807 
1085    (0)   :  0.110 0.016 0.874 
1086    (0)   :  0.040 0.023 0.937 
1087    (0)   :  0.098 0.016 0.887 
1088    (0)   :  0.076 0.017 0.907 
1089    (0)   :  0.486 0.018 0.496 
1090    (0)   :  0.273 0.024 0.704 
1091    (0)   :  0.082 0.033 0.885 
1092    (0)   :  0.206 0.021 0.773 
1093    (0)   :  0.055 0.051 0.894 
1094    (0)   :  0.736 0.059 0.205 
