

----------------------------------------------------
STRUCTURE by Pritchard, Stephens and Donnelly (2000)
     and Falush, Stephens and Pritchard (2003)
       Code by Pritchard, Falush and Hubisz
             Version 2.3.4 (Jul 2012)
----------------------------------------------------



Command line arguments:   ./structure -K 8 -D 108008 -m brooktrout/mainparams -e brooktrout/extraparams -o brooktrout/250914_output/results_K8_rep8 
Input File:    brooktrout/brooktrout.txt

Run parameters:
   8454 individuals
   5 loci
   8 populations assumed
   50000 Burn-in period
   100000 Reps
RANDOMIZE turned off


--------------------------------------------
Overall proportion of membership of the
sample in each of the 8 clusters

Inferred Clusters
  1      2      3      4      5      6      7      8    
0.014  0.013  0.041  0.123  0.191  0.178  0.211  0.228  

--------------------------------------------

Allele-freq. divergence among pops (Net nucleotide distance),
computed using point estimates of P.

      1       2       3       4       5       6       7       8      
 1      -    0.1303  0.2008  0.1763  0.1696  0.1652  0.1427  0.1304  
 2   0.1303     -    0.1611  0.0934  0.0980  0.1228  0.0874  0.1254  
 3   0.2008  0.1611     -    0.1180  0.1187  0.1542  0.1793  0.2133  
 4   0.1763  0.0934  0.1180     -    0.0815  0.1349  0.0817  0.1639  
 5   0.1696  0.0980  0.1187  0.0815     -    0.1146  0.0774  0.1806  
 6   0.1652  0.1228  0.1542  0.1349  0.1146     -    0.0863  0.1168  
 7   0.1427  0.0874  0.1793  0.0817  0.0774  0.0863     -    0.1276  
 8   0.1304  0.1254  0.2133  0.1639  0.1806  0.1168  0.1276     -    

Average distances (expected heterozygosity) between individuals in same cluster:
cluster  1  : 0.7600 
cluster  2  : 0.8301 
cluster  3  : 0.6724 
cluster  4  : 0.7241 
cluster  5  : 0.7665 
cluster  6  : 0.7819 
cluster  7  : 0.7947 
cluster  8  : 0.6983 

--------------------------------------------
Estimated Ln Prob of Data   = -197161.6
Mean value of ln likelihood = -171889.1
Variance of ln likelihood   = 50545.0

Mean value of alpha_1       = 0.0501
Mean value of alpha_2       = 0.0482
Mean value of alpha_3       = 0.1430
Mean value of alpha_4       = 0.4376
Mean value of alpha_5       = 0.6802
Mean value of alpha_6       = 0.6681
Mean value of alpha_7       = 0.7754
Mean value of alpha_8       = 0.8208
Allele frequencies uncorrelated


Inferred ancestry of individuals:
     (%Miss) :  Inferred clusters
  1    (0)   :  0.016 0.008 0.027 0.160 0.136 0.276 0.133 0.245 
  2    (0)   :  0.005 0.005 0.015 0.074 0.094 0.087 0.607 0.113 
  3    (0)   :  0.006 0.011 0.032 0.274 0.134 0.220 0.116 0.206 
  4    (0)   :  0.027 0.015 0.032 0.077 0.113 0.142 0.137 0.456 
  5    (0)   :  0.008 0.006 0.015 0.092 0.103 0.088 0.582 0.105 
  6    (0)   :  0.006 0.007 0.019 0.444 0.143 0.080 0.177 0.123 
  7    (0)   :  0.006 0.010 0.026 0.147 0.435 0.081 0.182 0.113 
  8    (0)   :  0.168 0.031 0.027 0.141 0.150 0.136 0.125 0.223 
  9    (0)   :  0.005 0.015 0.018 0.205 0.123 0.154 0.306 0.172 
 10    (0)   :  0.136 0.012 0.019 0.201 0.195 0.098 0.183 0.156 
 11    (0)   :  0.006 0.006 0.026 0.170 0.400 0.123 0.162 0.107 
 12    (0)   :  0.005 0.006 0.015 0.126 0.111 0.097 0.465 0.176 
 13    (0)   :  0.006 0.009 0.022 0.187 0.176 0.122 0.295 0.183 
 14    (0)   :  0.022 0.005 0.035 0.119 0.097 0.235 0.307 0.179 
 15    (0)   :  0.007 0.008 0.052 0.098 0.152 0.137 0.247 0.300 
 16    (0)   :  0.006 0.006 0.028 0.280 0.187 0.202 0.145 0.145 
 17    (0)   :  0.006 0.016 0.021 0.268 0.120 0.147 0.258 0.164 
 18    (0)   :  0.007 0.016 0.047 0.202 0.102 0.128 0.311 0.188 
 19    (0)   :  0.005 0.007 0.018 0.366 0.156 0.095 0.201 0.152 
 20    (0)   :  0.005 0.007 0.037 0.116 0.223 0.148 0.292 0.171 
 21    (0)   :  0.011 0.007 0.023 0.101 0.114 0.248 0.233 0.264 
 22    (0)   :  0.005 0.012 0.018 0.398 0.106 0.129 0.151 0.180 
 23    (0)   :  0.019 0.015 0.035 0.089 0.113 0.250 0.201 0.278 
 24    (0)   :  0.006 0.006 0.027 0.178 0.144 0.211 0.140 0.288 
 25    (0)   :  0.007 0.008 0.042 0.203 0.175 0.092 0.383 0.091 
 26    (0)   :  0.005 0.012 0.027 0.179 0.130 0.129 0.266 0.250 
 27    (0)   :  0.006 0.009 0.024 0.194 0.131 0.214 0.245 0.178 
 28    (0)   :  0.079 0.007 0.024 0.119 0.208 0.107 0.154 0.303 
 29    (0)   :  0.005 0.005 0.016 0.109 0.207 0.221 0.291 0.145 
 30    (0)   :  0.005 0.007 0.022 0.369 0.103 0.184 0.168 0.143 
 31    (0)   :  0.141 0.015 0.015 0.124 0.147 0.204 0.227 0.126 
 32    (0)   :  0.014 0.007 0.030 0.201 0.126 0.131 0.237 0.254 
 33    (0)   :  0.005 0.008 0.023 0.184 0.199 0.257 0.121 0.203 
 34    (0)   :  0.137 0.009 0.026 0.151 0.334 0.089 0.148 0.106 
 35    (0)   :  0.005 0.024 0.014 0.199 0.104 0.301 0.237 0.116 
 36    (0)   :  0.007 0.005 0.058 0.067 0.091 0.573 0.099 0.099 
 37    (0)   :  0.006 0.012 0.017 0.115 0.128 0.227 0.225 0.271 
 38    (0)   :  0.005 0.007 0.239 0.068 0.213 0.232 0.146 0.088 
 39    (0)   :  0.005 0.013 0.034 0.138 0.223 0.262 0.194 0.131 
 40    (0)   :  0.005 0.005 0.022 0.101 0.079 0.506 0.141 0.141 
 41    (0)   :  0.007 0.012 0.023 0.121 0.162 0.492 0.102 0.080 
 42    (0)   :  0.006 0.006 0.052 0.058 0.090 0.443 0.089 0.256 
 43    (0)   :  0.011 0.011 0.015 0.085 0.118 0.445 0.172 0.144 
 44    (0)   :  0.004 0.011 0.012 0.165 0.096 0.476 0.151 0.084 
 45    (0)   :  0.005 0.007 0.047 0.058 0.120 0.421 0.258 0.085 
 46    (0)   :  0.005 0.019 0.019 0.246 0.136 0.217 0.235 0.124 
 47    (0)   :  0.013 0.033 0.014 0.258 0.116 0.177 0.226 0.162 
 48    (0)   :  0.005 0.015 0.016 0.157 0.078 0.461 0.175 0.094 
 49    (0)   :  0.006 0.016 0.022 0.163 0.128 0.324 0.200 0.142 
 50    (0)   :  0.051 0.017 0.020 0.264 0.198 0.146 0.187 0.116 
 51    (0)   :  0.006 0.005 0.035 0.045 0.072 0.668 0.090 0.078 
 52    (0)   :  0.005 0.018 0.022 0.138 0.231 0.294 0.144 0.147 
 53    (0)   :  0.016 0.011 0.122 0.191 0.189 0.230 0.105 0.135 
 54    (0)   :  0.006 0.012 0.012 0.093 0.106 0.244 0.343 0.184 
 55    (0)   :  0.005 0.009 0.015 0.075 0.097 0.422 0.251 0.126 
 56    (0)   :  0.005 0.010 0.029 0.180 0.083 0.361 0.184 0.149 
 57    (0)   :  0.017 0.029 0.021 0.196 0.160 0.098 0.187 0.291 
 58    (0)   :  0.005 0.007 0.023 0.062 0.125 0.445 0.206 0.127 
 59    (0)   :  0.005 0.008 0.069 0.076 0.128 0.402 0.192 0.121 
 60    (0)   :  0.012 0.005 0.026 0.059 0.092 0.541 0.104 0.162 
 61    (0)   :  0.006 0.005 0.012 0.043 0.087 0.391 0.243 0.213 
 62    (0)   :  0.005 0.025 0.019 0.159 0.131 0.121 0.389 0.151 
 63    (0)   :  0.005 0.005 0.022 0.069 0.196 0.366 0.160 0.177 
 64    (0)   :  0.005 0.010 0.036 0.289 0.142 0.149 0.264 0.105 
 65    (0)   :  0.005 0.008 0.018 0.092 0.325 0.115 0.347 0.089 
 66    (0)   :  0.016 0.006 0.018 0.066 0.153 0.184 0.285 0.272 
 67    (0)   :  0.005 0.009 0.012 0.072 0.112 0.400 0.286 0.105 
 68    (0)   :  0.006 0.009 0.074 0.068 0.121 0.399 0.177 0.146 
 69    (0)   :  0.317 0.008 0.124 0.069 0.131 0.132 0.138 0.081 
 70    (0)   :  0.011 0.005 0.036 0.055 0.171 0.515 0.086 0.122 
 71    (0)   :  0.007 0.007 0.050 0.065 0.122 0.473 0.201 0.075 
 72    (0)   :  0.008 0.008 0.030 0.256 0.127 0.357 0.118 0.096 
 73    (0)   :  0.008 0.007 0.019 0.054 0.126 0.355 0.340 0.092 
 74    (0)   :  0.005 0.006 0.063 0.072 0.087 0.513 0.102 0.152 
 75    (0)   :  0.009 0.006 0.044 0.060 0.071 0.524 0.114 0.173 
 76    (0)   :  0.005 0.007 0.016 0.077 0.217 0.385 0.173 0.119 
 77    (0)   :  0.004 0.006 0.058 0.055 0.192 0.427 0.177 0.080 
 78    (0)   :  0.005 0.007 0.164 0.059 0.179 0.357 0.141 0.087 
 79    (0)   :  0.006 0.006 0.029 0.137 0.317 0.083 0.293 0.129 
 80    (0)   :  0.006 0.006 0.017 0.062 0.168 0.089 0.137 0.515 
 81    (0)   :  0.006 0.006 0.020 0.071 0.236 0.072 0.164 0.425 
 82    (0)   :  0.006 0.007 0.020 0.074 0.138 0.246 0.303 0.207 
 83    (0)   :  0.009 0.006 0.045 0.081 0.255 0.119 0.153 0.332 
 84    (0)   :  0.006 0.006 0.026 0.082 0.303 0.096 0.177 0.303 
 85    (0)   :  0.008 0.006 0.060 0.124 0.159 0.116 0.180 0.347 
 86    (0)   :  0.005 0.010 0.018 0.095 0.136 0.219 0.395 0.122 
 87    (0)   :  0.018 0.007 0.042 0.072 0.394 0.135 0.197 0.134 
 88    (0)   :  0.006 0.007 0.019 0.069 0.202 0.131 0.238 0.328 
 89    (0)   :  0.020 0.008 0.019 0.064 0.169 0.106 0.235 0.379 
 90    (0)   :  0.006 0.006 0.023 0.063 0.359 0.093 0.300 0.151 
 91    (0)   :  0.008 0.006 0.050 0.078 0.143 0.121 0.130 0.464 
 92    (0)   :  0.006 0.007 0.022 0.102 0.216 0.115 0.342 0.190 
 93    (0)   :  0.035 0.006 0.015 0.059 0.090 0.106 0.112 0.579 
 94    (0)   :  0.007 0.005 0.065 0.063 0.535 0.112 0.096 0.118 
 95    (0)   :  0.006 0.006 0.019 0.049 0.337 0.104 0.219 0.261 
 96    (0)   :  0.007 0.006 0.014 0.045 0.089 0.356 0.207 0.277 
 97    (0)   :  0.005 0.007 0.066 0.072 0.080 0.393 0.162 0.213 
 98    (0)   :  0.005 0.005 0.017 0.096 0.115 0.375 0.257 0.130 
 99    (0)   :  0.007 0.006 0.023 0.070 0.312 0.082 0.221 0.279 
100    (0)   :  0.006 0.006 0.013 0.049 0.076 0.109 0.208 0.534 
101    (0)   :  0.075 0.008 0.042 0.073 0.226 0.184 0.236 0.156 
102    (0)   :  0.008 0.007 0.039 0.054 0.193 0.202 0.133 0.363 
103    (0)   :  0.041 0.007 0.015 0.054 0.180 0.111 0.387 0.204 
104    (0)   :  0.014 0.006 0.015 0.057 0.427 0.089 0.247 0.145 
105    (0)   :  0.042 0.009 0.014 0.050 0.242 0.113 0.351 0.179 
106    (0)   :  0.004 0.006 0.027 0.084 0.523 0.108 0.176 0.072 
107    (0)   :  0.020 0.008 0.016 0.059 0.290 0.118 0.287 0.201 
108    (0)   :  0.008 0.005 0.192 0.059 0.088 0.152 0.379 0.117 
109    (0)   :  0.010 0.018 0.039 0.068 0.336 0.121 0.336 0.072 
110    (0)   :  0.008 0.006 0.027 0.085 0.575 0.099 0.123 0.077 
111    (0)   :  0.008 0.008 0.016 0.056 0.469 0.090 0.240 0.113 
112    (0)   :  0.006 0.012 0.022 0.053 0.537 0.150 0.139 0.081 
113    (0)   :  0.011 0.007 0.030 0.099 0.136 0.200 0.378 0.138 
114    (0)   :  0.016 0.006 0.014 0.051 0.405 0.084 0.252 0.172 
115    (0)   :  0.006 0.008 0.019 0.071 0.288 0.265 0.224 0.119 
116    (0)   :  0.005 0.008 0.042 0.069 0.316 0.267 0.218 0.075 
117    (0)   :  0.011 0.011 0.025 0.084 0.481 0.147 0.145 0.094 
118    (0)   :  0.005 0.006 0.020 0.055 0.133 0.102 0.575 0.105 
119    (0)   :  0.008 0.005 0.031 0.046 0.145 0.351 0.138 0.276 
120    (0)   :  0.008 0.008 0.019 0.063 0.346 0.166 0.253 0.138 
121    (0)   :  0.015 0.031 0.023 0.064 0.261 0.303 0.219 0.085 
122    (0)   :  0.011 0.005 0.022 0.077 0.458 0.101 0.234 0.092 
123    (0)   :  0.010 0.007 0.029 0.067 0.434 0.119 0.202 0.131 
124    (0)   :  0.006 0.014 0.026 0.150 0.253 0.237 0.222 0.092 
125    (0)   :  0.008 0.008 0.042 0.152 0.292 0.258 0.144 0.097 
126    (0)   :  0.005 0.005 0.028 0.061 0.363 0.256 0.148 0.135 
127    (0)   :  0.006 0.007 0.014 0.048 0.465 0.104 0.235 0.121 
128    (0)   :  0.005 0.005 0.013 0.057 0.118 0.114 0.583 0.104 
129    (0)   :  0.021 0.009 0.015 0.053 0.226 0.105 0.490 0.081 
130    (0)   :  0.016 0.008 0.015 0.055 0.365 0.080 0.277 0.184 
131    (0)   :  0.021 0.014 0.132 0.092 0.273 0.232 0.161 0.075 
132    (0)   :  0.009 0.006 0.022 0.068 0.385 0.105 0.328 0.076 
133    (0)   :  0.017 0.011 0.021 0.066 0.335 0.116 0.295 0.138 
134    (0)   :  0.004 0.005 0.018 0.062 0.638 0.075 0.135 0.062 
135    (0)   :  0.006 0.008 0.021 0.047 0.074 0.257 0.164 0.425 
136    (0)   :  0.012 0.007 0.017 0.087 0.067 0.087 0.132 0.590 
137    (0)   :  0.015 0.006 0.016 0.058 0.113 0.092 0.100 0.602 
138    (0)   :  0.007 0.006 0.020 0.060 0.073 0.108 0.088 0.639 
139    (0)   :  0.012 0.006 0.017 0.073 0.080 0.196 0.319 0.297 
140    (0)   :  0.018 0.007 0.023 0.066 0.123 0.230 0.162 0.371 
141    (0)   :  0.065 0.008 0.025 0.122 0.080 0.114 0.159 0.427 
142    (0)   :  0.017 0.007 0.018 0.048 0.071 0.276 0.173 0.390 
143    (0)   :  0.005 0.005 0.014 0.047 0.061 0.087 0.083 0.699 
144    (0)   :  0.006 0.006 0.015 0.051 0.107 0.095 0.096 0.624 
145    (0)   :  0.013 0.009 0.023 0.123 0.080 0.161 0.193 0.398 
146    (0)   :  0.014 0.010 0.024 0.087 0.141 0.145 0.163 0.416 
147    (0)   :  0.011 0.006 0.014 0.054 0.064 0.077 0.083 0.691 
148    (0)   :  0.066 0.006 0.016 0.086 0.090 0.154 0.188 0.393 
149    (0)   :  0.233 0.007 0.020 0.059 0.072 0.233 0.132 0.244 
150    (0)   :  0.015 0.008 0.015 0.061 0.150 0.115 0.160 0.477 
151    (0)   :  0.005 0.006 0.014 0.052 0.086 0.109 0.115 0.612 
152    (0)   :  0.023 0.007 0.034 0.095 0.081 0.180 0.164 0.416 
153    (0)   :  0.016 0.006 0.020 0.064 0.094 0.193 0.096 0.511 
154    (0)   :  0.318 0.008 0.016 0.082 0.066 0.145 0.160 0.206 
155    (0)   :  0.007 0.006 0.013 0.050 0.084 0.085 0.106 0.650 
156    (0)   :  0.006 0.005 0.013 0.042 0.077 0.219 0.114 0.524 
157    (0)   :  0.013 0.005 0.018 0.050 0.174 0.087 0.101 0.551 
158    (0)   :  0.013 0.008 0.028 0.122 0.081 0.146 0.156 0.447 
159    (0)   :  0.134 0.007 0.015 0.052 0.065 0.078 0.102 0.547 
160    (0)   :  0.136 0.009 0.015 0.051 0.065 0.076 0.124 0.523 
161    (0)   :  0.012 0.006 0.023 0.076 0.107 0.194 0.123 0.458 
162    (0)   :  0.015 0.013 0.021 0.087 0.131 0.140 0.220 0.374 
163    (0)   :  0.007 0.005 0.013 0.045 0.078 0.128 0.088 0.636 
164    (0)   :  0.206 0.011 0.017 0.063 0.107 0.101 0.247 0.248 
165    (0)   :  0.006 0.007 0.015 0.053 0.145 0.116 0.128 0.528 
166    (0)   :  0.217 0.006 0.041 0.049 0.136 0.147 0.122 0.282 
167    (0)   :  0.412 0.011 0.018 0.105 0.083 0.069 0.121 0.181 
168    (0)   :  0.007 0.006 0.053 0.067 0.087 0.156 0.101 0.522 
169    (0)   :  0.013 0.010 0.101 0.142 0.078 0.180 0.144 0.332 
170    (0)   :  0.006 0.006 0.014 0.052 0.083 0.236 0.135 0.467 
171    (0)   :  0.012 0.006 0.042 0.089 0.091 0.127 0.181 0.450 
172    (0)   :  0.039 0.007 0.055 0.064 0.069 0.351 0.112 0.304 
173    (0)   :  0.011 0.007 0.013 0.051 0.064 0.078 0.138 0.638 
174    (0)   :  0.014 0.007 0.015 0.058 0.089 0.080 0.120 0.619 
175    (0)   :  0.006 0.006 0.015 0.087 0.064 0.109 0.102 0.610 
176    (0)   :  0.006 0.006 0.015 0.050 0.107 0.097 0.096 0.623 
177    (0)   :  0.016 0.007 0.030 0.063 0.202 0.124 0.118 0.439 
178    (0)   :  0.016 0.007 0.015 0.107 0.091 0.081 0.155 0.528 
179    (0)   :  0.033 0.006 0.013 0.056 0.064 0.071 0.099 0.658 
180    (0)   :  0.040 0.011 0.024 0.092 0.101 0.153 0.133 0.445 
181    (0)   :  0.011 0.008 0.021 0.066 0.077 0.178 0.174 0.466 
182    (0)   :  0.007 0.008 0.014 0.045 0.063 0.113 0.161 0.589 
183    (0)   :  0.010 0.006 0.013 0.056 0.065 0.089 0.105 0.655 
184    (0)   :  0.005 0.008 0.018 0.099 0.094 0.101 0.559 0.117 
185    (0)   :  0.006 0.005 0.012 0.042 0.054 0.207 0.085 0.589 
186    (0)   :  0.005 0.007 0.013 0.087 0.145 0.109 0.519 0.114 
187    (0)   :  0.008 0.005 0.015 0.080 0.089 0.100 0.346 0.358 
188    (0)   :  0.005 0.007 0.011 0.074 0.107 0.095 0.611 0.089 
189    (0)   :  0.006 0.006 0.053 0.180 0.110 0.181 0.137 0.327 
190    (0)   :  0.005 0.005 0.012 0.037 0.057 0.380 0.174 0.329 
191    (0)   :  0.006 0.006 0.013 0.061 0.077 0.077 0.573 0.187 
192    (0)   :  0.005 0.005 0.014 0.081 0.122 0.097 0.348 0.327 
193    (0)   :  0.005 0.005 0.017 0.090 0.098 0.154 0.332 0.299 
194    (0)   :  0.007 0.006 0.015 0.071 0.109 0.200 0.304 0.288 
195    (0)   :  0.006 0.006 0.012 0.049 0.059 0.187 0.238 0.444 
196    (0)   :  0.005 0.005 0.016 0.049 0.081 0.272 0.278 0.293 
197    (0)   :  0.007 0.007 0.015 0.177 0.136 0.145 0.278 0.236 
198    (0)   :  0.006 0.005 0.022 0.120 0.146 0.196 0.266 0.239 
199    (0)   :  0.005 0.006 0.019 0.051 0.080 0.412 0.220 0.209 
200    (0)   :  0.005 0.005 0.029 0.086 0.098 0.231 0.271 0.275 
201    (0)   :  0.006 0.005 0.012 0.062 0.069 0.121 0.212 0.514 
202    (0)   :  0.005 0.005 0.012 0.048 0.075 0.254 0.142 0.458 
203    (0)   :  0.006 0.006 0.012 0.049 0.066 0.092 0.290 0.479 
204    (0)   :  0.006 0.006 0.012 0.042 0.064 0.182 0.412 0.275 
205    (0)   :  0.006 0.005 0.020 0.058 0.086 0.194 0.412 0.218 
206    (0)   :  0.007 0.006 0.012 0.060 0.064 0.119 0.471 0.261 
207    (0)   :  0.005 0.005 0.012 0.048 0.080 0.192 0.500 0.158 
208    (0)   :  0.006 0.005 0.012 0.050 0.073 0.130 0.361 0.363 
209    (0)   :  0.005 0.005 0.014 0.067 0.086 0.126 0.448 0.249 
210    (0)   :  0.006 0.006 0.012 0.053 0.080 0.123 0.437 0.284 
211    (0)   :  0.004 0.007 0.012 0.047 0.089 0.252 0.331 0.258 
212    (0)   :  0.005 0.005 0.014 0.077 0.069 0.190 0.140 0.499 
213    (0)   :  0.005 0.005 0.018 0.051 0.142 0.344 0.263 0.171 
214    (0)   :  0.005 0.005 0.012 0.055 0.070 0.139 0.197 0.518 
215    (0)   :  0.006 0.005 0.019 0.052 0.083 0.112 0.556 0.167 
216    (0)   :  0.005 0.009 0.018 0.134 0.109 0.132 0.438 0.155 
217    (0)   :  0.005 0.005 0.017 0.066 0.069 0.166 0.203 0.469 
218    (0)   :  0.006 0.006 0.018 0.056 0.096 0.104 0.476 0.239 
219    (0)   :  0.006 0.010 0.026 0.155 0.097 0.117 0.262 0.326 
220    (0)   :  0.006 0.005 0.012 0.047 0.072 0.094 0.574 0.190 
221    (0)   :  0.005 0.005 0.012 0.042 0.058 0.263 0.108 0.508 
222    (0)   :  0.006 0.008 0.017 0.207 0.109 0.127 0.308 0.219 
223    (0)   :  0.007 0.005 0.019 0.105 0.096 0.121 0.231 0.416 
224    (0)   :  0.007 0.006 0.012 0.060 0.066 0.099 0.345 0.405 
225    (0)   :  0.006 0.005 0.015 0.058 0.080 0.196 0.368 0.273 
226    (0)   :  0.007 0.008 0.106 0.098 0.097 0.131 0.302 0.251 
227    (0)   :  0.007 0.005 0.012 0.050 0.082 0.292 0.244 0.307 
228    (0)   :  0.006 0.006 0.012 0.045 0.056 0.271 0.207 0.398 
229    (0)   :  0.005 0.006 0.012 0.061 0.075 0.081 0.342 0.418 
230    (0)   :  0.005 0.006 0.012 0.050 0.071 0.088 0.422 0.348 
231    (0)   :  0.006 0.005 0.013 0.088 0.073 0.084 0.352 0.378 
232    (0)   :  0.005 0.006 0.024 0.062 0.126 0.256 0.243 0.279 
233    (0)   :  0.005 0.005 0.012 0.056 0.070 0.098 0.196 0.557 
234    (0)   :  0.005 0.005 0.015 0.114 0.114 0.101 0.355 0.290 
235    (0)   :  0.006 0.005 0.022 0.081 0.089 0.185 0.246 0.366 
236    (0)   :  0.005 0.005 0.015 0.078 0.085 0.102 0.277 0.434 
237    (0)   :  0.005 0.006 0.013 0.053 0.074 0.202 0.467 0.180 
238    (0)   :  0.005 0.005 0.012 0.063 0.092 0.154 0.191 0.478 
239    (0)   :  0.006 0.006 0.012 0.049 0.059 0.185 0.239 0.444 
240    (0)   :  0.005 0.005 0.012 0.062 0.092 0.153 0.190 0.481 
241    (0)   :  0.006 0.006 0.016 0.053 0.071 0.177 0.178 0.494 
242    (0)   :  0.007 0.007 0.030 0.110 0.099 0.156 0.298 0.294 
243    (0)   :  0.005 0.005 0.012 0.044 0.065 0.243 0.307 0.319 
244    (0)   :  0.005 0.006 0.012 0.052 0.066 0.097 0.331 0.431 
245    (0)   :  0.005 0.005 0.012 0.048 0.078 0.170 0.118 0.564 
246    (0)   :  0.005 0.005 0.017 0.066 0.069 0.167 0.202 0.468 
247    (0)   :  0.005 0.005 0.023 0.069 0.227 0.182 0.385 0.105 
248    (0)   :  0.005 0.005 0.014 0.057 0.088 0.126 0.588 0.118 
249    (0)   :  0.005 0.005 0.012 0.054 0.078 0.124 0.293 0.430 
250    (0)   :  0.005 0.005 0.014 0.070 0.090 0.091 0.376 0.348 
251    (0)   :  0.006 0.006 0.049 0.130 0.125 0.145 0.327 0.210 
252    (0)   :  0.006 0.005 0.015 0.074 0.085 0.179 0.286 0.349 
253    (0)   :  0.005 0.006 0.026 0.079 0.132 0.303 0.297 0.153 
254    (0)   :  0.005 0.007 0.014 0.154 0.092 0.124 0.363 0.241 
255    (0)   :  0.006 0.005 0.013 0.091 0.095 0.115 0.362 0.313 
256    (0)   :  0.005 0.006 0.014 0.063 0.076 0.199 0.254 0.382 
257    (0)   :  0.009 0.013 0.016 0.062 0.092 0.143 0.405 0.260 
258    (0)   :  0.006 0.005 0.017 0.073 0.112 0.235 0.335 0.217 
259    (0)   :  0.006 0.006 0.014 0.062 0.082 0.106 0.490 0.235 
260    (0)   :  0.005 0.008 0.015 0.171 0.102 0.097 0.230 0.373 
261    (0)   :  0.006 0.005 0.016 0.073 0.076 0.201 0.192 0.432 
262    (0)   :  0.005 0.005 0.016 0.043 0.059 0.293 0.160 0.418 
263    (0)   :  0.005 0.008 0.012 0.071 0.076 0.115 0.557 0.156 
264    (0)   :  0.004 0.011 0.017 0.297 0.107 0.119 0.354 0.091 
265    (0)   :  0.006 0.005 0.022 0.090 0.090 0.118 0.357 0.312 
266    (0)   :  0.005 0.005 0.012 0.042 0.059 0.206 0.118 0.554 
267    (0)   :  0.005 0.005 0.013 0.091 0.091 0.159 0.321 0.315 
268    (0)   :  0.005 0.005 0.016 0.049 0.080 0.271 0.278 0.295 
269    (0)   :  0.006 0.005 0.037 0.188 0.107 0.108 0.225 0.324 
270    (0)   :  0.010 0.008 0.014 0.098 0.109 0.111 0.505 0.146 
271    (0)   :  0.006 0.005 0.018 0.064 0.096 0.147 0.460 0.203 
272    (0)   :  0.007 0.007 0.103 0.075 0.095 0.163 0.341 0.210 
273    (0)   :  0.062 0.031 0.031 0.101 0.134 0.110 0.258 0.273 
274    (0)   :  0.006 0.006 0.028 0.086 0.101 0.125 0.413 0.236 
275    (0)   :  0.031 0.010 0.035 0.098 0.085 0.111 0.386 0.245 
276    (0)   :  0.006 0.008 0.068 0.067 0.099 0.272 0.320 0.161 
277    (0)   :  0.006 0.006 0.018 0.112 0.095 0.122 0.271 0.371 
278    (0)   :  0.005 0.005 0.019 0.053 0.079 0.142 0.488 0.209 
279    (0)   :  0.005 0.006 0.018 0.083 0.091 0.131 0.367 0.300 
280    (0)   :  0.005 0.005 0.031 0.126 0.092 0.192 0.298 0.250 
281    (0)   :  0.006 0.006 0.018 0.066 0.120 0.128 0.420 0.238 
282    (0)   :  0.005 0.005 0.016 0.098 0.089 0.090 0.203 0.494 
283    (0)   :  0.006 0.005 0.012 0.061 0.083 0.102 0.202 0.529 
284    (0)   :  0.011 0.005 0.015 0.077 0.110 0.131 0.327 0.324 
285    (0)   :  0.005 0.005 0.020 0.061 0.098 0.173 0.554 0.085 
286    (0)   :  0.005 0.006 0.012 0.052 0.067 0.098 0.331 0.430 
287    (0)   :  0.006 0.006 0.028 0.095 0.128 0.120 0.315 0.300 
288    (0)   :  0.007 0.007 0.072 0.074 0.090 0.109 0.437 0.204 
289    (0)   :  0.012 0.009 0.045 0.077 0.114 0.129 0.438 0.175 
290    (0)   :  0.005 0.010 0.016 0.145 0.086 0.281 0.279 0.179 
291    (0)   :  0.006 0.006 0.018 0.064 0.097 0.149 0.457 0.203 
292    (0)   :  0.005 0.005 0.032 0.097 0.081 0.312 0.191 0.276 
293    (0)   :  0.004 0.007 0.017 0.201 0.097 0.309 0.232 0.133 
294    (0)   :  0.005 0.010 0.015 0.068 0.078 0.192 0.494 0.137 
295    (0)   :  0.019 0.007 0.056 0.084 0.108 0.264 0.292 0.169 
296    (0)   :  0.006 0.006 0.018 0.047 0.090 0.119 0.510 0.204 
297    (0)   :  0.005 0.006 0.030 0.126 0.100 0.154 0.395 0.184 
298    (0)   :  0.005 0.005 0.015 0.091 0.099 0.082 0.289 0.413 
299    (0)   :  0.005 0.009 0.012 0.105 0.082 0.095 0.516 0.176 
300    (0)   :  0.005 0.006 0.016 0.058 0.078 0.157 0.560 0.120 
301    (0)   :  0.010 0.008 0.020 0.127 0.092 0.108 0.486 0.149 
302    (0)   :  0.012 0.010 0.016 0.068 0.075 0.229 0.451 0.140 
303    (0)   :  0.006 0.006 0.017 0.080 0.079 0.151 0.280 0.381 
304    (0)   :  0.011 0.008 0.013 0.169 0.141 0.097 0.170 0.392 
305    (0)   :  0.012 0.007 0.017 0.050 0.062 0.191 0.324 0.338 
306    (0)   :  0.006 0.005 0.021 0.080 0.079 0.169 0.188 0.451 
307    (0)   :  0.006 0.006 0.019 0.085 0.091 0.125 0.364 0.305 
308    (0)   :  0.006 0.005 0.016 0.073 0.076 0.203 0.193 0.429 
309    (0)   :  0.038 0.022 0.021 0.058 0.096 0.106 0.484 0.176 
310    (0)   :  0.005 0.005 0.012 0.052 0.067 0.194 0.275 0.390 
311    (0)   :  0.005 0.006 0.012 0.050 0.071 0.087 0.424 0.344 
312    (0)   :  0.006 0.005 0.012 0.044 0.079 0.117 0.545 0.192 
313    (0)   :  0.006 0.005 0.014 0.047 0.073 0.245 0.490 0.121 
314    (0)   :  0.047 0.005 0.018 0.050 0.060 0.136 0.078 0.607 
315    (0)   :  0.058 0.005 0.030 0.058 0.073 0.147 0.080 0.549 
316    (0)   :  0.186 0.008 0.044 0.068 0.080 0.086 0.086 0.443 
317    (0)   :  0.049 0.006 0.020 0.053 0.063 0.083 0.079 0.647 
318    (0)   :  0.148 0.006 0.019 0.058 0.065 0.063 0.080 0.562 
319    (0)   :  0.005 0.006 0.013 0.047 0.061 0.083 0.086 0.698 
320    (0)   :  0.046 0.006 0.018 0.051 0.060 0.138 0.077 0.604 
321    (0)   :  0.131 0.006 0.019 0.059 0.065 0.081 0.080 0.559 
322    (0)   :  0.052 0.008 0.046 0.063 0.080 0.133 0.088 0.530 
323    (0)   :  0.045 0.015 0.016 0.062 0.065 0.067 0.082 0.648 
324    (0)   :  0.131 0.006 0.019 0.058 0.066 0.081 0.080 0.559 
325    (0)   :  0.242 0.006 0.041 0.062 0.076 0.080 0.082 0.412 
326    (0)   :  0.456 0.006 0.030 0.059 0.075 0.078 0.081 0.216 
327    (0)   :  0.049 0.006 0.020 0.053 0.063 0.082 0.079 0.649 
328    (0)   :  0.055 0.006 0.034 0.062 0.079 0.123 0.092 0.550 
329    (0)   :  0.011 0.005 0.014 0.054 0.063 0.065 0.078 0.710 
330    (0)   :  0.050 0.006 0.019 0.053 0.063 0.082 0.079 0.648 
331    (0)   :  0.033 0.005 0.015 0.053 0.063 0.065 0.084 0.682 
332    (0)   :  0.445 0.008 0.030 0.062 0.075 0.078 0.080 0.222 
333    (0)   :  0.336 0.007 0.028 0.057 0.074 0.092 0.092 0.315 
334    (0)   :  0.056 0.006 0.034 0.061 0.078 0.124 0.092 0.550 
335    (0)   :  0.019 0.005 0.033 0.056 0.077 0.125 0.081 0.604 
336    (0)   :  0.366 0.009 0.015 0.059 0.063 0.110 0.077 0.301 
337    (0)   :  0.202 0.006 0.042 0.062 0.077 0.112 0.083 0.416 
338    (0)   :  0.385 0.006 0.016 0.060 0.067 0.065 0.081 0.321 
339    (0)   :  0.032 0.005 0.015 0.052 0.064 0.065 0.084 0.683 
340    (0)   :  0.012 0.005 0.014 0.047 0.061 0.067 0.081 0.713 
341    (0)   :  0.181 0.011 0.017 0.054 0.064 0.070 0.090 0.512 
342    (0)   :  0.049 0.006 0.020 0.053 0.064 0.082 0.080 0.646 
343    (0)   :  0.061 0.013 0.030 0.066 0.072 0.205 0.077 0.478 
344    (0)   :  0.032 0.006 0.015 0.054 0.063 0.063 0.079 0.689 
345    (0)   :  0.049 0.006 0.020 0.053 0.064 0.082 0.079 0.649 
346    (0)   :  0.056 0.006 0.020 0.052 0.063 0.066 0.078 0.659 
347    (0)   :  0.012 0.005 0.014 0.048 0.062 0.065 0.075 0.719 
348    (0)   :  0.016 0.005 0.027 0.051 0.070 0.212 0.078 0.541 
349    (0)   :  0.050 0.006 0.020 0.053 0.063 0.082 0.080 0.646 
350    (0)   :  0.010 0.005 0.013 0.050 0.061 0.102 0.087 0.671 
351    (0)   :  0.019 0.005 0.033 0.056 0.077 0.125 0.081 0.604 
352    (0)   :  0.081 0.006 0.048 0.060 0.076 0.121 0.084 0.524 
353    (0)   :  0.368 0.009 0.016 0.058 0.063 0.109 0.076 0.302 
354    (0)   :  0.066 0.008 0.016 0.058 0.066 0.067 0.083 0.636 
355    (0)   :  0.149 0.006 0.019 0.058 0.066 0.063 0.079 0.560 
356    (0)   :  0.007 0.005 0.026 0.050 0.069 0.233 0.078 0.533 
357    (0)   :  0.009 0.005 0.070 0.158 0.118 0.092 0.109 0.439 
358    (0)   :  0.313 0.006 0.027 0.060 0.075 0.084 0.082 0.354 
359    (0)   :  0.243 0.006 0.015 0.056 0.065 0.069 0.088 0.459 
360    (0)   :  0.057 0.006 0.020 0.052 0.064 0.066 0.079 0.657 
361    (0)   :  0.007 0.005 0.066 0.159 0.119 0.131 0.111 0.402 
362    (0)   :  0.016 0.007 0.074 0.105 0.251 0.140 0.278 0.129 
363    (0)   :  0.008 0.008 0.038 0.158 0.340 0.141 0.212 0.095 
364    (0)   :  0.010 0.012 0.023 0.266 0.113 0.133 0.177 0.267 
365    (0)   :  0.009 0.018 0.059 0.296 0.186 0.121 0.201 0.109 
366    (0)   :  0.008 0.007 0.039 0.211 0.096 0.288 0.184 0.167 
367    (0)   :  0.005 0.005 0.040 0.080 0.602 0.076 0.115 0.076 
368    (0)   :  0.006 0.006 0.021 0.099 0.193 0.091 0.460 0.125 
369    (0)   :  0.019 0.010 0.022 0.157 0.112 0.345 0.153 0.181 
370    (0)   :  0.027 0.017 0.024 0.109 0.208 0.115 0.372 0.128 
371    (0)   :  0.026 0.013 0.020 0.212 0.125 0.155 0.289 0.162 
372    (0)   :  0.035 0.051 0.029 0.070 0.150 0.098 0.420 0.147 
373    (0)   :  0.006 0.007 0.019 0.128 0.358 0.122 0.163 0.198 
374    (0)   :  0.009 0.009 0.052 0.150 0.188 0.122 0.175 0.295 
375    (0)   :  0.010 0.020 0.024 0.245 0.267 0.083 0.259 0.093 
376    (0)   :  0.007 0.111 0.041 0.318 0.239 0.099 0.098 0.087 
377    (0)   :  0.021 0.008 0.062 0.139 0.133 0.118 0.396 0.123 
378    (0)   :  0.020 0.006 0.020 0.056 0.394 0.101 0.154 0.250 
379    (0)   :  0.009 0.190 0.036 0.247 0.233 0.106 0.105 0.075 
380    (0)   :  0.012 0.012 0.124 0.210 0.091 0.220 0.129 0.203 
381    (0)   :  0.006 0.008 0.022 0.403 0.077 0.250 0.087 0.147 
382    (0)   :  0.011 0.006 0.026 0.258 0.342 0.077 0.176 0.105 
383    (0)   :  0.210 0.010 0.114 0.231 0.080 0.091 0.150 0.115 
384    (0)   :  0.074 0.053 0.030 0.317 0.159 0.082 0.139 0.146 
385    (0)   :  0.159 0.023 0.019 0.152 0.172 0.074 0.265 0.137 
386    (0)   :  0.005 0.005 0.040 0.148 0.433 0.112 0.161 0.096 
387    (0)   :  0.005 0.006 0.035 0.200 0.334 0.123 0.179 0.119 
388    (0)   :  0.016 0.020 0.031 0.165 0.183 0.085 0.233 0.267 
389    (0)   :  0.020 0.012 0.019 0.075 0.098 0.183 0.482 0.110 
390    (0)   :  0.021 0.021 0.064 0.102 0.343 0.247 0.114 0.088 
391    (0)   :  0.014 0.017 0.032 0.091 0.221 0.244 0.238 0.142 
392    (0)   :  0.006 0.009 0.028 0.254 0.237 0.117 0.166 0.184 
393    (0)   :  0.009 0.009 0.118 0.214 0.120 0.272 0.101 0.158 
394    (0)   :  0.025 0.006 0.053 0.081 0.290 0.099 0.159 0.288 
395    (0)   :  0.004 0.005 0.073 0.078 0.187 0.296 0.248 0.109 
396    (0)   :  0.004 0.006 0.017 0.191 0.340 0.096 0.262 0.082 
397    (0)   :  0.006 0.087 0.015 0.191 0.094 0.135 0.248 0.223 
398    (0)   :  0.006 0.048 0.138 0.097 0.382 0.135 0.110 0.085 
399    (0)   :  0.012 0.005 0.046 0.066 0.452 0.164 0.151 0.103 
400    (0)   :  0.005 0.008 0.022 0.185 0.399 0.134 0.104 0.142 
401    (0)   :  0.005 0.005 0.022 0.054 0.415 0.228 0.129 0.142 
402    (0)   :  0.007 0.007 0.020 0.164 0.229 0.211 0.216 0.146 
403    (0)   :  0.007 0.008 0.029 0.109 0.161 0.122 0.183 0.382 
404    (0)   :  0.005 0.010 0.018 0.237 0.150 0.125 0.293 0.163 
405    (0)   :  0.006 0.005 0.064 0.160 0.173 0.186 0.256 0.150 
406    (0)   :  0.005 0.005 0.248 0.065 0.084 0.285 0.127 0.181 
407    (0)   :  0.005 0.005 0.124 0.281 0.220 0.126 0.157 0.082 
408    (0)   :  0.004 0.005 0.016 0.049 0.352 0.280 0.219 0.075 
409    (0)   :  0.010 0.014 0.064 0.076 0.106 0.411 0.102 0.217 
410    (0)   :  0.010 0.093 0.045 0.131 0.301 0.145 0.131 0.144 
411    (0)   :  0.028 0.022 0.022 0.308 0.172 0.162 0.119 0.167 
412    (0)   :  0.006 0.006 0.024 0.133 0.281 0.086 0.348 0.116 
413    (0)   :  0.017 0.005 0.023 0.078 0.311 0.088 0.247 0.232 
414    (0)   :  0.010 0.005 0.017 0.129 0.293 0.083 0.386 0.078 
415    (0)   :  0.005 0.007 0.045 0.253 0.221 0.231 0.135 0.105 
416    (0)   :  0.005 0.007 0.021 0.134 0.315 0.232 0.134 0.152 
417    (0)   :  0.007 0.007 0.196 0.146 0.290 0.106 0.153 0.096 
418    (0)   :  0.005 0.008 0.019 0.122 0.474 0.077 0.201 0.094 
419    (0)   :  0.010 0.015 0.033 0.137 0.206 0.198 0.167 0.234 
420    (0)   :  0.004 0.004 0.019 0.054 0.369 0.356 0.109 0.085 
421    (0)   :  0.008 0.008 0.072 0.101 0.331 0.126 0.253 0.101 
422    (0)   :  0.005 0.007 0.094 0.085 0.127 0.255 0.315 0.111 
423    (0)   :  0.005 0.010 0.054 0.212 0.221 0.129 0.231 0.138 
424    (0)   :  0.008 0.009 0.067 0.073 0.349 0.213 0.144 0.137 
425    (0)   :  0.009 0.031 0.027 0.236 0.171 0.107 0.250 0.169 
426    (0)   :  0.044 0.034 0.073 0.127 0.306 0.104 0.163 0.148 
427    (0)   :  0.018 0.006 0.156 0.102 0.343 0.109 0.092 0.174 
428    (0)   :  0.007 0.023 0.190 0.080 0.115 0.208 0.161 0.217 
429    (0)   :  0.005 0.007 0.035 0.234 0.449 0.078 0.116 0.076 
430    (0)   :  0.007 0.006 0.186 0.150 0.205 0.173 0.181 0.092 
431    (0)   :  0.015 0.012 0.039 0.087 0.286 0.096 0.312 0.153 
432    (0)   :  0.006 0.006 0.023 0.097 0.249 0.109 0.374 0.136 
433    (0)   :  0.007 0.011 0.017 0.082 0.126 0.121 0.295 0.342 
434    (0)   :  0.007 0.006 0.024 0.186 0.130 0.183 0.288 0.176 
435    (0)   :  0.005 0.005 0.328 0.086 0.247 0.117 0.129 0.081 
436    (0)   :  0.006 0.008 0.290 0.138 0.246 0.127 0.065 0.118 
437    (0)   :  0.006 0.008 0.044 0.454 0.141 0.093 0.162 0.092 
438    (0)   :  0.007 0.006 0.235 0.058 0.169 0.323 0.084 0.117 
439    (0)   :  0.007 0.006 0.303 0.132 0.223 0.138 0.086 0.106 
440    (0)   :  0.004 0.004 0.301 0.124 0.302 0.093 0.101 0.069 
441    (0)   :  0.010 0.006 0.102 0.175 0.238 0.181 0.130 0.157 
442    (0)   :  0.004 0.009 0.024 0.218 0.298 0.180 0.176 0.091 
443    (0)   :  0.005 0.005 0.048 0.073 0.409 0.283 0.102 0.077 
444    (0)   :  0.005 0.008 0.049 0.228 0.267 0.200 0.155 0.087 
445    (0)   :  0.006 0.054 0.052 0.110 0.113 0.435 0.088 0.141 
446    (0)   :  0.008 0.054 0.173 0.088 0.395 0.119 0.075 0.088 
447    (0)   :  0.006 0.008 0.230 0.089 0.178 0.201 0.143 0.147 
448    (0)   :  0.006 0.006 0.085 0.209 0.257 0.153 0.186 0.099 
449    (0)   :  0.006 0.006 0.085 0.218 0.204 0.166 0.171 0.143 
450    (0)   :  0.007 0.009 0.023 0.414 0.209 0.096 0.105 0.137 
451    (0)   :  0.005 0.006 0.042 0.082 0.431 0.107 0.255 0.071 
452    (0)   :  0.006 0.006 0.043 0.293 0.318 0.095 0.098 0.143 
453    (0)   :  0.005 0.005 0.022 0.062 0.136 0.553 0.117 0.099 
454    (0)   :  0.017 0.005 0.108 0.207 0.261 0.114 0.136 0.151 
455    (0)   :  0.006 0.005 0.325 0.087 0.198 0.216 0.083 0.080 
456    (0)   :  0.005 0.007 0.079 0.200 0.227 0.283 0.119 0.080 
457    (0)   :  0.006 0.007 0.097 0.393 0.146 0.114 0.137 0.099 
458    (0)   :  0.008 0.059 0.105 0.167 0.276 0.186 0.096 0.104 
459    (0)   :  0.007 0.005 0.098 0.096 0.374 0.182 0.080 0.158 
460    (0)   :  0.006 0.005 0.076 0.091 0.524 0.130 0.083 0.085 
461    (0)   :  0.006 0.007 0.024 0.102 0.609 0.081 0.084 0.087 
462    (0)   :  0.007 0.012 0.036 0.216 0.216 0.235 0.212 0.064 
463    (0)   :  0.007 0.005 0.207 0.069 0.103 0.397 0.113 0.100 
464    (0)   :  0.005 0.005 0.073 0.073 0.454 0.218 0.093 0.080 
465    (0)   :  0.006 0.008 0.044 0.092 0.395 0.208 0.148 0.098 
466    (0)   :  0.005 0.005 0.072 0.074 0.288 0.350 0.124 0.081 
467    (0)   :  0.009 0.006 0.047 0.119 0.239 0.320 0.149 0.111 
468    (0)   :  0.005 0.006 0.308 0.205 0.106 0.181 0.109 0.080 
469    (0)   :  0.006 0.005 0.507 0.081 0.134 0.103 0.080 0.083 
470    (0)   :  0.005 0.005 0.369 0.069 0.281 0.096 0.093 0.082 
471    (0)   :  0.005 0.006 0.027 0.129 0.284 0.267 0.187 0.094 
472    (0)   :  0.005 0.007 0.028 0.180 0.206 0.307 0.177 0.090 
473    (0)   :  0.007 0.006 0.098 0.185 0.171 0.162 0.232 0.139 
474    (0)   :  0.005 0.005 0.037 0.254 0.284 0.186 0.094 0.134 
475    (0)   :  0.005 0.006 0.042 0.097 0.369 0.190 0.131 0.159 
476    (0)   :  0.006 0.008 0.041 0.355 0.228 0.188 0.080 0.092 
477    (0)   :  0.007 0.008 0.053 0.090 0.371 0.222 0.128 0.122 
478    (0)   :  0.007 0.008 0.034 0.056 0.613 0.094 0.110 0.079 
479    (0)   :  0.005 0.005 0.139 0.183 0.385 0.102 0.098 0.083 
480    (0)   :  0.006 0.006 0.098 0.398 0.216 0.093 0.088 0.095 
481    (0)   :  0.004 0.006 0.029 0.176 0.198 0.148 0.348 0.092 
482    (0)   :  0.005 0.007 0.048 0.269 0.418 0.083 0.087 0.083 
483    (0)   :  0.007 0.007 0.347 0.105 0.225 0.116 0.088 0.106 
484    (0)   :  0.007 0.006 0.251 0.088 0.124 0.310 0.122 0.094 
485    (0)   :  0.006 0.005 0.506 0.063 0.171 0.090 0.078 0.081 
486    (0)   :  0.006 0.010 0.020 0.101 0.179 0.190 0.367 0.127 
487    (0)   :  0.008 0.011 0.023 0.152 0.126 0.153 0.300 0.227 
488    (0)   :  0.009 0.009 0.020 0.086 0.183 0.104 0.413 0.178 
489    (0)   :  0.007 0.009 0.014 0.189 0.082 0.205 0.286 0.206 
490    (0)   :  0.005 0.007 0.023 0.118 0.304 0.214 0.243 0.084 
491    (0)   :  0.006 0.009 0.015 0.077 0.092 0.152 0.430 0.218 
492    (0)   :  0.007 0.005 0.016 0.075 0.220 0.209 0.156 0.312 
493    (0)   :  0.008 0.010 0.015 0.110 0.095 0.098 0.524 0.140 
494    (0)   :  0.006 0.038 0.023 0.100 0.123 0.176 0.334 0.200 
495    (0)   :  0.008 0.041 0.017 0.075 0.269 0.191 0.171 0.227 
496    (0)   :  0.007 0.006 0.019 0.088 0.116 0.226 0.192 0.346 
497    (0)   :  0.009 0.015 0.016 0.095 0.081 0.083 0.521 0.180 
498    (0)   :  0.006 0.013 0.022 0.119 0.190 0.201 0.323 0.127 
499    (0)   :  0.008 0.023 0.019 0.106 0.089 0.135 0.299 0.323 
500    (0)   :  0.006 0.015 0.027 0.188 0.102 0.107 0.417 0.140 
501    (0)   :  0.005 0.011 0.021 0.165 0.176 0.121 0.213 0.288 
502    (0)   :  0.006 0.008 0.019 0.103 0.228 0.102 0.211 0.323 
503    (0)   :  0.005 0.008 0.028 0.275 0.154 0.118 0.295 0.116 
504    (0)   :  0.006 0.009 0.021 0.076 0.272 0.212 0.284 0.120 
505    (0)   :  0.005 0.008 0.021 0.070 0.108 0.248 0.349 0.191 
506    (0)   :  0.006 0.007 0.015 0.081 0.232 0.135 0.230 0.293 
507    (0)   :  0.007 0.007 0.014 0.056 0.065 0.198 0.130 0.523 
508    (0)   :  0.009 0.014 0.014 0.049 0.075 0.174 0.186 0.479 
509    (0)   :  0.005 0.007 0.019 0.069 0.104 0.207 0.307 0.281 
510    (0)   :  0.005 0.022 0.014 0.176 0.121 0.122 0.192 0.349 
511    (0)   :  0.006 0.013 0.052 0.141 0.280 0.185 0.191 0.133 
512    (0)   :  0.004 0.008 0.022 0.252 0.336 0.089 0.193 0.096 
513    (0)   :  0.008 0.015 0.013 0.042 0.129 0.171 0.490 0.133 
514    (0)   :  0.011 0.008 0.020 0.062 0.371 0.139 0.231 0.157 
515    (0)   :  0.006 0.015 0.068 0.170 0.130 0.196 0.170 0.244 
516    (0)   :  0.006 0.010 0.022 0.062 0.186 0.219 0.349 0.147 
517    (0)   :  0.007 0.007 0.056 0.062 0.194 0.289 0.158 0.227 
518    (0)   :  0.007 0.067 0.015 0.184 0.106 0.095 0.232 0.295 
519    (0)   :  0.005 0.006 0.026 0.070 0.384 0.165 0.176 0.168 
520    (0)   :  0.007 0.007 0.197 0.058 0.082 0.212 0.122 0.316 
521    (0)   :  0.156 0.006 0.015 0.060 0.171 0.143 0.205 0.245 
522    (0)   :  0.007 0.027 0.036 0.250 0.143 0.238 0.167 0.132 
523    (0)   :  0.018 0.008 0.033 0.050 0.135 0.413 0.122 0.222 
524    (0)   :  0.007 0.008 0.265 0.064 0.138 0.137 0.201 0.180 
525    (0)   :  0.009 0.087 0.051 0.119 0.104 0.195 0.154 0.282 
526    (0)   :  0.005 0.005 0.293 0.053 0.075 0.301 0.123 0.144 
527    (0)   :  0.005 0.074 0.017 0.201 0.213 0.103 0.255 0.132 
528    (0)   :  0.017 0.005 0.013 0.066 0.092 0.126 0.218 0.464 
529    (0)   :  0.009 0.084 0.015 0.076 0.124 0.128 0.328 0.236 
530    (0)   :  0.005 0.007 0.034 0.201 0.140 0.262 0.182 0.168 
531    (0)   :  0.019 0.007 0.045 0.097 0.145 0.176 0.130 0.381 
532    (0)   :  0.046 0.021 0.014 0.107 0.121 0.121 0.283 0.286 
533    (0)   :  0.007 0.067 0.042 0.135 0.125 0.207 0.264 0.153 
534    (0)   :  0.007 0.080 0.016 0.048 0.107 0.251 0.273 0.218 
535    (0)   :  0.006 0.005 0.041 0.063 0.206 0.414 0.130 0.135 
536    (0)   :  0.007 0.007 0.052 0.105 0.124 0.308 0.177 0.220 
537    (0)   :  0.020 0.007 0.017 0.085 0.096 0.409 0.127 0.239 
538    (0)   :  0.006 0.005 0.030 0.076 0.107 0.304 0.235 0.237 
539    (0)   :  0.005 0.005 0.012 0.066 0.071 0.153 0.134 0.555 
540    (0)   :  0.159 0.006 0.032 0.084 0.090 0.251 0.237 0.141 
541    (0)   :  0.101 0.008 0.020 0.114 0.110 0.193 0.130 0.326 
542    (0)   :  0.005 0.006 0.035 0.079 0.086 0.510 0.181 0.099 
543    (0)   :  0.144 0.008 0.035 0.055 0.148 0.280 0.141 0.190 
544    (0)   :  0.013 0.005 0.024 0.070 0.097 0.522 0.131 0.137 
545    (0)   :  0.006 0.005 0.088 0.067 0.105 0.520 0.126 0.083 
546    (0)   :  0.014 0.005 0.016 0.080 0.091 0.395 0.244 0.155 
547    (0)   :  0.007 0.005 0.031 0.050 0.092 0.572 0.088 0.155 
548    (0)   :  0.005 0.005 0.014 0.071 0.091 0.090 0.375 0.349 
549    (0)   :  0.008 0.007 0.060 0.077 0.088 0.364 0.083 0.313 
550    (0)   :  0.005 0.005 0.142 0.064 0.198 0.359 0.110 0.117 
551    (0)   :  0.009 0.007 0.028 0.082 0.115 0.228 0.096 0.434 
552    (0)   :  0.006 0.005 0.016 0.095 0.082 0.319 0.222 0.255 
553    (0)   :  0.045 0.008 0.026 0.048 0.098 0.454 0.107 0.214 
554    (0)   :  0.202 0.008 0.021 0.142 0.119 0.191 0.213 0.105 
555    (0)   :  0.018 0.008 0.021 0.064 0.099 0.273 0.180 0.338 
556    (0)   :  0.011 0.006 0.016 0.079 0.105 0.382 0.215 0.185 
557    (0)   :  0.018 0.005 0.126 0.074 0.181 0.339 0.108 0.149 
558    (0)   :  0.005 0.007 0.058 0.262 0.424 0.078 0.079 0.086 
559    (0)   :  0.008 0.007 0.016 0.092 0.211 0.173 0.377 0.116 
560    (0)   :  0.004 0.005 0.075 0.068 0.528 0.115 0.139 0.066 
561    (0)   :  0.005 0.006 0.037 0.136 0.291 0.179 0.259 0.088 
562    (0)   :  0.005 0.007 0.045 0.118 0.296 0.144 0.320 0.066 
563    (0)   :  0.006 0.009 0.031 0.063 0.375 0.202 0.102 0.213 
564    (0)   :  0.020 0.009 0.031 0.090 0.112 0.157 0.464 0.117 
565    (0)   :  0.005 0.006 0.173 0.307 0.168 0.114 0.129 0.098 
566    (0)   :  0.005 0.004 0.044 0.097 0.581 0.087 0.113 0.069 
567    (0)   :  0.006 0.006 0.027 0.078 0.116 0.110 0.572 0.086 
568    (0)   :  0.006 0.006 0.040 0.081 0.299 0.204 0.242 0.123 
569    (0)   :  0.021 0.008 0.053 0.193 0.249 0.192 0.164 0.121 
570    (0)   :  0.006 0.007 0.051 0.385 0.275 0.070 0.132 0.074 
571    (0)   :  0.007 0.005 0.047 0.060 0.478 0.095 0.201 0.107 
572    (0)   :  0.007 0.005 0.041 0.111 0.104 0.394 0.118 0.220 
573    (0)   :  0.010 0.007 0.199 0.061 0.099 0.090 0.417 0.116 
574    (0)   :  0.016 0.007 0.042 0.315 0.131 0.144 0.145 0.199 
575    (0)   :  0.005 0.006 0.027 0.075 0.368 0.147 0.183 0.190 
576    (0)   :  0.005 0.006 0.044 0.104 0.527 0.073 0.170 0.071 
577    (0)   :  0.006 0.009 0.024 0.297 0.173 0.141 0.152 0.198 
