

----------------------------------------------------
STRUCTURE by Pritchard, Stephens and Donnelly (2000)
     and Falush, Stephens and Pritchard (2003)
       Code by Pritchard, Falush and Hubisz
             Version 2.3.4 (Jul 2012)
----------------------------------------------------



Command line arguments:   ./structure -K 6 -D 106017 -m brooktrout/mainparams -e brooktrout/extraparams -o brooktrout/250914_output/results_K6_rep17 
Input File:    brooktrout/brooktrout.txt

Run parameters:
   8454 individuals
   5 loci
   6 populations assumed
   50000 Burn-in period
   100000 Reps
RANDOMIZE turned off


--------------------------------------------
Overall proportion of membership of the
sample in each of the 6 clusters

Inferred Clusters
  1      2      3      4      5      6    
0.043  0.044  0.156  0.282  0.224  0.252  

--------------------------------------------

Allele-freq. divergence among pops (Net nucleotide distance),
computed using point estimates of P.

      1       2       3       4       5       6      
 1      -    0.1312  0.1032  0.1038  0.1564  0.1814  
 2   0.1312     -    0.1028  0.0908  0.0935  0.1340  
 3   0.1032  0.1028     -    0.0522  0.0874  0.1171  
 4   0.1038  0.0908  0.0522     -    0.0659  0.1254  
 5   0.1564  0.0935  0.0874  0.0659     -    0.0834  
 6   0.1814  0.1340  0.1171  0.1254  0.0834     -    

Average distances (expected heterozygosity) between individuals in same cluster:
cluster  1  : 0.6943 
cluster  2  : 0.7943 
cluster  3  : 0.7668 
cluster  4  : 0.7993 
cluster  5  : 0.8145 
cluster  6  : 0.7344 

--------------------------------------------
Estimated Ln Prob of Data   = -186269.3
Mean value of ln likelihood = -171563.1
Variance of ln likelihood   = 29412.4

Mean value of alpha_1       = 0.0782
Mean value of alpha_2       = 0.0801
Mean value of alpha_3       = 0.2932
Mean value of alpha_4       = 0.5298
Mean value of alpha_5       = 0.4371
Mean value of alpha_6       = 0.4920
Allele frequencies uncorrelated


Inferred ancestry of individuals:
     (%Miss) :  Inferred clusters
  1    (0)   :  0.019 0.249 0.175 0.158 0.123 0.277 
  2    (0)   :  0.010 0.010 0.114 0.192 0.579 0.095 
  3    (0)   :  0.036 0.026 0.348 0.164 0.171 0.256 
  4    (0)   :  0.022 0.010 0.064 0.139 0.135 0.631 
  5    (0)   :  0.012 0.012 0.196 0.214 0.468 0.100 
  6    (0)   :  0.014 0.010 0.660 0.146 0.089 0.080 
  7    (0)   :  0.018 0.011 0.166 0.639 0.073 0.092 
  8    (0)   :  0.026 0.016 0.254 0.202 0.097 0.405 
  9    (0)   :  0.014 0.048 0.286 0.196 0.273 0.183 
 10    (0)   :  0.014 0.019 0.322 0.300 0.080 0.266 
 11    (0)   :  0.018 0.043 0.132 0.637 0.073 0.096 
 12    (0)   :  0.011 0.011 0.211 0.213 0.403 0.151 
 13    (0)   :  0.014 0.014 0.275 0.341 0.192 0.164 
 14    (0)   :  0.028 0.013 0.113 0.152 0.507 0.186 
 15    (0)   :  0.041 0.010 0.118 0.235 0.259 0.337 
 16    (0)   :  0.021 0.042 0.382 0.287 0.118 0.150 
 17    (0)   :  0.016 0.016 0.492 0.153 0.203 0.121 
 18    (0)   :  0.038 0.020 0.333 0.148 0.286 0.174 
 19    (0)   :  0.012 0.012 0.578 0.181 0.110 0.107 
 20    (0)   :  0.025 0.012 0.166 0.319 0.328 0.149 
 21    (0)   :  0.019 0.035 0.128 0.157 0.348 0.314 
 22    (0)   :  0.014 0.016 0.576 0.132 0.112 0.149 
 23    (0)   :  0.028 0.032 0.087 0.170 0.321 0.362 
 24    (0)   :  0.022 0.036 0.295 0.188 0.143 0.316 
 25    (0)   :  0.028 0.009 0.289 0.433 0.169 0.072 
 26    (0)   :  0.017 0.015 0.454 0.138 0.190 0.186 
 27    (0)   :  0.017 0.028 0.303 0.237 0.220 0.195 
 28    (0)   :  0.022 0.035 0.122 0.280 0.100 0.440 
 29    (0)   :  0.011 0.020 0.118 0.399 0.314 0.138 
 30    (0)   :  0.017 0.027 0.539 0.127 0.170 0.119 
 31    (0)   :  0.013 0.024 0.226 0.252 0.260 0.225 
 32    (0)   :  0.022 0.013 0.243 0.207 0.222 0.293 
 33    (0)   :  0.029 0.087 0.188 0.288 0.160 0.249 
 34    (0)   :  0.028 0.023 0.202 0.511 0.082 0.153 
 35    (0)   :  0.011 0.067 0.293 0.134 0.400 0.095 
 36    (0)   :  0.113 0.226 0.090 0.123 0.326 0.123 
 37    (0)   :  0.012 0.016 0.137 0.229 0.267 0.339 
 38    (0)   :  0.294 0.162 0.073 0.226 0.175 0.071 
 39    (0)   :  0.043 0.117 0.151 0.309 0.274 0.107 
 40    (0)   :  0.018 0.056 0.112 0.102 0.500 0.210 
 41    (0)   :  0.028 0.447 0.074 0.156 0.216 0.078 
 42    (0)   :  0.041 0.385 0.052 0.097 0.106 0.319 
 43    (0)   :  0.010 0.032 0.081 0.217 0.458 0.201 
 44    (0)   :  0.010 0.066 0.174 0.136 0.528 0.086 
 45    (0)   :  0.046 0.260 0.076 0.141 0.408 0.069 
 46    (0)   :  0.015 0.028 0.343 0.212 0.312 0.089 
 47    (0)   :  0.010 0.047 0.381 0.187 0.219 0.156 
 48    (0)   :  0.012 0.043 0.191 0.087 0.586 0.082 
 49    (0)   :  0.020 0.193 0.167 0.177 0.297 0.146 
 50    (0)   :  0.017 0.027 0.287 0.365 0.161 0.144 
 51    (0)   :  0.056 0.315 0.046 0.088 0.411 0.085 
 52    (0)   :  0.022 0.208 0.157 0.291 0.190 0.133 
 53    (0)   :  0.244 0.080 0.177 0.217 0.135 0.146 
 54    (0)   :  0.008 0.030 0.144 0.176 0.487 0.155 
 55    (0)   :  0.011 0.017 0.087 0.137 0.645 0.104 
 56    (0)   :  0.028 0.054 0.237 0.093 0.460 0.128 
 57    (0)   :  0.013 0.020 0.370 0.211 0.102 0.284 
 58    (0)   :  0.019 0.081 0.081 0.170 0.520 0.128 
 59    (0)   :  0.065 0.313 0.091 0.132 0.289 0.109 
 60    (0)   :  0.029 0.051 0.071 0.125 0.475 0.248 
 61    (0)   :  0.008 0.019 0.038 0.098 0.687 0.150 
 62    (0)   :  0.014 0.060 0.327 0.174 0.316 0.110 
 63    (0)   :  0.021 0.035 0.067 0.342 0.319 0.216 
 64    (0)   :  0.030 0.048 0.467 0.165 0.206 0.084 
 65    (0)   :  0.012 0.016 0.084 0.644 0.176 0.068 
 66    (0)   :  0.013 0.014 0.062 0.231 0.398 0.282 
 67    (0)   :  0.008 0.022 0.078 0.172 0.634 0.086 
 68    (0)   :  0.087 0.262 0.089 0.138 0.278 0.146 
 69    (0)   :  0.227 0.223 0.075 0.180 0.128 0.166 
 70    (0)   :  0.067 0.058 0.058 0.286 0.323 0.207 
 71    (0)   :  0.061 0.245 0.074 0.146 0.411 0.063 
 72    (0)   :  0.035 0.140 0.257 0.219 0.246 0.104 
 73    (0)   :  0.013 0.052 0.055 0.181 0.624 0.075 
 74    (0)   :  0.108 0.209 0.103 0.106 0.271 0.203 
 75    (0)   :  0.074 0.177 0.086 0.076 0.297 0.290 
 76    (0)   :  0.013 0.022 0.067 0.401 0.380 0.119 
 77    (0)   :  0.067 0.316 0.059 0.204 0.287 0.068 
 78    (0)   :  0.172 0.326 0.053 0.156 0.219 0.073 
 79    (0)   :  0.018 0.010 0.120 0.646 0.100 0.106 
 80    (0)   :  0.013 0.013 0.073 0.219 0.101 0.581 
 81    (0)   :  0.016 0.010 0.094 0.318 0.095 0.467 
 82    (0)   :  0.015 0.016 0.073 0.289 0.388 0.219 
 83    (0)   :  0.047 0.009 0.086 0.333 0.171 0.353 
 84    (0)   :  0.023 0.010 0.075 0.459 0.115 0.318 
 85    (0)   :  0.056 0.009 0.143 0.234 0.162 0.394 
 86    (0)   :  0.012 0.024 0.129 0.242 0.503 0.090 
 87    (0)   :  0.032 0.010 0.065 0.644 0.130 0.119 
 88    (0)   :  0.014 0.013 0.070 0.332 0.157 0.414 
 89    (0)   :  0.013 0.012 0.072 0.266 0.147 0.490 
 90    (0)   :  0.016 0.010 0.060 0.656 0.124 0.134 
 91    (0)   :  0.046 0.010 0.078 0.167 0.124 0.575 
 92    (0)   :  0.016 0.011 0.116 0.470 0.182 0.204 
 93    (0)   :  0.009 0.014 0.047 0.093 0.075 0.761 
 94    (0)   :  0.104 0.013 0.057 0.655 0.077 0.094 
 95    (0)   :  0.014 0.012 0.045 0.527 0.115 0.286 
 96    (0)   :  0.010 0.020 0.039 0.118 0.528 0.285 
 97    (0)   :  0.103 0.113 0.117 0.094 0.316 0.258 
 98    (0)   :  0.013 0.039 0.107 0.188 0.500 0.153 
 99    (0)   :  0.018 0.010 0.065 0.504 0.115 0.288 
100    (0)   :  0.009 0.012 0.055 0.096 0.212 0.616 
101    (0)   :  0.034 0.012 0.070 0.435 0.230 0.219 
102    (0)   :  0.036 0.027 0.050 0.282 0.177 0.428 
103    (0)   :  0.011 0.018 0.045 0.359 0.335 0.232 
104    (0)   :  0.011 0.011 0.053 0.633 0.158 0.134 
105    (0)   :  0.009 0.026 0.044 0.486 0.225 0.210 
106    (0)   :  0.025 0.015 0.089 0.712 0.106 0.053 
107    (0)   :  0.011 0.014 0.048 0.476 0.266 0.185 
108    (0)   :  0.131 0.008 0.049 0.107 0.626 0.079 
109    (0)   :  0.039 0.113 0.089 0.501 0.202 0.056 
110    (0)   :  0.023 0.025 0.077 0.736 0.076 0.063 
111    (0)   :  0.010 0.019 0.045 0.726 0.121 0.080 
112    (0)   :  0.018 0.162 0.044 0.615 0.101 0.061 
113    (0)   :  0.022 0.028 0.108 0.222 0.476 0.143 
114    (0)   :  0.010 0.015 0.045 0.625 0.139 0.165 
115    (0)   :  0.015 0.032 0.063 0.444 0.336 0.110 
116    (0)   :  0.048 0.053 0.085 0.445 0.310 0.059 
117    (0)   :  0.019 0.139 0.077 0.593 0.088 0.085 
118    (0)   :  0.014 0.016 0.063 0.281 0.549 0.077 
119    (0)   :  0.034 0.016 0.039 0.219 0.375 0.317 
120    (0)   :  0.014 0.032 0.059 0.533 0.246 0.116 
121    (0)   :  0.019 0.096 0.062 0.442 0.296 0.084 
122    (0)   :  0.018 0.028 0.075 0.689 0.115 0.074 
123    (0)   :  0.025 0.020 0.055 0.651 0.141 0.109 
124    (0)   :  0.027 0.148 0.113 0.401 0.236 0.075 
125    (0)   :  0.041 0.295 0.149 0.311 0.120 0.085 
126    (0)   :  0.029 0.033 0.054 0.553 0.214 0.117 
127    (0)   :  0.010 0.011 0.039 0.694 0.161 0.086 
128    (0)   :  0.009 0.018 0.063 0.290 0.537 0.084 
129    (0)   :  0.010 0.015 0.048 0.567 0.283 0.076 
130    (0)   :  0.011 0.020 0.053 0.581 0.166 0.168 
131    (0)   :  0.139 0.256 0.077 0.334 0.133 0.061 
132    (0)   :  0.017 0.018 0.070 0.666 0.168 0.060 
133    (0)   :  0.015 0.021 0.051 0.578 0.220 0.115 
134    (0)   :  0.013 0.025 0.060 0.789 0.068 0.045 
135    (0)   :  0.017 0.029 0.055 0.086 0.337 0.477 
136    (0)   :  0.011 0.012 0.098 0.070 0.089 0.720 
137    (0)   :  0.011 0.020 0.047 0.119 0.065 0.738 
138    (0)   :  0.014 0.015 0.058 0.069 0.080 0.764 
139    (0)   :  0.012 0.018 0.077 0.092 0.506 0.295 
140    (0)   :  0.018 0.027 0.071 0.181 0.190 0.513 
141    (0)   :  0.017 0.017 0.141 0.085 0.111 0.629 
142    (0)   :  0.014 0.025 0.047 0.083 0.360 0.472 
143    (0)   :  0.009 0.011 0.040 0.061 0.067 0.812 
144    (0)   :  0.010 0.019 0.042 0.114 0.071 0.744 
145    (0)   :  0.017 0.022 0.189 0.088 0.164 0.521 
146    (0)   :  0.016 0.027 0.111 0.185 0.116 0.545 
147    (0)   :  0.009 0.011 0.048 0.062 0.059 0.811 
148    (0)   :  0.011 0.019 0.077 0.136 0.190 0.566 
149    (0)   :  0.015 0.033 0.060 0.071 0.138 0.684 
150    (0)   :  0.010 0.021 0.056 0.189 0.115 0.609 
151    (0)   :  0.009 0.013 0.045 0.089 0.092 0.752 
152    (0)   :  0.025 0.013 0.092 0.112 0.256 0.501 
153    (0)   :  0.015 0.033 0.058 0.094 0.102 0.698 
154    (0)   :  0.011 0.016 0.083 0.072 0.135 0.684 
155    (0)   :  0.009 0.010 0.043 0.084 0.080 0.775 
156    (0)   :  0.008 0.026 0.033 0.094 0.203 0.636 
157    (0)   :  0.016 0.014 0.039 0.205 0.066 0.659 
158    (0)   :  0.018 0.024 0.177 0.085 0.120 0.576 
159    (0)   :  0.010 0.011 0.047 0.062 0.067 0.804 
160    (0)   :  0.010 0.011 0.050 0.063 0.078 0.788 
161    (0)   :  0.016 0.035 0.067 0.116 0.099 0.667 
162    (0)   :  0.015 0.020 0.142 0.178 0.174 0.471 
163    (0)   :  0.009 0.014 0.037 0.075 0.090 0.775 
164    (0)   :  0.013 0.013 0.077 0.174 0.161 0.562 
165    (0)   :  0.010 0.022 0.047 0.171 0.097 0.653 
166    (0)   :  0.055 0.013 0.043 0.203 0.139 0.546 
167    (0)   :  0.013 0.010 0.162 0.109 0.085 0.622 
168    (0)   :  0.044 0.015 0.065 0.091 0.118 0.668 
169    (0)   :  0.084 0.102 0.282 0.078 0.102 0.353 
170    (0)   :  0.009 0.020 0.044 0.098 0.171 0.658 
171    (0)   :  0.031 0.009 0.083 0.127 0.178 0.572 
172    (0)   :  0.061 0.204 0.075 0.068 0.144 0.449 
173    (0)   :  0.009 0.010 0.051 0.065 0.105 0.759 
174    (0)   :  0.009 0.012 0.050 0.091 0.072 0.765 
175    (0)   :  0.009 0.011 0.086 0.068 0.082 0.743 
176    (0)   :  0.010 0.019 0.043 0.113 0.072 0.743 
177    (0)   :  0.027 0.024 0.060 0.246 0.087 0.555 
178    (0)   :  0.010 0.011 0.107 0.106 0.085 0.680 
179    (0)   :  0.009 0.009 0.047 0.065 0.069 0.801 
180    (0)   :  0.017 0.023 0.132 0.122 0.113 0.593 
181    (0)   :  0.015 0.021 0.083 0.081 0.192 0.608 
182    (0)   :  0.009 0.011 0.046 0.067 0.156 0.710 
183    (0)   :  0.009 0.010 0.052 0.067 0.084 0.779 
184    (0)   :  0.012 0.010 0.198 0.148 0.541 0.092 
185    (0)   :  0.009 0.025 0.035 0.058 0.198 0.676 
186    (0)   :  0.009 0.011 0.128 0.350 0.398 0.103 
187    (0)   :  0.011 0.011 0.099 0.129 0.423 0.327 
188    (0)   :  0.008 0.010 0.103 0.294 0.513 0.072 
189    (0)   :  0.058 0.015 0.213 0.133 0.260 0.322 
190    (0)   :  0.007 0.013 0.031 0.061 0.665 0.223 
191    (0)   :  0.009 0.010 0.080 0.135 0.636 0.131 
192    (0)   :  0.010 0.013 0.095 0.220 0.313 0.348 
193    (0)   :  0.012 0.013 0.119 0.138 0.466 0.252 
194    (0)   :  0.011 0.021 0.071 0.186 0.368 0.345 
195    (0)   :  0.008 0.013 0.044 0.069 0.442 0.425 
196    (0)   :  0.009 0.012 0.039 0.085 0.662 0.192 
197    (0)   :  0.010 0.016 0.260 0.188 0.335 0.191 
198    (0)   :  0.017 0.016 0.125 0.265 0.355 0.223 
199    (0)   :  0.013 0.014 0.051 0.089 0.647 0.186 
200    (0)   :  0.022 0.012 0.079 0.118 0.606 0.163 
201    (0)   :  0.008 0.010 0.058 0.084 0.306 0.535 
202    (0)   :  0.008 0.015 0.041 0.088 0.264 0.585 
203    (0)   :  0.008 0.011 0.049 0.079 0.369 0.484 
204    (0)   :  0.007 0.011 0.040 0.076 0.685 0.181 
205    (0)   :  0.012 0.011 0.057 0.098 0.695 0.128 
206    (0)   :  0.008 0.010 0.060 0.080 0.612 0.230 
207    (0)   :  0.007 0.011 0.045 0.098 0.731 0.107 
208    (0)   :  0.008 0.010 0.047 0.083 0.573 0.280 
209    (0)   :  0.009 0.011 0.084 0.131 0.591 0.173 
210    (0)   :  0.008 0.011 0.046 0.107 0.605 0.223 
211    (0)   :  0.008 0.015 0.045 0.104 0.601 0.227 
212    (0)   :  0.010 0.014 0.075 0.086 0.226 0.590 
213    (0)   :  0.014 0.034 0.053 0.207 0.500 0.192 
214    (0)   :  0.008 0.012 0.057 0.078 0.306 0.539 
215    (0)   :  0.012 0.009 0.053 0.102 0.732 0.093 
216    (0)   :  0.012 0.011 0.221 0.170 0.452 0.134 
217    (0)   :  0.010 0.011 0.067 0.072 0.415 0.424 
218    (0)   :  0.012 0.009 0.070 0.120 0.627 0.162 
219    (0)   :  0.020 0.011 0.263 0.128 0.268 0.310 
220    (0)   :  0.008 0.009 0.046 0.097 0.719 0.121 
221    (0)   :  0.008 0.019 0.039 0.059 0.203 0.673 
222    (0)   :  0.012 0.012 0.311 0.168 0.298 0.199 
223    (0)   :  0.015 0.012 0.119 0.126 0.304 0.425 
224    (0)   :  0.008 0.011 0.060 0.091 0.383 0.447 
225    (0)   :  0.010 0.012 0.055 0.094 0.648 0.181 
226    (0)   :  0.066 0.012 0.113 0.102 0.526 0.181 
227    (0)   :  0.008 0.014 0.049 0.096 0.535 0.299 
228    (0)   :  0.008 0.018 0.040 0.062 0.531 0.341 
229    (0)   :  0.008 0.011 0.073 0.122 0.336 0.450 
230    (0)   :  0.008 0.011 0.055 0.100 0.496 0.330 
231    (0)   :  0.009 0.011 0.109 0.118 0.375 0.378 
232    (0)   :  0.018 0.035 0.084 0.163 0.357 0.342 
233    (0)   :  0.008 0.011 0.058 0.080 0.241 0.601 
234    (0)   :  0.011 0.012 0.131 0.205 0.372 0.270 
235    (0)   :  0.015 0.012 0.098 0.103 0.436 0.335 
236    (0)   :  0.011 0.013 0.089 0.106 0.356 0.426 
237    (0)   :  0.008 0.011 0.054 0.102 0.695 0.130 
238    (0)   :  0.008 0.015 0.059 0.119 0.255 0.545 
239    (0)   :  0.008 0.012 0.044 0.070 0.443 0.424 
240    (0)   :  0.008 0.014 0.058 0.118 0.259 0.544 
241    (0)   :  0.011 0.013 0.053 0.082 0.264 0.577 
242    (0)   :  0.022 0.012 0.131 0.137 0.455 0.244 
243    (0)   :  0.007 0.011 0.035 0.067 0.687 0.192 
244    (0)   :  0.008 0.011 0.051 0.082 0.423 0.425 
245    (0)   :  0.008 0.015 0.039 0.085 0.151 0.702 
246    (0)   :  0.011 0.011 0.066 0.073 0.412 0.427 
247    (0)   :  0.018 0.017 0.065 0.406 0.406 0.087 
248    (0)   :  0.010 0.010 0.056 0.124 0.718 0.083 
249    (0)   :  0.008 0.013 0.061 0.099 0.396 0.424 
250    (0)   :  0.010 0.012 0.095 0.132 0.415 0.336 
251    (0)   :  0.042 0.012 0.143 0.166 0.497 0.141 
252    (0)   :  0.010 0.014 0.077 0.109 0.480 0.309 
253    (0)   :  0.018 0.015 0.077 0.183 0.572 0.134 
254    (0)   :  0.010 0.011 0.219 0.148 0.405 0.208 
255    (0)   :  0.009 0.011 0.132 0.161 0.413 0.273 
256    (0)   :  0.010 0.012 0.062 0.089 0.485 0.342 
257    (0)   :  0.011 0.012 0.069 0.123 0.557 0.229 
258    (0)   :  0.011 0.014 0.060 0.169 0.606 0.141 
259    (0)   :  0.010 0.012 0.079 0.124 0.548 0.227 
260    (0)   :  0.010 0.012 0.240 0.153 0.190 0.395 
261    (0)   :  0.011 0.015 0.067 0.091 0.401 0.415 
262    (0)   :  0.010 0.013 0.040 0.060 0.543 0.334 
263    (0)   :  0.008 0.010 0.101 0.119 0.642 0.120 
264    (0)   :  0.013 0.014 0.465 0.146 0.295 0.067 
265    (0)   :  0.014 0.011 0.108 0.106 0.521 0.241 
266    (0)   :  0.008 0.015 0.038 0.060 0.227 0.652 
267    (0)   :  0.009 0.012 0.101 0.140 0.448 0.291 
268    (0)   :  0.009 0.012 0.038 0.087 0.661 0.193 
269    (0)   :  0.029 0.011 0.231 0.141 0.310 0.278 
270    (0)   :  0.011 0.011 0.180 0.192 0.463 0.143 
271    (0)   :  0.014 0.011 0.063 0.123 0.658 0.132 
272    (0)   :  0.056 0.012 0.070 0.099 0.631 0.132 
273    (0)   :  0.033 0.024 0.154 0.154 0.344 0.290 
274    (0)   :  0.019 0.011 0.107 0.121 0.573 0.168 
275    (0)   :  0.026 0.015 0.120 0.096 0.548 0.195 
276    (0)   :  0.035 0.014 0.068 0.104 0.660 0.119 
277    (0)   :  0.014 0.012 0.131 0.131 0.342 0.370 
278    (0)   :  0.012 0.009 0.047 0.086 0.734 0.111 
279    (0)   :  0.014 0.012 0.095 0.117 0.516 0.247 
280    (0)   :  0.021 0.017 0.158 0.101 0.498 0.205 
281    (0)   :  0.014 0.011 0.081 0.165 0.547 0.183 
282    (0)   :  0.011 0.012 0.111 0.121 0.214 0.531 
283    (0)   :  0.008 0.011 0.070 0.110 0.224 0.577 
284    (0)   :  0.011 0.018 0.069 0.176 0.384 0.341 
285    (0)   :  0.013 0.014 0.061 0.127 0.724 0.061 
286    (0)   :  0.008 0.011 0.052 0.082 0.424 0.422 
287    (0)   :  0.022 0.010 0.146 0.164 0.396 0.262 
288    (0)   :  0.033 0.011 0.081 0.098 0.654 0.124 
289    (0)   :  0.036 0.015 0.077 0.160 0.589 0.124 
290    (0)   :  0.014 0.061 0.169 0.099 0.490 0.167 
291    (0)   :  0.014 0.011 0.063 0.122 0.659 0.131 
292    (0)   :  0.024 0.023 0.107 0.089 0.515 0.243 
293    (0)   :  0.016 0.049 0.219 0.150 0.458 0.109 
294    (0)   :  0.010 0.011 0.100 0.116 0.666 0.097 
295    (0)   :  0.049 0.023 0.090 0.130 0.523 0.185 
296    (0)   :  0.011 0.009 0.049 0.108 0.702 0.120 
297    (0)   :  0.019 0.016 0.201 0.123 0.492 0.148 
298    (0)   :  0.011 0.011 0.128 0.156 0.257 0.437 
299    (0)   :  0.008 0.011 0.175 0.152 0.503 0.152 
300    (0)   :  0.010 0.014 0.061 0.098 0.723 0.093 
301    (0)   :  0.014 0.012 0.260 0.131 0.453 0.131 
302    (0)   :  0.011 0.013 0.087 0.108 0.676 0.106 
303    (0)   :  0.011 0.020 0.084 0.103 0.355 0.426 
304    (0)   :  0.009 0.016 0.240 0.185 0.119 0.431 
305    (0)   :  0.011 0.012 0.046 0.068 0.590 0.272 
306    (0)   :  0.015 0.012 0.093 0.085 0.344 0.452 
307    (0)   :  0.013 0.014 0.111 0.127 0.401 0.333 
308    (0)   :  0.011 0.015 0.067 0.090 0.406 0.412 
309    (0)   :  0.016 0.020 0.050 0.133 0.663 0.118 
310    (0)   :  0.007 0.011 0.045 0.072 0.577 0.287 
311    (0)   :  0.008 0.011 0.056 0.101 0.491 0.333 
312    (0)   :  0.007 0.011 0.039 0.115 0.703 0.125 
313    (0)   :  0.009 0.011 0.041 0.086 0.773 0.080 
314    (0)   :  0.011 0.016 0.038 0.059 0.080 0.796 
315    (0)   :  0.021 0.012 0.044 0.073 0.097 0.753 
316    (0)   :  0.038 0.011 0.059 0.082 0.077 0.733 
317    (0)   :  0.012 0.012 0.041 0.061 0.058 0.817 
318    (0)   :  0.012 0.011 0.043 0.061 0.050 0.822 
319    (0)   :  0.009 0.010 0.043 0.062 0.072 0.804 
320    (0)   :  0.010 0.017 0.038 0.059 0.079 0.797 
321    (0)   :  0.012 0.012 0.046 0.063 0.055 0.812 
322    (0)   :  0.033 0.012 0.052 0.080 0.102 0.721 
323    (0)   :  0.009 0.009 0.053 0.061 0.054 0.814 
324    (0)   :  0.013 0.012 0.046 0.063 0.054 0.811 
325    (0)   :  0.037 0.011 0.050 0.078 0.067 0.758 
326    (0)   :  0.064 0.013 0.051 0.077 0.065 0.729 
327    (0)   :  0.011 0.011 0.041 0.061 0.059 0.817 
328    (0)   :  0.024 0.011 0.050 0.080 0.087 0.748 
329    (0)   :  0.009 0.010 0.043 0.061 0.051 0.825 
330    (0)   :  0.011 0.012 0.042 0.060 0.059 0.816 
331    (0)   :  0.009 0.009 0.044 0.061 0.055 0.822 
332    (0)   :  0.046 0.011 0.063 0.079 0.063 0.739 
333    (0)   :  0.039 0.012 0.050 0.078 0.075 0.746 
334    (0)   :  0.025 0.011 0.050 0.080 0.088 0.747 
335    (0)   :  0.022 0.010 0.043 0.077 0.084 0.763 
336    (0)   :  0.012 0.015 0.052 0.060 0.063 0.799 
337    (0)   :  0.038 0.013 0.050 0.081 0.074 0.744 
338    (0)   :  0.013 0.011 0.047 0.062 0.049 0.818 
339    (0)   :  0.009 0.009 0.043 0.062 0.055 0.822 
340    (0)   :  0.009 0.009 0.040 0.059 0.059 0.824 
341    (0)   :  0.013 0.012 0.051 0.062 0.059 0.803 
342    (0)   :  0.012 0.011 0.041 0.061 0.059 0.816 
343    (0)   :  0.022 0.015 0.054 0.076 0.110 0.723 
344    (0)   :  0.009 0.009 0.044 0.061 0.050 0.826 
345    (0)   :  0.011 0.012 0.042 0.060 0.058 0.816 
346    (0)   :  0.011 0.010 0.041 0.060 0.054 0.825 
347    (0)   :  0.009 0.009 0.039 0.059 0.054 0.830 
348    (0)   :  0.020 0.014 0.040 0.073 0.126 0.727 
349    (0)   :  0.011 0.011 0.041 0.061 0.058 0.817 
350    (0)   :  0.009 0.012 0.044 0.059 0.081 0.795 
351    (0)   :  0.023 0.011 0.044 0.078 0.084 0.761 
352    (0)   :  0.034 0.012 0.045 0.077 0.082 0.750 
353    (0)   :  0.012 0.015 0.052 0.060 0.064 0.797 
354    (0)   :  0.010 0.010 0.046 0.062 0.053 0.819 
355    (0)   :  0.012 0.010 0.046 0.061 0.050 0.821 
356    (0)   :  0.020 0.015 0.039 0.073 0.127 0.725 
357    (0)   :  0.070 0.009 0.141 0.172 0.094 0.513 
358    (0)   :  0.027 0.010 0.051 0.079 0.066 0.767 
359    (0)   :  0.010 0.010 0.046 0.062 0.055 0.818 
360    (0)   :  0.011 0.010 0.041 0.059 0.053 0.826 
361    (0)   :  0.067 0.012 0.147 0.180 0.124 0.470 
362    (0)   :  0.090 0.019 0.103 0.425 0.243 0.120 
363    (0)   :  0.041 0.020 0.178 0.528 0.154 0.078 
364    (0)   :  0.017 0.013 0.358 0.171 0.150 0.291 
365    (0)   :  0.046 0.031 0.553 0.180 0.112 0.078 
366    (0)   :  0.039 0.024 0.242 0.134 0.399 0.162 
367    (0)   :  0.045 0.014 0.073 0.748 0.065 0.055 
368    (0)   :  0.015 0.011 0.110 0.586 0.170 0.108 
369    (0)   :  0.015 0.056 0.163 0.185 0.241 0.340 
370    (0)   :  0.020 0.024 0.106 0.456 0.261 0.133 
371    (0)   :  0.016 0.024 0.289 0.232 0.272 0.168 
372    (0)   :  0.037 0.029 0.127 0.283 0.366 0.158 
373    (0)   :  0.014 0.019 0.155 0.501 0.123 0.188 
374    (0)   :  0.041 0.033 0.161 0.287 0.139 0.339 
375    (0)   :  0.019 0.021 0.331 0.462 0.095 0.071 
376    (0)   :  0.050 0.030 0.530 0.264 0.060 0.066 
377    (0)   :  0.072 0.018 0.195 0.334 0.264 0.117 
378    (0)   :  0.016 0.016 0.047 0.558 0.110 0.254 
379    (0)   :  0.051 0.065 0.511 0.241 0.073 0.058 
380    (0)   :  0.155 0.090 0.312 0.102 0.141 0.201 
381    (0)   :  0.021 0.075 0.507 0.085 0.152 0.160 
382    (0)   :  0.021 0.012 0.194 0.613 0.078 0.082 
383    (0)   :  0.176 0.041 0.431 0.090 0.095 0.166 
384    (0)   :  0.035 0.046 0.537 0.176 0.080 0.127 
385    (0)   :  0.015 0.070 0.204 0.357 0.098 0.256 
386    (0)   :  0.035 0.015 0.129 0.648 0.099 0.075 
387    (0)   :  0.031 0.021 0.184 0.564 0.104 0.096 
388    (0)   :  0.027 0.035 0.227 0.304 0.116 0.290 
389    (0)   :  0.015 0.018 0.091 0.141 0.655 0.081 
390    (0)   :  0.097 0.188 0.094 0.392 0.157 0.072 
391    (0)   :  0.027 0.052 0.117 0.330 0.336 0.138 
392    (0)   :  0.031 0.024 0.382 0.284 0.127 0.152 
393    (0)   :  0.083 0.380 0.198 0.114 0.084 0.142 
394    (0)   :  0.056 0.011 0.086 0.405 0.123 0.319 
395    (0)   :  0.115 0.079 0.080 0.272 0.363 0.090 
396    (0)   :  0.012 0.012 0.243 0.565 0.107 0.060 
397    (0)   :  0.010 0.011 0.425 0.115 0.247 0.193 
398    (0)   :  0.212 0.046 0.207 0.398 0.073 0.065 
399    (0)   :  0.043 0.027 0.056 0.595 0.193 0.085 
400    (0)   :  0.018 0.021 0.199 0.553 0.085 0.124 
401    (0)   :  0.019 0.033 0.054 0.609 0.157 0.127 
402    (0)   :  0.015 0.019 0.214 0.319 0.307 0.126 
403    (0)   :  0.025 0.029 0.146 0.216 0.154 0.431 
404    (0)   :  0.013 0.083 0.338 0.230 0.174 0.162 
405    (0)   :  0.059 0.014 0.222 0.280 0.283 0.142 
406    (0)   :  0.360 0.030 0.065 0.093 0.235 0.218 
407    (0)   :  0.139 0.038 0.388 0.281 0.089 0.064 
408    (0)   :  0.012 0.016 0.042 0.555 0.317 0.058 
409    (0)   :  0.042 0.434 0.068 0.108 0.095 0.252 
410    (0)   :  0.047 0.044 0.317 0.350 0.110 0.132 
411    (0)   :  0.018 0.027 0.398 0.203 0.155 0.199 
412    (0)   :  0.016 0.010 0.119 0.636 0.123 0.097 
413    (0)   :  0.019 0.010 0.072 0.533 0.130 0.237 
414    (0)   :  0.012 0.013 0.124 0.650 0.137 0.064 
415    (0)   :  0.064 0.035 0.322 0.286 0.199 0.094 
416    (0)   :  0.017 0.149 0.184 0.360 0.153 0.138 
417    (0)   :  0.250 0.017 0.176 0.377 0.097 0.082 
418    (0)   :  0.013 0.012 0.135 0.693 0.078 0.069 
419    (0)   :  0.025 0.201 0.134 0.258 0.139 0.243 
420    (0)   :  0.019 0.053 0.053 0.552 0.240 0.084 
421    (0)   :  0.070 0.022 0.136 0.549 0.130 0.092 
422    (0)   :  0.137 0.052 0.166 0.166 0.384 0.094 
423    (0)   :  0.067 0.019 0.311 0.291 0.210 0.102 
424    (0)   :  0.077 0.037 0.068 0.517 0.169 0.132 
425    (0)   :  0.020 0.062 0.406 0.224 0.143 0.144 
426    (0)   :  0.061 0.020 0.145 0.508 0.111 0.154 
427    (0)   :  0.275 0.048 0.088 0.345 0.069 0.175 
428    (0)   :  0.276 0.036 0.116 0.128 0.189 0.255 
429    (0)   :  0.050 0.021 0.232 0.577 0.064 0.056 
430    (0)   :  0.238 0.088 0.188 0.303 0.101 0.081 
431    (0)   :  0.042 0.017 0.115 0.487 0.205 0.135 
432    (0)   :  0.016 0.011 0.105 0.590 0.159 0.119 
433    (0)   :  0.012 0.015 0.106 0.233 0.222 0.411 
434    (0)   :  0.017 0.023 0.277 0.271 0.212 0.199 
435    (0)   :  0.542 0.014 0.077 0.231 0.078 0.058 
436    (0)   :  0.498 0.031 0.094 0.207 0.065 0.105 
437    (0)   :  0.044 0.010 0.591 0.191 0.095 0.069 
438    (0)   :  0.448 0.087 0.045 0.174 0.124 0.122 
439    (0)   :  0.419 0.103 0.114 0.205 0.059 0.098 
440    (0)   :  0.437 0.015 0.110 0.306 0.082 0.051 
441    (0)   :  0.129 0.049 0.183 0.366 0.092 0.181 
442    (0)   :  0.023 0.087 0.236 0.451 0.132 0.072 
443    (0)   :  0.067 0.041 0.064 0.571 0.193 0.064 
444    (0)   :  0.070 0.059 0.251 0.393 0.155 0.073 
445    (0)   :  0.029 0.466 0.172 0.102 0.089 0.142 
446    (0)   :  0.270 0.092 0.160 0.357 0.050 0.072 
447    (0)   :  0.292 0.053 0.117 0.238 0.158 0.142 
448    (0)   :  0.093 0.018 0.283 0.397 0.130 0.079 
449    (0)   :  0.088 0.019 0.326 0.298 0.145 0.125 
450    (0)   :  0.018 0.050 0.499 0.254 0.056 0.122 
451    (0)   :  0.031 0.009 0.078 0.689 0.141 0.052 
452    (0)   :  0.043 0.022 0.430 0.328 0.066 0.111 
453    (0)   :  0.021 0.117 0.061 0.272 0.403 0.126 
454    (0)   :  0.158 0.015 0.205 0.370 0.109 0.144 
455    (0)   :  0.570 0.054 0.058 0.169 0.083 0.067 
456    (0)   :  0.180 0.059 0.180 0.297 0.218 0.065 
457    (0)   :  0.140 0.016 0.494 0.182 0.089 0.079 
458    (0)   :  0.085 0.212 0.305 0.243 0.062 0.093 
459    (0)   :  0.155 0.124 0.080 0.409 0.064 0.168 
460    (0)   :  0.129 0.049 0.078 0.610 0.065 0.070 
461    (0)   :  0.020 0.033 0.084 0.746 0.048 0.070 
462    (0)   :  0.030 0.425 0.136 0.204 0.158 0.047 
463    (0)   :  0.310 0.083 0.055 0.149 0.284 0.119 
464    (0)   :  0.138 0.032 0.066 0.572 0.125 0.067 
465    (0)   :  0.039 0.076 0.085 0.609 0.105 0.087 
466    (0)   :  0.112 0.038 0.068 0.455 0.256 0.072 
467    (0)   :  0.052 0.221 0.127 0.314 0.172 0.113 
468    (0)   :  0.523 0.025 0.149 0.120 0.121 0.063 
469    (0)   :  0.658 0.043 0.061 0.123 0.047 0.068 
470    (0)   :  0.601 0.015 0.056 0.211 0.060 0.057 
471    (0)   :  0.026 0.044 0.196 0.315 0.347 0.071 
472    (0)   :  0.022 0.139 0.211 0.367 0.173 0.088 
473    (0)   :  0.110 0.014 0.241 0.312 0.194 0.128 
474    (0)   :  0.042 0.053 0.325 0.338 0.120 0.122 
475    (0)   :  0.044 0.043 0.092 0.560 0.113 0.148 
476    (0)   :  0.058 0.101 0.346 0.314 0.092 0.090 
477    (0)   :  0.049 0.038 0.075 0.607 0.106 0.125 
478    (0)   :  0.030 0.025 0.052 0.769 0.062 0.062 
479    (0)   :  0.245 0.015 0.146 0.466 0.066 0.061 
480    (0)   :  0.198 0.016 0.419 0.226 0.066 0.074 
481    (0)   :  0.021 0.023 0.370 0.259 0.257 0.070 
482    (0)   :  0.096 0.023 0.255 0.506 0.057 0.063 
483    (0)   :  0.523 0.038 0.095 0.194 0.060 0.091 
484    (0)   :  0.341 0.183 0.069 0.165 0.158 0.084 
485    (0)   :  0.702 0.016 0.047 0.124 0.052 0.059 
486    (0)   :  0.016 0.017 0.147 0.261 0.458 0.101 
487    (0)   :  0.016 0.015 0.289 0.201 0.260 0.221 
488    (0)   :  0.015 0.016 0.136 0.354 0.314 0.164 
489    (0)   :  0.009 0.020 0.292 0.122 0.326 0.231 
490    (0)   :  0.017 0.019 0.112 0.536 0.247 0.069 
491    (0)   :  0.010 0.023 0.127 0.148 0.486 0.206 
492    (0)   :  0.012 0.046 0.071 0.301 0.219 0.351 
493    (0)   :  0.010 0.011 0.218 0.168 0.483 0.109 
494    (0)   :  0.016 0.024 0.283 0.164 0.339 0.174 
495    (0)   :  0.013 0.060 0.122 0.389 0.181 0.236 
496    (0)   :  0.015 0.023 0.083 0.169 0.240 0.470 
497    (0)   :  0.012 0.019 0.217 0.169 0.357 0.227 
498    (0)   :  0.015 0.042 0.135 0.367 0.308 0.133 
499    (0)   :  0.013 0.013 0.234 0.119 0.262 0.359 
500    (0)   :  0.018 0.011 0.441 0.130 0.288 0.113 
501    (0)   :  0.015 0.021 0.308 0.209 0.146 0.300 
502    (0)   :  0.013 0.035 0.145 0.336 0.121 0.350 
503    (0)   :  0.020 0.015 0.527 0.200 0.160 0.079 
504    (0)   :  0.014 0.024 0.070 0.565 0.225 0.102 
505    (0)   :  0.013 0.014 0.095 0.129 0.592 0.157 
506    (0)   :  0.011 0.026 0.109 0.343 0.211 0.301 
507    (0)   :  0.009 0.014 0.055 0.072 0.190 0.660 
508    (0)   :  0.009 0.014 0.069 0.090 0.242 0.575 
509    (0)   :  0.014 0.014 0.089 0.131 0.499 0.254 
510    (0)   :  0.009 0.014 0.387 0.140 0.145 0.305 
511    (0)   :  0.041 0.030 0.249 0.311 0.266 0.102 
512    (0)   :  0.017 0.015 0.438 0.351 0.113 0.067 
513    (0)   :  0.008 0.058 0.040 0.208 0.584 0.102 
514    (0)   :  0.014 0.011 0.068 0.571 0.187 0.150 
515    (0)   :  0.091 0.031 0.233 0.166 0.258 0.221 
516    (0)   :  0.017 0.014 0.068 0.385 0.387 0.129 
517    (0)   :  0.081 0.017 0.073 0.289 0.303 0.238 
518    (0)   :  0.009 0.010 0.399 0.120 0.171 0.290 
519    (0)   :  0.021 0.015 0.062 0.600 0.147 0.155 
520    (0)   :  0.245 0.013 0.061 0.090 0.233 0.358 
521    (0)   :  0.013 0.016 0.053 0.285 0.206 0.427 
522    (0)   :  0.035 0.016 0.355 0.166 0.340 0.089 
523    (0)   :  0.040 0.019 0.046 0.222 0.379 0.293 
524    (0)   :  0.353 0.010 0.084 0.168 0.221 0.164 
525    (0)   :  0.043 0.014 0.330 0.113 0.195 0.305 
526    (0)   :  0.425 0.022 0.048 0.086 0.270 0.149 
527    (0)   :  0.010 0.013 0.464 0.276 0.139 0.097 
528    (0)   :  0.009 0.014 0.061 0.124 0.243 0.549 
529    (0)   :  0.011 0.021 0.209 0.221 0.315 0.224 
530    (0)   :  0.029 0.025 0.343 0.174 0.286 0.143 
531    (0)   :  0.042 0.024 0.133 0.179 0.161 0.461 
532    (0)   :  0.010 0.015 0.251 0.184 0.227 0.313 
533    (0)   :  0.027 0.013 0.359 0.140 0.339 0.122 
534    (0)   :  0.011 0.015 0.104 0.137 0.569 0.164 
535    (0)   :  0.063 0.026 0.066 0.343 0.361 0.140 
536    (0)   :  0.048 0.255 0.143 0.154 0.176 0.224 
537    (0)   :  0.015 0.088 0.087 0.134 0.239 0.437 
538    (0)   :  0.021 0.022 0.079 0.135 0.464 0.278 
539    (0)   :  0.008 0.015 0.065 0.083 0.173 0.656 
540    (0)   :  0.034 0.020 0.099 0.128 0.424 0.295 
541    (0)   :  0.017 0.138 0.092 0.132 0.137 0.484 
542    (0)   :  0.032 0.302 0.095 0.102 0.376 0.092 
543    (0)   :  0.050 0.063 0.047 0.248 0.336 0.256 
544    (0)   :  0.024 0.051 0.074 0.138 0.558 0.155 
545    (0)   :  0.201 0.139 0.062 0.149 0.372 0.077 
546    (0)   :  0.013 0.133 0.083 0.126 0.446 0.199 
547    (0)   :  0.054 0.112 0.047 0.153 0.355 0.279 
548    (0)   :  0.010 0.012 0.095 0.131 0.417 0.336 
549    (0)   :  0.064 0.301 0.077 0.085 0.080 0.393 
550    (0)   :  0.203 0.049 0.065 0.224 0.319 0.138 
551    (0)   :  0.024 0.057 0.077 0.127 0.092 0.623 
552    (0)   :  0.012 0.020 0.104 0.096 0.515 0.252 
553    (0)   :  0.032 0.070 0.039 0.149 0.448 0.261 
554    (0)   :  0.022 0.046 0.181 0.261 0.244 0.246 
555    (0)   :  0.014 0.031 0.066 0.122 0.344 0.423 
556    (0)   :  0.012 0.024 0.083 0.148 0.483 0.249 
557    (0)   :  0.233 0.173 0.064 0.216 0.137 0.177 
558    (0)   :  0.126 0.025 0.246 0.487 0.050 0.066 
559    (0)   :  0.011 0.016 0.085 0.450 0.333 0.105 
560    (0)   :  0.100 0.065 0.074 0.633 0.079 0.049 
561    (0)   :  0.032 0.026 0.142 0.561 0.171 0.068 
562    (0)   :  0.032 0.015 0.118 0.542 0.244 0.049 
563    (0)   :  0.028 0.069 0.063 0.496 0.088 0.256 
564    (0)   :  0.021 0.012 0.102 0.246 0.507 0.111 
565    (0)   :  0.212 0.036 0.381 0.216 0.075 0.081 
566    (0)   :  0.047 0.010 0.074 0.737 0.081 0.051 
567    (0)   :  0.014 0.009 0.095 0.256 0.556 0.071 
568    (0)   :  0.040 0.019 0.075 0.545 0.214 0.107 
569    (0)   :  0.060 0.014 0.158 0.425 0.241 0.102 
570    (0)   :  0.072 0.010 0.386 0.410 0.068 0.054 
571    (0)   :  0.037 0.009 0.051 0.714 0.109 0.080 
572    (0)   :  0.041 0.023 0.089 0.158 0.452 0.236 
573    (0)   :  0.191 0.009 0.068 0.243 0.377 0.112 
574    (0)   :  0.039 0.013 0.351 0.241 0.137 0.219 
575    (0)   :  0.023 0.032 0.077 0.538 0.130 0.200 
576    (0)   :  0.034 0.012 0.081 0.751 0.071 0.052 
577    (0)   :  0.017 0.016 0.323 0.324 0.115 0.205 
578    (0)   :  0.073 0.015 0.083 0.630 0.116 0.083 
579    (0)   :  0.029 0.032 0.155 0.523 0.183 0.079 
580    (0)   :  0.044 0.017 0.346 0.360 0.103 0.129 
581    (0)   :  0.068 0.015 0.149 0.587 0.084 0.096 
582    (0)   :  0.103 0.041 0.194 0.485 0.116 0.061 
583    (0)   :  0.033 0.010 0.139 0.642 0.096 0.081 
584    (0)   :  0.025 0.010 0.106 0.723 0.074 0.063 
585    (0)   :  0.045 0.019 0.136 0.620 0.107 0.073 
586    (0)   :  0.012 0.018 0.055 0.655 0.162 0.099 
587    (0)   :  0.015 0.029 0.309 0.329 0.261 0.057 
588    (0)   :  0.009 0.012 0.040 0.088 0.780 0.071 
589    (0)   :  0.210 0.018 0.173 0.316 0.217 0.066 
590    (0)   :  0.010 0.012 0.102 0.601 0.200 0.075 
591    (0)   :  0.018 0.009 0.060 0.716 0.107 0.088 
592    (0)   :  0.040 0.017 0.074 0.450 0.352 0.067 
593    (0)   :  0.077 0.012 0.092 0.504 0.184 0.131 
594    (0)   :  0.021 0.013 0.115 0.502 0.158 0.191 
595    (0)   :  0.010 0.018 0.508 0.283 0.127 0.055 
596    (0)   :  0.128 0.009 0.069 0.181 0.512 0.101 
597    (0)   :  0.028 0.012 0.039 0.527 0.134 0.260 
598    (0)   :  0.132 0.011 0.413 0.327 0.058 0.059 
599    (0)   :  0.027 0.010 0.083 0.660 0.166 0.054 
600    (0)   :  0.039 0.042 0.275 0.322 0.168 0.153 
601    (0)   :  0.030 0.030 0.105 0.643 0.135 0.057 
602    (0)   :  0.019 0.011 0.146 0.285 0.303 0.237 
603    (0)   :  0.014 0.011 0.108 0.331 0.311 0.225 
604    (0)   :  0.123 0.098 0.343 0.158 0.126 0.153 
605    (0)   :  0.035 0.021 0.137 0.445 0.261 0.101 
606    (0)   :  0.021 0.032 0.207 0.212 0.293 0.234 
607    (0)   :  0.033 0.011 0.265 0.231 0.140 0.321 
608    (0)   :  0.037 0.019 0.102 0.247 0.092 0.504 
609    (0)   :  0.030 0.028 0.332 0.345 0.129 0.136 
610    (0)   :  0.418 0.027 0.116 0.146 0.199 0.094 
611    (0)   :  0.016 0.019 0.097 0.313 0.337 0.217 
612    (0)   :  0.141 0.107 0.379 0.178 0.106 0.089 
613    (0)   :  0.032 0.015 0.319 0.236 0.273 0.125 
614    (0)   :  0.023 0.016 0.693 0.109 0.096 0.064 
615    (0)   :  0.085 0.040 0.518 0.115 0.121 0.121 
616    (0)   :  0.014 0.011 0.285 0.297 0.157 0.236 
617    (0)   :  0.036 0.027 0.378 0.235 0.248 0.076 
618    (0)   :  0.162 0.112 0.267 0.111 0.139 0.209 
619    (0)   :  0.067 0.013 0.074 0.368 0.298 0.181 
620    (0)   :  0.027 0.016 0.054 0.450 0.402 0.051 
621    (0)   :  0.024 0.011 0.173 0.634 0.076 0.083 
622    (0)   :  0.077 0.058 0.288 0.138 0.297 0.142 
623    (0)   :  0.028 0.010 0.117 0.475 0.283 0.087 
624    (0)   :  0.165 0.070 0.245 0.190 0.093 0.238 
625    (0)   :  0.035 0.026 0.417 0.240 0.098 0.184 
626    (0)   :  0.075 0.163 0.134 0.075 0.162 0.391 
627    (0)   :  0.019 0.019 0.158 0.433 0.250 0.122 
628    (0)   :  0.018 0.012 0.129 0.393 0.334 0.115 
629    (0)   :  0.013 0.014 0.309 0.314 0.211 0.138 
630    (0)   :  0.040 0.038 0.420 0.283 0.121 0.097 
631    (0)   :  0.021 0.013 0.430 0.273 0.148 0.114 
632    (0)   :  0.018 0.026 0.153 0.125 0.357 0.321 
633    (0)   :  0.065 0.024 0.302 0.297 0.119 0.194 
634    (0)   :  0.025 0.017 0.150 0.282 0.258 0.268 
635    (0)   :  0.022 0.017 0.169 0.138 0.154 0.500 
636    (0)   :  0.031 0.026 0.278 0.268 0.118 0.278 
637    (0)   :  0.022 0.073 0.139 0.170 0.443 0.153 
638    (0)   :  0.019 0.011 0.236 0.332 0.203 0.198 
639    (0)   :  0.038 0.018 0.444 0.182 0.155 0.163 
640    (0)   :  0.017 0.017 0.105 0.662 0.087 0.113 
641    (0)   :  0.017 0.011 0.404 0.232 0.203 0.133 
642    (0)   :  0.017 0.044 0.075 0.144 0.177 0.544 
643    (0)   :  0.009 0.035 0.051 0.117 0.073 0.714 
644    (0)   :  0.013 0.015 0.065 0.180 0.136 0.590 
645    (0)   :  0.146 0.056 0.131 0.067 0.111 0.489 
646    (0)   :  0.014 0.068 0.089 0.255 0.364 0.210 
647    (0)   :  0.009 0.120 0.064 0.203 0.155 0.449 
648    (0)   :  0.014 0.022 0.253 0.092 0.355 0.264 
649    (0)   :  0.013 0.018 0.056 0.152 0.538 0.222 
650    (0)   :  0.013 0.019 0.063 0.272 0.358 0.275 
651    (0)   :  0.009 0.024 0.107 0.206 0.214 0.440 
652    (0)   :  0.012 0.014 0.068 0.159 0.150 0.597 
653    (0)   :  0.019 0.043 0.187 0.099 0.224 0.428 
654    (0)   :  0.012 0.090 0.077 0.107 0.238 0.476 
655    (0)   :  0.017 0.015 0.044 0.301 0.105 0.517 
656    (0)   :  0.018 0.033 0.101 0.117 0.466 0.265 
657    (0)   :  0.019 0.022 0.364 0.188 0.137 0.270 
658    (0)   :  0.031 0.023 0.077 0.381 0.189 0.298 
659    (0)   :  0.019 0.024 0.133 0.125 0.224 0.476 
660    (0)   :  0.009 0.015 0.066 0.112 0.220 0.579 
661    (0)   :  0.022 0.050 0.074 0.103 0.246 0.505 
662    (0)   :  0.013 0.018 0.045 0.141 0.629 0.154 
663    (0)   :  0.012 0.011 0.094 0.148 0.238 0.497 
664    (0)   :  0.033 0.126 0.060 0.354 0.108 0.319 
665    (0)   :  0.009 0.015 0.056 0.129 0.597 0.194 
666    (0)   :  0.015 0.024 0.071 0.141 0.243 0.506 
667    (0)   :  0.016 0.055 0.097 0.284 0.364 0.185 
668    (0)   :  0.018 0.027 0.087 0.196 0.207 0.466 
669    (0)   :  0.011 0.018 0.142 0.131 0.368 0.329 
670    (0)   :  0.010 0.010 0.046 0.071 0.102 0.762 
671    (0)   :  0.010 0.016 0.050 0.109 0.163 0.653 
672    (0)   :  0.042 0.013 0.037 0.172 0.084 0.651 
673    (0)   :  0.010 0.010 0.056 0.062 0.053 0.809 
674    (0)   :  0.012 0.017 0.085 0.090 0.132 0.664 
675    (0)   :  0.010 0.019 0.041 0.114 0.071 0.744 
676    (0)   :  0.009 0.011 0.044 0.063 0.056 0.816 
677    (0)   :  0.008 0.021 0.039 0.063 0.192 0.676 
678    (0)   :  0.010 0.011 0.055 0.068 0.050 0.805 
679    (0)   :  0.013 0.010 0.094 0.094 0.072 0.718 
680    (0)   :  0.016 0.019 0.073 0.075 0.088 0.729 
681    (0)   :  0.045 0.041 0.120 0.114 0.370 0.310 
682    (0)   :  0.015 0.025 0.066 0.075 0.067 0.752 
683    (0)   :  0.010 0.012 0.043 0.068 0.093 0.774 
684    (0)   :  0.010 0.012 0.054 0.069 0.056 0.799 
685    (0)   :  0.009 0.011 0.041 0.060 0.060 0.820 
686    (0)   :  0.016 0.033 0.061 0.080 0.170 0.640 
687    (0)   :  0.009 0.015 0.046 0.102 0.190 0.638 
688    (0)   :  0.009 0.015 0.047 0.093 0.076 0.760 
689    (0)   :  0.009 0.010 0.044 0.059 0.060 0.818 
690    (0)   :  0.009 0.011 0.045 0.062 0.056 0.816 
691    (0)   :  0.012 0.013 0.083 0.088 0.089 0.714 
692    (0)   :  0.011 0.012 0.069 0.090 0.068 0.751 
693    (0)   :  0.010 0.038 0.047 0.110 0.059 0.736 
694    (0)   :  0.009 0.010 0.036 0.058 0.062 0.825 
695    (0)   :  0.021 0.013 0.043 0.074 0.081 0.768 
696    (0)   :  0.009 0.015 0.047 0.093 0.077 0.759 
697    (0)   :  0.009 0.013 0.045 0.060 0.079 0.794 
698    (0)   :  0.009 0.011 0.045 0.063 0.062 0.810 
699    (0)   :  0.019 0.019 0.039 0.070 0.143 0.709 
700    (0)   :  0.009 0.260 0.041 0.068 0.090 0.531 
701    (0)   :  0.030 0.012 0.108 0.088 0.102 0.661 
702    (0)   :  0.015 0.048 0.061 0.105 0.122 0.649 
703    (0)   :  0.016 0.023 0.066 0.076 0.077 0.742 
704    (0)   :  0.009 0.018 0.042 0.084 0.097 0.751 
705    (0)   :  0.049 0.043 0.075 0.101 0.315 0.417 
706    (0)   :  0.014 0.024 0.062 0.069 0.086 0.743 
707    (0)   :  0.009 0.014 0.053 0.060 0.091 0.773 
708    (0)   :  0.009 0.013 0.046 0.063 0.076 0.794 
709    (0)   :  0.008 0.074 0.038 0.065 0.078 0.737 
710    (0)   :  0.009 0.012 0.040 0.059 0.057 0.823 
711    (0)   :  0.013 0.029 0.058 0.070 0.150 0.680 
712    (0)   :  0.008 0.021 0.037 0.057 0.138 0.738 
713    (0)   :  0.009 0.014 0.042 0.089 0.085 0.761 
714    (0)   :  0.013 0.014 0.097 0.096 0.109 0.671 
715    (0)   :  0.008 0.018 0.037 0.057 0.090 0.789 
