

----------------------------------------------------
STRUCTURE by Pritchard, Stephens and Donnelly (2000)
     and Falush, Stephens and Pritchard (2003)
       Code by Pritchard, Falush and Hubisz
             Version 2.3.4 (Jul 2012)
----------------------------------------------------



Command line arguments:   ./structure -K 3 -D 103020 -m brooktrout/mainparams -e brooktrout/extraparams -o brooktrout/250914_output/results_K3_rep20 
Input File:    brooktrout/brooktrout.txt

Run parameters:
   8454 individuals
   5 loci
   3 populations assumed
   50000 Burn-in period
   100000 Reps
RANDOMIZE turned off


--------------------------------------------
Overall proportion of membership of the
sample in each of the 3 clusters

Inferred Clusters
  1      2      3    
0.394  0.157  0.448  

--------------------------------------------

Allele-freq. divergence among pops (Net nucleotide distance),
computed using point estimates of P.

      1       2       3      
 1      -    0.0508  0.0303  
 2   0.0508     -    0.0947  
 3   0.0303  0.0947     -    

Average distances (expected heterozygosity) between individuals in same cluster:
cluster  1  : 0.8439 
cluster  2  : 0.7459 
cluster  3  : 0.8252 

--------------------------------------------
Estimated Ln Prob of Data   = -179581.7
Mean value of ln likelihood = -175668.8
Variance of ln likelihood   = 7825.8

Mean value of alpha_1       = 0.2066
Mean value of alpha_2       = 0.0829
Mean value of alpha_3       = 0.2358
Allele frequencies uncorrelated


Inferred ancestry of individuals:
     (%Miss) :  Inferred clusters
  1    (0)   :  0.525 0.153 0.323 
  2    (0)   :  0.767 0.021 0.212 
  3    (0)   :  0.328 0.096 0.576 
  4    (0)   :  0.331 0.543 0.125 
  5    (0)   :  0.638 0.021 0.341 
  6    (0)   :  0.062 0.024 0.913 
  7    (0)   :  0.065 0.018 0.917 
  8    (0)   :  0.280 0.301 0.420 
  9    (0)   :  0.525 0.041 0.434 
 10    (0)   :  0.136 0.104 0.760 
 11    (0)   :  0.107 0.020 0.873 
 12    (0)   :  0.566 0.038 0.396 
 13    (0)   :  0.188 0.037 0.775 
 14    (0)   :  0.753 0.048 0.199 
 15    (0)   :  0.568 0.111 0.322 
 16    (0)   :  0.118 0.042 0.840 
 17    (0)   :  0.309 0.035 0.656 
 18    (0)   :  0.280 0.056 0.664 
 19    (0)   :  0.156 0.033 0.811 
 20    (0)   :  0.467 0.033 0.500 
 21    (0)   :  0.672 0.110 0.218 
 22    (0)   :  0.099 0.052 0.849 
 23    (0)   :  0.754 0.104 0.142 
 24    (0)   :  0.343 0.151 0.506 
 25    (0)   :  0.115 0.015 0.870 
 26    (0)   :  0.398 0.078 0.523 
 27    (0)   :  0.234 0.066 0.700 
 28    (0)   :  0.226 0.223 0.551 
 29    (0)   :  0.555 0.030 0.415 
 30    (0)   :  0.133 0.038 0.828 
 31    (0)   :  0.302 0.074 0.624 
 32    (0)   :  0.657 0.077 0.266 
 33    (0)   :  0.405 0.085 0.510 
 34    (0)   :  0.103 0.039 0.858 
 35    (0)   :  0.493 0.025 0.482 
 36    (0)   :  0.587 0.033 0.380 
 37    (0)   :  0.700 0.097 0.203 
 38    (0)   :  0.174 0.016 0.810 
 39    (0)   :  0.229 0.028 0.744 
 40    (0)   :  0.662 0.153 0.185 
 41    (0)   :  0.560 0.031 0.409 
 42    (0)   :  0.619 0.239 0.142 
 43    (0)   :  0.873 0.034 0.094 
 44    (0)   :  0.692 0.021 0.288 
 45    (0)   :  0.605 0.017 0.378 
 46    (0)   :  0.199 0.020 0.781 
 47    (0)   :  0.326 0.038 0.636 
 48    (0)   :  0.699 0.024 0.277 
 49    (0)   :  0.514 0.031 0.455 
 50    (0)   :  0.117 0.052 0.830 
 51    (0)   :  0.868 0.023 0.109 
 52    (0)   :  0.217 0.035 0.748 
 53    (0)   :  0.098 0.043 0.859 
 54    (0)   :  0.811 0.033 0.156 
 55    (0)   :  0.883 0.022 0.095 
 56    (0)   :  0.522 0.037 0.441 
 57    (0)   :  0.240 0.119 0.641 
 58    (0)   :  0.747 0.032 0.222 
 59    (0)   :  0.581 0.027 0.392 
 60    (0)   :  0.747 0.084 0.169 
 61    (0)   :  0.912 0.035 0.053 
 62    (0)   :  0.358 0.029 0.612 
 63    (0)   :  0.762 0.044 0.194 
 64    (0)   :  0.154 0.019 0.828 
 65    (0)   :  0.369 0.014 0.617 
 66    (0)   :  0.872 0.042 0.085 
 67    (0)   :  0.870 0.018 0.112 
 68    (0)   :  0.632 0.034 0.334 
 69    (0)   :  0.302 0.091 0.608 
 70    (0)   :  0.807 0.029 0.163 
 71    (0)   :  0.633 0.014 0.353 
 72    (0)   :  0.281 0.021 0.698 
 73    (0)   :  0.840 0.015 0.145 
 74    (0)   :  0.583 0.076 0.341 
 75    (0)   :  0.813 0.073 0.114 
 76    (0)   :  0.733 0.024 0.243 
 77    (0)   :  0.666 0.022 0.312 
 78    (0)   :  0.542 0.029 0.428 
 79    (0)   :  0.117 0.023 0.860 
 80    (0)   :  0.191 0.602 0.206 
 81    (0)   :  0.236 0.387 0.377 
 82    (0)   :  0.778 0.046 0.176 
 83    (0)   :  0.389 0.219 0.393 
 84    (0)   :  0.464 0.157 0.378 
 85    (0)   :  0.436 0.257 0.306 
 86    (0)   :  0.607 0.023 0.370 
 87    (0)   :  0.216 0.027 0.756 
 88    (0)   :  0.705 0.110 0.184 
 89    (0)   :  0.733 0.148 0.119 
 90    (0)   :  0.372 0.029 0.599 
 91    (0)   :  0.374 0.471 0.155 
 92    (0)   :  0.438 0.050 0.512 
 93    (0)   :  0.068 0.875 0.057 
 94    (0)   :  0.061 0.021 0.918 
 95    (0)   :  0.716 0.055 0.228 
 96    (0)   :  0.881 0.066 0.052 
 97    (0)   :  0.730 0.091 0.179 
 98    (0)   :  0.776 0.043 0.182 
 99    (0)   :  0.511 0.122 0.367 
100    (0)   :  0.488 0.450 0.062 
101    (0)   :  0.773 0.031 0.196 
102    (0)   :  0.690 0.169 0.141 
103    (0)   :  0.887 0.034 0.079 
104    (0)   :  0.306 0.034 0.660 
105    (0)   :  0.868 0.029 0.103 
106    (0)   :  0.080 0.011 0.909 
107    (0)   :  0.671 0.046 0.282 
108    (0)   :  0.715 0.019 0.267 
109    (0)   :  0.217 0.011 0.773 
110    (0)   :  0.148 0.014 0.838 
111    (0)   :  0.144 0.020 0.836 
112    (0)   :  0.098 0.012 0.889 
113    (0)   :  0.781 0.026 0.193 
114    (0)   :  0.382 0.045 0.573 
115    (0)   :  0.736 0.018 0.246 
116    (0)   :  0.296 0.012 0.692 
117    (0)   :  0.478 0.019 0.503 
118    (0)   :  0.736 0.016 0.248 
119    (0)   :  0.841 0.080 0.079 
120    (0)   :  0.442 0.024 0.534 
121    (0)   :  0.826 0.014 0.161 
122    (0)   :  0.122 0.015 0.862 
123    (0)   :  0.408 0.024 0.567 
124    (0)   :  0.354 0.016 0.630 
125    (0)   :  0.283 0.025 0.692 
126    (0)   :  0.263 0.030 0.707 
127    (0)   :  0.192 0.021 0.786 
128    (0)   :  0.815 0.016 0.168 
129    (0)   :  0.845 0.012 0.143 
130    (0)   :  0.505 0.054 0.440 
131    (0)   :  0.482 0.014 0.504 
132    (0)   :  0.156 0.012 0.832 
133    (0)   :  0.439 0.031 0.530 
134    (0)   :  0.054 0.009 0.937 
135    (0)   :  0.608 0.315 0.077 
136    (0)   :  0.063 0.881 0.056 
137    (0)   :  0.120 0.815 0.066 
138    (0)   :  0.060 0.886 0.054 
139    (0)   :  0.816 0.110 0.074 
140    (0)   :  0.281 0.507 0.212 
141    (0)   :  0.081 0.821 0.097 
142    (0)   :  0.452 0.473 0.075 
143    (0)   :  0.054 0.910 0.036 
144    (0)   :  0.125 0.817 0.058 
145    (0)   :  0.190 0.650 0.160 
146    (0)   :  0.403 0.404 0.194 
147    (0)   :  0.044 0.916 0.040 
148    (0)   :  0.221 0.649 0.130 
149    (0)   :  0.104 0.833 0.063 
150    (0)   :  0.359 0.530 0.111 
151    (0)   :  0.101 0.843 0.056 
152    (0)   :  0.329 0.530 0.140 
153    (0)   :  0.117 0.801 0.081 
154    (0)   :  0.087 0.852 0.061 
155    (0)   :  0.067 0.882 0.052 
156    (0)   :  0.345 0.598 0.057 
157    (0)   :  0.190 0.680 0.131 
158    (0)   :  0.128 0.736 0.136 
159    (0)   :  0.053 0.908 0.039 
160    (0)   :  0.058 0.900 0.042 
161    (0)   :  0.270 0.630 0.100 
162    (0)   :  0.467 0.298 0.235 
163    (0)   :  0.069 0.885 0.045 
164    (0)   :  0.352 0.427 0.220 
165    (0)   :  0.235 0.673 0.092 
166    (0)   :  0.387 0.470 0.143 
167    (0)   :  0.096 0.744 0.160 
168    (0)   :  0.130 0.782 0.088 
169    (0)   :  0.156 0.450 0.393 
170    (0)   :  0.398 0.545 0.057 
171    (0)   :  0.341 0.532 0.127 
172    (0)   :  0.220 0.644 0.135 
173    (0)   :  0.093 0.862 0.045 
174    (0)   :  0.072 0.873 0.056 
175    (0)   :  0.055 0.895 0.050 
176    (0)   :  0.125 0.818 0.057 
177    (0)   :  0.288 0.480 0.232 
178    (0)   :  0.079 0.830 0.090 
179    (0)   :  0.048 0.911 0.041 
180    (0)   :  0.161 0.660 0.178 
181    (0)   :  0.344 0.573 0.083 
182    (0)   :  0.226 0.727 0.046 
183    (0)   :  0.071 0.884 0.045 
184    (0)   :  0.729 0.022 0.249 
185    (0)   :  0.185 0.774 0.041 
186    (0)   :  0.698 0.020 0.282 
187    (0)   :  0.789 0.117 0.094 
188    (0)   :  0.751 0.015 0.234 
189    (0)   :  0.348 0.212 0.440 
190    (0)   :  0.878 0.086 0.036 
191    (0)   :  0.861 0.033 0.107 
192    (0)   :  0.822 0.078 0.100 
193    (0)   :  0.765 0.095 0.140 
194    (0)   :  0.858 0.056 0.086 
195    (0)   :  0.674 0.278 0.048 
196    (0)   :  0.884 0.061 0.055 
197    (0)   :  0.613 0.054 0.332 
198    (0)   :  0.676 0.073 0.251 
199    (0)   :  0.880 0.051 0.069 
200    (0)   :  0.712 0.075 0.212 
201    (0)   :  0.452 0.483 0.065 
202    (0)   :  0.608 0.333 0.059 
203    (0)   :  0.620 0.325 0.056 
204    (0)   :  0.908 0.048 0.044 
205    (0)   :  0.886 0.033 0.081 
206    (0)   :  0.877 0.062 0.062 
207    (0)   :  0.915 0.024 0.061 
208    (0)   :  0.826 0.118 0.055 
209    (0)   :  0.845 0.049 0.106 
210    (0)   :  0.874 0.066 0.060 
211    (0)   :  0.907 0.037 0.056 
212    (0)   :  0.284 0.641 0.075 
213    (0)   :  0.880 0.028 0.093 
214    (0)   :  0.530 0.413 0.056 
215    (0)   :  0.899 0.021 0.080 
216    (0)   :  0.753 0.029 0.219 
217    (0)   :  0.574 0.347 0.079 
218    (0)   :  0.861 0.046 0.093 
219    (0)   :  0.528 0.137 0.335 
220    (0)   :  0.912 0.027 0.061 
221    (0)   :  0.311 0.652 0.038 
222    (0)   :  0.622 0.056 0.322 
223    (0)   :  0.647 0.230 0.123 
224    (0)   :  0.760 0.175 0.064 
225    (0)   :  0.894 0.048 0.058 
226    (0)   :  0.724 0.065 0.211 
227    (0)   :  0.848 0.090 0.062 
228    (0)   :  0.785 0.172 0.043 
229    (0)   :  0.730 0.196 0.075 
230    (0)   :  0.858 0.087 0.055 
231    (0)   :  0.644 0.236 0.120 
232    (0)   :  0.809 0.083 0.109 
233    (0)   :  0.350 0.588 0.062 
234    (0)   :  0.716 0.102 0.182 
235    (0)   :  0.708 0.160 0.132 
236    (0)   :  0.754 0.169 0.077 
237    (0)   :  0.884 0.038 0.079 
238    (0)   :  0.568 0.358 0.074 
239    (0)   :  0.676 0.275 0.049 
240    (0)   :  0.561 0.365 0.074 
241    (0)   :  0.538 0.406 0.056 
242    (0)   :  0.570 0.122 0.307 
243    (0)   :  0.897 0.062 0.040 
244    (0)   :  0.739 0.208 0.053 
245    (0)   :  0.211 0.738 0.051 
246    (0)   :  0.588 0.332 0.080 
247    (0)   :  0.746 0.016 0.238 
248    (0)   :  0.889 0.018 0.093 
249    (0)   :  0.778 0.165 0.058 
250    (0)   :  0.842 0.082 0.076 
251    (0)   :  0.594 0.049 0.357 
252    (0)   :  0.826 0.099 0.075 
253    (0)   :  0.794 0.030 0.176 
254    (0)   :  0.734 0.057 0.208 
255    (0)   :  0.722 0.108 0.169 
256    (0)   :  0.800 0.141 0.059 
257    (0)   :  0.892 0.042 0.066 
258    (0)   :  0.849 0.036 0.115 
259    (0)   :  0.894 0.032 0.074 
260    (0)   :  0.627 0.162 0.211 
261    (0)   :  0.723 0.207 0.070 
262    (0)   :  0.682 0.271 0.047 
263    (0)   :  0.881 0.029 0.091 
264    (0)   :  0.258 0.015 0.727 
265    (0)   :  0.762 0.096 0.142 
266    (0)   :  0.310 0.650 0.040 
267    (0)   :  0.743 0.110 0.147 
268    (0)   :  0.882 0.061 0.057 
269    (0)   :  0.366 0.192 0.441 
270    (0)   :  0.778 0.031 0.191 
271    (0)   :  0.893 0.027 0.081 
272    (0)   :  0.816 0.035 0.149 
273    (0)   :  0.690 0.171 0.139 
274    (0)   :  0.816 0.046 0.137 
275    (0)   :  0.815 0.075 0.110 
276    (0)   :  0.770 0.031 0.199 
277    (0)   :  0.733 0.148 0.119 
278    (0)   :  0.902 0.028 0.070 
279    (0)   :  0.849 0.067 0.084 
280    (0)   :  0.710 0.071 0.219 
281    (0)   :  0.846 0.045 0.109 
282    (0)   :  0.527 0.357 0.116 
283    (0)   :  0.431 0.483 0.086 
284    (0)   :  0.842 0.075 0.084 
285    (0)   :  0.877 0.012 0.111 
286    (0)   :  0.745 0.202 0.053 
287    (0)   :  0.656 0.109 0.235 
288    (0)   :  0.797 0.038 0.165 
289    (0)   :  0.718 0.066 0.216 
290    (0)   :  0.716 0.034 0.250 
291    (0)   :  0.892 0.027 0.081 
292    (0)   :  0.753 0.099 0.147 
293    (0)   :  0.440 0.033 0.527 
294    (0)   :  0.872 0.023 0.105 
295    (0)   :  0.572 0.085 0.343 
296    (0)   :  0.902 0.028 0.070 
297    (0)   :  0.678 0.039 0.283 
298    (0)   :  0.699 0.185 0.117 
299    (0)   :  0.809 0.034 0.157 
300    (0)   :  0.901 0.021 0.078 
301    (0)   :  0.686 0.034 0.281 
302    (0)   :  0.886 0.024 0.090 
303    (0)   :  0.713 0.195 0.092 
304    (0)   :  0.458 0.274 0.268 
305    (0)   :  0.816 0.129 0.055 
306    (0)   :  0.550 0.345 0.105 
307    (0)   :  0.848 0.063 0.088 
308    (0)   :  0.717 0.212 0.072 
309    (0)   :  0.901 0.031 0.069 
310    (0)   :  0.816 0.137 0.047 
311    (0)   :  0.861 0.084 0.055 
312    (0)   :  0.922 0.025 0.053 
313    (0)   :  0.933 0.017 0.051 
314    (0)   :  0.045 0.918 0.037 
315    (0)   :  0.061 0.889 0.050 
316    (0)   :  0.051 0.892 0.056 
317    (0)   :  0.036 0.926 0.038 
318    (0)   :  0.033 0.928 0.039 
319    (0)   :  0.049 0.914 0.037 
320    (0)   :  0.045 0.918 0.037 
321    (0)   :  0.036 0.924 0.040 
322    (0)   :  0.061 0.883 0.056 
323    (0)   :  0.037 0.924 0.039 
324    (0)   :  0.036 0.924 0.040 
325    (0)   :  0.043 0.901 0.056 
326    (0)   :  0.038 0.910 0.052 
327    (0)   :  0.036 0.926 0.037 
328    (0)   :  0.065 0.880 0.055 
329    (0)   :  0.040 0.923 0.037 
330    (0)   :  0.036 0.927 0.037 
331    (0)   :  0.038 0.925 0.037 
332    (0)   :  0.040 0.899 0.061 
333    (0)   :  0.045 0.905 0.050 
334    (0)   :  0.064 0.880 0.056 
335    (0)   :  0.056 0.894 0.050 
336    (0)   :  0.038 0.921 0.041 
337    (0)   :  0.050 0.892 0.058 
338    (0)   :  0.032 0.927 0.041 
339    (0)   :  0.039 0.924 0.037 
340    (0)   :  0.039 0.926 0.035 
341    (0)   :  0.038 0.926 0.036 
342    (0)   :  0.037 0.925 0.038 
343    (0)   :  0.070 0.873 0.057 
344    (0)   :  0.035 0.928 0.037 
345    (0)   :  0.037 0.926 0.037 
346    (0)   :  0.034 0.931 0.036 
347    (0)   :  0.035 0.930 0.035 
348    (0)   :  0.076 0.874 0.049 
349    (0)   :  0.036 0.927 0.037 
350    (0)   :  0.054 0.909 0.038 
351    (0)   :  0.055 0.895 0.050 
352    (0)   :  0.050 0.896 0.053 
353    (0)   :  0.038 0.921 0.041 
354    (0)   :  0.040 0.923 0.037 
355    (0)   :  0.033 0.930 0.038 
356    (0)   :  0.136 0.816 0.048 
357    (0)   :  0.100 0.552 0.348 
358    (0)   :  0.047 0.898 0.054 
359    (0)   :  0.037 0.925 0.038 
360    (0)   :  0.033 0.930 0.037 
361    (0)   :  0.153 0.466 0.381 
362    (0)   :  0.202 0.027 0.771 
363    (0)   :  0.127 0.018 0.856 
364    (0)   :  0.142 0.254 0.604 
365    (0)   :  0.100 0.024 0.876 
366    (0)   :  0.355 0.066 0.580 
367    (0)   :  0.056 0.011 0.933 
368    (0)   :  0.326 0.023 0.651 
369    (0)   :  0.414 0.271 0.315 
370    (0)   :  0.776 0.024 0.200 
371    (0)   :  0.485 0.054 0.461 
372    (0)   :  0.647 0.070 0.283 
373    (0)   :  0.127 0.038 0.835 
374    (0)   :  0.187 0.266 0.547 
375    (0)   :  0.109 0.019 0.872 
376    (0)   :  0.041 0.014 0.945 
377    (0)   :  0.221 0.029 0.750 
378    (0)   :  0.220 0.151 0.629 
379    (0)   :  0.046 0.014 0.940 
380    (0)   :  0.311 0.119 0.570 
381    (0)   :  0.121 0.066 0.813 
382    (0)   :  0.068 0.018 0.914 
383    (0)   :  0.109 0.155 0.736 
384    (0)   :  0.161 0.079 0.759 
385    (0)   :  0.130 0.079 0.790 
386    (0)   :  0.079 0.016 0.905 
387    (0)   :  0.087 0.020 0.893 
388    (0)   :  0.356 0.220 0.424 
389    (0)   :  0.828 0.019 0.153 
390    (0)   :  0.348 0.022 0.630 
391    (0)   :  0.548 0.041 0.411 
392    (0)   :  0.087 0.040 0.873 
393    (0)   :  0.256 0.049 0.695 
394    (0)   :  0.258 0.204 0.538 
395    (0)   :  0.595 0.019 0.386 
396    (0)   :  0.090 0.012 0.898 
397    (0)   :  0.464 0.074 0.462 
398    (0)   :  0.053 0.013 0.934 
399    (0)   :  0.162 0.017 0.821 
400    (0)   :  0.074 0.028 0.898 
401    (0)   :  0.219 0.030 0.750 
402    (0)   :  0.567 0.025 0.408 
403    (0)   :  0.463 0.221 0.316 
404    (0)   :  0.394 0.042 0.564 
405    (0)   :  0.333 0.039 0.628 
406    (0)   :  0.665 0.054 0.281 
407    (0)   :  0.056 0.013 0.931 
408    (0)   :  0.667 0.011 0.323 
409    (0)   :  0.618 0.210 0.172 
410    (0)   :  0.075 0.046 0.879 
411    (0)   :  0.204 0.100 0.697 
412    (0)   :  0.138 0.021 0.841 
413    (0)   :  0.478 0.094 0.428 
414    (0)   :  0.140 0.013 0.846 
415    (0)   :  0.105 0.022 0.874 
416    (0)   :  0.142 0.034 0.824 
417    (0)   :  0.059 0.018 0.923 
418    (0)   :  0.072 0.014 0.915 
419    (0)   :  0.657 0.075 0.268 
420    (0)   :  0.265 0.018 0.716 
421    (0)   :  0.099 0.019 0.882 
422    (0)   :  0.567 0.020 0.413 
423    (0)   :  0.156 0.024 0.820 
424    (0)   :  0.519 0.030 0.451 
425    (0)   :  0.314 0.046 0.640 
426    (0)   :  0.119 0.035 0.846 
427    (0)   :  0.079 0.067 0.854 
428    (0)   :  0.574 0.069 0.357 
429    (0)   :  0.044 0.011 0.945 
430    (0)   :  0.097 0.017 0.886 
431    (0)   :  0.378 0.029 0.593 
432    (0)   :  0.294 0.026 0.680 
433    (0)   :  0.766 0.095 0.138 
434    (0)   :  0.266 0.070 0.664 
435    (0)   :  0.071 0.014 0.915 
436    (0)   :  0.049 0.026 0.925 
437    (0)   :  0.059 0.015 0.926 
438    (0)   :  0.473 0.032 0.494 
439    (0)   :  0.054 0.021 0.925 
440    (0)   :  0.047 0.011 0.942 
441    (0)   :  0.123 0.050 0.826 
442    (0)   :  0.101 0.016 0.884 
443    (0)   :  0.109 0.012 0.879 
444    (0)   :  0.096 0.015 0.889 
445    (0)   :  0.345 0.095 0.560 
446    (0)   :  0.063 0.015 0.922 
447    (0)   :  0.241 0.039 0.721 
448    (0)   :  0.109 0.016 0.875 
449    (0)   :  0.182 0.029 0.788 
450    (0)   :  0.068 0.034 0.898 
451    (0)   :  0.143 0.010 0.846 
452    (0)   :  0.054 0.025 0.921 
453    (0)   :  0.784 0.026 0.190 
454    (0)   :  0.081 0.033 0.886 
455    (0)   :  0.146 0.016 0.839 
456    (0)   :  0.112 0.014 0.874 
457    (0)   :  0.058 0.017 0.924 
458    (0)   :  0.055 0.020 0.925 
459    (0)   :  0.260 0.071 0.669 
460    (0)   :  0.061 0.014 0.925 
461    (0)   :  0.047 0.015 0.939 
462    (0)   :  0.091 0.010 0.899 
463    (0)   :  0.572 0.026 0.403 
464    (0)   :  0.090 0.014 0.896 
465    (0)   :  0.238 0.019 0.744 
466    (0)   :  0.389 0.015 0.596 
467    (0)   :  0.122 0.029 0.848 
468    (0)   :  0.071 0.014 0.914 
469    (0)   :  0.052 0.018 0.930 
470    (0)   :  0.053 0.014 0.933 
471    (0)   :  0.446 0.016 0.538 
472    (0)   :  0.209 0.019 0.772 
473    (0)   :  0.208 0.029 0.764 
474    (0)   :  0.074 0.025 0.901 
475    (0)   :  0.315 0.033 0.652 
476    (0)   :  0.060 0.019 0.921 
477    (0)   :  0.198 0.028 0.774 
478    (0)   :  0.072 0.013 0.915 
479    (0)   :  0.050 0.013 0.937 
480    (0)   :  0.043 0.016 0.941 
481    (0)   :  0.247 0.015 0.738 
482    (0)   :  0.041 0.013 0.946 
483    (0)   :  0.085 0.020 0.896 
484    (0)   :  0.324 0.021 0.655 
485    (0)   :  0.080 0.014 0.905 
486    (0)   :  0.460 0.028 0.512 
487    (0)   :  0.331 0.085 0.584 
488    (0)   :  0.596 0.034 0.370 
489    (0)   :  0.571 0.127 0.302 
490    (0)   :  0.187 0.014 0.799 
491    (0)   :  0.819 0.048 0.134 
492    (0)   :  0.778 0.077 0.145 
493    (0)   :  0.481 0.035 0.483 
494    (0)   :  0.640 0.045 0.315 
495    (0)   :  0.535 0.053 0.412 
496    (0)   :  0.767 0.123 0.111 
497    (0)   :  0.586 0.091 0.323 
498    (0)   :  0.515 0.035 0.450 
499    (0)   :  0.458 0.250 0.292 
500    (0)   :  0.264 0.034 0.702 
501    (0)   :  0.589 0.086 0.325 
502    (0)   :  0.597 0.099 0.303 
503    (0)   :  0.150 0.020 0.830 
504    (0)   :  0.614 0.020 0.365 
505    (0)   :  0.826 0.034 0.140 
506    (0)   :  0.464 0.094 0.442 
507    (0)   :  0.301 0.641 0.058 
508    (0)   :  0.512 0.413 0.076 
509    (0)   :  0.812 0.071 0.117 
510    (0)   :  0.367 0.195 0.438 
511    (0)   :  0.170 0.025 0.805 
512    (0)   :  0.075 0.015 0.910 
513    (0)   :  0.922 0.017 0.061 
514    (0)   :  0.455 0.028 0.517 
515    (0)   :  0.270 0.082 0.648 
516    (0)   :  0.787 0.022 0.191 
517    (0)   :  0.566 0.066 0.368 
518    (0)   :  0.279 0.265 0.457 
519    (0)   :  0.453 0.031 0.517 
520    (0)   :  0.553 0.196 0.251 
521    (0)   :  0.634 0.222 0.144 
522    (0)   :  0.371 0.020 0.609 
523    (0)   :  0.790 0.074 0.136 
524    (0)   :  0.292 0.040 0.668 
525    (0)   :  0.345 0.190 0.465 
526    (0)   :  0.622 0.037 0.341 
527    (0)   :  0.105 0.026 0.869 
528    (0)   :  0.474 0.441 0.085 
529    (0)   :  0.694 0.065 0.241 
530    (0)   :  0.247 0.052 0.701 
531    (0)   :  0.395 0.321 0.285 
532    (0)   :  0.360 0.223 0.417 
533    (0)   :  0.309 0.038 0.652 
534    (0)   :  0.816 0.047 0.138 
535    (0)   :  0.720 0.027 0.253 
536    (0)   :  0.735 0.066 0.199 
537    (0)   :  0.845 0.087 0.068 
538    (0)   :  0.829 0.065 0.105 
539    (0)   :  0.274 0.663 0.064 
540    (0)   :  0.676 0.134 0.190 
541    (0)   :  0.436 0.417 0.147 
542    (0)   :  0.742 0.027 0.230 
543    (0)   :  0.853 0.061 0.087 
544    (0)   :  0.837 0.038 0.125 
545    (0)   :  0.769 0.017 0.214 
546    (0)   :  0.836 0.051 0.113 
547    (0)   :  0.878 0.046 0.076 
548    (0)   :  0.845 0.079 0.076 
549    (0)   :  0.520 0.347 0.132 
550    (0)   :  0.500 0.055 0.445 
551    (0)   :  0.424 0.466 0.110 
552    (0)   :  0.817 0.080 0.104 
553    (0)   :  0.877 0.067 0.056 
554    (0)   :  0.461 0.087 0.453 
555    (0)   :  0.836 0.106 0.058 
556    (0)   :  0.868 0.040 0.092 
557    (0)   :  0.668 0.043 0.289 
558    (0)   :  0.037 0.013 0.949 
559    (0)   :  0.409 0.023 0.568 
560    (0)   :  0.082 0.010 0.908 
561    (0)   :  0.201 0.013 0.786 
562    (0)   :  0.141 0.010 0.850 
563    (0)   :  0.549 0.077 0.374 
564    (0)   :  0.785 0.021 0.194 
565    (0)   :  0.054 0.016 0.930 
566    (0)   :  0.056 0.010 0.934 
567    (0)   :  0.650 0.015 0.335 
568    (0)   :  0.497 0.021 0.482 
569    (0)   :  0.428 0.022 0.550 
570    (0)   :  0.044 0.011 0.945 
571    (0)   :  0.150 0.017 0.833 
572    (0)   :  0.615 0.127 0.258 
573    (0)   :  0.517 0.024 0.459 
574    (0)   :  0.139 0.069 0.793 
575    (0)   :  0.611 0.038 0.351 
576    (0)   :  0.067 0.010 0.923 
577    (0)   :  0.126 0.059 0.815 
578    (0)   :  0.229 0.018 0.753 
579    (0)   :  0.154 0.016 0.831 
580    (0)   :  0.090 0.029 0.882 
581    (0)   :  0.075 0.021 0.904 
582    (0)   :  0.064 0.012 0.924 
583    (0)   :  0.098 0.018 0.884 
584    (0)   :  0.070 0.012 0.917 
585    (0)   :  0.150 0.015 0.835 
586    (0)   :  0.152 0.021 0.827 
587    (0)   :  0.144 0.011 0.845 
588    (0)   :  0.927 0.014 0.059 
589    (0)   :  0.128 0.014 0.858 
590    (0)   :  0.176 0.016 0.808 
591    (0)   :  0.216 0.020 0.765 
592    (0)   :  0.568 0.013 0.419 
593    (0)   :  0.317 0.030 0.653 
594    (0)   :  0.405 0.048 0.547 
595    (0)   :  0.096 0.012 0.893 
596    (0)   :  0.564 0.028 0.408 
597    (0)   :  0.236 0.133 0.631 
598    (0)   :  0.040 0.012 0.948 
599    (0)   :  0.221 0.011 0.768 
600    (0)   :  0.137 0.036 0.828 
601    (0)   :  0.093 0.011 0.896 
602    (0)   :  0.622 0.059 0.319 
603    (0)   :  0.648 0.054 0.299 
604    (0)   :  0.402 0.036 0.562 
605    (0)   :  0.360 0.021 0.619 
606    (0)   :  0.757 0.043 0.200 
607    (0)   :  0.246 0.219 0.534 
608    (0)   :  0.152 0.421 0.427 
609    (0)   :  0.110 0.032 0.858 
610    (0)   :  0.244 0.024 0.732 
611    (0)   :  0.598 0.051 0.351 
612    (0)   :  0.070 0.019 0.911 
613    (0)   :  0.161 0.029 0.810 
614    (0)   :  0.075 0.016 0.909 
615    (0)   :  0.171 0.039 0.789 
616    (0)   :  0.280 0.149 0.570 
617    (0)   :  0.156 0.018 0.826 
618    (0)   :  0.250 0.120 0.630 
619    (0)   :  0.612 0.060 0.327 
620    (0)   :  0.612 0.010 0.378 
621    (0)   :  0.067 0.016 0.917 
622    (0)   :  0.255 0.089 0.655 
623    (0)   :  0.309 0.019 0.673 
624    (0)   :  0.084 0.094 0.821 
625    (0)   :  0.139 0.082 0.779 
626    (0)   :  0.330 0.433 0.237 
627    (0)   :  0.217 0.028 0.756 
628    (0)   :  0.252 0.031 0.717 
629    (0)   :  0.309 0.031 0.660 
630    (0)   :  0.129 0.034 0.837 
631    (0)   :  0.115 0.027 0.858 
632    (0)   :  0.805 0.074 0.121 
633    (0)   :  0.114 0.056 0.830 
634    (0)   :  0.278 0.099 0.623 
635    (0)   :  0.359 0.419 0.222 
636    (0)   :  0.145 0.166 0.689 
637    (0)   :  0.774 0.032 0.194 
638    (0)   :  0.319 0.049 0.633 
639    (0)   :  0.167 0.048 0.786 
640    (0)   :  0.094 0.025 0.881 
641    (0)   :  0.284 0.033 0.683 
642    (0)   :  0.523 0.338 0.139 
643    (0)   :  0.129 0.797 0.074 
644    (0)   :  0.242 0.571 0.187 
645    (0)   :  0.119 0.707 0.174 
646    (0)   :  0.773 0.042 0.185 
647    (0)   :  0.767 0.120 0.114 
648    (0)   :  0.468 0.228 0.304 
649    (0)   :  0.862 0.063 0.074 
650    (0)   :  0.792 0.058 0.150 
651    (0)   :  0.344 0.399 0.257 
652    (0)   :  0.321 0.534 0.144 
653    (0)   :  0.599 0.219 0.182 
654    (0)   :  0.702 0.214 0.085 
655    (0)   :  0.246 0.512 0.241 
656    (0)   :  0.755 0.097 0.148 
657    (0)   :  0.209 0.115 0.676 
658    (0)   :  0.579 0.108 0.313 
659    (0)   :  0.352 0.456 0.192 
660    (0)   :  0.506 0.418 0.076 
661    (0)   :  0.263 0.612 0.125 
662    (0)   :  0.902 0.037 0.061 
663    (0)   :  0.522 0.349 0.129 
664    (0)   :  0.384 0.153 0.463 
665    (0)   :  0.869 0.043 0.088 
666    (0)   :  0.632 0.262 0.106 
667    (0)   :  0.710 0.037 0.253 
668    (0)   :  0.346 0.396 0.258 
669    (0)   :  0.752 0.112 0.135 
670    (0)   :  0.117 0.838 0.045 
671    (0)   :  0.409 0.522 0.069 
672    (0)   :  0.206 0.674 0.120 
673    (0)   :  0.042 0.917 0.041 
674    (0)   :  0.163 0.756 0.081 
675    (0)   :  0.126 0.816 0.058 
676    (0)   :  0.047 0.914 0.038 
677    (0)   :  0.275 0.685 0.040 
678    (0)   :  0.042 0.917 0.040 
679    (0)   :  0.068 0.854 0.078 
680    (0)   :  0.086 0.850 0.063 
681    (0)   :  0.480 0.241 0.279 
682    (0)   :  0.072 0.867 0.060 
683    (0)   :  0.097 0.861 0.042 
684    (0)   :  0.052 0.907 0.041 
685    (0)   :  0.047 0.917 0.036 
686    (0)   :  0.367 0.567 0.066 
687    (0)   :  0.414 0.522 0.064 
688    (0)   :  0.114 0.830 0.057 
689    (0)   :  0.042 0.921 0.037 
690    (0)   :  0.047 0.915 0.038 
691    (0)   :  0.096 0.835 0.069 
692    (0)   :  0.062 0.875 0.063 
693    (0)   :  0.078 0.855 0.066 
694    (0)   :  0.045 0.921 0.034 
695    (0)   :  0.079 0.874 0.047 
696    (0)   :  0.111 0.832 0.057 
697    (0)   :  0.052 0.908 0.039 
698    (0)   :  0.051 0.911 0.038 
699    (0)   :  0.187 0.766 0.047 
700    (0)   :  0.086 0.838 0.076 
701    (0)   :  0.097 0.819 0.084 
702    (0)   :  0.235 0.669 0.096 
703    (0)   :  0.097 0.843 0.060 
704    (0)   :  0.129 0.819 0.052 
705    (0)   :  0.553 0.329 0.118 
706    (0)   :  0.087 0.858 0.055 
707    (0)   :  0.065 0.894 0.041 
708    (0)   :  0.077 0.884 0.040 
709    (0)   :  0.087 0.873 0.041 
710    (0)   :  0.047 0.919 0.034 
711    (0)   :  0.158 0.784 0.059 
712    (0)   :  0.171 0.793 0.036 
713    (0)   :  0.117 0.831 0.052 
714    (0)   :  0.144 0.770 0.086 
715    (0)   :  0.080 0.886 0.034 
716    (0)   :  0.077 0.873 0.050 
717    (0)   :  0.050 0.916 0.034 
718    (0)   :  0.202 0.733 0.065 
719    (0)   :  0.084 0.880 0.036 
720    (0)   :  0.125 0.019 0.856 
721    (0)   :  0.124 0.597 0.279 
722    (0)   :  0.130 0.038 0.832 
723    (0)   :  0.082 0.032 0.886 
724    (0)   :  0.087 0.120 0.793 
725    (0)   :  0.453 0.140 0.406 
726    (0)   :  0.181 0.064 0.755 
727    (0)   :  0.689 0.108 0.203 
728    (0)   :  0.041 0.011 0.948 
729    (0)   :  0.046 0.012 0.942 
730    (0)   :  0.094 0.019 0.887 
731    (0)   :  0.067 0.027 0.906 
732    (0)   :  0.079 0.032 0.889 
733    (0)   :  0.050 0.017 0.933 
734    (0)   :  0.047 0.011 0.942 
735    (0)   :  0.044 0.023 0.933 
736    (0)   :  0.069 0.021 0.909 
737    (0)   :  0.154 0.023 0.823 
738    (0)   :  0.069 0.019 0.912 
739    (0)   :  0.047 0.016 0.937 
740    (0)   :  0.105 0.790 0.105 
741    (0)   :  0.289 0.509 0.202 
742    (0)   :  0.134 0.113 0.753 
743    (0)   :  0.251 0.056 0.692 
744    (0)   :  0.837 0.034 0.128 
745    (0)   :  0.292 0.016 0.692 
746    (0)   :  0.531 0.105 0.364 
747    (0)   :  0.640 0.031 0.329 
748    (0)   :  0.523 0.312 0.165 
749    (0)   :  0.739 0.063 0.198 
750    (0)   :  0.675 0.043 0.282 
751    (0)   :  0.365 0.421 0.213 
752    (0)   :  0.610 0.039 0.351 
753    (0)   :  0.447 0.122 0.431 
754    (0)   :  0.388 0.320 0.293 
755    (0)   :  0.612 0.085 0.303 
756    (0)   :  0.696 0.132 0.172 
757    (0)   :  0.705 0.056 0.239 
758    (0)   :  0.553 0.017 0.430 
759    (0)   :  0.257 0.466 0.277 
760    (0)   :  0.160 0.080 0.760 
761    (0)   :  0.206 0.203 0.591 
762    (0)   :  0.106 0.025 0.869 
763    (0)   :  0.449 0.122 0.429 
764    (0)   :  0.631 0.043 0.326 
765    (0)   :  0.147 0.030 0.822 
766    (0)   :  0.343 0.289 0.367 
767    (0)   :  0.557 0.135 0.307 
768    (0)   :  0.108 0.025 0.867 
769    (0)   :  0.174 0.149 0.677 
770    (0)   :  0.133 0.022 0.846 
771    (0)   :  0.859 0.052 0.089 
772    (0)   :  0.316 0.235 0.449 
773    (0)   :  0.392 0.059 0.549 
774    (0)   :  0.426 0.354 0.219 
775    (0)   :  0.082 0.046 0.871 
776    (0)   :  0.502 0.027 0.471 
777    (0)   :  0.667 0.047 0.287 
778    (0)   :  0.796 0.058 0.146 
779    (0)   :  0.425 0.105 0.470 
780    (0)   :  0.502 0.296 0.201 
781    (0)   :  0.857 0.065 0.078 
782    (0)   :  0.426 0.105 0.469 
783    (0)   :  0.292 0.204 0.503 
784    (0)   :  0.216 0.036 0.747 
785    (0)   :  0.450 0.095 0.455 
786    (0)   :  0.260 0.447 0.294 
787    (0)   :  0.780 0.145 0.075 
788    (0)   :  0.215 0.053 0.732 
789    (0)   :  0.160 0.044 0.796 
790    (0)   :  0.448 0.187 0.365 
791    (0)   :  0.536 0.078 0.385 
792    (0)   :  0.494 0.370 0.136 
793    (0)   :  0.673 0.173 0.154 
794    (0)   :  0.572 0.069 0.359 
795    (0)   :  0.421 0.395 0.185 
796    (0)   :  0.636 0.089 0.275 
797    (0)   :  0.394 0.497 0.109 
798    (0)   :  0.130 0.013 0.857 
799    (0)   :  0.310 0.036 0.654 
800    (0)   :  0.726 0.210 0.064 
801    (0)   :  0.174 0.028 0.798 
802    (0)   :  0.319 0.166 0.515 
803    (0)   :  0.688 0.163 0.149 
804    (0)   :  0.769 0.043 0.188 
805    (0)   :  0.128 0.808 0.064 
806    (0)   :  0.583 0.064 0.352 
807    (0)   :  0.280 0.641 0.079 
808    (0)   :  0.694 0.217 0.089 
809    (0)   :  0.756 0.034 0.211 
810    (0)   :  0.349 0.092 0.559 
811    (0)   :  0.688 0.215 0.097 
812    (0)   :  0.887 0.016 0.097 
813    (0)   :  0.126 0.017 0.857 
814    (0)   :  0.862 0.019 0.119 
815    (0)   :  0.608 0.185 0.207 
816    (0)   :  0.294 0.300 0.407 
817    (0)   :  0.309 0.172 0.519 
818    (0)   :  0.448 0.040 0.511 
819    (0)   :  0.840 0.048 0.112 
820    (0)   :  0.719 0.069 0.212 
821    (0)   :  0.141 0.053 0.807 
822    (0)   :  0.185 0.012 0.803 
823    (0)   :  0.170 0.190 0.640 
824    (0)   :  0.376 0.087 0.537 
825    (0)   :  0.231 0.022 0.747 
826    (0)   :  0.411 0.021 0.568 
827    (0)   :  0.082 0.025 0.894 
828    (0)   :  0.103 0.047 0.851 
829    (0)   :  0.184 0.050 0.766 
830    (0)   :  0.063 0.017 0.921 
831    (0)   :  0.328 0.072 0.601 
832    (0)   :  0.517 0.072 0.411 
833    (0)   :  0.300 0.121 0.579 
834    (0)   :  0.315 0.063 0.622 
835    (0)   :  0.502 0.017 0.480 
836    (0)   :  0.700 0.035 0.265 
837    (0)   :  0.282 0.144 0.574 
838    (0)   :  0.757 0.016 0.228 
839    (0)   :  0.150 0.033 0.817 
840    (0)   :  0.835 0.047 0.118 
841    (0)   :  0.815 0.035 0.150 
842    (0)   :  0.244 0.014 0.742 
843    (0)   :  0.787 0.113 0.100 
844    (0)   :  0.632 0.065 0.303 
845    (0)   :  0.307 0.021 0.672 
846    (0)   :  0.652 0.045 0.302 
847    (0)   :  0.695 0.083 0.222 
848    (0)   :  0.783 0.036 0.181 
849    (0)   :  0.248 0.030 0.722 
850    (0)   :  0.110 0.028 0.862 
851    (0)   :  0.480 0.023 0.497 
852    (0)   :  0.120 0.522 0.358 
853    (0)   :  0.323 0.024 0.653 
854    (0)   :  0.199 0.156 0.645 
855    (0)   :  0.504 0.041 0.455 
856    (0)   :  0.503 0.067 0.430 
857    (0)   :  0.759 0.029 0.213 
858    (0)   :  0.369 0.021 0.611 
859    (0)   :  0.082 0.021 0.897 
860    (0)   :  0.421 0.022 0.557 
861    (0)   :  0.642 0.235 0.123 
862    (0)   :  0.053 0.020 0.927 
863    (0)   :  0.084 0.049 0.866 
864    (0)   :  0.044 0.040 0.916 
865    (0)   :  0.050 0.011 0.939 
866    (0)   :  0.094 0.017 0.890 
867    (0)   :  0.075 0.029 0.896 
868    (0)   :  0.098 0.020 0.883 
869    (0)   :  0.078 0.019 0.903 
870    (0)   :  0.188 0.012 0.800 
871    (0)   :  0.074 0.013 0.913 
872    (0)   :  0.049 0.019 0.932 
873    (0)   :  0.054 0.026 0.920 
874    (0)   :  0.055 0.013 0.932 
875    (0)   :  0.214 0.021 0.765 
876    (0)   :  0.196 0.016 0.787 
877    (0)   :  0.042 0.022 0.936 
878    (0)   :  0.155 0.027 0.817 
879    (0)   :  0.054 0.029 0.918 
880    (0)   :  0.157 0.016 0.827 
881    (0)   :  0.069 0.027 0.904 
882    (0)   :  0.044 0.023 0.933 
883    (0)   :  0.358 0.027 0.615 
884    (0)   :  0.045 0.011 0.944 
885    (0)   :  0.164 0.035 0.801 
886    (0)   :  0.074 0.033 0.894 
887    (0)   :  0.048 0.013 0.939 
888    (0)   :  0.249 0.052 0.700 
889    (0)   :  0.049 0.011 0.940 
890    (0)   :  0.069 0.011 0.920 
891    (0)   :  0.408 0.018 0.574 
892    (0)   :  0.517 0.021 0.462 
893    (0)   :  0.707 0.025 0.267 
894    (0)   :  0.086 0.012 0.902 
895    (0)   :  0.060 0.014 0.926 
896    (0)   :  0.723 0.031 0.246 
897    (0)   :  0.553 0.021 0.427 
898    (0)   :  0.225 0.039 0.736 
899    (0)   :  0.093 0.010 0.897 
900    (0)   :  0.390 0.016 0.594 
901    (0)   :  0.256 0.018 0.726 
902    (0)   :  0.788 0.021 0.191 
903    (0)   :  0.087 0.017 0.896 
904    (0)   :  0.254 0.037 0.710 
905    (0)   :  0.055 0.012 0.934 
906    (0)   :  0.301 0.021 0.678 
907    (0)   :  0.144 0.030 0.827 
908    (0)   :  0.107 0.022 0.871 
909    (0)   :  0.311 0.025 0.664 
910    (0)   :  0.610 0.023 0.367 
911    (0)   :  0.056 0.010 0.934 
912    (0)   :  0.083 0.013 0.904 
913    (0)   :  0.099 0.012 0.889 
914    (0)   :  0.289 0.097 0.614 
915    (0)   :  0.079 0.010 0.911 
916    (0)   :  0.282 0.017 0.701 
917    (0)   :  0.276 0.015 0.709 
918    (0)   :  0.200 0.067 0.733 
919    (0)   :  0.082 0.033 0.886 
920    (0)   :  0.135 0.026 0.839 
921    (0)   :  0.767 0.106 0.127 
922    (0)   :  0.826 0.020 0.155 
923    (0)   :  0.884 0.027 0.088 
924    (0)   :  0.878 0.018 0.105 
925    (0)   :  0.845 0.028 0.127 
926    (0)   :  0.925 0.027 0.048 
927    (0)   :  0.876 0.050 0.074 
928    (0)   :  0.871 0.077 0.052 
929    (0)   :  0.928 0.016 0.056 
930    (0)   :  0.861 0.032 0.107 
931    (0)   :  0.717 0.112 0.171 
932    (0)   :  0.917 0.015 0.068 
933    (0)   :  0.738 0.200 0.062 
934    (0)   :  0.920 0.012 0.067 
935    (0)   :  0.881 0.023 0.096 
936    (0)   :  0.919 0.016 0.065 
937    (0)   :  0.905 0.033 0.062 
938    (0)   :  0.894 0.063 0.044 
939    (0)   :  0.858 0.077 0.065 
940    (0)   :  0.877 0.040 0.083 
941    (0)   :  0.843 0.017 0.140 
942    (0)   :  0.804 0.091 0.105 
943    (0)   :  0.831 0.111 0.058 
944    (0)   :  0.896 0.043 0.061 
945    (0)   :  0.884 0.028 0.088 
946    (0)   :  0.911 0.022 0.067 
947    (0)   :  0.892 0.061 0.047 
948    (0)   :  0.817 0.013 0.170 
949    (0)   :  0.753 0.013 0.234 
950    (0)   :  0.924 0.032 0.044 
951    (0)   :  0.881 0.043 0.075 
952    (0)   :  0.915 0.019 0.066 
953    (0)   :  0.816 0.023 0.161 
954    (0)   :  0.828 0.024 0.149 
955    (0)   :  0.155 0.793 0.052 
956    (0)   :  0.296 0.652 0.052 
957    (0)   :  0.655 0.202 0.143 
958    (0)   :  0.640 0.037 0.323 
959    (0)   :  0.792 0.086 0.122 
960    (0)   :  0.271 0.066 0.664 
961    (0)   :  0.048 0.917 0.036 
962    (0)   :  0.922 0.021 0.058 
963    (0)   :  0.643 0.038 0.319 
964    (0)   :  0.219 0.083 0.698 
965    (0)   :  0.760 0.125 0.115 
966    (0)   :  0.781 0.081 0.138 
967    (0)   :  0.108 0.831 0.060 
968    (0)   :  0.891 0.029 0.080 
969    (0)   :  0.208 0.251 0.541 
970    (0)   :  0.218 0.704 0.078 
971    (0)   :  0.878 0.040 0.082 
972    (0)   :  0.627 0.124 0.249 
973    (0)   :  0.816 0.114 0.070 
974    (0)   :  0.562 0.054 0.384 
975    (0)   :  0.201 0.258 0.541 
976    (0)   :  0.877 0.040 0.083 
977    (0)   :  0.435 0.264 0.301 
978    (0)   :  0.834 0.076 0.090 
979    (0)   :  0.758 0.031 0.211 
980    (0)   :  0.784 0.117 0.099 
981    (0)   :  0.727 0.095 0.178 
982    (0)   :  0.253 0.026 0.721 
983    (0)   :  0.355 0.030 0.615 
984    (0)   :  0.106 0.724 0.170 
985    (0)   :  0.799 0.065 0.136 
986    (0)   :  0.467 0.046 0.487 
987    (0)   :  0.591 0.016 0.392 
988    (0)   :  0.055 0.012 0.933 
989    (0)   :  0.453 0.385 0.163 
990    (0)   :  0.221 0.058 0.722 
991    (0)   :  0.650 0.057 0.293 
992    (0)   :  0.867 0.014 0.119 
993    (0)   :  0.249 0.030 0.721 
994    (0)   :  0.836 0.070 0.095 
995    (0)   :  0.134 0.823 0.043 
996    (0)   :  0.118 0.025 0.857 
997    (0)   :  0.870 0.032 0.098 
998    (0)   :  0.526 0.024 0.449 
999    (0)   :  0.721 0.079 0.200 
1000    (0)   :  0.543 0.019 0.437 
1001    (0)   :  0.128 0.031 0.842 
1002    (0)   :  0.126 0.012 0.862 
1003    (0)   :  0.787 0.034 0.179 
1004    (0)   :  0.777 0.032 0.191 
1005    (0)   :  0.636 0.018 0.346 
1006    (0)   :  0.835 0.045 0.120 
1007    (0)   :  0.791 0.100 0.109 
1008    (0)   :  0.798 0.125 0.077 
1009    (0)   :  0.762 0.054 0.185 
1010    (0)   :  0.796 0.057 0.148 
1011    (0)   :  0.708 0.168 0.124 
1012    (0)   :  0.860 0.021 0.118 
1013    (0)   :  0.816 0.035 0.149 
1014    (0)   :  0.522 0.021 0.457 
1015    (0)   :  0.866 0.019 0.116 
1016    (0)   :  0.407 0.021 0.573 
1017    (0)   :  0.834 0.053 0.113 
1018    (0)   :  0.811 0.054 0.135 
1019    (0)   :  0.410 0.081 0.509 
1020    (0)   :  0.278 0.665 0.057 
1021    (0)   :  0.746 0.186 0.068 
1022    (0)   :  0.748 0.062 0.190 
1023    (0)   :  0.149 0.027 0.824 
1024    (0)   :  0.224 0.019 0.756 
1025    (0)   :  0.701 0.044 0.255 
1026    (0)   :  0.131 0.177 0.692 
1027    (0)   :  0.450 0.090 0.460 
1028    (0)   :  0.085 0.096 0.819 
1029    (0)   :  0.353 0.128 0.519 
1030    (0)   :  0.404 0.391 0.205 
1031    (0)   :  0.253 0.237 0.510 
1032    (0)   :  0.378 0.273 0.349 
1033    (0)   :  0.148 0.302 0.551 
1034    (0)   :  0.445 0.110 0.444 
1035    (0)   :  0.102 0.774 0.124 
1036    (0)   :  0.463 0.273 0.264 
1037    (0)   :  0.447 0.373 0.180 
1038    (0)   :  0.164 0.531 0.306 
1039    (0)   :  0.586 0.216 0.198 
1040    (0)   :  0.166 0.141 0.693 
1041    (0)   :  0.148 0.207 0.645 
1042    (0)   :  0.245 0.469 0.286 
1043    (0)   :  0.138 0.252 0.610 
1044    (0)   :  0.352 0.096 0.552 
1045    (0)   :  0.084 0.190 0.726 
1046    (0)   :  0.427 0.317 0.256 
1047    (0)   :  0.163 0.717 0.120 
1048    (0)   :  0.189 0.048 0.764 
1049    (0)   :  0.434 0.035 0.531 
1050    (0)   :  0.061 0.011 0.928 
1051    (0)   :  0.124 0.012 0.863 
1052    (0)   :  0.129 0.019 0.852 
1053    (0)   :  0.089 0.024 0.887 
1054    (0)   :  0.131 0.022 0.847 
1055    (0)   :  0.490 0.018 0.492 
1056    (0)   :  0.214 0.019 0.766 
1057    (0)   :  0.097 0.013 0.889 
1058    (0)   :  0.107 0.014 0.879 
1059    (0)   :  0.089 0.032 0.879 
1060    (0)   :  0.307 0.059 0.634 
1061    (0)   :  0.674 0.015 0.312 
1062    (0)   :  0.090 0.016 0.894 
1063    (0)   :  0.881 0.025 0.095 
1064    (0)   :  0.184 0.019 0.797 
1065    (0)   :  0.570 0.028 0.403 
1066    (0)   :  0.666 0.037 0.297 
1067    (0)   :  0.096 0.014 0.890 
1068    (0)   :  0.236 0.244 0.520 
1069    (0)   :  0.078 0.012 0.909 
1070    (0)   :  0.225 0.016 0.759 
1071    (0)   :  0.310 0.061 0.629 
1072    (0)   :  0.479 0.030 0.491 
1073    (0)   :  0.096 0.019 0.885 
1074    (0)   :  0.197 0.052 0.750 
1075    (0)   :  0.370 0.037 0.593 
1076    (0)   :  0.194 0.039 0.767 
1077    (0)   :  0.052 0.013 0.935 
1078    (0)   :  0.523 0.021 0.456 
1079    (0)   :  0.127 0.018 0.855 
1080    (0)   :  0.616 0.083 0.301 
1081    (0)   :  0.053 0.013 0.934 
1082    (0)   :  0.514 0.042 0.444 
1083    (0)   :  0.508 0.035 0.457 
1084    (0)   :  0.653 0.049 0.298 
1085    (0)   :  0.120 0.010 0.870 
1086    (0)   :  0.724 0.014 0.262 
1087    (0)   :  0.120 0.010 0.870 
1088    (0)   :  0.218 0.011 0.770 
1089    (0)   :  0.074 0.012 0.915 
1090    (0)   :  0.104 0.015 0.881 
1091    (0)   :  0.151 0.022 0.827 
1092    (0)   :  0.073 0.014 0.912 
1093    (0)   :  0.428 0.044 0.529 
1094    (0)   :  0.108 0.039 0.852 
