

----------------------------------------------------
STRUCTURE by Pritchard, Stephens and Donnelly (2000)
     and Falush, Stephens and Pritchard (2003)
       Code by Pritchard, Falush and Hubisz
             Version 2.3.4 (Jul 2012)
----------------------------------------------------



Command line arguments:   ./structure -K 7 -D 107010 -m brooktrout/mainparams -e brooktrout/extraparams -o brooktrout/250914_output/results_K7_rep10 
Input File:    brooktrout/brooktrout.txt

Run parameters:
   8454 individuals
   5 loci
   7 populations assumed
   50000 Burn-in period
   100000 Reps
RANDOMIZE turned off


--------------------------------------------
Overall proportion of membership of the
sample in each of the 7 clusters

Inferred Clusters
  1      2      3      4      5      6      7    
0.028  0.018  0.086  0.171  0.174  0.241  0.283  

--------------------------------------------

Allele-freq. divergence among pops (Net nucleotide distance),
computed using point estimates of P.

      1       2       3       4       5       6       7      
 1      -    0.1349  0.1236  0.0984  0.1043  0.1707  0.1300  
 2   0.1349     -    0.1041  0.0846  0.1131  0.1033  0.0760  
 3   0.1236  0.1041     -    0.0815  0.0983  0.1625  0.0642  
 4   0.0984  0.0846  0.0815     -    0.0665  0.1052  0.0722  
 5   0.1043  0.1131  0.0983  0.0665     -    0.0990  0.0931  
 6   0.1707  0.1033  0.1625  0.1052  0.0990     -    0.1385  
 7   0.1300  0.0760  0.0642  0.0722  0.0931  0.1385     -    

Average distances (expected heterozygosity) between individuals in same cluster:
cluster  1  : 0.7859 
cluster  2  : 0.8106 
cluster  3  : 0.7748 
cluster  4  : 0.7939 
cluster  5  : 0.8061 
cluster  6  : 0.7233 
cluster  7  : 0.7693 

--------------------------------------------
Estimated Ln Prob of Data   = -205780.9
Mean value of ln likelihood = -171592.3
Variance of ln likelihood   = 68377.3

Mean value of alpha_1       = 0.0641
Mean value of alpha_2       = 0.0446
Mean value of alpha_3       = 0.1988
Mean value of alpha_4       = 0.4115
Mean value of alpha_5       = 0.4369
Mean value of alpha_6       = 0.5822
Mean value of alpha_7       = 0.6805
Allele frequencies uncorrelated


Inferred ancestry of individuals:
     (%Miss) :  Inferred clusters
  1    (0)   :  0.022 0.012 0.057 0.088 0.205 0.323 0.293 
  2    (0)   :  0.012 0.006 0.030 0.666 0.078 0.089 0.119 
  3    (0)   :  0.007 0.022 0.038 0.079 0.192 0.217 0.444 
  4    (0)   :  0.010 0.021 0.055 0.091 0.156 0.534 0.133 
  5    (0)   :  0.018 0.008 0.039 0.608 0.087 0.093 0.148 
  6    (0)   :  0.007 0.018 0.032 0.134 0.063 0.119 0.627 
  7    (0)   :  0.011 0.012 0.268 0.128 0.071 0.098 0.413 
  8    (0)   :  0.010 0.087 0.056 0.078 0.118 0.348 0.302 
  9    (0)   :  0.020 0.057 0.050 0.249 0.136 0.173 0.315 
 10    (0)   :  0.014 0.022 0.057 0.129 0.070 0.261 0.446 
 11    (0)   :  0.020 0.007 0.182 0.120 0.096 0.097 0.479 
 12    (0)   :  0.011 0.010 0.040 0.562 0.095 0.133 0.149 
 13    (0)   :  0.019 0.016 0.056 0.318 0.114 0.171 0.307 
 14    (0)   :  0.009 0.006 0.028 0.254 0.267 0.197 0.239 
 15    (0)   :  0.010 0.011 0.065 0.216 0.170 0.302 0.226 
 16    (0)   :  0.016 0.007 0.038 0.080 0.138 0.141 0.579 
 17    (0)   :  0.018 0.058 0.040 0.244 0.149 0.150 0.341 
 18    (0)   :  0.010 0.033 0.026 0.294 0.103 0.174 0.360 
 19    (0)   :  0.010 0.014 0.042 0.212 0.077 0.140 0.505 
 20    (0)   :  0.013 0.010 0.088 0.256 0.194 0.155 0.285 
 21    (0)   :  0.011 0.008 0.035 0.173 0.230 0.320 0.222 
 22    (0)   :  0.010 0.031 0.026 0.112 0.096 0.194 0.532 
 23    (0)   :  0.034 0.014 0.051 0.151 0.282 0.302 0.167 
 24    (0)   :  0.015 0.010 0.034 0.100 0.154 0.320 0.369 
 25    (0)   :  0.012 0.010 0.073 0.327 0.092 0.075 0.412 
 26    (0)   :  0.011 0.027 0.041 0.238 0.126 0.248 0.309 
 27    (0)   :  0.018 0.013 0.039 0.155 0.198 0.188 0.389 
 28    (0)   :  0.012 0.008 0.113 0.120 0.082 0.404 0.262 
 29    (0)   :  0.022 0.007 0.075 0.263 0.249 0.133 0.252 
 30    (0)   :  0.013 0.012 0.025 0.120 0.134 0.155 0.541 
 31    (0)   :  0.024 0.049 0.056 0.219 0.207 0.219 0.226 
 32    (0)   :  0.009 0.009 0.044 0.197 0.130 0.274 0.338 
 33    (0)   :  0.010 0.010 0.056 0.076 0.237 0.213 0.398 
 34    (0)   :  0.041 0.014 0.105 0.093 0.074 0.150 0.522 
 35    (0)   :  0.035 0.044 0.031 0.189 0.293 0.114 0.294 
 36    (0)   :  0.013 0.006 0.028 0.065 0.558 0.098 0.232 
 37    (0)   :  0.009 0.019 0.046 0.207 0.215 0.291 0.213 
 38    (0)   :  0.032 0.007 0.060 0.082 0.257 0.076 0.486 
 39    (0)   :  0.026 0.012 0.057 0.120 0.260 0.117 0.409 
 40    (0)   :  0.014 0.007 0.024 0.092 0.501 0.167 0.196 
 41    (0)   :  0.049 0.012 0.046 0.060 0.488 0.074 0.271 
 42    (0)   :  0.027 0.007 0.031 0.053 0.399 0.297 0.187 
 43    (0)   :  0.013 0.015 0.048 0.130 0.493 0.141 0.160 
 44    (0)   :  0.013 0.022 0.030 0.097 0.524 0.073 0.241 
 45    (0)   :  0.037 0.007 0.034 0.203 0.372 0.079 0.267 
 46    (0)   :  0.013 0.034 0.042 0.170 0.241 0.107 0.392 
 47    (0)   :  0.024 0.104 0.040 0.222 0.145 0.165 0.300 
 48    (0)   :  0.019 0.028 0.023 0.112 0.517 0.082 0.219 
 49    (0)   :  0.041 0.020 0.041 0.128 0.329 0.134 0.306 
 50    (0)   :  0.018 0.032 0.084 0.136 0.153 0.137 0.440 
 51    (0)   :  0.017 0.005 0.023 0.053 0.711 0.069 0.123 
 52    (0)   :  0.032 0.019 0.055 0.089 0.276 0.144 0.384 
 53    (0)   :  0.015 0.011 0.047 0.062 0.190 0.141 0.534 
 54    (0)   :  0.020 0.019 0.033 0.407 0.202 0.178 0.142 
 55    (0)   :  0.014 0.014 0.033 0.194 0.494 0.114 0.138 
 56    (0)   :  0.029 0.018 0.027 0.116 0.405 0.137 0.269 
 57    (0)   :  0.020 0.062 0.058 0.175 0.076 0.300 0.309 
 58    (0)   :  0.028 0.008 0.036 0.155 0.445 0.126 0.203 
 59    (0)   :  0.062 0.009 0.041 0.108 0.386 0.110 0.284 
 60    (0)   :  0.009 0.006 0.029 0.068 0.587 0.165 0.136 
 61    (0)   :  0.012 0.006 0.028 0.245 0.418 0.199 0.091 
 62    (0)   :  0.090 0.039 0.039 0.308 0.107 0.133 0.284 
 63    (0)   :  0.011 0.006 0.067 0.109 0.427 0.173 0.206 
 64    (0)   :  0.018 0.012 0.036 0.183 0.120 0.092 0.539 
 65    (0)   :  0.014 0.009 0.134 0.334 0.123 0.074 0.312 
 66    (0)   :  0.012 0.007 0.072 0.277 0.210 0.266 0.155 
 67    (0)   :  0.014 0.012 0.036 0.277 0.422 0.095 0.143 
 68    (0)   :  0.049 0.011 0.041 0.104 0.385 0.134 0.275 
 69    (0)   :  0.111 0.012 0.102 0.081 0.162 0.176 0.356 
 70    (0)   :  0.009 0.005 0.054 0.051 0.597 0.114 0.170 
 71    (0)   :  0.051 0.007 0.042 0.120 0.477 0.065 0.239 
 72    (0)   :  0.010 0.011 0.037 0.083 0.334 0.092 0.434 
 73    (0)   :  0.056 0.007 0.048 0.283 0.377 0.082 0.148 
 74    (0)   :  0.012 0.007 0.026 0.065 0.486 0.158 0.246 
 75    (0)   :  0.016 0.008 0.023 0.076 0.502 0.208 0.166 
 76    (0)   :  0.008 0.010 0.073 0.131 0.455 0.106 0.217 
 77    (0)   :  0.047 0.006 0.051 0.105 0.431 0.072 0.288 
 78    (0)   :  0.055 0.006 0.053 0.079 0.406 0.075 0.325 
 79    (0)   :  0.012 0.007 0.087 0.304 0.070 0.109 0.411 
 80    (0)   :  0.009 0.009 0.075 0.121 0.065 0.550 0.170 
 81    (0)   :  0.007 0.009 0.103 0.168 0.054 0.427 0.231 
 82    (0)   :  0.021 0.007 0.055 0.248 0.302 0.201 0.165 
 83    (0)   :  0.007 0.007 0.090 0.127 0.108 0.334 0.326 
 84    (0)   :  0.008 0.007 0.094 0.154 0.091 0.303 0.344 
 85    (0)   :  0.008 0.007 0.038 0.137 0.100 0.356 0.354 
 86    (0)   :  0.017 0.011 0.045 0.400 0.212 0.107 0.208 
 87    (0)   :  0.010 0.008 0.256 0.176 0.127 0.122 0.301 
 88    (0)   :  0.009 0.008 0.109 0.225 0.129 0.344 0.176 
 89    (0)   :  0.007 0.010 0.070 0.244 0.085 0.411 0.172 
 90    (0)   :  0.010 0.007 0.181 0.328 0.093 0.128 0.253 
 91    (0)   :  0.006 0.007 0.045 0.092 0.108 0.509 0.233 
 92    (0)   :  0.010 0.009 0.077 0.356 0.111 0.177 0.260 
 93    (0)   :  0.008 0.006 0.029 0.071 0.072 0.705 0.108 
 94    (0)   :  0.008 0.006 0.384 0.060 0.104 0.104 0.335 
 95    (0)   :  0.008 0.007 0.266 0.200 0.105 0.251 0.163 
 96    (0)   :  0.011 0.006 0.031 0.164 0.414 0.278 0.095 
 97    (0)   :  0.014 0.009 0.024 0.121 0.365 0.238 0.229 
 98    (0)   :  0.018 0.005 0.028 0.193 0.377 0.140 0.237 
 99    (0)   :  0.008 0.007 0.108 0.238 0.074 0.265 0.301 
100    (0)   :  0.010 0.008 0.027 0.192 0.088 0.585 0.090 
101    (0)   :  0.010 0.011 0.145 0.226 0.215 0.168 0.225 
102    (0)   :  0.020 0.008 0.086 0.093 0.215 0.387 0.192 
103    (0)   :  0.011 0.008 0.120 0.411 0.114 0.207 0.129 
104    (0)   :  0.011 0.007 0.366 0.188 0.109 0.135 0.184 
105    (0)   :  0.035 0.008 0.265 0.258 0.122 0.196 0.116 
106    (0)   :  0.009 0.007 0.199 0.121 0.111 0.058 0.496 
107    (0)   :  0.015 0.011 0.284 0.242 0.119 0.193 0.136 
108    (0)   :  0.008 0.005 0.031 0.285 0.370 0.088 0.212 
109    (0)   :  0.167 0.008 0.101 0.191 0.143 0.062 0.329 
110    (0)   :  0.011 0.007 0.383 0.073 0.087 0.068 0.370 
111    (0)   :  0.020 0.006 0.564 0.141 0.074 0.087 0.108 
112    (0)   :  0.259 0.005 0.335 0.066 0.103 0.068 0.164 
113    (0)   :  0.015 0.010 0.065 0.316 0.216 0.147 0.231 
114    (0)   :  0.025 0.006 0.326 0.210 0.091 0.166 0.176 
115    (0)   :  0.020 0.012 0.251 0.129 0.339 0.096 0.153 
116    (0)   :  0.018 0.008 0.106 0.141 0.311 0.063 0.352 
117    (0)   :  0.037 0.013 0.386 0.077 0.112 0.083 0.292 
118    (0)   :  0.022 0.006 0.076 0.581 0.117 0.082 0.116 
119    (0)   :  0.008 0.005 0.044 0.097 0.436 0.273 0.138 
120    (0)   :  0.054 0.009 0.254 0.171 0.185 0.122 0.205 
121    (0)   :  0.050 0.067 0.257 0.096 0.302 0.073 0.154 
122    (0)   :  0.024 0.005 0.170 0.169 0.093 0.084 0.455 
123    (0)   :  0.013 0.007 0.408 0.120 0.127 0.118 0.207 
124    (0)   :  0.034 0.027 0.186 0.137 0.253 0.080 0.283 
125    (0)   :  0.053 0.009 0.108 0.080 0.170 0.095 0.484 
126    (0)   :  0.009 0.005 0.148 0.108 0.290 0.121 0.319 
127    (0)   :  0.015 0.009 0.570 0.127 0.090 0.094 0.096 
128    (0)   :  0.018 0.005 0.048 0.624 0.111 0.082 0.112 
129    (0)   :  0.012 0.010 0.236 0.436 0.112 0.075 0.118 
130    (0)   :  0.041 0.011 0.279 0.235 0.075 0.169 0.191 
131    (0)   :  0.050 0.019 0.201 0.088 0.222 0.067 0.353 
132    (0)   :  0.013 0.007 0.170 0.286 0.107 0.066 0.352 
133    (0)   :  0.013 0.009 0.367 0.239 0.120 0.114 0.139 
134    (0)   :  0.019 0.005 0.469 0.094 0.065 0.051 0.298 
135    (0)   :  0.025 0.009 0.025 0.106 0.260 0.477 0.099 
136    (0)   :  0.012 0.009 0.021 0.078 0.061 0.701 0.118 
137    (0)   :  0.025 0.007 0.052 0.059 0.060 0.698 0.100 
138    (0)   :  0.007 0.007 0.021 0.056 0.080 0.724 0.105 
139    (0)   :  0.014 0.007 0.025 0.266 0.205 0.348 0.135 
140    (0)   :  0.010 0.007 0.033 0.113 0.182 0.463 0.192 
141    (0)   :  0.014 0.008 0.022 0.091 0.078 0.602 0.185 
142    (0)   :  0.022 0.007 0.024 0.111 0.280 0.462 0.094 
143    (0)   :  0.007 0.006 0.021 0.054 0.063 0.772 0.078 
144    (0)   :  0.024 0.007 0.051 0.059 0.066 0.702 0.090 
145    (0)   :  0.019 0.011 0.022 0.113 0.113 0.531 0.191 
146    (0)   :  0.011 0.014 0.050 0.101 0.126 0.492 0.207 
147    (0)   :  0.007 0.007 0.021 0.052 0.053 0.775 0.084 
148    (0)   :  0.021 0.007 0.036 0.126 0.142 0.523 0.145 
149    (0)   :  0.013 0.007 0.021 0.069 0.132 0.647 0.111 
150    (0)   :  0.030 0.009 0.075 0.103 0.088 0.566 0.130 
151    (0)   :  0.008 0.008 0.029 0.078 0.082 0.698 0.098 
152    (0)   :  0.016 0.008 0.029 0.099 0.196 0.482 0.170 
153    (0)   :  0.010 0.007 0.028 0.056 0.136 0.631 0.132 
154    (0)   :  0.012 0.009 0.022 0.097 0.093 0.654 0.112 
155    (0)   :  0.007 0.007 0.030 0.070 0.071 0.723 0.093 
156    (0)   :  0.012 0.006 0.032 0.076 0.212 0.582 0.081 
157    (0)   :  0.007 0.005 0.075 0.065 0.079 0.617 0.151 
158    (0)   :  0.018 0.010 0.022 0.086 0.093 0.582 0.188 
159    (0)   :  0.009 0.007 0.022 0.061 0.052 0.766 0.083 
160    (0)   :  0.009 0.009 0.021 0.073 0.054 0.750 0.084 
161    (0)   :  0.010 0.006 0.031 0.073 0.126 0.587 0.166 
162    (0)   :  0.011 0.023 0.046 0.145 0.135 0.438 0.202 
163    (0)   :  0.007 0.006 0.027 0.057 0.097 0.721 0.085 
164    (0)   :  0.009 0.014 0.037 0.208 0.092 0.490 0.150 
165    (0)   :  0.029 0.009 0.074 0.081 0.084 0.609 0.114 
166    (0)   :  0.007 0.006 0.061 0.082 0.170 0.498 0.175 
167    (0)   :  0.010 0.032 0.038 0.102 0.065 0.603 0.149 
168    (0)   :  0.008 0.007 0.024 0.062 0.132 0.599 0.168 
169    (0)   :  0.023 0.013 0.022 0.082 0.113 0.405 0.342 
170    (0)   :  0.009 0.006 0.029 0.100 0.192 0.564 0.099 
171    (0)   :  0.009 0.007 0.026 0.128 0.129 0.509 0.192 
172    (0)   :  0.023 0.007 0.021 0.067 0.246 0.448 0.188 
173    (0)   :  0.008 0.008 0.021 0.091 0.061 0.727 0.083 
174    (0)   :  0.007 0.008 0.029 0.076 0.060 0.713 0.107 
175    (0)   :  0.009 0.008 0.021 0.065 0.075 0.709 0.113 
176    (0)   :  0.024 0.007 0.051 0.059 0.066 0.702 0.092 
177    (0)   :  0.009 0.008 0.067 0.072 0.108 0.513 0.224 
178    (0)   :  0.008 0.009 0.030 0.098 0.062 0.630 0.163 
179    (0)   :  0.006 0.006 0.021 0.064 0.053 0.765 0.085 
180    (0)   :  0.012 0.017 0.035 0.085 0.116 0.566 0.168 
181    (0)   :  0.014 0.009 0.023 0.104 0.131 0.594 0.126 
182    (0)   :  0.010 0.010 0.022 0.111 0.094 0.675 0.078 
183    (0)   :  0.007 0.007 0.021 0.070 0.066 0.742 0.087 
184    (0)   :  0.009 0.011 0.029 0.617 0.095 0.093 0.146 
185    (0)   :  0.013 0.006 0.019 0.055 0.187 0.651 0.067 
186    (0)   :  0.007 0.010 0.045 0.591 0.097 0.089 0.160 
187    (0)   :  0.007 0.006 0.031 0.420 0.097 0.322 0.117 
188    (0)   :  0.008 0.008 0.032 0.674 0.082 0.071 0.125 
189    (0)   :  0.008 0.007 0.028 0.128 0.156 0.346 0.327 
190    (0)   :  0.013 0.005 0.020 0.134 0.445 0.319 0.064 
191    (0)   :  0.010 0.005 0.022 0.660 0.065 0.138 0.100 
192    (0)   :  0.008 0.006 0.044 0.391 0.090 0.315 0.145 
193    (0)   :  0.016 0.006 0.026 0.331 0.148 0.297 0.175 
194    (0)   :  0.008 0.008 0.044 0.291 0.197 0.312 0.138 
195    (0)   :  0.008 0.007 0.020 0.281 0.161 0.449 0.074 
196    (0)   :  0.012 0.005 0.030 0.248 0.351 0.261 0.092 
197    (0)   :  0.010 0.012 0.052 0.331 0.152 0.210 0.233 
198    (0)   :  0.009 0.006 0.036 0.253 0.180 0.236 0.280 
199    (0)   :  0.013 0.007 0.030 0.174 0.473 0.209 0.095 
200    (0)   :  0.028 0.006 0.026 0.247 0.279 0.247 0.168 
201    (0)   :  0.007 0.006 0.025 0.216 0.120 0.533 0.092 
202    (0)   :  0.010 0.006 0.032 0.113 0.238 0.526 0.076 
203    (0)   :  0.011 0.006 0.024 0.302 0.089 0.489 0.080 
204    (0)   :  0.008 0.006 0.021 0.495 0.159 0.236 0.074 
205    (0)   :  0.008 0.006 0.025 0.477 0.190 0.179 0.114 
206    (0)   :  0.008 0.008 0.022 0.565 0.110 0.205 0.082 
207    (0)   :  0.014 0.006 0.029 0.524 0.202 0.143 0.081 
208    (0)   :  0.009 0.006 0.024 0.377 0.148 0.350 0.087 
209    (0)   :  0.015 0.006 0.024 0.499 0.115 0.221 0.120 
210    (0)   :  0.008 0.006 0.027 0.521 0.120 0.229 0.088 
211    (0)   :  0.033 0.009 0.047 0.215 0.392 0.224 0.079 
212    (0)   :  0.010 0.006 0.020 0.114 0.150 0.579 0.120 
213    (0)   :  0.010 0.006 0.053 0.232 0.382 0.166 0.151 
214    (0)   :  0.012 0.006 0.025 0.169 0.132 0.563 0.092 
215    (0)   :  0.010 0.005 0.027 0.612 0.130 0.118 0.098 
216    (0)   :  0.010 0.013 0.037 0.490 0.129 0.133 0.189 
217    (0)   :  0.009 0.007 0.024 0.205 0.173 0.476 0.107 
218    (0)   :  0.008 0.007 0.029 0.562 0.102 0.182 0.110 
219    (0)   :  0.007 0.019 0.033 0.316 0.108 0.297 0.220 
220    (0)   :  0.008 0.005 0.022 0.658 0.086 0.139 0.081 
221    (0)   :  0.010 0.006 0.020 0.073 0.199 0.622 0.071 
222    (0)   :  0.008 0.015 0.038 0.396 0.112 0.194 0.237 
223    (0)   :  0.007 0.007 0.034 0.251 0.125 0.420 0.156 
224    (0)   :  0.008 0.007 0.024 0.386 0.092 0.396 0.086 
225    (0)   :  0.009 0.006 0.027 0.431 0.186 0.243 0.098 
226    (0)   :  0.011 0.008 0.034 0.330 0.164 0.218 0.235 
227    (0)   :  0.009 0.007 0.034 0.260 0.301 0.307 0.081 
228    (0)   :  0.015 0.007 0.019 0.219 0.271 0.400 0.069 
229    (0)   :  0.008 0.008 0.026 0.403 0.067 0.399 0.090 
230    (0)   :  0.009 0.007 0.024 0.477 0.076 0.326 0.081 
231    (0)   :  0.010 0.007 0.022 0.446 0.071 0.331 0.113 
232    (0)   :  0.011 0.008 0.039 0.221 0.216 0.329 0.175 
233    (0)   :  0.010 0.006 0.026 0.168 0.095 0.602 0.093 
234    (0)   :  0.010 0.006 0.034 0.410 0.097 0.255 0.188 
235    (0)   :  0.008 0.008 0.027 0.249 0.184 0.368 0.156 
236    (0)   :  0.011 0.006 0.031 0.283 0.105 0.440 0.124 
237    (0)   :  0.015 0.006 0.025 0.518 0.189 0.158 0.089 
238    (0)   :  0.010 0.006 0.035 0.163 0.147 0.523 0.116 
239    (0)   :  0.008 0.007 0.021 0.281 0.161 0.448 0.075 
240    (0)   :  0.010 0.006 0.035 0.164 0.149 0.521 0.115 
241    (0)   :  0.009 0.008 0.024 0.146 0.159 0.561 0.093 
242    (0)   :  0.010 0.008 0.024 0.377 0.125 0.266 0.191 
243    (0)   :  0.016 0.005 0.024 0.281 0.313 0.289 0.072 
244    (0)   :  0.011 0.006 0.024 0.361 0.088 0.427 0.082 
245    (0)   :  0.007 0.006 0.027 0.084 0.139 0.649 0.088 
246    (0)   :  0.009 0.007 0.024 0.207 0.170 0.477 0.107 
247    (0)   :  0.009 0.005 0.075 0.369 0.215 0.089 0.238 
248    (0)   :  0.011 0.005 0.031 0.624 0.140 0.093 0.096 
249    (0)   :  0.011 0.007 0.028 0.299 0.111 0.450 0.093 
250    (0)   :  0.010 0.007 0.032 0.419 0.083 0.333 0.116 
251    (0)   :  0.020 0.006 0.034 0.328 0.173 0.177 0.262 
252    (0)   :  0.007 0.007 0.028 0.357 0.158 0.331 0.112 
253    (0)   :  0.009 0.006 0.052 0.266 0.362 0.142 0.164 
254    (0)   :  0.008 0.012 0.032 0.477 0.113 0.195 0.164 
255    (0)   :  0.011 0.007 0.025 0.418 0.098 0.294 0.148 
256    (0)   :  0.012 0.007 0.027 0.251 0.204 0.395 0.104 
257    (0)   :  0.011 0.015 0.041 0.433 0.149 0.239 0.111 
258    (0)   :  0.012 0.005 0.033 0.337 0.277 0.185 0.151 
259    (0)   :  0.009 0.007 0.030 0.523 0.104 0.225 0.102 
260    (0)   :  0.008 0.014 0.039 0.270 0.089 0.373 0.207 
261    (0)   :  0.008 0.006 0.026 0.204 0.200 0.446 0.110 
262    (0)   :  0.010 0.006 0.020 0.139 0.307 0.441 0.078 
263    (0)   :  0.010 0.010 0.026 0.634 0.103 0.120 0.098 
264    (0)   :  0.010 0.023 0.032 0.354 0.115 0.077 0.388 
265    (0)   :  0.008 0.007 0.027 0.432 0.121 0.260 0.146 
266    (0)   :  0.009 0.006 0.020 0.083 0.163 0.647 0.071 
267    (0)   :  0.017 0.007 0.032 0.362 0.157 0.301 0.125 
268    (0)   :  0.013 0.005 0.030 0.249 0.348 0.262 0.093 
269    (0)   :  0.009 0.007 0.029 0.256 0.101 0.304 0.295 
270    (0)   :  0.010 0.011 0.035 0.550 0.104 0.132 0.159 
271    (0)   :  0.013 0.006 0.033 0.473 0.190 0.161 0.124 
272    (0)   :  0.016 0.007 0.036 0.346 0.245 0.173 0.178 
273    (0)   :  0.028 0.053 0.056 0.290 0.108 0.283 0.183 
274    (0)   :  0.009 0.007 0.030 0.455 0.135 0.196 0.167 
275    (0)   :  0.017 0.010 0.030 0.462 0.113 0.219 0.148 
276    (0)   :  0.019 0.008 0.039 0.271 0.367 0.143 0.152 
277    (0)   :  0.008 0.008 0.033 0.311 0.119 0.359 0.162 
278    (0)   :  0.012 0.005 0.027 0.515 0.189 0.153 0.099 
279    (0)   :  0.010 0.006 0.031 0.413 0.135 0.267 0.138 
280    (0)   :  0.010 0.008 0.027 0.315 0.193 0.234 0.213 
281    (0)   :  0.008 0.007 0.036 0.479 0.127 0.198 0.145 
282    (0)   :  0.009 0.006 0.032 0.210 0.086 0.512 0.145 
283    (0)   :  0.008 0.007 0.032 0.203 0.090 0.559 0.102 
284    (0)   :  0.014 0.005 0.049 0.298 0.156 0.334 0.143 
285    (0)   :  0.015 0.005 0.029 0.525 0.213 0.072 0.140 
286    (0)   :  0.011 0.006 0.024 0.364 0.090 0.424 0.081 
287    (0)   :  0.007 0.008 0.036 0.353 0.113 0.264 0.219 
288    (0)   :  0.010 0.007 0.029 0.511 0.123 0.154 0.164 
289    (0)   :  0.014 0.009 0.050 0.485 0.152 0.145 0.145 
290    (0)   :  0.028 0.017 0.029 0.221 0.306 0.178 0.221 
291    (0)   :  0.012 0.006 0.033 0.480 0.186 0.161 0.121 
292    (0)   :  0.009 0.007 0.025 0.176 0.324 0.285 0.174 
293    (0)   :  0.024 0.009 0.029 0.162 0.346 0.118 0.311 
294    (0)   :  0.009 0.013 0.024 0.561 0.171 0.115 0.108 
295    (0)   :  0.025 0.008 0.043 0.260 0.295 0.193 0.175 
296    (0)   :  0.010 0.006 0.030 0.577 0.135 0.149 0.093 
297    (0)   :  0.009 0.008 0.028 0.427 0.139 0.159 0.230 
298    (0)   :  0.007 0.007 0.035 0.330 0.072 0.407 0.141 
299    (0)   :  0.007 0.013 0.026 0.638 0.074 0.129 0.114 
300    (0)   :  0.011 0.006 0.023 0.586 0.147 0.106 0.121 
301    (0)   :  0.011 0.011 0.031 0.523 0.108 0.132 0.184 
302    (0)   :  0.014 0.012 0.027 0.469 0.238 0.130 0.110 
303    (0)   :  0.012 0.007 0.025 0.291 0.125 0.407 0.132 
304    (0)   :  0.011 0.015 0.053 0.151 0.083 0.429 0.258 
305    (0)   :  0.011 0.007 0.021 0.360 0.176 0.340 0.086 
306    (0)   :  0.009 0.008 0.027 0.180 0.166 0.475 0.136 
307    (0)   :  0.010 0.008 0.035 0.350 0.135 0.318 0.143 
308    (0)   :  0.007 0.006 0.027 0.199 0.200 0.449 0.112 
309    (0)   :  0.025 0.018 0.043 0.593 0.100 0.131 0.090 
310    (0)   :  0.012 0.006 0.023 0.279 0.208 0.388 0.084 
311    (0)   :  0.009 0.007 0.024 0.474 0.077 0.327 0.082 
312    (0)   :  0.009 0.005 0.029 0.613 0.125 0.140 0.079 
313    (0)   :  0.011 0.006 0.027 0.485 0.289 0.100 0.082 
314    (0)   :  0.009 0.006 0.020 0.049 0.084 0.753 0.078 
315    (0)   :  0.007 0.005 0.024 0.048 0.116 0.682 0.118 
316    (0)   :  0.009 0.009 0.029 0.055 0.079 0.672 0.148 
317    (0)   :  0.008 0.006 0.021 0.050 0.054 0.777 0.083 
318    (0)   :  0.008 0.006 0.021 0.049 0.044 0.782 0.089 
319    (0)   :  0.007 0.007 0.020 0.059 0.061 0.768 0.078 
320    (0)   :  0.009 0.006 0.020 0.049 0.086 0.753 0.078 
321    (0)   :  0.009 0.006 0.021 0.050 0.051 0.772 0.092 
322    (0)   :  0.009 0.009 0.028 0.056 0.113 0.653 0.130 
323    (0)   :  0.007 0.019 0.022 0.052 0.048 0.768 0.084 
324    (0)   :  0.009 0.006 0.021 0.049 0.051 0.773 0.091 
325    (0)   :  0.008 0.006 0.026 0.049 0.070 0.693 0.148 
326    (0)   :  0.013 0.015 0.030 0.050 0.074 0.673 0.145 
327    (0)   :  0.009 0.006 0.021 0.050 0.055 0.776 0.084 
328    (0)   :  0.007 0.006 0.025 0.055 0.097 0.679 0.130 
329    (0)   :  0.006 0.006 0.021 0.048 0.046 0.790 0.083 
330    (0)   :  0.009 0.006 0.021 0.051 0.055 0.776 0.083 
331    (0)   :  0.006 0.006 0.020 0.053 0.046 0.787 0.082 
332    (0)   :  0.009 0.024 0.027 0.048 0.071 0.667 0.153 
333    (0)   :  0.010 0.014 0.029 0.055 0.085 0.678 0.130 
334    (0)   :  0.007 0.006 0.025 0.054 0.096 0.680 0.131 
335    (0)   :  0.007 0.006 0.025 0.050 0.100 0.692 0.120 
336    (0)   :  0.010 0.021 0.021 0.047 0.066 0.748 0.087 
337    (0)   :  0.009 0.006 0.025 0.050 0.086 0.675 0.148 
338    (0)   :  0.009 0.007 0.022 0.050 0.044 0.777 0.092 
339    (0)   :  0.006 0.006 0.020 0.053 0.047 0.784 0.084 
340    (0)   :  0.006 0.006 0.020 0.054 0.050 0.787 0.077 
341    (0)   :  0.009 0.019 0.023 0.059 0.051 0.755 0.084 
342    (0)   :  0.009 0.006 0.021 0.050 0.054 0.777 0.083 
343    (0)   :  0.008 0.015 0.025 0.047 0.159 0.630 0.117 
344    (0)   :  0.006 0.006 0.021 0.048 0.044 0.791 0.083 
345    (0)   :  0.009 0.006 0.021 0.049 0.055 0.777 0.083 
346    (0)   :  0.007 0.006 0.021 0.050 0.047 0.787 0.082 
347    (0)   :  0.006 0.006 0.020 0.049 0.047 0.795 0.077 
348    (0)   :  0.007 0.005 0.022 0.049 0.171 0.641 0.104 
349    (0)   :  0.009 0.006 0.021 0.050 0.055 0.776 0.084 
350    (0)   :  0.007 0.006 0.020 0.056 0.072 0.762 0.078 
351    (0)   :  0.007 0.006 0.025 0.050 0.101 0.692 0.119 
352    (0)   :  0.009 0.006 0.026 0.051 0.096 0.681 0.131 
353    (0)   :  0.010 0.020 0.022 0.046 0.066 0.749 0.087 
354    (0)   :  0.007 0.009 0.022 0.052 0.046 0.778 0.086 
355    (0)   :  0.008 0.006 0.021 0.049 0.044 0.781 0.090 
356    (0)   :  0.007 0.005 0.023 0.048 0.190 0.624 0.102 
357    (0)   :  0.008 0.006 0.025 0.071 0.074 0.473 0.342 
358    (0)   :  0.007 0.007 0.027 0.050 0.073 0.701 0.136 
359    (0)   :  0.007 0.007 0.021 0.053 0.047 0.780 0.085 
360    (0)   :  0.008 0.006 0.021 0.049 0.046 0.787 0.083 
361    (0)   :  0.010 0.006 0.025 0.075 0.103 0.438 0.343 
362    (0)   :  0.012 0.007 0.055 0.243 0.121 0.120 0.443 
363    (0)   :  0.013 0.010 0.086 0.152 0.125 0.083 0.533 
364    (0)   :  0.024 0.051 0.048 0.167 0.121 0.327 0.261 
365    (0)   :  0.047 0.027 0.039 0.147 0.096 0.100 0.545 
366    (0)   :  0.022 0.008 0.029 0.134 0.291 0.171 0.346 
367    (0)   :  0.010 0.006 0.283 0.081 0.066 0.060 0.495 
368    (0)   :  0.010 0.007 0.063 0.490 0.079 0.106 0.245 
369    (0)   :  0.028 0.013 0.033 0.118 0.283 0.251 0.274 
370    (0)   :  0.021 0.022 0.194 0.359 0.106 0.122 0.176 
371    (0)   :  0.027 0.018 0.042 0.311 0.133 0.168 0.302 
372    (0)   :  0.037 0.066 0.087 0.479 0.083 0.124 0.125 
373    (0)   :  0.021 0.009 0.149 0.171 0.107 0.180 0.364 
374    (0)   :  0.036 0.008 0.045 0.124 0.089 0.316 0.382 
375    (0)   :  0.018 0.031 0.091 0.243 0.065 0.076 0.476 
376    (0)   :  0.011 0.152 0.051 0.057 0.069 0.070 0.589 
377    (0)   :  0.015 0.010 0.043 0.313 0.127 0.114 0.379 
378    (0)   :  0.013 0.006 0.392 0.104 0.084 0.256 0.145 
379    (0)   :  0.016 0.274 0.073 0.064 0.086 0.062 0.424 
380    (0)   :  0.020 0.022 0.026 0.107 0.154 0.218 0.452 
381    (0)   :  0.017 0.021 0.023 0.064 0.191 0.191 0.493 
382    (0)   :  0.010 0.006 0.068 0.119 0.063 0.094 0.639 
383    (0)   :  0.022 0.047 0.028 0.132 0.068 0.209 0.495 
384    (0)   :  0.030 0.148 0.086 0.138 0.067 0.154 0.377 
385    (0)   :  0.335 0.009 0.033 0.156 0.052 0.222 0.193 
386    (0)   :  0.010 0.005 0.064 0.104 0.090 0.084 0.644 
387    (0)   :  0.012 0.006 0.075 0.104 0.107 0.104 0.593 
388    (0)   :  0.045 0.024 0.064 0.214 0.066 0.268 0.319 
389    (0)   :  0.115 0.012 0.045 0.399 0.209 0.098 0.122 
390    (0)   :  0.034 0.026 0.184 0.082 0.265 0.077 0.332 
391    (0)   :  0.102 0.021 0.112 0.170 0.259 0.131 0.205 
392    (0)   :  0.008 0.013 0.049 0.124 0.087 0.173 0.544 
393    (0)   :  0.030 0.013 0.040 0.068 0.182 0.153 0.514 
394    (0)   :  0.007 0.006 0.082 0.117 0.083 0.298 0.407 
395    (0)   :  0.010 0.005 0.056 0.181 0.337 0.092 0.319 
396    (0)   :  0.009 0.008 0.063 0.188 0.075 0.064 0.593 
397    (0)   :  0.008 0.195 0.033 0.270 0.123 0.196 0.176 
398    (0)   :  0.008 0.043 0.089 0.064 0.087 0.068 0.641 
399    (0)   :  0.020 0.005 0.361 0.096 0.178 0.091 0.249 
400    (0)   :  0.012 0.010 0.094 0.067 0.102 0.127 0.586 
401    (0)   :  0.013 0.006 0.186 0.090 0.263 0.125 0.318 
402    (0)   :  0.014 0.012 0.076 0.217 0.228 0.129 0.324 
403    (0)   :  0.031 0.013 0.067 0.140 0.097 0.426 0.226 
404    (0)   :  0.023 0.013 0.046 0.240 0.098 0.164 0.417 
405    (0)   :  0.009 0.006 0.036 0.175 0.158 0.142 0.473 
406    (0)   :  0.009 0.005 0.025 0.067 0.475 0.144 0.273 
407    (0)   :  0.008 0.005 0.033 0.080 0.068 0.065 0.741 
408    (0)   :  0.008 0.005 0.182 0.182 0.385 0.060 0.177 
409    (0)   :  0.035 0.013 0.050 0.065 0.328 0.268 0.242 
410    (0)   :  0.017 0.110 0.124 0.088 0.117 0.137 0.408 
411    (0)   :  0.009 0.050 0.050 0.077 0.152 0.187 0.474 
412    (0)   :  0.011 0.007 0.073 0.380 0.073 0.096 0.361 
413    (0)   :  0.008 0.006 0.084 0.227 0.087 0.224 0.363 
414    (0)   :  0.022 0.005 0.128 0.356 0.078 0.067 0.343 
415    (0)   :  0.011 0.008 0.041 0.079 0.178 0.095 0.587 
416    (0)   :  0.051 0.009 0.070 0.110 0.166 0.146 0.449 
417    (0)   :  0.008 0.007 0.046 0.091 0.070 0.076 0.701 
418    (0)   :  0.008 0.010 0.146 0.168 0.061 0.073 0.535 
419    (0)   :  0.041 0.016 0.081 0.120 0.174 0.248 0.320 
420    (0)   :  0.012 0.005 0.142 0.071 0.413 0.073 0.285 
421    (0)   :  0.009 0.008 0.063 0.180 0.089 0.083 0.569 
422    (0)   :  0.011 0.009 0.031 0.266 0.223 0.098 0.362 
423    (0)   :  0.009 0.015 0.049 0.182 0.122 0.124 0.500 
424    (0)   :  0.020 0.012 0.266 0.079 0.240 0.118 0.266 
425    (0)   :  0.073 0.037 0.060 0.221 0.086 0.156 0.368 
426    (0)   :  0.039 0.043 0.239 0.122 0.100 0.151 0.306 
427    (0)   :  0.009 0.006 0.073 0.053 0.073 0.173 0.613 
428    (0)   :  0.011 0.035 0.036 0.121 0.209 0.207 0.380 
429    (0)   :  0.008 0.007 0.090 0.078 0.056 0.060 0.700 
430    (0)   :  0.011 0.006 0.043 0.099 0.085 0.075 0.681 
431    (0)   :  0.017 0.013 0.179 0.260 0.104 0.141 0.286 
432    (0)   :  0.010 0.008 0.078 0.383 0.104 0.120 0.297 
433    (0)   :  0.009 0.017 0.066 0.245 0.144 0.357 0.163 
434    (0)   :  0.017 0.009 0.034 0.214 0.135 0.192 0.400 
435    (0)   :  0.007 0.005 0.043 0.067 0.092 0.066 0.720 
436    (0)   :  0.011 0.009 0.163 0.039 0.128 0.111 0.538 
437    (0)   :  0.007 0.012 0.030 0.092 0.067 0.074 0.718 
438    (0)   :  0.011 0.007 0.086 0.051 0.413 0.111 0.321 
439    (0)   :  0.010 0.006 0.056 0.047 0.078 0.087 0.717 
440    (0)   :  0.008 0.005 0.054 0.054 0.081 0.055 0.742 
441    (0)   :  0.011 0.007 0.047 0.075 0.103 0.152 0.605 
442    (0)   :  0.031 0.008 0.053 0.100 0.139 0.080 0.589 
443    (0)   :  0.013 0.005 0.298 0.058 0.306 0.065 0.255 
444    (0)   :  0.025 0.007 0.044 0.083 0.151 0.078 0.613 
445    (0)   :  0.030 0.063 0.042 0.056 0.297 0.167 0.345 
446    (0)   :  0.011 0.053 0.222 0.044 0.087 0.075 0.508 
447    (0)   :  0.030 0.008 0.040 0.077 0.214 0.139 0.493 
448    (0)   :  0.008 0.006 0.036 0.093 0.103 0.078 0.675 
449    (0)   :  0.009 0.007 0.038 0.101 0.126 0.126 0.592 
450    (0)   :  0.012 0.014 0.056 0.075 0.059 0.135 0.650 
451    (0)   :  0.009 0.007 0.183 0.209 0.143 0.057 0.392 
452    (0)   :  0.009 0.008 0.051 0.064 0.061 0.116 0.691 
453    (0)   :  0.016 0.006 0.061 0.077 0.598 0.096 0.147 
454    (0)   :  0.009 0.006 0.048 0.082 0.083 0.138 0.634 
455    (0)   :  0.011 0.005 0.082 0.049 0.248 0.071 0.534 
456    (0)   :  0.012 0.007 0.052 0.067 0.273 0.067 0.523 
457    (0)   :  0.007 0.007 0.027 0.071 0.072 0.080 0.736 
458    (0)   :  0.014 0.055 0.073 0.055 0.082 0.086 0.635 
459    (0)   :  0.012 0.006 0.135 0.045 0.143 0.157 0.502 
460    (0)   :  0.010 0.005 0.185 0.048 0.098 0.071 0.583 
461    (0)   :  0.009 0.008 0.379 0.052 0.058 0.072 0.422 
462    (0)   :  0.102 0.010 0.113 0.129 0.155 0.053 0.438 
463    (0)   :  0.011 0.005 0.039 0.070 0.525 0.091 0.259 
464    (0)   :  0.009 0.005 0.121 0.057 0.214 0.068 0.527 
465    (0)   :  0.012 0.009 0.193 0.097 0.202 0.090 0.397 
466    (0)   :  0.008 0.005 0.069 0.076 0.424 0.068 0.350 
467    (0)   :  0.027 0.007 0.115 0.096 0.214 0.113 0.427 
468    (0)   :  0.008 0.006 0.026 0.059 0.178 0.069 0.655 
469    (0)   :  0.009 0.006 0.036 0.045 0.081 0.074 0.750 
470    (0)   :  0.007 0.005 0.067 0.054 0.080 0.068 0.719 
471    (0)   :  0.025 0.008 0.081 0.128 0.276 0.083 0.400 
472    (0)   :  0.018 0.009 0.060 0.107 0.250 0.086 0.470 
473    (0)   :  0.009 0.007 0.033 0.140 0.127 0.122 0.562 
474    (0)   :  0.011 0.007 0.051 0.064 0.129 0.122 0.616 
475    (0)   :  0.009 0.007 0.128 0.088 0.196 0.142 0.429 
476    (0)   :  0.011 0.011 0.065 0.050 0.126 0.087 0.650 
477    (0)   :  0.019 0.008 0.210 0.080 0.234 0.116 0.333 
478    (0)   :  0.014 0.007 0.576 0.062 0.073 0.065 0.202 
479    (0)   :  0.008 0.005 0.050 0.053 0.074 0.065 0.744 
480    (0)   :  0.007 0.007 0.038 0.052 0.062 0.075 0.759 
481    (0)   :  0.021 0.007 0.037 0.260 0.130 0.081 0.464 
482    (0)   :  0.007 0.007 0.074 0.051 0.058 0.065 0.738 
483    (0)   :  0.010 0.008 0.111 0.051 0.104 0.089 0.628 
484    (0)   :  0.017 0.006 0.049 0.077 0.335 0.087 0.428 
485    (0)   :  0.009 0.007 0.105 0.049 0.126 0.069 0.637 
486    (0)   :  0.043 0.014 0.089 0.256 0.249 0.117 0.231 
487    (0)   :  0.032 0.016 0.054 0.241 0.175 0.238 0.244 
488    (0)   :  0.059 0.011 0.120 0.362 0.117 0.163 0.169 
489    (0)   :  0.023 0.017 0.028 0.268 0.198 0.242 0.224 
490    (0)   :  0.018 0.008 0.206 0.151 0.254 0.072 0.289 
491    (0)   :  0.055 0.009 0.030 0.398 0.139 0.226 0.142 
492    (0)   :  0.033 0.007 0.167 0.118 0.216 0.321 0.138 
493    (0)   :  0.061 0.025 0.049 0.475 0.109 0.125 0.155 
494    (0)   :  0.037 0.078 0.046 0.275 0.170 0.196 0.199 
495    (0)   :  0.084 0.047 0.217 0.101 0.176 0.228 0.148 
496    (0)   :  0.008 0.008 0.045 0.147 0.229 0.393 0.169 
497    (0)   :  0.114 0.033 0.031 0.412 0.070 0.195 0.145 
498    (0)   :  0.129 0.012 0.067 0.226 0.201 0.119 0.246 
499    (0)   :  0.016 0.054 0.035 0.218 0.138 0.373 0.165 
500    (0)   :  0.013 0.033 0.037 0.401 0.112 0.123 0.281 
501    (0)   :  0.013 0.019 0.062 0.176 0.111 0.298 0.321 
502    (0)   :  0.034 0.011 0.122 0.192 0.092 0.327 0.220 
503    (0)   :  0.010 0.012 0.036 0.234 0.098 0.097 0.513 
504    (0)   :  0.082 0.011 0.195 0.177 0.232 0.108 0.195 
505    (0)   :  0.021 0.014 0.048 0.283 0.328 0.178 0.128 
506    (0)   :  0.048 0.009 0.135 0.213 0.115 0.297 0.182 
507    (0)   :  0.007 0.010 0.023 0.094 0.164 0.615 0.088 
508    (0)   :  0.014 0.025 0.032 0.123 0.191 0.531 0.085 
509    (0)   :  0.013 0.010 0.041 0.295 0.234 0.282 0.123 
510    (0)   :  0.012 0.096 0.049 0.164 0.111 0.352 0.216 
511    (0)   :  0.030 0.016 0.096 0.135 0.174 0.122 0.426 
512    (0)   :  0.020 0.011 0.076 0.155 0.074 0.082 0.582 
513    (0)   :  0.439 0.011 0.069 0.182 0.120 0.112 0.068 
514    (0)   :  0.011 0.010 0.258 0.208 0.172 0.145 0.198 
515    (0)   :  0.013 0.021 0.037 0.111 0.221 0.235 0.362 
516    (0)   :  0.012 0.011 0.121 0.276 0.308 0.131 0.140 
517    (0)   :  0.009 0.009 0.049 0.103 0.360 0.216 0.254 
518    (0)   :  0.010 0.118 0.037 0.217 0.084 0.295 0.238 
519    (0)   :  0.017 0.007 0.251 0.131 0.210 0.152 0.232 
520    (0)   :  0.008 0.010 0.026 0.077 0.361 0.301 0.217 
521    (0)   :  0.010 0.007 0.089 0.176 0.153 0.400 0.166 
522    (0)   :  0.011 0.058 0.044 0.106 0.284 0.108 0.390 
523    (0)   :  0.008 0.009 0.048 0.074 0.527 0.209 0.126 
524    (0)   :  0.008 0.010 0.037 0.137 0.213 0.168 0.427 
525    (0)   :  0.008 0.141 0.029 0.105 0.185 0.282 0.251 
526    (0)   :  0.008 0.007 0.025 0.070 0.513 0.115 0.262 
527    (0)   :  0.021 0.124 0.102 0.214 0.103 0.116 0.321 
528    (0)   :  0.008 0.006 0.036 0.181 0.131 0.521 0.116 
529    (0)   :  0.015 0.103 0.043 0.357 0.114 0.208 0.160 
530    (0)   :  0.017 0.010 0.035 0.111 0.243 0.171 0.413 
531    (0)   :  0.010 0.009 0.037 0.078 0.156 0.431 0.279 
532    (0)   :  0.013 0.046 0.046 0.246 0.131 0.327 0.192 
533    (0)   :  0.010 0.098 0.032 0.193 0.218 0.139 0.310 
534    (0)   :  0.018 0.092 0.071 0.200 0.354 0.185 0.081 
535    (0)   :  0.008 0.006 0.059 0.078 0.509 0.117 0.222 
536    (0)   :  0.019 0.011 0.058 0.144 0.242 0.246 0.279 
537    (0)   :  0.018 0.009 0.045 0.098 0.381 0.314 0.134 
538    (0)   :  0.010 0.007 0.033 0.198 0.309 0.254 0.189 
539    (0)   :  0.010 0.006 0.025 0.110 0.123 0.623 0.102 
540    (0)   :  0.012 0.008 0.031 0.183 0.268 0.285 0.213 
541    (0)   :  0.024 0.009 0.074 0.103 0.138 0.482 0.169 
542    (0)   :  0.031 0.007 0.029 0.135 0.473 0.104 0.221 
543    (0)   :  0.018 0.007 0.155 0.103 0.341 0.244 0.133 
544    (0)   :  0.011 0.005 0.029 0.085 0.564 0.143 0.162 
545    (0)   :  0.014 0.005 0.043 0.069 0.605 0.071 0.193 
546    (0)   :  0.035 0.006 0.033 0.193 0.359 0.210 0.164 
547    (0)   :  0.011 0.005 0.039 0.051 0.635 0.151 0.107 
548    (0)   :  0.010 0.007 0.031 0.420 0.085 0.333 0.114 
549    (0)   :  0.022 0.010 0.038 0.053 0.279 0.395 0.203 
550    (0)   :  0.015 0.005 0.063 0.061 0.458 0.101 0.297 
551    (0)   :  0.011 0.011 0.052 0.063 0.173 0.537 0.152 
552    (0)   :  0.010 0.008 0.025 0.214 0.317 0.275 0.151 
553    (0)   :  0.017 0.007 0.072 0.069 0.520 0.226 0.088 
554    (0)   :  0.016 0.015 0.061 0.192 0.186 0.220 0.309 
555    (0)   :  0.038 0.008 0.037 0.135 0.249 0.393 0.141 
556    (0)   :  0.012 0.007 0.036 0.169 0.404 0.209 0.164 
557    (0)   :  0.015 0.005 0.086 0.060 0.375 0.151 0.308 
558    (0)   :  0.007 0.007 0.074 0.046 0.054 0.068 0.745 
559    (0)   :  0.010 0.008 0.102 0.410 0.157 0.105 0.208 
560    (0)   :  0.016 0.005 0.282 0.095 0.077 0.054 0.471 
561    (0)   :  0.016 0.007 0.059 0.161 0.179 0.072 0.505 
562    (0)   :  0.018 0.008 0.133 0.238 0.161 0.053 0.388 
563    (0)   :  0.024 0.011 0.261 0.057 0.190 0.218 0.240 
564    (0)   :  0.010 0.010 0.038 0.451 0.183 0.107 0.200 
565    (0)   :  0.008 0.006 0.030 0.067 0.065 0.078 0.746 
566    (0)   :  0.010 0.005 0.299 0.079 0.089 0.055 0.464 
567    (0)   :  0.010 0.007 0.041 0.586 0.120 0.069 0.167 
568    (0)   :  0.008 0.006 0.083 0.189 0.240 0.109 0.365 
569    (0)   :  0.010 0.009 0.064 0.104 0.210 0.109 0.494 
570    (0)   :  0.007 0.010 0.047 0.085 0.054 0.057 0.741 
571    (0)   :  0.008 0.006 0.320 0.178 0.104 0.088 0.296 
572    (0)   :  0.019 0.005 0.023 0.080 0.416 0.227 0.231 
573    (0)   :  0.008 0.008 0.032 0.403 0.133 0.105 0.311 
574    (0)   :  0.012 0.009 0.030 0.096 0.113 0.214 0.526 
575    (0)   :  0.009 0.007 0.151 0.147 0.155 0.179 0.351 
576    (0)   :  0.024 0.006 0.187 0.153 0.070 0.057 0.503 
577    (0)   :  0.012 0.012 0.037 0.109 0.109 0.203 0.519 
578    (0)   :  0.020 0.006 0.140 0.144 0.105 0.092 0.492 
579    (0)   :  0.034 0.007 0.045 0.251 0.113 0.081 0.470 
580    (0)   :  0.009 0.007 0.036 0.107 0.082 0.126 0.633 
581    (0)   :  0.009 0.006 0.058 0.086 0.083 0.103 0.655 
582    (0)   :  0.009 0.007 0.101 0.074 0.129 0.064 0.616 
583    (0)   :  0.011 0.057 0.277 0.131 0.081 0.088 0.355 
584    (0)   :  0.011 0.008 0.203 0.139 0.085 0.068 0.486 
585    (0)   :  0.023 0.007 0.107 0.132 0.086 0.073 0.572 
586    (0)   :  0.010 0.006 0.415 0.164 0.134 0.116 0.155 
587    (0)   :  0.013 0.014 0.043 0.225 0.175 0.063 0.466 
588    (0)   :  0.013 0.008 0.027 0.520 0.268 0.085 0.080 
589    (0)   :  0.009 0.006 0.037 0.097 0.189 0.069 0.592 
590    (0)   :  0.014 0.008 0.198 0.396 0.097 0.077 0.210 
591    (0)   :  0.009 0.006 0.186 0.252 0.114 0.097 0.336 
592    (0)   :  0.009 0.005 0.086 0.226 0.270 0.069 0.334 
593    (0)   :  0.008 0.007 0.066 0.196 0.136 0.127 0.459 
594    (0)   :  0.017 0.049 0.129 0.237 0.123 0.181 0.264 
595    (0)   :  0.055 0.011 0.045 0.332 0.055 0.062 0.441 
596    (0)   :  0.012 0.005 0.044 0.286 0.274 0.111 0.269 
597    (0)   :  0.009 0.007 0.425 0.076 0.121 0.244 0.117 
598    (0)   :  0.006 0.009 0.041 0.053 0.055 0.063 0.773 
599    (0)   :  0.007 0.007 0.135 0.158 0.180 0.059 0.453 
600    (0)   :  0.012 0.005 0.032 0.101 0.148 0.149 0.553 
601    (0)   :  0.010 0.005 0.070 0.107 0.153 0.061 0.593 
602    (0)   :  0.014 0.009 0.051 0.432 0.104 0.193 0.197 
603    (0)   :  0.011 0.007 0.051 0.460 0.116 0.178 0.177 
604    (0)   :  0.027 0.020 0.044 0.169 0.094 0.169 0.478 
605    (0)   :  0.015 0.007 0.046 0.231 0.198 0.103 0.401 
606    (0)   :  0.012 0.015 0.056 0.263 0.163 0.226 0.265 
607    (0)   :  0.013 0.009 0.033 0.177 0.069 0.314 0.385 
608    (0)   :  0.008 0.007 0.076 0.078 0.081 0.473 0.276 
609    (0)   :  0.014 0.011 0.042 0.094 0.153 0.130 0.556 
610    (0)   :  0.013 0.007 0.031 0.110 0.229 0.101 0.509 
611    (0)   :  0.011 0.009 0.067 0.262 0.240 0.214 0.197 
612    (0)   :  0.012 0.017 0.029 0.062 0.133 0.089 0.658 
613    (0)   :  0.016 0.046 0.046 0.150 0.218 0.126 0.398 
614    (0)   :  0.018 0.010 0.025 0.142 0.080 0.084 0.639 
615    (0)   :  0.010 0.008 0.025 0.137 0.094 0.152 0.574 
616    (0)   :  0.009 0.007 0.042 0.222 0.072 0.223 0.426 
617    (0)   :  0.076 0.020 0.040 0.175 0.145 0.082 0.462 
618    (0)   :  0.037 0.014 0.031 0.156 0.110 0.243 0.409 
619    (0)   :  0.008 0.005 0.052 0.131 0.244 0.196 0.364 
620    (0)   :  0.010 0.005 0.071 0.352 0.226 0.055 0.281 
621    (0)   :  0.012 0.011 0.129 0.162 0.079 0.086 0.521 
622    (0)   :  0.093 0.018 0.034 0.270 0.125 0.147 0.312 
623    (0)   :  0.010 0.006 0.062 0.341 0.148 0.089 0.343 
624    (0)   :  0.012 0.012 0.041 0.087 0.078 0.243 0.527 
625    (0)   :  0.043 0.041 0.064 0.132 0.077 0.223 0.420 
626    (0)   :  0.015 0.042 0.023 0.073 0.267 0.374 0.207 
627    (0)   :  0.016 0.005 0.054 0.248 0.177 0.123 0.376 
628    (0)   :  0.026 0.006 0.095 0.368 0.106 0.118 0.282 
629    (0)   :  0.015 0.008 0.065 0.348 0.105 0.139 0.319 
630    (0)   :  0.018 0.020 0.047 0.142 0.098 0.111 0.564 
631    (0)   :  0.010 0.008 0.032 0.252 0.069 0.121 0.508 
632    (0)   :  0.016 0.007 0.031 0.256 0.152 0.327 0.212 
633    (0)   :  0.019 0.008 0.048 0.124 0.079 0.206 0.516 
634    (0)   :  0.010 0.008 0.056 0.168 0.156 0.279 0.323 
635    (0)   :  0.009 0.007 0.028 0.122 0.108 0.486 0.240 
636    (0)   :  0.010 0.010 0.044 0.112 0.098 0.274 0.452 
637    (0)   :  0.015 0.008 0.039 0.132 0.428 0.155 0.222 
638    (0)   :  0.010 0.010 0.049 0.373 0.092 0.186 0.279 
639    (0)   :  0.019 0.008 0.026 0.191 0.087 0.181 0.488 
