

----------------------------------------------------
STRUCTURE by Pritchard, Stephens and Donnelly (2000)
     and Falush, Stephens and Pritchard (2003)
       Code by Pritchard, Falush and Hubisz
             Version 2.3.4 (Jul 2012)
----------------------------------------------------



Command line arguments:   ./structure -K 3 -D 103008 -m brooktrout/mainparams -e brooktrout/extraparams -o brooktrout/250914_output/results_K3_rep8 
Input File:    brooktrout/brooktrout.txt

Run parameters:
   8454 individuals
   5 loci
   3 populations assumed
   50000 Burn-in period
   100000 Reps
RANDOMIZE turned off


--------------------------------------------
Overall proportion of membership of the
sample in each of the 3 clusters

Inferred Clusters
  1      2      3    
0.156  0.408  0.436  

--------------------------------------------

Allele-freq. divergence among pops (Net nucleotide distance),
computed using point estimates of P.

      1       2       3      
 1      -    0.0504  0.0943  
 2   0.0504     -    0.0291  
 3   0.0943  0.0291     -    

Average distances (expected heterozygosity) between individuals in same cluster:
cluster  1  : 0.7468 
cluster  2  : 0.8448 
cluster  3  : 0.8249 

--------------------------------------------
Estimated Ln Prob of Data   = -179568.1
Mean value of ln likelihood = -175664.4
Variance of ln likelihood   = 7807.4

Mean value of alpha_1       = 0.0768
Mean value of alpha_2       = 0.1997
Mean value of alpha_3       = 0.2127
Allele frequencies uncorrelated


Inferred ancestry of individuals:
     (%Miss) :  Inferred clusters
  1    (0)   :  0.143 0.565 0.291 
  2    (0)   :  0.020 0.781 0.199 
  3    (0)   :  0.093 0.352 0.555 
  4    (0)   :  0.540 0.344 0.115 
  5    (0)   :  0.020 0.659 0.321 
  6    (0)   :  0.024 0.063 0.913 
  7    (0)   :  0.017 0.063 0.920 
  8    (0)   :  0.292 0.318 0.390 
  9    (0)   :  0.040 0.555 0.405 
 10    (0)   :  0.104 0.153 0.743 
 11    (0)   :  0.018 0.124 0.858 
 12    (0)   :  0.035 0.597 0.367 
 13    (0)   :  0.036 0.195 0.769 
 14    (0)   :  0.046 0.775 0.179 
 15    (0)   :  0.104 0.598 0.297 
 16    (0)   :  0.040 0.126 0.835 
 17    (0)   :  0.035 0.338 0.628 
 18    (0)   :  0.055 0.296 0.648 
 19    (0)   :  0.030 0.172 0.798 
 20    (0)   :  0.030 0.509 0.461 
 21    (0)   :  0.105 0.700 0.195 
 22    (0)   :  0.049 0.102 0.848 
 23    (0)   :  0.103 0.770 0.127 
 24    (0)   :  0.144 0.371 0.485 
 25    (0)   :  0.013 0.121 0.866 
 26    (0)   :  0.074 0.431 0.495 
 27    (0)   :  0.063 0.246 0.691 
 28    (0)   :  0.216 0.248 0.536 
 29    (0)   :  0.028 0.578 0.394 
 30    (0)   :  0.037 0.137 0.826 
 31    (0)   :  0.067 0.343 0.589 
 32    (0)   :  0.073 0.677 0.249 
 33    (0)   :  0.081 0.433 0.486 
 34    (0)   :  0.037 0.115 0.848 
 35    (0)   :  0.023 0.522 0.455 
 36    (0)   :  0.032 0.602 0.366 
 37    (0)   :  0.094 0.727 0.179 
 38    (0)   :  0.015 0.179 0.806 
 39    (0)   :  0.025 0.235 0.740 
 40    (0)   :  0.166 0.659 0.176 
 41    (0)   :  0.032 0.577 0.392 
 42    (0)   :  0.232 0.639 0.129 
 43    (0)   :  0.032 0.887 0.081 
 44    (0)   :  0.019 0.713 0.268 
 45    (0)   :  0.017 0.621 0.362 
 46    (0)   :  0.018 0.208 0.774 
 47    (0)   :  0.037 0.361 0.602 
 48    (0)   :  0.023 0.716 0.261 
 49    (0)   :  0.030 0.551 0.420 
 50    (0)   :  0.049 0.117 0.833 
 51    (0)   :  0.021 0.878 0.101 
 52    (0)   :  0.034 0.231 0.734 
 53    (0)   :  0.041 0.095 0.864 
 54    (0)   :  0.032 0.825 0.144 
 55    (0)   :  0.022 0.893 0.085 
 56    (0)   :  0.035 0.529 0.435 
 57    (0)   :  0.109 0.268 0.623 
 58    (0)   :  0.030 0.767 0.203 
 59    (0)   :  0.026 0.607 0.367 
 60    (0)   :  0.081 0.766 0.152 
 61    (0)   :  0.035 0.917 0.048 
 62    (0)   :  0.028 0.382 0.591 
 63    (0)   :  0.042 0.780 0.178 
 64    (0)   :  0.018 0.162 0.820 
 65    (0)   :  0.013 0.419 0.569 
 66    (0)   :  0.043 0.879 0.078 
 67    (0)   :  0.018 0.883 0.099 
 68    (0)   :  0.031 0.653 0.316 
 69    (0)   :  0.086 0.348 0.565 
 70    (0)   :  0.028 0.826 0.146 
 71    (0)   :  0.013 0.654 0.332 
 72    (0)   :  0.020 0.305 0.674 
 73    (0)   :  0.014 0.851 0.135 
 74    (0)   :  0.074 0.601 0.325 
 75    (0)   :  0.073 0.826 0.102 
 76    (0)   :  0.023 0.769 0.209 
 77    (0)   :  0.022 0.684 0.293 
 78    (0)   :  0.029 0.546 0.425 
 79    (0)   :  0.022 0.117 0.860 
 80    (0)   :  0.618 0.187 0.195 
 81    (0)   :  0.388 0.253 0.359 
 82    (0)   :  0.044 0.795 0.161 
 83    (0)   :  0.219 0.399 0.382 
 84    (0)   :  0.147 0.503 0.350 
 85    (0)   :  0.259 0.459 0.282 
 86    (0)   :  0.021 0.633 0.346 
 87    (0)   :  0.023 0.226 0.750 
 88    (0)   :  0.103 0.734 0.163 
 89    (0)   :  0.139 0.753 0.108 
 90    (0)   :  0.028 0.399 0.573 
 91    (0)   :  0.470 0.390 0.140 
 92    (0)   :  0.047 0.468 0.486 
 93    (0)   :  0.880 0.068 0.052 
 94    (0)   :  0.021 0.061 0.918 
 95    (0)   :  0.052 0.751 0.198 
 96    (0)   :  0.067 0.886 0.047 
 97    (0)   :  0.089 0.744 0.166 
 98    (0)   :  0.040 0.795 0.165 
 99    (0)   :  0.114 0.548 0.338 
100    (0)   :  0.454 0.491 0.055 
101    (0)   :  0.029 0.793 0.178 
102    (0)   :  0.159 0.717 0.124 
103    (0)   :  0.033 0.896 0.071 
104    (0)   :  0.030 0.324 0.646 
105    (0)   :  0.028 0.879 0.093 
106    (0)   :  0.010 0.086 0.905 
107    (0)   :  0.044 0.709 0.247 
108    (0)   :  0.018 0.728 0.254 
109    (0)   :  0.010 0.239 0.751 
110    (0)   :  0.013 0.168 0.819 
111    (0)   :  0.018 0.149 0.833 
112    (0)   :  0.012 0.100 0.888 
113    (0)   :  0.025 0.802 0.173 
114    (0)   :  0.043 0.400 0.557 
115    (0)   :  0.017 0.770 0.214 
116    (0)   :  0.011 0.317 0.672 
117    (0)   :  0.017 0.535 0.447 
118    (0)   :  0.015 0.753 0.232 
119    (0)   :  0.079 0.848 0.072 
120    (0)   :  0.022 0.475 0.503 
121    (0)   :  0.013 0.847 0.140 
122    (0)   :  0.015 0.134 0.851 
123    (0)   :  0.022 0.440 0.537 
124    (0)   :  0.015 0.389 0.595 
125    (0)   :  0.024 0.328 0.648 
126    (0)   :  0.029 0.272 0.699 
127    (0)   :  0.020 0.192 0.788 
128    (0)   :  0.016 0.836 0.149 
129    (0)   :  0.012 0.864 0.125 
130    (0)   :  0.051 0.535 0.414 
131    (0)   :  0.013 0.532 0.455 
132    (0)   :  0.012 0.168 0.820 
133    (0)   :  0.028 0.488 0.484 
134    (0)   :  0.008 0.057 0.935 
135    (0)   :  0.313 0.617 0.071 
136    (0)   :  0.889 0.060 0.051 
137    (0)   :  0.814 0.127 0.059 
138    (0)   :  0.892 0.058 0.050 
139    (0)   :  0.110 0.820 0.070 
140    (0)   :  0.501 0.300 0.199 
141    (0)   :  0.829 0.079 0.092 
142    (0)   :  0.478 0.453 0.069 
143    (0)   :  0.914 0.053 0.033 
144    (0)   :  0.821 0.127 0.052 
145    (0)   :  0.647 0.203 0.150 
146    (0)   :  0.385 0.443 0.172 
147    (0)   :  0.922 0.043 0.036 
148    (0)   :  0.659 0.222 0.118 
149    (0)   :  0.842 0.102 0.055 
150    (0)   :  0.521 0.381 0.097 
151    (0)   :  0.851 0.100 0.049 
152    (0)   :  0.530 0.333 0.137 
153    (0)   :  0.810 0.117 0.073 
154    (0)   :  0.859 0.085 0.056 
155    (0)   :  0.888 0.066 0.046 
156    (0)   :  0.600 0.348 0.052 
157    (0)   :  0.681 0.199 0.120 
158    (0)   :  0.754 0.123 0.123 
159    (0)   :  0.912 0.052 0.036 
160    (0)   :  0.907 0.056 0.038 
161    (0)   :  0.607 0.299 0.094 
162    (0)   :  0.289 0.494 0.217 
163    (0)   :  0.893 0.065 0.042 
164    (0)   :  0.413 0.388 0.199 
165    (0)   :  0.658 0.262 0.081 
166    (0)   :  0.460 0.412 0.128 
167    (0)   :  0.748 0.100 0.152 
168    (0)   :  0.790 0.130 0.080 
169    (0)   :  0.449 0.167 0.384 
170    (0)   :  0.553 0.397 0.050 
171    (0)   :  0.544 0.339 0.117 
172    (0)   :  0.654 0.222 0.124 
173    (0)   :  0.873 0.087 0.040 
174    (0)   :  0.875 0.073 0.053 
175    (0)   :  0.900 0.054 0.046 
176    (0)   :  0.823 0.124 0.053 
177    (0)   :  0.476 0.301 0.222 
178    (0)   :  0.842 0.076 0.082 
179    (0)   :  0.917 0.046 0.037 
180    (0)   :  0.665 0.169 0.166 
181    (0)   :  0.574 0.350 0.076 
182    (0)   :  0.727 0.231 0.042 
183    (0)   :  0.890 0.068 0.041 
184    (0)   :  0.021 0.742 0.238 
185    (0)   :  0.787 0.176 0.037 
186    (0)   :  0.018 0.735 0.247 
187    (0)   :  0.122 0.788 0.089 
188    (0)   :  0.014 0.771 0.215 
189    (0)   :  0.227 0.337 0.436 
190    (0)   :  0.092 0.875 0.033 
191    (0)   :  0.033 0.864 0.104 
192    (0)   :  0.079 0.829 0.093 
193    (0)   :  0.093 0.775 0.132 
194    (0)   :  0.056 0.866 0.079 
195    (0)   :  0.306 0.650 0.044 
196    (0)   :  0.062 0.886 0.052 
197    (0)   :  0.050 0.655 0.294 
198    (0)   :  0.070 0.700 0.230 
199    (0)   :  0.056 0.878 0.066 
200    (0)   :  0.080 0.710 0.210 
201    (0)   :  0.501 0.442 0.057 
202    (0)   :  0.344 0.601 0.055 
203    (0)   :  0.354 0.593 0.052 
204    (0)   :  0.055 0.904 0.041 
205    (0)   :  0.032 0.892 0.075 
206    (0)   :  0.067 0.878 0.055 
207    (0)   :  0.023 0.922 0.055 
208    (0)   :  0.121 0.828 0.051 
209    (0)   :  0.050 0.846 0.104 
210    (0)   :  0.068 0.875 0.056 
211    (0)   :  0.035 0.915 0.050 
212    (0)   :  0.663 0.268 0.069 
213    (0)   :  0.025 0.893 0.082 
214    (0)   :  0.444 0.504 0.052 
215    (0)   :  0.020 0.905 0.075 
216    (0)   :  0.028 0.782 0.190 
217    (0)   :  0.377 0.547 0.077 
218    (0)   :  0.044 0.871 0.085 
219    (0)   :  0.133 0.553 0.314 
220    (0)   :  0.028 0.918 0.054 
221    (0)   :  0.705 0.261 0.034 
222    (0)   :  0.055 0.645 0.300 
223    (0)   :  0.228 0.661 0.111 
224    (0)   :  0.189 0.752 0.059 
225    (0)   :  0.048 0.900 0.052 
226    (0)   :  0.067 0.719 0.213 
227    (0)   :  0.089 0.854 0.057 
228    (0)   :  0.191 0.770 0.039 
229    (0)   :  0.216 0.712 0.072 
230    (0)   :  0.095 0.852 0.052 
231    (0)   :  0.257 0.628 0.115 
232    (0)   :  0.078 0.824 0.099 
233    (0)   :  0.622 0.322 0.056 
234    (0)   :  0.099 0.735 0.166 
235    (0)   :  0.161 0.715 0.123 
236    (0)   :  0.176 0.751 0.073 
237    (0)   :  0.038 0.888 0.074 
238    (0)   :  0.377 0.554 0.069 
239    (0)   :  0.310 0.646 0.044 
240    (0)   :  0.389 0.543 0.068 
241    (0)   :  0.446 0.504 0.049 
242    (0)   :  0.134 0.557 0.309 
243    (0)   :  0.063 0.899 0.037 
244    (0)   :  0.227 0.723 0.050 
245    (0)   :  0.751 0.202 0.046 
246    (0)   :  0.385 0.540 0.075 
247    (0)   :  0.016 0.769 0.215 
248    (0)   :  0.017 0.898 0.085 
249    (0)   :  0.174 0.771 0.055 
250    (0)   :  0.082 0.848 0.070 
251    (0)   :  0.051 0.597 0.352 
252    (0)   :  0.099 0.834 0.067 
253    (0)   :  0.029 0.806 0.165 
254    (0)   :  0.054 0.763 0.182 
255    (0)   :  0.108 0.734 0.157 
256    (0)   :  0.149 0.796 0.055 
257    (0)   :  0.043 0.896 0.061 
258    (0)   :  0.037 0.859 0.104 
259    (0)   :  0.033 0.904 0.064 
260    (0)   :  0.158 0.649 0.193 
261    (0)   :  0.216 0.720 0.064 
262    (0)   :  0.311 0.645 0.044 
263    (0)   :  0.030 0.887 0.083 
264    (0)   :  0.015 0.288 0.697 
265    (0)   :  0.094 0.773 0.133 
266    (0)   :  0.698 0.267 0.035 
267    (0)   :  0.111 0.754 0.135 
268    (0)   :  0.065 0.882 0.053 
269    (0)   :  0.198 0.362 0.439 
270    (0)   :  0.029 0.800 0.170 
271    (0)   :  0.025 0.903 0.071 
272    (0)   :  0.035 0.818 0.147 
273    (0)   :  0.177 0.695 0.128 
274    (0)   :  0.048 0.821 0.131 
275    (0)   :  0.077 0.814 0.109 
276    (0)   :  0.031 0.770 0.199 
277    (0)   :  0.148 0.744 0.108 
278    (0)   :  0.027 0.908 0.065 
279    (0)   :  0.069 0.853 0.078 
280    (0)   :  0.073 0.721 0.207 
281    (0)   :  0.041 0.865 0.093 
282    (0)   :  0.366 0.521 0.113 
283    (0)   :  0.507 0.414 0.080 
284    (0)   :  0.074 0.851 0.075 
285    (0)   :  0.012 0.887 0.101 
286    (0)   :  0.231 0.719 0.050 
287    (0)   :  0.108 0.670 0.222 
288    (0)   :  0.039 0.798 0.163 
289    (0)   :  0.068 0.721 0.211 
290    (0)   :  0.033 0.734 0.233 
291    (0)   :  0.026 0.902 0.072 
292    (0)   :  0.095 0.768 0.136 
293    (0)   :  0.030 0.455 0.515 
294    (0)   :  0.025 0.870 0.104 
295    (0)   :  0.082 0.578 0.340 
296    (0)   :  0.028 0.906 0.066 
297    (0)   :  0.038 0.692 0.270 
298    (0)   :  0.183 0.708 0.109 
299    (0)   :  0.033 0.824 0.143 
300    (0)   :  0.020 0.910 0.070 
301    (0)   :  0.032 0.707 0.261 
302    (0)   :  0.025 0.892 0.083 
303    (0)   :  0.207 0.706 0.087 
304    (0)   :  0.257 0.499 0.243 
305    (0)   :  0.146 0.804 0.051 
306    (0)   :  0.372 0.531 0.097 
307    (0)   :  0.061 0.856 0.084 
308    (0)   :  0.209 0.726 0.065 
309    (0)   :  0.031 0.902 0.067 
310    (0)   :  0.154 0.802 0.044 
311    (0)   :  0.094 0.854 0.051 
312    (0)   :  0.024 0.926 0.049 
313    (0)   :  0.016 0.937 0.047 
314    (0)   :  0.925 0.042 0.033 
315    (0)   :  0.895 0.059 0.046 
316    (0)   :  0.897 0.051 0.052 
317    (0)   :  0.932 0.035 0.034 
318    (0)   :  0.933 0.032 0.035 
319    (0)   :  0.916 0.050 0.034 
320    (0)   :  0.923 0.043 0.033 
321    (0)   :  0.929 0.035 0.036 
322    (0)   :  0.890 0.060 0.049 
323    (0)   :  0.929 0.037 0.035 
324    (0)   :  0.927 0.036 0.037 
325    (0)   :  0.907 0.043 0.051 
326    (0)   :  0.915 0.038 0.047 
327    (0)   :  0.930 0.036 0.034 
328    (0)   :  0.886 0.064 0.050 
329    (0)   :  0.929 0.038 0.033 
330    (0)   :  0.930 0.035 0.035 
331    (0)   :  0.929 0.037 0.034 
332    (0)   :  0.904 0.040 0.056 
333    (0)   :  0.911 0.043 0.046 
334    (0)   :  0.888 0.062 0.050 
335    (0)   :  0.900 0.054 0.046 
336    (0)   :  0.926 0.036 0.038 
337    (0)   :  0.900 0.046 0.054 
338    (0)   :  0.932 0.032 0.036 
339    (0)   :  0.929 0.037 0.034 
340    (0)   :  0.930 0.038 0.032 
341    (0)   :  0.931 0.036 0.034 
342    (0)   :  0.929 0.036 0.035 
343    (0)   :  0.881 0.067 0.052 
344    (0)   :  0.932 0.035 0.033 
345    (0)   :  0.931 0.035 0.034 
346    (0)   :  0.935 0.032 0.033 
347    (0)   :  0.935 0.034 0.031 
348    (0)   :  0.881 0.074 0.046 
349    (0)   :  0.930 0.036 0.034 
350    (0)   :  0.911 0.055 0.035 
351    (0)   :  0.900 0.054 0.046 
352    (0)   :  0.905 0.047 0.048 
353    (0)   :  0.927 0.036 0.037 
354    (0)   :  0.927 0.039 0.033 
355    (0)   :  0.932 0.032 0.035 
356    (0)   :  0.830 0.126 0.044 
357    (0)   :  0.559 0.097 0.343 
358    (0)   :  0.904 0.046 0.050 
359    (0)   :  0.929 0.036 0.035 
360    (0)   :  0.935 0.033 0.033 
361    (0)   :  0.473 0.151 0.376 
362    (0)   :  0.025 0.195 0.780 
363    (0)   :  0.016 0.134 0.849 
364    (0)   :  0.247 0.145 0.608 
365    (0)   :  0.023 0.096 0.881 
366    (0)   :  0.065 0.349 0.585 
367    (0)   :  0.010 0.056 0.934 
368    (0)   :  0.023 0.356 0.622 
369    (0)   :  0.273 0.422 0.305 
370    (0)   :  0.022 0.790 0.188 
371    (0)   :  0.053 0.493 0.454 
372    (0)   :  0.071 0.654 0.275 
373    (0)   :  0.035 0.130 0.836 
374    (0)   :  0.263 0.193 0.544 
375    (0)   :  0.018 0.117 0.865 
376    (0)   :  0.013 0.040 0.947 
377    (0)   :  0.028 0.228 0.744 
378    (0)   :  0.144 0.225 0.631 
379    (0)   :  0.012 0.044 0.944 
380    (0)   :  0.114 0.311 0.575 
381    (0)   :  0.062 0.122 0.816 
382    (0)   :  0.017 0.065 0.918 
383    (0)   :  0.156 0.105 0.739 
384    (0)   :  0.079 0.164 0.757 
385    (0)   :  0.075 0.141 0.784 
386    (0)   :  0.015 0.076 0.909 
387    (0)   :  0.019 0.089 0.892 
388    (0)   :  0.214 0.375 0.411 
389    (0)   :  0.018 0.841 0.141 
390    (0)   :  0.022 0.357 0.621 
391    (0)   :  0.039 0.567 0.394 
392    (0)   :  0.037 0.086 0.877 
393    (0)   :  0.045 0.278 0.677 
394    (0)   :  0.203 0.271 0.526 
395    (0)   :  0.018 0.628 0.353 
396    (0)   :  0.011 0.095 0.894 
397    (0)   :  0.073 0.500 0.427 
398    (0)   :  0.013 0.054 0.933 
399    (0)   :  0.016 0.165 0.819 
400    (0)   :  0.025 0.072 0.902 
401    (0)   :  0.027 0.234 0.738 
402    (0)   :  0.023 0.591 0.386 
403    (0)   :  0.212 0.508 0.280 
404    (0)   :  0.040 0.422 0.538 
405    (0)   :  0.037 0.361 0.603 
406    (0)   :  0.054 0.679 0.266 
407    (0)   :  0.012 0.056 0.932 
408    (0)   :  0.010 0.703 0.287 
409    (0)   :  0.200 0.643 0.156 
410    (0)   :  0.044 0.080 0.876 
411    (0)   :  0.096 0.208 0.696 
412    (0)   :  0.020 0.142 0.838 
413    (0)   :  0.088 0.511 0.401 
414    (0)   :  0.012 0.148 0.839 
415    (0)   :  0.020 0.100 0.881 
416    (0)   :  0.031 0.144 0.824 
417    (0)   :  0.016 0.057 0.927 
418    (0)   :  0.013 0.074 0.913 
419    (0)   :  0.068 0.690 0.242 
420    (0)   :  0.017 0.284 0.699 
421    (0)   :  0.018 0.104 0.878 
422    (0)   :  0.019 0.599 0.382 
423    (0)   :  0.022 0.169 0.809 
424    (0)   :  0.027 0.573 0.401 
425    (0)   :  0.044 0.338 0.618 
426    (0)   :  0.034 0.126 0.840 
427    (0)   :  0.062 0.081 0.857 
428    (0)   :  0.065 0.605 0.330 
429    (0)   :  0.011 0.045 0.945 
430    (0)   :  0.016 0.098 0.887 
431    (0)   :  0.027 0.410 0.563 
432    (0)   :  0.025 0.319 0.657 
433    (0)   :  0.090 0.787 0.123 
434    (0)   :  0.070 0.278 0.652 
435    (0)   :  0.012 0.075 0.912 
436    (0)   :  0.023 0.050 0.927 
437    (0)   :  0.014 0.059 0.926 
438    (0)   :  0.030 0.522 0.448 
439    (0)   :  0.021 0.058 0.921 
440    (0)   :  0.010 0.047 0.943 
441    (0)   :  0.047 0.132 0.821 
442    (0)   :  0.015 0.101 0.884 
443    (0)   :  0.012 0.109 0.879 
444    (0)   :  0.014 0.099 0.887 
445    (0)   :  0.089 0.394 0.517 
446    (0)   :  0.015 0.065 0.920 
447    (0)   :  0.037 0.260 0.703 
448    (0)   :  0.015 0.118 0.867 
449    (0)   :  0.030 0.197 0.774 
450    (0)   :  0.031 0.070 0.899 
451    (0)   :  0.010 0.159 0.832 
452    (0)   :  0.024 0.054 0.922 
453    (0)   :  0.025 0.811 0.164 
454    (0)   :  0.030 0.080 0.890 
455    (0)   :  0.014 0.165 0.821 
456    (0)   :  0.013 0.110 0.877 
457    (0)   :  0.016 0.061 0.923 
458    (0)   :  0.018 0.057 0.925 
459    (0)   :  0.066 0.303 0.631 
460    (0)   :  0.013 0.064 0.922 
461    (0)   :  0.014 0.050 0.936 
462    (0)   :  0.010 0.094 0.896 
463    (0)   :  0.025 0.608 0.367 
464    (0)   :  0.013 0.092 0.895 
465    (0)   :  0.018 0.284 0.699 
466    (0)   :  0.014 0.433 0.553 
467    (0)   :  0.028 0.133 0.839 
468    (0)   :  0.013 0.075 0.912 
469    (0)   :  0.016 0.053 0.931 
470    (0)   :  0.013 0.054 0.933 
471    (0)   :  0.015 0.459 0.527 
472    (0)   :  0.018 0.227 0.755 
473    (0)   :  0.029 0.219 0.752 
474    (0)   :  0.024 0.077 0.900 
475    (0)   :  0.031 0.356 0.613 
476    (0)   :  0.018 0.062 0.921 
477    (0)   :  0.028 0.220 0.752 
478    (0)   :  0.012 0.079 0.909 
479    (0)   :  0.012 0.051 0.937 
480    (0)   :  0.015 0.043 0.943 
481    (0)   :  0.014 0.266 0.720 
482    (0)   :  0.012 0.041 0.948 
483    (0)   :  0.019 0.086 0.896 
484    (0)   :  0.020 0.368 0.613 
485    (0)   :  0.013 0.084 0.903 
486    (0)   :  0.026 0.472 0.502 
487    (0)   :  0.080 0.340 0.580 
488    (0)   :  0.031 0.643 0.327 
489    (0)   :  0.123 0.583 0.294 
490    (0)   :  0.013 0.196 0.791 
491    (0)   :  0.047 0.832 0.121 
492    (0)   :  0.071 0.802 0.127 
493    (0)   :  0.034 0.500 0.466 
494    (0)   :  0.041 0.668 0.291 
495    (0)   :  0.048 0.589 0.363 
496    (0)   :  0.115 0.787 0.098 
497    (0)   :  0.086 0.616 0.298 
498    (0)   :  0.034 0.529 0.438 
499    (0)   :  0.244 0.485 0.271 
500    (0)   :  0.034 0.274 0.692 
501    (0)   :  0.078 0.633 0.290 
502    (0)   :  0.092 0.641 0.266 
503    (0)   :  0.018 0.161 0.821 
504    (0)   :  0.019 0.648 0.333 
505    (0)   :  0.032 0.833 0.135 
506    (0)   :  0.091 0.490 0.419 
507    (0)   :  0.655 0.293 0.052 
508    (0)   :  0.408 0.521 0.070 
509    (0)   :  0.069 0.825 0.106 
510    (0)   :  0.185 0.397 0.418 
511    (0)   :  0.024 0.176 0.800 
512    (0)   :  0.014 0.073 0.914 
513    (0)   :  0.016 0.930 0.054 
514    (0)   :  0.026 0.503 0.471 
515    (0)   :  0.077 0.282 0.641 
516    (0)   :  0.021 0.815 0.163 
517    (0)   :  0.061 0.598 0.341 
518    (0)   :  0.267 0.294 0.439 
519    (0)   :  0.029 0.491 0.481 
520    (0)   :  0.195 0.572 0.232 
521    (0)   :  0.216 0.651 0.132 
522    (0)   :  0.019 0.385 0.596 
523    (0)   :  0.067 0.815 0.118 
524    (0)   :  0.039 0.310 0.652 
525    (0)   :  0.186 0.374 0.441 
526    (0)   :  0.036 0.644 0.320 
527    (0)   :  0.024 0.112 0.864 
528    (0)   :  0.457 0.465 0.078 
529    (0)   :  0.059 0.726 0.215 
530    (0)   :  0.048 0.259 0.692 
531    (0)   :  0.313 0.422 0.265 
532    (0)   :  0.210 0.389 0.402 
533    (0)   :  0.034 0.340 0.625 
534    (0)   :  0.042 0.837 0.121 
535    (0)   :  0.026 0.747 0.227 
536    (0)   :  0.060 0.763 0.177 
537    (0)   :  0.088 0.850 0.062 
538    (0)   :  0.064 0.840 0.096 
539    (0)   :  0.688 0.254 0.058 
540    (0)   :  0.122 0.708 0.170 
541    (0)   :  0.406 0.460 0.134 
542    (0)   :  0.025 0.766 0.209 
543    (0)   :  0.058 0.866 0.077 
544    (0)   :  0.036 0.848 0.116 
545    (0)   :  0.016 0.790 0.194 
546    (0)   :  0.048 0.850 0.101 
547    (0)   :  0.045 0.884 0.071 
548    (0)   :  0.084 0.845 0.071 
549    (0)   :  0.339 0.541 0.121 
550    (0)   :  0.053 0.520 0.427 
551    (0)   :  0.458 0.441 0.100 
552    (0)   :  0.080 0.826 0.095 
553    (0)   :  0.066 0.884 0.050 
554    (0)   :  0.079 0.526 0.395 
555    (0)   :  0.110 0.836 0.054 
556    (0)   :  0.039 0.877 0.084 
557    (0)   :  0.037 0.707 0.255 
558    (0)   :  0.012 0.036 0.951 
559    (0)   :  0.022 0.435 0.543 
560    (0)   :  0.009 0.087 0.904 
561    (0)   :  0.013 0.209 0.778 
562    (0)   :  0.009 0.150 0.841 
563    (0)   :  0.069 0.612 0.319 
564    (0)   :  0.020 0.802 0.178 
565    (0)   :  0.015 0.055 0.930 
566    (0)   :  0.009 0.058 0.933 
567    (0)   :  0.014 0.661 0.324 
568    (0)   :  0.020 0.540 0.439 
569    (0)   :  0.022 0.454 0.525 
570    (0)   :  0.010 0.044 0.946 
571    (0)   :  0.017 0.161 0.823 
572    (0)   :  0.140 0.601 0.258 
573    (0)   :  0.024 0.533 0.444 
574    (0)   :  0.065 0.138 0.796 
575    (0)   :  0.034 0.652 0.313 
576    (0)   :  0.009 0.067 0.923 
577    (0)   :  0.055 0.125 0.819 
578    (0)   :  0.018 0.253 0.729 
579    (0)   :  0.015 0.156 0.830 
580    (0)   :  0.026 0.089 0.885 
581    (0)   :  0.020 0.077 0.904 
582    (0)   :  0.011 0.063 0.925 
583    (0)   :  0.017 0.100 0.883 
584    (0)   :  0.011 0.073 0.916 
585    (0)   :  0.013 0.166 0.821 
586    (0)   :  0.021 0.151 0.828 
587    (0)   :  0.010 0.144 0.846 
588    (0)   :  0.013 0.934 0.053 
589    (0)   :  0.012 0.133 0.854 
590    (0)   :  0.015 0.185 0.800 
591    (0)   :  0.019 0.238 0.743 
592    (0)   :  0.012 0.604 0.383 
593    (0)   :  0.029 0.343 0.628 
594    (0)   :  0.043 0.449 0.508 
595    (0)   :  0.011 0.094 0.894 
596    (0)   :  0.026 0.582 0.392 
597    (0)   :  0.125 0.246 0.630 
598    (0)   :  0.011 0.040 0.948 
599    (0)   :  0.011 0.250 0.739 
600    (0)   :  0.034 0.135 0.831 
601    (0)   :  0.011 0.094 0.895 
602    (0)   :  0.056 0.646 0.298 
603    (0)   :  0.051 0.669 0.280 
604    (0)   :  0.034 0.442 0.523 
605    (0)   :  0.020 0.384 0.596 
606    (0)   :  0.042 0.783 0.174 
607    (0)   :  0.217 0.250 0.533 
608    (0)   :  0.421 0.156 0.423 
609    (0)   :  0.029 0.113 0.858 
610    (0)   :  0.022 0.260 0.718 
611    (0)   :  0.048 0.628 0.323 
612    (0)   :  0.019 0.068 0.913 
613    (0)   :  0.028 0.163 0.809 
614    (0)   :  0.015 0.075 0.910 
615    (0)   :  0.037 0.184 0.779 
616    (0)   :  0.144 0.298 0.558 
617    (0)   :  0.018 0.156 0.826 
618    (0)   :  0.111 0.269 0.620 
619    (0)   :  0.057 0.634 0.309 
620    (0)   :  0.010 0.637 0.353 
621    (0)   :  0.015 0.067 0.918 
622    (0)   :  0.085 0.263 0.652 
623    (0)   :  0.018 0.321 0.661 
624    (0)   :  0.094 0.089 0.817 
625    (0)   :  0.079 0.155 0.766 
626    (0)   :  0.420 0.362 0.218 
627    (0)   :  0.026 0.223 0.751 
628    (0)   :  0.032 0.250 0.718 
629    (0)   :  0.030 0.334 0.636 
630    (0)   :  0.031 0.137 0.832 
631    (0)   :  0.027 0.115 0.858 
632    (0)   :  0.072 0.816 0.113 
633    (0)   :  0.051 0.113 0.836 
634    (0)   :  0.101 0.280 0.619 
635    (0)   :  0.423 0.364 0.214 
636    (0)   :  0.158 0.159 0.683 
637    (0)   :  0.031 0.796 0.173 
638    (0)   :  0.045 0.336 0.619 
639    (0)   :  0.044 0.168 0.788 
640    (0)   :  0.022 0.098 0.879 
641    (0)   :  0.033 0.307 0.660 
642    (0)   :  0.319 0.556 0.125 
643    (0)   :  0.809 0.124 0.067 
644    (0)   :  0.571 0.255 0.175 
645    (0)   :  0.717 0.120 0.164 
646    (0)   :  0.040 0.791 0.169 
647    (0)   :  0.108 0.790 0.102 
648    (0)   :  0.225 0.489 0.286 
649    (0)   :  0.060 0.870 0.069 
650    (0)   :  0.053 0.818 0.129 
651    (0)   :  0.404 0.357 0.240 
652    (0)   :  0.526 0.342 0.132 
653    (0)   :  0.202 0.637 0.160 
654    (0)   :  0.205 0.719 0.075 
655    (0)   :  0.506 0.272 0.222 
656    (0)   :  0.088 0.779 0.133 
657    (0)   :  0.108 0.236 0.656 
658    (0)   :  0.096 0.628 0.275 
659    (0)   :  0.457 0.367 0.176 
660    (0)   :  0.430 0.503 0.068 
661    (0)   :  0.614 0.269 0.117 
662    (0)   :  0.034 0.910 0.056 
663    (0)   :  0.355 0.529 0.116 
664    (0)   :  0.145 0.443 0.412 
665    (0)   :  0.039 0.881 0.080 
666    (0)   :  0.254 0.651 0.095 
667    (0)   :  0.035 0.740 0.226 
668    (0)   :  0.394 0.358 0.248 
669    (0)   :  0.109 0.772 0.119 
670    (0)   :  0.853 0.108 0.039 
671    (0)   :  0.540 0.398 0.062 
672    (0)   :  0.680 0.211 0.109 
673    (0)   :  0.923 0.041 0.037 
674    (0)   :  0.770 0.155 0.075 
675    (0)   :  0.818 0.129 0.053 
676    (0)   :  0.920 0.046 0.034 
677    (0)   :  0.711 0.254 0.036 
678    (0)   :  0.922 0.041 0.037 
679    (0)   :  0.861 0.067 0.072 
680    (0)   :  0.849 0.093 0.058 
681    (0)   :  0.241 0.490 0.269 
682    (0)   :  0.868 0.076 0.056 
683    (0)   :  0.867 0.095 0.038 
684    (0)   :  0.912 0.051 0.037 
685    (0)   :  0.922 0.045 0.032 
686    (0)   :  0.576 0.364 0.060 
687    (0)   :  0.531 0.412 0.057 
688    (0)   :  0.836 0.114 0.050 
689    (0)   :  0.926 0.041 0.033 
690    (0)   :  0.921 0.044 0.034 
691    (0)   :  0.840 0.096 0.064 
692    (0)   :  0.879 0.063 0.058 
693    (0)   :  0.856 0.083 0.061 
694    (0)   :  0.925 0.045 0.030 
695    (0)   :  0.880 0.077 0.042 
696    (0)   :  0.826 0.123 0.051 
697    (0)   :  0.913 0.051 0.035 
698    (0)   :  0.913 0.051 0.035 
699    (0)   :  0.778 0.179 0.043 
700    (0)   :  0.845 0.087 0.067 
701    (0)   :  0.828 0.096 0.076 
702    (0)   :  0.668 0.245 0.088 
703    (0)   :  0.838 0.105 0.056 
704    (0)   :  0.831 0.121 0.048 
705    (0)   :  0.318 0.572 0.109 
706    (0)   :  0.859 0.092 0.050 
707    (0)   :  0.897 0.065 0.038 
708    (0)   :  0.894 0.070 0.036 
709    (0)   :  0.881 0.083 0.037 
710    (0)   :  0.924 0.045 0.031 
711    (0)   :  0.798 0.148 0.054 
712    (0)   :  0.819 0.149 0.032 
713    (0)   :  0.835 0.117 0.048 
714    (0)   :  0.774 0.148 0.079 
715    (0)   :  0.893 0.076 0.031 
716    (0)   :  0.879 0.074 0.046 
717    (0)   :  0.919 0.051 0.031 
718    (0)   :  0.741 0.200 0.059 
719    (0)   :  0.894 0.075 0.031 
720    (0)   :  0.018 0.122 0.860 
721    (0)   :  0.609 0.122 0.269 
722    (0)   :  0.036 0.132 0.832 
723    (0)   :  0.030 0.080 0.890 
724    (0)   :  0.116 0.084 0.800 
725    (0)   :  0.135 0.479 0.387 
726    (0)   :  0.061 0.185 0.754 
727    (0)   :  0.107 0.701 0.192 
728    (0)   :  0.010 0.041 0.949 
729    (0)   :  0.011 0.044 0.945 
730    (0)   :  0.018 0.098 0.884 
731    (0)   :  0.027 0.068 0.905 
732    (0)   :  0.030 0.083 0.887 
733    (0)   :  0.016 0.049 0.935 
734    (0)   :  0.010 0.046 0.943 
735    (0)   :  0.021 0.044 0.934 
736    (0)   :  0.021 0.069 0.910 
737    (0)   :  0.022 0.152 0.826 
738    (0)   :  0.019 0.069 0.912 
739    (0)   :  0.015 0.046 0.940 
740    (0)   :  0.798 0.104 0.098 
741    (0)   :  0.511 0.296 0.193 
742    (0)   :  0.106 0.155 0.739 
743    (0)   :  0.052 0.272 0.677 
744    (0)   :  0.032 0.851 0.117 
745    (0)   :  0.015 0.340 0.645 
746    (0)   :  0.102 0.574 0.324 
747    (0)   :  0.029 0.674 0.297 
748    (0)   :  0.301 0.555 0.144 
749    (0)   :  0.059 0.766 0.174 
750    (0)   :  0.042 0.703 0.255 
751    (0)   :  0.420 0.382 0.197 
752    (0)   :  0.037 0.649 0.315 
753    (0)   :  0.117 0.484 0.398 
754    (0)   :  0.302 0.428 0.270 
755    (0)   :  0.078 0.651 0.271 
756    (0)   :  0.126 0.723 0.150 
757    (0)   :  0.052 0.737 0.211 
758    (0)   :  0.015 0.621 0.363 
759    (0)   :  0.469 0.267 0.264 
760    (0)   :  0.075 0.176 0.749 
761    (0)   :  0.204 0.221 0.575 
762    (0)   :  0.024 0.115 0.861 
763    (0)   :  0.120 0.491 0.389 
764    (0)   :  0.039 0.672 0.289 
765    (0)   :  0.029 0.155 0.816 
766    (0)   :  0.293 0.364 0.343 
767    (0)   :  0.123 0.601 0.276 
768    (0)   :  0.023 0.123 0.854 
769    (0)   :  0.147 0.193 0.660 
770    (0)   :  0.022 0.140 0.838 
771    (0)   :  0.050 0.872 0.079 
772    (0)   :  0.232 0.340 0.428 
773    (0)   :  0.060 0.420 0.520 
774    (0)   :  0.359 0.437 0.205 
775    (0)   :  0.045 0.087 0.868 
776    (0)   :  0.025 0.561 0.414 
777    (0)   :  0.044 0.703 0.253 
778    (0)   :  0.056 0.812 0.132 
779    (0)   :  0.101 0.466 0.433 
780    (0)   :  0.290 0.522 0.188 
781    (0)   :  0.066 0.862 0.072 
782    (0)   :  0.101 0.464 0.435 
783    (0)   :  0.203 0.323 0.474 
784    (0)   :  0.034 0.247 0.719 
785    (0)   :  0.085 0.506 0.409 
786    (0)   :  0.444 0.276 0.280 
787    (0)   :  0.143 0.788 0.069 
788    (0)   :  0.051 0.234 0.715 
789    (0)   :  0.042 0.176 0.782 
790    (0)   :  0.179 0.486 0.335 
791    (0)   :  0.073 0.587 0.341 
792    (0)   :  0.359 0.519 0.122 
793    (0)   :  0.164 0.695 0.141 
794    (0)   :  0.065 0.615 0.319 
795    (0)   :  0.389 0.438 0.173 
796    (0)   :  0.081 0.677 0.242 
797    (0)   :  0.516 0.383 0.101 
798    (0)   :  0.012 0.131 0.856 
799    (0)   :  0.034 0.337 0.629 
800    (0)   :  0.208 0.735 0.057 
801    (0)   :  0.026 0.179 0.795 
802    (0)   :  0.160 0.343 0.497 
803    (0)   :  0.153 0.711 0.136 
804    (0)   :  0.042 0.775 0.182 
805    (0)   :  0.815 0.128 0.058 
806    (0)   :  0.062 0.614 0.324 
807    (0)   :  0.662 0.269 0.069 
808    (0)   :  0.223 0.695 0.082 
809    (0)   :  0.031 0.780 0.189 
810    (0)   :  0.089 0.371 0.540 
811    (0)   :  0.211 0.702 0.088 
812    (0)   :  0.016 0.895 0.090 
813    (0)   :  0.016 0.131 0.853 
814    (0)   :  0.019 0.866 0.115 
815    (0)   :  0.177 0.635 0.188 
816    (0)   :  0.292 0.314 0.394 
817    (0)   :  0.165 0.340 0.495 
818    (0)   :  0.036 0.516 0.449 
819    (0)   :  0.044 0.866 0.090 
820    (0)   :  0.064 0.747 0.189 
821    (0)   :  0.051 0.168 0.781 
822    (0)   :  0.012 0.188 0.801 
823    (0)   :  0.180 0.206 0.614 
824    (0)   :  0.083 0.407 0.510 
825    (0)   :  0.021 0.242 0.737 
826    (0)   :  0.018 0.461 0.521 
827    (0)   :  0.024 0.082 0.894 
828    (0)   :  0.044 0.106 0.849 
829    (0)   :  0.046 0.192 0.762 
830    (0)   :  0.016 0.065 0.919 
831    (0)   :  0.069 0.351 0.580 
832    (0)   :  0.064 0.567 0.369 
833    (0)   :  0.110 0.353 0.537 
834    (0)   :  0.059 0.345 0.596 
835    (0)   :  0.017 0.546 0.438 
836    (0)   :  0.032 0.741 0.227 
837    (0)   :  0.142 0.300 0.557 
838    (0)   :  0.015 0.793 0.193 
839    (0)   :  0.032 0.171 0.796 
840    (0)   :  0.046 0.843 0.111 
841    (0)   :  0.033 0.831 0.136 
842    (0)   :  0.013 0.292 0.695 
843    (0)   :  0.112 0.797 0.090 
844    (0)   :  0.060 0.662 0.278 
845    (0)   :  0.019 0.359 0.622 
846    (0)   :  0.041 0.698 0.261 
847    (0)   :  0.075 0.741 0.184 
848    (0)   :  0.031 0.816 0.154 
849    (0)   :  0.029 0.289 0.683 
850    (0)   :  0.027 0.114 0.859 
851    (0)   :  0.022 0.534 0.445 
852    (0)   :  0.529 0.132 0.339 
853    (0)   :  0.023 0.361 0.616 
854    (0)   :  0.148 0.227 0.625 
855    (0)   :  0.037 0.559 0.403 
856    (0)   :  0.061 0.542 0.398 
857    (0)   :  0.026 0.777 0.197 
858    (0)   :  0.019 0.408 0.573 
859    (0)   :  0.020 0.084 0.895 
860    (0)   :  0.020 0.454 0.526 
861    (0)   :  0.224 0.663 0.112 
862    (0)   :  0.018 0.051 0.931 
863    (0)   :  0.048 0.085 0.868 
864    (0)   :  0.037 0.044 0.919 
865    (0)   :  0.010 0.051 0.939 
866    (0)   :  0.016 0.087 0.897 
867    (0)   :  0.026 0.072 0.902 
868    (0)   :  0.018 0.099 0.882 
869    (0)   :  0.018 0.077 0.905 
870    (0)   :  0.012 0.196 0.792 
871    (0)   :  0.013 0.081 0.907 
872    (0)   :  0.017 0.048 0.935 
873    (0)   :  0.024 0.052 0.924 
874    (0)   :  0.013 0.055 0.932 
875    (0)   :  0.020 0.221 0.759 
876    (0)   :  0.016 0.201 0.784 
877    (0)   :  0.020 0.041 0.939 
878    (0)   :  0.026 0.153 0.821 
879    (0)   :  0.026 0.054 0.920 
880    (0)   :  0.015 0.154 0.831 
881    (0)   :  0.026 0.068 0.906 
882    (0)   :  0.021 0.043 0.935 
883    (0)   :  0.026 0.361 0.613 
884    (0)   :  0.010 0.045 0.946 
885    (0)   :  0.035 0.158 0.808 
886    (0)   :  0.031 0.078 0.891 
887    (0)   :  0.012 0.049 0.939 
888    (0)   :  0.048 0.250 0.702 
889    (0)   :  0.010 0.047 0.942 
890    (0)   :  0.010 0.067 0.923 
891    (0)   :  0.017 0.449 0.534 
892    (0)   :  0.020 0.542 0.438 
893    (0)   :  0.023 0.751 0.226 
894    (0)   :  0.011 0.099 0.890 
895    (0)   :  0.013 0.060 0.927 
896    (0)   :  0.028 0.749 0.223 
897    (0)   :  0.019 0.590 0.391 
898    (0)   :  0.036 0.243 0.721 
899    (0)   :  0.009 0.106 0.885 
900    (0)   :  0.015 0.442 0.544 
901    (0)   :  0.017 0.280 0.703 
902    (0)   :  0.019 0.805 0.175 
903    (0)   :  0.016 0.087 0.897 
904    (0)   :  0.033 0.276 0.691 
905    (0)   :  0.011 0.055 0.934 
906    (0)   :  0.021 0.337 0.642 
907    (0)   :  0.028 0.154 0.818 
908    (0)   :  0.021 0.108 0.871 
909    (0)   :  0.022 0.340 0.638 
910    (0)   :  0.021 0.660 0.319 
911    (0)   :  0.010 0.055 0.935 
912    (0)   :  0.012 0.088 0.900 
913    (0)   :  0.011 0.101 0.887 
914    (0)   :  0.090 0.336 0.574 
915    (0)   :  0.009 0.081 0.910 
916    (0)   :  0.015 0.310 0.675 
917    (0)   :  0.013 0.335 0.652 
918    (0)   :  0.061 0.217 0.722 
919    (0)   :  0.030 0.082 0.888 
920    (0)   :  0.025 0.146 0.829 
921    (0)   :  0.104 0.782 0.114 
922    (0)   :  0.019 0.844 0.137 
923    (0)   :  0.027 0.896 0.077 
924    (0)   :  0.017 0.889 0.094 
925    (0)   :  0.026 0.858 0.116 
926    (0)   :  0.026 0.931 0.043 
927    (0)   :  0.047 0.884 0.069 
928    (0)   :  0.075 0.879 0.046 
929    (0)   :  0.016 0.932 0.053 
930    (0)   :  0.029 0.875 0.096 
931    (0)   :  0.113 0.727 0.160 
932    (0)   :  0.015 0.924 0.062 
933    (0)   :  0.209 0.733 0.059 
934    (0)   :  0.012 0.928 0.060 
935    (0)   :  0.022 0.893 0.085 
936    (0)   :  0.015 0.927 0.058 
937    (0)   :  0.035 0.907 0.058 
938    (0)   :  0.062 0.899 0.039 
939    (0)   :  0.079 0.861 0.060 
940    (0)   :  0.038 0.887 0.076 
941    (0)   :  0.016 0.858 0.125 
942    (0)   :  0.091 0.814 0.096 
943    (0)   :  0.122 0.825 0.053 
944    (0)   :  0.042 0.904 0.054 
945    (0)   :  0.028 0.888 0.084 
946    (0)   :  0.021 0.915 0.063 
947    (0)   :  0.064 0.892 0.044 
948    (0)   :  0.012 0.829 0.159 
949    (0)   :  0.013 0.773 0.215 
950    (0)   :  0.031 0.928 0.041 
951    (0)   :  0.042 0.891 0.067 
952    (0)   :  0.019 0.919 0.062 
953    (0)   :  0.023 0.826 0.151 
954    (0)   :  0.022 0.843 0.135 
955    (0)   :  0.794 0.158 0.048 
956    (0)   :  0.664 0.288 0.047 
957    (0)   :  0.187 0.684 0.129 
958    (0)   :  0.035 0.677 0.288 
959    (0)   :  0.084 0.804 0.112 
960    (0)   :  0.061 0.303 0.636 
961    (0)   :  0.922 0.046 0.032 
962    (0)   :  0.020 0.927 0.052 
963    (0)   :  0.035 0.680 0.286 
964    (0)   :  0.081 0.232 0.687 
965    (0)   :  0.121 0.781 0.098 
966    (0)   :  0.074 0.803 0.124 
967    (0)   :  0.846 0.099 0.055 
968    (0)   :  0.027 0.904 0.068 
969    (0)   :  0.253 0.209 0.538 
970    (0)   :  0.722 0.207 0.071 
971    (0)   :  0.037 0.886 0.077 
972    (0)   :  0.121 0.648 0.231 
973    (0)   :  0.109 0.829 0.062 
974    (0)   :  0.050 0.605 0.345 
975    (0)   :  0.256 0.209 0.535 
976    (0)   :  0.038 0.887 0.075 
977    (0)   :  0.259 0.464 0.277 
978    (0)   :  0.075 0.842 0.083 
979    (0)   :  0.029 0.780 0.191 
980    (0)   :  0.118 0.789 0.093 
981    (0)   :  0.094 0.738 0.168 
982    (0)   :  0.024 0.254 0.722 
983    (0)   :  0.027 0.399 0.574 
984    (0)   :  0.730 0.103 0.167 
985    (0)   :  0.060 0.817 0.123 
986    (0)   :  0.045 0.494 0.461 
987    (0)   :  0.015 0.611 0.374 
988    (0)   :  0.012 0.056 0.932 
989    (0)   :  0.395 0.454 0.151 
990    (0)   :  0.055 0.245 0.700 
991    (0)   :  0.054 0.667 0.278 
992    (0)   :  0.013 0.882 0.105 
993    (0)   :  0.028 0.269 0.702 
994    (0)   :  0.066 0.849 0.085 
995    (0)   :  0.836 0.127 0.037 
996    (0)   :  0.024 0.115 0.861 
997    (0)   :  0.031 0.879 0.090 
998    (0)   :  0.022 0.561 0.416 
999    (0)   :  0.071 0.755 0.175 
1000    (0)   :  0.017 0.570 0.413 
1001    (0)   :  0.028 0.132 0.840 
1002    (0)   :  0.011 0.137 0.851 
1003    (0)   :  0.031 0.813 0.156 
1004    (0)   :  0.030 0.805 0.165 
1005    (0)   :  0.018 0.675 0.307 
1006    (0)   :  0.042 0.846 0.112 
1007    (0)   :  0.098 0.805 0.097 
1008    (0)   :  0.128 0.801 0.071 
1009    (0)   :  0.050 0.789 0.161 
1010    (0)   :  0.055 0.810 0.136 
1011    (0)   :  0.169 0.718 0.113 
1012    (0)   :  0.021 0.869 0.110 
1013    (0)   :  0.033 0.829 0.138 
1014    (0)   :  0.020 0.555 0.426 
1015    (0)   :  0.018 0.871 0.111 
1016    (0)   :  0.019 0.439 0.543 
1017    (0)   :  0.052 0.844 0.104 
1018    (0)   :  0.054 0.826 0.119 
1019    (0)   :  0.078 0.423 0.499 
1020    (0)   :  0.685 0.264 0.050 
1021    (0)   :  0.196 0.740 0.064 
1022    (0)   :  0.055 0.779 0.166 
1023    (0)   :  0.025 0.152 0.824 
1024    (0)   :  0.019 0.217 0.764 
1025    (0)   :  0.041 0.743 0.216 
1026    (0)   :  0.173 0.136 0.691 
1027    (0)   :  0.086 0.465 0.449 
1028    (0)   :  0.090 0.085 0.825 
1029    (0)   :  0.124 0.358 0.518 
1030    (0)   :  0.393 0.411 0.196 
1031    (0)   :  0.233 0.258 0.509 
1032    (0)   :  0.268 0.394 0.337 
1033    (0)   :  0.313 0.144 0.543 
1034    (0)   :  0.111 0.448 0.441 
1035    (0)   :  0.786 0.097 0.116 
1036    (0)   :  0.280 0.467 0.254 
1037    (0)   :  0.373 0.463 0.164 
1038    (0)   :  0.526 0.169 0.305 
1039    (0)   :  0.207 0.610 0.183 
1040    (0)   :  0.136 0.166 0.698 
1041    (0)   :  0.202 0.150 0.648 
1042    (0)   :  0.461 0.257 0.281 
1043    (0)   :  0.258 0.135 0.606 
1044    (0)   :  0.091 0.390 0.519 
1045    (0)   :  0.178 0.087 0.735 
1046    (0)   :  0.308 0.451 0.241 
1047    (0)   :  0.729 0.163 0.108 
1048    (0)   :  0.046 0.200 0.754 
1049    (0)   :  0.033 0.470 0.497 
1050    (0)   :  0.010 0.067 0.923 
1051    (0)   :  0.012 0.136 0.852 
1052    (0)   :  0.018 0.130 0.853 
1053    (0)   :  0.022 0.092 0.887 
1054    (0)   :  0.021 0.146 0.834 
1055    (0)   :  0.016 0.536 0.447 
1056    (0)   :  0.018 0.228 0.754 
1057    (0)   :  0.012 0.095 0.893 
1058    (0)   :  0.014 0.110 0.877 
1059    (0)   :  0.029 0.089 0.882 
1060    (0)   :  0.054 0.363 0.583 
1061    (0)   :  0.013 0.732 0.255 
1062    (0)   :  0.015 0.095 0.891 
1063    (0)   :  0.024 0.893 0.083 
1064    (0)   :  0.018 0.184 0.798 
1065    (0)   :  0.024 0.619 0.357 
1066    (0)   :  0.033 0.714 0.253 
1067    (0)   :  0.013 0.107 0.880 
1068    (0)   :  0.251 0.237 0.512 
1069    (0)   :  0.011 0.077 0.911 
1070    (0)   :  0.015 0.234 0.751 
1071    (0)   :  0.055 0.344 0.601 
1072    (0)   :  0.027 0.524 0.449 
1073    (0)   :  0.018 0.109 0.873 
1074    (0)   :  0.047 0.216 0.737 
1075    (0)   :  0.034 0.427 0.539 
1076    (0)   :  0.038 0.219 0.743 
1077    (0)   :  0.012 0.050 0.938 
1078    (0)   :  0.021 0.547 0.432 
1079    (0)   :  0.017 0.141 0.842 
1080    (0)   :  0.077 0.649 0.274 
1081    (0)   :  0.012 0.054 0.933 
1082    (0)   :  0.038 0.554 0.408 
1083    (0)   :  0.033 0.558 0.409 
1084    (0)   :  0.043 0.692 0.264 
1085    (0)   :  0.009 0.139 0.852 
1086    (0)   :  0.014 0.764 0.223 
1087    (0)   :  0.009 0.124 0.867 
1088    (0)   :  0.011 0.245 0.745 
1089    (0)   :  0.011 0.080 0.909 
1090    (0)   :  0.014 0.116 0.870 
1091    (0)   :  0.022 0.162 0.816 
1092    (0)   :  0.014 0.075 0.911 
1093    (0)   :  0.038 0.464 0.498 
1094    (0)   :  0.039 0.113 0.848 
