

----------------------------------------------------
STRUCTURE by Pritchard, Stephens and Donnelly (2000)
     and Falush, Stephens and Pritchard (2003)
       Code by Pritchard, Falush and Hubisz
             Version 2.3.4 (Jul 2012)
----------------------------------------------------



Command line arguments:   ./structure -K 9 -D 109017 -m brooktrout/mainparams -e brooktrout/extraparams -o brooktrout/250914_output/results_K9_rep17 
Input File:    brooktrout/brooktrout.txt

Run parameters:
   8454 individuals
   5 loci
   9 populations assumed
   50000 Burn-in period
   100000 Reps
RANDOMIZE turned off


--------------------------------------------
Overall proportion of membership of the
sample in each of the 9 clusters

Inferred Clusters
  1      2      3      4      5      6      7      8      9    
0.015  0.012  0.037  0.098  0.106  0.162  0.187  0.185  0.199  

--------------------------------------------

Allele-freq. divergence among pops (Net nucleotide distance),
computed using point estimates of P.

      1       2       3       4       5       6       7       8       9      
 1      -    0.2181  0.1474  0.2559  0.1977  0.1344  0.2267  0.1234  0.1528  
 2   0.2181     -    0.1623  0.1930  0.1949  0.1693  0.1502  0.1762  0.1544  
 3   0.1474  0.1623     -    0.1145  0.1220  0.0455  0.1718  0.1143  0.0436  
 4   0.2559  0.1930  0.1145     -    0.1136  0.1198  0.1344  0.1582  0.1003  
 5   0.1977  0.1949  0.1220  0.1136     -    0.1556  0.1506  0.1556  0.1286  
 6   0.1344  0.1693  0.0455  0.1198  0.1556     -    0.1737  0.0748  0.0219  
 7   0.2267  0.1502  0.1718  0.1344  0.1506  0.1737     -    0.1434  0.1486  
 8   0.1234  0.1762  0.1143  0.1582  0.1556  0.0748  0.1434     -    0.0727  
 9   0.1528  0.1544  0.0436  0.1003  0.1286  0.0219  0.1486  0.0727     -    

Average distances (expected heterozygosity) between individuals in same cluster:
cluster  1  : 0.6772 
cluster  2  : 0.7473 
cluster  3  : 0.8359 
cluster  4  : 0.7180 
cluster  5  : 0.7514 
cluster  6  : 0.7836 
cluster  7  : 0.6902 
cluster  8  : 0.7223 
cluster  9  : 0.8107 

--------------------------------------------
Estimated Ln Prob of Data   = -211917.3
Mean value of ln likelihood = -172287.8
Variance of ln likelihood   = 79259.1

Mean value of alpha_1       = 0.0653
Mean value of alpha_2       = 0.0586
Mean value of alpha_3       = 0.1812
Mean value of alpha_4       = 0.4879
Mean value of alpha_5       = 0.5330
Mean value of alpha_6       = 0.8070
Mean value of alpha_7       = 0.8910
Mean value of alpha_8       = 0.9381
Mean value of alpha_9       = 0.9975
Allele frequencies uncorrelated


Inferred ancestry of individuals:
     (%Miss) :  Inferred clusters
  1    (0)   :  0.008 0.011 0.020 0.049 0.094 0.113 0.179 0.389 0.137 
  2    (0)   :  0.006 0.005 0.029 0.327 0.060 0.132 0.100 0.118 0.224 
  3    (0)   :  0.010 0.005 0.085 0.068 0.129 0.210 0.177 0.191 0.125 
  4    (0)   :  0.012 0.020 0.041 0.067 0.097 0.126 0.389 0.105 0.144 
  5    (0)   :  0.006 0.009 0.037 0.150 0.065 0.166 0.102 0.138 0.326 
  6    (0)   :  0.006 0.007 0.088 0.072 0.052 0.276 0.128 0.199 0.173 
  7    (0)   :  0.008 0.006 0.024 0.044 0.047 0.243 0.097 0.183 0.348 
  8    (0)   :  0.011 0.133 0.061 0.067 0.072 0.177 0.192 0.147 0.140 
  9    (0)   :  0.008 0.006 0.050 0.189 0.070 0.160 0.145 0.219 0.153 
 10    (0)   :  0.006 0.106 0.030 0.061 0.046 0.186 0.125 0.241 0.198 
 11    (0)   :  0.008 0.005 0.022 0.046 0.046 0.162 0.089 0.366 0.255 
 12    (0)   :  0.006 0.005 0.031 0.147 0.069 0.166 0.163 0.139 0.273 
 13    (0)   :  0.006 0.006 0.027 0.095 0.074 0.197 0.147 0.197 0.251 
 14    (0)   :  0.010 0.018 0.035 0.133 0.184 0.152 0.133 0.168 0.168 
 15    (0)   :  0.016 0.007 0.034 0.090 0.093 0.161 0.240 0.144 0.216 
 16    (0)   :  0.007 0.005 0.028 0.049 0.069 0.171 0.109 0.379 0.183 
 17    (0)   :  0.008 0.006 0.049 0.076 0.099 0.228 0.149 0.167 0.220 
 18    (0)   :  0.015 0.007 0.052 0.211 0.078 0.161 0.157 0.199 0.119 
 19    (0)   :  0.006 0.005 0.055 0.101 0.049 0.245 0.134 0.215 0.190 
 20    (0)   :  0.013 0.005 0.044 0.097 0.077 0.202 0.150 0.147 0.266 
 21    (0)   :  0.007 0.010 0.020 0.109 0.117 0.113 0.197 0.274 0.153 
 22    (0)   :  0.006 0.005 0.067 0.064 0.070 0.232 0.154 0.251 0.149 
 23    (0)   :  0.015 0.014 0.047 0.130 0.166 0.131 0.222 0.123 0.151 
 24    (0)   :  0.007 0.005 0.020 0.061 0.072 0.110 0.191 0.395 0.138 
 25    (0)   :  0.010 0.006 0.058 0.083 0.064 0.274 0.082 0.132 0.291 
 26    (0)   :  0.009 0.005 0.029 0.096 0.065 0.171 0.196 0.227 0.202 
 27    (0)   :  0.007 0.006 0.028 0.061 0.102 0.178 0.141 0.246 0.230 
 28    (0)   :  0.007 0.047 0.021 0.082 0.068 0.148 0.233 0.227 0.166 
 29    (0)   :  0.006 0.005 0.027 0.102 0.083 0.160 0.121 0.210 0.286 
 30    (0)   :  0.007 0.005 0.044 0.082 0.080 0.185 0.120 0.334 0.145 
 31    (0)   :  0.006 0.114 0.032 0.082 0.105 0.138 0.107 0.212 0.203 
 32    (0)   :  0.010 0.012 0.077 0.136 0.078 0.212 0.208 0.122 0.144 
 33    (0)   :  0.007 0.005 0.042 0.076 0.104 0.193 0.181 0.230 0.163 
 34    (0)   :  0.008 0.110 0.067 0.047 0.053 0.264 0.099 0.117 0.235 
 35    (0)   :  0.006 0.005 0.061 0.098 0.189 0.168 0.099 0.186 0.189 
 36    (0)   :  0.033 0.007 0.018 0.079 0.220 0.089 0.090 0.353 0.109 
 37    (0)   :  0.006 0.006 0.026 0.152 0.116 0.151 0.191 0.187 0.165 
 38    (0)   :  0.174 0.005 0.029 0.077 0.089 0.150 0.081 0.202 0.193 
 39    (0)   :  0.013 0.006 0.035 0.085 0.140 0.172 0.117 0.229 0.204 
 40    (0)   :  0.009 0.005 0.026 0.095 0.333 0.118 0.117 0.172 0.126 
 41    (0)   :  0.010 0.007 0.038 0.054 0.328 0.147 0.079 0.187 0.150 
 42    (0)   :  0.020 0.005 0.019 0.044 0.188 0.077 0.254 0.277 0.117 
 43    (0)   :  0.006 0.010 0.027 0.091 0.334 0.134 0.124 0.123 0.152 
 44    (0)   :  0.005 0.004 0.050 0.076 0.386 0.155 0.077 0.120 0.127 
 45    (0)   :  0.023 0.005 0.021 0.144 0.159 0.093 0.080 0.317 0.157 
 46    (0)   :  0.007 0.005 0.070 0.071 0.149 0.224 0.106 0.161 0.207 
 47    (0)   :  0.006 0.012 0.059 0.131 0.098 0.187 0.134 0.217 0.156 
 48    (0)   :  0.007 0.004 0.061 0.092 0.393 0.139 0.084 0.100 0.119 
 49    (0)   :  0.008 0.005 0.038 0.073 0.169 0.123 0.116 0.282 0.186 
 50    (0)   :  0.008 0.044 0.078 0.072 0.089 0.241 0.103 0.159 0.206 
 51    (0)   :  0.026 0.006 0.017 0.062 0.434 0.074 0.076 0.204 0.100 
 52    (0)   :  0.007 0.005 0.035 0.047 0.146 0.172 0.124 0.256 0.208 
 53    (0)   :  0.046 0.018 0.043 0.068 0.115 0.193 0.115 0.250 0.152 
 54    (0)   :  0.005 0.005 0.029 0.217 0.156 0.126 0.137 0.155 0.169 
 55    (0)   :  0.006 0.005 0.028 0.127 0.336 0.119 0.107 0.110 0.162 
 56    (0)   :  0.014 0.005 0.058 0.126 0.204 0.138 0.136 0.177 0.142 
 57    (0)   :  0.008 0.014 0.040 0.063 0.058 0.191 0.234 0.187 0.206 
 58    (0)   :  0.012 0.005 0.023 0.104 0.215 0.098 0.109 0.256 0.178 
 59    (0)   :  0.041 0.005 0.040 0.092 0.150 0.103 0.117 0.264 0.188 
 60    (0)   :  0.013 0.011 0.018 0.083 0.322 0.096 0.144 0.197 0.115 
 61    (0)   :  0.005 0.005 0.017 0.232 0.277 0.081 0.141 0.117 0.124 
 62    (0)   :  0.007 0.005 0.076 0.116 0.078 0.149 0.138 0.191 0.239 
 63    (0)   :  0.007 0.005 0.022 0.119 0.161 0.155 0.158 0.193 0.179 
 64    (0)   :  0.016 0.005 0.047 0.129 0.068 0.192 0.090 0.271 0.183 
 65    (0)   :  0.006 0.005 0.032 0.130 0.074 0.248 0.080 0.122 0.302 
 66    (0)   :  0.007 0.012 0.022 0.219 0.102 0.122 0.180 0.138 0.199 
 67    (0)   :  0.005 0.005 0.024 0.189 0.288 0.125 0.091 0.121 0.151 
 68    (0)   :  0.036 0.005 0.033 0.078 0.169 0.093 0.130 0.287 0.168 
 69    (0)   :  0.068 0.228 0.054 0.062 0.085 0.114 0.079 0.175 0.135 
 70    (0)   :  0.013 0.012 0.022 0.061 0.284 0.146 0.113 0.194 0.156 
 71    (0)   :  0.030 0.007 0.038 0.109 0.203 0.106 0.072 0.252 0.182 
 72    (0)   :  0.010 0.007 0.029 0.068 0.143 0.148 0.082 0.387 0.125 
 73    (0)   :  0.010 0.008 0.038 0.198 0.202 0.108 0.082 0.157 0.196 
 74    (0)   :  0.033 0.005 0.018 0.081 0.185 0.089 0.141 0.342 0.105 
 75    (0)   :  0.018 0.010 0.019 0.099 0.202 0.075 0.144 0.323 0.110 
 76    (0)   :  0.006 0.005 0.024 0.107 0.243 0.186 0.103 0.133 0.192 
 77    (0)   :  0.033 0.005 0.027 0.086 0.205 0.137 0.084 0.222 0.202 
 78    (0)   :  0.142 0.005 0.031 0.077 0.168 0.136 0.089 0.172 0.179 
 79    (0)   :  0.007 0.006 0.020 0.094 0.049 0.202 0.110 0.222 0.289 
 80    (0)   :  0.006 0.006 0.016 0.116 0.058 0.119 0.392 0.145 0.143 
 81    (0)   :  0.007 0.006 0.015 0.122 0.045 0.141 0.319 0.172 0.172 
 82    (0)   :  0.006 0.006 0.027 0.092 0.145 0.122 0.164 0.164 0.274 
 83    (0)   :  0.011 0.007 0.024 0.118 0.083 0.181 0.240 0.149 0.185 
 84    (0)   :  0.007 0.006 0.019 0.088 0.056 0.188 0.231 0.177 0.229 
 85    (0)   :  0.014 0.007 0.030 0.092 0.076 0.161 0.258 0.196 0.166 
 86    (0)   :  0.009 0.005 0.031 0.186 0.142 0.158 0.107 0.142 0.220 
 87    (0)   :  0.013 0.014 0.022 0.087 0.085 0.230 0.117 0.164 0.269 
 88    (0)   :  0.006 0.006 0.018 0.094 0.069 0.134 0.258 0.193 0.223 
 89    (0)   :  0.007 0.016 0.015 0.189 0.057 0.114 0.250 0.190 0.162 
 90    (0)   :  0.006 0.006 0.018 0.101 0.056 0.216 0.131 0.157 0.309 
 91    (0)   :  0.014 0.008 0.024 0.079 0.080 0.129 0.371 0.158 0.137 
 92    (0)   :  0.006 0.006 0.020 0.097 0.064 0.151 0.153 0.230 0.273 
 93    (0)   :  0.006 0.036 0.016 0.070 0.061 0.087 0.445 0.157 0.123 
 94    (0)   :  0.018 0.007 0.019 0.050 0.074 0.283 0.104 0.168 0.279 
 95    (0)   :  0.006 0.006 0.016 0.097 0.060 0.197 0.222 0.135 0.261 
 96    (0)   :  0.005 0.006 0.017 0.130 0.289 0.086 0.208 0.115 0.143 
 97    (0)   :  0.018 0.005 0.019 0.113 0.131 0.080 0.153 0.358 0.124 
 98    (0)   :  0.006 0.005 0.024 0.118 0.195 0.128 0.123 0.221 0.181 
 99    (0)   :  0.007 0.006 0.018 0.115 0.050 0.188 0.215 0.165 0.236 
100    (0)   :  0.005 0.006 0.017 0.195 0.074 0.080 0.397 0.112 0.114 
101    (0)   :  0.015 0.049 0.024 0.119 0.109 0.165 0.127 0.174 0.217 
102    (0)   :  0.012 0.008 0.028 0.072 0.143 0.141 0.297 0.121 0.177 
103    (0)   :  0.005 0.026 0.021 0.358 0.062 0.141 0.122 0.101 0.165 
104    (0)   :  0.005 0.012 0.021 0.073 0.058 0.264 0.130 0.101 0.335 
105    (0)   :  0.005 0.031 0.036 0.138 0.076 0.166 0.152 0.109 0.286 
106    (0)   :  0.009 0.004 0.021 0.060 0.061 0.288 0.067 0.163 0.327 
107    (0)   :  0.006 0.016 0.028 0.214 0.073 0.193 0.135 0.107 0.227 
108    (0)   :  0.078 0.006 0.056 0.233 0.179 0.120 0.096 0.086 0.146 
109    (0)   :  0.017 0.010 0.078 0.079 0.082 0.172 0.067 0.170 0.325 
110    (0)   :  0.009 0.007 0.024 0.058 0.051 0.288 0.071 0.184 0.308 
111    (0)   :  0.007 0.008 0.032 0.097 0.061 0.249 0.104 0.095 0.347 
112    (0)   :  0.010 0.005 0.094 0.049 0.090 0.229 0.074 0.134 0.314 
113    (0)   :  0.013 0.009 0.026 0.269 0.092 0.130 0.110 0.185 0.166 
114    (0)   :  0.005 0.014 0.025 0.081 0.055 0.228 0.152 0.105 0.335 
115    (0)   :  0.007 0.006 0.040 0.066 0.170 0.214 0.113 0.100 0.285 
116    (0)   :  0.018 0.005 0.024 0.073 0.154 0.186 0.069 0.194 0.277 
117    (0)   :  0.010 0.011 0.036 0.054 0.074 0.229 0.086 0.206 0.294 
118    (0)   :  0.010 0.005 0.035 0.227 0.083 0.131 0.101 0.102 0.305 
119    (0)   :  0.008 0.007 0.020 0.096 0.290 0.123 0.212 0.100 0.142 
120    (0)   :  0.007 0.007 0.041 0.084 0.122 0.209 0.122 0.102 0.305 
121    (0)   :  0.010 0.013 0.072 0.069 0.185 0.183 0.078 0.129 0.261 
122    (0)   :  0.007 0.010 0.023 0.079 0.059 0.244 0.084 0.183 0.312 
123    (0)   :  0.009 0.009 0.025 0.105 0.078 0.247 0.112 0.131 0.283 
124    (0)   :  0.009 0.006 0.059 0.120 0.117 0.194 0.086 0.212 0.196 
125    (0)   :  0.018 0.007 0.044 0.054 0.095 0.172 0.087 0.332 0.190 
126    (0)   :  0.009 0.005 0.017 0.075 0.144 0.197 0.118 0.195 0.240 
127    (0)   :  0.006 0.005 0.029 0.110 0.068 0.266 0.106 0.084 0.326 
128    (0)   :  0.005 0.005 0.028 0.236 0.085 0.120 0.098 0.123 0.299 
129    (0)   :  0.005 0.020 0.026 0.240 0.071 0.192 0.073 0.100 0.272 
130    (0)   :  0.006 0.015 0.039 0.116 0.053 0.211 0.144 0.106 0.311 
131    (0)   :  0.059 0.016 0.044 0.078 0.108 0.189 0.069 0.225 0.212 
132    (0)   :  0.007 0.010 0.021 0.153 0.063 0.241 0.069 0.157 0.279 
133    (0)   :  0.009 0.013 0.027 0.183 0.085 0.216 0.113 0.100 0.255 
134    (0)   :  0.007 0.004 0.021 0.061 0.044 0.310 0.060 0.148 0.343 
135    (0)   :  0.008 0.005 0.025 0.077 0.166 0.072 0.341 0.154 0.151 
136    (0)   :  0.006 0.012 0.027 0.065 0.058 0.107 0.441 0.128 0.156 
137    (0)   :  0.006 0.013 0.029 0.053 0.053 0.082 0.487 0.140 0.137 
138    (0)   :  0.007 0.007 0.016 0.052 0.066 0.076 0.540 0.145 0.091 
139    (0)   :  0.007 0.012 0.021 0.264 0.099 0.087 0.208 0.175 0.127 
140    (0)   :  0.008 0.018 0.016 0.074 0.102 0.093 0.291 0.248 0.150 
141    (0)   :  0.007 0.059 0.028 0.077 0.066 0.117 0.318 0.190 0.139 
142    (0)   :  0.007 0.017 0.024 0.100 0.202 0.072 0.307 0.141 0.130 
143    (0)   :  0.006 0.005 0.014 0.058 0.057 0.068 0.592 0.110 0.090 
144    (0)   :  0.006 0.006 0.028 0.055 0.057 0.077 0.521 0.119 0.131 
145    (0)   :  0.007 0.012 0.030 0.079 0.090 0.124 0.266 0.216 0.175 
146    (0)   :  0.008 0.012 0.018 0.053 0.065 0.111 0.319 0.248 0.167 
147    (0)   :  0.006 0.010 0.016 0.050 0.050 0.074 0.578 0.121 0.095 
148    (0)   :  0.006 0.058 0.028 0.084 0.107 0.120 0.299 0.124 0.175 
149    (0)   :  0.008 0.196 0.018 0.086 0.119 0.074 0.186 0.201 0.112 
150    (0)   :  0.006 0.014 0.032 0.083 0.066 0.104 0.349 0.156 0.191 
151    (0)   :  0.006 0.006 0.015 0.073 0.065 0.082 0.492 0.134 0.126 
152    (0)   :  0.010 0.018 0.044 0.069 0.149 0.131 0.318 0.104 0.156 
153    (0)   :  0.008 0.015 0.016 0.050 0.100 0.086 0.415 0.202 0.110 
154    (0)   :  0.006 0.267 0.024 0.080 0.102 0.101 0.151 0.124 0.146 
155    (0)   :  0.005 0.006 0.016 0.065 0.056 0.086 0.553 0.102 0.111 
156    (0)   :  0.005 0.006 0.017 0.067 0.151 0.075 0.453 0.104 0.120 
157    (0)   :  0.006 0.013 0.016 0.058 0.051 0.126 0.460 0.123 0.148 
158    (0)   :  0.008 0.012 0.028 0.062 0.077 0.119 0.290 0.228 0.176 
159    (0)   :  0.007 0.115 0.018 0.063 0.049 0.074 0.451 0.117 0.106 
160    (0)   :  0.006 0.118 0.019 0.079 0.051 0.076 0.412 0.118 0.121 
161    (0)   :  0.007 0.010 0.016 0.064 0.081 0.089 0.323 0.286 0.124 
162    (0)   :  0.007 0.012 0.019 0.067 0.071 0.122 0.288 0.227 0.187 
163    (0)   :  0.005 0.006 0.015 0.056 0.086 0.078 0.542 0.108 0.104 
164    (0)   :  0.007 0.170 0.018 0.086 0.065 0.101 0.196 0.160 0.197 
165    (0)   :  0.006 0.006 0.030 0.066 0.064 0.092 0.417 0.136 0.183 
166    (0)   :  0.012 0.171 0.021 0.098 0.105 0.123 0.222 0.113 0.135 
167    (0)   :  0.006 0.345 0.023 0.041 0.050 0.122 0.160 0.106 0.146 
168    (0)   :  0.020 0.008 0.021 0.057 0.098 0.095 0.428 0.164 0.108 
169    (0)   :  0.019 0.010 0.028 0.051 0.066 0.113 0.213 0.340 0.161 
170    (0)   :  0.006 0.006 0.015 0.112 0.150 0.083 0.353 0.155 0.121 
171    (0)   :  0.012 0.011 0.027 0.081 0.103 0.121 0.357 0.133 0.154 
172    (0)   :  0.016 0.034 0.019 0.066 0.132 0.071 0.231 0.325 0.107 
173    (0)   :  0.005 0.012 0.018 0.098 0.055 0.079 0.509 0.110 0.115 
174    (0)   :  0.006 0.011 0.016 0.067 0.047 0.089 0.497 0.143 0.125 
175    (0)   :  0.005 0.007 0.026 0.062 0.082 0.104 0.490 0.110 0.113 
176    (0)   :  0.006 0.006 0.027 0.054 0.057 0.077 0.523 0.117 0.131 
177    (0)   :  0.008 0.013 0.017 0.055 0.062 0.132 0.349 0.202 0.162 
178    (0)   :  0.006 0.015 0.025 0.074 0.050 0.134 0.407 0.138 0.151 
179    (0)   :  0.005 0.035 0.016 0.074 0.049 0.078 0.538 0.113 0.092 
180    (0)   :  0.008 0.040 0.019 0.051 0.078 0.099 0.320 0.244 0.142 
181    (0)   :  0.007 0.010 0.020 0.095 0.098 0.084 0.331 0.214 0.139 
182    (0)   :  0.006 0.007 0.018 0.095 0.093 0.072 0.447 0.111 0.151 
183    (0)   :  0.005 0.011 0.017 0.078 0.061 0.079 0.523 0.126 0.101 
184    (0)   :  0.007 0.005 0.033 0.434 0.059 0.139 0.094 0.094 0.136 
185    (0)   :  0.005 0.006 0.017 0.066 0.163 0.061 0.505 0.092 0.084 
186    (0)   :  0.005 0.005 0.024 0.361 0.063 0.156 0.091 0.129 0.166 
187    (0)   :  0.006 0.007 0.020 0.350 0.063 0.101 0.238 0.103 0.113 
188    (0)   :  0.005 0.005 0.022 0.472 0.058 0.128 0.074 0.098 0.137 
189    (0)   :  0.017 0.006 0.026 0.159 0.105 0.154 0.225 0.189 0.119 
190    (0)   :  0.005 0.005 0.018 0.177 0.325 0.062 0.219 0.085 0.104 
191    (0)   :  0.005 0.005 0.021 0.467 0.052 0.097 0.108 0.105 0.141 
192    (0)   :  0.006 0.005 0.020 0.309 0.054 0.119 0.226 0.120 0.142 
193    (0)   :  0.006 0.005 0.027 0.192 0.087 0.123 0.209 0.152 0.199 
194    (0)   :  0.006 0.007 0.019 0.205 0.128 0.115 0.226 0.146 0.148 
195    (0)   :  0.005 0.006 0.015 0.363 0.111 0.068 0.242 0.107 0.084 
196    (0)   :  0.007 0.005 0.020 0.304 0.166 0.083 0.190 0.091 0.134 
197    (0)   :  0.006 0.007 0.037 0.188 0.082 0.178 0.201 0.139 0.162 
198    (0)   :  0.007 0.006 0.022 0.134 0.102 0.146 0.170 0.223 0.190 
199    (0)   :  0.009 0.005 0.022 0.185 0.248 0.087 0.163 0.130 0.152 
200    (0)   :  0.009 0.005 0.029 0.266 0.161 0.110 0.181 0.096 0.142 
201    (0)   :  0.005 0.006 0.018 0.262 0.072 0.079 0.362 0.098 0.099 
202    (0)   :  0.005 0.005 0.018 0.107 0.176 0.078 0.374 0.116 0.122 
203    (0)   :  0.005 0.006 0.019 0.305 0.063 0.074 0.352 0.078 0.100 
204    (0)   :  0.005 0.005 0.015 0.490 0.100 0.066 0.134 0.095 0.091 
205    (0)   :  0.008 0.005 0.018 0.411 0.110 0.090 0.123 0.112 0.122 
206    (0)   :  0.005 0.006 0.016 0.478 0.071 0.074 0.157 0.095 0.099 
207    (0)   :  0.005 0.005 0.022 0.407 0.113 0.084 0.117 0.099 0.148 
208    (0)   :  0.005 0.006 0.018 0.348 0.083 0.079 0.246 0.092 0.123 
209    (0)   :  0.005 0.005 0.024 0.333 0.080 0.107 0.157 0.123 0.167 
210    (0)   :  0.005 0.005 0.016 0.485 0.063 0.079 0.148 0.095 0.105 
211    (0)   :  0.005 0.005 0.047 0.108 0.186 0.097 0.236 0.085 0.232 
212    (0)   :  0.005 0.005 0.019 0.113 0.129 0.088 0.378 0.150 0.113 
213    (0)   :  0.006 0.005 0.017 0.158 0.208 0.106 0.148 0.196 0.155 
214    (0)   :  0.005 0.005 0.021 0.200 0.085 0.080 0.391 0.096 0.119 
215    (0)   :  0.007 0.005 0.022 0.452 0.085 0.093 0.100 0.084 0.152 
216    (0)   :  0.007 0.005 0.037 0.290 0.075 0.166 0.120 0.129 0.172 
217    (0)   :  0.007 0.005 0.019 0.288 0.091 0.081 0.308 0.102 0.099 
218    (0)   :  0.006 0.005 0.018 0.461 0.058 0.090 0.130 0.106 0.126 
219    (0)   :  0.011 0.006 0.034 0.216 0.071 0.155 0.243 0.134 0.130 
220    (0)   :  0.005 0.005 0.016 0.549 0.058 0.074 0.102 0.085 0.106 
221    (0)   :  0.005 0.005 0.017 0.101 0.209 0.067 0.398 0.102 0.095 
222    (0)   :  0.007 0.005 0.040 0.244 0.069 0.181 0.158 0.151 0.144 
223    (0)   :  0.007 0.007 0.023 0.216 0.073 0.116 0.304 0.126 0.127 
224    (0)   :  0.005 0.006 0.017 0.360 0.066 0.076 0.273 0.094 0.102 
225    (0)   :  0.006 0.005 0.018 0.407 0.109 0.084 0.146 0.114 0.112 
226    (0)   :  0.049 0.006 0.030 0.329 0.064 0.117 0.151 0.117 0.138 
227    (0)   :  0.005 0.007 0.018 0.217 0.216 0.083 0.224 0.109 0.121 
228    (0)   :  0.005 0.006 0.018 0.278 0.199 0.063 0.246 0.099 0.087 
229    (0)   :  0.005 0.005 0.017 0.392 0.049 0.079 0.266 0.094 0.093 
230    (0)   :  0.005 0.005 0.017 0.449 0.054 0.074 0.210 0.086 0.099 
231    (0)   :  0.005 0.005 0.022 0.350 0.052 0.099 0.233 0.118 0.117 
232    (0)   :  0.008 0.005 0.017 0.155 0.121 0.092 0.213 0.253 0.135 
233    (0)   :  0.005 0.005 0.020 0.185 0.062 0.081 0.440 0.089 0.113 
234    (0)   :  0.006 0.005 0.025 0.239 0.059 0.143 0.201 0.142 0.179 
235    (0)   :  0.009 0.005 0.021 0.253 0.096 0.103 0.248 0.136 0.128 
236    (0)   :  0.006 0.005 0.024 0.245 0.064 0.099 0.318 0.104 0.136 
237    (0)   :  0.005 0.005 0.024 0.333 0.129 0.090 0.134 0.118 0.162 
238    (0)   :  0.005 0.005 0.019 0.181 0.085 0.096 0.367 0.115 0.127 
239    (0)   :  0.005 0.006 0.015 0.361 0.110 0.067 0.245 0.107 0.085 
240    (0)   :  0.005 0.005 0.020 0.180 0.084 0.096 0.366 0.115 0.130 
241    (0)   :  0.006 0.006 0.019 0.174 0.113 0.081 0.335 0.143 0.125 
242    (0)   :  0.009 0.006 0.019 0.389 0.083 0.109 0.158 0.130 0.098 
243    (0)   :  0.005 0.005 0.022 0.308 0.181 0.071 0.199 0.082 0.127 
244    (0)   :  0.005 0.005 0.018 0.374 0.059 0.072 0.279 0.086 0.102 
245    (0)   :  0.005 0.005 0.015 0.110 0.108 0.080 0.450 0.121 0.105 
246    (0)   :  0.007 0.005 0.019 0.287 0.091 0.082 0.308 0.100 0.100 
247    (0)   :  0.007 0.005 0.020 0.280 0.089 0.167 0.086 0.158 0.187 
248    (0)   :  0.005 0.005 0.023 0.367 0.093 0.103 0.102 0.103 0.199 
249    (0)   :  0.005 0.005 0.020 0.306 0.077 0.081 0.294 0.098 0.114 
250    (0)   :  0.006 0.005 0.022 0.348 0.056 0.099 0.234 0.103 0.128 
251    (0)   :  0.016 0.005 0.035 0.256 0.095 0.153 0.140 0.119 0.182 
252    (0)   :  0.006 0.006 0.017 0.347 0.100 0.089 0.195 0.135 0.105 
253    (0)   :  0.011 0.005 0.022 0.201 0.156 0.127 0.122 0.166 0.190 
254    (0)   :  0.005 0.005 0.033 0.314 0.073 0.150 0.169 0.118 0.131 
255    (0)   :  0.005 0.005 0.023 0.278 0.072 0.116 0.206 0.143 0.152 
256    (0)   :  0.006 0.005 0.020 0.287 0.105 0.087 0.237 0.122 0.130 
257    (0)   :  0.007 0.007 0.024 0.339 0.085 0.100 0.156 0.117 0.166 
258    (0)   :  0.006 0.005 0.023 0.163 0.180 0.121 0.160 0.139 0.204 
259    (0)   :  0.006 0.006 0.021 0.381 0.069 0.097 0.173 0.104 0.144 
260    (0)   :  0.006 0.005 0.041 0.175 0.059 0.165 0.300 0.116 0.133 
261    (0)   :  0.006 0.005 0.018 0.234 0.130 0.088 0.278 0.137 0.105 
262    (0)   :  0.007 0.005 0.018 0.237 0.202 0.068 0.265 0.100 0.099 
263    (0)   :  0.005 0.005 0.024 0.483 0.068 0.103 0.114 0.086 0.114 
264    (0)   :  0.007 0.004 0.088 0.186 0.077 0.229 0.082 0.152 0.175 
265    (0)   :  0.008 0.005 0.021 0.355 0.068 0.107 0.193 0.114 0.128 
266    (0)   :  0.005 0.005 0.017 0.122 0.154 0.067 0.428 0.104 0.098 
267    (0)   :  0.005 0.005 0.027 0.186 0.096 0.114 0.242 0.137 0.188 
268    (0)   :  0.006 0.005 0.021 0.305 0.166 0.082 0.188 0.092 0.135 
269    (0)   :  0.011 0.006 0.030 0.268 0.061 0.155 0.213 0.133 0.123 
270    (0)   :  0.005 0.009 0.029 0.311 0.072 0.146 0.116 0.140 0.172 
271    (0)   :  0.007 0.005 0.025 0.307 0.109 0.108 0.134 0.110 0.196 
272    (0)   :  0.055 0.006 0.032 0.308 0.095 0.108 0.135 0.099 0.162 
273    (0)   :  0.016 0.034 0.037 0.219 0.066 0.124 0.187 0.151 0.166 
274    (0)   :  0.011 0.005 0.024 0.340 0.069 0.118 0.146 0.125 0.162 
275    (0)   :  0.014 0.020 0.032 0.379 0.061 0.106 0.143 0.112 0.132 
276    (0)   :  0.038 0.006 0.031 0.273 0.125 0.106 0.129 0.117 0.176 
277    (0)   :  0.007 0.005 0.024 0.275 0.065 0.116 0.234 0.145 0.130 
278    (0)   :  0.008 0.005 0.023 0.389 0.107 0.090 0.130 0.085 0.163 
279    (0)   :  0.007 0.005 0.023 0.336 0.070 0.109 0.177 0.128 0.145 
280    (0)   :  0.012 0.005 0.022 0.290 0.087 0.108 0.171 0.185 0.119 
281    (0)   :  0.006 0.005 0.020 0.308 0.076 0.112 0.149 0.148 0.175 
282    (0)   :  0.006 0.005 0.023 0.182 0.056 0.109 0.384 0.114 0.122 
283    (0)   :  0.005 0.006 0.019 0.197 0.068 0.088 0.420 0.092 0.105 
284    (0)   :  0.006 0.011 0.025 0.197 0.088 0.120 0.248 0.120 0.185 
285    (0)   :  0.008 0.005 0.023 0.348 0.130 0.103 0.075 0.138 0.172 
286    (0)   :  0.005 0.005 0.018 0.375 0.060 0.073 0.277 0.086 0.102 
287    (0)   :  0.010 0.006 0.020 0.268 0.066 0.123 0.193 0.161 0.154 
288    (0)   :  0.028 0.006 0.023 0.475 0.056 0.096 0.110 0.092 0.114 
289    (0)   :  0.021 0.008 0.032 0.386 0.086 0.117 0.105 0.093 0.152 
290    (0)   :  0.007 0.005 0.045 0.197 0.167 0.121 0.155 0.167 0.136 
291    (0)   :  0.007 0.005 0.025 0.306 0.110 0.108 0.132 0.110 0.196 
292    (0)   :  0.012 0.005 0.019 0.201 0.165 0.093 0.190 0.206 0.107 
293    (0)   :  0.006 0.005 0.045 0.115 0.173 0.154 0.119 0.211 0.172 
294    (0)   :  0.006 0.005 0.023 0.472 0.099 0.100 0.097 0.094 0.105 
295    (0)   :  0.028 0.018 0.034 0.183 0.160 0.121 0.129 0.144 0.184 
296    (0)   :  0.007 0.005 0.019 0.439 0.085 0.088 0.118 0.093 0.146 
297    (0)   :  0.011 0.005 0.022 0.361 0.069 0.110 0.123 0.185 0.115 
298    (0)   :  0.006 0.005 0.022 0.280 0.051 0.110 0.293 0.115 0.119 
299    (0)   :  0.005 0.005 0.024 0.482 0.054 0.114 0.117 0.098 0.103 
300    (0)   :  0.006 0.005 0.017 0.488 0.075 0.077 0.089 0.139 0.103 
301    (0)   :  0.008 0.010 0.041 0.332 0.065 0.160 0.116 0.113 0.156 
302    (0)   :  0.007 0.011 0.027 0.357 0.163 0.104 0.106 0.095 0.130 
303    (0)   :  0.007 0.005 0.018 0.289 0.074 0.083 0.263 0.161 0.100 
304    (0)   :  0.005 0.010 0.037 0.102 0.050 0.170 0.327 0.149 0.149 
305    (0)   :  0.007 0.011 0.017 0.416 0.101 0.072 0.172 0.108 0.097 
306    (0)   :  0.009 0.005 0.021 0.237 0.087 0.095 0.310 0.125 0.111 
307    (0)   :  0.007 0.006 0.025 0.227 0.078 0.117 0.232 0.128 0.180 
308    (0)   :  0.006 0.005 0.018 0.236 0.132 0.087 0.276 0.134 0.104 
309    (0)   :  0.010 0.015 0.026 0.477 0.074 0.087 0.100 0.085 0.125 
310    (0)   :  0.005 0.005 0.019 0.343 0.112 0.073 0.233 0.097 0.113 
311    (0)   :  0.005 0.005 0.017 0.450 0.053 0.074 0.212 0.086 0.099 
312    (0)   :  0.005 0.005 0.017 0.512 0.079 0.079 0.103 0.082 0.119 
313    (0)   :  0.006 0.006 0.020 0.342 0.214 0.083 0.092 0.094 0.143 
314    (0)   :  0.008 0.052 0.017 0.061 0.100 0.069 0.489 0.116 0.087 
315    (0)   :  0.012 0.052 0.021 0.054 0.110 0.088 0.458 0.114 0.092 
316    (0)   :  0.018 0.142 0.026 0.057 0.063 0.097 0.380 0.116 0.101 
317    (0)   :  0.009 0.052 0.017 0.054 0.056 0.072 0.539 0.110 0.091 
318    (0)   :  0.008 0.135 0.016 0.050 0.042 0.075 0.469 0.115 0.090 
319    (0)   :  0.005 0.005 0.015 0.059 0.056 0.068 0.588 0.108 0.095 
320    (0)   :  0.008 0.052 0.017 0.062 0.099 0.070 0.490 0.116 0.086 
321    (0)   :  0.008 0.126 0.017 0.052 0.053 0.076 0.447 0.127 0.093 
322    (0)   :  0.020 0.045 0.026 0.063 0.099 0.093 0.435 0.116 0.103 
323    (0)   :  0.007 0.043 0.021 0.056 0.046 0.080 0.549 0.108 0.090 
324    (0)   :  0.008 0.126 0.017 0.053 0.053 0.077 0.446 0.128 0.093 
325    (0)   :  0.017 0.200 0.022 0.050 0.057 0.091 0.356 0.109 0.097 
326    (0)   :  0.014 0.380 0.019 0.053 0.054 0.087 0.190 0.107 0.096 
327    (0)   :  0.009 0.053 0.017 0.053 0.056 0.072 0.538 0.111 0.091 
328    (0)   :  0.013 0.053 0.022 0.060 0.088 0.094 0.440 0.125 0.104 
329    (0)   :  0.006 0.011 0.015 0.049 0.042 0.072 0.603 0.114 0.089 
330    (0)   :  0.009 0.054 0.017 0.054 0.056 0.072 0.536 0.111 0.091 
331    (0)   :  0.006 0.031 0.015 0.057 0.044 0.072 0.569 0.115 0.091 
332    (0)   :  0.013 0.372 0.022 0.053 0.055 0.089 0.194 0.107 0.095 
333    (0)   :  0.014 0.280 0.020 0.066 0.062 0.086 0.262 0.111 0.099 
334    (0)   :  0.013 0.054 0.022 0.061 0.088 0.093 0.439 0.125 0.105 
335    (0)   :  0.013 0.019 0.022 0.052 0.090 0.088 0.515 0.104 0.097 
336    (0)   :  0.007 0.319 0.018 0.060 0.071 0.074 0.244 0.122 0.086 
337    (0)   :  0.018 0.180 0.023 0.053 0.078 0.092 0.333 0.122 0.101 
338    (0)   :  0.007 0.330 0.016 0.053 0.042 0.076 0.268 0.119 0.090 
339    (0)   :  0.006 0.032 0.014 0.056 0.043 0.072 0.569 0.115 0.091 
340    (0)   :  0.006 0.013 0.014 0.057 0.046 0.068 0.611 0.099 0.087 
341    (0)   :  0.008 0.151 0.017 0.062 0.046 0.074 0.431 0.114 0.098 
342    (0)   :  0.009 0.052 0.017 0.054 0.056 0.072 0.539 0.111 0.091 
343    (0)   :  0.013 0.051 0.031 0.055 0.151 0.093 0.397 0.114 0.094 
344    (0)   :  0.006 0.029 0.015 0.048 0.042 0.073 0.587 0.112 0.088 
345    (0)   :  0.009 0.054 0.017 0.054 0.056 0.072 0.536 0.111 0.091 
346    (0)   :  0.009 0.057 0.016 0.052 0.045 0.072 0.561 0.102 0.087 
347    (0)   :  0.006 0.012 0.014 0.049 0.044 0.068 0.626 0.097 0.085 
348    (0)   :  0.011 0.016 0.021 0.056 0.164 0.081 0.456 0.104 0.091 
349    (0)   :  0.009 0.053 0.017 0.054 0.056 0.071 0.538 0.110 0.091 
350    (0)   :  0.006 0.010 0.015 0.062 0.072 0.070 0.550 0.123 0.091 
351    (0)   :  0.013 0.018 0.022 0.051 0.091 0.089 0.515 0.105 0.097 
352    (0)   :  0.021 0.080 0.024 0.055 0.090 0.090 0.430 0.108 0.101 
353    (0)   :  0.007 0.319 0.018 0.060 0.071 0.074 0.244 0.121 0.086 
354    (0)   :  0.007 0.052 0.017 0.055 0.044 0.077 0.535 0.120 0.092 
355    (0)   :  0.008 0.141 0.016 0.050 0.042 0.075 0.463 0.115 0.090 
356    (0)   :  0.010 0.006 0.020 0.057 0.171 0.080 0.460 0.106 0.091 
357    (0)   :  0.016 0.008 0.033 0.059 0.066 0.166 0.368 0.154 0.132 
358    (0)   :  0.011 0.263 0.020 0.051 0.057 0.089 0.302 0.111 0.097 
359    (0)   :  0.006 0.213 0.015 0.063 0.045 0.073 0.369 0.122 0.093 
360    (0)   :  0.009 0.056 0.017 0.052 0.045 0.072 0.560 0.102 0.087 
361    (0)   :  0.016 0.007 0.032 0.063 0.091 0.164 0.322 0.169 0.136 
362    (0)   :  0.018 0.014 0.021 0.209 0.072 0.184 0.101 0.207 0.175 
363    (0)   :  0.010 0.008 0.046 0.101 0.074 0.240 0.083 0.201 0.237 
364    (0)   :  0.008 0.010 0.067 0.068 0.080 0.189 0.215 0.163 0.200 
365    (0)   :  0.018 0.009 0.038 0.072 0.059 0.185 0.093 0.333 0.191 
366    (0)   :  0.015 0.007 0.072 0.111 0.167 0.165 0.141 0.182 0.139 
367    (0)   :  0.011 0.005 0.019 0.054 0.048 0.309 0.072 0.170 0.313 
368    (0)   :  0.007 0.006 0.020 0.125 0.055 0.171 0.110 0.191 0.315 
369    (0)   :  0.009 0.019 0.041 0.079 0.229 0.169 0.151 0.155 0.150 
370    (0)   :  0.011 0.017 0.038 0.175 0.063 0.177 0.105 0.146 0.268 
371    (0)   :  0.008 0.021 0.055 0.149 0.081 0.208 0.125 0.166 0.188 
372    (0)   :  0.016 0.027 0.039 0.226 0.070 0.131 0.126 0.149 0.217 
373    (0)   :  0.006 0.006 0.021 0.085 0.065 0.212 0.154 0.205 0.246 
374    (0)   :  0.022 0.007 0.037 0.100 0.068 0.174 0.216 0.178 0.197 
375    (0)   :  0.010 0.010 0.046 0.100 0.047 0.265 0.084 0.205 0.233 
376    (0)   :  0.013 0.008 0.087 0.044 0.053 0.281 0.080 0.265 0.168 
377    (0)   :  0.012 0.018 0.028 0.098 0.089 0.163 0.106 0.232 0.255 
378    (0)   :  0.007 0.016 0.018 0.071 0.069 0.203 0.201 0.143 0.273 
379    (0)   :  0.021 0.012 0.142 0.060 0.059 0.279 0.072 0.191 0.164 
380    (0)   :  0.025 0.010 0.027 0.077 0.079 0.109 0.140 0.420 0.113 
381    (0)   :  0.009 0.006 0.065 0.055 0.123 0.174 0.128 0.339 0.101 
382    (0)   :  0.007 0.010 0.046 0.069 0.046 0.348 0.092 0.152 0.230 
383    (0)   :  0.032 0.175 0.035 0.089 0.046 0.135 0.100 0.272 0.117 
384    (0)   :  0.018 0.064 0.063 0.075 0.049 0.212 0.136 0.223 0.160 
385    (0)   :  0.006 0.120 0.105 0.061 0.047 0.137 0.123 0.158 0.243 
386    (0)   :  0.009 0.005 0.025 0.072 0.058 0.255 0.085 0.233 0.258 
387    (0)   :  0.008 0.005 0.032 0.056 0.061 0.240 0.106 0.244 0.248 
388    (0)   :  0.013 0.013 0.036 0.082 0.049 0.163 0.205 0.208 0.231 
389    (0)   :  0.008 0.018 0.087 0.119 0.133 0.128 0.092 0.112 0.304 
390    (0)   :  0.033 0.017 0.033 0.066 0.117 0.199 0.080 0.252 0.204 
391    (0)   :  0.018 0.012 0.070 0.082 0.115 0.156 0.124 0.156 0.268 
392    (0)   :  0.007 0.006 0.024 0.073 0.064 0.168 0.152 0.337 0.170 
393    (0)   :  0.022 0.007 0.020 0.051 0.077 0.100 0.109 0.509 0.103 
394    (0)   :  0.013 0.019 0.021 0.077 0.068 0.183 0.226 0.183 0.210 
395    (0)   :  0.019 0.005 0.021 0.172 0.104 0.150 0.099 0.254 0.177 
396    (0)   :  0.006 0.004 0.034 0.078 0.049 0.259 0.074 0.208 0.288 
397    (0)   :  0.006 0.006 0.063 0.219 0.072 0.195 0.161 0.139 0.139 
398    (0)   :  0.025 0.006 0.025 0.048 0.055 0.218 0.078 0.314 0.230 
399    (0)   :  0.022 0.012 0.026 0.082 0.081 0.266 0.091 0.126 0.294 
400    (0)   :  0.007 0.005 0.027 0.052 0.064 0.268 0.117 0.229 0.232 
401    (0)   :  0.007 0.005 0.016 0.060 0.110 0.214 0.127 0.207 0.254 
402    (0)   :  0.006 0.006 0.024 0.070 0.127 0.165 0.121 0.256 0.225 
403    (0)   :  0.009 0.006 0.032 0.081 0.065 0.113 0.292 0.224 0.179 
404    (0)   :  0.007 0.005 0.041 0.139 0.058 0.180 0.137 0.253 0.181 
405    (0)   :  0.015 0.006 0.036 0.113 0.096 0.176 0.120 0.258 0.180 
406    (0)   :  0.143 0.005 0.043 0.093 0.171 0.104 0.161 0.173 0.107 
407    (0)   :  0.018 0.004 0.024 0.063 0.047 0.177 0.072 0.422 0.173 
408    (0)   :  0.005 0.005 0.016 0.099 0.165 0.226 0.067 0.141 0.276 
409    (0)   :  0.025 0.009 0.020 0.057 0.149 0.089 0.208 0.331 0.111 
410    (0)   :  0.022 0.009 0.042 0.070 0.070 0.196 0.123 0.268 0.201 
411    (0)   :  0.008 0.026 0.057 0.054 0.108 0.232 0.144 0.219 0.152 
412    (0)   :  0.006 0.006 0.021 0.118 0.053 0.210 0.102 0.203 0.282 
413    (0)   :  0.006 0.014 0.019 0.095 0.056 0.199 0.179 0.177 0.254 
414    (0)   :  0.005 0.010 0.041 0.144 0.047 0.258 0.071 0.129 0.295 
415    (0)   :  0.013 0.005 0.058 0.070 0.118 0.223 0.091 0.243 0.178 
416    (0)   :  0.007 0.005 0.023 0.072 0.101 0.161 0.114 0.321 0.196 
417    (0)   :  0.068 0.008 0.030 0.073 0.064 0.204 0.085 0.278 0.191 
418    (0)   :  0.007 0.005 0.023 0.076 0.043 0.282 0.086 0.185 0.293 
419    (0)   :  0.012 0.009 0.028 0.074 0.074 0.132 0.196 0.312 0.163 
420    (0)   :  0.006 0.004 0.017 0.059 0.183 0.213 0.080 0.200 0.237 
421    (0)   :  0.024 0.007 0.019 0.096 0.060 0.169 0.086 0.324 0.215 
422    (0)   :  0.014 0.005 0.018 0.140 0.099 0.100 0.091 0.380 0.153 
423    (0)   :  0.014 0.005 0.084 0.116 0.078 0.247 0.120 0.157 0.179 
424    (0)   :  0.021 0.008 0.039 0.052 0.152 0.202 0.123 0.151 0.252 
425    (0)   :  0.011 0.009 0.058 0.078 0.057 0.198 0.146 0.206 0.238 
426    (0)   :  0.028 0.035 0.061 0.068 0.069 0.228 0.129 0.145 0.236 
427    (0)   :  0.024 0.013 0.017 0.045 0.050 0.195 0.147 0.306 0.202 
428    (0)   :  0.049 0.008 0.024 0.083 0.104 0.107 0.162 0.324 0.138 
429    (0)   :  0.009 0.005 0.031 0.060 0.047 0.307 0.071 0.232 0.238 
430    (0)   :  0.029 0.006 0.025 0.072 0.064 0.141 0.077 0.444 0.142 
431    (0)   :  0.016 0.015 0.037 0.122 0.069 0.227 0.132 0.119 0.264 
432    (0)   :  0.006 0.006 0.020 0.087 0.063 0.165 0.113 0.225 0.314 
433    (0)   :  0.006 0.007 0.021 0.090 0.085 0.139 0.290 0.141 0.220 
434    (0)   :  0.006 0.006 0.028 0.117 0.081 0.171 0.131 0.274 0.186 
435    (0)   :  0.048 0.006 0.024 0.045 0.071 0.193 0.077 0.325 0.211 
436    (0)   :  0.131 0.006 0.061 0.036 0.092 0.205 0.109 0.199 0.161 
437    (0)   :  0.012 0.006 0.127 0.057 0.059 0.304 0.087 0.184 0.164 
438    (0)   :  0.080 0.007 0.021 0.050 0.155 0.145 0.104 0.284 0.155 
439    (0)   :  0.069 0.006 0.023 0.039 0.056 0.145 0.087 0.431 0.143 
440    (0)   :  0.117 0.005 0.067 0.049 0.066 0.251 0.066 0.172 0.207 
441    (0)   :  0.021 0.007 0.025 0.049 0.072 0.140 0.118 0.424 0.145 
442    (0)   :  0.007 0.005 0.043 0.055 0.078 0.223 0.080 0.260 0.249 
443    (0)   :  0.017 0.005 0.024 0.047 0.182 0.233 0.071 0.171 0.249 
444    (0)   :  0.013 0.005 0.068 0.050 0.105 0.241 0.080 0.216 0.222 
445    (0)   :  0.014 0.006 0.026 0.052 0.095 0.111 0.128 0.459 0.109 
446    (0)   :  0.038 0.007 0.025 0.037 0.049 0.223 0.083 0.321 0.218 
447    (0)   :  0.088 0.006 0.047 0.045 0.120 0.132 0.122 0.257 0.184 
448    (0)   :  0.019 0.006 0.031 0.055 0.073 0.194 0.086 0.337 0.199 
449    (0)   :  0.019 0.006 0.034 0.061 0.077 0.178 0.114 0.337 0.174 
450    (0)   :  0.008 0.006 0.035 0.045 0.040 0.204 0.118 0.388 0.156 
451    (0)   :  0.010 0.005 0.031 0.057 0.069 0.289 0.068 0.111 0.360 
452    (0)   :  0.011 0.005 0.020 0.049 0.045 0.191 0.114 0.374 0.190 
453    (0)   :  0.009 0.005 0.024 0.069 0.275 0.122 0.092 0.245 0.159 
454    (0)   :  0.022 0.015 0.031 0.066 0.072 0.235 0.116 0.263 0.181 
455    (0)   :  0.076 0.007 0.028 0.039 0.109 0.183 0.075 0.310 0.173 
456    (0)   :  0.022 0.005 0.044 0.047 0.188 0.198 0.075 0.236 0.185 
457    (0)   :  0.023 0.006 0.054 0.046 0.065 0.229 0.089 0.337 0.152 
458    (0)   :  0.016 0.006 0.026 0.047 0.048 0.151 0.083 0.473 0.151 
459    (0)   :  0.026 0.006 0.025 0.037 0.070 0.194 0.141 0.319 0.181 
460    (0)   :  0.019 0.006 0.024 0.040 0.063 0.256 0.078 0.274 0.239 
461    (0)   :  0.008 0.005 0.024 0.039 0.042 0.304 0.082 0.223 0.273 
462    (0)   :  0.015 0.006 0.073 0.086 0.092 0.185 0.062 0.299 0.182 
463    (0)   :  0.082 0.006 0.038 0.075 0.260 0.111 0.088 0.231 0.109 
464    (0)   :  0.020 0.005 0.021 0.042 0.121 0.246 0.075 0.212 0.257 
465    (0)   :  0.011 0.006 0.019 0.057 0.080 0.186 0.083 0.331 0.227 
466    (0)   :  0.021 0.005 0.023 0.060 0.189 0.191 0.076 0.231 0.205 
467    (0)   :  0.016 0.007 0.031 0.084 0.085 0.147 0.094 0.391 0.144 
468    (0)   :  0.097 0.005 0.086 0.045 0.134 0.186 0.075 0.244 0.128 
469    (0)   :  0.229 0.006 0.030 0.035 0.054 0.108 0.079 0.342 0.117 
470    (0)   :  0.096 0.005 0.022 0.040 0.060 0.209 0.081 0.267 0.219 
471    (0)   :  0.010 0.005 0.029 0.089 0.140 0.187 0.084 0.234 0.223 
472    (0)   :  0.008 0.005 0.022 0.054 0.096 0.153 0.077 0.404 0.183 
473    (0)   :  0.020 0.007 0.033 0.075 0.093 0.188 0.112 0.288 0.185 
474    (0)   :  0.010 0.005 0.020 0.054 0.076 0.177 0.105 0.377 0.176 
475    (0)   :  0.011 0.005 0.019 0.060 0.078 0.187 0.130 0.299 0.210 
476    (0)   :  0.014 0.006 0.083 0.045 0.090 0.265 0.084 0.270 0.144 
477    (0)   :  0.014 0.007 0.031 0.038 0.102 0.213 0.108 0.212 0.274 
478    (0)   :  0.011 0.006 0.026 0.036 0.058 0.280 0.077 0.161 0.344 
479    (0)   :  0.023 0.005 0.036 0.041 0.059 0.276 0.078 0.251 0.231 
480    (0)   :  0.024 0.006 0.055 0.045 0.058 0.278 0.085 0.293 0.157 
481    (0)   :  0.008 0.004 0.030 0.106 0.063 0.169 0.081 0.292 0.245 
482    (0)   :  0.011 0.005 0.032 0.042 0.047 0.292 0.077 0.270 0.223 
483    (0)   :  0.103 0.007 0.024 0.041 0.059 0.174 0.091 0.333 0.168 
484    (0)   :  0.075 0.006 0.025 0.058 0.147 0.106 0.083 0.365 0.135 
485    (0)   :  0.303 0.007 0.029 0.041 0.061 0.155 0.078 0.179 0.147 
486    (0)   :  0.006 0.006 0.047 0.095 0.154 0.182 0.099 0.103 0.307 
487    (0)   :  0.007 0.007 0.044 0.057 0.095 0.177 0.175 0.134 0.304 
488    (0)   :  0.007 0.007 0.065 0.072 0.075 0.144 0.165 0.118 0.349 
489    (0)   :  0.005 0.007 0.041 0.089 0.156 0.190 0.167 0.130 0.216 
490    (0)   :  0.007 0.005 0.032 0.058 0.145 0.223 0.075 0.127 0.328 
491    (0)   :  0.006 0.006 0.044 0.148 0.093 0.115 0.166 0.146 0.276 
492    (0)   :  0.006 0.007 0.036 0.067 0.115 0.132 0.275 0.145 0.216 
493    (0)   :  0.006 0.007 0.082 0.100 0.081 0.173 0.134 0.090 0.327 
494    (0)   :  0.011 0.005 0.048 0.108 0.104 0.156 0.159 0.144 0.265 
495    (0)   :  0.007 0.007 0.089 0.042 0.128 0.153 0.180 0.107 0.287 
496    (0)   :  0.007 0.007 0.020 0.106 0.139 0.119 0.270 0.177 0.157 
497    (0)   :  0.006 0.009 0.083 0.102 0.068 0.137 0.164 0.116 0.315 
498    (0)   :  0.007 0.006 0.055 0.067 0.154 0.179 0.108 0.126 0.299 
499    (0)   :  0.007 0.007 0.035 0.074 0.101 0.155 0.218 0.130 0.274 
500    (0)   :  0.011 0.005 0.055 0.141 0.080 0.232 0.126 0.114 0.235 
501    (0)   :  0.008 0.005 0.035 0.089 0.060 0.183 0.229 0.197 0.194 
502    (0)   :  0.007 0.006 0.029 0.060 0.051 0.131 0.256 0.214 0.247 
503    (0)   :  0.008 0.005 0.029 0.083 0.061 0.207 0.098 0.281 0.228 
504    (0)   :  0.007 0.005 0.064 0.051 0.106 0.134 0.101 0.144 0.388 
505    (0)   :  0.010 0.005 0.037 0.158 0.143 0.125 0.163 0.120 0.239 
506    (0)   :  0.006 0.006 0.033 0.105 0.074 0.147 0.222 0.154 0.254 
507    (0)   :  0.006 0.007 0.017 0.101 0.161 0.080 0.374 0.135 0.120 
508    (0)   :  0.006 0.008 0.023 0.061 0.174 0.087 0.385 0.089 0.166 
509    (0)   :  0.007 0.005 0.026 0.140 0.133 0.111 0.219 0.145 0.214 
510    (0)   :  0.006 0.005 0.045 0.074 0.070 0.197 0.291 0.126 0.185 
511    (0)   :  0.025 0.005 0.045 0.120 0.083 0.227 0.113 0.156 0.226 
512    (0)   :  0.007 0.005 0.045 0.089 0.049 0.309 0.085 0.162 0.249 
513    (0)   :  0.005 0.006 0.207 0.092 0.110 0.081 0.119 0.075 0.304 
514    (0)   :  0.006 0.009 0.024 0.083 0.077 0.231 0.135 0.129 0.305 
515    (0)   :  0.018 0.006 0.041 0.056 0.142 0.144 0.209 0.225 0.158 
516    (0)   :  0.008 0.006 0.023 0.094 0.150 0.140 0.118 0.155 0.306 
517    (0)   :  0.013 0.007 0.025 0.071 0.189 0.165 0.184 0.162 0.184 
518    (0)   :  0.005 0.006 0.067 0.149 0.055 0.213 0.207 0.114 0.183 
519    (0)   :  0.007 0.005 0.024 0.058 0.085 0.215 0.141 0.160 0.305 
520    (0)   :  0.069 0.007 0.040 0.073 0.210 0.103 0.236 0.148 0.114 
521    (0)   :  0.006 0.120 0.022 0.182 0.079 0.141 0.186 0.106 0.158 
522    (0)   :  0.010 0.006 0.096 0.055 0.199 0.224 0.117 0.131 0.162 
523    (0)   :  0.010 0.013 0.024 0.062 0.337 0.127 0.171 0.107 0.150 
524    (0)   :  0.084 0.007 0.041 0.077 0.140 0.145 0.152 0.183 0.170 
525    (0)   :  0.015 0.008 0.053 0.093 0.113 0.166 0.218 0.192 0.142 
