

----------------------------------------------------
STRUCTURE by Pritchard, Stephens and Donnelly (2000)
     and Falush, Stephens and Pritchard (2003)
       Code by Pritchard, Falush and Hubisz
             Version 2.3.4 (Jul 2012)
----------------------------------------------------



Command line arguments:   ./structure -K 6 -D 106018 -m brooktrout/mainparams -e brooktrout/extraparams -o brooktrout/250914_output/results_K6_rep18 
Input File:    brooktrout/brooktrout.txt

Run parameters:
   8454 individuals
   5 loci
   6 populations assumed
   50000 Burn-in period
   100000 Reps
RANDOMIZE turned off


--------------------------------------------
Overall proportion of membership of the
sample in each of the 6 clusters

Inferred Clusters
  1      2      3      4      5      6    
0.057  0.034  0.178  0.165  0.274  0.292  

--------------------------------------------

Allele-freq. divergence among pops (Net nucleotide distance),
computed using point estimates of P.

      1       2       3       4       5       6      
 1      -    0.1164  0.1380  0.1403  0.0934  0.1184  
 2   0.1164     -    0.1523  0.1205  0.0897  0.0905  
 3   0.1380  0.1523     -    0.1327  0.0668  0.1340  
 4   0.1403  0.1205  0.1327     -    0.0816  0.0497  
 5   0.0934  0.0897  0.0668  0.0816     -    0.0591  
 6   0.1184  0.0905  0.1340  0.0497  0.0591     -    

Average distances (expected heterozygosity) between individuals in same cluster:
cluster  1  : 0.7733 
cluster  2  : 0.8076 
cluster  3  : 0.7266 
cluster  4  : 0.7655 
cluster  5  : 0.8052 
cluster  6  : 0.8027 

--------------------------------------------
Estimated Ln Prob of Data   = -191833.8
Mean value of ln likelihood = -171785.5
Variance of ln likelihood   = 40096.6

Mean value of alpha_1       = 0.1034
Mean value of alpha_2       = 0.0638
Mean value of alpha_3       = 0.3193
Mean value of alpha_4       = 0.3111
Mean value of alpha_5       = 0.5396
Mean value of alpha_6       = 0.5670
Allele frequencies uncorrelated


Inferred ancestry of individuals:
     (%Miss) :  Inferred clusters
  1    (0)   :  0.055 0.074 0.262 0.191 0.184 0.234 
  2    (0)   :  0.013 0.016 0.045 0.064 0.706 0.156 
  3    (0)   :  0.058 0.010 0.164 0.377 0.198 0.193 
  4    (0)   :  0.033 0.011 0.522 0.085 0.175 0.175 
  5    (0)   :  0.014 0.024 0.048 0.092 0.635 0.188 
  6    (0)   :  0.014 0.008 0.059 0.582 0.162 0.175 
  7    (0)   :  0.012 0.011 0.058 0.161 0.127 0.631 
  8    (0)   :  0.028 0.012 0.319 0.265 0.142 0.234 
  9    (0)   :  0.026 0.029 0.101 0.214 0.377 0.253 
 10    (0)   :  0.013 0.017 0.176 0.251 0.193 0.350 
 11    (0)   :  0.012 0.020 0.057 0.145 0.113 0.653 
 12    (0)   :  0.016 0.015 0.072 0.100 0.606 0.190 
 13    (0)   :  0.019 0.018 0.093 0.170 0.368 0.331 
 14    (0)   :  0.059 0.010 0.094 0.148 0.527 0.162 
 15    (0)   :  0.026 0.010 0.184 0.155 0.387 0.239 
 16    (0)   :  0.027 0.023 0.089 0.354 0.157 0.350 
 17    (0)   :  0.031 0.020 0.078 0.277 0.383 0.211 
 18    (0)   :  0.025 0.013 0.087 0.322 0.415 0.138 
 19    (0)   :  0.014 0.012 0.075 0.384 0.261 0.254 
 20    (0)   :  0.027 0.016 0.091 0.178 0.318 0.371 
 21    (0)   :  0.038 0.015 0.159 0.109 0.509 0.169 
 22    (0)   :  0.021 0.012 0.105 0.494 0.208 0.160 
 23    (0)   :  0.104 0.037 0.229 0.106 0.348 0.175 
 24    (0)   :  0.029 0.020 0.210 0.267 0.246 0.227 
 25    (0)   :  0.018 0.013 0.044 0.265 0.236 0.424 
 26    (0)   :  0.020 0.014 0.124 0.248 0.426 0.168 
 27    (0)   :  0.041 0.024 0.112 0.221 0.326 0.275 
 28    (0)   :  0.019 0.018 0.286 0.151 0.254 0.272 
 29    (0)   :  0.025 0.022 0.077 0.092 0.347 0.437 
 30    (0)   :  0.030 0.017 0.081 0.490 0.227 0.156 
 31    (0)   :  0.033 0.027 0.153 0.166 0.308 0.313 
 32    (0)   :  0.029 0.010 0.177 0.218 0.358 0.208 
 33    (0)   :  0.064 0.018 0.169 0.230 0.176 0.343 
 34    (0)   :  0.018 0.045 0.101 0.219 0.100 0.518 
 35    (0)   :  0.061 0.057 0.062 0.201 0.444 0.175 
 36    (0)   :  0.357 0.028 0.067 0.189 0.209 0.150 
 37    (0)   :  0.028 0.010 0.138 0.089 0.536 0.200 
 38    (0)   :  0.109 0.040 0.045 0.402 0.137 0.267 
 39    (0)   :  0.073 0.037 0.071 0.217 0.233 0.370 
 40    (0)   :  0.312 0.022 0.142 0.133 0.266 0.124 
 41    (0)   :  0.415 0.065 0.046 0.143 0.106 0.225 
 42    (0)   :  0.261 0.053 0.314 0.118 0.112 0.142 
 43    (0)   :  0.269 0.017 0.104 0.063 0.334 0.212 
 44    (0)   :  0.415 0.020 0.047 0.155 0.181 0.182 
 45    (0)   :  0.187 0.061 0.046 0.149 0.353 0.204 
 46    (0)   :  0.050 0.018 0.060 0.266 0.315 0.291 
 47    (0)   :  0.031 0.036 0.081 0.235 0.419 0.199 
 48    (0)   :  0.374 0.031 0.054 0.172 0.262 0.108 
 49    (0)   :  0.081 0.067 0.083 0.200 0.325 0.244 
 50    (0)   :  0.034 0.020 0.106 0.243 0.185 0.413 
 51    (0)   :  0.699 0.015 0.038 0.055 0.100 0.093 
 52    (0)   :  0.081 0.057 0.100 0.186 0.177 0.398 
 53    (0)   :  0.054 0.018 0.093 0.460 0.126 0.249 
 54    (0)   :  0.038 0.023 0.080 0.059 0.651 0.150 
 55    (0)   :  0.123 0.015 0.064 0.058 0.600 0.142 
 56    (0)   :  0.100 0.052 0.093 0.271 0.361 0.124 
 57    (0)   :  0.015 0.023 0.182 0.196 0.362 0.222 
 58    (0)   :  0.111 0.035 0.083 0.096 0.455 0.220 
 59    (0)   :  0.150 0.107 0.078 0.233 0.231 0.202 
 60    (0)   :  0.340 0.013 0.127 0.090 0.285 0.146 
 61    (0)   :  0.132 0.016 0.101 0.037 0.586 0.128 
 62    (0)   :  0.019 0.167 0.071 0.180 0.363 0.199 
 63    (0)   :  0.089 0.014 0.127 0.078 0.274 0.417 
 64    (0)   :  0.018 0.025 0.050 0.470 0.247 0.190 
 65    (0)   :  0.019 0.014 0.040 0.073 0.234 0.620 
 66    (0)   :  0.025 0.010 0.113 0.054 0.610 0.187 
 67    (0)   :  0.137 0.018 0.054 0.052 0.535 0.203 
 68    (0)   :  0.174 0.071 0.093 0.216 0.250 0.196 
 69    (0)   :  0.113 0.158 0.128 0.280 0.114 0.208 
 70    (0)   :  0.421 0.012 0.082 0.078 0.139 0.268 
 71    (0)   :  0.314 0.065 0.036 0.144 0.246 0.194 
 72    (0)   :  0.094 0.024 0.054 0.317 0.229 0.281 
 73    (0)   :  0.102 0.056 0.045 0.059 0.516 0.222 
 74    (0)   :  0.230 0.030 0.138 0.247 0.211 0.144 
 75    (0)   :  0.256 0.038 0.131 0.144 0.339 0.092 
 76    (0)   :  0.120 0.009 0.068 0.062 0.305 0.435 
 77    (0)   :  0.358 0.057 0.045 0.120 0.148 0.272 
 78    (0)   :  0.353 0.065 0.049 0.202 0.118 0.212 
 79    (0)   :  0.011 0.011 0.062 0.119 0.219 0.578 
 80    (0)   :  0.014 0.010 0.449 0.067 0.245 0.214 
 81    (0)   :  0.011 0.008 0.316 0.084 0.294 0.288 
 82    (0)   :  0.035 0.019 0.108 0.065 0.497 0.275 
 83    (0)   :  0.025 0.007 0.215 0.142 0.287 0.324 
 84    (0)   :  0.015 0.007 0.193 0.084 0.268 0.434 
 85    (0)   :  0.021 0.008 0.240 0.198 0.312 0.221 
 86    (0)   :  0.034 0.019 0.055 0.085 0.580 0.227 
 87    (0)   :  0.022 0.009 0.067 0.089 0.195 0.618 
 88    (0)   :  0.016 0.009 0.217 0.067 0.386 0.305 
 89    (0)   :  0.013 0.008 0.205 0.058 0.524 0.193 
 90    (0)   :  0.013 0.009 0.073 0.060 0.246 0.599 
 91    (0)   :  0.026 0.007 0.446 0.124 0.213 0.183 
 92    (0)   :  0.013 0.010 0.092 0.095 0.421 0.369 
 93    (0)   :  0.014 0.009 0.678 0.050 0.144 0.105 
 94    (0)   :  0.025 0.007 0.058 0.106 0.091 0.713 
 95    (0)   :  0.016 0.008 0.168 0.046 0.240 0.521 
 96    (0)   :  0.173 0.014 0.209 0.040 0.428 0.136 
 97    (0)   :  0.110 0.027 0.124 0.219 0.412 0.109 
 98    (0)   :  0.140 0.032 0.120 0.103 0.369 0.237 
 99    (0)   :  0.013 0.008 0.170 0.068 0.290 0.452 
100    (0)   :  0.018 0.010 0.388 0.040 0.454 0.089 
101    (0)   :  0.039 0.009 0.086 0.090 0.386 0.389 
102    (0)   :  0.065 0.019 0.334 0.072 0.189 0.322 
103    (0)   :  0.021 0.012 0.095 0.045 0.526 0.301 
104    (0)   :  0.020 0.011 0.085 0.052 0.203 0.628 
105    (0)   :  0.022 0.031 0.108 0.041 0.354 0.443 
106    (0)   :  0.020 0.009 0.033 0.098 0.109 0.731 
107    (0)   :  0.023 0.015 0.104 0.047 0.335 0.476 
108    (0)   :  0.195 0.008 0.049 0.185 0.432 0.131 
109    (0)   :  0.032 0.165 0.035 0.117 0.194 0.458 
110    (0)   :  0.016 0.012 0.038 0.090 0.091 0.754 
111    (0)   :  0.017 0.027 0.051 0.042 0.145 0.718 
112    (0)   :  0.026 0.229 0.038 0.051 0.083 0.574 
113    (0)   :  0.033 0.016 0.070 0.112 0.549 0.219 
114    (0)   :  0.017 0.023 0.106 0.046 0.214 0.593 
115    (0)   :  0.078 0.033 0.068 0.059 0.140 0.622 
116    (0)   :  0.080 0.019 0.037 0.120 0.212 0.532 
117    (0)   :  0.025 0.044 0.051 0.075 0.088 0.716 
118    (0)   :  0.020 0.030 0.046 0.061 0.563 0.280 
119    (0)   :  0.300 0.008 0.220 0.054 0.209 0.209 
120    (0)   :  0.035 0.052 0.069 0.055 0.223 0.565 
121    (0)   :  0.137 0.075 0.047 0.058 0.132 0.550 
122    (0)   :  0.016 0.021 0.045 0.082 0.148 0.687 
123    (0)   :  0.024 0.014 0.064 0.063 0.170 0.665 
124    (0)   :  0.066 0.047 0.046 0.143 0.173 0.525 
125    (0)   :  0.051 0.097 0.064 0.229 0.092 0.469 
126    (0)   :  0.056 0.013 0.075 0.069 0.174 0.613 
127    (0)   :  0.019 0.017 0.054 0.040 0.165 0.705 
128    (0)   :  0.020 0.025 0.047 0.050 0.590 0.268 
129    (0)   :  0.022 0.016 0.038 0.045 0.381 0.498 
130    (0)   :  0.014 0.034 0.108 0.049 0.243 0.551 
131    (0)   :  0.135 0.067 0.038 0.196 0.119 0.446 
132    (0)   :  0.020 0.014 0.036 0.072 0.214 0.643 
133    (0)   :  0.031 0.016 0.064 0.051 0.292 0.546 
134    (0)   :  0.013 0.018 0.029 0.058 0.080 0.802 
135    (0)   :  0.058 0.031 0.330 0.057 0.423 0.101 
136    (0)   :  0.013 0.017 0.609 0.078 0.207 0.076 
137    (0)   :  0.013 0.024 0.680 0.048 0.106 0.129 
138    (0)   :  0.021 0.009 0.703 0.064 0.122 0.081 
139    (0)   :  0.030 0.015 0.130 0.067 0.661 0.097 
140    (0)   :  0.035 0.014 0.435 0.076 0.236 0.204 
141    (0)   :  0.019 0.018 0.526 0.131 0.212 0.094 
142    (0)   :  0.081 0.027 0.383 0.051 0.358 0.099 
143    (0)   :  0.014 0.008 0.758 0.041 0.114 0.066 
144    (0)   :  0.014 0.023 0.692 0.043 0.106 0.123 
145    (0)   :  0.025 0.029 0.324 0.144 0.376 0.102 
146    (0)   :  0.025 0.014 0.425 0.099 0.226 0.210 
147    (0)   :  0.011 0.008 0.766 0.046 0.100 0.068 
148    (0)   :  0.033 0.022 0.462 0.071 0.262 0.150 
149    (0)   :  0.031 0.021 0.607 0.066 0.191 0.084 
150    (0)   :  0.017 0.028 0.450 0.054 0.239 0.211 
151    (0)   :  0.015 0.009 0.633 0.046 0.197 0.101 
152    (0)   :  0.071 0.018 0.393 0.118 0.275 0.125 
153    (0)   :  0.035 0.014 0.630 0.068 0.135 0.119 
154    (0)   :  0.021 0.017 0.565 0.071 0.246 0.079 
155    (0)   :  0.015 0.007 0.696 0.044 0.140 0.098 
156    (0)   :  0.058 0.015 0.576 0.035 0.197 0.118 
157    (0)   :  0.015 0.007 0.589 0.048 0.116 0.224 
158    (0)   :  0.021 0.029 0.436 0.149 0.266 0.099 
159    (0)   :  0.011 0.011 0.744 0.044 0.121 0.068 
160    (0)   :  0.011 0.012 0.685 0.048 0.176 0.069 
161    (0)   :  0.026 0.015 0.532 0.082 0.197 0.148 
162    (0)   :  0.025 0.014 0.287 0.101 0.389 0.184 
163    (0)   :  0.021 0.008 0.723 0.038 0.120 0.090 
164    (0)   :  0.015 0.011 0.342 0.071 0.404 0.156 
165    (0)   :  0.016 0.028 0.554 0.047 0.167 0.189 
166    (0)   :  0.057 0.008 0.431 0.079 0.189 0.236 
167    (0)   :  0.017 0.013 0.572 0.111 0.172 0.115 
168    (0)   :  0.039 0.010 0.590 0.106 0.149 0.105 
169    (0)   :  0.031 0.045 0.248 0.384 0.206 0.086 
170    (0)   :  0.048 0.011 0.498 0.046 0.284 0.113 
171    (0)   :  0.032 0.009 0.369 0.116 0.341 0.134 
172    (0)   :  0.113 0.057 0.405 0.159 0.183 0.083 
173    (0)   :  0.013 0.010 0.579 0.046 0.282 0.071 
174    (0)   :  0.012 0.008 0.661 0.051 0.168 0.101 
175    (0)   :  0.020 0.010 0.689 0.073 0.133 0.074 
176    (0)   :  0.014 0.023 0.690 0.043 0.107 0.123 
177    (0)   :  0.022 0.011 0.445 0.080 0.168 0.273 
178    (0)   :  0.013 0.010 0.542 0.092 0.227 0.117 
179    (0)   :  0.012 0.007 0.728 0.047 0.134 0.072 
180    (0)   :  0.028 0.017 0.532 0.107 0.180 0.137 
181    (0)   :  0.027 0.020 0.356 0.075 0.429 0.093 
182    (0)   :  0.018 0.012 0.425 0.044 0.426 0.074 
183    (0)   :  0.015 0.008 0.656 0.050 0.199 0.073 
184    (0)   :  0.014 0.010 0.045 0.086 0.724 0.121 
185    (0)   :  0.075 0.017 0.636 0.037 0.167 0.068 
186    (0)   :  0.016 0.008 0.047 0.067 0.625 0.237 
187    (0)   :  0.017 0.008 0.157 0.062 0.654 0.102 
188    (0)   :  0.015 0.009 0.038 0.055 0.694 0.189 
189    (0)   :  0.030 0.009 0.206 0.257 0.360 0.137 
190    (0)   :  0.129 0.013 0.152 0.031 0.604 0.071 
191    (0)   :  0.012 0.011 0.059 0.048 0.764 0.105 
192    (0)   :  0.015 0.009 0.173 0.058 0.580 0.165 
193    (0)   :  0.020 0.015 0.130 0.075 0.630 0.129 
194    (0)   :  0.031 0.010 0.188 0.053 0.542 0.175 
195    (0)   :  0.029 0.008 0.189 0.038 0.664 0.071 
196    (0)   :  0.054 0.012 0.120 0.041 0.675 0.099 
197    (0)   :  0.029 0.012 0.113 0.145 0.488 0.213 
198    (0)   :  0.025 0.010 0.123 0.100 0.491 0.251 
199    (0)   :  0.055 0.013 0.107 0.050 0.671 0.102 
200    (0)   :  0.052 0.026 0.110 0.091 0.594 0.127 
201    (0)   :  0.021 0.008 0.308 0.045 0.537 0.080 
202    (0)   :  0.050 0.011 0.412 0.039 0.381 0.106 
203    (0)   :  0.019 0.011 0.301 0.039 0.556 0.075 
204    (0)   :  0.023 0.009 0.084 0.033 0.777 0.073 
205    (0)   :  0.026 0.009 0.070 0.050 0.747 0.098 
206    (0)   :  0.017 0.008 0.079 0.042 0.779 0.074 
207    (0)   :  0.023 0.014 0.059 0.037 0.766 0.101 
208    (0)   :  0.022 0.009 0.150 0.039 0.697 0.083 
209    (0)   :  0.018 0.014 0.086 0.051 0.719 0.112 
210    (0)   :  0.017 0.009 0.095 0.040 0.743 0.097 
211    (0)   :  0.074 0.052 0.162 0.039 0.529 0.144 
212    (0)   :  0.033 0.011 0.390 0.062 0.411 0.094 
213    (0)   :  0.100 0.014 0.104 0.053 0.484 0.244 
214    (0)   :  0.024 0.013 0.370 0.043 0.469 0.081 
215    (0)   :  0.021 0.011 0.052 0.048 0.762 0.106 
216    (0)   :  0.017 0.011 0.059 0.103 0.665 0.146 
217    (0)   :  0.027 0.009 0.250 0.057 0.582 0.075 
218    (0)   :  0.015 0.008 0.072 0.050 0.758 0.097 
219    (0)   :  0.017 0.008 0.139 0.147 0.574 0.116 
220    (0)   :  0.015 0.009 0.057 0.037 0.794 0.087 
221    (0)   :  0.067 0.013 0.589 0.036 0.227 0.068 
222    (0)   :  0.017 0.009 0.087 0.148 0.589 0.151 
223    (0)   :  0.020 0.008 0.242 0.091 0.524 0.115 
224    (0)   :  0.017 0.009 0.192 0.044 0.660 0.078 
225    (0)   :  0.026 0.009 0.089 0.043 0.742 0.091 
226    (0)   :  0.021 0.011 0.096 0.186 0.585 0.100 
227    (0)   :  0.061 0.010 0.161 0.041 0.626 0.101 
228    (0)   :  0.075 0.017 0.190 0.036 0.611 0.071 
229    (0)   :  0.014 0.009 0.221 0.044 0.625 0.088 
230    (0)   :  0.014 0.010 0.150 0.038 0.707 0.081 
231    (0)   :  0.013 0.011 0.152 0.060 0.675 0.088 
232    (0)   :  0.039 0.017 0.190 0.069 0.524 0.160 
233    (0)   :  0.017 0.011 0.432 0.044 0.415 0.080 
234    (0)   :  0.015 0.010 0.118 0.080 0.614 0.162 
235    (0)   :  0.027 0.009 0.186 0.083 0.592 0.104 
236    (0)   :  0.017 0.012 0.240 0.056 0.577 0.098 
237    (0)   :  0.024 0.015 0.066 0.042 0.753 0.100 
238    (0)   :  0.025 0.010 0.383 0.048 0.409 0.123 
239    (0)   :  0.030 0.008 0.187 0.038 0.666 0.071 
240    (0)   :  0.025 0.010 0.385 0.048 0.408 0.123 
241    (0)   :  0.026 0.010 0.290 0.050 0.535 0.089 
242    (0)   :  0.023 0.010 0.115 0.114 0.614 0.125 
243    (0)   :  0.049 0.015 0.118 0.033 0.709 0.076 
244    (0)   :  0.016 0.011 0.215 0.038 0.644 0.075 
245    (0)   :  0.031 0.008 0.569 0.040 0.252 0.099 
246    (0)   :  0.028 0.009 0.246 0.056 0.586 0.075 
247    (0)   :  0.035 0.010 0.048 0.069 0.409 0.429 
248    (0)   :  0.020 0.013 0.047 0.048 0.739 0.134 
249    (0)   :  0.020 0.012 0.241 0.040 0.597 0.090 
250    (0)   :  0.015 0.011 0.161 0.052 0.656 0.107 
251    (0)   :  0.025 0.018 0.080 0.163 0.547 0.166 
252    (0)   :  0.025 0.008 0.136 0.052 0.682 0.097 
253    (0)   :  0.035 0.010 0.072 0.080 0.610 0.194 
254    (0)   :  0.017 0.009 0.085 0.094 0.671 0.123 
255    (0)   :  0.018 0.011 0.130 0.066 0.650 0.125 
256    (0)   :  0.026 0.011 0.167 0.050 0.655 0.091 
257    (0)   :  0.020 0.011 0.093 0.051 0.715 0.111 
258    (0)   :  0.048 0.012 0.089 0.056 0.606 0.189 
259    (0)   :  0.016 0.010 0.094 0.049 0.729 0.103 
260    (0)   :  0.017 0.010 0.221 0.116 0.494 0.142 
261    (0)   :  0.035 0.009 0.217 0.055 0.594 0.091 
262    (0)   :  0.057 0.011 0.215 0.040 0.610 0.067 
263    (0)   :  0.017 0.011 0.054 0.051 0.773 0.095 
264    (0)   :  0.020 0.014 0.040 0.318 0.433 0.175 
265    (0)   :  0.018 0.008 0.119 0.078 0.677 0.100 
266    (0)   :  0.042 0.011 0.515 0.036 0.326 0.069 
267    (0)   :  0.022 0.015 0.134 0.061 0.643 0.125 
268    (0)   :  0.054 0.012 0.120 0.041 0.673 0.099 
269    (0)   :  0.018 0.010 0.161 0.210 0.466 0.134 
270    (0)   :  0.015 0.011 0.058 0.076 0.704 0.136 
271    (0)   :  0.025 0.012 0.069 0.056 0.708 0.130 
272    (0)   :  0.035 0.015 0.077 0.139 0.626 0.108 
273    (0)   :  0.026 0.029 0.154 0.105 0.544 0.142 
274    (0)   :  0.016 0.009 0.082 0.085 0.690 0.118 
275    (0)   :  0.019 0.018 0.096 0.099 0.677 0.091 
276    (0)   :  0.044 0.019 0.070 0.119 0.629 0.119 
277    (0)   :  0.016 0.009 0.164 0.086 0.609 0.115 
278    (0)   :  0.027 0.012 0.065 0.047 0.752 0.097 
279    (0)   :  0.016 0.010 0.104 0.066 0.695 0.108 
280    (0)   :  0.029 0.011 0.103 0.137 0.611 0.108 
281    (0)   :  0.016 0.009 0.083 0.060 0.696 0.137 
282    (0)   :  0.016 0.009 0.365 0.077 0.420 0.112 
283    (0)   :  0.020 0.008 0.443 0.048 0.375 0.105 
284    (0)   :  0.024 0.014 0.190 0.057 0.549 0.167 
285    (0)   :  0.041 0.016 0.037 0.063 0.684 0.158 
286    (0)   :  0.016 0.011 0.212 0.038 0.647 0.076 
287    (0)   :  0.016 0.008 0.125 0.106 0.610 0.135 
288    (0)   :  0.020 0.011 0.066 0.116 0.692 0.095 
289    (0)   :  0.037 0.016 0.080 0.087 0.619 0.161 
290    (0)   :  0.081 0.045 0.101 0.150 0.488 0.134 
291    (0)   :  0.025 0.012 0.067 0.055 0.711 0.130 
292    (0)   :  0.062 0.012 0.135 0.110 0.579 0.101 
293    (0)   :  0.093 0.037 0.072 0.216 0.379 0.203 
294    (0)   :  0.023 0.009 0.049 0.052 0.775 0.091 
295    (0)   :  0.039 0.027 0.119 0.131 0.544 0.140 
296    (0)   :  0.019 0.010 0.061 0.043 0.767 0.100 
297    (0)   :  0.022 0.011 0.070 0.133 0.641 0.123 
298    (0)   :  0.014 0.008 0.246 0.067 0.540 0.124 
299    (0)   :  0.013 0.009 0.059 0.062 0.752 0.105 
300    (0)   :  0.024 0.013 0.047 0.055 0.761 0.100 
301    (0)   :  0.015 0.012 0.058 0.116 0.684 0.115 
302    (0)   :  0.036 0.014 0.054 0.053 0.753 0.091 
303    (0)   :  0.027 0.014 0.221 0.069 0.569 0.101 
304    (0)   :  0.017 0.014 0.325 0.135 0.294 0.215 
305    (0)   :  0.024 0.010 0.120 0.043 0.734 0.069 
306    (0)   :  0.024 0.009 0.267 0.083 0.529 0.088 
307    (0)   :  0.017 0.011 0.143 0.070 0.645 0.114 
308    (0)   :  0.032 0.009 0.212 0.054 0.601 0.092 
309    (0)   :  0.036 0.033 0.068 0.049 0.687 0.127 
310    (0)   :  0.029 0.011 0.155 0.038 0.691 0.076 
311    (0)   :  0.014 0.010 0.151 0.037 0.706 0.081 
312    (0)   :  0.020 0.010 0.059 0.035 0.770 0.107 
313    (0)   :  0.045 0.011 0.046 0.038 0.767 0.094 
314    (0)   :  0.022 0.010 0.765 0.042 0.096 0.066 
315    (0)   :  0.033 0.008 0.721 0.062 0.092 0.084 
316    (0)   :  0.023 0.009 0.688 0.092 0.101 0.088 
317    (0)   :  0.013 0.008 0.780 0.045 0.088 0.066 
318    (0)   :  0.010 0.008 0.785 0.051 0.082 0.065 
319    (0)   :  0.013 0.008 0.741 0.042 0.129 0.066 
320    (0)   :  0.022 0.010 0.766 0.042 0.095 0.065 
321    (0)   :  0.011 0.009 0.777 0.051 0.085 0.067 
322    (0)   :  0.036 0.010 0.678 0.078 0.109 0.090 
323    (0)   :  0.011 0.007 0.776 0.049 0.092 0.066 
324    (0)   :  0.012 0.009 0.775 0.050 0.086 0.067 
325    (0)   :  0.018 0.008 0.725 0.083 0.082 0.083 
326    (0)   :  0.022 0.011 0.727 0.084 0.074 0.082 
327    (0)   :  0.012 0.009 0.783 0.046 0.086 0.065 
328    (0)   :  0.025 0.008 0.700 0.072 0.106 0.089 
329    (0)   :  0.010 0.007 0.786 0.044 0.086 0.066 
330    (0)   :  0.013 0.009 0.782 0.046 0.086 0.065 
331    (0)   :  0.010 0.007 0.774 0.045 0.098 0.066 
332    (0)   :  0.019 0.009 0.710 0.103 0.075 0.084 
333    (0)   :  0.024 0.009 0.721 0.073 0.088 0.085 
334    (0)   :  0.025 0.008 0.700 0.073 0.105 0.089 
335    (0)   :  0.026 0.008 0.730 0.062 0.089 0.086 
336    (0)   :  0.017 0.010 0.770 0.054 0.084 0.065 
337    (0)   :  0.022 0.009 0.711 0.083 0.087 0.087 
338    (0)   :  0.010 0.009 0.782 0.053 0.080 0.066 
339    (0)   :  0.010 0.007 0.774 0.044 0.098 0.066 
340    (0)   :  0.011 0.007 0.780 0.040 0.099 0.064 
341    (0)   :  0.012 0.010 0.764 0.047 0.101 0.066 
342    (0)   :  0.013 0.009 0.782 0.046 0.086 0.065 
343    (0)   :  0.050 0.008 0.694 0.071 0.091 0.087 
344    (0)   :  0.010 0.007 0.789 0.044 0.085 0.065 
345    (0)   :  0.013 0.009 0.782 0.045 0.087 0.064 
346    (0)   :  0.011 0.008 0.792 0.044 0.082 0.063 
347    (0)   :  0.011 0.007 0.794 0.040 0.084 0.064 
348    (0)   :  0.056 0.008 0.700 0.055 0.097 0.083 
349    (0)   :  0.013 0.009 0.781 0.045 0.087 0.065 
350    (0)   :  0.017 0.008 0.730 0.043 0.136 0.066 
351    (0)   :  0.027 0.008 0.731 0.061 0.089 0.084 
352    (0)   :  0.027 0.009 0.721 0.071 0.088 0.084 
353    (0)   :  0.016 0.010 0.771 0.053 0.084 0.066 
354    (0)   :  0.011 0.009 0.763 0.047 0.102 0.068 
355    (0)   :  0.010 0.008 0.785 0.050 0.082 0.066 
356    (0)   :  0.064 0.008 0.685 0.055 0.104 0.084 
357    (0)   :  0.019 0.010 0.432 0.234 0.142 0.164 
358    (0)   :  0.018 0.007 0.732 0.076 0.081 0.086 
359    (0)   :  0.010 0.007 0.772 0.047 0.096 0.067 
360    (0)   :  0.011 0.008 0.792 0.044 0.082 0.064 
361    (0)   :  0.027 0.012 0.381 0.234 0.170 0.176 
362    (0)   :  0.026 0.012 0.061 0.182 0.334 0.385 
363    (0)   :  0.034 0.014 0.047 0.215 0.177 0.513 
364    (0)   :  0.023 0.022 0.195 0.304 0.276 0.180 
365    (0)   :  0.021 0.067 0.053 0.439 0.187 0.232 
366    (0)   :  0.123 0.026 0.115 0.300 0.280 0.156 
367    (0)   :  0.013 0.009 0.035 0.096 0.080 0.766 
368    (0)   :  0.012 0.010 0.059 0.087 0.367 0.465 
369    (0)   :  0.119 0.036 0.252 0.149 0.242 0.202 
370    (0)   :  0.020 0.024 0.067 0.087 0.418 0.384 
371    (0)   :  0.028 0.029 0.085 0.173 0.467 0.218 
372    (0)   :  0.027 0.059 0.078 0.074 0.552 0.211 
373    (0)   :  0.017 0.019 0.115 0.133 0.210 0.505 
374    (0)   :  0.019 0.041 0.254 0.202 0.224 0.260 
375    (0)   :  0.016 0.021 0.046 0.199 0.187 0.531 
376    (0)   :  0.016 0.012 0.039 0.604 0.087 0.242 
377    (0)   :  0.025 0.016 0.062 0.245 0.370 0.281 
378    (0)   :  0.016 0.012 0.178 0.054 0.190 0.549 
379    (0)   :  0.026 0.025 0.037 0.581 0.094 0.237 
380    (0)   :  0.055 0.023 0.112 0.521 0.183 0.106 
381    (0)   :  0.074 0.024 0.112 0.536 0.151 0.104 
382    (0)   :  0.012 0.010 0.052 0.214 0.135 0.575 
383    (0)   :  0.017 0.019 0.093 0.654 0.132 0.085 
384    (0)   :  0.022 0.050 0.102 0.423 0.180 0.223 
385    (0)   :  0.011 0.383 0.141 0.131 0.165 0.169 
386    (0)   :  0.018 0.010 0.046 0.167 0.129 0.631 
387    (0)   :  0.021 0.014 0.058 0.212 0.132 0.564 
388    (0)   :  0.015 0.049 0.189 0.160 0.302 0.286 
389    (0)   :  0.048 0.147 0.048 0.071 0.521 0.165 
390    (0)   :  0.126 0.043 0.048 0.140 0.122 0.520 
391    (0)   :  0.062 0.136 0.094 0.123 0.223 0.362 
392    (0)   :  0.020 0.012 0.097 0.382 0.207 0.281 
393    (0)   :  0.081 0.073 0.083 0.536 0.099 0.128 
394    (0)   :  0.019 0.008 0.224 0.145 0.213 0.392 
395    (0)   :  0.133 0.016 0.052 0.190 0.288 0.321 
396    (0)   :  0.013 0.010 0.037 0.165 0.169 0.606 
397    (0)   :  0.017 0.009 0.084 0.153 0.621 0.116 
398    (0)   :  0.026 0.010 0.040 0.393 0.106 0.425 
399    (0)   :  0.040 0.020 0.051 0.115 0.144 0.631 
400    (0)   :  0.019 0.013 0.073 0.192 0.116 0.586 
401    (0)   :  0.049 0.014 0.077 0.062 0.139 0.659 
402    (0)   :  0.064 0.019 0.072 0.165 0.329 0.351 
403    (0)   :  0.020 0.034 0.290 0.126 0.301 0.229 
404    (0)   :  0.019 0.042 0.094 0.244 0.315 0.285 
405    (0)   :  0.033 0.010 0.082 0.305 0.299 0.270 
406    (0)   :  0.468 0.011 0.095 0.192 0.138 0.095 
407    (0)   :  0.017 0.011 0.037 0.598 0.109 0.228 
408    (0)   :  0.059 0.009 0.034 0.045 0.204 0.649 
409    (0)   :  0.267 0.066 0.227 0.154 0.128 0.157 
410    (0)   :  0.030 0.021 0.089 0.285 0.186 0.388 
411    (0)   :  0.063 0.014 0.156 0.377 0.148 0.241 
412    (0)   :  0.012 0.011 0.053 0.111 0.264 0.549 
413    (0)   :  0.014 0.008 0.138 0.076 0.286 0.477 
414    (0)   :  0.013 0.025 0.038 0.112 0.220 0.592 
415    (0)   :  0.053 0.015 0.059 0.438 0.145 0.291 
416    (0)   :  0.044 0.074 0.101 0.162 0.181 0.437 
417    (0)   :  0.021 0.010 0.050 0.447 0.115 0.356 
418    (0)   :  0.011 0.009 0.043 0.108 0.134 0.695 
419    (0)   :  0.040 0.078 0.178 0.145 0.211 0.348 
420    (0)   :  0.128 0.014 0.048 0.061 0.126 0.623 
421    (0)   :  0.020 0.012 0.059 0.205 0.181 0.522 
422    (0)   :  0.060 0.016 0.048 0.265 0.448 0.163 
423    (0)   :  0.032 0.011 0.067 0.355 0.229 0.306 
424    (0)   :  0.098 0.020 0.081 0.095 0.105 0.602 
425    (0)   :  0.018 0.113 0.091 0.235 0.272 0.271 
426    (0)   :  0.021 0.044 0.101 0.211 0.154 0.469 
427    (0)   :  0.030 0.014 0.120 0.348 0.102 0.388 
428    (0)   :  0.075 0.015 0.105 0.334 0.327 0.143 
429    (0)   :  0.014 0.010 0.035 0.288 0.087 0.566 
430    (0)   :  0.030 0.020 0.044 0.490 0.128 0.288 
431    (0)   :  0.018 0.017 0.073 0.116 0.331 0.445 
432    (0)   :  0.014 0.010 0.063 0.094 0.328 0.491 
433    (0)   :  0.022 0.011 0.236 0.070 0.440 0.221 
434    (0)   :  0.026 0.018 0.104 0.191 0.390 0.272 
435    (0)   :  0.037 0.008 0.039 0.457 0.092 0.367 
436    (0)   :  0.051 0.013 0.072 0.486 0.071 0.308 
437    (0)   :  0.015 0.008 0.042 0.630 0.120 0.185 
438    (0)   :  0.281 0.017 0.076 0.206 0.098 0.321 
439    (0)   :  0.022 0.021 0.055 0.611 0.069 0.222 
440    (0)   :  0.029 0.010 0.032 0.576 0.070 0.283 
441    (0)   :  0.025 0.017 0.107 0.365 0.128 0.358 
442    (0)   :  0.030 0.038 0.046 0.246 0.128 0.512 
443    (0)   :  0.104 0.015 0.039 0.102 0.095 0.646 
444    (0)   :  0.050 0.031 0.046 0.347 0.114 0.413 
445    (0)   :  0.129 0.079 0.129 0.326 0.160 0.176 
446    (0)   :  0.026 0.014 0.045 0.374 0.075 0.466 
447    (0)   :  0.092 0.038 0.092 0.399 0.134 0.246 
448    (0)   :  0.023 0.010 0.047 0.412 0.125 0.383 
449    (0)   :  0.025 0.011 0.071 0.443 0.158 0.291 
450    (0)   :  0.012 0.022 0.086 0.491 0.103 0.286 
451    (0)   :  0.023 0.008 0.033 0.098 0.126 0.711 
452    (0)   :  0.013 0.012 0.069 0.510 0.097 0.299 
453    (0)   :  0.272 0.033 0.072 0.082 0.181 0.359 
454    (0)   :  0.022 0.011 0.084 0.412 0.142 0.329 
455    (0)   :  0.124 0.017 0.044 0.357 0.077 0.380 
456    (0)   :  0.111 0.016 0.042 0.345 0.120 0.365 
457    (0)   :  0.017 0.008 0.046 0.661 0.101 0.166 
458    (0)   :  0.020 0.027 0.053 0.541 0.099 0.260 
459    (0)   :  0.038 0.023 0.123 0.186 0.075 0.555 
460    (0)   :  0.025 0.014 0.044 0.183 0.068 0.665 
461    (0)   :  0.011 0.012 0.044 0.106 0.068 0.759 
462    (0)   :  0.049 0.149 0.032 0.231 0.117 0.421 
463    (0)   :  0.398 0.020 0.060 0.189 0.145 0.188 
464    (0)   :  0.059 0.011 0.042 0.131 0.083 0.674 
465    (0)   :  0.031 0.017 0.049 0.113 0.123 0.667 
466    (0)   :  0.146 0.011 0.043 0.122 0.126 0.552 
467    (0)   :  0.053 0.049 0.072 0.211 0.145 0.471 
468    (0)   :  0.075 0.010 0.043 0.615 0.104 0.154 
469    (0)   :  0.027 0.015 0.045 0.699 0.064 0.150 
470    (0)   :  0.029 0.009 0.041 0.442 0.074 0.404 
471    (0)   :  0.096 0.047 0.047 0.191 0.248 0.372 
472    (0)   :  0.049 0.034 0.053 0.206 0.169 0.489 
473    (0)   :  0.028 0.010 0.072 0.361 0.228 0.300 
474    (0)   :  0.032 0.018 0.076 0.399 0.126 0.348 
475    (0)   :  0.025 0.012 0.084 0.119 0.125 0.635 
476    (0)   :  0.036 0.024 0.056 0.505 0.085 0.294 
477    (0)   :  0.042 0.018 0.075 0.113 0.100 0.653 
478    (0)   :  0.017 0.017 0.040 0.073 0.072 0.781 
479    (0)   :  0.021 0.009 0.039 0.384 0.073 0.475 
480    (0)   :  0.015 0.008 0.043 0.680 0.074 0.179 
481    (0)   :  0.020 0.030 0.044 0.246 0.331 0.329 
482    (0)   :  0.014 0.009 0.038 0.403 0.072 0.464 
483    (0)   :  0.030 0.013 0.053 0.524 0.072 0.308 
484    (0)   :  0.162 0.041 0.056 0.362 0.138 0.241 
485    (0)   :  0.058 0.011 0.042 0.567 0.067 0.255 
486    (0)   :  0.046 0.053 0.059 0.108 0.460 0.273 
487    (0)   :  0.028 0.037 0.138 0.176 0.410 0.210 
488    (0)   :  0.021 0.063 0.096 0.091 0.401 0.329 
489    (0)   :  0.074 0.040 0.164 0.159 0.432 0.132 
490    (0)   :  0.044 0.019 0.042 0.105 0.183 0.607 
491    (0)   :  0.018 0.048 0.088 0.066 0.657 0.122 
492    (0)   :  0.045 0.038 0.277 0.067 0.214 0.358 
493    (0)   :  0.024 0.091 0.072 0.111 0.522 0.182 
494    (0)   :  0.024 0.037 0.089 0.120 0.568 0.162 
495    (0)   :  0.049 0.092 0.179 0.078 0.198 0.404 
496    (0)   :  0.034 0.010 0.289 0.074 0.406 0.186 
497    (0)   :  0.014 0.139 0.095 0.089 0.538 0.126 
498    (0)   :  0.067 0.197 0.085 0.096 0.238 0.317 
499    (0)   :  0.023 0.021 0.175 0.114 0.547 0.120 
500    (0)   :  0.019 0.016 0.063 0.236 0.519 0.147 
501    (0)   :  0.017 0.018 0.179 0.169 0.353 0.265 
502    (0)   :  0.014 0.038 0.243 0.110 0.253 0.342 
503    (0)   :  0.020 0.012 0.055 0.367 0.291 0.256 
504    (0)   :  0.034 0.054 0.059 0.064 0.201 0.588 
505    (0)   :  0.033 0.024 0.098 0.074 0.615 0.155 
506    (0)   :  0.017 0.048 0.173 0.081 0.369 0.312 
507    (0)   :  0.036 0.009 0.404 0.052 0.417 0.081 
508    (0)   :  0.059 0.019 0.467 0.047 0.313 0.094 
509    (0)   :  0.023 0.014 0.119 0.063 0.651 0.131 
510    (0)   :  0.022 0.016 0.255 0.167 0.355 0.186 
511    (0)   :  0.032 0.039 0.066 0.278 0.265 0.321 
512    (0)   :  0.013 0.024 0.044 0.304 0.195 0.419 
513    (0)   :  0.032 0.508 0.071 0.032 0.207 0.151 
514    (0)   :  0.021 0.011 0.079 0.060 0.284 0.545 
515    (0)   :  0.064 0.018 0.155 0.321 0.258 0.185 
516    (0)   :  0.039 0.013 0.069 0.059 0.416 0.405 
517    (0)   :  0.149 0.011 0.150 0.119 0.243 0.328 
518    (0)   :  0.014 0.011 0.139 0.157 0.558 0.120 
519    (0)   :  0.025 0.014 0.088 0.065 0.175 0.633 
520    (0)   :  0.235 0.009 0.219 0.201 0.227 0.109 
521    (0)   :  0.029 0.011 0.295 0.058 0.302 0.305 
522    (0)   :  0.167 0.015 0.062 0.364 0.206 0.187 
523    (0)   :  0.330 0.009 0.148 0.062 0.247 0.204 
524    (0)   :  0.103 0.008 0.094 0.335 0.255 0.204 
525    (0)   :  0.044 0.009 0.165 0.271 0.387 0.123 
526    (0)   :  0.457 0.009 0.073 0.196 0.162 0.104 
527    (0)   :  0.014 0.024 0.066 0.252 0.325 0.319 
528    (0)   :  0.024 0.009 0.391 0.052 0.397 0.127 
529    (0)   :  0.016 0.015 0.086 0.070 0.658 0.154 
530    (0)   :  0.069 0.024 0.101 0.377 0.216 0.213 
531    (0)   :  0.045 0.015 0.344 0.197 0.200 0.199 
532    (0)   :  0.035 0.015 0.266 0.114 0.368 0.202 
533    (0)   :  0.050 0.011 0.073 0.258 0.448 0.160 
534    (0)   :  0.052 0.017 0.086 0.043 0.658 0.145 
535    (0)   :  0.245 0.011 0.077 0.102 0.194 0.371 
536    (0)   :  0.127 0.044 0.167 0.203 0.258 0.200 
537    (0)   :  0.211 0.031 0.247 0.081 0.284 0.145 
538    (0)   :  0.111 0.013 0.185 0.104 0.412 0.175 
539    (0)   :  0.031 0.011 0.580 0.055 0.233 0.090 
540    (0)   :  0.081 0.015 0.167 0.167 0.413 0.158 
541    (0)   :  0.036 0.045 0.425 0.098 0.224 0.172 
542    (0)   :  0.223 0.073 0.058 0.182 0.329 0.135 
543    (0)   :  0.223 0.021 0.181 0.064 0.228 0.282 
544    (0)   :  0.340 0.020 0.096 0.102 0.261 0.181 
545    (0)   :  0.549 0.017 0.043 0.117 0.120 0.155 
546    (0)   :  0.080 0.067 0.111 0.088 0.492 0.162 
547    (0)   :  0.567 0.014 0.121 0.057 0.110 0.132 
548    (0)   :  0.014 0.010 0.163 0.052 0.654 0.107 
549    (0)   :  0.204 0.044 0.359 0.167 0.110 0.115 
550    (0)   :  0.441 0.017 0.063 0.132 0.103 0.245 
551    (0)   :  0.047 0.017 0.514 0.093 0.155 0.174 
552    (0)   :  0.057 0.013 0.116 0.084 0.623 0.107 
553    (0)   :  0.495 0.015 0.159 0.042 0.160 0.129 
554    (0)   :  0.051 0.025 0.138 0.216 0.298 0.273 
555    (0)   :  0.117 0.042 0.320 0.070 0.320 0.132 
556    (0)   :  0.062 0.014 0.098 0.076 0.596 0.155 
557    (0)   :  0.337 0.025 0.103 0.167 0.107 0.261 
558    (0)   :  0.012 0.009 0.041 0.423 0.065 0.450 
559    (0)   :  0.025 0.011 0.052 0.065 0.452 0.395 
560    (0)   :  0.028 0.018 0.030 0.167 0.091 0.666 
561    (0)   :  0.027 0.016 0.040 0.148 0.166 0.603 
562    (0)   :  0.045 0.017 0.030 0.124 0.163 0.621 
563    (0)   :  0.040 0.023 0.174 0.072 0.104 0.588 
564    (0)   :  0.055 0.011 0.057 0.105 0.558 0.215 
565    (0)   :  0.015 0.010 0.044 0.657 0.096 0.178 
566    (0)   :  0.017 0.009 0.032 0.125 0.077 0.741 
567    (0)   :  0.029 0.013 0.040 0.095 0.549 0.273 
568    (0)   :  0.036 0.009 0.058 0.096 0.247 0.555 
569    (0)   :  0.110 0.012 0.065 0.236 0.177 0.400 
570    (0)   :  0.014 0.008 0.034 0.478 0.094 0.372 
571    (0)   :  0.018 0.008 0.051 0.073 0.132 0.718 
572    (0)   :  0.342 0.020 0.168 0.128 0.177 0.165 
573    (0)   :  0.056 0.009 0.057 0.229 0.463 0.187 
574    (0)   :  0.030 0.014 0.133 0.391 0.205 0.227 
575    (0)   :  0.027 0.011 0.112 0.078 0.191 0.581 
576    (0)   :  0.014 0.017 0.033 0.114 0.087 0.734 
577    (0)   :  0.020 0.013 0.118 0.268 0.227 0.354 
578    (0)   :  0.026 0.015 0.050 0.124 0.134 0.651 
579    (0)   :  0.023 0.037 0.044 0.176 0.236 0.484 
580    (0)   :  0.015 0.011 0.075 0.380 0.180 0.339 
581    (0)   :  0.017 0.010 0.059 0.225 0.125 0.565 
582    (0)   :  0.040 0.012 0.037 0.278 0.092 0.541 
583    (0)   :  0.020 0.010 0.049 0.118 0.195 0.608 
584    (0)   :  0.012 0.009 0.038 0.123 0.103 0.714 
585    (0)   :  0.021 0.018 0.043 0.166 0.123 0.629 
586    (0)   :  0.021 0.011 0.059 0.054 0.187 0.669 
587    (0)   :  0.035 0.016 0.036 0.229 0.247 0.437 
588    (0)   :  0.056 0.014 0.039 0.036 0.758 0.097 
589    (0)   :  0.087 0.011 0.040 0.417 0.139 0.305 
590    (0)   :  0.016 0.015 0.044 0.074 0.244 0.606 
591    (0)   :  0.014 0.008 0.052 0.068 0.172 0.685 
592    (0)   :  0.067 0.010 0.041 0.109 0.232 0.540 
593    (0)   :  0.036 0.008 0.072 0.139 0.233 0.513 
594    (0)   :  0.017 0.013 0.083 0.083 0.406 0.399 
595    (0)   :  0.011 0.089 0.035 0.212 0.256 0.397 
596    (0)   :  0.092 0.013 0.068 0.233 0.373 0.221 
597    (0)   :  0.046 0.011 0.191 0.052 0.150 0.551 
598    (0)   :  0.014 0.007 0.036 0.612 0.070 0.261 
599    (0)   :  0.037 0.007 0.033 0.106 0.139 0.678 
600    (0)   :  0.031 0.018 0.089 0.310 0.218 0.335 
601    (0)   :  0.030 0.012 0.034 0.120 0.112 0.692 
602    (0)   :  0.013 0.013 0.091 0.089 0.584 0.210 
603    (0)   :  0.015 0.012 0.093 0.079 0.551 0.250 
604    (0)   :  0.020 0.044 0.076 0.435 0.273 0.152 
605    (0)   :  0.030 0.014 0.057 0.143 0.309 0.446 
606    (0)   :  0.026 0.016 0.103 0.160 0.495 0.200 
607    (0)   :  0.012 0.013 0.172 0.214 0.368 0.220 
608    (0)   :  0.019 0.010 0.397 0.137 0.180 0.257 
609    (0)   :  0.029 0.018 0.078 0.305 0.178 0.392 
610    (0)   :  0.075 0.015 0.058 0.483 0.190 0.179 
611    (0)   :  0.025 0.012 0.121 0.081 0.445 0.316 
612    (0)   :  0.037 0.018 0.053 0.606 0.111 0.174 
613    (0)   :  0.045 0.015 0.069 0.293 0.322 0.257 
614    (0)   :  0.015 0.020 0.042 0.618 0.178 0.126 
615    (0)   :  0.019 0.012 0.071 0.599 0.187 0.113 
616    (0)   :  0.013 0.011 0.130 0.204 0.380 0.262 
617    (0)   :  0.041 0.093 0.050 0.372 0.198 0.245 
618    (0)   :  0.033 0.052 0.122 0.412 0.268 0.114 
619    (0)   :  0.068 0.008 0.129 0.124 0.250 0.421 
620    (0)   :  0.064 0.012 0.031 0.077 0.274 0.542 
621    (0)   :  0.011 0.011 0.050 0.172 0.131 0.625 
622    (0)   :  0.033 0.132 0.089 0.277 0.325 0.144 
623    (0)   :  0.024 0.010 0.050 0.144 0.295 0.475 
624    (0)   :  0.022 0.018 0.131 0.504 0.140 0.185 
625    (0)   :  0.016 0.040 0.127 0.394 0.184 0.239 
626    (0)   :  0.120 0.034 0.258 0.272 0.223 0.093 
627    (0)   :  0.025 0.015 0.065 0.149 0.319 0.427 
628    (0)   :  0.016 0.028 0.063 0.113 0.404 0.376 
629    (0)   :  0.014 0.017 0.079 0.196 0.363 0.331 
630    (0)   :  0.026 0.026 0.069 0.363 0.193 0.324 
631    (0)   :  0.015 0.013 0.067 0.301 0.330 0.274 
632    (0)   :  0.024 0.020 0.161 0.108 0.558 0.130 
633    (0)   :  0.015 0.026 0.116 0.322 0.234 0.289 
634    (0)   :  0.032 0.012 0.136 0.155 0.397 0.269 
635    (0)   :  0.019 0.011 0.347 0.146 0.334 0.144 
636    (0)   :  0.019 0.015 0.232 0.267 0.166 0.301 
637    (0)   :  0.079 0.036 0.099 0.134 0.397 0.256 
638    (0)   :  0.013 0.011 0.101 0.159 0.449 0.267 
639    (0)   :  0.016 0.024 0.088 0.363 0.327 0.182 
640    (0)   :  0.011 0.027 0.068 0.116 0.167 0.611 
641    (0)   :  0.013 0.013 0.068 0.191 0.486 0.229 
642    (0)   :  0.040 0.018 0.340 0.091 0.320 0.189 
643    (0)   :  0.016 0.015 0.619 0.057 0.148 0.144 
644    (0)   :  0.019 0.012 0.490 0.062 0.219 0.198 
645    (0)   :  0.027 0.026 0.336 0.305 0.233 0.074 
646    (0)   :  0.039 0.037 0.103 0.078 0.494 0.249 
647    (0)   :  0.034 0.054 0.277 0.061 0.338 0.236 
648    (0)   :  0.041 0.037 0.200 0.119 0.498 0.105 
649    (0)   :  0.048 0.013 0.102 0.050 0.653 0.135 
650    (0)   :  0.027 0.013 0.122 0.059 0.539 0.241 
651    (0)   :  0.013 0.043 0.262 0.071 0.467 0.143 
652    (0)   :  0.017 0.011 0.441 0.061 0.314 0.156 
653    (0)   :  0.034 0.027 0.245 0.104 0.479 0.110 
654    (0)   :  0.082 0.051 0.342 0.071 0.338 0.117 
655    (0)   :  0.021 0.009 0.456 0.053 0.147 0.314 
656    (0)   :  0.041 0.039 0.154 0.082 0.543 0.140 
657    (0)   :  0.018 0.014 0.161 0.200 0.421 0.186 
658    (0)   :  0.048 0.010 0.186 0.096 0.260 0.400 
659    (0)   :  0.043 0.021 0.374 0.098 0.317 0.147 
660    (0)   :  0.030 0.010 0.308 0.060 0.472 0.120 
661    (0)   :  0.090 0.022 0.466 0.077 0.222 0.123 
662    (0)   :  0.098 0.016 0.079 0.043 0.623 0.142 
663    (0)   :  0.020 0.008 0.330 0.073 0.435 0.134 
664    (0)   :  0.041 0.033 0.201 0.101 0.167 0.456 
665    (0)   :  0.042 0.010 0.095 0.051 0.677 0.125 
666    (0)   :  0.032 0.012 0.231 0.078 0.502 0.145 
667    (0)   :  0.027 0.114 0.098 0.072 0.420 0.270 
668    (0)   :  0.034 0.015 0.354 0.091 0.292 0.213 
669    (0)   :  0.023 0.010 0.120 0.059 0.678 0.111 
670    (0)   :  0.018 0.008 0.583 0.048 0.262 0.080 
671    (0)   :  0.023 0.010 0.383 0.053 0.407 0.124 
672    (0)   :  0.044 0.008 0.613 0.061 0.084 0.191 
673    (0)   :  0.011 0.008 0.766 0.053 0.095 0.067 
674    (0)   :  0.024 0.012 0.510 0.080 0.272 0.101 
675    (0)   :  0.014 0.023 0.691 0.043 0.106 0.123 
676    (0)   :  0.012 0.008 0.773 0.045 0.093 0.069 
677    (0)   :  0.086 0.010 0.552 0.040 0.237 0.075 
678    (0)   :  0.011 0.008 0.767 0.052 0.090 0.072 
679    (0)   :  0.011 0.010 0.592 0.091 0.195 0.101 
680    (0)   :  0.016 0.017 0.635 0.074 0.172 0.086 
681    (0)   :  0.234 0.027 0.234 0.160 0.216 0.129 
682    (0)   :  0.019 0.013 0.697 0.078 0.107 0.087 
683    (0)   :  0.025 0.008 0.667 0.045 0.177 0.079 
684    (0)   :  0.013 0.009 0.756 0.050 0.099 0.074 
685    (0)   :  0.013 0.007 0.780 0.041 0.093 0.066 
686    (0)   :  0.084 0.014 0.488 0.071 0.246 0.097 
687    (0)   :  0.032 0.009 0.386 0.048 0.413 0.112 
688    (0)   :  0.015 0.009 0.659 0.050 0.161 0.106 
689    (0)   :  0.013 0.008 0.770 0.044 0.101 0.064 
690    (0)   :  0.012 0.008 0.774 0.046 0.092 0.069 
691    (0)   :  0.019 0.012 0.627 0.080 0.164 0.098 
692    (0)   :  0.012 0.009 0.670 0.062 0.144 0.104 
693    (0)   :  0.013 0.016 0.674 0.055 0.111 0.131 
694    (0)   :  0.015 0.007 0.787 0.037 0.092 0.062 
695    (0)   :  0.036 0.008 0.732 0.061 0.081 0.081 
696    (0)   :  0.015 0.009 0.661 0.049 0.160 0.106 
697    (0)   :  0.017 0.009 0.732 0.045 0.130 0.067 
698    (0)   :  0.013 0.008 0.753 0.046 0.112 0.069 
699    (0)   :  0.106 0.009 0.642 0.054 0.109 0.080 
700    (0)   :  0.056 0.066 0.591 0.048 0.122 0.116 
701    (0)   :  0.030 0.010 0.532 0.101 0.230 0.098 
702    (0)   :  0.038 0.019 0.538 0.078 0.190 0.137 
703    (0)   :  0.021 0.012 0.663 0.077 0.139 0.088 
704    (0)   :  0.021 0.009 0.657 0.044 0.169 0.100 
705    (0)   :  0.215 0.022 0.309 0.091 0.248 0.116 
706    (0)   :  0.031 0.013 0.685 0.067 0.124 0.079 
707    (0)   :  0.022 0.009 0.712 0.049 0.140 0.068 
708    (0)   :  0.013 0.012 0.725 0.043 0.137 0.070 
709    (0)   :  0.042 0.021 0.732 0.042 0.088 0.075 
710    (0)   :  0.016 0.008 0.792 0.040 0.080 0.064 
711    (0)   :  0.047 0.014 0.590 0.061 0.204 0.083 
712    (0)   :  0.043 0.013 0.683 0.036 0.160 0.065 
713    (0)   :  0.017 0.009 0.665 0.044 0.163 0.102 
714    (0)   :  0.014 0.020 0.522 0.082 0.258 0.105 
715    (0)   :  0.033 0.009 0.750 0.037 0.106 0.064 
