

----------------------------------------------------
STRUCTURE by Pritchard, Stephens and Donnelly (2000)
     and Falush, Stephens and Pritchard (2003)
       Code by Pritchard, Falush and Hubisz
             Version 2.3.4 (Jul 2012)
----------------------------------------------------



Command line arguments:   ./structure -K 3 -D 103014 -m brooktrout/mainparams -e brooktrout/extraparams -o brooktrout/250914_output/results_K3_rep14 
Input File:    brooktrout/brooktrout.txt

Run parameters:
   8454 individuals
   5 loci
   3 populations assumed
   50000 Burn-in period
   100000 Reps
RANDOMIZE turned off


--------------------------------------------
Overall proportion of membership of the
sample in each of the 3 clusters

Inferred Clusters
  1      2      3    
0.383  0.162  0.455  

--------------------------------------------

Allele-freq. divergence among pops (Net nucleotide distance),
computed using point estimates of P.

      1       2       3      
 1      -    0.0518  0.0316  
 2   0.0518     -    0.0956  
 3   0.0316  0.0956     -    

Average distances (expected heterozygosity) between individuals in same cluster:
cluster  1  : 0.8434 
cluster  2  : 0.7451 
cluster  3  : 0.8247 

--------------------------------------------
Estimated Ln Prob of Data   = -179165.7
Mean value of ln likelihood = -175652.6
Variance of ln likelihood   = 7026.3

Mean value of alpha_1       = 0.2227
Mean value of alpha_2       = 0.0945
Mean value of alpha_3       = 0.2655
Allele frequencies uncorrelated


Inferred ancestry of individuals:
     (%Miss) :  Inferred clusters
  1    (0)   :  0.469 0.177 0.354 
  2    (0)   :  0.753 0.023 0.223 
  3    (0)   :  0.317 0.103 0.580 
  4    (0)   :  0.319 0.548 0.134 
  5    (0)   :  0.619 0.024 0.358 
  6    (0)   :  0.066 0.028 0.906 
  7    (0)   :  0.064 0.021 0.915 
  8    (0)   :  0.250 0.319 0.432 
  9    (0)   :  0.512 0.046 0.442 
 10    (0)   :  0.126 0.115 0.758 
 11    (0)   :  0.107 0.022 0.871 
 12    (0)   :  0.550 0.041 0.409 
 13    (0)   :  0.190 0.042 0.767 
 14    (0)   :  0.733 0.053 0.214 
 15    (0)   :  0.543 0.121 0.337 
 16    (0)   :  0.119 0.046 0.835 
 17    (0)   :  0.300 0.040 0.660 
 18    (0)   :  0.280 0.062 0.658 
 19    (0)   :  0.158 0.036 0.806 
 20    (0)   :  0.445 0.038 0.518 
 21    (0)   :  0.645 0.125 0.230 
 22    (0)   :  0.102 0.058 0.840 
 23    (0)   :  0.733 0.114 0.152 
 24    (0)   :  0.319 0.167 0.515 
 25    (0)   :  0.116 0.017 0.868 
 26    (0)   :  0.375 0.086 0.539 
 27    (0)   :  0.226 0.073 0.700 
 28    (0)   :  0.205 0.242 0.553 
 29    (0)   :  0.534 0.032 0.434 
 30    (0)   :  0.140 0.042 0.817 
 31    (0)   :  0.284 0.082 0.634 
 32    (0)   :  0.615 0.090 0.295 
 33    (0)   :  0.392 0.091 0.516 
 34    (0)   :  0.098 0.043 0.859 
 35    (0)   :  0.486 0.028 0.486 
 36    (0)   :  0.566 0.038 0.396 
 37    (0)   :  0.663 0.109 0.228 
 38    (0)   :  0.180 0.018 0.802 
 39    (0)   :  0.234 0.030 0.736 
 40    (0)   :  0.632 0.165 0.204 
 41    (0)   :  0.545 0.035 0.420 
 42    (0)   :  0.595 0.250 0.155 
 43    (0)   :  0.856 0.039 0.105 
 44    (0)   :  0.677 0.024 0.300 
 45    (0)   :  0.598 0.020 0.381 
 46    (0)   :  0.205 0.023 0.773 
 47    (0)   :  0.315 0.045 0.640 
 48    (0)   :  0.685 0.026 0.289 
 49    (0)   :  0.513 0.033 0.455 
 50    (0)   :  0.117 0.061 0.822 
 51    (0)   :  0.855 0.026 0.119 
 52    (0)   :  0.216 0.039 0.744 
 53    (0)   :  0.100 0.048 0.853 
 54    (0)   :  0.792 0.036 0.171 
 55    (0)   :  0.871 0.025 0.104 
 56    (0)   :  0.519 0.040 0.441 
 57    (0)   :  0.222 0.129 0.649 
 58    (0)   :  0.738 0.036 0.226 
 59    (0)   :  0.575 0.030 0.395 
 60    (0)   :  0.732 0.090 0.178 
 61    (0)   :  0.903 0.038 0.058 
 62    (0)   :  0.358 0.033 0.610 
 63    (0)   :  0.742 0.049 0.209 
 64    (0)   :  0.156 0.021 0.822 
 65    (0)   :  0.353 0.016 0.631 
 66    (0)   :  0.851 0.050 0.099 
 67    (0)   :  0.858 0.020 0.122 
 68    (0)   :  0.611 0.037 0.352 
 69    (0)   :  0.271 0.098 0.632 
 70    (0)   :  0.786 0.033 0.181 
 71    (0)   :  0.630 0.016 0.354 
 72    (0)   :  0.271 0.024 0.705 
 73    (0)   :  0.835 0.017 0.149 
 74    (0)   :  0.566 0.083 0.350 
 75    (0)   :  0.800 0.080 0.120 
 76    (0)   :  0.712 0.027 0.261 
 77    (0)   :  0.651 0.026 0.323 
 78    (0)   :  0.534 0.032 0.434 
 79    (0)   :  0.118 0.026 0.857 
 80    (0)   :  0.171 0.603 0.226 
 81    (0)   :  0.214 0.393 0.393 
 82    (0)   :  0.759 0.050 0.191 
 83    (0)   :  0.358 0.228 0.414 
 84    (0)   :  0.423 0.170 0.407 
 85    (0)   :  0.404 0.272 0.324 
 86    (0)   :  0.596 0.026 0.378 
 87    (0)   :  0.205 0.031 0.764 
 88    (0)   :  0.675 0.124 0.201 
 89    (0)   :  0.709 0.158 0.133 
 90    (0)   :  0.351 0.033 0.617 
 91    (0)   :  0.351 0.479 0.170 
 92    (0)   :  0.409 0.056 0.535 
 93    (0)   :  0.072 0.866 0.062 
 94    (0)   :  0.064 0.023 0.913 
 95    (0)   :  0.690 0.063 0.248 
 96    (0)   :  0.867 0.075 0.059 
 97    (0)   :  0.701 0.100 0.199 
 98    (0)   :  0.760 0.046 0.194 
 99    (0)   :  0.465 0.136 0.399 
100    (0)   :  0.483 0.450 0.067 
101    (0)   :  0.747 0.035 0.218 
102    (0)   :  0.667 0.179 0.154 
103    (0)   :  0.874 0.038 0.088 
104    (0)   :  0.300 0.038 0.661 
105    (0)   :  0.852 0.034 0.114 
106    (0)   :  0.082 0.012 0.906 
107    (0)   :  0.640 0.053 0.308 
108    (0)   :  0.718 0.021 0.261 
109    (0)   :  0.209 0.012 0.779 
110    (0)   :  0.147 0.015 0.838 
111    (0)   :  0.147 0.021 0.831 
112    (0)   :  0.103 0.014 0.883 
113    (0)   :  0.764 0.029 0.207 
114    (0)   :  0.360 0.053 0.587 
115    (0)   :  0.725 0.021 0.254 
116    (0)   :  0.292 0.013 0.695 
117    (0)   :  0.447 0.021 0.532 
118    (0)   :  0.717 0.018 0.264 
119    (0)   :  0.823 0.089 0.088 
120    (0)   :  0.427 0.027 0.546 
121    (0)   :  0.815 0.016 0.170 
122    (0)   :  0.124 0.018 0.858 
123    (0)   :  0.394 0.027 0.578 
124    (0)   :  0.355 0.018 0.627 
125    (0)   :  0.275 0.028 0.697 
126    (0)   :  0.256 0.035 0.709 
127    (0)   :  0.198 0.023 0.779 
128    (0)   :  0.804 0.018 0.177 
129    (0)   :  0.828 0.014 0.157 
130    (0)   :  0.481 0.060 0.459 
131    (0)   :  0.467 0.017 0.517 
132    (0)   :  0.161 0.013 0.825 
133    (0)   :  0.427 0.035 0.538 
134    (0)   :  0.056 0.010 0.934 
135    (0)   :  0.583 0.333 0.084 
136    (0)   :  0.064 0.874 0.062 
137    (0)   :  0.117 0.812 0.071 
138    (0)   :  0.063 0.877 0.060 
139    (0)   :  0.803 0.114 0.083 
140    (0)   :  0.270 0.507 0.223 
141    (0)   :  0.084 0.809 0.107 
142    (0)   :  0.445 0.476 0.079 
143    (0)   :  0.059 0.900 0.040 
144    (0)   :  0.122 0.813 0.065 
145    (0)   :  0.182 0.650 0.168 
146    (0)   :  0.374 0.419 0.208 
147    (0)   :  0.047 0.909 0.044 
148    (0)   :  0.222 0.642 0.137 
149    (0)   :  0.105 0.827 0.068 
150    (0)   :  0.350 0.532 0.119 
151    (0)   :  0.104 0.836 0.060 
152    (0)   :  0.314 0.527 0.159 
153    (0)   :  0.115 0.797 0.088 
154    (0)   :  0.091 0.842 0.067 
155    (0)   :  0.067 0.875 0.058 
156    (0)   :  0.352 0.585 0.063 
157    (0)   :  0.184 0.676 0.140 
158    (0)   :  0.118 0.743 0.139 
159    (0)   :  0.055 0.901 0.044 
160    (0)   :  0.060 0.894 0.046 
161    (0)   :  0.265 0.624 0.111 
162    (0)   :  0.434 0.319 0.247 
163    (0)   :  0.069 0.880 0.051 
164    (0)   :  0.327 0.444 0.229 
165    (0)   :  0.242 0.658 0.101 
166    (0)   :  0.367 0.474 0.159 
167    (0)   :  0.092 0.740 0.168 
168    (0)   :  0.128 0.774 0.098 
169    (0)   :  0.149 0.445 0.406 
170    (0)   :  0.402 0.536 0.062 
171    (0)   :  0.323 0.539 0.138 
172    (0)   :  0.213 0.639 0.148 
173    (0)   :  0.092 0.859 0.049 
174    (0)   :  0.076 0.861 0.064 
175    (0)   :  0.058 0.885 0.057 
176    (0)   :  0.122 0.813 0.065 
177    (0)   :  0.263 0.487 0.250 
178    (0)   :  0.077 0.825 0.098 
179    (0)   :  0.051 0.903 0.046 
180    (0)   :  0.154 0.660 0.186 
181    (0)   :  0.317 0.593 0.090 
182    (0)   :  0.226 0.723 0.052 
183    (0)   :  0.071 0.879 0.050 
184    (0)   :  0.704 0.025 0.271 
185    (0)   :  0.195 0.759 0.046 
186    (0)   :  0.672 0.022 0.305 
187    (0)   :  0.757 0.134 0.108 
188    (0)   :  0.743 0.016 0.240 
189    (0)   :  0.324 0.230 0.446 
190    (0)   :  0.872 0.088 0.039 
191    (0)   :  0.842 0.037 0.121 
192    (0)   :  0.798 0.089 0.114 
193    (0)   :  0.746 0.102 0.152 
194    (0)   :  0.839 0.065 0.096 
195    (0)   :  0.670 0.278 0.052 
196    (0)   :  0.873 0.066 0.062 
197    (0)   :  0.589 0.062 0.349 
198    (0)   :  0.646 0.082 0.271 
199    (0)   :  0.867 0.057 0.075 
200    (0)   :  0.709 0.074 0.217 
201    (0)   :  0.452 0.478 0.070 
202    (0)   :  0.590 0.344 0.066 
203    (0)   :  0.610 0.328 0.063 
204    (0)   :  0.893 0.057 0.050 
205    (0)   :  0.871 0.037 0.092 
206    (0)   :  0.863 0.070 0.067 
207    (0)   :  0.909 0.026 0.065 
208    (0)   :  0.808 0.131 0.061 
209    (0)   :  0.829 0.054 0.117 
210    (0)   :  0.864 0.071 0.065 
211    (0)   :  0.899 0.041 0.060 
212    (0)   :  0.269 0.649 0.082 
213    (0)   :  0.867 0.032 0.101 
214    (0)   :  0.534 0.403 0.063 
215    (0)   :  0.891 0.023 0.086 
216    (0)   :  0.736 0.033 0.231 
217    (0)   :  0.560 0.353 0.088 
218    (0)   :  0.847 0.052 0.101 
219    (0)   :  0.507 0.148 0.345 
220    (0)   :  0.903 0.030 0.067 
221    (0)   :  0.306 0.653 0.041 
222    (0)   :  0.584 0.062 0.353 
223    (0)   :  0.614 0.251 0.135 
224    (0)   :  0.738 0.190 0.072 
225    (0)   :  0.886 0.049 0.064 
226    (0)   :  0.704 0.071 0.225 
227    (0)   :  0.832 0.100 0.067 
228    (0)   :  0.771 0.182 0.047 
229    (0)   :  0.711 0.205 0.083 
230    (0)   :  0.847 0.092 0.061 
231    (0)   :  0.616 0.253 0.131 
232    (0)   :  0.787 0.091 0.123 
233    (0)   :  0.352 0.579 0.069 
234    (0)   :  0.698 0.109 0.193 
235    (0)   :  0.679 0.176 0.145 
236    (0)   :  0.734 0.181 0.085 
237    (0)   :  0.875 0.041 0.083 
238    (0)   :  0.566 0.353 0.081 
239    (0)   :  0.663 0.283 0.055 
240    (0)   :  0.560 0.358 0.082 
241    (0)   :  0.517 0.422 0.062 
242    (0)   :  0.555 0.130 0.315 
243    (0)   :  0.890 0.065 0.045 
244    (0)   :  0.734 0.208 0.058 
245    (0)   :  0.214 0.729 0.057 
246    (0)   :  0.558 0.355 0.087 
247    (0)   :  0.733 0.018 0.249 
248    (0)   :  0.880 0.020 0.100 
249    (0)   :  0.764 0.171 0.065 
250    (0)   :  0.825 0.090 0.085 
251    (0)   :  0.581 0.053 0.367 
252    (0)   :  0.811 0.106 0.083 
253    (0)   :  0.777 0.034 0.189 
254    (0)   :  0.714 0.064 0.222 
255    (0)   :  0.701 0.119 0.180 
256    (0)   :  0.787 0.146 0.067 
257    (0)   :  0.881 0.047 0.072 
258    (0)   :  0.833 0.042 0.125 
259    (0)   :  0.883 0.037 0.079 
260    (0)   :  0.592 0.180 0.228 
261    (0)   :  0.702 0.221 0.077 
262    (0)   :  0.671 0.277 0.052 
263    (0)   :  0.866 0.032 0.101 
264    (0)   :  0.268 0.017 0.716 
265    (0)   :  0.740 0.105 0.155 
266    (0)   :  0.306 0.650 0.044 
267    (0)   :  0.723 0.121 0.157 
268    (0)   :  0.875 0.064 0.061 
269    (0)   :  0.359 0.198 0.443 
270    (0)   :  0.753 0.036 0.211 
271    (0)   :  0.882 0.031 0.087 
272    (0)   :  0.796 0.040 0.164 
273    (0)   :  0.670 0.179 0.152 
274    (0)   :  0.796 0.054 0.151 
275    (0)   :  0.804 0.077 0.119 
276    (0)   :  0.757 0.035 0.208 
277    (0)   :  0.704 0.163 0.133 
278    (0)   :  0.892 0.032 0.076 
279    (0)   :  0.833 0.075 0.093 
280    (0)   :  0.693 0.078 0.229 
281    (0)   :  0.831 0.050 0.119 
282    (0)   :  0.487 0.383 0.130 
283    (0)   :  0.413 0.492 0.095 
284    (0)   :  0.827 0.083 0.090 
285    (0)   :  0.863 0.014 0.123 
286    (0)   :  0.732 0.210 0.058 
287    (0)   :  0.626 0.120 0.254 
288    (0)   :  0.782 0.042 0.176 
289    (0)   :  0.708 0.070 0.221 
290    (0)   :  0.703 0.038 0.260 
291    (0)   :  0.884 0.030 0.086 
292    (0)   :  0.747 0.104 0.149 
293    (0)   :  0.443 0.036 0.522 
294    (0)   :  0.854 0.026 0.119 
295    (0)   :  0.561 0.091 0.348 
296    (0)   :  0.891 0.032 0.078 
297    (0)   :  0.656 0.045 0.299 
298    (0)   :  0.671 0.198 0.131 
299    (0)   :  0.788 0.038 0.174 
300    (0)   :  0.891 0.023 0.085 
301    (0)   :  0.668 0.038 0.294 
302    (0)   :  0.874 0.028 0.098 
303    (0)   :  0.685 0.212 0.104 
304    (0)   :  0.422 0.293 0.285 
305    (0)   :  0.808 0.132 0.060 
306    (0)   :  0.537 0.347 0.116 
307    (0)   :  0.832 0.069 0.099 
308    (0)   :  0.696 0.226 0.078 
309    (0)   :  0.891 0.035 0.075 
310    (0)   :  0.804 0.143 0.053 
311    (0)   :  0.851 0.090 0.060 
312    (0)   :  0.913 0.028 0.059 
313    (0)   :  0.925 0.019 0.057 
314    (0)   :  0.048 0.910 0.041 
315    (0)   :  0.065 0.878 0.057 
316    (0)   :  0.055 0.881 0.063 
317    (0)   :  0.037 0.921 0.042 
318    (0)   :  0.035 0.923 0.043 
319    (0)   :  0.054 0.904 0.042 
320    (0)   :  0.049 0.909 0.042 
321    (0)   :  0.038 0.917 0.045 
322    (0)   :  0.066 0.872 0.062 
323    (0)   :  0.040 0.918 0.043 
324    (0)   :  0.038 0.918 0.044 
325    (0)   :  0.047 0.892 0.061 
326    (0)   :  0.042 0.902 0.056 
327    (0)   :  0.039 0.919 0.042 
328    (0)   :  0.067 0.870 0.063 
329    (0)   :  0.041 0.919 0.041 
330    (0)   :  0.038 0.920 0.042 
331    (0)   :  0.041 0.918 0.041 
332    (0)   :  0.042 0.890 0.067 
333    (0)   :  0.049 0.896 0.055 
334    (0)   :  0.065 0.873 0.061 
335    (0)   :  0.061 0.884 0.055 
336    (0)   :  0.040 0.915 0.045 
337    (0)   :  0.052 0.882 0.065 
338    (0)   :  0.035 0.921 0.044 
339    (0)   :  0.040 0.918 0.041 
340    (0)   :  0.041 0.920 0.039 
341    (0)   :  0.040 0.919 0.041 
342    (0)   :  0.039 0.919 0.042 
343    (0)   :  0.074 0.865 0.061 
344    (0)   :  0.037 0.922 0.041 
345    (0)   :  0.039 0.920 0.041 
346    (0)   :  0.035 0.925 0.040 
347    (0)   :  0.038 0.924 0.038 
348    (0)   :  0.081 0.863 0.055 
349    (0)   :  0.039 0.919 0.042 
350    (0)   :  0.058 0.899 0.043 
351    (0)   :  0.060 0.885 0.056 
352    (0)   :  0.053 0.887 0.060 
353    (0)   :  0.041 0.914 0.045 
354    (0)   :  0.042 0.916 0.042 
355    (0)   :  0.035 0.923 0.043 
356    (0)   :  0.137 0.809 0.054 
357    (0)   :  0.095 0.548 0.357 
358    (0)   :  0.048 0.890 0.062 
359    (0)   :  0.040 0.917 0.043 
360    (0)   :  0.036 0.925 0.040 
361    (0)   :  0.150 0.465 0.386 
362    (0)   :  0.202 0.030 0.767 
363    (0)   :  0.131 0.020 0.849 
364    (0)   :  0.144 0.264 0.592 
365    (0)   :  0.105 0.026 0.869 
366    (0)   :  0.360 0.070 0.570 
367    (0)   :  0.059 0.012 0.929 
368    (0)   :  0.321 0.026 0.654 
369    (0)   :  0.400 0.274 0.326 
370    (0)   :  0.753 0.027 0.220 
371    (0)   :  0.465 0.061 0.474 
372    (0)   :  0.632 0.079 0.289 
373    (0)   :  0.133 0.042 0.825 
374    (0)   :  0.192 0.263 0.545 
375    (0)   :  0.114 0.021 0.865 
376    (0)   :  0.043 0.015 0.942 
377    (0)   :  0.221 0.032 0.747 
378    (0)   :  0.215 0.155 0.630 
379    (0)   :  0.048 0.016 0.936 
380    (0)   :  0.297 0.129 0.574 
381    (0)   :  0.126 0.072 0.802 
382    (0)   :  0.069 0.020 0.911 
383    (0)   :  0.110 0.164 0.726 
384    (0)   :  0.152 0.091 0.757 
385    (0)   :  0.128 0.087 0.785 
386    (0)   :  0.080 0.018 0.901 
387    (0)   :  0.088 0.023 0.889 
388    (0)   :  0.330 0.227 0.443 
389    (0)   :  0.820 0.022 0.157 
390    (0)   :  0.339 0.026 0.635 
391    (0)   :  0.534 0.044 0.422 
392    (0)   :  0.088 0.043 0.869 
393    (0)   :  0.246 0.055 0.699 
394    (0)   :  0.242 0.212 0.546 
395    (0)   :  0.580 0.022 0.398 
396    (0)   :  0.088 0.014 0.898 
397    (0)   :  0.427 0.086 0.487 
398    (0)   :  0.054 0.015 0.931 
399    (0)   :  0.162 0.019 0.818 
400    (0)   :  0.074 0.030 0.895 
401    (0)   :  0.217 0.034 0.749 
402    (0)   :  0.544 0.028 0.428 
403    (0)   :  0.428 0.244 0.328 
404    (0)   :  0.381 0.046 0.572 
405    (0)   :  0.331 0.042 0.628 
406    (0)   :  0.645 0.062 0.293 
407    (0)   :  0.058 0.015 0.927 
408    (0)   :  0.646 0.012 0.342 
409    (0)   :  0.591 0.220 0.189 
410    (0)   :  0.079 0.051 0.870 
411    (0)   :  0.202 0.110 0.688 
412    (0)   :  0.138 0.024 0.839 
413    (0)   :  0.447 0.103 0.449 
414    (0)   :  0.140 0.014 0.846 
415    (0)   :  0.108 0.024 0.867 
416    (0)   :  0.147 0.037 0.816 
417    (0)   :  0.060 0.020 0.920 
418    (0)   :  0.072 0.015 0.913 
419    (0)   :  0.628 0.084 0.289 
420    (0)   :  0.265 0.020 0.715 
421    (0)   :  0.102 0.020 0.877 
422    (0)   :  0.542 0.023 0.435 
423    (0)   :  0.158 0.026 0.816 
424    (0)   :  0.496 0.034 0.469 
425    (0)   :  0.303 0.051 0.646 
426    (0)   :  0.118 0.040 0.841 
427    (0)   :  0.083 0.074 0.843 
428    (0)   :  0.548 0.075 0.377 
429    (0)   :  0.048 0.012 0.940 
430    (0)   :  0.097 0.019 0.884 
431    (0)   :  0.357 0.032 0.611 
432    (0)   :  0.280 0.029 0.691 
433    (0)   :  0.735 0.108 0.157 
434    (0)   :  0.253 0.076 0.671 
435    (0)   :  0.073 0.015 0.912 
436    (0)   :  0.054 0.030 0.916 
437    (0)   :  0.061 0.017 0.923 
438    (0)   :  0.443 0.036 0.520 
439    (0)   :  0.056 0.025 0.919 
440    (0)   :  0.049 0.012 0.939 
441    (0)   :  0.122 0.055 0.824 
442    (0)   :  0.105 0.017 0.878 
443    (0)   :  0.116 0.015 0.870 
444    (0)   :  0.102 0.017 0.881 
445    (0)   :  0.322 0.101 0.577 
446    (0)   :  0.063 0.018 0.919 
447    (0)   :  0.235 0.041 0.724 
448    (0)   :  0.109 0.018 0.872 
449    (0)   :  0.180 0.033 0.788 
450    (0)   :  0.065 0.037 0.898 
451    (0)   :  0.143 0.012 0.845 
452    (0)   :  0.055 0.029 0.917 
453    (0)   :  0.766 0.031 0.203 
454    (0)   :  0.084 0.035 0.881 
455    (0)   :  0.149 0.017 0.833 
456    (0)   :  0.115 0.016 0.870 
457    (0)   :  0.062 0.020 0.918 
458    (0)   :  0.056 0.023 0.921 
459    (0)   :  0.243 0.077 0.680 
460    (0)   :  0.060 0.016 0.923 
461    (0)   :  0.049 0.017 0.934 
462    (0)   :  0.093 0.012 0.895 
463    (0)   :  0.555 0.029 0.416 
464    (0)   :  0.092 0.015 0.893 
465    (0)   :  0.228 0.022 0.750 
466    (0)   :  0.378 0.017 0.605 
467    (0)   :  0.122 0.033 0.844 
468    (0)   :  0.078 0.016 0.907 
469    (0)   :  0.054 0.020 0.926 
470    (0)   :  0.053 0.016 0.931 
471    (0)   :  0.432 0.017 0.551 
472    (0)   :  0.200 0.022 0.777 
473    (0)   :  0.194 0.033 0.773 
474    (0)   :  0.079 0.029 0.893 
475    (0)   :  0.287 0.037 0.676 
476    (0)   :  0.062 0.021 0.917 
477    (0)   :  0.187 0.033 0.780 
478    (0)   :  0.073 0.014 0.913 
479    (0)   :  0.052 0.015 0.933 
480    (0)   :  0.045 0.018 0.937 
481    (0)   :  0.241 0.017 0.741 
482    (0)   :  0.042 0.014 0.943 
483    (0)   :  0.086 0.022 0.891 
484    (0)   :  0.310 0.023 0.666 
485    (0)   :  0.083 0.017 0.900 
486    (0)   :  0.446 0.031 0.523 
487    (0)   :  0.308 0.094 0.599 
488    (0)   :  0.576 0.039 0.385 
489    (0)   :  0.524 0.142 0.334 
490    (0)   :  0.187 0.016 0.798 
491    (0)   :  0.800 0.054 0.146 
492    (0)   :  0.755 0.086 0.160 
493    (0)   :  0.457 0.041 0.501 
494    (0)   :  0.621 0.049 0.330 
495    (0)   :  0.507 0.060 0.432 
496    (0)   :  0.741 0.138 0.121 
497    (0)   :  0.555 0.104 0.342 
498    (0)   :  0.507 0.037 0.456 
499    (0)   :  0.426 0.270 0.304 
500    (0)   :  0.260 0.040 0.701 
501    (0)   :  0.550 0.100 0.351 
502    (0)   :  0.555 0.116 0.330 
503    (0)   :  0.149 0.021 0.829 
504    (0)   :  0.598 0.023 0.380 
505    (0)   :  0.806 0.039 0.155 
506    (0)   :  0.443 0.102 0.454 
507    (0)   :  0.286 0.651 0.064 
508    (0)   :  0.485 0.433 0.083 
509    (0)   :  0.789 0.081 0.130 
510    (0)   :  0.343 0.205 0.452 
511    (0)   :  0.172 0.029 0.799 
512    (0)   :  0.078 0.016 0.907 
513    (0)   :  0.913 0.020 0.067 
514    (0)   :  0.433 0.032 0.535 
515    (0)   :  0.262 0.087 0.650 
516    (0)   :  0.771 0.025 0.204 
517    (0)   :  0.547 0.073 0.381 
518    (0)   :  0.261 0.273 0.466 
519    (0)   :  0.431 0.033 0.536 
520    (0)   :  0.529 0.208 0.264 
521    (0)   :  0.588 0.247 0.165 
522    (0)   :  0.372 0.023 0.605 
523    (0)   :  0.771 0.082 0.147 
524    (0)   :  0.285 0.043 0.672 
525    (0)   :  0.318 0.205 0.477 
526    (0)   :  0.609 0.040 0.351 
527    (0)   :  0.104 0.028 0.868 
528    (0)   :  0.456 0.450 0.093 
529    (0)   :  0.657 0.074 0.269 
530    (0)   :  0.238 0.057 0.705 
531    (0)   :  0.366 0.338 0.296 
532    (0)   :  0.327 0.242 0.431 
533    (0)   :  0.301 0.041 0.658 
534    (0)   :  0.794 0.053 0.153 
535    (0)   :  0.699 0.030 0.272 
536    (0)   :  0.716 0.073 0.211 
537    (0)   :  0.829 0.094 0.076 
538    (0)   :  0.819 0.068 0.113 
539    (0)   :  0.277 0.652 0.071 
540    (0)   :  0.646 0.146 0.208 
541    (0)   :  0.393 0.445 0.162 
542    (0)   :  0.726 0.029 0.244 
543    (0)   :  0.832 0.069 0.099 
544    (0)   :  0.821 0.041 0.138 
545    (0)   :  0.753 0.019 0.227 
546    (0)   :  0.820 0.056 0.124 
547    (0)   :  0.863 0.053 0.084 
548    (0)   :  0.832 0.084 0.084 
549    (0)   :  0.488 0.369 0.143 
550    (0)   :  0.485 0.058 0.457 
551    (0)   :  0.387 0.497 0.117 
552    (0)   :  0.797 0.092 0.111 
553    (0)   :  0.864 0.073 0.063 
554    (0)   :  0.434 0.092 0.474 
555    (0)   :  0.817 0.117 0.066 
556    (0)   :  0.854 0.045 0.101 
557    (0)   :  0.651 0.046 0.303 
558    (0)   :  0.039 0.015 0.946 
559    (0)   :  0.398 0.026 0.576 
560    (0)   :  0.083 0.011 0.906 
561    (0)   :  0.194 0.015 0.791 
562    (0)   :  0.144 0.011 0.845 
563    (0)   :  0.525 0.087 0.388 
564    (0)   :  0.769 0.024 0.207 
565    (0)   :  0.056 0.018 0.926 
566    (0)   :  0.060 0.011 0.929 
567    (0)   :  0.641 0.017 0.342 
568    (0)   :  0.473 0.025 0.502 
569    (0)   :  0.416 0.024 0.559 
570    (0)   :  0.047 0.012 0.941 
571    (0)   :  0.149 0.020 0.832 
572    (0)   :  0.601 0.133 0.266 
573    (0)   :  0.503 0.028 0.469 
574    (0)   :  0.137 0.078 0.785 
575    (0)   :  0.577 0.043 0.380 
576    (0)   :  0.073 0.011 0.916 
577    (0)   :  0.132 0.065 0.803 
578    (0)   :  0.220 0.020 0.759 
579    (0)   :  0.157 0.017 0.826 
580    (0)   :  0.089 0.033 0.878 
581    (0)   :  0.078 0.024 0.898 
582    (0)   :  0.066 0.014 0.920 
583    (0)   :  0.096 0.021 0.883 
584    (0)   :  0.070 0.014 0.916 
585    (0)   :  0.149 0.016 0.835 
586    (0)   :  0.157 0.024 0.819 
587    (0)   :  0.147 0.013 0.840 
588    (0)   :  0.922 0.016 0.062 
589    (0)   :  0.130 0.015 0.855 
590    (0)   :  0.174 0.018 0.809 
591    (0)   :  0.209 0.023 0.768 
592    (0)   :  0.556 0.014 0.430 
593    (0)   :  0.307 0.034 0.659 
594    (0)   :  0.381 0.055 0.565 
595    (0)   :  0.099 0.013 0.888 
596    (0)   :  0.555 0.030 0.415 
597    (0)   :  0.233 0.142 0.624 
598    (0)   :  0.041 0.013 0.945 
599    (0)   :  0.215 0.012 0.773 
600    (0)   :  0.139 0.040 0.821 
601    (0)   :  0.098 0.013 0.889 
602    (0)   :  0.585 0.065 0.350 
603    (0)   :  0.618 0.061 0.321 
604    (0)   :  0.387 0.042 0.571 
605    (0)   :  0.348 0.024 0.629 
606    (0)   :  0.730 0.051 0.219 
607    (0)   :  0.239 0.221 0.540 
608    (0)   :  0.138 0.423 0.439 
609    (0)   :  0.113 0.035 0.851 
610    (0)   :  0.244 0.025 0.731 
611    (0)   :  0.569 0.057 0.374 
612    (0)   :  0.073 0.021 0.906 
613    (0)   :  0.164 0.033 0.803 
614    (0)   :  0.079 0.018 0.903 
615    (0)   :  0.172 0.043 0.785 
616    (0)   :  0.265 0.149 0.585 
617    (0)   :  0.150 0.021 0.829 
618    (0)   :  0.232 0.128 0.641 
619    (0)   :  0.579 0.068 0.353 
620    (0)   :  0.595 0.011 0.394 
621    (0)   :  0.072 0.019 0.909 
622    (0)   :  0.266 0.093 0.640 
623    (0)   :  0.302 0.021 0.677 
624    (0)   :  0.082 0.105 0.813 
625    (0)   :  0.143 0.091 0.766 
626    (0)   :  0.306 0.441 0.253 
627    (0)   :  0.218 0.030 0.752 
628    (0)   :  0.258 0.035 0.707 
629    (0)   :  0.296 0.036 0.668 
630    (0)   :  0.132 0.037 0.831 
631    (0)   :  0.116 0.031 0.852 
632    (0)   :  0.785 0.082 0.133 
633    (0)   :  0.116 0.063 0.821 
634    (0)   :  0.272 0.105 0.623 
635    (0)   :  0.324 0.438 0.238 
636    (0)   :  0.138 0.183 0.679 
637    (0)   :  0.756 0.034 0.210 
638    (0)   :  0.301 0.054 0.645 
639    (0)   :  0.171 0.052 0.777 
640    (0)   :  0.099 0.027 0.874 
641    (0)   :  0.276 0.039 0.685 
642    (0)   :  0.506 0.344 0.149 
643    (0)   :  0.120 0.797 0.083 
644    (0)   :  0.235 0.570 0.195 
645    (0)   :  0.118 0.693 0.189 
646    (0)   :  0.758 0.047 0.194 
647    (0)   :  0.736 0.135 0.129 
648    (0)   :  0.438 0.248 0.314 
649    (0)   :  0.854 0.065 0.082 
650    (0)   :  0.778 0.064 0.158 
651    (0)   :  0.326 0.414 0.260 
652    (0)   :  0.308 0.536 0.156 
653    (0)   :  0.565 0.233 0.202 
654    (0)   :  0.683 0.223 0.094 
655    (0)   :  0.238 0.514 0.248 
656    (0)   :  0.734 0.109 0.158 
657    (0)   :  0.194 0.125 0.681 
658    (0)   :  0.540 0.120 0.340 
659    (0)   :  0.344 0.457 0.200 
660    (0)   :  0.479 0.436 0.085 
661    (0)   :  0.264 0.605 0.132 
662    (0)   :  0.892 0.040 0.069 
663    (0)   :  0.496 0.362 0.142 
664    (0)   :  0.351 0.164 0.485 
665    (0)   :  0.852 0.048 0.100 
666    (0)   :  0.607 0.274 0.118 
667    (0)   :  0.701 0.042 0.258 
668    (0)   :  0.321 0.413 0.266 
669    (0)   :  0.722 0.123 0.154 
670    (0)   :  0.124 0.826 0.049 
671    (0)   :  0.381 0.541 0.078 
672    (0)   :  0.203 0.664 0.133 
673    (0)   :  0.044 0.912 0.045 
674    (0)   :  0.162 0.750 0.088 
675    (0)   :  0.123 0.811 0.065 
676    (0)   :  0.050 0.907 0.043 
677    (0)   :  0.283 0.672 0.045 
678    (0)   :  0.043 0.912 0.045 
679    (0)   :  0.070 0.844 0.085 
680    (0)   :  0.089 0.841 0.071 
681    (0)   :  0.458 0.249 0.293 
682    (0)   :  0.078 0.857 0.065 
683    (0)   :  0.103 0.850 0.047 
684    (0)   :  0.054 0.901 0.045 
685    (0)   :  0.050 0.910 0.040 
686    (0)   :  0.353 0.573 0.074 
687    (0)   :  0.404 0.526 0.070 
688    (0)   :  0.114 0.824 0.062 
689    (0)   :  0.045 0.915 0.041 
690    (0)   :  0.049 0.909 0.042 
691    (0)   :  0.100 0.823 0.077 
692    (0)   :  0.064 0.868 0.068 
693    (0)   :  0.080 0.846 0.074 
694    (0)   :  0.048 0.915 0.037 
695    (0)   :  0.082 0.866 0.052 
696    (0)   :  0.116 0.820 0.063 
697    (0)   :  0.056 0.899 0.045 
698    (0)   :  0.057 0.899 0.044 
699    (0)   :  0.191 0.757 0.053 
700    (0)   :  0.086 0.833 0.081 
701    (0)   :  0.097 0.811 0.093 
702    (0)   :  0.217 0.679 0.104 
703    (0)   :  0.099 0.834 0.067 
704    (0)   :  0.124 0.818 0.059 
705    (0)   :  0.530 0.345 0.126 
706    (0)   :  0.085 0.854 0.060 
707    (0)   :  0.069 0.885 0.046 
708    (0)   :  0.076 0.879 0.045 
709    (0)   :  0.085 0.870 0.045 
710    (0)   :  0.048 0.914 0.038 
711    (0)   :  0.152 0.783 0.065 
712    (0)   :  0.175 0.786 0.039 
713    (0)   :  0.116 0.827 0.058 
714    (0)   :  0.143 0.762 0.095 
715    (0)   :  0.084 0.878 0.037 
716    (0)   :  0.077 0.867 0.056 
717    (0)   :  0.054 0.907 0.039 
718    (0)   :  0.195 0.734 0.071 
719    (0)   :  0.084 0.877 0.039 
720    (0)   :  0.128 0.021 0.852 
721    (0)   :  0.118 0.598 0.284 
722    (0)   :  0.135 0.041 0.824 
723    (0)   :  0.083 0.036 0.881 
724    (0)   :  0.089 0.133 0.778 
725    (0)   :  0.431 0.152 0.417 
726    (0)   :  0.187 0.071 0.742 
727    (0)   :  0.659 0.121 0.220 
728    (0)   :  0.043 0.012 0.945 
729    (0)   :  0.048 0.013 0.939 
730    (0)   :  0.100 0.021 0.879 
731    (0)   :  0.070 0.031 0.899 
732    (0)   :  0.083 0.035 0.882 
733    (0)   :  0.052 0.020 0.928 
734    (0)   :  0.049 0.013 0.938 
735    (0)   :  0.046 0.027 0.927 
736    (0)   :  0.072 0.024 0.904 
737    (0)   :  0.154 0.027 0.819 
738    (0)   :  0.071 0.022 0.907 
739    (0)   :  0.048 0.018 0.934 
740    (0)   :  0.099 0.789 0.112 
741    (0)   :  0.262 0.523 0.215 
742    (0)   :  0.124 0.123 0.753 
743    (0)   :  0.236 0.060 0.704 
744    (0)   :  0.817 0.040 0.143 
745    (0)   :  0.279 0.018 0.703 
746    (0)   :  0.495 0.117 0.388 
747    (0)   :  0.609 0.035 0.355 
748    (0)   :  0.482 0.337 0.181 
749    (0)   :  0.714 0.072 0.214 
750    (0)   :  0.646 0.050 0.304 
751    (0)   :  0.335 0.434 0.231 
752    (0)   :  0.582 0.042 0.376 
753    (0)   :  0.414 0.137 0.450 
754    (0)   :  0.358 0.336 0.307 
755    (0)   :  0.566 0.102 0.332 
756    (0)   :  0.667 0.146 0.187 
757    (0)   :  0.675 0.062 0.263 
758    (0)   :  0.529 0.019 0.452 
759    (0)   :  0.233 0.478 0.289 
760    (0)   :  0.144 0.086 0.769 
761    (0)   :  0.194 0.220 0.587 
762    (0)   :  0.107 0.028 0.865 
763    (0)   :  0.418 0.132 0.450 
764    (0)   :  0.593 0.049 0.357 
765    (0)   :  0.153 0.034 0.814 
766    (0)   :  0.312 0.305 0.383 
767    (0)   :  0.531 0.141 0.328 
768    (0)   :  0.108 0.028 0.864 
769    (0)   :  0.172 0.155 0.673 
770    (0)   :  0.127 0.023 0.850 
771    (0)   :  0.836 0.062 0.103 
772    (0)   :  0.285 0.256 0.459 
773    (0)   :  0.371 0.067 0.562 
774    (0)   :  0.386 0.381 0.233 
775    (0)   :  0.085 0.051 0.864 
776    (0)   :  0.470 0.031 0.499 
777    (0)   :  0.640 0.053 0.307 
778    (0)   :  0.780 0.063 0.157 
779    (0)   :  0.391 0.114 0.495 
780    (0)   :  0.456 0.321 0.223 
781    (0)   :  0.839 0.074 0.087 
782    (0)   :  0.396 0.119 0.486 
783    (0)   :  0.267 0.221 0.512 
784    (0)   :  0.206 0.042 0.752 
785    (0)   :  0.418 0.104 0.477 
786    (0)   :  0.237 0.452 0.311 
787    (0)   :  0.755 0.159 0.086 
788    (0)   :  0.200 0.059 0.740 
789    (0)   :  0.152 0.048 0.800 
790    (0)   :  0.405 0.204 0.391 
791    (0)   :  0.500 0.089 0.411 
792    (0)   :  0.479 0.377 0.144 
793    (0)   :  0.635 0.195 0.171 
794    (0)   :  0.538 0.079 0.383 
795    (0)   :  0.393 0.411 0.196 
796    (0)   :  0.591 0.103 0.307 
797    (0)   :  0.386 0.494 0.121 
798    (0)   :  0.136 0.015 0.848 
799    (0)   :  0.302 0.039 0.658 
800    (0)   :  0.705 0.225 0.071 
801    (0)   :  0.173 0.032 0.796 
802    (0)   :  0.295 0.185 0.520 
803    (0)   :  0.649 0.188 0.163 
804    (0)   :  0.744 0.049 0.207 
805    (0)   :  0.122 0.807 0.071 
806    (0)   :  0.557 0.071 0.371 
807    (0)   :  0.263 0.651 0.086 
808    (0)   :  0.673 0.229 0.098 
809    (0)   :  0.742 0.036 0.222 
810    (0)   :  0.327 0.105 0.569 
811    (0)   :  0.671 0.224 0.106 
812    (0)   :  0.876 0.017 0.106 
813    (0)   :  0.131 0.020 0.850 
814    (0)   :  0.852 0.021 0.127 
815    (0)   :  0.581 0.193 0.226 
816    (0)   :  0.278 0.302 0.420 
817    (0)   :  0.295 0.186 0.519 
818    (0)   :  0.414 0.047 0.539 
819    (0)   :  0.822 0.054 0.125 
820    (0)   :  0.697 0.076 0.227 
821    (0)   :  0.132 0.059 0.809 
822    (0)   :  0.189 0.014 0.797 
823    (0)   :  0.162 0.200 0.638 
824    (0)   :  0.358 0.095 0.547 
825    (0)   :  0.229 0.025 0.746 
826    (0)   :  0.394 0.023 0.584 
827    (0)   :  0.081 0.029 0.891 
828    (0)   :  0.101 0.052 0.847 
829    (0)   :  0.189 0.052 0.759 
830    (0)   :  0.065 0.019 0.916 
831    (0)   :  0.309 0.078 0.613 
832    (0)   :  0.492 0.077 0.430 
833    (0)   :  0.276 0.128 0.596 
834    (0)   :  0.300 0.070 0.630 
835    (0)   :  0.483 0.020 0.497 
836    (0)   :  0.676 0.039 0.284 
837    (0)   :  0.266 0.161 0.573 
838    (0)   :  0.737 0.018 0.245 
839    (0)   :  0.142 0.036 0.822 
840    (0)   :  0.810 0.056 0.133 
841    (0)   :  0.790 0.041 0.169 
842    (0)   :  0.232 0.015 0.753 
843    (0)   :  0.764 0.124 0.112 
844    (0)   :  0.591 0.076 0.333 
845    (0)   :  0.287 0.024 0.690 
846    (0)   :  0.614 0.053 0.333 
847    (0)   :  0.667 0.096 0.236 
848    (0)   :  0.761 0.041 0.198 
849    (0)   :  0.244 0.035 0.720 
850    (0)   :  0.108 0.031 0.861 
851    (0)   :  0.462 0.027 0.512 
852    (0)   :  0.117 0.527 0.356 
853    (0)   :  0.294 0.029 0.677 
854    (0)   :  0.183 0.173 0.644 
855    (0)   :  0.471 0.046 0.482 
856    (0)   :  0.488 0.071 0.441 
857    (0)   :  0.732 0.032 0.236 
858    (0)   :  0.358 0.024 0.618 
859    (0)   :  0.081 0.023 0.895 
860    (0)   :  0.411 0.025 0.563 
861    (0)   :  0.608 0.255 0.137 
862    (0)   :  0.056 0.022 0.923 
863    (0)   :  0.087 0.054 0.860 
864    (0)   :  0.046 0.042 0.911 
865    (0)   :  0.053 0.012 0.934 
866    (0)   :  0.093 0.020 0.887 
867    (0)   :  0.076 0.031 0.893 
868    (0)   :  0.102 0.022 0.876 
869    (0)   :  0.080 0.021 0.899 
870    (0)   :  0.185 0.013 0.801 
871    (0)   :  0.077 0.015 0.908 
872    (0)   :  0.050 0.021 0.929 
873    (0)   :  0.055 0.030 0.915 
874    (0)   :  0.059 0.015 0.926 
875    (0)   :  0.210 0.023 0.767 
876    (0)   :  0.202 0.018 0.780 
877    (0)   :  0.045 0.024 0.931 
878    (0)   :  0.156 0.030 0.814 
879    (0)   :  0.054 0.032 0.914 
880    (0)   :  0.164 0.018 0.818 
881    (0)   :  0.069 0.031 0.901 
882    (0)   :  0.047 0.026 0.927 
883    (0)   :  0.357 0.030 0.613 
884    (0)   :  0.049 0.012 0.939 
885    (0)   :  0.167 0.039 0.794 
886    (0)   :  0.074 0.038 0.888 
887    (0)   :  0.052 0.014 0.934 
888    (0)   :  0.252 0.056 0.692 
889    (0)   :  0.050 0.012 0.938 
890    (0)   :  0.071 0.013 0.916 
891    (0)   :  0.397 0.020 0.583 
892    (0)   :  0.499 0.025 0.476 
893    (0)   :  0.700 0.028 0.272 
894    (0)   :  0.085 0.014 0.901 
895    (0)   :  0.062 0.015 0.923 
896    (0)   :  0.702 0.035 0.262 
897    (0)   :  0.539 0.023 0.437 
898    (0)   :  0.217 0.043 0.740 
899    (0)   :  0.093 0.011 0.896 
900    (0)   :  0.375 0.018 0.607 
901    (0)   :  0.252 0.021 0.727 
902    (0)   :  0.774 0.023 0.203 
903    (0)   :  0.087 0.019 0.894 
904    (0)   :  0.247 0.040 0.713 
905    (0)   :  0.055 0.013 0.932 
906    (0)   :  0.293 0.025 0.682 
907    (0)   :  0.142 0.032 0.826 
908    (0)   :  0.110 0.026 0.864 
909    (0)   :  0.298 0.027 0.675 
910    (0)   :  0.595 0.025 0.380 
911    (0)   :  0.057 0.012 0.930 
912    (0)   :  0.085 0.014 0.900 
913    (0)   :  0.105 0.013 0.882 
914    (0)   :  0.272 0.105 0.623 
915    (0)   :  0.081 0.011 0.908 
916    (0)   :  0.266 0.018 0.716 
917    (0)   :  0.260 0.016 0.724 
918    (0)   :  0.193 0.071 0.736 
919    (0)   :  0.086 0.034 0.880 
920    (0)   :  0.130 0.029 0.841 
921    (0)   :  0.742 0.120 0.138 
922    (0)   :  0.813 0.023 0.164 
923    (0)   :  0.874 0.031 0.095 
924    (0)   :  0.862 0.020 0.118 
925    (0)   :  0.829 0.032 0.139 
926    (0)   :  0.915 0.032 0.053 
927    (0)   :  0.865 0.053 0.082 
928    (0)   :  0.863 0.081 0.056 
929    (0)   :  0.918 0.018 0.064 
930    (0)   :  0.850 0.034 0.116 
931    (0)   :  0.708 0.114 0.178 
932    (0)   :  0.909 0.018 0.073 
933    (0)   :  0.720 0.210 0.071 
934    (0)   :  0.912 0.014 0.074 
935    (0)   :  0.872 0.025 0.103 
936    (0)   :  0.914 0.016 0.070 
937    (0)   :  0.895 0.036 0.069 
938    (0)   :  0.886 0.066 0.048 
939    (0)   :  0.845 0.085 0.070 
940    (0)   :  0.866 0.045 0.089 
941    (0)   :  0.830 0.019 0.150 
942    (0)   :  0.782 0.103 0.115 
943    (0)   :  0.819 0.117 0.064 
944    (0)   :  0.884 0.048 0.068 
945    (0)   :  0.870 0.031 0.098 
946    (0)   :  0.899 0.025 0.077 
947    (0)   :  0.880 0.067 0.052 
948    (0)   :  0.805 0.015 0.180 
949    (0)   :  0.739 0.015 0.246 
950    (0)   :  0.915 0.036 0.050 
951    (0)   :  0.870 0.048 0.082 
952    (0)   :  0.905 0.022 0.073 
953    (0)   :  0.802 0.025 0.173 
954    (0)   :  0.822 0.025 0.153 
955    (0)   :  0.159 0.783 0.058 
956    (0)   :  0.302 0.638 0.060 
957    (0)   :  0.630 0.213 0.157 
958    (0)   :  0.612 0.042 0.346 
959    (0)   :  0.771 0.095 0.135 
960    (0)   :  0.261 0.071 0.668 
961    (0)   :  0.049 0.912 0.039 
962    (0)   :  0.911 0.024 0.065 
963    (0)   :  0.615 0.044 0.341 
964    (0)   :  0.207 0.091 0.702 
965    (0)   :  0.743 0.136 0.121 
966    (0)   :  0.754 0.091 0.155 
967    (0)   :  0.104 0.831 0.065 
968    (0)   :  0.879 0.034 0.087 
969    (0)   :  0.199 0.262 0.539 
970    (0)   :  0.210 0.705 0.085 
971    (0)   :  0.864 0.044 0.092 
972    (0)   :  0.594 0.138 0.268 
973    (0)   :  0.800 0.124 0.076 
974    (0)   :  0.542 0.062 0.396 
975    (0)   :  0.196 0.263 0.542 
976    (0)   :  0.865 0.045 0.090 
977    (0)   :  0.394 0.284 0.322 
978    (0)   :  0.815 0.084 0.100 
979    (0)   :  0.733 0.034 0.233 
980    (0)   :  0.753 0.132 0.115 
981    (0)   :  0.698 0.104 0.199 
982    (0)   :  0.261 0.028 0.711 
983    (0)   :  0.331 0.032 0.637 
984    (0)   :  0.106 0.716 0.178 
985    (0)   :  0.769 0.075 0.156 
986    (0)   :  0.434 0.054 0.512 
987    (0)   :  0.574 0.019 0.407 
988    (0)   :  0.057 0.014 0.929 
989    (0)   :  0.436 0.394 0.170 
990    (0)   :  0.203 0.065 0.731 
991    (0)   :  0.628 0.064 0.308 
992    (0)   :  0.857 0.016 0.127 
993    (0)   :  0.241 0.035 0.723 
994    (0)   :  0.819 0.075 0.106 
995    (0)   :  0.138 0.815 0.047 
996    (0)   :  0.116 0.029 0.855 
997    (0)   :  0.852 0.037 0.111 
998    (0)   :  0.516 0.027 0.457 
999    (0)   :  0.691 0.091 0.217 
1000    (0)   :  0.526 0.021 0.453 
1001    (0)   :  0.136 0.034 0.830 
1002    (0)   :  0.122 0.014 0.864 
1003    (0)   :  0.774 0.037 0.189 
1004    (0)   :  0.758 0.037 0.206 
1005    (0)   :  0.614 0.021 0.365 
1006    (0)   :  0.818 0.048 0.134 
1007    (0)   :  0.773 0.106 0.121 
1008    (0)   :  0.783 0.131 0.086 
1009    (0)   :  0.743 0.058 0.198 
1010    (0)   :  0.775 0.063 0.162 
1011    (0)   :  0.682 0.180 0.138 
1012    (0)   :  0.850 0.024 0.126 
1013    (0)   :  0.800 0.038 0.161 
1014    (0)   :  0.502 0.023 0.475 
1015    (0)   :  0.855 0.022 0.124 
1016    (0)   :  0.390 0.023 0.587 
1017    (0)   :  0.818 0.058 0.124 
1018    (0)   :  0.788 0.062 0.150 
1019    (0)   :  0.407 0.088 0.505 
1020    (0)   :  0.267 0.670 0.064 
1021    (0)   :  0.726 0.200 0.074 
1022    (0)   :  0.717 0.072 0.211 
1023    (0)   :  0.148 0.031 0.821 
1024    (0)   :  0.227 0.022 0.750 
1025    (0)   :  0.676 0.050 0.274 
1026    (0)   :  0.137 0.193 0.669 
1027    (0)   :  0.435 0.096 0.469 
1028    (0)   :  0.088 0.103 0.809 
1029    (0)   :  0.342 0.134 0.524 
1030    (0)   :  0.375 0.404 0.221 
1031    (0)   :  0.246 0.243 0.511 
1032    (0)   :  0.353 0.285 0.362 
1033    (0)   :  0.146 0.314 0.541 
1034    (0)   :  0.426 0.123 0.451 
1035    (0)   :  0.100 0.764 0.135 
1036    (0)   :  0.441 0.282 0.277 
1037    (0)   :  0.424 0.385 0.191 
1038    (0)   :  0.156 0.538 0.307 
1039    (0)   :  0.553 0.232 0.215 
1040    (0)   :  0.166 0.150 0.684 
1041    (0)   :  0.147 0.212 0.641 
1042    (0)   :  0.237 0.471 0.292 
1043    (0)   :  0.137 0.261 0.602 
1044    (0)   :  0.332 0.108 0.560 
1045    (0)   :  0.085 0.201 0.714 
1046    (0)   :  0.397 0.331 0.272 
1047    (0)   :  0.159 0.710 0.131 
1048    (0)   :  0.188 0.053 0.759 
1049    (0)   :  0.410 0.040 0.549 
1050    (0)   :  0.064 0.012 0.923 
1051    (0)   :  0.124 0.014 0.862 
1052    (0)   :  0.130 0.021 0.849 
1053    (0)   :  0.091 0.026 0.883 
1054    (0)   :  0.129 0.025 0.846 
1055    (0)   :  0.463 0.020 0.517 
1056    (0)   :  0.206 0.021 0.773 
1057    (0)   :  0.101 0.015 0.884 
1058    (0)   :  0.108 0.016 0.877 
1059    (0)   :  0.085 0.035 0.880 
1060    (0)   :  0.291 0.068 0.640 
1061    (0)   :  0.657 0.016 0.327 
1062    (0)   :  0.092 0.018 0.890 
1063    (0)   :  0.868 0.029 0.103 
1064    (0)   :  0.189 0.022 0.789 
1065    (0)   :  0.537 0.031 0.432 
1066    (0)   :  0.633 0.044 0.323 
1067    (0)   :  0.094 0.016 0.890 
1068    (0)   :  0.214 0.252 0.534 
1069    (0)   :  0.080 0.014 0.906 
1070    (0)   :  0.212 0.018 0.770 
1071    (0)   :  0.291 0.070 0.639 
1072    (0)   :  0.460 0.034 0.507 
1073    (0)   :  0.097 0.022 0.881 
1074    (0)   :  0.188 0.060 0.752 
1075    (0)   :  0.352 0.041 0.607 
1076    (0)   :  0.182 0.045 0.772 
1077    (0)   :  0.054 0.015 0.931 
1078    (0)   :  0.496 0.025 0.479 
1079    (0)   :  0.122 0.021 0.856 
1080    (0)   :  0.581 0.092 0.326 
1081    (0)   :  0.056 0.014 0.930 
1082    (0)   :  0.482 0.046 0.471 
1083    (0)   :  0.487 0.039 0.474 
1084    (0)   :  0.622 0.056 0.322 
1085    (0)   :  0.119 0.011 0.870 
1086    (0)   :  0.706 0.016 0.279 
1087    (0)   :  0.127 0.011 0.862 
1088    (0)   :  0.213 0.013 0.774 
1089    (0)   :  0.075 0.013 0.912 
1090    (0)   :  0.104 0.017 0.879 
1091    (0)   :  0.143 0.025 0.832 
1092    (0)   :  0.077 0.017 0.907 
1093    (0)   :  0.413 0.051 0.536 
1094    (0)   :  0.113 0.045 0.841 
