

----------------------------------------------------
STRUCTURE by Pritchard, Stephens and Donnelly (2000)
     and Falush, Stephens and Pritchard (2003)
       Code by Pritchard, Falush and Hubisz
             Version 2.3.4 (Jul 2012)
----------------------------------------------------



Command line arguments:   ./structure -K 5 -D 105009 -m brooktrout/mainparams -e brooktrout/extraparams -o brooktrout/250914_output/results_K5_rep9 
Input File:    brooktrout/brooktrout.txt

Run parameters:
   8454 individuals
   5 loci
   5 populations assumed
   50000 Burn-in period
   100000 Reps
RANDOMIZE turned off


--------------------------------------------
Overall proportion of membership of the
sample in each of the 5 clusters

Inferred Clusters
  1      2      3      4      5    
0.079  0.157  0.237  0.217  0.311  

--------------------------------------------

Allele-freq. divergence among pops (Net nucleotide distance),
computed using point estimates of P.

      1       2       3       4       5      
 1      -    0.0909  0.0493  0.0559  0.0524  
 2   0.0909     -    0.1237  0.1222  0.0624  
 3   0.0493  0.1237     -    0.0395  0.0510  
 4   0.0559  0.1222  0.0395     -    0.0657  
 5   0.0524  0.0624  0.0510  0.0657     -    

Average distances (expected heterozygosity) between individuals in same cluster:
cluster  1  : 0.8286 
cluster  2  : 0.7275 
cluster  3  : 0.8129 
cluster  4  : 0.7872 
cluster  5  : 0.8246 

--------------------------------------------
Estimated Ln Prob of Data   = -184939.2
Mean value of ln likelihood = -172163.0
Variance of ln likelihood   = 25552.5

Mean value of alpha_1       = 0.0837
Mean value of alpha_2       = 0.1665
Mean value of alpha_3       = 0.2598
Mean value of alpha_4       = 0.2406
Mean value of alpha_5       = 0.3583
Allele frequencies uncorrelated


Inferred ancestry of individuals:
     (%Miss) :  Inferred clusters
  1    (0)   :  0.046 0.187 0.132 0.253 0.382 
  2    (0)   :  0.124 0.032 0.151 0.077 0.615 
  3    (0)   :  0.019 0.099 0.083 0.493 0.306 
  4    (0)   :  0.036 0.539 0.116 0.065 0.244 
  5    (0)   :  0.355 0.032 0.145 0.090 0.378 
  6    (0)   :  0.049 0.035 0.075 0.748 0.093 
  7    (0)   :  0.112 0.040 0.584 0.189 0.074 
  8    (0)   :  0.060 0.321 0.163 0.282 0.174 
  9    (0)   :  0.044 0.064 0.179 0.301 0.412 
 10    (0)   :  0.128 0.147 0.240 0.371 0.114 
 11    (0)   :  0.037 0.037 0.605 0.225 0.096 
 12    (0)   :  0.227 0.053 0.161 0.103 0.455 
 13    (0)   :  0.257 0.063 0.272 0.174 0.234 
 14    (0)   :  0.047 0.057 0.097 0.133 0.666 
 15    (0)   :  0.074 0.162 0.166 0.139 0.460 
 16    (0)   :  0.045 0.055 0.148 0.613 0.140 
 17    (0)   :  0.349 0.050 0.121 0.235 0.245 
 18    (0)   :  0.058 0.071 0.092 0.386 0.394 
 19    (0)   :  0.076 0.048 0.138 0.560 0.176 
 20    (0)   :  0.060 0.060 0.237 0.192 0.450 
 21    (0)   :  0.035 0.130 0.091 0.148 0.596 
 22    (0)   :  0.052 0.065 0.075 0.674 0.133 
 23    (0)   :  0.080 0.140 0.132 0.085 0.563 
 24    (0)   :  0.042 0.143 0.101 0.384 0.330 
 25    (0)   :  0.197 0.028 0.379 0.244 0.152 
 26    (0)   :  0.166 0.093 0.102 0.264 0.376 
 27    (0)   :  0.181 0.085 0.180 0.281 0.273 
 28    (0)   :  0.085 0.283 0.220 0.229 0.183 
 29    (0)   :  0.042 0.046 0.338 0.123 0.451 
 30    (0)   :  0.029 0.048 0.066 0.675 0.182 
 31    (0)   :  0.186 0.112 0.216 0.180 0.305 
 32    (0)   :  0.036 0.116 0.143 0.225 0.480 
 33    (0)   :  0.014 0.104 0.146 0.403 0.332 
 34    (0)   :  0.085 0.066 0.388 0.379 0.082 
 35    (0)   :  0.097 0.033 0.093 0.296 0.480 
 36    (0)   :  0.013 0.035 0.060 0.305 0.587 
 37    (0)   :  0.036 0.114 0.173 0.127 0.549 
 38    (0)   :  0.019 0.026 0.108 0.682 0.166 
 39    (0)   :  0.033 0.045 0.202 0.444 0.276 
 40    (0)   :  0.034 0.093 0.056 0.162 0.655 
 41    (0)   :  0.019 0.034 0.114 0.312 0.522 
 42    (0)   :  0.017 0.234 0.066 0.180 0.502 
 43    (0)   :  0.026 0.050 0.119 0.067 0.738 
 44    (0)   :  0.020 0.028 0.086 0.221 0.645 
 45    (0)   :  0.025 0.025 0.105 0.261 0.584 
 46    (0)   :  0.058 0.036 0.154 0.457 0.295 
 47    (0)   :  0.099 0.051 0.138 0.339 0.373 
 48    (0)   :  0.035 0.029 0.050 0.215 0.673 
 49    (0)   :  0.043 0.046 0.135 0.306 0.471 
 50    (0)   :  0.042 0.085 0.271 0.413 0.188 
 51    (0)   :  0.011 0.027 0.046 0.107 0.809 
 52    (0)   :  0.039 0.059 0.190 0.473 0.239 
 53    (0)   :  0.014 0.056 0.092 0.713 0.126 
 54    (0)   :  0.074 0.049 0.134 0.086 0.657 
 55    (0)   :  0.036 0.033 0.086 0.068 0.777 
 56    (0)   :  0.042 0.047 0.050 0.310 0.551 
 57    (0)   :  0.384 0.132 0.133 0.189 0.163 
 58    (0)   :  0.033 0.043 0.118 0.125 0.681 
 59    (0)   :  0.041 0.041 0.101 0.339 0.478 
 60    (0)   :  0.016 0.068 0.061 0.097 0.757 
 61    (0)   :  0.014 0.049 0.066 0.036 0.836 
 62    (0)   :  0.327 0.039 0.104 0.257 0.273 
 63    (0)   :  0.015 0.070 0.253 0.115 0.546 
 64    (0)   :  0.036 0.030 0.089 0.665 0.180 
 65    (0)   :  0.028 0.023 0.711 0.091 0.147 
 66    (0)   :  0.019 0.072 0.123 0.062 0.724 
 67    (0)   :  0.026 0.030 0.140 0.066 0.738 
 68    (0)   :  0.040 0.051 0.097 0.311 0.502 
 69    (0)   :  0.048 0.136 0.200 0.465 0.151 
 70    (0)   :  0.012 0.041 0.154 0.144 0.649 
 71    (0)   :  0.026 0.021 0.098 0.235 0.621 
 72    (0)   :  0.016 0.030 0.114 0.471 0.369 
 73    (0)   :  0.030 0.025 0.137 0.067 0.741 
 74    (0)   :  0.015 0.072 0.056 0.360 0.496 
 75    (0)   :  0.018 0.056 0.040 0.149 0.737 
 76    (0)   :  0.017 0.039 0.357 0.100 0.487 
 77    (0)   :  0.019 0.032 0.146 0.305 0.498 
 78    (0)   :  0.018 0.038 0.097 0.453 0.395 
 79    (0)   :  0.059 0.039 0.645 0.143 0.114 
 80    (0)   :  0.023 0.516 0.175 0.094 0.192 
 81    (0)   :  0.030 0.379 0.265 0.130 0.196 
 82    (0)   :  0.048 0.072 0.230 0.074 0.576 
 83    (0)   :  0.018 0.203 0.233 0.205 0.341 
 84    (0)   :  0.023 0.194 0.382 0.146 0.255 
 85    (0)   :  0.032 0.243 0.137 0.239 0.349 
 86    (0)   :  0.075 0.035 0.213 0.145 0.532 
 87    (0)   :  0.024 0.042 0.642 0.106 0.186 
 88    (0)   :  0.031 0.173 0.284 0.077 0.436 
 89    (0)   :  0.025 0.205 0.173 0.073 0.525 
 90    (0)   :  0.030 0.050 0.686 0.073 0.160 
 91    (0)   :  0.019 0.421 0.105 0.127 0.328 
 92    (0)   :  0.065 0.076 0.417 0.129 0.313 
 93    (0)   :  0.016 0.784 0.057 0.047 0.097 
 94    (0)   :  0.013 0.036 0.646 0.213 0.092 
 95    (0)   :  0.019 0.115 0.572 0.053 0.240 
 96    (0)   :  0.015 0.091 0.071 0.038 0.786 
 97    (0)   :  0.025 0.070 0.050 0.204 0.651 
 98    (0)   :  0.023 0.047 0.109 0.118 0.702 
 99    (0)   :  0.024 0.172 0.459 0.104 0.241 
100    (0)   :  0.026 0.361 0.058 0.040 0.515 
101    (0)   :  0.029 0.051 0.283 0.085 0.553 
102    (0)   :  0.025 0.263 0.240 0.091 0.381 
103    (0)   :  0.019 0.081 0.299 0.050 0.551 
104    (0)   :  0.027 0.066 0.697 0.058 0.153 
105    (0)   :  0.034 0.090 0.531 0.044 0.302 
106    (0)   :  0.019 0.019 0.689 0.178 0.094 
107    (0)   :  0.022 0.096 0.541 0.052 0.289 
108    (0)   :  0.024 0.028 0.081 0.140 0.727 
109    (0)   :  0.125 0.020 0.518 0.175 0.162 
110    (0)   :  0.014 0.022 0.720 0.160 0.084 
111    (0)   :  0.023 0.029 0.822 0.041 0.085 
112    (0)   :  0.036 0.021 0.786 0.070 0.087 
113    (0)   :  0.027 0.046 0.148 0.125 0.654 
114    (0)   :  0.030 0.084 0.683 0.054 0.148 
115    (0)   :  0.038 0.038 0.580 0.062 0.283 
116    (0)   :  0.035 0.021 0.418 0.232 0.295 
117    (0)   :  0.024 0.030 0.724 0.113 0.109 
118    (0)   :  0.075 0.029 0.348 0.073 0.475 
119    (0)   :  0.012 0.112 0.123 0.062 0.691 
120    (0)   :  0.061 0.040 0.637 0.075 0.187 
121    (0)   :  0.047 0.027 0.611 0.067 0.248 
122    (0)   :  0.024 0.027 0.686 0.153 0.109 
123    (0)   :  0.017 0.038 0.717 0.081 0.146 
124    (0)   :  0.023 0.028 0.474 0.265 0.210 
125    (0)   :  0.029 0.040 0.331 0.432 0.169 
126    (0)   :  0.016 0.046 0.553 0.145 0.240 
127    (0)   :  0.021 0.031 0.807 0.040 0.102 
128    (0)   :  0.053 0.030 0.390 0.056 0.470 
129    (0)   :  0.031 0.023 0.663 0.042 0.240 
130    (0)   :  0.038 0.103 0.635 0.060 0.164 
131    (0)   :  0.023 0.024 0.394 0.369 0.190 
132    (0)   :  0.025 0.022 0.712 0.102 0.139 
133    (0)   :  0.029 0.040 0.722 0.051 0.158 
134    (0)   :  0.014 0.016 0.818 0.090 0.062 
135    (0)   :  0.060 0.276 0.051 0.053 0.560 
136    (0)   :  0.074 0.741 0.036 0.055 0.094 
137    (0)   :  0.021 0.773 0.080 0.041 0.086 
138    (0)   :  0.018 0.774 0.040 0.061 0.107 
139    (0)   :  0.025 0.103 0.049 0.058 0.765 
140    (0)   :  0.025 0.459 0.128 0.109 0.279 
141    (0)   :  0.062 0.646 0.046 0.113 0.132 
142    (0)   :  0.031 0.367 0.050 0.047 0.505 
143    (0)   :  0.014 0.829 0.034 0.035 0.088 
144    (0)   :  0.021 0.776 0.075 0.036 0.092 
145    (0)   :  0.183 0.379 0.050 0.142 0.246 
146    (0)   :  0.048 0.431 0.140 0.104 0.276 
147    (0)   :  0.018 0.844 0.034 0.038 0.066 
148    (0)   :  0.048 0.562 0.093 0.073 0.223 
149    (0)   :  0.028 0.663 0.041 0.065 0.204 
150    (0)   :  0.033 0.580 0.156 0.056 0.175 
151    (0)   :  0.019 0.748 0.055 0.043 0.134 
152    (0)   :  0.065 0.442 0.069 0.104 0.320 
153    (0)   :  0.018 0.677 0.059 0.078 0.168 
154    (0)   :  0.127 0.637 0.041 0.055 0.141 
155    (0)   :  0.015 0.794 0.054 0.041 0.095 
156    (0)   :  0.017 0.545 0.066 0.035 0.337 
157    (0)   :  0.013 0.653 0.159 0.064 0.110 
158    (0)   :  0.170 0.482 0.047 0.132 0.169 
159    (0)   :  0.025 0.829 0.034 0.036 0.076 
160    (0)   :  0.037 0.803 0.034 0.038 0.087 
161    (0)   :  0.019 0.541 0.078 0.094 0.268 
162    (0)   :  0.085 0.330 0.127 0.113 0.345 
163    (0)   :  0.014 0.795 0.046 0.038 0.107 
164    (0)   :  0.203 0.390 0.134 0.079 0.195 
165    (0)   :  0.028 0.668 0.133 0.046 0.124 
166    (0)   :  0.017 0.461 0.165 0.091 0.266 
167    (0)   :  0.322 0.497 0.059 0.056 0.067 
168    (0)   :  0.019 0.640 0.051 0.101 0.189 
169    (0)   :  0.141 0.232 0.041 0.424 0.162 
170    (0)   :  0.014 0.393 0.064 0.046 0.483 
171    (0)   :  0.057 0.410 0.085 0.101 0.347 
172    (0)   :  0.025 0.394 0.039 0.206 0.336 
173    (0)   :  0.030 0.749 0.038 0.039 0.144 
174    (0)   :  0.018 0.793 0.054 0.047 0.087 
175    (0)   :  0.031 0.777 0.037 0.054 0.101 
176    (0)   :  0.020 0.777 0.076 0.037 0.090 
177    (0)   :  0.022 0.499 0.179 0.132 0.168 
178    (0)   :  0.041 0.718 0.062 0.080 0.100 
179    (0)   :  0.014 0.828 0.037 0.041 0.081 
180    (0)   :  0.067 0.571 0.084 0.096 0.182 
181    (0)   :  0.056 0.397 0.048 0.076 0.424 
182    (0)   :  0.094 0.561 0.042 0.037 0.266 
183    (0)   :  0.020 0.781 0.038 0.043 0.119 
184    (0)   :  0.082 0.031 0.102 0.126 0.658 
185    (0)   :  0.017 0.579 0.036 0.034 0.334 
186    (0)   :  0.031 0.033 0.326 0.102 0.509 
187    (0)   :  0.026 0.130 0.072 0.065 0.706 
188    (0)   :  0.034 0.025 0.345 0.075 0.522 
189    (0)   :  0.029 0.164 0.075 0.325 0.407 
190    (0)   :  0.015 0.078 0.035 0.028 0.845 
191    (0)   :  0.062 0.045 0.094 0.057 0.742 
192    (0)   :  0.019 0.123 0.133 0.068 0.656 
193    (0)   :  0.053 0.098 0.083 0.090 0.676 
194    (0)   :  0.027 0.100 0.129 0.058 0.686 
195    (0)   :  0.017 0.156 0.041 0.035 0.752 
196    (0)   :  0.014 0.070 0.054 0.039 0.824 
197    (0)   :  0.062 0.075 0.133 0.179 0.551 
198    (0)   :  0.028 0.090 0.174 0.158 0.550 
199    (0)   :  0.025 0.055 0.052 0.045 0.823 
200    (0)   :  0.043 0.068 0.079 0.107 0.703 
201    (0)   :  0.017 0.330 0.049 0.043 0.561 
202    (0)   :  0.019 0.242 0.054 0.035 0.650 
203    (0)   :  0.031 0.245 0.047 0.036 0.641 
204    (0)   :  0.019 0.054 0.045 0.031 0.850 
205    (0)   :  0.023 0.043 0.060 0.054 0.821 
206    (0)   :  0.035 0.066 0.051 0.040 0.808 
207    (0)   :  0.025 0.034 0.068 0.035 0.838 
208    (0)   :  0.021 0.130 0.050 0.038 0.761 
209    (0)   :  0.043 0.060 0.084 0.061 0.753 
210    (0)   :  0.017 0.074 0.070 0.039 0.800 
211    (0)   :  0.063 0.067 0.079 0.033 0.758 
212    (0)   :  0.026 0.349 0.051 0.064 0.510 
213    (0)   :  0.014 0.042 0.117 0.056 0.771 
214    (0)   :  0.023 0.282 0.045 0.040 0.610 
215    (0)   :  0.028 0.032 0.071 0.050 0.819 
216    (0)   :  0.071 0.043 0.118 0.136 0.632 
217    (0)   :  0.019 0.204 0.041 0.054 0.682 
218    (0)   :  0.027 0.054 0.068 0.057 0.794 
219    (0)   :  0.087 0.143 0.083 0.208 0.478 
220    (0)   :  0.023 0.039 0.065 0.036 0.837 
221    (0)   :  0.015 0.372 0.033 0.031 0.549 
222    (0)   :  0.056 0.070 0.124 0.210 0.540 
223    (0)   :  0.028 0.214 0.072 0.092 0.595 
224    (0)   :  0.039 0.149 0.054 0.040 0.718 
225    (0)   :  0.021 0.055 0.054 0.043 0.827 
226    (0)   :  0.032 0.071 0.056 0.168 0.673 
227    (0)   :  0.021 0.088 0.054 0.037 0.800 
228    (0)   :  0.018 0.121 0.037 0.032 0.792 
229    (0)   :  0.025 0.181 0.068 0.043 0.683 
230    (0)   :  0.027 0.097 0.056 0.036 0.785 
231    (0)   :  0.051 0.166 0.070 0.068 0.644 
232    (0)   :  0.026 0.088 0.084 0.073 0.730 
233    (0)   :  0.026 0.433 0.047 0.043 0.450 
234    (0)   :  0.036 0.117 0.135 0.112 0.600 
235    (0)   :  0.023 0.140 0.057 0.087 0.693 
236    (0)   :  0.032 0.179 0.059 0.057 0.674 
237    (0)   :  0.055 0.043 0.067 0.043 0.792 
238    (0)   :  0.017 0.302 0.070 0.050 0.561 
239    (0)   :  0.016 0.155 0.042 0.035 0.752 
240    (0)   :  0.016 0.296 0.070 0.050 0.568 
241    (0)   :  0.024 0.283 0.050 0.046 0.596 
242    (0)   :  0.036 0.085 0.092 0.143 0.644 
243    (0)   :  0.017 0.071 0.040 0.031 0.841 
244    (0)   :  0.026 0.171 0.047 0.035 0.722 
245    (0)   :  0.012 0.571 0.052 0.040 0.324 
246    (0)   :  0.019 0.205 0.041 0.054 0.682 
247    (0)   :  0.015 0.028 0.358 0.097 0.502 
248    (0)   :  0.042 0.030 0.105 0.049 0.774 
249    (0)   :  0.022 0.148 0.052 0.038 0.739 
250    (0)   :  0.030 0.107 0.071 0.054 0.738 
251    (0)   :  0.058 0.056 0.107 0.196 0.583 
252    (0)   :  0.018 0.096 0.059 0.053 0.773 
253    (0)   :  0.024 0.040 0.118 0.085 0.733 
254    (0)   :  0.054 0.070 0.102 0.129 0.646 
255    (0)   :  0.040 0.111 0.102 0.087 0.660 
256    (0)   :  0.021 0.116 0.049 0.047 0.767 
257    (0)   :  0.047 0.073 0.078 0.050 0.752 
258    (0)   :  0.024 0.053 0.123 0.067 0.732 
259    (0)   :  0.050 0.054 0.075 0.051 0.770 
260    (0)   :  0.057 0.193 0.108 0.150 0.491 
261    (0)   :  0.018 0.156 0.050 0.052 0.724 
262    (0)   :  0.017 0.127 0.034 0.035 0.788 
263    (0)   :  0.061 0.038 0.079 0.059 0.762 
264    (0)   :  0.071 0.025 0.105 0.446 0.353 
265    (0)   :  0.028 0.099 0.064 0.090 0.719 
266    (0)   :  0.017 0.400 0.035 0.032 0.516 
267    (0)   :  0.062 0.103 0.088 0.069 0.678 
268    (0)   :  0.015 0.071 0.053 0.039 0.823 
269    (0)   :  0.043 0.157 0.087 0.273 0.440 
270    (0)   :  0.078 0.044 0.121 0.112 0.644 
271    (0)   :  0.029 0.045 0.082 0.057 0.788 
272    (0)   :  0.028 0.046 0.057 0.112 0.757 
273    (0)   :  0.119 0.156 0.088 0.118 0.518 
274    (0)   :  0.038 0.061 0.072 0.098 0.732 
275    (0)   :  0.057 0.085 0.056 0.104 0.697 
276    (0)   :  0.036 0.040 0.063 0.093 0.768 
277    (0)   :  0.025 0.149 0.074 0.093 0.659 
278    (0)   :  0.027 0.040 0.058 0.048 0.826 
279    (0)   :  0.029 0.082 0.067 0.068 0.755 
280    (0)   :  0.028 0.070 0.057 0.136 0.709 
281    (0)   :  0.030 0.060 0.096 0.068 0.745 
282    (0)   :  0.027 0.334 0.072 0.082 0.485 
283    (0)   :  0.021 0.382 0.069 0.051 0.478 
284    (0)   :  0.022 0.126 0.106 0.061 0.684 
285    (0)   :  0.026 0.021 0.096 0.064 0.794 
286    (0)   :  0.027 0.163 0.047 0.035 0.728 
287    (0)   :  0.030 0.107 0.088 0.142 0.632 
288    (0)   :  0.028 0.045 0.058 0.105 0.764 
289    (0)   :  0.025 0.071 0.129 0.108 0.666 
290    (0)   :  0.028 0.042 0.055 0.186 0.689 
291    (0)   :  0.028 0.045 0.080 0.059 0.789 
292    (0)   :  0.020 0.075 0.049 0.098 0.758 
293    (0)   :  0.031 0.041 0.093 0.313 0.522 
294    (0)   :  0.049 0.031 0.072 0.065 0.783 
295    (0)   :  0.062 0.091 0.087 0.146 0.614 
296    (0)   :  0.024 0.040 0.066 0.045 0.825 
297    (0)   :  0.028 0.048 0.071 0.155 0.699 
298    (0)   :  0.026 0.201 0.091 0.075 0.607 
299    (0)   :  0.052 0.046 0.110 0.084 0.709 
300    (0)   :  0.025 0.029 0.062 0.048 0.835 
301    (0)   :  0.117 0.046 0.084 0.165 0.588 
302    (0)   :  0.053 0.034 0.063 0.061 0.789 
303    (0)   :  0.025 0.141 0.054 0.060 0.720 
304    (0)   :  0.047 0.302 0.135 0.183 0.334 
305    (0)   :  0.024 0.092 0.039 0.039 0.806 
306    (0)   :  0.021 0.222 0.046 0.079 0.632 
307    (0)   :  0.062 0.095 0.077 0.069 0.697 
308    (0)   :  0.018 0.159 0.050 0.052 0.720 
309    (0)   :  0.038 0.050 0.120 0.050 0.743 
310    (0)   :  0.020 0.108 0.041 0.034 0.796 
311    (0)   :  0.026 0.098 0.056 0.036 0.783 
312    (0)   :  0.015 0.039 0.083 0.035 0.827 
313    (0)   :  0.026 0.026 0.059 0.036 0.852 
314    (0)   :  0.012 0.828 0.033 0.037 0.091 
315    (0)   :  0.012 0.778 0.041 0.056 0.112 
316    (0)   :  0.015 0.784 0.044 0.068 0.089 
317    (0)   :  0.013 0.856 0.033 0.036 0.061 
318    (0)   :  0.014 0.863 0.033 0.039 0.052 
319    (0)   :  0.017 0.830 0.033 0.036 0.084 
320    (0)   :  0.012 0.829 0.034 0.037 0.088 
321    (0)   :  0.014 0.852 0.034 0.041 0.059 
322    (0)   :  0.016 0.765 0.045 0.060 0.114 
323    (0)   :  0.017 0.856 0.034 0.036 0.057 
324    (0)   :  0.014 0.854 0.034 0.041 0.058 
325    (0)   :  0.013 0.813 0.042 0.063 0.069 
326    (0)   :  0.014 0.820 0.041 0.062 0.064 
327    (0)   :  0.013 0.856 0.033 0.037 0.061 
328    (0)   :  0.013 0.775 0.045 0.060 0.107 
329    (0)   :  0.014 0.858 0.033 0.036 0.059 
330    (0)   :  0.013 0.856 0.033 0.037 0.061 
331    (0)   :  0.014 0.855 0.033 0.036 0.061 
332    (0)   :  0.017 0.806 0.043 0.071 0.063 
333    (0)   :  0.015 0.811 0.042 0.057 0.076 
334    (0)   :  0.014 0.777 0.043 0.060 0.106 
335    (0)   :  0.013 0.800 0.043 0.053 0.092 
336    (0)   :  0.016 0.843 0.033 0.042 0.066 
337    (0)   :  0.013 0.796 0.043 0.066 0.081 
338    (0)   :  0.015 0.861 0.033 0.040 0.051 
339    (0)   :  0.014 0.855 0.033 0.037 0.062 
340    (0)   :  0.013 0.858 0.032 0.033 0.063 
341    (0)   :  0.018 0.853 0.033 0.036 0.060 
342    (0)   :  0.013 0.856 0.033 0.036 0.062 
343    (0)   :  0.015 0.754 0.043 0.062 0.126 
344    (0)   :  0.014 0.862 0.033 0.036 0.055 
345    (0)   :  0.013 0.857 0.033 0.037 0.060 
346    (0)   :  0.013 0.866 0.032 0.035 0.053 
347    (0)   :  0.013 0.867 0.032 0.033 0.055 
348    (0)   :  0.012 0.742 0.042 0.051 0.153 
349    (0)   :  0.014 0.856 0.033 0.037 0.061 
350    (0)   :  0.015 0.813 0.034 0.037 0.101 
351    (0)   :  0.013 0.800 0.042 0.052 0.093 
352    (0)   :  0.013 0.801 0.043 0.058 0.086 
353    (0)   :  0.016 0.841 0.034 0.042 0.067 
354    (0)   :  0.017 0.853 0.034 0.037 0.059 
355    (0)   :  0.014 0.863 0.033 0.039 0.052 
356    (0)   :  0.012 0.666 0.042 0.050 0.230 
357    (0)   :  0.032 0.479 0.100 0.266 0.123 
358    (0)   :  0.015 0.813 0.043 0.060 0.070 
359    (0)   :  0.016 0.856 0.033 0.037 0.058 
360    (0)   :  0.013 0.866 0.032 0.036 0.053 
361    (0)   :  0.035 0.383 0.107 0.280 0.195 
362    (0)   :  0.030 0.043 0.304 0.316 0.306 
363    (0)   :  0.021 0.029 0.351 0.442 0.157 
364    (0)   :  0.270 0.180 0.114 0.243 0.193 
365    (0)   :  0.188 0.033 0.115 0.523 0.142 
366    (0)   :  0.034 0.073 0.085 0.364 0.445 
367    (0)   :  0.013 0.020 0.726 0.175 0.065 
368    (0)   :  0.064 0.039 0.604 0.105 0.189 
369    (0)   :  0.038 0.184 0.120 0.225 0.433 
370    (0)   :  0.062 0.046 0.469 0.091 0.332 
371    (0)   :  0.098 0.070 0.184 0.296 0.351 
372    (0)   :  0.366 0.059 0.195 0.071 0.308 
373    (0)   :  0.050 0.081 0.450 0.218 0.201 
374    (0)   :  0.050 0.259 0.189 0.306 0.196 
375    (0)   :  0.075 0.028 0.484 0.309 0.105 
376    (0)   :  0.031 0.024 0.093 0.797 0.056 
377    (0)   :  0.067 0.047 0.251 0.368 0.267 
378    (0)   :  0.020 0.174 0.578 0.070 0.158 
379    (0)   :  0.033 0.022 0.096 0.787 0.062 
380    (0)   :  0.030 0.076 0.051 0.632 0.212 
381    (0)   :  0.021 0.061 0.044 0.704 0.170 
382    (0)   :  0.035 0.033 0.463 0.385 0.084 
383    (0)   :  0.051 0.085 0.046 0.730 0.088 
384    (0)   :  0.248 0.074 0.136 0.437 0.105 
385    (0)   :  0.686 0.068 0.098 0.077 0.070 
386    (0)   :  0.019 0.028 0.454 0.393 0.106 
387    (0)   :  0.038 0.039 0.363 0.449 0.111 
388    (0)   :  0.179 0.207 0.239 0.192 0.183 
389    (0)   :  0.293 0.031 0.109 0.065 0.502 
390    (0)   :  0.025 0.031 0.393 0.347 0.204 
391    (0)   :  0.119 0.060 0.297 0.139 0.385 
392    (0)   :  0.029 0.066 0.125 0.627 0.152 
393    (0)   :  0.018 0.048 0.055 0.739 0.140 
394    (0)   :  0.024 0.228 0.300 0.241 0.206 
395    (0)   :  0.014 0.030 0.178 0.284 0.494 
396    (0)   :  0.033 0.022 0.490 0.344 0.111 
397    (0)   :  0.214 0.074 0.093 0.204 0.415 
398    (0)   :  0.025 0.023 0.194 0.688 0.069 
399    (0)   :  0.018 0.031 0.574 0.185 0.192 
400    (0)   :  0.025 0.045 0.386 0.443 0.100 
401    (0)   :  0.016 0.048 0.615 0.130 0.191 
402    (0)   :  0.063 0.042 0.213 0.181 0.501 
403    (0)   :  0.106 0.298 0.170 0.149 0.278 
404    (0)   :  0.040 0.059 0.184 0.395 0.322 
405    (0)   :  0.028 0.053 0.145 0.403 0.371 
406    (0)   :  0.011 0.069 0.048 0.369 0.503 
407    (0)   :  0.017 0.021 0.092 0.795 0.075 
408    (0)   :  0.012 0.019 0.609 0.058 0.302 
409    (0)   :  0.017 0.207 0.096 0.248 0.433 
410    (0)   :  0.073 0.072 0.253 0.483 0.120 
411    (0)   :  0.032 0.135 0.116 0.517 0.199 
412    (0)   :  0.052 0.035 0.631 0.140 0.142 
413    (0)   :  0.026 0.138 0.461 0.136 0.239 
414    (0)   :  0.075 0.025 0.634 0.150 0.116 
415    (0)   :  0.016 0.032 0.105 0.694 0.153 
416    (0)   :  0.039 0.053 0.266 0.406 0.236 
417    (0)   :  0.017 0.029 0.166 0.697 0.091 
418    (0)   :  0.026 0.026 0.673 0.195 0.080 
419    (0)   :  0.057 0.133 0.237 0.217 0.356 
420    (0)   :  0.011 0.028 0.517 0.167 0.277 
421    (0)   :  0.021 0.038 0.366 0.428 0.147 
422    (0)   :  0.029 0.030 0.084 0.304 0.554 
423    (0)   :  0.027 0.042 0.134 0.583 0.213 
424    (0)   :  0.026 0.050 0.624 0.113 0.186 
425    (0)   :  0.486 0.051 0.132 0.201 0.130 
426    (0)   :  0.140 0.067 0.497 0.185 0.111 
427    (0)   :  0.016 0.100 0.171 0.617 0.095 
428    (0)   :  0.052 0.083 0.074 0.367 0.423 
429    (0)   :  0.014 0.020 0.292 0.609 0.065 
430    (0)   :  0.017 0.025 0.117 0.735 0.105 
431    (0)   :  0.068 0.052 0.458 0.181 0.241 
432    (0)   :  0.055 0.044 0.573 0.124 0.205 
433    (0)   :  0.105 0.188 0.209 0.068 0.430 
434    (0)   :  0.083 0.084 0.188 0.341 0.304 
435    (0)   :  0.014 0.022 0.139 0.745 0.080 
436    (0)   :  0.013 0.041 0.141 0.733 0.072 
437    (0)   :  0.024 0.025 0.089 0.784 0.079 
438    (0)   :  0.013 0.045 0.207 0.426 0.309 
439    (0)   :  0.013 0.032 0.079 0.818 0.058 
440    (0)   :  0.012 0.018 0.113 0.791 0.065 
441    (0)   :  0.024 0.074 0.172 0.602 0.128 
442    (0)   :  0.028 0.027 0.258 0.566 0.121 
443    (0)   :  0.014 0.022 0.550 0.224 0.190 
444    (0)   :  0.025 0.025 0.169 0.660 0.121 
445    (0)   :  0.030 0.093 0.083 0.547 0.247 
446    (0)   :  0.026 0.028 0.280 0.600 0.067 
447    (0)   :  0.034 0.054 0.123 0.583 0.206 
448    (0)   :  0.023 0.027 0.177 0.649 0.125 
449    (0)   :  0.027 0.044 0.134 0.618 0.178 
450    (0)   :  0.044 0.051 0.126 0.708 0.071 
451    (0)   :  0.027 0.019 0.726 0.115 0.112 
452    (0)   :  0.022 0.038 0.120 0.747 0.073 
453    (0)   :  0.015 0.041 0.189 0.106 0.649 
454    (0)   :  0.022 0.057 0.169 0.633 0.119 
455    (0)   :  0.012 0.025 0.173 0.658 0.131 
456    (0)   :  0.017 0.023 0.150 0.612 0.199 
457    (0)   :  0.019 0.028 0.074 0.803 0.076 
458    (0)   :  0.026 0.030 0.096 0.783 0.065 
459    (0)   :  0.013 0.088 0.356 0.414 0.129 
460    (0)   :  0.012 0.026 0.376 0.515 0.072 
461    (0)   :  0.015 0.027 0.643 0.262 0.053 
462    (0)   :  0.029 0.018 0.248 0.566 0.138 
463    (0)   :  0.012 0.037 0.101 0.350 0.500 
464    (0)   :  0.012 0.024 0.415 0.426 0.124 
465    (0)   :  0.020 0.031 0.632 0.183 0.135 
466    (0)   :  0.012 0.025 0.373 0.276 0.314 
467    (0)   :  0.017 0.047 0.219 0.555 0.162 
468    (0)   :  0.013 0.022 0.059 0.807 0.100 
469    (0)   :  0.012 0.026 0.060 0.847 0.055 
470    (0)   :  0.012 0.024 0.157 0.742 0.065 
471    (0)   :  0.036 0.026 0.198 0.308 0.433 
472    (0)   :  0.033 0.031 0.296 0.413 0.227 
473    (0)   :  0.032 0.048 0.172 0.521 0.227 
474    (0)   :  0.017 0.036 0.120 0.707 0.120 
475    (0)   :  0.019 0.056 0.509 0.238 0.178 
476    (0)   :  0.014 0.029 0.095 0.783 0.079 
477    (0)   :  0.035 0.051 0.620 0.159 0.135 
478    (0)   :  0.024 0.024 0.801 0.090 0.061 
479    (0)   :  0.014 0.022 0.200 0.698 0.065 
480    (0)   :  0.014 0.026 0.072 0.829 0.060 
481    (0)   :  0.084 0.026 0.162 0.408 0.319 
482    (0)   :  0.012 0.022 0.172 0.738 0.055 
483    (0)   :  0.014 0.033 0.155 0.712 0.086 
484    (0)   :  0.017 0.031 0.131 0.533 0.288 
485    (0)   :  0.012 0.025 0.128 0.749 0.085 
486    (0)   :  0.381 0.036 0.194 0.118 0.270 
487    (0)   :  0.581 0.072 0.089 0.091 0.167 
488    (0)   :  0.480 0.051 0.214 0.063 0.192 
489    (0)   :  0.336 0.092 0.070 0.114 0.388 
490    (0)   :  0.074 0.027 0.568 0.144 0.187 
491    (0)   :  0.327 0.068 0.086 0.070 0.449 
492    (0)   :  0.041 0.176 0.259 0.068 0.456 
493    (0)   :  0.716 0.032 0.076 0.054 0.122 
494    (0)   :  0.436 0.061 0.084 0.102 0.318 
495    (0)   :  0.236 0.126 0.361 0.075 0.202 
496    (0)   :  0.032 0.181 0.123 0.081 0.583 
497    (0)   :  0.773 0.048 0.050 0.041 0.088 
498    (0)   :  0.224 0.053 0.322 0.096 0.305 
499    (0)   :  0.609 0.104 0.058 0.069 0.160 
500    (0)   :  0.517 0.038 0.074 0.164 0.206 
501    (0)   :  0.096 0.127 0.167 0.215 0.395 
502    (0)   :  0.133 0.185 0.268 0.120 0.295 
503    (0)   :  0.107 0.033 0.164 0.478 0.219 
504    (0)   :  0.073 0.037 0.627 0.062 0.201 
505    (0)   :  0.117 0.052 0.087 0.063 0.681 
506    (0)   :  0.108 0.142 0.296 0.114 0.340 
507    (0)   :  0.037 0.424 0.046 0.050 0.443 
508    (0)   :  0.207 0.360 0.052 0.039 0.342 
509    (0)   :  0.080 0.092 0.080 0.066 0.682 
510    (0)   :  0.290 0.188 0.113 0.164 0.245 
511    (0)   :  0.057 0.039 0.162 0.474 0.267 
512    (0)   :  0.078 0.027 0.234 0.530 0.132 
513    (0)   :  0.339 0.045 0.251 0.031 0.335 
514    (0)   :  0.039 0.059 0.559 0.082 0.261 
515    (0)   :  0.054 0.112 0.087 0.413 0.333 
516    (0)   :  0.040 0.042 0.433 0.058 0.427 
517    (0)   :  0.024 0.100 0.186 0.203 0.487 
518    (0)   :  0.271 0.188 0.090 0.189 0.261 
519    (0)   :  0.025 0.057 0.636 0.083 0.199 
520    (0)   :  0.020 0.160 0.056 0.228 0.536 
521    (0)   :  0.021 0.307 0.249 0.078 0.344 
522    (0)   :  0.046 0.036 0.089 0.448 0.381 
523    (0)   :  0.024 0.090 0.136 0.078 0.672 
524    (0)   :  0.030 0.066 0.112 0.451 0.341 
525    (0)   :  0.133 0.159 0.070 0.299 0.339 
526    (0)   :  0.012 0.041 0.052 0.378 0.517 
527    (0)   :  0.436 0.037 0.209 0.187 0.130 
528    (0)   :  0.019 0.408 0.088 0.055 0.430 
529    (0)   :  0.185 0.094 0.168 0.096 0.457 
530    (0)   :  0.050 0.066 0.088 0.518 0.279 
531    (0)   :  0.030 0.325 0.095 0.221 0.329 
532    (0)   :  0.409 0.165 0.120 0.104 0.201 
533    (0)   :  0.125 0.053 0.095 0.346 0.381 
534    (0)   :  0.181 0.071 0.127 0.050 0.571 
535    (0)   :  0.013 0.041 0.217 0.160 0.569 
536    (0)   :  0.017 0.081 0.082 0.210 0.610 
537    (0)   :  0.016 0.088 0.055 0.060 0.781 
538    (0)   :  0.015 0.072 0.068 0.075 0.770 
539    (0)   :  0.017 0.465 0.047 0.051 0.419 
540    (0)   :  0.031 0.148 0.083 0.145 0.594 
541    (0)   :  0.025 0.445 0.112 0.121 0.297 
542    (0)   :  0.018 0.032 0.060 0.237 0.654 
543    (0)   :  0.017 0.117 0.199 0.063 0.604 
544    (0)   :  0.014 0.044 0.070 0.099 0.772 
545    (0)   :  0.013 0.026 0.094 0.218 0.650 
546    (0)   :  0.024 0.062 0.071 0.091 0.753 
547    (0)   :  0.013 0.065 0.078 0.065 0.780 
548    (0)   :  0.029 0.107 0.070 0.054 0.740 
549    (0)   :  0.015 0.272 0.056 0.199 0.459 
550    (0)   :  0.012 0.050 0.127 0.341 0.469 
551    (0)   :  0.020 0.445 0.089 0.097 0.350 
552    (0)   :  0.017 0.067 0.050 0.073 0.793 
553    (0)   :  0.013 0.108 0.106 0.044 0.728 
554    (0)   :  0.044 0.117 0.214 0.280 0.345 
555    (0)   :  0.026 0.120 0.060 0.053 0.740 
556    (0)   :  0.015 0.047 0.070 0.070 0.798 
557    (0)   :  0.012 0.072 0.163 0.345 0.408 
558    (0)   :  0.013 0.024 0.166 0.748 0.050 
559    (0)   :  0.041 0.034 0.518 0.088 0.318 
560    (0)   :  0.012 0.017 0.568 0.318 0.084 
561    (0)   :  0.031 0.024 0.461 0.285 0.198 
562    (0)   :  0.034 0.017 0.602 0.169 0.178 
563    (0)   :  0.023 0.125 0.592 0.094 0.166 
564    (0)   :  0.043 0.037 0.210 0.100 0.610 
565    (0)   :  0.018 0.026 0.077 0.810 0.068 
566    (0)   :  0.015 0.019 0.695 0.198 0.074 
567    (0)   :  0.073 0.024 0.300 0.078 0.525 
568    (0)   :  0.017 0.036 0.503 0.156 0.288 
569    (0)   :  0.031 0.039 0.276 0.347 0.308 
570    (0)   :  0.019 0.019 0.170 0.727 0.065 
571    (0)   :  0.017 0.030 0.761 0.088 0.104 
572    (0)   :  0.023 0.089 0.094 0.160 0.634 
573    (0)   :  0.064 0.038 0.241 0.182 0.475 
574    (0)   :  0.053 0.098 0.139 0.531 0.178 
575    (0)   :  0.016 0.066 0.500 0.129 0.289 
576    (0)   :  0.030 0.019 0.744 0.141 0.066 
577    (0)   :  0.062 0.086 0.247 0.439 0.165 
578    (0)   :  0.021 0.031 0.627 0.186 0.135 
579    (0)   :  0.054 0.027 0.439 0.268 0.211 
580    (0)   :  0.033 0.050 0.195 0.595 0.127 
581    (0)   :  0.022 0.038 0.368 0.471 0.100 
582    (0)   :  0.013 0.020 0.268 0.602 0.096 
583    (0)   :  0.063 0.031 0.680 0.135 0.091 
584    (0)   :  0.037 0.023 0.731 0.139 0.070 
585    (0)   :  0.024 0.026 0.548 0.276 0.125 
586    (0)   :  0.017 0.035 0.725 0.066 0.156 
587    (0)   :  0.039 0.020 0.280 0.435 0.226 
588    (0)   :  0.064 0.024 0.069 0.033 0.809 
589    (0)   :  0.020 0.022 0.132 0.666 0.160 
590    (0)   :  0.059 0.027 0.696 0.079 0.139 
591    (0)   :  0.025 0.032 0.742 0.086 0.115 
592    (0)   :  0.013 0.022 0.376 0.168 0.421 
593    (0)   :  0.021 0.046 0.395 0.251 0.287 
594    (0)   :  0.228 0.064 0.482 0.086 0.140 
595    (0)   :  0.322 0.020 0.256 0.282 0.120 
596    (0)   :  0.032 0.038 0.155 0.185 0.591 
597    (0)   :  0.018 0.162 0.604 0.054 0.162 
598    (0)   :  0.016 0.021 0.102 0.809 0.052 
599    (0)   :  0.015 0.019 0.622 0.181 0.162 
600    (0)   :  0.031 0.058 0.168 0.550 0.194 
601    (0)   :  0.015 0.019 0.502 0.333 0.130 
602    (0)   :  0.193 0.077 0.176 0.107 0.447 
603    (0)   :  0.073 0.081 0.283 0.098 0.464 
604    (0)   :  0.116 0.061 0.091 0.497 0.234 
605    (0)   :  0.041 0.036 0.367 0.230 0.326 
606    (0)   :  0.037 0.073 0.137 0.164 0.590 
607    (0)   :  0.119 0.198 0.139 0.291 0.252 
608    (0)   :  0.034 0.405 0.167 0.225 0.169 
609    (0)   :  0.065 0.047 0.259 0.462 0.167 
610    (0)   :  0.027 0.033 0.090 0.595 0.255 
611    (0)   :  0.065 0.091 0.267 0.113 0.465 
612    (0)   :  0.021 0.029 0.072 0.791 0.087 
613    (0)   :  0.156 0.043 0.185 0.331 0.286 
614    (0)   :  0.058 0.027 0.055 0.734 0.126 
615    (0)   :  0.025 0.047 0.058 0.711 0.160 
616    (0)   :  0.075 0.146 0.192 0.337 0.249 
617    (0)   :  0.224 0.030 0.165 0.398 0.183 
618    (0)   :  0.146 0.095 0.056 0.490 0.213 
619    (0)   :  0.018 0.079 0.253 0.202 0.449 
620    (0)   :  0.013 0.017 0.470 0.102 0.398 
621    (0)   :  0.100 0.031 0.600 0.187 0.083 
622    (0)   :  0.180 0.079 0.090 0.369 0.282 
623    (0)   :  0.043 0.031 0.435 0.176 0.315 
624    (0)   :  0.033 0.107 0.083 0.683 0.095 
625    (0)   :  0.107 0.110 0.182 0.462 0.138 
626    (0)   :  0.034 0.242 0.050 0.321 0.353 
627    (0)   :  0.053 0.042 0.396 0.226 0.283 
628    (0)   :  0.124 0.045 0.359 0.153 0.318 
629    (0)   :  0.104 0.053 0.239 0.249 0.355 
630    (0)   :  0.059 0.041 0.154 0.596 0.150 
631    (0)   :  0.053 0.046 0.179 0.514 0.208 
632    (0)   :  0.037 0.095 0.069 0.102 0.697 
633    (0)   :  0.095 0.089 0.158 0.492 0.166 
634    (0)   :  0.062 0.111 0.216 0.242 0.370 
635    (0)   :  0.043 0.331 0.084 0.180 0.362 
636    (0)   :  0.038 0.207 0.156 0.439 0.161 
637    (0)   :  0.030 0.048 0.097 0.142 0.684 
638    (0)   :  0.162 0.083 0.242 0.202 0.311 
639    (0)   :  0.147 0.070 0.108 0.453 0.222 
640    (0)   :  0.066 0.044 0.657 0.141 0.092 
641    (0)   :  0.265 0.051 0.164 0.269 0.251 
642    (0)   :  0.024 0.301 0.107 0.107 0.461 
643    (0)   :  0.015 0.713 0.080 0.065 0.128 
644    (0)   :  0.044 0.507 0.148 0.070 0.232 
645    (0)   :  0.068 0.386 0.037 0.322 0.187 
646    (0)   :  0.049 0.071 0.202 0.109 0.569 
647    (0)   :  0.059 0.223 0.222 0.076 0.421 
648    (0)   :  0.331 0.176 0.066 0.100 0.327 
649    (0)   :  0.035 0.083 0.118 0.053 0.711 
650    (0)   :  0.035 0.095 0.228 0.069 0.573 
651    (0)   :  0.404 0.264 0.123 0.055 0.154 
652    (0)   :  0.036 0.533 0.111 0.078 0.242 
653    (0)   :  0.229 0.217 0.063 0.099 0.393 
654    (0)   :  0.041 0.185 0.065 0.070 0.639 
655    (0)   :  0.017 0.501 0.260 0.079 0.144 
656    (0)   :  0.179 0.126 0.085 0.094 0.516 
657    (0)   :  0.270 0.140 0.127 0.276 0.187 
658    (0)   :  0.026 0.166 0.358 0.131 0.318 
659    (0)   :  0.099 0.371 0.083 0.092 0.355 
660    (0)   :  0.026 0.357 0.084 0.058 0.476 
661    (0)   :  0.023 0.472 0.065 0.090 0.350 
662    (0)   :  0.032 0.056 0.117 0.043 0.752 
663    (0)   :  0.029 0.319 0.091 0.082 0.479 
664    (0)   :  0.024 0.185 0.405 0.186 0.200 
665    (0)   :  0.033 0.064 0.091 0.054 0.758 
666    (0)   :  0.020 0.227 0.086 0.081 0.586 
667    (0)   :  0.325 0.070 0.246 0.089 0.270 
668    (0)   :  0.027 0.378 0.135 0.138 0.322 
669    (0)   :  0.114 0.141 0.096 0.081 0.569 
670    (0)   :  0.016 0.701 0.047 0.040 0.197 
671    (0)   :  0.018 0.435 0.079 0.053 0.415 
672    (0)   :  0.011 0.637 0.124 0.080 0.147 
673    (0)   :  0.018 0.849 0.034 0.038 0.061 
674    (0)   :  0.032 0.527 0.057 0.086 0.298 
675    (0)   :  0.020 0.769 0.079 0.036 0.096 
676    (0)   :  0.014 0.844 0.034 0.038 0.070 
677    (0)   :  0.013 0.398 0.038 0.037 0.514 
678    (0)   :  0.019 0.850 0.039 0.038 0.054 
679    (0)   :  0.038 0.709 0.058 0.088 0.107 
680    (0)   :  0.042 0.722 0.041 0.066 0.129 
681    (0)   :  0.066 0.192 0.066 0.198 0.477 
682    (0)   :  0.016 0.755 0.043 0.072 0.114 
683    (0)   :  0.016 0.733 0.045 0.038 0.169 
684    (0)   :  0.017 0.841 0.039 0.038 0.065 
685    (0)   :  0.013 0.846 0.033 0.034 0.073 
686    (0)   :  0.018 0.344 0.049 0.067 0.523 
687    (0)   :  0.017 0.418 0.069 0.048 0.449 
688    (0)   :  0.016 0.748 0.058 0.047 0.131 
689    (0)   :  0.016 0.848 0.032 0.035 0.069 
690    (0)   :  0.014 0.845 0.035 0.038 0.069 
691    (0)   :  0.031 0.659 0.056 0.080 0.175 
692    (0)   :  0.027 0.790 0.056 0.050 0.077 
693    (0)   :  0.014 0.773 0.071 0.057 0.086 
694    (0)   :  0.013 0.849 0.032 0.031 0.075 
695    (0)   :  0.012 0.773 0.041 0.052 0.122 
696    (0)   :  0.015 0.750 0.058 0.047 0.130 
697    (0)   :  0.017 0.814 0.034 0.039 0.096 
698    (0)   :  0.014 0.831 0.035 0.037 0.083 
699    (0)   :  0.011 0.539 0.039 0.048 0.364 
700    (0)   :  0.014 0.686 0.065 0.076 0.159 
701    (0)   :  0.056 0.674 0.051 0.069 0.149 
702    (0)   :  0.020 0.552 0.070 0.092 0.267 
703    (0)   :  0.017 0.709 0.043 0.074 0.156 
704    (0)   :  0.013 0.714 0.053 0.045 0.175 
705    (0)   :  0.046 0.295 0.060 0.089 0.509 
706    (0)   :  0.020 0.710 0.039 0.065 0.167 
707    (0)   :  0.020 0.784 0.034 0.041 0.122 
708    (0)   :  0.023 0.801 0.035 0.037 0.105 
709    (0)   :  0.011 0.745 0.038 0.041 0.164 
710    (0)   :  0.012 0.845 0.032 0.034 0.077 
711    (0)   :  0.021 0.555 0.041 0.062 0.321 
712    (0)   :  0.016 0.568 0.033 0.032 0.350 
713    (0)   :  0.015 0.741 0.054 0.042 0.148 
714    (0)   :  0.078 0.601 0.059 0.080 0.182 
715    (0)   :  0.012 0.745 0.032 0.034 0.177 
716    (0)   :  0.015 0.757 0.039 0.061 0.128 
717    (0)   :  0.012 0.829 0.032 0.034 0.093 
718    (0)   :  0.048 0.544 0.044 0.063 0.302 
719    (0)   :  0.012 0.788 0.037 0.033 0.130 
720    (0)   :  0.059 0.032 0.512 0.233 0.164 
721    (0)   :  0.044 0.455 0.086 0.212 0.202 
722    (0)   :  0.040 0.056 0.153 0.551 0.200 
723    (0)   :  0.080 0.053 0.117 0.628 0.122 
724    (0)   :  0.033 0.161 0.092 0.587 0.128 
725    (0)   :  0.082 0.176 0.255 0.156 0.330 
726    (0)   :  0.039 0.093 0.102 0.516 0.249 
727    (0)   :  0.046 0.137 0.105 0.168 0.544 
728    (0)   :  0.020 0.019 0.051 0.856 0.054 
729    (0)   :  0.020 0.020 0.067 0.831 0.063 
730    (0)   :  0.116 0.034 0.282 0.427 0.142 
731    (0)   :  0.029 0.044 0.093 0.742 0.092 
732    (0)   :  0.080 0.053 0.121 0.622 0.124 
733    (0)   :  0.032 0.028 0.077 0.798 0.065 
734    (0)   :  0.022 0.020 0.130 0.766 0.062 
735    (0)   :  0.032 0.034 0.058 0.816 0.060 
736    (0)   :  0.029 0.041 0.294 0.543 0.093 
737    (0)   :  0.084 0.041 0.169 0.500 0.206 
738    (0)   :  0.160 0.036 0.185 0.511 0.108 
739    (0)   :  0.026 0.027 0.079 0.806 0.062 
740    (0)   :  0.239 0.539 0.052 0.050 0.121 
741    (0)   :  0.156 0.443 0.088 0.088 0.225 
742    (0)   :  0.035 0.136 0.671 0.092 0.067 
743    (0)   :  0.251 0.075 0.324 0.120 0.230 
744    (0)   :  0.040 0.054 0.266 0.067 0.573 
745    (0)   :  0.074 0.026 0.656 0.086 0.157 
746    (0)   :  0.074 0.162 0.246 0.199 0.319 
747    (0)   :  0.050 0.053 0.429 0.099 0.370 
748    (0)   :  0.024 0.404 0.294 0.072 0.206 
749    (0)   :  0.099 0.082 0.243 0.086 0.490 
750    (0)   :  0.131 0.060 0.323 0.090 0.397 
751    (0)   :  0.028 0.428 0.266 0.085 0.194 
752    (0)   :  0.046 0.062 0.344 0.141 0.406 
753    (0)   :  0.161 0.123 0.165 0.197 0.354 
754    (0)   :  0.270 0.364 0.117 0.086 0.162 
755    (0)   :  0.307 0.128 0.203 0.128 0.234 
756    (0)   :  0.023 0.197 0.556 0.045 0.179 
757    (0)   :  0.040 0.109 0.509 0.090 0.253 
758    (0)   :  0.136 0.026 0.644 0.052 0.142 
759    (0)   :  0.123 0.363 0.098 0.176 0.240 
760    (0)   :  0.411 0.076 0.222 0.161 0.130 
761    (0)   :  0.111 0.195 0.075 0.377 0.241 
762    (0)   :  0.255 0.042 0.302 0.320 0.082 
763    (0)   :  0.161 0.125 0.166 0.196 0.352 
764    (0)   :  0.151 0.067 0.482 0.094 0.207 
765    (0)   :  0.323 0.044 0.178 0.259 0.196 
766    (0)   :  0.078 0.275 0.419 0.078 0.151 
767    (0)   :  0.024 0.231 0.416 0.105 0.224 
768    (0)   :  0.273 0.042 0.260 0.341 0.085 
769    (0)   :  0.069 0.220 0.144 0.435 0.132 
770    (0)   :  0.048 0.044 0.425 0.380 0.103 
771    (0)   :  0.100 0.070 0.110 0.050 0.670 
772    (0)   :  0.074 0.252 0.362 0.111 0.201 
773    (0)   :  0.283 0.067 0.407 0.068 0.175 
774    (0)   :  0.110 0.316 0.107 0.113 0.354 
775    (0)   :  0.043 0.088 0.188 0.586 0.096 
776    (0)   :  0.021 0.039 0.747 0.070 0.123 
777    (0)   :  0.037 0.070 0.258 0.139 0.497 
778    (0)   :  0.029 0.087 0.168 0.086 0.630 
779    (0)   :  0.286 0.099 0.402 0.063 0.150 
780    (0)   :  0.047 0.408 0.248 0.091 0.206 
781    (0)   :  0.070 0.070 0.065 0.047 0.747 
782    (0)   :  0.285 0.100 0.401 0.063 0.151 
783    (0)   :  0.054 0.229 0.453 0.128 0.137 
784    (0)   :  0.046 0.078 0.568 0.170 0.138 
785    (0)   :  0.197 0.153 0.380 0.095 0.175 
786    (0)   :  0.044 0.415 0.298 0.101 0.142 
787    (0)   :  0.032 0.252 0.195 0.047 0.473 
788    (0)   :  0.199 0.081 0.416 0.129 0.175 
789    (0)   :  0.045 0.095 0.603 0.149 0.108 
790    (0)   :  0.261 0.207 0.187 0.167 0.178 
791    (0)   :  0.025 0.126 0.527 0.112 0.210 
792    (0)   :  0.139 0.316 0.146 0.050 0.350 
793    (0)   :  0.025 0.156 0.067 0.155 0.597 
794    (0)   :  0.038 0.121 0.315 0.153 0.372 
795    (0)   :  0.032 0.380 0.077 0.169 0.342 
796    (0)   :  0.019 0.153 0.578 0.068 0.183 
797    (0)   :  0.021 0.395 0.067 0.093 0.423 
798    (0)   :  0.015 0.022 0.148 0.597 0.218 
799    (0)   :  0.035 0.056 0.639 0.092 0.178 
800    (0)   :  0.018 0.309 0.125 0.040 0.507 
801    (0)   :  0.015 0.045 0.157 0.564 0.219 
802    (0)   :  0.023 0.157 0.119 0.314 0.388 
803    (0)   :  0.063 0.175 0.094 0.119 0.549 
804    (0)   :  0.040 0.075 0.159 0.131 0.595 
805    (0)   :  0.014 0.734 0.071 0.053 0.129 
806    (0)   :  0.053 0.084 0.086 0.360 0.416 
807    (0)   :  0.021 0.437 0.045 0.062 0.435 
808    (0)   :  0.017 0.221 0.076 0.062 0.623 
809    (0)   :  0.011 0.040 0.087 0.245 0.617 
810    (0)   :  0.074 0.137 0.167 0.268 0.354 
