

----------------------------------------------------
STRUCTURE by Pritchard, Stephens and Donnelly (2000)
     and Falush, Stephens and Pritchard (2003)
       Code by Pritchard, Falush and Hubisz
             Version 2.3.4 (Jul 2012)
----------------------------------------------------



Command line arguments:   ./structure -K 9 -D 109016 -m brooktrout/mainparams -e brooktrout/extraparams -o brooktrout/250914_output/results_K9_rep16 
Input File:    brooktrout/brooktrout.txt

Run parameters:
   8454 individuals
   5 loci
   9 populations assumed
   50000 Burn-in period
   100000 Reps
RANDOMIZE turned off


--------------------------------------------
Overall proportion of membership of the
sample in each of the 9 clusters

Inferred Clusters
  1      2      3      4      5      6      7      8      9    
0.010  0.011  0.033  0.089  0.105  0.177  0.198  0.187  0.189  

--------------------------------------------

Allele-freq. divergence among pops (Net nucleotide distance),
computed using point estimates of P.

      1       2       3       4       5       6       7       8       9      
 1      -    0.1390  0.1808  0.1474  0.1111  0.1501  0.1125  0.1303  0.1136  
 2   0.1390     -    0.2160  0.1793  0.1625  0.1516  0.1814  0.1686  0.1744  
 3   0.1808  0.2160     -    0.2335  0.1238  0.2309  0.1481  0.1836  0.1206  
 4   0.1474  0.1793  0.2335     -    0.1527  0.1301  0.1316  0.0768  0.1135  
 5   0.1111  0.1625  0.1238  0.1527     -    0.1361  0.1046  0.1094  0.0859  
 6   0.1501  0.1516  0.2309  0.1301  0.1361     -    0.2000  0.1202  0.1717  
 7   0.1125  0.1814  0.1481  0.1316  0.1046  0.2000     -    0.1257  0.0705  
 8   0.1303  0.1686  0.1836  0.0768  0.1094  0.1202  0.1257     -    0.1351  
 9   0.1136  0.1744  0.1206  0.1135  0.0859  0.1717  0.0705  0.1351     -    

Average distances (expected heterozygosity) between individuals in same cluster:
cluster  1  : 0.8333 
cluster  2  : 0.7556 
cluster  3  : 0.6747 
cluster  4  : 0.7345 
cluster  5  : 0.7533 
cluster  6  : 0.6836 
cluster  7  : 0.7700 
cluster  8  : 0.7788 
cluster  9  : 0.7373 

--------------------------------------------
Estimated Ln Prob of Data   = -191514.3
Mean value of ln likelihood = -172196.3
Variance of ln likelihood   = 38636.1

Mean value of alpha_1       = 0.0477
Mean value of alpha_2       = 0.0502
Mean value of alpha_3       = 0.1479
Mean value of alpha_4       = 0.4154
Mean value of alpha_5       = 0.4965
Mean value of alpha_6       = 0.7910
Mean value of alpha_7       = 0.9183
Mean value of alpha_8       = 0.8899
Mean value of alpha_9       = 0.8832
Allele frequencies uncorrelated


Inferred ancestry of individuals:
     (%Miss) :  Inferred clusters
  1    (0)   :  0.007 0.009 0.019 0.043 0.353 0.149 0.121 0.141 0.158 
  2    (0)   :  0.005 0.004 0.014 0.363 0.054 0.090 0.154 0.158 0.158 
  3    (0)   :  0.006 0.005 0.034 0.060 0.097 0.147 0.120 0.211 0.320 
  4    (0)   :  0.012 0.017 0.029 0.060 0.062 0.377 0.134 0.180 0.129 
  5    (0)   :  0.007 0.008 0.016 0.165 0.070 0.098 0.200 0.201 0.235 
  6    (0)   :  0.006 0.005 0.021 0.070 0.067 0.121 0.160 0.096 0.454 
  7    (0)   :  0.006 0.005 0.020 0.041 0.075 0.092 0.394 0.100 0.267 
  8    (0)   :  0.018 0.138 0.028 0.062 0.089 0.177 0.143 0.132 0.213 
  9    (0)   :  0.008 0.005 0.019 0.193 0.113 0.126 0.154 0.152 0.229 
 10    (0)   :  0.008 0.105 0.017 0.062 0.120 0.125 0.174 0.102 0.288 
 11    (0)   :  0.005 0.005 0.020 0.045 0.217 0.086 0.315 0.096 0.212 
 12    (0)   :  0.006 0.004 0.015 0.156 0.066 0.152 0.208 0.175 0.218 
 13    (0)   :  0.007 0.005 0.016 0.101 0.080 0.140 0.230 0.161 0.260 
 14    (0)   :  0.005 0.015 0.027 0.121 0.077 0.117 0.108 0.307 0.224 
 15    (0)   :  0.006 0.006 0.040 0.084 0.068 0.237 0.174 0.206 0.180 
 16    (0)   :  0.005 0.005 0.021 0.044 0.173 0.105 0.164 0.143 0.340 
 17    (0)   :  0.009 0.005 0.021 0.077 0.081 0.138 0.140 0.186 0.343 
 18    (0)   :  0.010 0.006 0.040 0.228 0.089 0.150 0.104 0.141 0.233 
 19    (0)   :  0.005 0.004 0.019 0.099 0.094 0.126 0.172 0.103 0.377 
 20    (0)   :  0.006 0.005 0.034 0.092 0.074 0.146 0.264 0.183 0.196 
 21    (0)   :  0.005 0.009 0.020 0.098 0.145 0.186 0.119 0.246 0.172 
 22    (0)   :  0.007 0.005 0.019 0.061 0.094 0.149 0.122 0.139 0.404 
 23    (0)   :  0.011 0.014 0.032 0.110 0.085 0.182 0.118 0.300 0.148 
 24    (0)   :  0.005 0.005 0.019 0.057 0.232 0.191 0.136 0.155 0.199 
 25    (0)   :  0.006 0.005 0.031 0.090 0.054 0.075 0.252 0.124 0.361 
 26    (0)   :  0.009 0.004 0.023 0.094 0.114 0.200 0.156 0.156 0.243 
 27    (0)   :  0.006 0.005 0.018 0.055 0.107 0.136 0.145 0.212 0.316 
 28    (0)   :  0.006 0.043 0.020 0.081 0.150 0.234 0.170 0.126 0.170 
 29    (0)   :  0.004 0.004 0.015 0.089 0.096 0.111 0.272 0.221 0.190 
 30    (0)   :  0.005 0.004 0.020 0.074 0.134 0.115 0.127 0.166 0.354 
 31    (0)   :  0.013 0.114 0.014 0.080 0.110 0.101 0.213 0.190 0.166 
 32    (0)   :  0.005 0.010 0.031 0.128 0.067 0.191 0.119 0.152 0.298 
 33    (0)   :  0.005 0.004 0.022 0.061 0.119 0.155 0.188 0.200 0.245 
 34    (0)   :  0.009 0.113 0.026 0.047 0.078 0.094 0.282 0.091 0.262 
 35    (0)   :  0.016 0.004 0.016 0.077 0.117 0.084 0.127 0.318 0.241 
 36    (0)   :  0.005 0.007 0.075 0.057 0.213 0.081 0.105 0.335 0.123 
 37    (0)   :  0.007 0.005 0.016 0.118 0.087 0.174 0.127 0.262 0.204 
 38    (0)   :  0.006 0.004 0.214 0.057 0.136 0.074 0.226 0.152 0.131 
 39    (0)   :  0.009 0.005 0.031 0.064 0.127 0.107 0.231 0.229 0.197 
 40    (0)   :  0.004 0.005 0.022 0.066 0.099 0.100 0.092 0.434 0.178 
 41    (0)   :  0.008 0.007 0.026 0.042 0.129 0.069 0.177 0.368 0.172 
 42    (0)   :  0.005 0.005 0.044 0.035 0.231 0.197 0.104 0.281 0.100 
 43    (0)   :  0.007 0.009 0.015 0.070 0.068 0.103 0.125 0.449 0.154 
 44    (0)   :  0.007 0.004 0.015 0.060 0.061 0.067 0.113 0.461 0.212 
 45    (0)   :  0.006 0.004 0.044 0.118 0.246 0.069 0.158 0.249 0.106 
 46    (0)   :  0.010 0.004 0.021 0.059 0.065 0.099 0.162 0.266 0.313 
 47    (0)   :  0.021 0.011 0.015 0.130 0.132 0.124 0.137 0.169 0.260 
 48    (0)   :  0.009 0.004 0.021 0.065 0.056 0.070 0.090 0.489 0.196 
 49    (0)   :  0.011 0.005 0.019 0.056 0.176 0.106 0.143 0.299 0.187 
 50    (0)   :  0.010 0.039 0.022 0.061 0.062 0.104 0.206 0.165 0.331 
 51    (0)   :  0.004 0.006 0.059 0.046 0.142 0.067 0.094 0.492 0.089 
 52    (0)   :  0.011 0.004 0.019 0.041 0.156 0.114 0.226 0.234 0.196 
 53    (0)   :  0.007 0.013 0.099 0.050 0.108 0.110 0.171 0.185 0.258 
 54    (0)   :  0.010 0.005 0.012 0.208 0.105 0.123 0.143 0.249 0.146 
 55    (0)   :  0.007 0.004 0.015 0.088 0.056 0.089 0.112 0.489 0.140 
 56    (0)   :  0.007 0.004 0.031 0.077 0.093 0.110 0.099 0.377 0.201 
 57    (0)   :  0.018 0.013 0.019 0.064 0.111 0.246 0.158 0.114 0.257 
 58    (0)   :  0.006 0.005 0.024 0.075 0.158 0.095 0.154 0.361 0.122 
 59    (0)   :  0.007 0.004 0.065 0.063 0.211 0.101 0.155 0.271 0.123 
 60    (0)   :  0.005 0.011 0.029 0.058 0.100 0.130 0.108 0.442 0.117 
 61    (0)   :  0.004 0.005 0.012 0.201 0.066 0.130 0.114 0.382 0.085 
 62    (0)   :  0.027 0.004 0.018 0.117 0.129 0.133 0.190 0.189 0.192 
 63    (0)   :  0.004 0.004 0.020 0.088 0.101 0.136 0.209 0.291 0.146 
 64    (0)   :  0.008 0.004 0.038 0.107 0.146 0.085 0.158 0.150 0.304 
 65    (0)   :  0.006 0.004 0.017 0.118 0.066 0.075 0.359 0.143 0.212 
 66    (0)   :  0.005 0.011 0.016 0.170 0.067 0.176 0.189 0.236 0.131 
 67    (0)   :  0.006 0.005 0.012 0.168 0.064 0.080 0.135 0.393 0.138 
 68    (0)   :  0.008 0.005 0.066 0.054 0.216 0.113 0.139 0.286 0.114 
 69    (0)   :  0.008 0.225 0.121 0.059 0.158 0.076 0.129 0.104 0.121 
 70    (0)   :  0.004 0.011 0.039 0.048 0.118 0.097 0.203 0.355 0.123 
 71    (0)   :  0.007 0.007 0.062 0.074 0.174 0.065 0.161 0.328 0.121 
 72    (0)   :  0.006 0.007 0.027 0.057 0.190 0.076 0.129 0.240 0.269 
 73    (0)   :  0.007 0.008 0.020 0.152 0.098 0.074 0.190 0.343 0.109 
 74    (0)   :  0.004 0.004 0.068 0.057 0.232 0.115 0.100 0.297 0.122 
 75    (0)   :  0.005 0.009 0.042 0.067 0.228 0.116 0.083 0.347 0.102 
 76    (0)   :  0.005 0.005 0.016 0.081 0.065 0.090 0.219 0.351 0.168 
 77    (0)   :  0.005 0.004 0.063 0.066 0.164 0.071 0.240 0.270 0.117 
 78    (0)   :  0.006 0.005 0.177 0.057 0.132 0.075 0.206 0.224 0.117 
 79    (0)   :  0.005 0.005 0.019 0.102 0.072 0.104 0.317 0.109 0.268 
 80    (0)   :  0.005 0.005 0.016 0.114 0.079 0.392 0.165 0.113 0.111 
 81    (0)   :  0.005 0.006 0.017 0.132 0.081 0.320 0.217 0.091 0.131 
 82    (0)   :  0.005 0.005 0.016 0.070 0.073 0.145 0.186 0.351 0.150 
 83    (0)   :  0.005 0.006 0.035 0.113 0.064 0.230 0.214 0.154 0.179 
 84    (0)   :  0.005 0.005 0.019 0.089 0.069 0.230 0.271 0.118 0.195 
 85    (0)   :  0.005 0.006 0.035 0.092 0.077 0.255 0.149 0.142 0.239 
 86    (0)   :  0.008 0.004 0.020 0.151 0.086 0.097 0.182 0.259 0.193 
 87    (0)   :  0.005 0.013 0.036 0.091 0.072 0.110 0.363 0.154 0.157 
 88    (0)   :  0.005 0.005 0.016 0.089 0.095 0.239 0.232 0.176 0.143 
 89    (0)   :  0.005 0.015 0.016 0.189 0.090 0.248 0.178 0.127 0.131 
 90    (0)   :  0.005 0.005 0.017 0.110 0.065 0.128 0.397 0.124 0.151 
 91    (0)   :  0.004 0.006 0.037 0.075 0.080 0.358 0.137 0.145 0.158 
 92    (0)   :  0.005 0.005 0.016 0.100 0.085 0.150 0.263 0.168 0.209 
 93    (0)   :  0.005 0.025 0.013 0.060 0.085 0.466 0.104 0.127 0.115 
 94    (0)   :  0.005 0.006 0.059 0.046 0.074 0.099 0.429 0.122 0.160 
 95    (0)   :  0.005 0.005 0.016 0.098 0.073 0.206 0.360 0.129 0.109 
 96    (0)   :  0.004 0.005 0.012 0.097 0.066 0.183 0.119 0.420 0.092 
 97    (0)   :  0.006 0.005 0.046 0.083 0.243 0.137 0.090 0.275 0.115 
 98    (0)   :  0.004 0.004 0.015 0.099 0.101 0.097 0.148 0.342 0.189 
 99    (0)   :  0.005 0.006 0.017 0.132 0.067 0.210 0.296 0.101 0.166 
100    (0)   :  0.005 0.005 0.012 0.187 0.072 0.368 0.092 0.167 0.092 
101    (0)   :  0.006 0.050 0.035 0.121 0.078 0.117 0.250 0.199 0.146 
102    (0)   :  0.007 0.007 0.030 0.061 0.087 0.281 0.198 0.211 0.118 
103    (0)   :  0.005 0.024 0.014 0.357 0.056 0.119 0.195 0.114 0.116 
104    (0)   :  0.005 0.011 0.014 0.063 0.049 0.131 0.479 0.116 0.130 
105    (0)   :  0.008 0.030 0.013 0.123 0.072 0.157 0.340 0.147 0.111 
106    (0)   :  0.005 0.004 0.023 0.053 0.069 0.061 0.488 0.112 0.184 
107    (0)   :  0.006 0.014 0.014 0.201 0.056 0.137 0.308 0.142 0.122 
108    (0)   :  0.004 0.006 0.175 0.199 0.042 0.091 0.118 0.243 0.120 
109    (0)   :  0.016 0.009 0.036 0.064 0.150 0.063 0.381 0.135 0.145 
110    (0)   :  0.005 0.007 0.025 0.052 0.090 0.065 0.493 0.093 0.171 
111    (0)   :  0.008 0.008 0.015 0.090 0.057 0.099 0.493 0.119 0.112 
112    (0)   :  0.010 0.005 0.022 0.045 0.127 0.072 0.470 0.142 0.108 
113    (0)   :  0.005 0.009 0.030 0.223 0.095 0.105 0.162 0.200 0.170 
114    (0)   :  0.006 0.012 0.012 0.074 0.059 0.159 0.452 0.111 0.115 
115    (0)   :  0.006 0.005 0.018 0.058 0.067 0.098 0.346 0.259 0.143 
116    (0)   :  0.007 0.004 0.039 0.055 0.111 0.062 0.347 0.227 0.147 
117    (0)   :  0.007 0.010 0.023 0.049 0.160 0.075 0.418 0.108 0.151 
118    (0)   :  0.007 0.005 0.022 0.206 0.062 0.096 0.296 0.191 0.116 
119    (0)   :  0.004 0.006 0.025 0.083 0.062 0.193 0.168 0.349 0.108 
120    (0)   :  0.007 0.007 0.017 0.079 0.067 0.109 0.356 0.221 0.137 
121    (0)   :  0.013 0.014 0.022 0.065 0.090 0.071 0.339 0.257 0.130 
122    (0)   :  0.005 0.009 0.020 0.075 0.100 0.082 0.423 0.110 0.176 
123    (0)   :  0.005 0.009 0.026 0.096 0.068 0.106 0.417 0.136 0.136 
124    (0)   :  0.010 0.006 0.024 0.107 0.145 0.078 0.274 0.174 0.183 
125    (0)   :  0.006 0.006 0.041 0.049 0.305 0.076 0.203 0.122 0.193 
126    (0)   :  0.004 0.004 0.024 0.063 0.096 0.106 0.340 0.223 0.139 
127    (0)   :  0.005 0.005 0.013 0.096 0.043 0.100 0.495 0.142 0.100 
128    (0)   :  0.006 0.004 0.013 0.216 0.074 0.093 0.263 0.201 0.129 
129    (0)   :  0.007 0.020 0.013 0.237 0.055 0.068 0.338 0.140 0.121 
130    (0)   :  0.007 0.013 0.013 0.115 0.061 0.147 0.415 0.104 0.124 
131    (0)   :  0.009 0.017 0.104 0.075 0.153 0.063 0.272 0.148 0.159 
132    (0)   :  0.006 0.009 0.019 0.154 0.076 0.065 0.396 0.113 0.163 
133    (0)   :  0.009 0.014 0.020 0.172 0.053 0.104 0.325 0.168 0.135 
134    (0)   :  0.005 0.004 0.017 0.057 0.083 0.055 0.583 0.077 0.120 
135    (0)   :  0.007 0.005 0.018 0.056 0.092 0.301 0.089 0.345 0.089 
136    (0)   :  0.007 0.010 0.015 0.058 0.074 0.470 0.079 0.131 0.156 
137    (0)   :  0.005 0.010 0.014 0.048 0.101 0.492 0.127 0.105 0.098 
138    (0)   :  0.005 0.005 0.018 0.046 0.080 0.545 0.084 0.119 0.099 
139    (0)   :  0.005 0.010 0.016 0.212 0.097 0.211 0.092 0.235 0.123 
140    (0)   :  0.005 0.014 0.018 0.064 0.126 0.293 0.140 0.212 0.129 
141    (0)   :  0.007 0.040 0.019 0.068 0.099 0.346 0.087 0.137 0.196 
142    (0)   :  0.006 0.014 0.017 0.068 0.079 0.281 0.087 0.360 0.088 
143    (0)   :  0.004 0.005 0.013 0.050 0.069 0.589 0.075 0.112 0.084 
144    (0)   :  0.005 0.005 0.014 0.048 0.085 0.518 0.126 0.112 0.088 
145    (0)   :  0.008 0.011 0.019 0.070 0.117 0.276 0.087 0.208 0.205 
146    (0)   :  0.007 0.010 0.019 0.048 0.147 0.322 0.146 0.141 0.159 
147    (0)   :  0.005 0.008 0.013 0.045 0.074 0.588 0.076 0.098 0.094 
148    (0)   :  0.006 0.044 0.014 0.063 0.063 0.322 0.114 0.206 0.169 
149    (0)   :  0.006 0.190 0.017 0.068 0.127 0.177 0.081 0.234 0.101 
150    (0)   :  0.006 0.012 0.013 0.072 0.087 0.372 0.170 0.146 0.122 
151    (0)   :  0.005 0.005 0.013 0.062 0.072 0.493 0.102 0.145 0.102 
152    (0)   :  0.006 0.016 0.026 0.057 0.055 0.324 0.095 0.243 0.178 
153    (0)   :  0.005 0.012 0.017 0.043 0.127 0.408 0.100 0.177 0.112 
154    (0)   :  0.007 0.266 0.015 0.066 0.070 0.144 0.079 0.207 0.146 
155    (0)   :  0.005 0.006 0.012 0.055 0.051 0.559 0.103 0.112 0.098 
156    (0)   :  0.004 0.005 0.012 0.050 0.066 0.429 0.101 0.250 0.082 
157    (0)   :  0.004 0.010 0.015 0.052 0.066 0.469 0.172 0.098 0.114 
158    (0)   :  0.008 0.010 0.020 0.055 0.136 0.310 0.086 0.178 0.195 
159    (0)   :  0.007 0.103 0.014 0.058 0.078 0.461 0.077 0.108 0.094 
160    (0)   :  0.008 0.103 0.014 0.071 0.070 0.440 0.079 0.118 0.096 
161    (0)   :  0.005 0.010 0.018 0.057 0.185 0.313 0.107 0.176 0.131 
162    (0)   :  0.010 0.011 0.017 0.062 0.115 0.305 0.148 0.163 0.169 
163    (0)   :  0.005 0.005 0.012 0.046 0.063 0.531 0.094 0.157 0.087 
164    (0)   :  0.009 0.174 0.015 0.086 0.079 0.205 0.137 0.161 0.134 
165    (0)   :  0.006 0.005 0.014 0.057 0.083 0.428 0.167 0.138 0.103 
166    (0)   :  0.005 0.163 0.032 0.084 0.062 0.229 0.146 0.164 0.116 
167    (0)   :  0.009 0.349 0.016 0.038 0.058 0.168 0.101 0.095 0.166 
168    (0)   :  0.005 0.006 0.044 0.050 0.086 0.431 0.092 0.162 0.123 
169    (0)   :  0.009 0.009 0.043 0.046 0.258 0.224 0.082 0.145 0.184 
170    (0)   :  0.004 0.005 0.013 0.087 0.099 0.309 0.100 0.281 0.102 
171    (0)   :  0.005 0.009 0.029 0.078 0.062 0.348 0.101 0.201 0.166 
172    (0)   :  0.006 0.028 0.035 0.052 0.272 0.212 0.077 0.220 0.098 
173    (0)   :  0.006 0.009 0.012 0.085 0.059 0.527 0.078 0.126 0.097 
174    (0)   :  0.005 0.009 0.013 0.060 0.072 0.520 0.105 0.103 0.114 
175    (0)   :  0.005 0.005 0.013 0.055 0.071 0.475 0.078 0.150 0.148 
176    (0)   :  0.005 0.005 0.014 0.048 0.082 0.521 0.125 0.112 0.088 
177    (0)   :  0.006 0.011 0.022 0.050 0.105 0.362 0.182 0.123 0.139 
178    (0)   :  0.006 0.011 0.014 0.067 0.062 0.434 0.104 0.103 0.198 
179    (0)   :  0.005 0.021 0.012 0.066 0.058 0.568 0.078 0.094 0.098 
180    (0)   :  0.008 0.031 0.019 0.045 0.153 0.338 0.111 0.155 0.140 
181    (0)   :  0.007 0.010 0.017 0.082 0.123 0.318 0.085 0.240 0.118 
182    (0)   :  0.008 0.006 0.013 0.080 0.068 0.411 0.079 0.247 0.088 
183    (0)   :  0.005 0.009 0.012 0.068 0.069 0.536 0.079 0.123 0.100 
184    (0)   :  0.006 0.004 0.020 0.421 0.049 0.086 0.105 0.140 0.169 
185    (0)   :  0.004 0.005 0.012 0.057 0.064 0.488 0.069 0.230 0.073 
186    (0)   :  0.005 0.004 0.013 0.359 0.058 0.084 0.163 0.136 0.177 
187    (0)   :  0.004 0.006 0.015 0.353 0.053 0.231 0.103 0.119 0.117 
188    (0)   :  0.005 0.004 0.012 0.475 0.046 0.068 0.128 0.116 0.145 
189    (0)   :  0.005 0.005 0.043 0.124 0.081 0.220 0.106 0.188 0.228 
190    (0)   :  0.004 0.004 0.011 0.111 0.049 0.198 0.073 0.480 0.069 
191    (0)   :  0.005 0.004 0.012 0.497 0.047 0.100 0.103 0.112 0.120 
192    (0)   :  0.004 0.004 0.014 0.313 0.064 0.208 0.138 0.118 0.137 
193    (0)   :  0.005 0.004 0.015 0.176 0.071 0.195 0.129 0.230 0.175 
194    (0)   :  0.005 0.006 0.015 0.191 0.090 0.182 0.134 0.247 0.131 
195    (0)   :  0.004 0.005 0.011 0.335 0.061 0.232 0.073 0.198 0.080 
196    (0)   :  0.004 0.004 0.015 0.188 0.050 0.185 0.105 0.355 0.093 
197    (0)   :  0.006 0.006 0.016 0.168 0.078 0.194 0.163 0.156 0.214 
198    (0)   :  0.004 0.005 0.017 0.128 0.085 0.159 0.170 0.206 0.224 
199    (0)   :  0.005 0.004 0.018 0.099 0.068 0.125 0.100 0.488 0.093 
200    (0)   :  0.005 0.004 0.024 0.172 0.045 0.171 0.102 0.337 0.139 
201    (0)   :  0.004 0.005 0.012 0.222 0.052 0.371 0.086 0.152 0.096 
202    (0)   :  0.004 0.005 0.011 0.081 0.079 0.318 0.096 0.322 0.084 
203    (0)   :  0.005 0.005 0.012 0.292 0.046 0.342 0.080 0.135 0.083 
204    (0)   :  0.004 0.004 0.011 0.458 0.054 0.122 0.075 0.194 0.077 
205    (0)   :  0.004 0.005 0.018 0.370 0.058 0.114 0.105 0.221 0.105 
206    (0)   :  0.005 0.005 0.011 0.464 0.052 0.144 0.078 0.152 0.089 
207    (0)   :  0.004 0.004 0.011 0.335 0.055 0.105 0.112 0.287 0.087 
208    (0)   :  0.004 0.005 0.012 0.292 0.048 0.251 0.097 0.199 0.093 
209    (0)   :  0.004 0.004 0.012 0.335 0.059 0.143 0.117 0.191 0.133 
210    (0)   :  0.004 0.004 0.011 0.457 0.050 0.144 0.095 0.140 0.094 
211    (0)   :  0.007 0.004 0.012 0.076 0.057 0.176 0.139 0.440 0.090 
212    (0)   :  0.004 0.005 0.012 0.099 0.078 0.352 0.085 0.240 0.125 
213    (0)   :  0.004 0.005 0.016 0.136 0.109 0.123 0.173 0.327 0.106 
214    (0)   :  0.005 0.004 0.012 0.161 0.060 0.364 0.085 0.215 0.095 
215    (0)   :  0.005 0.004 0.018 0.410 0.045 0.096 0.121 0.200 0.100 
216    (0)   :  0.007 0.004 0.019 0.255 0.063 0.111 0.119 0.195 0.227 
217    (0)   :  0.004 0.005 0.016 0.216 0.058 0.311 0.083 0.205 0.101 
218    (0)   :  0.005 0.004 0.016 0.445 0.054 0.125 0.113 0.136 0.103 
219    (0)   :  0.007 0.005 0.027 0.186 0.066 0.237 0.104 0.155 0.214 
220    (0)   :  0.004 0.004 0.011 0.546 0.045 0.096 0.090 0.119 0.085 
221    (0)   :  0.005 0.005 0.011 0.077 0.084 0.314 0.072 0.354 0.078 
222    (0)   :  0.006 0.005 0.018 0.228 0.073 0.149 0.118 0.151 0.252 
223    (0)   :  0.004 0.006 0.019 0.193 0.064 0.305 0.112 0.149 0.149 
224    (0)   :  0.005 0.005 0.011 0.353 0.058 0.251 0.080 0.144 0.092 
225    (0)   :  0.005 0.005 0.014 0.370 0.062 0.134 0.092 0.218 0.100 
226    (0)   :  0.006 0.005 0.091 0.271 0.061 0.151 0.107 0.158 0.149 
227    (0)   :  0.004 0.006 0.012 0.180 0.064 0.207 0.109 0.334 0.084 
228    (0)   :  0.005 0.005 0.012 0.263 0.064 0.231 0.070 0.276 0.074 
229    (0)   :  0.004 0.004 0.011 0.404 0.056 0.248 0.084 0.097 0.090 
230    (0)   :  0.005 0.004 0.011 0.451 0.052 0.194 0.082 0.117 0.084 
231    (0)   :  0.004 0.005 0.012 0.371 0.055 0.222 0.090 0.109 0.132 
232    (0)   :  0.005 0.005 0.019 0.147 0.164 0.180 0.131 0.238 0.113 
233    (0)   :  0.005 0.004 0.012 0.159 0.052 0.433 0.086 0.151 0.098 
234    (0)   :  0.004 0.005 0.015 0.233 0.061 0.199 0.138 0.138 0.208 
235    (0)   :  0.004 0.005 0.021 0.203 0.071 0.241 0.111 0.214 0.130 
236    (0)   :  0.005 0.004 0.015 0.232 0.061 0.301 0.101 0.156 0.125 
237    (0)   :  0.005 0.004 0.012 0.305 0.058 0.115 0.104 0.290 0.107 
238    (0)   :  0.004 0.005 0.012 0.144 0.067 0.347 0.111 0.196 0.114 
239    (0)   :  0.004 0.005 0.011 0.332 0.063 0.232 0.073 0.199 0.080 
240    (0)   :  0.004 0.004 0.012 0.144 0.067 0.346 0.111 0.198 0.114 
241    (0)   :  0.005 0.005 0.015 0.130 0.078 0.315 0.087 0.263 0.102 
242    (0)   :  0.005 0.005 0.022 0.375 0.060 0.147 0.091 0.149 0.145 
243    (0)   :  0.005 0.004 0.011 0.199 0.047 0.190 0.084 0.380 0.080 
244    (0)   :  0.005 0.004 0.011 0.365 0.053 0.261 0.079 0.136 0.086 
245    (0)   :  0.004 0.005 0.011 0.085 0.069 0.428 0.095 0.209 0.094 
246    (0)   :  0.004 0.004 0.017 0.217 0.058 0.310 0.083 0.206 0.100 
247    (0)   :  0.004 0.004 0.020 0.262 0.074 0.080 0.237 0.170 0.149 
248    (0)   :  0.004 0.004 0.014 0.318 0.052 0.093 0.148 0.250 0.116 
249    (0)   :  0.005 0.004 0.012 0.284 0.062 0.267 0.091 0.182 0.093 
250    (0)   :  0.005 0.004 0.014 0.357 0.060 0.214 0.103 0.127 0.116 
251    (0)   :  0.005 0.005 0.040 0.191 0.051 0.137 0.134 0.231 0.206 
252    (0)   :  0.004 0.005 0.014 0.336 0.073 0.183 0.095 0.180 0.110 
253    (0)   :  0.004 0.004 0.026 0.134 0.077 0.107 0.165 0.337 0.146 
254    (0)   :  0.005 0.005 0.015 0.299 0.060 0.161 0.105 0.154 0.195 
255    (0)   :  0.004 0.005 0.012 0.291 0.066 0.194 0.125 0.151 0.152 
256    (0)   :  0.005 0.004 0.014 0.211 0.068 0.225 0.093 0.272 0.108 
257    (0)   :  0.009 0.007 0.016 0.290 0.062 0.151 0.118 0.230 0.117 
258    (0)   :  0.004 0.005 0.015 0.138 0.060 0.150 0.161 0.313 0.154 
259    (0)   :  0.005 0.005 0.014 0.381 0.061 0.149 0.102 0.168 0.114 
260    (0)   :  0.005 0.005 0.016 0.168 0.065 0.285 0.110 0.126 0.220 
261    (0)   :  0.004 0.005 0.015 0.202 0.074 0.267 0.090 0.232 0.112 
262    (0)   :  0.005 0.004 0.015 0.150 0.060 0.239 0.073 0.375 0.079 
263    (0)   :  0.006 0.004 0.012 0.464 0.047 0.106 0.086 0.153 0.122 
264    (0)   :  0.007 0.004 0.022 0.167 0.066 0.073 0.131 0.176 0.353 
265    (0)   :  0.004 0.005 0.021 0.329 0.056 0.191 0.112 0.149 0.133 
266    (0)   :  0.004 0.004 0.011 0.093 0.069 0.369 0.073 0.298 0.078 
267    (0)   :  0.004 0.004 0.012 0.169 0.067 0.221 0.132 0.242 0.147 
268    (0)   :  0.004 0.004 0.015 0.190 0.049 0.183 0.105 0.356 0.092 
269    (0)   :  0.004 0.005 0.032 0.230 0.055 0.215 0.110 0.130 0.220 
270    (0)   :  0.007 0.008 0.014 0.300 0.069 0.111 0.123 0.174 0.194 
271    (0)   :  0.005 0.005 0.018 0.250 0.056 0.129 0.142 0.268 0.129 
272    (0)   :  0.006 0.005 0.093 0.230 0.054 0.134 0.118 0.233 0.126 
273    (0)   :  0.020 0.035 0.028 0.213 0.081 0.180 0.141 0.142 0.159 
274    (0)   :  0.005 0.004 0.027 0.298 0.061 0.143 0.127 0.181 0.153 
275    (0)   :  0.008 0.019 0.029 0.359 0.063 0.142 0.096 0.144 0.141 
276    (0)   :  0.006 0.005 0.067 0.176 0.064 0.111 0.126 0.329 0.117 
277    (0)   :  0.004 0.005 0.018 0.259 0.073 0.231 0.112 0.143 0.156 
278    (0)   :  0.005 0.004 0.019 0.309 0.046 0.129 0.116 0.267 0.105 
279    (0)   :  0.005 0.004 0.018 0.301 0.066 0.175 0.110 0.179 0.142 
280    (0)   :  0.004 0.005 0.030 0.251 0.094 0.166 0.104 0.191 0.156 
281    (0)   :  0.005 0.004 0.016 0.286 0.069 0.145 0.155 0.186 0.133 
282    (0)   :  0.004 0.004 0.015 0.169 0.062 0.379 0.105 0.119 0.142 
283    (0)   :  0.004 0.005 0.012 0.188 0.057 0.408 0.100 0.130 0.096 
284    (0)   :  0.004 0.009 0.015 0.166 0.067 0.242 0.148 0.198 0.151 
285    (0)   :  0.005 0.004 0.019 0.306 0.069 0.068 0.143 0.267 0.119 
286    (0)   :  0.005 0.004 0.011 0.363 0.052 0.264 0.079 0.136 0.086 
287    (0)   :  0.005 0.005 0.024 0.242 0.072 0.194 0.156 0.147 0.156 
288    (0)   :  0.005 0.005 0.057 0.442 0.050 0.107 0.098 0.125 0.110 
289    (0)   :  0.007 0.007 0.040 0.347 0.050 0.101 0.145 0.176 0.126 
290    (0)   :  0.007 0.004 0.017 0.154 0.096 0.125 0.108 0.319 0.170 
291    (0)   :  0.005 0.004 0.018 0.252 0.056 0.130 0.141 0.266 0.129 
292    (0)   :  0.004 0.005 0.029 0.154 0.116 0.178 0.093 0.287 0.133 
293    (0)   :  0.005 0.004 0.017 0.083 0.086 0.103 0.125 0.330 0.248 
294    (0)   :  0.006 0.004 0.015 0.438 0.052 0.086 0.084 0.198 0.116 
295    (0)   :  0.007 0.014 0.053 0.126 0.075 0.119 0.134 0.329 0.144 
296    (0)   :  0.005 0.005 0.017 0.394 0.048 0.113 0.123 0.203 0.092 
297    (0)   :  0.004 0.005 0.028 0.350 0.094 0.115 0.109 0.145 0.151 
298    (0)   :  0.004 0.005 0.014 0.298 0.063 0.273 0.109 0.103 0.130 
299    (0)   :  0.005 0.004 0.012 0.501 0.050 0.104 0.089 0.104 0.131 
300    (0)   :  0.005 0.004 0.015 0.474 0.074 0.083 0.088 0.159 0.098 
301    (0)   :  0.007 0.009 0.023 0.299 0.060 0.110 0.104 0.170 0.218 
302    (0)   :  0.008 0.010 0.016 0.292 0.054 0.097 0.088 0.309 0.126 
303    (0)   :  0.004 0.005 0.016 0.288 0.097 0.244 0.088 0.147 0.112 
304    (0)   :  0.006 0.009 0.014 0.094 0.090 0.324 0.145 0.101 0.217 
305    (0)   :  0.005 0.010 0.015 0.364 0.063 0.165 0.074 0.216 0.089 
306    (0)   :  0.004 0.005 0.021 0.182 0.071 0.303 0.093 0.201 0.120 
307    (0)   :  0.006 0.006 0.018 0.208 0.075 0.198 0.111 0.224 0.154 
308    (0)   :  0.004 0.005 0.014 0.202 0.075 0.267 0.090 0.232 0.112 
309    (0)   :  0.011 0.015 0.017 0.470 0.047 0.095 0.115 0.139 0.091 
310    (0)   :  0.004 0.004 0.012 0.256 0.055 0.224 0.082 0.274 0.089 
311    (0)   :  0.005 0.004 0.011 0.452 0.053 0.193 0.081 0.117 0.084 
312    (0)   :  0.004 0.004 0.011 0.474 0.044 0.100 0.106 0.171 0.084 
313    (0)   :  0.005 0.005 0.014 0.269 0.051 0.081 0.102 0.380 0.093 
314    (0)   :  0.005 0.029 0.017 0.049 0.074 0.507 0.074 0.160 0.085 
315    (0)   :  0.004 0.036 0.027 0.045 0.070 0.467 0.082 0.163 0.106 
316    (0)   :  0.006 0.097 0.039 0.051 0.063 0.427 0.089 0.103 0.124 
317    (0)   :  0.005 0.028 0.017 0.046 0.063 0.574 0.077 0.101 0.090 
318    (0)   :  0.005 0.073 0.017 0.045 0.061 0.546 0.078 0.077 0.098 
319    (0)   :  0.005 0.004 0.013 0.051 0.062 0.593 0.076 0.112 0.085 
320    (0)   :  0.005 0.029 0.017 0.049 0.073 0.508 0.074 0.160 0.085 
321    (0)   :  0.005 0.075 0.017 0.045 0.073 0.512 0.077 0.096 0.099 
322    (0)   :  0.007 0.032 0.040 0.054 0.068 0.447 0.089 0.150 0.113 
323    (0)   :  0.011 0.027 0.015 0.050 0.059 0.579 0.078 0.084 0.097 
324    (0)   :  0.005 0.073 0.017 0.045 0.074 0.514 0.078 0.096 0.099 
325    (0)   :  0.005 0.127 0.038 0.045 0.057 0.426 0.086 0.097 0.119 
326    (0)   :  0.006 0.367 0.029 0.048 0.057 0.206 0.085 0.094 0.108 
327    (0)   :  0.005 0.028 0.017 0.046 0.063 0.575 0.077 0.100 0.090 
328    (0)   :  0.005 0.035 0.029 0.051 0.070 0.461 0.087 0.145 0.117 
329    (0)   :  0.004 0.009 0.013 0.043 0.067 0.616 0.076 0.080 0.093 
330    (0)   :  0.005 0.027 0.018 0.045 0.063 0.578 0.076 0.100 0.088 
331    (0)   :  0.005 0.020 0.013 0.050 0.062 0.600 0.076 0.082 0.092 
332    (0)   :  0.007 0.353 0.029 0.047 0.057 0.213 0.086 0.095 0.113 
333    (0)   :  0.006 0.267 0.026 0.058 0.059 0.275 0.085 0.115 0.108 
334    (0)   :  0.005 0.036 0.028 0.052 0.070 0.460 0.087 0.145 0.118 
335    (0)   :  0.004 0.013 0.028 0.044 0.062 0.515 0.085 0.144 0.105 
336    (0)   :  0.008 0.297 0.015 0.053 0.074 0.264 0.076 0.121 0.093 
337    (0)   :  0.005 0.120 0.038 0.046 0.069 0.388 0.086 0.128 0.120 
338    (0)   :  0.005 0.298 0.015 0.049 0.065 0.309 0.078 0.080 0.100 
339    (0)   :  0.005 0.019 0.013 0.049 0.061 0.602 0.076 0.083 0.092 
340    (0)   :  0.004 0.008 0.013 0.049 0.054 0.626 0.075 0.087 0.084 
341    (0)   :  0.010 0.140 0.015 0.058 0.064 0.451 0.078 0.092 0.092 
342    (0)   :  0.005 0.028 0.017 0.045 0.062 0.576 0.077 0.100 0.089 
343    (0)   :  0.011 0.043 0.028 0.046 0.077 0.385 0.082 0.218 0.109 
344    (0)   :  0.004 0.020 0.013 0.043 0.061 0.612 0.076 0.078 0.093 
345    (0)   :  0.005 0.027 0.017 0.045 0.063 0.577 0.076 0.099 0.090 
346    (0)   :  0.005 0.028 0.017 0.045 0.054 0.607 0.075 0.081 0.089 
347    (0)   :  0.004 0.008 0.013 0.043 0.054 0.637 0.075 0.082 0.084 
348    (0)   :  0.004 0.012 0.024 0.046 0.069 0.436 0.081 0.233 0.094 
349    (0)   :  0.005 0.027 0.017 0.045 0.062 0.578 0.077 0.098 0.091 
350    (0)   :  0.005 0.009 0.012 0.053 0.074 0.550 0.073 0.136 0.088 
351    (0)   :  0.004 0.013 0.028 0.043 0.061 0.515 0.085 0.144 0.105 
352    (0)   :  0.005 0.045 0.042 0.047 0.060 0.466 0.087 0.139 0.110 
353    (0)   :  0.007 0.297 0.015 0.052 0.073 0.265 0.076 0.121 0.094 
354    (0)   :  0.007 0.041 0.015 0.051 0.069 0.558 0.079 0.083 0.097 
355    (0)   :  0.005 0.075 0.017 0.045 0.061 0.547 0.077 0.077 0.097 
356    (0)   :  0.004 0.005 0.024 0.047 0.080 0.419 0.080 0.247 0.094 
357    (0)   :  0.004 0.006 0.040 0.053 0.055 0.373 0.108 0.110 0.251 
358    (0)   :  0.005 0.241 0.024 0.046 0.063 0.321 0.086 0.101 0.113 
359    (0)   :  0.005 0.184 0.014 0.056 0.067 0.412 0.078 0.088 0.096 
360    (0)   :  0.005 0.028 0.017 0.045 0.054 0.606 0.076 0.081 0.088 
361    (0)   :  0.004 0.006 0.039 0.056 0.066 0.315 0.109 0.154 0.250 
362    (0)   :  0.006 0.013 0.050 0.189 0.085 0.098 0.194 0.135 0.231 
363    (0)   :  0.006 0.007 0.030 0.098 0.078 0.077 0.286 0.135 0.284 
364    (0)   :  0.011 0.010 0.022 0.064 0.080 0.214 0.143 0.171 0.285 
365    (0)   :  0.015 0.009 0.039 0.070 0.150 0.087 0.166 0.126 0.339 
366    (0)   :  0.006 0.007 0.038 0.094 0.086 0.127 0.109 0.271 0.263 
367    (0)   :  0.005 0.004 0.034 0.055 0.072 0.067 0.503 0.081 0.179 
368    (0)   :  0.005 0.005 0.017 0.139 0.074 0.105 0.316 0.126 0.212 
369    (0)   :  0.007 0.015 0.021 0.068 0.086 0.128 0.112 0.325 0.239 
370    (0)   :  0.010 0.020 0.023 0.177 0.074 0.098 0.271 0.143 0.184 
371    (0)   :  0.009 0.021 0.018 0.144 0.080 0.118 0.129 0.167 0.314 
372    (0)   :  0.032 0.025 0.024 0.251 0.078 0.117 0.196 0.152 0.125 
373    (0)   :  0.005 0.005 0.017 0.086 0.097 0.146 0.333 0.130 0.182 
374    (0)   :  0.008 0.007 0.044 0.088 0.098 0.208 0.176 0.140 0.232 
375    (0)   :  0.013 0.009 0.022 0.112 0.087 0.078 0.257 0.088 0.335 
376    (0)   :  0.079 0.007 0.033 0.041 0.100 0.074 0.190 0.093 0.383 
377    (0)   :  0.007 0.018 0.039 0.093 0.083 0.105 0.196 0.190 0.270 
378    (0)   :  0.005 0.013 0.017 0.061 0.071 0.209 0.373 0.128 0.122 
379    (0)   :  0.149 0.009 0.037 0.053 0.088 0.065 0.201 0.100 0.298 
380    (0)   :  0.008 0.009 0.066 0.075 0.255 0.138 0.102 0.147 0.199 
381    (0)   :  0.008 0.006 0.024 0.048 0.180 0.118 0.090 0.196 0.330 
382    (0)   :  0.005 0.008 0.022 0.063 0.056 0.086 0.221 0.088 0.451 
383    (0)   :  0.009 0.177 0.077 0.095 0.141 0.098 0.100 0.088 0.214 
384    (0)   :  0.036 0.059 0.030 0.077 0.134 0.129 0.156 0.086 0.294 
385    (0)   :  0.022 0.124 0.015 0.068 0.130 0.122 0.212 0.101 0.207 
386    (0)   :  0.004 0.004 0.028 0.064 0.075 0.079 0.299 0.114 0.334 
387    (0)   :  0.004 0.005 0.024 0.050 0.100 0.100 0.279 0.112 0.327 
388    (0)   :  0.015 0.012 0.024 0.088 0.117 0.206 0.191 0.098 0.250 
389    (0)   :  0.014 0.020 0.018 0.113 0.065 0.085 0.175 0.348 0.160 
390    (0)   :  0.016 0.018 0.054 0.060 0.160 0.071 0.293 0.161 0.168 
391    (0)   :  0.015 0.012 0.032 0.075 0.118 0.112 0.267 0.226 0.142 
392    (0)   :  0.006 0.005 0.021 0.072 0.135 0.151 0.216 0.121 0.273 
393    (0)   :  0.006 0.006 0.047 0.048 0.419 0.104 0.103 0.103 0.163 
394    (0)   :  0.005 0.015 0.037 0.075 0.078 0.230 0.253 0.119 0.187 
395    (0)   :  0.004 0.004 0.058 0.142 0.149 0.091 0.212 0.194 0.145 
396    (0)   :  0.005 0.004 0.016 0.074 0.076 0.068 0.326 0.100 0.331 
397    (0)   :  0.049 0.005 0.016 0.206 0.071 0.154 0.103 0.158 0.239 
398    (0)   :  0.034 0.005 0.082 0.044 0.152 0.073 0.327 0.100 0.181 
399    (0)   :  0.005 0.011 0.047 0.065 0.073 0.086 0.434 0.150 0.128 
400    (0)   :  0.005 0.005 0.020 0.045 0.095 0.108 0.279 0.127 0.317 
401    (0)   :  0.004 0.004 0.019 0.049 0.103 0.115 0.398 0.185 0.122 
402    (0)   :  0.005 0.005 0.016 0.073 0.111 0.116 0.260 0.202 0.213 
403    (0)   :  0.006 0.006 0.024 0.076 0.124 0.307 0.169 0.132 0.156 
404    (0)   :  0.008 0.004 0.018 0.139 0.157 0.121 0.180 0.116 0.257 
405    (0)   :  0.004 0.005 0.042 0.105 0.098 0.113 0.163 0.183 0.287 
406    (0)   :  0.004 0.004 0.243 0.075 0.092 0.140 0.099 0.226 0.116 
407    (0)   :  0.004 0.004 0.067 0.058 0.175 0.067 0.181 0.095 0.349 
408    (0)   :  0.004 0.004 0.014 0.079 0.066 0.060 0.415 0.254 0.105 
409    (0)   :  0.009 0.008 0.047 0.051 0.273 0.161 0.107 0.224 0.119 
410    (0)   :  0.063 0.008 0.042 0.062 0.138 0.114 0.251 0.126 0.196 
411    (0)   :  0.010 0.022 0.021 0.050 0.078 0.144 0.152 0.160 0.363 
412    (0)   :  0.005 0.005 0.017 0.132 0.063 0.094 0.302 0.117 0.264 
413    (0)   :  0.005 0.012 0.016 0.101 0.067 0.182 0.308 0.109 0.201 
414    (0)   :  0.005 0.009 0.015 0.153 0.061 0.067 0.332 0.094 0.264 
415    (0)   :  0.005 0.004 0.042 0.058 0.097 0.083 0.198 0.200 0.312 
416    (0)   :  0.006 0.004 0.019 0.067 0.223 0.103 0.255 0.153 0.170 
417    (0)   :  0.005 0.006 0.153 0.076 0.106 0.078 0.231 0.097 0.248 
418    (0)   :  0.006 0.004 0.017 0.078 0.078 0.079 0.418 0.084 0.235 
419    (0)   :  0.011 0.008 0.025 0.067 0.219 0.175 0.183 0.137 0.175 
420    (0)   :  0.004 0.004 0.017 0.047 0.101 0.070 0.372 0.264 0.120 
421    (0)   :  0.006 0.006 0.055 0.103 0.138 0.079 0.323 0.112 0.179 
422    (0)   :  0.006 0.005 0.052 0.131 0.215 0.083 0.147 0.215 0.146 
423    (0)   :  0.007 0.005 0.048 0.122 0.069 0.114 0.202 0.142 0.291 
424    (0)   :  0.007 0.007 0.054 0.046 0.093 0.113 0.330 0.191 0.158 
425    (0)   :  0.024 0.008 0.023 0.079 0.138 0.140 0.167 0.125 0.296 
426    (0)   :  0.029 0.032 0.060 0.066 0.078 0.125 0.278 0.131 0.203 
427    (0)   :  0.005 0.012 0.089 0.041 0.148 0.148 0.262 0.087 0.208 
428    (0)   :  0.016 0.007 0.120 0.079 0.180 0.153 0.121 0.182 0.142 
429    (0)   :  0.005 0.004 0.030 0.060 0.073 0.065 0.325 0.082 0.355 
430    (0)   :  0.005 0.006 0.086 0.083 0.274 0.073 0.166 0.100 0.208 
431    (0)   :  0.011 0.013 0.037 0.112 0.072 0.132 0.292 0.137 0.195 
432    (0)   :  0.005 0.005 0.017 0.091 0.078 0.110 0.326 0.152 0.216 
433    (0)   :  0.009 0.007 0.016 0.083 0.082 0.257 0.167 0.209 0.171 
434    (0)   :  0.005 0.006 0.018 0.118 0.113 0.124 0.142 0.171 0.304 
435    (0)   :  0.004 0.005 0.169 0.045 0.124 0.072 0.263 0.108 0.210 
436    (0)   :  0.006 0.005 0.257 0.031 0.094 0.098 0.204 0.119 0.187 
437    (0)   :  0.006 0.005 0.039 0.054 0.060 0.079 0.143 0.105 0.510 
438    (0)   :  0.005 0.007 0.175 0.042 0.184 0.095 0.185 0.186 0.121 
439    (0)   :  0.004 0.005 0.163 0.036 0.276 0.083 0.163 0.088 0.182 
440    (0)   :  0.004 0.004 0.267 0.045 0.067 0.060 0.248 0.089 0.215 
441    (0)   :  0.005 0.006 0.055 0.048 0.246 0.117 0.154 0.121 0.247 
442    (0)   :  0.006 0.004 0.020 0.048 0.125 0.074 0.286 0.145 0.291 
443    (0)   :  0.004 0.005 0.051 0.039 0.095 0.064 0.376 0.228 0.137 
444    (0)   :  0.006 0.004 0.038 0.045 0.106 0.074 0.252 0.164 0.311 
445    (0)   :  0.032 0.005 0.030 0.046 0.388 0.103 0.102 0.148 0.146 
446    (0)   :  0.038 0.006 0.099 0.033 0.188 0.077 0.316 0.082 0.160 
447    (0)   :  0.006 0.005 0.176 0.041 0.170 0.116 0.174 0.157 0.154 
448    (0)   :  0.005 0.005 0.053 0.053 0.128 0.080 0.232 0.126 0.318 
449    (0)   :  0.005 0.005 0.053 0.059 0.148 0.110 0.178 0.140 0.303 
450    (0)   :  0.006 0.005 0.020 0.043 0.246 0.112 0.160 0.075 0.333 
451    (0)   :  0.005 0.004 0.029 0.054 0.047 0.062 0.474 0.131 0.194 
452    (0)   :  0.005 0.005 0.036 0.046 0.155 0.113 0.238 0.086 0.316 
453    (0)   :  0.004 0.005 0.024 0.055 0.189 0.080 0.172 0.358 0.113 
454    (0)   :  0.005 0.012 0.068 0.061 0.092 0.111 0.177 0.119 0.355 
455    (0)   :  0.004 0.006 0.196 0.035 0.173 0.067 0.208 0.134 0.178 
456    (0)   :  0.005 0.004 0.065 0.039 0.100 0.067 0.214 0.245 0.260 
457    (0)   :  0.005 0.005 0.060 0.045 0.110 0.083 0.147 0.111 0.435 
458    (0)   :  0.034 0.005 0.047 0.044 0.322 0.080 0.181 0.092 0.194 
459    (0)   :  0.004 0.006 0.071 0.033 0.246 0.122 0.245 0.101 0.172 
460    (0)   :  0.004 0.005 0.065 0.036 0.170 0.072 0.364 0.096 0.186 
461    (0)   :  0.006 0.005 0.022 0.035 0.139 0.076 0.430 0.073 0.213 
462    (0)   :  0.010 0.005 0.035 0.082 0.265 0.056 0.190 0.135 0.222 
463    (0)   :  0.004 0.006 0.201 0.069 0.161 0.081 0.107 0.249 0.122 
464    (0)   :  0.004 0.004 0.063 0.037 0.112 0.067 0.389 0.165 0.159 
465    (0)   :  0.006 0.005 0.030 0.049 0.220 0.078 0.303 0.134 0.175 
466    (0)   :  0.004 0.005 0.059 0.050 0.126 0.068 0.295 0.239 0.154 
467    (0)   :  0.005 0.006 0.041 0.078 0.283 0.089 0.154 0.144 0.201 
468    (0)   :  0.005 0.004 0.238 0.041 0.092 0.065 0.125 0.161 0.269 
469    (0)   :  0.004 0.005 0.334 0.033 0.192 0.073 0.124 0.078 0.157 
470    (0)   :  0.004 0.005 0.240 0.036 0.107 0.074 0.283 0.092 0.160 
471    (0)   :  0.006 0.004 0.025 0.075 0.126 0.075 0.255 0.231 0.202 
472    (0)   :  0.006 0.004 0.021 0.049 0.252 0.070 0.181 0.171 0.246 
473    (0)   :  0.005 0.006 0.055 0.074 0.101 0.107 0.168 0.163 0.321 
474    (0)   :  0.004 0.004 0.032 0.048 0.187 0.097 0.219 0.133 0.275 
475    (0)   :  0.005 0.005 0.031 0.050 0.175 0.121 0.302 0.140 0.171 
476    (0)   :  0.006 0.005 0.045 0.039 0.171 0.075 0.165 0.129 0.366 
477    (0)   :  0.006 0.006 0.037 0.034 0.136 0.099 0.332 0.171 0.179 
478    (0)   :  0.007 0.006 0.030 0.033 0.109 0.070 0.526 0.095 0.124 
479    (0)   :  0.004 0.005 0.080 0.037 0.087 0.072 0.273 0.094 0.348 
480    (0)   :  0.005 0.005 0.077 0.040 0.083 0.078 0.163 0.094 0.454 
481    (0)   :  0.005 0.004 0.022 0.104 0.138 0.075 0.225 0.156 0.270 
482    (0)   :  0.005 0.004 0.038 0.038 0.080 0.071 0.281 0.085 0.398 
483    (0)   :  0.005 0.006 0.223 0.037 0.176 0.086 0.202 0.089 0.176 
484    (0)   :  0.005 0.005 0.146 0.046 0.262 0.077 0.126 0.193 0.140 
485    (0)   :  0.005 0.006 0.419 0.037 0.080 0.071 0.172 0.085 0.128 
486    (0)   :  0.009 0.005 0.018 0.071 0.054 0.086 0.194 0.354 0.208 
487    (0)   :  0.008 0.007 0.018 0.052 0.068 0.165 0.168 0.250 0.264 
488    (0)   :  0.009 0.007 0.017 0.074 0.066 0.162 0.301 0.194 0.171 
489    (0)   :  0.007 0.006 0.015 0.082 0.074 0.136 0.111 0.283 0.286 
490    (0)   :  0.006 0.005 0.020 0.045 0.059 0.068 0.329 0.248 0.221 
491    (0)   :  0.010 0.006 0.014 0.145 0.100 0.143 0.136 0.287 0.161 
492    (0)   :  0.004 0.006 0.015 0.059 0.103 0.252 0.263 0.188 0.109 
493    (0)   :  0.012 0.007 0.016 0.110 0.050 0.130 0.197 0.236 0.241 
494    (0)   :  0.028 0.005 0.024 0.086 0.102 0.142 0.152 0.267 0.193 
495    (0)   :  0.030 0.007 0.016 0.038 0.086 0.179 0.292 0.213 0.138 
496    (0)   :  0.005 0.006 0.018 0.087 0.107 0.216 0.126 0.281 0.155 
497    (0)   :  0.024 0.010 0.015 0.137 0.085 0.166 0.136 0.202 0.225 
498    (0)   :  0.012 0.006 0.018 0.065 0.076 0.087 0.246 0.274 0.217 
499    (0)   :  0.019 0.007 0.017 0.066 0.071 0.214 0.110 0.285 0.211 
500    (0)   :  0.012 0.005 0.031 0.119 0.059 0.119 0.122 0.198 0.335 
501    (0)   :  0.008 0.005 0.020 0.085 0.120 0.208 0.166 0.145 0.244 
502    (0)   :  0.007 0.005 0.016 0.059 0.165 0.245 0.255 0.111 0.137 
503    (0)   :  0.006 0.004 0.023 0.084 0.111 0.093 0.203 0.127 0.348 
504    (0)   :  0.007 0.005 0.016 0.045 0.072 0.093 0.363 0.251 0.148 
505    (0)   :  0.007 0.004 0.020 0.103 0.070 0.130 0.153 0.383 0.130 
506    (0)   :  0.006 0.005 0.014 0.094 0.100 0.214 0.261 0.176 0.130 
507    (0)   :  0.006 0.006 0.013 0.079 0.082 0.320 0.080 0.313 0.099 
508    (0)   :  0.013 0.008 0.013 0.051 0.065 0.311 0.094 0.350 0.094 
509    (0)   :  0.007 0.004 0.018 0.111 0.076 0.189 0.133 0.332 0.130 
510    (0)   :  0.013 0.005 0.016 0.068 0.073 0.281 0.136 0.160 0.247 
511    (0)   :  0.010 0.005 0.057 0.093 0.092 0.098 0.239 0.186 0.221 
512    (0)   :  0.007 0.004 0.023 0.079 0.074 0.077 0.255 0.113 0.368 
513    (0)   :  0.015 0.006 0.012 0.114 0.074 0.108 0.267 0.321 0.082 
514    (0)   :  0.006 0.009 0.017 0.078 0.057 0.133 0.382 0.177 0.141 
515    (0)   :  0.009 0.006 0.049 0.048 0.104 0.201 0.133 0.235 0.215 
516    (0)   :  0.007 0.005 0.018 0.074 0.075 0.106 0.289 0.304 0.121 
517    (0)   :  0.006 0.006 0.041 0.061 0.075 0.166 0.200 0.295 0.151 
518    (0)   :  0.043 0.006 0.016 0.142 0.054 0.214 0.116 0.123 0.287 
519    (0)   :  0.005 0.005 0.019 0.051 0.077 0.131 0.404 0.175 0.133 
520    (0)   :  0.006 0.006 0.170 0.062 0.071 0.220 0.092 0.260 0.113 
521    (0)   :  0.005 0.118 0.014 0.154 0.059 0.186 0.184 0.154 0.126 
522    (0)   :  0.013 0.006 0.034 0.050 0.054 0.109 0.138 0.279 0.317 
523    (0)   :  0.006 0.012 0.029 0.050 0.058 0.141 0.150 0.441 0.112 
524    (0)   :  0.006 0.006 0.206 0.076 0.069 0.147 0.162 0.179 0.148 
525    (0)   :  0.054 0.007 0.043 0.083 0.088 0.205 0.104 0.219 0.197 
