

----------------------------------------------------
STRUCTURE by Pritchard, Stephens and Donnelly (2000)
     and Falush, Stephens and Pritchard (2003)
       Code by Pritchard, Falush and Hubisz
             Version 2.3.4 (Jul 2012)
----------------------------------------------------



Command line arguments:   ./structure -K 8 -D 108009 -m brooktrout/mainparams -e brooktrout/extraparams -o brooktrout/250914_output/results_K8_rep9 
Input File:    brooktrout/brooktrout.txt

Run parameters:
   8454 individuals
   5 loci
   8 populations assumed
   50000 Burn-in period
   100000 Reps
RANDOMIZE turned off


--------------------------------------------
Overall proportion of membership of the
sample in each of the 8 clusters

Inferred Clusters
  1      2      3      4      5      6      7      8    
0.013  0.016  0.041  0.135  0.170  0.146  0.234  0.243  

--------------------------------------------

Allele-freq. divergence among pops (Net nucleotide distance),
computed using point estimates of P.

      1       2       3       4       5       6       7       8      
 1      -    0.1281  0.1726  0.0981  0.0875  0.1204  0.1205  0.0974  
 2   0.1281     -    0.1962  0.1728  0.1612  0.1689  0.1150  0.1435  
 3   0.1726  0.1962     -    0.1767  0.1928  0.1645  0.1562  0.1154  
 4   0.0981  0.1728  0.1767     -    0.0858  0.0856  0.1763  0.0823  
 5   0.0875  0.1612  0.1928  0.0858     -    0.0737  0.1523  0.0801  
 6   0.1204  0.1689  0.1645  0.0856  0.0737     -    0.1591  0.1169  
 7   0.1205  0.1150  0.1562  0.1763  0.1523  0.1591     -    0.1035  
 8   0.0974  0.1435  0.1154  0.0823  0.0801  0.1169  0.1035     -    

Average distances (expected heterozygosity) between individuals in same cluster:
cluster  1  : 0.8316 
cluster  2  : 0.7523 
cluster  3  : 0.7436 
cluster  4  : 0.7859 
cluster  5  : 0.7510 
cluster  6  : 0.7329 
cluster  7  : 0.7133 
cluster  8  : 0.7920 

--------------------------------------------
Estimated Ln Prob of Data   = -187886.7
Mean value of ln likelihood = -171706.3
Variance of ln likelihood   = 32360.8

Mean value of alpha_1       = 0.0453
Mean value of alpha_2       = 0.0530
Mean value of alpha_3       = 0.1325
Mean value of alpha_4       = 0.4519
Mean value of alpha_5       = 0.5787
Mean value of alpha_6       = 0.4974
Mean value of alpha_7       = 0.7690
Mean value of alpha_8       = 0.8286
Allele frequencies uncorrelated


Inferred ancestry of individuals:
     (%Miss) :  Inferred clusters
  1    (0)   :  0.009 0.016 0.035 0.088 0.163 0.221 0.313 0.154 
  2    (0)   :  0.005 0.005 0.013 0.071 0.127 0.057 0.103 0.619 
  3    (0)   :  0.010 0.006 0.035 0.066 0.325 0.155 0.257 0.145 
  4    (0)   :  0.015 0.034 0.032 0.088 0.119 0.087 0.460 0.165 
  5    (0)   :  0.007 0.008 0.013 0.083 0.172 0.063 0.101 0.553 
  6    (0)   :  0.007 0.007 0.013 0.070 0.530 0.093 0.119 0.161 
  7    (0)   :  0.009 0.007 0.012 0.307 0.260 0.143 0.109 0.153 
  8    (0)   :  0.027 0.163 0.021 0.088 0.232 0.102 0.233 0.134 
  9    (0)   :  0.015 0.006 0.018 0.102 0.240 0.106 0.198 0.315 
 10    (0)   :  0.011 0.141 0.011 0.105 0.294 0.119 0.142 0.175 
 11    (0)   :  0.006 0.006 0.012 0.250 0.175 0.277 0.106 0.167 
 12    (0)   :  0.007 0.006 0.015 0.095 0.200 0.060 0.167 0.451 
 13    (0)   :  0.009 0.006 0.020 0.115 0.286 0.086 0.168 0.310 
 14    (0)   :  0.005 0.024 0.052 0.054 0.184 0.124 0.170 0.386 
 15    (0)   :  0.008 0.009 0.023 0.101 0.158 0.135 0.287 0.280 
 16    (0)   :  0.006 0.006 0.021 0.089 0.321 0.238 0.150 0.168 
 17    (0)   :  0.014 0.007 0.031 0.089 0.393 0.074 0.164 0.228 
 18    (0)   :  0.019 0.007 0.023 0.054 0.227 0.161 0.181 0.328 
 19    (0)   :  0.007 0.005 0.012 0.084 0.469 0.086 0.147 0.190 
 20    (0)   :  0.007 0.006 0.021 0.149 0.200 0.134 0.167 0.316 
 21    (0)   :  0.006 0.012 0.026 0.061 0.124 0.145 0.277 0.348 
 22    (0)   :  0.011 0.006 0.019 0.059 0.435 0.104 0.188 0.178 
 23    (0)   :  0.015 0.022 0.076 0.092 0.146 0.096 0.312 0.243 
 24    (0)   :  0.006 0.006 0.019 0.072 0.187 0.202 0.308 0.198 
 25    (0)   :  0.008 0.007 0.019 0.126 0.411 0.093 0.084 0.253 
 26    (0)   :  0.012 0.005 0.017 0.077 0.248 0.109 0.254 0.277 
 27    (0)   :  0.009 0.006 0.032 0.079 0.292 0.124 0.190 0.268 
 28    (0)   :  0.007 0.091 0.019 0.120 0.158 0.152 0.289 0.165 
 29    (0)   :  0.005 0.005 0.017 0.153 0.157 0.100 0.144 0.419 
 30    (0)   :  0.007 0.005 0.023 0.058 0.360 0.149 0.160 0.237 
 31    (0)   :  0.016 0.142 0.028 0.104 0.157 0.100 0.123 0.331 
 32    (0)   :  0.006 0.014 0.021 0.069 0.342 0.081 0.261 0.205 
 33    (0)   :  0.007 0.005 0.025 0.113 0.213 0.200 0.258 0.179 
 34    (0)   :  0.010 0.125 0.017 0.219 0.315 0.103 0.096 0.115 
 35    (0)   :  0.026 0.005 0.051 0.074 0.240 0.086 0.133 0.385 
 36    (0)   :  0.005 0.008 0.078 0.056 0.084 0.429 0.129 0.212 
 37    (0)   :  0.010 0.007 0.025 0.081 0.181 0.081 0.266 0.349 
 38    (0)   :  0.007 0.005 0.026 0.132 0.098 0.464 0.089 0.180 
 39    (0)   :  0.011 0.005 0.035 0.134 0.149 0.258 0.137 0.272 
 40    (0)   :  0.005 0.006 0.176 0.053 0.166 0.120 0.232 0.242 
 41    (0)   :  0.012 0.007 0.239 0.117 0.139 0.218 0.113 0.156 
 42    (0)   :  0.006 0.006 0.082 0.068 0.065 0.250 0.382 0.141 
 43    (0)   :  0.011 0.012 0.207 0.091 0.140 0.071 0.176 0.293 
 44    (0)   :  0.010 0.005 0.273 0.068 0.207 0.072 0.105 0.260 
 45    (0)   :  0.007 0.005 0.047 0.080 0.078 0.288 0.100 0.395 
 46    (0)   :  0.017 0.005 0.042 0.090 0.301 0.115 0.125 0.304 
 47    (0)   :  0.035 0.013 0.034 0.083 0.308 0.073 0.161 0.292 
 48    (0)   :  0.015 0.005 0.248 0.051 0.197 0.069 0.121 0.294 
 49    (0)   :  0.015 0.006 0.046 0.096 0.158 0.167 0.154 0.359 
 50    (0)   :  0.015 0.061 0.029 0.133 0.334 0.110 0.104 0.215 
 51    (0)   :  0.004 0.007 0.381 0.054 0.064 0.219 0.096 0.175 
 52    (0)   :  0.016 0.005 0.048 0.136 0.147 0.276 0.171 0.202 
 53    (0)   :  0.009 0.020 0.033 0.083 0.174 0.416 0.124 0.142 
 54    (0)   :  0.014 0.006 0.042 0.083 0.153 0.055 0.186 0.460 
 55    (0)   :  0.010 0.006 0.096 0.069 0.123 0.066 0.140 0.491 
 56    (0)   :  0.010 0.005 0.055 0.058 0.195 0.134 0.179 0.364 
 57    (0)   :  0.033 0.019 0.016 0.105 0.294 0.089 0.276 0.168 
 58    (0)   :  0.007 0.006 0.053 0.086 0.092 0.176 0.160 0.419 
 59    (0)   :  0.007 0.005 0.044 0.114 0.097 0.285 0.148 0.300 
 60    (0)   :  0.005 0.017 0.124 0.061 0.099 0.194 0.237 0.262 
 61    (0)   :  0.005 0.007 0.107 0.066 0.064 0.060 0.214 0.477 
 62    (0)   :  0.034 0.005 0.021 0.101 0.191 0.105 0.156 0.388 
 63    (0)   :  0.005 0.006 0.046 0.132 0.116 0.163 0.217 0.314 
 64    (0)   :  0.010 0.005 0.015 0.091 0.304 0.184 0.105 0.287 
 65    (0)   :  0.008 0.006 0.018 0.271 0.197 0.092 0.085 0.323 
 66    (0)   :  0.006 0.018 0.022 0.107 0.096 0.086 0.249 0.416 
 67    (0)   :  0.008 0.006 0.117 0.088 0.128 0.061 0.115 0.477 
 68    (0)   :  0.009 0.006 0.051 0.095 0.085 0.305 0.167 0.283 
 69    (0)   :  0.008 0.301 0.047 0.105 0.110 0.214 0.081 0.135 
 70    (0)   :  0.005 0.013 0.114 0.105 0.089 0.304 0.193 0.178 
 71    (0)   :  0.007 0.007 0.074 0.101 0.090 0.264 0.081 0.374 
 72    (0)   :  0.008 0.009 0.050 0.068 0.203 0.321 0.107 0.234 
 73    (0)   :  0.007 0.009 0.060 0.103 0.085 0.095 0.094 0.548 
 74    (0)   :  0.005 0.005 0.049 0.055 0.088 0.384 0.223 0.190 
 75    (0)   :  0.007 0.011 0.055 0.046 0.071 0.254 0.290 0.266 
 76    (0)   :  0.007 0.006 0.077 0.153 0.146 0.119 0.140 0.353 
 77    (0)   :  0.006 0.005 0.099 0.135 0.088 0.304 0.121 0.242 
 78    (0)   :  0.007 0.005 0.095 0.125 0.090 0.377 0.123 0.178 
 79    (0)   :  0.006 0.007 0.013 0.167 0.236 0.157 0.119 0.295 
 80    (0)   :  0.006 0.008 0.014 0.112 0.101 0.083 0.508 0.167 
 81    (0)   :  0.007 0.009 0.012 0.143 0.121 0.115 0.408 0.185 
 82    (0)   :  0.006 0.007 0.027 0.109 0.104 0.091 0.196 0.460 
 83    (0)   :  0.005 0.011 0.022 0.112 0.148 0.199 0.308 0.194 
 84    (0)   :  0.006 0.009 0.014 0.146 0.142 0.195 0.284 0.204 
 85    (0)   :  0.006 0.011 0.020 0.069 0.186 0.191 0.325 0.193 
 86    (0)   :  0.010 0.006 0.030 0.108 0.173 0.082 0.122 0.470 
 87    (0)   :  0.007 0.020 0.026 0.244 0.133 0.202 0.127 0.242 
 88    (0)   :  0.006 0.007 0.014 0.134 0.100 0.110 0.337 0.293 
 89    (0)   :  0.007 0.024 0.013 0.100 0.100 0.102 0.357 0.297 
 90    (0)   :  0.006 0.007 0.013 0.258 0.120 0.136 0.141 0.318 
 91    (0)   :  0.005 0.010 0.022 0.068 0.121 0.161 0.464 0.149 
 92    (0)   :  0.006 0.007 0.013 0.126 0.151 0.131 0.177 0.389 
 93    (0)   :  0.005 0.068 0.014 0.058 0.082 0.075 0.550 0.147 
 94    (0)   :  0.005 0.008 0.024 0.292 0.106 0.334 0.117 0.114 
 95    (0)   :  0.006 0.007 0.013 0.274 0.084 0.111 0.267 0.239 
 96    (0)   :  0.005 0.008 0.103 0.063 0.064 0.065 0.307 0.385 
 97    (0)   :  0.007 0.006 0.032 0.047 0.077 0.267 0.233 0.331 
 98    (0)   :  0.005 0.005 0.075 0.067 0.144 0.115 0.193 0.396 
 99    (0)   :  0.006 0.009 0.012 0.176 0.134 0.158 0.261 0.243 
100    (0)   :  0.007 0.006 0.016 0.051 0.073 0.052 0.527 0.268 
101    (0)   :  0.007 0.078 0.032 0.147 0.123 0.154 0.149 0.309 
102    (0)   :  0.007 0.011 0.056 0.149 0.097 0.136 0.372 0.172 
103    (0)   :  0.007 0.051 0.020 0.161 0.096 0.076 0.172 0.417 
104    (0)   :  0.006 0.017 0.017 0.372 0.109 0.089 0.131 0.259 
105    (0)   :  0.008 0.051 0.020 0.309 0.082 0.062 0.162 0.307 
106    (0)   :  0.006 0.005 0.017 0.304 0.166 0.227 0.071 0.205 
107    (0)   :  0.007 0.025 0.023 0.297 0.099 0.074 0.180 0.296 
108    (0)   :  0.005 0.009 0.111 0.061 0.125 0.159 0.103 0.427 
109    (0)   :  0.017 0.010 0.020 0.325 0.117 0.178 0.071 0.262 
110    (0)   :  0.006 0.007 0.015 0.412 0.141 0.213 0.076 0.130 
111    (0)   :  0.006 0.007 0.016 0.544 0.081 0.058 0.104 0.183 
112    (0)   :  0.008 0.006 0.031 0.564 0.078 0.107 0.084 0.123 
113    (0)   :  0.007 0.012 0.024 0.108 0.141 0.120 0.142 0.446 
114    (0)   :  0.006 0.022 0.015 0.387 0.090 0.077 0.157 0.245 
115    (0)   :  0.007 0.006 0.072 0.399 0.121 0.074 0.127 0.196 
116    (0)   :  0.008 0.005 0.039 0.202 0.115 0.282 0.078 0.271 
117    (0)   :  0.009 0.009 0.028 0.463 0.118 0.159 0.091 0.123 
118    (0)   :  0.006 0.005 0.017 0.174 0.090 0.064 0.100 0.544 
119    (0)   :  0.005 0.010 0.188 0.089 0.080 0.126 0.290 0.213 
120    (0)   :  0.007 0.008 0.038 0.385 0.111 0.079 0.139 0.232 
121    (0)   :  0.015 0.010 0.118 0.404 0.103 0.099 0.085 0.165 
122    (0)   :  0.006 0.012 0.016 0.305 0.144 0.181 0.089 0.248 
123    (0)   :  0.006 0.009 0.024 0.400 0.108 0.126 0.125 0.202 
124    (0)   :  0.011 0.006 0.045 0.256 0.153 0.183 0.096 0.250 
125    (0)   :  0.008 0.008 0.045 0.210 0.181 0.305 0.106 0.136 
126    (0)   :  0.004 0.006 0.038 0.194 0.093 0.286 0.148 0.231 
127    (0)   :  0.005 0.005 0.018 0.531 0.076 0.058 0.110 0.197 
128    (0)   :  0.006 0.005 0.016 0.121 0.090 0.058 0.097 0.608 
129    (0)   :  0.009 0.020 0.019 0.268 0.096 0.068 0.076 0.444 
130    (0)   :  0.007 0.023 0.015 0.385 0.097 0.080 0.166 0.228 
131    (0)   :  0.011 0.016 0.049 0.264 0.116 0.316 0.073 0.154 
132    (0)   :  0.007 0.010 0.018 0.239 0.135 0.166 0.072 0.353 
133    (0)   :  0.010 0.015 0.031 0.324 0.107 0.084 0.125 0.304 
134    (0)   :  0.005 0.004 0.014 0.552 0.104 0.126 0.062 0.133 
135    (0)   :  0.009 0.006 0.044 0.052 0.064 0.085 0.455 0.285 
136    (0)   :  0.009 0.018 0.015 0.043 0.132 0.061 0.584 0.138 
137    (0)   :  0.006 0.021 0.014 0.099 0.076 0.065 0.613 0.105 
138    (0)   :  0.006 0.008 0.018 0.042 0.073 0.076 0.668 0.110 
139    (0)   :  0.006 0.016 0.022 0.046 0.092 0.076 0.264 0.479 
140    (0)   :  0.006 0.027 0.025 0.068 0.086 0.148 0.389 0.250 
141    (0)   :  0.008 0.118 0.018 0.044 0.164 0.094 0.377 0.178 
142    (0)   :  0.007 0.023 0.055 0.050 0.063 0.077 0.399 0.325 
143    (0)   :  0.005 0.007 0.014 0.042 0.063 0.052 0.716 0.102 
144    (0)   :  0.006 0.008 0.015 0.099 0.065 0.058 0.645 0.104 
145    (0)   :  0.010 0.015 0.023 0.045 0.175 0.096 0.408 0.226 
146    (0)   :  0.011 0.018 0.018 0.083 0.124 0.128 0.432 0.186 
147    (0)   :  0.006 0.014 0.013 0.042 0.074 0.057 0.696 0.098 
148    (0)   :  0.007 0.116 0.035 0.069 0.137 0.069 0.339 0.229 
149    (0)   :  0.007 0.265 0.028 0.043 0.073 0.102 0.263 0.219 
150    (0)   :  0.007 0.020 0.017 0.131 0.091 0.076 0.472 0.186 
151    (0)   :  0.006 0.007 0.015 0.057 0.072 0.067 0.626 0.151 
152    (0)   :  0.008 0.031 0.072 0.057 0.167 0.085 0.389 0.191 
153    (0)   :  0.006 0.021 0.025 0.055 0.082 0.117 0.563 0.132 
154    (0)   :  0.009 0.361 0.026 0.042 0.115 0.063 0.194 0.190 
155    (0)   :  0.005 0.009 0.014 0.056 0.071 0.059 0.659 0.127 
156    (0)   :  0.005 0.007 0.043 0.067 0.058 0.062 0.575 0.182 
157    (0)   :  0.005 0.022 0.013 0.111 0.081 0.108 0.544 0.116 
158    (0)   :  0.010 0.016 0.020 0.046 0.164 0.107 0.462 0.175 
159    (0)   :  0.008 0.170 0.012 0.043 0.069 0.057 0.526 0.116 
160    (0)   :  0.010 0.175 0.012 0.042 0.070 0.057 0.486 0.148 
161    (0)   :  0.006 0.014 0.018 0.060 0.093 0.135 0.506 0.169 
162    (0)   :  0.015 0.018 0.018 0.076 0.128 0.116 0.365 0.263 
163    (0)   :  0.005 0.008 0.020 0.054 0.062 0.061 0.677 0.113 
164    (0)   :  0.012 0.236 0.015 0.065 0.091 0.089 0.223 0.269 
165    (0)   :  0.007 0.008 0.016 0.136 0.073 0.071 0.543 0.144 
166    (0)   :  0.006 0.268 0.032 0.084 0.081 0.124 0.234 0.170 
167    (0)   :  0.012 0.466 0.015 0.057 0.152 0.055 0.140 0.104 
168    (0)   :  0.006 0.010 0.029 0.049 0.091 0.145 0.544 0.126 
169    (0)   :  0.013 0.013 0.020 0.044 0.153 0.259 0.340 0.159 
170    (0)   :  0.005 0.007 0.035 0.057 0.072 0.069 0.536 0.220 
171    (0)   :  0.007 0.018 0.031 0.053 0.137 0.112 0.433 0.210 
172    (0)   :  0.007 0.046 0.037 0.042 0.069 0.242 0.369 0.188 
173    (0)   :  0.007 0.016 0.013 0.041 0.072 0.054 0.625 0.171 
174    (0)   :  0.007 0.020 0.012 0.057 0.083 0.072 0.610 0.139 
175    (0)   :  0.007 0.007 0.023 0.042 0.127 0.053 0.632 0.109 
176    (0)   :  0.005 0.008 0.015 0.098 0.065 0.059 0.646 0.104 
177    (0)   :  0.007 0.020 0.016 0.100 0.091 0.187 0.436 0.143 
178    (0)   :  0.007 0.027 0.013 0.055 0.174 0.069 0.506 0.148 
179    (0)   :  0.006 0.084 0.012 0.041 0.077 0.053 0.605 0.122 
180    (0)   :  0.012 0.065 0.024 0.063 0.121 0.107 0.441 0.167 
181    (0)   :  0.008 0.013 0.022 0.044 0.084 0.093 0.477 0.259 
182    (0)   :  0.009 0.008 0.019 0.043 0.063 0.054 0.583 0.222 
183    (0)   :  0.006 0.014 0.015 0.042 0.079 0.056 0.651 0.138 
184    (0)   :  0.008 0.005 0.014 0.065 0.208 0.057 0.112 0.531 
185    (0)   :  0.005 0.007 0.062 0.047 0.057 0.048 0.649 0.126 
186    (0)   :  0.008 0.005 0.015 0.094 0.184 0.064 0.104 0.525 
187    (0)   :  0.005 0.010 0.017 0.061 0.126 0.054 0.329 0.398 
188    (0)   :  0.008 0.005 0.015 0.076 0.159 0.052 0.082 0.603 
189    (0)   :  0.005 0.008 0.027 0.055 0.213 0.156 0.336 0.199 
190    (0)   :  0.005 0.006 0.099 0.043 0.051 0.047 0.331 0.418 
191    (0)   :  0.006 0.007 0.013 0.052 0.099 0.053 0.162 0.608 
192    (0)   :  0.005 0.006 0.013 0.084 0.135 0.064 0.322 0.369 
193    (0)   :  0.006 0.007 0.019 0.059 0.132 0.075 0.274 0.430 
194    (0)   :  0.006 0.008 0.028 0.075 0.107 0.075 0.321 0.380 
195    (0)   :  0.005 0.007 0.029 0.040 0.065 0.049 0.415 0.388 
196    (0)   :  0.005 0.006 0.036 0.061 0.071 0.056 0.265 0.500 
197    (0)   :  0.007 0.007 0.021 0.093 0.264 0.063 0.225 0.319 
198    (0)   :  0.005 0.008 0.023 0.076 0.164 0.139 0.231 0.354 
199    (0)   :  0.005 0.006 0.040 0.058 0.074 0.074 0.240 0.503 
200    (0)   :  0.005 0.006 0.044 0.058 0.124 0.079 0.248 0.436 
201    (0)   :  0.005 0.007 0.019 0.047 0.084 0.046 0.489 0.302 
202    (0)   :  0.005 0.006 0.033 0.062 0.063 0.050 0.537 0.245 
203    (0)   :  0.006 0.007 0.015 0.046 0.073 0.044 0.465 0.344 
204    (0)   :  0.006 0.007 0.025 0.043 0.060 0.049 0.231 0.580 
205    (0)   :  0.005 0.007 0.025 0.051 0.086 0.072 0.191 0.563 
206    (0)   :  0.006 0.007 0.019 0.044 0.081 0.045 0.221 0.577 
207    (0)   :  0.005 0.005 0.021 0.057 0.068 0.046 0.135 0.664 
208    (0)   :  0.005 0.008 0.020 0.048 0.071 0.048 0.327 0.473 
209    (0)   :  0.005 0.007 0.019 0.055 0.105 0.057 0.209 0.544 
210    (0)   :  0.005 0.007 0.017 0.054 0.075 0.050 0.238 0.554 
211    (0)   :  0.007 0.005 0.043 0.094 0.072 0.045 0.291 0.443 
212    (0)   :  0.005 0.007 0.029 0.044 0.103 0.064 0.533 0.214 
213    (0)   :  0.005 0.006 0.049 0.085 0.075 0.117 0.221 0.441 
214    (0)   :  0.005 0.005 0.018 0.049 0.080 0.047 0.524 0.272 
215    (0)   :  0.005 0.007 0.020 0.059 0.082 0.057 0.141 0.630 
216    (0)   :  0.009 0.005 0.016 0.070 0.226 0.065 0.145 0.464 
217    (0)   :  0.005 0.006 0.021 0.047 0.093 0.055 0.453 0.319 
218    (0)   :  0.005 0.007 0.015 0.058 0.089 0.064 0.204 0.558 
219    (0)   :  0.010 0.007 0.017 0.060 0.244 0.075 0.307 0.280 
220    (0)   :  0.005 0.007 0.015 0.047 0.071 0.046 0.160 0.648 
221    (0)   :  0.005 0.005 0.046 0.039 0.058 0.050 0.633 0.164 
222    (0)   :  0.008 0.006 0.017 0.068 0.296 0.066 0.200 0.339 
223    (0)   :  0.005 0.010 0.018 0.062 0.142 0.067 0.399 0.297 
224    (0)   :  0.006 0.007 0.017 0.047 0.084 0.045 0.385 0.408 
225    (0)   :  0.005 0.007 0.026 0.051 0.081 0.059 0.239 0.532 
226    (0)   :  0.007 0.009 0.019 0.060 0.147 0.153 0.228 0.377 
227    (0)   :  0.005 0.008 0.047 0.061 0.070 0.050 0.328 0.431 
228    (0)   :  0.006 0.007 0.081 0.045 0.060 0.047 0.392 0.360 
229    (0)   :  0.006 0.007 0.013 0.053 0.093 0.046 0.400 0.383 
230    (0)   :  0.006 0.006 0.013 0.050 0.077 0.045 0.331 0.472 
231    (0)   :  0.006 0.007 0.013 0.049 0.126 0.052 0.346 0.401 
232    (0)   :  0.006 0.006 0.026 0.064 0.085 0.132 0.338 0.343 
233    (0)   :  0.005 0.006 0.014 0.049 0.082 0.046 0.556 0.241 
234    (0)   :  0.005 0.007 0.014 0.072 0.174 0.072 0.266 0.390 
235    (0)   :  0.005 0.008 0.023 0.056 0.118 0.077 0.353 0.361 
236    (0)   :  0.005 0.006 0.014 0.058 0.111 0.056 0.428 0.322 
237    (0)   :  0.005 0.005 0.024 0.052 0.074 0.055 0.157 0.628 
238    (0)   :  0.005 0.006 0.018 0.065 0.092 0.055 0.491 0.269 
239    (0)   :  0.005 0.007 0.030 0.041 0.064 0.049 0.416 0.388 
240    (0)   :  0.005 0.006 0.018 0.067 0.093 0.055 0.492 0.265 
241    (0)   :  0.006 0.007 0.023 0.047 0.073 0.064 0.479 0.301 
242    (0)   :  0.006 0.009 0.024 0.052 0.155 0.091 0.270 0.392 
243    (0)   :  0.005 0.006 0.040 0.048 0.060 0.044 0.276 0.522 
244    (0)   :  0.006 0.006 0.014 0.047 0.074 0.045 0.411 0.397 
245    (0)   :  0.005 0.007 0.022 0.053 0.067 0.061 0.609 0.177 
246    (0)   :  0.005 0.006 0.022 0.047 0.095 0.055 0.454 0.317 
247    (0)   :  0.004 0.005 0.022 0.134 0.115 0.131 0.099 0.490 
248    (0)   :  0.005 0.005 0.017 0.065 0.083 0.054 0.106 0.665 
249    (0)   :  0.005 0.006 0.017 0.055 0.083 0.047 0.420 0.367 
250    (0)   :  0.006 0.006 0.013 0.063 0.115 0.055 0.342 0.399 
251    (0)   :  0.006 0.007 0.024 0.072 0.190 0.110 0.187 0.403 
252    (0)   :  0.005 0.007 0.026 0.054 0.100 0.063 0.328 0.416 
253    (0)   :  0.005 0.006 0.025 0.087 0.108 0.109 0.156 0.504 
254    (0)   :  0.008 0.006 0.019 0.064 0.231 0.053 0.220 0.400 
255    (0)   :  0.005 0.008 0.018 0.060 0.145 0.060 0.281 0.424 
256    (0)   :  0.005 0.006 0.023 0.051 0.085 0.057 0.353 0.420 
257    (0)   :  0.015 0.011 0.021 0.067 0.093 0.062 0.241 0.490 
258    (0)   :  0.004 0.006 0.040 0.072 0.101 0.083 0.197 0.496 
259    (0)   :  0.006 0.007 0.016 0.058 0.100 0.053 0.236 0.523 
260    (0)   :  0.007 0.006 0.014 0.068 0.255 0.053 0.379 0.218 
261    (0)   :  0.005 0.007 0.033 0.049 0.092 0.064 0.428 0.322 
262    (0)   :  0.005 0.006 0.042 0.040 0.063 0.059 0.440 0.345 
263    (0)   :  0.010 0.005 0.017 0.055 0.133 0.044 0.138 0.598 
264    (0)   :  0.011 0.005 0.017 0.062 0.363 0.078 0.087 0.378 
265    (0)   :  0.005 0.008 0.017 0.057 0.132 0.069 0.284 0.429 
266    (0)   :  0.005 0.006 0.030 0.040 0.058 0.050 0.619 0.192 
267    (0)   :  0.005 0.006 0.019 0.069 0.123 0.053 0.287 0.437 
268    (0)   :  0.005 0.006 0.035 0.061 0.071 0.055 0.266 0.502 
269    (0)   :  0.005 0.007 0.017 0.059 0.255 0.090 0.305 0.262 
270    (0)   :  0.009 0.010 0.016 0.067 0.187 0.061 0.130 0.519 
271    (0)   :  0.005 0.007 0.023 0.067 0.094 0.069 0.177 0.558 
272    (0)   :  0.007 0.009 0.029 0.067 0.111 0.137 0.187 0.452 
273    (0)   :  0.031 0.070 0.025 0.081 0.142 0.098 0.250 0.302 
274    (0)   :  0.006 0.007 0.015 0.060 0.128 0.087 0.209 0.488 
275    (0)   :  0.010 0.044 0.021 0.056 0.147 0.075 0.210 0.437 
276    (0)   :  0.007 0.007 0.029 0.071 0.098 0.124 0.153 0.511 
277    (0)   :  0.005 0.008 0.016 0.060 0.149 0.069 0.345 0.348 
278    (0)   :  0.005 0.007 0.024 0.056 0.080 0.058 0.176 0.596 
279    (0)   :  0.006 0.007 0.016 0.059 0.116 0.068 0.267 0.461 
280    (0)   :  0.005 0.006 0.021 0.054 0.152 0.101 0.243 0.418 
281    (0)   :  0.006 0.007 0.017 0.067 0.098 0.082 0.208 0.516 
282    (0)   :  0.005 0.006 0.014 0.061 0.136 0.057 0.493 0.228 
283    (0)   :  0.005 0.007 0.016 0.060 0.096 0.046 0.529 0.241 
284    (0)   :  0.005 0.013 0.020 0.085 0.114 0.067 0.315 0.382 
285    (0)   :  0.005 0.005 0.027 0.059 0.086 0.077 0.080 0.661 
286    (0)   :  0.006 0.006 0.014 0.046 0.074 0.045 0.410 0.399 
287    (0)   :  0.006 0.008 0.016 0.069 0.143 0.107 0.276 0.375 
288    (0)   :  0.007 0.009 0.017 0.059 0.123 0.111 0.179 0.495 
289    (0)   :  0.008 0.016 0.042 0.090 0.129 0.074 0.151 0.490 
290    (0)   :  0.011 0.005 0.039 0.058 0.158 0.087 0.222 0.421 
291    (0)   :  0.005 0.007 0.024 0.066 0.094 0.068 0.176 0.559 
292    (0)   :  0.005 0.006 0.039 0.048 0.114 0.125 0.305 0.358 
293    (0)   :  0.007 0.005 0.043 0.067 0.210 0.112 0.141 0.417 
294    (0)   :  0.011 0.005 0.023 0.054 0.130 0.054 0.127 0.595 
295    (0)   :  0.008 0.030 0.038 0.076 0.118 0.125 0.151 0.453 
296    (0)   :  0.005 0.006 0.019 0.061 0.074 0.060 0.173 0.602 
297    (0)   :  0.005 0.006 0.018 0.057 0.170 0.096 0.174 0.474 
298    (0)   :  0.005 0.007 0.013 0.068 0.146 0.057 0.407 0.297 
299    (0)   :  0.010 0.006 0.015 0.059 0.188 0.046 0.154 0.522 
300    (0)   :  0.006 0.005 0.018 0.047 0.077 0.065 0.110 0.672 
301    (0)   :  0.008 0.010 0.015 0.060 0.242 0.063 0.135 0.467 
302    (0)   :  0.011 0.011 0.037 0.054 0.122 0.055 0.125 0.585 
303    (0)   :  0.006 0.006 0.018 0.049 0.098 0.070 0.390 0.363 
304    (0)   :  0.008 0.013 0.013 0.087 0.258 0.064 0.385 0.171 
305    (0)   :  0.006 0.015 0.024 0.040 0.070 0.060 0.289 0.496 
306    (0)   :  0.005 0.007 0.020 0.052 0.114 0.068 0.446 0.287 
307    (0)   :  0.007 0.007 0.017 0.061 0.125 0.068 0.310 0.405 
308    (0)   :  0.005 0.007 0.032 0.049 0.091 0.066 0.428 0.323 
309    (0)   :  0.022 0.044 0.039 0.082 0.088 0.057 0.149 0.518 
310    (0)   :  0.005 0.006 0.025 0.046 0.070 0.047 0.349 0.452 
311    (0)   :  0.006 0.006 0.014 0.051 0.078 0.045 0.330 0.471 
312    (0)   :  0.005 0.007 0.019 0.059 0.067 0.046 0.159 0.638 
313    (0)   :  0.005 0.006 0.043 0.051 0.065 0.053 0.108 0.669 
314    (0)   :  0.005 0.110 0.031 0.043 0.065 0.061 0.576 0.109 
315    (0)   :  0.005 0.128 0.035 0.045 0.083 0.089 0.514 0.101 
316    (0)   :  0.007 0.362 0.019 0.047 0.087 0.085 0.300 0.093 
317    (0)   :  0.006 0.128 0.017 0.044 0.069 0.060 0.576 0.099 
318    (0)   :  0.006 0.351 0.011 0.042 0.074 0.059 0.369 0.088 
319    (0)   :  0.006 0.007 0.014 0.042 0.063 0.052 0.710 0.107 
320    (0)   :  0.006 0.109 0.031 0.043 0.065 0.062 0.576 0.110 
321    (0)   :  0.006 0.278 0.015 0.044 0.075 0.062 0.421 0.099 
322    (0)   :  0.008 0.107 0.042 0.051 0.090 0.093 0.496 0.112 
323    (0)   :  0.015 0.106 0.012 0.043 0.077 0.055 0.596 0.097 
324    (0)   :  0.006 0.279 0.015 0.044 0.075 0.063 0.420 0.098 
325    (0)   :  0.005 0.436 0.016 0.046 0.080 0.078 0.250 0.089 
326    (0)   :  0.006 0.542 0.015 0.045 0.076 0.073 0.154 0.089 
327    (0)   :  0.006 0.131 0.016 0.044 0.070 0.061 0.573 0.100 
328    (0)   :  0.005 0.117 0.026 0.048 0.090 0.092 0.505 0.117 
329    (0)   :  0.005 0.018 0.011 0.042 0.072 0.056 0.708 0.089 
330    (0)   :  0.006 0.128 0.017 0.044 0.070 0.060 0.573 0.101 
331    (0)   :  0.005 0.084 0.011 0.041 0.070 0.055 0.633 0.100 
332    (0)   :  0.007 0.535 0.015 0.045 0.079 0.073 0.158 0.088 
333    (0)   :  0.006 0.420 0.016 0.045 0.077 0.075 0.250 0.111 
334    (0)   :  0.005 0.115 0.026 0.048 0.091 0.093 0.505 0.116 
335    (0)   :  0.005 0.034 0.030 0.049 0.084 0.088 0.610 0.099 
336    (0)   :  0.007 0.457 0.020 0.041 0.070 0.061 0.243 0.101 
337    (0)   :  0.005 0.348 0.026 0.047 0.085 0.087 0.300 0.103 
338    (0)   :  0.005 0.500 0.011 0.042 0.074 0.057 0.222 0.088 
339    (0)   :  0.006 0.088 0.011 0.042 0.070 0.056 0.628 0.099 
340    (0)   :  0.005 0.023 0.012 0.041 0.062 0.051 0.709 0.097 
341    (0)   :  0.012 0.228 0.012 0.042 0.070 0.055 0.476 0.104 
342    (0)   :  0.006 0.128 0.017 0.045 0.069 0.060 0.575 0.100 
343    (0)   :  0.011 0.098 0.061 0.048 0.092 0.090 0.497 0.104 
344    (0)   :  0.006 0.081 0.011 0.042 0.071 0.055 0.645 0.088 
345    (0)   :  0.006 0.129 0.017 0.044 0.070 0.060 0.574 0.100 
346    (0)   :  0.006 0.165 0.013 0.043 0.069 0.058 0.552 0.093 
347    (0)   :  0.005 0.024 0.012 0.041 0.062 0.051 0.716 0.088 
348    (0)   :  0.005 0.028 0.061 0.046 0.077 0.085 0.591 0.108 
349    (0)   :  0.006 0.127 0.017 0.044 0.069 0.061 0.574 0.101 
350    (0)   :  0.006 0.016 0.017 0.040 0.067 0.055 0.688 0.112 
351    (0)   :  0.005 0.033 0.032 0.049 0.083 0.088 0.612 0.098 
352    (0)   :  0.006 0.185 0.033 0.050 0.083 0.091 0.444 0.109 
353    (0)   :  0.007 0.457 0.020 0.041 0.070 0.060 0.244 0.100 
354    (0)   :  0.008 0.118 0.013 0.043 0.075 0.058 0.590 0.094 
355    (0)   :  0.005 0.351 0.012 0.042 0.073 0.058 0.369 0.089 
356    (0)   :  0.004 0.008 0.059 0.047 0.076 0.086 0.615 0.104 
357    (0)   :  0.005 0.013 0.020 0.055 0.214 0.148 0.429 0.116 
358    (0)   :  0.005 0.400 0.016 0.046 0.082 0.076 0.283 0.091 
359    (0)   :  0.006 0.342 0.011 0.042 0.072 0.057 0.364 0.106 
360    (0)   :  0.006 0.169 0.013 0.043 0.068 0.059 0.548 0.094 
361    (0)   :  0.005 0.009 0.028 0.056 0.209 0.159 0.400 0.133 
362    (0)   :  0.006 0.016 0.018 0.093 0.161 0.285 0.114 0.307 
363    (0)   :  0.007 0.008 0.025 0.147 0.271 0.209 0.092 0.241 
364    (0)   :  0.013 0.012 0.023 0.086 0.322 0.076 0.266 0.202 
365    (0)   :  0.021 0.010 0.019 0.077 0.297 0.255 0.108 0.213 
366    (0)   :  0.006 0.008 0.085 0.059 0.274 0.125 0.182 0.260 
367    (0)   :  0.005 0.005 0.014 0.349 0.148 0.277 0.074 0.127 
368    (0)   :  0.006 0.007 0.012 0.135 0.165 0.112 0.118 0.445 
369    (0)   :  0.009 0.025 0.129 0.073 0.244 0.090 0.232 0.199 
370    (0)   :  0.015 0.030 0.020 0.229 0.163 0.089 0.125 0.329 
371    (0)   :  0.012 0.026 0.028 0.078 0.334 0.074 0.150 0.297 
372    (0)   :  0.058 0.036 0.025 0.113 0.103 0.086 0.135 0.444 
373    (0)   :  0.006 0.007 0.017 0.235 0.204 0.126 0.186 0.218 
374    (0)   :  0.008 0.012 0.024 0.120 0.208 0.151 0.281 0.195 
375    (0)   :  0.018 0.010 0.015 0.149 0.403 0.115 0.087 0.202 
376    (0)   :  0.104 0.007 0.015 0.095 0.290 0.301 0.082 0.104 
377    (0)   :  0.007 0.021 0.022 0.083 0.162 0.208 0.108 0.388 
378    (0)   :  0.006 0.030 0.018 0.345 0.086 0.115 0.232 0.168 
379    (0)   :  0.189 0.009 0.020 0.119 0.258 0.208 0.075 0.123 
380    (0)   :  0.012 0.015 0.035 0.050 0.173 0.325 0.216 0.173 
381    (0)   :  0.010 0.007 0.056 0.047 0.364 0.163 0.205 0.147 
382    (0)   :  0.005 0.011 0.013 0.139 0.476 0.120 0.095 0.141 
383    (0)   :  0.011 0.236 0.016 0.051 0.201 0.221 0.107 0.155 
384    (0)   :  0.057 0.078 0.018 0.096 0.370 0.109 0.137 0.135 
385    (0)   :  0.026 0.177 0.013 0.197 0.210 0.073 0.126 0.178 
386    (0)   :  0.005 0.006 0.016 0.142 0.260 0.292 0.095 0.185 
387    (0)   :  0.005 0.006 0.018 0.150 0.292 0.246 0.116 0.168 
388    (0)   :  0.020 0.022 0.015 0.133 0.231 0.126 0.252 0.201 
389    (0)   :  0.013 0.020 0.047 0.090 0.117 0.059 0.097 0.557 
390    (0)   :  0.018 0.019 0.061 0.171 0.123 0.376 0.089 0.144 
391    (0)   :  0.018 0.015 0.043 0.229 0.141 0.118 0.153 0.284 
392    (0)   :  0.009 0.006 0.017 0.094 0.238 0.253 0.188 0.196 
393    (0)   :  0.010 0.010 0.050 0.059 0.137 0.461 0.165 0.108 
394    (0)   :  0.006 0.036 0.019 0.116 0.135 0.259 0.257 0.172 
395    (0)   :  0.004 0.005 0.025 0.100 0.096 0.290 0.110 0.370 
396    (0)   :  0.006 0.005 0.012 0.155 0.361 0.139 0.077 0.245 
397    (0)   :  0.082 0.007 0.018 0.059 0.261 0.061 0.206 0.306 
398    (0)   :  0.037 0.006 0.014 0.117 0.102 0.530 0.078 0.116 
399    (0)   :  0.005 0.012 0.023 0.363 0.109 0.189 0.097 0.203 
400    (0)   :  0.008 0.006 0.018 0.191 0.316 0.190 0.139 0.133 
401    (0)   :  0.005 0.005 0.031 0.240 0.086 0.272 0.147 0.213 
402    (0)   :  0.007 0.008 0.068 0.145 0.229 0.126 0.142 0.274 
403    (0)   :  0.009 0.008 0.019 0.122 0.129 0.121 0.398 0.195 
404    (0)   :  0.010 0.005 0.014 0.109 0.279 0.116 0.184 0.283 
405    (0)   :  0.005 0.007 0.023 0.071 0.233 0.227 0.149 0.285 
406    (0)   :  0.004 0.005 0.087 0.055 0.105 0.339 0.224 0.181 
407    (0)   :  0.005 0.005 0.013 0.077 0.228 0.438 0.078 0.157 
408    (0)   :  0.004 0.005 0.040 0.237 0.080 0.149 0.075 0.410 
409    (0)   :  0.012 0.009 0.069 0.067 0.083 0.293 0.336 0.130 
410    (0)   :  0.085 0.011 0.028 0.157 0.167 0.245 0.141 0.166 
411    (0)   :  0.021 0.042 0.061 0.089 0.369 0.132 0.153 0.132 
412    (0)   :  0.006 0.007 0.013 0.147 0.236 0.133 0.107 0.352 
413    (0)   :  0.005 0.023 0.015 0.143 0.146 0.197 0.205 0.266 
414    (0)   :  0.005 0.010 0.013 0.221 0.281 0.093 0.072 0.304 
415    (0)   :  0.006 0.005 0.036 0.094 0.270 0.288 0.109 0.191 
416    (0)   :  0.008 0.006 0.038 0.181 0.183 0.213 0.174 0.196 
417    (0)   :  0.006 0.007 0.021 0.089 0.184 0.454 0.086 0.152 
418    (0)   :  0.008 0.006 0.011 0.283 0.255 0.150 0.088 0.199 
419    (0)   :  0.015 0.010 0.026 0.120 0.148 0.219 0.264 0.199 
420    (0)   :  0.004 0.005 0.062 0.202 0.087 0.323 0.100 0.217 
421    (0)   :  0.007 0.008 0.017 0.117 0.125 0.362 0.091 0.272 
422    (0)   :  0.007 0.005 0.022 0.053 0.085 0.319 0.102 0.406 
423    (0)   :  0.010 0.005 0.023 0.100 0.300 0.192 0.133 0.236 
424    (0)   :  0.008 0.008 0.098 0.292 0.122 0.194 0.137 0.142 
425    (0)   :  0.037 0.010 0.019 0.108 0.314 0.116 0.169 0.228 
426    (0)   :  0.035 0.049 0.024 0.254 0.188 0.158 0.137 0.156 
427    (0)   :  0.005 0.020 0.014 0.102 0.109 0.494 0.156 0.100 
428    (0)   :  0.023 0.008 0.030 0.059 0.090 0.371 0.217 0.202 
429    (0)   :  0.006 0.005 0.013 0.170 0.290 0.314 0.073 0.129 
430    (0)   :  0.005 0.006 0.017 0.074 0.133 0.518 0.084 0.162 
431    (0)   :  0.012 0.017 0.015 0.256 0.187 0.108 0.147 0.257 
432    (0)   :  0.006 0.007 0.014 0.136 0.152 0.148 0.129 0.408 
433    (0)   :  0.011 0.008 0.021 0.097 0.136 0.077 0.359 0.292 
434    (0)   :  0.006 0.007 0.023 0.070 0.283 0.128 0.175 0.306 
435    (0)   :  0.005 0.005 0.017 0.074 0.103 0.604 0.075 0.118 
436    (0)   :  0.007 0.007 0.038 0.155 0.136 0.461 0.114 0.082 
437    (0)   :  0.007 0.006 0.016 0.065 0.524 0.151 0.087 0.144 
438    (0)   :  0.005 0.008 0.068 0.104 0.070 0.492 0.121 0.132 
439    (0)   :  0.005 0.006 0.015 0.074 0.101 0.623 0.092 0.084 
440    (0)   :  0.004 0.005 0.023 0.115 0.218 0.462 0.067 0.107 
441    (0)   :  0.005 0.009 0.019 0.072 0.149 0.469 0.149 0.127 
442    (0)   :  0.007 0.005 0.023 0.168 0.257 0.233 0.091 0.214 
443    (0)   :  0.005 0.006 0.082 0.289 0.102 0.295 0.079 0.144 
444    (0)   :  0.007 0.005 0.036 0.134 0.272 0.276 0.089 0.180 
445    (0)   :  0.042 0.007 0.028 0.063 0.097 0.444 0.201 0.118 
446    (0)   :  0.043 0.007 0.014 0.172 0.088 0.513 0.082 0.080 
447    (0)   :  0.007 0.007 0.042 0.099 0.129 0.409 0.149 0.159 
448    (0)   :  0.005 0.006 0.018 0.080 0.215 0.414 0.089 0.172 
449    (0)   :  0.005 0.006 0.018 0.075 0.228 0.355 0.134 0.179 
450    (0)   :  0.009 0.008 0.012 0.115 0.402 0.208 0.145 0.102 
451    (0)   :  0.006 0.005 0.023 0.288 0.192 0.168 0.068 0.250 
452    (0)   :  0.006 0.006 0.012 0.109 0.289 0.329 0.139 0.110 
453    (0)   :  0.005 0.007 0.137 0.136 0.095 0.214 0.132 0.274 
454    (0)   :  0.005 0.018 0.020 0.084 0.270 0.329 0.132 0.142 
455    (0)   :  0.004 0.007 0.032 0.097 0.096 0.595 0.079 0.090 
456    (0)   :  0.006 0.005 0.066 0.099 0.162 0.415 0.081 0.165 
457    (0)   :  0.007 0.006 0.016 0.060 0.302 0.386 0.093 0.131 
458    (0)   :  0.045 0.006 0.014 0.090 0.115 0.533 0.094 0.103 
459    (0)   :  0.005 0.007 0.018 0.119 0.097 0.504 0.170 0.081 
460    (0)   :  0.004 0.006 0.017 0.157 0.108 0.541 0.079 0.089 
461    (0)   :  0.007 0.006 0.011 0.389 0.170 0.246 0.085 0.086 
462    (0)   :  0.012 0.006 0.036 0.170 0.199 0.309 0.063 0.204 
463    (0)   :  0.004 0.007 0.158 0.063 0.096 0.375 0.112 0.186 
464    (0)   :  0.004 0.005 0.030 0.145 0.094 0.531 0.077 0.112 
465    (0)   :  0.008 0.006 0.026 0.194 0.116 0.369 0.093 0.187 
466    (0)   :  0.004 0.005 0.059 0.111 0.093 0.454 0.082 0.191 
467    (0)   :  0.005 0.008 0.025 0.092 0.145 0.433 0.117 0.176 
468    (0)   :  0.005 0.005 0.041 0.053 0.182 0.518 0.078 0.117 
469    (0)   :  0.005 0.006 0.017 0.055 0.086 0.676 0.077 0.078 
470    (0)   :  0.005 0.006 0.015 0.096 0.088 0.620 0.077 0.093 
471    (0)   :  0.007 0.005 0.079 0.152 0.196 0.203 0.099 0.259 
472    (0)   :  0.007 0.006 0.034 0.110 0.198 0.339 0.098 0.208 
473    (0)   :  0.005 0.008 0.024 0.067 0.227 0.311 0.130 0.228 
474    (0)   :  0.005 0.006 0.023 0.102 0.234 0.357 0.146 0.128 
475    (0)   :  0.005 0.006 0.021 0.166 0.119 0.357 0.153 0.173 
476    (0)   :  0.008 0.006 0.030 0.107 0.335 0.318 0.099 0.096 
477    (0)   :  0.007 0.008 0.037 0.279 0.137 0.261 0.125 0.146 
478    (0)   :  0.007 0.007 0.019 0.514 0.093 0.182 0.077 0.100 
479    (0)   :  0.004 0.006 0.016 0.099 0.210 0.490 0.076 0.098 
480    (0)   :  0.006 0.006 0.016 0.074 0.337 0.377 0.088 0.096 
481    (0)   :  0.006 0.005 0.015 0.088 0.223 0.192 0.091 0.381 
482    (0)   :  0.006 0.005 0.013 0.130 0.253 0.420 0.078 0.094 
483    (0)   :  0.006 0.008 0.017 0.110 0.105 0.573 0.094 0.087 
484    (0)   :  0.005 0.007 0.054 0.072 0.082 0.512 0.087 0.181 
485    (0)   :  0.005 0.007 0.024 0.101 0.090 0.611 0.077 0.085 
486    (0)   :  0.012 0.007 0.049 0.138 0.205 0.076 0.120 0.393 
487    (0)   :  0.011 0.009 0.025 0.098 0.265 0.077 0.220 0.295 
488    (0)   :  0.010 0.009 0.018 0.215 0.150 0.073 0.180 0.346 
489    (0)   :  0.009 0.008 0.074 0.059 0.310 0.054 0.237 0.249 
490    (0)   :  0.007 0.005 0.046 0.272 0.210 0.110 0.088 0.263 
491    (0)   :  0.010 0.007 0.020 0.073 0.120 0.065 0.197 0.509 
492    (0)   :  0.005 0.007 0.029 0.241 0.097 0.079 0.359 0.183 
493    (0)   :  0.014 0.008 0.021 0.120 0.247 0.051 0.141 0.397 
494    (0)   :  0.046 0.006 0.022 0.099 0.187 0.077 0.202 0.361 
495    (0)   :  0.028 0.008 0.043 0.332 0.121 0.064 0.266 0.139 
496    (0)   :  0.006 0.008 0.029 0.073 0.121 0.101 0.400 0.261 
497    (0)   :  0.030 0.012 0.019 0.089 0.199 0.060 0.195 0.396 
498    (0)   :  0.014 0.007 0.084 0.180 0.215 0.077 0.154 0.269 
499    (0)   :  0.034 0.009 0.026 0.061 0.192 0.068 0.314 0.296 
500    (0)   :  0.017 0.006 0.019 0.066 0.362 0.070 0.140 0.320 
501    (0)   :  0.012 0.006 0.013 0.101 0.251 0.102 0.303 0.213 
502    (0)   :  0.009 0.007 0.012 0.211 0.136 0.094 0.335 0.197 
503    (0)   :  0.007 0.006 0.016 0.080 0.360 0.140 0.112 0.279 
504    (0)   :  0.008 0.006 0.033 0.331 0.115 0.093 0.117 0.298 
505    (0)   :  0.009 0.005 0.026 0.089 0.114 0.069 0.200 0.489 
506    (0)   :  0.007 0.006 0.017 0.224 0.120 0.069 0.292 0.263 
507    (0)   :  0.007 0.008 0.036 0.044 0.074 0.061 0.564 0.205 
508    (0)   :  0.017 0.009 0.054 0.056 0.080 0.050 0.520 0.214 
509    (0)   :  0.007 0.006 0.023 0.073 0.097 0.078 0.280 0.437 
510    (0)   :  0.019 0.005 0.019 0.082 0.291 0.057 0.350 0.176 
511    (0)   :  0.012 0.006 0.022 0.163 0.246 0.176 0.134 0.241 
512    (0)   :  0.009 0.005 0.012 0.152 0.426 0.118 0.092 0.186 
513    (0)   :  0.014 0.007 0.061 0.307 0.062 0.043 0.141 0.364 
514    (0)   :  0.008 0.011 0.021 0.272 0.116 0.126 0.149 0.298 
515    (0)   :  0.015 0.007 0.044 0.070 0.159 0.247 0.245 0.214 
516    (0)   :  0.009 0.006 0.031 0.174 0.091 0.089 0.140 0.460 
517    (0)   :  0.007 0.008 0.068 0.088 0.108 0.261 0.233 0.227 
518    (0)   :  0.061 0.009 0.015 0.064 0.293 0.064 0.274 0.220 
519    (0)   :  0.005 0.006 0.020 0.331 0.109 0.138 0.168 0.224 
520    (0)   :  0.007 0.008 0.107 0.048 0.099 0.232 0.323 0.176 
521    (0)   :  0.005 0.174 0.022 0.125 0.106 0.082 0.217 0.269 
522    (0)   :  0.025 0.006 0.167 0.078 0.322 0.114 0.123 0.166 
523    (0)   :  0.008 0.019 0.227 0.087 0.089 0.145 0.239 0.186 
524    (0)   :  0.008 0.008 0.051 0.063 0.112 0.367 0.174 0.217 
525    (0)   :  0.078 0.009 0.034 0.052 0.165 0.173 0.282 0.206 
526    (0)   :  0.005 0.006 0.123 0.046 0.077 0.379 0.147 0.218 
527    (0)   :  0.070 0.006 0.013 0.159 0.310 0.087 0.126 0.229 
528    (0)   :  0.005 0.028 0.019 0.063 0.100 0.057 0.444 0.285 
529    (0)   :  0.087 0.010 0.018 0.085 0.111 0.079 0.209 0.401 
530    (0)   :  0.007 0.006 0.045 0.073 0.327 0.158 0.176 0.207 
531    (0)   :  0.007 0.023 0.024 0.067 0.133 0.217 0.364 0.165 
532    (0)   :  0.022 0.042 0.027 0.084 0.224 0.057 0.274 0.268 
533    (0)   :  0.061 0.008 0.038 0.061 0.211 0.154 0.148 0.319 
534    (0)   :  0.075 0.006 0.056 0.113 0.068 0.058 0.218 0.406 
535    (0)   :  0.005 0.006 0.080 0.107 0.101 0.288 0.149 0.264 
536    (0)   :  0.007 0.008 0.033 0.105 0.119 0.227 0.282 0.220 
537    (0)   :  0.007 0.023 0.102 0.089 0.112 0.091 0.363 0.212 
538    (0)   :  0.005 0.007 0.051 0.065 0.134 0.116 0.295 0.327 
539    (0)   :  0.005 0.006 0.025 0.050 0.093 0.048 0.600 0.175 
540    (0)   :  0.006 0.168 0.041 0.052 0.124 0.114 0.132 0.364 
541    (0)   :  0.007 0.115 0.035 0.081 0.124 0.128 0.347 0.163 
542    (0)   :  0.006 0.005 0.047 0.059 0.090 0.282 0.122 0.389 
543    (0)   :  0.007 0.142 0.158 0.124 0.083 0.121 0.175 0.191 
544    (0)   :  0.005 0.012 0.127 0.063 0.107 0.193 0.170 0.323 
545    (0)   :  0.005 0.007 0.182 0.096 0.089 0.291 0.092 0.238 
546    (0)   :  0.006 0.014 0.044 0.064 0.100 0.136 0.181 0.454 
547    (0)   :  0.005 0.008 0.315 0.081 0.073 0.138 0.235 0.144 
548    (0)   :  0.005 0.006 0.013 0.062 0.114 0.055 0.339 0.404 
549    (0)   :  0.007 0.008 0.058 0.067 0.076 0.245 0.436 0.103 
550    (0)   :  0.004 0.005 0.193 0.121 0.115 0.243 0.153 0.166 
551    (0)   :  0.007 0.011 0.030 0.084 0.094 0.138 0.507 0.129 
552    (0)   :  0.005 0.006 0.034 0.050 0.115 0.079 0.263 0.448 
553    (0)   :  0.007 0.036 0.364 0.088 0.069 0.076 0.202 0.158 
554    (0)   :  0.008 0.203 0.038 0.082 0.226 0.097 0.104 0.243 
555    (0)   :  0.008 0.021 0.076 0.087 0.113 0.069 0.401 0.225 
556    (0)   :  0.006 0.012 0.031 0.064 0.111 0.096 0.216 0.463 
557    (0)   :  0.005 0.015 0.059 0.128 0.107 0.363 0.188 0.135 
558    (0)   :  0.006 0.005 0.012 0.130 0.226 0.457 0.081 0.084 
559    (0)   :  0.006 0.008 0.029 0.151 0.145 0.095 0.111 0.455 
560    (0)   :  0.005 0.005 0.014 0.351 0.095 0.313 0.065 0.154 
561    (0)   :  0.005 0.005 0.022 0.131 0.158 0.303 0.083 0.293 
562    (0)   :  0.007 0.005 0.045 0.223 0.225 0.144 0.064 0.287 
563    (0)   :  0.008 0.006 0.026 0.309 0.093 0.191 0.248 0.118 
564    (0)   :  0.010 0.021 0.046 0.072 0.182 0.089 0.103 0.478 
565    (0)   :  0.005 0.005 0.012 0.064 0.202 0.500 0.089 0.122 
566    (0)   :  0.004 0.005 0.017 0.378 0.205 0.200 0.067 0.123 
567    (0)   :  0.007 0.006 0.024 0.091 0.164 0.076 0.082 0.550 
568    (0)   :  0.005 0.007 0.026 0.128 0.118 0.274 0.115 0.328 
569    (0)   :  0.007 0.020 0.106 0.109 0.370 0.139 0.108 0.141 
570    (0)   :  0.006 0.006 0.015 0.099 0.552 0.141 0.070 0.111 
571    (0)   :  0.005 0.009 0.021 0.348 0.121 0.181 0.102 0.214 
572    (0)   :  0.004 0.008 0.291 0.055 0.156 0.108 0.222 0.156 
573    (0)   :  0.008 0.014 0.048 0.065 0.132 0.215 0.109 0.408 
574    (0)   :  0.006 0.018 0.029 0.059 0.433 0.116 0.184 0.155 
575    (0)   :  0.005 0.005 0.016 0.199 0.121 0.223 0.205 0.224 
576    (0)   :  0.006 0.006 0.015 0.361 0.220 0.176 0.068 0.148 
577    (0)   :  0.008 0.007 0.019 0.079 0.400 0.119 0.193 0.175 
