

----------------------------------------------------
STRUCTURE by Pritchard, Stephens and Donnelly (2000)
     and Falush, Stephens and Pritchard (2003)
       Code by Pritchard, Falush and Hubisz
             Version 2.3.4 (Jul 2012)
----------------------------------------------------



Command line arguments:   ./structure -K 7 -D 107006 -m brooktrout/mainparams -e brooktrout/extraparams -o brooktrout/250914_output/results_K7_rep6 
Input File:    brooktrout/brooktrout.txt

Run parameters:
   8454 individuals
   5 loci
   7 populations assumed
   50000 Burn-in period
   100000 Reps
RANDOMIZE turned off


--------------------------------------------
Overall proportion of membership of the
sample in each of the 7 clusters

Inferred Clusters
  1      2      3      4      5      6      7    
0.016  0.028  0.050  0.160  0.202  0.260  0.284  

--------------------------------------------

Allele-freq. divergence among pops (Net nucleotide distance),
computed using point estimates of P.

      1       2       3       4       5       6       7      
 1      -    0.1742  0.1645  0.0947  0.0951  0.0922  0.1203  
 2   0.1742     -    0.1612  0.1082  0.1862  0.1195  0.1947  
 3   0.1645  0.1612     -    0.1683  0.1157  0.1451  0.1503  
 4   0.0947  0.1082  0.1683     -    0.0950  0.0603  0.1340  
 5   0.0951  0.1862  0.1157  0.0950     -    0.0736  0.1034  
 6   0.0922  0.1195  0.1451  0.0603  0.0736     -    0.1410  
 7   0.1203  0.1947  0.1503  0.1340  0.1034  0.1410     -    

Average distances (expected heterozygosity) between individuals in same cluster:
cluster  1  : 0.8377 
cluster  2  : 0.6816 
cluster  3  : 0.7507 
cluster  4  : 0.7447 
cluster  5  : 0.7993 
cluster  6  : 0.7894 
cluster  7  : 0.7300 

--------------------------------------------
Estimated Ln Prob of Data   = -183433.2
Mean value of ln likelihood = -172105.3
Variance of ln likelihood   = 22655.8

Mean value of alpha_1       = 0.0475
Mean value of alpha_2       = 0.0764
Mean value of alpha_3       = 0.1461
Mean value of alpha_4       = 0.4733
Mean value of alpha_5       = 0.6132
Mean value of alpha_6       = 0.7757
Mean value of alpha_7       = 0.8578
Allele frequencies uncorrelated


Inferred ancestry of individuals:
     (%Miss) :  Inferred clusters
  1    (0)   :  0.010 0.015 0.081 0.232 0.118 0.188 0.356 
  2    (0)   :  0.005 0.008 0.014 0.094 0.607 0.145 0.127 
  3    (0)   :  0.011 0.021 0.047 0.328 0.119 0.174 0.300 
  4    (0)   :  0.013 0.020 0.026 0.081 0.116 0.158 0.586 
  5    (0)   :  0.009 0.009 0.014 0.129 0.537 0.170 0.132 
  6    (0)   :  0.008 0.009 0.015 0.543 0.122 0.173 0.129 
  7    (0)   :  0.009 0.013 0.014 0.185 0.098 0.554 0.127 
  8    (0)   :  0.043 0.021 0.027 0.186 0.099 0.215 0.409 
  9    (0)   :  0.017 0.010 0.026 0.255 0.306 0.161 0.226 
 10    (0)   :  0.017 0.011 0.015 0.267 0.115 0.274 0.301 
 11    (0)   :  0.006 0.013 0.020 0.211 0.099 0.522 0.128 
 12    (0)   :  0.007 0.009 0.016 0.160 0.437 0.177 0.194 
 13    (0)   :  0.010 0.011 0.021 0.234 0.230 0.283 0.210 
 14    (0)   :  0.006 0.023 0.042 0.144 0.362 0.155 0.268 
 15    (0)   :  0.008 0.032 0.021 0.115 0.204 0.235 0.384 
 16    (0)   :  0.006 0.013 0.034 0.382 0.111 0.264 0.189 
 17    (0)   :  0.019 0.013 0.030 0.306 0.251 0.189 0.192 
 18    (0)   :  0.024 0.029 0.030 0.257 0.295 0.135 0.231 
 19    (0)   :  0.007 0.010 0.015 0.417 0.162 0.216 0.173 
 20    (0)   :  0.007 0.022 0.022 0.141 0.266 0.327 0.213 
 21    (0)   :  0.007 0.013 0.039 0.139 0.263 0.158 0.381 
 22    (0)   :  0.010 0.010 0.022 0.481 0.125 0.148 0.203 
 23    (0)   :  0.022 0.026 0.055 0.109 0.216 0.169 0.403 
 24    (0)   :  0.006 0.014 0.031 0.260 0.125 0.201 0.364 
 25    (0)   :  0.009 0.021 0.019 0.262 0.224 0.357 0.108 
 26    (0)   :  0.013 0.015 0.020 0.252 0.233 0.175 0.291 
 27    (0)   :  0.010 0.011 0.042 0.282 0.210 0.212 0.234 
 28    (0)   :  0.008 0.013 0.026 0.161 0.119 0.247 0.426 
 29    (0)   :  0.005 0.009 0.024 0.136 0.301 0.333 0.192 
 30    (0)   :  0.006 0.011 0.032 0.482 0.161 0.139 0.169 
 31    (0)   :  0.025 0.010 0.033 0.187 0.245 0.240 0.259 
 32    (0)   :  0.008 0.019 0.023 0.216 0.206 0.197 0.332 
 33    (0)   :  0.007 0.013 0.048 0.237 0.124 0.269 0.302 
 34    (0)   :  0.020 0.018 0.021 0.185 0.102 0.462 0.191 
 35    (0)   :  0.030 0.008 0.056 0.242 0.366 0.140 0.158 
 36    (0)   :  0.006 0.058 0.318 0.144 0.156 0.146 0.172 
 37    (0)   :  0.011 0.009 0.028 0.135 0.241 0.190 0.386 
 38    (0)   :  0.008 0.257 0.074 0.105 0.155 0.290 0.112 
 39    (0)   :  0.014 0.024 0.061 0.191 0.247 0.299 0.165 
 40    (0)   :  0.006 0.015 0.237 0.144 0.209 0.120 0.268 
 41    (0)   :  0.014 0.016 0.383 0.145 0.119 0.209 0.113 
 42    (0)   :  0.006 0.033 0.261 0.099 0.091 0.126 0.383 
 43    (0)   :  0.012 0.009 0.209 0.093 0.225 0.204 0.249 
 44    (0)   :  0.013 0.007 0.296 0.182 0.238 0.143 0.120 
 45    (0)   :  0.009 0.040 0.167 0.125 0.380 0.163 0.116 
 46    (0)   :  0.019 0.011 0.047 0.285 0.288 0.204 0.146 
 47    (0)   :  0.041 0.008 0.040 0.301 0.215 0.179 0.216 
 48    (0)   :  0.018 0.011 0.233 0.173 0.326 0.104 0.136 
 49    (0)   :  0.019 0.013 0.072 0.219 0.279 0.186 0.211 
 50    (0)   :  0.019 0.011 0.037 0.297 0.164 0.304 0.169 
 51    (0)   :  0.005 0.021 0.594 0.062 0.118 0.103 0.098 
 52    (0)   :  0.019 0.012 0.092 0.195 0.159 0.320 0.204 
 53    (0)   :  0.010 0.109 0.066 0.249 0.118 0.246 0.202 
 54    (0)   :  0.017 0.006 0.041 0.111 0.441 0.155 0.228 
 55    (0)   :  0.010 0.009 0.084 0.087 0.492 0.144 0.174 
 56    (0)   :  0.011 0.021 0.074 0.234 0.341 0.111 0.207 
 57    (0)   :  0.034 0.012 0.017 0.230 0.119 0.235 0.352 
 58    (0)   :  0.008 0.018 0.091 0.105 0.376 0.194 0.208 
 59    (0)   :  0.010 0.066 0.144 0.158 0.266 0.182 0.174 
 60    (0)   :  0.006 0.024 0.228 0.092 0.183 0.151 0.315 
 61    (0)   :  0.005 0.007 0.088 0.053 0.471 0.117 0.258 
 62    (0)   :  0.050 0.011 0.025 0.216 0.364 0.166 0.168 
 63    (0)   :  0.005 0.013 0.069 0.095 0.220 0.314 0.283 
 64    (0)   :  0.011 0.025 0.021 0.374 0.269 0.171 0.129 
 65    (0)   :  0.008 0.009 0.019 0.102 0.267 0.490 0.105 
 66    (0)   :  0.006 0.010 0.026 0.082 0.298 0.227 0.349 
 67    (0)   :  0.009 0.007 0.093 0.081 0.510 0.158 0.142 
 68    (0)   :  0.012 0.071 0.165 0.137 0.236 0.172 0.208 
 69    (0)   :  0.028 0.161 0.151 0.116 0.129 0.221 0.196 
 70    (0)   :  0.005 0.027 0.241 0.076 0.114 0.278 0.259 
 71    (0)   :  0.008 0.043 0.255 0.121 0.289 0.185 0.100 
 72    (0)   :  0.008 0.019 0.100 0.350 0.169 0.201 0.154 
 73    (0)   :  0.009 0.013 0.091 0.074 0.484 0.202 0.128 
 74    (0)   :  0.006 0.069 0.207 0.156 0.161 0.127 0.274 
 75    (0)   :  0.007 0.039 0.180 0.126 0.169 0.096 0.383 
 76    (0)   :  0.007 0.009 0.093 0.084 0.275 0.351 0.180 
 77    (0)   :  0.007 0.042 0.281 0.094 0.206 0.263 0.107 
 78    (0)   :  0.008 0.156 0.241 0.086 0.154 0.236 0.118 
 79    (0)   :  0.007 0.013 0.013 0.178 0.165 0.472 0.152 
 80    (0)   :  0.007 0.010 0.016 0.083 0.116 0.206 0.563 
 81    (0)   :  0.007 0.011 0.013 0.103 0.122 0.285 0.458 
 82    (0)   :  0.006 0.011 0.032 0.090 0.336 0.249 0.277 
 83    (0)   :  0.006 0.025 0.023 0.109 0.135 0.317 0.385 
 84    (0)   :  0.006 0.013 0.016 0.102 0.122 0.400 0.343 
 85    (0)   :  0.006 0.032 0.020 0.166 0.134 0.233 0.409 
 86    (0)   :  0.011 0.011 0.028 0.109 0.514 0.190 0.136 
 87    (0)   :  0.007 0.021 0.023 0.092 0.133 0.556 0.168 
 88    (0)   :  0.006 0.010 0.016 0.093 0.173 0.285 0.416 
 89    (0)   :  0.008 0.011 0.015 0.088 0.166 0.233 0.479 
 90    (0)   :  0.006 0.011 0.014 0.080 0.181 0.525 0.183 
 91    (0)   :  0.006 0.028 0.023 0.102 0.104 0.188 0.550 
 92    (0)   :  0.007 0.011 0.015 0.139 0.228 0.351 0.249 
 93    (0)   :  0.006 0.008 0.016 0.068 0.089 0.109 0.704 
 94    (0)   :  0.005 0.038 0.027 0.087 0.078 0.628 0.137 
 95    (0)   :  0.006 0.010 0.016 0.061 0.145 0.448 0.315 
 96    (0)   :  0.006 0.008 0.101 0.056 0.316 0.135 0.379 
 97    (0)   :  0.007 0.056 0.092 0.162 0.234 0.108 0.341 
 98    (0)   :  0.005 0.010 0.103 0.150 0.309 0.192 0.231 
 99    (0)   :  0.006 0.011 0.015 0.088 0.142 0.425 0.313 
100    (0)   :  0.007 0.007 0.018 0.059 0.214 0.102 0.592 
101    (0)   :  0.008 0.026 0.032 0.092 0.169 0.402 0.271 
102    (0)   :  0.009 0.020 0.050 0.065 0.122 0.282 0.453 
103    (0)   :  0.010 0.009 0.022 0.062 0.362 0.270 0.265 
104    (0)   :  0.007 0.008 0.017 0.071 0.182 0.546 0.169 
105    (0)   :  0.012 0.008 0.021 0.060 0.263 0.388 0.249 
106    (0)   :  0.006 0.015 0.021 0.116 0.137 0.622 0.083 
107    (0)   :  0.008 0.009 0.023 0.067 0.271 0.388 0.235 
108    (0)   :  0.005 0.183 0.043 0.066 0.451 0.124 0.128 
109    (0)   :  0.035 0.028 0.027 0.094 0.261 0.467 0.088 
110    (0)   :  0.007 0.015 0.022 0.112 0.094 0.656 0.095 
111    (0)   :  0.009 0.010 0.019 0.063 0.192 0.586 0.121 
112    (0)   :  0.019 0.014 0.044 0.066 0.125 0.639 0.093 
113    (0)   :  0.008 0.021 0.031 0.128 0.433 0.192 0.187 
114    (0)   :  0.007 0.008 0.016 0.064 0.177 0.528 0.201 
115    (0)   :  0.009 0.011 0.086 0.079 0.230 0.427 0.157 
116    (0)   :  0.009 0.032 0.062 0.098 0.270 0.433 0.096 
117    (0)   :  0.014 0.015 0.048 0.108 0.100 0.591 0.124 
118    (0)   :  0.007 0.012 0.016 0.066 0.587 0.199 0.112 
119    (0)   :  0.005 0.017 0.149 0.057 0.168 0.229 0.375 
120    (0)   :  0.010 0.010 0.032 0.074 0.261 0.442 0.170 
121    (0)   :  0.039 0.014 0.168 0.077 0.207 0.384 0.112 
122    (0)   :  0.006 0.012 0.020 0.105 0.166 0.579 0.113 
123    (0)   :  0.007 0.016 0.026 0.081 0.174 0.540 0.156 
124    (0)   :  0.014 0.016 0.091 0.183 0.253 0.333 0.111 
125    (0)   :  0.009 0.025 0.113 0.237 0.110 0.379 0.127 
126    (0)   :  0.005 0.015 0.057 0.085 0.186 0.478 0.174 
127    (0)   :  0.007 0.008 0.020 0.055 0.222 0.561 0.127 
128    (0)   :  0.006 0.007 0.017 0.072 0.595 0.185 0.117 
129    (0)   :  0.014 0.008 0.021 0.064 0.415 0.369 0.109 
130    (0)   :  0.011 0.008 0.016 0.067 0.214 0.478 0.206 
131    (0)   :  0.014 0.099 0.143 0.146 0.145 0.358 0.094 
132    (0)   :  0.009 0.011 0.023 0.095 0.276 0.494 0.092 
133    (0)   :  0.013 0.013 0.028 0.073 0.286 0.427 0.159 
134    (0)   :  0.006 0.010 0.017 0.084 0.103 0.710 0.071 
135    (0)   :  0.010 0.012 0.053 0.064 0.234 0.104 0.523 
136    (0)   :  0.009 0.009 0.016 0.104 0.101 0.089 0.673 
137    (0)   :  0.007 0.009 0.017 0.067 0.076 0.148 0.677 
138    (0)   :  0.006 0.010 0.022 0.073 0.081 0.086 0.723 
139    (0)   :  0.007 0.010 0.027 0.092 0.387 0.104 0.372 
140    (0)   :  0.006 0.013 0.034 0.099 0.171 0.176 0.502 
141    (0)   :  0.009 0.012 0.021 0.154 0.122 0.103 0.580 
142    (0)   :  0.007 0.011 0.061 0.061 0.263 0.101 0.496 
143    (0)   :  0.005 0.008 0.016 0.056 0.074 0.077 0.765 
144    (0)   :  0.006 0.009 0.018 0.059 0.081 0.141 0.686 
145    (0)   :  0.012 0.012 0.028 0.165 0.157 0.104 0.523 
146    (0)   :  0.012 0.013 0.024 0.117 0.123 0.187 0.524 
147    (0)   :  0.006 0.008 0.015 0.065 0.068 0.080 0.759 
148    (0)   :  0.009 0.009 0.036 0.104 0.176 0.143 0.524 
149    (0)   :  0.009 0.012 0.033 0.078 0.125 0.090 0.653 
150    (0)   :  0.008 0.008 0.020 0.074 0.124 0.200 0.566 
151    (0)   :  0.006 0.008 0.017 0.061 0.101 0.105 0.702 
152    (0)   :  0.009 0.019 0.061 0.109 0.163 0.133 0.505 
153    (0)   :  0.006 0.011 0.038 0.081 0.091 0.114 0.660 
154    (0)   :  0.016 0.009 0.023 0.099 0.143 0.087 0.623 
155    (0)   :  0.006 0.007 0.016 0.057 0.091 0.099 0.724 
156    (0)   :  0.006 0.007 0.052 0.050 0.153 0.109 0.623 
157    (0)   :  0.005 0.010 0.017 0.058 0.074 0.213 0.623 
158    (0)   :  0.011 0.013 0.024 0.163 0.120 0.104 0.565 
159    (0)   :  0.008 0.008 0.013 0.061 0.080 0.080 0.750 
160    (0)   :  0.010 0.008 0.013 0.060 0.096 0.080 0.731 
161    (0)   :  0.006 0.011 0.027 0.097 0.100 0.132 0.627 
162    (0)   :  0.016 0.012 0.024 0.122 0.175 0.179 0.474 
163    (0)   :  0.006 0.007 0.024 0.052 0.086 0.093 0.732 
164    (0)   :  0.017 0.010 0.016 0.088 0.195 0.155 0.520 
165    (0)   :  0.008 0.009 0.019 0.062 0.107 0.190 0.606 
166    (0)   :  0.007 0.029 0.035 0.062 0.110 0.214 0.542 
167    (0)   :  0.035 0.011 0.016 0.138 0.102 0.122 0.577 
168    (0)   :  0.006 0.030 0.034 0.086 0.094 0.113 0.636 
169    (0)   :  0.013 0.045 0.042 0.285 0.112 0.097 0.406 
170    (0)   :  0.006 0.008 0.037 0.062 0.133 0.111 0.643 
171    (0)   :  0.007 0.023 0.023 0.107 0.152 0.135 0.554 
172    (0)   :  0.008 0.041 0.112 0.128 0.130 0.087 0.493 
173    (0)   :  0.008 0.007 0.014 0.060 0.120 0.081 0.711 
174    (0)   :  0.007 0.008 0.014 0.068 0.087 0.108 0.708 
175    (0)   :  0.007 0.008 0.024 0.101 0.081 0.085 0.694 
176    (0)   :  0.006 0.009 0.018 0.059 0.081 0.141 0.687 
177    (0)   :  0.007 0.015 0.023 0.078 0.088 0.250 0.538 
178    (0)   :  0.009 0.008 0.015 0.127 0.103 0.120 0.619 
179    (0)   :  0.006 0.008 0.014 0.063 0.080 0.080 0.751 
180    (0)   :  0.013 0.013 0.028 0.121 0.111 0.139 0.575 
181    (0)   :  0.008 0.011 0.027 0.086 0.165 0.096 0.606 
182    (0)   :  0.009 0.008 0.017 0.055 0.156 0.081 0.675 
183    (0)   :  0.006 0.008 0.017 0.065 0.090 0.082 0.732 
184    (0)   :  0.009 0.011 0.015 0.115 0.591 0.130 0.129 
185    (0)   :  0.005 0.008 0.063 0.048 0.128 0.074 0.674 
186    (0)   :  0.008 0.007 0.017 0.115 0.489 0.227 0.137 
187    (0)   :  0.005 0.009 0.018 0.096 0.365 0.122 0.386 
188    (0)   :  0.008 0.007 0.016 0.094 0.611 0.162 0.101 
189    (0)   :  0.005 0.040 0.032 0.213 0.187 0.140 0.384 
190    (0)   :  0.005 0.007 0.079 0.043 0.411 0.077 0.378 
191    (0)   :  0.006 0.007 0.014 0.077 0.599 0.110 0.187 
192    (0)   :  0.005 0.008 0.015 0.098 0.329 0.173 0.371 
193    (0)   :  0.006 0.009 0.021 0.119 0.371 0.145 0.329 
194    (0)   :  0.007 0.009 0.028 0.085 0.330 0.155 0.387 
195    (0)   :  0.006 0.007 0.028 0.056 0.348 0.077 0.478 
196    (0)   :  0.005 0.009 0.036 0.053 0.486 0.104 0.306 
197    (0)   :  0.007 0.008 0.024 0.196 0.313 0.186 0.265 
198    (0)   :  0.005 0.012 0.028 0.155 0.286 0.228 0.286 
199    (0)   :  0.006 0.013 0.042 0.063 0.458 0.112 0.307 
200    (0)   :  0.006 0.017 0.037 0.096 0.450 0.124 0.270 
201    (0)   :  0.005 0.007 0.019 0.071 0.249 0.091 0.558 
202    (0)   :  0.005 0.007 0.033 0.054 0.192 0.105 0.604 
203    (0)   :  0.007 0.007 0.017 0.056 0.336 0.083 0.495 
204    (0)   :  0.007 0.007 0.024 0.050 0.558 0.082 0.272 
205    (0)   :  0.005 0.011 0.024 0.067 0.569 0.106 0.216 
206    (0)   :  0.007 0.007 0.017 0.069 0.538 0.082 0.280 
207    (0)   :  0.005 0.007 0.022 0.054 0.637 0.103 0.172 
208    (0)   :  0.005 0.007 0.019 0.059 0.448 0.094 0.368 
209    (0)   :  0.006 0.007 0.020 0.083 0.509 0.125 0.250 
210    (0)   :  0.006 0.007 0.018 0.060 0.517 0.103 0.290 
211    (0)   :  0.009 0.007 0.037 0.053 0.462 0.122 0.310 
212    (0)   :  0.005 0.008 0.031 0.092 0.171 0.098 0.595 
213    (0)   :  0.006 0.011 0.075 0.075 0.365 0.205 0.263 
214    (0)   :  0.006 0.007 0.021 0.064 0.246 0.090 0.566 
215    (0)   :  0.005 0.011 0.018 0.060 0.638 0.108 0.161 
216    (0)   :  0.009 0.011 0.017 0.158 0.462 0.158 0.184 
217    (0)   :  0.005 0.011 0.024 0.074 0.294 0.088 0.505 
218    (0)   :  0.006 0.011 0.015 0.071 0.533 0.124 0.240 
219    (0)   :  0.010 0.018 0.018 0.180 0.278 0.135 0.361 
220    (0)   :  0.006 0.007 0.015 0.055 0.632 0.094 0.190 
221    (0)   :  0.005 0.007 0.051 0.050 0.132 0.074 0.681 
222    (0)   :  0.009 0.010 0.018 0.231 0.310 0.160 0.261 
223    (0)   :  0.005 0.012 0.019 0.121 0.246 0.129 0.468 
224    (0)   :  0.008 0.007 0.016 0.068 0.372 0.086 0.443 
225    (0)   :  0.006 0.008 0.025 0.066 0.511 0.101 0.283 
226    (0)   :  0.007 0.095 0.020 0.109 0.384 0.121 0.264 
227    (0)   :  0.005 0.007 0.044 0.057 0.374 0.111 0.402 
228    (0)   :  0.007 0.007 0.058 0.051 0.376 0.073 0.427 
229    (0)   :  0.007 0.007 0.015 0.073 0.355 0.100 0.444 
230    (0)   :  0.008 0.007 0.015 0.059 0.454 0.093 0.365 
231    (0)   :  0.006 0.007 0.015 0.105 0.375 0.102 0.389 
232    (0)   :  0.007 0.014 0.037 0.097 0.279 0.166 0.399 
233    (0)   :  0.006 0.007 0.016 0.064 0.221 0.089 0.597 
234    (0)   :  0.005 0.009 0.016 0.139 0.351 0.167 0.313 
235    (0)   :  0.006 0.014 0.024 0.100 0.325 0.119 0.411 
236    (0)   :  0.006 0.009 0.016 0.087 0.314 0.110 0.459 
237    (0)   :  0.006 0.007 0.022 0.063 0.621 0.101 0.180 
238    (0)   :  0.005 0.007 0.022 0.074 0.215 0.122 0.555 
239    (0)   :  0.006 0.007 0.029 0.056 0.347 0.077 0.478 
240    (0)   :  0.005 0.007 0.022 0.074 0.217 0.121 0.554 
241    (0)   :  0.007 0.009 0.024 0.064 0.205 0.094 0.598 
242    (0)   :  0.007 0.018 0.026 0.133 0.386 0.122 0.308 
243    (0)   :  0.005 0.007 0.034 0.048 0.506 0.084 0.316 
244    (0)   :  0.007 0.007 0.016 0.058 0.388 0.083 0.442 
245    (0)   :  0.005 0.007 0.026 0.057 0.134 0.098 0.674 
246    (0)   :  0.005 0.011 0.024 0.075 0.291 0.089 0.505 
247    (0)   :  0.005 0.012 0.030 0.087 0.414 0.323 0.130 
248    (0)   :  0.005 0.008 0.017 0.066 0.659 0.120 0.124 
249    (0)   :  0.006 0.007 0.019 0.064 0.338 0.102 0.464 
250    (0)   :  0.006 0.009 0.015 0.084 0.389 0.122 0.375 
251    (0)   :  0.006 0.032 0.022 0.148 0.408 0.169 0.216 
252    (0)   :  0.006 0.009 0.028 0.084 0.370 0.113 0.390 
253    (0)   :  0.005 0.017 0.029 0.093 0.460 0.186 0.210 
254    (0)   :  0.008 0.008 0.018 0.167 0.398 0.134 0.266 
255    (0)   :  0.006 0.007 0.020 0.123 0.367 0.146 0.331 
256    (0)   :  0.006 0.008 0.024 0.073 0.350 0.102 0.437 
257    (0)   :  0.016 0.010 0.020 0.077 0.445 0.129 0.303 
258    (0)   :  0.005 0.009 0.039 0.082 0.476 0.165 0.224 
259    (0)   :  0.007 0.008 0.016 0.076 0.505 0.111 0.277 
260    (0)   :  0.008 0.009 0.016 0.188 0.221 0.145 0.413 
261    (0)   :  0.005 0.009 0.030 0.083 0.277 0.101 0.495 
262    (0)   :  0.006 0.010 0.042 0.051 0.328 0.075 0.488 
263    (0)   :  0.011 0.007 0.017 0.082 0.622 0.104 0.158 
264    (0)   :  0.011 0.010 0.019 0.351 0.358 0.147 0.105 
265    (0)   :  0.005 0.013 0.017 0.105 0.428 0.115 0.317 
266    (0)   :  0.005 0.007 0.033 0.050 0.162 0.075 0.668 
267    (0)   :  0.005 0.007 0.021 0.108 0.370 0.137 0.353 
268    (0)   :  0.005 0.009 0.036 0.054 0.482 0.105 0.308 
269    (0)   :  0.005 0.025 0.018 0.212 0.268 0.136 0.336 
270    (0)   :  0.010 0.008 0.016 0.131 0.489 0.162 0.183 
271    (0)   :  0.006 0.011 0.022 0.076 0.539 0.135 0.211 
272    (0)   :  0.007 0.086 0.026 0.081 0.463 0.122 0.215 
273    (0)   :  0.040 0.029 0.028 0.147 0.266 0.169 0.321 
274    (0)   :  0.006 0.017 0.017 0.103 0.478 0.132 0.247 
275    (0)   :  0.011 0.027 0.021 0.114 0.452 0.106 0.268 
276    (0)   :  0.007 0.058 0.030 0.080 0.499 0.131 0.195 
277    (0)   :  0.006 0.011 0.018 0.133 0.281 0.131 0.421 
278    (0)   :  0.005 0.011 0.020 0.059 0.613 0.101 0.191 
279    (0)   :  0.006 0.011 0.017 0.099 0.416 0.123 0.328 
280    (0)   :  0.006 0.020 0.025 0.153 0.401 0.114 0.281 
281    (0)   :  0.006 0.010 0.018 0.090 0.449 0.168 0.259 
282    (0)   :  0.005 0.009 0.016 0.114 0.207 0.118 0.532 
283    (0)   :  0.005 0.007 0.019 0.072 0.211 0.112 0.574 
284    (0)   :  0.005 0.009 0.023 0.086 0.335 0.161 0.381 
285    (0)   :  0.005 0.011 0.030 0.076 0.655 0.127 0.096 
286    (0)   :  0.007 0.007 0.016 0.058 0.388 0.084 0.440 
287    (0)   :  0.006 0.018 0.018 0.136 0.326 0.172 0.324 
288    (0)   :  0.007 0.054 0.018 0.080 0.530 0.112 0.201 
289    (0)   :  0.009 0.040 0.029 0.083 0.504 0.154 0.181 
290    (0)   :  0.011 0.010 0.056 0.177 0.392 0.109 0.245 
291    (0)   :  0.006 0.011 0.022 0.076 0.537 0.135 0.212 
292    (0)   :  0.005 0.023 0.049 0.122 0.343 0.107 0.351 
293    (0)   :  0.007 0.010 0.062 0.245 0.367 0.140 0.169 
294    (0)   :  0.012 0.009 0.023 0.077 0.635 0.103 0.142 
295    (0)   :  0.007 0.045 0.034 0.100 0.427 0.143 0.243 
296    (0)   :  0.006 0.011 0.018 0.057 0.593 0.118 0.198 
297    (0)   :  0.006 0.019 0.022 0.163 0.447 0.129 0.215 
298    (0)   :  0.006 0.009 0.015 0.113 0.274 0.137 0.447 
299    (0)   :  0.012 0.007 0.016 0.125 0.529 0.117 0.194 
300    (0)   :  0.006 0.009 0.023 0.072 0.654 0.099 0.137 
301    (0)   :  0.010 0.013 0.016 0.149 0.509 0.130 0.173 
302    (0)   :  0.012 0.009 0.030 0.074 0.618 0.102 0.154 
303    (0)   :  0.007 0.009 0.024 0.100 0.322 0.099 0.438 
304    (0)   :  0.009 0.007 0.016 0.192 0.144 0.189 0.443 
305    (0)   :  0.007 0.010 0.025 0.057 0.466 0.079 0.356 
306    (0)   :  0.005 0.015 0.023 0.096 0.247 0.103 0.511 
307    (0)   :  0.007 0.011 0.017 0.103 0.363 0.126 0.374 
308    (0)   :  0.005 0.009 0.031 0.083 0.278 0.101 0.493 
309    (0)   :  0.024 0.016 0.033 0.065 0.561 0.122 0.179 
310    (0)   :  0.005 0.007 0.025 0.058 0.411 0.085 0.409 
311    (0)   :  0.007 0.007 0.015 0.059 0.456 0.092 0.365 
312    (0)   :  0.005 0.007 0.020 0.051 0.616 0.107 0.195 
313    (0)   :  0.006 0.008 0.031 0.051 0.682 0.092 0.130 
314    (0)   :  0.005 0.010 0.028 0.056 0.077 0.075 0.748 
315    (0)   :  0.005 0.018 0.035 0.065 0.076 0.096 0.705 
316    (0)   :  0.008 0.034 0.024 0.085 0.073 0.107 0.668 
317    (0)   :  0.006 0.011 0.017 0.060 0.068 0.078 0.760 
318    (0)   :  0.006 0.011 0.013 0.066 0.061 0.079 0.763 
319    (0)   :  0.006 0.008 0.016 0.056 0.077 0.077 0.761 
320    (0)   :  0.005 0.010 0.028 0.056 0.077 0.075 0.748 
321    (0)   :  0.006 0.011 0.016 0.068 0.065 0.081 0.753 
322    (0)   :  0.008 0.031 0.037 0.074 0.083 0.104 0.662 
323    (0)   :  0.012 0.009 0.013 0.066 0.066 0.078 0.756 
324    (0)   :  0.006 0.012 0.016 0.067 0.064 0.081 0.754 
325    (0)   :  0.006 0.036 0.021 0.075 0.066 0.101 0.695 
326    (0)   :  0.017 0.078 0.027 0.074 0.068 0.099 0.636 
327    (0)   :  0.005 0.011 0.017 0.061 0.068 0.078 0.761 
328    (0)   :  0.006 0.020 0.026 0.071 0.078 0.104 0.696 
329    (0)   :  0.005 0.008 0.013 0.063 0.061 0.079 0.772 
330    (0)   :  0.006 0.011 0.017 0.059 0.068 0.078 0.762 
331    (0)   :  0.006 0.008 0.012 0.060 0.067 0.078 0.769 
332    (0)   :  0.019 0.048 0.023 0.086 0.065 0.101 0.658 
333    (0)   :  0.015 0.040 0.027 0.072 0.075 0.102 0.669 
334    (0)   :  0.006 0.020 0.025 0.071 0.079 0.103 0.696 
335    (0)   :  0.005 0.019 0.029 0.064 0.074 0.098 0.711 
336    (0)   :  0.017 0.013 0.022 0.069 0.069 0.077 0.732 
337    (0)   :  0.006 0.035 0.027 0.076 0.071 0.104 0.681 
338    (0)   :  0.008 0.013 0.013 0.068 0.061 0.080 0.756 
339    (0)   :  0.006 0.008 0.013 0.061 0.067 0.078 0.767 
340    (0)   :  0.005 0.008 0.013 0.055 0.070 0.075 0.773 
341    (0)   :  0.019 0.014 0.016 0.065 0.072 0.080 0.734 
342    (0)   :  0.006 0.011 0.017 0.059 0.068 0.078 0.761 
343    (0)   :  0.011 0.019 0.052 0.071 0.078 0.096 0.671 
344    (0)   :  0.005 0.008 0.013 0.062 0.062 0.079 0.771 
345    (0)   :  0.006 0.011 0.017 0.060 0.068 0.077 0.761 
346    (0)   :  0.006 0.011 0.014 0.060 0.065 0.076 0.769 
347    (0)   :  0.005 0.008 0.013 0.056 0.064 0.076 0.778 
348    (0)   :  0.005 0.016 0.056 0.058 0.086 0.094 0.686 
349    (0)   :  0.006 0.011 0.017 0.060 0.067 0.078 0.761 
350    (0)   :  0.005 0.007 0.019 0.058 0.081 0.076 0.753 
351    (0)   :  0.005 0.019 0.028 0.064 0.075 0.100 0.709 
352    (0)   :  0.006 0.031 0.031 0.067 0.075 0.099 0.692 
353    (0)   :  0.017 0.013 0.023 0.069 0.069 0.077 0.732 
354    (0)   :  0.008 0.009 0.013 0.065 0.064 0.080 0.761 
355    (0)   :  0.006 0.012 0.013 0.067 0.062 0.079 0.761 
356    (0)   :  0.005 0.016 0.057 0.058 0.084 0.093 0.687 
357    (0)   :  0.005 0.036 0.020 0.187 0.090 0.168 0.493 
358    (0)   :  0.007 0.023 0.020 0.074 0.066 0.103 0.707 
359    (0)   :  0.007 0.008 0.013 0.063 0.068 0.079 0.762 
360    (0)   :  0.006 0.011 0.014 0.059 0.064 0.076 0.770 
361    (0)   :  0.005 0.034 0.029 0.190 0.100 0.173 0.470 
362    (0)   :  0.008 0.048 0.028 0.144 0.278 0.330 0.164 
363    (0)   :  0.008 0.022 0.037 0.205 0.172 0.442 0.114 
364    (0)   :  0.013 0.013 0.023 0.303 0.145 0.180 0.324 
365    (0)   :  0.022 0.036 0.026 0.419 0.162 0.212 0.125 
366    (0)   :  0.007 0.027 0.095 0.263 0.236 0.147 0.225 
367    (0)   :  0.005 0.023 0.018 0.112 0.087 0.668 0.087 
368    (0)   :  0.006 0.012 0.014 0.140 0.293 0.381 0.154 
369    (0)   :  0.010 0.012 0.120 0.179 0.161 0.172 0.345 
370    (0)   :  0.020 0.018 0.022 0.128 0.306 0.334 0.172 
371    (0)   :  0.015 0.013 0.032 0.258 0.280 0.195 0.207 
372    (0)   :  0.069 0.028 0.025 0.098 0.382 0.220 0.177 
373    (0)   :  0.007 0.010 0.021 0.170 0.140 0.428 0.224 
374    (0)   :  0.010 0.034 0.023 0.193 0.147 0.244 0.349 
375    (0)   :  0.021 0.016 0.019 0.297 0.162 0.380 0.105 
376    (0)   :  0.080 0.021 0.023 0.426 0.073 0.278 0.099 
377    (0)   :  0.009 0.028 0.024 0.241 0.315 0.232 0.152 
378    (0)   :  0.007 0.010 0.020 0.071 0.117 0.491 0.285 
379    (0)   :  0.158 0.025 0.032 0.341 0.089 0.267 0.088 
380    (0)   :  0.010 0.069 0.073 0.381 0.120 0.116 0.232 
381    (0)   :  0.008 0.013 0.078 0.491 0.101 0.101 0.209 
382    (0)   :  0.006 0.014 0.015 0.254 0.114 0.474 0.124 
383    (0)   :  0.018 0.077 0.025 0.485 0.111 0.098 0.187 
384    (0)   :  0.075 0.030 0.025 0.390 0.105 0.201 0.173 
385    (0)   :  0.080 0.012 0.014 0.196 0.163 0.275 0.261 
386    (0)   :  0.005 0.018 0.021 0.198 0.119 0.525 0.114 
387    (0)   :  0.005 0.016 0.026 0.238 0.127 0.453 0.137 
388    (0)   :  0.025 0.020 0.018 0.219 0.148 0.265 0.305 
389    (0)   :  0.016 0.013 0.038 0.089 0.572 0.149 0.124 
390    (0)   :  0.019 0.058 0.133 0.133 0.130 0.418 0.110 
391    (0)   :  0.024 0.026 0.049 0.113 0.253 0.341 0.194 
392    (0)   :  0.008 0.013 0.022 0.371 0.141 0.248 0.197 
393    (0)   :  0.008 0.052 0.170 0.384 0.077 0.134 0.175 
394    (0)   :  0.006 0.026 0.019 0.113 0.116 0.377 0.342 
395    (0)   :  0.005 0.052 0.085 0.144 0.318 0.259 0.138 
396    (0)   :  0.007 0.009 0.015 0.255 0.165 0.457 0.092 
397    (0)   :  0.081 0.009 0.019 0.230 0.257 0.132 0.273 
398    (0)   :  0.036 0.070 0.039 0.237 0.087 0.432 0.099 
399    (0)   :  0.006 0.036 0.035 0.079 0.166 0.551 0.127 
400    (0)   :  0.008 0.012 0.025 0.234 0.090 0.464 0.168 
401    (0)   :  0.005 0.012 0.052 0.080 0.143 0.530 0.179 
402    (0)   :  0.007 0.010 0.069 0.231 0.193 0.319 0.170 
403    (0)   :  0.008 0.017 0.023 0.138 0.155 0.215 0.444 
404    (0)   :  0.012 0.010 0.020 0.310 0.240 0.198 0.209 
405    (0)   :  0.005 0.035 0.030 0.244 0.222 0.263 0.201 
406    (0)   :  0.005 0.226 0.155 0.095 0.156 0.113 0.249 
407    (0)   :  0.005 0.039 0.024 0.526 0.101 0.213 0.091 
408    (0)   :  0.005 0.008 0.051 0.062 0.299 0.483 0.093 
409    (0)   :  0.013 0.040 0.253 0.140 0.092 0.134 0.328 
410    (0)   :  0.080 0.036 0.035 0.218 0.122 0.339 0.171 
411    (0)   :  0.023 0.013 0.068 0.378 0.101 0.199 0.219 
412    (0)   :  0.006 0.011 0.014 0.175 0.211 0.442 0.140 
413    (0)   :  0.006 0.011 0.016 0.102 0.152 0.444 0.270 
414    (0)   :  0.008 0.009 0.016 0.159 0.262 0.453 0.093 
415    (0)   :  0.006 0.026 0.053 0.359 0.144 0.275 0.136 
416    (0)   :  0.009 0.011 0.064 0.209 0.148 0.364 0.195 
417    (0)   :  0.007 0.153 0.026 0.242 0.113 0.345 0.114 
418    (0)   :  0.008 0.011 0.013 0.162 0.128 0.573 0.104 
419    (0)   :  0.017 0.021 0.049 0.195 0.152 0.263 0.302 
420    (0)   :  0.004 0.011 0.125 0.080 0.157 0.501 0.122 
421    (0)   :  0.008 0.049 0.023 0.179 0.184 0.431 0.125 
422    (0)   :  0.007 0.057 0.056 0.222 0.354 0.168 0.136 
423    (0)   :  0.011 0.031 0.032 0.261 0.208 0.293 0.164 
424    (0)   :  0.009 0.039 0.100 0.089 0.121 0.470 0.171 
425    (0)   :  0.044 0.017 0.023 0.296 0.200 0.232 0.188 
426    (0)   :  0.048 0.052 0.022 0.146 0.120 0.417 0.195 
427    (0)   :  0.006 0.084 0.035 0.218 0.073 0.377 0.208 
428    (0)   :  0.021 0.156 0.061 0.166 0.158 0.150 0.288 
429    (0)   :  0.007 0.019 0.018 0.309 0.087 0.473 0.087 
430    (0)   :  0.006 0.085 0.065 0.355 0.117 0.262 0.110 
431    (0)   :  0.016 0.030 0.017 0.099 0.246 0.406 0.188 
432    (0)   :  0.006 0.011 0.015 0.140 0.230 0.430 0.167 
433    (0)   :  0.013 0.010 0.019 0.105 0.245 0.187 0.420 
434    (0)   :  0.007 0.011 0.031 0.274 0.224 0.216 0.236 
435    (0)   :  0.005 0.199 0.039 0.195 0.095 0.371 0.095 
436    (0)   :  0.008 0.279 0.050 0.179 0.061 0.276 0.147 
437    (0)   :  0.008 0.024 0.018 0.533 0.112 0.200 0.104 
438    (0)   :  0.006 0.176 0.211 0.095 0.086 0.259 0.166 
439    (0)   :  0.006 0.191 0.047 0.306 0.065 0.257 0.128 
440    (0)   :  0.004 0.283 0.029 0.165 0.087 0.352 0.079 
441    (0)   :  0.006 0.048 0.042 0.286 0.090 0.323 0.206 
442    (0)   :  0.009 0.012 0.036 0.289 0.145 0.399 0.110 
443    (0)   :  0.005 0.030 0.120 0.096 0.124 0.529 0.096 
444    (0)   :  0.008 0.023 0.056 0.295 0.135 0.375 0.109 
445    (0)   :  0.038 0.026 0.212 0.265 0.089 0.144 0.226 
446    (0)   :  0.041 0.104 0.041 0.199 0.058 0.451 0.106 
447    (0)   :  0.009 0.195 0.070 0.131 0.126 0.271 0.197 
448    (0)   :  0.006 0.044 0.027 0.312 0.132 0.363 0.116 
449    (0)   :  0.006 0.045 0.027 0.311 0.136 0.293 0.183 
450    (0)   :  0.008 0.012 0.019 0.490 0.071 0.247 0.152 
451    (0)   :  0.006 0.019 0.021 0.098 0.161 0.616 0.081 
452    (0)   :  0.006 0.022 0.017 0.421 0.075 0.309 0.150 
453    (0)   :  0.005 0.014 0.267 0.092 0.190 0.267 0.165 
454    (0)   :  0.006 0.060 0.025 0.288 0.106 0.327 0.188 
455    (0)   :  0.005 0.231 0.124 0.152 0.078 0.307 0.103 
456    (0)   :  0.007 0.053 0.107 0.272 0.151 0.309 0.101 
457    (0)   :  0.006 0.049 0.022 0.518 0.098 0.192 0.114 
458    (0)   :  0.037 0.043 0.050 0.410 0.073 0.264 0.123 
459    (0)   :  0.005 0.055 0.061 0.135 0.062 0.467 0.213 
460    (0)   :  0.005 0.042 0.043 0.131 0.068 0.610 0.102 
461    (0)   :  0.007 0.013 0.019 0.128 0.062 0.671 0.101 
462    (0)   :  0.016 0.019 0.176 0.270 0.175 0.270 0.074 
463    (0)   :  0.005 0.143 0.313 0.097 0.144 0.155 0.143 
464    (0)   :  0.005 0.040 0.068 0.105 0.098 0.581 0.103 
465    (0)   :  0.008 0.023 0.053 0.131 0.123 0.535 0.127 
466    (0)   :  0.005 0.044 0.124 0.105 0.161 0.450 0.111 
467    (0)   :  0.006 0.027 0.156 0.203 0.132 0.324 0.153 
468    (0)   :  0.005 0.267 0.073 0.280 0.117 0.157 0.100 
469    (0)   :  0.005 0.468 0.038 0.146 0.061 0.180 0.101 
470    (0)   :  0.005 0.283 0.030 0.135 0.075 0.376 0.095 
471    (0)   :  0.008 0.016 0.095 0.213 0.230 0.323 0.115 
472    (0)   :  0.008 0.015 0.086 0.290 0.164 0.312 0.125 
473    (0)   :  0.006 0.049 0.029 0.282 0.178 0.282 0.174 
474    (0)   :  0.005 0.019 0.042 0.366 0.101 0.307 0.161 
475    (0)   :  0.006 0.024 0.032 0.133 0.118 0.482 0.206 
476    (0)   :  0.008 0.025 0.066 0.430 0.079 0.271 0.121 
477    (0)   :  0.007 0.024 0.058 0.107 0.093 0.554 0.157 
478    (0)   :  0.009 0.018 0.024 0.073 0.075 0.710 0.092 
479    (0)   :  0.005 0.069 0.025 0.237 0.074 0.494 0.096 
480    (0)   :  0.006 0.055 0.022 0.509 0.071 0.231 0.107 
481    (0)   :  0.007 0.015 0.021 0.282 0.308 0.259 0.108 
482    (0)   :  0.006 0.025 0.018 0.350 0.069 0.435 0.096 
483    (0)   :  0.006 0.271 0.035 0.204 0.068 0.289 0.127 
484    (0)   :  0.006 0.193 0.197 0.159 0.128 0.192 0.126 
485    (0)   :  0.005 0.517 0.028 0.086 0.063 0.208 0.093 
486    (0)   :  0.016 0.011 0.036 0.134 0.404 0.249 0.151 
487    (0)   :  0.014 0.011 0.025 0.203 0.250 0.217 0.279 
488    (0)   :  0.011 0.011 0.019 0.111 0.341 0.300 0.207 
489    (0)   :  0.013 0.008 0.057 0.239 0.251 0.134 0.298 
490    (0)   :  0.008 0.011 0.046 0.136 0.240 0.457 0.102 
491    (0)   :  0.013 0.008 0.019 0.105 0.453 0.140 0.262 
492    (0)   :  0.005 0.009 0.038 0.086 0.171 0.303 0.387 
493    (0)   :  0.014 0.008 0.020 0.150 0.498 0.155 0.155 
494    (0)   :  0.054 0.016 0.024 0.129 0.353 0.179 0.246 
495    (0)   :  0.050 0.010 0.051 0.086 0.152 0.369 0.283 
496    (0)   :  0.006 0.011 0.029 0.107 0.200 0.159 0.487 
497    (0)   :  0.045 0.009 0.016 0.145 0.418 0.136 0.231 
498    (0)   :  0.020 0.012 0.063 0.147 0.269 0.295 0.193 
499    (0)   :  0.040 0.010 0.023 0.145 0.249 0.134 0.399 
500    (0)   :  0.022 0.017 0.019 0.251 0.381 0.153 0.157 
501    (0)   :  0.013 0.012 0.017 0.206 0.176 0.231 0.345 
502    (0)   :  0.010 0.010 0.015 0.135 0.148 0.310 0.372 
503    (0)   :  0.008 0.014 0.020 0.410 0.207 0.217 0.124 
504    (0)   :  0.009 0.011 0.037 0.088 0.231 0.480 0.144 
505    (0)   :  0.009 0.013 0.027 0.087 0.476 0.149 0.239 
506    (0)   :  0.009 0.008 0.018 0.105 0.210 0.306 0.343 
507    (0)   :  0.007 0.008 0.031 0.065 0.143 0.086 0.659 
508    (0)   :  0.021 0.008 0.040 0.060 0.178 0.102 0.591 
509    (0)   :  0.008 0.011 0.024 0.083 0.390 0.144 0.340 
510    (0)   :  0.028 0.008 0.022 0.207 0.168 0.176 0.391 
511    (0)   :  0.014 0.042 0.032 0.180 0.242 0.334 0.156 
512    (0)   :  0.009 0.012 0.015 0.329 0.167 0.361 0.107 
513    (0)   :  0.025 0.008 0.047 0.047 0.517 0.202 0.154 
514    (0)   :  0.008 0.010 0.022 0.076 0.170 0.517 0.197 
515    (0)   :  0.016 0.041 0.058 0.232 0.179 0.179 0.296 
516    (0)   :  0.009 0.013 0.031 0.081 0.366 0.314 0.186 
517    (0)   :  0.007 0.032 0.088 0.089 0.171 0.312 0.302 
518    (0)   :  0.063 0.008 0.018 0.240 0.191 0.143 0.337 
519    (0)   :  0.006 0.013 0.024 0.080 0.145 0.525 0.208 
520    (0)   :  0.007 0.177 0.095 0.073 0.129 0.111 0.408 
521    (0)   :  0.007 0.009 0.025 0.074 0.197 0.251 0.437 
522    (0)   :  0.032 0.021 0.154 0.286 0.163 0.194 0.150 
523    (0)   :  0.008 0.020 0.177 0.059 0.142 0.224 0.369 
524    (0)   :  0.008 0.238 0.050 0.096 0.185 0.208 0.216 
525    (0)   :  0.070 0.034 0.041 0.178 0.153 0.143 0.381 
526    (0)   :  0.005 0.272 0.159 0.077 0.168 0.105 0.213 
527    (0)   :  0.072 0.009 0.016 0.266 0.181 0.300 0.155 
528    (0)   :  0.005 0.007 0.021 0.078 0.216 0.123 0.548 
529    (0)   :  0.088 0.009 0.020 0.112 0.312 0.184 0.275 
530    (0)   :  0.008 0.020 0.069 0.291 0.182 0.212 0.219 
531    (0)   :  0.007 0.027 0.039 0.134 0.115 0.199 0.478 
532    (0)   :  0.030 0.008 0.028 0.134 0.260 0.186 0.354 
533    (0)   :  0.059 0.025 0.045 0.207 0.294 0.181 0.189 
534    (0)   :  0.079 0.009 0.042 0.059 0.429 0.145 0.236 
535    (0)   :  0.005 0.027 0.140 0.088 0.189 0.337 0.215 
536    (0)   :  0.007 0.033 0.119 0.207 0.165 0.177 0.292 
537    (0)   :  0.007 0.011 0.137 0.112 0.140 0.154 0.440 
538    (0)   :  0.006 0.020 0.063 0.105 0.287 0.160 0.359 
539    (0)   :  0.005 0.007 0.029 0.078 0.141 0.094 0.646 
540    (0)   :  0.008 0.028 0.054 0.130 0.296 0.141 0.342 
541    (0)   :  0.009 0.013 0.079 0.142 0.128 0.159 0.470 
542    (0)   :  0.006 0.021 0.248 0.167 0.295 0.118 0.145 
543    (0)   :  0.008 0.024 0.201 0.069 0.161 0.255 0.281 
544    (0)   :  0.005 0.018 0.214 0.104 0.243 0.162 0.253 
545    (0)   :  0.005 0.057 0.406 0.100 0.160 0.162 0.109 
546    (0)   :  0.007 0.009 0.106 0.123 0.359 0.137 0.259 
547    (0)   :  0.005 0.020 0.415 0.063 0.104 0.142 0.250 
548    (0)   :  0.006 0.008 0.015 0.086 0.387 0.122 0.376 
549    (0)   :  0.007 0.037 0.210 0.132 0.073 0.115 0.427 
550    (0)   :  0.005 0.089 0.263 0.086 0.132 0.258 0.168 
551    (0)   :  0.007 0.016 0.048 0.107 0.085 0.160 0.577 
552    (0)   :  0.005 0.010 0.047 0.123 0.348 0.113 0.353 
553    (0)   :  0.007 0.016 0.384 0.053 0.136 0.140 0.265 
554    (0)   :  0.016 0.017 0.066 0.206 0.223 0.213 0.261 
555    (0)   :  0.010 0.014 0.064 0.081 0.181 0.151 0.500 
556    (0)   :  0.006 0.010 0.049 0.117 0.303 0.160 0.356 
557    (0)   :  0.005 0.077 0.242 0.117 0.098 0.256 0.206 
558    (0)   :  0.006 0.031 0.017 0.354 0.061 0.432 0.100 
559    (0)   :  0.007 0.009 0.027 0.110 0.404 0.296 0.148 
560    (0)   :  0.005 0.044 0.039 0.143 0.106 0.587 0.075 
561    (0)   :  0.006 0.019 0.032 0.190 0.201 0.452 0.101 
562    (0)   :  0.007 0.025 0.044 0.139 0.265 0.442 0.077 
563    (0)   :  0.008 0.017 0.041 0.083 0.082 0.482 0.288 
564    (0)   :  0.012 0.020 0.037 0.106 0.477 0.195 0.152 
565    (0)   :  0.006 0.056 0.022 0.541 0.084 0.180 0.111 
566    (0)   :  0.004 0.025 0.019 0.113 0.089 0.671 0.080 
567    (0)   :  0.008 0.015 0.022 0.094 0.569 0.190 0.102 
568    (0)   :  0.005 0.020 0.033 0.109 0.225 0.449 0.158 
569    (0)   :  0.009 0.029 0.100 0.197 0.134 0.379 0.152 
570    (0)   :  0.008 0.027 0.018 0.411 0.090 0.362 0.083 
571    (0)   :  0.005 0.023 0.018 0.072 0.137 0.623 0.120 
572    (0)   :  0.005 0.022 0.258 0.127 0.146 0.159 0.283 
573    (0)   :  0.010 0.185 0.029 0.083 0.379 0.168 0.147 
574    (0)   :  0.008 0.024 0.032 0.345 0.120 0.210 0.261 
575    (0)   :  0.006 0.015 0.025 0.101 0.147 0.462 0.244 
576    (0)   :  0.006 0.021 0.016 0.117 0.101 0.659 0.080 
577    (0)   :  0.008 0.012 0.023 0.332 0.123 0.253 0.249 
578    (0)   :  0.006 0.035 0.028 0.119 0.134 0.556 0.123 
579    (0)   :  0.010 0.018 0.029 0.238 0.264 0.328 0.114 
580    (0)   :  0.006 0.023 0.019 0.398 0.119 0.260 0.176 
581    (0)   :  0.006 0.028 0.021 0.231 0.100 0.475 0.140 
582    (0)   :  0.007 0.033 0.057 0.276 0.106 0.427 0.094 
583    (0)   :  0.048 0.024 0.021 0.100 0.121 0.566 0.120 
584    (0)   :  0.007 0.016 0.015 0.149 0.104 0.615 0.094 
585    (0)   :  0.006 0.025 0.025 0.175 0.126 0.536 0.107 
586    (0)   :  0.006 0.010 0.026 0.080 0.192 0.537 0.149 
587    (0)   :  0.011 0.010 0.038 0.309 0.300 0.244 0.089 
588    (0)   :  0.010 0.007 0.034 0.051 0.699 0.092 0.108 
589    (0)   :  0.007 0.133 0.079 0.198 0.175 0.308 0.101 
590    (0)   :  0.007 0.009 0.017 0.124 0.318 0.416 0.109 
591    (0)   :  0.005 0.012 0.016 0.091 0.151 0.594 0.132 
592    (0)   :  0.005 0.026 0.047 0.097 0.308 0.411 0.106 
593    (0)   :  0.006 0.035 0.031 0.117 0.182 0.449 0.181 
594    (0)   :  0.050 0.015 0.019 0.101 0.201 0.381 0.233 
595    (0)   :  0.015 0.009 0.014 0.320 0.261 0.296 0.085 
596    (0)   :  0.005 0.139 0.038 0.090 0.386 0.187 0.156 
597    (0)   :  0.008 0.022 0.031 0.058 0.115 0.465 0.301 
598    (0)   :  0.007 0.037 0.019 0.464 0.067 0.316 0.091 
599    (0)   :  0.006 0.018 0.032 0.106 0.180 0.573 0.086 
600    (0)   :  0.006 0.020 0.037 0.359 0.150 0.227 0.201 
601    (0)   :  0.005 0.016 0.046 0.168 0.145 0.530 0.090 
602    (0)   :  0.008 0.013 0.015 0.131 0.320 0.241 0.273 
603    (0)   :  0.006 0.010 0.016 0.122 0.359 0.231 0.256 
604    (0)   :  0.017 0.057 0.028 0.386 0.168 0.153 0.191 
605    (0)   :  0.006 0.021 0.032 0.181 0.282 0.334 0.143 
606    (0)   :  0.010 0.016 0.029 0.215 0.265 0.187 0.278 
607    (0)   :  0.008 0.018 0.015 0.246 0.153 0.214 0.346 
608    (0)   :  0.006 0.018 0.021 0.117 0.092 0.246 0.502 
609    (0)   :  0.009 0.018 0.035 0.336 0.131 0.292 0.179 
610    (0)   :  0.006 0.220 0.061 0.214 0.183 0.173 0.144 
611    (0)   :  0.008 0.013 0.026 0.105 0.295 0.275 0.277 
612    (0)   :  0.010 0.051 0.056 0.502 0.100 0.157 0.123 
613    (0)   :  0.034 0.023 0.046 0.268 0.210 0.240 0.178 
614    (0)   :  0.007 0.015 0.017 0.580 0.150 0.127 0.105 
615    (0)   :  0.005 0.035 0.024 0.493 0.142 0.124 0.176 
616    (0)   :  0.006 0.010 0.015 0.295 0.168 0.246 0.261 
617    (0)   :  0.024 0.029 0.045 0.314 0.239 0.236 0.113 
618    (0)   :  0.019 0.088 0.039 0.296 0.170 0.128 0.261 
619    (0)   :  0.005 0.031 0.049 0.109 0.181 0.378 0.247 
620    (0)   :  0.006 0.021 0.050 0.079 0.395 0.370 0.080 
621    (0)   :  0.009 0.015 0.014 0.220 0.111 0.511 0.120 
622    (0)   :  0.019 0.057 0.037 0.249 0.326 0.136 0.175 
623    (0)   :  0.005 0.021 0.021 0.148 0.283 0.394 0.128 
624    (0)   :  0.011 0.058 0.032 0.336 0.106 0.199 0.258 
625    (0)   :  0.013 0.022 0.020 0.363 0.118 0.237 0.226 
626    (0)   :  0.021 0.049 0.116 0.174 0.126 0.089 0.426 
627    (0)   :  0.005 0.012 0.027 0.217 0.271 0.298 0.169 
628    (0)   :  0.006 0.012 0.016 0.141 0.361 0.309 0.155 
629    (0)   :  0.006 0.011 0.015 0.252 0.245 0.282 0.189 
630    (0)   :  0.013 0.026 0.028 0.374 0.138 0.283 0.138 
631    (0)   :  0.006 0.013 0.018 0.383 0.199 0.226 0.155 
632    (0)   :  0.006 0.013 0.022 0.146 0.315 0.131 0.366 
633    (0)   :  0.008 0.030 0.017 0.288 0.140 0.271 0.245 
634    (0)   :  0.007 0.014 0.030 0.181 0.214 0.229 0.324 
635    (0)   :  0.005 0.014 0.021 0.179 0.136 0.142 0.502 
636    (0)   :  0.007 0.020 0.022 0.266 0.130 0.258 0.298 
637    (0)   :  0.007 0.016 0.068 0.163 0.312 0.193 0.241 
638    (0)   :  0.006 0.013 0.015 0.220 0.239 0.266 0.241 
639    (0)   :  0.008 0.021 0.019 0.378 0.193 0.166 0.215 
