

----------------------------------------------------
STRUCTURE by Pritchard, Stephens and Donnelly (2000)
     and Falush, Stephens and Pritchard (2003)
       Code by Pritchard, Falush and Hubisz
             Version 2.3.4 (Jul 2012)
----------------------------------------------------



Command line arguments:   ./structure -K 10 -D 110011 -m brooktrout/mainparams -e brooktrout/extraparams -o brooktrout/250914_output/results_K10_rep11 
Input File:    brooktrout/brooktrout.txt

Run parameters:
   8454 individuals
   5 loci
   10 populations assumed
   50000 Burn-in period
   100000 Reps
RANDOMIZE turned off


--------------------------------------------
Overall proportion of membership of the
sample in each of the 10 clusters

Inferred Clusters
  1      2      3      4      5      6      7      8      9     10    
0.008  0.009  0.026  0.059  0.121  0.119  0.159  0.168  0.158  0.172  

--------------------------------------------

Allele-freq. divergence among pops (Net nucleotide distance),
computed using point estimates of P.

      1       2       3       4       5       6       7       8       9      10      
 1      -    0.1148  0.1139  0.1610  0.1239  0.1578  0.1405  0.1218  0.1230  0.1448  
 2   0.1148     -    0.1686  0.2244  0.1929  0.1545  0.1606  0.1438  0.1761  0.2125  
 3   0.1139  0.1686     -    0.1869  0.1794  0.1513  0.1433  0.1803  0.1311  0.0836  
 4   0.1610  0.2244  0.1869     -    0.1358  0.1975  0.2138  0.1365  0.1168  0.2274  
 5   0.1239  0.1929  0.1794  0.1358     -    0.2005  0.1177  0.1059  0.1148  0.2118  
 6   0.1578  0.1545  0.1513  0.1975  0.2005     -    0.1055  0.1784  0.1460  0.1459  
 7   0.1405  0.1606  0.1433  0.2138  0.1177  0.1055     -    0.1241  0.1399  0.1478  
 8   0.1218  0.1438  0.1803  0.1365  0.1059  0.1784  0.1241     -    0.1245  0.2235  
 9   0.1230  0.1761  0.1311  0.1168  0.1148  0.1460  0.1399  0.1245     -    0.1425  
10   0.1448  0.2125  0.0836  0.2274  0.2118  0.1459  0.1478  0.2235  0.1425     -    

Average distances (expected heterozygosity) between individuals in same cluster:
cluster  1  : 0.8284 
cluster  2  : 0.7972 
cluster  3  : 0.7736 
cluster  4  : 0.6774 
cluster  5  : 0.7050 
cluster  6  : 0.7523 
cluster  7  : 0.7428 
cluster  8  : 0.7498 
cluster  9  : 0.7108 
cluster 10  : 0.6779 

--------------------------------------------
Estimated Ln Prob of Data   = -226830.1
Mean value of ln likelihood = -172488.7
Variance of ln likelihood   = 108682.8

Mean value of alpha_1       = 0.0468
Mean value of alpha_2       = 0.0507
Mean value of alpha_3       = 0.1494
Mean value of alpha_4       = 0.3411
Mean value of alpha_5       = 0.6902
Mean value of alpha_6       = 0.6925
Mean value of alpha_7       = 0.9207
Mean value of alpha_8       = 0.9590
Mean value of alpha_9       = 0.9232
Mean value of alpha_10       = 0.9465
Allele frequencies uncorrelated


Inferred ancestry of individuals:
     (%Miss) :  Inferred clusters
  1    (0)   :  0.005 0.005 0.023 0.043 0.096 0.114 0.090 0.107 0.363 0.154 
  2    (0)   :  0.004 0.004 0.012 0.030 0.101 0.077 0.463 0.115 0.099 0.095 
  3    (0)   :  0.006 0.004 0.016 0.059 0.238 0.160 0.101 0.114 0.149 0.153 
  4    (0)   :  0.012 0.005 0.051 0.055 0.091 0.113 0.126 0.113 0.096 0.337 
  5    (0)   :  0.005 0.005 0.016 0.032 0.139 0.082 0.369 0.139 0.119 0.094 
  6    (0)   :  0.006 0.004 0.016 0.038 0.320 0.061 0.130 0.154 0.142 0.130 
  7    (0)   :  0.006 0.004 0.015 0.047 0.154 0.061 0.100 0.353 0.163 0.098 
  8    (0)   :  0.018 0.006 0.112 0.053 0.162 0.088 0.103 0.129 0.143 0.186 
  9    (0)   :  0.007 0.009 0.015 0.038 0.172 0.093 0.247 0.121 0.163 0.135 
 10    (0)   :  0.007 0.005 0.098 0.033 0.174 0.059 0.113 0.151 0.234 0.127 
 11    (0)   :  0.004 0.004 0.014 0.042 0.114 0.059 0.104 0.234 0.336 0.088 
 12    (0)   :  0.005 0.005 0.012 0.031 0.149 0.084 0.285 0.151 0.122 0.157 
 13    (0)   :  0.006 0.005 0.018 0.040 0.160 0.090 0.189 0.187 0.167 0.139 
 14    (0)   :  0.004 0.004 0.031 0.059 0.133 0.188 0.237 0.088 0.141 0.114 
 15    (0)   :  0.005 0.004 0.018 0.082 0.111 0.106 0.188 0.136 0.124 0.224 
 16    (0)   :  0.004 0.004 0.016 0.045 0.167 0.081 0.095 0.133 0.352 0.103 
 17    (0)   :  0.008 0.006 0.014 0.038 0.262 0.124 0.137 0.122 0.147 0.142 
 18    (0)   :  0.007 0.007 0.015 0.080 0.154 0.088 0.260 0.088 0.152 0.148 
 19    (0)   :  0.005 0.004 0.013 0.035 0.271 0.062 0.143 0.151 0.187 0.129 
 20    (0)   :  0.005 0.005 0.013 0.067 0.132 0.094 0.195 0.210 0.133 0.146 
 21    (0)   :  0.004 0.005 0.021 0.040 0.093 0.148 0.188 0.099 0.228 0.174 
 22    (0)   :  0.006 0.004 0.017 0.035 0.286 0.081 0.118 0.108 0.197 0.146 
 23    (0)   :  0.008 0.016 0.041 0.059 0.108 0.178 0.192 0.103 0.115 0.181 
 24    (0)   :  0.004 0.004 0.016 0.040 0.089 0.085 0.102 0.105 0.386 0.168 
 25    (0)   :  0.005 0.005 0.014 0.065 0.265 0.074 0.194 0.184 0.111 0.082 
 26    (0)   :  0.007 0.005 0.013 0.050 0.144 0.081 0.180 0.129 0.198 0.193 
 27    (0)   :  0.006 0.005 0.015 0.041 0.188 0.117 0.137 0.123 0.229 0.139 
 28    (0)   :  0.005 0.005 0.088 0.045 0.093 0.076 0.148 0.150 0.196 0.194 
 29    (0)   :  0.004 0.005 0.013 0.031 0.115 0.106 0.202 0.215 0.197 0.113 
 30    (0)   :  0.005 0.005 0.015 0.041 0.216 0.092 0.143 0.107 0.262 0.115 
 31    (0)   :  0.013 0.006 0.092 0.031 0.102 0.122 0.149 0.169 0.208 0.109 
 32    (0)   :  0.004 0.004 0.027 0.052 0.231 0.095 0.192 0.103 0.107 0.185 
 33    (0)   :  0.005 0.005 0.017 0.054 0.170 0.124 0.120 0.173 0.171 0.161 
 34    (0)   :  0.006 0.010 0.098 0.052 0.202 0.062 0.095 0.258 0.115 0.102 
 35    (0)   :  0.009 0.011 0.013 0.029 0.198 0.221 0.164 0.115 0.148 0.093 
 36    (0)   :  0.004 0.005 0.017 0.108 0.072 0.218 0.109 0.094 0.286 0.087 
 37    (0)   :  0.006 0.004 0.019 0.032 0.139 0.140 0.203 0.116 0.164 0.176 
 38    (0)   :  0.005 0.009 0.013 0.258 0.082 0.092 0.116 0.191 0.155 0.079 
 39    (0)   :  0.007 0.010 0.014 0.074 0.126 0.136 0.144 0.198 0.176 0.117 
 40    (0)   :  0.004 0.005 0.020 0.045 0.115 0.336 0.129 0.086 0.153 0.107 
 41    (0)   :  0.006 0.012 0.020 0.060 0.122 0.298 0.088 0.164 0.153 0.076 
 42    (0)   :  0.004 0.006 0.053 0.079 0.059 0.209 0.083 0.097 0.212 0.198 
 43    (0)   :  0.007 0.006 0.030 0.030 0.113 0.311 0.155 0.119 0.114 0.115 
 44    (0)   :  0.005 0.005 0.015 0.026 0.178 0.362 0.137 0.107 0.091 0.074 
 45    (0)   :  0.005 0.008 0.013 0.077 0.062 0.173 0.196 0.131 0.258 0.077 
 46    (0)   :  0.008 0.006 0.012 0.037 0.249 0.168 0.155 0.147 0.113 0.107 
 47    (0)   :  0.012 0.010 0.024 0.028 0.211 0.107 0.169 0.116 0.194 0.128 
 48    (0)   :  0.006 0.007 0.014 0.033 0.166 0.385 0.144 0.088 0.081 0.078 
 49    (0)   :  0.008 0.011 0.015 0.042 0.127 0.188 0.144 0.125 0.228 0.112 
 50    (0)   :  0.008 0.008 0.058 0.038 0.250 0.097 0.136 0.187 0.124 0.094 
 51    (0)   :  0.004 0.006 0.017 0.092 0.056 0.398 0.102 0.089 0.162 0.074 
 52    (0)   :  0.008 0.010 0.013 0.048 0.128 0.161 0.100 0.208 0.201 0.122 
 53    (0)   :  0.006 0.008 0.033 0.166 0.151 0.111 0.101 0.150 0.172 0.102 
 54    (0)   :  0.007 0.008 0.017 0.024 0.110 0.180 0.243 0.125 0.151 0.135 
 55    (0)   :  0.006 0.006 0.014 0.030 0.103 0.342 0.193 0.107 0.100 0.099 
 56    (0)   :  0.006 0.007 0.018 0.061 0.153 0.231 0.173 0.093 0.135 0.122 
 57    (0)   :  0.012 0.009 0.027 0.038 0.179 0.068 0.115 0.134 0.190 0.229 
 58    (0)   :  0.005 0.008 0.015 0.048 0.069 0.230 0.160 0.131 0.232 0.102 
 59    (0)   :  0.005 0.012 0.019 0.108 0.082 0.165 0.152 0.144 0.203 0.109 
 60    (0)   :  0.004 0.005 0.026 0.059 0.070 0.309 0.116 0.099 0.177 0.136 
 61    (0)   :  0.004 0.005 0.018 0.024 0.058 0.301 0.243 0.099 0.104 0.144 
 62    (0)   :  0.010 0.022 0.015 0.039 0.132 0.107 0.239 0.148 0.154 0.135 
 63    (0)   :  0.004 0.004 0.022 0.051 0.088 0.167 0.176 0.185 0.158 0.143 
 64    (0)   :  0.006 0.008 0.012 0.070 0.213 0.085 0.183 0.136 0.198 0.089 
 65    (0)   :  0.005 0.006 0.012 0.037 0.149 0.080 0.226 0.300 0.103 0.081 
 66    (0)   :  0.005 0.006 0.031 0.035 0.079 0.124 0.256 0.160 0.123 0.181 
 67    (0)   :  0.005 0.005 0.014 0.024 0.103 0.301 0.234 0.120 0.106 0.087 
 68    (0)   :  0.006 0.012 0.021 0.110 0.070 0.178 0.136 0.127 0.221 0.121 
 69    (0)   :  0.007 0.023 0.170 0.157 0.081 0.070 0.116 0.113 0.178 0.085 
 70    (0)   :  0.004 0.005 0.023 0.092 0.070 0.261 0.088 0.173 0.179 0.106 
 71    (0)   :  0.005 0.013 0.015 0.100 0.079 0.187 0.182 0.144 0.204 0.072 
 72    (0)   :  0.005 0.005 0.016 0.056 0.173 0.165 0.109 0.110 0.282 0.081 
 73    (0)   :  0.005 0.013 0.018 0.042 0.070 0.195 0.276 0.147 0.153 0.082 
 74    (0)   :  0.004 0.004 0.020 0.108 0.073 0.210 0.109 0.092 0.256 0.125 
 75    (0)   :  0.005 0.006 0.022 0.074 0.063 0.245 0.124 0.076 0.258 0.127 
 76    (0)   :  0.005 0.004 0.015 0.037 0.114 0.242 0.161 0.208 0.115 0.099 
 77    (0)   :  0.005 0.010 0.018 0.119 0.072 0.180 0.144 0.210 0.162 0.081 
 78    (0)   :  0.005 0.012 0.020 0.218 0.076 0.156 0.118 0.177 0.134 0.084 
 79    (0)   :  0.004 0.004 0.017 0.048 0.133 0.064 0.195 0.250 0.179 0.108 
 80    (0)   :  0.004 0.004 0.026 0.035 0.067 0.075 0.142 0.146 0.134 0.365 
 81    (0)   :  0.005 0.004 0.021 0.039 0.068 0.059 0.153 0.187 0.155 0.309 
 82    (0)   :  0.005 0.005 0.018 0.036 0.089 0.174 0.211 0.156 0.155 0.151 
 83    (0)   :  0.004 0.004 0.022 0.083 0.090 0.096 0.163 0.180 0.131 0.227 
 84    (0)   :  0.004 0.004 0.021 0.049 0.097 0.070 0.148 0.230 0.156 0.221 
 85    (0)   :  0.004 0.004 0.023 0.082 0.117 0.086 0.148 0.119 0.176 0.241 
 86    (0)   :  0.006 0.007 0.013 0.038 0.139 0.164 0.249 0.155 0.122 0.107 
 87    (0)   :  0.005 0.005 0.029 0.080 0.082 0.094 0.160 0.276 0.157 0.112 
 88    (0)   :  0.005 0.004 0.020 0.035 0.076 0.093 0.181 0.180 0.177 0.228 
 89    (0)   :  0.005 0.005 0.041 0.034 0.070 0.076 0.211 0.142 0.174 0.241 
 90    (0)   :  0.004 0.004 0.016 0.042 0.082 0.070 0.203 0.310 0.142 0.126 
 91    (0)   :  0.004 0.004 0.026 0.076 0.084 0.094 0.121 0.112 0.143 0.336 
 92    (0)   :  0.004 0.004 0.016 0.039 0.100 0.082 0.216 0.189 0.207 0.142 
 93    (0)   :  0.004 0.005 0.092 0.029 0.071 0.082 0.116 0.092 0.156 0.353 
 94    (0)   :  0.004 0.004 0.016 0.146 0.074 0.080 0.092 0.339 0.141 0.104 
 95    (0)   :  0.004 0.004 0.020 0.039 0.063 0.080 0.172 0.293 0.123 0.201 
 96    (0)   :  0.004 0.005 0.031 0.028 0.060 0.270 0.208 0.106 0.102 0.186 
 97    (0)   :  0.005 0.005 0.015 0.081 0.065 0.160 0.167 0.079 0.282 0.141 
 98    (0)   :  0.004 0.005 0.022 0.034 0.104 0.194 0.223 0.118 0.189 0.108 
 99    (0)   :  0.004 0.004 0.020 0.045 0.086 0.063 0.177 0.246 0.146 0.209 
100    (0)   :  0.005 0.005 0.024 0.027 0.061 0.105 0.226 0.082 0.107 0.359 
101    (0)   :  0.006 0.006 0.070 0.071 0.080 0.117 0.185 0.180 0.169 0.117 
102    (0)   :  0.006 0.008 0.040 0.071 0.076 0.144 0.115 0.169 0.112 0.259 
103    (0)   :  0.005 0.007 0.055 0.033 0.079 0.074 0.358 0.171 0.089 0.130 
104    (0)   :  0.004 0.005 0.028 0.033 0.084 0.065 0.169 0.402 0.088 0.121 
105    (0)   :  0.006 0.011 0.068 0.029 0.075 0.081 0.237 0.262 0.098 0.135 
106    (0)   :  0.004 0.004 0.011 0.064 0.105 0.068 0.129 0.417 0.131 0.068 
107    (0)   :  0.005 0.009 0.032 0.032 0.086 0.084 0.263 0.256 0.093 0.139 
108    (0)   :  0.004 0.004 0.015 0.192 0.079 0.116 0.325 0.097 0.073 0.096 
109    (0)   :  0.006 0.045 0.018 0.078 0.087 0.080 0.152 0.318 0.147 0.068 
110    (0)   :  0.004 0.005 0.017 0.063 0.100 0.061 0.104 0.425 0.150 0.070 
111    (0)   :  0.007 0.011 0.015 0.033 0.081 0.073 0.175 0.414 0.084 0.107 
112    (0)   :  0.005 0.056 0.013 0.050 0.068 0.112 0.092 0.411 0.117 0.077 
113    (0)   :  0.005 0.006 0.022 0.059 0.104 0.108 0.306 0.126 0.152 0.111 
114    (0)   :  0.004 0.007 0.034 0.029 0.072 0.063 0.177 0.377 0.094 0.143 
115    (0)   :  0.005 0.008 0.026 0.039 0.108 0.184 0.142 0.304 0.086 0.098 
116    (0)   :  0.005 0.007 0.011 0.088 0.087 0.152 0.129 0.295 0.158 0.069 
117    (0)   :  0.006 0.013 0.028 0.054 0.097 0.080 0.100 0.366 0.178 0.078 
118    (0)   :  0.005 0.009 0.013 0.041 0.080 0.091 0.361 0.208 0.092 0.101 
119    (0)   :  0.004 0.004 0.037 0.063 0.068 0.248 0.150 0.142 0.090 0.193 
120    (0)   :  0.005 0.012 0.022 0.039 0.092 0.144 0.174 0.316 0.087 0.109 
121    (0)   :  0.010 0.037 0.030 0.049 0.097 0.186 0.135 0.269 0.115 0.073 
122    (0)   :  0.004 0.007 0.020 0.050 0.093 0.067 0.169 0.349 0.159 0.083 
123    (0)   :  0.005 0.007 0.021 0.067 0.085 0.086 0.166 0.338 0.112 0.113 
124    (0)   :  0.008 0.017 0.013 0.056 0.142 0.114 0.183 0.213 0.167 0.087 
125    (0)   :  0.005 0.010 0.021 0.080 0.126 0.094 0.102 0.179 0.303 0.080 
126    (0)   :  0.004 0.004 0.013 0.065 0.073 0.158 0.129 0.286 0.153 0.116 
127    (0)   :  0.005 0.008 0.013 0.031 0.071 0.080 0.189 0.421 0.074 0.109 
128    (0)   :  0.004 0.006 0.012 0.027 0.082 0.090 0.407 0.171 0.103 0.096 
129    (0)   :  0.006 0.008 0.031 0.031 0.084 0.077 0.347 0.256 0.088 0.071 
130    (0)   :  0.006 0.014 0.033 0.032 0.079 0.063 0.196 0.342 0.095 0.141 
131    (0)   :  0.009 0.023 0.025 0.160 0.107 0.112 0.127 0.222 0.148 0.068 
132    (0)   :  0.004 0.006 0.017 0.049 0.086 0.068 0.245 0.323 0.133 0.069 
133    (0)   :  0.008 0.011 0.022 0.041 0.093 0.091 0.265 0.276 0.085 0.107 
134    (0)   :  0.004 0.006 0.010 0.042 0.076 0.053 0.110 0.515 0.123 0.061 
135    (0)   :  0.006 0.006 0.016 0.040 0.055 0.206 0.143 0.080 0.143 0.306 
136    (0)   :  0.006 0.005 0.035 0.032 0.110 0.082 0.120 0.074 0.135 0.400 
137    (0)   :  0.005 0.009 0.044 0.030 0.066 0.072 0.088 0.107 0.156 0.423 
138    (0)   :  0.005 0.004 0.019 0.039 0.059 0.078 0.089 0.074 0.129 0.504 
139    (0)   :  0.004 0.005 0.027 0.034 0.074 0.115 0.318 0.079 0.155 0.189 
140    (0)   :  0.005 0.005 0.045 0.039 0.067 0.118 0.141 0.111 0.227 0.242 
141    (0)   :  0.005 0.006 0.129 0.042 0.110 0.083 0.137 0.077 0.171 0.240 
142    (0)   :  0.005 0.007 0.040 0.037 0.055 0.227 0.167 0.078 0.130 0.253 
143    (0)   :  0.004 0.004 0.023 0.027 0.057 0.077 0.088 0.071 0.108 0.542 
144    (0)   :  0.004 0.010 0.031 0.029 0.059 0.077 0.086 0.106 0.123 0.474 
145    (0)   :  0.006 0.006 0.028 0.041 0.117 0.114 0.157 0.076 0.214 0.241 
146    (0)   :  0.006 0.005 0.031 0.040 0.086 0.084 0.113 0.121 0.232 0.282 
147    (0)   :  0.004 0.004 0.037 0.028 0.065 0.066 0.086 0.071 0.127 0.511 
148    (0)   :  0.005 0.006 0.117 0.030 0.111 0.129 0.143 0.101 0.115 0.242 
149    (0)   :  0.005 0.006 0.174 0.036 0.060 0.155 0.122 0.072 0.188 0.182 
150    (0)   :  0.005 0.011 0.037 0.029 0.078 0.085 0.143 0.136 0.159 0.319 
151    (0)   :  0.004 0.004 0.020 0.028 0.066 0.087 0.119 0.092 0.128 0.452 
152    (0)   :  0.005 0.006 0.043 0.055 0.124 0.158 0.132 0.084 0.101 0.292 
153    (0)   :  0.004 0.004 0.041 0.037 0.065 0.126 0.091 0.090 0.179 0.362 
154    (0)   :  0.006 0.006 0.229 0.031 0.100 0.138 0.134 0.073 0.122 0.162 
155    (0)   :  0.005 0.004 0.021 0.027 0.065 0.069 0.111 0.094 0.089 0.516 
156    (0)   :  0.004 0.005 0.024 0.026 0.057 0.186 0.104 0.095 0.092 0.407 
157    (0)   :  0.004 0.004 0.039 0.038 0.070 0.065 0.100 0.156 0.113 0.412 
158    (0)   :  0.006 0.006 0.030 0.044 0.112 0.102 0.123 0.077 0.233 0.267 
159    (0)   :  0.005 0.005 0.134 0.029 0.063 0.071 0.105 0.072 0.115 0.400 
160    (0)   :  0.006 0.005 0.126 0.029 0.063 0.070 0.130 0.072 0.117 0.382 
161    (0)   :  0.004 0.004 0.032 0.037 0.070 0.105 0.114 0.091 0.274 0.270 
162    (0)   :  0.007 0.005 0.029 0.038 0.090 0.085 0.155 0.121 0.208 0.262 
163    (0)   :  0.004 0.004 0.020 0.026 0.059 0.113 0.089 0.090 0.096 0.498 
164    (0)   :  0.007 0.005 0.158 0.032 0.075 0.079 0.194 0.110 0.152 0.189 
165    (0)   :  0.005 0.010 0.023 0.029 0.067 0.084 0.110 0.138 0.138 0.395 
166    (0)   :  0.005 0.004 0.163 0.078 0.071 0.107 0.130 0.124 0.102 0.215 
167    (0)   :  0.008 0.006 0.296 0.034 0.116 0.064 0.090 0.095 0.103 0.188 
168    (0)   :  0.005 0.004 0.020 0.081 0.070 0.102 0.099 0.079 0.144 0.397 
169    (0)   :  0.006 0.006 0.024 0.083 0.107 0.089 0.108 0.075 0.301 0.202 
170    (0)   :  0.004 0.004 0.043 0.029 0.066 0.179 0.149 0.090 0.138 0.298 
171    (0)   :  0.005 0.004 0.032 0.061 0.102 0.112 0.167 0.086 0.123 0.308 
172    (0)   :  0.005 0.006 0.061 0.066 0.059 0.173 0.107 0.071 0.276 0.177 
173    (0)   :  0.005 0.004 0.032 0.027 0.065 0.073 0.161 0.072 0.105 0.456 
174    (0)   :  0.005 0.004 0.035 0.029 0.073 0.063 0.119 0.092 0.134 0.447 
175    (0)   :  0.005 0.004 0.039 0.029 0.108 0.104 0.100 0.073 0.109 0.429 
176    (0)   :  0.005 0.010 0.030 0.029 0.059 0.077 0.087 0.107 0.125 0.472 
177    (0)   :  0.005 0.004 0.035 0.055 0.072 0.073 0.107 0.156 0.180 0.313 
178    (0)   :  0.005 0.004 0.042 0.029 0.133 0.062 0.135 0.094 0.125 0.371 
179    (0)   :  0.004 0.004 0.104 0.027 0.066 0.061 0.114 0.072 0.109 0.439 
180    (0)   :  0.007 0.006 0.077 0.040 0.079 0.095 0.100 0.096 0.247 0.254 
181    (0)   :  0.005 0.006 0.025 0.036 0.066 0.126 0.176 0.075 0.207 0.277 
182    (0)   :  0.006 0.005 0.022 0.029 0.059 0.134 0.187 0.073 0.114 0.371 
183    (0)   :  0.004 0.004 0.030 0.028 0.067 0.079 0.122 0.072 0.127 0.468 
184    (0)   :  0.005 0.005 0.012 0.036 0.143 0.084 0.433 0.099 0.086 0.097 
185    (0)   :  0.004 0.005 0.017 0.024 0.052 0.196 0.088 0.065 0.088 0.462 
186    (0)   :  0.005 0.004 0.012 0.027 0.123 0.079 0.401 0.145 0.111 0.093 
187    (0)   :  0.004 0.004 0.019 0.031 0.088 0.079 0.327 0.095 0.090 0.263 
188    (0)   :  0.005 0.005 0.012 0.024 0.116 0.069 0.491 0.116 0.086 0.076 
189    (0)   :  0.004 0.004 0.020 0.087 0.141 0.135 0.139 0.101 0.138 0.230 
190    (0)   :  0.004 0.005 0.015 0.024 0.050 0.356 0.187 0.069 0.078 0.211 
191    (0)   :  0.004 0.005 0.015 0.025 0.079 0.065 0.500 0.090 0.090 0.126 
192    (0)   :  0.004 0.004 0.019 0.029 0.098 0.073 0.320 0.119 0.102 0.231 
193    (0)   :  0.004 0.005 0.020 0.032 0.105 0.110 0.283 0.107 0.137 0.198 
194    (0)   :  0.004 0.004 0.030 0.031 0.085 0.167 0.267 0.110 0.120 0.181 
195    (0)   :  0.004 0.005 0.017 0.024 0.058 0.158 0.278 0.069 0.102 0.285 
196    (0)   :  0.004 0.005 0.016 0.031 0.067 0.194 0.303 0.096 0.083 0.201 
197    (0)   :  0.005 0.004 0.015 0.031 0.166 0.096 0.210 0.146 0.121 0.205 
198    (0)   :  0.004 0.004 0.018 0.039 0.127 0.128 0.202 0.137 0.178 0.163 
199    (0)   :  0.004 0.005 0.015 0.038 0.065 0.313 0.208 0.094 0.118 0.141 
200    (0)   :  0.004 0.006 0.016 0.049 0.097 0.193 0.270 0.098 0.077 0.189 
201    (0)   :  0.004 0.004 0.017 0.024 0.071 0.089 0.247 0.077 0.090 0.377 
202    (0)   :  0.004 0.004 0.018 0.024 0.058 0.228 0.145 0.088 0.111 0.320 
203    (0)   :  0.004 0.006 0.017 0.025 0.063 0.084 0.298 0.076 0.072 0.354 
204    (0)   :  0.004 0.005 0.015 0.024 0.056 0.157 0.416 0.072 0.090 0.160 
205    (0)   :  0.004 0.005 0.016 0.038 0.072 0.154 0.378 0.094 0.100 0.140 
206    (0)   :  0.004 0.005 0.016 0.024 0.067 0.092 0.453 0.073 0.095 0.172 
207    (0)   :  0.004 0.005 0.013 0.024 0.062 0.141 0.453 0.093 0.092 0.112 
208    (0)   :  0.004 0.004 0.016 0.025 0.065 0.099 0.363 0.083 0.083 0.257 
209    (0)   :  0.004 0.005 0.018 0.026 0.085 0.098 0.399 0.095 0.108 0.162 
210    (0)   :  0.004 0.005 0.015 0.024 0.067 0.086 0.445 0.086 0.087 0.182 
211    (0)   :  0.005 0.007 0.021 0.025 0.070 0.237 0.232 0.127 0.079 0.198 
212    (0)   :  0.004 0.004 0.017 0.027 0.082 0.163 0.140 0.075 0.140 0.349 
213    (0)   :  0.004 0.005 0.015 0.036 0.059 0.232 0.215 0.136 0.166 0.133 
214    (0)   :  0.004 0.005 0.018 0.024 0.070 0.119 0.225 0.078 0.090 0.367 
215    (0)   :  0.004 0.005 0.014 0.036 0.071 0.102 0.476 0.101 0.074 0.117 
216    (0)   :  0.005 0.004 0.013 0.035 0.173 0.100 0.333 0.107 0.110 0.118 
217    (0)   :  0.004 0.004 0.017 0.034 0.075 0.119 0.239 0.078 0.098 0.332 
218    (0)   :  0.004 0.004 0.015 0.035 0.066 0.084 0.440 0.100 0.098 0.154 
219    (0)   :  0.006 0.004 0.016 0.049 0.159 0.093 0.214 0.095 0.119 0.246 
220    (0)   :  0.004 0.005 0.015 0.024 0.061 0.075 0.533 0.081 0.078 0.123 
221    (0)   :  0.004 0.005 0.032 0.024 0.056 0.277 0.128 0.068 0.095 0.311 
222    (0)   :  0.005 0.004 0.015 0.034 0.198 0.088 0.254 0.107 0.133 0.162 
223    (0)   :  0.004 0.004 0.019 0.038 0.105 0.089 0.227 0.100 0.105 0.309 
224    (0)   :  0.004 0.005 0.018 0.024 0.068 0.086 0.356 0.074 0.092 0.271 
225    (0)   :  0.004 0.004 0.016 0.030 0.071 0.165 0.357 0.084 0.102 0.166 
226    (0)   :  0.005 0.005 0.019 0.129 0.105 0.088 0.279 0.097 0.102 0.170 
227    (0)   :  0.004 0.004 0.018 0.025 0.058 0.247 0.232 0.096 0.101 0.214 
228    (0)   :  0.004 0.007 0.017 0.024 0.054 0.246 0.221 0.065 0.094 0.269 
229    (0)   :  0.004 0.005 0.019 0.024 0.070 0.066 0.343 0.082 0.091 0.296 
230    (0)   :  0.004 0.005 0.018 0.024 0.064 0.077 0.416 0.079 0.081 0.232 
231    (0)   :  0.004 0.005 0.016 0.026 0.095 0.067 0.330 0.081 0.106 0.271 
232    (0)   :  0.004 0.005 0.017 0.040 0.060 0.172 0.194 0.106 0.219 0.184 
233    (0)   :  0.004 0.004 0.016 0.025 0.071 0.084 0.217 0.079 0.081 0.419 
234    (0)   :  0.004 0.004 0.015 0.031 0.134 0.075 0.302 0.113 0.114 0.209 
235    (0)   :  0.004 0.004 0.022 0.041 0.087 0.115 0.246 0.100 0.127 0.254 
236    (0)   :  0.004 0.004 0.016 0.030 0.091 0.089 0.274 0.089 0.091 0.311 
237    (0)   :  0.004 0.006 0.012 0.025 0.071 0.172 0.388 0.088 0.105 0.128 
238    (0)   :  0.004 0.004 0.020 0.025 0.079 0.111 0.213 0.098 0.103 0.344 
239    (0)   :  0.004 0.005 0.016 0.024 0.058 0.158 0.278 0.069 0.104 0.284 
240    (0)   :  0.004 0.004 0.020 0.024 0.080 0.109 0.212 0.099 0.103 0.344 
241    (0)   :  0.005 0.004 0.023 0.032 0.066 0.148 0.209 0.079 0.131 0.303 
242    (0)   :  0.004 0.005 0.019 0.051 0.100 0.124 0.301 0.093 0.109 0.193 
243    (0)   :  0.004 0.005 0.015 0.024 0.059 0.210 0.319 0.078 0.076 0.209 
244    (0)   :  0.004 0.005 0.016 0.024 0.065 0.084 0.349 0.075 0.081 0.297 
245    (0)   :  0.004 0.004 0.018 0.024 0.064 0.144 0.136 0.088 0.107 0.411 
246    (0)   :  0.004 0.004 0.017 0.033 0.074 0.120 0.240 0.078 0.098 0.331 
247    (0)   :  0.004 0.004 0.012 0.053 0.086 0.098 0.337 0.192 0.128 0.087 
248    (0)   :  0.004 0.004 0.012 0.029 0.076 0.103 0.477 0.108 0.087 0.100 
249    (0)   :  0.004 0.005 0.021 0.024 0.068 0.108 0.306 0.084 0.093 0.286 
250    (0)   :  0.004 0.004 0.018 0.029 0.086 0.079 0.354 0.093 0.091 0.242 
251    (0)   :  0.004 0.006 0.016 0.078 0.137 0.121 0.279 0.123 0.087 0.149 
252    (0)   :  0.004 0.004 0.017 0.030 0.079 0.144 0.283 0.088 0.123 0.227 
253    (0)   :  0.004 0.004 0.014 0.050 0.093 0.195 0.246 0.139 0.138 0.116 
254    (0)   :  0.005 0.004 0.014 0.028 0.166 0.092 0.303 0.095 0.106 0.185 
255    (0)   :  0.004 0.004 0.019 0.027 0.097 0.083 0.314 0.104 0.131 0.217 
256    (0)   :  0.004 0.005 0.019 0.029 0.077 0.144 0.288 0.085 0.112 0.237 
257    (0)   :  0.007 0.007 0.027 0.032 0.081 0.106 0.368 0.102 0.105 0.165 
258    (0)   :  0.004 0.005 0.015 0.033 0.095 0.191 0.258 0.129 0.112 0.159 
259    (0)   :  0.004 0.004 0.017 0.029 0.080 0.093 0.435 0.089 0.091 0.157 
260    (0)   :  0.005 0.004 0.016 0.030 0.179 0.078 0.196 0.101 0.101 0.290 
261    (0)   :  0.004 0.004 0.015 0.031 0.078 0.169 0.206 0.080 0.118 0.294 
262    (0)   :  0.004 0.005 0.016 0.031 0.056 0.270 0.197 0.069 0.094 0.259 
263    (0)   :  0.005 0.005 0.012 0.024 0.107 0.094 0.469 0.083 0.080 0.120 
264    (0)   :  0.006 0.005 0.012 0.036 0.284 0.090 0.268 0.112 0.108 0.080 
265    (0)   :  0.004 0.004 0.016 0.041 0.094 0.085 0.327 0.098 0.101 0.230 
266    (0)   :  0.004 0.004 0.018 0.024 0.056 0.217 0.144 0.069 0.097 0.367 
267    (0)   :  0.004 0.004 0.015 0.026 0.097 0.116 0.273 0.107 0.128 0.229 
268    (0)   :  0.004 0.005 0.016 0.031 0.067 0.192 0.305 0.096 0.083 0.202 
269    (0)   :  0.004 0.004 0.016 0.063 0.158 0.080 0.226 0.104 0.099 0.246 
270    (0)   :  0.005 0.005 0.018 0.028 0.127 0.092 0.381 0.111 0.123 0.109 
271    (0)   :  0.004 0.005 0.016 0.038 0.085 0.125 0.379 0.115 0.093 0.142 
272    (0)   :  0.005 0.007 0.017 0.130 0.089 0.124 0.290 0.104 0.085 0.148 
273    (0)   :  0.019 0.016 0.047 0.045 0.099 0.086 0.235 0.126 0.139 0.188 
274    (0)   :  0.004 0.004 0.017 0.051 0.100 0.093 0.355 0.108 0.107 0.160 
275    (0)   :  0.007 0.008 0.038 0.050 0.107 0.086 0.357 0.088 0.102 0.158 
276    (0)   :  0.005 0.006 0.017 0.099 0.081 0.160 0.289 0.110 0.111 0.121 
277    (0)   :  0.004 0.004 0.017 0.036 0.110 0.086 0.265 0.098 0.126 0.254 
278    (0)   :  0.004 0.005 0.014 0.038 0.071 0.127 0.420 0.097 0.074 0.149 
279    (0)   :  0.004 0.004 0.016 0.036 0.098 0.098 0.345 0.096 0.110 0.193 
280    (0)   :  0.004 0.004 0.014 0.060 0.099 0.107 0.278 0.090 0.159 0.186 
281    (0)   :  0.004 0.004 0.017 0.034 0.076 0.095 0.357 0.124 0.129 0.160 
282    (0)   :  0.004 0.004 0.017 0.031 0.103 0.073 0.199 0.093 0.099 0.379 
283    (0)   :  0.004 0.004 0.021 0.025 0.071 0.086 0.206 0.091 0.086 0.405 
284    (0)   :  0.004 0.005 0.026 0.031 0.099 0.105 0.278 0.119 0.102 0.231 
285    (0)   :  0.004 0.005 0.011 0.041 0.071 0.129 0.443 0.107 0.114 0.074 
286    (0)   :  0.004 0.005 0.016 0.024 0.065 0.085 0.348 0.074 0.081 0.298 
287    (0)   :  0.004 0.004 0.019 0.050 0.087 0.081 0.266 0.130 0.148 0.211 
288    (0)   :  0.005 0.005 0.017 0.094 0.086 0.080 0.398 0.092 0.085 0.137 
289    (0)   :  0.007 0.007 0.026 0.057 0.094 0.102 0.380 0.124 0.081 0.121 
290    (0)   :  0.006 0.008 0.014 0.035 0.129 0.199 0.251 0.091 0.129 0.137 
291    (0)   :  0.004 0.005 0.016 0.037 0.084 0.125 0.378 0.115 0.093 0.142 
292    (0)   :  0.004 0.004 0.014 0.058 0.081 0.198 0.188 0.081 0.177 0.195 
293    (0)   :  0.005 0.006 0.012 0.036 0.177 0.185 0.203 0.107 0.155 0.115 
294    (0)   :  0.006 0.006 0.013 0.030 0.099 0.156 0.416 0.084 0.089 0.100 
295    (0)   :  0.005 0.008 0.036 0.078 0.092 0.203 0.230 0.115 0.122 0.113 
296    (0)   :  0.004 0.005 0.014 0.035 0.059 0.110 0.444 0.106 0.084 0.138 
297    (0)   :  0.004 0.004 0.014 0.057 0.096 0.088 0.340 0.095 0.167 0.134 
298    (0)   :  0.004 0.004 0.019 0.030 0.098 0.067 0.271 0.100 0.102 0.305 
299    (0)   :  0.005 0.005 0.014 0.024 0.123 0.072 0.436 0.089 0.098 0.134 
300    (0)   :  0.004 0.005 0.012 0.033 0.062 0.098 0.491 0.079 0.125 0.092 
301    (0)   :  0.005 0.005 0.019 0.039 0.167 0.089 0.370 0.093 0.102 0.112 
302    (0)   :  0.006 0.008 0.020 0.032 0.099 0.211 0.352 0.084 0.088 0.101 
303    (0)   :  0.004 0.005 0.016 0.034 0.072 0.092 0.281 0.080 0.149 0.268 
304    (0)   :  0.005 0.004 0.026 0.027 0.161 0.064 0.141 0.132 0.146 0.293 
305    (0)   :  0.004 0.006 0.026 0.032 0.061 0.161 0.349 0.069 0.103 0.188 
306    (0)   :  0.004 0.004 0.021 0.041 0.086 0.116 0.213 0.087 0.119 0.310 
307    (0)   :  0.005 0.005 0.020 0.036 0.101 0.107 0.320 0.097 0.113 0.197 
308    (0)   :  0.004 0.004 0.016 0.031 0.079 0.168 0.206 0.080 0.118 0.295 
309    (0)   :  0.013 0.024 0.031 0.032 0.073 0.087 0.428 0.109 0.079 0.123 
310    (0)   :  0.004 0.005 0.016 0.024 0.066 0.152 0.323 0.075 0.090 0.245 
311    (0)   :  0.004 0.005 0.018 0.024 0.064 0.077 0.416 0.079 0.082 0.232 
312    (0)   :  0.004 0.005 0.014 0.024 0.060 0.095 0.503 0.094 0.075 0.126 
313    (0)   :  0.004 0.005 0.013 0.029 0.063 0.238 0.391 0.086 0.083 0.088 
314    (0)   :  0.004 0.006 0.109 0.031 0.059 0.130 0.085 0.070 0.114 0.389 
315    (0)   :  0.004 0.004 0.127 0.048 0.072 0.127 0.082 0.074 0.105 0.357 
316    (0)   :  0.006 0.005 0.225 0.061 0.077 0.068 0.086 0.079 0.109 0.285 
317    (0)   :  0.005 0.006 0.117 0.033 0.061 0.072 0.085 0.073 0.111 0.438 
318    (0)   :  0.004 0.004 0.241 0.031 0.064 0.052 0.080 0.072 0.109 0.341 
319    (0)   :  0.004 0.004 0.019 0.027 0.058 0.074 0.091 0.070 0.109 0.544 
320    (0)   :  0.004 0.006 0.109 0.031 0.059 0.132 0.085 0.070 0.115 0.389 
321    (0)   :  0.004 0.005 0.203 0.032 0.065 0.069 0.082 0.072 0.128 0.340 
322    (0)   :  0.006 0.006 0.093 0.064 0.074 0.107 0.094 0.079 0.111 0.366 
323    (0)   :  0.011 0.005 0.102 0.030 0.067 0.058 0.087 0.073 0.105 0.462 
324    (0)   :  0.005 0.005 0.204 0.032 0.064 0.068 0.082 0.073 0.127 0.340 
325    (0)   :  0.004 0.004 0.273 0.056 0.073 0.064 0.082 0.077 0.099 0.266 
326    (0)   :  0.007 0.007 0.325 0.058 0.073 0.065 0.080 0.077 0.100 0.208 
327    (0)   :  0.005 0.006 0.117 0.033 0.061 0.072 0.084 0.072 0.112 0.438 
328    (0)   :  0.004 0.004 0.111 0.054 0.075 0.100 0.098 0.078 0.123 0.352 
329    (0)   :  0.004 0.004 0.040 0.028 0.063 0.056 0.082 0.071 0.113 0.539 
330    (0)   :  0.005 0.006 0.117 0.033 0.062 0.072 0.085 0.072 0.111 0.438 
331    (0)   :  0.004 0.004 0.103 0.028 0.062 0.056 0.091 0.071 0.114 0.467 
332    (0)   :  0.009 0.005 0.321 0.056 0.077 0.064 0.080 0.078 0.100 0.210 
333    (0)   :  0.007 0.006 0.248 0.055 0.072 0.076 0.096 0.077 0.105 0.258 
334    (0)   :  0.004 0.005 0.113 0.054 0.075 0.100 0.098 0.077 0.123 0.351 
335    (0)   :  0.004 0.004 0.058 0.055 0.070 0.102 0.085 0.077 0.100 0.444 
336    (0)   :  0.009 0.005 0.281 0.030 0.066 0.093 0.079 0.071 0.116 0.249 
337    (0)   :  0.004 0.005 0.231 0.058 0.074 0.089 0.085 0.077 0.116 0.260 
338    (0)   :  0.004 0.004 0.304 0.031 0.064 0.052 0.081 0.072 0.116 0.270 
339    (0)   :  0.004 0.004 0.105 0.028 0.063 0.057 0.090 0.072 0.114 0.463 
340    (0)   :  0.004 0.004 0.041 0.027 0.058 0.059 0.088 0.070 0.097 0.551 
341    (0)   :  0.009 0.006 0.136 0.031 0.063 0.061 0.094 0.073 0.113 0.414 
342    (0)   :  0.004 0.006 0.116 0.033 0.061 0.073 0.085 0.072 0.112 0.440 
343    (0)   :  0.010 0.005 0.111 0.049 0.077 0.176 0.081 0.076 0.107 0.309 
344    (0)   :  0.004 0.004 0.104 0.028 0.063 0.054 0.080 0.071 0.111 0.480 
345    (0)   :  0.005 0.006 0.118 0.033 0.061 0.072 0.085 0.073 0.111 0.437 
346    (0)   :  0.005 0.005 0.138 0.032 0.060 0.057 0.083 0.072 0.099 0.449 
347    (0)   :  0.004 0.004 0.044 0.027 0.058 0.057 0.079 0.071 0.095 0.560 
348    (0)   :  0.004 0.004 0.053 0.046 0.066 0.188 0.084 0.074 0.099 0.383 
349    (0)   :  0.005 0.006 0.119 0.033 0.061 0.073 0.085 0.072 0.111 0.435 
350    (0)   :  0.004 0.004 0.030 0.026 0.061 0.099 0.095 0.069 0.121 0.490 
351    (0)   :  0.004 0.004 0.059 0.053 0.070 0.102 0.084 0.077 0.100 0.447 
352    (0)   :  0.005 0.006 0.140 0.062 0.071 0.101 0.090 0.077 0.104 0.345 
353    (0)   :  0.009 0.005 0.281 0.030 0.065 0.093 0.079 0.071 0.116 0.249 
354    (0)   :  0.006 0.005 0.111 0.030 0.066 0.057 0.086 0.073 0.117 0.449 
355    (0)   :  0.004 0.004 0.239 0.030 0.064 0.053 0.080 0.072 0.109 0.344 
356    (0)   :  0.004 0.004 0.037 0.045 0.065 0.198 0.083 0.073 0.098 0.393 
357    (0)   :  0.004 0.004 0.023 0.089 0.150 0.072 0.099 0.097 0.115 0.347 
358    (0)   :  0.004 0.004 0.251 0.051 0.073 0.070 0.082 0.077 0.105 0.283 
359    (0)   :  0.005 0.004 0.218 0.029 0.063 0.058 0.092 0.072 0.120 0.341 
360    (0)   :  0.005 0.005 0.138 0.032 0.061 0.057 0.082 0.071 0.098 0.451 
361    (0)   :  0.004 0.004 0.025 0.086 0.150 0.100 0.103 0.097 0.134 0.297 
362    (0)   :  0.005 0.006 0.025 0.124 0.106 0.080 0.236 0.168 0.152 0.098 
363    (0)   :  0.006 0.006 0.016 0.067 0.145 0.081 0.184 0.244 0.168 0.082 
364    (0)   :  0.010 0.007 0.026 0.042 0.205 0.100 0.129 0.123 0.159 0.199 
365    (0)   :  0.012 0.011 0.016 0.082 0.170 0.075 0.137 0.144 0.262 0.092 
366    (0)   :  0.005 0.007 0.018 0.069 0.173 0.162 0.177 0.093 0.161 0.136 
367    (0)   :  0.004 0.005 0.012 0.093 0.091 0.056 0.101 0.430 0.134 0.073 
368    (0)   :  0.004 0.004 0.016 0.040 0.115 0.068 0.276 0.206 0.165 0.106 
369    (0)   :  0.006 0.008 0.046 0.035 0.175 0.246 0.127 0.105 0.132 0.119 
370    (0)   :  0.009 0.011 0.036 0.042 0.131 0.079 0.255 0.206 0.126 0.103 
371    (0)   :  0.008 0.008 0.032 0.032 0.232 0.095 0.215 0.115 0.149 0.115 
372    (0)   :  0.029 0.023 0.031 0.041 0.074 0.088 0.312 0.150 0.135 0.117 
373    (0)   :  0.005 0.005 0.017 0.041 0.101 0.080 0.137 0.291 0.180 0.143 
374    (0)   :  0.006 0.010 0.043 0.074 0.144 0.085 0.147 0.161 0.138 0.191 
375    (0)   :  0.012 0.008 0.017 0.040 0.230 0.057 0.166 0.217 0.171 0.083 
376    (0)   :  0.075 0.008 0.015 0.081 0.240 0.061 0.086 0.170 0.183 0.080 
377    (0)   :  0.006 0.006 0.030 0.079 0.128 0.095 0.254 0.143 0.159 0.100 
378    (0)   :  0.005 0.005 0.039 0.038 0.066 0.082 0.126 0.319 0.131 0.188 
379    (0)   :  0.131 0.015 0.015 0.072 0.212 0.066 0.099 0.182 0.136 0.071 
380    (0)   :  0.008 0.007 0.020 0.093 0.102 0.089 0.114 0.087 0.346 0.133 
381    (0)   :  0.007 0.007 0.017 0.044 0.225 0.141 0.086 0.081 0.273 0.120 
382    (0)   :  0.004 0.004 0.020 0.049 0.321 0.056 0.128 0.214 0.111 0.092 
383    (0)   :  0.010 0.009 0.132 0.116 0.142 0.057 0.140 0.089 0.194 0.112 
384    (0)   :  0.033 0.017 0.050 0.045 0.209 0.058 0.110 0.141 0.209 0.127 
385    (0)   :  0.006 0.066 0.112 0.035 0.129 0.061 0.130 0.177 0.155 0.129 
386    (0)   :  0.004 0.004 0.013 0.080 0.152 0.070 0.139 0.277 0.176 0.085 
387    (0)   :  0.004 0.004 0.013 0.068 0.182 0.070 0.112 0.238 0.200 0.108 
388    (0)   :  0.012 0.014 0.032 0.044 0.150 0.062 0.142 0.156 0.192 0.194 
389    (0)   :  0.009 0.015 0.025 0.033 0.109 0.165 0.306 0.139 0.111 0.088 
390    (0)   :  0.016 0.016 0.021 0.091 0.098 0.126 0.096 0.257 0.202 0.077 
391    (0)   :  0.011 0.020 0.022 0.056 0.103 0.133 0.152 0.225 0.159 0.119 
392    (0)   :  0.006 0.005 0.014 0.053 0.138 0.075 0.128 0.180 0.249 0.153 
393    (0)   :  0.006 0.006 0.016 0.095 0.089 0.083 0.086 0.091 0.417 0.110 
394    (0)   :  0.004 0.004 0.046 0.086 0.085 0.077 0.134 0.197 0.164 0.202 
395    (0)   :  0.004 0.004 0.011 0.120 0.087 0.108 0.242 0.168 0.157 0.100 
396    (0)   :  0.005 0.004 0.011 0.034 0.193 0.059 0.158 0.283 0.180 0.074 
397    (0)   :  0.044 0.005 0.016 0.031 0.194 0.092 0.230 0.095 0.128 0.165 
398    (0)   :  0.035 0.005 0.013 0.155 0.088 0.064 0.096 0.269 0.196 0.078 
399    (0)   :  0.004 0.006 0.021 0.081 0.082 0.088 0.133 0.375 0.122 0.087 
400    (0)   :  0.005 0.005 0.016 0.047 0.188 0.077 0.091 0.277 0.184 0.110 
401    (0)   :  0.004 0.005 0.014 0.049 0.063 0.114 0.115 0.330 0.183 0.124 
402    (0)   :  0.005 0.005 0.015 0.036 0.104 0.136 0.137 0.200 0.247 0.115 
403    (0)   :  0.005 0.009 0.017 0.048 0.087 0.079 0.136 0.129 0.205 0.284 
404    (0)   :  0.005 0.008 0.014 0.038 0.191 0.077 0.207 0.146 0.184 0.129 
405    (0)   :  0.004 0.004 0.015 0.094 0.134 0.100 0.191 0.129 0.213 0.115 
406    (0)   :  0.004 0.004 0.016 0.260 0.078 0.137 0.138 0.089 0.123 0.150 
407    (0)   :  0.004 0.004 0.011 0.119 0.168 0.058 0.125 0.163 0.276 0.072 
408    (0)   :  0.004 0.004 0.011 0.034 0.064 0.166 0.175 0.354 0.122 0.067 
409    (0)   :  0.008 0.010 0.044 0.078 0.071 0.164 0.097 0.098 0.263 0.168 
410    (0)   :  0.065 0.007 0.020 0.065 0.101 0.079 0.113 0.211 0.219 0.120 
411    (0)   :  0.010 0.006 0.048 0.040 0.253 0.118 0.097 0.146 0.160 0.123 
412    (0)   :  0.004 0.004 0.015 0.044 0.134 0.066 0.244 0.232 0.157 0.099 
413    (0)   :  0.004 0.004 0.033 0.043 0.095 0.066 0.185 0.244 0.158 0.169 
414    (0)   :  0.004 0.007 0.018 0.035 0.182 0.057 0.231 0.280 0.116 0.071 
415    (0)   :  0.004 0.005 0.014 0.094 0.196 0.121 0.128 0.174 0.174 0.089 
416    (0)   :  0.005 0.008 0.014 0.044 0.090 0.120 0.103 0.236 0.271 0.108 
417    (0)   :  0.005 0.005 0.019 0.221 0.102 0.065 0.126 0.179 0.198 0.081 
418    (0)   :  0.005 0.004 0.014 0.039 0.141 0.054 0.140 0.363 0.154 0.085 
419    (0)   :  0.009 0.013 0.020 0.051 0.098 0.089 0.124 0.152 0.262 0.182 
420    (0)   :  0.004 0.005 0.012 0.047 0.066 0.183 0.106 0.325 0.175 0.077 
421    (0)   :  0.005 0.005 0.020 0.089 0.075 0.067 0.176 0.216 0.265 0.081 
422    (0)   :  0.005 0.005 0.013 0.089 0.067 0.107 0.244 0.109 0.275 0.087 
423    (0)   :  0.005 0.005 0.012 0.111 0.201 0.084 0.192 0.161 0.111 0.117 
424    (0)   :  0.006 0.012 0.022 0.129 0.095 0.136 0.104 0.251 0.128 0.118 
425    (0)   :  0.015 0.017 0.018 0.044 0.206 0.075 0.144 0.149 0.187 0.144 
426    (0)   :  0.023 0.019 0.044 0.107 0.129 0.083 0.125 0.222 0.124 0.124 
427    (0)   :  0.004 0.004 0.032 0.176 0.093 0.057 0.088 0.228 0.180 0.136 
428    (0)   :  0.015 0.005 0.016 0.166 0.071 0.106 0.136 0.098 0.227 0.158 
429    (0)   :  0.005 0.005 0.012 0.093 0.205 0.057 0.111 0.303 0.138 0.072 
430    (0)   :  0.004 0.004 0.014 0.145 0.094 0.066 0.133 0.122 0.341 0.077 
431    (0)   :  0.008 0.010 0.028 0.071 0.132 0.078 0.185 0.249 0.110 0.129 
432    (0)   :  0.004 0.004 0.016 0.039 0.099 0.075 0.220 0.224 0.207 0.111 
433    (0)   :  0.007 0.005 0.030 0.034 0.109 0.108 0.211 0.135 0.121 0.242 
434    (0)   :  0.004 0.005 0.018 0.040 0.160 0.096 0.194 0.112 0.248 0.123 
435    (0)   :  0.004 0.004 0.013 0.278 0.086 0.066 0.099 0.183 0.191 0.076 
436    (0)   :  0.006 0.006 0.017 0.287 0.115 0.082 0.064 0.183 0.140 0.100 
437    (0)   :  0.005 0.004 0.014 0.070 0.381 0.067 0.119 0.124 0.131 0.085 
438    (0)   :  0.005 0.005 0.018 0.264 0.064 0.132 0.087 0.144 0.184 0.098 
439    (0)   :  0.004 0.004 0.015 0.245 0.089 0.060 0.073 0.134 0.289 0.087 
440    (0)   :  0.004 0.004 0.011 0.316 0.115 0.058 0.090 0.219 0.115 0.067 
441    (0)   :  0.004 0.004 0.019 0.105 0.099 0.076 0.092 0.110 0.377 0.112 
442    (0)   :  0.005 0.008 0.012 0.048 0.190 0.087 0.119 0.250 0.201 0.079 
443    (0)   :  0.004 0.005 0.012 0.106 0.080 0.181 0.086 0.317 0.140 0.070 
444    (0)   :  0.005 0.008 0.013 0.095 0.210 0.103 0.111 0.209 0.167 0.079 
445    (0)   :  0.032 0.005 0.016 0.064 0.087 0.119 0.086 0.094 0.381 0.116 
446    (0)   :  0.041 0.006 0.016 0.175 0.083 0.057 0.069 0.273 0.200 0.082 
447    (0)   :  0.005 0.008 0.015 0.206 0.082 0.095 0.089 0.140 0.245 0.115 
448    (0)   :  0.004 0.004 0.014 0.120 0.139 0.076 0.118 0.169 0.272 0.085 
449    (0)   :  0.004 0.004 0.014 0.117 0.138 0.082 0.114 0.137 0.280 0.111 
450    (0)   :  0.006 0.004 0.015 0.041 0.206 0.050 0.079 0.140 0.346 0.113 
451    (0)   :  0.004 0.004 0.012 0.074 0.123 0.076 0.148 0.392 0.099 0.068 
452    (0)   :  0.004 0.004 0.015 0.089 0.137 0.057 0.084 0.217 0.277 0.116 
453    (0)   :  0.004 0.005 0.015 0.049 0.074 0.273 0.117 0.146 0.232 0.087 
454    (0)   :  0.004 0.004 0.028 0.169 0.150 0.077 0.122 0.154 0.181 0.112 
455    (0)   :  0.004 0.004 0.013 0.308 0.090 0.106 0.071 0.157 0.172 0.073 
456    (0)   :  0.005 0.005 0.012 0.144 0.154 0.184 0.094 0.181 0.147 0.073 
457    (0)   :  0.005 0.004 0.014 0.133 0.238 0.070 0.101 0.119 0.228 0.088 
458    (0)   :  0.035 0.005 0.014 0.092 0.097 0.060 0.087 0.159 0.366 0.084 
459    (0)   :  0.004 0.004 0.019 0.161 0.087 0.072 0.067 0.194 0.264 0.128 
460    (0)   :  0.004 0.004 0.014 0.162 0.091 0.065 0.075 0.283 0.224 0.077 
461    (0)   :  0.005 0.004 0.014 0.053 0.128 0.051 0.072 0.398 0.193 0.082 
462    (0)   :  0.007 0.021 0.013 0.071 0.178 0.094 0.161 0.150 0.243 0.063 
463    (0)   :  0.004 0.005 0.015 0.224 0.074 0.190 0.120 0.090 0.193 0.086 
464    (0)   :  0.004 0.004 0.012 0.151 0.079 0.122 0.077 0.314 0.164 0.073 
465    (0)   :  0.005 0.005 0.014 0.075 0.096 0.087 0.113 0.244 0.278 0.082 
466    (0)   :  0.004 0.004 0.012 0.137 0.080 0.176 0.104 0.228 0.182 0.073 
467    (0)   :  0.004 0.005 0.017 0.082 0.105 0.087 0.138 0.123 0.348 0.091 
468    (0)   :  0.004 0.004 0.012 0.279 0.163 0.114 0.088 0.106 0.158 0.072 
469    (0)   :  0.004 0.004 0.013 0.352 0.073 0.054 0.068 0.101 0.255 0.077 
470    (0)   :  0.004 0.004 0.013 0.345 0.073 0.060 0.080 0.204 0.138 0.079 
471    (0)   :  0.005 0.006 0.012 0.057 0.113 0.157 0.150 0.227 0.192 0.082 
472    (0)   :  0.005 0.005 0.012 0.046 0.136 0.114 0.113 0.147 0.346 0.076 
473    (0)   :  0.004 0.004 0.017 0.127 0.140 0.092 0.159 0.123 0.224 0.109 
474    (0)   :  0.004 0.004 0.013 0.079 0.130 0.097 0.084 0.206 0.281 0.103 
475    (0)   :  0.004 0.004 0.020 0.078 0.089 0.090 0.104 0.250 0.237 0.124 
476    (0)   :  0.005 0.005 0.014 0.081 0.282 0.105 0.073 0.158 0.196 0.081 
477    (0)   :  0.005 0.006 0.018 0.093 0.108 0.109 0.088 0.270 0.204 0.100 
478    (0)   :  0.006 0.008 0.015 0.076 0.076 0.066 0.079 0.449 0.150 0.076 
479    (0)   :  0.004 0.004 0.013 0.220 0.151 0.061 0.080 0.222 0.171 0.075 
480    (0)   :  0.005 0.004 0.014 0.185 0.250 0.064 0.083 0.151 0.160 0.085 
481    (0)   :  0.004 0.005 0.011 0.051 0.133 0.078 0.217 0.169 0.251 0.080 
