

----------------------------------------------------
STRUCTURE by Pritchard, Stephens and Donnelly (2000)
     and Falush, Stephens and Pritchard (2003)
       Code by Pritchard, Falush and Hubisz
             Version 2.3.4 (Jul 2012)
----------------------------------------------------



Command line arguments:   ./structure -K 5 -D 105015 -m brooktrout/mainparams -e brooktrout/extraparams -o brooktrout/250914_output/results_K5_rep15 
Input File:    brooktrout/brooktrout.txt

Run parameters:
   8454 individuals
   5 loci
   5 populations assumed
   50000 Burn-in period
   100000 Reps
RANDOMIZE turned off


--------------------------------------------
Overall proportion of membership of the
sample in each of the 5 clusters

Inferred Clusters
  1      2      3      4      5    
0.186  0.147  0.104  0.288  0.274  

--------------------------------------------

Allele-freq. divergence among pops (Net nucleotide distance),
computed using point estimates of P.

      1       2       3       4       5      
 1      -    0.1258  0.0976  0.0706  0.1219  
 2   0.1258     -    0.0847  0.0466  0.0448  
 3   0.0976  0.0847     -    0.0627  0.0940  
 4   0.0706  0.0466  0.0627     -    0.0509  
 5   0.1219  0.0448  0.0940  0.0509     -    

Average distances (expected heterozygosity) between individuals in same cluster:
cluster  1  : 0.7316 
cluster  2  : 0.8142 
cluster  3  : 0.8033 
cluster  4  : 0.8214 
cluster  5  : 0.7905 

--------------------------------------------
Estimated Ln Prob of Data   = -182810.7
Mean value of ln likelihood = -171934.3
Variance of ln likelihood   = 21752.8

Mean value of alpha_1       = 0.2302
Mean value of alpha_2       = 0.1834
Mean value of alpha_3       = 0.1359
Mean value of alpha_4       = 0.3797
Mean value of alpha_5       = 0.3638
Allele frequencies uncorrelated


Inferred ancestry of individuals:
     (%Miss) :  Inferred clusters
  1    (0)   :  0.280 0.119 0.111 0.166 0.325 
  2    (0)   :  0.038 0.045 0.025 0.813 0.079 
  3    (0)   :  0.168 0.061 0.111 0.119 0.541 
  4    (0)   :  0.586 0.100 0.073 0.143 0.098 
  5    (0)   :  0.039 0.054 0.026 0.783 0.098 
  6    (0)   :  0.052 0.037 0.021 0.162 0.729 
  7    (0)   :  0.048 0.321 0.021 0.235 0.375 
  8    (0)   :  0.353 0.105 0.049 0.127 0.366 
  9    (0)   :  0.108 0.132 0.062 0.323 0.374 
 10    (0)   :  0.158 0.090 0.022 0.241 0.489 
 11    (0)   :  0.048 0.379 0.025 0.176 0.372 
 12    (0)   :  0.056 0.056 0.028 0.758 0.103 
 13    (0)   :  0.069 0.075 0.032 0.615 0.209 
 14    (0)   :  0.107 0.057 0.150 0.466 0.220 
 15    (0)   :  0.189 0.108 0.063 0.430 0.210 
 16    (0)   :  0.071 0.056 0.047 0.166 0.661 
 17    (0)   :  0.063 0.062 0.043 0.536 0.297 
 18    (0)   :  0.086 0.039 0.038 0.379 0.457 
 19    (0)   :  0.062 0.056 0.024 0.350 0.509 
 20    (0)   :  0.072 0.141 0.069 0.435 0.283 
 21    (0)   :  0.202 0.053 0.101 0.424 0.220 
 22    (0)   :  0.093 0.036 0.032 0.179 0.661 
 23    (0)   :  0.211 0.126 0.279 0.256 0.128 
 24    (0)   :  0.201 0.048 0.056 0.265 0.430 
 25    (0)   :  0.035 0.132 0.034 0.440 0.359 
 26    (0)   :  0.115 0.051 0.041 0.502 0.292 
 27    (0)   :  0.098 0.064 0.078 0.413 0.346 
 28    (0)   :  0.313 0.168 0.035 0.223 0.261 
 29    (0)   :  0.061 0.139 0.069 0.549 0.182 
 30    (0)   :  0.071 0.034 0.048 0.182 0.665 
 31    (0)   :  0.130 0.097 0.058 0.492 0.223 
 32    (0)   :  0.206 0.104 0.073 0.282 0.335 
 33    (0)   :  0.158 0.109 0.167 0.105 0.462 
 34    (0)   :  0.077 0.232 0.026 0.110 0.556 
 35    (0)   :  0.054 0.045 0.143 0.432 0.325 
 36    (0)   :  0.050 0.036 0.544 0.113 0.257 
 37    (0)   :  0.179 0.082 0.082 0.494 0.163 
 38    (0)   :  0.036 0.072 0.118 0.104 0.670 
 39    (0)   :  0.064 0.101 0.121 0.196 0.519 
 40    (0)   :  0.104 0.030 0.514 0.177 0.174 
 41    (0)   :  0.036 0.063 0.503 0.083 0.315 
 42    (0)   :  0.253 0.053 0.456 0.078 0.161 
 43    (0)   :  0.081 0.085 0.468 0.239 0.126 
 44    (0)   :  0.033 0.044 0.541 0.115 0.266 
 45    (0)   :  0.038 0.056 0.257 0.310 0.339 
 46    (0)   :  0.048 0.066 0.095 0.292 0.500 
 47    (0)   :  0.075 0.057 0.052 0.450 0.366 
 48    (0)   :  0.038 0.028 0.533 0.153 0.248 
 49    (0)   :  0.072 0.079 0.186 0.303 0.360 
 50    (0)   :  0.100 0.120 0.064 0.197 0.520 
 51    (0)   :  0.030 0.026 0.803 0.063 0.078 
 52    (0)   :  0.079 0.088 0.134 0.160 0.539 
 53    (0)   :  0.074 0.058 0.072 0.083 0.713 
 54    (0)   :  0.076 0.049 0.075 0.705 0.096 
 55    (0)   :  0.056 0.052 0.328 0.463 0.102 
 56    (0)   :  0.077 0.036 0.283 0.264 0.341 
 57    (0)   :  0.149 0.063 0.023 0.503 0.262 
 58    (0)   :  0.072 0.064 0.272 0.387 0.205 
 59    (0)   :  0.058 0.078 0.293 0.210 0.360 
 60    (0)   :  0.099 0.039 0.585 0.147 0.130 
 61    (0)   :  0.108 0.052 0.312 0.463 0.064 
 62    (0)   :  0.058 0.054 0.040 0.521 0.328 
 63    (0)   :  0.111 0.204 0.316 0.175 0.194 
 64    (0)   :  0.041 0.046 0.035 0.221 0.657 
 65    (0)   :  0.033 0.413 0.041 0.299 0.214 
 66    (0)   :  0.140 0.096 0.086 0.579 0.098 
 67    (0)   :  0.048 0.082 0.266 0.494 0.109 
 68    (0)   :  0.075 0.073 0.295 0.214 0.343 
 69    (0)   :  0.129 0.222 0.127 0.097 0.425 
 70    (0)   :  0.059 0.082 0.638 0.078 0.143 
 71    (0)   :  0.029 0.061 0.450 0.211 0.249 
 72    (0)   :  0.049 0.064 0.174 0.176 0.538 
 73    (0)   :  0.038 0.080 0.212 0.547 0.124 
 74    (0)   :  0.106 0.039 0.416 0.117 0.322 
 75    (0)   :  0.116 0.028 0.560 0.155 0.141 
 76    (0)   :  0.058 0.211 0.317 0.226 0.187 
 77    (0)   :  0.036 0.086 0.482 0.122 0.274 
 78    (0)   :  0.040 0.071 0.432 0.095 0.362 
 79    (0)   :  0.049 0.164 0.020 0.463 0.304 
 80    (0)   :  0.524 0.097 0.023 0.210 0.146 
 81    (0)   :  0.341 0.121 0.018 0.315 0.205 
 82    (0)   :  0.098 0.109 0.089 0.596 0.108 
 83    (0)   :  0.276 0.121 0.049 0.223 0.330 
 84    (0)   :  0.217 0.183 0.034 0.276 0.290 
 85    (0)   :  0.285 0.061 0.043 0.282 0.330 
 86    (0)   :  0.048 0.069 0.071 0.647 0.164 
 87    (0)   :  0.058 0.377 0.045 0.268 0.251 
 88    (0)   :  0.244 0.196 0.044 0.399 0.117 
 89    (0)   :  0.275 0.090 0.029 0.496 0.109 
 90    (0)   :  0.060 0.384 0.027 0.358 0.172 
 91    (0)   :  0.538 0.071 0.047 0.146 0.197 
 92    (0)   :  0.079 0.122 0.028 0.602 0.170 
 93    (0)   :  0.771 0.036 0.025 0.097 0.071 
 94    (0)   :  0.050 0.464 0.039 0.073 0.374 
 95    (0)   :  0.138 0.518 0.034 0.213 0.098 
 96    (0)   :  0.198 0.050 0.437 0.249 0.065 
 97    (0)   :  0.145 0.035 0.308 0.276 0.237 
 98    (0)   :  0.092 0.050 0.342 0.303 0.213 
 99    (0)   :  0.173 0.217 0.027 0.356 0.227 
100    (0)   :  0.547 0.037 0.038 0.317 0.060 
101    (0)   :  0.083 0.236 0.088 0.427 0.166 
102    (0)   :  0.363 0.211 0.127 0.150 0.149 
103    (0)   :  0.124 0.283 0.051 0.453 0.089 
104    (0)   :  0.074 0.565 0.048 0.191 0.122 
105    (0)   :  0.116 0.529 0.049 0.239 0.067 
106    (0)   :  0.026 0.371 0.038 0.121 0.443 
107    (0)   :  0.126 0.499 0.050 0.241 0.084 
108    (0)   :  0.042 0.054 0.391 0.309 0.205 
109    (0)   :  0.027 0.288 0.047 0.301 0.337 
110    (0)   :  0.030 0.573 0.030 0.079 0.288 
111    (0)   :  0.038 0.763 0.025 0.111 0.064 
112    (0)   :  0.030 0.713 0.042 0.086 0.129 
113    (0)   :  0.077 0.117 0.092 0.510 0.204 
114    (0)   :  0.094 0.548 0.037 0.210 0.110 
115    (0)   :  0.042 0.669 0.091 0.111 0.087 
116    (0)   :  0.029 0.207 0.136 0.216 0.412 
117    (0)   :  0.035 0.689 0.034 0.078 0.165 
118    (0)   :  0.037 0.137 0.037 0.704 0.085 
119    (0)   :  0.191 0.077 0.515 0.121 0.096 
120    (0)   :  0.050 0.618 0.052 0.171 0.109 
121    (0)   :  0.033 0.665 0.119 0.090 0.094 
122    (0)   :  0.038 0.375 0.033 0.169 0.385 
123    (0)   :  0.052 0.645 0.046 0.118 0.139 
124    (0)   :  0.038 0.420 0.110 0.129 0.303 
125    (0)   :  0.053 0.305 0.078 0.091 0.473 
126    (0)   :  0.068 0.330 0.137 0.156 0.309 
127    (0)   :  0.042 0.755 0.030 0.111 0.063 
128    (0)   :  0.038 0.107 0.040 0.741 0.075 
129    (0)   :  0.033 0.539 0.036 0.321 0.072 
130    (0)   :  0.104 0.478 0.028 0.268 0.122 
131    (0)   :  0.031 0.409 0.129 0.084 0.347 
132    (0)   :  0.029 0.373 0.039 0.260 0.298 
133    (0)   :  0.051 0.653 0.047 0.168 0.081 
134    (0)   :  0.022 0.666 0.021 0.081 0.210 
135    (0)   :  0.391 0.035 0.160 0.335 0.079 
136    (0)   :  0.702 0.023 0.022 0.172 0.080 
137    (0)   :  0.756 0.072 0.021 0.090 0.061 
138    (0)   :  0.786 0.026 0.034 0.080 0.075 
139    (0)   :  0.218 0.034 0.135 0.515 0.099 
140    (0)   :  0.484 0.060 0.085 0.205 0.166 
141    (0)   :  0.635 0.027 0.035 0.165 0.138 
142    (0)   :  0.453 0.034 0.211 0.231 0.070 
143    (0)   :  0.832 0.024 0.022 0.072 0.049 
144    (0)   :  0.763 0.068 0.024 0.091 0.054 
145    (0)   :  0.407 0.029 0.053 0.348 0.164 
146    (0)   :  0.496 0.088 0.060 0.189 0.168 
147    (0)   :  0.830 0.024 0.019 0.072 0.056 
148    (0)   :  0.530 0.052 0.067 0.245 0.106 
149    (0)   :  0.715 0.026 0.056 0.119 0.084 
150    (0)   :  0.548 0.112 0.031 0.226 0.083 
151    (0)   :  0.741 0.036 0.030 0.128 0.065 
152    (0)   :  0.450 0.043 0.124 0.239 0.144 
153    (0)   :  0.706 0.037 0.062 0.091 0.105 
154    (0)   :  0.664 0.027 0.038 0.196 0.075 
155    (0)   :  0.789 0.034 0.026 0.089 0.062 
156    (0)   :  0.625 0.054 0.139 0.128 0.054 
157    (0)   :  0.655 0.124 0.033 0.077 0.111 
158    (0)   :  0.515 0.028 0.039 0.258 0.160 
159    (0)   :  0.822 0.024 0.019 0.082 0.052 
160    (0)   :  0.787 0.024 0.019 0.116 0.054 
161    (0)   :  0.638 0.047 0.056 0.127 0.132 
162    (0)   :  0.363 0.066 0.062 0.337 0.171 
163    (0)   :  0.799 0.032 0.037 0.077 0.055 
164    (0)   :  0.378 0.061 0.031 0.417 0.112 
165    (0)   :  0.627 0.108 0.030 0.164 0.071 
166    (0)   :  0.523 0.121 0.096 0.114 0.146 
167    (0)   :  0.619 0.048 0.026 0.199 0.107 
168    (0)   :  0.674 0.032 0.067 0.092 0.134 
169    (0)   :  0.295 0.026 0.059 0.211 0.409 
170    (0)   :  0.627 0.042 0.107 0.159 0.066 
171    (0)   :  0.481 0.047 0.066 0.254 0.152 
172    (0)   :  0.457 0.025 0.207 0.116 0.195 
173    (0)   :  0.744 0.024 0.025 0.153 0.056 
174    (0)   :  0.766 0.034 0.020 0.109 0.071 
175    (0)   :  0.769 0.023 0.031 0.100 0.077 
176    (0)   :  0.761 0.069 0.023 0.091 0.056 
177    (0)   :  0.514 0.112 0.050 0.115 0.208 
178    (0)   :  0.663 0.036 0.022 0.164 0.114 
179    (0)   :  0.820 0.024 0.020 0.080 0.056 
180    (0)   :  0.590 0.051 0.050 0.167 0.142 
181    (0)   :  0.519 0.029 0.062 0.291 0.101 
182    (0)   :  0.598 0.026 0.040 0.283 0.052 
183    (0)   :  0.781 0.025 0.025 0.110 0.060 
184    (0)   :  0.040 0.038 0.029 0.779 0.115 
185    (0)   :  0.702 0.029 0.125 0.097 0.048 
186    (0)   :  0.041 0.086 0.033 0.713 0.127 
187    (0)   :  0.184 0.040 0.036 0.658 0.082 
188    (0)   :  0.032 0.063 0.029 0.781 0.094 
189    (0)   :  0.237 0.035 0.059 0.351 0.318 
190    (0)   :  0.199 0.026 0.463 0.271 0.041 
191    (0)   :  0.058 0.030 0.022 0.824 0.066 
192    (0)   :  0.233 0.087 0.038 0.532 0.110 
193    (0)   :  0.143 0.036 0.050 0.667 0.104 
194    (0)   :  0.222 0.126 0.098 0.452 0.101 
195    (0)   :  0.337 0.029 0.077 0.508 0.051 
196    (0)   :  0.147 0.039 0.272 0.477 0.065 
197    (0)   :  0.099 0.068 0.053 0.600 0.180 
198    (0)   :  0.129 0.062 0.062 0.542 0.204 
199    (0)   :  0.116 0.038 0.260 0.515 0.071 
200    (0)   :  0.116 0.032 0.152 0.593 0.106 
201    (0)   :  0.494 0.036 0.063 0.341 0.065 
202    (0)   :  0.508 0.050 0.149 0.241 0.052 
203    (0)   :  0.420 0.032 0.042 0.452 0.054 
204    (0)   :  0.116 0.028 0.064 0.743 0.048 
205    (0)   :  0.077 0.032 0.066 0.748 0.078 
206    (0)   :  0.093 0.030 0.044 0.779 0.054 
207    (0)   :  0.060 0.042 0.069 0.774 0.055 
208    (0)   :  0.233 0.033 0.090 0.587 0.057 
209    (0)   :  0.091 0.032 0.040 0.762 0.074 
210    (0)   :  0.130 0.040 0.049 0.722 0.060 
211    (0)   :  0.142 0.083 0.305 0.417 0.052 
212    (0)   :  0.529 0.029 0.069 0.278 0.095 
213    (0)   :  0.100 0.125 0.273 0.384 0.119 
214    (0)   :  0.528 0.034 0.076 0.299 0.064 
215    (0)   :  0.049 0.036 0.044 0.803 0.068 
216    (0)   :  0.056 0.052 0.039 0.720 0.134 
217    (0)   :  0.372 0.028 0.086 0.428 0.085 
218    (0)   :  0.079 0.033 0.031 0.783 0.074 
219    (0)   :  0.158 0.040 0.033 0.586 0.183 
220    (0)   :  0.059 0.030 0.029 0.829 0.053 
221    (0)   :  0.656 0.023 0.160 0.114 0.047 
222    (0)   :  0.091 0.055 0.037 0.633 0.184 
223    (0)   :  0.299 0.048 0.047 0.492 0.114 
224    (0)   :  0.286 0.038 0.044 0.574 0.058 
225    (0)   :  0.118 0.034 0.072 0.713 0.064 
226    (0)   :  0.108 0.035 0.060 0.584 0.212 
227    (0)   :  0.193 0.046 0.164 0.538 0.058 
228    (0)   :  0.285 0.030 0.157 0.480 0.048 
229    (0)   :  0.312 0.038 0.027 0.558 0.064 
230    (0)   :  0.217 0.037 0.034 0.659 0.054 
231    (0)   :  0.190 0.029 0.025 0.680 0.076 
232    (0)   :  0.238 0.063 0.112 0.451 0.137 
233    (0)   :  0.595 0.034 0.051 0.254 0.066 
234    (0)   :  0.141 0.052 0.034 0.646 0.128 
235    (0)   :  0.228 0.034 0.073 0.541 0.124 
236    (0)   :  0.348 0.044 0.049 0.473 0.086 
237    (0)   :  0.068 0.033 0.059 0.783 0.056 
238    (0)   :  0.518 0.054 0.086 0.256 0.086 
239    (0)   :  0.343 0.029 0.073 0.504 0.051 
240    (0)   :  0.519 0.055 0.084 0.257 0.085 
241    (0)   :  0.498 0.032 0.074 0.333 0.063 
242    (0)   :  0.125 0.030 0.042 0.672 0.131 
243    (0)   :  0.161 0.031 0.248 0.514 0.047 
244    (0)   :  0.337 0.032 0.042 0.535 0.054 
245    (0)   :  0.717 0.036 0.072 0.115 0.060 
246    (0)   :  0.369 0.028 0.084 0.436 0.084 
247    (0)   :  0.045 0.241 0.104 0.400 0.212 
248    (0)   :  0.042 0.049 0.051 0.794 0.064 
249    (0)   :  0.359 0.041 0.054 0.480 0.064 
250    (0)   :  0.225 0.048 0.036 0.612 0.078 
251    (0)   :  0.074 0.041 0.057 0.654 0.175 
252    (0)   :  0.197 0.039 0.061 0.624 0.079 
253    (0)   :  0.069 0.076 0.119 0.609 0.128 
254    (0)   :  0.093 0.046 0.040 0.701 0.120 
255    (0)   :  0.142 0.035 0.035 0.688 0.100 
256    (0)   :  0.252 0.035 0.100 0.543 0.070 
257    (0)   :  0.115 0.052 0.061 0.702 0.069 
258    (0)   :  0.089 0.057 0.129 0.624 0.101 
259    (0)   :  0.120 0.052 0.044 0.717 0.068 
260    (0)   :  0.283 0.062 0.039 0.444 0.172 
261    (0)   :  0.348 0.038 0.096 0.439 0.080 
262    (0)   :  0.340 0.024 0.234 0.346 0.056 
263    (0)   :  0.055 0.034 0.037 0.807 0.066 
264    (0)   :  0.034 0.045 0.045 0.460 0.417 
265    (0)   :  0.134 0.033 0.042 0.685 0.106 
266    (0)   :  0.684 0.024 0.101 0.143 0.048 
267    (0)   :  0.145 0.042 0.053 0.680 0.081 
268    (0)   :  0.149 0.040 0.267 0.479 0.065 
269    (0)   :  0.173 0.035 0.035 0.530 0.227 
270    (0)   :  0.056 0.046 0.034 0.754 0.110 
271    (0)   :  0.067 0.045 0.070 0.742 0.076 
272    (0)   :  0.078 0.040 0.107 0.616 0.160 
273    (0)   :  0.195 0.059 0.069 0.530 0.147 
274    (0)   :  0.084 0.036 0.041 0.726 0.113 
275    (0)   :  0.110 0.033 0.046 0.700 0.110 
276    (0)   :  0.064 0.045 0.164 0.585 0.143 
277    (0)   :  0.217 0.044 0.041 0.586 0.113 
278    (0)   :  0.066 0.034 0.076 0.758 0.065 
279    (0)   :  0.132 0.039 0.046 0.696 0.087 
280    (0)   :  0.119 0.036 0.076 0.579 0.190 
281    (0)   :  0.086 0.045 0.041 0.739 0.089 
282    (0)   :  0.469 0.049 0.036 0.330 0.115 
283    (0)   :  0.543 0.048 0.040 0.289 0.081 
284    (0)   :  0.248 0.094 0.076 0.479 0.102 
285    (0)   :  0.031 0.051 0.096 0.720 0.102 
286    (0)   :  0.337 0.032 0.043 0.534 0.054 
287    (0)   :  0.133 0.041 0.034 0.634 0.159 
288    (0)   :  0.069 0.034 0.045 0.704 0.148 
289    (0)   :  0.088 0.075 0.080 0.619 0.139 
290    (0)   :  0.104 0.047 0.243 0.362 0.242 
291    (0)   :  0.068 0.047 0.073 0.737 0.076 
292    (0)   :  0.174 0.033 0.176 0.446 0.171 
293    (0)   :  0.063 0.049 0.221 0.301 0.365 
294    (0)   :  0.048 0.031 0.051 0.792 0.077 
295    (0)   :  0.117 0.054 0.119 0.546 0.164 
296    (0)   :  0.063 0.035 0.045 0.794 0.064 
297    (0)   :  0.069 0.037 0.046 0.649 0.200 
298    (0)   :  0.327 0.057 0.029 0.481 0.106 
299    (0)   :  0.055 0.037 0.026 0.800 0.082 
300    (0)   :  0.046 0.033 0.054 0.785 0.082 
301    (0)   :  0.055 0.038 0.033 0.732 0.142 
302    (0)   :  0.053 0.033 0.086 0.751 0.077 
303    (0)   :  0.322 0.040 0.066 0.470 0.102 
304    (0)   :  0.379 0.079 0.037 0.272 0.234 
305    (0)   :  0.181 0.025 0.067 0.668 0.060 
306    (0)   :  0.362 0.032 0.071 0.422 0.113 
307    (0)   :  0.188 0.056 0.059 0.607 0.090 
308    (0)   :  0.350 0.038 0.094 0.438 0.080 
309    (0)   :  0.068 0.065 0.063 0.734 0.070 
310    (0)   :  0.251 0.030 0.123 0.542 0.054 
311    (0)   :  0.220 0.036 0.032 0.657 0.055 
312    (0)   :  0.065 0.045 0.049 0.788 0.053 
313    (0)   :  0.044 0.040 0.134 0.726 0.055 
314    (0)   :  0.831 0.023 0.033 0.062 0.052 
315    (0)   :  0.784 0.029 0.049 0.060 0.079 
316    (0)   :  0.771 0.032 0.033 0.067 0.097 
317    (0)   :  0.843 0.022 0.020 0.061 0.053 
318    (0)   :  0.848 0.022 0.015 0.059 0.056 
319    (0)   :  0.824 0.022 0.021 0.081 0.051 
320    (0)   :  0.832 0.022 0.033 0.062 0.052 
321    (0)   :  0.839 0.023 0.018 0.062 0.058 
322    (0)   :  0.758 0.032 0.051 0.072 0.087 
323    (0)   :  0.841 0.023 0.017 0.065 0.055 
324    (0)   :  0.841 0.023 0.018 0.062 0.057 
325    (0)   :  0.794 0.029 0.027 0.057 0.092 
326    (0)   :  0.799 0.030 0.029 0.053 0.089 
327    (0)   :  0.843 0.023 0.020 0.061 0.053 
328    (0)   :  0.775 0.030 0.038 0.070 0.087 
329    (0)   :  0.849 0.023 0.016 0.059 0.052 
330    (0)   :  0.845 0.023 0.020 0.060 0.053 
331    (0)   :  0.844 0.022 0.016 0.066 0.051 
332    (0)   :  0.784 0.031 0.027 0.056 0.102 
333    (0)   :  0.795 0.031 0.032 0.061 0.082 
334    (0)   :  0.774 0.030 0.039 0.070 0.088 
335    (0)   :  0.794 0.030 0.040 0.061 0.076 
336    (0)   :  0.836 0.024 0.023 0.059 0.059 
337    (0)   :  0.781 0.029 0.034 0.059 0.097 
338    (0)   :  0.845 0.023 0.015 0.058 0.059 
339    (0)   :  0.843 0.023 0.016 0.066 0.052 
340    (0)   :  0.846 0.022 0.017 0.066 0.048 
341    (0)   :  0.835 0.023 0.018 0.072 0.053 
342    (0)   :  0.845 0.023 0.019 0.061 0.053 
343    (0)   :  0.754 0.031 0.069 0.062 0.084 
344    (0)   :  0.851 0.022 0.015 0.060 0.052 
345    (0)   :  0.844 0.022 0.020 0.060 0.053 
346    (0)   :  0.853 0.022 0.016 0.058 0.051 
347    (0)   :  0.855 0.022 0.017 0.059 0.047 
348    (0)   :  0.753 0.030 0.082 0.063 0.071 
349    (0)   :  0.845 0.023 0.019 0.061 0.052 
350    (0)   :  0.816 0.022 0.027 0.082 0.053 
351    (0)   :  0.793 0.030 0.040 0.061 0.076 
352    (0)   :  0.786 0.030 0.039 0.061 0.084 
353    (0)   :  0.835 0.023 0.023 0.059 0.060 
354    (0)   :  0.842 0.023 0.016 0.066 0.053 
355    (0)   :  0.847 0.023 0.015 0.058 0.057 
356    (0)   :  0.731 0.030 0.105 0.063 0.070 
357    (0)   :  0.480 0.038 0.032 0.125 0.325 
358    (0)   :  0.798 0.031 0.026 0.058 0.088 
359    (0)   :  0.838 0.023 0.016 0.068 0.055 
360    (0)   :  0.852 0.022 0.017 0.058 0.052 
361    (0)   :  0.412 0.041 0.049 0.161 0.337 
362    (0)   :  0.056 0.108 0.046 0.314 0.476 
363    (0)   :  0.040 0.144 0.052 0.151 0.613 
364    (0)   :  0.209 0.061 0.039 0.401 0.289 
365    (0)   :  0.048 0.049 0.040 0.271 0.592 
366    (0)   :  0.102 0.046 0.234 0.211 0.406 
367    (0)   :  0.027 0.391 0.021 0.083 0.478 
368    (0)   :  0.047 0.135 0.022 0.636 0.160 
369    (0)   :  0.225 0.052 0.239 0.194 0.290 
370    (0)   :  0.061 0.352 0.040 0.425 0.123 
371    (0)   :  0.085 0.068 0.054 0.501 0.292 
372    (0)   :  0.076 0.121 0.042 0.667 0.094 
373    (0)   :  0.086 0.201 0.034 0.328 0.350 
374    (0)   :  0.257 0.071 0.039 0.255 0.378 
375    (0)   :  0.037 0.169 0.025 0.273 0.495 
376    (0)   :  0.031 0.052 0.021 0.072 0.824 
377    (0)   :  0.054 0.082 0.047 0.405 0.412 
378    (0)   :  0.185 0.484 0.030 0.172 0.128 
379    (0)   :  0.030 0.069 0.031 0.074 0.797 
380    (0)   :  0.117 0.032 0.084 0.175 0.592 
381    (0)   :  0.101 0.028 0.087 0.109 0.676 
382    (0)   :  0.043 0.139 0.022 0.139 0.657 
383    (0)   :  0.116 0.031 0.028 0.150 0.676 
384    (0)   :  0.104 0.115 0.032 0.243 0.505 
385    (0)   :  0.121 0.091 0.018 0.566 0.204 
386    (0)   :  0.039 0.129 0.032 0.128 0.671 
387    (0)   :  0.050 0.134 0.039 0.148 0.628 
388    (0)   :  0.181 0.104 0.025 0.447 0.243 
389    (0)   :  0.043 0.061 0.095 0.720 0.082 
390    (0)   :  0.040 0.297 0.173 0.104 0.386 
391    (0)   :  0.079 0.234 0.150 0.330 0.207 
392    (0)   :  0.090 0.057 0.032 0.174 0.647 
393    (0)   :  0.079 0.048 0.109 0.084 0.679 
394    (0)   :  0.239 0.131 0.034 0.202 0.395 
395    (0)   :  0.047 0.117 0.283 0.210 0.342 
396    (0)   :  0.029 0.116 0.024 0.250 0.581 
397    (0)   :  0.086 0.041 0.035 0.677 0.162 
398    (0)   :  0.031 0.088 0.029 0.083 0.768 
399    (0)   :  0.040 0.499 0.071 0.126 0.263 
400    (0)   :  0.061 0.127 0.034 0.108 0.670 
401    (0)   :  0.068 0.367 0.122 0.134 0.309 
402    (0)   :  0.058 0.113 0.129 0.438 0.262 
403    (0)   :  0.308 0.107 0.035 0.367 0.183 
404    (0)   :  0.100 0.107 0.044 0.286 0.463 
405    (0)   :  0.076 0.059 0.066 0.265 0.534 
406    (0)   :  0.066 0.032 0.647 0.072 0.182 
407    (0)   :  0.029 0.041 0.024 0.093 0.814 
408    (0)   :  0.028 0.459 0.168 0.222 0.123 
409    (0)   :  0.202 0.075 0.429 0.084 0.210 
410    (0)   :  0.083 0.120 0.045 0.171 0.580 
411    (0)   :  0.154 0.066 0.098 0.099 0.583 
412    (0)   :  0.042 0.142 0.022 0.533 0.261 
413    (0)   :  0.142 0.193 0.032 0.345 0.287 
414    (0)   :  0.030 0.257 0.026 0.409 0.277 
415    (0)   :  0.046 0.052 0.073 0.101 0.728 
416    (0)   :  0.073 0.097 0.065 0.204 0.560 
417    (0)   :  0.036 0.059 0.025 0.096 0.783 
418    (0)   :  0.034 0.257 0.018 0.188 0.503 
419    (0)   :  0.176 0.197 0.118 0.212 0.297 
420    (0)   :  0.037 0.264 0.276 0.101 0.321 
421    (0)   :  0.040 0.109 0.030 0.193 0.628 
422    (0)   :  0.045 0.044 0.131 0.407 0.373 
423    (0)   :  0.057 0.068 0.046 0.181 0.649 
424    (0)   :  0.057 0.584 0.104 0.088 0.166 
425    (0)   :  0.078 0.088 0.039 0.478 0.317 
426    (0)   :  0.083 0.418 0.035 0.185 0.280 
427    (0)   :  0.119 0.086 0.040 0.070 0.685 
428    (0)   :  0.119 0.045 0.121 0.281 0.434 
429    (0)   :  0.027 0.109 0.019 0.075 0.770 
430    (0)   :  0.036 0.058 0.033 0.097 0.776 
431    (0)   :  0.066 0.290 0.035 0.339 0.271 
432    (0)   :  0.053 0.148 0.028 0.576 0.195 
433    (0)   :  0.259 0.171 0.059 0.403 0.107 
434    (0)   :  0.097 0.055 0.050 0.430 0.368 
435    (0)   :  0.030 0.062 0.034 0.074 0.800 
436    (0)   :  0.054 0.109 0.049 0.051 0.737 
437    (0)   :  0.034 0.040 0.023 0.102 0.801 
438    (0)   :  0.066 0.159 0.366 0.073 0.337 
439    (0)   :  0.042 0.060 0.027 0.055 0.816 
440    (0)   :  0.025 0.056 0.031 0.058 0.830 
441    (0)   :  0.088 0.084 0.037 0.107 0.684 
442    (0)   :  0.035 0.099 0.048 0.128 0.690 
443    (0)   :  0.031 0.395 0.154 0.083 0.338 
444    (0)   :  0.035 0.071 0.060 0.101 0.733 
445    (0)   :  0.127 0.069 0.206 0.107 0.491 
446    (0)   :  0.037 0.219 0.034 0.064 0.647 
447    (0)   :  0.073 0.063 0.107 0.130 0.627 
448    (0)   :  0.036 0.060 0.035 0.125 0.745 
449    (0)   :  0.061 0.057 0.041 0.150 0.691 
450    (0)   :  0.067 0.072 0.018 0.107 0.736 
451    (0)   :  0.026 0.437 0.046 0.200 0.291 
452    (0)   :  0.054 0.055 0.020 0.089 0.783 
453    (0)   :  0.054 0.142 0.551 0.127 0.125 
454    (0)   :  0.071 0.065 0.032 0.110 0.722 
455    (0)   :  0.035 0.132 0.124 0.061 0.647 
456    (0)   :  0.031 0.077 0.136 0.101 0.654 
457    (0)   :  0.037 0.037 0.024 0.086 0.817 
458    (0)   :  0.042 0.065 0.028 0.077 0.788 
459    (0)   :  0.098 0.345 0.059 0.059 0.440 
460    (0)   :  0.034 0.258 0.035 0.055 0.618 
461    (0)   :  0.035 0.486 0.018 0.061 0.399 
462    (0)   :  0.025 0.230 0.063 0.118 0.564 
463    (0)   :  0.047 0.071 0.530 0.093 0.258 
464    (0)   :  0.032 0.198 0.079 0.072 0.619 
465    (0)   :  0.043 0.492 0.060 0.115 0.290 
466    (0)   :  0.034 0.195 0.261 0.116 0.394 
467    (0)   :  0.062 0.193 0.082 0.108 0.554 
468    (0)   :  0.032 0.035 0.068 0.072 0.794 
469    (0)   :  0.035 0.043 0.032 0.051 0.839 
470    (0)   :  0.031 0.083 0.029 0.060 0.797 
471    (0)   :  0.039 0.109 0.205 0.212 0.434 
472    (0)   :  0.044 0.131 0.092 0.165 0.569 
473    (0)   :  0.062 0.058 0.048 0.202 0.631 
474    (0)   :  0.053 0.056 0.042 0.099 0.751 
475    (0)   :  0.072 0.382 0.060 0.123 0.362 
476    (0)   :  0.041 0.069 0.042 0.061 0.787 
477    (0)   :  0.060 0.491 0.075 0.117 0.256 
478    (0)   :  0.030 0.746 0.025 0.066 0.133 
479    (0)   :  0.029 0.072 0.026 0.062 0.811 
480    (0)   :  0.035 0.041 0.021 0.061 0.843 
481    (0)   :  0.036 0.055 0.043 0.437 0.429 
482    (0)   :  0.030 0.081 0.020 0.057 0.812 
483    (0)   :  0.045 0.132 0.041 0.062 0.721 
484    (0)   :  0.046 0.102 0.227 0.118 0.507 
485    (0)   :  0.035 0.117 0.066 0.054 0.728 
486    (0)   :  0.048 0.113 0.100 0.569 0.170 
487    (0)   :  0.105 0.055 0.047 0.647 0.147 
488    (0)   :  0.068 0.148 0.032 0.658 0.093 
489    (0)   :  0.154 0.037 0.147 0.508 0.154 
490    (0)   :  0.035 0.330 0.084 0.312 0.239 
491    (0)   :  0.083 0.039 0.041 0.753 0.084 
492    (0)   :  0.255 0.287 0.096 0.264 0.097 
493    (0)   :  0.049 0.055 0.033 0.776 0.087 
494    (0)   :  0.077 0.051 0.045 0.685 0.142 
495    (0)   :  0.162 0.349 0.074 0.288 0.127 
496    (0)   :  0.344 0.113 0.119 0.291 0.133 
497    (0)   :  0.067 0.042 0.022 0.786 0.082 
498    (0)   :  0.079 0.148 0.162 0.412 0.198 
499    (0)   :  0.162 0.039 0.045 0.646 0.109 
500    (0)   :  0.051 0.042 0.032 0.680 0.196 
501    (0)   :  0.191 0.106 0.044 0.409 0.251 
502    (0)   :  0.216 0.194 0.030 0.408 0.152 
503    (0)   :  0.043 0.056 0.032 0.370 0.499 
504    (0)   :  0.047 0.437 0.063 0.344 0.109 
505    (0)   :  0.086 0.062 0.114 0.645 0.091 
506    (0)   :  0.156 0.166 0.038 0.487 0.153 
507    (0)   :  0.581 0.029 0.082 0.243 0.065 
508    (0)   :  0.498 0.042 0.142 0.261 0.058 
509    (0)   :  0.124 0.048 0.067 0.678 0.084 
510    (0)   :  0.244 0.069 0.041 0.429 0.218 
511    (0)   :  0.059 0.089 0.069 0.267 0.517 
512    (0)   :  0.037 0.088 0.027 0.234 0.614 
513    (0)   :  0.064 0.359 0.088 0.443 0.046 
514    (0)   :  0.067 0.353 0.057 0.357 0.166 
515    (0)   :  0.144 0.052 0.106 0.231 0.466 
516    (0)   :  0.060 0.256 0.091 0.497 0.096 
517    (0)   :  0.138 0.096 0.290 0.176 0.299 
518    (0)   :  0.143 0.036 0.028 0.629 0.164 
519    (0)   :  0.078 0.478 0.058 0.220 0.166 
520    (0)   :  0.229 0.035 0.361 0.138 0.237 
521    (0)   :  0.353 0.216 0.082 0.218 0.132 
522    (0)   :  0.051 0.054 0.228 0.152 0.515 
523    (0)   :  0.123 0.073 0.562 0.137 0.104 
524    (0)   :  0.087 0.053 0.128 0.194 0.538 
525    (0)   :  0.199 0.039 0.086 0.331 0.345 
526    (0)   :  0.062 0.034 0.593 0.092 0.220 
527    (0)   :  0.048 0.082 0.027 0.589 0.254 
528    (0)   :  0.515 0.063 0.069 0.267 0.087 
529    (0)   :  0.088 0.051 0.033 0.734 0.094 
530    (0)   :  0.086 0.046 0.128 0.206 0.535 
531    (0)   :  0.396 0.056 0.090 0.155 0.304 
532    (0)   :  0.246 0.064 0.056 0.472 0.161 
533    (0)   :  0.068 0.043 0.102 0.403 0.385 
534    (0)   :  0.085 0.078 0.123 0.654 0.060 
535    (0)   :  0.065 0.121 0.470 0.123 0.220 
536    (0)   :  0.171 0.103 0.225 0.194 0.306 
537    (0)   :  0.232 0.059 0.435 0.167 0.107 
538    (0)   :  0.191 0.069 0.289 0.277 0.175 
539    (0)   :  0.659 0.035 0.078 0.150 0.077 
540    (0)   :  0.212 0.058 0.213 0.295 0.222 
541    (0)   :  0.514 0.115 0.065 0.158 0.148 
542    (0)   :  0.050 0.041 0.530 0.178 0.201 
543    (0)   :  0.175 0.255 0.312 0.158 0.100 
544    (0)   :  0.082 0.046 0.572 0.152 0.148 
545    (0)   :  0.034 0.058 0.689 0.077 0.142 
546    (0)   :  0.129 0.063 0.318 0.345 0.145 
547    (0)   :  0.081 0.055 0.724 0.067 0.073 
548    (0)   :  0.227 0.048 0.037 0.611 0.077 
549    (0)   :  0.372 0.048 0.312 0.078 0.190 
550    (0)   :  0.050 0.081 0.521 0.075 0.273 
551    (0)   :  0.592 0.080 0.097 0.105 0.125 
552    (0)   :  0.163 0.036 0.203 0.470 0.127 
553    (0)   :  0.137 0.085 0.638 0.086 0.054 
554    (0)   :  0.150 0.155 0.108 0.240 0.346 
555    (0)   :  0.313 0.056 0.288 0.242 0.101 
556    (0)   :  0.119 0.057 0.324 0.366 0.134 
557    (0)   :  0.078 0.142 0.460 0.068 0.251 
558    (0)   :  0.032 0.081 0.018 0.053 0.817 
559    (0)   :  0.048 0.245 0.051 0.495 0.161 
560    (0)   :  0.024 0.395 0.033 0.086 0.462 
561    (0)   :  0.033 0.138 0.057 0.272 0.499 
562    (0)   :  0.024 0.320 0.069 0.220 0.367 
563    (0)   :  0.127 0.566 0.073 0.084 0.150 
564    (0)   :  0.052 0.094 0.102 0.581 0.171 
565    (0)   :  0.035 0.038 0.021 0.084 0.821 
566    (0)   :  0.025 0.441 0.031 0.091 0.413 
567    (0)   :  0.034 0.093 0.053 0.675 0.145 
568    (0)   :  0.053 0.276 0.103 0.251 0.317 
569    (0)   :  0.054 0.139 0.154 0.132 0.522 
570    (0)   :  0.026 0.064 0.019 0.080 0.812 
571    (0)   :  0.041 0.576 0.032 0.151 0.201 
572    (0)   :  0.133 0.035 0.476 0.155 0.201 
573    (0)   :  0.048 0.075 0.079 0.489 0.309 
574    (0)   :  0.124 0.050 0.049 0.175 0.601 
575    (0)   :  0.098 0.402 0.062 0.170 0.268 
576    (0)   :  0.025 0.398 0.022 0.150 0.405 
577    (0)   :  0.108 0.067 0.039 0.242 0.543 
578    (0)   :  0.043 0.377 0.041 0.153 0.387 
579    (0)   :  0.036 0.095 0.040 0.384 0.445 
580    (0)   :  0.063 0.058 0.028 0.174 0.677 
581    (0)   :  0.051 0.109 0.029 0.113 0.698 
582    (0)   :  0.028 0.142 0.043 0.075 0.711 
583    (0)   :  0.040 0.414 0.028 0.204 0.314 
584    (0)   :  0.030 0.393 0.025 0.172 0.379 
585    (0)   :  0.036 0.242 0.031 0.169 0.523 
586    (0)   :  0.053 0.604 0.041 0.177 0.125 
587    (0)   :  0.028 0.089 0.062 0.284 0.537 
588    (0)   :  0.035 0.039 0.130 0.746 0.051 
589    (0)   :  0.031 0.058 0.077 0.112 0.721 
590    (0)   :  0.037 0.404 0.032 0.376 0.152 
591    (0)   :  0.043 0.413 0.031 0.285 0.228 
592    (0)   :  0.034 0.253 0.152 0.230 0.331 
593    (0)   :  0.066 0.150 0.058 0.228 0.498 
594    (0)   :  0.072 0.262 0.034 0.464 0.168 
595    (0)   :  0.026 0.067 0.019 0.487 0.400 
596    (0)   :  0.058 0.095 0.192 0.377 0.277 
597    (0)   :  0.178 0.587 0.070 0.089 0.076 
598    (0)   :  0.028 0.050 0.019 0.058 0.846 
599    (0)   :  0.027 0.352 0.073 0.158 0.390 
600    (0)   :  0.077 0.055 0.052 0.193 0.622 
601    (0)   :  0.027 0.151 0.049 0.118 0.655 
602    (0)   :  0.078 0.059 0.027 0.721 0.115 
603    (0)   :  0.085 0.086 0.033 0.683 0.114 
604    (0)   :  0.091 0.064 0.041 0.301 0.504 
605    (0)   :  0.048 0.108 0.066 0.417 0.361 
606    (0)   :  0.121 0.108 0.060 0.492 0.219 
607    (0)   :  0.174 0.043 0.023 0.474 0.286 
608    (0)   :  0.420 0.088 0.032 0.164 0.296 
609    (0)   :  0.063 0.071 0.054 0.198 0.614 
610    (0)   :  0.048 0.049 0.112 0.162 0.627 
611    (0)   :  0.102 0.110 0.063 0.577 0.148 
612    (0)   :  0.040 0.037 0.041 0.084 0.797 
613    (0)   :  0.058 0.070 0.087 0.391 0.394 
614    (0)   :  0.039 0.030 0.029 0.206 0.697 
615    (0)   :  0.068 0.032 0.034 0.184 0.682 
616    (0)   :  0.122 0.054 0.025 0.488 0.310 
617    (0)   :  0.040 0.073 0.064 0.279 0.545 
618    (0)   :  0.134 0.034 0.060 0.291 0.482 
619    (0)   :  0.128 0.128 0.146 0.229 0.370 
620    (0)   :  0.026 0.261 0.131 0.329 0.254 
621    (0)   :  0.040 0.217 0.022 0.299 0.422 
622    (0)   :  0.098 0.048 0.079 0.414 0.361 
623    (0)   :  0.043 0.149 0.056 0.449 0.303 
624    (0)   :  0.130 0.045 0.029 0.118 0.678 
625    (0)   :  0.131 0.113 0.026 0.229 0.500 
626    (0)   :  0.355 0.032 0.188 0.147 0.277 
627    (0)   :  0.055 0.108 0.051 0.493 0.293 
628    (0)   :  0.050 0.134 0.036 0.560 0.221 
629    (0)   :  0.058 0.087 0.027 0.594 0.233 
630    (0)   :  0.053 0.063 0.037 0.218 0.630 
631    (0)   :  0.054 0.046 0.024 0.360 0.515 
632    (0)   :  0.215 0.053 0.082 0.490 0.160 
633    (0)   :  0.113 0.063 0.029 0.248 0.547 
634    (0)   :  0.150 0.090 0.071 0.393 0.296 
635    (0)   :  0.392 0.041 0.036 0.326 0.205 
636    (0)   :  0.225 0.068 0.032 0.182 0.492 
637    (0)   :  0.090 0.073 0.239 0.370 0.229 
638    (0)   :  0.080 0.072 0.024 0.635 0.189 
639    (0)   :  0.082 0.038 0.031 0.400 0.448 
640    (0)   :  0.055 0.321 0.021 0.285 0.317 
641    (0)   :  0.060 0.052 0.025 0.603 0.260 
642    (0)   :  0.456 0.068 0.106 0.220 0.150 
643    (0)   :  0.726 0.060 0.032 0.091 0.090 
644    (0)   :  0.530 0.097 0.036 0.241 0.095 
645    (0)   :  0.432 0.024 0.053 0.177 0.312 
646    (0)   :  0.106 0.084 0.102 0.541 0.167 
647    (0)   :  0.318 0.205 0.100 0.265 0.112 
648    (0)   :  0.225 0.039 0.093 0.507 0.136 
649    (0)   :  0.123 0.067 0.180 0.551 0.079 
650    (0)   :  0.127 0.112 0.075 0.588 0.097 
651    (0)   :  0.274 0.052 0.024 0.565 0.085 
652    (0)   :  0.509 0.052 0.038 0.289 0.112 
653    (0)   :  0.301 0.045 0.085 0.444 0.125 
654    (0)   :  0.401 0.044 0.168 0.281 0.106 
655    (0)   :  0.500 0.160 0.052 0.130 0.158 
656    (0)   :  0.161 0.048 0.094 0.571 0.126 
657    (0)   :  0.152 0.048 0.033 0.447 0.320 
658    (0)   :  0.206 0.215 0.148 0.198 0.234 
659    (0)   :  0.428 0.050 0.097 0.289 0.136 
660    (0)   :  0.493 0.051 0.076 0.297 0.083 
661    (0)   :  0.521 0.036 0.159 0.161 0.123 
662    (0)   :  0.082 0.072 0.299 0.479 0.067 
663    (0)   :  0.400 0.060 0.041 0.388 0.110 
664    (0)   :  0.218 0.317 0.086 0.125 0.254 
665    (0)   :  0.102 0.055 0.159 0.603 0.082 
666    (0)   :  0.396 0.053 0.106 0.317 0.128 
667    (0)   :  0.078 0.115 0.050 0.623 0.134 
668    (0)   :  0.415 0.060 0.084 0.240 0.202 
669    (0)   :  0.153 0.046 0.059 0.664 0.078 
670    (0)   :  0.757 0.029 0.031 0.129 0.054 
671    (0)   :  0.578 0.049 0.056 0.242 0.076 
672    (0)   :  0.643 0.100 0.080 0.057 0.120 
673    (0)   :  0.835 0.025 0.017 0.067 0.056 
674    (0)   :  0.611 0.030 0.041 0.206 0.112 
675    (0)   :  0.762 0.069 0.024 0.090 0.055 
676    (0)   :  0.837 0.025 0.019 0.064 0.054 
677    (0)   :  0.669 0.026 0.140 0.116 0.050 
678    (0)   :  0.834 0.029 0.016 0.064 0.056 
679    (0)   :  0.675 0.029 0.018 0.161 0.116 
680    (0)   :  0.739 0.027 0.029 0.117 0.089 
681    (0)   :  0.221 0.038 0.334 0.191 0.217 
682    (0)   :  0.774 0.029 0.031 0.074 0.093 
683    (0)   :  0.788 0.029 0.035 0.097 0.051 
684    (0)   :  0.827 0.030 0.019 0.068 0.056 
685    (0)   :  0.844 0.024 0.021 0.063 0.049 
686    (0)   :  0.590 0.031 0.151 0.141 0.088 
687    (0)   :  0.572 0.046 0.075 0.238 0.069 
688    (0)   :  0.765 0.037 0.027 0.099 0.071 
689    (0)   :  0.835 0.022 0.020 0.071 0.051 
690    (0)   :  0.840 0.024 0.019 0.064 0.054 
691    (0)   :  0.689 0.028 0.033 0.144 0.106 
692    (0)   :  0.757 0.037 0.020 0.108 0.078 
693    (0)   :  0.761 0.055 0.024 0.075 0.085 
694    (0)   :  0.848 0.023 0.022 0.061 0.045 
695    (0)   :  0.780 0.030 0.060 0.055 0.074 
696    (0)   :  0.766 0.038 0.027 0.099 0.071 
697    (0)   :  0.815 0.022 0.025 0.083 0.054 
698    (0)   :  0.829 0.024 0.021 0.073 0.054 
699    (0)   :  0.652 0.028 0.188 0.066 0.066 
700    (0)   :  0.701 0.063 0.083 0.073 0.080 
701    (0)   :  0.656 0.035 0.049 0.154 0.105 
702    (0)   :  0.636 0.044 0.080 0.115 0.125 
703    (0)   :  0.754 0.028 0.035 0.088 0.095 
704    (0)   :  0.765 0.037 0.038 0.094 0.065 
705    (0)   :  0.341 0.041 0.339 0.163 0.117 
706    (0)   :  0.757 0.024 0.051 0.084 0.083 
707    (0)   :  0.799 0.024 0.034 0.087 0.056 
708    (0)   :  0.814 0.025 0.023 0.086 0.052 
709    (0)   :  0.788 0.029 0.070 0.058 0.056 
710    (0)   :  0.847 0.022 0.025 0.057 0.048 
711    (0)   :  0.689 0.025 0.083 0.122 0.081 
712    (0)   :  0.748 0.023 0.094 0.090 0.046 
713    (0)   :  0.769 0.037 0.031 0.099 0.064 
714    (0)   :  0.601 0.032 0.025 0.234 0.107 
715    (0)   :  0.810 0.022 0.056 0.065 0.047 
716    (0)   :  0.786 0.026 0.047 0.063 0.079 
717    (0)   :  0.839 0.023 0.032 0.058 0.048 
718    (0)   :  0.636 0.027 0.057 0.197 0.083 
719    (0)   :  0.815 0.026 0.048 0.064 0.047 
720    (0)   :  0.041 0.136 0.028 0.445 0.350 
721    (0)   :  0.514 0.031 0.045 0.162 0.249 
722    (0)   :  0.076 0.054 0.062 0.183 0.626 
723    (0)   :  0.063 0.044 0.021 0.258 0.614 
724    (0)   :  0.196 0.047 0.030 0.136 0.591 
725    (0)   :  0.187 0.068 0.038 0.508 0.199 
726    (0)   :  0.120 0.046 0.066 0.217 0.550 
727    (0)   :  0.201 0.055 0.258 0.220 0.265 
728    (0)   :  0.026 0.033 0.024 0.063 0.855 
729    (0)   :  0.028 0.034 0.020 0.078 0.841 
730    (0)   :  0.042 0.082 0.022 0.322 0.533 
731    (0)   :  0.058 0.041 0.031 0.108 0.762 
732    (0)   :  0.064 0.044 0.021 0.253 0.618 
733    (0)   :  0.038 0.041 0.018 0.099 0.805 
734    (0)   :  0.026 0.065 0.019 0.080 0.809 
735    (0)   :  0.049 0.030 0.015 0.093 0.812 
736    (0)   :  0.052 0.091 0.027 0.108 0.722 
737    (0)   :  0.052 0.083 0.060 0.226 0.579 
738    (0)   :  0.044 0.054 0.022 0.282 0.598 
739    (0)   :  0.035 0.041 0.018 0.087 0.820 
740    (0)   :  0.476 0.033 0.028 0.389 0.074 
741    (0)   :  0.444 0.058 0.057 0.298 0.143 
742    (0)   :  0.142 0.531 0.022 0.110 0.195 
743    (0)   :  0.064 0.077 0.022 0.682 0.154 
744    (0)   :  0.074 0.210 0.253 0.352 0.111 
745    (0)   :  0.036 0.442 0.069 0.267 0.185 
746    (0)   :  0.172 0.103 0.031 0.497 0.197 
747    (0)   :  0.077 0.210 0.039 0.518 0.156 
748    (0)   :  0.415 0.165 0.022 0.282 0.116 
749    (0)   :  0.089 0.100 0.048 0.648 0.116 
750    (0)   :  0.063 0.079 0.026 0.718 0.114 
751    (0)   :  0.410 0.121 0.022 0.327 0.120 
752    (0)   :  0.073 0.102 0.029 0.628 0.168 
753    (0)   :  0.131 0.068 0.033 0.566 0.201 
754    (0)   :  0.407 0.103 0.036 0.291 0.163 
755    (0)   :  0.111 0.076 0.019 0.655 0.139 
756    (0)   :  0.192 0.430 0.025 0.270 0.083 
757    (0)   :  0.145 0.362 0.026 0.317 0.150 
758    (0)   :  0.035 0.409 0.034 0.412 0.110 
759    (0)   :  0.402 0.047 0.077 0.243 0.231 
760    (0)   :  0.087 0.096 0.025 0.547 0.245 
761    (0)   :  0.229 0.036 0.028 0.329 0.378 
762    (0)   :  0.058 0.166 0.017 0.288 0.471 
763    (0)   :  0.131 0.068 0.032 0.570 0.200 
764    (0)   :  0.069 0.161 0.021 0.616 0.133 
765    (0)   :  0.048 0.048 0.020 0.557 0.326 
766    (0)   :  0.278 0.140 0.019 0.439 0.125 
767    (0)   :  0.242 0.313 0.032 0.226 0.187 
768    (0)   :  0.059 0.155 0.017 0.288 0.481 
769    (0)   :  0.238 0.075 0.033 0.194 0.460 
770    (0)   :  0.053 0.214 0.022 0.220 0.490 
771    (0)   :  0.097 0.057 0.223 0.549 0.074 
772    (0)   :  0.257 0.225 0.114 0.216 0.188 
773    (0)   :  0.065 0.096 0.020 0.722 0.097 
774    (0)   :  0.301 0.044 0.028 0.501 0.126 
775    (0)   :  0.104 0.087 0.022 0.132 0.654 
776    (0)   :  0.054 0.549 0.029 0.223 0.144 
777    (0)   :  0.099 0.099 0.084 0.532 0.185 
778    (0)   :  0.184 0.104 0.069 0.513 0.130 
779    (0)   :  0.096 0.136 0.022 0.649 0.098 
780    (0)   :  0.330 0.105 0.020 0.423 0.122 
781    (0)   :  0.097 0.037 0.063 0.739 0.064 
782    (0)   :  0.096 0.139 0.021 0.646 0.098 
783    (0)   :  0.242 0.191 0.022 0.351 0.194 
784    (0)   :  0.090 0.358 0.028 0.224 0.301 
785    (0)   :  0.153 0.169 0.030 0.493 0.154 
786    (0)   :  0.417 0.141 0.026 0.259 0.158 
787    (0)   :  0.346 0.131 0.056 0.395 0.073 
788    (0)   :  0.096 0.257 0.062 0.337 0.249 
789    (0)   :  0.102 0.396 0.023 0.185 0.294 
790    (0)   :  0.195 0.090 0.021 0.503 0.191 
791    (0)   :  0.156 0.395 0.033 0.210 0.207 
792    (0)   :  0.322 0.063 0.072 0.472 0.071 
793    (0)   :  0.352 0.049 0.107 0.273 0.218 
794    (0)   :  0.162 0.323 0.044 0.270 0.200 
795    (0)   :  0.491 0.047 0.040 0.211 0.211 
796    (0)   :  0.145 0.616 0.041 0.106 0.092 
797    (0)   :  0.511 0.044 0.072 0.244 0.130 
798    (0)   :  0.031 0.088 0.163 0.100 0.619 
799    (0)   :  0.076 0.523 0.053 0.199 0.149 
800    (0)   :  0.417 0.114 0.253 0.156 0.060 
801    (0)   :  0.062 0.108 0.158 0.105 0.567 
802    (0)   :  0.236 0.119 0.185 0.169 0.291 
803    (0)   :  0.308 0.062 0.104 0.350 0.176 
804    (0)   :  0.115 0.131 0.223 0.326 0.205 
805    (0)   :  0.747 0.058 0.037 0.082 0.076 
806    (0)   :  0.089 0.070 0.379 0.173 0.288 
807    (0)   :  0.552 0.028 0.085 0.246 0.089 
808    (0)   :  0.388 0.051 0.202 0.250 0.108 
809    (0)   :  0.044 0.048 0.649 0.086 0.173 
810    (0)   :  0.169 0.133 0.045 0.368 0.285 
