

----------------------------------------------------
STRUCTURE by Pritchard, Stephens and Donnelly (2000)
     and Falush, Stephens and Pritchard (2003)
       Code by Pritchard, Falush and Hubisz
             Version 2.3.4 (Jul 2012)
----------------------------------------------------



Command line arguments:   ./structure -K 10 -D 110009 -m brooktrout/mainparams -e brooktrout/extraparams -o brooktrout/250914_output/results_K10_rep9 
Input File:    brooktrout/brooktrout.txt

Run parameters:
   8454 individuals
   5 loci
   10 populations assumed
   50000 Burn-in period
   100000 Reps
RANDOMIZE turned off


--------------------------------------------
Overall proportion of membership of the
sample in each of the 10 clusters

Inferred Clusters
  1      2      3      4      5      6      7      8      9     10    
0.008  0.012  0.025  0.089  0.102  0.131  0.136  0.168  0.159  0.170  

--------------------------------------------

Allele-freq. divergence among pops (Net nucleotide distance),
computed using point estimates of P.

      1       2       3       4       5       6       7       8       9      10      
 1      -    0.1699  0.1411  0.1620  0.1626  0.1397  0.1403  0.1234  0.1208  0.1290  
 2   0.1699     -    0.2586  0.2547  0.2018  0.2352  0.2093  0.1792  0.1511  0.1323  
 3   0.1411  0.2586     -    0.1906  0.1668  0.2339  0.2149  0.1513  0.1993  0.2023  
 4   0.1620  0.2547  0.1906     -    0.1171  0.1484  0.1433  0.1409  0.1377  0.1790  
 5   0.1626  0.2018  0.1668  0.1171     -    0.1719  0.1367  0.1719  0.1930  0.1860  
 6   0.1397  0.2352  0.2339  0.1484  0.1719     -    0.0698  0.2146  0.2107  0.1770  
 7   0.1403  0.2093  0.2149  0.1433  0.1367  0.0698     -    0.1876  0.1855  0.1278  
 8   0.1234  0.1792  0.1513  0.1409  0.1719  0.2146  0.1876     -    0.0897  0.1123  
 9   0.1208  0.1511  0.1993  0.1377  0.1930  0.2107  0.1855  0.0897     -    0.1065  
10   0.1290  0.1323  0.2023  0.1790  0.1860  0.1770  0.1278  0.1123  0.1065     -    

Average distances (expected heterozygosity) between individuals in same cluster:
cluster  1  : 0.8310 
cluster  2  : 0.6849 
cluster  3  : 0.7380 
cluster  4  : 0.7130 
cluster  5  : 0.7435 
cluster  6  : 0.6997 
cluster  7  : 0.6900 
cluster  8  : 0.7520 
cluster  9  : 0.7218 
cluster 10  : 0.7040 

--------------------------------------------
Estimated Ln Prob of Data   = -184244.8
Mean value of ln likelihood = -172437.1
Variance of ln likelihood   = 23615.4

Mean value of alpha_1       = 0.0470
Mean value of alpha_2       = 0.0659
Mean value of alpha_3       = 0.1406
Mean value of alpha_4       = 0.5150
Mean value of alpha_5       = 0.5982
Mean value of alpha_6       = 0.7431
Mean value of alpha_7       = 0.7814
Mean value of alpha_8       = 0.9731
Mean value of alpha_9       = 0.9268
Mean value of alpha_10       = 1.0015
Allele frequencies uncorrelated


Inferred ancestry of individuals:
     (%Miss) :  Inferred clusters
  1    (0)   :  0.005 0.008 0.014 0.044 0.088 0.115 0.156 0.110 0.118 0.343 
  2    (0)   :  0.004 0.005 0.019 0.347 0.064 0.073 0.090 0.140 0.146 0.112 
  3    (0)   :  0.006 0.010 0.010 0.056 0.104 0.086 0.183 0.111 0.282 0.151 
  4    (0)   :  0.012 0.011 0.014 0.064 0.084 0.265 0.205 0.123 0.126 0.095 
  5    (0)   :  0.005 0.005 0.029 0.177 0.080 0.092 0.087 0.181 0.208 0.135 
  6    (0)   :  0.006 0.006 0.011 0.066 0.060 0.121 0.074 0.157 0.321 0.178 
  7    (0)   :  0.005 0.007 0.014 0.045 0.049 0.076 0.090 0.349 0.184 0.180 
  8    (0)   :  0.024 0.012 0.014 0.057 0.065 0.191 0.157 0.124 0.228 0.129 
  9    (0)   :  0.008 0.007 0.024 0.167 0.066 0.080 0.156 0.134 0.187 0.171 
 10    (0)   :  0.007 0.006 0.014 0.056 0.047 0.178 0.098 0.139 0.227 0.229 
 11    (0)   :  0.004 0.007 0.017 0.048 0.046 0.064 0.087 0.233 0.141 0.354 
 12    (0)   :  0.005 0.005 0.019 0.146 0.083 0.123 0.110 0.191 0.183 0.135 
 13    (0)   :  0.006 0.006 0.021 0.089 0.078 0.090 0.143 0.210 0.177 0.180 
 14    (0)   :  0.004 0.009 0.012 0.109 0.169 0.123 0.119 0.095 0.213 0.147 
 15    (0)   :  0.005 0.013 0.015 0.090 0.087 0.179 0.154 0.156 0.170 0.130 
 16    (0)   :  0.004 0.007 0.015 0.046 0.066 0.076 0.118 0.132 0.201 0.334 
 17    (0)   :  0.008 0.007 0.022 0.067 0.116 0.109 0.117 0.122 0.272 0.158 
 18    (0)   :  0.008 0.013 0.012 0.198 0.077 0.130 0.103 0.096 0.195 0.169 
 19    (0)   :  0.005 0.006 0.013 0.086 0.050 0.095 0.112 0.144 0.298 0.191 
 20    (0)   :  0.005 0.011 0.017 0.101 0.076 0.122 0.105 0.228 0.201 0.135 
 21    (0)   :  0.004 0.007 0.012 0.091 0.115 0.182 0.126 0.106 0.125 0.232 
 22    (0)   :  0.007 0.006 0.012 0.057 0.071 0.093 0.148 0.113 0.284 0.209 
 23    (0)   :  0.007 0.014 0.028 0.110 0.119 0.103 0.252 0.106 0.158 0.104 
 24    (0)   :  0.004 0.007 0.014 0.054 0.070 0.106 0.186 0.112 0.112 0.336 
 25    (0)   :  0.005 0.009 0.017 0.086 0.067 0.066 0.075 0.222 0.330 0.125 
 26    (0)   :  0.007 0.008 0.015 0.093 0.072 0.158 0.124 0.144 0.172 0.207 
 27    (0)   :  0.005 0.006 0.017 0.058 0.113 0.105 0.120 0.131 0.218 0.225 
 28    (0)   :  0.005 0.006 0.013 0.071 0.068 0.261 0.102 0.145 0.123 0.207 
 29    (0)   :  0.004 0.005 0.020 0.101 0.078 0.073 0.143 0.241 0.155 0.180 
 30    (0)   :  0.005 0.006 0.013 0.074 0.082 0.077 0.123 0.116 0.219 0.284 
 31    (0)   :  0.018 0.007 0.021 0.072 0.112 0.146 0.097 0.196 0.121 0.211 
 32    (0)   :  0.004 0.008 0.011 0.109 0.067 0.133 0.154 0.099 0.311 0.103 
 33    (0)   :  0.005 0.007 0.012 0.068 0.077 0.080 0.206 0.161 0.222 0.162 
 34    (0)   :  0.007 0.008 0.028 0.046 0.049 0.139 0.074 0.193 0.336 0.119 
 35    (0)   :  0.010 0.006 0.034 0.090 0.205 0.064 0.109 0.112 0.216 0.155 
 36    (0)   :  0.004 0.030 0.012 0.068 0.195 0.062 0.111 0.101 0.095 0.322 
 37    (0)   :  0.006 0.006 0.012 0.119 0.109 0.104 0.216 0.114 0.171 0.142 
 38    (0)   :  0.005 0.159 0.025 0.071 0.081 0.055 0.087 0.195 0.130 0.191 
 39    (0)   :  0.007 0.012 0.023 0.074 0.150 0.082 0.097 0.190 0.169 0.196 
 40    (0)   :  0.004 0.009 0.013 0.083 0.235 0.077 0.189 0.088 0.145 0.157 
 41    (0)   :  0.007 0.010 0.025 0.052 0.244 0.053 0.120 0.155 0.164 0.169 
 42    (0)   :  0.004 0.018 0.019 0.043 0.109 0.078 0.325 0.099 0.076 0.229 
 43    (0)   :  0.007 0.005 0.017 0.084 0.264 0.076 0.167 0.121 0.147 0.110 
 44    (0)   :  0.006 0.005 0.014 0.069 0.339 0.052 0.103 0.110 0.199 0.102 
 45    (0)   :  0.005 0.020 0.022 0.117 0.162 0.055 0.092 0.134 0.086 0.307 
 46    (0)   :  0.008 0.006 0.016 0.067 0.166 0.093 0.079 0.151 0.278 0.135 
 47    (0)   :  0.015 0.006 0.025 0.111 0.097 0.093 0.133 0.125 0.215 0.180 
 48    (0)   :  0.008 0.007 0.019 0.082 0.367 0.055 0.104 0.086 0.186 0.087 
 49    (0)   :  0.008 0.007 0.034 0.072 0.171 0.077 0.128 0.129 0.145 0.229 
 50    (0)   :  0.009 0.007 0.020 0.070 0.094 0.108 0.066 0.197 0.284 0.144 
 51    (0)   :  0.004 0.025 0.015 0.059 0.363 0.054 0.107 0.095 0.078 0.202 
 52    (0)   :  0.008 0.007 0.024 0.045 0.139 0.096 0.106 0.190 0.165 0.221 
 53    (0)   :  0.007 0.039 0.016 0.061 0.101 0.092 0.116 0.152 0.220 0.196 
 54    (0)   :  0.008 0.005 0.025 0.164 0.169 0.090 0.139 0.128 0.133 0.141 
 55    (0)   :  0.006 0.006 0.018 0.104 0.353 0.070 0.106 0.103 0.136 0.099 
 56    (0)   :  0.006 0.013 0.026 0.120 0.193 0.079 0.147 0.098 0.175 0.143 
 57    (0)   :  0.012 0.007 0.023 0.057 0.057 0.201 0.127 0.126 0.205 0.185 
 58    (0)   :  0.005 0.010 0.023 0.087 0.205 0.071 0.132 0.130 0.098 0.238 
 59    (0)   :  0.005 0.037 0.045 0.089 0.134 0.072 0.129 0.138 0.110 0.241 
 60    (0)   :  0.004 0.012 0.012 0.071 0.293 0.112 0.118 0.107 0.096 0.175 
 61    (0)   :  0.004 0.005 0.015 0.169 0.274 0.092 0.141 0.112 0.078 0.111 
 62    (0)   :  0.011 0.007 0.071 0.130 0.086 0.115 0.096 0.159 0.152 0.173 
 63    (0)   :  0.004 0.007 0.013 0.108 0.127 0.087 0.179 0.187 0.136 0.151 
 64    (0)   :  0.006 0.015 0.020 0.122 0.069 0.065 0.091 0.131 0.246 0.236 
 65    (0)   :  0.005 0.006 0.019 0.125 0.080 0.063 0.073 0.276 0.235 0.119 
 66    (0)   :  0.004 0.006 0.018 0.160 0.098 0.129 0.163 0.186 0.110 0.126 
 67    (0)   :  0.005 0.005 0.016 0.154 0.286 0.064 0.100 0.125 0.135 0.111 
 68    (0)   :  0.006 0.031 0.038 0.073 0.155 0.079 0.140 0.124 0.094 0.260 
 69    (0)   :  0.009 0.097 0.045 0.066 0.083 0.143 0.068 0.112 0.172 0.205 
 70    (0)   :  0.004 0.014 0.013 0.052 0.214 0.078 0.154 0.179 0.126 0.166 
 71    (0)   :  0.005 0.026 0.039 0.105 0.194 0.055 0.076 0.146 0.111 0.242 
 72    (0)   :  0.005 0.009 0.011 0.064 0.142 0.060 0.090 0.117 0.181 0.319 
 73    (0)   :  0.005 0.009 0.044 0.185 0.192 0.062 0.088 0.162 0.101 0.151 
 74    (0)   :  0.004 0.030 0.012 0.069 0.150 0.076 0.184 0.094 0.093 0.288 
 75    (0)   :  0.005 0.017 0.016 0.078 0.163 0.088 0.211 0.080 0.081 0.262 
 76    (0)   :  0.005 0.006 0.012 0.086 0.229 0.068 0.113 0.191 0.174 0.116 
 77    (0)   :  0.004 0.031 0.025 0.083 0.143 0.051 0.122 0.207 0.114 0.219 
 78    (0)   :  0.005 0.137 0.028 0.072 0.108 0.052 0.128 0.182 0.121 0.167 
 79    (0)   :  0.004 0.006 0.015 0.096 0.051 0.080 0.103 0.257 0.167 0.221 
 80    (0)   :  0.005 0.006 0.012 0.093 0.056 0.181 0.285 0.147 0.087 0.129 
 81    (0)   :  0.004 0.006 0.010 0.100 0.047 0.187 0.197 0.191 0.091 0.167 
 82    (0)   :  0.004 0.006 0.027 0.091 0.145 0.100 0.175 0.183 0.123 0.146 
 83    (0)   :  0.004 0.010 0.010 0.093 0.082 0.150 0.164 0.193 0.151 0.144 
 84    (0)   :  0.004 0.006 0.011 0.075 0.056 0.147 0.157 0.225 0.152 0.168 
 85    (0)   :  0.004 0.011 0.011 0.077 0.072 0.155 0.178 0.128 0.180 0.184 
 86    (0)   :  0.006 0.008 0.021 0.145 0.168 0.083 0.089 0.147 0.188 0.145 
 87    (0)   :  0.005 0.012 0.013 0.085 0.082 0.087 0.105 0.317 0.132 0.162 
 88    (0)   :  0.004 0.006 0.013 0.084 0.061 0.116 0.250 0.204 0.099 0.163 
 89    (0)   :  0.005 0.006 0.011 0.129 0.052 0.156 0.225 0.158 0.093 0.166 
 90    (0)   :  0.004 0.006 0.014 0.101 0.056 0.094 0.115 0.336 0.124 0.149 
 91    (0)   :  0.004 0.013 0.010 0.067 0.072 0.165 0.273 0.121 0.131 0.144 
 92    (0)   :  0.004 0.006 0.014 0.095 0.064 0.103 0.148 0.221 0.133 0.212 
 93    (0)   :  0.004 0.006 0.012 0.059 0.059 0.332 0.206 0.093 0.092 0.137 
 94    (0)   :  0.004 0.016 0.011 0.048 0.077 0.079 0.091 0.366 0.139 0.170 
 95    (0)   :  0.004 0.006 0.012 0.090 0.054 0.111 0.197 0.314 0.093 0.120 
 96    (0)   :  0.004 0.005 0.015 0.108 0.236 0.102 0.221 0.122 0.081 0.107 
 97    (0)   :  0.005 0.016 0.015 0.106 0.133 0.090 0.175 0.084 0.084 0.291 
 98    (0)   :  0.004 0.006 0.015 0.111 0.132 0.065 0.181 0.137 0.145 0.205 
 99    (0)   :  0.004 0.006 0.011 0.102 0.049 0.140 0.146 0.249 0.134 0.158 
100    (0)   :  0.005 0.005 0.014 0.156 0.069 0.151 0.336 0.088 0.079 0.097 
101    (0)   :  0.006 0.015 0.015 0.107 0.097 0.101 0.143 0.231 0.124 0.163 
102    (0)   :  0.005 0.010 0.023 0.064 0.117 0.144 0.229 0.163 0.136 0.107 
103    (0)   :  0.005 0.005 0.014 0.290 0.064 0.126 0.093 0.181 0.126 0.095 
104    (0)   :  0.004 0.005 0.013 0.067 0.062 0.136 0.057 0.434 0.124 0.097 
105    (0)   :  0.005 0.005 0.035 0.121 0.075 0.173 0.072 0.295 0.117 0.100 
106    (0)   :  0.004 0.007 0.012 0.059 0.065 0.051 0.062 0.411 0.162 0.167 
107    (0)   :  0.006 0.006 0.024 0.166 0.078 0.130 0.093 0.271 0.128 0.098 
108    (0)   :  0.004 0.061 0.011 0.199 0.205 0.081 0.073 0.111 0.170 0.086 
109    (0)   :  0.006 0.016 0.113 0.073 0.090 0.063 0.058 0.256 0.146 0.178 
110    (0)   :  0.004 0.008 0.014 0.056 0.052 0.056 0.069 0.405 0.155 0.181 
111    (0)   :  0.006 0.007 0.029 0.098 0.067 0.088 0.074 0.416 0.121 0.094 
112    (0)   :  0.004 0.008 0.153 0.050 0.086 0.060 0.067 0.329 0.109 0.135 
113    (0)   :  0.005 0.012 0.015 0.225 0.100 0.091 0.098 0.138 0.143 0.172 
114    (0)   :  0.004 0.005 0.022 0.077 0.056 0.164 0.063 0.395 0.112 0.102 
115    (0)   :  0.005 0.007 0.032 0.067 0.142 0.069 0.120 0.308 0.157 0.091 
116    (0)   :  0.006 0.015 0.020 0.064 0.158 0.053 0.069 0.282 0.141 0.192 
117    (0)   :  0.006 0.009 0.034 0.054 0.061 0.058 0.098 0.331 0.151 0.199 
118    (0)   :  0.005 0.009 0.032 0.226 0.098 0.081 0.077 0.249 0.116 0.107 
119    (0)   :  0.004 0.008 0.011 0.082 0.215 0.105 0.214 0.152 0.118 0.091 
120    (0)   :  0.005 0.006 0.040 0.086 0.117 0.091 0.112 0.288 0.154 0.100 
121    (0)   :  0.010 0.010 0.080 0.066 0.167 0.057 0.088 0.261 0.137 0.124 
122    (0)   :  0.004 0.006 0.019 0.077 0.062 0.079 0.067 0.337 0.160 0.189 
123    (0)   :  0.005 0.008 0.016 0.096 0.084 0.096 0.081 0.348 0.138 0.127 
124    (0)   :  0.008 0.009 0.033 0.110 0.127 0.071 0.065 0.216 0.178 0.182 
125    (0)   :  0.005 0.015 0.030 0.055 0.074 0.058 0.096 0.159 0.190 0.319 
126    (0)   :  0.004 0.007 0.011 0.066 0.150 0.088 0.091 0.278 0.118 0.186 
127    (0)   :  0.005 0.006 0.025 0.107 0.077 0.089 0.076 0.430 0.103 0.081 
128    (0)   :  0.004 0.005 0.026 0.243 0.099 0.079 0.079 0.222 0.118 0.125 
129    (0)   :  0.006 0.005 0.021 0.220 0.076 0.072 0.064 0.311 0.130 0.096 
130    (0)   :  0.006 0.006 0.043 0.097 0.059 0.132 0.086 0.337 0.128 0.108 
131    (0)   :  0.009 0.050 0.035 0.073 0.107 0.056 0.067 0.225 0.162 0.216 
132    (0)   :  0.005 0.007 0.014 0.144 0.069 0.064 0.058 0.340 0.142 0.157 
133    (0)   :  0.008 0.008 0.017 0.164 0.091 0.100 0.089 0.282 0.145 0.097 
134    (0)   :  0.004 0.007 0.018 0.062 0.046 0.048 0.055 0.493 0.117 0.151 
135    (0)   :  0.005 0.007 0.025 0.076 0.187 0.229 0.180 0.083 0.074 0.134 
136    (0)   :  0.005 0.006 0.017 0.060 0.063 0.358 0.182 0.075 0.118 0.117 
137    (0)   :  0.005 0.006 0.032 0.048 0.052 0.247 0.302 0.097 0.084 0.128 
138    (0)   :  0.004 0.006 0.010 0.049 0.068 0.470 0.108 0.077 0.076 0.131 
139    (0)   :  0.004 0.006 0.015 0.228 0.105 0.210 0.095 0.087 0.101 0.149 
140    (0)   :  0.004 0.007 0.013 0.066 0.104 0.217 0.155 0.118 0.087 0.228 
141    (0)   :  0.005 0.007 0.015 0.071 0.068 0.368 0.095 0.079 0.126 0.167 
142    (0)   :  0.005 0.006 0.024 0.092 0.216 0.235 0.141 0.083 0.074 0.123 
143    (0)   :  0.004 0.005 0.010 0.055 0.060 0.254 0.366 0.072 0.072 0.101 
144    (0)   :  0.004 0.006 0.032 0.051 0.059 0.230 0.335 0.097 0.075 0.111 
145    (0)   :  0.006 0.006 0.019 0.075 0.092 0.257 0.151 0.079 0.135 0.180 
146    (0)   :  0.006 0.007 0.013 0.050 0.065 0.245 0.159 0.130 0.112 0.212 
147    (0)   :  0.004 0.005 0.011 0.045 0.052 0.382 0.233 0.073 0.079 0.114 
148    (0)   :  0.005 0.005 0.021 0.068 0.113 0.306 0.126 0.110 0.134 0.111 
149    (0)   :  0.005 0.008 0.015 0.069 0.112 0.332 0.126 0.074 0.081 0.179 
150    (0)   :  0.005 0.005 0.037 0.068 0.065 0.266 0.183 0.130 0.100 0.140 
151    (0)   :  0.004 0.005 0.012 0.064 0.068 0.299 0.249 0.092 0.085 0.122 
152    (0)   :  0.005 0.009 0.019 0.059 0.156 0.289 0.124 0.088 0.158 0.093 
153    (0)   :  0.004 0.007 0.011 0.044 0.094 0.378 0.114 0.091 0.084 0.172 
154    (0)   :  0.006 0.006 0.016 0.071 0.108 0.374 0.115 0.074 0.115 0.116 
155    (0)   :  0.004 0.005 0.010 0.058 0.057 0.479 0.110 0.097 0.085 0.094 
156    (0)   :  0.004 0.005 0.015 0.058 0.144 0.295 0.206 0.099 0.076 0.096 
157    (0)   :  0.004 0.006 0.010 0.051 0.048 0.353 0.164 0.149 0.107 0.108 
158    (0)   :  0.005 0.007 0.020 0.060 0.079 0.264 0.167 0.077 0.128 0.192 
159    (0)   :  0.005 0.006 0.014 0.057 0.049 0.386 0.221 0.074 0.081 0.107 
160    (0)   :  0.005 0.006 0.014 0.067 0.053 0.459 0.136 0.074 0.080 0.108 
161    (0)   :  0.004 0.007 0.012 0.056 0.067 0.158 0.293 0.093 0.093 0.217 
162    (0)   :  0.007 0.006 0.014 0.061 0.076 0.285 0.098 0.134 0.117 0.202 
163    (0)   :  0.004 0.005 0.011 0.049 0.087 0.445 0.130 0.091 0.078 0.102 
164    (0)   :  0.006 0.006 0.012 0.080 0.071 0.324 0.116 0.125 0.098 0.162 
165    (0)   :  0.005 0.006 0.036 0.059 0.065 0.266 0.221 0.126 0.088 0.128 
166    (0)   :  0.005 0.013 0.011 0.077 0.102 0.302 0.119 0.132 0.138 0.102 
167    (0)   :  0.008 0.006 0.014 0.042 0.063 0.458 0.081 0.100 0.127 0.100 
168    (0)   :  0.004 0.016 0.011 0.055 0.092 0.352 0.125 0.082 0.110 0.153 
169    (0)   :  0.006 0.016 0.020 0.052 0.071 0.205 0.133 0.075 0.123 0.299 
170    (0)   :  0.004 0.005 0.011 0.088 0.095 0.114 0.389 0.093 0.081 0.120 
171    (0)   :  0.005 0.011 0.012 0.074 0.096 0.299 0.136 0.089 0.154 0.126 
172    (0)   :  0.005 0.016 0.017 0.060 0.127 0.197 0.149 0.072 0.078 0.280 
173    (0)   :  0.005 0.005 0.013 0.086 0.060 0.450 0.123 0.076 0.083 0.100 
174    (0)   :  0.004 0.006 0.010 0.058 0.047 0.426 0.132 0.095 0.092 0.129 
175    (0)   :  0.005 0.005 0.012 0.055 0.068 0.252 0.309 0.074 0.118 0.102 
176    (0)   :  0.005 0.006 0.033 0.051 0.059 0.230 0.334 0.097 0.076 0.110 
177    (0)   :  0.004 0.008 0.011 0.051 0.057 0.327 0.104 0.153 0.110 0.174 
178    (0)   :  0.005 0.005 0.011 0.063 0.050 0.403 0.102 0.098 0.141 0.122 
179    (0)   :  0.004 0.005 0.010 0.062 0.050 0.492 0.115 0.075 0.083 0.103 
180    (0)   :  0.007 0.008 0.015 0.046 0.083 0.267 0.163 0.103 0.098 0.210 
181    (0)   :  0.005 0.006 0.017 0.088 0.099 0.253 0.190 0.079 0.088 0.175 
182    (0)   :  0.005 0.005 0.016 0.089 0.098 0.288 0.245 0.075 0.076 0.103 
183    (0)   :  0.005 0.005 0.011 0.065 0.063 0.379 0.202 0.076 0.084 0.110 
184    (0)   :  0.005 0.007 0.013 0.393 0.066 0.071 0.085 0.096 0.174 0.091 
185    (0)   :  0.004 0.005 0.014 0.056 0.161 0.353 0.185 0.066 0.067 0.087 
186    (0)   :  0.005 0.005 0.011 0.312 0.069 0.070 0.087 0.158 0.161 0.122 
187    (0)   :  0.004 0.005 0.011 0.290 0.072 0.210 0.104 0.103 0.106 0.095 
188    (0)   :  0.005 0.005 0.011 0.423 0.065 0.058 0.069 0.123 0.144 0.097 
189    (0)   :  0.004 0.014 0.011 0.107 0.109 0.139 0.176 0.096 0.175 0.169 
190    (0)   :  0.004 0.005 0.017 0.128 0.346 0.137 0.148 0.073 0.067 0.076 
191    (0)   :  0.004 0.005 0.015 0.432 0.057 0.085 0.088 0.101 0.110 0.105 
192    (0)   :  0.004 0.005 0.011 0.242 0.053 0.119 0.197 0.131 0.131 0.107 
193    (0)   :  0.004 0.005 0.019 0.174 0.096 0.114 0.182 0.120 0.143 0.144 
194    (0)   :  0.004 0.006 0.012 0.157 0.102 0.104 0.253 0.124 0.114 0.124 
195    (0)   :  0.004 0.005 0.011 0.266 0.132 0.179 0.159 0.072 0.072 0.099 
196    (0)   :  0.004 0.006 0.017 0.235 0.184 0.127 0.144 0.104 0.093 0.085 
197    (0)   :  0.005 0.005 0.013 0.152 0.097 0.183 0.086 0.144 0.193 0.122 
198    (0)   :  0.004 0.006 0.012 0.099 0.106 0.107 0.144 0.147 0.164 0.211 
199    (0)   :  0.004 0.008 0.018 0.152 0.229 0.091 0.198 0.103 0.086 0.110 
200    (0)   :  0.004 0.008 0.024 0.214 0.193 0.122 0.121 0.094 0.132 0.089 
201    (0)   :  0.004 0.005 0.011 0.204 0.081 0.310 0.120 0.084 0.090 0.091 
202    (0)   :  0.004 0.005 0.013 0.086 0.151 0.156 0.316 0.098 0.073 0.098 
203    (0)   :  0.004 0.005 0.013 0.272 0.070 0.261 0.142 0.078 0.081 0.073 
204    (0)   :  0.004 0.005 0.012 0.406 0.116 0.098 0.122 0.075 0.072 0.090 
205    (0)   :  0.004 0.007 0.013 0.322 0.137 0.092 0.112 0.103 0.098 0.112 
206    (0)   :  0.004 0.005 0.011 0.406 0.083 0.130 0.113 0.077 0.080 0.091 
207    (0)   :  0.004 0.005 0.019 0.378 0.113 0.076 0.127 0.108 0.082 0.088 
208    (0)   :  0.004 0.005 0.013 0.289 0.104 0.220 0.093 0.095 0.087 0.092 
209    (0)   :  0.004 0.005 0.018 0.290 0.089 0.099 0.142 0.114 0.120 0.119 
210    (0)   :  0.004 0.005 0.011 0.411 0.072 0.118 0.109 0.092 0.087 0.092 
211    (0)   :  0.005 0.005 0.046 0.116 0.197 0.110 0.199 0.151 0.095 0.076 
212    (0)   :  0.004 0.005 0.013 0.086 0.131 0.205 0.242 0.079 0.104 0.132 
213    (0)   :  0.004 0.006 0.015 0.132 0.178 0.087 0.167 0.159 0.083 0.170 
214    (0)   :  0.004 0.005 0.015 0.173 0.087 0.175 0.280 0.083 0.091 0.086 
215    (0)   :  0.004 0.007 0.017 0.412 0.105 0.080 0.080 0.114 0.098 0.084 
216    (0)   :  0.005 0.006 0.014 0.268 0.083 0.085 0.111 0.105 0.210 0.113 
217    (0)   :  0.004 0.007 0.012 0.211 0.102 0.189 0.206 0.081 0.094 0.094 
218    (0)   :  0.004 0.007 0.013 0.398 0.065 0.099 0.108 0.111 0.089 0.107 
219    (0)   :  0.006 0.010 0.011 0.161 0.082 0.178 0.147 0.093 0.188 0.123 
220    (0)   :  0.004 0.005 0.012 0.494 0.066 0.080 0.085 0.090 0.078 0.085 
221    (0)   :  0.004 0.005 0.014 0.078 0.125 0.111 0.433 0.070 0.072 0.088 
222    (0)   :  0.005 0.006 0.011 0.195 0.075 0.111 0.136 0.108 0.221 0.131 
223    (0)   :  0.004 0.007 0.011 0.172 0.082 0.241 0.132 0.109 0.130 0.112 
224    (0)   :  0.004 0.005 0.011 0.299 0.067 0.168 0.193 0.079 0.085 0.088 
225    (0)   :  0.004 0.005 0.012 0.320 0.128 0.105 0.135 0.091 0.094 0.106 
226    (0)   :  0.005 0.051 0.015 0.273 0.071 0.103 0.127 0.102 0.140 0.112 
227    (0)   :  0.004 0.005 0.014 0.168 0.224 0.163 0.144 0.112 0.073 0.093 
228    (0)   :  0.004 0.005 0.015 0.207 0.215 0.181 0.146 0.068 0.067 0.093 
229    (0)   :  0.004 0.005 0.011 0.325 0.049 0.150 0.202 0.084 0.084 0.088 
230    (0)   :  0.004 0.005 0.013 0.391 0.053 0.116 0.177 0.081 0.081 0.081 
231    (0)   :  0.004 0.005 0.013 0.293 0.058 0.182 0.131 0.086 0.117 0.112 
232    (0)   :  0.004 0.007 0.014 0.131 0.105 0.102 0.236 0.114 0.080 0.206 
233    (0)   :  0.004 0.005 0.014 0.166 0.066 0.318 0.167 0.083 0.093 0.083 
234    (0)   :  0.004 0.005 0.012 0.198 0.065 0.150 0.128 0.123 0.183 0.132 
235    (0)   :  0.004 0.009 0.012 0.185 0.102 0.136 0.207 0.109 0.109 0.126 
236    (0)   :  0.004 0.005 0.014 0.219 0.068 0.178 0.202 0.094 0.119 0.097 
237    (0)   :  0.004 0.005 0.020 0.309 0.145 0.097 0.110 0.101 0.097 0.112 
238    (0)   :  0.004 0.005 0.012 0.146 0.079 0.162 0.285 0.104 0.105 0.098 
239    (0)   :  0.004 0.005 0.011 0.267 0.131 0.180 0.158 0.072 0.072 0.099 
240    (0)   :  0.004 0.005 0.012 0.143 0.079 0.165 0.284 0.105 0.104 0.099 
241    (0)   :  0.004 0.006 0.014 0.137 0.110 0.156 0.288 0.084 0.084 0.116 
242    (0)   :  0.004 0.008 0.011 0.301 0.095 0.119 0.133 0.087 0.118 0.125 
243    (0)   :  0.004 0.005 0.020 0.253 0.210 0.133 0.135 0.084 0.080 0.076 
244    (0)   :  0.004 0.005 0.013 0.329 0.063 0.161 0.184 0.077 0.082 0.081 
245    (0)   :  0.004 0.005 0.010 0.083 0.104 0.302 0.210 0.090 0.084 0.108 
246    (0)   :  0.004 0.007 0.012 0.213 0.101 0.190 0.204 0.082 0.093 0.094 
247    (0)   :  0.004 0.007 0.011 0.255 0.089 0.067 0.083 0.204 0.140 0.141 
248    (0)   :  0.004 0.005 0.016 0.363 0.113 0.078 0.079 0.138 0.104 0.099 
249    (0)   :  0.004 0.005 0.015 0.250 0.071 0.122 0.270 0.090 0.088 0.087 
250    (0)   :  0.004 0.005 0.014 0.300 0.056 0.124 0.190 0.100 0.112 0.094 
251    (0)   :  0.004 0.012 0.021 0.222 0.113 0.099 0.107 0.118 0.192 0.110 
252    (0)   :  0.004 0.006 0.010 0.248 0.114 0.139 0.164 0.096 0.097 0.123 
253    (0)   :  0.004 0.011 0.013 0.165 0.151 0.082 0.141 0.158 0.128 0.147 
254    (0)   :  0.005 0.005 0.011 0.251 0.085 0.135 0.116 0.098 0.187 0.108 
255    (0)   :  0.004 0.005 0.014 0.220 0.076 0.126 0.167 0.125 0.126 0.137 
256    (0)   :  0.004 0.005 0.015 0.234 0.106 0.122 0.220 0.090 0.099 0.104 
257    (0)   :  0.006 0.006 0.018 0.287 0.098 0.106 0.149 0.116 0.103 0.111 
258    (0)   :  0.004 0.005 0.016 0.122 0.212 0.120 0.103 0.145 0.137 0.135 
259    (0)   :  0.004 0.005 0.014 0.341 0.066 0.099 0.170 0.097 0.110 0.094 
260    (0)   :  0.005 0.005 0.011 0.140 0.062 0.175 0.192 0.098 0.208 0.104 
261    (0)   :  0.004 0.006 0.010 0.158 0.151 0.193 0.172 0.086 0.099 0.121 
262    (0)   :  0.004 0.006 0.013 0.164 0.219 0.152 0.205 0.071 0.075 0.091 
263    (0)   :  0.005 0.004 0.013 0.436 0.078 0.087 0.085 0.081 0.129 0.081 
264    (0)   :  0.006 0.006 0.014 0.184 0.091 0.061 0.078 0.121 0.309 0.130 
265    (0)   :  0.004 0.008 0.011 0.275 0.084 0.156 0.118 0.109 0.120 0.115 
266    (0)   :  0.004 0.005 0.014 0.098 0.147 0.175 0.324 0.071 0.073 0.090 
267    (0)   :  0.004 0.005 0.019 0.166 0.099 0.147 0.182 0.127 0.127 0.123 
268    (0)   :  0.004 0.006 0.017 0.234 0.182 0.129 0.144 0.106 0.094 0.085 
269    (0)   :  0.004 0.010 0.011 0.201 0.071 0.167 0.123 0.099 0.191 0.124 
270    (0)   :  0.005 0.005 0.014 0.276 0.082 0.107 0.093 0.118 0.170 0.129 
271    (0)   :  0.004 0.007 0.019 0.275 0.140 0.096 0.103 0.132 0.119 0.106 
272    (0)   :  0.005 0.049 0.022 0.271 0.112 0.099 0.107 0.112 0.127 0.096 
273    (0)   :  0.018 0.015 0.026 0.187 0.069 0.129 0.152 0.133 0.123 0.147 
274    (0)   :  0.004 0.010 0.014 0.295 0.082 0.102 0.120 0.118 0.133 0.123 
275    (0)   :  0.007 0.015 0.017 0.312 0.071 0.137 0.101 0.092 0.139 0.111 
276    (0)   :  0.005 0.039 0.023 0.244 0.124 0.078 0.147 0.125 0.108 0.106 
277    (0)   :  0.004 0.006 0.011 0.216 0.071 0.153 0.171 0.105 0.133 0.129 
278    (0)   :  0.004 0.007 0.018 0.335 0.148 0.106 0.087 0.108 0.102 0.086 
279    (0)   :  0.004 0.006 0.013 0.289 0.078 0.118 0.146 0.102 0.127 0.116 
280    (0)   :  0.004 0.011 0.012 0.235 0.099 0.130 0.123 0.096 0.124 0.167 
281    (0)   :  0.004 0.006 0.013 0.265 0.089 0.103 0.122 0.148 0.103 0.146 
282    (0)   :  0.004 0.005 0.011 0.149 0.059 0.224 0.217 0.098 0.128 0.105 
283    (0)   :  0.004 0.005 0.012 0.160 0.069 0.253 0.225 0.097 0.091 0.084 
284    (0)   :  0.004 0.006 0.017 0.163 0.087 0.172 0.164 0.137 0.143 0.107 
285    (0)   :  0.004 0.007 0.018 0.337 0.154 0.058 0.067 0.126 0.101 0.129 
286    (0)   :  0.004 0.005 0.013 0.329 0.064 0.161 0.185 0.077 0.082 0.081 
287    (0)   :  0.004 0.010 0.011 0.199 0.076 0.133 0.144 0.146 0.114 0.164 
288    (0)   :  0.005 0.031 0.014 0.407 0.063 0.087 0.095 0.095 0.112 0.092 
289    (0)   :  0.006 0.016 0.018 0.332 0.093 0.083 0.095 0.135 0.129 0.092 
290    (0)   :  0.006 0.006 0.025 0.186 0.146 0.080 0.173 0.102 0.148 0.128 
291    (0)   :  0.004 0.007 0.019 0.275 0.138 0.096 0.103 0.133 0.118 0.107 
292    (0)   :  0.004 0.011 0.011 0.143 0.182 0.136 0.143 0.085 0.104 0.181 
293    (0)   :  0.005 0.006 0.020 0.107 0.185 0.082 0.102 0.117 0.209 0.168 
294    (0)   :  0.006 0.006 0.013 0.402 0.115 0.072 0.095 0.080 0.121 0.090 
295    (0)   :  0.005 0.023 0.025 0.165 0.163 0.111 0.120 0.129 0.127 0.132 
296    (0)   :  0.004 0.006 0.017 0.390 0.098 0.093 0.094 0.121 0.083 0.093 
297    (0)   :  0.004 0.010 0.011 0.307 0.073 0.094 0.112 0.101 0.119 0.169 
298    (0)   :  0.004 0.005 0.011 0.222 0.050 0.159 0.215 0.108 0.121 0.105 
299    (0)   :  0.006 0.005 0.011 0.420 0.058 0.091 0.099 0.087 0.131 0.093 
300    (0)   :  0.004 0.006 0.013 0.454 0.080 0.068 0.085 0.083 0.082 0.126 
301    (0)   :  0.005 0.008 0.014 0.287 0.074 0.104 0.091 0.092 0.217 0.106 
302    (0)   :  0.006 0.007 0.018 0.291 0.195 0.098 0.084 0.081 0.131 0.089 
303    (0)   :  0.004 0.006 0.012 0.251 0.072 0.153 0.192 0.082 0.090 0.138 
304    (0)   :  0.005 0.005 0.013 0.083 0.049 0.263 0.133 0.127 0.190 0.131 
305    (0)   :  0.004 0.007 0.013 0.315 0.122 0.154 0.128 0.072 0.082 0.103 
306    (0)   :  0.004 0.009 0.012 0.172 0.086 0.154 0.255 0.089 0.108 0.111 
307    (0)   :  0.005 0.006 0.015 0.206 0.074 0.117 0.226 0.104 0.136 0.112 
308    (0)   :  0.004 0.005 0.010 0.159 0.150 0.194 0.171 0.087 0.099 0.121 
309    (0)   :  0.010 0.010 0.024 0.420 0.077 0.085 0.085 0.113 0.091 0.085 
310    (0)   :  0.004 0.005 0.015 0.281 0.126 0.145 0.173 0.080 0.085 0.087 
311    (0)   :  0.004 0.005 0.013 0.392 0.053 0.116 0.176 0.081 0.081 0.080 
312    (0)   :  0.004 0.004 0.014 0.458 0.084 0.084 0.087 0.104 0.082 0.080 
313    (0)   :  0.004 0.005 0.016 0.298 0.244 0.072 0.088 0.096 0.087 0.088 
314    (0)   :  0.004 0.007 0.013 0.050 0.100 0.393 0.179 0.071 0.075 0.107 
315    (0)   :  0.004 0.011 0.010 0.045 0.102 0.403 0.135 0.076 0.108 0.105 
316    (0)   :  0.006 0.018 0.012 0.050 0.064 0.422 0.106 0.083 0.125 0.114 
317    (0)   :  0.005 0.008 0.013 0.048 0.058 0.445 0.169 0.073 0.076 0.106 
318    (0)   :  0.004 0.007 0.011 0.044 0.042 0.528 0.103 0.073 0.081 0.107 
319    (0)   :  0.004 0.005 0.011 0.055 0.061 0.370 0.242 0.073 0.073 0.105 
320    (0)   :  0.004 0.008 0.013 0.049 0.100 0.392 0.180 0.071 0.074 0.108 
321    (0)   :  0.004 0.008 0.013 0.045 0.052 0.447 0.158 0.074 0.082 0.117 
322    (0)   :  0.006 0.018 0.014 0.056 0.097 0.324 0.181 0.082 0.112 0.110 
323    (0)   :  0.011 0.006 0.011 0.050 0.046 0.478 0.137 0.074 0.082 0.105 
324    (0)   :  0.005 0.008 0.013 0.045 0.052 0.449 0.158 0.073 0.082 0.116 
325    (0)   :  0.004 0.018 0.011 0.045 0.060 0.459 0.097 0.080 0.120 0.105 
326    (0)   :  0.010 0.043 0.015 0.049 0.062 0.409 0.110 0.082 0.117 0.103 
327    (0)   :  0.004 0.007 0.013 0.048 0.058 0.442 0.172 0.073 0.077 0.106 
328    (0)   :  0.004 0.012 0.011 0.052 0.082 0.342 0.188 0.080 0.116 0.112 
329    (0)   :  0.004 0.005 0.010 0.044 0.043 0.434 0.202 0.073 0.078 0.106 
330    (0)   :  0.005 0.007 0.013 0.048 0.058 0.444 0.169 0.073 0.076 0.107 
331    (0)   :  0.004 0.005 0.010 0.049 0.045 0.503 0.124 0.073 0.078 0.108 
332    (0)   :  0.013 0.026 0.012 0.046 0.061 0.420 0.109 0.082 0.128 0.102 
333    (0)   :  0.009 0.025 0.013 0.055 0.068 0.395 0.134 0.082 0.114 0.104 
334    (0)   :  0.004 0.011 0.011 0.052 0.081 0.343 0.187 0.080 0.117 0.113 
335    (0)   :  0.004 0.011 0.012 0.048 0.086 0.331 0.222 0.079 0.107 0.099 
336    (0)   :  0.013 0.009 0.013 0.047 0.075 0.451 0.126 0.073 0.083 0.111 
337    (0)   :  0.005 0.019 0.014 0.046 0.076 0.378 0.148 0.081 0.121 0.112 
338    (0)   :  0.005 0.008 0.011 0.044 0.043 0.521 0.105 0.073 0.081 0.110 
339    (0)   :  0.004 0.005 0.010 0.049 0.044 0.508 0.122 0.073 0.077 0.107 
340    (0)   :  0.004 0.005 0.010 0.052 0.048 0.505 0.130 0.072 0.074 0.100 
341    (0)   :  0.010 0.009 0.013 0.054 0.048 0.449 0.154 0.076 0.079 0.108 
342    (0)   :  0.004 0.007 0.013 0.048 0.058 0.446 0.167 0.074 0.077 0.106 
343    (0)   :  0.010 0.012 0.013 0.048 0.132 0.261 0.234 0.077 0.111 0.102 
344    (0)   :  0.004 0.005 0.010 0.044 0.042 0.505 0.132 0.073 0.078 0.107 
345    (0)   :  0.004 0.007 0.013 0.048 0.058 0.442 0.171 0.073 0.077 0.106 
346    (0)   :  0.004 0.007 0.011 0.046 0.047 0.529 0.108 0.073 0.076 0.100 
347    (0)   :  0.004 0.005 0.010 0.046 0.046 0.505 0.139 0.072 0.074 0.099 
348    (0)   :  0.004 0.010 0.012 0.050 0.148 0.284 0.222 0.076 0.097 0.098 
349    (0)   :  0.005 0.007 0.012 0.048 0.058 0.445 0.170 0.073 0.076 0.106 
350    (0)   :  0.004 0.005 0.010 0.052 0.075 0.452 0.142 0.071 0.076 0.113 
351    (0)   :  0.004 0.011 0.011 0.048 0.086 0.333 0.220 0.080 0.106 0.100 
352    (0)   :  0.004 0.019 0.014 0.049 0.087 0.376 0.159 0.080 0.111 0.102 
353    (0)   :  0.014 0.010 0.013 0.047 0.074 0.449 0.127 0.073 0.083 0.111 
354    (0)   :  0.006 0.007 0.012 0.047 0.044 0.469 0.149 0.074 0.080 0.111 
355    (0)   :  0.004 0.007 0.011 0.044 0.043 0.527 0.103 0.073 0.081 0.108 
356    (0)   :  0.004 0.009 0.011 0.050 0.139 0.168 0.357 0.075 0.095 0.094 
357    (0)   :  0.004 0.011 0.011 0.052 0.063 0.295 0.114 0.092 0.220 0.138 
358    (0)   :  0.005 0.013 0.011 0.045 0.060 0.436 0.128 0.080 0.119 0.105 
359    (0)   :  0.005 0.006 0.010 0.050 0.044 0.498 0.125 0.074 0.079 0.110 
360    (0)   :  0.004 0.007 0.011 0.046 0.046 0.529 0.107 0.073 0.076 0.101 
361    (0)   :  0.004 0.011 0.012 0.056 0.088 0.180 0.195 0.092 0.213 0.148 
362    (0)   :  0.005 0.014 0.012 0.182 0.074 0.095 0.083 0.159 0.181 0.195 
363    (0)   :  0.006 0.009 0.015 0.097 0.070 0.066 0.078 0.240 0.225 0.193 
364    (0)   :  0.013 0.008 0.023 0.064 0.079 0.152 0.180 0.135 0.200 0.146 
365    (0)   :  0.012 0.014 0.029 0.076 0.065 0.071 0.086 0.129 0.197 0.323 
366    (0)   :  0.005 0.012 0.018 0.101 0.157 0.097 0.119 0.098 0.232 0.159 
367    (0)   :  0.004 0.009 0.012 0.056 0.050 0.057 0.064 0.416 0.150 0.183 
368    (0)   :  0.004 0.006 0.014 0.130 0.059 0.079 0.102 0.261 0.150 0.194 
369    (0)   :  0.006 0.008 0.019 0.066 0.147 0.097 0.207 0.101 0.215 0.134 
370    (0)   :  0.009 0.011 0.025 0.166 0.063 0.080 0.111 0.237 0.164 0.135 
371    (0)   :  0.008 0.008 0.020 0.120 0.078 0.099 0.119 0.116 0.287 0.145 
372    (0)   :  0.027 0.015 0.037 0.216 0.073 0.095 0.117 0.184 0.095 0.141 
373    (0)   :  0.005 0.006 0.017 0.078 0.063 0.090 0.141 0.286 0.124 0.191 
374    (0)   :  0.006 0.014 0.028 0.081 0.058 0.103 0.224 0.140 0.193 0.153 
375    (0)   :  0.012 0.009 0.018 0.095 0.048 0.065 0.077 0.209 0.275 0.192 
376    (0)   :  0.083 0.011 0.014 0.044 0.052 0.061 0.075 0.158 0.270 0.231 
377    (0)   :  0.006 0.010 0.020 0.095 0.106 0.105 0.080 0.170 0.179 0.230 
378    (0)   :  0.004 0.007 0.016 0.061 0.070 0.167 0.112 0.327 0.094 0.141 
379    (0)   :  0.146 0.016 0.017 0.058 0.057 0.055 0.069 0.171 0.245 0.166 
380    (0)   :  0.008 0.022 0.016 0.065 0.078 0.091 0.138 0.092 0.117 0.373 
381    (0)   :  0.008 0.008 0.015 0.048 0.115 0.080 0.147 0.083 0.213 0.282 
382    (0)   :  0.004 0.006 0.012 0.062 0.046 0.080 0.071 0.157 0.436 0.126 
383    (0)   :  0.013 0.043 0.017 0.088 0.051 0.169 0.078 0.095 0.163 0.283 
384    (0)   :  0.042 0.018 0.022 0.065 0.051 0.127 0.099 0.136 0.225 0.214 
385    (0)   :  0.006 0.006 0.169 0.059 0.049 0.191 0.087 0.119 0.151 0.162 
386    (0)   :  0.004 0.007 0.012 0.069 0.058 0.065 0.078 0.236 0.243 0.227 
387    (0)   :  0.004 0.007 0.013 0.054 0.066 0.092 0.073 0.213 0.253 0.224 
388    (0)   :  0.012 0.011 0.032 0.072 0.049 0.134 0.148 0.146 0.183 0.213 
389    (0)   :  0.009 0.008 0.099 0.128 0.167 0.080 0.083 0.164 0.151 0.111 
390    (0)   :  0.016 0.028 0.021 0.060 0.107 0.060 0.081 0.246 0.145 0.235 
391    (0)   :  0.010 0.016 0.064 0.084 0.100 0.077 0.137 0.219 0.152 0.141 
392    (0)   :  0.006 0.006 0.010 0.064 0.073 0.115 0.096 0.176 0.143 0.309 
393    (0)   :  0.006 0.018 0.012 0.048 0.077 0.080 0.092 0.092 0.102 0.472 
394    (0)   :  0.004 0.012 0.011 0.063 0.072 0.173 0.126 0.210 0.141 0.188 
395    (0)   :  0.004 0.017 0.011 0.156 0.111 0.078 0.077 0.182 0.140 0.225 
396    (0)   :  0.004 0.005 0.012 0.074 0.051 0.054 0.068 0.264 0.254 0.212 
397    (0)   :  0.049 0.006 0.012 0.186 0.076 0.114 0.140 0.098 0.196 0.124 
398    (0)   :  0.032 0.019 0.011 0.047 0.057 0.060 0.071 0.271 0.127 0.305 
399    (0)   :  0.005 0.022 0.020 0.073 0.076 0.074 0.085 0.394 0.132 0.119 
400    (0)   :  0.005 0.006 0.014 0.047 0.060 0.069 0.122 0.223 0.246 0.208 
401    (0)   :  0.004 0.006 0.013 0.055 0.113 0.086 0.101 0.330 0.097 0.194 
402    (0)   :  0.005 0.006 0.016 0.065 0.124 0.087 0.100 0.227 0.123 0.247 
403    (0)   :  0.006 0.008 0.032 0.073 0.069 0.242 0.129 0.123 0.111 0.207 
404    (0)   :  0.006 0.006 0.020 0.127 0.052 0.077 0.142 0.150 0.215 0.204 
405    (0)   :  0.004 0.013 0.012 0.104 0.087 0.084 0.112 0.136 0.214 0.234 
406    (0)   :  0.004 0.129 0.012 0.083 0.128 0.079 0.174 0.095 0.147 0.149 
407    (0)   :  0.004 0.013 0.011 0.061 0.048 0.054 0.068 0.146 0.192 0.403 
408    (0)   :  0.004 0.005 0.012 0.085 0.163 0.051 0.066 0.392 0.092 0.131 
409    (0)   :  0.008 0.023 0.016 0.052 0.078 0.074 0.293 0.098 0.088 0.271 
410    (0)   :  0.060 0.015 0.015 0.063 0.071 0.093 0.098 0.202 0.126 0.256 
411    (0)   :  0.010 0.007 0.012 0.050 0.104 0.131 0.087 0.141 0.270 0.189 
412    (0)   :  0.004 0.006 0.014 0.117 0.055 0.077 0.095 0.259 0.175 0.197 
413    (0)   :  0.004 0.005 0.011 0.078 0.059 0.155 0.102 0.258 0.149 0.179 
414    (0)   :  0.004 0.005 0.020 0.143 0.049 0.070 0.057 0.276 0.252 0.123 
415    (0)   :  0.004 0.012 0.013 0.065 0.112 0.060 0.100 0.172 0.257 0.205 
416    (0)   :  0.005 0.006 0.024 0.063 0.095 0.072 0.116 0.201 0.111 0.308 
417    (0)   :  0.005 0.048 0.012 0.070 0.062 0.061 0.093 0.188 0.187 0.273 
418    (0)   :  0.005 0.006 0.011 0.073 0.046 0.062 0.077 0.337 0.194 0.187 
419    (0)   :  0.008 0.010 0.022 0.068 0.070 0.116 0.160 0.153 0.122 0.270 
420    (0)   :  0.004 0.006 0.013 0.053 0.173 0.055 0.087 0.322 0.103 0.184 
421    (0)   :  0.006 0.018 0.012 0.089 0.058 0.060 0.100 0.243 0.106 0.307 
422    (0)   :  0.005 0.013 0.013 0.135 0.116 0.068 0.085 0.125 0.089 0.351 
423    (0)   :  0.006 0.012 0.012 0.114 0.076 0.106 0.080 0.162 0.303 0.131 
424    (0)   :  0.006 0.017 0.035 0.051 0.141 0.085 0.104 0.242 0.174 0.143 
425    (0)   :  0.015 0.009 0.042 0.081 0.065 0.111 0.106 0.133 0.237 0.201 
426    (0)   :  0.023 0.026 0.034 0.067 0.071 0.101 0.117 0.230 0.191 0.140 
427    (0)   :  0.004 0.017 0.010 0.042 0.049 0.148 0.064 0.215 0.153 0.296 
428    (0)   :  0.014 0.041 0.013 0.075 0.106 0.111 0.135 0.107 0.111 0.288 
429    (0)   :  0.005 0.008 0.010 0.061 0.049 0.056 0.065 0.273 0.278 0.195 
430    (0)   :  0.004 0.023 0.011 0.071 0.063 0.059 0.070 0.131 0.144 0.422 
431    (0)   :  0.008 0.014 0.023 0.105 0.072 0.125 0.094 0.222 0.225 0.112 
432    (0)   :  0.004 0.006 0.014 0.087 0.066 0.082 0.109 0.271 0.132 0.228 
433    (0)   :  0.006 0.006 0.014 0.082 0.087 0.148 0.234 0.154 0.141 0.128 
434    (0)   :  0.005 0.006 0.015 0.105 0.077 0.093 0.140 0.124 0.199 0.236 
435    (0)   :  0.004 0.035 0.011 0.045 0.071 0.059 0.068 0.212 0.168 0.327 
436    (0)   :  0.006 0.103 0.013 0.035 0.085 0.068 0.109 0.199 0.210 0.173 
437    (0)   :  0.005 0.009 0.010 0.055 0.061 0.063 0.077 0.126 0.431 0.163 
438    (0)   :  0.005 0.073 0.013 0.048 0.130 0.068 0.116 0.187 0.118 0.241 
439    (0)   :  0.004 0.046 0.011 0.039 0.055 0.063 0.079 0.138 0.149 0.417 
440    (0)   :  0.004 0.068 0.012 0.049 0.066 0.052 0.060 0.210 0.307 0.173 
441    (0)   :  0.004 0.016 0.012 0.047 0.067 0.083 0.105 0.114 0.157 0.394 
442    (0)   :  0.005 0.007 0.025 0.054 0.078 0.055 0.085 0.221 0.247 0.224 
443    (0)   :  0.004 0.015 0.015 0.045 0.179 0.054 0.068 0.319 0.131 0.171 
444    (0)   :  0.005 0.011 0.024 0.051 0.098 0.055 0.082 0.185 0.301 0.188 
445    (0)   :  0.029 0.013 0.012 0.047 0.079 0.072 0.151 0.094 0.100 0.403 
446    (0)   :  0.036 0.029 0.012 0.037 0.046 0.062 0.078 0.283 0.116 0.300 
447    (0)   :  0.005 0.065 0.029 0.044 0.104 0.079 0.123 0.134 0.176 0.240 
448    (0)   :  0.004 0.014 0.012 0.053 0.074 0.063 0.077 0.169 0.209 0.324 
449    (0)   :  0.004 0.015 0.012 0.059 0.073 0.080 0.105 0.138 0.214 0.301 
450    (0)   :  0.006 0.007 0.013 0.042 0.041 0.082 0.097 0.124 0.225 0.364 
451    (0)   :  0.004 0.009 0.014 0.059 0.076 0.052 0.060 0.408 0.204 0.114 
452    (0)   :  0.005 0.008 0.011 0.046 0.047 0.080 0.094 0.184 0.162 0.364 
453    (0)   :  0.004 0.009 0.018 0.067 0.241 0.062 0.108 0.162 0.108 0.221 
454    (0)   :  0.004 0.015 0.011 0.059 0.070 0.100 0.089 0.147 0.266 0.238 
455    (0)   :  0.004 0.062 0.012 0.038 0.098 0.055 0.076 0.191 0.179 0.284 
456    (0)   :  0.005 0.017 0.014 0.046 0.188 0.055 0.071 0.180 0.217 0.207 
457    (0)   :  0.005 0.017 0.011 0.046 0.065 0.063 0.081 0.121 0.290 0.301 
458    (0)   :  0.031 0.013 0.011 0.045 0.048 0.062 0.079 0.146 0.114 0.449 
459    (0)   :  0.004 0.021 0.012 0.036 0.057 0.079 0.135 0.192 0.172 0.291 
460    (0)   :  0.004 0.016 0.012 0.040 0.062 0.060 0.070 0.278 0.180 0.280 
461    (0)   :  0.005 0.007 0.013 0.038 0.041 0.061 0.073 0.320 0.211 0.231 
462    (0)   :  0.007 0.013 0.042 0.090 0.091 0.050 0.055 0.150 0.228 0.275 
463    (0)   :  0.004 0.064 0.012 0.070 0.235 0.066 0.084 0.098 0.152 0.216 
464    (0)   :  0.004 0.017 0.011 0.040 0.120 0.055 0.073 0.312 0.155 0.215 
465    (0)   :  0.005 0.009 0.013 0.056 0.081 0.062 0.080 0.246 0.141 0.306 
466    (0)   :  0.004 0.017 0.011 0.055 0.185 0.055 0.074 0.235 0.150 0.213 
467    (0)   :  0.004 0.014 0.013 0.080 0.079 0.070 0.087 0.126 0.163 0.364 
468    (0)   :  0.004 0.069 0.011 0.042 0.132 0.054 0.072 0.110 0.290 0.216 
469    (0)   :  0.004 0.178 0.011 0.035 0.054 0.059 0.069 0.103 0.135 0.351 
470    (0)   :  0.004 0.066 0.010 0.040 0.063 0.060 0.071 0.252 0.156 0.278 
471    (0)   :  0.005 0.008 0.019 0.092 0.139 0.061 0.081 0.213 0.154 0.228 
472    (0)   :  0.005 0.007 0.014 0.050 0.099 0.056 0.078 0.146 0.164 0.381 
473    (0)   :  0.004 0.015 0.011 0.072 0.091 0.080 0.101 0.135 0.221 0.270 
474    (0)   :  0.004 0.008 0.011 0.047 0.077 0.072 0.095 0.174 0.154 0.358 
475    (0)   :  0.004 0.010 0.012 0.058 0.071 0.083 0.129 0.247 0.132 0.256 
476    (0)   :  0.005 0.011 0.011 0.041 0.083 0.058 0.083 0.131 0.344 0.232 
477    (0)   :  0.005 0.012 0.022 0.039 0.094 0.069 0.113 0.264 0.184 0.198 
478    (0)   :  0.005 0.011 0.023 0.037 0.061 0.059 0.067 0.433 0.131 0.172 
479    (0)   :  0.004 0.015 0.012 0.040 0.058 0.059 0.069 0.198 0.310 0.235 
480    (0)   :  0.005 0.016 0.010 0.043 0.057 0.063 0.078 0.142 0.348 0.237 
481    (0)   :  0.004 0.007 0.020 0.116 0.073 0.060 0.078 0.174 0.177 0.291 
