

----------------------------------------------------
STRUCTURE by Pritchard, Stephens and Donnelly (2000)
     and Falush, Stephens and Pritchard (2003)
       Code by Pritchard, Falush and Hubisz
             Version 2.3.4 (Jul 2012)
----------------------------------------------------



Command line arguments:   ./structure -K 5 -D 105017 -m brooktrout/mainparams -e brooktrout/extraparams -o brooktrout/250914_output/results_K5_rep17 
Input File:    brooktrout/brooktrout.txt

Run parameters:
   8454 individuals
   5 loci
   5 populations assumed
   50000 Burn-in period
   100000 Reps
RANDOMIZE turned off


--------------------------------------------
Overall proportion of membership of the
sample in each of the 5 clusters

Inferred Clusters
  1      2      3      4      5    
0.083  0.190  0.200  0.224  0.303  

--------------------------------------------

Allele-freq. divergence among pops (Net nucleotide distance),
computed using point estimates of P.

      1       2       3       4       5      
 1      -    0.1021  0.0688  0.0997  0.0793  
 2   0.1021     -    0.0608  0.1139  0.1078  
 3   0.0688  0.0608     -    0.0649  0.0454  
 4   0.0997  0.1139  0.0649     -    0.0387  
 5   0.0793  0.1078  0.0454  0.0387     -    

Average distances (expected heterozygosity) between individuals in same cluster:
cluster  1  : 0.8021 
cluster  2  : 0.7375 
cluster  3  : 0.8142 
cluster  4  : 0.7889 
cluster  5  : 0.8203 

--------------------------------------------
Estimated Ln Prob of Data   = -180193.2
Mean value of ln likelihood = -171746.4
Variance of ln likelihood   = 16893.6

Mean value of alpha_1       = 0.0923
Mean value of alpha_2       = 0.2101
Mean value of alpha_3       = 0.2276
Mean value of alpha_4       = 0.2572
Mean value of alpha_5       = 0.3531
Allele frequencies uncorrelated


Inferred ancestry of individuals:
     (%Miss) :  Inferred clusters
  1    (0)   :  0.083 0.285 0.093 0.308 0.231 
  2    (0)   :  0.017 0.035 0.756 0.062 0.129 
  3    (0)   :  0.073 0.170 0.077 0.515 0.166 
  4    (0)   :  0.040 0.632 0.079 0.070 0.179 
  5    (0)   :  0.021 0.037 0.679 0.090 0.172 
  6    (0)   :  0.015 0.041 0.090 0.760 0.094 
  7    (0)   :  0.013 0.046 0.083 0.219 0.639 
  8    (0)   :  0.031 0.342 0.064 0.294 0.269 
  9    (0)   :  0.039 0.101 0.207 0.323 0.330 
 10    (0)   :  0.015 0.155 0.091 0.395 0.344 
 11    (0)   :  0.014 0.046 0.057 0.206 0.677 
 12    (0)   :  0.022 0.058 0.649 0.095 0.175 
 13    (0)   :  0.022 0.077 0.408 0.199 0.294 
 14    (0)   :  0.098 0.106 0.420 0.174 0.203 
 15    (0)   :  0.037 0.219 0.258 0.163 0.323 
 16    (0)   :  0.032 0.071 0.071 0.606 0.220 
 17    (0)   :  0.033 0.065 0.359 0.342 0.200 
 18    (0)   :  0.026 0.080 0.313 0.457 0.124 
 19    (0)   :  0.017 0.058 0.164 0.571 0.190 
 20    (0)   :  0.043 0.081 0.185 0.216 0.474 
 21    (0)   :  0.079 0.230 0.308 0.192 0.191 
 22    (0)   :  0.023 0.081 0.105 0.690 0.100 
 23    (0)   :  0.184 0.242 0.213 0.098 0.262 
 24    (0)   :  0.039 0.209 0.119 0.457 0.176 
 25    (0)   :  0.021 0.035 0.215 0.289 0.440 
 26    (0)   :  0.031 0.116 0.331 0.371 0.151 
 27    (0)   :  0.065 0.108 0.226 0.341 0.260 
 28    (0)   :  0.023 0.318 0.163 0.229 0.267 
 29    (0)   :  0.044 0.066 0.182 0.123 0.585 
 30    (0)   :  0.035 0.062 0.111 0.698 0.094 
 31    (0)   :  0.049 0.145 0.227 0.238 0.341 
 32    (0)   :  0.043 0.197 0.209 0.257 0.294 
 33    (0)   :  0.100 0.158 0.064 0.375 0.303 
 34    (0)   :  0.017 0.072 0.053 0.344 0.514 
 35    (0)   :  0.131 0.053 0.345 0.336 0.135 
 36    (0)   :  0.550 0.053 0.071 0.227 0.099 
 37    (0)   :  0.050 0.202 0.346 0.118 0.284 
 38    (0)   :  0.104 0.035 0.068 0.635 0.158 
 39    (0)   :  0.096 0.060 0.127 0.440 0.277 
 40    (0)   :  0.490 0.126 0.144 0.156 0.084 
 41    (0)   :  0.513 0.038 0.049 0.249 0.151 
 42    (0)   :  0.387 0.313 0.045 0.136 0.118 
 43    (0)   :  0.410 0.101 0.156 0.085 0.248 
 44    (0)   :  0.547 0.034 0.075 0.224 0.119 
 45    (0)   :  0.277 0.037 0.222 0.289 0.174 
 46    (0)   :  0.080 0.046 0.183 0.447 0.245 
 47    (0)   :  0.042 0.080 0.320 0.361 0.196 
 48    (0)   :  0.537 0.037 0.124 0.234 0.069 
 49    (0)   :  0.147 0.077 0.171 0.315 0.290 
 50    (0)   :  0.047 0.098 0.103 0.393 0.360 
 51    (0)   :  0.821 0.028 0.039 0.054 0.059 
 52    (0)   :  0.108 0.076 0.087 0.437 0.292 
 53    (0)   :  0.053 0.072 0.050 0.686 0.138 
 54    (0)   :  0.053 0.070 0.672 0.073 0.132 
 55    (0)   :  0.290 0.055 0.439 0.075 0.140 
 56    (0)   :  0.245 0.076 0.213 0.373 0.093 
 57    (0)   :  0.017 0.177 0.321 0.278 0.207 
 58    (0)   :  0.262 0.076 0.285 0.170 0.208 
 59    (0)   :  0.276 0.059 0.133 0.338 0.193 
 60    (0)   :  0.584 0.109 0.099 0.105 0.104 
 61    (0)   :  0.236 0.105 0.474 0.042 0.143 
 62    (0)   :  0.034 0.057 0.400 0.341 0.168 
 63    (0)   :  0.169 0.120 0.103 0.109 0.499 
 64    (0)   :  0.024 0.039 0.127 0.679 0.130 
 65    (0)   :  0.022 0.030 0.131 0.091 0.727 
 66    (0)   :  0.052 0.153 0.462 0.064 0.270 
 67    (0)   :  0.220 0.049 0.390 0.069 0.272 
 68    (0)   :  0.277 0.077 0.140 0.318 0.188 
 69    (0)   :  0.106 0.139 0.062 0.390 0.303 
 70    (0)   :  0.541 0.072 0.043 0.099 0.245 
 71    (0)   :  0.503 0.028 0.124 0.184 0.160 
 72    (0)   :  0.149 0.049 0.090 0.484 0.229 
 73    (0)   :  0.210 0.038 0.396 0.086 0.270 
 74    (0)   :  0.369 0.115 0.077 0.339 0.100 
 75    (0)   :  0.562 0.132 0.102 0.133 0.071 
 76    (0)   :  0.187 0.061 0.138 0.089 0.524 
 77    (0)   :  0.512 0.035 0.074 0.184 0.195 
 78    (0)   :  0.449 0.041 0.063 0.301 0.147 
 79    (0)   :  0.012 0.048 0.172 0.159 0.608 
 80    (0)   :  0.015 0.524 0.163 0.098 0.200 
 81    (0)   :  0.012 0.339 0.249 0.133 0.268 
 82    (0)   :  0.059 0.114 0.323 0.073 0.431 
 83    (0)   :  0.029 0.267 0.184 0.206 0.315 
 84    (0)   :  0.018 0.212 0.186 0.130 0.455 
 85    (0)   :  0.025 0.289 0.229 0.252 0.205 
 86    (0)   :  0.054 0.044 0.577 0.117 0.209 
 87    (0)   :  0.024 0.056 0.092 0.104 0.723 
 88    (0)   :  0.024 0.247 0.189 0.075 0.466 
 89    (0)   :  0.017 0.312 0.340 0.073 0.258 
 90    (0)   :  0.014 0.056 0.122 0.071 0.737 
 91    (0)   :  0.028 0.554 0.104 0.139 0.175 
 92    (0)   :  0.019 0.089 0.282 0.117 0.493 
 93    (0)   :  0.016 0.797 0.060 0.050 0.078 
 94    (0)   :  0.026 0.046 0.041 0.176 0.711 
 95    (0)   :  0.018 0.126 0.093 0.052 0.712 
 96    (0)   :  0.336 0.232 0.249 0.045 0.138 
 97    (0)   :  0.265 0.166 0.207 0.268 0.095 
 98    (0)   :  0.309 0.108 0.207 0.164 0.212 
 99    (0)   :  0.015 0.174 0.224 0.096 0.491 
100    (0)   :  0.024 0.522 0.323 0.045 0.086 
101    (0)   :  0.045 0.091 0.154 0.087 0.623 
102    (0)   :  0.064 0.386 0.097 0.084 0.369 
103    (0)   :  0.026 0.108 0.406 0.051 0.410 
104    (0)   :  0.032 0.074 0.109 0.062 0.723 
105    (0)   :  0.033 0.118 0.172 0.044 0.634 
106    (0)   :  0.025 0.025 0.056 0.179 0.715 
107    (0)   :  0.028 0.115 0.230 0.050 0.577 
108    (0)   :  0.346 0.039 0.308 0.174 0.133 
109    (0)   :  0.039 0.026 0.162 0.191 0.582 
110    (0)   :  0.018 0.028 0.039 0.136 0.779 
111    (0)   :  0.017 0.035 0.074 0.045 0.829 
112    (0)   :  0.028 0.027 0.046 0.067 0.832 
113    (0)   :  0.072 0.076 0.397 0.170 0.284 
114    (0)   :  0.023 0.095 0.127 0.056 0.700 
115    (0)   :  0.078 0.045 0.061 0.060 0.756 
116    (0)   :  0.113 0.028 0.123 0.241 0.494 
117    (0)   :  0.027 0.037 0.039 0.096 0.801 
118    (0)   :  0.028 0.035 0.568 0.063 0.307 
119    (0)   :  0.378 0.254 0.102 0.064 0.202 
120    (0)   :  0.035 0.049 0.102 0.064 0.750 
121    (0)   :  0.115 0.034 0.053 0.060 0.737 
122    (0)   :  0.020 0.034 0.079 0.144 0.722 
123    (0)   :  0.027 0.048 0.070 0.075 0.780 
124    (0)   :  0.074 0.037 0.078 0.237 0.575 
125    (0)   :  0.064 0.051 0.044 0.364 0.477 
126    (0)   :  0.080 0.060 0.076 0.116 0.668 
127    (0)   :  0.020 0.039 0.073 0.042 0.826 
128    (0)   :  0.029 0.038 0.522 0.053 0.358 
129    (0)   :  0.023 0.031 0.178 0.046 0.723 
130    (0)   :  0.016 0.099 0.211 0.064 0.609 
131    (0)   :  0.135 0.031 0.052 0.292 0.491 
132    (0)   :  0.024 0.027 0.117 0.113 0.720 
133    (0)   :  0.033 0.050 0.139 0.053 0.725 
134    (0)   :  0.014 0.021 0.039 0.090 0.835 
135    (0)   :  0.134 0.434 0.271 0.066 0.095 
136    (0)   :  0.015 0.710 0.151 0.070 0.054 
137    (0)   :  0.013 0.781 0.050 0.044 0.111 
138    (0)   :  0.024 0.807 0.052 0.060 0.056 
139    (0)   :  0.104 0.197 0.520 0.086 0.094 
140    (0)   :  0.061 0.514 0.117 0.115 0.192 
141    (0)   :  0.024 0.659 0.120 0.132 0.065 
142    (0)   :  0.175 0.488 0.193 0.055 0.090 
143    (0)   :  0.015 0.850 0.050 0.037 0.048 
144    (0)   :  0.015 0.790 0.051 0.038 0.105 
145    (0)   :  0.035 0.444 0.272 0.173 0.076 
146    (0)   :  0.040 0.519 0.097 0.123 0.221 
147    (0)   :  0.012 0.849 0.048 0.043 0.048 
148    (0)   :  0.047 0.553 0.191 0.073 0.137 
149    (0)   :  0.042 0.750 0.079 0.069 0.060 
150    (0)   :  0.020 0.583 0.131 0.057 0.208 
151    (0)   :  0.018 0.770 0.087 0.047 0.078 
152    (0)   :  0.085 0.467 0.220 0.113 0.116 
153    (0)   :  0.044 0.746 0.050 0.076 0.084 
154    (0)   :  0.027 0.692 0.157 0.065 0.059 
155    (0)   :  0.018 0.809 0.060 0.043 0.070 
156    (0)   :  0.095 0.665 0.092 0.036 0.112 
157    (0)   :  0.018 0.665 0.048 0.060 0.210 
158    (0)   :  0.027 0.556 0.179 0.167 0.071 
159    (0)   :  0.013 0.839 0.058 0.041 0.050 
160    (0)   :  0.013 0.799 0.093 0.045 0.050 
161    (0)   :  0.033 0.684 0.067 0.095 0.121 
162    (0)   :  0.046 0.399 0.207 0.146 0.201 
163    (0)   :  0.024 0.820 0.051 0.039 0.065 
164    (0)   :  0.022 0.426 0.290 0.085 0.177 
165    (0)   :  0.018 0.671 0.087 0.047 0.177 
166    (0)   :  0.053 0.543 0.077 0.087 0.241 
167    (0)   :  0.019 0.643 0.133 0.101 0.104 
168    (0)   :  0.045 0.718 0.058 0.101 0.079 
169    (0)   :  0.041 0.260 0.123 0.515 0.061 
170    (0)   :  0.061 0.688 0.107 0.045 0.099 
171    (0)   :  0.041 0.498 0.208 0.116 0.137 
172    (0)   :  0.180 0.481 0.078 0.202 0.058 
173    (0)   :  0.017 0.735 0.153 0.043 0.053 
174    (0)   :  0.013 0.788 0.072 0.050 0.075 
175    (0)   :  0.021 0.789 0.075 0.063 0.051 
176    (0)   :  0.015 0.791 0.049 0.040 0.105 
177    (0)   :  0.028 0.535 0.066 0.117 0.254 
178    (0)   :  0.015 0.674 0.139 0.089 0.082 
179    (0)   :  0.013 0.832 0.061 0.043 0.051 
180    (0)   :  0.036 0.620 0.094 0.125 0.125 
181    (0)   :  0.046 0.556 0.232 0.093 0.075 
182    (0)   :  0.025 0.607 0.267 0.042 0.060 
183    (0)   :  0.016 0.787 0.095 0.048 0.054 
184    (0)   :  0.017 0.035 0.773 0.087 0.088 
185    (0)   :  0.092 0.735 0.077 0.036 0.060 
186    (0)   :  0.022 0.041 0.554 0.083 0.300 
187    (0)   :  0.022 0.137 0.696 0.060 0.085 
188    (0)   :  0.020 0.030 0.689 0.062 0.198 
189    (0)   :  0.036 0.196 0.394 0.283 0.091 
190    (0)   :  0.335 0.183 0.392 0.030 0.059 
191    (0)   :  0.014 0.041 0.829 0.046 0.070 
192    (0)   :  0.023 0.210 0.491 0.072 0.205 
193    (0)   :  0.032 0.115 0.671 0.084 0.099 
194    (0)   :  0.058 0.237 0.345 0.069 0.292 
195    (0)   :  0.043 0.228 0.631 0.037 0.061 
196    (0)   :  0.135 0.116 0.615 0.044 0.089 
197    (0)   :  0.055 0.110 0.408 0.207 0.221 
198    (0)   :  0.038 0.124 0.462 0.146 0.230 
199    (0)   :  0.184 0.116 0.550 0.057 0.094 
200    (0)   :  0.079 0.080 0.687 0.074 0.080 
201    (0)   :  0.039 0.408 0.431 0.047 0.075 
202    (0)   :  0.089 0.585 0.182 0.039 0.105 
203    (0)   :  0.028 0.336 0.532 0.038 0.065 
204    (0)   :  0.034 0.076 0.795 0.033 0.061 
205    (0)   :  0.036 0.053 0.787 0.052 0.071 
206    (0)   :  0.023 0.070 0.805 0.039 0.062 
207    (0)   :  0.043 0.054 0.766 0.038 0.100 
208    (0)   :  0.047 0.153 0.692 0.039 0.068 
209    (0)   :  0.025 0.066 0.776 0.053 0.081 
210    (0)   :  0.027 0.091 0.749 0.042 0.091 
211    (0)   :  0.282 0.151 0.351 0.040 0.176 
212    (0)   :  0.045 0.503 0.301 0.072 0.079 
213    (0)   :  0.192 0.106 0.229 0.069 0.404 
214    (0)   :  0.051 0.484 0.341 0.049 0.075 
215    (0)   :  0.025 0.035 0.819 0.045 0.075 
216    (0)   :  0.028 0.053 0.669 0.112 0.138 
217    (0)   :  0.044 0.259 0.577 0.059 0.059 
218    (0)   :  0.017 0.055 0.807 0.050 0.070 
219    (0)   :  0.021 0.130 0.593 0.162 0.093 
220    (0)   :  0.018 0.042 0.840 0.035 0.065 
221    (0)   :  0.098 0.722 0.094 0.036 0.050 
222    (0)   :  0.025 0.088 0.567 0.172 0.148 
223    (0)   :  0.031 0.261 0.507 0.094 0.108 
224    (0)   :  0.025 0.230 0.627 0.042 0.076 
225    (0)   :  0.040 0.081 0.758 0.045 0.076 
226    (0)   :  0.028 0.075 0.660 0.165 0.072 
227    (0)   :  0.114 0.201 0.531 0.044 0.110 
228    (0)   :  0.100 0.204 0.595 0.036 0.064 
229    (0)   :  0.017 0.233 0.626 0.044 0.080 
230    (0)   :  0.020 0.166 0.703 0.037 0.074 
231    (0)   :  0.016 0.119 0.746 0.053 0.066 
232    (0)   :  0.083 0.261 0.356 0.110 0.190 
233    (0)   :  0.033 0.551 0.293 0.050 0.073 
234    (0)   :  0.020 0.111 0.633 0.088 0.147 
235    (0)   :  0.042 0.174 0.611 0.096 0.077 
236    (0)   :  0.030 0.285 0.528 0.063 0.095 
237    (0)   :  0.038 0.057 0.777 0.041 0.087 
238    (0)   :  0.051 0.519 0.238 0.061 0.131 
239    (0)   :  0.044 0.230 0.627 0.038 0.061 
240    (0)   :  0.052 0.521 0.237 0.061 0.129 
241    (0)   :  0.045 0.473 0.356 0.050 0.076 
242    (0)   :  0.024 0.081 0.731 0.092 0.072 
243    (0)   :  0.133 0.120 0.649 0.033 0.066 
244    (0)   :  0.025 0.249 0.620 0.038 0.068 
245    (0)   :  0.043 0.745 0.090 0.042 0.081 
246    (0)   :  0.045 0.264 0.569 0.061 0.060 
247    (0)   :  0.057 0.043 0.205 0.097 0.598 
248    (0)   :  0.038 0.037 0.756 0.048 0.121 
249    (0)   :  0.033 0.302 0.534 0.045 0.086 
250    (0)   :  0.021 0.174 0.651 0.055 0.099 
251    (0)   :  0.031 0.055 0.669 0.135 0.109 
252    (0)   :  0.035 0.142 0.679 0.056 0.089 
253    (0)   :  0.086 0.071 0.506 0.103 0.234 
254    (0)   :  0.026 0.079 0.685 0.096 0.113 
255    (0)   :  0.021 0.103 0.715 0.069 0.091 
256    (0)   :  0.056 0.207 0.603 0.053 0.081 
257    (0)   :  0.031 0.084 0.738 0.050 0.097 
258    (0)   :  0.085 0.080 0.582 0.065 0.189 
259    (0)   :  0.027 0.104 0.710 0.049 0.110 
260    (0)   :  0.025 0.262 0.421 0.142 0.150 
261    (0)   :  0.058 0.275 0.521 0.060 0.086 
262    (0)   :  0.139 0.269 0.497 0.043 0.053 
263    (0)   :  0.024 0.045 0.807 0.048 0.075 
264    (0)   :  0.038 0.033 0.345 0.452 0.134 
265    (0)   :  0.023 0.086 0.747 0.073 0.071 
266    (0)   :  0.072 0.692 0.145 0.036 0.054 
267    (0)   :  0.034 0.138 0.644 0.064 0.120 
268    (0)   :  0.140 0.119 0.606 0.043 0.091 
269    (0)   :  0.021 0.116 0.603 0.177 0.083 
270    (0)   :  0.022 0.051 0.724 0.084 0.120 
271    (0)   :  0.045 0.054 0.737 0.058 0.107 
272    (0)   :  0.051 0.055 0.704 0.112 0.078 
273    (0)   :  0.038 0.135 0.616 0.111 0.100 
274    (0)   :  0.024 0.063 0.745 0.085 0.083 
275    (0)   :  0.022 0.066 0.770 0.078 0.064 
276    (0)   :  0.095 0.062 0.635 0.112 0.095 
277    (0)   :  0.024 0.178 0.602 0.090 0.106 
278    (0)   :  0.042 0.045 0.796 0.046 0.072 
279    (0)   :  0.027 0.100 0.713 0.068 0.092 
280    (0)   :  0.057 0.107 0.559 0.187 0.091 
281    (0)   :  0.025 0.069 0.731 0.067 0.109 
282    (0)   :  0.024 0.426 0.350 0.089 0.110 
283    (0)   :  0.027 0.517 0.296 0.057 0.103 
284    (0)   :  0.046 0.230 0.432 0.066 0.226 
285    (0)   :  0.090 0.030 0.640 0.081 0.159 
286    (0)   :  0.025 0.255 0.614 0.038 0.068 
287    (0)   :  0.021 0.097 0.670 0.118 0.094 
288    (0)   :  0.021 0.044 0.777 0.092 0.065 
289    (0)   :  0.043 0.069 0.660 0.091 0.136 
290    (0)   :  0.214 0.104 0.320 0.224 0.137 
291    (0)   :  0.044 0.053 0.738 0.057 0.108 
292    (0)   :  0.138 0.163 0.453 0.161 0.085 
293    (0)   :  0.197 0.064 0.216 0.330 0.193 
294    (0)   :  0.029 0.041 0.806 0.054 0.070 
295    (0)   :  0.094 0.116 0.509 0.149 0.132 
296    (0)   :  0.024 0.044 0.816 0.042 0.073 
297    (0)   :  0.033 0.064 0.613 0.191 0.100 
298    (0)   :  0.019 0.278 0.504 0.077 0.122 
299    (0)   :  0.016 0.046 0.797 0.059 0.082 
300    (0)   :  0.041 0.044 0.758 0.067 0.090 
301    (0)   :  0.020 0.047 0.729 0.117 0.086 
302    (0)   :  0.052 0.045 0.777 0.052 0.073 
303    (0)   :  0.049 0.299 0.466 0.082 0.104 
304    (0)   :  0.027 0.386 0.162 0.208 0.216 
305    (0)   :  0.034 0.108 0.762 0.042 0.054 
306    (0)   :  0.041 0.295 0.502 0.091 0.071 
307    (0)   :  0.035 0.177 0.580 0.076 0.132 
308    (0)   :  0.057 0.278 0.519 0.060 0.086 
309    (0)   :  0.032 0.044 0.785 0.044 0.095 
310    (0)   :  0.066 0.179 0.649 0.039 0.066 
311    (0)   :  0.020 0.160 0.709 0.037 0.074 
312    (0)   :  0.028 0.049 0.783 0.036 0.105 
313    (0)   :  0.086 0.039 0.744 0.039 0.091 
314    (0)   :  0.023 0.849 0.044 0.039 0.046 
315    (0)   :  0.032 0.813 0.039 0.056 0.060 
316    (0)   :  0.022 0.793 0.047 0.075 0.063 
317    (0)   :  0.013 0.860 0.040 0.041 0.046 
318    (0)   :  0.010 0.862 0.038 0.044 0.045 
319    (0)   :  0.014 0.836 0.062 0.040 0.048 
320    (0)   :  0.023 0.848 0.044 0.039 0.046 
321    (0)   :  0.012 0.855 0.040 0.045 0.048 
322    (0)   :  0.033 0.783 0.051 0.067 0.065 
323    (0)   :  0.011 0.855 0.045 0.042 0.047 
324    (0)   :  0.012 0.854 0.041 0.045 0.048 
325    (0)   :  0.018 0.819 0.036 0.068 0.059 
326    (0)   :  0.020 0.822 0.035 0.065 0.058 
327    (0)   :  0.013 0.859 0.041 0.040 0.047 
328    (0)   :  0.024 0.803 0.046 0.063 0.065 
329    (0)   :  0.011 0.861 0.039 0.040 0.048 
330    (0)   :  0.013 0.860 0.041 0.040 0.046 
331    (0)   :  0.011 0.858 0.046 0.040 0.046 
332    (0)   :  0.017 0.807 0.035 0.079 0.063 
333    (0)   :  0.020 0.820 0.039 0.059 0.061 
334    (0)   :  0.023 0.804 0.045 0.063 0.065 
335    (0)   :  0.024 0.822 0.038 0.055 0.061 
336    (0)   :  0.017 0.851 0.039 0.047 0.047 
337    (0)   :  0.021 0.805 0.039 0.071 0.063 
338    (0)   :  0.010 0.860 0.038 0.045 0.047 
339    (0)   :  0.011 0.857 0.046 0.040 0.047 
340    (0)   :  0.012 0.861 0.045 0.036 0.045 
341    (0)   :  0.012 0.850 0.049 0.041 0.047 
342    (0)   :  0.013 0.860 0.040 0.041 0.046 
343    (0)   :  0.042 0.792 0.040 0.063 0.063 
344    (0)   :  0.010 0.865 0.039 0.040 0.046 
345    (0)   :  0.013 0.859 0.041 0.041 0.046 
346    (0)   :  0.011 0.866 0.039 0.039 0.045 
347    (0)   :  0.011 0.867 0.041 0.036 0.045 
348    (0)   :  0.053 0.793 0.042 0.051 0.061 
349    (0)   :  0.013 0.860 0.041 0.040 0.046 
350    (0)   :  0.018 0.831 0.062 0.040 0.048 
351    (0)   :  0.024 0.821 0.039 0.054 0.062 
352    (0)   :  0.026 0.813 0.039 0.061 0.061 
353    (0)   :  0.016 0.849 0.040 0.048 0.047 
354    (0)   :  0.011 0.852 0.049 0.040 0.047 
355    (0)   :  0.010 0.862 0.038 0.043 0.046 
356    (0)   :  0.063 0.781 0.043 0.050 0.063 
357    (0)   :  0.021 0.483 0.101 0.267 0.128 
358    (0)   :  0.017 0.822 0.037 0.063 0.062 
359    (0)   :  0.011 0.856 0.044 0.042 0.048 
360    (0)   :  0.011 0.867 0.039 0.039 0.044 
361    (0)   :  0.031 0.429 0.119 0.278 0.143 
362    (0)   :  0.032 0.053 0.257 0.307 0.352 
363    (0)   :  0.041 0.039 0.097 0.398 0.425 
364    (0)   :  0.028 0.221 0.267 0.315 0.169 
365    (0)   :  0.028 0.041 0.117 0.682 0.132 
366    (0)   :  0.197 0.108 0.165 0.392 0.138 
367    (0)   :  0.014 0.026 0.039 0.174 0.748 
368    (0)   :  0.015 0.047 0.276 0.105 0.556 
369    (0)   :  0.184 0.279 0.138 0.226 0.174 
370    (0)   :  0.028 0.058 0.294 0.090 0.530 
371    (0)   :  0.037 0.078 0.460 0.230 0.196 
372    (0)   :  0.031 0.065 0.657 0.074 0.174 
373    (0)   :  0.022 0.101 0.145 0.236 0.496 
374    (0)   :  0.025 0.274 0.200 0.292 0.209 
375    (0)   :  0.017 0.036 0.123 0.335 0.489 
376    (0)   :  0.015 0.029 0.041 0.794 0.121 
377    (0)   :  0.034 0.054 0.277 0.325 0.309 
378    (0)   :  0.018 0.185 0.122 0.069 0.606 
379    (0)   :  0.022 0.027 0.046 0.784 0.121 
380    (0)   :  0.058 0.098 0.116 0.656 0.072 
381    (0)   :  0.067 0.091 0.067 0.708 0.068 
382    (0)   :  0.014 0.040 0.081 0.370 0.496 
383    (0)   :  0.018 0.085 0.095 0.740 0.062 
384    (0)   :  0.025 0.087 0.139 0.580 0.170 
385    (0)   :  0.012 0.138 0.361 0.183 0.306 
386    (0)   :  0.022 0.037 0.071 0.354 0.516 
387    (0)   :  0.025 0.045 0.073 0.399 0.457 
388    (0)   :  0.017 0.177 0.360 0.196 0.250 
389    (0)   :  0.077 0.038 0.677 0.064 0.143 
390    (0)   :  0.166 0.039 0.066 0.272 0.458 
391    (0)   :  0.104 0.081 0.146 0.146 0.523 
392    (0)   :  0.024 0.079 0.109 0.634 0.153 
393    (0)   :  0.073 0.061 0.044 0.744 0.078 
394    (0)   :  0.021 0.242 0.151 0.236 0.350 
395    (0)   :  0.263 0.044 0.125 0.255 0.313 
396    (0)   :  0.016 0.027 0.100 0.349 0.508 
397    (0)   :  0.021 0.079 0.659 0.145 0.096 
398    (0)   :  0.023 0.029 0.049 0.670 0.229 
399    (0)   :  0.048 0.038 0.077 0.177 0.660 
400    (0)   :  0.022 0.058 0.054 0.418 0.449 
401    (0)   :  0.065 0.060 0.057 0.112 0.706 
402    (0)   :  0.099 0.066 0.216 0.261 0.358 
403    (0)   :  0.026 0.357 0.206 0.163 0.249 
404    (0)   :  0.027 0.088 0.163 0.397 0.325 
405    (0)   :  0.045 0.075 0.170 0.449 0.261 
406    (0)   :  0.642 0.069 0.049 0.165 0.074 
407    (0)   :  0.017 0.028 0.052 0.784 0.120 
408    (0)   :  0.085 0.026 0.082 0.056 0.750 
409    (0)   :  0.389 0.238 0.051 0.185 0.137 
410    (0)   :  0.035 0.084 0.094 0.514 0.274 
411    (0)   :  0.075 0.152 0.062 0.554 0.157 
412    (0)   :  0.014 0.042 0.223 0.146 0.575 
413    (0)   :  0.018 0.139 0.239 0.117 0.488 
414    (0)   :  0.015 0.030 0.170 0.140 0.646 
415    (0)   :  0.054 0.043 0.061 0.684 0.157 
416    (0)   :  0.051 0.079 0.108 0.435 0.326 
417    (0)   :  0.019 0.037 0.055 0.694 0.195 
418    (0)   :  0.012 0.032 0.070 0.215 0.671 
419    (0)   :  0.096 0.174 0.095 0.225 0.410 
420    (0)   :  0.179 0.037 0.050 0.123 0.611 
421    (0)   :  0.022 0.046 0.091 0.438 0.404 
422    (0)   :  0.126 0.043 0.297 0.399 0.135 
423    (0)   :  0.032 0.050 0.115 0.579 0.224 
424    (0)   :  0.086 0.061 0.047 0.102 0.704 
425    (0)   :  0.034 0.079 0.257 0.400 0.231 
426    (0)   :  0.021 0.080 0.093 0.183 0.624 
427    (0)   :  0.033 0.111 0.046 0.589 0.220 
428    (0)   :  0.099 0.128 0.205 0.440 0.128 
429    (0)   :  0.013 0.026 0.044 0.591 0.326 
430    (0)   :  0.024 0.033 0.060 0.729 0.154 
431    (0)   :  0.022 0.058 0.245 0.159 0.515 
432    (0)   :  0.018 0.053 0.234 0.123 0.571 
433    (0)   :  0.038 0.270 0.254 0.081 0.358 
434    (0)   :  0.035 0.107 0.297 0.319 0.241 
435    (0)   :  0.029 0.028 0.043 0.705 0.196 
436    (0)   :  0.035 0.054 0.029 0.682 0.200 
437    (0)   :  0.016 0.032 0.058 0.780 0.115 
438    (0)   :  0.286 0.068 0.041 0.294 0.311 
439    (0)   :  0.019 0.039 0.031 0.797 0.114 
440    (0)   :  0.024 0.024 0.032 0.761 0.160 
441    (0)   :  0.025 0.091 0.063 0.563 0.258 
442    (0)   :  0.034 0.035 0.067 0.526 0.339 
443    (0)   :  0.109 0.030 0.041 0.166 0.655 
444    (0)   :  0.047 0.033 0.056 0.628 0.237 
445    (0)   :  0.162 0.135 0.066 0.496 0.141 
446    (0)   :  0.025 0.035 0.036 0.571 0.333 
447    (0)   :  0.080 0.072 0.060 0.558 0.229 
448    (0)   :  0.024 0.034 0.057 0.640 0.245 
449    (0)   :  0.029 0.058 0.069 0.609 0.235 
450    (0)   :  0.012 0.058 0.050 0.719 0.160 
451    (0)   :  0.025 0.024 0.072 0.117 0.761 
452    (0)   :  0.014 0.047 0.046 0.746 0.147 
453    (0)   :  0.450 0.060 0.064 0.091 0.334 
454    (0)   :  0.022 0.071 0.072 0.604 0.230 
455    (0)   :  0.103 0.034 0.034 0.552 0.277 
456    (0)   :  0.120 0.030 0.059 0.554 0.237 
457    (0)   :  0.017 0.034 0.046 0.804 0.099 
458    (0)   :  0.019 0.039 0.044 0.770 0.128 
459    (0)   :  0.040 0.092 0.030 0.286 0.552 
460    (0)   :  0.026 0.034 0.030 0.390 0.521 
461    (0)   :  0.012 0.033 0.032 0.222 0.700 
462    (0)   :  0.051 0.024 0.074 0.488 0.363 
463    (0)   :  0.504 0.050 0.061 0.222 0.164 
464    (0)   :  0.061 0.031 0.037 0.316 0.554 
465    (0)   :  0.035 0.041 0.049 0.166 0.710 
466    (0)   :  0.183 0.034 0.051 0.207 0.524 
467    (0)   :  0.057 0.062 0.070 0.448 0.363 
468    (0)   :  0.057 0.030 0.041 0.782 0.090 
469    (0)   :  0.022 0.033 0.029 0.830 0.086 
470    (0)   :  0.024 0.030 0.033 0.698 0.215 
471    (0)   :  0.185 0.036 0.112 0.400 0.267 
472    (0)   :  0.070 0.041 0.080 0.412 0.397 
473    (0)   :  0.036 0.063 0.122 0.531 0.248 
474    (0)   :  0.032 0.050 0.052 0.702 0.165 
475    (0)   :  0.030 0.066 0.048 0.176 0.681 
476    (0)   :  0.029 0.040 0.036 0.755 0.141 
477    (0)   :  0.041 0.059 0.047 0.141 0.712 
478    (0)   :  0.018 0.029 0.036 0.092 0.825 
479    (0)   :  0.019 0.028 0.034 0.636 0.283 
480    (0)   :  0.015 0.032 0.034 0.822 0.097 
481    (0)   :  0.036 0.034 0.208 0.500 0.223 
482    (0)   :  0.014 0.029 0.033 0.696 0.228 
483    (0)   :  0.032 0.042 0.033 0.667 0.226 
484    (0)   :  0.194 0.045 0.067 0.465 0.229 
485    (0)   :  0.051 0.033 0.031 0.691 0.194 
486    (0)   :  0.084 0.048 0.462 0.135 0.271 
487    (0)   :  0.042 0.120 0.480 0.180 0.179 
488    (0)   :  0.033 0.086 0.405 0.089 0.387 
489    (0)   :  0.117 0.162 0.468 0.151 0.102 
490    (0)   :  0.054 0.033 0.121 0.135 0.657 
491    (0)   :  0.027 0.077 0.722 0.068 0.106 
492    (0)   :  0.075 0.298 0.111 0.078 0.438 
493    (0)   :  0.027 0.046 0.709 0.083 0.135 
494    (0)   :  0.035 0.078 0.606 0.144 0.137 
495    (0)   :  0.058 0.168 0.133 0.097 0.544 
496    (0)   :  0.067 0.372 0.199 0.095 0.267 
497    (0)   :  0.015 0.062 0.757 0.071 0.096 
498    (0)   :  0.129 0.091 0.234 0.120 0.426 
499    (0)   :  0.033 0.177 0.583 0.106 0.101 
500    (0)   :  0.023 0.047 0.615 0.210 0.105 
501    (0)   :  0.031 0.201 0.208 0.259 0.301 
502    (0)   :  0.018 0.245 0.152 0.135 0.450 
503    (0)   :  0.023 0.039 0.202 0.559 0.176 
504    (0)   :  0.038 0.045 0.098 0.063 0.756 
505    (0)   :  0.085 0.091 0.594 0.080 0.149 
506    (0)   :  0.025 0.182 0.312 0.111 0.369 
507    (0)   :  0.050 0.612 0.219 0.052 0.067 
508    (0)   :  0.115 0.540 0.210 0.048 0.088 
509    (0)   :  0.048 0.133 0.614 0.072 0.133 
510    (0)   :  0.029 0.247 0.315 0.238 0.171 
511    (0)   :  0.049 0.053 0.153 0.540 0.205 
512    (0)   :  0.018 0.033 0.112 0.598 0.240 
513    (0)   :  0.081 0.066 0.364 0.034 0.455 
514    (0)   :  0.028 0.066 0.145 0.076 0.685 
515    (0)   :  0.087 0.143 0.155 0.442 0.174 
516    (0)   :  0.060 0.061 0.208 0.062 0.609 
517    (0)   :  0.203 0.148 0.118 0.205 0.326 
518    (0)   :  0.018 0.109 0.665 0.126 0.083 
519    (0)   :  0.027 0.067 0.069 0.074 0.763 
520    (0)   :  0.291 0.268 0.100 0.236 0.104 
521    (0)   :  0.041 0.361 0.161 0.074 0.363 
522    (0)   :  0.202 0.045 0.106 0.500 0.147 
523    (0)   :  0.462 0.156 0.101 0.071 0.210 
524    (0)   :  0.103 0.085 0.131 0.490 0.191 
525    (0)   :  0.059 0.207 0.266 0.353 0.115 
526    (0)   :  0.563 0.069 0.065 0.215 0.088 
527    (0)   :  0.020 0.052 0.305 0.316 0.308 
528    (0)   :  0.045 0.511 0.247 0.063 0.134 
529    (0)   :  0.020 0.073 0.710 0.068 0.129 
530    (0)   :  0.098 0.083 0.107 0.562 0.150 
531    (0)   :  0.065 0.414 0.081 0.264 0.175 
532    (0)   :  0.055 0.246 0.368 0.155 0.176 
533    (0)   :  0.082 0.065 0.344 0.374 0.135 
534    (0)   :  0.087 0.080 0.611 0.043 0.179 
535    (0)   :  0.325 0.070 0.069 0.138 0.398 
536    (0)   :  0.181 0.175 0.135 0.305 0.203 
537    (0)   :  0.357 0.304 0.116 0.092 0.130 
538    (0)   :  0.204 0.219 0.216 0.134 0.227 
539    (0)   :  0.048 0.674 0.138 0.061 0.079 
540    (0)   :  0.159 0.237 0.223 0.194 0.187 
541    (0)   :  0.043 0.524 0.140 0.125 0.168 
542    (0)   :  0.524 0.048 0.134 0.200 0.094 
543    (0)   :  0.226 0.205 0.143 0.068 0.359 
544    (0)   :  0.550 0.090 0.088 0.118 0.155 
545    (0)   :  0.692 0.033 0.047 0.107 0.121 
546    (0)   :  0.270 0.137 0.306 0.134 0.154 
547    (0)   :  0.690 0.094 0.043 0.055 0.118 
548    (0)   :  0.021 0.180 0.642 0.054 0.103 
549    (0)   :  0.256 0.419 0.047 0.190 0.088 
550    (0)   :  0.528 0.051 0.041 0.193 0.187 
551    (0)   :  0.057 0.640 0.061 0.099 0.144 
552    (0)   :  0.158 0.169 0.451 0.117 0.106 
553    (0)   :  0.572 0.174 0.080 0.041 0.133 
554    (0)   :  0.071 0.150 0.172 0.268 0.338 
555    (0)   :  0.193 0.391 0.191 0.080 0.144 
556    (0)   :  0.247 0.157 0.268 0.110 0.217 
557    (0)   :  0.417 0.082 0.043 0.210 0.247 
558    (0)   :  0.012 0.030 0.030 0.714 0.214 
559    (0)   :  0.034 0.046 0.309 0.085 0.526 
560    (0)   :  0.031 0.022 0.043 0.302 0.601 
561    (0)   :  0.038 0.030 0.084 0.250 0.597 
562    (0)   :  0.046 0.022 0.093 0.164 0.674 
563    (0)   :  0.041 0.131 0.040 0.086 0.702 
564    (0)   :  0.067 0.050 0.470 0.112 0.302 
565    (0)   :  0.015 0.033 0.046 0.802 0.103 
566    (0)   :  0.019 0.024 0.039 0.188 0.730 
567    (0)   :  0.034 0.033 0.496 0.099 0.338 
568    (0)   :  0.049 0.049 0.107 0.137 0.657 
569    (0)   :  0.113 0.051 0.091 0.334 0.411 
570    (0)   :  0.013 0.025 0.050 0.716 0.197 
571    (0)   :  0.018 0.038 0.065 0.084 0.796 
572    (0)   :  0.423 0.158 0.139 0.151 0.129 
573    (0)   :  0.054 0.047 0.392 0.243 0.264 
574    (0)   :  0.032 0.125 0.125 0.525 0.192 
575    (0)   :  0.030 0.081 0.066 0.105 0.718 
576    (0)   :  0.014 0.024 0.050 0.156 0.757 
577    (0)   :  0.025 0.112 0.146 0.418 0.299 
578    (0)   :  0.025 0.039 0.068 0.161 0.707 
579    (0)   :  0.027 0.035 0.159 0.266 0.513 
580    (0)   :  0.018 0.065 0.097 0.571 0.248 
581    (0)   :  0.019 0.048 0.063 0.420 0.450 
582    (0)   :  0.034 0.028 0.043 0.528 0.368 
583    (0)   :  0.018 0.037 0.123 0.152 0.671 
584    (0)   :  0.014 0.028 0.058 0.159 0.740 
585    (0)   :  0.021 0.034 0.062 0.257 0.625 
586    (0)   :  0.025 0.047 0.087 0.065 0.776 
587    (0)   :  0.045 0.027 0.164 0.408 0.356 
588    (0)   :  0.099 0.032 0.746 0.036 0.087 
589    (0)   :  0.071 0.029 0.063 0.619 0.217 
590    (0)   :  0.021 0.034 0.157 0.084 0.704 
591    (0)   :  0.016 0.040 0.093 0.087 0.764 
592    (0)   :  0.084 0.032 0.098 0.148 0.638 
593    (0)   :  0.035 0.061 0.119 0.226 0.559 
594    (0)   :  0.021 0.069 0.304 0.092 0.514 
595    (0)   :  0.014 0.026 0.264 0.413 0.283 
596    (0)   :  0.142 0.058 0.251 0.217 0.332 
597    (0)   :  0.054 0.182 0.068 0.052 0.643 
598    (0)   :  0.013 0.027 0.034 0.794 0.131 
599    (0)   :  0.040 0.025 0.066 0.156 0.713 
600    (0)   :  0.037 0.081 0.116 0.518 0.248 
601    (0)   :  0.034 0.026 0.056 0.289 0.594 
602    (0)   :  0.019 0.087 0.582 0.105 0.208 
603    (0)   :  0.023 0.094 0.454 0.087 0.342 
604    (0)   :  0.028 0.084 0.162 0.582 0.145 
605    (0)   :  0.046 0.047 0.187 0.212 0.508 
606    (0)   :  0.046 0.134 0.347 0.213 0.261 
607    (0)   :  0.015 0.160 0.419 0.268 0.138 
608    (0)   :  0.023 0.438 0.100 0.230 0.209 
609    (0)   :  0.037 0.063 0.089 0.506 0.306 
610    (0)   :  0.093 0.046 0.097 0.590 0.173 
611    (0)   :  0.044 0.120 0.318 0.110 0.408 
612    (0)   :  0.031 0.038 0.048 0.783 0.100 
613    (0)   :  0.060 0.060 0.288 0.342 0.250 
614    (0)   :  0.019 0.032 0.098 0.777 0.075 
615    (0)   :  0.023 0.059 0.100 0.738 0.081 
616    (0)   :  0.016 0.115 0.438 0.245 0.186 
617    (0)   :  0.051 0.039 0.184 0.459 0.267 
618    (0)   :  0.044 0.113 0.183 0.580 0.081 
619    (0)   :  0.087 0.134 0.185 0.199 0.395 
620    (0)   :  0.076 0.023 0.144 0.104 0.652 
621    (0)   :  0.013 0.039 0.085 0.228 0.635 
622    (0)   :  0.069 0.087 0.304 0.426 0.114 
623    (0)   :  0.033 0.042 0.216 0.182 0.528 
624    (0)   :  0.021 0.109 0.064 0.700 0.106 
625    (0)   :  0.018 0.127 0.119 0.491 0.246 
626    (0)   :  0.163 0.352 0.098 0.309 0.078 
627    (0)   :  0.035 0.056 0.257 0.193 0.459 
628    (0)   :  0.026 0.052 0.418 0.151 0.352 
629    (0)   :  0.020 0.070 0.292 0.266 0.351 
630    (0)   :  0.030 0.049 0.102 0.637 0.182 
631    (0)   :  0.017 0.053 0.281 0.473 0.176 
632    (0)   :  0.060 0.223 0.419 0.153 0.145 
633    (0)   :  0.020 0.104 0.148 0.544 0.185 
634    (0)   :  0.047 0.145 0.347 0.223 0.239 
635    (0)   :  0.023 0.396 0.274 0.185 0.122 
636    (0)   :  0.024 0.219 0.080 0.473 0.204 
637    (0)   :  0.238 0.101 0.193 0.225 0.243 
638    (0)   :  0.017 0.091 0.447 0.189 0.256 
639    (0)   :  0.021 0.082 0.264 0.506 0.127 
640    (0)   :  0.013 0.054 0.108 0.157 0.668 
641    (0)   :  0.019 0.059 0.476 0.270 0.176 
642    (0)   :  0.063 0.524 0.115 0.108 0.190 
643    (0)   :  0.020 0.752 0.060 0.061 0.108 
644    (0)   :  0.023 0.569 0.134 0.073 0.201 
645    (0)   :  0.039 0.392 0.133 0.380 0.056 
646    (0)   :  0.077 0.118 0.327 0.123 0.355 
647    (0)   :  0.056 0.344 0.172 0.078 0.351 
648    (0)   :  0.079 0.216 0.487 0.124 0.094 
649    (0)   :  0.115 0.129 0.531 0.055 0.170 
650    (0)   :  0.050 0.146 0.348 0.069 0.388 
651    (0)   :  0.016 0.270 0.516 0.066 0.133 
652    (0)   :  0.025 0.529 0.217 0.081 0.148 
653    (0)   :  0.064 0.320 0.384 0.119 0.113 
654    (0)   :  0.125 0.462 0.199 0.093 0.121 
655    (0)   :  0.028 0.507 0.077 0.077 0.311 
656    (0)   :  0.082 0.172 0.489 0.124 0.133 
657    (0)   :  0.025 0.163 0.315 0.333 0.164 
658    (0)   :  0.081 0.211 0.115 0.124 0.470 
659    (0)   :  0.083 0.472 0.185 0.127 0.133 
660    (0)   :  0.046 0.510 0.260 0.058 0.125 
661    (0)   :  0.132 0.554 0.117 0.100 0.098 
662    (0)   :  0.215 0.084 0.477 0.046 0.178 
663    (0)   :  0.025 0.374 0.383 0.090 0.128 
664    (0)   :  0.047 0.219 0.066 0.147 0.521 
665    (0)   :  0.119 0.101 0.576 0.059 0.146 
666    (0)   :  0.071 0.442 0.226 0.097 0.164 
667    (0)   :  0.039 0.085 0.381 0.101 0.394 
668    (0)   :  0.062 0.440 0.146 0.145 0.207 
669    (0)   :  0.033 0.125 0.676 0.055 0.111 
670    (0)   :  0.020 0.769 0.105 0.043 0.063 
671    (0)   :  0.034 0.617 0.179 0.055 0.116 
672    (0)   :  0.044 0.671 0.037 0.071 0.176 
673    (0)   :  0.011 0.851 0.045 0.044 0.049 
674    (0)   :  0.026 0.622 0.177 0.093 0.082 
675    (0)   :  0.015 0.789 0.051 0.039 0.106 
676    (0)   :  0.012 0.854 0.043 0.041 0.050 
677    (0)   :  0.095 0.719 0.091 0.038 0.056 
678    (0)   :  0.011 0.850 0.042 0.043 0.055 
679    (0)   :  0.012 0.688 0.123 0.097 0.079 
680    (0)   :  0.021 0.770 0.077 0.073 0.059 
681    (0)   :  0.306 0.249 0.136 0.193 0.115 
682    (0)   :  0.020 0.801 0.043 0.074 0.062 
683    (0)   :  0.023 0.808 0.069 0.040 0.060 
684    (0)   :  0.013 0.844 0.045 0.043 0.055 
685    (0)   :  0.013 0.860 0.042 0.037 0.047 
686    (0)   :  0.094 0.675 0.089 0.068 0.074 
687    (0)   :  0.048 0.609 0.187 0.050 0.106 
688    (0)   :  0.017 0.791 0.061 0.049 0.082 
689    (0)   :  0.013 0.855 0.046 0.039 0.046 
690    (0)   :  0.013 0.855 0.042 0.040 0.049 
691    (0)   :  0.020 0.716 0.099 0.087 0.078 
692    (0)   :  0.013 0.785 0.066 0.057 0.078 
693    (0)   :  0.015 0.785 0.046 0.058 0.097 
694    (0)   :  0.015 0.863 0.042 0.035 0.045 
695    (0)   :  0.034 0.818 0.035 0.053 0.060 
696    (0)   :  0.017 0.789 0.062 0.049 0.083 
697    (0)   :  0.017 0.832 0.060 0.043 0.049 
698    (0)   :  0.014 0.846 0.049 0.041 0.050 
699    (0)   :  0.112 0.735 0.045 0.048 0.060 
700    (0)   :  0.058 0.730 0.055 0.067 0.090 
701    (0)   :  0.030 0.667 0.142 0.083 0.077 
702    (0)   :  0.049 0.686 0.064 0.089 0.113 
703    (0)   :  0.023 0.787 0.052 0.075 0.063 
704    (0)   :  0.025 0.791 0.063 0.045 0.077 
705    (0)   :  0.298 0.372 0.137 0.094 0.100 
706    (0)   :  0.031 0.795 0.051 0.067 0.056 
707    (0)   :  0.023 0.816 0.066 0.045 0.050 
708    (0)   :  0.016 0.831 0.063 0.041 0.050 
709    (0)   :  0.045 0.819 0.039 0.043 0.054 
710    (0)   :  0.016 0.867 0.036 0.036 0.045 
711    (0)   :  0.059 0.732 0.082 0.066 0.061 
712    (0)   :  0.059 0.790 0.069 0.035 0.048 
713    (0)   :  0.019 0.794 0.063 0.043 0.081 
714    (0)   :  0.017 0.616 0.190 0.093 0.083 
715    (0)   :  0.034 0.840 0.045 0.035 0.046 
716    (0)   :  0.029 0.819 0.038 0.060 0.055 
717    (0)   :  0.020 0.860 0.038 0.035 0.046 
718    (0)   :  0.039 0.684 0.140 0.072 0.065 
719    (0)   :  0.031 0.841 0.042 0.035 0.051 
720    (0)   :  0.017 0.040 0.199 0.229 0.515 
721    (0)   :  0.029 0.527 0.127 0.216 0.101 
722    (0)   :  0.042 0.076 0.127 0.540 0.216 
723    (0)   :  0.014 0.063 0.178 0.609 0.135 
724    (0)   :  0.024 0.170 0.109 0.591 0.106 
725    (0)   :  0.027 0.170 0.429 0.135 0.239 
726    (0)   :  0.055 0.108 0.178 0.531 0.129 
727    (0)   :  0.208 0.209 0.194 0.221 0.169 
728    (0)   :  0.017 0.023 0.038 0.854 0.069 
729    (0)   :  0.014 0.026 0.045 0.829 0.087 
730    (0)   :  0.015 0.038 0.177 0.484 0.286 
731    (0)   :  0.020 0.057 0.058 0.740 0.125 
732    (0)   :  0.015 0.061 0.174 0.615 0.135 
733    (0)   :  0.012 0.036 0.055 0.799 0.098 
734    (0)   :  0.014 0.025 0.048 0.748 0.166 
735    (0)   :  0.010 0.041 0.051 0.826 0.073 
736    (0)   :  0.018 0.049 0.071 0.509 0.353 
737    (0)   :  0.046 0.052 0.165 0.491 0.247 
738    (0)   :  0.016 0.044 0.210 0.543 0.188 
739    (0)   :  0.012 0.032 0.048 0.808 0.099 
740    (0)   :  0.018 0.399 0.452 0.063 0.068 
741    (0)   :  0.035 0.431 0.285 0.116 0.133 
742    (0)   :  0.015 0.149 0.056 0.109 0.670 
743    (0)   :  0.014 0.061 0.594 0.109 0.222 
744    (0)   :  0.148 0.078 0.333 0.068 0.373 
745    (0)   :  0.041 0.034 0.133 0.095 0.698 
746    (0)   :  0.021 0.182 0.374 0.184 0.239 
747    (0)   :  0.023 0.070 0.277 0.096 0.535 
748    (0)   :  0.013 0.420 0.188 0.070 0.309 
749    (0)   :  0.029 0.093 0.556 0.086 0.235 
750    (0)   :  0.016 0.058 0.648 0.082 0.195 
751    (0)   :  0.014 0.414 0.235 0.082 0.255 
752    (0)   :  0.020 0.077 0.401 0.120 0.383 
753    (0)   :  0.020 0.129 0.514 0.180 0.157 
754    (0)   :  0.025 0.428 0.179 0.152 0.217 
755    (0)   :  0.013 0.112 0.597 0.113 0.166 
756    (0)   :  0.016 0.190 0.238 0.051 0.505 
757    (0)   :  0.016 0.131 0.166 0.086 0.601 
758    (0)   :  0.022 0.034 0.253 0.062 0.630 
759    (0)   :  0.047 0.450 0.173 0.193 0.136 
760    (0)   :  0.016 0.082 0.493 0.203 0.207 
761    (0)   :  0.019 0.210 0.266 0.405 0.100 
762    (0)   :  0.012 0.056 0.192 0.424 0.317 
763    (0)   :  0.021 0.126 0.517 0.182 0.154 
764    (0)   :  0.014 0.073 0.449 0.089 0.375 
765    (0)   :  0.013 0.044 0.513 0.299 0.131 
766    (0)   :  0.013 0.276 0.307 0.083 0.322 
767    (0)   :  0.019 0.228 0.176 0.101 0.476 
768    (0)   :  0.012 0.054 0.196 0.455 0.283 
769    (0)   :  0.022 0.233 0.110 0.447 0.188 
770    (0)   :  0.014 0.045 0.121 0.374 0.446 
771    (0)   :  0.152 0.104 0.540 0.055 0.150 
772    (0)   :  0.069 0.264 0.145 0.102 0.419 
773    (0)   :  0.013 0.062 0.650 0.071 0.205 
774    (0)   :  0.018 0.288 0.478 0.103 0.113 
775    (0)   :  0.014 0.088 0.069 0.562 0.267 
776    (0)   :  0.017 0.052 0.109 0.074 0.750 
777    (0)   :  0.055 0.104 0.341 0.128 0.372 
778    (0)   :  0.040 0.176 0.402 0.083 0.298 
779    (0)   :  0.014 0.098 0.530 0.072 0.285 
780    (0)   :  0.013 0.336 0.322 0.088 0.241 
781    (0)   :  0.035 0.076 0.774 0.045 0.071 
782    (0)   :  0.014 0.099 0.538 0.071 0.278 
783    (0)   :  0.015 0.237 0.214 0.125 0.409 
784    (0)   :  0.018 0.078 0.126 0.153 0.625 
785    (0)   :  0.021 0.166 0.263 0.116 0.434 
786    (0)   :  0.017 0.426 0.154 0.100 0.303 
787    (0)   :  0.033 0.369 0.289 0.049 0.261 
788    (0)   :  0.035 0.090 0.224 0.151 0.500 
789    (0)   :  0.014 0.090 0.098 0.139 0.659 
790    (0)   :  0.014 0.211 0.402 0.175 0.198 
791    (0)   :  0.017 0.131 0.103 0.092 0.657 
792    (0)   :  0.047 0.337 0.413 0.049 0.153 
793    (0)   :  0.075 0.423 0.158 0.204 0.141 
794    (0)   :  0.028 0.173 0.133 0.162 0.504 
795    (0)   :  0.026 0.515 0.142 0.194 0.124 
796    (0)   :  0.027 0.159 0.060 0.062 0.692 
797    (0)   :  0.045 0.529 0.221 0.106 0.100 
798    (0)   :  0.158 0.029 0.062 0.520 0.231 
799    (0)   :  0.029 0.071 0.093 0.086 0.721 
800    (0)   :  0.142 0.539 0.082 0.041 0.197 
801    (0)   :  0.152 0.058 0.063 0.484 0.242 
802    (0)   :  0.156 0.238 0.128 0.282 0.196 
803    (0)   :  0.071 0.412 0.173 0.149 0.195 
804    (0)   :  0.183 0.109 0.289 0.150 0.269 
805    (0)   :  0.022 0.773 0.051 0.053 0.101 
806    (0)   :  0.398 0.076 0.117 0.294 0.115 
807    (0)   :  0.058 0.568 0.233 0.074 0.067 
808    (0)   :  0.135 0.415 0.222 0.081 0.148 
809    (0)   :  0.654 0.044 0.057 0.127 0.118 
810    (0)   :  0.029 0.174 0.258 0.292 0.248 
