

----------------------------------------------------
STRUCTURE by Pritchard, Stephens and Donnelly (2000)
     and Falush, Stephens and Pritchard (2003)
       Code by Pritchard, Falush and Hubisz
             Version 2.3.4 (Jul 2012)
----------------------------------------------------



Command line arguments:   ./structure -K 4 -D 104018 -m brooktrout/mainparams -e brooktrout/extraparams -o brooktrout/250914_output/results_K4_rep18 
Input File:    brooktrout/brooktrout.txt

Run parameters:
   8454 individuals
   5 loci
   4 populations assumed
   50000 Burn-in period
   100000 Reps
RANDOMIZE turned off


--------------------------------------------
Overall proportion of membership of the
sample in each of the 4 clusters

Inferred Clusters
  1      2      3      4    
0.110  0.187  0.331  0.372  

--------------------------------------------

Allele-freq. divergence among pops (Net nucleotide distance),
computed using point estimates of P.

      1       2       3       4      
 1      -    0.0788  0.0464  0.0669  
 2   0.0788     -    0.0641  0.1054  
 3   0.0464  0.0641     -    0.0312  
 4   0.0669  0.1054  0.0312     -    

Average distances (expected heterozygosity) between individuals in same cluster:
cluster  1  : 0.8208 
cluster  2  : 0.7425 
cluster  3  : 0.8350 
cluster  4  : 0.8143 

--------------------------------------------
Estimated Ln Prob of Data   = -178979.0
Mean value of ln likelihood = -173592.3
Variance of ln likelihood   = 10773.5

Mean value of alpha_1       = 0.0872
Mean value of alpha_2       = 0.1487
Mean value of alpha_3       = 0.2648
Mean value of alpha_4       = 0.3016
Allele frequencies uncorrelated


Inferred ancestry of individuals:
     (%Miss) :  Inferred clusters
  1    (0)   :  0.177 0.232 0.206 0.384 
  2    (0)   :  0.021 0.032 0.843 0.103 
  3    (0)   :  0.101 0.154 0.161 0.583 
  4    (0)   :  0.061 0.627 0.187 0.124 
  5    (0)   :  0.024 0.033 0.803 0.140 
  6    (0)   :  0.017 0.041 0.100 0.842 
  7    (0)   :  0.016 0.031 0.193 0.759 
  8    (0)   :  0.043 0.336 0.231 0.389 
  9    (0)   :  0.047 0.071 0.475 0.407 
 10    (0)   :  0.018 0.140 0.282 0.560 
 11    (0)   :  0.022 0.033 0.186 0.760 
 12    (0)   :  0.031 0.056 0.728 0.184 
 13    (0)   :  0.029 0.061 0.402 0.508 
 14    (0)   :  0.135 0.102 0.555 0.208 
 15    (0)   :  0.050 0.167 0.531 0.251 
 16    (0)   :  0.039 0.062 0.124 0.775 
 17    (0)   :  0.035 0.058 0.488 0.419 
 18    (0)   :  0.032 0.103 0.320 0.544 
 19    (0)   :  0.020 0.056 0.276 0.648 
 20    (0)   :  0.060 0.058 0.477 0.405 
 21    (0)   :  0.118 0.218 0.417 0.247 
 22    (0)   :  0.027 0.082 0.124 0.768 
 23    (0)   :  0.250 0.175 0.443 0.132 
 24    (0)   :  0.071 0.228 0.195 0.506 
 25    (0)   :  0.021 0.026 0.341 0.612 
 26    (0)   :  0.048 0.130 0.434 0.388 
 27    (0)   :  0.075 0.097 0.292 0.536 
 28    (0)   :  0.036 0.293 0.297 0.373 
 29    (0)   :  0.065 0.051 0.568 0.316 
 30    (0)   :  0.046 0.062 0.113 0.780 
 31    (0)   :  0.058 0.110 0.385 0.448 
 32    (0)   :  0.058 0.148 0.496 0.298 
 33    (0)   :  0.164 0.138 0.183 0.516 
 34    (0)   :  0.020 0.058 0.160 0.762 
 35    (0)   :  0.168 0.049 0.363 0.420 
 36    (0)   :  0.665 0.040 0.073 0.222 
 37    (0)   :  0.066 0.171 0.597 0.166 
 38    (0)   :  0.144 0.026 0.085 0.745 
 39    (0)   :  0.105 0.047 0.176 0.672 
 40    (0)   :  0.555 0.152 0.109 0.185 
 41    (0)   :  0.536 0.032 0.069 0.362 
 42    (0)   :  0.587 0.196 0.082 0.135 
 43    (0)   :  0.493 0.077 0.278 0.151 
 44    (0)   :  0.563 0.028 0.107 0.302 
 45    (0)   :  0.329 0.031 0.214 0.427 
 46    (0)   :  0.068 0.037 0.270 0.625 
 47    (0)   :  0.051 0.073 0.350 0.525 
 48    (0)   :  0.589 0.031 0.101 0.279 
 49    (0)   :  0.187 0.059 0.325 0.429 
 50    (0)   :  0.043 0.085 0.152 0.719 
 51    (0)   :  0.867 0.022 0.046 0.066 
 52    (0)   :  0.114 0.062 0.162 0.662 
 53    (0)   :  0.060 0.065 0.073 0.802 
 54    (0)   :  0.078 0.078 0.707 0.137 
 55    (0)   :  0.345 0.049 0.491 0.115 
 56    (0)   :  0.345 0.069 0.193 0.393 
 57    (0)   :  0.020 0.158 0.444 0.378 
 58    (0)   :  0.374 0.063 0.298 0.265 
 59    (0)   :  0.382 0.044 0.178 0.396 
 60    (0)   :  0.688 0.093 0.093 0.127 
 61    (0)   :  0.291 0.103 0.535 0.072 
 62    (0)   :  0.036 0.047 0.486 0.431 
 63    (0)   :  0.314 0.095 0.354 0.237 
 64    (0)   :  0.033 0.035 0.170 0.762 
 65    (0)   :  0.028 0.022 0.653 0.297 
 66    (0)   :  0.055 0.094 0.758 0.093 
 67    (0)   :  0.226 0.040 0.602 0.132 
 68    (0)   :  0.395 0.057 0.186 0.362 
 69    (0)   :  0.185 0.111 0.120 0.584 
 70    (0)   :  0.721 0.043 0.092 0.145 
 71    (0)   :  0.569 0.021 0.136 0.274 
 72    (0)   :  0.165 0.039 0.150 0.647 
 73    (0)   :  0.255 0.032 0.514 0.198 
 74    (0)   :  0.571 0.089 0.089 0.251 
 75    (0)   :  0.715 0.089 0.098 0.098 
 76    (0)   :  0.249 0.046 0.467 0.239 
 77    (0)   :  0.588 0.027 0.112 0.272 
 78    (0)   :  0.567 0.030 0.081 0.322 
 79    (0)   :  0.015 0.039 0.359 0.587 
 80    (0)   :  0.017 0.584 0.203 0.195 
 81    (0)   :  0.014 0.370 0.322 0.295 
 82    (0)   :  0.080 0.083 0.697 0.140 
 83    (0)   :  0.038 0.284 0.277 0.402 
 84    (0)   :  0.023 0.168 0.519 0.290 
 85    (0)   :  0.032 0.323 0.320 0.324 
 86    (0)   :  0.076 0.042 0.628 0.255 
 87    (0)   :  0.032 0.045 0.299 0.624 
 88    (0)   :  0.034 0.160 0.660 0.146 
 89    (0)   :  0.021 0.210 0.662 0.106 
 90    (0)   :  0.018 0.040 0.687 0.256 
 91    (0)   :  0.039 0.560 0.207 0.194 
 92    (0)   :  0.023 0.067 0.648 0.262 
 93    (0)   :  0.018 0.837 0.078 0.067 
 94    (0)   :  0.023 0.036 0.068 0.872 
 95    (0)   :  0.025 0.076 0.760 0.140 
 96    (0)   :  0.480 0.186 0.267 0.067 
 97    (0)   :  0.479 0.151 0.181 0.189 
 98    (0)   :  0.442 0.086 0.228 0.244 
 99    (0)   :  0.017 0.121 0.637 0.225 
100    (0)   :  0.030 0.612 0.294 0.064 
101    (0)   :  0.068 0.063 0.639 0.230 
102    (0)   :  0.116 0.331 0.359 0.193 
103    (0)   :  0.025 0.064 0.837 0.074 
104    (0)   :  0.046 0.051 0.510 0.394 
105    (0)   :  0.033 0.063 0.823 0.082 
106    (0)   :  0.027 0.018 0.141 0.815 
107    (0)   :  0.026 0.059 0.786 0.129 
108    (0)   :  0.480 0.033 0.275 0.213 
109    (0)   :  0.035 0.019 0.367 0.580 
110    (0)   :  0.023 0.026 0.216 0.735 
111    (0)   :  0.025 0.029 0.540 0.406 
112    (0)   :  0.033 0.022 0.137 0.808 
113    (0)   :  0.092 0.056 0.630 0.222 
114    (0)   :  0.033 0.065 0.583 0.319 
115    (0)   :  0.174 0.034 0.579 0.213 
116    (0)   :  0.113 0.021 0.254 0.612 
117    (0)   :  0.053 0.035 0.408 0.504 
118    (0)   :  0.030 0.028 0.817 0.125 
119    (0)   :  0.548 0.185 0.166 0.101 
120    (0)   :  0.044 0.035 0.653 0.268 
121    (0)   :  0.198 0.028 0.591 0.182 
122    (0)   :  0.024 0.027 0.225 0.724 
123    (0)   :  0.035 0.041 0.512 0.412 
124    (0)   :  0.099 0.030 0.323 0.548 
125    (0)   :  0.100 0.038 0.113 0.748 
126    (0)   :  0.110 0.052 0.215 0.622 
127    (0)   :  0.030 0.035 0.390 0.545 
128    (0)   :  0.034 0.028 0.844 0.094 
129    (0)   :  0.024 0.022 0.866 0.088 
130    (0)   :  0.019 0.057 0.689 0.235 
131    (0)   :  0.176 0.026 0.299 0.499 
132    (0)   :  0.028 0.022 0.332 0.619 
133    (0)   :  0.041 0.036 0.747 0.176 
134    (0)   :  0.014 0.016 0.117 0.853 
135    (0)   :  0.183 0.467 0.268 0.081 
136    (0)   :  0.015 0.835 0.085 0.065 
137    (0)   :  0.017 0.786 0.129 0.068 
138    (0)   :  0.025 0.855 0.054 0.066 
139    (0)   :  0.193 0.283 0.420 0.103 
140    (0)   :  0.092 0.519 0.190 0.200 
141    (0)   :  0.027 0.776 0.085 0.112 
142    (0)   :  0.219 0.528 0.180 0.074 
143    (0)   :  0.015 0.887 0.054 0.043 
144    (0)   :  0.019 0.790 0.130 0.061 
145    (0)   :  0.044 0.634 0.177 0.145 
146    (0)   :  0.071 0.481 0.255 0.193 
147    (0)   :  0.013 0.887 0.052 0.048 
148    (0)   :  0.054 0.620 0.212 0.113 
149    (0)   :  0.043 0.813 0.071 0.074 
150    (0)   :  0.024 0.519 0.363 0.094 
151    (0)   :  0.022 0.813 0.103 0.061 
152    (0)   :  0.094 0.558 0.209 0.138 
153    (0)   :  0.053 0.774 0.077 0.096 
154    (0)   :  0.027 0.800 0.110 0.063 
155    (0)   :  0.019 0.846 0.078 0.058 
156    (0)   :  0.113 0.673 0.152 0.062 
157    (0)   :  0.028 0.670 0.163 0.139 
158    (0)   :  0.032 0.715 0.123 0.130 
159    (0)   :  0.014 0.876 0.063 0.046 
160    (0)   :  0.014 0.864 0.074 0.048 
161    (0)   :  0.053 0.694 0.132 0.121 
162    (0)   :  0.067 0.383 0.345 0.205 
163    (0)   :  0.027 0.857 0.063 0.053 
164    (0)   :  0.027 0.344 0.514 0.115 
165    (0)   :  0.023 0.623 0.271 0.083 
166    (0)   :  0.072 0.539 0.227 0.162 
167    (0)   :  0.023 0.691 0.171 0.115 
168    (0)   :  0.052 0.765 0.074 0.109 
169    (0)   :  0.078 0.395 0.126 0.401 
170    (0)   :  0.084 0.719 0.135 0.062 
171    (0)   :  0.052 0.578 0.243 0.127 
172    (0)   :  0.262 0.507 0.070 0.161 
173    (0)   :  0.017 0.842 0.092 0.049 
174    (0)   :  0.016 0.831 0.089 0.065 
175    (0)   :  0.021 0.862 0.057 0.060 
176    (0)   :  0.018 0.794 0.126 0.061 
177    (0)   :  0.044 0.512 0.207 0.236 
178    (0)   :  0.017 0.775 0.111 0.098 
179    (0)   :  0.014 0.884 0.055 0.047 
180    (0)   :  0.050 0.650 0.137 0.164 
181    (0)   :  0.058 0.683 0.170 0.089 
182    (0)   :  0.034 0.724 0.194 0.047 
183    (0)   :  0.017 0.859 0.071 0.052 
184    (0)   :  0.028 0.037 0.791 0.144 
185    (0)   :  0.091 0.791 0.072 0.046 
186    (0)   :  0.023 0.032 0.808 0.137 
187    (0)   :  0.034 0.233 0.634 0.100 
188    (0)   :  0.021 0.024 0.848 0.106 
189    (0)   :  0.060 0.323 0.206 0.410 
190    (0)   :  0.503 0.228 0.228 0.041 
191    (0)   :  0.019 0.057 0.848 0.076 
192    (0)   :  0.026 0.153 0.722 0.100 
193    (0)   :  0.061 0.171 0.633 0.135 
194    (0)   :  0.067 0.133 0.711 0.088 
195    (0)   :  0.065 0.584 0.298 0.052 
196    (0)   :  0.301 0.167 0.460 0.072 
197    (0)   :  0.068 0.103 0.568 0.261 
198    (0)   :  0.059 0.125 0.577 0.240 
199    (0)   :  0.395 0.146 0.376 0.084 
200    (0)   :  0.234 0.150 0.440 0.175 
201    (0)   :  0.057 0.645 0.231 0.067 
202    (0)   :  0.167 0.560 0.209 0.064 
203    (0)   :  0.037 0.534 0.368 0.061 
204    (0)   :  0.054 0.158 0.737 0.051 
205    (0)   :  0.086 0.084 0.731 0.098 
206    (0)   :  0.041 0.134 0.766 0.059 
207    (0)   :  0.072 0.057 0.811 0.060 
208    (0)   :  0.121 0.272 0.543 0.064 
209    (0)   :  0.040 0.102 0.763 0.095 
210    (0)   :  0.040 0.152 0.745 0.063 
211    (0)   :  0.291 0.088 0.563 0.058 
212    (0)   :  0.051 0.731 0.131 0.087 
213    (0)   :  0.216 0.071 0.572 0.141 
214    (0)   :  0.070 0.634 0.230 0.065 
215    (0)   :  0.053 0.043 0.826 0.078 
216    (0)   :  0.036 0.049 0.775 0.140 
217    (0)   :  0.092 0.584 0.230 0.094 
218    (0)   :  0.033 0.094 0.780 0.093 
219    (0)   :  0.037 0.216 0.498 0.249 
220    (0)   :  0.026 0.055 0.864 0.055 
221    (0)   :  0.119 0.766 0.072 0.043 
222    (0)   :  0.035 0.093 0.657 0.216 
223    (0)   :  0.051 0.378 0.440 0.131 
224    (0)   :  0.036 0.310 0.593 0.061 
225    (0)   :  0.073 0.131 0.729 0.068 
226    (0)   :  0.114 0.144 0.462 0.280 
227    (0)   :  0.200 0.246 0.480 0.074 
228    (0)   :  0.151 0.455 0.342 0.052 
229    (0)   :  0.021 0.343 0.563 0.073 
230    (0)   :  0.023 0.188 0.733 0.056 
231    (0)   :  0.023 0.331 0.545 0.101 
232    (0)   :  0.109 0.214 0.517 0.160 
233    (0)   :  0.044 0.703 0.188 0.065 
234    (0)   :  0.028 0.146 0.681 0.145 
235    (0)   :  0.118 0.321 0.398 0.163 
236    (0)   :  0.046 0.336 0.526 0.092 
237    (0)   :  0.062 0.084 0.783 0.072 
238    (0)   :  0.073 0.565 0.274 0.088 
239    (0)   :  0.063 0.566 0.319 0.052 
240    (0)   :  0.072 0.565 0.273 0.090 
241    (0)   :  0.063 0.639 0.240 0.058 
242    (0)   :  0.042 0.233 0.477 0.248 
243    (0)   :  0.284 0.180 0.487 0.049 
244    (0)   :  0.035 0.406 0.500 0.060 
245    (0)   :  0.052 0.788 0.100 0.059 
246    (0)   :  0.091 0.584 0.233 0.092 
247    (0)   :  0.068 0.031 0.669 0.231 
248    (0)   :  0.062 0.034 0.829 0.075 
249    (0)   :  0.047 0.377 0.506 0.071 
250    (0)   :  0.029 0.170 0.725 0.076 
251    (0)   :  0.073 0.083 0.572 0.273 
252    (0)   :  0.059 0.250 0.600 0.090 
253    (0)   :  0.146 0.067 0.601 0.186 
254    (0)   :  0.041 0.104 0.706 0.149 
255    (0)   :  0.034 0.191 0.628 0.148 
256    (0)   :  0.114 0.349 0.467 0.071 
257    (0)   :  0.051 0.093 0.789 0.067 
258    (0)   :  0.124 0.079 0.681 0.117 
259    (0)   :  0.032 0.067 0.836 0.065 
260    (0)   :  0.032 0.243 0.540 0.185 
261    (0)   :  0.104 0.447 0.357 0.092 
262    (0)   :  0.227 0.559 0.159 0.055 
263    (0)   :  0.034 0.056 0.839 0.071 
264    (0)   :  0.046 0.028 0.403 0.524 
265    (0)   :  0.062 0.185 0.596 0.157 
266    (0)   :  0.081 0.781 0.094 0.044 
267    (0)   :  0.064 0.210 0.599 0.127 
268    (0)   :  0.296 0.166 0.465 0.073 
269    (0)   :  0.040 0.264 0.325 0.371 
270    (0)   :  0.031 0.052 0.794 0.123 
271    (0)   :  0.074 0.055 0.792 0.079 
272    (0)   :  0.205 0.086 0.505 0.204 
273    (0)   :  0.111 0.273 0.447 0.169 
274    (0)   :  0.058 0.093 0.711 0.138 
275    (0)   :  0.069 0.146 0.654 0.131 
276    (0)   :  0.328 0.068 0.393 0.212 
277    (0)   :  0.042 0.267 0.563 0.128 
278    (0)   :  0.121 0.064 0.738 0.076 
279    (0)   :  0.046 0.141 0.725 0.088 
280    (0)   :  0.138 0.169 0.420 0.273 
281    (0)   :  0.043 0.084 0.774 0.099 
282    (0)   :  0.033 0.506 0.333 0.128 
283    (0)   :  0.034 0.626 0.252 0.088 
284    (0)   :  0.052 0.162 0.692 0.094 
285    (0)   :  0.109 0.024 0.746 0.121 
286    (0)   :  0.033 0.406 0.502 0.059 
287    (0)   :  0.043 0.181 0.539 0.237 
288    (0)   :  0.074 0.086 0.622 0.218 
289    (0)   :  0.072 0.093 0.657 0.177 
290    (0)   :  0.249 0.078 0.389 0.284 
291    (0)   :  0.078 0.056 0.786 0.079 
292    (0)   :  0.307 0.234 0.260 0.199 
293    (0)   :  0.214 0.058 0.252 0.476 
294    (0)   :  0.050 0.057 0.799 0.094 
295    (0)   :  0.173 0.138 0.420 0.269 
296    (0)   :  0.046 0.062 0.817 0.075 
297    (0)   :  0.061 0.087 0.531 0.321 
298    (0)   :  0.024 0.302 0.557 0.116 
299    (0)   :  0.021 0.060 0.822 0.098 
300    (0)   :  0.054 0.046 0.807 0.093 
301    (0)   :  0.036 0.060 0.719 0.185 
302    (0)   :  0.098 0.057 0.753 0.093 
303    (0)   :  0.064 0.418 0.400 0.119 
304    (0)   :  0.037 0.381 0.313 0.270 
305    (0)   :  0.075 0.393 0.466 0.067 
306    (0)   :  0.076 0.561 0.242 0.121 
307    (0)   :  0.048 0.114 0.757 0.081 
308    (0)   :  0.110 0.448 0.350 0.092 
309    (0)   :  0.051 0.059 0.819 0.071 
310    (0)   :  0.140 0.367 0.435 0.058 
311    (0)   :  0.024 0.194 0.725 0.057 
312    (0)   :  0.030 0.054 0.863 0.053 
313    (0)   :  0.116 0.036 0.792 0.055 
314    (0)   :  0.022 0.890 0.042 0.045 
315    (0)   :  0.033 0.854 0.048 0.064 
316    (0)   :  0.024 0.853 0.048 0.075 
317    (0)   :  0.013 0.897 0.043 0.046 
318    (0)   :  0.011 0.901 0.040 0.048 
319    (0)   :  0.016 0.885 0.055 0.044 
320    (0)   :  0.023 0.890 0.042 0.045 
321    (0)   :  0.013 0.894 0.043 0.050 
322    (0)   :  0.035 0.843 0.049 0.072 
323    (0)   :  0.012 0.896 0.046 0.047 
324    (0)   :  0.013 0.893 0.043 0.050 
325    (0)   :  0.019 0.861 0.045 0.075 
326    (0)   :  0.020 0.868 0.042 0.070 
327    (0)   :  0.014 0.896 0.043 0.046 
328    (0)   :  0.026 0.846 0.056 0.072 
329    (0)   :  0.012 0.897 0.046 0.045 
330    (0)   :  0.013 0.898 0.043 0.046 
331    (0)   :  0.012 0.896 0.047 0.045 
332    (0)   :  0.018 0.854 0.046 0.082 
333    (0)   :  0.022 0.867 0.048 0.064 
334    (0)   :  0.026 0.846 0.056 0.073 
335    (0)   :  0.027 0.859 0.050 0.064 
336    (0)   :  0.016 0.892 0.042 0.051 
337    (0)   :  0.023 0.852 0.047 0.078 
338    (0)   :  0.011 0.897 0.042 0.050 
339    (0)   :  0.012 0.895 0.047 0.046 
340    (0)   :  0.013 0.899 0.047 0.042 
341    (0)   :  0.012 0.896 0.048 0.044 
342    (0)   :  0.014 0.896 0.043 0.047 
343    (0)   :  0.044 0.835 0.050 0.071 
344    (0)   :  0.011 0.900 0.043 0.046 
345    (0)   :  0.014 0.897 0.043 0.046 
346    (0)   :  0.012 0.902 0.041 0.045 
347    (0)   :  0.012 0.903 0.042 0.042 
348    (0)   :  0.052 0.836 0.050 0.062 
349    (0)   :  0.013 0.899 0.042 0.046 
350    (0)   :  0.019 0.885 0.052 0.045 
351    (0)   :  0.026 0.861 0.049 0.064 
352    (0)   :  0.027 0.857 0.047 0.070 
353    (0)   :  0.016 0.891 0.042 0.051 
354    (0)   :  0.012 0.894 0.048 0.046 
355    (0)   :  0.011 0.899 0.041 0.049 
356    (0)   :  0.074 0.809 0.054 0.062 
357    (0)   :  0.023 0.541 0.091 0.344 
358    (0)   :  0.018 0.859 0.050 0.072 
359    (0)   :  0.011 0.895 0.047 0.046 
360    (0)   :  0.012 0.903 0.041 0.044 
361    (0)   :  0.036 0.476 0.121 0.367 
362    (0)   :  0.035 0.050 0.276 0.639 
363    (0)   :  0.041 0.031 0.154 0.774 
364    (0)   :  0.032 0.294 0.225 0.449 
365    (0)   :  0.041 0.041 0.163 0.755 
366    (0)   :  0.249 0.099 0.154 0.497 
367    (0)   :  0.014 0.018 0.093 0.874 
368    (0)   :  0.017 0.034 0.692 0.257 
369    (0)   :  0.213 0.297 0.160 0.330 
370    (0)   :  0.032 0.038 0.796 0.134 
371    (0)   :  0.050 0.083 0.503 0.363 
372    (0)   :  0.047 0.072 0.748 0.134 
373    (0)   :  0.028 0.062 0.193 0.717 
374    (0)   :  0.032 0.284 0.206 0.478 
375    (0)   :  0.020 0.029 0.290 0.661 
376    (0)   :  0.016 0.023 0.066 0.896 
377    (0)   :  0.037 0.046 0.373 0.544 
378    (0)   :  0.026 0.168 0.267 0.539 
379    (0)   :  0.023 0.021 0.069 0.887 
380    (0)   :  0.135 0.135 0.117 0.613 
381    (0)   :  0.085 0.096 0.069 0.750 
382    (0)   :  0.015 0.030 0.146 0.808 
383    (0)   :  0.032 0.144 0.105 0.719 
384    (0)   :  0.038 0.096 0.235 0.631 
385    (0)   :  0.015 0.110 0.391 0.484 
386    (0)   :  0.021 0.028 0.119 0.831 
387    (0)   :  0.027 0.035 0.130 0.808 
388    (0)   :  0.022 0.185 0.519 0.274 
389    (0)   :  0.121 0.036 0.726 0.117 
390    (0)   :  0.248 0.031 0.158 0.563 
391    (0)   :  0.168 0.063 0.415 0.355 
392    (0)   :  0.026 0.066 0.108 0.800 
393    (0)   :  0.188 0.064 0.069 0.679 
394    (0)   :  0.028 0.228 0.248 0.495 
395    (0)   :  0.314 0.035 0.257 0.394 
396    (0)   :  0.018 0.021 0.206 0.756 
397    (0)   :  0.030 0.095 0.688 0.188 
398    (0)   :  0.023 0.022 0.080 0.875 
399    (0)   :  0.060 0.029 0.156 0.755 
400    (0)   :  0.025 0.044 0.087 0.844 
401    (0)   :  0.104 0.051 0.169 0.676 
402    (0)   :  0.132 0.045 0.305 0.518 
403    (0)   :  0.034 0.287 0.447 0.232 
404    (0)   :  0.036 0.067 0.390 0.507 
405    (0)   :  0.059 0.070 0.240 0.631 
406    (0)   :  0.765 0.045 0.061 0.129 
407    (0)   :  0.020 0.022 0.067 0.892 
408    (0)   :  0.173 0.020 0.531 0.276 
409    (0)   :  0.613 0.139 0.086 0.161 
410    (0)   :  0.034 0.064 0.133 0.768 
411    (0)   :  0.082 0.137 0.094 0.687 
412    (0)   :  0.017 0.034 0.413 0.536 
413    (0)   :  0.022 0.101 0.594 0.282 
414    (0)   :  0.018 0.023 0.458 0.501 
415    (0)   :  0.060 0.035 0.076 0.830 
416    (0)   :  0.054 0.057 0.113 0.776 
417    (0)   :  0.019 0.028 0.068 0.885 
418    (0)   :  0.015 0.023 0.179 0.784 
419    (0)   :  0.185 0.138 0.345 0.332 
420    (0)   :  0.231 0.029 0.118 0.623 
421    (0)   :  0.023 0.030 0.143 0.803 
422    (0)   :  0.225 0.037 0.306 0.433 
423    (0)   :  0.037 0.046 0.192 0.725 
424    (0)   :  0.163 0.051 0.323 0.463 
425    (0)   :  0.041 0.069 0.460 0.430 
426    (0)   :  0.025 0.058 0.277 0.640 
427    (0)   :  0.035 0.095 0.071 0.799 
428    (0)   :  0.182 0.116 0.267 0.435 
429    (0)   :  0.013 0.019 0.066 0.902 
430    (0)   :  0.030 0.026 0.077 0.867 
431    (0)   :  0.021 0.043 0.624 0.312 
432    (0)   :  0.023 0.040 0.588 0.349 
433    (0)   :  0.047 0.146 0.706 0.101 
434    (0)   :  0.041 0.105 0.334 0.520 
435    (0)   :  0.029 0.022 0.067 0.882 
436    (0)   :  0.035 0.039 0.041 0.885 
437    (0)   :  0.017 0.025 0.082 0.876 
438    (0)   :  0.493 0.047 0.098 0.361 
439    (0)   :  0.026 0.032 0.048 0.894 
440    (0)   :  0.024 0.018 0.046 0.912 
441    (0)   :  0.033 0.071 0.102 0.795 
442    (0)   :  0.036 0.026 0.113 0.825 
443    (0)   :  0.095 0.021 0.072 0.812 
444    (0)   :  0.045 0.025 0.086 0.843 
445    (0)   :  0.312 0.091 0.139 0.458 
446    (0)   :  0.028 0.024 0.083 0.865 
447    (0)   :  0.118 0.061 0.111 0.710 
448    (0)   :  0.031 0.027 0.098 0.844 
449    (0)   :  0.042 0.051 0.138 0.769 
450    (0)   :  0.015 0.050 0.095 0.839 
451    (0)   :  0.035 0.018 0.283 0.664 
452    (0)   :  0.017 0.040 0.063 0.880 
453    (0)   :  0.679 0.039 0.121 0.160 
454    (0)   :  0.025 0.054 0.089 0.831 
455    (0)   :  0.124 0.024 0.071 0.781 
456    (0)   :  0.090 0.023 0.082 0.806 
457    (0)   :  0.020 0.027 0.069 0.883 
458    (0)   :  0.024 0.030 0.067 0.879 
459    (0)   :  0.100 0.099 0.110 0.692 
460    (0)   :  0.026 0.023 0.055 0.897 
461    (0)   :  0.015 0.023 0.068 0.894 
462    (0)   :  0.051 0.017 0.099 0.833 
463    (0)   :  0.630 0.035 0.085 0.250 
464    (0)   :  0.058 0.023 0.065 0.855 
465    (0)   :  0.080 0.033 0.241 0.646 
466    (0)   :  0.290 0.025 0.144 0.542 
467    (0)   :  0.088 0.044 0.092 0.776 
468    (0)   :  0.055 0.023 0.054 0.868 
469    (0)   :  0.033 0.026 0.044 0.898 
470    (0)   :  0.025 0.022 0.056 0.897 
471    (0)   :  0.216 0.029 0.160 0.595 
472    (0)   :  0.088 0.031 0.148 0.733 
473    (0)   :  0.045 0.049 0.184 0.721 
474    (0)   :  0.035 0.042 0.065 0.858 
475    (0)   :  0.062 0.058 0.267 0.613 
476    (0)   :  0.031 0.030 0.054 0.885 
477    (0)   :  0.081 0.046 0.178 0.695 
478    (0)   :  0.023 0.021 0.132 0.823 
479    (0)   :  0.020 0.021 0.057 0.902 
480    (0)   :  0.017 0.026 0.049 0.909 
481    (0)   :  0.045 0.028 0.319 0.608 
482    (0)   :  0.015 0.021 0.051 0.913 
483    (0)   :  0.039 0.030 0.068 0.862 
484    (0)   :  0.295 0.034 0.118 0.553 
485    (0)   :  0.062 0.023 0.056 0.859 
486    (0)   :  0.089 0.040 0.636 0.234 
487    (0)   :  0.057 0.123 0.530 0.291 
488    (0)   :  0.029 0.053 0.784 0.134 
489    (0)   :  0.175 0.212 0.396 0.217 
490    (0)   :  0.068 0.024 0.351 0.557 
491    (0)   :  0.039 0.082 0.788 0.091 
492    (0)   :  0.129 0.166 0.540 0.165 
493    (0)   :  0.031 0.049 0.770 0.150 
494    (0)   :  0.051 0.076 0.686 0.187 
495    (0)   :  0.053 0.089 0.663 0.196 
496    (0)   :  0.106 0.247 0.529 0.118 
497    (0)   :  0.017 0.071 0.815 0.097 
498    (0)   :  0.160 0.076 0.458 0.307 
499    (0)   :  0.044 0.219 0.613 0.124 
500    (0)   :  0.036 0.054 0.570 0.340 
501    (0)   :  0.037 0.126 0.582 0.255 
502    (0)   :  0.029 0.142 0.604 0.225 
503    (0)   :  0.030 0.035 0.232 0.703 
504    (0)   :  0.047 0.034 0.747 0.172 
505    (0)   :  0.163 0.074 0.636 0.128 
506    (0)   :  0.038 0.143 0.527 0.291 
507    (0)   :  0.064 0.728 0.150 0.058 
508    (0)   :  0.162 0.536 0.237 0.065 
509    (0)   :  0.076 0.137 0.686 0.101 
510    (0)   :  0.037 0.252 0.431 0.281 
511    (0)   :  0.063 0.047 0.174 0.715 
512    (0)   :  0.021 0.027 0.142 0.810 
513    (0)   :  0.044 0.036 0.867 0.054 
514    (0)   :  0.041 0.043 0.619 0.297 
515    (0)   :  0.090 0.135 0.206 0.568 
516    (0)   :  0.071 0.043 0.759 0.126 
517    (0)   :  0.304 0.117 0.233 0.347 
518    (0)   :  0.022 0.184 0.601 0.193 
519    (0)   :  0.046 0.050 0.529 0.374 
520    (0)   :  0.437 0.235 0.113 0.215 
521    (0)   :  0.052 0.300 0.508 0.140 
522    (0)   :  0.199 0.039 0.148 0.614 
523    (0)   :  0.568 0.117 0.199 0.116 
524    (0)   :  0.135 0.071 0.167 0.626 
525    (0)   :  0.084 0.228 0.350 0.338 
526    (0)   :  0.725 0.046 0.071 0.158 
527    (0)   :  0.021 0.041 0.479 0.458 
528    (0)   :  0.059 0.586 0.266 0.089 
529    (0)   :  0.025 0.071 0.811 0.093 
530    (0)   :  0.134 0.087 0.161 0.618 
531    (0)   :  0.107 0.431 0.150 0.312 
532    (0)   :  0.075 0.266 0.420 0.240 
533    (0)   :  0.099 0.063 0.393 0.445 
534    (0)   :  0.075 0.066 0.794 0.065 
535    (0)   :  0.545 0.050 0.158 0.247 
536    (0)   :  0.324 0.126 0.241 0.309 
537    (0)   :  0.589 0.180 0.140 0.092 
538    (0)   :  0.279 0.186 0.347 0.188 
539    (0)   :  0.062 0.761 0.106 0.071 
540    (0)   :  0.219 0.236 0.319 0.226 
541    (0)   :  0.092 0.541 0.184 0.183 
542    (0)   :  0.697 0.037 0.110 0.156 
543    (0)   :  0.403 0.143 0.321 0.133 
544    (0)   :  0.698 0.065 0.110 0.127 
545    (0)   :  0.788 0.024 0.072 0.116 
546    (0)   :  0.431 0.120 0.304 0.145 
547    (0)   :  0.805 0.055 0.072 0.068 
548    (0)   :  0.028 0.172 0.723 0.077 
549    (0)   :  0.519 0.269 0.072 0.139 
550    (0)   :  0.566 0.044 0.064 0.326 
551    (0)   :  0.136 0.585 0.148 0.131 
552    (0)   :  0.315 0.211 0.335 0.138 
553    (0)   :  0.718 0.113 0.113 0.056 
554    (0)   :  0.095 0.139 0.352 0.414 
555    (0)   :  0.299 0.345 0.254 0.103 
556    (0)   :  0.355 0.112 0.399 0.134 
557    (0)   :  0.628 0.051 0.095 0.227 
558    (0)   :  0.013 0.022 0.049 0.916 
559    (0)   :  0.036 0.034 0.734 0.196 
560    (0)   :  0.020 0.017 0.128 0.836 
561    (0)   :  0.046 0.023 0.235 0.696 
562    (0)   :  0.045 0.017 0.265 0.673 
563    (0)   :  0.101 0.120 0.425 0.353 
564    (0)   :  0.068 0.040 0.725 0.167 
565    (0)   :  0.019 0.026 0.065 0.890 
566    (0)   :  0.020 0.017 0.080 0.883 
567    (0)   :  0.032 0.027 0.759 0.182 
568    (0)   :  0.092 0.039 0.454 0.416 
569    (0)   :  0.129 0.041 0.186 0.644 
570    (0)   :  0.013 0.018 0.068 0.901 
571    (0)   :  0.025 0.030 0.300 0.646 
572    (0)   :  0.476 0.166 0.114 0.244 
573    (0)   :  0.065 0.042 0.532 0.362 
574    (0)   :  0.037 0.111 0.145 0.707 
575    (0)   :  0.062 0.070 0.487 0.381 
576    (0)   :  0.016 0.018 0.148 0.819 
577    (0)   :  0.030 0.093 0.192 0.685 
578    (0)   :  0.030 0.032 0.295 0.642 
579    (0)   :  0.030 0.028 0.260 0.682 
580    (0)   :  0.021 0.049 0.132 0.798 
581    (0)   :  0.021 0.036 0.113 0.829 
582    (0)   :  0.028 0.021 0.068 0.884 
583    (0)   :  0.020 0.030 0.406 0.543 
584    (0)   :  0.018 0.021 0.194 0.767 
585    (0)   :  0.022 0.025 0.193 0.760 
586    (0)   :  0.032 0.039 0.247 0.681 
587    (0)   :  0.040 0.020 0.226 0.714 
588    (0)   :  0.128 0.027 0.790 0.055 
589    (0)   :  0.060 0.023 0.089 0.828 
590    (0)   :  0.026 0.026 0.605 0.344 
591    (0)   :  0.023 0.031 0.504 0.442 
592    (0)   :  0.133 0.026 0.366 0.476 
593    (0)   :  0.044 0.052 0.297 0.607 
594    (0)   :  0.021 0.045 0.798 0.136 
595    (0)   :  0.016 0.021 0.308 0.656 
596    (0)   :  0.180 0.052 0.340 0.428 
597    (0)   :  0.097 0.166 0.320 0.417 
598    (0)   :  0.013 0.020 0.054 0.912 
599    (0)   :  0.062 0.020 0.250 0.668 
600    (0)   :  0.041 0.061 0.140 0.759 
601    (0)   :  0.033 0.020 0.099 0.848 
602    (0)   :  0.024 0.077 0.736 0.163 
603    (0)   :  0.028 0.075 0.739 0.159 
604    (0)   :  0.048 0.065 0.337 0.550 
605    (0)   :  0.058 0.037 0.417 0.488 
606    (0)   :  0.059 0.095 0.618 0.228 
607    (0)   :  0.020 0.225 0.358 0.396 
608    (0)   :  0.029 0.439 0.137 0.395 
609    (0)   :  0.043 0.050 0.134 0.773 
610    (0)   :  0.119 0.039 0.140 0.702 
611    (0)   :  0.059 0.079 0.651 0.211 
612    (0)   :  0.035 0.030 0.066 0.869 
613    (0)   :  0.058 0.050 0.256 0.636 
614    (0)   :  0.025 0.030 0.115 0.830 
615    (0)   :  0.041 0.064 0.131 0.765 
616    (0)   :  0.020 0.140 0.458 0.382 
617    (0)   :  0.043 0.031 0.230 0.697 
618    (0)   :  0.087 0.150 0.198 0.566 
619    (0)   :  0.124 0.118 0.346 0.411 
620    (0)   :  0.104 0.019 0.477 0.400 
621    (0)   :  0.015 0.028 0.198 0.758 
622    (0)   :  0.104 0.114 0.271 0.510 
623    (0)   :  0.039 0.033 0.421 0.507 
624    (0)   :  0.029 0.117 0.087 0.767 
625    (0)   :  0.021 0.120 0.226 0.633 
626    (0)   :  0.224 0.425 0.105 0.245 
627    (0)   :  0.042 0.047 0.342 0.569 
628    (0)   :  0.035 0.050 0.481 0.434 
629    (0)   :  0.027 0.052 0.474 0.447 
630    (0)   :  0.040 0.045 0.141 0.773 
631    (0)   :  0.020 0.049 0.188 0.743 
632    (0)   :  0.093 0.179 0.564 0.164 
633    (0)   :  0.026 0.097 0.174 0.703 
634    (0)   :  0.073 0.163 0.341 0.424 
635    (0)   :  0.031 0.490 0.256 0.224 
636    (0)   :  0.034 0.212 0.143 0.611 
637    (0)   :  0.341 0.074 0.341 0.245 
638    (0)   :  0.023 0.074 0.556 0.347 
639    (0)   :  0.030 0.082 0.264 0.624 
640    (0)   :  0.016 0.040 0.262 0.682 
641    (0)   :  0.023 0.051 0.587 0.340 
642    (0)   :  0.108 0.497 0.242 0.153 
643    (0)   :  0.028 0.785 0.100 0.087 
644    (0)   :  0.033 0.583 0.225 0.160 
645    (0)   :  0.066 0.586 0.100 0.249 
646    (0)   :  0.121 0.089 0.585 0.204 
647    (0)   :  0.114 0.225 0.538 0.124 
648    (0)   :  0.090 0.244 0.508 0.158 
649    (0)   :  0.169 0.108 0.649 0.075 
650    (0)   :  0.077 0.104 0.700 0.120 
651    (0)   :  0.018 0.335 0.543 0.104 
652    (0)   :  0.037 0.542 0.294 0.126 
653    (0)   :  0.080 0.244 0.549 0.128 
654    (0)   :  0.213 0.457 0.217 0.114 
655    (0)   :  0.042 0.507 0.244 0.207 
656    (0)   :  0.114 0.174 0.562 0.150 
657    (0)   :  0.031 0.137 0.470 0.362 
658    (0)   :  0.131 0.174 0.411 0.285 
659    (0)   :  0.111 0.496 0.231 0.162 
660    (0)   :  0.055 0.570 0.297 0.078 
661    (0)   :  0.171 0.579 0.123 0.127 
662    (0)   :  0.265 0.063 0.609 0.063 
663    (0)   :  0.036 0.473 0.359 0.132 
664    (0)   :  0.101 0.207 0.269 0.423 
665    (0)   :  0.192 0.088 0.635 0.085 
666    (0)   :  0.113 0.462 0.296 0.129 
667    (0)   :  0.042 0.055 0.743 0.161 
668    (0)   :  0.093 0.448 0.219 0.240 
669    (0)   :  0.041 0.134 0.751 0.073 
670    (0)   :  0.022 0.839 0.090 0.049 
671    (0)   :  0.042 0.657 0.229 0.072 
672    (0)   :  0.069 0.686 0.102 0.143 
673    (0)   :  0.012 0.889 0.050 0.048 
674    (0)   :  0.031 0.768 0.108 0.093 
675    (0)   :  0.018 0.794 0.126 0.062 
676    (0)   :  0.014 0.891 0.049 0.047 
677    (0)   :  0.103 0.776 0.076 0.044 
678    (0)   :  0.012 0.879 0.061 0.049 
679    (0)   :  0.013 0.806 0.090 0.090 
680    (0)   :  0.024 0.822 0.077 0.076 
681    (0)   :  0.336 0.279 0.156 0.229 
682    (0)   :  0.025 0.840 0.059 0.076 
683    (0)   :  0.025 0.857 0.070 0.047 
684    (0)   :  0.014 0.877 0.062 0.048 
685    (0)   :  0.015 0.894 0.047 0.043 
686    (0)   :  0.140 0.696 0.091 0.074 
687    (0)   :  0.059 0.673 0.200 0.067 
688    (0)   :  0.020 0.818 0.096 0.066 
689    (0)   :  0.014 0.893 0.049 0.044 
690    (0)   :  0.015 0.890 0.049 0.047 
691    (0)   :  0.023 0.815 0.081 0.081 
692    (0)   :  0.015 0.819 0.094 0.072 
693    (0)   :  0.021 0.820 0.077 0.082 
694    (0)   :  0.016 0.898 0.046 0.040 
695    (0)   :  0.042 0.849 0.047 0.063 
696    (0)   :  0.021 0.815 0.098 0.066 
697    (0)   :  0.017 0.881 0.054 0.048 
698    (0)   :  0.015 0.883 0.055 0.047 
699    (0)   :  0.148 0.740 0.055 0.057 
700    (0)   :  0.107 0.743 0.055 0.095 
701    (0)   :  0.033 0.731 0.153 0.083 
702    (0)   :  0.069 0.703 0.115 0.113 
703    (0)   :  0.030 0.828 0.065 0.077 
704    (0)   :  0.030 0.826 0.083 0.061 
705    (0)   :  0.349 0.378 0.163 0.110 
706    (0)   :  0.040 0.837 0.056 0.067 
707    (0)   :  0.023 0.872 0.057 0.048 
708    (0)   :  0.018 0.868 0.067 0.047 
709    (0)   :  0.061 0.842 0.046 0.051 
710    (0)   :  0.019 0.896 0.043 0.042 
711    (0)   :  0.069 0.795 0.068 0.068 
712    (0)   :  0.072 0.826 0.061 0.041 
713    (0)   :  0.025 0.823 0.093 0.060 
714    (0)   :  0.019 0.745 0.144 0.092 
715    (0)   :  0.038 0.874 0.046 0.042 
716    (0)   :  0.038 0.849 0.047 0.065 
717    (0)   :  0.022 0.891 0.043 0.043 
718    (0)   :  0.049 0.764 0.114 0.073 
719    (0)   :  0.035 0.871 0.053 0.041 
720    (0)   :  0.021 0.033 0.306 0.640 
721    (0)   :  0.033 0.612 0.089 0.267 
722    (0)   :  0.044 0.063 0.139 0.753 
723    (0)   :  0.017 0.056 0.157 0.771 
724    (0)   :  0.025 0.176 0.092 0.707 
725    (0)   :  0.034 0.178 0.534 0.254 
726    (0)   :  0.060 0.106 0.166 0.669 
727    (0)   :  0.265 0.208 0.221 0.305 
728    (0)   :  0.018 0.019 0.051 0.912 
729    (0)   :  0.015 0.020 0.060 0.905 
730    (0)   :  0.016 0.034 0.236 0.714 
731    (0)   :  0.022 0.045 0.084 0.848 
732    (0)   :  0.017 0.054 0.155 0.774 
733    (0)   :  0.013 0.029 0.083 0.875 
734    (0)   :  0.014 0.019 0.074 0.893 
735    (0)   :  0.012 0.039 0.069 0.881 
736    (0)   :  0.019 0.038 0.107 0.836 
737    (0)   :  0.040 0.040 0.210 0.709 
738    (0)   :  0.017 0.033 0.209 0.741 
739    (0)   :  0.014 0.026 0.075 0.886 
740    (0)   :  0.022 0.571 0.343 0.064 
741    (0)   :  0.045 0.445 0.379 0.131 
742    (0)   :  0.019 0.147 0.400 0.434 
743    (0)   :  0.016 0.049 0.783 0.152 
744    (0)   :  0.135 0.055 0.714 0.096 
745    (0)   :  0.046 0.027 0.655 0.271 
746    (0)   :  0.024 0.132 0.650 0.194 
747    (0)   :  0.024 0.042 0.772 0.162 
748    (0)   :  0.017 0.299 0.570 0.114 
749    (0)   :  0.034 0.069 0.793 0.104 
750    (0)   :  0.018 0.052 0.822 0.108 
751    (0)   :  0.017 0.395 0.460 0.129 
752    (0)   :  0.022 0.055 0.749 0.174 
753    (0)   :  0.027 0.142 0.608 0.223 
754    (0)   :  0.036 0.378 0.376 0.211 
755    (0)   :  0.014 0.083 0.776 0.127 
756    (0)   :  0.018 0.116 0.774 0.093 
757    (0)   :  0.018 0.073 0.776 0.133 
758    (0)   :  0.020 0.023 0.853 0.104 
759    (0)   :  0.059 0.504 0.199 0.238 
760    (0)   :  0.017 0.068 0.705 0.210 
761    (0)   :  0.023 0.280 0.252 0.445 
762    (0)   :  0.012 0.036 0.482 0.469 
763    (0)   :  0.027 0.142 0.608 0.224 
764    (0)   :  0.014 0.043 0.817 0.126 
765    (0)   :  0.015 0.041 0.586 0.359 
766    (0)   :  0.013 0.266 0.580 0.141 
767    (0)   :  0.028 0.161 0.572 0.240 
768    (0)   :  0.012 0.035 0.486 0.467 
769    (0)   :  0.026 0.208 0.279 0.487 
770    (0)   :  0.015 0.036 0.405 0.544 
771    (0)   :  0.200 0.092 0.636 0.072 
772    (0)   :  0.079 0.264 0.432 0.225 
773    (0)   :  0.013 0.041 0.858 0.088 
774    (0)   :  0.022 0.392 0.438 0.148 
775    (0)   :  0.017 0.081 0.172 0.730 
776    (0)   :  0.019 0.035 0.768 0.178 
777    (0)   :  0.072 0.082 0.627 0.218 
778    (0)   :  0.045 0.122 0.706 0.127 
779    (0)   :  0.014 0.054 0.848 0.084 
780    (0)   :  0.015 0.240 0.635 0.111 
781    (0)   :  0.057 0.115 0.761 0.067 
782    (0)   :  0.014 0.053 0.849 0.084 
783    (0)   :  0.016 0.214 0.551 0.219 
784    (0)   :  0.023 0.057 0.463 0.457 
785    (0)   :  0.022 0.099 0.723 0.156 
786    (0)   :  0.019 0.416 0.391 0.174 
787    (0)   :  0.037 0.213 0.683 0.068 
788    (0)   :  0.037 0.060 0.665 0.238 
789    (0)   :  0.020 0.068 0.384 0.528 
790    (0)   :  0.016 0.158 0.639 0.187 
791    (0)   :  0.022 0.094 0.656 0.228 
792    (0)   :  0.055 0.354 0.519 0.073 
793    (0)   :  0.147 0.366 0.273 0.214 
794    (0)   :  0.063 0.118 0.446 0.374 
795    (0)   :  0.043 0.511 0.235 0.211 
796    (0)   :  0.075 0.138 0.537 0.250 
797    (0)   :  0.055 0.639 0.187 0.118 
798    (0)   :  0.133 0.022 0.076 0.770 
799    (0)   :  0.055 0.058 0.380 0.507 
800    (0)   :  0.278 0.411 0.238 0.072 
801    (0)   :  0.154 0.043 0.088 0.715 
802    (0)   :  0.310 0.176 0.120 0.394 
803    (0)   :  0.142 0.337 0.310 0.211 
804    (0)   :  0.288 0.091 0.361 0.260 
805    (0)   :  0.036 0.799 0.087 0.078 
806    (0)   :  0.551 0.060 0.126 0.263 
807    (0)   :  0.065 0.748 0.106 0.080 
808    (0)   :  0.206 0.410 0.274 0.109 
809    (0)   :  0.740 0.034 0.078 0.148 
810    (0)   :  0.046 0.155 0.336 0.463 
811    (0)   :  0.415 0.315 0.142 0.128 
812    (0)   :  0.829 0.021 0.069 0.081 
813    (0)   :  0.118 0.026 0.076 0.780 
814    (0)   :  0.405 0.038 0.428 0.129 
815    (0)   :  0.706 0.076 0.066 0.152 
816    (0)   :  0.303 0.246 0.124 0.326 
817    (0)   :  0.304 0.183 0.118 0.395 
818    (0)   :  0.074 0.067 0.329 0.530 
819    (0)   :  0.027 0.073 0.831 0.070 
820    (0)   :  0.063 0.104 0.683 0.150 
821    (0)   :  0.014 0.060 0.691 0.236 
822    (0)   :  0.025 0.021 0.540 0.414 
823    (0)   :  0.019 0.202 0.295 0.484 
824    (0)   :  0.018 0.103 0.673 0.206 
825    (0)   :  0.029 0.039 0.438 0.494 
826    (0)   :  0.019 0.028 0.749 0.205 
827    (0)   :  0.016 0.041 0.224 0.719 
828    (0)   :  0.016 0.074 0.275 0.635 
829    (0)   :  0.050 0.077 0.201 0.673 
830    (0)   :  0.013 0.027 0.266 0.694 
831    (0)   :  0.028 0.095 0.553 0.324 
832    (0)   :  0.204 0.104 0.244 0.447 
833    (0)   :  0.113 0.156 0.129 0.603 
834    (0)   :  0.031 0.101 0.357 0.511 
835    (0)   :  0.046 0.028 0.641 0.284 
836    (0)   :  0.134 0.051 0.655 0.160 
837    (0)   :  0.039 0.209 0.228 0.524 
838    (0)   :  0.114 0.026 0.733 0.126 
839    (0)   :  0.015 0.047 0.542 0.396 
840    (0)   :  0.092 0.105 0.681 0.122 
841    (0)   :  0.052 0.064 0.775 0.108 
842    (0)   :  0.015 0.022 0.672 0.291 
843    (0)   :  0.074 0.175 0.653 0.098 
844    (0)   :  0.058 0.098 0.593 0.252 
845    (0)   :  0.014 0.028 0.704 0.253 
846    (0)   :  0.023 0.062 0.787 0.127 
847    (0)   :  0.013 0.082 0.840 0.065 
848    (0)   :  0.024 0.044 0.843 0.089 
849    (0)   :  0.019 0.042 0.636 0.303 
850    (0)   :  0.022 0.043 0.330 0.605 
851    (0)   :  0.017 0.032 0.779 0.172 
852    (0)   :  0.015 0.498 0.205 0.282 
853    (0)   :  0.044 0.035 0.504 0.418 
854    (0)   :  0.018 0.204 0.362 0.415 
855    (0)   :  0.019 0.053 0.760 0.168 
856    (0)   :  0.019 0.078 0.727 0.177 
857    (0)   :  0.062 0.038 0.792 0.109 
858    (0)   :  0.018 0.030 0.772 0.180 
859    (0)   :  0.016 0.035 0.231 0.718 
860    (0)   :  0.030 0.030 0.723 0.217 
861    (0)   :  0.067 0.288 0.558 0.087 
862    (0)   :  0.033 0.028 0.054 0.885 
863    (0)   :  0.030 0.076 0.082 0.812 
864    (0)   :  0.015 0.054 0.052 0.879 
865    (0)   :  0.020 0.018 0.061 0.901 
866    (0)   :  0.019 0.031 0.203 0.748 
867    (0)   :  0.029 0.046 0.067 0.859 
868    (0)   :  0.034 0.034 0.136 0.796 
869    (0)   :  0.016 0.033 0.168 0.782 
870    (0)   :  0.084 0.023 0.156 0.737 
871    (0)   :  0.025 0.022 0.086 0.867 
872    (0)   :  0.013 0.031 0.071 0.884 
873    (0)   :  0.020 0.037 0.061 0.882 
874    (0)   :  0.028 0.021 0.057 0.894 
875    (0)   :  0.047 0.036 0.188 0.729 
876    (0)   :  0.063 0.028 0.343 0.566 
877    (0)   :  0.018 0.032 0.047 0.903 
878    (0)   :  0.034 0.051 0.245 0.671 
879    (0)   :  0.014 0.046 0.067 0.872 
880    (0)   :  0.082 0.028 0.135 0.755 
881    (0)   :  0.019 0.041 0.079 0.861 
882    (0)   :  0.012 0.039 0.068 0.881 
883    (0)   :  0.048 0.037 0.668 0.247 
884    (0)   :  0.016 0.018 0.061 0.905 
885    (0)   :  0.125 0.056 0.149 0.670 
886    (0)   :  0.019 0.053 0.138 0.790 
887    (0)   :  0.016 0.021 0.066 0.897 
888    (0)   :  0.105 0.087 0.273 0.534 
889    (0)   :  0.022 0.017 0.051 0.910 
890    (0)   :  0.030 0.019 0.107 0.845 
891    (0)   :  0.040 0.032 0.594 0.334 
892    (0)   :  0.035 0.035 0.674 0.257 
893    (0)   :  0.251 0.053 0.357 0.339 
894    (0)   :  0.016 0.021 0.183 0.779 
895    (0)   :  0.020 0.023 0.086 0.871 
896    (0)   :  0.047 0.051 0.755 0.147 
897    (0)   :  0.021 0.029 0.826 0.124 
898    (0)   :  0.044 0.071 0.262 0.623 
899    (0)   :  0.016 0.017 0.225 0.742 
900    (0)   :  0.041 0.028 0.569 0.361 
901    (0)   :  0.022 0.029 0.580 0.369 
902    (0)   :  0.119 0.040 0.659 0.182 
903    (0)   :  0.027 0.028 0.132 0.813 
904    (0)   :  0.035 0.061 0.319 0.584 
905    (0)   :  0.014 0.021 0.097 0.868 
906    (0)   :  0.080 0.041 0.386 0.493 
907    (0)   :  0.023 0.047 0.287 0.644 
908    (0)   :  0.016 0.037 0.317 0.629 
909    (0)   :  0.115 0.043 0.223 0.620 
910    (0)   :  0.090 0.041 0.514 0.355 
911    (0)   :  0.018 0.018 0.071 0.893 
912    (0)   :  0.023 0.022 0.195 0.759 
913    (0)   :  0.038 0.020 0.149 0.792 
914    (0)   :  0.026 0.134 0.436 0.404 
915    (0)   :  0.028 0.017 0.178 0.777 
916    (0)   :  0.022 0.027 0.527 0.424 
917    (0)   :  0.038 0.025 0.403 0.533 
918    (0)   :  0.039 0.103 0.198 0.660 
919    (0)   :  0.021 0.053 0.116 0.810 
920    (0)   :  0.021 0.041 0.248 0.690 
921    (0)   :  0.310 0.206 0.335 0.149 
922    (0)   :  0.416 0.039 0.401 0.144 
923    (0)   :  0.062 0.050 0.814 0.074 
924    (0)   :  0.227 0.034 0.639 0.100 
925    (0)   :  0.202 0.058 0.601 0.140 
926    (0)   :  0.805 0.043 0.096 0.056 
927    (0)   :  0.758 0.064 0.101 0.077 
928    (0)   :  0.186 0.190 0.568 0.057 
929    (0)   :  0.501 0.032 0.401 0.066 
930    (0)   :  0.406 0.065 0.409 0.120 
931    (0)   :  0.845 0.047 0.044 0.064 
932    (0)   :  0.828 0.023 0.085 0.063 
933    (0)   :  0.264 0.413 0.246 0.077 
