

----------------------------------------------------
STRUCTURE by Pritchard, Stephens and Donnelly (2000)
     and Falush, Stephens and Pritchard (2003)
       Code by Pritchard, Falush and Hubisz
             Version 2.3.4 (Jul 2012)
----------------------------------------------------



Command line arguments:   ./structure -K 10 -D 110012 -m brooktrout/mainparams -e brooktrout/extraparams -o brooktrout/250914_output/results_K10_rep12 
Input File:    brooktrout/brooktrout.txt

Run parameters:
   8454 individuals
   5 loci
   10 populations assumed
   50000 Burn-in period
   100000 Reps
RANDOMIZE turned off


--------------------------------------------
Overall proportion of membership of the
sample in each of the 10 clusters

Inferred Clusters
  1      2      3      4      5      6      7      8      9     10    
0.008  0.008  0.036  0.063  0.120  0.121  0.130  0.164  0.174  0.176  

--------------------------------------------

Allele-freq. divergence among pops (Net nucleotide distance),
computed using point estimates of P.

      1       2       3       4       5       6       7       8       9      10      
 1      -    0.0731  0.1206  0.1282  0.1206  0.1271  0.1133  0.1207  0.1268  0.1129  
 2   0.0731     -    0.0478  0.1380  0.0989  0.1300  0.1056  0.1170  0.0895  0.0876  
 3   0.1206  0.0478     -    0.2033  0.1031  0.1741  0.1752  0.1884  0.1277  0.0570  
 4   0.1282  0.1380  0.2033     -    0.1781  0.1132  0.1307  0.1153  0.1368  0.1551  
 5   0.1206  0.0989  0.1031  0.1781     -    0.1311  0.1444  0.1646  0.0570  0.0426  
 6   0.1271  0.1300  0.1741  0.1132  0.1311     -    0.1279  0.1004  0.1511  0.1516  
 7   0.1133  0.1056  0.1752  0.1307  0.1444  0.1279     -    0.1012  0.1148  0.1405  
 8   0.1207  0.1170  0.1884  0.1153  0.1646  0.1004  0.1012     -    0.1226  0.1543  
 9   0.1268  0.0895  0.1277  0.1368  0.0570  0.1511  0.1148  0.1226     -    0.0543  
10   0.1129  0.0876  0.0570  0.1551  0.0426  0.1516  0.1405  0.1543  0.0543     -    

Average distances (expected heterozygosity) between individuals in same cluster:
cluster  1  : 0.8186 
cluster  2  : 0.8937 
cluster  3  : 0.7636 
cluster  4  : 0.6986 
cluster  5  : 0.7571 
cluster  6  : 0.6973 
cluster  7  : 0.7668 
cluster  8  : 0.7376 
cluster  9  : 0.7847 
cluster 10  : 0.7505 

--------------------------------------------
Estimated Ln Prob of Data   = -209873.0
Mean value of ln likelihood = -172389.4
Variance of ln likelihood   = 74967.3

Mean value of alpha_1       = 0.0468
Mean value of alpha_2       = 0.0473
Mean value of alpha_3       = 0.1929
Mean value of alpha_4       = 0.3389
Mean value of alpha_5       = 0.6553
Mean value of alpha_6       = 0.6676
Mean value of alpha_7       = 0.7250
Mean value of alpha_8       = 0.8929
Mean value of alpha_9       = 0.9715
Mean value of alpha_10       = 0.9566
Allele frequencies uncorrelated


Inferred ancestry of individuals:
     (%Miss) :  Inferred clusters
  1    (0)   :  0.006 0.008 0.032 0.049 0.174 0.187 0.135 0.105 0.151 0.152 
  2    (0)   :  0.004 0.004 0.016 0.053 0.067 0.066 0.150 0.118 0.287 0.235 
  3    (0)   :  0.007 0.005 0.019 0.168 0.144 0.137 0.067 0.131 0.173 0.151 
  4    (0)   :  0.012 0.016 0.093 0.056 0.138 0.086 0.079 0.112 0.144 0.264 
  5    (0)   :  0.005 0.006 0.021 0.061 0.065 0.073 0.252 0.130 0.217 0.169 
  6    (0)   :  0.006 0.004 0.029 0.249 0.065 0.116 0.088 0.169 0.133 0.140 
  7    (0)   :  0.006 0.005 0.018 0.055 0.070 0.131 0.176 0.339 0.098 0.102 
  8    (0)   :  0.017 0.058 0.094 0.096 0.115 0.089 0.089 0.150 0.125 0.166 
  9    (0)   :  0.007 0.010 0.019 0.107 0.108 0.112 0.119 0.122 0.204 0.192 
 10    (0)   :  0.007 0.043 0.093 0.073 0.080 0.104 0.154 0.180 0.119 0.147 
 11    (0)   :  0.005 0.004 0.017 0.048 0.076 0.200 0.237 0.215 0.098 0.100 
 12    (0)   :  0.005 0.004 0.024 0.074 0.082 0.072 0.178 0.136 0.219 0.205 
 13    (0)   :  0.006 0.005 0.019 0.070 0.107 0.109 0.136 0.194 0.177 0.177 
 14    (0)   :  0.004 0.008 0.035 0.068 0.112 0.112 0.087 0.093 0.286 0.194 
 15    (0)   :  0.006 0.005 0.032 0.059 0.115 0.128 0.113 0.138 0.173 0.231 
 16    (0)   :  0.005 0.004 0.018 0.072 0.109 0.187 0.193 0.160 0.131 0.121 
 17    (0)   :  0.009 0.006 0.022 0.129 0.100 0.091 0.156 0.136 0.180 0.170 
 18    (0)   :  0.009 0.006 0.026 0.094 0.088 0.168 0.078 0.097 0.206 0.229 
 19    (0)   :  0.005 0.004 0.019 0.172 0.081 0.095 0.144 0.170 0.148 0.162 
 20    (0)   :  0.005 0.004 0.023 0.076 0.085 0.108 0.182 0.191 0.162 0.162 
 21    (0)   :  0.005 0.006 0.035 0.042 0.123 0.115 0.109 0.105 0.239 0.220 
 22    (0)   :  0.008 0.004 0.019 0.210 0.115 0.126 0.092 0.122 0.146 0.157 
 23    (0)   :  0.008 0.011 0.029 0.065 0.179 0.089 0.091 0.103 0.228 0.198 
 24    (0)   :  0.005 0.004 0.022 0.051 0.164 0.161 0.128 0.130 0.145 0.190 
 25    (0)   :  0.006 0.005 0.018 0.119 0.064 0.126 0.184 0.193 0.156 0.129 
 26    (0)   :  0.007 0.005 0.028 0.073 0.107 0.121 0.156 0.130 0.168 0.205 
 27    (0)   :  0.006 0.005 0.023 0.067 0.110 0.130 0.198 0.128 0.183 0.150 
 28    (0)   :  0.005 0.012 0.116 0.049 0.091 0.134 0.079 0.160 0.144 0.210 
 29    (0)   :  0.004 0.004 0.015 0.051 0.103 0.083 0.204 0.194 0.192 0.149 
 30    (0)   :  0.005 0.004 0.016 0.159 0.114 0.165 0.110 0.109 0.176 0.142 
 31    (0)   :  0.011 0.054 0.079 0.063 0.096 0.081 0.141 0.155 0.186 0.133 
 32    (0)   :  0.005 0.007 0.032 0.146 0.109 0.087 0.087 0.116 0.192 0.220 
 33    (0)   :  0.005 0.004 0.017 0.096 0.153 0.144 0.083 0.184 0.163 0.150 
 34    (0)   :  0.006 0.048 0.084 0.101 0.065 0.087 0.190 0.231 0.090 0.098 
 35    (0)   :  0.011 0.005 0.014 0.118 0.136 0.085 0.177 0.102 0.242 0.111 
 36    (0)   :  0.005 0.005 0.018 0.037 0.185 0.232 0.074 0.100 0.244 0.101 
 37    (0)   :  0.007 0.004 0.021 0.061 0.148 0.080 0.083 0.133 0.247 0.215 
 38    (0)   :  0.006 0.005 0.014 0.062 0.095 0.277 0.150 0.159 0.143 0.089 
 39    (0)   :  0.008 0.005 0.020 0.065 0.109 0.164 0.148 0.173 0.190 0.118 
 40    (0)   :  0.004 0.004 0.018 0.057 0.242 0.091 0.097 0.086 0.282 0.118 
 41    (0)   :  0.007 0.007 0.017 0.065 0.210 0.131 0.119 0.147 0.219 0.078 
 42    (0)   :  0.005 0.005 0.020 0.027 0.279 0.188 0.089 0.088 0.151 0.149 
 43    (0)   :  0.008 0.006 0.024 0.051 0.215 0.064 0.085 0.131 0.281 0.136 
 44    (0)   :  0.007 0.005 0.014 0.115 0.202 0.069 0.078 0.110 0.308 0.094 
 45    (0)   :  0.005 0.005 0.014 0.030 0.132 0.175 0.151 0.110 0.261 0.116 
 46    (0)   :  0.010 0.005 0.020 0.158 0.101 0.100 0.129 0.152 0.207 0.117 
 47    (0)   :  0.017 0.008 0.025 0.141 0.116 0.089 0.135 0.113 0.187 0.169 
 48    (0)   :  0.008 0.005 0.014 0.123 0.205 0.066 0.083 0.089 0.315 0.092 
 49    (0)   :  0.009 0.005 0.018 0.063 0.144 0.147 0.181 0.101 0.213 0.120 
 50    (0)   :  0.010 0.019 0.054 0.162 0.081 0.104 0.112 0.206 0.150 0.103 
 51    (0)   :  0.004 0.005 0.016 0.029 0.253 0.154 0.069 0.085 0.302 0.082 
 52    (0)   :  0.009 0.005 0.020 0.063 0.127 0.150 0.167 0.177 0.171 0.112 
 53    (0)   :  0.007 0.009 0.031 0.095 0.116 0.253 0.074 0.164 0.149 0.103 
 54    (0)   :  0.008 0.005 0.019 0.053 0.135 0.055 0.136 0.109 0.289 0.191 
 55    (0)   :  0.006 0.004 0.016 0.052 0.178 0.060 0.093 0.111 0.356 0.125 
 56    (0)   :  0.006 0.004 0.017 0.110 0.162 0.117 0.119 0.088 0.255 0.122 
 57    (0)   :  0.014 0.008 0.046 0.088 0.114 0.095 0.180 0.130 0.115 0.210 
 58    (0)   :  0.005 0.005 0.016 0.031 0.179 0.101 0.164 0.107 0.274 0.117 
 59    (0)   :  0.005 0.005 0.017 0.039 0.142 0.187 0.208 0.102 0.189 0.107 
 60    (0)   :  0.004 0.006 0.033 0.035 0.215 0.103 0.069 0.104 0.299 0.130 
 61    (0)   :  0.004 0.005 0.021 0.026 0.174 0.054 0.079 0.091 0.351 0.194 
 62    (0)   :  0.009 0.006 0.025 0.074 0.083 0.108 0.276 0.120 0.153 0.145 
 63    (0)   :  0.004 0.004 0.019 0.040 0.166 0.103 0.085 0.192 0.232 0.155 
 64    (0)   :  0.007 0.004 0.016 0.121 0.082 0.167 0.201 0.115 0.169 0.119 
 65    (0)   :  0.006 0.005 0.016 0.062 0.068 0.075 0.168 0.284 0.188 0.129 
 66    (0)   :  0.005 0.007 0.036 0.038 0.117 0.077 0.105 0.151 0.239 0.225 
 67    (0)   :  0.005 0.005 0.015 0.046 0.154 0.054 0.089 0.119 0.359 0.153 
 68    (0)   :  0.006 0.005 0.020 0.034 0.155 0.203 0.159 0.102 0.197 0.119 
 69    (0)   :  0.006 0.086 0.152 0.060 0.071 0.183 0.152 0.089 0.107 0.093 
 70    (0)   :  0.004 0.007 0.023 0.037 0.196 0.135 0.079 0.188 0.220 0.110 
 71    (0)   :  0.006 0.006 0.017 0.040 0.132 0.172 0.182 0.112 0.241 0.093 
 72    (0)   :  0.006 0.005 0.018 0.093 0.132 0.229 0.093 0.118 0.206 0.099 
 73    (0)   :  0.005 0.006 0.020 0.034 0.130 0.073 0.193 0.117 0.293 0.129 
 74    (0)   :  0.004 0.004 0.017 0.038 0.204 0.222 0.072 0.092 0.224 0.121 
 75    (0)   :  0.005 0.007 0.022 0.032 0.201 0.183 0.083 0.076 0.248 0.142 
 76    (0)   :  0.005 0.004 0.016 0.049 0.149 0.073 0.072 0.231 0.276 0.124 
 77    (0)   :  0.005 0.005 0.013 0.035 0.155 0.181 0.152 0.170 0.192 0.092 
 78    (0)   :  0.006 0.006 0.014 0.054 0.155 0.228 0.141 0.147 0.163 0.087 
 79    (0)   :  0.005 0.005 0.019 0.047 0.075 0.146 0.122 0.264 0.154 0.165 
 80    (0)   :  0.005 0.005 0.028 0.032 0.197 0.075 0.067 0.151 0.137 0.303 
 81    (0)   :  0.005 0.005 0.031 0.033 0.142 0.092 0.067 0.199 0.137 0.288 
 82    (0)   :  0.005 0.004 0.021 0.039 0.139 0.089 0.149 0.141 0.240 0.173 
 83    (0)   :  0.004 0.005 0.030 0.045 0.111 0.123 0.062 0.210 0.168 0.242 
 84    (0)   :  0.004 0.004 0.029 0.038 0.106 0.121 0.081 0.250 0.140 0.227 
 85    (0)   :  0.005 0.005 0.030 0.057 0.124 0.165 0.079 0.134 0.155 0.247 
 86    (0)   :  0.006 0.005 0.020 0.063 0.103 0.070 0.178 0.132 0.280 0.144 
 87    (0)   :  0.005 0.007 0.030 0.040 0.090 0.133 0.087 0.305 0.155 0.148 
 88    (0)   :  0.005 0.004 0.024 0.033 0.145 0.096 0.096 0.186 0.173 0.238 
 89    (0)   :  0.005 0.008 0.041 0.031 0.128 0.091 0.080 0.150 0.182 0.284 
 90    (0)   :  0.005 0.004 0.021 0.033 0.079 0.102 0.103 0.312 0.162 0.179 
 91    (0)   :  0.005 0.005 0.029 0.044 0.178 0.131 0.064 0.125 0.139 0.281 
 92    (0)   :  0.005 0.004 0.021 0.041 0.095 0.117 0.122 0.198 0.190 0.206 
 93    (0)   :  0.005 0.015 0.090 0.031 0.203 0.076 0.080 0.092 0.128 0.279 
 94    (0)   :  0.004 0.005 0.021 0.036 0.080 0.182 0.061 0.395 0.109 0.108 
 95    (0)   :  0.004 0.005 0.024 0.028 0.120 0.084 0.082 0.297 0.150 0.206 
 96    (0)   :  0.004 0.004 0.024 0.027 0.218 0.061 0.078 0.098 0.293 0.191 
 97    (0)   :  0.005 0.004 0.018 0.033 0.156 0.214 0.088 0.082 0.234 0.166 
 98    (0)   :  0.004 0.004 0.015 0.047 0.178 0.092 0.121 0.120 0.261 0.158 
 99    (0)   :  0.005 0.005 0.028 0.034 0.099 0.108 0.083 0.256 0.150 0.232 
100    (0)   :  0.005 0.004 0.026 0.030 0.185 0.057 0.073 0.084 0.197 0.338 
101    (0)   :  0.006 0.016 0.064 0.040 0.104 0.126 0.092 0.191 0.183 0.176 
102    (0)   :  0.006 0.006 0.030 0.037 0.194 0.105 0.110 0.150 0.154 0.209 
103    (0)   :  0.005 0.013 0.053 0.036 0.072 0.064 0.077 0.172 0.253 0.255 
104    (0)   :  0.005 0.007 0.050 0.036 0.053 0.064 0.109 0.404 0.137 0.134 
105    (0)   :  0.006 0.015 0.082 0.032 0.065 0.060 0.183 0.204 0.176 0.177 
106    (0)   :  0.004 0.004 0.014 0.043 0.059 0.120 0.108 0.435 0.125 0.087 
107    (0)   :  0.005 0.015 0.039 0.041 0.079 0.064 0.098 0.252 0.203 0.203 
108    (0)   :  0.004 0.005 0.022 0.096 0.084 0.143 0.072 0.099 0.306 0.167 
109    (0)   :  0.005 0.007 0.020 0.038 0.063 0.117 0.319 0.198 0.144 0.088 
110    (0)   :  0.005 0.007 0.018 0.045 0.060 0.122 0.112 0.439 0.104 0.087 
111    (0)   :  0.007 0.011 0.025 0.039 0.064 0.063 0.182 0.345 0.139 0.125 
112    (0)   :  0.005 0.006 0.017 0.029 0.074 0.087 0.254 0.324 0.119 0.086 
113    (0)   :  0.005 0.009 0.026 0.054 0.089 0.106 0.117 0.125 0.282 0.188 
114    (0)   :  0.005 0.008 0.059 0.031 0.056 0.063 0.168 0.324 0.133 0.153 
115    (0)   :  0.005 0.011 0.019 0.049 0.124 0.069 0.156 0.280 0.180 0.108 
116    (0)   :  0.005 0.005 0.014 0.038 0.104 0.136 0.180 0.241 0.195 0.082 
117    (0)   :  0.006 0.016 0.020 0.042 0.086 0.115 0.236 0.287 0.104 0.088 
118    (0)   :  0.005 0.009 0.020 0.042 0.073 0.065 0.242 0.145 0.246 0.152 
119    (0)   :  0.004 0.005 0.025 0.035 0.220 0.092 0.058 0.152 0.226 0.183 
120    (0)   :  0.005 0.008 0.024 0.040 0.099 0.069 0.175 0.269 0.178 0.133 
121    (0)   :  0.009 0.068 0.021 0.042 0.105 0.085 0.171 0.229 0.176 0.094 
122    (0)   :  0.004 0.006 0.024 0.038 0.062 0.107 0.179 0.321 0.141 0.118 
123    (0)   :  0.005 0.019 0.029 0.042 0.074 0.099 0.098 0.337 0.159 0.138 
124    (0)   :  0.007 0.034 0.020 0.087 0.084 0.156 0.123 0.184 0.189 0.115 
125    (0)   :  0.005 0.007 0.017 0.059 0.109 0.198 0.260 0.141 0.116 0.089 
126    (0)   :  0.004 0.004 0.021 0.032 0.111 0.128 0.085 0.290 0.203 0.122 
127    (0)   :  0.005 0.009 0.023 0.034 0.065 0.056 0.108 0.405 0.160 0.134 
128    (0)   :  0.004 0.004 0.019 0.036 0.070 0.060 0.233 0.128 0.271 0.174 
129    (0)   :  0.006 0.014 0.032 0.037 0.058 0.061 0.121 0.254 0.243 0.174 
130    (0)   :  0.005 0.013 0.038 0.034 0.072 0.065 0.186 0.286 0.135 0.165 
131    (0)   :  0.009 0.030 0.024 0.055 0.077 0.226 0.124 0.213 0.147 0.096 
132    (0)   :  0.005 0.007 0.020 0.036 0.057 0.095 0.104 0.348 0.188 0.138 
133    (0)   :  0.008 0.016 0.030 0.047 0.072 0.071 0.085 0.284 0.217 0.168 
134    (0)   :  0.004 0.005 0.013 0.034 0.050 0.086 0.160 0.471 0.096 0.080 
135    (0)   :  0.006 0.004 0.041 0.026 0.173 0.084 0.119 0.075 0.219 0.252 
136    (0)   :  0.006 0.007 0.063 0.049 0.162 0.076 0.131 0.073 0.118 0.316 
137    (0)   :  0.005 0.007 0.042 0.032 0.234 0.071 0.114 0.084 0.099 0.311 
138    (0)   :  0.004 0.004 0.177 0.030 0.096 0.086 0.061 0.077 0.110 0.355 
139    (0)   :  0.004 0.006 0.057 0.037 0.092 0.077 0.098 0.080 0.281 0.267 
140    (0)   :  0.005 0.009 0.051 0.030 0.175 0.115 0.100 0.113 0.187 0.214 
141    (0)   :  0.006 0.021 0.164 0.052 0.094 0.107 0.115 0.081 0.141 0.220 
142    (0)   :  0.005 0.010 0.055 0.027 0.181 0.075 0.093 0.076 0.258 0.220 
143    (0)   :  0.004 0.004 0.035 0.028 0.260 0.060 0.061 0.068 0.107 0.374 
144    (0)   :  0.005 0.005 0.035 0.029 0.244 0.064 0.107 0.081 0.101 0.330 
145    (0)   :  0.006 0.007 0.049 0.054 0.130 0.109 0.150 0.081 0.171 0.243 
146    (0)   :  0.006 0.007 0.075 0.033 0.127 0.124 0.126 0.124 0.135 0.242 
147    (0)   :  0.004 0.006 0.057 0.032 0.233 0.068 0.069 0.070 0.095 0.365 
148    (0)   :  0.005 0.023 0.118 0.049 0.144 0.072 0.120 0.097 0.169 0.203 
149    (0)   :  0.005 0.081 0.150 0.029 0.143 0.091 0.090 0.072 0.189 0.150 
150    (0)   :  0.006 0.007 0.051 0.034 0.143 0.072 0.144 0.112 0.147 0.284 
151    (0)   :  0.005 0.004 0.047 0.029 0.196 0.068 0.081 0.089 0.135 0.346 
152    (0)   :  0.005 0.009 0.073 0.067 0.142 0.090 0.111 0.084 0.173 0.245 
153    (0)   :  0.004 0.007 0.144 0.030 0.122 0.102 0.080 0.091 0.150 0.270 
154    (0)   :  0.005 0.099 0.193 0.047 0.105 0.071 0.106 0.071 0.166 0.138 
155    (0)   :  0.004 0.004 0.180 0.029 0.085 0.060 0.064 0.095 0.112 0.367 
156    (0)   :  0.004 0.004 0.095 0.026 0.172 0.059 0.080 0.084 0.185 0.290 
157    (0)   :  0.004 0.006 0.108 0.029 0.125 0.083 0.068 0.160 0.104 0.311 
158    (0)   :  0.006 0.007 0.050 0.049 0.143 0.122 0.167 0.079 0.141 0.237 
159    (0)   :  0.005 0.043 0.123 0.030 0.193 0.066 0.080 0.071 0.102 0.286 
160    (0)   :  0.006 0.042 0.136 0.030 0.141 0.067 0.089 0.072 0.116 0.301 
161    (0)   :  0.005 0.006 0.035 0.031 0.218 0.121 0.092 0.095 0.154 0.243 
162    (0)   :  0.008 0.007 0.086 0.036 0.090 0.109 0.128 0.127 0.160 0.251 
163    (0)   :  0.004 0.004 0.162 0.027 0.111 0.062 0.067 0.087 0.133 0.342 
164    (0)   :  0.007 0.053 0.146 0.032 0.093 0.083 0.100 0.111 0.163 0.212 
165    (0)   :  0.005 0.005 0.045 0.029 0.174 0.071 0.144 0.105 0.124 0.298 
166    (0)   :  0.005 0.057 0.145 0.037 0.119 0.105 0.060 0.131 0.150 0.190 
167    (0)   :  0.007 0.117 0.265 0.052 0.077 0.073 0.098 0.091 0.095 0.125 
168    (0)   :  0.005 0.005 0.104 0.037 0.121 0.139 0.075 0.082 0.133 0.300 
169    (0)   :  0.006 0.007 0.039 0.047 0.118 0.242 0.162 0.075 0.120 0.184 
170    (0)   :  0.004 0.004 0.024 0.029 0.272 0.070 0.072 0.088 0.190 0.247 
171    (0)   :  0.005 0.006 0.083 0.051 0.106 0.115 0.081 0.089 0.176 0.289 
172    (0)   :  0.005 0.019 0.062 0.030 0.182 0.189 0.092 0.070 0.190 0.162 
173    (0)   :  0.005 0.006 0.124 0.031 0.096 0.061 0.077 0.073 0.138 0.388 
174    (0)   :  0.005 0.006 0.121 0.032 0.114 0.076 0.083 0.094 0.115 0.355 
175    (0)   :  0.005 0.004 0.040 0.057 0.241 0.066 0.081 0.074 0.116 0.314 
176    (0)   :  0.005 0.005 0.034 0.029 0.243 0.064 0.106 0.081 0.102 0.331 
177    (0)   :  0.005 0.007 0.107 0.030 0.093 0.133 0.085 0.164 0.118 0.259 
178    (0)   :  0.005 0.007 0.131 0.056 0.085 0.077 0.101 0.097 0.124 0.316 
179    (0)   :  0.005 0.016 0.168 0.034 0.121 0.062 0.058 0.073 0.116 0.348 
180    (0)   :  0.007 0.019 0.078 0.035 0.196 0.113 0.109 0.096 0.135 0.212 
181    (0)   :  0.006 0.006 0.043 0.032 0.150 0.094 0.104 0.078 0.199 0.288 
182    (0)   :  0.006 0.005 0.045 0.028 0.165 0.063 0.088 0.071 0.194 0.335 
183    (0)   :  0.005 0.006 0.057 0.034 0.183 0.063 0.066 0.074 0.132 0.381 
184    (0)   :  0.005 0.004 0.017 0.086 0.070 0.062 0.099 0.110 0.318 0.230 
185    (0)   :  0.004 0.006 0.096 0.027 0.178 0.050 0.065 0.060 0.180 0.334 
186    (0)   :  0.005 0.004 0.016 0.057 0.067 0.061 0.080 0.161 0.305 0.243 
187    (0)   :  0.004 0.005 0.051 0.052 0.090 0.060 0.070 0.096 0.258 0.314 
188    (0)   :  0.005 0.005 0.015 0.056 0.059 0.053 0.079 0.131 0.343 0.255 
189    (0)   :  0.004 0.005 0.027 0.084 0.147 0.142 0.070 0.112 0.197 0.212 
190    (0)   :  0.004 0.004 0.029 0.025 0.198 0.047 0.070 0.066 0.356 0.202 
191    (0)   :  0.004 0.005 0.020 0.041 0.069 0.057 0.098 0.094 0.317 0.296 
192    (0)   :  0.004 0.004 0.023 0.048 0.116 0.064 0.088 0.124 0.232 0.297 
193    (0)   :  0.004 0.004 0.021 0.051 0.128 0.076 0.133 0.107 0.239 0.237 
194    (0)   :  0.004 0.006 0.025 0.040 0.158 0.070 0.077 0.115 0.273 0.233 
195    (0)   :  0.004 0.005 0.033 0.030 0.136 0.053 0.056 0.067 0.299 0.317 
196    (0)   :  0.004 0.004 0.027 0.035 0.142 0.053 0.088 0.089 0.340 0.217 
197    (0)   :  0.005 0.005 0.047 0.100 0.081 0.064 0.108 0.152 0.218 0.219 
198    (0)   :  0.004 0.004 0.022 0.055 0.120 0.112 0.109 0.142 0.232 0.200 
199    (0)   :  0.004 0.004 0.017 0.033 0.186 0.068 0.094 0.090 0.345 0.158 
200    (0)   :  0.004 0.004 0.028 0.054 0.134 0.076 0.100 0.099 0.303 0.198 
201    (0)   :  0.004 0.004 0.082 0.039 0.098 0.052 0.066 0.074 0.221 0.361 
202    (0)   :  0.004 0.004 0.027 0.031 0.212 0.054 0.073 0.082 0.243 0.270 
203    (0)   :  0.004 0.005 0.071 0.034 0.108 0.049 0.074 0.075 0.223 0.357 
204    (0)   :  0.004 0.005 0.021 0.027 0.108 0.051 0.065 0.072 0.362 0.284 
205    (0)   :  0.004 0.005 0.021 0.038 0.107 0.068 0.084 0.095 0.350 0.228 
206    (0)   :  0.004 0.005 0.025 0.037 0.085 0.051 0.063 0.071 0.346 0.313 
207    (0)   :  0.004 0.004 0.016 0.032 0.099 0.050 0.102 0.092 0.368 0.233 
208    (0)   :  0.004 0.004 0.065 0.034 0.083 0.051 0.085 0.082 0.286 0.306 
209    (0)   :  0.004 0.004 0.020 0.043 0.102 0.060 0.114 0.100 0.289 0.264 
210    (0)   :  0.004 0.004 0.026 0.033 0.086 0.053 0.071 0.085 0.326 0.312 
211    (0)   :  0.005 0.005 0.025 0.034 0.160 0.049 0.175 0.106 0.263 0.177 
212    (0)   :  0.004 0.004 0.032 0.041 0.185 0.066 0.074 0.075 0.213 0.305 
213    (0)   :  0.004 0.005 0.019 0.027 0.167 0.086 0.081 0.137 0.300 0.174 
214    (0)   :  0.004 0.004 0.030 0.036 0.172 0.051 0.086 0.076 0.212 0.329 
215    (0)   :  0.004 0.004 0.021 0.042 0.084 0.060 0.112 0.102 0.351 0.220 
216    (0)   :  0.006 0.004 0.018 0.095 0.086 0.073 0.114 0.119 0.278 0.208 
217    (0)   :  0.004 0.004 0.031 0.044 0.153 0.056 0.069 0.075 0.252 0.310 
218    (0)   :  0.004 0.004 0.022 0.036 0.084 0.064 0.082 0.106 0.312 0.286 
219    (0)   :  0.006 0.005 0.032 0.097 0.106 0.080 0.076 0.103 0.227 0.269 
220    (0)   :  0.004 0.004 0.019 0.032 0.072 0.050 0.078 0.084 0.357 0.300 
221    (0)   :  0.004 0.004 0.022 0.028 0.293 0.052 0.066 0.067 0.217 0.249 
222    (0)   :  0.005 0.004 0.021 0.125 0.098 0.075 0.086 0.115 0.242 0.228 
223    (0)   :  0.004 0.004 0.054 0.062 0.116 0.075 0.077 0.100 0.212 0.296 
224    (0)   :  0.004 0.005 0.032 0.038 0.115 0.051 0.065 0.073 0.272 0.345 
225    (0)   :  0.004 0.004 0.022 0.035 0.114 0.061 0.079 0.085 0.335 0.260 
226    (0)   :  0.006 0.005 0.025 0.093 0.102 0.123 0.105 0.101 0.226 0.215 
227    (0)   :  0.004 0.005 0.035 0.031 0.156 0.052 0.066 0.090 0.324 0.237 
228    (0)   :  0.004 0.006 0.033 0.028 0.165 0.050 0.065 0.061 0.303 0.284 
229    (0)   :  0.004 0.005 0.026 0.039 0.126 0.051 0.064 0.083 0.242 0.359 
230    (0)   :  0.004 0.005 0.024 0.034 0.111 0.050 0.077 0.081 0.275 0.339 
231    (0)   :  0.004 0.005 0.032 0.050 0.096 0.060 0.080 0.079 0.244 0.350 
232    (0)   :  0.004 0.005 0.020 0.029 0.176 0.106 0.090 0.114 0.241 0.214 
233    (0)   :  0.004 0.004 0.087 0.037 0.113 0.051 0.084 0.077 0.177 0.366 
234    (0)   :  0.004 0.004 0.028 0.060 0.087 0.075 0.112 0.113 0.236 0.280 
235    (0)   :  0.004 0.004 0.024 0.052 0.160 0.073 0.080 0.098 0.252 0.253 
236    (0)   :  0.004 0.004 0.035 0.048 0.128 0.061 0.100 0.088 0.210 0.322 
237    (0)   :  0.004 0.005 0.021 0.034 0.103 0.059 0.108 0.084 0.349 0.233 
238    (0)   :  0.004 0.004 0.029 0.037 0.172 0.055 0.082 0.096 0.209 0.311 
239    (0)   :  0.004 0.005 0.033 0.030 0.135 0.053 0.057 0.067 0.298 0.318 
240    (0)   :  0.004 0.004 0.029 0.037 0.169 0.055 0.082 0.096 0.213 0.311 
241    (0)   :  0.005 0.004 0.026 0.032 0.185 0.069 0.078 0.080 0.230 0.290 
242    (0)   :  0.004 0.006 0.024 0.054 0.113 0.088 0.059 0.101 0.283 0.266 
243    (0)   :  0.004 0.004 0.028 0.031 0.145 0.047 0.091 0.073 0.346 0.231 
244    (0)   :  0.004 0.005 0.033 0.034 0.120 0.050 0.078 0.074 0.249 0.353 
245    (0)   :  0.004 0.005 0.083 0.029 0.144 0.058 0.064 0.086 0.197 0.330 
246    (0)   :  0.004 0.004 0.031 0.044 0.156 0.056 0.069 0.074 0.252 0.309 
247    (0)   :  0.004 0.004 0.016 0.040 0.077 0.096 0.083 0.206 0.282 0.192 
248    (0)   :  0.004 0.004 0.019 0.040 0.075 0.058 0.129 0.107 0.353 0.212 
249    (0)   :  0.004 0.004 0.023 0.036 0.157 0.051 0.083 0.085 0.243 0.314 
250    (0)   :  0.004 0.004 0.024 0.046 0.117 0.060 0.096 0.098 0.241 0.310 
251    (0)   :  0.005 0.005 0.024 0.081 0.104 0.109 0.127 0.127 0.242 0.176 
252    (0)   :  0.004 0.004 0.025 0.042 0.127 0.065 0.067 0.087 0.294 0.285 
253    (0)   :  0.004 0.004 0.018 0.046 0.128 0.095 0.102 0.135 0.308 0.160 
254    (0)   :  0.005 0.004 0.025 0.099 0.086 0.061 0.081 0.100 0.278 0.260 
255    (0)   :  0.004 0.004 0.022 0.053 0.118 0.063 0.091 0.104 0.255 0.286 
256    (0)   :  0.004 0.004 0.022 0.039 0.155 0.061 0.090 0.084 0.276 0.265 
257    (0)   :  0.007 0.014 0.026 0.042 0.108 0.066 0.100 0.103 0.286 0.248 
258    (0)   :  0.004 0.004 0.027 0.042 0.119 0.077 0.118 0.119 0.300 0.190 
259    (0)   :  0.004 0.005 0.021 0.043 0.101 0.059 0.092 0.092 0.304 0.280 
260    (0)   :  0.005 0.004 0.030 0.109 0.123 0.062 0.085 0.106 0.190 0.285 
261    (0)   :  0.004 0.004 0.034 0.042 0.147 0.066 0.068 0.079 0.268 0.288 
262    (0)   :  0.004 0.004 0.028 0.030 0.184 0.054 0.068 0.066 0.317 0.245 
263    (0)   :  0.005 0.005 0.021 0.056 0.074 0.049 0.084 0.087 0.350 0.268 
264    (0)   :  0.007 0.004 0.014 0.210 0.068 0.090 0.117 0.122 0.228 0.140 
265    (0)   :  0.004 0.004 0.031 0.059 0.099 0.069 0.083 0.096 0.277 0.278 
266    (0)   :  0.004 0.004 0.030 0.028 0.212 0.052 0.067 0.067 0.233 0.303 
267    (0)   :  0.004 0.004 0.025 0.052 0.122 0.062 0.116 0.097 0.254 0.264 
268    (0)   :  0.004 0.004 0.028 0.035 0.143 0.053 0.087 0.089 0.341 0.216 
269    (0)   :  0.004 0.004 0.034 0.102 0.100 0.101 0.080 0.110 0.209 0.256 
270    (0)   :  0.005 0.006 0.024 0.063 0.071 0.064 0.100 0.120 0.299 0.248 
271    (0)   :  0.004 0.004 0.023 0.045 0.103 0.071 0.129 0.112 0.308 0.202 
272    (0)   :  0.006 0.006 0.025 0.085 0.109 0.110 0.122 0.101 0.257 0.181 
273    (0)   :  0.019 0.028 0.046 0.057 0.108 0.090 0.111 0.131 0.184 0.226 
274    (0)   :  0.004 0.004 0.022 0.058 0.097 0.085 0.113 0.111 0.277 0.227 
275    (0)   :  0.007 0.014 0.044 0.071 0.087 0.077 0.109 0.090 0.257 0.245 
276    (0)   :  0.006 0.005 0.018 0.064 0.125 0.098 0.126 0.108 0.291 0.160 
277    (0)   :  0.004 0.004 0.026 0.062 0.124 0.079 0.082 0.098 0.230 0.290 
278    (0)   :  0.004 0.004 0.027 0.042 0.098 0.061 0.117 0.094 0.344 0.208 
279    (0)   :  0.004 0.004 0.023 0.051 0.109 0.074 0.104 0.097 0.269 0.264 
280    (0)   :  0.004 0.004 0.026 0.061 0.107 0.101 0.088 0.090 0.280 0.239 
281    (0)   :  0.004 0.004 0.022 0.038 0.096 0.077 0.099 0.130 0.283 0.246 
282    (0)   :  0.004 0.004 0.038 0.057 0.146 0.064 0.081 0.090 0.173 0.342 
283    (0)   :  0.004 0.005 0.049 0.040 0.164 0.050 0.065 0.090 0.187 0.347 
284    (0)   :  0.004 0.006 0.037 0.047 0.121 0.066 0.119 0.113 0.229 0.258 
285    (0)   :  0.004 0.004 0.015 0.038 0.087 0.077 0.124 0.108 0.366 0.177 
286    (0)   :  0.004 0.005 0.033 0.034 0.121 0.050 0.079 0.074 0.250 0.351 
287    (0)   :  0.004 0.004 0.026 0.052 0.112 0.091 0.079 0.134 0.240 0.257 
288    (0)   :  0.005 0.006 0.022 0.073 0.081 0.093 0.095 0.097 0.283 0.245 
289    (0)   :  0.007 0.008 0.026 0.068 0.092 0.070 0.103 0.126 0.295 0.205 
290    (0)   :  0.006 0.005 0.017 0.085 0.152 0.089 0.110 0.091 0.275 0.170 
291    (0)   :  0.004 0.004 0.023 0.045 0.103 0.071 0.128 0.111 0.310 0.201 
292    (0)   :  0.004 0.004 0.027 0.048 0.153 0.103 0.074 0.081 0.297 0.209 
293    (0)   :  0.005 0.004 0.018 0.105 0.120 0.114 0.131 0.101 0.265 0.138 
294    (0)   :  0.006 0.005 0.017 0.052 0.095 0.054 0.073 0.091 0.377 0.231 
295    (0)   :  0.005 0.010 0.037 0.058 0.129 0.105 0.123 0.112 0.282 0.141 
296    (0)   :  0.004 0.004 0.022 0.034 0.092 0.060 0.095 0.108 0.339 0.242 
297    (0)   :  0.004 0.004 0.019 0.061 0.094 0.099 0.084 0.098 0.293 0.244 
298    (0)   :  0.004 0.004 0.026 0.057 0.134 0.063 0.078 0.101 0.206 0.327 
299    (0)   :  0.005 0.005 0.019 0.070 0.074 0.051 0.067 0.094 0.323 0.292 
300    (0)   :  0.004 0.005 0.016 0.032 0.079 0.069 0.085 0.082 0.366 0.262 
301    (0)   :  0.005 0.006 0.025 0.103 0.074 0.069 0.112 0.102 0.285 0.220 
302    (0)   :  0.006 0.007 0.025 0.053 0.114 0.054 0.088 0.085 0.373 0.193 
303    (0)   :  0.004 0.005 0.029 0.040 0.134 0.076 0.075 0.079 0.246 0.313 
304    (0)   :  0.006 0.007 0.072 0.091 0.097 0.062 0.110 0.143 0.138 0.273 
305    (0)   :  0.004 0.007 0.034 0.032 0.117 0.058 0.071 0.068 0.331 0.277 
306    (0)   :  0.004 0.004 0.025 0.053 0.179 0.070 0.073 0.085 0.224 0.282 
307    (0)   :  0.005 0.005 0.023 0.053 0.127 0.075 0.105 0.099 0.253 0.256 
308    (0)   :  0.004 0.004 0.035 0.042 0.147 0.067 0.067 0.079 0.267 0.288 
309    (0)   :  0.015 0.034 0.034 0.044 0.080 0.057 0.094 0.109 0.291 0.244 
310    (0)   :  0.004 0.004 0.027 0.034 0.132 0.050 0.082 0.072 0.308 0.287 
311    (0)   :  0.004 0.005 0.024 0.034 0.110 0.050 0.077 0.081 0.275 0.341 
312    (0)   :  0.004 0.005 0.020 0.030 0.082 0.049 0.080 0.092 0.364 0.274 
313    (0)   :  0.004 0.005 0.017 0.032 0.121 0.056 0.084 0.084 0.415 0.183 
314    (0)   :  0.005 0.023 0.110 0.032 0.234 0.065 0.062 0.067 0.140 0.262 
315    (0)   :  0.004 0.020 0.166 0.039 0.157 0.086 0.063 0.074 0.134 0.257 
316    (0)   :  0.006 0.039 0.245 0.043 0.114 0.102 0.065 0.080 0.098 0.209 
317    (0)   :  0.005 0.021 0.118 0.032 0.228 0.068 0.063 0.070 0.101 0.293 
318    (0)   :  0.005 0.048 0.260 0.033 0.133 0.072 0.062 0.070 0.085 0.232 
319    (0)   :  0.004 0.004 0.050 0.028 0.227 0.061 0.065 0.068 0.107 0.385 
320    (0)   :  0.005 0.023 0.111 0.032 0.231 0.065 0.062 0.067 0.141 0.264 
321    (0)   :  0.005 0.045 0.176 0.033 0.209 0.072 0.065 0.071 0.095 0.228 
322    (0)   :  0.007 0.018 0.097 0.042 0.203 0.097 0.067 0.080 0.126 0.264 
323    (0)   :  0.011 0.020 0.157 0.038 0.155 0.066 0.062 0.071 0.092 0.330 
324    (0)   :  0.005 0.045 0.176 0.033 0.209 0.072 0.065 0.071 0.095 0.231 
325    (0)   :  0.005 0.065 0.272 0.039 0.111 0.095 0.063 0.078 0.093 0.180 
326    (0)   :  0.005 0.143 0.260 0.037 0.104 0.086 0.061 0.077 0.090 0.135 
327    (0)   :  0.005 0.020 0.122 0.032 0.228 0.068 0.064 0.069 0.100 0.291 
328    (0)   :  0.004 0.020 0.104 0.038 0.207 0.095 0.067 0.078 0.123 0.262 
329    (0)   :  0.004 0.006 0.115 0.032 0.177 0.067 0.062 0.070 0.087 0.381 
330    (0)   :  0.005 0.021 0.119 0.033 0.229 0.068 0.064 0.070 0.101 0.291 
331    (0)   :  0.005 0.014 0.167 0.031 0.147 0.067 0.063 0.070 0.095 0.341 
332    (0)   :  0.007 0.139 0.258 0.040 0.106 0.087 0.061 0.077 0.091 0.135 
333    (0)   :  0.006 0.104 0.205 0.037 0.131 0.087 0.063 0.077 0.107 0.183 
334    (0)   :  0.005 0.020 0.105 0.039 0.209 0.095 0.067 0.078 0.123 0.260 
335    (0)   :  0.004 0.008 0.064 0.038 0.233 0.087 0.062 0.078 0.116 0.310 
336    (0)   :  0.007 0.125 0.230 0.036 0.139 0.066 0.059 0.069 0.112 0.157 
337    (0)   :  0.005 0.063 0.195 0.038 0.173 0.095 0.066 0.077 0.107 0.180 
338    (0)   :  0.005 0.124 0.254 0.033 0.127 0.069 0.062 0.071 0.085 0.171 
339    (0)   :  0.005 0.013 0.167 0.032 0.148 0.068 0.063 0.070 0.094 0.340 
340    (0)   :  0.005 0.007 0.138 0.029 0.150 0.061 0.060 0.069 0.095 0.386 
341    (0)   :  0.010 0.055 0.141 0.033 0.167 0.066 0.066 0.071 0.096 0.294 
342    (0)   :  0.005 0.021 0.119 0.032 0.228 0.069 0.063 0.069 0.101 0.293 
343    (0)   :  0.010 0.025 0.085 0.047 0.247 0.081 0.062 0.075 0.149 0.219 
344    (0)   :  0.004 0.013 0.169 0.032 0.158 0.067 0.062 0.070 0.086 0.340 
345    (0)   :  0.005 0.020 0.119 0.032 0.228 0.069 0.063 0.070 0.101 0.293 
346    (0)   :  0.005 0.020 0.207 0.032 0.142 0.068 0.062 0.070 0.090 0.303 
347    (0)   :  0.005 0.007 0.142 0.029 0.161 0.061 0.060 0.069 0.087 0.381 
348    (0)   :  0.004 0.009 0.058 0.035 0.249 0.077 0.060 0.073 0.166 0.270 
349    (0)   :  0.005 0.019 0.119 0.031 0.229 0.069 0.064 0.070 0.100 0.293 
350    (0)   :  0.004 0.006 0.125 0.031 0.139 0.064 0.065 0.068 0.131 0.367 
351    (0)   :  0.004 0.008 0.063 0.037 0.236 0.088 0.063 0.077 0.115 0.308 
352    (0)   :  0.005 0.027 0.135 0.039 0.200 0.095 0.065 0.077 0.119 0.238 
353    (0)   :  0.007 0.126 0.229 0.035 0.139 0.067 0.059 0.068 0.112 0.157 
354    (0)   :  0.006 0.013 0.187 0.034 0.136 0.070 0.065 0.072 0.090 0.327 
355    (0)   :  0.005 0.046 0.263 0.033 0.132 0.071 0.062 0.071 0.085 0.231 
356    (0)   :  0.004 0.005 0.032 0.035 0.272 0.077 0.060 0.072 0.168 0.276 
357    (0)   :  0.004 0.005 0.090 0.071 0.099 0.172 0.078 0.105 0.109 0.268 
358    (0)   :  0.004 0.097 0.211 0.037 0.145 0.088 0.062 0.077 0.094 0.186 
359    (0)   :  0.005 0.081 0.193 0.032 0.157 0.068 0.063 0.071 0.098 0.234 
360    (0)   :  0.005 0.020 0.206 0.033 0.142 0.069 0.061 0.070 0.090 0.304 
361    (0)   :  0.004 0.005 0.033 0.067 0.160 0.171 0.084 0.105 0.130 0.240 
362    (0)   :  0.005 0.008 0.030 0.045 0.075 0.187 0.071 0.195 0.208 0.175 
363    (0)   :  0.006 0.007 0.019 0.081 0.071 0.135 0.092 0.279 0.171 0.138 
364    (0)   :  0.009 0.007 0.033 0.144 0.131 0.099 0.128 0.116 0.143 0.190 
365    (0)   :  0.011 0.009 0.020 0.076 0.071 0.224 0.186 0.161 0.126 0.116 
366    (0)   :  0.006 0.007 0.023 0.121 0.131 0.122 0.102 0.094 0.234 0.161 
367    (0)   :  0.004 0.007 0.015 0.039 0.055 0.143 0.079 0.474 0.095 0.090 
368    (0)   :  0.005 0.005 0.019 0.046 0.076 0.109 0.153 0.205 0.197 0.187 
369    (0)   :  0.006 0.010 0.035 0.089 0.209 0.080 0.095 0.118 0.221 0.136 
370    (0)   :  0.010 0.021 0.032 0.068 0.079 0.088 0.154 0.193 0.189 0.167 
371    (0)   :  0.009 0.013 0.033 0.124 0.094 0.074 0.123 0.128 0.217 0.185 
372    (0)   :  0.030 0.027 0.034 0.040 0.081 0.082 0.118 0.160 0.218 0.209 
373    (0)   :  0.005 0.005 0.019 0.049 0.109 0.097 0.101 0.312 0.139 0.165 
374    (0)   :  0.006 0.006 0.025 0.064 0.153 0.124 0.174 0.137 0.132 0.179 
375    (0)   :  0.013 0.009 0.020 0.109 0.061 0.102 0.141 0.259 0.146 0.141 
376    (0)   :  0.094 0.007 0.017 0.120 0.064 0.238 0.084 0.191 0.096 0.089 
377    (0)   :  0.006 0.010 0.036 0.052 0.076 0.168 0.142 0.139 0.210 0.161 
378    (0)   :  0.005 0.008 0.047 0.029 0.100 0.090 0.098 0.316 0.131 0.175 
379    (0)   :  0.149 0.012 0.017 0.136 0.063 0.153 0.083 0.196 0.106 0.085 
380    (0)   :  0.009 0.009 0.024 0.068 0.130 0.274 0.080 0.094 0.148 0.163 
381    (0)   :  0.007 0.006 0.018 0.194 0.151 0.175 0.079 0.083 0.165 0.121 
382    (0)   :  0.004 0.006 0.025 0.134 0.061 0.123 0.114 0.288 0.122 0.124 
383    (0)   :  0.009 0.078 0.112 0.093 0.066 0.212 0.086 0.087 0.122 0.135 
384    (0)   :  0.036 0.038 0.055 0.140 0.078 0.105 0.118 0.165 0.115 0.150 
385    (0)   :  0.005 0.045 0.098 0.055 0.072 0.089 0.291 0.103 0.104 0.137 
386    (0)   :  0.004 0.004 0.017 0.057 0.068 0.190 0.094 0.313 0.135 0.119 
387    (0)   :  0.004 0.004 0.024 0.072 0.066 0.172 0.162 0.257 0.120 0.119 
388    (0)   :  0.012 0.010 0.036 0.057 0.108 0.118 0.218 0.129 0.118 0.193 
389    (0)   :  0.009 0.014 0.027 0.054 0.090 0.065 0.268 0.118 0.231 0.124 
390    (0)   :  0.017 0.025 0.022 0.051 0.099 0.163 0.102 0.283 0.149 0.088 
391    (0)   :  0.010 0.010 0.021 0.056 0.115 0.090 0.272 0.146 0.158 0.122 
392    (0)   :  0.006 0.005 0.027 0.082 0.089 0.200 0.077 0.195 0.147 0.171 
393    (0)   :  0.006 0.006 0.023 0.053 0.113 0.388 0.079 0.093 0.117 0.121 
394    (0)   :  0.004 0.008 0.048 0.041 0.108 0.156 0.079 0.220 0.134 0.204 
395    (0)   :  0.004 0.004 0.019 0.042 0.082 0.202 0.085 0.169 0.241 0.152 
396    (0)   :  0.005 0.004 0.014 0.084 0.058 0.096 0.149 0.327 0.144 0.119 
397    (0)   :  0.053 0.005 0.022 0.124 0.101 0.069 0.076 0.103 0.229 0.218 
398    (0)   :  0.036 0.005 0.016 0.039 0.063 0.288 0.071 0.291 0.102 0.089 
399    (0)   :  0.004 0.007 0.022 0.051 0.078 0.095 0.116 0.382 0.138 0.106 
400    (0)   :  0.006 0.004 0.016 0.071 0.098 0.119 0.099 0.355 0.116 0.116 
401    (0)   :  0.004 0.004 0.020 0.028 0.104 0.107 0.092 0.354 0.162 0.124 
402    (0)   :  0.006 0.005 0.021 0.058 0.107 0.111 0.123 0.223 0.185 0.162 
403    (0)   :  0.006 0.005 0.049 0.046 0.115 0.119 0.151 0.107 0.143 0.259 
404    (0)   :  0.007 0.005 0.018 0.101 0.099 0.124 0.194 0.124 0.164 0.166 
405    (0)   :  0.004 0.004 0.019 0.070 0.097 0.191 0.100 0.143 0.198 0.173 
406    (0)   :  0.004 0.005 0.018 0.078 0.154 0.251 0.066 0.092 0.183 0.149 
407    (0)   :  0.004 0.004 0.014 0.066 0.060 0.355 0.104 0.170 0.120 0.104 
408    (0)   :  0.004 0.004 0.014 0.029 0.091 0.071 0.083 0.362 0.238 0.105 
409    (0)   :  0.009 0.011 0.021 0.034 0.239 0.211 0.076 0.103 0.150 0.147 
410    (0)   :  0.072 0.009 0.026 0.055 0.086 0.140 0.105 0.243 0.133 0.130 
411    (0)   :  0.014 0.013 0.047 0.149 0.108 0.141 0.081 0.179 0.144 0.125 
412    (0)   :  0.005 0.004 0.018 0.049 0.067 0.122 0.106 0.260 0.184 0.184 
413    (0)   :  0.004 0.006 0.040 0.037 0.079 0.108 0.085 0.265 0.160 0.215 
414    (0)   :  0.004 0.007 0.022 0.077 0.049 0.079 0.190 0.273 0.158 0.140 
415    (0)   :  0.005 0.004 0.014 0.123 0.106 0.193 0.091 0.188 0.170 0.106 
416    (0)   :  0.005 0.005 0.018 0.043 0.135 0.128 0.158 0.226 0.156 0.125 
417    (0)   :  0.005 0.006 0.018 0.061 0.072 0.297 0.085 0.224 0.120 0.113 
418    (0)   :  0.006 0.004 0.016 0.056 0.062 0.096 0.116 0.405 0.122 0.117 
419    (0)   :  0.009 0.011 0.030 0.047 0.122 0.148 0.140 0.168 0.146 0.179 
420    (0)   :  0.004 0.004 0.014 0.030 0.128 0.094 0.078 0.354 0.204 0.090 
421    (0)   :  0.006 0.006 0.018 0.039 0.078 0.185 0.108 0.265 0.158 0.138 
422    (0)   :  0.005 0.004 0.016 0.033 0.084 0.240 0.088 0.120 0.249 0.161 
423    (0)   :  0.006 0.005 0.023 0.139 0.073 0.168 0.090 0.179 0.160 0.157 
424    (0)   :  0.007 0.010 0.024 0.050 0.113 0.164 0.138 0.231 0.149 0.115 
425    (0)   :  0.015 0.010 0.027 0.097 0.080 0.110 0.236 0.152 0.126 0.148 
426    (0)   :  0.023 0.026 0.042 0.076 0.089 0.146 0.121 0.222 0.124 0.130 
427    (0)   :  0.005 0.007 0.057 0.036 0.057 0.304 0.066 0.250 0.091 0.127 
428    (0)   :  0.016 0.006 0.026 0.040 0.110 0.287 0.075 0.105 0.162 0.172 
429    (0)   :  0.005 0.004 0.015 0.087 0.055 0.219 0.069 0.348 0.102 0.094 
430    (0)   :  0.004 0.005 0.016 0.046 0.069 0.399 0.081 0.133 0.125 0.121 
431    (0)   :  0.009 0.016 0.035 0.067 0.078 0.094 0.149 0.231 0.162 0.160 
432    (0)   :  0.005 0.004 0.019 0.042 0.080 0.119 0.129 0.238 0.187 0.176 
433    (0)   :  0.007 0.006 0.035 0.043 0.138 0.081 0.112 0.139 0.201 0.237 
434    (0)   :  0.005 0.005 0.021 0.070 0.113 0.132 0.138 0.125 0.204 0.188 
435    (0)   :  0.004 0.004 0.016 0.044 0.063 0.393 0.072 0.208 0.104 0.092 
436    (0)   :  0.006 0.005 0.016 0.094 0.101 0.316 0.065 0.212 0.095 0.091 
437    (0)   :  0.006 0.004 0.017 0.267 0.065 0.171 0.091 0.144 0.124 0.110 
438    (0)   :  0.005 0.005 0.018 0.036 0.140 0.323 0.072 0.155 0.146 0.099 
439    (0)   :  0.004 0.004 0.016 0.045 0.073 0.476 0.077 0.138 0.082 0.085 
440    (0)   :  0.004 0.004 0.014 0.110 0.057 0.295 0.088 0.256 0.094 0.078 
441    (0)   :  0.004 0.004 0.022 0.045 0.102 0.372 0.094 0.120 0.111 0.126 
442    (0)   :  0.006 0.004 0.013 0.091 0.082 0.160 0.207 0.213 0.131 0.092 
443    (0)   :  0.004 0.004 0.015 0.043 0.112 0.145 0.097 0.329 0.174 0.076 
444    (0)   :  0.005 0.004 0.014 0.114 0.089 0.198 0.177 0.180 0.131 0.088 
445    (0)   :  0.037 0.006 0.018 0.044 0.152 0.293 0.078 0.100 0.153 0.118 
446    (0)   :  0.042 0.006 0.018 0.037 0.067 0.317 0.076 0.279 0.080 0.080 
447    (0)   :  0.005 0.005 0.018 0.063 0.116 0.252 0.190 0.118 0.121 0.113 
448    (0)   :  0.004 0.004 0.016 0.066 0.075 0.270 0.132 0.196 0.128 0.109 
449    (0)   :  0.004 0.004 0.018 0.069 0.091 0.261 0.127 0.158 0.134 0.133 
450    (0)   :  0.007 0.005 0.021 0.123 0.094 0.207 0.158 0.171 0.090 0.124 
451    (0)   :  0.004 0.004 0.014 0.059 0.058 0.116 0.121 0.393 0.137 0.093 
452    (0)   :  0.005 0.004 0.020 0.068 0.088 0.245 0.095 0.254 0.096 0.124 
453    (0)   :  0.004 0.005 0.016 0.039 0.187 0.122 0.123 0.145 0.258 0.101 
454    (0)   :  0.004 0.007 0.032 0.065 0.080 0.271 0.079 0.191 0.132 0.139 
455    (0)   :  0.004 0.005 0.016 0.051 0.091 0.393 0.083 0.167 0.113 0.076 
456    (0)   :  0.005 0.004 0.015 0.087 0.115 0.252 0.093 0.175 0.178 0.077 
457    (0)   :  0.005 0.004 0.017 0.115 0.074 0.359 0.100 0.121 0.107 0.098 
458    (0)   :  0.039 0.005 0.017 0.046 0.075 0.377 0.081 0.169 0.097 0.095 
459    (0)   :  0.004 0.005 0.020 0.044 0.110 0.315 0.095 0.209 0.087 0.110 
460    (0)   :  0.004 0.004 0.016 0.045 0.068 0.293 0.084 0.318 0.088 0.080 
461    (0)   :  0.005 0.004 0.017 0.052 0.063 0.157 0.104 0.438 0.078 0.082 
462    (0)   :  0.007 0.010 0.015 0.100 0.072 0.234 0.223 0.116 0.135 0.087 
463    (0)   :  0.004 0.005 0.018 0.066 0.150 0.275 0.069 0.093 0.216 0.104 
464    (0)   :  0.004 0.004 0.014 0.041 0.093 0.210 0.085 0.338 0.134 0.076 
465    (0)   :  0.006 0.005 0.017 0.037 0.091 0.247 0.120 0.241 0.140 0.096 
466    (0)   :  0.004 0.004 0.015 0.043 0.121 0.201 0.093 0.240 0.193 0.086 
467    (0)   :  0.005 0.007 0.020 0.056 0.102 0.297 0.098 0.138 0.151 0.126 
468    (0)   :  0.004 0.004 0.014 0.132 0.090 0.357 0.081 0.104 0.134 0.080 
469    (0)   :  0.004 0.004 0.016 0.061 0.063 0.529 0.071 0.099 0.076 0.078 
470    (0)   :  0.004 0.004 0.016 0.041 0.063 0.394 0.070 0.239 0.088 0.081 
471    (0)   :  0.005 0.004 0.015 0.053 0.103 0.126 0.166 0.237 0.189 0.104 
472    (0)   :  0.005 0.005 0.015 0.054 0.107 0.227 0.161 0.154 0.174 0.097 
473    (0)   :  0.004 0.004 0.020 0.067 0.093 0.253 0.101 0.137 0.171 0.148 
474    (0)   :  0.004 0.004 0.018 0.067 0.108 0.215 0.093 0.241 0.135 0.114 
475    (0)   :  0.005 0.004 0.021 0.038 0.112 0.186 0.108 0.270 0.133 0.122 
476    (0)   :  0.006 0.005 0.016 0.180 0.093 0.242 0.083 0.173 0.119 0.083 
477    (0)   :  0.005 0.005 0.019 0.047 0.111 0.205 0.147 0.245 0.120 0.097 
478    (0)   :  0.006 0.005 0.018 0.034 0.063 0.159 0.159 0.394 0.086 0.078 
479    (0)   :  0.004 0.004 0.015 0.070 0.061 0.319 0.090 0.264 0.090 0.083 
480    (0)   :  0.005 0.004 0.016 0.122 0.067 0.358 0.070 0.174 0.094 0.091 
481    (0)   :  0.004 0.004 0.014 0.063 0.069 0.140 0.245 0.171 0.168 0.122 
