

----------------------------------------------------
STRUCTURE by Pritchard, Stephens and Donnelly (2000)
     and Falush, Stephens and Pritchard (2003)
       Code by Pritchard, Falush and Hubisz
             Version 2.3.4 (Jul 2012)
----------------------------------------------------



Command line arguments:   ./structure -K 6 -D 106020 -m brooktrout/mainparams -e brooktrout/extraparams -o brooktrout/250914_output/results_K6_rep20 
Input File:    brooktrout/brooktrout.txt

Run parameters:
   8454 individuals
   5 loci
   6 populations assumed
   50000 Burn-in period
   100000 Reps
RANDOMIZE turned off


--------------------------------------------
Overall proportion of membership of the
sample in each of the 6 clusters

Inferred Clusters
  1      2      3      4      5      6    
0.034  0.178  0.116  0.123  0.272  0.277  

--------------------------------------------

Allele-freq. divergence among pops (Net nucleotide distance),
computed using point estimates of P.

      1       2       3       4       5       6      
 1      -    0.1683  0.1076  0.1101  0.0902  0.1157  
 2   0.1683     -    0.1449  0.1009  0.0750  0.1316  
 3   0.1076  0.1449     -    0.0944  0.0604  0.0524  
 4   0.1101  0.1009  0.0944     -    0.0640  0.0952  
 5   0.0902  0.0750  0.0604  0.0640     -    0.0582  
 6   0.1157  0.1316  0.0524  0.0952  0.0582     -    

Average distances (expected heterozygosity) between individuals in same cluster:
cluster  1  : 0.7886 
cluster  2  : 0.7242 
cluster  3  : 0.7964 
cluster  4  : 0.8037 
cluster  5  : 0.8086 
cluster  6  : 0.7828 

--------------------------------------------
Estimated Ln Prob of Data   = -179735.4
Mean value of ln likelihood = -171305.5
Variance of ln likelihood   = 16859.8

Mean value of alpha_1       = 0.0547
Mean value of alpha_2       = 0.2731
Mean value of alpha_3       = 0.1828
Mean value of alpha_4       = 0.2058
Mean value of alpha_5       = 0.4527
Mean value of alpha_6       = 0.4580
Allele frequencies uncorrelated


Inferred ancestry of individuals:
     (%Miss) :  Inferred clusters
  1    (0)   :  0.016 0.253 0.084 0.182 0.158 0.308 
  2    (0)   :  0.014 0.042 0.038 0.035 0.776 0.094 
  3    (0)   :  0.006 0.148 0.049 0.157 0.139 0.501 
  4    (0)   :  0.010 0.529 0.087 0.110 0.152 0.112 
  5    (0)   :  0.020 0.044 0.049 0.037 0.733 0.117 
  6    (0)   :  0.007 0.059 0.035 0.030 0.182 0.688 
  7    (0)   :  0.012 0.054 0.309 0.032 0.212 0.380 
  8    (0)   :  0.011 0.329 0.091 0.075 0.133 0.361 
  9    (0)   :  0.026 0.107 0.088 0.095 0.328 0.356 
 10    (0)   :  0.016 0.168 0.073 0.035 0.221 0.486 
 11    (0)   :  0.022 0.052 0.277 0.045 0.176 0.428 
 12    (0)   :  0.013 0.063 0.050 0.042 0.714 0.118 
 13    (0)   :  0.021 0.077 0.070 0.048 0.515 0.269 
 14    (0)   :  0.009 0.097 0.041 0.168 0.465 0.220 
 15    (0)   :  0.009 0.171 0.082 0.086 0.443 0.209 
 16    (0)   :  0.016 0.072 0.045 0.071 0.148 0.648 
 17    (0)   :  0.020 0.073 0.053 0.079 0.427 0.348 
 18    (0)   :  0.011 0.086 0.032 0.056 0.399 0.415 
 19    (0)   :  0.011 0.069 0.049 0.036 0.321 0.514 
 20    (0)   :  0.014 0.079 0.121 0.097 0.401 0.287 
 21    (0)   :  0.012 0.178 0.041 0.147 0.407 0.216 
 22    (0)   :  0.010 0.101 0.031 0.047 0.197 0.614 
 23    (0)   :  0.035 0.199 0.080 0.295 0.249 0.141 
 24    (0)   :  0.015 0.198 0.039 0.092 0.228 0.428 
 25    (0)   :  0.012 0.038 0.115 0.046 0.405 0.383 
 26    (0)   :  0.011 0.124 0.043 0.061 0.467 0.294 
 27    (0)   :  0.021 0.103 0.049 0.111 0.350 0.367 
 28    (0)   :  0.013 0.293 0.153 0.053 0.230 0.258 
 29    (0)   :  0.026 0.066 0.096 0.103 0.490 0.219 
 30    (0)   :  0.013 0.078 0.027 0.064 0.194 0.623 
 31    (0)   :  0.026 0.142 0.087 0.095 0.401 0.250 
 32    (0)   :  0.009 0.190 0.073 0.097 0.308 0.323 
 33    (0)   :  0.011 0.143 0.077 0.212 0.123 0.434 
 34    (0)   :  0.055 0.084 0.175 0.038 0.096 0.552 
 35    (0)   :  0.040 0.057 0.038 0.174 0.377 0.315 
 36    (0)   :  0.009 0.050 0.031 0.551 0.122 0.238 
 37    (0)   :  0.009 0.144 0.056 0.108 0.519 0.164 
 38    (0)   :  0.028 0.040 0.061 0.135 0.111 0.625 
 39    (0)   :  0.030 0.068 0.075 0.151 0.196 0.480 
 40    (0)   :  0.013 0.096 0.026 0.507 0.171 0.187 
 41    (0)   :  0.039 0.038 0.051 0.483 0.086 0.302 
 42    (0)   :  0.016 0.212 0.040 0.487 0.081 0.163 
 43    (0)   :  0.014 0.079 0.064 0.450 0.263 0.131 
 44    (0)   :  0.013 0.037 0.039 0.513 0.139 0.259 
 45    (0)   :  0.027 0.041 0.043 0.276 0.300 0.313 
 46    (0)   :  0.013 0.052 0.056 0.121 0.310 0.448 
 47    (0)   :  0.027 0.079 0.045 0.071 0.433 0.345 
 48    (0)   :  0.022 0.043 0.027 0.496 0.171 0.241 
 49    (0)   :  0.053 0.072 0.050 0.226 0.264 0.336 
 50    (0)   :  0.021 0.102 0.104 0.081 0.217 0.475 
 51    (0)   :  0.009 0.033 0.025 0.770 0.074 0.090 
 52    (0)   :  0.030 0.082 0.068 0.182 0.156 0.482 
 53    (0)   :  0.014 0.082 0.049 0.098 0.095 0.661 
 54    (0)   :  0.019 0.080 0.040 0.098 0.653 0.111 
 55    (0)   :  0.013 0.058 0.041 0.343 0.437 0.108 
 56    (0)   :  0.041 0.079 0.031 0.303 0.224 0.322 
 57    (0)   :  0.020 0.163 0.057 0.035 0.448 0.277 
 58    (0)   :  0.029 0.072 0.046 0.307 0.333 0.213 
 59    (0)   :  0.083 0.062 0.051 0.296 0.176 0.333 
 60    (0)   :  0.008 0.089 0.034 0.590 0.150 0.129 
 61    (0)   :  0.014 0.105 0.037 0.352 0.420 0.073 
 62    (0)   :  0.168 0.067 0.047 0.053 0.367 0.298 
 63    (0)   :  0.012 0.099 0.125 0.378 0.190 0.196 
 64    (0)   :  0.021 0.045 0.038 0.051 0.228 0.618 
 65    (0)   :  0.016 0.036 0.289 0.054 0.358 0.246 
 66    (0)   :  0.011 0.123 0.074 0.097 0.589 0.107 
 67    (0)   :  0.016 0.048 0.053 0.324 0.441 0.118 
 68    (0)   :  0.052 0.075 0.053 0.319 0.188 0.314 
 69    (0)   :  0.146 0.117 0.140 0.143 0.092 0.363 
 70    (0)   :  0.008 0.055 0.065 0.646 0.081 0.146 
 71    (0)   :  0.057 0.032 0.047 0.409 0.200 0.254 
 72    (0)   :  0.009 0.046 0.049 0.227 0.177 0.493 
 73    (0)   :  0.075 0.041 0.055 0.215 0.478 0.136 
 74    (0)   :  0.009 0.093 0.031 0.481 0.116 0.269 
 75    (0)   :  0.011 0.097 0.025 0.576 0.152 0.140 
 76    (0)   :  0.008 0.057 0.142 0.341 0.255 0.196 
 77    (0)   :  0.044 0.039 0.069 0.415 0.131 0.302 
 78    (0)   :  0.050 0.044 0.057 0.369 0.099 0.382 
 79    (0)   :  0.012 0.052 0.133 0.031 0.426 0.346 
 80    (0)   :  0.011 0.489 0.086 0.035 0.223 0.155 
 81    (0)   :  0.008 0.324 0.114 0.027 0.317 0.210 
 82    (0)   :  0.020 0.098 0.069 0.124 0.567 0.122 
 83    (0)   :  0.007 0.245 0.112 0.063 0.254 0.319 
 84    (0)   :  0.008 0.192 0.136 0.045 0.328 0.291 
 85    (0)   :  0.007 0.256 0.048 0.055 0.310 0.323 
 86    (0)   :  0.018 0.052 0.056 0.096 0.603 0.175 
 87    (0)   :  0.010 0.062 0.339 0.062 0.270 0.256 
 88    (0)   :  0.008 0.218 0.142 0.070 0.433 0.129 
 89    (0)   :  0.007 0.223 0.072 0.042 0.541 0.115 
 90    (0)   :  0.010 0.063 0.270 0.040 0.423 0.194 
 91    (0)   :  0.006 0.480 0.062 0.068 0.177 0.207 
 92    (0)   :  0.009 0.080 0.089 0.043 0.592 0.186 
 93    (0)   :  0.009 0.718 0.034 0.038 0.117 0.085 
 94    (0)   :  0.008 0.055 0.455 0.058 0.084 0.340 
 95    (0)   :  0.007 0.147 0.399 0.056 0.276 0.114 
 96    (0)   :  0.012 0.190 0.038 0.378 0.310 0.074 
 97    (0)   :  0.012 0.128 0.028 0.336 0.270 0.226 
 98    (0)   :  0.027 0.086 0.037 0.319 0.307 0.223 
 99    (0)   :  0.008 0.159 0.154 0.037 0.404 0.238 
100    (0)   :  0.010 0.488 0.032 0.056 0.344 0.070 
101    (0)   :  0.009 0.077 0.186 0.114 0.438 0.176 
102    (0)   :  0.021 0.330 0.149 0.167 0.165 0.167 
103    (0)   :  0.013 0.107 0.203 0.057 0.521 0.099 
104    (0)   :  0.013 0.079 0.526 0.060 0.193 0.130 
105    (0)   :  0.041 0.114 0.415 0.071 0.274 0.084 
106    (0)   :  0.010 0.029 0.323 0.051 0.133 0.454 
107    (0)   :  0.015 0.118 0.419 0.061 0.289 0.099 
108    (0)   :  0.008 0.045 0.045 0.302 0.375 0.225 
109    (0)   :  0.240 0.031 0.134 0.071 0.204 0.321 
110    (0)   :  0.012 0.034 0.502 0.044 0.088 0.320 
111    (0)   :  0.025 0.044 0.688 0.036 0.129 0.077 
112    (0)   :  0.373 0.033 0.331 0.051 0.071 0.141 
113    (0)   :  0.017 0.076 0.088 0.114 0.498 0.209 
114    (0)   :  0.038 0.101 0.468 0.049 0.218 0.126 
115    (0)   :  0.025 0.049 0.520 0.175 0.119 0.112 
116    (0)   :  0.017 0.032 0.161 0.172 0.217 0.402 
117    (0)   :  0.041 0.041 0.545 0.060 0.086 0.227 
118    (0)   :  0.031 0.040 0.110 0.049 0.670 0.100 
119    (0)   :  0.007 0.193 0.066 0.461 0.161 0.110 
120    (0)   :  0.078 0.060 0.436 0.096 0.178 0.153 
121    (0)   :  0.055 0.038 0.486 0.201 0.100 0.120 
122    (0)   :  0.034 0.042 0.278 0.046 0.181 0.418 
123    (0)   :  0.017 0.059 0.556 0.067 0.139 0.163 
124    (0)   :  0.040 0.042 0.310 0.163 0.148 0.296 
125    (0)   :  0.066 0.056 0.175 0.125 0.091 0.487 
126    (0)   :  0.011 0.071 0.245 0.186 0.170 0.317 
127    (0)   :  0.015 0.048 0.694 0.042 0.128 0.072 
128    (0)   :  0.026 0.041 0.078 0.051 0.715 0.089 
129    (0)   :  0.014 0.035 0.433 0.050 0.382 0.085 
130    (0)   :  0.053 0.107 0.396 0.037 0.263 0.144 
131    (0)   :  0.046 0.034 0.305 0.164 0.095 0.355 
132    (0)   :  0.018 0.032 0.295 0.053 0.287 0.315 
133    (0)   :  0.012 0.056 0.554 0.060 0.222 0.095 
134    (0)   :  0.026 0.026 0.567 0.032 0.088 0.261 
135    (0)   :  0.028 0.371 0.028 0.208 0.279 0.087 
136    (0)   :  0.013 0.678 0.022 0.032 0.162 0.093 
137    (0)   :  0.025 0.723 0.058 0.032 0.087 0.075 
138    (0)   :  0.007 0.736 0.024 0.052 0.087 0.094 
139    (0)   :  0.016 0.201 0.030 0.160 0.482 0.111 
140    (0)   :  0.012 0.441 0.045 0.114 0.213 0.176 
141    (0)   :  0.015 0.589 0.025 0.050 0.159 0.163 
142    (0)   :  0.026 0.412 0.028 0.236 0.218 0.079 
143    (0)   :  0.006 0.795 0.021 0.034 0.085 0.058 
144    (0)   :  0.023 0.730 0.055 0.035 0.088 0.069 
145    (0)   :  0.022 0.391 0.025 0.077 0.297 0.187 
146    (0)   :  0.012 0.451 0.067 0.091 0.192 0.188 
147    (0)   :  0.007 0.798 0.022 0.028 0.080 0.065 
148    (0)   :  0.022 0.493 0.043 0.084 0.240 0.118 
149    (0)   :  0.014 0.651 0.023 0.091 0.122 0.098 
150    (0)   :  0.032 0.518 0.094 0.046 0.206 0.104 
151    (0)   :  0.008 0.684 0.031 0.044 0.153 0.080 
152    (0)   :  0.017 0.428 0.036 0.140 0.226 0.154 
153    (0)   :  0.009 0.633 0.033 0.104 0.097 0.123 
154    (0)   :  0.013 0.624 0.025 0.054 0.196 0.088 
155    (0)   :  0.007 0.736 0.033 0.039 0.112 0.073 
156    (0)   :  0.014 0.572 0.040 0.178 0.132 0.063 
157    (0)   :  0.007 0.618 0.108 0.047 0.095 0.124 
158    (0)   :  0.023 0.489 0.025 0.060 0.219 0.184 
159    (0)   :  0.009 0.786 0.023 0.028 0.090 0.063 
160    (0)   :  0.009 0.750 0.022 0.028 0.127 0.064 
161    (0)   :  0.011 0.549 0.038 0.098 0.147 0.157 
162    (0)   :  0.012 0.338 0.054 0.087 0.325 0.184 
163    (0)   :  0.007 0.748 0.031 0.059 0.089 0.066 
164    (0)   :  0.010 0.353 0.051 0.042 0.422 0.122 
165    (0)   :  0.032 0.600 0.085 0.045 0.149 0.089 
166    (0)   :  0.007 0.462 0.105 0.128 0.147 0.151 
167    (0)   :  0.010 0.598 0.047 0.036 0.188 0.122 
168    (0)   :  0.008 0.608 0.028 0.097 0.107 0.152 
169    (0)   :  0.026 0.297 0.024 0.082 0.184 0.387 
170    (0)   :  0.009 0.515 0.036 0.151 0.210 0.078 
171    (0)   :  0.009 0.422 0.036 0.090 0.278 0.165 
172    (0)   :  0.017 0.408 0.023 0.250 0.117 0.184 
173    (0)   :  0.008 0.700 0.022 0.033 0.171 0.065 
174    (0)   :  0.007 0.712 0.032 0.031 0.130 0.086 
175    (0)   :  0.008 0.725 0.022 0.043 0.111 0.090 
176    (0)   :  0.025 0.733 0.053 0.035 0.086 0.069 
177    (0)   :  0.010 0.471 0.087 0.074 0.133 0.225 
178    (0)   :  0.008 0.609 0.033 0.033 0.184 0.132 
179    (0)   :  0.006 0.779 0.023 0.028 0.097 0.067 
180    (0)   :  0.013 0.550 0.041 0.074 0.163 0.159 
181    (0)   :  0.016 0.458 0.026 0.095 0.289 0.115 
182    (0)   :  0.011 0.535 0.024 0.059 0.309 0.061 
183    (0)   :  0.007 0.733 0.023 0.036 0.132 0.069 
184    (0)   :  0.010 0.044 0.034 0.039 0.754 0.121 
185    (0)   :  0.014 0.656 0.022 0.166 0.088 0.055 
186    (0)   :  0.008 0.042 0.060 0.042 0.719 0.129 
187    (0)   :  0.007 0.175 0.035 0.044 0.649 0.090 
188    (0)   :  0.008 0.034 0.046 0.037 0.776 0.099 
189    (0)   :  0.008 0.231 0.032 0.080 0.314 0.334 
190    (0)   :  0.012 0.195 0.023 0.422 0.300 0.048 
191    (0)   :  0.011 0.060 0.026 0.030 0.797 0.077 
192    (0)   :  0.009 0.209 0.061 0.051 0.555 0.114 
193    (0)   :  0.015 0.147 0.031 0.062 0.622 0.122 
194    (0)   :  0.009 0.198 0.077 0.140 0.469 0.108 
195    (0)   :  0.007 0.275 0.024 0.091 0.544 0.058 
196    (0)   :  0.013 0.149 0.033 0.217 0.515 0.072 
197    (0)   :  0.011 0.106 0.063 0.079 0.542 0.200 
198    (0)   :  0.008 0.121 0.048 0.078 0.530 0.214 
199    (0)   :  0.012 0.111 0.033 0.312 0.455 0.077 
200    (0)   :  0.034 0.130 0.030 0.163 0.503 0.139 
201    (0)   :  0.008 0.433 0.029 0.072 0.387 0.071 
202    (0)   :  0.010 0.434 0.040 0.212 0.243 0.061 
203    (0)   :  0.013 0.392 0.028 0.055 0.452 0.061 
204    (0)   :  0.008 0.106 0.024 0.078 0.728 0.056 
205    (0)   :  0.008 0.082 0.029 0.079 0.716 0.086 
206    (0)   :  0.008 0.090 0.026 0.051 0.763 0.062 
207    (0)   :  0.014 0.061 0.034 0.087 0.742 0.062 
208    (0)   :  0.010 0.227 0.028 0.086 0.584 0.065 
209    (0)   :  0.014 0.096 0.028 0.050 0.725 0.088 
210    (0)   :  0.009 0.110 0.032 0.055 0.729 0.066 
211    (0)   :  0.041 0.139 0.070 0.342 0.346 0.061 
212    (0)   :  0.010 0.482 0.024 0.095 0.284 0.104 
213    (0)   :  0.010 0.090 0.079 0.314 0.380 0.127 
214    (0)   :  0.014 0.482 0.030 0.092 0.309 0.073 
215    (0)   :  0.011 0.051 0.031 0.051 0.778 0.076 
216    (0)   :  0.010 0.058 0.040 0.052 0.699 0.140 
217    (0)   :  0.009 0.337 0.025 0.090 0.450 0.089 
218    (0)   :  0.008 0.081 0.030 0.039 0.759 0.082 
219    (0)   :  0.007 0.153 0.035 0.047 0.580 0.178 
220    (0)   :  0.009 0.060 0.026 0.037 0.808 0.060 
221    (0)   :  0.009 0.579 0.021 0.205 0.130 0.056 
222    (0)   :  0.008 0.086 0.043 0.048 0.626 0.189 
223    (0)   :  0.007 0.273 0.039 0.060 0.501 0.120 
224    (0)   :  0.009 0.250 0.030 0.058 0.588 0.065 
225    (0)   :  0.008 0.109 0.030 0.087 0.696 0.071 
226    (0)   :  0.011 0.109 0.034 0.064 0.574 0.207 
227    (0)   :  0.009 0.173 0.039 0.202 0.513 0.065 
228    (0)   :  0.017 0.260 0.024 0.223 0.419 0.057 
229    (0)   :  0.008 0.283 0.031 0.037 0.570 0.070 
230    (0)   :  0.011 0.203 0.030 0.045 0.649 0.062 
231    (0)   :  0.011 0.186 0.024 0.033 0.660 0.086 
232    (0)   :  0.011 0.204 0.048 0.167 0.425 0.146 
233    (0)   :  0.011 0.556 0.029 0.062 0.268 0.073 
234    (0)   :  0.011 0.133 0.040 0.043 0.634 0.139 
235    (0)   :  0.008 0.222 0.030 0.083 0.530 0.127 
236    (0)   :  0.012 0.326 0.037 0.060 0.473 0.093 
237    (0)   :  0.014 0.071 0.028 0.084 0.736 0.066 
238    (0)   :  0.010 0.454 0.043 0.101 0.299 0.093 
239    (0)   :  0.007 0.276 0.024 0.096 0.538 0.059 
240    (0)   :  0.011 0.453 0.043 0.103 0.297 0.094 
241    (0)   :  0.009 0.396 0.028 0.097 0.395 0.075 
242    (0)   :  0.010 0.130 0.028 0.058 0.609 0.166 
243    (0)   :  0.016 0.155 0.026 0.215 0.533 0.055 
244    (0)   :  0.013 0.305 0.027 0.053 0.541 0.061 
245    (0)   :  0.007 0.636 0.032 0.105 0.148 0.071 
246    (0)   :  0.009 0.342 0.025 0.092 0.443 0.089 
247    (0)   :  0.010 0.044 0.144 0.123 0.458 0.222 
248    (0)   :  0.012 0.044 0.042 0.060 0.768 0.074 
249    (0)   :  0.012 0.328 0.033 0.072 0.482 0.072 
250    (0)   :  0.010 0.213 0.039 0.049 0.602 0.087 
251    (0)   :  0.021 0.083 0.040 0.069 0.568 0.219 
252    (0)   :  0.007 0.169 0.031 0.078 0.632 0.083 
253    (0)   :  0.009 0.067 0.060 0.159 0.572 0.133 
254    (0)   :  0.008 0.089 0.039 0.051 0.689 0.124 
255    (0)   :  0.010 0.148 0.029 0.044 0.655 0.113 
256    (0)   :  0.011 0.220 0.030 0.109 0.553 0.077 
257    (0)   :  0.011 0.106 0.046 0.061 0.698 0.079 
258    (0)   :  0.012 0.089 0.044 0.134 0.612 0.110 
259    (0)   :  0.010 0.113 0.041 0.059 0.699 0.077 
260    (0)   :  0.009 0.266 0.051 0.052 0.451 0.171 
261    (0)   :  0.007 0.287 0.031 0.120 0.469 0.086 
262    (0)   :  0.010 0.314 0.021 0.240 0.351 0.063 
263    (0)   :  0.011 0.056 0.029 0.047 0.783 0.074 
264    (0)   :  0.012 0.037 0.040 0.054 0.464 0.393 
265    (0)   :  0.008 0.136 0.030 0.047 0.667 0.112 
266    (0)   :  0.009 0.606 0.022 0.142 0.165 0.056 
267    (0)   :  0.017 0.146 0.035 0.072 0.636 0.094 
268    (0)   :  0.013 0.148 0.034 0.221 0.512 0.072 
269    (0)   :  0.011 0.186 0.033 0.047 0.457 0.266 
270    (0)   :  0.010 0.059 0.040 0.043 0.732 0.117 
271    (0)   :  0.012 0.071 0.039 0.075 0.715 0.088 
272    (0)   :  0.016 0.082 0.038 0.103 0.597 0.164 
273    (0)   :  0.028 0.186 0.059 0.069 0.509 0.149 
274    (0)   :  0.009 0.090 0.033 0.048 0.698 0.123 
275    (0)   :  0.019 0.114 0.031 0.053 0.663 0.120 
276    (0)   :  0.020 0.071 0.042 0.167 0.555 0.146 
277    (0)   :  0.008 0.193 0.037 0.050 0.592 0.120 
278    (0)   :  0.013 0.072 0.030 0.079 0.730 0.076 
279    (0)   :  0.009 0.121 0.034 0.055 0.685 0.096 
280    (0)   :  0.011 0.119 0.030 0.097 0.549 0.194 
281    (0)   :  0.008 0.086 0.038 0.048 0.721 0.099 
282    (0)   :  0.009 0.437 0.042 0.048 0.345 0.120 
283    (0)   :  0.008 0.502 0.039 0.054 0.311 0.085 
284    (0)   :  0.016 0.224 0.064 0.094 0.492 0.110 
285    (0)   :  0.018 0.035 0.039 0.112 0.680 0.117 
286    (0)   :  0.013 0.307 0.028 0.055 0.536 0.062 
287    (0)   :  0.007 0.132 0.036 0.042 0.622 0.161 
288    (0)   :  0.011 0.072 0.031 0.049 0.689 0.148 
289    (0)   :  0.016 0.084 0.061 0.077 0.625 0.137 
290    (0)   :  0.038 0.099 0.037 0.263 0.334 0.230 
291    (0)   :  0.012 0.070 0.038 0.073 0.719 0.087 
292    (0)   :  0.009 0.160 0.028 0.224 0.410 0.169 
293    (0)   :  0.037 0.065 0.036 0.239 0.282 0.341 
294    (0)   :  0.009 0.051 0.027 0.068 0.761 0.085 
295    (0)   :  0.027 0.119 0.049 0.142 0.498 0.165 
296    (0)   :  0.011 0.066 0.032 0.052 0.768 0.072 
297    (0)   :  0.010 0.073 0.032 0.062 0.618 0.206 
298    (0)   :  0.009 0.299 0.044 0.040 0.498 0.111 
299    (0)   :  0.008 0.057 0.031 0.034 0.780 0.091 
300    (0)   :  0.013 0.048 0.027 0.071 0.744 0.097 
301    (0)   :  0.011 0.060 0.034 0.043 0.702 0.150 
302    (0)   :  0.013 0.057 0.029 0.111 0.705 0.084 
303    (0)   :  0.014 0.286 0.030 0.094 0.463 0.113 
304    (0)   :  0.014 0.370 0.070 0.054 0.250 0.242 
305    (0)   :  0.010 0.172 0.022 0.083 0.645 0.068 
306    (0)   :  0.008 0.337 0.028 0.083 0.425 0.119 
307    (0)   :  0.010 0.170 0.045 0.077 0.594 0.103 
308    (0)   :  0.007 0.289 0.031 0.119 0.468 0.086 
309    (0)   :  0.039 0.069 0.056 0.062 0.700 0.074 
310    (0)   :  0.012 0.227 0.026 0.123 0.549 0.063 
311    (0)   :  0.010 0.204 0.030 0.044 0.651 0.061 
312    (0)   :  0.009 0.061 0.034 0.054 0.782 0.060 
313    (0)   :  0.010 0.045 0.032 0.145 0.705 0.063 
314    (0)   :  0.008 0.790 0.020 0.048 0.072 0.061 
315    (0)   :  0.006 0.730 0.027 0.074 0.069 0.093 
316    (0)   :  0.008 0.723 0.030 0.046 0.079 0.114 
317    (0)   :  0.008 0.812 0.021 0.029 0.070 0.062 
318    (0)   :  0.007 0.814 0.021 0.023 0.068 0.067 
319    (0)   :  0.007 0.783 0.021 0.032 0.097 0.061 
320    (0)   :  0.008 0.791 0.021 0.048 0.072 0.060 
321    (0)   :  0.008 0.805 0.022 0.026 0.070 0.069 
322    (0)   :  0.009 0.704 0.030 0.069 0.085 0.103 
323    (0)   :  0.006 0.808 0.022 0.024 0.075 0.065 
324    (0)   :  0.008 0.807 0.021 0.026 0.069 0.068 
325    (0)   :  0.007 0.748 0.028 0.040 0.066 0.111 
326    (0)   :  0.009 0.749 0.030 0.041 0.064 0.107 
327    (0)   :  0.008 0.810 0.021 0.029 0.071 0.062 
328    (0)   :  0.007 0.723 0.028 0.057 0.084 0.102 
329    (0)   :  0.006 0.816 0.022 0.025 0.068 0.063 
330    (0)   :  0.007 0.811 0.021 0.029 0.069 0.063 
331    (0)   :  0.006 0.809 0.021 0.024 0.077 0.062 
332    (0)   :  0.008 0.736 0.030 0.038 0.065 0.123 
333    (0)   :  0.008 0.746 0.030 0.046 0.073 0.098 
334    (0)   :  0.007 0.723 0.028 0.056 0.083 0.103 
335    (0)   :  0.007 0.744 0.028 0.059 0.071 0.091 
336    (0)   :  0.008 0.798 0.022 0.035 0.068 0.069 
337    (0)   :  0.009 0.729 0.029 0.049 0.071 0.114 
338    (0)   :  0.007 0.811 0.022 0.022 0.068 0.069 
339    (0)   :  0.006 0.809 0.021 0.025 0.077 0.062 
340    (0)   :  0.006 0.812 0.021 0.026 0.077 0.058 
341    (0)   :  0.008 0.798 0.022 0.026 0.084 0.062 
342    (0)   :  0.008 0.809 0.021 0.028 0.071 0.063 
343    (0)   :  0.007 0.692 0.028 0.104 0.072 0.097 
344    (0)   :  0.006 0.818 0.021 0.023 0.068 0.064 
345    (0)   :  0.007 0.809 0.021 0.029 0.071 0.063 
346    (0)   :  0.007 0.820 0.021 0.024 0.066 0.061 
347    (0)   :  0.006 0.823 0.021 0.025 0.068 0.058 
348    (0)   :  0.007 0.692 0.026 0.120 0.072 0.083 
349    (0)   :  0.007 0.810 0.021 0.028 0.070 0.063 
350    (0)   :  0.006 0.780 0.020 0.041 0.091 0.061 
351    (0)   :  0.007 0.743 0.027 0.059 0.071 0.093 
352    (0)   :  0.008 0.740 0.027 0.056 0.070 0.099 
353    (0)   :  0.008 0.799 0.022 0.035 0.067 0.069 
354    (0)   :  0.007 0.804 0.022 0.024 0.078 0.064 
355    (0)   :  0.007 0.816 0.021 0.023 0.066 0.067 
356    (0)   :  0.007 0.655 0.027 0.155 0.076 0.081 
357    (0)   :  0.010 0.459 0.032 0.044 0.119 0.336 
358    (0)   :  0.007 0.752 0.030 0.039 0.067 0.106 
359    (0)   :  0.006 0.808 0.022 0.024 0.077 0.063 
360    (0)   :  0.007 0.820 0.021 0.024 0.067 0.061 
361    (0)   :  0.013 0.398 0.032 0.063 0.146 0.348 
362    (0)   :  0.014 0.058 0.080 0.062 0.320 0.466 
363    (0)   :  0.013 0.043 0.120 0.065 0.177 0.582 
364    (0)   :  0.024 0.216 0.054 0.057 0.350 0.299 
365    (0)   :  0.073 0.054 0.045 0.054 0.204 0.569 
366    (0)   :  0.028 0.103 0.036 0.236 0.211 0.385 
367    (0)   :  0.010 0.030 0.362 0.032 0.088 0.477 
368    (0)   :  0.011 0.050 0.097 0.032 0.634 0.177 
369    (0)   :  0.034 0.199 0.041 0.244 0.198 0.283 
370    (0)   :  0.024 0.064 0.283 0.051 0.444 0.135 
371    (0)   :  0.033 0.087 0.054 0.067 0.478 0.281 
372    (0)   :  0.051 0.075 0.109 0.050 0.612 0.104 
373    (0)   :  0.027 0.095 0.180 0.054 0.273 0.372 
374    (0)   :  0.051 0.251 0.054 0.049 0.215 0.381 
375    (0)   :  0.021 0.041 0.142 0.034 0.272 0.491 
376    (0)   :  0.010 0.035 0.049 0.032 0.086 0.788 
377    (0)   :  0.017 0.057 0.060 0.060 0.423 0.383 
378    (0)   :  0.015 0.181 0.446 0.041 0.188 0.130 
379    (0)   :  0.023 0.033 0.071 0.043 0.092 0.738 
380    (0)   :  0.017 0.122 0.028 0.106 0.178 0.549 
381    (0)   :  0.014 0.105 0.025 0.126 0.112 0.618 
382    (0)   :  0.012 0.049 0.107 0.031 0.148 0.652 
383    (0)   :  0.023 0.132 0.030 0.037 0.154 0.623 
384    (0)   :  0.044 0.109 0.113 0.043 0.220 0.471 
385    (0)   :  0.503 0.138 0.034 0.026 0.152 0.147 
386    (0)   :  0.011 0.043 0.098 0.045 0.141 0.663 
387    (0)   :  0.013 0.058 0.107 0.057 0.148 0.617 
388    (0)   :  0.056 0.182 0.077 0.034 0.386 0.265 
389    (0)   :  0.139 0.047 0.055 0.104 0.558 0.098 
390    (0)   :  0.027 0.042 0.256 0.209 0.109 0.358 
391    (0)   :  0.163 0.080 0.140 0.169 0.242 0.206 
392    (0)   :  0.009 0.098 0.054 0.046 0.192 0.602 
393    (0)   :  0.014 0.086 0.044 0.164 0.098 0.594 
394    (0)   :  0.008 0.227 0.116 0.044 0.219 0.386 
395    (0)   :  0.010 0.047 0.084 0.287 0.246 0.326 
396    (0)   :  0.010 0.032 0.095 0.034 0.248 0.582 
397    (0)   :  0.007 0.082 0.034 0.045 0.674 0.157 
398    (0)   :  0.007 0.034 0.092 0.044 0.103 0.720 
399    (0)   :  0.027 0.046 0.445 0.092 0.132 0.258 
400    (0)   :  0.013 0.067 0.109 0.052 0.111 0.647 
401    (0)   :  0.015 0.073 0.285 0.169 0.141 0.316 
402    (0)   :  0.017 0.063 0.096 0.164 0.367 0.293 
403    (0)   :  0.037 0.319 0.085 0.054 0.292 0.213 
404    (0)   :  0.032 0.098 0.070 0.064 0.291 0.446 
405    (0)   :  0.009 0.076 0.045 0.086 0.284 0.500 
406    (0)   :  0.007 0.069 0.029 0.600 0.088 0.207 
407    (0)   :  0.008 0.033 0.036 0.034 0.101 0.789 
408    (0)   :  0.008 0.030 0.380 0.204 0.244 0.135 
409    (0)   :  0.017 0.172 0.061 0.445 0.094 0.212 
410    (0)   :  0.019 0.087 0.118 0.067 0.175 0.534 
411    (0)   :  0.012 0.152 0.062 0.120 0.113 0.542 
412    (0)   :  0.013 0.047 0.114 0.032 0.488 0.307 
413    (0)   :  0.008 0.131 0.147 0.041 0.385 0.288 
414    (0)   :  0.035 0.034 0.207 0.037 0.376 0.311 
415    (0)   :  0.011 0.050 0.048 0.096 0.111 0.684 
416    (0)   :  0.071 0.078 0.075 0.099 0.158 0.520 
417    (0)   :  0.008 0.040 0.054 0.037 0.103 0.758 
418    (0)   :  0.009 0.038 0.230 0.029 0.196 0.498 
419    (0)   :  0.056 0.174 0.131 0.143 0.186 0.310 
420    (0)   :  0.011 0.039 0.211 0.325 0.105 0.308 
421    (0)   :  0.009 0.044 0.090 0.045 0.211 0.601 
422    (0)   :  0.010 0.044 0.037 0.146 0.410 0.353 
423    (0)   :  0.009 0.062 0.061 0.064 0.216 0.588 
424    (0)   :  0.019 0.066 0.462 0.156 0.096 0.201 
425    (0)   :  0.115 0.091 0.073 0.046 0.333 0.343 
426    (0)   :  0.048 0.092 0.329 0.051 0.179 0.301 
427    (0)   :  0.010 0.121 0.086 0.055 0.076 0.652 
428    (0)   :  0.011 0.109 0.041 0.148 0.293 0.399 
429    (0)   :  0.008 0.030 0.111 0.028 0.086 0.737 
430    (0)   :  0.009 0.039 0.053 0.050 0.113 0.736 
431    (0)   :  0.020 0.072 0.235 0.047 0.359 0.268 
432    (0)   :  0.010 0.055 0.106 0.040 0.579 0.211 
433    (0)   :  0.009 0.247 0.118 0.087 0.419 0.120 
434    (0)   :  0.017 0.095 0.040 0.071 0.401 0.376 
435    (0)   :  0.006 0.033 0.057 0.048 0.088 0.768 
436    (0)   :  0.010 0.059 0.132 0.073 0.058 0.668 
437    (0)   :  0.007 0.038 0.036 0.032 0.119 0.767 
438    (0)   :  0.008 0.063 0.116 0.426 0.078 0.309 
439    (0)   :  0.009 0.047 0.058 0.045 0.063 0.778 
440    (0)   :  0.009 0.028 0.057 0.044 0.063 0.799 
441    (0)   :  0.011 0.091 0.063 0.060 0.119 0.657 
442    (0)   :  0.037 0.040 0.071 0.065 0.127 0.659 
443    (0)   :  0.015 0.034 0.358 0.215 0.084 0.296 
444    (0)   :  0.028 0.039 0.058 0.077 0.104 0.694 
445    (0)   :  0.010 0.102 0.053 0.297 0.123 0.416 
446    (0)   :  0.009 0.039 0.223 0.052 0.073 0.604 
447    (0)   :  0.032 0.079 0.045 0.140 0.121 0.582 
448    (0)   :  0.009 0.040 0.048 0.049 0.126 0.729 
449    (0)   :  0.009 0.063 0.044 0.065 0.153 0.666 
450    (0)   :  0.012 0.074 0.065 0.029 0.107 0.712 
451    (0)   :  0.010 0.028 0.361 0.060 0.221 0.320 
452    (0)   :  0.009 0.059 0.053 0.030 0.090 0.758 
453    (0)   :  0.014 0.051 0.090 0.600 0.120 0.125 
454    (0)   :  0.010 0.075 0.059 0.047 0.118 0.692 
455    (0)   :  0.009 0.037 0.109 0.178 0.068 0.599 
456    (0)   :  0.013 0.035 0.066 0.175 0.106 0.605 
457    (0)   :  0.007 0.041 0.033 0.035 0.096 0.789 
458    (0)   :  0.010 0.045 0.065 0.044 0.090 0.746 
459    (0)   :  0.009 0.102 0.249 0.107 0.065 0.468 
460    (0)   :  0.009 0.037 0.242 0.055 0.061 0.595 
461    (0)   :  0.009 0.039 0.469 0.029 0.067 0.388 
462    (0)   :  0.103 0.028 0.164 0.100 0.119 0.486 
463    (0)   :  0.008 0.047 0.053 0.542 0.103 0.248 
464    (0)   :  0.008 0.035 0.177 0.118 0.077 0.584 
465    (0)   :  0.010 0.046 0.360 0.108 0.139 0.336 
466    (0)   :  0.007 0.037 0.135 0.326 0.119 0.376 
467    (0)   :  0.014 0.064 0.164 0.156 0.131 0.471 
468    (0)   :  0.007 0.036 0.030 0.096 0.080 0.751 
469    (0)   :  0.008 0.039 0.039 0.049 0.058 0.808 
470    (0)   :  0.006 0.035 0.083 0.043 0.068 0.765 
471    (0)   :  0.045 0.043 0.097 0.226 0.172 0.417 
472    (0)   :  0.014 0.045 0.095 0.144 0.169 0.532 
473    (0)   :  0.008 0.065 0.045 0.067 0.215 0.600 
474    (0)   :  0.010 0.060 0.054 0.067 0.098 0.712 
475    (0)   :  0.010 0.075 0.261 0.107 0.138 0.408 
476    (0)   :  0.008 0.045 0.072 0.068 0.070 0.737 
477    (0)   :  0.018 0.067 0.368 0.124 0.125 0.297 
478    (0)   :  0.013 0.034 0.699 0.035 0.071 0.148 
479    (0)   :  0.008 0.033 0.065 0.037 0.067 0.790 
480    (0)   :  0.007 0.039 0.039 0.032 0.067 0.817 
481    (0)   :  0.026 0.040 0.047 0.061 0.364 0.461 
482    (0)   :  0.007 0.033 0.084 0.029 0.065 0.782 
483    (0)   :  0.010 0.047 0.126 0.066 0.069 0.681 
484    (0)   :  0.013 0.047 0.073 0.298 0.119 0.450 
485    (0)   :  0.008 0.037 0.118 0.092 0.061 0.682 
486    (0)   :  0.048 0.055 0.103 0.122 0.477 0.195 
487    (0)   :  0.025 0.125 0.054 0.076 0.533 0.188 
488    (0)   :  0.059 0.084 0.162 0.053 0.516 0.126 
489    (0)   :  0.028 0.148 0.033 0.153 0.456 0.182 
490    (0)   :  0.021 0.038 0.299 0.123 0.263 0.257 
491    (0)   :  0.050 0.091 0.032 0.058 0.668 0.102 
492    (0)   :  0.035 0.252 0.245 0.156 0.196 0.115 
493    (0)   :  0.063 0.063 0.058 0.052 0.645 0.119 
494    (0)   :  0.033 0.089 0.045 0.070 0.601 0.164 
495    (0)   :  0.093 0.170 0.270 0.112 0.213 0.141 
496    (0)   :  0.008 0.288 0.076 0.175 0.313 0.141 
497    (0)   :  0.109 0.091 0.037 0.034 0.620 0.109 
498    (0)   :  0.247 0.066 0.087 0.128 0.277 0.195 
499    (0)   :  0.015 0.176 0.036 0.064 0.579 0.130 
500    (0)   :  0.012 0.058 0.040 0.046 0.623 0.220 
501    (0)   :  0.014 0.192 0.086 0.071 0.359 0.279 
502    (0)   :  0.039 0.230 0.161 0.051 0.336 0.184 
503    (0)   :  0.010 0.048 0.047 0.044 0.343 0.507 
504    (0)   :  0.077 0.056 0.312 0.096 0.315 0.144 
505    (0)   :  0.022 0.097 0.058 0.155 0.561 0.106 
506    (0)   :  0.069 0.168 0.132 0.057 0.405 0.169 
507    (0)   :  0.007 0.491 0.025 0.120 0.282 0.076 
508    (0)   :  0.014 0.460 0.037 0.168 0.253 0.067 
509    (0)   :  0.011 0.126 0.043 0.098 0.628 0.094 
510    (0)   :  0.013 0.261 0.060 0.059 0.386 0.221 
511    (0)   :  0.040 0.062 0.091 0.088 0.231 0.488 
512    (0)   :  0.026 0.042 0.086 0.038 0.201 0.607 
513    (0)   :  0.603 0.062 0.081 0.066 0.138 0.050 
514    (0)   :  0.010 0.070 0.306 0.072 0.375 0.166 
515    (0)   :  0.014 0.149 0.043 0.145 0.229 0.421 
516    (0)   :  0.012 0.063 0.177 0.123 0.519 0.106 
517    (0)   :  0.009 0.135 0.074 0.305 0.195 0.282 
518    (0)   :  0.009 0.138 0.032 0.036 0.615 0.170 
519    (0)   :  0.018 0.085 0.370 0.094 0.237 0.195 
520    (0)   :  0.008 0.206 0.030 0.374 0.157 0.225 
521    (0)   :  0.012 0.320 0.169 0.095 0.265 0.139 
522    (0)   :  0.013 0.058 0.052 0.244 0.168 0.466 
523    (0)   :  0.007 0.117 0.062 0.545 0.158 0.111 
524    (0)   :  0.007 0.090 0.048 0.138 0.225 0.492 
525    (0)   :  0.008 0.176 0.034 0.116 0.359 0.307 
526    (0)   :  0.006 0.061 0.029 0.571 0.107 0.226 
527    (0)   :  0.018 0.056 0.083 0.042 0.509 0.291 
528    (0)   :  0.009 0.460 0.050 0.085 0.302 0.093 
529    (0)   :  0.012 0.084 0.042 0.040 0.717 0.104 
530    (0)   :  0.018 0.093 0.039 0.159 0.191 0.500 
531    (0)   :  0.012 0.369 0.045 0.126 0.147 0.301 
532    (0)   :  0.013 0.263 0.062 0.073 0.419 0.171 
533    (0)   :  0.009 0.069 0.037 0.117 0.428 0.341 
534    (0)   :  0.015 0.087 0.063 0.156 0.613 0.066 
535    (0)   :  0.008 0.063 0.087 0.496 0.132 0.214 
536    (0)   :  0.017 0.153 0.076 0.268 0.205 0.281 
537    (0)   :  0.019 0.187 0.047 0.458 0.174 0.114 
538    (0)   :  0.011 0.159 0.047 0.317 0.294 0.172 
539    (0)   :  0.011 0.608 0.030 0.093 0.173 0.085 
540    (0)   :  0.014 0.186 0.045 0.227 0.308 0.220 
541    (0)   :  0.018 0.460 0.093 0.096 0.178 0.154 
542    (0)   :  0.022 0.050 0.035 0.504 0.189 0.200 
543    (0)   :  0.016 0.172 0.204 0.319 0.178 0.110 
544    (0)   :  0.011 0.077 0.035 0.589 0.142 0.146 
545    (0)   :  0.011 0.036 0.049 0.663 0.090 0.152 
546    (0)   :  0.043 0.109 0.044 0.333 0.325 0.146 
547    (0)   :  0.009 0.076 0.043 0.717 0.074 0.081 
548    (0)   :  0.010 0.213 0.039 0.047 0.604 0.086 
549    (0)   :  0.012 0.300 0.039 0.378 0.087 0.183 
550    (0)   :  0.017 0.054 0.071 0.493 0.078 0.287 
551    (0)   :  0.011 0.501 0.065 0.160 0.118 0.145 
552    (0)   :  0.011 0.139 0.029 0.220 0.466 0.135 
553    (0)   :  0.013 0.147 0.074 0.593 0.107 0.066 
554    (0)   :  0.019 0.139 0.122 0.134 0.266 0.321 
555    (0)   :  0.046 0.298 0.044 0.262 0.238 0.113 
556    (0)   :  0.013 0.101 0.042 0.318 0.381 0.145 
557    (0)   :  0.013 0.077 0.113 0.463 0.076 0.258 
558    (0)   :  0.007 0.035 0.081 0.027 0.060 0.790 
559    (0)   :  0.010 0.048 0.170 0.071 0.524 0.177 
560    (0)   :  0.017 0.027 0.353 0.043 0.093 0.467 
561    (0)   :  0.019 0.036 0.099 0.086 0.248 0.511 
562    (0)   :  0.022 0.027 0.243 0.087 0.236 0.386 
563    (0)   :  0.022 0.142 0.417 0.131 0.090 0.199 
564    (0)   :  0.011 0.053 0.064 0.112 0.588 0.172 
565    (0)   :  0.008 0.039 0.033 0.033 0.090 0.797 
566    (0)   :  0.011 0.028 0.422 0.041 0.088 0.410 
567    (0)   :  0.013 0.036 0.071 0.065 0.659 0.156 
568    (0)   :  0.008 0.054 0.173 0.131 0.300 0.333 
569    (0)   :  0.012 0.057 0.108 0.173 0.149 0.501 
570    (0)   :  0.007 0.030 0.063 0.026 0.093 0.782 
571    (0)   :  0.008 0.044 0.525 0.047 0.173 0.203 
572    (0)   :  0.022 0.149 0.029 0.435 0.145 0.220 
573    (0)   :  0.008 0.051 0.050 0.087 0.498 0.305 
574    (0)   :  0.013 0.128 0.040 0.066 0.179 0.574 
575    (0)   :  0.010 0.104 0.270 0.107 0.197 0.313 
576    (0)   :  0.030 0.029 0.320 0.033 0.139 0.450 
577    (0)   :  0.013 0.111 0.049 0.056 0.229 0.542 
578    (0)   :  0.021 0.048 0.267 0.056 0.159 0.450 
579    (0)   :  0.053 0.040 0.068 0.059 0.314 0.466 
580    (0)   :  0.010 0.066 0.046 0.040 0.176 0.662 
581    (0)   :  0.009 0.055 0.083 0.042 0.125 0.685 
582    (0)   :  0.008 0.032 0.130 0.065 0.084 0.680 
583    (0)   :  0.010 0.044 0.380 0.039 0.223 0.304 
584    (0)   :  0.012 0.034 0.336 0.035 0.169 0.415 
585    (0)   :  0.026 0.038 0.167 0.043 0.148 0.578 
586    (0)   :  0.011 0.058 0.528 0.063 0.208 0.131 
587    (0)   :  0.014 0.031 0.066 0.083 0.306 0.500 
588    (0)   :  0.013 0.039 0.033 0.140 0.716 0.060 
589    (0)   :  0.009 0.035 0.051 0.109 0.122 0.675 
590    (0)   :  0.017 0.040 0.332 0.043 0.394 0.174 
591    (0)   :  0.009 0.047 0.324 0.045 0.330 0.246 
592    (0)   :  0.010 0.036 0.166 0.183 0.259 0.346 
593    (0)   :  0.008 0.069 0.105 0.079 0.262 0.477 
594    (0)   :  0.012 0.073 0.177 0.049 0.500 0.188 
595    (0)   :  0.106 0.031 0.057 0.027 0.330 0.449 
596    (0)   :  0.013 0.060 0.070 0.191 0.384 0.283 
597    (0)   :  0.009 0.179 0.543 0.084 0.101 0.085 
598    (0)   :  0.006 0.032 0.048 0.028 0.067 0.819 
599    (0)   :  0.007 0.029 0.293 0.092 0.188 0.391 
600    (0)   :  0.013 0.079 0.042 0.081 0.178 0.607 
601    (0)   :  0.010 0.030 0.116 0.075 0.125 0.644 
602    (0)   :  0.012 0.081 0.051 0.040 0.681 0.136 
603    (0)   :  0.011 0.081 0.062 0.047 0.673 0.126 
604    (0)   :  0.034 0.089 0.055 0.058 0.279 0.485 
605    (0)   :  0.016 0.052 0.071 0.092 0.403 0.367 
606    (0)   :  0.013 0.112 0.081 0.084 0.479 0.231 
607    (0)   :  0.013 0.184 0.038 0.033 0.400 0.331 
608    (0)   :  0.009 0.406 0.080 0.050 0.162 0.294 
609    (0)   :  0.015 0.067 0.055 0.079 0.179 0.605 
610    (0)   :  0.012 0.051 0.040 0.144 0.175 0.578 
611    (0)   :  0.010 0.105 0.088 0.093 0.548 0.157 
612    (0)   :  0.009 0.044 0.033 0.064 0.093 0.757 
613    (0)   :  0.016 0.061 0.058 0.116 0.347 0.403 
614    (0)   :  0.024 0.043 0.027 0.041 0.189 0.676 
615    (0)   :  0.009 0.074 0.028 0.049 0.199 0.641 
616    (0)   :  0.010 0.122 0.048 0.033 0.465 0.323 
617    (0)   :  0.109 0.044 0.053 0.074 0.215 0.505 
618    (0)   :  0.037 0.146 0.031 0.078 0.258 0.450 
619    (0)   :  0.008 0.125 0.097 0.153 0.255 0.363 
620    (0)   :  0.013 0.028 0.168 0.154 0.360 0.277 
621    (0)   :  0.013 0.044 0.180 0.034 0.260 0.468 
622    (0)   :  0.181 0.089 0.041 0.073 0.311 0.306 
623    (0)   :  0.011 0.044 0.108 0.070 0.451 0.316 
624    (0)   :  0.011 0.145 0.047 0.042 0.125 0.630 
625    (0)   :  0.050 0.137 0.082 0.037 0.185 0.509 
626    (0)   :  0.010 0.314 0.028 0.239 0.154 0.256 
627    (0)   :  0.019 0.059 0.084 0.081 0.414 0.343 
628    (0)   :  0.044 0.061 0.127 0.051 0.463 0.254 
629    (0)   :  0.016 0.064 0.079 0.045 0.521 0.275 
630    (0)   :  0.020 0.058 0.056 0.052 0.204 0.609 
631    (0)   :  0.011 0.060 0.040 0.034 0.327 0.528 
632    (0)   :  0.019 0.205 0.041 0.113 0.444 0.178 
633    (0)   :  0.028 0.117 0.056 0.043 0.214 0.542 
634    (0)   :  0.012 0.152 0.076 0.094 0.350 0.316 
635    (0)   :  0.009 0.374 0.033 0.056 0.315 0.214 
636    (0)   :  0.011 0.221 0.055 0.049 0.175 0.488 
637    (0)   :  0.019 0.086 0.056 0.344 0.268 0.228 
638    (0)   :  0.010 0.085 0.060 0.036 0.603 0.206 
639    (0)   :  0.025 0.091 0.033 0.045 0.326 0.480 
640    (0)   :  0.056 0.063 0.248 0.031 0.243 0.359 
641    (0)   :  0.012 0.063 0.044 0.036 0.577 0.268 
642    (0)   :  0.013 0.360 0.048 0.168 0.239 0.172 
643    (0)   :  0.010 0.661 0.056 0.051 0.114 0.107 
644    (0)   :  0.011 0.504 0.084 0.059 0.234 0.108 
645    (0)   :  0.015 0.424 0.022 0.075 0.176 0.288 
646    (0)   :  0.038 0.100 0.053 0.134 0.490 0.185 
647    (0)   :  0.041 0.276 0.121 0.144 0.289 0.129 
648    (0)   :  0.038 0.215 0.033 0.109 0.464 0.142 
649    (0)   :  0.012 0.103 0.047 0.159 0.592 0.087 
650    (0)   :  0.012 0.122 0.074 0.102 0.581 0.109 
651    (0)   :  0.040 0.262 0.042 0.032 0.523 0.102 
652    (0)   :  0.009 0.476 0.042 0.052 0.300 0.120 
653    (0)   :  0.024 0.283 0.036 0.129 0.389 0.140 
654    (0)   :  0.042 0.334 0.032 0.207 0.266 0.119 
655    (0)   :  0.009 0.471 0.129 0.067 0.157 0.167 
656    (0)   :  0.035 0.177 0.040 0.150 0.460 0.138 
657    (0)   :  0.010 0.152 0.040 0.049 0.443 0.306 
658    (0)   :  0.009 0.189 0.144 0.178 0.232 0.248 
659    (0)   :  0.017 0.394 0.040 0.134 0.264 0.151 
660    (0)   :  0.009 0.384 0.040 0.098 0.378 0.091 
661    (0)   :  0.013 0.468 0.030 0.190 0.167 0.132 
662    (0)   :  0.015 0.076 0.051 0.250 0.534 0.074 
663    (0)   :  0.008 0.374 0.050 0.053 0.400 0.115 
664    (0)   :  0.016 0.193 0.235 0.140 0.151 0.265 
665    (0)   :  0.010 0.100 0.042 0.157 0.603 0.088 
666    (0)   :  0.010 0.308 0.041 0.147 0.351 0.142 
667    (0)   :  0.140 0.091 0.076 0.071 0.469 0.152 
668    (0)   :  0.014 0.367 0.045 0.105 0.254 0.215 
669    (0)   :  0.009 0.138 0.037 0.068 0.663 0.085 
670    (0)   :  0.006 0.675 0.026 0.048 0.178 0.066 
671    (0)   :  0.009 0.469 0.039 0.083 0.312 0.088 
672    (0)   :  0.007 0.604 0.081 0.109 0.067 0.131 
673    (0)   :  0.006 0.799 0.023 0.025 0.079 0.068 
674    (0)   :  0.011 0.570 0.024 0.063 0.207 0.124 
675    (0)   :  0.024 0.731 0.056 0.035 0.086 0.068 
676    (0)   :  0.007 0.805 0.023 0.029 0.073 0.063 
677    (0)   :  0.007 0.562 0.023 0.204 0.145 0.059 
678    (0)   :  0.007 0.798 0.027 0.024 0.077 0.066 
679    (0)   :  0.009 0.645 0.024 0.026 0.165 0.130 
680    (0)   :  0.013 0.695 0.024 0.045 0.116 0.106 
681    (0)   :  0.020 0.209 0.030 0.370 0.161 0.210 
682    (0)   :  0.009 0.723 0.025 0.051 0.080 0.112 
683    (0)   :  0.007 0.721 0.027 0.059 0.125 0.063 
684    (0)   :  0.008 0.786 0.027 0.029 0.083 0.067 
685    (0)   :  0.006 0.808 0.022 0.032 0.073 0.058 
686    (0)   :  0.010 0.472 0.026 0.222 0.167 0.104 
687    (0)   :  0.007 0.467 0.038 0.105 0.301 0.081 
688    (0)   :  0.008 0.702 0.035 0.044 0.124 0.086 
689    (0)   :  0.006 0.803 0.021 0.030 0.080 0.060 
690    (0)   :  0.007 0.805 0.023 0.029 0.073 0.064 
691    (0)   :  0.012 0.648 0.024 0.046 0.150 0.119 
692    (0)   :  0.008 0.702 0.035 0.031 0.130 0.094 
693    (0)   :  0.010 0.705 0.050 0.041 0.092 0.102 
694    (0)   :  0.006 0.813 0.021 0.034 0.073 0.054 
695    (0)   :  0.007 0.724 0.028 0.087 0.065 0.089 
696    (0)   :  0.008 0.703 0.034 0.043 0.125 0.087 
697    (0)   :  0.007 0.776 0.021 0.039 0.093 0.064 
698    (0)   :  0.007 0.792 0.022 0.031 0.084 0.064 
699    (0)   :  0.007 0.563 0.024 0.250 0.080 0.076 
700    (0)   :  0.013 0.602 0.051 0.165 0.087 0.083 
701    (0)   :  0.008 0.576 0.033 0.070 0.193 0.120 
702    (0)   :  0.011 0.553 0.037 0.130 0.129 0.140 
703    (0)   :  0.009 0.696 0.024 0.060 0.099 0.112 
704    (0)   :  0.007 0.701 0.032 0.065 0.115 0.079 
705    (0)   :  0.017 0.305 0.034 0.360 0.162 0.122 
706    (0)   :  0.010 0.694 0.022 0.080 0.097 0.098 
707    (0)   :  0.007 0.752 0.021 0.054 0.100 0.066 
708    (0)   :  0.010 0.773 0.023 0.036 0.096 0.062 
709    (0)   :  0.009 0.716 0.027 0.115 0.068 0.065 
710    (0)   :  0.006 0.811 0.021 0.038 0.065 0.058 
711    (0)   :  0.009 0.611 0.022 0.136 0.131 0.091 
712    (0)   :  0.010 0.676 0.020 0.136 0.103 0.055 
713    (0)   :  0.008 0.706 0.034 0.050 0.126 0.076 
714    (0)   :  0.019 0.584 0.026 0.038 0.209 0.124 
715    (0)   :  0.007 0.755 0.021 0.084 0.077 0.056 
