

----------------------------------------------------
STRUCTURE by Pritchard, Stephens and Donnelly (2000)
     and Falush, Stephens and Pritchard (2003)
       Code by Pritchard, Falush and Hubisz
             Version 2.3.4 (Jul 2012)
----------------------------------------------------



Command line arguments:   ./structure -K 4 -D 104013 -m brooktrout/mainparams -e brooktrout/extraparams -o brooktrout/250914_output/results_K4_rep13 
Input File:    brooktrout/brooktrout.txt

Run parameters:
   8454 individuals
   5 loci
   4 populations assumed
   50000 Burn-in period
   100000 Reps
RANDOMIZE turned off


--------------------------------------------
Overall proportion of membership of the
sample in each of the 4 clusters

Inferred Clusters
  1      2      3      4    
0.159  0.191  0.372  0.277  

--------------------------------------------

Allele-freq. divergence among pops (Net nucleotide distance),
computed using point estimates of P.

      1       2       3       4      
 1      -    0.0654  0.0485  0.0738  
 2   0.0654     -    0.0825  0.1045  
 3   0.0485  0.0825     -    0.0302  
 4   0.0738  0.1045  0.0302     -    

Average distances (expected heterozygosity) between individuals in same cluster:
cluster  1  : 0.8146 
cluster  2  : 0.7425 
cluster  3  : 0.8348 
cluster  4  : 0.8047 

--------------------------------------------
Estimated Ln Prob of Data   = -178693.3
Mean value of ln likelihood = -173291.0
Variance of ln likelihood   = 10804.6

Mean value of alpha_1       = 0.1291
Mean value of alpha_2       = 0.1570
Mean value of alpha_3       = 0.3041
Mean value of alpha_4       = 0.2319
Allele frequencies uncorrelated


Inferred ancestry of individuals:
     (%Miss) :  Inferred clusters
  1    (0)   :  0.131 0.242 0.263 0.364 
  2    (0)   :  0.144 0.042 0.738 0.076 
  3    (0)   :  0.120 0.143 0.146 0.591 
  4    (0)   :  0.079 0.650 0.208 0.062 
  5    (0)   :  0.088 0.038 0.787 0.087 
  6    (0)   :  0.031 0.039 0.120 0.811 
  7    (0)   :  0.021 0.037 0.778 0.164 
  8    (0)   :  0.046 0.339 0.297 0.318 
  9    (0)   :  0.131 0.089 0.359 0.421 
 10    (0)   :  0.025 0.144 0.428 0.403 
 11    (0)   :  0.024 0.037 0.670 0.269 
 12    (0)   :  0.122 0.069 0.703 0.105 
 13    (0)   :  0.055 0.072 0.702 0.170 
 14    (0)   :  0.367 0.102 0.371 0.160 
 15    (0)   :  0.093 0.187 0.589 0.131 
 16    (0)   :  0.039 0.064 0.221 0.676 
 17    (0)   :  0.072 0.061 0.534 0.333 
 18    (0)   :  0.139 0.102 0.218 0.541 
 19    (0)   :  0.042 0.053 0.309 0.595 
 20    (0)   :  0.093 0.057 0.674 0.176 
 21    (0)   :  0.263 0.231 0.264 0.241 
 22    (0)   :  0.042 0.073 0.120 0.765 
 23    (0)   :  0.370 0.181 0.362 0.087 
 24    (0)   :  0.076 0.207 0.203 0.513 
 25    (0)   :  0.037 0.028 0.757 0.177 
 26    (0)   :  0.124 0.126 0.372 0.378 
 27    (0)   :  0.092 0.102 0.454 0.353 
 28    (0)   :  0.050 0.301 0.412 0.237 
 29    (0)   :  0.099 0.053 0.718 0.130 
 30    (0)   :  0.071 0.053 0.099 0.777 
 31    (0)   :  0.091 0.125 0.568 0.216 
 32    (0)   :  0.167 0.160 0.408 0.266 
 33    (0)   :  0.144 0.144 0.180 0.532 
 34    (0)   :  0.024 0.058 0.424 0.494 
 35    (0)   :  0.250 0.045 0.220 0.485 
 36    (0)   :  0.461 0.044 0.083 0.412 
 37    (0)   :  0.173 0.206 0.440 0.181 
 38    (0)   :  0.089 0.026 0.099 0.786 
 39    (0)   :  0.116 0.046 0.194 0.643 
 40    (0)   :  0.620 0.114 0.105 0.161 
 41    (0)   :  0.398 0.044 0.103 0.455 
 42    (0)   :  0.275 0.379 0.103 0.243 
 43    (0)   :  0.546 0.085 0.249 0.120 
 44    (0)   :  0.577 0.030 0.097 0.295 
 45    (0)   :  0.378 0.029 0.155 0.438 
 46    (0)   :  0.103 0.036 0.238 0.623 
 47    (0)   :  0.102 0.067 0.255 0.576 
 48    (0)   :  0.638 0.029 0.070 0.263 
 49    (0)   :  0.188 0.063 0.268 0.482 
 50    (0)   :  0.064 0.091 0.237 0.608 
 51    (0)   :  0.823 0.027 0.054 0.096 
 52    (0)   :  0.081 0.059 0.189 0.671 
 53    (0)   :  0.054 0.057 0.085 0.804 
 54    (0)   :  0.346 0.075 0.421 0.158 
 55    (0)   :  0.639 0.042 0.214 0.105 
 56    (0)   :  0.427 0.060 0.104 0.409 
 57    (0)   :  0.036 0.180 0.457 0.327 
 58    (0)   :  0.459 0.057 0.236 0.248 
 59    (0)   :  0.246 0.047 0.179 0.528 
 60    (0)   :  0.666 0.098 0.100 0.136 
 61    (0)   :  0.809 0.049 0.099 0.043 
 62    (0)   :  0.087 0.055 0.396 0.462 
 63    (0)   :  0.358 0.095 0.328 0.219 
 64    (0)   :  0.061 0.033 0.137 0.769 
 65    (0)   :  0.054 0.025 0.744 0.177 
 66    (0)   :  0.403 0.132 0.383 0.082 
 67    (0)   :  0.577 0.034 0.285 0.104 
 68    (0)   :  0.237 0.062 0.186 0.515 
 69    (0)   :  0.079 0.136 0.223 0.561 
 70    (0)   :  0.503 0.070 0.201 0.226 
 71    (0)   :  0.442 0.024 0.159 0.376 
 72    (0)   :  0.134 0.036 0.131 0.700 
 73    (0)   :  0.538 0.029 0.313 0.120 
 74    (0)   :  0.354 0.092 0.084 0.470 
 75    (0)   :  0.658 0.108 0.076 0.158 
 76    (0)   :  0.340 0.047 0.426 0.187 
 77    (0)   :  0.423 0.036 0.144 0.397 
 78    (0)   :  0.374 0.039 0.101 0.487 
 79    (0)   :  0.028 0.039 0.777 0.156 
 80    (0)   :  0.057 0.589 0.228 0.126 
 81    (0)   :  0.051 0.413 0.361 0.175 
 82    (0)   :  0.133 0.104 0.685 0.079 
 83    (0)   :  0.139 0.270 0.331 0.260 
 84    (0)   :  0.066 0.225 0.522 0.188 
 85    (0)   :  0.101 0.351 0.292 0.256 
 86    (0)   :  0.261 0.042 0.458 0.239 
 87    (0)   :  0.051 0.046 0.754 0.149 
 88    (0)   :  0.065 0.208 0.649 0.078 
 89    (0)   :  0.104 0.373 0.431 0.092 
 90    (0)   :  0.031 0.043 0.843 0.082 
 91    (0)   :  0.089 0.590 0.174 0.146 
 92    (0)   :  0.046 0.077 0.765 0.112 
 93    (0)   :  0.030 0.846 0.076 0.048 
 94    (0)   :  0.035 0.040 0.292 0.634 
 95    (0)   :  0.042 0.099 0.798 0.062 
 96    (0)   :  0.709 0.120 0.121 0.050 
 97    (0)   :  0.416 0.152 0.121 0.311 
 98    (0)   :  0.575 0.071 0.181 0.173 
 99    (0)   :  0.059 0.182 0.625 0.134 
100    (0)   :  0.180 0.631 0.139 0.050 
101    (0)   :  0.111 0.069 0.723 0.096 
102    (0)   :  0.151 0.353 0.350 0.146 
103    (0)   :  0.300 0.111 0.527 0.061 
104    (0)   :  0.061 0.055 0.801 0.083 
105    (0)   :  0.079 0.092 0.780 0.049 
106    (0)   :  0.042 0.020 0.494 0.444 
107    (0)   :  0.136 0.097 0.693 0.074 
108    (0)   :  0.751 0.027 0.121 0.102 
109    (0)   :  0.060 0.021 0.635 0.285 
110    (0)   :  0.032 0.026 0.522 0.421 
111    (0)   :  0.033 0.027 0.879 0.061 
112    (0)   :  0.036 0.023 0.698 0.243 
113    (0)   :  0.388 0.062 0.359 0.191 
114    (0)   :  0.051 0.070 0.802 0.077 
115    (0)   :  0.126 0.036 0.763 0.076 
116    (0)   :  0.137 0.022 0.411 0.430 
117    (0)   :  0.042 0.033 0.677 0.249 
118    (0)   :  0.156 0.030 0.733 0.081 
119    (0)   :  0.665 0.122 0.135 0.078 
120    (0)   :  0.056 0.034 0.818 0.092 
121    (0)   :  0.134 0.030 0.736 0.099 
122    (0)   :  0.040 0.028 0.555 0.376 
123    (0)   :  0.063 0.041 0.726 0.170 
124    (0)   :  0.100 0.031 0.375 0.494 
125    (0)   :  0.057 0.041 0.244 0.658 
126    (0)   :  0.140 0.051 0.425 0.384 
127    (0)   :  0.038 0.030 0.867 0.065 
128    (0)   :  0.138 0.033 0.765 0.064 
129    (0)   :  0.072 0.025 0.856 0.048 
130    (0)   :  0.060 0.086 0.769 0.085 
131    (0)   :  0.116 0.028 0.345 0.511 
132    (0)   :  0.071 0.023 0.672 0.234 
133    (0)   :  0.080 0.041 0.800 0.079 
134    (0)   :  0.024 0.017 0.585 0.374 
135    (0)   :  0.251 0.536 0.145 0.068 
136    (0)   :  0.029 0.849 0.073 0.050 
137    (0)   :  0.025 0.819 0.111 0.046 
138    (0)   :  0.036 0.852 0.054 0.058 
139    (0)   :  0.627 0.179 0.118 0.076 
140    (0)   :  0.118 0.541 0.185 0.156 
141    (0)   :  0.046 0.774 0.082 0.099 
142    (0)   :  0.308 0.525 0.109 0.058 
143    (0)   :  0.029 0.887 0.049 0.035 
144    (0)   :  0.028 0.823 0.107 0.042 
145    (0)   :  0.072 0.656 0.135 0.137 
146    (0)   :  0.070 0.545 0.260 0.125 
147    (0)   :  0.022 0.889 0.051 0.039 
148    (0)   :  0.088 0.653 0.182 0.077 
149    (0)   :  0.068 0.799 0.066 0.067 
150    (0)   :  0.048 0.651 0.238 0.063 
151    (0)   :  0.039 0.833 0.083 0.046 
152    (0)   :  0.146 0.577 0.176 0.101 
153    (0)   :  0.054 0.787 0.076 0.083 
154    (0)   :  0.048 0.810 0.093 0.049 
155    (0)   :  0.033 0.854 0.071 0.042 
156    (0)   :  0.178 0.670 0.108 0.044 
157    (0)   :  0.039 0.703 0.173 0.085 
158    (0)   :  0.046 0.723 0.109 0.121 
159    (0)   :  0.024 0.885 0.055 0.036 
160    (0)   :  0.026 0.876 0.060 0.039 
161    (0)   :  0.058 0.734 0.109 0.099 
162    (0)   :  0.096 0.445 0.310 0.150 
163    (0)   :  0.042 0.856 0.062 0.040 
164    (0)   :  0.056 0.445 0.411 0.089 
165    (0)   :  0.038 0.719 0.189 0.054 
166    (0)   :  0.110 0.554 0.214 0.122 
167    (0)   :  0.029 0.707 0.197 0.067 
168    (0)   :  0.066 0.762 0.074 0.098 
169    (0)   :  0.055 0.355 0.106 0.485 
170    (0)   :  0.184 0.664 0.101 0.050 
171    (0)   :  0.096 0.614 0.192 0.099 
172    (0)   :  0.181 0.524 0.062 0.233 
173    (0)   :  0.041 0.855 0.065 0.039 
174    (0)   :  0.026 0.850 0.077 0.048 
175    (0)   :  0.037 0.857 0.058 0.049 
176    (0)   :  0.029 0.824 0.106 0.041 
177    (0)   :  0.047 0.555 0.223 0.175 
178    (0)   :  0.030 0.796 0.102 0.072 
179    (0)   :  0.028 0.882 0.052 0.038 
180    (0)   :  0.060 0.667 0.156 0.116 
181    (0)   :  0.106 0.706 0.106 0.081 
182    (0)   :  0.064 0.802 0.097 0.037 
183    (0)   :  0.035 0.864 0.059 0.042 
184    (0)   :  0.363 0.041 0.415 0.181 
185    (0)   :  0.235 0.666 0.062 0.037 
186    (0)   :  0.148 0.039 0.678 0.135 
187    (0)   :  0.525 0.190 0.198 0.087 
188    (0)   :  0.228 0.028 0.641 0.103 
189    (0)   :  0.298 0.204 0.137 0.362 
190    (0)   :  0.833 0.082 0.055 0.030 
191    (0)   :  0.504 0.067 0.357 0.072 
192    (0)   :  0.340 0.207 0.361 0.092 
193    (0)   :  0.429 0.168 0.280 0.123 
194    (0)   :  0.323 0.174 0.425 0.078 
195    (0)   :  0.655 0.233 0.073 0.039 
196    (0)   :  0.805 0.069 0.084 0.041 
197    (0)   :  0.216 0.101 0.410 0.273 
198    (0)   :  0.284 0.137 0.364 0.215 
199    (0)   :  0.733 0.081 0.135 0.051 
200    (0)   :  0.694 0.064 0.133 0.109 
201    (0)   :  0.412 0.439 0.099 0.050 
202    (0)   :  0.381 0.453 0.129 0.037 
203    (0)   :  0.481 0.362 0.116 0.041 
204    (0)   :  0.795 0.075 0.094 0.036 
205    (0)   :  0.776 0.045 0.118 0.061 
206    (0)   :  0.697 0.104 0.154 0.044 
207    (0)   :  0.666 0.048 0.246 0.041 
208    (0)   :  0.739 0.127 0.094 0.040 
209    (0)   :  0.546 0.096 0.274 0.084 
210    (0)   :  0.713 0.101 0.140 0.045 
211    (0)   :  0.539 0.100 0.323 0.038 
212    (0)   :  0.236 0.598 0.094 0.072 
213    (0)   :  0.553 0.068 0.287 0.092 
214    (0)   :  0.438 0.417 0.099 0.047 
215    (0)   :  0.758 0.033 0.151 0.058 
216    (0)   :  0.249 0.061 0.511 0.180 
217    (0)   :  0.627 0.242 0.075 0.056 
218    (0)   :  0.644 0.076 0.205 0.075 
219    (0)   :  0.199 0.217 0.274 0.310 
220    (0)   :  0.761 0.048 0.150 0.042 
221    (0)   :  0.357 0.555 0.053 0.034 
222    (0)   :  0.194 0.108 0.404 0.293 
223    (0)   :  0.362 0.322 0.195 0.121 
224    (0)   :  0.483 0.284 0.184 0.049 
225    (0)   :  0.746 0.073 0.128 0.053 
226    (0)   :  0.649 0.079 0.116 0.157 
227    (0)   :  0.685 0.129 0.145 0.042 
228    (0)   :  0.754 0.148 0.064 0.035 
229    (0)   :  0.451 0.307 0.186 0.055 
230    (0)   :  0.611 0.172 0.173 0.043 
231    (0)   :  0.384 0.309 0.218 0.090 
232    (0)   :  0.382 0.217 0.271 0.130 
233    (0)   :  0.267 0.580 0.102 0.051 
234    (0)   :  0.282 0.189 0.384 0.144 
235    (0)   :  0.614 0.172 0.112 0.103 
236    (0)   :  0.457 0.290 0.180 0.073 
237    (0)   :  0.555 0.077 0.315 0.052 
238    (0)   :  0.358 0.443 0.138 0.061 
239    (0)   :  0.654 0.237 0.071 0.038 
240    (0)   :  0.364 0.435 0.139 0.062 
241    (0)   :  0.255 0.580 0.113 0.052 
242    (0)   :  0.566 0.111 0.163 0.161 
243    (0)   :  0.825 0.072 0.071 0.032 
244    (0)   :  0.559 0.277 0.122 0.042 
245    (0)   :  0.160 0.721 0.076 0.044 
246    (0)   :  0.623 0.244 0.075 0.058 
247    (0)   :  0.301 0.033 0.495 0.171 
248    (0)   :  0.510 0.036 0.399 0.055 
249    (0)   :  0.538 0.267 0.146 0.049 
250    (0)   :  0.474 0.193 0.261 0.071 
251    (0)   :  0.474 0.065 0.251 0.209 
252    (0)   :  0.641 0.148 0.142 0.070 
253    (0)   :  0.473 0.056 0.361 0.110 
254    (0)   :  0.332 0.113 0.363 0.192 
255    (0)   :  0.410 0.177 0.285 0.128 
256    (0)   :  0.633 0.195 0.116 0.055 
257    (0)   :  0.579 0.108 0.253 0.060 
258    (0)   :  0.566 0.066 0.275 0.092 
259    (0)   :  0.417 0.094 0.430 0.059 
260    (0)   :  0.175 0.288 0.341 0.197 
261    (0)   :  0.603 0.229 0.103 0.066 
262    (0)   :  0.766 0.143 0.055 0.036 
263    (0)   :  0.541 0.059 0.317 0.084 
264    (0)   :  0.135 0.028 0.236 0.601 
265    (0)   :  0.663 0.104 0.131 0.103 
266    (0)   :  0.329 0.577 0.060 0.035 
267    (0)   :  0.343 0.200 0.376 0.081 
268    (0)   :  0.807 0.067 0.085 0.041 
269    (0)   :  0.344 0.183 0.177 0.296 
270    (0)   :  0.223 0.069 0.557 0.151 
271    (0)   :  0.677 0.051 0.202 0.069 
272    (0)   :  0.750 0.047 0.104 0.099 
273    (0)   :  0.507 0.182 0.178 0.133 
274    (0)   :  0.619 0.076 0.190 0.115 
275    (0)   :  0.686 0.090 0.123 0.101 
276    (0)   :  0.726 0.047 0.142 0.085 
277    (0)   :  0.409 0.248 0.216 0.127 
278    (0)   :  0.803 0.039 0.107 0.051 
279    (0)   :  0.565 0.137 0.209 0.089 
280    (0)   :  0.596 0.097 0.129 0.177 
281    (0)   :  0.514 0.088 0.299 0.099 
282    (0)   :  0.257 0.462 0.177 0.104 
283    (0)   :  0.272 0.522 0.143 0.063 
284    (0)   :  0.414 0.197 0.309 0.079 
285    (0)   :  0.664 0.023 0.231 0.082 
286    (0)   :  0.575 0.268 0.116 0.041 
287    (0)   :  0.431 0.147 0.220 0.203 
288    (0)   :  0.746 0.046 0.112 0.096 
289    (0)   :  0.628 0.065 0.193 0.114 
290    (0)   :  0.566 0.064 0.131 0.239 
291    (0)   :  0.674 0.053 0.203 0.070 
292    (0)   :  0.686 0.103 0.090 0.121 
293    (0)   :  0.321 0.055 0.181 0.443 
294    (0)   :  0.637 0.043 0.225 0.095 
295    (0)   :  0.454 0.111 0.275 0.161 
296    (0)   :  0.709 0.049 0.184 0.057 
297    (0)   :  0.512 0.065 0.180 0.243 
298    (0)   :  0.311 0.325 0.255 0.108 
299    (0)   :  0.382 0.070 0.429 0.119 
300    (0)   :  0.744 0.039 0.159 0.059 
301    (0)   :  0.314 0.069 0.373 0.244 
302    (0)   :  0.671 0.046 0.193 0.090 
303    (0)   :  0.518 0.269 0.136 0.077 
304    (0)   :  0.088 0.390 0.284 0.238 
305    (0)   :  0.734 0.143 0.080 0.043 
306    (0)   :  0.496 0.314 0.099 0.092 
307    (0)   :  0.329 0.174 0.415 0.081 
308    (0)   :  0.606 0.226 0.103 0.065 
309    (0)   :  0.786 0.041 0.126 0.048 
310    (0)   :  0.742 0.137 0.082 0.039 
311    (0)   :  0.606 0.175 0.177 0.043 
312    (0)   :  0.734 0.048 0.177 0.041 
313    (0)   :  0.766 0.031 0.161 0.042 
314    (0)   :  0.036 0.882 0.044 0.037 
315    (0)   :  0.049 0.843 0.054 0.054 
316    (0)   :  0.039 0.842 0.056 0.063 
317    (0)   :  0.023 0.895 0.046 0.037 
318    (0)   :  0.018 0.900 0.044 0.038 
319    (0)   :  0.028 0.885 0.051 0.036 
320    (0)   :  0.038 0.881 0.044 0.037 
321    (0)   :  0.021 0.893 0.046 0.040 
322    (0)   :  0.058 0.826 0.058 0.057 
323    (0)   :  0.019 0.896 0.047 0.037 
324    (0)   :  0.021 0.895 0.045 0.039 
325    (0)   :  0.026 0.861 0.054 0.059 
326    (0)   :  0.026 0.866 0.050 0.058 
327    (0)   :  0.022 0.896 0.045 0.037 
328    (0)   :  0.040 0.843 0.060 0.058 
329    (0)   :  0.020 0.899 0.046 0.035 
330    (0)   :  0.022 0.896 0.045 0.037 
331    (0)   :  0.020 0.897 0.047 0.036 
332    (0)   :  0.025 0.853 0.056 0.067 
333    (0)   :  0.031 0.863 0.055 0.052 
334    (0)   :  0.040 0.841 0.062 0.057 
335    (0)   :  0.037 0.856 0.055 0.052 
336    (0)   :  0.025 0.888 0.045 0.042 
337    (0)   :  0.031 0.848 0.056 0.064 
338    (0)   :  0.017 0.899 0.045 0.039 
339    (0)   :  0.020 0.897 0.047 0.036 
340    (0)   :  0.022 0.900 0.045 0.033 
341    (0)   :  0.020 0.897 0.047 0.036 
342    (0)   :  0.022 0.897 0.045 0.037 
343    (0)   :  0.060 0.822 0.058 0.060 
344    (0)   :  0.019 0.901 0.045 0.035 
345    (0)   :  0.023 0.896 0.044 0.037 
346    (0)   :  0.020 0.902 0.043 0.035 
347    (0)   :  0.020 0.903 0.044 0.033 
348    (0)   :  0.080 0.816 0.054 0.050 
349    (0)   :  0.023 0.897 0.044 0.036 
350    (0)   :  0.037 0.877 0.049 0.037 
351    (0)   :  0.037 0.856 0.055 0.051 
352    (0)   :  0.037 0.853 0.054 0.057 
353    (0)   :  0.026 0.887 0.045 0.042 
354    (0)   :  0.019 0.899 0.046 0.036 
355    (0)   :  0.018 0.901 0.043 0.038 
356    (0)   :  0.118 0.772 0.059 0.052 
357    (0)   :  0.047 0.539 0.146 0.268 
358    (0)   :  0.026 0.861 0.056 0.057 
359    (0)   :  0.020 0.895 0.048 0.037 
360    (0)   :  0.020 0.903 0.043 0.035 
361    (0)   :  0.076 0.465 0.171 0.289 
362    (0)   :  0.133 0.051 0.352 0.464 
363    (0)   :  0.070 0.033 0.243 0.654 
364    (0)   :  0.059 0.322 0.353 0.266 
365    (0)   :  0.048 0.039 0.217 0.697 
366    (0)   :  0.336 0.088 0.140 0.436 
367    (0)   :  0.023 0.020 0.383 0.573 
368    (0)   :  0.037 0.037 0.823 0.103 
369    (0)   :  0.250 0.286 0.183 0.280 
370    (0)   :  0.140 0.050 0.706 0.103 
371    (0)   :  0.182 0.090 0.340 0.388 
372    (0)   :  0.167 0.088 0.652 0.093 
373    (0)   :  0.051 0.069 0.633 0.247 
374    (0)   :  0.078 0.297 0.261 0.364 
375    (0)   :  0.033 0.029 0.476 0.462 
376    (0)   :  0.019 0.024 0.088 0.869 
377    (0)   :  0.081 0.053 0.401 0.465 
378    (0)   :  0.052 0.163 0.642 0.143 
379    (0)   :  0.026 0.022 0.079 0.873 
380    (0)   :  0.121 0.097 0.081 0.701 
381    (0)   :  0.077 0.071 0.065 0.787 
382    (0)   :  0.027 0.033 0.400 0.540 
383    (0)   :  0.046 0.103 0.076 0.775 
384    (0)   :  0.045 0.089 0.224 0.642 
385    (0)   :  0.025 0.124 0.707 0.145 
386    (0)   :  0.038 0.031 0.297 0.633 
387    (0)   :  0.034 0.037 0.335 0.593 
388    (0)   :  0.056 0.250 0.454 0.240 
389    (0)   :  0.430 0.037 0.454 0.078 
390    (0)   :  0.168 0.030 0.194 0.607 
391    (0)   :  0.137 0.064 0.638 0.161 
392    (0)   :  0.046 0.064 0.132 0.758 
393    (0)   :  0.062 0.049 0.065 0.824 
394    (0)   :  0.075 0.242 0.379 0.304 
395    (0)   :  0.331 0.035 0.204 0.431 
396    (0)   :  0.031 0.022 0.451 0.496 
397    (0)   :  0.147 0.123 0.414 0.315 
398    (0)   :  0.025 0.023 0.129 0.823 
399    (0)   :  0.108 0.031 0.537 0.325 
400    (0)   :  0.030 0.044 0.261 0.665 
401    (0)   :  0.089 0.051 0.460 0.400 
402    (0)   :  0.196 0.049 0.525 0.230 
403    (0)   :  0.070 0.358 0.360 0.212 
404    (0)   :  0.081 0.075 0.321 0.523 
405    (0)   :  0.128 0.068 0.283 0.521 
406    (0)   :  0.569 0.075 0.067 0.289 
407    (0)   :  0.025 0.022 0.094 0.858 
408    (0)   :  0.176 0.021 0.701 0.102 
409    (0)   :  0.305 0.291 0.097 0.307 
410    (0)   :  0.043 0.071 0.213 0.673 
411    (0)   :  0.089 0.139 0.117 0.655 
412    (0)   :  0.033 0.034 0.786 0.146 
413    (0)   :  0.072 0.145 0.604 0.179 
414    (0)   :  0.033 0.023 0.821 0.123 
415    (0)   :  0.071 0.032 0.099 0.798 
416    (0)   :  0.075 0.049 0.225 0.650 
417    (0)   :  0.029 0.029 0.119 0.822 
418    (0)   :  0.024 0.025 0.536 0.416 
419    (0)   :  0.126 0.166 0.365 0.344 
420    (0)   :  0.174 0.030 0.308 0.487 
421    (0)   :  0.040 0.034 0.241 0.686 
422    (0)   :  0.262 0.038 0.192 0.508 
423    (0)   :  0.070 0.043 0.180 0.706 
424    (0)   :  0.106 0.053 0.620 0.221 
425    (0)   :  0.053 0.076 0.472 0.399 
426    (0)   :  0.036 0.059 0.721 0.184 
427    (0)   :  0.035 0.098 0.115 0.751 
428    (0)   :  0.139 0.152 0.209 0.500 
429    (0)   :  0.022 0.020 0.129 0.828 
430    (0)   :  0.031 0.027 0.109 0.833 
431    (0)   :  0.054 0.048 0.682 0.216 
432    (0)   :  0.040 0.043 0.797 0.120 
433    (0)   :  0.095 0.211 0.621 0.073 
434    (0)   :  0.089 0.112 0.398 0.402 
435    (0)   :  0.029 0.023 0.105 0.843 
436    (0)   :  0.027 0.038 0.072 0.863 
437    (0)   :  0.026 0.026 0.109 0.838 
438    (0)   :  0.124 0.055 0.181 0.640 
439    (0)   :  0.021 0.032 0.071 0.876 
440    (0)   :  0.028 0.018 0.082 0.873 
441    (0)   :  0.034 0.081 0.176 0.708 
442    (0)   :  0.042 0.026 0.179 0.753 
443    (0)   :  0.093 0.022 0.258 0.627 
444    (0)   :  0.045 0.025 0.133 0.796 
445    (0)   :  0.096 0.120 0.126 0.658 
446    (0)   :  0.021 0.028 0.168 0.784 
447    (0)   :  0.064 0.060 0.161 0.715 
448    (0)   :  0.036 0.028 0.175 0.761 
449    (0)   :  0.046 0.050 0.194 0.710 
450    (0)   :  0.019 0.050 0.165 0.766 
451    (0)   :  0.045 0.020 0.780 0.155 
452    (0)   :  0.022 0.039 0.116 0.823 
453    (0)   :  0.454 0.052 0.331 0.163 
454    (0)   :  0.041 0.060 0.171 0.728 
455    (0)   :  0.048 0.026 0.125 0.802 
456    (0)   :  0.088 0.023 0.118 0.770 
457    (0)   :  0.025 0.029 0.087 0.859 
458    (0)   :  0.022 0.032 0.093 0.854 
459    (0)   :  0.038 0.095 0.235 0.633 
460    (0)   :  0.024 0.024 0.136 0.816 
461    (0)   :  0.017 0.026 0.291 0.666 
462    (0)   :  0.048 0.018 0.150 0.785 
463    (0)   :  0.392 0.043 0.108 0.457 
464    (0)   :  0.047 0.023 0.161 0.769 
465    (0)   :  0.047 0.035 0.468 0.450 
466    (0)   :  0.159 0.026 0.230 0.586 
467    (0)   :  0.057 0.049 0.136 0.758 
468    (0)   :  0.046 0.023 0.067 0.865 
469    (0)   :  0.020 0.026 0.061 0.892 
470    (0)   :  0.022 0.024 0.094 0.860 
471    (0)   :  0.247 0.027 0.236 0.489 
472    (0)   :  0.073 0.032 0.282 0.612 
473    (0)   :  0.073 0.053 0.242 0.633 
474    (0)   :  0.041 0.036 0.106 0.816 
475    (0)   :  0.046 0.054 0.381 0.519 
476    (0)   :  0.029 0.029 0.078 0.864 
477    (0)   :  0.043 0.055 0.684 0.217 
478    (0)   :  0.022 0.025 0.772 0.181 
479    (0)   :  0.022 0.023 0.121 0.834 
480    (0)   :  0.021 0.026 0.071 0.882 
481    (0)   :  0.083 0.029 0.345 0.543 
482    (0)   :  0.019 0.022 0.095 0.864 
483    (0)   :  0.026 0.033 0.120 0.821 
484    (0)   :  0.102 0.032 0.139 0.726 
485    (0)   :  0.031 0.025 0.098 0.846 
486    (0)   :  0.128 0.042 0.731 0.100 
487    (0)   :  0.062 0.125 0.701 0.113 
488    (0)   :  0.047 0.059 0.827 0.066 
489    (0)   :  0.291 0.186 0.372 0.151 
490    (0)   :  0.067 0.026 0.777 0.131 
491    (0)   :  0.167 0.120 0.626 0.088 
492    (0)   :  0.151 0.195 0.572 0.082 
493    (0)   :  0.062 0.053 0.815 0.070 
494    (0)   :  0.145 0.086 0.574 0.195 
495    (0)   :  0.055 0.101 0.746 0.098 
496    (0)   :  0.225 0.316 0.351 0.108 
497    (0)   :  0.047 0.105 0.778 0.071 
498    (0)   :  0.159 0.079 0.644 0.119 
499    (0)   :  0.082 0.279 0.546 0.092 
500    (0)   :  0.119 0.053 0.530 0.298 
501    (0)   :  0.066 0.156 0.546 0.232 
502    (0)   :  0.040 0.173 0.675 0.112 
503    (0)   :  0.066 0.035 0.317 0.582 
504    (0)   :  0.047 0.039 0.849 0.066 
505    (0)   :  0.464 0.071 0.386 0.078 
506    (0)   :  0.087 0.151 0.647 0.115 
507    (0)   :  0.155 0.703 0.092 0.049 
508    (0)   :  0.168 0.594 0.194 0.044 
509    (0)   :  0.298 0.170 0.453 0.078 
510    (0)   :  0.075 0.264 0.414 0.247 
511    (0)   :  0.109 0.043 0.225 0.623 
512    (0)   :  0.036 0.026 0.323 0.615 
513    (0)   :  0.105 0.047 0.813 0.035 
514    (0)   :  0.055 0.044 0.808 0.093 
515    (0)   :  0.105 0.138 0.199 0.558 
516    (0)   :  0.114 0.047 0.772 0.068 
517    (0)   :  0.266 0.124 0.288 0.322 
518    (0)   :  0.097 0.279 0.396 0.229 
519    (0)   :  0.043 0.052 0.807 0.099 
520    (0)   :  0.371 0.251 0.110 0.268 
521    (0)   :  0.178 0.354 0.359 0.110 
522    (0)   :  0.211 0.040 0.158 0.591 
523    (0)   :  0.486 0.142 0.267 0.105 
524    (0)   :  0.149 0.075 0.195 0.581 
525    (0)   :  0.118 0.266 0.234 0.383 
526    (0)   :  0.453 0.056 0.078 0.412 
527    (0)   :  0.029 0.042 0.736 0.193 
528    (0)   :  0.235 0.529 0.164 0.072 
529    (0)   :  0.149 0.134 0.586 0.130 
530    (0)   :  0.124 0.076 0.197 0.604 
531    (0)   :  0.097 0.427 0.177 0.299 
532    (0)   :  0.097 0.282 0.448 0.173 
533    (0)   :  0.188 0.066 0.286 0.460 
534    (0)   :  0.240 0.098 0.605 0.057 
535    (0)   :  0.365 0.056 0.260 0.319 
536    (0)   :  0.380 0.132 0.168 0.320 
537    (0)   :  0.639 0.174 0.112 0.076 
538    (0)   :  0.657 0.112 0.134 0.096 
539    (0)   :  0.253 0.607 0.085 0.055 
540    (0)   :  0.417 0.209 0.184 0.190 
541    (0)   :  0.153 0.529 0.169 0.150 
542    (0)   :  0.548 0.043 0.099 0.310 
543    (0)   :  0.473 0.139 0.304 0.084 
544    (0)   :  0.666 0.060 0.119 0.155 
545    (0)   :  0.571 0.030 0.129 0.271 
546    (0)   :  0.579 0.108 0.167 0.146 
547    (0)   :  0.689 0.101 0.128 0.082 
548    (0)   :  0.484 0.189 0.256 0.071 
549    (0)   :  0.226 0.446 0.084 0.245 
550    (0)   :  0.427 0.058 0.115 0.400 
551    (0)   :  0.086 0.662 0.138 0.114 
552    (0)   :  0.704 0.106 0.098 0.092 
553    (0)   :  0.731 0.106 0.117 0.046 
554    (0)   :  0.137 0.130 0.355 0.377 
555    (0)   :  0.544 0.223 0.160 0.073 
556    (0)   :  0.651 0.089 0.167 0.093 
557    (0)   :  0.274 0.094 0.184 0.448 
558    (0)   :  0.016 0.023 0.090 0.870 
559    (0)   :  0.108 0.038 0.747 0.107 
560    (0)   :  0.031 0.018 0.317 0.634 
561    (0)   :  0.056 0.025 0.433 0.485 
562    (0)   :  0.091 0.018 0.593 0.298 
563    (0)   :  0.050 0.127 0.655 0.167 
564    (0)   :  0.310 0.046 0.505 0.139 
565    (0)   :  0.022 0.027 0.090 0.861 
566    (0)   :  0.033 0.019 0.567 0.381 
567    (0)   :  0.161 0.027 0.732 0.080 
568    (0)   :  0.126 0.042 0.500 0.332 
569    (0)   :  0.162 0.043 0.305 0.490 
570    (0)   :  0.021 0.019 0.121 0.838 
571    (0)   :  0.040 0.030 0.785 0.146 
572    (0)   :  0.604 0.093 0.129 0.173 
573    (0)   :  0.217 0.047 0.520 0.216 
574    (0)   :  0.059 0.113 0.236 0.592 
575    (0)   :  0.076 0.073 0.604 0.247 
576    (0)   :  0.023 0.019 0.732 0.226 
577    (0)   :  0.046 0.099 0.348 0.507 
578    (0)   :  0.047 0.035 0.560 0.359 
579    (0)   :  0.063 0.030 0.484 0.423 
580    (0)   :  0.037 0.053 0.228 0.682 
581    (0)   :  0.032 0.041 0.260 0.667 
582    (0)   :  0.037 0.020 0.131 0.813 
583    (0)   :  0.033 0.032 0.696 0.240 
584    (0)   :  0.023 0.023 0.767 0.186 
585    (0)   :  0.035 0.028 0.459 0.478 
586    (0)   :  0.056 0.036 0.781 0.127 
587    (0)   :  0.077 0.021 0.271 0.631 
588    (0)   :  0.741 0.028 0.193 0.038 
589    (0)   :  0.066 0.023 0.134 0.777 
590    (0)   :  0.041 0.026 0.848 0.086 
591    (0)   :  0.033 0.032 0.821 0.115 
592    (0)   :  0.245 0.024 0.382 0.348 
593    (0)   :  0.085 0.054 0.448 0.413 
594    (0)   :  0.034 0.060 0.826 0.080 
595    (0)   :  0.031 0.021 0.577 0.372 
596    (0)   :  0.385 0.042 0.381 0.191 
597    (0)   :  0.089 0.147 0.680 0.083 
598    (0)   :  0.018 0.022 0.088 0.872 
599    (0)   :  0.071 0.020 0.464 0.446 
600    (0)   :  0.063 0.062 0.205 0.670 
601    (0)   :  0.048 0.020 0.255 0.676 
602    (0)   :  0.067 0.097 0.740 0.096 
603    (0)   :  0.080 0.095 0.737 0.089 
604    (0)   :  0.056 0.082 0.264 0.598 
605    (0)   :  0.096 0.041 0.507 0.355 
606    (0)   :  0.231 0.116 0.398 0.255 
607    (0)   :  0.073 0.258 0.371 0.299 
608    (0)   :  0.048 0.438 0.215 0.299 
609    (0)   :  0.051 0.054 0.312 0.583 
610    (0)   :  0.091 0.039 0.148 0.721 
611    (0)   :  0.112 0.090 0.680 0.118 
612    (0)   :  0.032 0.029 0.080 0.859 
613    (0)   :  0.110 0.052 0.511 0.327 
614    (0)   :  0.041 0.028 0.111 0.819 
615    (0)   :  0.054 0.053 0.101 0.792 
616    (0)   :  0.079 0.170 0.467 0.284 
617    (0)   :  0.066 0.034 0.387 0.513 
618    (0)   :  0.081 0.146 0.148 0.625 
619    (0)   :  0.309 0.097 0.318 0.277 
620    (0)   :  0.371 0.019 0.403 0.207 
621    (0)   :  0.021 0.031 0.750 0.198 
622    (0)   :  0.179 0.097 0.209 0.516 
623    (0)   :  0.089 0.034 0.696 0.181 
624    (0)   :  0.033 0.113 0.104 0.749 
625    (0)   :  0.037 0.124 0.249 0.590 
626    (0)   :  0.170 0.346 0.083 0.401 
627    (0)   :  0.085 0.047 0.648 0.220 
628    (0)   :  0.093 0.043 0.725 0.139 
629    (0)   :  0.066 0.059 0.655 0.220 
630    (0)   :  0.051 0.042 0.184 0.723 
631    (0)   :  0.062 0.050 0.270 0.618 
632    (0)   :  0.393 0.192 0.260 0.156 
633    (0)   :  0.047 0.098 0.279 0.576 
634    (0)   :  0.182 0.135 0.416 0.266 
635    (0)   :  0.109 0.495 0.187 0.208 
636    (0)   :  0.045 0.211 0.194 0.551 
637    (0)   :  0.381 0.071 0.254 0.294 
638    (0)   :  0.059 0.089 0.671 0.182 
639    (0)   :  0.064 0.087 0.296 0.553 
640    (0)   :  0.025 0.040 0.767 0.169 
641    (0)   :  0.060 0.058 0.571 0.311 
642    (0)   :  0.134 0.534 0.186 0.146 
643    (0)   :  0.037 0.802 0.094 0.067 
644    (0)   :  0.058 0.609 0.260 0.074 
645    (0)   :  0.058 0.529 0.080 0.332 
646    (0)   :  0.200 0.107 0.488 0.205 
647    (0)   :  0.089 0.312 0.505 0.093 
648    (0)   :  0.227 0.282 0.303 0.188 
649    (0)   :  0.520 0.122 0.293 0.065 
650    (0)   :  0.170 0.129 0.620 0.081 
651    (0)   :  0.050 0.389 0.492 0.070 
652    (0)   :  0.077 0.615 0.213 0.095 
653    (0)   :  0.135 0.395 0.325 0.145 
654    (0)   :  0.294 0.418 0.171 0.117 
655    (0)   :  0.062 0.531 0.283 0.124 
656    (0)   :  0.245 0.233 0.377 0.145 
657    (0)   :  0.047 0.179 0.381 0.392 
658    (0)   :  0.150 0.200 0.406 0.244 
659    (0)   :  0.146 0.515 0.219 0.120 
660    (0)   :  0.189 0.589 0.154 0.069 
661    (0)   :  0.257 0.535 0.095 0.113 
662    (0)   :  0.616 0.075 0.257 0.053 
663    (0)   :  0.199 0.465 0.216 0.119 
664    (0)   :  0.066 0.218 0.365 0.351 
665    (0)   :  0.566 0.088 0.284 0.062 
666    (0)   :  0.232 0.480 0.172 0.116 
667    (0)   :  0.060 0.072 0.748 0.120 
668    (0)   :  0.133 0.467 0.204 0.196 
669    (0)   :  0.267 0.240 0.395 0.098 
670    (0)   :  0.054 0.835 0.069 0.042 
671    (0)   :  0.118 0.690 0.132 0.060 
672    (0)   :  0.071 0.695 0.134 0.100 
673    (0)   :  0.020 0.890 0.050 0.039 
674    (0)   :  0.075 0.751 0.093 0.081 
675    (0)   :  0.028 0.826 0.105 0.041 
676    (0)   :  0.023 0.890 0.049 0.038 
677    (0)   :  0.313 0.587 0.059 0.041 
678    (0)   :  0.019 0.889 0.055 0.038 
679    (0)   :  0.025 0.816 0.086 0.072 
680    (0)   :  0.034 0.836 0.066 0.065 
681    (0)   :  0.295 0.291 0.178 0.236 
682    (0)   :  0.032 0.842 0.059 0.067 
683    (0)   :  0.048 0.851 0.061 0.040 
684    (0)   :  0.022 0.883 0.056 0.038 
685    (0)   :  0.025 0.892 0.047 0.035 
686    (0)   :  0.207 0.640 0.078 0.075 
687    (0)   :  0.170 0.653 0.122 0.054 
688    (0)   :  0.034 0.839 0.079 0.048 
689    (0)   :  0.023 0.894 0.048 0.035 
690    (0)   :  0.023 0.891 0.049 0.037 
691    (0)   :  0.042 0.814 0.078 0.066 
692    (0)   :  0.024 0.840 0.083 0.053 
693    (0)   :  0.026 0.834 0.081 0.060 
694    (0)   :  0.027 0.896 0.045 0.032 
695    (0)   :  0.049 0.848 0.054 0.050 
696    (0)   :  0.034 0.837 0.081 0.048 
697    (0)   :  0.033 0.878 0.051 0.039 
698    (0)   :  0.026 0.885 0.051 0.038 
699    (0)   :  0.222 0.675 0.055 0.048 
700    (0)   :  0.069 0.764 0.065 0.102 
701    (0)   :  0.051 0.777 0.098 0.074 
702    (0)   :  0.079 0.724 0.099 0.098 
703    (0)   :  0.038 0.831 0.062 0.069 
704    (0)   :  0.060 0.821 0.073 0.047 
705    (0)   :  0.330 0.435 0.121 0.114 
706    (0)   :  0.048 0.835 0.055 0.062 
707    (0)   :  0.045 0.860 0.053 0.042 
708    (0)   :  0.030 0.876 0.056 0.037 
709    (0)   :  0.067 0.842 0.049 0.043 
710    (0)   :  0.026 0.895 0.045 0.034 
711    (0)   :  0.122 0.750 0.062 0.066 
712    (0)   :  0.166 0.747 0.053 0.034 
713    (0)   :  0.042 0.839 0.076 0.044 
714    (0)   :  0.040 0.773 0.111 0.076 
715    (0)   :  0.072 0.848 0.046 0.034 
716    (0)   :  0.040 0.852 0.050 0.058 
717    (0)   :  0.036 0.885 0.044 0.034 
718    (0)   :  0.074 0.783 0.079 0.064 
719    (0)   :  0.054 0.862 0.050 0.034 
720    (0)   :  0.044 0.032 0.705 0.219 
721    (0)   :  0.072 0.582 0.130 0.215 
722    (0)   :  0.079 0.062 0.236 0.623 
723    (0)   :  0.038 0.056 0.229 0.677 
724    (0)   :  0.057 0.157 0.109 0.678 
725    (0)   :  0.094 0.216 0.483 0.207 
726    (0)   :  0.126 0.098 0.149 0.627 
727    (0)   :  0.360 0.186 0.212 0.242 
728    (0)   :  0.024 0.019 0.062 0.895 
729    (0)   :  0.023 0.021 0.082 0.874 
730    (0)   :  0.039 0.037 0.354 0.570 
731    (0)   :  0.029 0.046 0.113 0.811 
732    (0)   :  0.039 0.056 0.229 0.677 
733    (0)   :  0.021 0.030 0.101 0.848 
734    (0)   :  0.023 0.020 0.111 0.846 
735    (0)   :  0.019 0.036 0.082 0.863 
736    (0)   :  0.032 0.041 0.273 0.654 
737    (0)   :  0.072 0.044 0.284 0.601 
738    (0)   :  0.033 0.037 0.330 0.600 
739    (0)   :  0.020 0.027 0.094 0.859 
740    (0)   :  0.037 0.753 0.152 0.059 
741    (0)   :  0.069 0.557 0.253 0.121 
742    (0)   :  0.023 0.146 0.663 0.169 
743    (0)   :  0.043 0.073 0.729 0.155 
744    (0)   :  0.369 0.074 0.468 0.089 
745    (0)   :  0.053 0.028 0.768 0.150 
746    (0)   :  0.073 0.184 0.516 0.227 
747    (0)   :  0.068 0.051 0.774 0.108 
748    (0)   :  0.047 0.462 0.404 0.088 
749    (0)   :  0.131 0.130 0.628 0.111 
750    (0)   :  0.108 0.081 0.681 0.130 
751    (0)   :  0.060 0.473 0.359 0.108 
752    (0)   :  0.082 0.070 0.677 0.172 
753    (0)   :  0.088 0.194 0.405 0.313 
754    (0)   :  0.042 0.414 0.410 0.134 
755    (0)   :  0.043 0.147 0.672 0.139 
756    (0)   :  0.079 0.221 0.635 0.065 
757    (0)   :  0.040 0.105 0.756 0.099 
758    (0)   :  0.036 0.026 0.878 0.060 
759    (0)   :  0.074 0.515 0.218 0.193 
760    (0)   :  0.036 0.115 0.566 0.283 
761    (0)   :  0.064 0.267 0.166 0.502 
762    (0)   :  0.021 0.045 0.437 0.496 
763    (0)   :  0.088 0.194 0.405 0.314 
764    (0)   :  0.032 0.063 0.811 0.094 
765    (0)   :  0.056 0.054 0.436 0.454 
766    (0)   :  0.039 0.309 0.552 0.099 
767    (0)   :  0.071 0.222 0.545 0.163 
768    (0)   :  0.021 0.046 0.423 0.510 
769    (0)   :  0.035 0.229 0.234 0.502 
770    (0)   :  0.030 0.038 0.437 0.494 
771    (0)   :  0.413 0.127 0.396 0.064 
772    (0)   :  0.080 0.292 0.455 0.172 
773    (0)   :  0.042 0.064 0.810 0.084 
774    (0)   :  0.081 0.473 0.295 0.151 
775    (0)   :  0.023 0.078 0.216 0.684 
776    (0)   :  0.039 0.042 0.806 0.114 
777    (0)   :  0.171 0.094 0.529 0.206 
778    (0)   :  0.231 0.149 0.502 0.118 
779    (0)   :  0.031 0.093 0.807 0.069 
780    (0)   :  0.048 0.407 0.442 0.104 
781    (0)   :  0.599 0.122 0.219 0.061 
782    (0)   :  0.032 0.090 0.809 0.069 
783    (0)   :  0.037 0.243 0.558 0.162 
784    (0)   :  0.032 0.057 0.649 0.262 
785    (0)   :  0.035 0.119 0.741 0.105 
786    (0)   :  0.038 0.460 0.375 0.127 
787    (0)   :  0.128 0.369 0.448 0.055 
788    (0)   :  0.046 0.073 0.715 0.166 
789    (0)   :  0.024 0.068 0.656 0.252 
790    (0)   :  0.033 0.254 0.539 0.174 
791    (0)   :  0.042 0.112 0.703 0.143 
792    (0)   :  0.130 0.443 0.367 0.059 
793    (0)   :  0.256 0.357 0.168 0.219 
794    (0)   :  0.065 0.123 0.646 0.167 
795    (0)   :  0.092 0.540 0.163 0.204 
796    (0)   :  0.045 0.141 0.725 0.090 
797    (0)   :  0.195 0.560 0.130 0.115 
798    (0)   :  0.106 0.023 0.114 0.756 
799    (0)   :  0.052 0.056 0.760 0.131 
800    (0)   :  0.240 0.501 0.216 0.043 
801    (0)   :  0.089 0.046 0.115 0.749 
802    (0)   :  0.191 0.184 0.124 0.501 
803    (0)   :  0.134 0.403 0.272 0.191 
804    (0)   :  0.340 0.098 0.328 0.234 
805    (0)   :  0.038 0.816 0.086 0.059 
806    (0)   :  0.326 0.090 0.141 0.442 
807    (0)   :  0.223 0.617 0.083 0.077 
808    (0)   :  0.442 0.324 0.146 0.087 
809    (0)   :  0.639 0.041 0.086 0.234 
810    (0)   :  0.096 0.159 0.457 0.289 
811    (0)   :  0.328 0.385 0.154 0.133 
812    (0)   :  0.805 0.023 0.090 0.081 
813    (0)   :  0.061 0.027 0.136 0.776 
814    (0)   :  0.611 0.037 0.284 0.068 
815    (0)   :  0.312 0.213 0.087 0.387 
816    (0)   :  0.118 0.333 0.171 0.378 
817    (0)   :  0.191 0.183 0.127 0.498 
818    (0)   :  0.032 0.056 0.758 0.153 
819    (0)   :  0.054 0.112 0.783 0.051 
820    (0)   :  0.142 0.140 0.641 0.077 
821    (0)   :  0.020 0.072 0.763 0.144 
822    (0)   :  0.037 0.022 0.703 0.238 
823    (0)   :  0.023 0.211 0.352 0.414 
824    (0)   :  0.041 0.116 0.726 0.117 
825    (0)   :  0.037 0.043 0.677 0.243 
826    (0)   :  0.032 0.030 0.861 0.077 
827    (0)   :  0.026 0.046 0.485 0.443 
828    (0)   :  0.041 0.077 0.299 0.583 
829    (0)   :  0.060 0.077 0.223 0.640 
830    (0)   :  0.019 0.031 0.605 0.345 
831    (0)   :  0.067 0.113 0.496 0.324 
832    (0)   :  0.079 0.125 0.484 0.312 
833    (0)   :  0.045 0.152 0.325 0.478 
834    (0)   :  0.050 0.106 0.431 0.413 
835    (0)   :  0.034 0.029 0.861 0.077 
836    (0)   :  0.058 0.060 0.798 0.084 
837    (0)   :  0.064 0.217 0.233 0.486 
838    (0)   :  0.068 0.031 0.832 0.069 
839    (0)   :  0.022 0.050 0.709 0.219 
840    (0)   :  0.239 0.130 0.541 0.091 
841    (0)   :  0.067 0.078 0.788 0.068 
842    (0)   :  0.022 0.023 0.853 0.102 
843    (0)   :  0.329 0.235 0.346 0.090 
844    (0)   :  0.079 0.137 0.581 0.203 
845    (0)   :  0.018 0.030 0.858 0.094 
846    (0)   :  0.029 0.072 0.826 0.074 
847    (0)   :  0.031 0.143 0.775 0.051 
848    (0)   :  0.044 0.063 0.836 0.056 
849    (0)   :  0.028 0.045 0.769 0.157 
850    (0)   :  0.026 0.046 0.758 0.170 
851    (0)   :  0.026 0.038 0.873 0.063 
852    (0)   :  0.027 0.519 0.203 0.252 
853    (0)   :  0.027 0.037 0.737 0.198 
854    (0)   :  0.027 0.224 0.378 0.372 
855    (0)   :  0.032 0.059 0.829 0.080 
856    (0)   :  0.035 0.096 0.781 0.088 
857    (0)   :  0.109 0.047 0.746 0.098 
858    (0)   :  0.031 0.033 0.832 0.105 
859    (0)   :  0.023 0.041 0.703 0.233 
860    (0)   :  0.037 0.035 0.854 0.074 
861    (0)   :  0.110 0.395 0.434 0.061 
862    (0)   :  0.027 0.028 0.069 0.876 
863    (0)   :  0.044 0.061 0.084 0.811 
864    (0)   :  0.022 0.047 0.059 0.873 
865    (0)   :  0.024 0.019 0.097 0.860 
866    (0)   :  0.044 0.033 0.404 0.519 
867    (0)   :  0.037 0.038 0.066 0.859 
868    (0)   :  0.046 0.032 0.134 0.788 
869    (0)   :  0.035 0.036 0.387 0.543 
870    (0)   :  0.100 0.022 0.140 0.737 
871    (0)   :  0.028 0.023 0.130 0.819 
872    (0)   :  0.021 0.032 0.097 0.851 
873    (0)   :  0.023 0.037 0.075 0.865 
874    (0)   :  0.029 0.022 0.074 0.875 
875    (0)   :  0.098 0.038 0.269 0.595 
876    (0)   :  0.065 0.028 0.753 0.154 
877    (0)   :  0.021 0.031 0.061 0.886 
878    (0)   :  0.080 0.050 0.316 0.554 
879    (0)   :  0.022 0.044 0.075 0.859 
880    (0)   :  0.114 0.029 0.294 0.563 
881    (0)   :  0.028 0.039 0.089 0.844 
882    (0)   :  0.019 0.036 0.081 0.863 
883    (0)   :  0.066 0.039 0.778 0.116 
884    (0)   :  0.022 0.019 0.098 0.861 
885    (0)   :  0.131 0.057 0.139 0.674 
886    (0)   :  0.031 0.053 0.233 0.682 
887    (0)   :  0.024 0.022 0.095 0.859 
888    (0)   :  0.287 0.089 0.200 0.424 
889    (0)   :  0.025 0.019 0.081 0.876 
890    (0)   :  0.055 0.020 0.450 0.475 
891    (0)   :  0.052 0.034 0.819 0.095 
892    (0)   :  0.078 0.037 0.774 0.111 
893    (0)   :  0.159 0.057 0.496 0.288 
894    (0)   :  0.020 0.024 0.554 0.402 
895    (0)   :  0.027 0.024 0.138 0.811 
896    (0)   :  0.062 0.060 0.808 0.069 
897    (0)   :  0.045 0.033 0.851 0.071 
898    (0)   :  0.064 0.065 0.365 0.506 
899    (0)   :  0.020 0.019 0.678 0.283 
900    (0)   :  0.042 0.029 0.844 0.085 
901    (0)   :  0.031 0.031 0.842 0.097 
902    (0)   :  0.341 0.040 0.531 0.088 
903    (0)   :  0.036 0.028 0.246 0.689 
904    (0)   :  0.088 0.061 0.334 0.517 
905    (0)   :  0.023 0.022 0.274 0.681 
906    (0)   :  0.081 0.041 0.605 0.273 
907    (0)   :  0.028 0.047 0.754 0.170 
908    (0)   :  0.025 0.038 0.756 0.181 
909    (0)   :  0.106 0.045 0.582 0.266 
910    (0)   :  0.084 0.039 0.771 0.106 
911    (0)   :  0.025 0.019 0.185 0.770 
912    (0)   :  0.026 0.024 0.598 0.352 
913    (0)   :  0.040 0.022 0.471 0.467 
914    (0)   :  0.034 0.154 0.511 0.301 
915    (0)   :  0.035 0.019 0.715 0.231 
916    (0)   :  0.033 0.026 0.757 0.183 
917    (0)   :  0.034 0.028 0.676 0.262 
918    (0)   :  0.052 0.114 0.324 0.510 
919    (0)   :  0.037 0.059 0.255 0.649 
920    (0)   :  0.025 0.041 0.781 0.152 
921    (0)   :  0.307 0.237 0.345 0.111 
922    (0)   :  0.638 0.035 0.231 0.096 
923    (0)   :  0.514 0.057 0.363 0.066 
924    (0)   :  0.515 0.034 0.380 0.071 
925    (0)   :  0.444 0.059 0.402 0.095 
926    (0)   :  0.780 0.055 0.125 0.040 
927    (0)   :  0.747 0.078 0.107 0.068 
928    (0)   :  0.690 0.134 0.134 0.042 
929    (0)   :  0.753 0.034 0.171 0.042 
930    (0)   :  0.580 0.060 0.274 0.086 
931    (0)   :  0.711 0.087 0.049 0.153 
932    (0)   :  0.804 0.026 0.124 0.045 
933    (0)   :  0.422 0.367 0.154 0.056 
