

----------------------------------------------------
STRUCTURE by Pritchard, Stephens and Donnelly (2000)
     and Falush, Stephens and Pritchard (2003)
       Code by Pritchard, Falush and Hubisz
             Version 2.3.4 (Jul 2012)
----------------------------------------------------



Command line arguments:   ./structure -K 4 -D 104004 -m brooktrout/mainparams -e brooktrout/extraparams -o brooktrout/250914_output/results_K4_rep4 
Input File:    brooktrout/brooktrout.txt

Run parameters:
   8454 individuals
   5 loci
   4 populations assumed
   50000 Burn-in period
   100000 Reps
RANDOMIZE turned off


--------------------------------------------
Overall proportion of membership of the
sample in each of the 4 clusters

Inferred Clusters
  1      2      3      4    
0.178  0.196  0.207  0.418  

--------------------------------------------

Allele-freq. divergence among pops (Net nucleotide distance),
computed using point estimates of P.

      1       2       3       4      
 1      -    0.1150  0.0621  0.0894  
 2   0.1150     -    0.0763  0.0320  
 3   0.0621  0.0763     -    0.0456  
 4   0.0894  0.0320  0.0456     -    

Average distances (expected heterozygosity) between individuals in same cluster:
cluster  1  : 0.7375 
cluster  2  : 0.7940 
cluster  3  : 0.8194 
cluster  4  : 0.8332 

--------------------------------------------
Estimated Ln Prob of Data   = -178499.5
Mean value of ln likelihood = -173345.3
Variance of ln likelihood   = 10308.5

Mean value of alpha_1       = 0.1542
Mean value of alpha_2       = 0.1679
Mean value of alpha_3       = 0.1842
Mean value of alpha_4       = 0.3691
Allele frequencies uncorrelated


Inferred ancestry of individuals:
     (%Miss) :  Inferred clusters
  1    (0)   :  0.221 0.215 0.208 0.355 
  2    (0)   :  0.038 0.049 0.255 0.658 
  3    (0)   :  0.123 0.522 0.182 0.173 
  4    (0)   :  0.606 0.047 0.131 0.216 
  5    (0)   :  0.037 0.056 0.149 0.758 
  6    (0)   :  0.037 0.746 0.045 0.172 
  7    (0)   :  0.035 0.088 0.030 0.846 
  8    (0)   :  0.324 0.204 0.074 0.399 
  9    (0)   :  0.077 0.318 0.216 0.388 
 10    (0)   :  0.143 0.199 0.040 0.618 
 11    (0)   :  0.037 0.160 0.036 0.766 
 12    (0)   :  0.065 0.069 0.189 0.678 
 13    (0)   :  0.066 0.094 0.084 0.755 
 14    (0)   :  0.083 0.106 0.481 0.331 
 15    (0)   :  0.172 0.094 0.171 0.563 
 16    (0)   :  0.063 0.456 0.064 0.417 
 17    (0)   :  0.060 0.181 0.113 0.647 
 18    (0)   :  0.091 0.404 0.224 0.280 
 19    (0)   :  0.052 0.389 0.070 0.489 
 20    (0)   :  0.054 0.115 0.142 0.689 
 21    (0)   :  0.185 0.131 0.384 0.300 
 22    (0)   :  0.070 0.697 0.064 0.169 
 23    (0)   :  0.155 0.060 0.464 0.321 
 24    (0)   :  0.199 0.332 0.137 0.332 
 25    (0)   :  0.027 0.113 0.052 0.808 
 26    (0)   :  0.122 0.201 0.185 0.492 
 27    (0)   :  0.096 0.169 0.123 0.612 
 28    (0)   :  0.285 0.155 0.081 0.480 
 29    (0)   :  0.049 0.076 0.152 0.723 
 30    (0)   :  0.049 0.707 0.106 0.138 
 31    (0)   :  0.121 0.127 0.120 0.631 
 32    (0)   :  0.137 0.176 0.265 0.422 
 33    (0)   :  0.122 0.439 0.229 0.211 
 34    (0)   :  0.059 0.268 0.038 0.635 
 35    (0)   :  0.039 0.356 0.335 0.270 
 36    (0)   :  0.040 0.299 0.556 0.106 
 37    (0)   :  0.166 0.098 0.280 0.457 
 38    (0)   :  0.024 0.729 0.115 0.132 
 39    (0)   :  0.046 0.509 0.171 0.274 
 40    (0)   :  0.099 0.110 0.653 0.138 
 41    (0)   :  0.037 0.352 0.469 0.142 
 42    (0)   :  0.283 0.172 0.429 0.116 
 43    (0)   :  0.062 0.060 0.625 0.252 
 44    (0)   :  0.028 0.239 0.611 0.122 
 45    (0)   :  0.026 0.275 0.505 0.194 
 46    (0)   :  0.035 0.482 0.150 0.333 
 47    (0)   :  0.061 0.382 0.170 0.387 
 48    (0)   :  0.026 0.227 0.654 0.092 
 49    (0)   :  0.053 0.345 0.286 0.316 
 50    (0)   :  0.087 0.453 0.098 0.362 
 51    (0)   :  0.025 0.076 0.831 0.067 
 52    (0)   :  0.057 0.532 0.120 0.290 
 53    (0)   :  0.053 0.762 0.075 0.111 
 54    (0)   :  0.062 0.073 0.438 0.427 
 55    (0)   :  0.037 0.060 0.690 0.214 
 56    (0)   :  0.049 0.328 0.507 0.115 
 57    (0)   :  0.171 0.158 0.059 0.613 
 58    (0)   :  0.049 0.124 0.556 0.272 
 59    (0)   :  0.042 0.374 0.377 0.208 
 60    (0)   :  0.085 0.077 0.714 0.125 
 61    (0)   :  0.045 0.027 0.824 0.105 
 62    (0)   :  0.049 0.302 0.153 0.496 
 63    (0)   :  0.078 0.108 0.460 0.354 
 64    (0)   :  0.031 0.688 0.093 0.189 
 65    (0)   :  0.022 0.080 0.079 0.818 
 66    (0)   :  0.096 0.049 0.579 0.275 
 67    (0)   :  0.031 0.056 0.627 0.287 
 68    (0)   :  0.053 0.344 0.396 0.207 
 69    (0)   :  0.140 0.437 0.113 0.310 
 70    (0)   :  0.050 0.135 0.579 0.237 
 71    (0)   :  0.022 0.227 0.564 0.187 
 72    (0)   :  0.034 0.555 0.220 0.191 
 73    (0)   :  0.025 0.057 0.610 0.308 
 74    (0)   :  0.075 0.375 0.452 0.098 
 75    (0)   :  0.075 0.118 0.724 0.082 
 76    (0)   :  0.041 0.097 0.398 0.465 
 77    (0)   :  0.030 0.292 0.491 0.187 
 78    (0)   :  0.034 0.424 0.416 0.126 
 79    (0)   :  0.037 0.083 0.042 0.837 
 80    (0)   :  0.562 0.070 0.095 0.273 
 81    (0)   :  0.400 0.092 0.087 0.422 
 82    (0)   :  0.094 0.053 0.246 0.607 
 83    (0)   :  0.237 0.163 0.218 0.382 
 84    (0)   :  0.223 0.110 0.120 0.547 
 85    (0)   :  0.323 0.175 0.178 0.324 
 86    (0)   :  0.037 0.118 0.334 0.512 
 87    (0)   :  0.042 0.077 0.075 0.806 
 88    (0)   :  0.204 0.052 0.141 0.604 
 89    (0)   :  0.320 0.055 0.227 0.397 
 90    (0)   :  0.043 0.048 0.051 0.857 
 91    (0)   :  0.537 0.099 0.162 0.201 
 92    (0)   :  0.071 0.069 0.082 0.777 
 93    (0)   :  0.831 0.033 0.048 0.088 
 94    (0)   :  0.039 0.323 0.052 0.586 
 95    (0)   :  0.101 0.040 0.089 0.770 
 96    (0)   :  0.091 0.030 0.766 0.112 
 97    (0)   :  0.109 0.206 0.559 0.126 
 98    (0)   :  0.057 0.095 0.632 0.216 
 99    (0)   :  0.189 0.073 0.109 0.629 
100    (0)   :  0.515 0.031 0.321 0.133 
101    (0)   :  0.061 0.059 0.208 0.672 
102    (0)   :  0.305 0.081 0.260 0.353 
103    (0)   :  0.094 0.038 0.460 0.408 
104    (0)   :  0.058 0.048 0.091 0.802 
105    (0)   :  0.094 0.033 0.153 0.720 
106    (0)   :  0.020 0.192 0.055 0.734 
107    (0)   :  0.097 0.047 0.218 0.638 
108    (0)   :  0.026 0.083 0.754 0.136 
109    (0)   :  0.019 0.115 0.079 0.787 
110    (0)   :  0.022 0.202 0.046 0.729 
111    (0)   :  0.027 0.038 0.048 0.887 
112    (0)   :  0.020 0.078 0.048 0.853 
113    (0)   :  0.052 0.106 0.482 0.360 
114    (0)   :  0.076 0.045 0.082 0.797 
115    (0)   :  0.035 0.049 0.191 0.725 
116    (0)   :  0.021 0.203 0.188 0.588 
117    (0)   :  0.032 0.112 0.058 0.798 
118    (0)   :  0.029 0.052 0.242 0.678 
119    (0)   :  0.101 0.049 0.709 0.141 
120    (0)   :  0.036 0.058 0.093 0.813 
121    (0)   :  0.029 0.057 0.170 0.744 
122    (0)   :  0.026 0.145 0.057 0.772 
123    (0)   :  0.037 0.082 0.087 0.793 
124    (0)   :  0.029 0.363 0.144 0.464 
125    (0)   :  0.039 0.448 0.088 0.426 
126    (0)   :  0.046 0.169 0.174 0.611 
127    (0)   :  0.030 0.039 0.055 0.877 
128    (0)   :  0.031 0.040 0.210 0.719 
129    (0)   :  0.024 0.031 0.126 0.819 
130    (0)   :  0.098 0.052 0.101 0.750 
131    (0)   :  0.027 0.446 0.157 0.371 
132    (0)   :  0.021 0.090 0.084 0.805 
133    (0)   :  0.042 0.052 0.116 0.790 
134    (0)   :  0.016 0.124 0.033 0.827 
135    (0)   :  0.427 0.042 0.375 0.156 
136    (0)   :  0.837 0.036 0.043 0.084 
137    (0)   :  0.809 0.030 0.039 0.122 
138    (0)   :  0.838 0.042 0.052 0.068 
139    (0)   :  0.133 0.047 0.700 0.120 
140    (0)   :  0.515 0.090 0.163 0.231 
141    (0)   :  0.753 0.071 0.066 0.110 
142    (0)   :  0.451 0.037 0.396 0.116 
143    (0)   :  0.872 0.024 0.046 0.058 
144    (0)   :  0.814 0.027 0.043 0.116 
145    (0)   :  0.617 0.089 0.114 0.179 
146    (0)   :  0.512 0.069 0.116 0.303 
147    (0)   :  0.880 0.028 0.033 0.060 
148    (0)   :  0.614 0.047 0.131 0.208 
149    (0)   :  0.771 0.046 0.101 0.082 
150    (0)   :  0.630 0.039 0.078 0.253 
151    (0)   :  0.810 0.032 0.065 0.093 
152    (0)   :  0.526 0.067 0.216 0.191 
153    (0)   :  0.757 0.059 0.087 0.097 
154    (0)   :  0.793 0.035 0.071 0.102 
155    (0)   :  0.839 0.029 0.049 0.083 
156    (0)   :  0.592 0.028 0.267 0.114 
157    (0)   :  0.687 0.054 0.061 0.198 
158    (0)   :  0.700 0.081 0.072 0.147 
159    (0)   :  0.876 0.025 0.036 0.063 
160    (0)   :  0.866 0.026 0.040 0.068 
161    (0)   :  0.674 0.069 0.113 0.145 
162    (0)   :  0.414 0.076 0.150 0.360 
163    (0)   :  0.839 0.028 0.062 0.072 
164    (0)   :  0.459 0.054 0.086 0.401 
165    (0)   :  0.708 0.034 0.056 0.202 
166    (0)   :  0.510 0.077 0.175 0.237 
167    (0)   :  0.703 0.039 0.042 0.216 
168    (0)   :  0.734 0.072 0.100 0.094 
169    (0)   :  0.365 0.413 0.091 0.131 
170    (0)   :  0.548 0.035 0.305 0.112 
171    (0)   :  0.571 0.072 0.153 0.203 
172    (0)   :  0.471 0.191 0.261 0.077 
173    (0)   :  0.831 0.027 0.068 0.074 
174    (0)   :  0.838 0.033 0.040 0.089 
175    (0)   :  0.840 0.036 0.054 0.070 
176    (0)   :  0.814 0.027 0.044 0.115 
177    (0)   :  0.535 0.109 0.079 0.276 
178    (0)   :  0.778 0.051 0.047 0.124 
179    (0)   :  0.868 0.028 0.042 0.061 
180    (0)   :  0.650 0.062 0.088 0.200 
181    (0)   :  0.630 0.053 0.192 0.125 
182    (0)   :  0.768 0.026 0.107 0.099 
183    (0)   :  0.844 0.029 0.058 0.070 
184    (0)   :  0.035 0.099 0.468 0.398 
185    (0)   :  0.609 0.026 0.297 0.068 
186    (0)   :  0.035 0.069 0.227 0.669 
187    (0)   :  0.147 0.051 0.623 0.180 
188    (0)   :  0.025 0.053 0.303 0.619 
189    (0)   :  0.182 0.281 0.362 0.175 
190    (0)   :  0.071 0.020 0.850 0.060 
191    (0)   :  0.057 0.043 0.611 0.289 
192    (0)   :  0.161 0.054 0.496 0.289 
193    (0)   :  0.138 0.073 0.536 0.253 
194    (0)   :  0.132 0.046 0.504 0.319 
195    (0)   :  0.175 0.025 0.725 0.076 
196    (0)   :  0.064 0.028 0.822 0.087 
197    (0)   :  0.091 0.144 0.293 0.472 
198    (0)   :  0.117 0.129 0.388 0.366 
199    (0)   :  0.065 0.034 0.781 0.120 
200    (0)   :  0.058 0.079 0.710 0.152 
201    (0)   :  0.369 0.033 0.500 0.098 
202    (0)   :  0.336 0.027 0.520 0.118 
203    (0)   :  0.280 0.027 0.585 0.108 
204    (0)   :  0.057 0.023 0.834 0.087 
205    (0)   :  0.042 0.040 0.795 0.123 
206    (0)   :  0.080 0.029 0.766 0.125 
207    (0)   :  0.039 0.026 0.755 0.180 
208    (0)   :  0.115 0.027 0.762 0.096 
209    (0)   :  0.079 0.048 0.636 0.238 
210    (0)   :  0.078 0.028 0.769 0.125 
211    (0)   :  0.076 0.024 0.670 0.229 
212    (0)   :  0.508 0.048 0.336 0.109 
213    (0)   :  0.051 0.047 0.650 0.252 
214    (0)   :  0.334 0.030 0.538 0.098 
215    (0)   :  0.030 0.037 0.789 0.143 
216    (0)   :  0.052 0.102 0.369 0.477 
217    (0)   :  0.202 0.039 0.680 0.080 
218    (0)   :  0.058 0.042 0.733 0.168 
219    (0)   :  0.186 0.195 0.312 0.308 
220    (0)   :  0.041 0.027 0.799 0.134 
221    (0)   :  0.425 0.023 0.490 0.061 
222    (0)   :  0.090 0.164 0.293 0.453 
223    (0)   :  0.263 0.076 0.476 0.185 
224    (0)   :  0.211 0.030 0.611 0.148 
225    (0)   :  0.059 0.033 0.792 0.116 
226    (0)   :  0.070 0.121 0.690 0.119 
227    (0)   :  0.105 0.027 0.740 0.129 
228    (0)   :  0.121 0.023 0.789 0.067 
229    (0)   :  0.225 0.033 0.584 0.158 
230    (0)   :  0.119 0.026 0.719 0.136 
231    (0)   :  0.230 0.055 0.514 0.202 
232    (0)   :  0.144 0.064 0.529 0.263 
233    (0)   :  0.494 0.033 0.366 0.106 
234    (0)   :  0.165 0.089 0.399 0.348 
235    (0)   :  0.146 0.066 0.670 0.119 
236    (0)   :  0.223 0.045 0.578 0.154 
237    (0)   :  0.056 0.033 0.675 0.236 
238    (0)   :  0.343 0.039 0.485 0.133 
239    (0)   :  0.174 0.025 0.724 0.077 
240    (0)   :  0.343 0.038 0.486 0.133 
241    (0)   :  0.440 0.035 0.410 0.114 
242    (0)   :  0.089 0.104 0.614 0.192 
243    (0)   :  0.064 0.021 0.844 0.071 
244    (0)   :  0.188 0.026 0.682 0.105 
245    (0)   :  0.649 0.029 0.237 0.085 
246    (0)   :  0.204 0.038 0.678 0.081 
247    (0)   :  0.029 0.083 0.369 0.519 
248    (0)   :  0.032 0.036 0.611 0.321 
249    (0)   :  0.185 0.030 0.666 0.120 
250    (0)   :  0.138 0.041 0.628 0.193 
251    (0)   :  0.055 0.150 0.539 0.256 
252    (0)   :  0.111 0.043 0.717 0.130 
253    (0)   :  0.047 0.071 0.580 0.302 
254    (0)   :  0.094 0.105 0.437 0.364 
255    (0)   :  0.145 0.068 0.519 0.268 
256    (0)   :  0.141 0.036 0.717 0.106 
257    (0)   :  0.084 0.037 0.694 0.185 
258    (0)   :  0.059 0.055 0.641 0.246 
259    (0)   :  0.073 0.037 0.608 0.282 
260    (0)   :  0.247 0.125 0.276 0.351 
261    (0)   :  0.179 0.042 0.675 0.105 
262    (0)   :  0.125 0.025 0.789 0.061 
263    (0)   :  0.047 0.049 0.635 0.269 
264    (0)   :  0.026 0.473 0.196 0.305 
265    (0)   :  0.093 0.068 0.704 0.136 
266    (0)   :  0.477 0.024 0.432 0.067 
267    (0)   :  0.158 0.052 0.466 0.324 
268    (0)   :  0.062 0.028 0.824 0.087 
269    (0)   :  0.164 0.222 0.400 0.213 
270    (0)   :  0.058 0.079 0.347 0.516 
271    (0)   :  0.044 0.045 0.735 0.175 
272    (0)   :  0.042 0.074 0.776 0.108 
273    (0)   :  0.165 0.093 0.563 0.180 
274    (0)   :  0.063 0.075 0.688 0.174 
275    (0)   :  0.081 0.075 0.724 0.120 
276    (0)   :  0.041 0.061 0.760 0.138 
277    (0)   :  0.186 0.077 0.544 0.193 
278    (0)   :  0.036 0.034 0.820 0.110 
279    (0)   :  0.101 0.054 0.672 0.172 
280    (0)   :  0.078 0.107 0.673 0.142 
281    (0)   :  0.074 0.057 0.615 0.254 
282    (0)   :  0.389 0.069 0.371 0.171 
283    (0)   :  0.440 0.038 0.383 0.139 
284    (0)   :  0.151 0.048 0.566 0.235 
285    (0)   :  0.021 0.047 0.695 0.236 
286    (0)   :  0.193 0.026 0.675 0.106 
287    (0)   :  0.121 0.115 0.542 0.223 
288    (0)   :  0.040 0.067 0.779 0.114 
289    (0)   :  0.062 0.081 0.668 0.190 
290    (0)   :  0.049 0.183 0.641 0.127 
291    (0)   :  0.045 0.044 0.737 0.173 
292    (0)   :  0.085 0.081 0.732 0.103 
293    (0)   :  0.046 0.334 0.409 0.211 
294    (0)   :  0.035 0.054 0.698 0.212 
295    (0)   :  0.102 0.125 0.521 0.251 
296    (0)   :  0.039 0.033 0.784 0.144 
297    (0)   :  0.054 0.133 0.612 0.201 
298    (0)   :  0.261 0.061 0.448 0.230 
299    (0)   :  0.058 0.064 0.481 0.397 
300    (0)   :  0.032 0.034 0.783 0.151 
301    (0)   :  0.055 0.141 0.443 0.360 
302    (0)   :  0.039 0.053 0.731 0.177 
303    (0)   :  0.197 0.046 0.623 0.135 
304    (0)   :  0.366 0.133 0.145 0.355 
305    (0)   :  0.102 0.028 0.790 0.080 
306    (0)   :  0.251 0.060 0.589 0.099 
307    (0)   :  0.142 0.055 0.497 0.306 
308    (0)   :  0.177 0.042 0.677 0.104 
309    (0)   :  0.038 0.035 0.802 0.126 
310    (0)   :  0.109 0.025 0.785 0.081 
311    (0)   :  0.117 0.026 0.723 0.134 
312    (0)   :  0.038 0.025 0.798 0.139 
313    (0)   :  0.028 0.027 0.809 0.136 
314    (0)   :  0.868 0.027 0.052 0.053 
315    (0)   :  0.821 0.042 0.072 0.065 
316    (0)   :  0.831 0.048 0.053 0.068 
317    (0)   :  0.888 0.026 0.033 0.053 
318    (0)   :  0.893 0.027 0.027 0.053 
319    (0)   :  0.873 0.025 0.043 0.059 
320    (0)   :  0.868 0.027 0.052 0.052 
321    (0)   :  0.886 0.029 0.030 0.055 
322    (0)   :  0.809 0.043 0.078 0.070 
323    (0)   :  0.887 0.027 0.030 0.056 
324    (0)   :  0.886 0.029 0.030 0.055 
325    (0)   :  0.849 0.047 0.039 0.065 
326    (0)   :  0.856 0.045 0.036 0.062 
327    (0)   :  0.888 0.027 0.032 0.053 
328    (0)   :  0.825 0.043 0.058 0.074 
329    (0)   :  0.890 0.025 0.030 0.055 
330    (0)   :  0.890 0.026 0.032 0.053 
331    (0)   :  0.889 0.025 0.031 0.055 
332    (0)   :  0.845 0.053 0.035 0.067 
333    (0)   :  0.851 0.040 0.044 0.065 
334    (0)   :  0.829 0.042 0.058 0.072 
335    (0)   :  0.839 0.038 0.055 0.068 
336    (0)   :  0.877 0.031 0.037 0.054 
337    (0)   :  0.837 0.049 0.046 0.068 
338    (0)   :  0.892 0.029 0.025 0.054 
339    (0)   :  0.890 0.026 0.030 0.055 
340    (0)   :  0.889 0.024 0.033 0.054 
341    (0)   :  0.889 0.025 0.030 0.056 
342    (0)   :  0.888 0.027 0.032 0.053 
343    (0)   :  0.799 0.048 0.085 0.069 
344    (0)   :  0.893 0.025 0.028 0.054 
345    (0)   :  0.888 0.027 0.032 0.053 
346    (0)   :  0.895 0.026 0.028 0.051 
347    (0)   :  0.895 0.023 0.030 0.051 
348    (0)   :  0.790 0.038 0.106 0.066 
349    (0)   :  0.889 0.027 0.032 0.053 
350    (0)   :  0.861 0.026 0.055 0.058 
351    (0)   :  0.840 0.038 0.055 0.067 
352    (0)   :  0.840 0.044 0.051 0.065 
353    (0)   :  0.878 0.031 0.036 0.055 
354    (0)   :  0.889 0.026 0.029 0.055 
355    (0)   :  0.893 0.028 0.027 0.052 
356    (0)   :  0.717 0.038 0.177 0.068 
357    (0)   :  0.526 0.214 0.070 0.190 
358    (0)   :  0.850 0.043 0.039 0.069 
359    (0)   :  0.888 0.026 0.029 0.057 
360    (0)   :  0.896 0.025 0.029 0.050 
361    (0)   :  0.440 0.218 0.119 0.223 
362    (0)   :  0.044 0.249 0.197 0.510 
363    (0)   :  0.031 0.473 0.107 0.389 
364    (0)   :  0.301 0.225 0.092 0.382 
365    (0)   :  0.037 0.511 0.071 0.381 
366    (0)   :  0.083 0.336 0.405 0.176 
367    (0)   :  0.019 0.247 0.035 0.699 
368    (0)   :  0.037 0.062 0.060 0.841 
369    (0)   :  0.247 0.200 0.318 0.235 
370    (0)   :  0.050 0.078 0.214 0.659 
371    (0)   :  0.082 0.255 0.248 0.414 
372    (0)   :  0.085 0.070 0.243 0.603 
373    (0)   :  0.064 0.124 0.070 0.742 
374    (0)   :  0.295 0.267 0.117 0.321 
375    (0)   :  0.030 0.258 0.048 0.663 
376    (0)   :  0.023 0.832 0.028 0.116 
377    (0)   :  0.054 0.322 0.135 0.489 
378    (0)   :  0.171 0.068 0.089 0.672 
379    (0)   :  0.021 0.846 0.033 0.100 
380    (0)   :  0.087 0.668 0.148 0.098 
381    (0)   :  0.067 0.750 0.101 0.082 
382    (0)   :  0.033 0.299 0.040 0.628 
383    (0)   :  0.100 0.752 0.056 0.092 
384    (0)   :  0.085 0.556 0.059 0.300 
385    (0)   :  0.120 0.074 0.037 0.770 
386    (0)   :  0.030 0.366 0.058 0.546 
387    (0)   :  0.035 0.311 0.050 0.604 
388    (0)   :  0.258 0.168 0.090 0.484 
389    (0)   :  0.036 0.052 0.514 0.398 
390    (0)   :  0.029 0.507 0.182 0.282 
391    (0)   :  0.065 0.113 0.187 0.635 
392    (0)   :  0.065 0.650 0.074 0.211 
393    (0)   :  0.046 0.793 0.075 0.085 
394    (0)   :  0.240 0.180 0.120 0.459 
395    (0)   :  0.031 0.302 0.437 0.230 
396    (0)   :  0.021 0.226 0.045 0.707 
397    (0)   :  0.104 0.190 0.220 0.486 
398    (0)   :  0.023 0.739 0.038 0.201 
399    (0)   :  0.028 0.212 0.145 0.615 
400    (0)   :  0.044 0.379 0.047 0.530 
401    (0)   :  0.047 0.155 0.117 0.682 
402    (0)   :  0.044 0.126 0.265 0.566 
403    (0)   :  0.332 0.115 0.108 0.445 
404    (0)   :  0.064 0.394 0.142 0.399 
405    (0)   :  0.062 0.325 0.205 0.408 
406    (0)   :  0.063 0.277 0.581 0.079 
407    (0)   :  0.021 0.799 0.039 0.141 
408    (0)   :  0.020 0.054 0.222 0.704 
409    (0)   :  0.225 0.238 0.419 0.119 
410    (0)   :  0.075 0.461 0.064 0.400 
411    (0)   :  0.134 0.580 0.124 0.161 
412    (0)   :  0.033 0.078 0.050 0.838 
413    (0)   :  0.147 0.096 0.127 0.631 
414    (0)   :  0.022 0.068 0.049 0.861 
415    (0)   :  0.032 0.732 0.095 0.141 
416    (0)   :  0.051 0.346 0.121 0.482 
417    (0)   :  0.030 0.708 0.046 0.216 
418    (0)   :  0.024 0.155 0.034 0.786 
419    (0)   :  0.144 0.197 0.195 0.464 
420    (0)   :  0.028 0.222 0.218 0.532 
421    (0)   :  0.039 0.436 0.068 0.456 
422    (0)   :  0.033 0.326 0.412 0.228 
423    (0)   :  0.042 0.590 0.111 0.257 
424    (0)   :  0.049 0.108 0.131 0.711 
425    (0)   :  0.073 0.227 0.081 0.618 
426    (0)   :  0.058 0.125 0.051 0.767 
427    (0)   :  0.097 0.686 0.053 0.163 
428    (0)   :  0.128 0.399 0.252 0.221 
429    (0)   :  0.020 0.722 0.034 0.225 
430    (0)   :  0.026 0.760 0.052 0.162 
431    (0)   :  0.046 0.121 0.096 0.737 
432    (0)   :  0.043 0.072 0.064 0.821 
433    (0)   :  0.215 0.047 0.183 0.556 
434    (0)   :  0.100 0.195 0.131 0.574 
435    (0)   :  0.022 0.781 0.042 0.155 
436    (0)   :  0.038 0.814 0.039 0.108 
437    (0)   :  0.025 0.787 0.039 0.149 
438    (0)   :  0.050 0.520 0.200 0.230 
439    (0)   :  0.031 0.842 0.030 0.097 
440    (0)   :  0.018 0.818 0.037 0.127 
441    (0)   :  0.086 0.538 0.061 0.315 
442    (0)   :  0.026 0.625 0.062 0.287 
443    (0)   :  0.022 0.342 0.125 0.511 
444    (0)   :  0.025 0.708 0.065 0.202 
445    (0)   :  0.106 0.589 0.151 0.154 
446    (0)   :  0.028 0.678 0.033 0.262 
447    (0)   :  0.057 0.571 0.107 0.266 
448    (0)   :  0.028 0.577 0.059 0.335 
449    (0)   :  0.047 0.535 0.079 0.339 
450    (0)   :  0.052 0.611 0.030 0.307 
451    (0)   :  0.019 0.091 0.059 0.831 
452    (0)   :  0.039 0.685 0.036 0.239 
453    (0)   :  0.045 0.096 0.517 0.341 
454    (0)   :  0.061 0.545 0.067 0.326 
455    (0)   :  0.024 0.746 0.068 0.162 
456    (0)   :  0.022 0.677 0.123 0.178 
457    (0)   :  0.028 0.816 0.037 0.120 
458    (0)   :  0.030 0.800 0.032 0.137 
459    (0)   :  0.089 0.476 0.063 0.373 
460    (0)   :  0.023 0.654 0.036 0.287 
461    (0)   :  0.027 0.388 0.026 0.560 
462    (0)   :  0.017 0.651 0.079 0.253 
463    (0)   :  0.038 0.337 0.484 0.141 
464    (0)   :  0.023 0.556 0.070 0.352 
465    (0)   :  0.032 0.211 0.070 0.686 
466    (0)   :  0.025 0.344 0.224 0.407 
467    (0)   :  0.051 0.590 0.097 0.262 
468    (0)   :  0.021 0.834 0.058 0.086 
469    (0)   :  0.025 0.866 0.028 0.081 
470    (0)   :  0.022 0.805 0.033 0.139 
471    (0)   :  0.026 0.285 0.303 0.386 
472    (0)   :  0.033 0.353 0.115 0.500 
473    (0)   :  0.053 0.428 0.122 0.396 
474    (0)   :  0.035 0.693 0.062 0.210 
475    (0)   :  0.053 0.265 0.078 0.604 
476    (0)   :  0.027 0.828 0.041 0.104 
477    (0)   :  0.052 0.135 0.065 0.749 
478    (0)   :  0.024 0.097 0.032 0.846 
479    (0)   :  0.022 0.714 0.033 0.231 
480    (0)   :  0.025 0.846 0.030 0.099 
481    (0)   :  0.027 0.281 0.125 0.567 
482    (0)   :  0.022 0.806 0.028 0.145 
483    (0)   :  0.032 0.756 0.040 0.172 
484    (0)   :  0.031 0.614 0.172 0.182 
485    (0)   :  0.024 0.801 0.043 0.132 
486    (0)   :  0.041 0.061 0.173 0.725 
487    (0)   :  0.122 0.075 0.098 0.705 
488    (0)   :  0.061 0.043 0.077 0.820 
489    (0)   :  0.158 0.097 0.355 0.389 
490    (0)   :  0.024 0.074 0.089 0.813 
491    (0)   :  0.106 0.056 0.300 0.538 
492    (0)   :  0.184 0.049 0.212 0.555 
493    (0)   :  0.054 0.049 0.096 0.801 
494    (0)   :  0.077 0.102 0.239 0.583 
495    (0)   :  0.104 0.055 0.080 0.761 
496    (0)   :  0.258 0.070 0.374 0.298 
497    (0)   :  0.111 0.046 0.078 0.764 
498    (0)   :  0.068 0.069 0.214 0.649 
499    (0)   :  0.283 0.057 0.130 0.530 
500    (0)   :  0.050 0.169 0.170 0.611 
501    (0)   :  0.141 0.128 0.119 0.613 
502    (0)   :  0.175 0.069 0.073 0.684 
503    (0)   :  0.035 0.334 0.103 0.527 
504    (0)   :  0.036 0.042 0.076 0.845 
505    (0)   :  0.059 0.048 0.576 0.316 
506    (0)   :  0.141 0.069 0.135 0.654 
507    (0)   :  0.626 0.035 0.237 0.102 
508    (0)   :  0.540 0.027 0.248 0.184 
509    (0)   :  0.141 0.050 0.442 0.367 
510    (0)   :  0.252 0.133 0.128 0.487 
511    (0)   :  0.039 0.440 0.168 0.353 
512    (0)   :  0.025 0.337 0.050 0.588 
513    (0)   :  0.047 0.023 0.189 0.742 
514    (0)   :  0.043 0.052 0.084 0.821 
515    (0)   :  0.131 0.442 0.177 0.249 
516    (0)   :  0.044 0.042 0.187 0.727 
517    (0)   :  0.108 0.175 0.357 0.361 
518    (0)   :  0.272 0.161 0.146 0.421 
519    (0)   :  0.051 0.059 0.072 0.817 
520    (0)   :  0.203 0.189 0.481 0.126 
521    (0)   :  0.320 0.065 0.261 0.354 
522    (0)   :  0.037 0.489 0.274 0.200 
523    (0)   :  0.114 0.063 0.560 0.263 
524    (0)   :  0.073 0.407 0.242 0.278 
525    (0)   :  0.242 0.257 0.184 0.317 
526    (0)   :  0.046 0.339 0.525 0.090 
527    (0)   :  0.040 0.115 0.044 0.801 
528    (0)   :  0.453 0.043 0.346 0.158 
529    (0)   :  0.127 0.074 0.236 0.562 
530    (0)   :  0.075 0.423 0.174 0.328 
531    (0)   :  0.408 0.188 0.162 0.243 
532    (0)   :  0.286 0.090 0.131 0.492 
533    (0)   :  0.061 0.280 0.249 0.410 
534    (0)   :  0.092 0.038 0.351 0.519 
535    (0)   :  0.047 0.163 0.455 0.335 
536    (0)   :  0.098 0.210 0.520 0.172 
537    (0)   :  0.119 0.048 0.715 0.117 
538    (0)   :  0.083 0.056 0.723 0.137 
539    (0)   :  0.496 0.038 0.374 0.092 
540    (0)   :  0.175 0.110 0.495 0.220 
541    (0)   :  0.482 0.106 0.222 0.190 
542    (0)   :  0.035 0.218 0.636 0.110 
543    (0)   :  0.124 0.051 0.554 0.272 
544    (0)   :  0.051 0.084 0.720 0.145 
545    (0)   :  0.027 0.194 0.642 0.138 
546    (0)   :  0.081 0.078 0.665 0.177 
547    (0)   :  0.076 0.052 0.742 0.131 
548    (0)   :  0.138 0.041 0.626 0.195 
549    (0)   :  0.344 0.194 0.363 0.099 
550    (0)   :  0.048 0.304 0.475 0.172 
551    (0)   :  0.592 0.078 0.160 0.170 
552    (0)   :  0.080 0.056 0.753 0.111 
553    (0)   :  0.094 0.032 0.749 0.125 
554    (0)   :  0.120 0.220 0.197 0.463 
555    (0)   :  0.149 0.042 0.668 0.141 
556    (0)   :  0.061 0.056 0.726 0.156 
557    (0)   :  0.077 0.351 0.367 0.205 
558    (0)   :  0.023 0.817 0.024 0.135 
559    (0)   :  0.036 0.062 0.152 0.751 
560    (0)   :  0.017 0.437 0.053 0.493 
561    (0)   :  0.024 0.217 0.079 0.680 
562    (0)   :  0.017 0.132 0.106 0.745 
563    (0)   :  0.123 0.081 0.077 0.720 
564    (0)   :  0.039 0.075 0.401 0.485 
565    (0)   :  0.026 0.821 0.032 0.120 
566    (0)   :  0.018 0.229 0.042 0.711 
567    (0)   :  0.026 0.050 0.227 0.697 
568    (0)   :  0.039 0.156 0.177 0.628 
569    (0)   :  0.041 0.310 0.220 0.429 
570    (0)   :  0.019 0.762 0.033 0.186 
571    (0)   :  0.029 0.084 0.059 0.828 
572    (0)   :  0.079 0.127 0.635 0.160 
573    (0)   :  0.042 0.138 0.306 0.514 
574    (0)   :  0.113 0.412 0.093 0.383 
575    (0)   :  0.063 0.110 0.119 0.708 
576    (0)   :  0.018 0.121 0.032 0.829 
577    (0)   :  0.092 0.301 0.075 0.533 
578    (0)   :  0.031 0.165 0.071 0.733 
579    (0)   :  0.028 0.169 0.083 0.720 
580    (0)   :  0.055 0.467 0.061 0.417 
581    (0)   :  0.040 0.429 0.051 0.480 
582    (0)   :  0.020 0.712 0.053 0.215 
583    (0)   :  0.029 0.119 0.048 0.804 
584    (0)   :  0.023 0.103 0.033 0.842 
585    (0)   :  0.026 0.214 0.055 0.705 
586    (0)   :  0.033 0.062 0.079 0.826 
587    (0)   :  0.020 0.457 0.115 0.408 
588    (0)   :  0.025 0.024 0.772 0.178 
589    (0)   :  0.022 0.651 0.098 0.230 
590    (0)   :  0.025 0.051 0.061 0.864 
591    (0)   :  0.032 0.064 0.050 0.853 
592    (0)   :  0.022 0.160 0.299 0.519 
593    (0)   :  0.048 0.194 0.135 0.624 
594    (0)   :  0.063 0.052 0.055 0.830 
595    (0)   :  0.020 0.153 0.043 0.785 
596    (0)   :  0.039 0.137 0.475 0.349 
597    (0)   :  0.153 0.053 0.124 0.669 
598    (0)   :  0.020 0.834 0.027 0.119 
599    (0)   :  0.019 0.203 0.096 0.682 
600    (0)   :  0.065 0.458 0.103 0.373 
601    (0)   :  0.019 0.376 0.073 0.532 
602    (0)   :  0.094 0.061 0.130 0.715 
603    (0)   :  0.092 0.059 0.146 0.703 
604    (0)   :  0.075 0.500 0.109 0.317 
605    (0)   :  0.038 0.166 0.141 0.656 
606    (0)   :  0.092 0.139 0.345 0.424 
607    (0)   :  0.247 0.190 0.120 0.443 
608    (0)   :  0.430 0.176 0.077 0.317 
609    (0)   :  0.051 0.320 0.078 0.551 
610    (0)   :  0.037 0.620 0.149 0.193 
611    (0)   :  0.090 0.073 0.171 0.666 
612    (0)   :  0.028 0.821 0.045 0.106 
613    (0)   :  0.047 0.222 0.145 0.586 
614    (0)   :  0.028 0.748 0.066 0.157 
615    (0)   :  0.052 0.730 0.087 0.132 
616    (0)   :  0.170 0.183 0.124 0.522 
617    (0)   :  0.032 0.313 0.092 0.563 
618    (0)   :  0.142 0.527 0.133 0.198 
619    (0)   :  0.086 0.181 0.389 0.343 
620    (0)   :  0.017 0.093 0.370 0.520 
621    (0)   :  0.031 0.111 0.032 0.826 
622    (0)   :  0.094 0.415 0.229 0.262 
623    (0)   :  0.031 0.111 0.128 0.730 
624    (0)   :  0.112 0.673 0.053 0.163 
625    (0)   :  0.138 0.436 0.060 0.365 
626    (0)   :  0.313 0.332 0.248 0.107 
627    (0)   :  0.044 0.133 0.124 0.699 
628    (0)   :  0.042 0.082 0.122 0.754 
629    (0)   :  0.053 0.135 0.099 0.713 
630    (0)   :  0.042 0.554 0.074 0.330 
631    (0)   :  0.050 0.353 0.100 0.497 
632    (0)   :  0.139 0.086 0.530 0.246 
633    (0)   :  0.091 0.346 0.072 0.490 
634    (0)   :  0.118 0.172 0.227 0.483 
635    (0)   :  0.454 0.149 0.181 0.216 
636    (0)   :  0.217 0.381 0.073 0.329 
637    (0)   :  0.057 0.146 0.497 0.300 
638    (0)   :  0.085 0.116 0.097 0.702 
639    (0)   :  0.084 0.337 0.105 0.474 
640    (0)   :  0.038 0.089 0.037 0.836 
641    (0)   :  0.054 0.162 0.094 0.690 
642    (0)   :  0.438 0.088 0.240 0.234 
643    (0)   :  0.783 0.045 0.061 0.111 
644    (0)   :  0.572 0.049 0.099 0.280 
645    (0)   :  0.525 0.290 0.097 0.089 
646    (0)   :  0.084 0.088 0.295 0.532 
647    (0)   :  0.287 0.060 0.179 0.475 
648    (0)   :  0.260 0.114 0.289 0.336 
649    (0)   :  0.101 0.040 0.634 0.225 
650    (0)   :  0.114 0.049 0.278 0.558 
651    (0)   :  0.378 0.042 0.081 0.499 
652    (0)   :  0.595 0.057 0.122 0.226 
653    (0)   :  0.338 0.089 0.230 0.344 
654    (0)   :  0.300 0.063 0.453 0.184 
655    (0)   :  0.523 0.071 0.091 0.315 
656    (0)   :  0.202 0.079 0.336 0.383 
657    (0)   :  0.176 0.210 0.074 0.540 
658    (0)   :  0.187 0.128 0.207 0.478 
659    (0)   :  0.474 0.067 0.202 0.257 
660    (0)   :  0.493 0.046 0.299 0.163 
661    (0)   :  0.507 0.077 0.301 0.115 
662    (0)   :  0.063 0.033 0.711 0.194 
663    (0)   :  0.389 0.066 0.324 0.221 
664    (0)   :  0.199 0.173 0.103 0.525 
665    (0)   :  0.075 0.039 0.650 0.236 
666    (0)   :  0.354 0.069 0.380 0.197 
667    (0)   :  0.070 0.061 0.094 0.775 
668    (0)   :  0.438 0.110 0.192 0.260 
669    (0)   :  0.198 0.064 0.396 0.342 
670    (0)   :  0.793 0.029 0.095 0.083 
671    (0)   :  0.600 0.040 0.212 0.148 
672    (0)   :  0.668 0.069 0.109 0.154 
673    (0)   :  0.883 0.027 0.031 0.060 
674    (0)   :  0.698 0.057 0.133 0.112 
675    (0)   :  0.812 0.027 0.044 0.117 
676    (0)   :  0.883 0.026 0.034 0.057 
677    (0)   :  0.466 0.028 0.439 0.067 
678    (0)   :  0.883 0.027 0.027 0.062 
679    (0)   :  0.803 0.051 0.042 0.104 
680    (0)   :  0.817 0.045 0.054 0.083 
681    (0)   :  0.261 0.145 0.371 0.222 
682    (0)   :  0.827 0.048 0.051 0.074 
683    (0)   :  0.813 0.028 0.083 0.076 
684    (0)   :  0.874 0.029 0.032 0.065 
685    (0)   :  0.881 0.024 0.039 0.056 
686    (0)   :  0.511 0.052 0.339 0.097 
687    (0)   :  0.550 0.036 0.282 0.132 
688    (0)   :  0.815 0.033 0.059 0.093 
689    (0)   :  0.884 0.025 0.034 0.056 
690    (0)   :  0.880 0.026 0.036 0.058 
691    (0)   :  0.783 0.047 0.073 0.098 
692    (0)   :  0.830 0.036 0.037 0.097 
693    (0)   :  0.820 0.041 0.042 0.097 
694    (0)   :  0.885 0.023 0.040 0.052 
695    (0)   :  0.817 0.037 0.080 0.066 
696    (0)   :  0.814 0.033 0.060 0.093 
697    (0)   :  0.863 0.028 0.049 0.060 
698    (0)   :  0.873 0.027 0.040 0.060 
699    (0)   :  0.578 0.035 0.322 0.065 
700    (0)   :  0.741 0.069 0.106 0.083 
701    (0)   :  0.762 0.054 0.076 0.108 
702    (0)   :  0.675 0.066 0.129 0.129 
703    (0)   :  0.808 0.049 0.065 0.078 
704    (0)   :  0.790 0.033 0.094 0.084 
705    (0)   :  0.372 0.075 0.418 0.135 
706    (0)   :  0.807 0.046 0.077 0.071 
707    (0)   :  0.843 0.030 0.066 0.061 
708    (0)   :  0.860 0.026 0.048 0.066 
709    (0)   :  0.808 0.032 0.101 0.059 
710    (0)   :  0.882 0.024 0.042 0.052 
711    (0)   :  0.698 0.047 0.178 0.077 
712    (0)   :  0.661 0.024 0.255 0.060 
713    (0)   :  0.812 0.030 0.068 0.090 
714    (0)   :  0.751 0.050 0.069 0.129 
715    (0)   :  0.804 0.024 0.118 0.054 
716    (0)   :  0.827 0.043 0.065 0.064 
717    (0)   :  0.868 0.025 0.055 0.052 
718    (0)   :  0.728 0.044 0.130 0.099 
719    (0)   :  0.838 0.024 0.081 0.057 
720    (0)   :  0.030 0.134 0.063 0.773 
721    (0)   :  0.540 0.162 0.119 0.180 
722    (0)   :  0.062 0.444 0.118 0.376 
723    (0)   :  0.056 0.490 0.063 0.390 
724    (0)   :  0.160 0.608 0.079 0.153 
725    (0)   :  0.206 0.112 0.144 0.538 
726    (0)   :  0.097 0.542 0.167 0.195 
727    (0)   :  0.163 0.154 0.436 0.247 
728    (0)   :  0.018 0.877 0.030 0.075 
729    (0)   :  0.020 0.838 0.032 0.109 
730    (0)   :  0.035 0.355 0.060 0.550 
731    (0)   :  0.044 0.747 0.045 0.164 
732    (0)   :  0.057 0.492 0.061 0.389 
733    (0)   :  0.029 0.808 0.032 0.131 
734    (0)   :  0.020 0.797 0.032 0.152 
735    (0)   :  0.036 0.826 0.028 0.110 
736    (0)   :  0.042 0.447 0.049 0.462 
737    (0)   :  0.044 0.448 0.115 0.393 
738    (0)   :  0.036 0.365 0.050 0.549 
739    (0)   :  0.025 0.823 0.029 0.123 
740    (0)   :  0.746 0.042 0.054 0.158 
741    (0)   :  0.536 0.083 0.112 0.269 
742    (0)   :  0.148 0.089 0.034 0.729 
743    (0)   :  0.069 0.080 0.070 0.781 
744    (0)   :  0.064 0.058 0.463 0.415 
745    (0)   :  0.026 0.075 0.075 0.823 
746    (0)   :  0.166 0.137 0.119 0.578 
747    (0)   :  0.049 0.055 0.119 0.777 
748    (0)   :  0.447 0.051 0.088 0.414 
749    (0)   :  0.113 0.070 0.227 0.590 
750    (0)   :  0.072 0.069 0.180 0.678 
751    (0)   :  0.461 0.064 0.093 0.382 
752    (0)   :  0.063 0.087 0.132 0.718 
753    (0)   :  0.170 0.179 0.149 0.503 
754    (0)   :  0.411 0.070 0.070 0.448 
755    (0)   :  0.146 0.089 0.077 0.688 
756    (0)   :  0.232 0.042 0.139 0.587 
757    (0)   :  0.103 0.055 0.078 0.764 
758    (0)   :  0.026 0.039 0.056 0.879 
759    (0)   :  0.479 0.122 0.114 0.285 
760    (0)   :  0.109 0.171 0.057 0.663 
761    (0)   :  0.260 0.412 0.106 0.222 
762    (0)   :  0.041 0.369 0.033 0.557 
763    (0)   :  0.169 0.180 0.150 0.501 
764    (0)   :  0.064 0.053 0.056 0.827 
765    (0)   :  0.049 0.317 0.090 0.544 
766    (0)   :  0.294 0.055 0.062 0.589 
767    (0)   :  0.225 0.095 0.123 0.557 
768    (0)   :  0.043 0.406 0.035 0.517 
769    (0)   :  0.220 0.432 0.057 0.290 
770    (0)   :  0.035 0.379 0.047 0.539 
771    (0)   :  0.104 0.041 0.512 0.343 
772    (0)   :  0.285 0.099 0.111 0.506 
773    (0)   :  0.065 0.049 0.069 0.818 
774    (0)   :  0.431 0.082 0.144 0.344 
775    (0)   :  0.079 0.568 0.039 0.314 
776    (0)   :  0.040 0.060 0.061 0.840 
777    (0)   :  0.080 0.104 0.247 0.569 
778    (0)   :  0.120 0.064 0.376 0.440 
779    (0)   :  0.093 0.045 0.053 0.809 
780    (0)   :  0.415 0.065 0.083 0.437 
781    (0)   :  0.097 0.038 0.676 0.189 
782    (0)   :  0.097 0.044 0.053 0.806 
783    (0)   :  0.239 0.091 0.058 0.613 
784    (0)   :  0.054 0.119 0.052 0.775 
785    (0)   :  0.126 0.059 0.059 0.757 
786    (0)   :  0.443 0.073 0.059 0.426 
787    (0)   :  0.349 0.036 0.229 0.387 
788    (0)   :  0.071 0.090 0.069 0.771 
789    (0)   :  0.063 0.110 0.040 0.787 
790    (0)   :  0.249 0.111 0.059 0.582 
791    (0)   :  0.108 0.077 0.078 0.738 
792    (0)   :  0.420 0.038 0.187 0.355 
793    (0)   :  0.272 0.147 0.393 0.188 
794    (0)   :  0.114 0.097 0.112 0.677 
795    (0)   :  0.494 0.141 0.161 0.203 
796    (0)   :  0.149 0.060 0.086 0.705 
797    (0)   :  0.476 0.076 0.310 0.138 
798    (0)   :  0.021 0.655 0.153 0.171 
799    (0)   :  0.055 0.073 0.078 0.794 
800    (0)   :  0.393 0.030 0.373 0.205 
801    (0)   :  0.044 0.648 0.133 0.175 
802    (0)   :  0.180 0.348 0.273 0.200 
803    (0)   :  0.311 0.105 0.258 0.326 
804    (0)   :  0.084 0.120 0.453 0.343 
805    (0)   :  0.798 0.039 0.061 0.101 
806    (0)   :  0.079 0.343 0.413 0.166 
807    (0)   :  0.527 0.051 0.325 0.097 
808    (0)   :  0.262 0.051 0.542 0.145 
809    (0)   :  0.037 0.190 0.669 0.105 
810    (0)   :  0.147 0.214 0.158 0.481 
811    (0)   :  0.284 0.075 0.479 0.162 
812    (0)   :  0.022 0.052 0.808 0.119 
813    (0)   :  0.026 0.653 0.101 0.220 
814    (0)   :  0.033 0.042 0.676 0.249 
815    (0)   :  0.158 0.321 0.411 0.110 
816    (0)   :  0.309 0.225 0.189 0.277 
817    (0)   :  0.182 0.343 0.276 0.200 
818    (0)   :  0.056 0.091 0.052 0.801 
819    (0)   :  0.114 0.033 0.091 0.762 
820    (0)   :  0.146 0.051 0.197 0.606 
821    (0)   :  0.078 0.087 0.031 0.803 
822    (0)   :  0.022 0.134 0.052 0.792 
823    (0)   :  0.212 0.342 0.038 0.408 
824    (0)   :  0.113 0.061 0.064 0.762 
825    (0)   :  0.040 0.180 0.060 0.720 
826    (0)   :  0.030 0.053 0.049 0.868 
827    (0)   :  0.045 0.237 0.041 0.677 
828    (0)   :  0.081 0.383 0.065 0.471 
829    (0)   :  0.072 0.515 0.110 0.302 
830    (0)   :  0.030 0.154 0.029 0.787 
831    (0)   :  0.103 0.167 0.104 0.626 
832    (0)   :  0.115 0.141 0.116 0.628 
833    (0)   :  0.145 0.308 0.073 0.475 
834    (0)   :  0.105 0.227 0.089 0.579 
835    (0)   :  0.029 0.051 0.059 0.862 
836    (0)   :  0.059 0.058 0.098 0.786 
837    (0)   :  0.196 0.369 0.113 0.322 
838    (0)   :  0.031 0.045 0.106 0.817 
839    (0)   :  0.047 0.114 0.033 0.806 
840    (0)   :  0.116 0.057 0.376 0.451 
841    (0)   :  0.078 0.045 0.125 0.753 
842    (0)   :  0.023 0.054 0.032 0.891 
843    (0)   :  0.211 0.062 0.432 0.295 
844    (0)   :  0.127 0.112 0.130 0.631 
845    (0)   :  0.031 0.055 0.028 0.886 
846    (0)   :  0.076 0.043 0.048 0.832 
847    (0)   :  0.147 0.033 0.057 0.763 
848    (0)   :  0.066 0.037 0.074 0.823 
849    (0)   :  0.047 0.070 0.043 0.841 
850    (0)   :  0.045 0.117 0.041 0.798 
851    (0)   :  0.037 0.041 0.040 0.881 
852    (0)   :  0.517 0.158 0.046 0.279 
853    (0)   :  0.038 0.121 0.040 0.801 
854    (0)   :  0.229 0.209 0.046 0.516 
855    (0)   :  0.058 0.049 0.052 0.841 
856    (0)   :  0.102 0.055 0.063 0.780 
857    (0)   :  0.052 0.078 0.164 0.706 
858    (0)   :  0.033 0.057 0.047 0.862 
859    (0)   :  0.039 0.132 0.033 0.796 
860    (0)   :  0.035 0.046 0.059 0.860 
861    (0)   :  0.377 0.037 0.193 0.393 
862    (0)   :  0.026 0.858 0.033 0.083 
863    (0)   :  0.059 0.766 0.062 0.113 
864    (0)   :  0.043 0.850 0.031 0.076 
865    (0)   :  0.018 0.809 0.035 0.138 
866    (0)   :  0.030 0.267 0.063 0.640 
867    (0)   :  0.036 0.833 0.050 0.082 
868    (0)   :  0.032 0.705 0.074 0.188 
869    (0)   :  0.034 0.298 0.051 0.617 
870    (0)   :  0.021 0.624 0.147 0.208 
871    (0)   :  0.022 0.741 0.043 0.193 
872    (0)   :  0.031 0.816 0.031 0.122 
873    (0)   :  0.034 0.833 0.034 0.098 
874    (0)   :  0.022 0.843 0.041 0.094 
875    (0)   :  0.036 0.358 0.159 0.447 
876    (0)   :  0.027 0.094 0.089 0.790 
877    (0)   :  0.030 0.857 0.031 0.082 
878    (0)   :  0.047 0.319 0.116 0.519 
879    (0)   :  0.043 0.825 0.033 0.099 
880    (0)   :  0.027 0.392 0.162 0.420 
881    (0)   :  0.036 0.796 0.043 0.125 
882    (0)   :  0.035 0.824 0.030 0.111 
883    (0)   :  0.042 0.097 0.094 0.767 
884    (0)   :  0.018 0.808 0.034 0.141 
885    (0)   :  0.056 0.568 0.199 0.177 
886    (0)   :  0.057 0.461 0.051 0.431 
887    (0)   :  0.021 0.800 0.037 0.142 
888    (0)   :  0.086 0.383 0.329 0.202 
889    (0)   :  0.018 0.833 0.034 0.115 
890    (0)   :  0.019 0.393 0.071 0.517 
891    (0)   :  0.031 0.054 0.076 0.840 
892    (0)   :  0.036 0.066 0.120 0.778 
893    (0)   :  0.050 0.110 0.215 0.625 
894    (0)   :  0.022 0.163 0.029 0.786 
895    (0)   :  0.022 0.742 0.040 0.195 
896    (0)   :  0.057 0.044 0.111 0.788 
897    (0)   :  0.035 0.045 0.071 0.849 
898    (0)   :  0.060 0.265 0.101 0.574 
899    (0)   :  0.019 0.097 0.028 0.856 
900    (0)   :  0.027 0.050 0.061 0.862 
901    (0)   :  0.030 0.063 0.050 0.857 
902    (0)   :  0.036 0.059 0.445 0.460 
903    (0)   :  0.028 0.459 0.056 0.457 
904    (0)   :  0.058 0.296 0.140 0.506 
905    (0)   :  0.021 0.405 0.035 0.539 
906    (0)   :  0.038 0.187 0.117 0.657 
907    (0)   :  0.046 0.093 0.043 0.818 
908    (0)   :  0.037 0.104 0.038 0.822 
909    (0)   :  0.041 0.186 0.146 0.627 
910    (0)   :  0.039 0.069 0.119 0.773 
911    (0)   :  0.019 0.551 0.038 0.393 
912    (0)   :  0.024 0.130 0.037 0.809 
913    (0)   :  0.021 0.239 0.053 0.687 
914    (0)   :  0.141 0.156 0.054 0.648 
915    (0)   :  0.018 0.149 0.047 0.786 
916    (0)   :  0.025 0.094 0.048 0.833 
917    (0)   :  0.026 0.123 0.048 0.803 
918    (0)   :  0.110 0.298 0.083 0.508 
919    (0)   :  0.060 0.404 0.059 0.478 
920    (0)   :  0.042 0.085 0.040 0.832 
921    (0)   :  0.196 0.076 0.440 0.289 
922    (0)   :  0.032 0.051 0.645 0.272 
923    (0)   :  0.049 0.042 0.621 0.289 
924    (0)   :  0.031 0.045 0.580 0.344 
925    (0)   :  0.052 0.060 0.550 0.338 
926    (0)   :  0.049 0.026 0.809 0.116 
927    (0)   :  0.060 0.041 0.778 0.121 
928    (0)   :  0.099 0.027 0.762 0.113 
929    (0)   :  0.031 0.028 0.779 0.161 
930    (0)   :  0.051 0.056 0.654 0.239 
931    (0)   :  0.079 0.151 0.711 0.059 
932    (0)   :  0.025 0.031 0.810 0.134 
933    (0)   :  0.271 0.037 0.552 0.141 
