

----------------------------------------------------
STRUCTURE by Pritchard, Stephens and Donnelly (2000)
     and Falush, Stephens and Pritchard (2003)
       Code by Pritchard, Falush and Hubisz
             Version 2.3.4 (Jul 2012)
----------------------------------------------------



Command line arguments:   ./structure -K 9 -D 109004 -m brooktrout/mainparams -e brooktrout/extraparams -o brooktrout/250914_output/results_K9_rep4 
Input File:    brooktrout/brooktrout.txt

Run parameters:
   8454 individuals
   5 loci
   9 populations assumed
   50000 Burn-in period
   100000 Reps
RANDOMIZE turned off


--------------------------------------------
Overall proportion of membership of the
sample in each of the 9 clusters

Inferred Clusters
  1      2      3      4      5      6      7      8      9    
0.010  0.015  0.048  0.095  0.115  0.165  0.170  0.191  0.191  

--------------------------------------------

Allele-freq. divergence among pops (Net nucleotide distance),
computed using point estimates of P.

      1       2       3       4       5       6       7       8       9      
 1      -    0.1775  0.1312  0.1363  0.1246  0.1344  0.1194  0.1064  0.1444  
 2   0.1775     -    0.1890  0.2445  0.2143  0.2231  0.1267  0.1491  0.2138  
 3   0.1312  0.1890     -    0.2074  0.1170  0.1962  0.1119  0.0924  0.1484  
 4   0.1363  0.2445  0.2074     -    0.2056  0.0767  0.1873  0.2012  0.1555  
 5   0.1246  0.2143  0.1170  0.2056     -    0.1923  0.1277  0.1115  0.1296  
 6   0.1344  0.2231  0.1962  0.0767  0.1923     -    0.1463  0.1857  0.1247  
 7   0.1194  0.1267  0.1119  0.1873  0.1277  0.1463     -    0.0918  0.1608  
 8   0.1064  0.1491  0.0924  0.2012  0.1115  0.1857  0.0918     -    0.1337  
 9   0.1444  0.2138  0.1484  0.1555  0.1296  0.1247  0.1608  0.1337     -    

Average distances (expected heterozygosity) between individuals in same cluster:
cluster  1  : 0.8219 
cluster  2  : 0.6735 
cluster  3  : 0.7379 
cluster  4  : 0.7038 
cluster  5  : 0.7702 
cluster  6  : 0.6843 
cluster  7  : 0.7114 
cluster  8  : 0.7380 
cluster  9  : 0.7590 

--------------------------------------------
Estimated Ln Prob of Data   = -183212.5
Mean value of ln likelihood = -172376.3
Variance of ln likelihood   = 21672.4

Mean value of alpha_1       = 0.0473
Mean value of alpha_2       = 0.0681
Mean value of alpha_3       = 0.2343
Mean value of alpha_4       = 0.4537
Mean value of alpha_5       = 0.5792
Mean value of alpha_6       = 0.8010
Mean value of alpha_7       = 0.8482
Mean value of alpha_8       = 0.9475
Mean value of alpha_9       = 0.9594
Allele frequencies uncorrelated


Inferred ancestry of individuals:
     (%Miss) :  Inferred clusters
  1    (0)   :  0.006 0.009 0.026 0.084 0.088 0.197 0.331 0.129 0.130 
  2    (0)   :  0.005 0.006 0.030 0.051 0.197 0.111 0.100 0.201 0.300 
  3    (0)   :  0.008 0.011 0.032 0.053 0.051 0.211 0.148 0.323 0.164 
  4    (0)   :  0.013 0.013 0.041 0.255 0.074 0.219 0.087 0.144 0.155 
  5    (0)   :  0.006 0.006 0.032 0.063 0.248 0.092 0.109 0.215 0.230 
  6    (0)   :  0.008 0.006 0.031 0.088 0.068 0.098 0.192 0.396 0.115 
  7    (0)   :  0.006 0.008 0.153 0.049 0.132 0.095 0.209 0.252 0.097 
  8    (0)   :  0.032 0.013 0.039 0.181 0.070 0.174 0.119 0.257 0.116 
  9    (0)   :  0.011 0.009 0.034 0.052 0.132 0.177 0.170 0.218 0.198 
 10    (0)   :  0.009 0.007 0.035 0.173 0.101 0.109 0.200 0.271 0.096 
 11    (0)   :  0.004 0.008 0.053 0.042 0.168 0.093 0.369 0.173 0.090 
 12    (0)   :  0.006 0.006 0.033 0.078 0.189 0.140 0.117 0.201 0.231 
 13    (0)   :  0.008 0.006 0.043 0.056 0.137 0.171 0.165 0.245 0.169 
 14    (0)   :  0.004 0.010 0.022 0.086 0.072 0.120 0.125 0.225 0.334 
 15    (0)   :  0.006 0.016 0.041 0.114 0.105 0.205 0.120 0.202 0.190 
 16    (0)   :  0.005 0.008 0.032 0.048 0.093 0.131 0.336 0.228 0.118 
 17    (0)   :  0.012 0.008 0.026 0.071 0.127 0.150 0.137 0.297 0.171 
 18    (0)   :  0.012 0.014 0.028 0.089 0.074 0.145 0.166 0.224 0.248 
 19    (0)   :  0.007 0.007 0.029 0.062 0.105 0.143 0.174 0.353 0.120 
 20    (0)   :  0.005 0.014 0.051 0.073 0.179 0.128 0.128 0.239 0.182 
 21    (0)   :  0.005 0.008 0.025 0.133 0.078 0.154 0.204 0.138 0.254 
 22    (0)   :  0.011 0.006 0.022 0.056 0.065 0.187 0.201 0.327 0.124 
 23    (0)   :  0.008 0.017 0.033 0.066 0.082 0.273 0.096 0.169 0.257 
 24    (0)   :  0.005 0.007 0.028 0.063 0.079 0.243 0.314 0.134 0.127 
 25    (0)   :  0.006 0.010 0.045 0.044 0.146 0.080 0.114 0.412 0.142 
 26    (0)   :  0.009 0.010 0.029 0.098 0.119 0.185 0.187 0.188 0.175 
 27    (0)   :  0.006 0.007 0.029 0.065 0.110 0.142 0.207 0.236 0.198 
 28    (0)   :  0.006 0.007 0.049 0.244 0.062 0.124 0.224 0.152 0.134 
 29    (0)   :  0.004 0.006 0.048 0.043 0.194 0.144 0.164 0.193 0.204 
 30    (0)   :  0.007 0.008 0.022 0.047 0.079 0.150 0.285 0.235 0.168 
 31    (0)   :  0.022 0.007 0.045 0.138 0.139 0.105 0.196 0.148 0.199 
 32    (0)   :  0.005 0.010 0.024 0.096 0.069 0.184 0.092 0.349 0.172 
 33    (0)   :  0.006 0.008 0.039 0.047 0.068 0.228 0.182 0.259 0.163 
 34    (0)   :  0.007 0.010 0.041 0.132 0.160 0.079 0.107 0.378 0.087 
 35    (0)   :  0.015 0.006 0.021 0.038 0.145 0.121 0.137 0.221 0.296 
 36    (0)   :  0.005 0.036 0.027 0.038 0.055 0.119 0.327 0.103 0.290 
 37    (0)   :  0.008 0.006 0.028 0.062 0.066 0.224 0.127 0.210 0.267 
 38    (0)   :  0.006 0.175 0.046 0.033 0.131 0.090 0.202 0.154 0.163 
 39    (0)   :  0.008 0.014 0.036 0.049 0.123 0.110 0.224 0.191 0.244 
 40    (0)   :  0.004 0.011 0.022 0.049 0.062 0.207 0.139 0.151 0.355 
 41    (0)   :  0.008 0.014 0.038 0.034 0.101 0.151 0.211 0.173 0.269 
 42    (0)   :  0.005 0.021 0.024 0.048 0.076 0.363 0.237 0.086 0.142 
 43    (0)   :  0.009 0.006 0.032 0.049 0.071 0.189 0.104 0.178 0.363 
 44    (0)   :  0.009 0.005 0.022 0.033 0.065 0.127 0.100 0.223 0.417 
 45    (0)   :  0.005 0.025 0.024 0.034 0.125 0.095 0.282 0.097 0.313 
 46    (0)   :  0.011 0.007 0.027 0.059 0.103 0.096 0.141 0.319 0.237 
 47    (0)   :  0.031 0.006 0.028 0.061 0.123 0.159 0.166 0.231 0.197 
 48    (0)   :  0.010 0.008 0.019 0.034 0.065 0.135 0.085 0.203 0.441 
 49    (0)   :  0.010 0.008 0.026 0.047 0.147 0.138 0.227 0.142 0.254 
 50    (0)   :  0.012 0.008 0.054 0.091 0.091 0.072 0.157 0.342 0.174 
 51    (0)   :  0.004 0.032 0.025 0.035 0.058 0.135 0.213 0.085 0.412 
 52    (0)   :  0.009 0.008 0.035 0.055 0.135 0.135 0.268 0.183 0.172 
 53    (0)   :  0.009 0.048 0.045 0.065 0.059 0.122 0.235 0.242 0.176 
 54    (0)   :  0.011 0.005 0.022 0.055 0.134 0.164 0.113 0.160 0.334 
 55    (0)   :  0.007 0.006 0.023 0.043 0.073 0.117 0.090 0.164 0.477 
 56    (0)   :  0.008 0.015 0.023 0.048 0.086 0.164 0.143 0.171 0.342 
 57    (0)   :  0.020 0.008 0.028 0.143 0.135 0.184 0.163 0.218 0.101 
 58    (0)   :  0.005 0.012 0.024 0.043 0.124 0.139 0.212 0.105 0.334 
 59    (0)   :  0.005 0.045 0.025 0.045 0.167 0.141 0.231 0.108 0.234 
 60    (0)   :  0.005 0.014 0.030 0.079 0.054 0.148 0.185 0.108 0.377 
 61    (0)   :  0.004 0.006 0.022 0.057 0.079 0.154 0.094 0.091 0.493 
 62    (0)   :  0.012 0.007 0.031 0.069 0.263 0.118 0.168 0.163 0.169 
 63    (0)   :  0.004 0.008 0.046 0.054 0.075 0.185 0.159 0.182 0.287 
 64    (0)   :  0.008 0.020 0.025 0.042 0.152 0.098 0.231 0.229 0.196 
 65    (0)   :  0.006 0.007 0.039 0.041 0.176 0.077 0.121 0.330 0.203 
 66    (0)   :  0.005 0.007 0.053 0.090 0.093 0.189 0.129 0.144 0.290 
 67    (0)   :  0.006 0.006 0.023 0.038 0.086 0.102 0.094 0.168 0.477 
 68    (0)   :  0.007 0.040 0.027 0.051 0.127 0.156 0.252 0.101 0.240 
 69    (0)   :  0.008 0.137 0.032 0.151 0.138 0.075 0.174 0.157 0.127 
 70    (0)   :  0.005 0.018 0.063 0.048 0.068 0.171 0.193 0.171 0.263 
 71    (0)   :  0.006 0.032 0.029 0.034 0.143 0.079 0.236 0.107 0.334 
 72    (0)   :  0.006 0.011 0.028 0.039 0.067 0.093 0.362 0.178 0.215 
 73    (0)   :  0.005 0.010 0.030 0.039 0.175 0.090 0.130 0.108 0.411 
 74    (0)   :  0.005 0.039 0.024 0.046 0.055 0.201 0.285 0.102 0.243 
 75    (0)   :  0.005 0.023 0.022 0.052 0.062 0.226 0.240 0.087 0.282 
 76    (0)   :  0.006 0.006 0.040 0.041 0.064 0.116 0.118 0.253 0.358 
 77    (0)   :  0.005 0.035 0.036 0.032 0.137 0.132 0.239 0.139 0.246 
 78    (0)   :  0.006 0.154 0.042 0.032 0.130 0.136 0.174 0.140 0.187 
 79    (0)   :  0.005 0.007 0.067 0.052 0.128 0.112 0.233 0.264 0.133 
 80    (0)   :  0.005 0.006 0.051 0.099 0.063 0.395 0.129 0.124 0.127 
 81    (0)   :  0.005 0.007 0.080 0.123 0.064 0.287 0.181 0.137 0.117 
 82    (0)   :  0.005 0.006 0.040 0.060 0.142 0.185 0.135 0.155 0.272 
 83    (0)   :  0.005 0.011 0.083 0.101 0.052 0.209 0.154 0.206 0.180 
 84    (0)   :  0.005 0.007 0.067 0.099 0.069 0.199 0.193 0.235 0.128 
 85    (0)   :  0.005 0.013 0.037 0.103 0.062 0.231 0.174 0.229 0.147 
 86    (0)   :  0.007 0.009 0.024 0.050 0.152 0.094 0.118 0.208 0.338 
 87    (0)   :  0.005 0.013 0.177 0.058 0.090 0.116 0.178 0.198 0.166 
 88    (0)   :  0.005 0.006 0.073 0.075 0.091 0.278 0.171 0.136 0.165 
 89    (0)   :  0.006 0.007 0.055 0.112 0.077 0.280 0.172 0.134 0.158 
 90    (0)   :  0.005 0.006 0.119 0.062 0.129 0.129 0.170 0.226 0.154 
 91    (0)   :  0.005 0.014 0.041 0.101 0.051 0.347 0.141 0.160 0.140 
 92    (0)   :  0.005 0.007 0.063 0.066 0.117 0.162 0.217 0.189 0.175 
 93    (0)   :  0.005 0.006 0.025 0.279 0.063 0.266 0.125 0.105 0.126 
 94    (0)   :  0.005 0.018 0.304 0.051 0.049 0.099 0.183 0.174 0.118 
 95    (0)   :  0.005 0.006 0.147 0.072 0.101 0.225 0.137 0.162 0.144 
 96    (0)   :  0.004 0.006 0.025 0.063 0.070 0.254 0.098 0.097 0.383 
 97    (0)   :  0.006 0.021 0.022 0.053 0.066 0.196 0.268 0.093 0.276 
 98    (0)   :  0.004 0.006 0.024 0.040 0.094 0.192 0.182 0.172 0.286 
 99    (0)   :  0.005 0.006 0.076 0.097 0.084 0.194 0.178 0.233 0.127 
100    (0)   :  0.005 0.005 0.024 0.085 0.067 0.434 0.084 0.099 0.197 
101    (0)   :  0.006 0.016 0.110 0.072 0.097 0.149 0.166 0.172 0.212 
102    (0)   :  0.006 0.013 0.043 0.089 0.108 0.285 0.108 0.168 0.182 
103    (0)   :  0.005 0.006 0.063 0.121 0.098 0.112 0.096 0.183 0.316 
104    (0)   :  0.005 0.006 0.162 0.118 0.133 0.060 0.111 0.234 0.171 
105    (0)   :  0.005 0.005 0.071 0.163 0.251 0.072 0.091 0.144 0.196 
106    (0)   :  0.005 0.009 0.098 0.033 0.104 0.066 0.223 0.316 0.147 
107    (0)   :  0.007 0.007 0.131 0.105 0.124 0.110 0.105 0.173 0.238 
108    (0)   :  0.004 0.088 0.024 0.053 0.065 0.079 0.077 0.188 0.423 
109    (0)   :  0.005 0.018 0.039 0.043 0.312 0.061 0.172 0.174 0.176 
110    (0)   :  0.005 0.009 0.158 0.038 0.114 0.071 0.242 0.256 0.107 
111    (0)   :  0.006 0.007 0.226 0.056 0.229 0.080 0.094 0.153 0.148 
112    (0)   :  0.004 0.010 0.201 0.040 0.269 0.074 0.144 0.130 0.129 
113    (0)   :  0.006 0.014 0.034 0.063 0.109 0.107 0.153 0.166 0.348 
114    (0)   :  0.004 0.005 0.113 0.143 0.217 0.067 0.115 0.185 0.149 
115    (0)   :  0.006 0.008 0.082 0.045 0.207 0.132 0.095 0.220 0.204 
116    (0)   :  0.006 0.019 0.048 0.034 0.166 0.072 0.226 0.188 0.242 
117    (0)   :  0.007 0.011 0.078 0.040 0.251 0.102 0.221 0.189 0.101 
118    (0)   :  0.005 0.011 0.041 0.050 0.300 0.085 0.088 0.122 0.298 
119    (0)   :  0.004 0.010 0.038 0.063 0.055 0.261 0.096 0.167 0.305 
120    (0)   :  0.005 0.007 0.082 0.063 0.210 0.117 0.107 0.212 0.197 
121    (0)   :  0.013 0.012 0.087 0.040 0.242 0.097 0.133 0.170 0.206 
122    (0)   :  0.004 0.008 0.070 0.054 0.172 0.071 0.221 0.252 0.148 
123    (0)   :  0.005 0.010 0.183 0.064 0.118 0.094 0.138 0.202 0.186 
124    (0)   :  0.010 0.010 0.078 0.046 0.154 0.072 0.198 0.194 0.236 
125    (0)   :  0.006 0.022 0.033 0.038 0.182 0.109 0.306 0.189 0.116 
126    (0)   :  0.004 0.009 0.075 0.055 0.077 0.103 0.248 0.190 0.238 
127    (0)   :  0.005 0.006 0.341 0.057 0.117 0.083 0.079 0.133 0.178 
128    (0)   :  0.004 0.006 0.028 0.049 0.273 0.085 0.104 0.126 0.325 
129    (0)   :  0.006 0.006 0.106 0.055 0.181 0.065 0.093 0.187 0.301 
130    (0)   :  0.006 0.006 0.093 0.104 0.232 0.105 0.119 0.194 0.140 
131    (0)   :  0.010 0.064 0.080 0.040 0.137 0.069 0.242 0.195 0.164 
132    (0)   :  0.005 0.007 0.102 0.045 0.110 0.061 0.185 0.252 0.233 
133    (0)   :  0.008 0.009 0.156 0.070 0.094 0.094 0.107 0.207 0.255 
134    (0)   :  0.004 0.008 0.204 0.031 0.193 0.059 0.206 0.196 0.100 
135    (0)   :  0.006 0.008 0.021 0.129 0.090 0.282 0.119 0.081 0.263 
136    (0)   :  0.006 0.006 0.020 0.272 0.077 0.278 0.098 0.123 0.119 
137    (0)   :  0.005 0.007 0.023 0.163 0.100 0.405 0.110 0.094 0.092 
138    (0)   :  0.005 0.008 0.021 0.444 0.046 0.153 0.123 0.085 0.116 
139    (0)   :  0.005 0.007 0.020 0.190 0.076 0.104 0.119 0.107 0.371 
140    (0)   :  0.005 0.008 0.026 0.164 0.073 0.199 0.220 0.106 0.198 
141    (0)   :  0.006 0.008 0.021 0.375 0.065 0.110 0.145 0.127 0.143 
142    (0)   :  0.005 0.007 0.021 0.180 0.072 0.182 0.107 0.082 0.343 
143    (0)   :  0.004 0.006 0.019 0.123 0.049 0.530 0.086 0.078 0.106 
144    (0)   :  0.005 0.006 0.023 0.119 0.097 0.472 0.095 0.083 0.100 
145    (0)   :  0.007 0.008 0.022 0.191 0.082 0.212 0.153 0.142 0.185 
146    (0)   :  0.007 0.009 0.032 0.226 0.089 0.182 0.201 0.128 0.126 
147    (0)   :  0.005 0.006 0.020 0.258 0.053 0.382 0.099 0.087 0.091 
148    (0)   :  0.005 0.006 0.028 0.279 0.082 0.150 0.100 0.143 0.208 
149    (0)   :  0.005 0.008 0.020 0.322 0.064 0.151 0.149 0.086 0.195 
150    (0)   :  0.006 0.006 0.031 0.187 0.127 0.254 0.125 0.121 0.144 
151    (0)   :  0.005 0.006 0.024 0.166 0.065 0.392 0.108 0.096 0.137 
152    (0)   :  0.005 0.011 0.024 0.234 0.074 0.177 0.083 0.172 0.219 
153    (0)   :  0.005 0.008 0.024 0.361 0.056 0.141 0.170 0.094 0.141 
154    (0)   :  0.006 0.007 0.020 0.382 0.066 0.124 0.097 0.112 0.186 
155    (0)   :  0.005 0.005 0.027 0.456 0.054 0.144 0.091 0.101 0.118 
156    (0)   :  0.004 0.006 0.024 0.251 0.072 0.257 0.091 0.086 0.209 
157    (0)   :  0.005 0.006 0.046 0.330 0.059 0.198 0.114 0.144 0.098 
158    (0)   :  0.007 0.009 0.021 0.197 0.088 0.239 0.166 0.133 0.141 
159    (0)   :  0.005 0.006 0.020 0.362 0.060 0.273 0.090 0.086 0.095 
160    (0)   :  0.005 0.006 0.020 0.432 0.064 0.187 0.090 0.086 0.108 
161    (0)   :  0.005 0.008 0.025 0.108 0.064 0.348 0.200 0.107 0.136 
162    (0)   :  0.008 0.007 0.032 0.265 0.089 0.116 0.184 0.136 0.163 
163    (0)   :  0.004 0.006 0.024 0.411 0.055 0.176 0.098 0.089 0.137 
164    (0)   :  0.007 0.007 0.027 0.318 0.078 0.128 0.153 0.121 0.163 
165    (0)   :  0.006 0.006 0.028 0.151 0.132 0.337 0.115 0.100 0.125 
166    (0)   :  0.005 0.014 0.041 0.296 0.055 0.135 0.100 0.171 0.183 
167    (0)   :  0.009 0.007 0.027 0.482 0.069 0.091 0.088 0.129 0.100 
168    (0)   :  0.005 0.019 0.022 0.311 0.056 0.175 0.142 0.119 0.149 
169    (0)   :  0.007 0.022 0.020 0.150 0.090 0.188 0.276 0.127 0.121 
170    (0)   :  0.005 0.006 0.024 0.069 0.062 0.428 0.108 0.094 0.204 
171    (0)   :  0.005 0.012 0.022 0.274 0.066 0.158 0.114 0.170 0.178 
172    (0)   :  0.005 0.021 0.020 0.160 0.066 0.189 0.255 0.082 0.203 
173    (0)   :  0.006 0.005 0.020 0.425 0.060 0.167 0.085 0.092 0.140 
174    (0)   :  0.005 0.006 0.025 0.406 0.063 0.167 0.118 0.105 0.105 
175    (0)   :  0.006 0.006 0.020 0.148 0.055 0.439 0.087 0.128 0.111 
176    (0)   :  0.005 0.006 0.022 0.116 0.097 0.477 0.093 0.083 0.100 
177    (0)   :  0.005 0.008 0.043 0.309 0.065 0.124 0.191 0.143 0.112 
178    (0)   :  0.006 0.005 0.026 0.402 0.063 0.121 0.112 0.151 0.114 
179    (0)   :  0.005 0.005 0.020 0.486 0.047 0.148 0.089 0.091 0.110 
180    (0)   :  0.008 0.009 0.026 0.223 0.079 0.224 0.183 0.110 0.137 
181    (0)   :  0.006 0.007 0.021 0.172 0.071 0.268 0.144 0.098 0.213 
182    (0)   :  0.006 0.006 0.020 0.164 0.069 0.368 0.086 0.083 0.197 
183    (0)   :  0.005 0.006 0.021 0.260 0.052 0.335 0.096 0.093 0.132 
184    (0)   :  0.007 0.009 0.024 0.049 0.096 0.109 0.084 0.257 0.367 
185    (0)   :  0.004 0.006 0.017 0.285 0.061 0.270 0.075 0.071 0.210 
186    (0)   :  0.006 0.005 0.041 0.047 0.084 0.100 0.119 0.260 0.338 
187    (0)   :  0.005 0.006 0.026 0.170 0.078 0.171 0.090 0.150 0.304 
188    (0)   :  0.006 0.005 0.027 0.040 0.089 0.078 0.093 0.237 0.424 
189    (0)   :  0.005 0.016 0.023 0.088 0.055 0.235 0.162 0.193 0.223 
190    (0)   :  0.004 0.005 0.018 0.078 0.058 0.180 0.066 0.073 0.518 
191    (0)   :  0.005 0.005 0.023 0.070 0.127 0.132 0.098 0.168 0.371 
192    (0)   :  0.004 0.006 0.031 0.081 0.096 0.262 0.105 0.196 0.220 
193    (0)   :  0.005 0.006 0.023 0.069 0.110 0.225 0.123 0.174 0.264 
194    (0)   :  0.005 0.006 0.030 0.069 0.076 0.266 0.116 0.151 0.281 
195    (0)   :  0.005 0.005 0.019 0.125 0.053 0.227 0.082 0.081 0.404 
196    (0)   :  0.004 0.007 0.023 0.076 0.071 0.166 0.074 0.098 0.480 
197    (0)   :  0.007 0.006 0.030 0.137 0.099 0.122 0.115 0.236 0.247 
198    (0)   :  0.004 0.007 0.026 0.070 0.086 0.171 0.199 0.211 0.226 
199    (0)   :  0.005 0.009 0.027 0.051 0.080 0.194 0.094 0.095 0.446 
200    (0)   :  0.004 0.009 0.021 0.075 0.074 0.153 0.082 0.144 0.439 
201    (0)   :  0.005 0.005 0.020 0.280 0.061 0.164 0.079 0.100 0.286 
202    (0)   :  0.004 0.005 0.025 0.081 0.068 0.382 0.082 0.082 0.270 
203    (0)   :  0.005 0.005 0.022 0.201 0.071 0.226 0.067 0.097 0.307 
204    (0)   :  0.005 0.005 0.021 0.071 0.065 0.165 0.076 0.088 0.505 
205    (0)   :  0.004 0.009 0.023 0.063 0.079 0.143 0.099 0.126 0.454 
206    (0)   :  0.005 0.005 0.020 0.095 0.062 0.155 0.082 0.094 0.482 
207    (0)   :  0.004 0.005 0.027 0.045 0.104 0.126 0.075 0.102 0.512 
208    (0)   :  0.005 0.005 0.020 0.197 0.076 0.119 0.080 0.101 0.397 
209    (0)   :  0.004 0.005 0.023 0.064 0.117 0.183 0.103 0.167 0.334 
210    (0)   :  0.004 0.005 0.024 0.089 0.073 0.154 0.084 0.108 0.459 
211    (0)   :  0.005 0.005 0.031 0.063 0.164 0.231 0.067 0.100 0.334 
212    (0)   :  0.004 0.005 0.019 0.108 0.062 0.355 0.108 0.114 0.224 
213    (0)   :  0.004 0.006 0.041 0.053 0.075 0.178 0.167 0.109 0.365 
214    (0)   :  0.004 0.005 0.020 0.094 0.072 0.373 0.072 0.101 0.259 
215    (0)   :  0.004 0.008 0.023 0.061 0.104 0.109 0.080 0.136 0.475 
216    (0)   :  0.007 0.007 0.024 0.055 0.096 0.132 0.101 0.260 0.319 
217    (0)   :  0.005 0.008 0.020 0.110 0.059 0.293 0.079 0.102 0.326 
218    (0)   :  0.005 0.008 0.037 0.076 0.083 0.165 0.105 0.131 0.389 
219    (0)   :  0.009 0.012 0.023 0.120 0.062 0.208 0.108 0.223 0.236 
220    (0)   :  0.004 0.005 0.022 0.065 0.086 0.125 0.079 0.109 0.504 
221    (0)   :  0.004 0.005 0.018 0.060 0.052 0.504 0.074 0.079 0.204 
222    (0)   :  0.007 0.007 0.024 0.074 0.076 0.177 0.117 0.266 0.251 
223    (0)   :  0.005 0.008 0.025 0.184 0.071 0.202 0.105 0.152 0.248 
224    (0)   :  0.005 0.005 0.022 0.116 0.065 0.267 0.078 0.102 0.341 
225    (0)   :  0.004 0.006 0.022 0.072 0.077 0.172 0.092 0.117 0.436 
226    (0)   :  0.006 0.070 0.029 0.077 0.087 0.174 0.103 0.167 0.287 
227    (0)   :  0.005 0.005 0.028 0.107 0.068 0.186 0.082 0.086 0.434 
228    (0)   :  0.004 0.006 0.018 0.118 0.061 0.213 0.077 0.073 0.431 
229    (0)   :  0.005 0.005 0.026 0.104 0.075 0.309 0.081 0.122 0.272 
230    (0)   :  0.005 0.005 0.024 0.085 0.088 0.265 0.075 0.113 0.340 
231    (0)   :  0.005 0.005 0.021 0.142 0.087 0.218 0.099 0.150 0.272 
232    (0)   :  0.005 0.008 0.033 0.062 0.076 0.283 0.191 0.103 0.240 
233    (0)   :  0.004 0.005 0.021 0.266 0.072 0.233 0.073 0.105 0.220 
234    (0)   :  0.004 0.006 0.025 0.105 0.106 0.180 0.119 0.224 0.230 
235    (0)   :  0.005 0.010 0.023 0.082 0.066 0.270 0.111 0.126 0.307 
236    (0)   :  0.004 0.006 0.022 0.113 0.093 0.293 0.084 0.139 0.245 
237    (0)   :  0.004 0.005 0.024 0.060 0.112 0.121 0.092 0.114 0.469 
238    (0)   :  0.004 0.005 0.025 0.089 0.072 0.353 0.088 0.119 0.244 
239    (0)   :  0.005 0.005 0.019 0.125 0.052 0.227 0.082 0.080 0.405 
240    (0)   :  0.004 0.005 0.025 0.089 0.072 0.353 0.088 0.119 0.244 
241    (0)   :  0.005 0.006 0.023 0.088 0.062 0.355 0.098 0.094 0.268 
242    (0)   :  0.006 0.009 0.024 0.088 0.056 0.191 0.117 0.153 0.357 
243    (0)   :  0.004 0.005 0.019 0.079 0.071 0.168 0.064 0.084 0.506 
244    (0)   :  0.005 0.005 0.021 0.113 0.077 0.275 0.071 0.101 0.333 
245    (0)   :  0.004 0.005 0.023 0.244 0.055 0.257 0.096 0.096 0.220 
246    (0)   :  0.005 0.008 0.020 0.110 0.059 0.289 0.080 0.100 0.330 
247    (0)   :  0.004 0.008 0.045 0.044 0.089 0.088 0.142 0.219 0.361 
248    (0)   :  0.004 0.006 0.026 0.050 0.131 0.089 0.090 0.127 0.476 
249    (0)   :  0.005 0.005 0.024 0.071 0.083 0.350 0.075 0.115 0.273 
250    (0)   :  0.005 0.006 0.026 0.084 0.103 0.279 0.088 0.163 0.246 
251    (0)   :  0.005 0.015 0.025 0.070 0.095 0.139 0.107 0.222 0.323 
252    (0)   :  0.005 0.006 0.023 0.094 0.066 0.228 0.109 0.122 0.347 
253    (0)   :  0.004 0.012 0.037 0.050 0.095 0.137 0.134 0.150 0.382 
254    (0)   :  0.007 0.006 0.022 0.091 0.076 0.161 0.097 0.229 0.311 
255    (0)   :  0.005 0.005 0.024 0.081 0.096 0.233 0.121 0.181 0.255 
256    (0)   :  0.005 0.006 0.022 0.074 0.074 0.265 0.088 0.109 0.356 
257    (0)   :  0.008 0.007 0.031 0.076 0.092 0.193 0.101 0.127 0.365 
258    (0)   :  0.004 0.006 0.024 0.076 0.104 0.125 0.122 0.161 0.378 
259    (0)   :  0.005 0.006 0.025 0.070 0.099 0.213 0.086 0.154 0.342 
260    (0)   :  0.007 0.006 0.023 0.109 0.073 0.271 0.091 0.245 0.176 
261    (0)   :  0.004 0.006 0.020 0.124 0.061 0.239 0.103 0.107 0.336 
262    (0)   :  0.004 0.007 0.018 0.084 0.055 0.248 0.074 0.080 0.429 
263    (0)   :  0.007 0.005 0.021 0.059 0.079 0.109 0.072 0.171 0.477 
264    (0)   :  0.009 0.007 0.023 0.038 0.100 0.083 0.124 0.355 0.260 
265    (0)   :  0.005 0.010 0.022 0.114 0.077 0.179 0.107 0.149 0.337 
266    (0)   :  0.004 0.005 0.019 0.088 0.055 0.419 0.075 0.078 0.257 
267    (0)   :  0.005 0.005 0.026 0.083 0.120 0.229 0.102 0.142 0.287 
268    (0)   :  0.004 0.007 0.023 0.076 0.071 0.164 0.074 0.099 0.481 
269    (0)   :  0.005 0.012 0.022 0.120 0.066 0.188 0.117 0.223 0.247 
270    (0)   :  0.007 0.006 0.031 0.078 0.087 0.106 0.114 0.229 0.342 
271    (0)   :  0.005 0.008 0.025 0.068 0.110 0.133 0.099 0.142 0.410 
272    (0)   :  0.005 0.068 0.030 0.071 0.099 0.140 0.088 0.145 0.354 
273    (0)   :  0.025 0.018 0.056 0.104 0.095 0.201 0.142 0.157 0.202 
274    (0)   :  0.005 0.013 0.025 0.073 0.094 0.163 0.114 0.171 0.343 
275    (0)   :  0.008 0.021 0.026 0.129 0.094 0.139 0.101 0.168 0.312 
276    (0)   :  0.006 0.045 0.037 0.047 0.103 0.147 0.093 0.124 0.400 
277    (0)   :  0.005 0.007 0.024 0.103 0.077 0.248 0.118 0.157 0.261 
278    (0)   :  0.004 0.009 0.022 0.076 0.094 0.115 0.077 0.119 0.484 
279    (0)   :  0.005 0.007 0.024 0.082 0.093 0.203 0.105 0.152 0.329 
280    (0)   :  0.005 0.013 0.021 0.086 0.073 0.166 0.144 0.137 0.355 
281    (0)   :  0.005 0.007 0.035 0.073 0.087 0.161 0.143 0.138 0.352 
282    (0)   :  0.004 0.006 0.023 0.136 0.075 0.330 0.093 0.148 0.185 
283    (0)   :  0.005 0.005 0.025 0.148 0.065 0.354 0.076 0.119 0.203 
284    (0)   :  0.004 0.006 0.029 0.131 0.108 0.200 0.099 0.167 0.256 
285    (0)   :  0.004 0.008 0.023 0.038 0.109 0.073 0.111 0.128 0.506 
286    (0)   :  0.005 0.005 0.021 0.111 0.078 0.277 0.072 0.101 0.331 
287    (0)   :  0.005 0.011 0.036 0.093 0.068 0.200 0.165 0.154 0.268 
288    (0)   :  0.006 0.047 0.030 0.070 0.094 0.144 0.089 0.161 0.361 
289    (0)   :  0.007 0.023 0.036 0.066 0.103 0.123 0.090 0.183 0.369 
290    (0)   :  0.008 0.007 0.023 0.047 0.097 0.193 0.119 0.161 0.347 
291    (0)   :  0.005 0.008 0.025 0.068 0.107 0.133 0.099 0.143 0.413 
292    (0)   :  0.005 0.013 0.020 0.083 0.059 0.182 0.153 0.109 0.376 
293    (0)   :  0.006 0.007 0.023 0.047 0.100 0.111 0.160 0.206 0.340 
294    (0)   :  0.008 0.007 0.022 0.047 0.070 0.108 0.076 0.166 0.496 
295    (0)   :  0.006 0.030 0.034 0.083 0.109 0.123 0.117 0.142 0.358 
296    (0)   :  0.005 0.008 0.036 0.070 0.088 0.132 0.090 0.115 0.456 
297    (0)   :  0.005 0.013 0.025 0.066 0.078 0.152 0.153 0.160 0.347 
298    (0)   :  0.005 0.006 0.026 0.099 0.083 0.320 0.098 0.173 0.189 
299    (0)   :  0.009 0.005 0.023 0.069 0.075 0.144 0.087 0.202 0.385 
300    (0)   :  0.004 0.006 0.022 0.045 0.082 0.101 0.102 0.104 0.532 
301    (0)   :  0.007 0.010 0.023 0.078 0.091 0.110 0.092 0.265 0.327 
302    (0)   :  0.007 0.007 0.021 0.070 0.070 0.089 0.073 0.156 0.507 
303    (0)   :  0.005 0.007 0.021 0.100 0.068 0.269 0.116 0.105 0.308 
304    (0)   :  0.007 0.005 0.031 0.241 0.087 0.164 0.115 0.229 0.121 
305    (0)   :  0.005 0.007 0.020 0.126 0.061 0.159 0.084 0.091 0.448 
306    (0)   :  0.005 0.010 0.022 0.088 0.060 0.337 0.093 0.119 0.266 
307    (0)   :  0.005 0.007 0.025 0.076 0.091 0.265 0.102 0.157 0.272 
308    (0)   :  0.004 0.006 0.020 0.122 0.060 0.240 0.103 0.107 0.338 
309    (0)   :  0.018 0.014 0.047 0.081 0.108 0.117 0.084 0.134 0.398 
310    (0)   :  0.004 0.005 0.019 0.086 0.070 0.219 0.073 0.092 0.433 
311    (0)   :  0.005 0.005 0.024 0.084 0.088 0.264 0.075 0.115 0.341 
312    (0)   :  0.004 0.005 0.027 0.065 0.083 0.120 0.075 0.107 0.514 
313    (0)   :  0.004 0.006 0.022 0.045 0.077 0.090 0.077 0.103 0.576 
314    (0)   :  0.005 0.008 0.019 0.324 0.051 0.273 0.093 0.080 0.147 
315    (0)   :  0.004 0.012 0.022 0.392 0.048 0.164 0.096 0.117 0.144 
316    (0)   :  0.006 0.020 0.025 0.438 0.051 0.124 0.101 0.131 0.103 
317    (0)   :  0.005 0.008 0.020 0.377 0.051 0.260 0.092 0.082 0.103 
318    (0)   :  0.005 0.008 0.020 0.537 0.048 0.124 0.093 0.086 0.079 
319    (0)   :  0.005 0.006 0.019 0.197 0.052 0.444 0.087 0.079 0.110 
320    (0)   :  0.005 0.008 0.019 0.324 0.051 0.272 0.093 0.080 0.148 
321    (0)   :  0.005 0.008 0.020 0.408 0.051 0.225 0.100 0.087 0.096 
322    (0)   :  0.007 0.021 0.026 0.266 0.054 0.261 0.099 0.120 0.146 
323    (0)   :  0.011 0.007 0.021 0.475 0.049 0.173 0.091 0.087 0.087 
324    (0)   :  0.005 0.008 0.020 0.405 0.051 0.227 0.101 0.087 0.095 
325    (0)   :  0.005 0.020 0.023 0.473 0.049 0.114 0.094 0.126 0.097 
326    (0)   :  0.010 0.038 0.026 0.436 0.051 0.125 0.092 0.125 0.098 
327    (0)   :  0.005 0.008 0.020 0.375 0.051 0.260 0.093 0.083 0.104 
328    (0)   :  0.005 0.014 0.023 0.287 0.053 0.258 0.099 0.126 0.136 
329    (0)   :  0.005 0.006 0.019 0.402 0.047 0.265 0.093 0.085 0.078 
330    (0)   :  0.005 0.008 0.020 0.377 0.051 0.260 0.093 0.083 0.102 
331    (0)   :  0.005 0.006 0.019 0.497 0.048 0.159 0.093 0.085 0.087 
332    (0)   :  0.013 0.025 0.025 0.445 0.050 0.121 0.093 0.131 0.097 
333    (0)   :  0.009 0.025 0.025 0.401 0.052 0.160 0.094 0.122 0.113 
334    (0)   :  0.005 0.014 0.023 0.286 0.053 0.260 0.098 0.126 0.136 
335    (0)   :  0.005 0.013 0.022 0.249 0.050 0.327 0.089 0.116 0.128 
336    (0)   :  0.012 0.009 0.020 0.459 0.049 0.152 0.099 0.085 0.114 
337    (0)   :  0.005 0.022 0.023 0.349 0.053 0.199 0.100 0.127 0.122 
338    (0)   :  0.005 0.008 0.020 0.533 0.049 0.126 0.095 0.087 0.078 
339    (0)   :  0.005 0.006 0.019 0.498 0.049 0.159 0.092 0.085 0.087 
340    (0)   :  0.005 0.006 0.019 0.474 0.049 0.183 0.088 0.082 0.094 
341    (0)   :  0.011 0.009 0.022 0.424 0.053 0.214 0.093 0.084 0.090 
342    (0)   :  0.005 0.008 0.020 0.376 0.051 0.260 0.093 0.083 0.104 
343    (0)   :  0.012 0.016 0.023 0.211 0.050 0.311 0.093 0.119 0.164 
344    (0)   :  0.005 0.006 0.020 0.500 0.047 0.166 0.093 0.085 0.078 
345    (0)   :  0.005 0.008 0.020 0.374 0.051 0.264 0.093 0.083 0.103 
346    (0)   :  0.005 0.007 0.019 0.524 0.048 0.140 0.089 0.083 0.084 
347    (0)   :  0.005 0.006 0.019 0.479 0.048 0.190 0.089 0.081 0.085 
348    (0)   :  0.004 0.012 0.021 0.207 0.050 0.325 0.087 0.107 0.187 
349    (0)   :  0.005 0.008 0.020 0.375 0.051 0.261 0.093 0.083 0.103 
350    (0)   :  0.005 0.006 0.018 0.411 0.050 0.203 0.098 0.082 0.128 
351    (0)   :  0.004 0.014 0.023 0.251 0.051 0.325 0.089 0.115 0.129 
352    (0)   :  0.005 0.022 0.023 0.324 0.053 0.227 0.093 0.119 0.135 
353    (0)   :  0.012 0.009 0.021 0.459 0.048 0.152 0.098 0.085 0.116 
354    (0)   :  0.006 0.007 0.020 0.478 0.048 0.178 0.095 0.086 0.081 
355    (0)   :  0.005 0.007 0.020 0.535 0.048 0.125 0.095 0.086 0.079 
356    (0)   :  0.004 0.012 0.021 0.088 0.049 0.469 0.082 0.104 0.172 
357    (0)   :  0.004 0.013 0.022 0.267 0.059 0.148 0.132 0.245 0.110 
358    (0)   :  0.005 0.015 0.023 0.440 0.049 0.152 0.093 0.127 0.097 
359    (0)   :  0.005 0.006 0.020 0.494 0.049 0.160 0.094 0.086 0.087 
360    (0)   :  0.005 0.008 0.019 0.523 0.048 0.140 0.089 0.082 0.085 
361    (0)   :  0.005 0.013 0.023 0.107 0.062 0.278 0.137 0.237 0.139 
362    (0)   :  0.005 0.017 0.045 0.072 0.062 0.089 0.206 0.244 0.260 
363    (0)   :  0.006 0.010 0.072 0.044 0.073 0.082 0.211 0.333 0.169 
364    (0)   :  0.022 0.009 0.039 0.109 0.104 0.221 0.134 0.220 0.142 
365    (0)   :  0.015 0.017 0.034 0.048 0.123 0.096 0.316 0.224 0.127 
366    (0)   :  0.006 0.016 0.025 0.057 0.079 0.139 0.143 0.242 0.292 
367    (0)   :  0.005 0.011 0.198 0.037 0.088 0.069 0.236 0.260 0.097 
368    (0)   :  0.005 0.007 0.044 0.053 0.183 0.113 0.192 0.232 0.171 
369    (0)   :  0.007 0.010 0.025 0.070 0.073 0.234 0.120 0.245 0.215 
370    (0)   :  0.011 0.013 0.082 0.060 0.182 0.116 0.132 0.213 0.191 
371    (0)   :  0.010 0.009 0.030 0.070 0.094 0.126 0.125 0.334 0.201 
372    (0)   :  0.037 0.016 0.111 0.072 0.132 0.136 0.138 0.135 0.223 
373    (0)   :  0.006 0.006 0.106 0.054 0.110 0.168 0.212 0.195 0.141 
374    (0)   :  0.006 0.017 0.029 0.063 0.143 0.256 0.145 0.209 0.132 
375    (0)   :  0.014 0.010 0.051 0.044 0.117 0.083 0.189 0.385 0.108 
376    (0)   :  0.106 0.012 0.045 0.040 0.062 0.078 0.281 0.285 0.090 
377    (0)   :  0.007 0.012 0.030 0.080 0.115 0.087 0.238 0.217 0.215 
378    (0)   :  0.005 0.007 0.252 0.131 0.079 0.134 0.140 0.116 0.136 
379    (0)   :  0.181 0.017 0.056 0.036 0.068 0.071 0.196 0.263 0.111 
380    (0)   :  0.011 0.029 0.026 0.059 0.058 0.173 0.366 0.134 0.142 
381    (0)   :  0.012 0.010 0.022 0.049 0.059 0.185 0.292 0.213 0.158 
382    (0)   :  0.005 0.007 0.032 0.056 0.075 0.076 0.121 0.531 0.098 
383    (0)   :  0.017 0.048 0.027 0.177 0.078 0.090 0.274 0.172 0.116 
384    (0)   :  0.062 0.019 0.050 0.106 0.087 0.115 0.203 0.262 0.096 
385    (0)   :  0.006 0.007 0.024 0.193 0.288 0.099 0.131 0.156 0.095 
386    (0)   :  0.004 0.008 0.053 0.042 0.071 0.082 0.256 0.353 0.130 
387    (0)   :  0.004 0.008 0.047 0.062 0.101 0.084 0.251 0.318 0.123 
388    (0)   :  0.013 0.012 0.034 0.101 0.173 0.184 0.191 0.190 0.102 
389    (0)   :  0.010 0.009 0.035 0.056 0.245 0.087 0.093 0.156 0.307 
390    (0)   :  0.017 0.030 0.106 0.041 0.084 0.084 0.295 0.190 0.152 
391    (0)   :  0.012 0.021 0.051 0.047 0.273 0.145 0.117 0.155 0.178 
392    (0)   :  0.007 0.007 0.046 0.076 0.058 0.122 0.373 0.169 0.141 
393    (0)   :  0.007 0.022 0.024 0.055 0.056 0.110 0.502 0.111 0.114 
394    (0)   :  0.005 0.014 0.071 0.134 0.063 0.155 0.215 0.205 0.137 
395    (0)   :  0.004 0.020 0.038 0.049 0.081 0.084 0.240 0.174 0.311 
396    (0)   :  0.005 0.006 0.046 0.035 0.109 0.072 0.229 0.375 0.123 
397    (0)   :  0.082 0.007 0.024 0.075 0.067 0.176 0.110 0.212 0.246 
398    (0)   :  0.032 0.018 0.079 0.038 0.058 0.073 0.419 0.178 0.103 
399    (0)   :  0.005 0.020 0.236 0.047 0.117 0.085 0.126 0.195 0.169 
400    (0)   :  0.006 0.007 0.064 0.041 0.073 0.132 0.234 0.334 0.108 
401    (0)   :  0.004 0.007 0.112 0.051 0.083 0.115 0.276 0.159 0.192 
402    (0)   :  0.007 0.006 0.068 0.058 0.106 0.117 0.261 0.165 0.212 
403    (0)   :  0.007 0.010 0.026 0.164 0.130 0.204 0.190 0.125 0.144 
404    (0)   :  0.007 0.008 0.027 0.048 0.179 0.162 0.195 0.228 0.147 
405    (0)   :  0.004 0.014 0.034 0.054 0.075 0.128 0.220 0.259 0.212 
406    (0)   :  0.004 0.183 0.024 0.047 0.055 0.197 0.125 0.145 0.219 
407    (0)   :  0.004 0.014 0.031 0.035 0.072 0.072 0.439 0.226 0.107 
408    (0)   :  0.004 0.005 0.139 0.033 0.098 0.065 0.171 0.157 0.327 
409    (0)   :  0.009 0.026 0.033 0.045 0.057 0.320 0.283 0.100 0.125 
410    (0)   :  0.068 0.015 0.085 0.062 0.079 0.108 0.294 0.155 0.134 
411    (0)   :  0.015 0.008 0.042 0.109 0.058 0.097 0.197 0.314 0.160 
412    (0)   :  0.005 0.006 0.068 0.050 0.115 0.102 0.207 0.284 0.163 
413    (0)   :  0.004 0.006 0.060 0.122 0.075 0.124 0.211 0.256 0.142 
414    (0)   :  0.004 0.006 0.073 0.050 0.184 0.060 0.120 0.345 0.158 
415    (0)   :  0.005 0.014 0.040 0.036 0.067 0.109 0.233 0.299 0.197 
416    (0)   :  0.006 0.007 0.047 0.043 0.128 0.143 0.335 0.143 0.149 
417    (0)   :  0.006 0.052 0.053 0.040 0.068 0.095 0.308 0.262 0.117 
418    (0)   :  0.006 0.007 0.070 0.040 0.111 0.082 0.236 0.341 0.107 
419    (0)   :  0.010 0.013 0.043 0.077 0.105 0.192 0.278 0.145 0.136 
420    (0)   :  0.004 0.007 0.107 0.033 0.071 0.092 0.270 0.167 0.250 
421    (0)   :  0.006 0.020 0.061 0.040 0.089 0.098 0.376 0.165 0.143 
422    (0)   :  0.005 0.015 0.030 0.044 0.068 0.091 0.352 0.109 0.286 
423    (0)   :  0.007 0.014 0.035 0.068 0.085 0.104 0.136 0.373 0.178 
424    (0)   :  0.007 0.024 0.063 0.058 0.149 0.128 0.158 0.241 0.173 
425    (0)   :  0.019 0.011 0.034 0.073 0.179 0.127 0.172 0.262 0.124 
426    (0)   :  0.026 0.028 0.116 0.076 0.125 0.123 0.141 0.237 0.128 
427    (0)   :  0.005 0.017 0.066 0.135 0.051 0.067 0.370 0.200 0.090 
428    (0)   :  0.017 0.053 0.034 0.074 0.061 0.164 0.283 0.127 0.188 
429    (0)   :  0.005 0.009 0.068 0.036 0.062 0.069 0.254 0.397 0.101 
430    (0)   :  0.005 0.025 0.034 0.039 0.064 0.077 0.453 0.185 0.119 
431    (0)   :  0.009 0.017 0.065 0.092 0.163 0.105 0.103 0.278 0.169 
432    (0)   :  0.005 0.006 0.063 0.053 0.122 0.116 0.252 0.204 0.178 
433    (0)   :  0.007 0.007 0.035 0.100 0.096 0.265 0.121 0.169 0.200 
434    (0)   :  0.005 0.007 0.029 0.058 0.090 0.157 0.215 0.252 0.188 
435    (0)   :  0.004 0.034 0.046 0.038 0.057 0.072 0.401 0.237 0.110 
436    (0)   :  0.007 0.138 0.146 0.041 0.050 0.125 0.188 0.208 0.098 
437    (0)   :  0.007 0.011 0.024 0.041 0.065 0.084 0.160 0.499 0.108 
438    (0)   :  0.005 0.086 0.063 0.042 0.071 0.128 0.289 0.146 0.169 
439    (0)   :  0.004 0.052 0.039 0.040 0.057 0.086 0.472 0.165 0.085 
440    (0)   :  0.004 0.097 0.057 0.033 0.071 0.065 0.197 0.373 0.103 
441    (0)   :  0.005 0.019 0.032 0.057 0.063 0.122 0.407 0.187 0.109 
442    (0)   :  0.006 0.007 0.033 0.033 0.162 0.091 0.252 0.279 0.137 
443    (0)   :  0.004 0.021 0.212 0.034 0.080 0.074 0.202 0.160 0.212 
444    (0)   :  0.006 0.013 0.030 0.033 0.136 0.091 0.205 0.337 0.147 
445    (0)   :  0.034 0.014 0.026 0.046 0.054 0.166 0.431 0.105 0.125 
446    (0)   :  0.038 0.026 0.128 0.040 0.067 0.080 0.401 0.145 0.075 
447    (0)   :  0.006 0.104 0.030 0.048 0.147 0.146 0.213 0.181 0.125 
448    (0)   :  0.005 0.018 0.032 0.041 0.084 0.085 0.349 0.262 0.124 
449    (0)   :  0.005 0.019 0.032 0.051 0.085 0.121 0.302 0.251 0.134 
450    (0)   :  0.008 0.008 0.028 0.056 0.085 0.119 0.366 0.257 0.073 
451    (0)   :  0.005 0.010 0.103 0.034 0.131 0.065 0.131 0.362 0.160 
452    (0)   :  0.006 0.010 0.048 0.052 0.064 0.109 0.433 0.193 0.087 
453    (0)   :  0.004 0.011 0.045 0.038 0.106 0.117 0.220 0.130 0.329 
454    (0)   :  0.005 0.018 0.042 0.073 0.058 0.101 0.254 0.319 0.132 
455    (0)   :  0.004 0.078 0.052 0.036 0.078 0.082 0.343 0.213 0.114 
456    (0)   :  0.005 0.023 0.040 0.035 0.078 0.078 0.270 0.256 0.215 
457    (0)   :  0.006 0.021 0.024 0.041 0.068 0.090 0.332 0.314 0.104 
458    (0)   :  0.035 0.013 0.044 0.040 0.055 0.082 0.514 0.127 0.089 
459    (0)   :  0.005 0.025 0.053 0.051 0.071 0.153 0.351 0.210 0.083 
460    (0)   :  0.004 0.019 0.096 0.039 0.065 0.075 0.365 0.245 0.093 
461    (0)   :  0.006 0.008 0.103 0.039 0.079 0.076 0.304 0.313 0.072 
462    (0)   :  0.008 0.016 0.028 0.033 0.185 0.060 0.291 0.224 0.156 
463    (0)   :  0.004 0.120 0.026 0.044 0.058 0.092 0.214 0.162 0.281 
464    (0)   :  0.004 0.021 0.085 0.035 0.073 0.078 0.322 0.241 0.141 
465    (0)   :  0.006 0.011 0.056 0.040 0.099 0.084 0.367 0.189 0.148 
466    (0)   :  0.004 0.023 0.050 0.035 0.080 0.079 0.281 0.215 0.233 
467    (0)   :  0.005 0.016 0.036 0.047 0.065 0.097 0.383 0.186 0.167 
468    (0)   :  0.005 0.115 0.023 0.035 0.062 0.079 0.239 0.298 0.143 
469    (0)   :  0.004 0.207 0.028 0.038 0.055 0.075 0.366 0.150 0.076 
470    (0)   :  0.004 0.065 0.062 0.038 0.060 0.076 0.372 0.227 0.096 
471    (0)   :  0.005 0.010 0.058 0.038 0.122 0.086 0.250 0.187 0.245 
472    (0)   :  0.005 0.008 0.031 0.036 0.098 0.085 0.392 0.186 0.159 
473    (0)   :  0.005 0.019 0.026 0.053 0.074 0.115 0.265 0.274 0.168 
474    (0)   :  0.005 0.009 0.045 0.046 0.063 0.109 0.426 0.179 0.119 
475    (0)   :  0.005 0.012 0.060 0.055 0.091 0.134 0.330 0.180 0.134 
476    (0)   :  0.007 0.013 0.038 0.038 0.059 0.092 0.270 0.370 0.113 
477    (0)   :  0.006 0.014 0.080 0.043 0.137 0.127 0.211 0.254 0.128 
478    (0)   :  0.007 0.013 0.223 0.039 0.160 0.072 0.202 0.193 0.091 
479    (0)   :  0.004 0.019 0.044 0.038 0.067 0.074 0.275 0.387 0.091 
480    (0)   :  0.006 0.020 0.038 0.040 0.053 0.085 0.287 0.376 0.096 
481    (0)   :  0.005 0.008 0.029 0.038 0.169 0.085 0.273 0.215 0.178 
482    (0)   :  0.005 0.010 0.060 0.038 0.055 0.074 0.302 0.369 0.086 
483    (0)   :  0.005 0.089 0.066 0.042 0.073 0.093 0.379 0.167 0.086 
484    (0)   :  0.005 0.075 0.027 0.041 0.080 0.082 0.365 0.131 0.195 
485    (0)   :  0.005 0.303 0.072 0.039 0.061 0.076 0.200 0.156 0.088 
486    (0)   :  0.007 0.007 0.056 0.048 0.136 0.106 0.097 0.223 0.320 
487    (0)   :  0.008 0.007 0.039 0.101 0.175 0.151 0.120 0.222 0.178 
488    (0)   :  0.006 0.007 0.037 0.110 0.300 0.100 0.109 0.161 0.168 
489    (0)   :  0.007 0.005 0.024 0.060 0.103 0.243 0.101 0.244 0.211 
490    (0)   :  0.005 0.007 0.095 0.039 0.162 0.075 0.130 0.257 0.230 
491    (0)   :  0.006 0.006 0.021 0.062 0.214 0.199 0.107 0.134 0.250 
492    (0)   :  0.005 0.007 0.045 0.133 0.195 0.198 0.126 0.114 0.177 
493    (0)   :  0.008 0.006 0.033 0.103 0.295 0.082 0.080 0.194 0.199 
494    (0)   :  0.019 0.013 0.027 0.054 0.185 0.188 0.108 0.185 0.221 
495    (0)   :  0.016 0.007 0.045 0.097 0.290 0.151 0.093 0.154 0.146 
496    (0)   :  0.005 0.008 0.029 0.073 0.066 0.316 0.137 0.149 0.217 
497    (0)   :  0.011 0.006 0.022 0.125 0.277 0.135 0.099 0.147 0.177 
498    (0)   :  0.007 0.007 0.038 0.039 0.248 0.170 0.107 0.201 0.183 
499    (0)   :  0.013 0.007 0.028 0.118 0.113 0.228 0.107 0.175 0.211 
500    (0)   :  0.011 0.012 0.026 0.070 0.108 0.106 0.098 0.320 0.249 
501    (0)   :  0.008 0.008 0.033 0.067 0.108 0.249 0.150 0.248 0.129 
502    (0)   :  0.006 0.007 0.039 0.078 0.231 0.265 0.162 0.117 0.096 
503    (0)   :  0.007 0.009 0.028 0.048 0.120 0.105 0.275 0.252 0.158 
504    (0)   :  0.006 0.007 0.050 0.042 0.300 0.117 0.137 0.161 0.179 
505    (0)   :  0.007 0.010 0.036 0.050 0.144 0.191 0.092 0.135 0.335 
506    (0)   :  0.006 0.006 0.059 0.067 0.199 0.246 0.125 0.131 0.161 
507    (0)   :  0.006 0.006 0.021 0.116 0.052 0.379 0.097 0.090 0.233 
508    (0)   :  0.010 0.006 0.026 0.151 0.079 0.351 0.077 0.098 0.203 
509    (0)   :  0.006 0.008 0.031 0.091 0.127 0.207 0.111 0.127 0.292 
510    (0)   :  0.014 0.006 0.028 0.092 0.094 0.286 0.097 0.243 0.140 
511    (0)   :  0.009 0.027 0.077 0.040 0.120 0.129 0.140 0.272 0.184 
512    (0)   :  0.006 0.007 0.049 0.039 0.119 0.085 0.155 0.414 0.125 
513    (0)   :  0.006 0.006 0.026 0.057 0.451 0.117 0.063 0.080 0.195 
514    (0)   :  0.006 0.007 0.162 0.081 0.116 0.109 0.141 0.203 0.176 
515    (0)   :  0.009 0.019 0.033 0.118 0.083 0.144 0.210 0.179 0.204 
516    (0)   :  0.007 0.008 0.081 0.046 0.159 0.136 0.131 0.130 0.300 
517    (0)   :  0.006 0.014 0.043 0.083 0.061 0.168 0.160 0.206 0.260 
518    (0)   :  0.052 0.006 0.031 0.141 0.079 0.158 0.107 0.254 0.173 
519    (0)   :  0.005 0.007 0.155 0.050 0.156 0.154 0.146 0.185 0.141 
520    (0)   :  0.006 0.098 0.026 0.099 0.052 0.222 0.115 0.153 0.229 
521    (0)   :  0.005 0.006 0.046 0.244 0.073 0.121 0.096 0.184 0.224 
522    (0)   :  0.018 0.011 0.039 0.071 0.069 0.092 0.119 0.326 0.256 
523    (0)   :  0.006 0.012 0.050 0.089 0.057 0.183 0.109 0.172 0.322 
524    (0)   :  0.006 0.095 0.041 0.090 0.060 0.118 0.185 0.202 0.203 
525    (0)   :  0.064 0.018 0.027 0.112 0.056 0.184 0.158 0.167 0.214 
