

----------------------------------------------------
STRUCTURE by Pritchard, Stephens and Donnelly (2000)
     and Falush, Stephens and Pritchard (2003)
       Code by Pritchard, Falush and Hubisz
             Version 2.3.4 (Jul 2012)
----------------------------------------------------



Command line arguments:   ./structure -K 7 -D 107012 -m brooktrout/mainparams -e brooktrout/extraparams -o brooktrout/250914_output/results_K7_rep12 
Input File:    brooktrout/brooktrout.txt

Run parameters:
   8454 individuals
   5 loci
   7 populations assumed
   50000 Burn-in period
   100000 Reps
RANDOMIZE turned off


--------------------------------------------
Overall proportion of membership of the
sample in each of the 7 clusters

Inferred Clusters
  1      2      3      4      5      6      7    
0.018  0.033  0.056  0.145  0.227  0.268  0.253  

--------------------------------------------

Allele-freq. divergence among pops (Net nucleotide distance),
computed using point estimates of P.

      1       2       3       4       5       6       7      
 1      -    0.1347  0.1605  0.1121  0.0830  0.0740  0.0990  
 2   0.1347     -    0.1495  0.1258  0.1120  0.1396  0.1717  
 3   0.1605  0.1495     -    0.1156  0.1331  0.1428  0.1395  
 4   0.1121  0.1258  0.1156     -    0.0850  0.1070  0.0948  
 5   0.0830  0.1120  0.1331  0.0850     -    0.0479  0.1288  
 6   0.0740  0.1396  0.1428  0.1070  0.0479     -    0.1254  
 7   0.0990  0.1717  0.1395  0.0948  0.1288  0.1254     -    

Average distances (expected heterozygosity) between individuals in same cluster:
cluster  1  : 0.8154 
cluster  2  : 0.7680 
cluster  3  : 0.7625 
cluster  4  : 0.7637 
cluster  5  : 0.7978 
cluster  6  : 0.7733 
cluster  7  : 0.7341 

--------------------------------------------
Estimated Ln Prob of Data   = -191888.1
Mean value of ln likelihood = -171451.7
Variance of ln likelihood   = 40872.8

Mean value of alpha_1       = 0.0445
Mean value of alpha_2       = 0.0750
Mean value of alpha_3       = 0.1311
Mean value of alpha_4       = 0.3545
Mean value of alpha_5       = 0.5456
Mean value of alpha_6       = 0.6510
Mean value of alpha_7       = 0.6102
Allele frequencies uncorrelated


Inferred ancestry of individuals:
     (%Miss) :  Inferred clusters
  1    (0)   :  0.011 0.014 0.059 0.064 0.166 0.322 0.364 
  2    (0)   :  0.006 0.019 0.014 0.619 0.128 0.125 0.089 
  3    (0)   :  0.016 0.007 0.049 0.079 0.126 0.461 0.261 
  4    (0)   :  0.020 0.012 0.032 0.074 0.147 0.131 0.584 
  5    (0)   :  0.010 0.041 0.019 0.427 0.205 0.190 0.107 
  6    (0)   :  0.013 0.008 0.016 0.085 0.122 0.644 0.111 
  7    (0)   :  0.013 0.014 0.014 0.049 0.466 0.340 0.103 
  8    (0)   :  0.073 0.011 0.028 0.058 0.165 0.295 0.369 
  9    (0)   :  0.046 0.023 0.025 0.230 0.169 0.314 0.194 
 10    (0)   :  0.019 0.016 0.014 0.069 0.211 0.413 0.260 
 11    (0)   :  0.007 0.017 0.014 0.052 0.477 0.328 0.104 
 12    (0)   :  0.011 0.021 0.020 0.390 0.222 0.188 0.148 
 13    (0)   :  0.018 0.025 0.024 0.171 0.266 0.322 0.174 
 14    (0)   :  0.007 0.010 0.061 0.325 0.129 0.259 0.208 
 15    (0)   :  0.011 0.014 0.027 0.128 0.241 0.227 0.352 
 16    (0)   :  0.007 0.019 0.029 0.059 0.162 0.572 0.152 
 17    (0)   :  0.050 0.024 0.043 0.137 0.187 0.400 0.158 
 18    (0)   :  0.034 0.012 0.029 0.260 0.100 0.376 0.189 
 19    (0)   :  0.011 0.012 0.015 0.125 0.170 0.528 0.139 
 20    (0)   :  0.010 0.021 0.026 0.134 0.346 0.279 0.183 
 21    (0)   :  0.008 0.013 0.041 0.195 0.139 0.236 0.369 
 22    (0)   :  0.022 0.011 0.023 0.089 0.115 0.559 0.182 
 23    (0)   :  0.015 0.040 0.073 0.178 0.137 0.184 0.372 
 24    (0)   :  0.008 0.017 0.029 0.078 0.146 0.390 0.332 
 25    (0)   :  0.013 0.018 0.022 0.116 0.320 0.432 0.080 
 26    (0)   :  0.026 0.016 0.025 0.141 0.166 0.359 0.267 
 27    (0)   :  0.013 0.026 0.052 0.107 0.178 0.417 0.207 
 28    (0)   :  0.010 0.011 0.022 0.100 0.197 0.260 0.401 
 29    (0)   :  0.006 0.028 0.026 0.172 0.390 0.221 0.157 
 30    (0)   :  0.009 0.014 0.031 0.117 0.105 0.575 0.150 
 31    (0)   :  0.039 0.026 0.039 0.149 0.287 0.224 0.235 
 32    (0)   :  0.008 0.010 0.025 0.182 0.140 0.347 0.288 
 33    (0)   :  0.009 0.011 0.039 0.081 0.191 0.397 0.271 
 34    (0)   :  0.014 0.047 0.019 0.052 0.279 0.437 0.152 
 35    (0)   :  0.035 0.041 0.093 0.243 0.140 0.315 0.133 
 36    (0)   :  0.007 0.010 0.293 0.103 0.119 0.330 0.138 
 37    (0)   :  0.017 0.010 0.034 0.226 0.199 0.196 0.318 
 38    (0)   :  0.006 0.026 0.067 0.086 0.158 0.571 0.085 
 39    (0)   :  0.010 0.024 0.072 0.129 0.229 0.404 0.133 
 40    (0)   :  0.007 0.018 0.246 0.146 0.087 0.252 0.245 
 41    (0)   :  0.010 0.028 0.353 0.061 0.160 0.292 0.096 
 42    (0)   :  0.008 0.022 0.196 0.052 0.112 0.199 0.411 
 43    (0)   :  0.015 0.017 0.246 0.163 0.213 0.143 0.203 
 44    (0)   :  0.016 0.013 0.392 0.124 0.130 0.238 0.087 
 45    (0)   :  0.008 0.027 0.162 0.241 0.153 0.314 0.094 
 46    (0)   :  0.033 0.018 0.066 0.155 0.232 0.373 0.124 
 47    (0)   :  0.087 0.024 0.041 0.182 0.175 0.317 0.174 
 48    (0)   :  0.023 0.022 0.361 0.193 0.079 0.223 0.098 
 49    (0)   :  0.017 0.046 0.099 0.139 0.213 0.317 0.169 
 50    (0)   :  0.029 0.019 0.036 0.105 0.278 0.387 0.146 
 51    (0)   :  0.005 0.011 0.636 0.066 0.085 0.119 0.078 
 52    (0)   :  0.017 0.029 0.086 0.070 0.256 0.362 0.180 
 53    (0)   :  0.009 0.013 0.046 0.068 0.141 0.571 0.151 
 54    (0)   :  0.018 0.023 0.050 0.456 0.149 0.140 0.164 
 55    (0)   :  0.012 0.018 0.173 0.389 0.139 0.131 0.139 
 56    (0)   :  0.015 0.047 0.102 0.230 0.092 0.335 0.180 
 57    (0)   :  0.059 0.026 0.017 0.082 0.189 0.308 0.319 
 58    (0)   :  0.008 0.029 0.127 0.226 0.182 0.253 0.175 
 59    (0)   :  0.008 0.078 0.123 0.128 0.152 0.369 0.141 
 60    (0)   :  0.007 0.010 0.296 0.122 0.124 0.191 0.252 
 61    (0)   :  0.006 0.016 0.148 0.458 0.121 0.084 0.168 
 62    (0)   :  0.040 0.171 0.025 0.190 0.146 0.288 0.140 
 63    (0)   :  0.006 0.013 0.072 0.150 0.316 0.201 0.242 
 64    (0)   :  0.010 0.020 0.020 0.138 0.130 0.585 0.097 
 65    (0)   :  0.008 0.015 0.020 0.155 0.526 0.200 0.076 
 66    (0)   :  0.007 0.014 0.028 0.338 0.230 0.135 0.249 
 67    (0)   :  0.011 0.017 0.160 0.403 0.173 0.125 0.110 
 68    (0)   :  0.011 0.052 0.151 0.123 0.152 0.340 0.171 
 69    (0)   :  0.012 0.087 0.103 0.067 0.148 0.392 0.190 
 70    (0)   :  0.006 0.011 0.277 0.063 0.245 0.197 0.201 
 71    (0)   :  0.007 0.055 0.248 0.160 0.165 0.288 0.076 
 72    (0)   :  0.009 0.009 0.103 0.100 0.206 0.456 0.117 
 73    (0)   :  0.007 0.068 0.109 0.363 0.198 0.158 0.097 
 74    (0)   :  0.008 0.011 0.177 0.105 0.102 0.354 0.243 
 75    (0)   :  0.008 0.016 0.196 0.128 0.080 0.223 0.349 
 76    (0)   :  0.009 0.009 0.119 0.185 0.376 0.163 0.140 
 77    (0)   :  0.006 0.038 0.254 0.104 0.201 0.304 0.095 
 78    (0)   :  0.006 0.041 0.222 0.086 0.148 0.394 0.101 
 79    (0)   :  0.008 0.014 0.013 0.128 0.380 0.340 0.118 
 80    (0)   :  0.009 0.010 0.015 0.121 0.172 0.146 0.528 
 81    (0)   :  0.010 0.009 0.013 0.139 0.231 0.193 0.406 
 82    (0)   :  0.007 0.029 0.041 0.215 0.323 0.149 0.236 
 83    (0)   :  0.007 0.008 0.025 0.147 0.223 0.281 0.309 
 84    (0)   :  0.007 0.009 0.015 0.116 0.333 0.234 0.287 
 85    (0)   :  0.007 0.009 0.021 0.121 0.156 0.338 0.347 
 86    (0)   :  0.011 0.021 0.040 0.433 0.188 0.204 0.104 
 87    (0)   :  0.008 0.010 0.025 0.093 0.524 0.209 0.130 
 88    (0)   :  0.008 0.011 0.017 0.123 0.313 0.150 0.379 
 89    (0)   :  0.011 0.009 0.014 0.190 0.221 0.147 0.409 
 90    (0)   :  0.007 0.011 0.014 0.123 0.554 0.157 0.135 
 91    (0)   :  0.007 0.007 0.024 0.081 0.140 0.220 0.519 
 92    (0)   :  0.008 0.012 0.016 0.166 0.372 0.229 0.197 
 93    (0)   :  0.006 0.009 0.015 0.065 0.087 0.103 0.714 
 94    (0)   :  0.006 0.008 0.029 0.050 0.511 0.287 0.108 
 95    (0)   :  0.007 0.009 0.016 0.100 0.496 0.113 0.260 
 96    (0)   :  0.006 0.015 0.157 0.275 0.148 0.091 0.309 
 97    (0)   :  0.010 0.016 0.114 0.182 0.097 0.286 0.296 
 98    (0)   :  0.006 0.025 0.113 0.234 0.158 0.258 0.206 
 99    (0)   :  0.007 0.009 0.014 0.149 0.375 0.193 0.252 
100    (0)   :  0.008 0.012 0.019 0.250 0.083 0.086 0.543 
101    (0)   :  0.010 0.012 0.036 0.129 0.426 0.183 0.205 
102    (0)   :  0.008 0.020 0.056 0.080 0.263 0.159 0.414 
103    (0)   :  0.008 0.012 0.019 0.448 0.250 0.107 0.156 
104    (0)   :  0.007 0.012 0.021 0.108 0.577 0.132 0.144 
105    (0)   :  0.009 0.036 0.022 0.166 0.462 0.100 0.205 
106    (0)   :  0.006 0.010 0.023 0.067 0.537 0.294 0.063 
107    (0)   :  0.011 0.018 0.022 0.259 0.422 0.106 0.162 
108    (0)   :  0.005 0.009 0.145 0.414 0.105 0.234 0.088 
109    (0)   :  0.009 0.167 0.035 0.107 0.317 0.300 0.066 
110    (0)   :  0.008 0.012 0.019 0.053 0.566 0.272 0.072 
111    (0)   :  0.007 0.031 0.018 0.109 0.649 0.099 0.088 
112    (0)   :  0.006 0.242 0.032 0.050 0.450 0.150 0.071 
113    (0)   :  0.010 0.016 0.035 0.394 0.174 0.228 0.143 
114    (0)   :  0.006 0.027 0.017 0.118 0.532 0.126 0.174 
115    (0)   :  0.014 0.036 0.084 0.083 0.532 0.132 0.119 
116    (0)   :  0.008 0.017 0.086 0.106 0.397 0.314 0.071 
117    (0)   :  0.014 0.037 0.033 0.049 0.542 0.227 0.097 
118    (0)   :  0.006 0.035 0.020 0.455 0.279 0.120 0.084 
119    (0)   :  0.005 0.009 0.228 0.125 0.197 0.126 0.308 
120    (0)   :  0.010 0.057 0.038 0.126 0.486 0.152 0.132 
121    (0)   :  0.072 0.060 0.148 0.073 0.420 0.143 0.084 
122    (0)   :  0.005 0.022 0.020 0.102 0.466 0.296 0.088 
123    (0)   :  0.007 0.014 0.028 0.116 0.552 0.166 0.117 
124    (0)   :  0.021 0.028 0.071 0.135 0.390 0.269 0.086 
125    (0)   :  0.010 0.048 0.059 0.051 0.244 0.479 0.110 
126    (0)   :  0.005 0.010 0.067 0.107 0.462 0.211 0.139 
127    (0)   :  0.009 0.020 0.020 0.128 0.639 0.090 0.094 
128    (0)   :  0.006 0.030 0.020 0.462 0.277 0.115 0.090 
129    (0)   :  0.012 0.017 0.021 0.288 0.482 0.103 0.077 
130    (0)   :  0.011 0.042 0.016 0.171 0.463 0.137 0.160 
131    (0)   :  0.020 0.040 0.114 0.082 0.323 0.350 0.072 
132    (0)   :  0.007 0.015 0.025 0.198 0.453 0.233 0.069 
133    (0)   :  0.011 0.015 0.027 0.250 0.468 0.116 0.112 
134    (0)   :  0.005 0.019 0.016 0.058 0.655 0.193 0.054 
135    (0)   :  0.009 0.040 0.075 0.136 0.091 0.103 0.546 
136    (0)   :  0.009 0.020 0.015 0.068 0.063 0.129 0.697 
137    (0)   :  0.007 0.027 0.015 0.050 0.114 0.091 0.696 
138    (0)   :  0.007 0.008 0.023 0.054 0.065 0.104 0.739 
139    (0)   :  0.006 0.016 0.035 0.420 0.083 0.138 0.301 
140    (0)   :  0.007 0.011 0.041 0.105 0.158 0.174 0.504 
141    (0)   :  0.009 0.018 0.020 0.083 0.067 0.202 0.600 
142    (0)   :  0.008 0.030 0.092 0.187 0.087 0.097 0.499 
143    (0)   :  0.006 0.008 0.016 0.056 0.061 0.076 0.778 
144    (0)   :  0.007 0.027 0.016 0.052 0.116 0.081 0.701 
145    (0)   :  0.012 0.029 0.027 0.103 0.072 0.218 0.537 
146    (0)   :  0.015 0.012 0.026 0.061 0.167 0.198 0.519 
147    (0)   :  0.007 0.009 0.014 0.047 0.061 0.085 0.778 
148    (0)   :  0.008 0.028 0.038 0.131 0.122 0.150 0.523 
149    (0)   :  0.008 0.015 0.033 0.080 0.067 0.115 0.683 
150    (0)   :  0.010 0.032 0.018 0.091 0.181 0.111 0.557 
151    (0)   :  0.007 0.009 0.017 0.076 0.088 0.093 0.710 
152    (0)   :  0.009 0.027 0.077 0.112 0.100 0.187 0.489 
153    (0)   :  0.006 0.009 0.034 0.053 0.088 0.127 0.682 
154    (0)   :  0.012 0.019 0.025 0.096 0.064 0.122 0.662 
155    (0)   :  0.007 0.008 0.017 0.068 0.084 0.086 0.730 
156    (0)   :  0.006 0.016 0.059 0.105 0.110 0.077 0.627 
157    (0)   :  0.006 0.008 0.015 0.055 0.177 0.117 0.622 
158    (0)   :  0.011 0.028 0.023 0.069 0.070 0.208 0.593 
159    (0)   :  0.008 0.012 0.013 0.056 0.060 0.083 0.768 
160    (0)   :  0.009 0.012 0.013 0.069 0.061 0.084 0.750 
161    (0)   :  0.006 0.010 0.023 0.065 0.104 0.158 0.634 
162    (0)   :  0.025 0.014 0.030 0.091 0.169 0.203 0.469 
163    (0)   :  0.006 0.008 0.024 0.057 0.078 0.078 0.748 
164    (0)   :  0.019 0.011 0.019 0.136 0.156 0.139 0.521 
165    (0)   :  0.009 0.030 0.018 0.068 0.171 0.096 0.609 
166    (0)   :  0.007 0.008 0.044 0.087 0.193 0.156 0.505 
167    (0)   :  0.046 0.015 0.020 0.053 0.102 0.167 0.597 
168    (0)   :  0.007 0.009 0.039 0.056 0.080 0.165 0.645 
169    (0)   :  0.013 0.031 0.033 0.064 0.066 0.389 0.404 
170    (0)   :  0.006 0.010 0.041 0.116 0.108 0.094 0.625 
171    (0)   :  0.008 0.011 0.031 0.113 0.108 0.195 0.535 
172    (0)   :  0.007 0.017 0.099 0.079 0.065 0.223 0.511 
173    (0)   :  0.008 0.011 0.015 0.106 0.063 0.085 0.711 
174    (0)   :  0.007 0.008 0.013 0.065 0.086 0.102 0.719 
175    (0)   :  0.008 0.012 0.022 0.060 0.062 0.123 0.713 
176    (0)   :  0.007 0.026 0.017 0.053 0.116 0.082 0.699 
177    (0)   :  0.007 0.009 0.021 0.056 0.190 0.179 0.537 
178    (0)   :  0.010 0.011 0.014 0.079 0.089 0.170 0.627 
179    (0)   :  0.006 0.007 0.014 0.069 0.062 0.087 0.754 
180    (0)   :  0.017 0.014 0.032 0.057 0.115 0.177 0.586 
181    (0)   :  0.009 0.018 0.029 0.120 0.073 0.130 0.620 
182    (0)   :  0.010 0.014 0.020 0.115 0.067 0.077 0.697 
183    (0)   :  0.007 0.009 0.016 0.079 0.064 0.089 0.736 
184    (0)   :  0.009 0.011 0.015 0.644 0.089 0.146 0.086 
185    (0)   :  0.006 0.016 0.080 0.083 0.061 0.069 0.685 
186    (0)   :  0.011 0.008 0.017 0.521 0.193 0.159 0.091 
187    (0)   :  0.006 0.008 0.020 0.495 0.093 0.115 0.263 
188    (0)   :  0.009 0.009 0.016 0.653 0.126 0.119 0.069 
189    (0)   :  0.006 0.009 0.034 0.217 0.089 0.348 0.297 
190    (0)   :  0.005 0.015 0.129 0.468 0.069 0.062 0.252 
191    (0)   :  0.005 0.012 0.014 0.701 0.076 0.096 0.096 
192    (0)   :  0.006 0.009 0.015 0.424 0.138 0.131 0.276 
193    (0)   :  0.007 0.020 0.024 0.417 0.115 0.173 0.245 
194    (0)   :  0.009 0.009 0.030 0.327 0.160 0.124 0.342 
195    (0)   :  0.006 0.008 0.031 0.538 0.064 0.073 0.281 
196    (0)   :  0.005 0.013 0.044 0.588 0.087 0.083 0.180 
197    (0)   :  0.011 0.012 0.034 0.280 0.199 0.249 0.215 
198    (0)   :  0.006 0.010 0.030 0.289 0.203 0.250 0.213 
199    (0)   :  0.007 0.018 0.063 0.432 0.110 0.107 0.265 
200    (0)   :  0.005 0.027 0.047 0.528 0.077 0.154 0.162 
201    (0)   :  0.006 0.009 0.022 0.371 0.076 0.086 0.430 
202    (0)   :  0.005 0.012 0.043 0.169 0.102 0.076 0.593 
203    (0)   :  0.006 0.012 0.018 0.416 0.064 0.074 0.410 
204    (0)   :  0.005 0.009 0.025 0.690 0.064 0.067 0.138 
205    (0)   :  0.005 0.009 0.026 0.670 0.080 0.097 0.112 
206    (0)   :  0.007 0.008 0.019 0.671 0.065 0.078 0.153 
207    (0)   :  0.006 0.017 0.025 0.664 0.094 0.074 0.121 
208    (0)   :  0.005 0.011 0.024 0.569 0.075 0.077 0.239 
209    (0)   :  0.006 0.017 0.020 0.621 0.086 0.107 0.144 
210    (0)   :  0.005 0.009 0.018 0.660 0.082 0.079 0.146 
211    (0)   :  0.011 0.087 0.074 0.280 0.175 0.081 0.293 
212    (0)   :  0.006 0.012 0.035 0.211 0.080 0.122 0.534 
213    (0)   :  0.007 0.012 0.095 0.299 0.224 0.140 0.222 
214    (0)   :  0.006 0.015 0.023 0.300 0.072 0.087 0.497 
215    (0)   :  0.005 0.012 0.020 0.711 0.082 0.088 0.082 
216    (0)   :  0.012 0.012 0.020 0.479 0.134 0.207 0.136 
217    (0)   :  0.006 0.009 0.027 0.454 0.065 0.097 0.342 
218    (0)   :  0.006 0.009 0.015 0.661 0.085 0.102 0.122 
219    (0)   :  0.016 0.008 0.020 0.348 0.102 0.239 0.266 
220    (0)   :  0.005 0.009 0.015 0.731 0.069 0.074 0.095 
221    (0)   :  0.006 0.012 0.056 0.117 0.060 0.072 0.676 
222    (0)   :  0.014 0.009 0.020 0.371 0.143 0.254 0.189 
223    (0)   :  0.006 0.008 0.023 0.295 0.117 0.161 0.389 
224    (0)   :  0.007 0.009 0.017 0.490 0.067 0.081 0.328 
225    (0)   :  0.005 0.010 0.027 0.642 0.080 0.087 0.149 
226    (0)   :  0.008 0.013 0.020 0.472 0.087 0.237 0.163 
227    (0)   :  0.006 0.011 0.069 0.395 0.114 0.078 0.327 
228    (0)   :  0.006 0.016 0.090 0.471 0.065 0.071 0.282 
229    (0)   :  0.007 0.009 0.014 0.499 0.070 0.082 0.319 
230    (0)   :  0.006 0.011 0.015 0.578 0.067 0.075 0.248 
231    (0)   :  0.006 0.010 0.015 0.568 0.071 0.109 0.220 
232    (0)   :  0.009 0.013 0.041 0.239 0.142 0.176 0.381 
233    (0)   :  0.006 0.013 0.018 0.266 0.072 0.087 0.539 
234    (0)   :  0.005 0.012 0.016 0.480 0.128 0.170 0.189 
235    (0)   :  0.007 0.010 0.028 0.407 0.093 0.154 0.302 
236    (0)   :  0.006 0.014 0.017 0.405 0.086 0.112 0.359 
237    (0)   :  0.006 0.018 0.027 0.646 0.091 0.086 0.127 
238    (0)   :  0.006 0.011 0.023 0.251 0.106 0.105 0.497 
239    (0)   :  0.006 0.008 0.031 0.543 0.064 0.073 0.275 
240    (0)   :  0.005 0.011 0.022 0.253 0.105 0.106 0.497 
241    (0)   :  0.008 0.011 0.031 0.228 0.087 0.097 0.538 
242    (0)   :  0.006 0.009 0.024 0.543 0.072 0.180 0.166 
243    (0)   :  0.005 0.017 0.047 0.606 0.071 0.067 0.187 
244    (0)   :  0.006 0.012 0.017 0.511 0.065 0.074 0.316 
245    (0)   :  0.006 0.008 0.029 0.128 0.087 0.084 0.658 
246    (0)   :  0.006 0.010 0.026 0.446 0.065 0.100 0.348 
247    (0)   :  0.005 0.010 0.033 0.352 0.315 0.190 0.095 
248    (0)   :  0.005 0.015 0.020 0.664 0.118 0.092 0.086 
249    (0)   :  0.007 0.013 0.020 0.428 0.078 0.084 0.371 
250    (0)   :  0.006 0.012 0.015 0.499 0.091 0.107 0.271 
251    (0)   :  0.006 0.021 0.025 0.448 0.104 0.263 0.133 
252    (0)   :  0.006 0.008 0.027 0.545 0.089 0.102 0.223 
253    (0)   :  0.007 0.011 0.037 0.407 0.208 0.170 0.161 
254    (0)   :  0.010 0.009 0.020 0.532 0.107 0.162 0.160 
255    (0)   :  0.006 0.012 0.020 0.523 0.098 0.134 0.207 
256    (0)   :  0.006 0.014 0.029 0.433 0.090 0.103 0.325 
257    (0)   :  0.022 0.014 0.024 0.501 0.127 0.111 0.200 
258    (0)   :  0.005 0.013 0.049 0.512 0.157 0.126 0.137 
259    (0)   :  0.007 0.012 0.017 0.564 0.092 0.099 0.209 
260    (0)   :  0.012 0.010 0.017 0.286 0.116 0.208 0.351 
261    (0)   :  0.006 0.008 0.037 0.425 0.089 0.102 0.332 
262    (0)   :  0.005 0.011 0.057 0.460 0.060 0.077 0.329 
263    (0)   :  0.009 0.011 0.017 0.693 0.076 0.094 0.099 
264    (0)   :  0.018 0.013 0.024 0.324 0.134 0.406 0.081 
265    (0)   :  0.006 0.009 0.018 0.588 0.082 0.127 0.170 
266    (0)   :  0.006 0.011 0.039 0.165 0.062 0.072 0.645 
267    (0)   :  0.006 0.021 0.023 0.435 0.124 0.125 0.266 
268    (0)   :  0.005 0.013 0.043 0.586 0.086 0.082 0.184 
269    (0)   :  0.006 0.010 0.018 0.394 0.082 0.276 0.215 
270    (0)   :  0.011 0.012 0.017 0.550 0.121 0.165 0.123 
271    (0)   :  0.006 0.014 0.029 0.570 0.129 0.123 0.129 
272    (0)   :  0.007 0.017 0.030 0.537 0.096 0.183 0.130 
273    (0)   :  0.046 0.029 0.025 0.364 0.126 0.182 0.227 
274    (0)   :  0.006 0.011 0.019 0.539 0.105 0.167 0.152 
275    (0)   :  0.008 0.016 0.019 0.610 0.073 0.133 0.142 
276    (0)   :  0.008 0.025 0.037 0.490 0.113 0.172 0.155 
277    (0)   :  0.007 0.009 0.019 0.388 0.116 0.163 0.298 
278    (0)   :  0.005 0.014 0.025 0.691 0.079 0.087 0.100 
279    (0)   :  0.007 0.012 0.019 0.509 0.109 0.136 0.209 
280    (0)   :  0.006 0.011 0.029 0.455 0.086 0.218 0.194 
281    (0)   :  0.007 0.011 0.020 0.513 0.144 0.144 0.160 
282    (0)   :  0.006 0.010 0.016 0.276 0.096 0.139 0.458 
283    (0)   :  0.007 0.009 0.020 0.253 0.089 0.095 0.527 
284    (0)   :  0.005 0.016 0.024 0.371 0.153 0.127 0.304 
285    (0)   :  0.005 0.017 0.046 0.607 0.116 0.136 0.072 
286    (0)   :  0.006 0.012 0.016 0.508 0.064 0.074 0.319 
287    (0)   :  0.007 0.008 0.018 0.413 0.125 0.216 0.212 
288    (0)   :  0.006 0.011 0.017 0.655 0.072 0.137 0.102 
289    (0)   :  0.008 0.015 0.029 0.602 0.115 0.128 0.103 
290    (0)   :  0.013 0.034 0.072 0.345 0.095 0.228 0.214 
291    (0)   :  0.006 0.014 0.027 0.572 0.130 0.122 0.129 
292    (0)   :  0.006 0.009 0.067 0.379 0.084 0.196 0.259 
293    (0)   :  0.008 0.030 0.086 0.270 0.134 0.331 0.140 
294    (0)   :  0.011 0.009 0.024 0.689 0.073 0.099 0.095 
295    (0)   :  0.008 0.027 0.043 0.386 0.137 0.197 0.201 
296    (0)   :  0.005 0.012 0.019 0.691 0.087 0.086 0.099 
297    (0)   :  0.007 0.010 0.024 0.503 0.092 0.224 0.140 
298    (0)   :  0.007 0.009 0.015 0.389 0.103 0.129 0.348 
299    (0)   :  0.012 0.009 0.015 0.657 0.083 0.115 0.110 
300    (0)   :  0.006 0.013 0.027 0.661 0.078 0.117 0.098 
301    (0)   :  0.009 0.013 0.016 0.565 0.091 0.190 0.116 
302    (0)   :  0.009 0.014 0.036 0.658 0.076 0.102 0.105 
303    (0)   :  0.006 0.012 0.025 0.384 0.077 0.129 0.367 
304    (0)   :  0.012 0.014 0.016 0.120 0.153 0.261 0.424 
305    (0)   :  0.005 0.010 0.025 0.620 0.060 0.082 0.197 
306    (0)   :  0.007 0.010 0.025 0.329 0.078 0.143 0.408 
307    (0)   :  0.009 0.014 0.018 0.368 0.113 0.147 0.330 
308    (0)   :  0.006 0.008 0.038 0.425 0.087 0.103 0.333 
309    (0)   :  0.011 0.018 0.024 0.691 0.087 0.080 0.089 
310    (0)   :  0.005 0.013 0.029 0.559 0.069 0.076 0.250 
311    (0)   :  0.006 0.010 0.015 0.580 0.067 0.075 0.248 
312    (0)   :  0.005 0.010 0.019 0.709 0.088 0.072 0.097 
313    (0)   :  0.005 0.012 0.045 0.686 0.084 0.076 0.091 
314    (0)   :  0.005 0.010 0.027 0.057 0.059 0.079 0.763 
315    (0)   :  0.005 0.008 0.039 0.050 0.070 0.116 0.713 
316    (0)   :  0.009 0.009 0.027 0.055 0.075 0.151 0.674 
317    (0)   :  0.006 0.009 0.015 0.050 0.059 0.084 0.776 
318    (0)   :  0.006 0.009 0.012 0.045 0.058 0.091 0.779 
319    (0)   :  0.007 0.008 0.015 0.058 0.061 0.077 0.773 
320    (0)   :  0.006 0.010 0.026 0.057 0.058 0.079 0.764 
321    (0)   :  0.006 0.010 0.014 0.046 0.060 0.095 0.769 
322    (0)   :  0.009 0.011 0.043 0.063 0.077 0.133 0.665 
323    (0)   :  0.018 0.008 0.013 0.048 0.060 0.083 0.770 
324    (0)   :  0.007 0.010 0.014 0.046 0.060 0.095 0.769 
325    (0)   :  0.006 0.009 0.022 0.045 0.072 0.144 0.703 
326    (0)   :  0.015 0.014 0.028 0.045 0.074 0.142 0.682 
327    (0)   :  0.006 0.010 0.015 0.049 0.059 0.085 0.776 
328    (0)   :  0.006 0.008 0.027 0.053 0.074 0.129 0.702 
329    (0)   :  0.006 0.007 0.012 0.044 0.059 0.083 0.789 
330    (0)   :  0.006 0.010 0.016 0.048 0.059 0.085 0.777 
331    (0)   :  0.006 0.007 0.012 0.050 0.059 0.084 0.782 
332    (0)   :  0.022 0.010 0.023 0.042 0.075 0.151 0.676 
333    (0)   :  0.015 0.010 0.029 0.052 0.075 0.126 0.692 
334    (0)   :  0.006 0.008 0.028 0.053 0.075 0.131 0.699 
335    (0)   :  0.006 0.009 0.031 0.049 0.073 0.114 0.719 
336    (0)   :  0.019 0.010 0.020 0.048 0.060 0.091 0.752 
337    (0)   :  0.006 0.011 0.026 0.046 0.072 0.148 0.690 
338    (0)   :  0.007 0.010 0.012 0.044 0.059 0.094 0.774 
339    (0)   :  0.006 0.008 0.012 0.050 0.060 0.083 0.781 
340    (0)   :  0.006 0.007 0.013 0.052 0.059 0.075 0.787 
341    (0)   :  0.020 0.011 0.015 0.053 0.062 0.084 0.755 
342    (0)   :  0.006 0.010 0.015 0.049 0.059 0.085 0.776 
343    (0)   :  0.014 0.009 0.056 0.051 0.075 0.117 0.679 
344    (0)   :  0.006 0.007 0.012 0.044 0.059 0.082 0.790 
345    (0)   :  0.006 0.010 0.015 0.048 0.060 0.085 0.776 
346    (0)   :  0.006 0.009 0.013 0.046 0.057 0.084 0.784 
347    (0)   :  0.006 0.007 0.013 0.046 0.058 0.076 0.794 
348    (0)   :  0.005 0.008 0.062 0.056 0.071 0.103 0.694 
349    (0)   :  0.006 0.010 0.015 0.049 0.059 0.083 0.777 
350    (0)   :  0.006 0.008 0.018 0.061 0.060 0.079 0.768 
351    (0)   :  0.006 0.009 0.031 0.048 0.074 0.113 0.720 
352    (0)   :  0.006 0.010 0.032 0.049 0.073 0.127 0.703 
353    (0)   :  0.018 0.010 0.020 0.048 0.060 0.090 0.754 
354    (0)   :  0.009 0.009 0.013 0.049 0.060 0.085 0.776 
355    (0)   :  0.006 0.009 0.012 0.045 0.058 0.092 0.778 
356    (0)   :  0.005 0.008 0.065 0.056 0.072 0.103 0.692 
357    (0)   :  0.006 0.011 0.021 0.069 0.091 0.332 0.471 
358    (0)   :  0.007 0.008 0.021 0.044 0.073 0.132 0.715 
359    (0)   :  0.007 0.008 0.012 0.050 0.059 0.087 0.777 
360    (0)   :  0.006 0.009 0.013 0.047 0.058 0.082 0.785 
361    (0)   :  0.006 0.013 0.030 0.078 0.095 0.339 0.440 
362    (0)   :  0.007 0.011 0.024 0.253 0.173 0.416 0.116 
363    (0)   :  0.009 0.013 0.029 0.131 0.283 0.448 0.087 
364    (0)   :  0.038 0.034 0.024 0.108 0.159 0.303 0.333 
365    (0)   :  0.029 0.058 0.026 0.100 0.125 0.561 0.102 
366    (0)   :  0.007 0.025 0.107 0.182 0.105 0.387 0.187 
367    (0)   :  0.006 0.010 0.017 0.053 0.516 0.335 0.064 
368    (0)   :  0.008 0.013 0.014 0.200 0.427 0.221 0.116 
369    (0)   :  0.011 0.026 0.106 0.129 0.131 0.275 0.322 
370    (0)   :  0.023 0.024 0.020 0.263 0.374 0.170 0.127 
371    (0)   :  0.015 0.027 0.027 0.337 0.140 0.298 0.156 
372    (0)   :  0.087 0.050 0.024 0.377 0.202 0.128 0.133 
373    (0)   :  0.009 0.020 0.020 0.111 0.354 0.304 0.181 
374    (0)   :  0.008 0.040 0.020 0.118 0.139 0.372 0.304 
375    (0)   :  0.037 0.019 0.017 0.119 0.317 0.411 0.079 
376    (0)   :  0.126 0.011 0.018 0.043 0.155 0.572 0.074 
377    (0)   :  0.009 0.018 0.031 0.225 0.228 0.372 0.116 
378    (0)   :  0.006 0.013 0.019 0.092 0.486 0.136 0.249 
379    (0)   :  0.236 0.015 0.024 0.055 0.167 0.436 0.067 
380    (0)   :  0.016 0.017 0.060 0.114 0.085 0.507 0.201 
381    (0)   :  0.014 0.014 0.071 0.074 0.079 0.548 0.200 
382    (0)   :  0.006 0.011 0.014 0.081 0.237 0.555 0.096 
383    (0)   :  0.028 0.021 0.023 0.116 0.073 0.561 0.178 
384    (0)   :  0.144 0.030 0.022 0.088 0.167 0.400 0.149 
385    (0)   :  0.009 0.371 0.013 0.076 0.096 0.209 0.228 
386    (0)   :  0.005 0.011 0.019 0.082 0.260 0.534 0.089 
387    (0)   :  0.006 0.014 0.024 0.070 0.288 0.489 0.109 
388    (0)   :  0.026 0.051 0.017 0.126 0.211 0.307 0.262 
389    (0)   :  0.012 0.198 0.051 0.357 0.158 0.129 0.095 
390    (0)   :  0.025 0.023 0.113 0.085 0.376 0.293 0.086 
391    (0)   :  0.020 0.150 0.051 0.108 0.308 0.206 0.157 
392    (0)   :  0.012 0.009 0.024 0.105 0.170 0.511 0.169 
393    (0)   :  0.011 0.012 0.101 0.052 0.100 0.575 0.148 
394    (0)   :  0.006 0.008 0.021 0.097 0.256 0.321 0.290 
395    (0)   :  0.005 0.010 0.084 0.229 0.242 0.327 0.104 
396    (0)   :  0.008 0.011 0.015 0.098 0.350 0.449 0.068 
397    (0)   :  0.163 0.009 0.022 0.305 0.115 0.198 0.189 
398    (0)   :  0.044 0.008 0.027 0.049 0.262 0.538 0.072 
399    (0)   :  0.005 0.022 0.033 0.101 0.499 0.242 0.098 
400    (0)   :  0.010 0.014 0.022 0.055 0.268 0.500 0.131 
401    (0)   :  0.005 0.013 0.057 0.077 0.508 0.198 0.142 
402    (0)   :  0.012 0.022 0.075 0.137 0.308 0.307 0.139 
403    (0)   :  0.012 0.035 0.023 0.105 0.187 0.205 0.432 
404    (0)   :  0.013 0.024 0.018 0.164 0.176 0.425 0.179 
405    (0)   :  0.006 0.011 0.030 0.152 0.158 0.489 0.155 
406    (0)   :  0.005 0.010 0.299 0.093 0.085 0.312 0.196 
407    (0)   :  0.005 0.009 0.017 0.061 0.118 0.721 0.068 
408    (0)   :  0.005 0.009 0.056 0.131 0.624 0.109 0.067 
409    (0)   :  0.017 0.018 0.165 0.062 0.114 0.267 0.356 
410    (0)   :  0.105 0.017 0.035 0.076 0.261 0.365 0.142 
411    (0)   :  0.047 0.011 0.066 0.065 0.146 0.466 0.198 
412    (0)   :  0.008 0.014 0.014 0.183 0.358 0.318 0.105 
413    (0)   :  0.006 0.009 0.016 0.157 0.363 0.237 0.211 
414    (0)   :  0.006 0.036 0.015 0.192 0.375 0.304 0.072 
415    (0)   :  0.006 0.012 0.052 0.083 0.154 0.589 0.103 
416    (0)   :  0.009 0.043 0.053 0.097 0.225 0.416 0.158 
417    (0)   :  0.008 0.010 0.022 0.066 0.157 0.657 0.081 
418    (0)   :  0.011 0.009 0.013 0.078 0.490 0.321 0.078 
419    (0)   :  0.016 0.041 0.039 0.091 0.243 0.297 0.274 
420    (0)   :  0.005 0.011 0.132 0.081 0.474 0.202 0.095 
421    (0)   :  0.009 0.010 0.022 0.106 0.311 0.451 0.091 
422    (0)   :  0.009 0.013 0.065 0.279 0.141 0.388 0.105 
423    (0)   :  0.014 0.011 0.030 0.138 0.190 0.484 0.132 
424    (0)   :  0.012 0.022 0.120 0.057 0.449 0.207 0.133 
425    (0)   :  0.038 0.100 0.021 0.123 0.187 0.368 0.161 
426    (0)   :  0.043 0.047 0.024 0.075 0.372 0.277 0.162 
427    (0)   :  0.006 0.009 0.023 0.047 0.176 0.562 0.178 
428    (0)   :  0.035 0.013 0.072 0.115 0.121 0.406 0.239 
429    (0)   :  0.007 0.008 0.015 0.060 0.249 0.597 0.064 
430    (0)   :  0.007 0.009 0.029 0.072 0.144 0.658 0.080 
431    (0)   :  0.014 0.019 0.019 0.175 0.373 0.260 0.140 
432    (0)   :  0.008 0.012 0.016 0.151 0.447 0.237 0.129 
433    (0)   :  0.023 0.012 0.026 0.148 0.238 0.157 0.395 
434    (0)   :  0.009 0.018 0.028 0.175 0.152 0.418 0.199 
435    (0)   :  0.005 0.007 0.032 0.049 0.195 0.643 0.070 
436    (0)   :  0.008 0.011 0.056 0.035 0.215 0.557 0.119 
437    (0)   :  0.011 0.008 0.018 0.063 0.126 0.697 0.077 
438    (0)   :  0.007 0.010 0.218 0.046 0.271 0.314 0.135 
439    (0)   :  0.006 0.008 0.024 0.036 0.132 0.699 0.094 
440    (0)   :  0.004 0.010 0.029 0.044 0.141 0.712 0.060 
441    (0)   :  0.006 0.011 0.025 0.054 0.162 0.579 0.164 
442    (0)   :  0.008 0.030 0.032 0.072 0.256 0.517 0.085 
443    (0)   :  0.005 0.014 0.128 0.057 0.481 0.243 0.073 
444    (0)   :  0.007 0.027 0.046 0.062 0.197 0.576 0.084 
445    (0)   :  0.054 0.010 0.102 0.058 0.125 0.425 0.226 
446    (0)   :  0.054 0.009 0.027 0.034 0.336 0.458 0.082 
447    (0)   :  0.007 0.035 0.077 0.054 0.157 0.511 0.159 
448    (0)   :  0.006 0.010 0.025 0.061 0.195 0.620 0.083 
449    (0)   :  0.007 0.011 0.025 0.069 0.171 0.585 0.132 
450    (0)   :  0.012 0.012 0.014 0.044 0.167 0.619 0.134 
451    (0)   :  0.006 0.011 0.025 0.075 0.590 0.232 0.060 
452    (0)   :  0.008 0.010 0.015 0.047 0.152 0.653 0.116 
453    (0)   :  0.006 0.019 0.242 0.096 0.324 0.173 0.142 
454    (0)   :  0.006 0.010 0.021 0.070 0.134 0.620 0.139 
455    (0)   :  0.005 0.010 0.106 0.041 0.249 0.507 0.081 
456    (0)   :  0.006 0.013 0.131 0.069 0.209 0.495 0.077 
457    (0)   :  0.007 0.008 0.019 0.049 0.113 0.718 0.085 
458    (0)   :  0.052 0.010 0.024 0.045 0.155 0.621 0.094 
459    (0)   :  0.006 0.010 0.034 0.034 0.304 0.425 0.188 
460    (0)   :  0.005 0.009 0.028 0.037 0.368 0.474 0.078 
461    (0)   :  0.008 0.009 0.014 0.036 0.524 0.330 0.079 
462    (0)   :  0.010 0.059 0.065 0.095 0.242 0.471 0.058 
463    (0)   :  0.005 0.010 0.369 0.085 0.137 0.283 0.111 
464    (0)   :  0.005 0.009 0.067 0.046 0.424 0.372 0.077 
465    (0)   :  0.008 0.010 0.037 0.056 0.519 0.275 0.095 
466    (0)   :  0.005 0.009 0.147 0.068 0.401 0.290 0.081 
467    (0)   :  0.007 0.013 0.055 0.085 0.229 0.487 0.124 
468    (0)   :  0.006 0.008 0.085 0.053 0.108 0.664 0.077 
469    (0)   :  0.005 0.008 0.033 0.033 0.101 0.740 0.080 
470    (0)   :  0.005 0.007 0.028 0.039 0.224 0.623 0.073 
471    (0)   :  0.009 0.043 0.106 0.132 0.213 0.405 0.092 
472    (0)   :  0.008 0.014 0.060 0.077 0.273 0.468 0.100 
473    (0)   :  0.006 0.009 0.030 0.104 0.164 0.556 0.129 
474    (0)   :  0.006 0.010 0.035 0.061 0.164 0.597 0.126 
475    (0)   :  0.007 0.010 0.028 0.057 0.468 0.276 0.154 
476    (0)   :  0.009 0.009 0.040 0.046 0.156 0.645 0.095 
477    (0)   :  0.008 0.019 0.047 0.044 0.501 0.250 0.131 
478    (0)   :  0.008 0.017 0.022 0.036 0.657 0.188 0.072 
479    (0)   :  0.005 0.009 0.020 0.039 0.188 0.669 0.070 
480    (0)   :  0.007 0.008 0.017 0.041 0.106 0.743 0.079 
481    (0)   :  0.007 0.030 0.023 0.182 0.190 0.481 0.087 
482    (0)   :  0.007 0.008 0.015 0.040 0.197 0.663 0.071 
483    (0)   :  0.007 0.010 0.032 0.037 0.220 0.598 0.096 
484    (0)   :  0.006 0.014 0.172 0.071 0.191 0.448 0.098 
485    (0)   :  0.006 0.009 0.064 0.038 0.199 0.607 0.076 
486    (0)   :  0.020 0.088 0.068 0.234 0.230 0.229 0.131 
487    (0)   :  0.022 0.070 0.037 0.113 0.206 0.285 0.268 
488    (0)   :  0.015 0.096 0.028 0.156 0.344 0.168 0.193 
489    (0)   :  0.021 0.043 0.075 0.180 0.120 0.285 0.277 
490    (0)   :  0.008 0.024 0.056 0.089 0.500 0.242 0.080 
491    (0)   :  0.011 0.086 0.023 0.354 0.124 0.165 0.238 
492    (0)   :  0.006 0.034 0.045 0.088 0.338 0.123 0.365 
493    (0)   :  0.036 0.178 0.033 0.237 0.174 0.196 0.146 
494    (0)   :  0.090 0.056 0.035 0.205 0.156 0.246 0.211 
495    (0)   :  0.048 0.091 0.057 0.053 0.364 0.135 0.251 
496    (0)   :  0.008 0.009 0.032 0.157 0.164 0.164 0.465 
497    (0)   :  0.052 0.215 0.018 0.220 0.107 0.169 0.219 
498    (0)   :  0.015 0.188 0.069 0.119 0.241 0.222 0.146 
499    (0)   :  0.092 0.035 0.033 0.128 0.118 0.194 0.400 
500    (0)   :  0.042 0.022 0.029 0.272 0.125 0.378 0.131 
501    (0)   :  0.019 0.018 0.018 0.118 0.196 0.311 0.319 
502    (0)   :  0.011 0.039 0.014 0.073 0.318 0.197 0.347 
503    (0)   :  0.012 0.013 0.023 0.124 0.185 0.543 0.100 
504    (0)   :  0.010 0.071 0.039 0.079 0.551 0.139 0.111 
505    (0)   :  0.017 0.042 0.043 0.346 0.184 0.153 0.214 
506    (0)   :  0.009 0.055 0.019 0.157 0.288 0.171 0.302 
507    (0)   :  0.010 0.009 0.037 0.124 0.074 0.091 0.656 
508    (0)   :  0.040 0.023 0.068 0.091 0.100 0.089 0.589 
509    (0)   :  0.010 0.022 0.030 0.313 0.158 0.130 0.337 
510    (0)   :  0.079 0.018 0.025 0.109 0.159 0.244 0.366 
511    (0)   :  0.014 0.039 0.031 0.154 0.193 0.441 0.128 
512    (0)   :  0.011 0.026 0.016 0.111 0.188 0.566 0.084 
513    (0)   :  0.009 0.560 0.033 0.114 0.104 0.064 0.116 
514    (0)   :  0.010 0.014 0.021 0.111 0.546 0.139 0.159 
515    (0)   :  0.019 0.019 0.078 0.096 0.150 0.372 0.267 
516    (0)   :  0.011 0.014 0.045 0.146 0.520 0.120 0.143 
517    (0)   :  0.009 0.011 0.121 0.103 0.237 0.254 0.266 
518    (0)   :  0.118 0.015 0.016 0.220 0.108 0.253 0.270 
519    (0)   :  0.006 0.017 0.025 0.072 0.579 0.146 0.155 
520    (0)   :  0.009 0.010 0.190 0.087 0.089 0.250 0.365 
521    (0)   :  0.007 0.011 0.024 0.199 0.244 0.133 0.381 
522    (0)   :  0.058 0.016 0.186 0.087 0.142 0.394 0.118 
523    (0)   :  0.010 0.010 0.250 0.088 0.199 0.132 0.310 
524    (0)   :  0.011 0.010 0.093 0.106 0.159 0.437 0.185 
525    (0)   :  0.122 0.010 0.049 0.108 0.102 0.292 0.317 
526    (0)   :  0.007 0.008 0.410 0.089 0.091 0.251 0.144 
527    (0)   :  0.122 0.034 0.016 0.092 0.288 0.320 0.128 
528    (0)   :  0.006 0.010 0.024 0.229 0.116 0.109 0.506 
529    (0)   :  0.111 0.017 0.023 0.318 0.191 0.155 0.185 
530    (0)   :  0.010 0.028 0.060 0.089 0.128 0.496 0.189 
531    (0)   :  0.009 0.013 0.039 0.063 0.136 0.288 0.452 
532    (0)   :  0.054 0.017 0.042 0.153 0.187 0.207 0.339 
533    (0)   :  0.091 0.013 0.056 0.207 0.132 0.347 0.153 
534    (0)   :  0.091 0.027 0.079 0.295 0.215 0.080 0.213 
535    (0)   :  0.006 0.010 0.194 0.100 0.304 0.231 0.155 
536    (0)   :  0.010 0.016 0.080 0.147 0.162 0.305 0.279 
537    (0)   :  0.008 0.021 0.119 0.131 0.138 0.150 0.431 
538    (0)   :  0.006 0.012 0.077 0.255 0.124 0.209 0.317 
539    (0)   :  0.006 0.012 0.027 0.147 0.077 0.103 0.628 
540    (0)   :  0.007 0.013 0.071 0.258 0.116 0.247 0.289 
541    (0)   :  0.008 0.015 0.042 0.141 0.139 0.182 0.472 
542    (0)   :  0.006 0.026 0.187 0.254 0.104 0.297 0.125 
543    (0)   :  0.007 0.018 0.196 0.147 0.262 0.130 0.240 
544    (0)   :  0.006 0.014 0.298 0.133 0.141 0.209 0.200 
545    (0)   :  0.006 0.015 0.455 0.084 0.153 0.205 0.082 
546    (0)   :  0.006 0.035 0.082 0.336 0.115 0.191 0.234 
547    (0)   :  0.006 0.012 0.455 0.060 0.127 0.112 0.228 
548    (0)   :  0.006 0.011 0.015 0.500 0.091 0.105 0.270 
549    (0)   :  0.009 0.013 0.143 0.049 0.101 0.219 0.466 
550    (0)   :  0.005 0.017 0.327 0.069 0.175 0.282 0.126 
551    (0)   :  0.009 0.011 0.040 0.059 0.137 0.153 0.590 
552    (0)   :  0.007 0.012 0.056 0.413 0.093 0.160 0.260 
553    (0)   :  0.007 0.015 0.412 0.123 0.135 0.085 0.223 
554    (0)   :  0.013 0.015 0.052 0.203 0.171 0.326 0.220 
555    (0)   :  0.008 0.047 0.072 0.145 0.120 0.152 0.457 
556    (0)   :  0.007 0.014 0.053 0.321 0.140 0.184 0.281 
557    (0)   :  0.005 0.014 0.184 0.060 0.211 0.332 0.193 
558    (0)   :  0.006 0.008 0.014 0.034 0.194 0.670 0.075 
559    (0)   :  0.008 0.011 0.028 0.365 0.323 0.159 0.107 
560    (0)   :  0.006 0.015 0.026 0.068 0.476 0.352 0.057 
561    (0)   :  0.007 0.019 0.035 0.088 0.404 0.372 0.076 
562    (0)   :  0.008 0.020 0.056 0.130 0.439 0.290 0.057 
563    (0)   :  0.010 0.021 0.037 0.040 0.461 0.173 0.259 
564    (0)   :  0.011 0.012 0.058 0.438 0.168 0.203 0.110 
565    (0)   :  0.006 0.009 0.017 0.049 0.103 0.734 0.082 
566    (0)   :  0.004 0.012 0.019 0.052 0.493 0.358 0.060 
567    (0)   :  0.009 0.018 0.031 0.466 0.221 0.179 0.076 
568    (0)   :  0.006 0.008 0.039 0.135 0.446 0.249 0.116 
569    (0)   :  0.009 0.013 0.107 0.088 0.216 0.451 0.118 
570    (0)   :  0.010 0.008 0.016 0.061 0.164 0.682 0.060 
571    (0)   :  0.006 0.009 0.022 0.084 0.611 0.176 0.093 
572    (0)   :  0.005 0.022 0.302 0.117 0.093 0.227 0.235 
573    (0)   :  0.010 0.010 0.052 0.337 0.149 0.328 0.113 
574    (0)   :  0.009 0.014 0.030 0.088 0.107 0.537 0.215 
575    (0)   :  0.007 0.010 0.024 0.090 0.445 0.230 0.195 
576    (0)   :  0.006 0.024 0.016 0.056 0.495 0.342 0.060 
577    (0)   :  0.011 0.014 0.022 0.093 0.155 0.498 0.207 
578    (0)   :  0.006 0.019 0.028 0.090 0.431 0.330 0.095 
579    (0)   :  0.007 0.039 0.028 0.188 0.214 0.440 0.084 
580    (0)   :  0.007 0.010 0.017 0.080 0.144 0.609 0.133 
581    (0)   :  0.006 0.010 0.018 0.064 0.229 0.563 0.110 
582    (0)   :  0.007 0.009 0.047 0.061 0.309 0.497 0.070 
583    (0)   :  0.059 0.012 0.022 0.087 0.469 0.260 0.090 
584    (0)   :  0.008 0.012 0.015 0.054 0.509 0.331 0.071 
585    (0)   :  0.008 0.024 0.023 0.072 0.391 0.404 0.078 
586    (0)   :  0.006 0.011 0.024 0.124 0.591 0.132 0.112 
587    (0)   :  0.013 0.014 0.047 0.179 0.264 0.415 0.067 
588    (0)   :  0.010 0.017 0.079 0.631 0.104 0.078 0.081 
589    (0)   :  0.006 0.010 0.085 0.080 0.174 0.570 0.074 
590    (0)   :  0.007 0.019 0.019 0.166 0.537 0.168 0.083 
591    (0)   :  0.006 0.010 0.016 0.092 0.595 0.180 0.101 
592    (0)   :  0.005 0.010 0.059 0.185 0.398 0.267 0.076 
593    (0)   :  0.007 0.009 0.033 0.140 0.310 0.367 0.134 
594    (0)   :  0.053 0.018 0.022 0.132 0.407 0.185 0.183 
595    (0)   :  0.013 0.090 0.013 0.168 0.178 0.472 0.065 
596    (0)   :  0.005 0.017 0.075 0.295 0.188 0.297 0.123 
597    (0)   :  0.008 0.012 0.043 0.080 0.491 0.108 0.258 
598    (0)   :  0.008 0.007 0.016 0.039 0.127 0.736 0.067 
599    (0)   :  0.007 0.008 0.037 0.096 0.522 0.269 0.062 
600    (0)   :  0.005 0.012 0.033 0.097 0.135 0.555 0.163 
601    (0)   :  0.005 0.011 0.039 0.083 0.344 0.451 0.067 
602    (0)   :  0.011 0.022 0.016 0.270 0.238 0.210 0.233 
603    (0)   :  0.007 0.015 0.018 0.313 0.264 0.179 0.204 
604    (0)   :  0.021 0.031 0.024 0.118 0.121 0.522 0.164 
605    (0)   :  0.007 0.017 0.040 0.160 0.315 0.350 0.111 
606    (0)   :  0.014 0.013 0.031 0.254 0.193 0.274 0.221 
607    (0)   :  0.009 0.016 0.015 0.159 0.120 0.390 0.291 
608    (0)   :  0.007 0.009 0.022 0.065 0.176 0.245 0.477 
609    (0)   :  0.012 0.016 0.035 0.063 0.186 0.547 0.141 
610    (0)   :  0.007 0.017 0.079 0.097 0.148 0.541 0.111 
611    (0)   :  0.009 0.014 0.031 0.156 0.358 0.172 0.260 
612    (0)   :  0.015 0.010 0.041 0.055 0.112 0.669 0.098 
613    (0)   :  0.039 0.019 0.052 0.157 0.179 0.411 0.142 
614    (0)   :  0.009 0.023 0.017 0.109 0.083 0.673 0.086 
615    (0)   :  0.007 0.010 0.021 0.108 0.094 0.618 0.143 
616    (0)   :  0.007 0.013 0.014 0.175 0.158 0.427 0.206 
617    (0)   :  0.018 0.110 0.045 0.112 0.150 0.477 0.088 
618    (0)   :  0.016 0.034 0.038 0.121 0.088 0.465 0.238 
619    (0)   :  0.005 0.009 0.063 0.156 0.279 0.297 0.192 
620    (0)   :  0.005 0.012 0.065 0.296 0.344 0.219 0.059 
621    (0)   :  0.010 0.014 0.014 0.055 0.416 0.397 0.093 
622    (0)   :  0.015 0.106 0.036 0.263 0.103 0.338 0.140 
623    (0)   :  0.006 0.013 0.026 0.192 0.358 0.307 0.098 
624    (0)   :  0.012 0.010 0.025 0.070 0.123 0.536 0.223 
625    (0)   :  0.032 0.045 0.020 0.090 0.188 0.412 0.214 
626    (0)   :  0.031 0.010 0.128 0.094 0.083 0.246 0.407 
627    (0)   :  0.005 0.018 0.028 0.216 0.249 0.350 0.133 
628    (0)   :  0.006 0.034 0.019 0.348 0.223 0.254 0.116 
629    (0)   :  0.008 0.020 0.016 0.179 0.296 0.329 0.152 
630    (0)   :  0.019 0.019 0.027 0.091 0.202 0.528 0.113 
631    (0)   :  0.007 0.011 0.016 0.210 0.128 0.511 0.116 
632    (0)   :  0.006 0.019 0.024 0.296 0.100 0.223 0.331 
633    (0)   :  0.008 0.021 0.017 0.100 0.129 0.520 0.205 
634    (0)   :  0.008 0.010 0.036 0.244 0.157 0.295 0.250 
635    (0)   :  0.007 0.010 0.021 0.124 0.116 0.246 0.476 
636    (0)   :  0.010 0.011 0.022 0.074 0.192 0.415 0.277 
637    (0)   :  0.009 0.023 0.096 0.187 0.199 0.268 0.218 
638    (0)   :  0.009 0.013 0.017 0.194 0.273 0.292 0.202 
639    (0)   :  0.008 0.023 0.019 0.155 0.097 0.521 0.177 
