

----------------------------------------------------
STRUCTURE by Pritchard, Stephens and Donnelly (2000)
     and Falush, Stephens and Pritchard (2003)
       Code by Pritchard, Falush and Hubisz
             Version 2.3.4 (Jul 2012)
----------------------------------------------------



Command line arguments:   ./structure -K 3 -D 103012 -m brooktrout/mainparams -e brooktrout/extraparams -o brooktrout/250914_output/results_K3_rep12 
Input File:    brooktrout/brooktrout.txt

Run parameters:
   8454 individuals
   5 loci
   3 populations assumed
   50000 Burn-in period
   100000 Reps
RANDOMIZE turned off


--------------------------------------------
Overall proportion of membership of the
sample in each of the 3 clusters

Inferred Clusters
  1      2      3    
0.259  0.236  0.505  

--------------------------------------------

Allele-freq. divergence among pops (Net nucleotide distance),
computed using point estimates of P.

      1       2       3      
 1      -    0.0849  0.0281  
 2   0.0849     -    0.0526  
 3   0.0281  0.0526     -    

Average distances (expected heterozygosity) between individuals in same cluster:
cluster  1  : 0.8135 
cluster  2  : 0.7771 
cluster  3  : 0.8438 

--------------------------------------------
Estimated Ln Prob of Data   = -178624.7
Mean value of ln likelihood = -175596.4
Variance of ln likelihood   = 6056.7

Mean value of alpha_1       = 0.1260
Mean value of alpha_2       = 0.1174
Mean value of alpha_3       = 0.2494
Allele frequencies uncorrelated


Inferred ancestry of individuals:
     (%Miss) :  Inferred clusters
  1    (0)   :  0.329 0.279 0.393 
  2    (0)   :  0.042 0.040 0.918 
  3    (0)   :  0.661 0.154 0.185 
  4    (0)   :  0.035 0.751 0.214 
  5    (0)   :  0.049 0.034 0.917 
  6    (0)   :  0.854 0.031 0.115 
  7    (0)   :  0.132 0.030 0.837 
  8    (0)   :  0.305 0.300 0.395 
  9    (0)   :  0.519 0.102 0.379 
 10    (0)   :  0.436 0.105 0.459 
 11    (0)   :  0.239 0.033 0.728 
 12    (0)   :  0.059 0.059 0.882 
 13    (0)   :  0.102 0.054 0.844 
 14    (0)   :  0.078 0.129 0.793 
 15    (0)   :  0.072 0.170 0.757 
 16    (0)   :  0.659 0.052 0.289 
 17    (0)   :  0.255 0.060 0.685 
 18    (0)   :  0.608 0.142 0.250 
 19    (0)   :  0.588 0.045 0.367 
 20    (0)   :  0.102 0.050 0.847 
 21    (0)   :  0.172 0.335 0.493 
 22    (0)   :  0.827 0.055 0.118 
 23    (0)   :  0.058 0.298 0.644 
 24    (0)   :  0.495 0.194 0.311 
 25    (0)   :  0.101 0.025 0.874 
 26    (0)   :  0.313 0.133 0.554 
 27    (0)   :  0.275 0.090 0.635 
 28    (0)   :  0.163 0.263 0.574 
 29    (0)   :  0.079 0.045 0.876 
 30    (0)   :  0.836 0.047 0.117 
 31    (0)   :  0.128 0.108 0.763 
 32    (0)   :  0.174 0.164 0.662 
 33    (0)   :  0.629 0.155 0.216 
 34    (0)   :  0.542 0.043 0.415 
 35    (0)   :  0.570 0.065 0.365 
 36    (0)   :  0.729 0.116 0.155 
 37    (0)   :  0.116 0.264 0.621 
 38    (0)   :  0.859 0.026 0.114 
 39    (0)   :  0.712 0.044 0.244 
 40    (0)   :  0.134 0.596 0.270 
 41    (0)   :  0.692 0.092 0.216 
 42    (0)   :  0.216 0.675 0.108 
 43    (0)   :  0.066 0.193 0.742 
 44    (0)   :  0.462 0.100 0.438 
 45    (0)   :  0.697 0.044 0.259 
 46    (0)   :  0.689 0.036 0.276 
 47    (0)   :  0.658 0.072 0.270 
 48    (0)   :  0.466 0.135 0.399 
 49    (0)   :  0.575 0.083 0.343 
 50    (0)   :  0.697 0.089 0.214 
 51    (0)   :  0.482 0.260 0.258 
 52    (0)   :  0.748 0.050 0.202 
 53    (0)   :  0.849 0.054 0.097 
 54    (0)   :  0.094 0.099 0.807 
 55    (0)   :  0.058 0.087 0.856 
 56    (0)   :  0.624 0.123 0.253 
 57    (0)   :  0.306 0.142 0.552 
 58    (0)   :  0.200 0.099 0.701 
 59    (0)   :  0.712 0.061 0.226 
 60    (0)   :  0.150 0.467 0.383 
 61    (0)   :  0.035 0.240 0.725 
 62    (0)   :  0.564 0.055 0.382 
 63    (0)   :  0.182 0.160 0.658 
 64    (0)   :  0.817 0.031 0.152 
 65    (0)   :  0.138 0.021 0.841 
 66    (0)   :  0.043 0.194 0.762 
 67    (0)   :  0.060 0.063 0.878 
 68    (0)   :  0.684 0.086 0.230 
 69    (0)   :  0.449 0.152 0.399 
 70    (0)   :  0.211 0.144 0.645 
 71    (0)   :  0.669 0.036 0.295 
 72    (0)   :  0.788 0.045 0.167 
 73    (0)   :  0.090 0.042 0.868 
 74    (0)   :  0.652 0.225 0.123 
 75    (0)   :  0.199 0.663 0.138 
 76    (0)   :  0.107 0.058 0.834 
 77    (0)   :  0.715 0.054 0.231 
 78    (0)   :  0.804 0.054 0.143 
 79    (0)   :  0.108 0.031 0.860 
 80    (0)   :  0.084 0.632 0.284 
 81    (0)   :  0.117 0.384 0.499 
 82    (0)   :  0.044 0.096 0.860 
 83    (0)   :  0.136 0.254 0.610 
 84    (0)   :  0.102 0.158 0.740 
 85    (0)   :  0.135 0.341 0.524 
 86    (0)   :  0.128 0.044 0.829 
 87    (0)   :  0.084 0.040 0.876 
 88    (0)   :  0.048 0.217 0.735 
 89    (0)   :  0.052 0.399 0.549 
 90    (0)   :  0.053 0.035 0.912 
 91    (0)   :  0.077 0.694 0.229 
 92    (0)   :  0.070 0.067 0.862 
 93    (0)   :  0.030 0.898 0.073 
 94    (0)   :  0.566 0.038 0.397 
 95    (0)   :  0.041 0.081 0.878 
 96    (0)   :  0.038 0.423 0.539 
 97    (0)   :  0.361 0.463 0.176 
 98    (0)   :  0.194 0.145 0.661 
 99    (0)   :  0.077 0.121 0.802 
100    (0)   :  0.027 0.838 0.135 
101    (0)   :  0.049 0.068 0.883 
102    (0)   :  0.091 0.365 0.544 
103    (0)   :  0.034 0.127 0.839 
104    (0)   :  0.049 0.038 0.913 
105    (0)   :  0.031 0.070 0.899 
106    (0)   :  0.384 0.017 0.598 
107    (0)   :  0.045 0.070 0.885 
108    (0)   :  0.100 0.045 0.855 
109    (0)   :  0.210 0.017 0.773 
110    (0)   :  0.456 0.022 0.523 
111    (0)   :  0.053 0.021 0.925 
112    (0)   :  0.263 0.020 0.717 
113    (0)   :  0.135 0.082 0.783 
114    (0)   :  0.048 0.046 0.906 
115    (0)   :  0.048 0.039 0.912 
116    (0)   :  0.272 0.021 0.707 
117    (0)   :  0.292 0.031 0.676 
118    (0)   :  0.038 0.028 0.935 
119    (0)   :  0.065 0.394 0.541 
120    (0)   :  0.062 0.032 0.906 
121    (0)   :  0.071 0.035 0.894 
122    (0)   :  0.301 0.023 0.676 
123    (0)   :  0.124 0.034 0.842 
124    (0)   :  0.593 0.033 0.374 
125    (0)   :  0.697 0.038 0.265 
126    (0)   :  0.256 0.048 0.696 
127    (0)   :  0.046 0.024 0.930 
128    (0)   :  0.038 0.030 0.933 
129    (0)   :  0.029 0.023 0.947 
130    (0)   :  0.053 0.045 0.901 
131    (0)   :  0.628 0.031 0.341 
132    (0)   :  0.176 0.022 0.803 
133    (0)   :  0.055 0.036 0.909 
134    (0)   :  0.487 0.014 0.499 
135    (0)   :  0.039 0.777 0.184 
136    (0)   :  0.034 0.879 0.088 
137    (0)   :  0.032 0.850 0.118 
138    (0)   :  0.032 0.915 0.053 
139    (0)   :  0.062 0.626 0.312 
140    (0)   :  0.108 0.649 0.242 
141    (0)   :  0.057 0.860 0.083 
142    (0)   :  0.034 0.840 0.126 
143    (0)   :  0.021 0.930 0.049 
144    (0)   :  0.028 0.864 0.108 
145    (0)   :  0.083 0.734 0.183 
146    (0)   :  0.091 0.583 0.325 
147    (0)   :  0.024 0.925 0.051 
148    (0)   :  0.044 0.783 0.173 
149    (0)   :  0.035 0.899 0.066 
150    (0)   :  0.043 0.648 0.308 
151    (0)   :  0.029 0.886 0.085 
152    (0)   :  0.051 0.714 0.234 
153    (0)   :  0.047 0.874 0.078 
154    (0)   :  0.030 0.873 0.097 
155    (0)   :  0.024 0.911 0.065 
156    (0)   :  0.025 0.876 0.099 
157    (0)   :  0.054 0.773 0.173 
158    (0)   :  0.087 0.759 0.154 
159    (0)   :  0.023 0.923 0.055 
160    (0)   :  0.023 0.915 0.061 
161    (0)   :  0.063 0.802 0.135 
162    (0)   :  0.103 0.479 0.418 
163    (0)   :  0.023 0.918 0.059 
164    (0)   :  0.056 0.439 0.505 
165    (0)   :  0.037 0.727 0.236 
166    (0)   :  0.069 0.657 0.274 
167    (0)   :  0.046 0.755 0.200 
168    (0)   :  0.053 0.861 0.086 
169    (0)   :  0.462 0.430 0.108 
170    (0)   :  0.030 0.866 0.104 
171    (0)   :  0.055 0.657 0.288 
172    (0)   :  0.140 0.798 0.062 
173    (0)   :  0.023 0.910 0.067 
174    (0)   :  0.030 0.889 0.081 
175    (0)   :  0.030 0.908 0.062 
176    (0)   :  0.028 0.865 0.107 
177    (0)   :  0.124 0.597 0.279 
178    (0)   :  0.043 0.844 0.112 
179    (0)   :  0.022 0.927 0.051 
180    (0)   :  0.079 0.748 0.174 
181    (0)   :  0.046 0.822 0.132 
182    (0)   :  0.022 0.864 0.114 
183    (0)   :  0.025 0.915 0.060 
184    (0)   :  0.098 0.053 0.850 
185    (0)   :  0.018 0.932 0.050 
186    (0)   :  0.083 0.042 0.875 
187    (0)   :  0.065 0.408 0.527 
188    (0)   :  0.059 0.031 0.910 
189    (0)   :  0.235 0.359 0.406 
190    (0)   :  0.021 0.776 0.203 
191    (0)   :  0.039 0.094 0.868 
192    (0)   :  0.059 0.274 0.667 
193    (0)   :  0.070 0.234 0.696 
194    (0)   :  0.050 0.261 0.689 
195    (0)   :  0.023 0.866 0.111 
196    (0)   :  0.038 0.441 0.520 
197    (0)   :  0.222 0.114 0.664 
198    (0)   :  0.100 0.128 0.772 
199    (0)   :  0.035 0.407 0.559 
200    (0)   :  0.064 0.245 0.691 
201    (0)   :  0.030 0.856 0.114 
202    (0)   :  0.021 0.813 0.166 
203    (0)   :  0.025 0.837 0.138 
204    (0)   :  0.027 0.568 0.405 
205    (0)   :  0.049 0.146 0.805 
206    (0)   :  0.032 0.469 0.499 
207    (0)   :  0.027 0.110 0.863 
208    (0)   :  0.039 0.530 0.431 
209    (0)   :  0.048 0.148 0.804 
210    (0)   :  0.037 0.461 0.502 
211    (0)   :  0.026 0.169 0.805 
212    (0)   :  0.040 0.837 0.123 
213    (0)   :  0.070 0.155 0.775 
214    (0)   :  0.027 0.855 0.117 
215    (0)   :  0.035 0.062 0.903 
216    (0)   :  0.106 0.076 0.818 
217    (0)   :  0.038 0.822 0.140 
218    (0)   :  0.050 0.209 0.741 
219    (0)   :  0.189 0.287 0.524 
220    (0)   :  0.030 0.123 0.847 
221    (0)   :  0.019 0.923 0.058 
222    (0)   :  0.203 0.131 0.666 
223    (0)   :  0.081 0.564 0.354 
224    (0)   :  0.029 0.714 0.257 
225    (0)   :  0.043 0.336 0.621 
226    (0)   :  0.160 0.186 0.654 
227    (0)   :  0.028 0.517 0.455 
228    (0)   :  0.021 0.862 0.117 
229    (0)   :  0.039 0.702 0.260 
230    (0)   :  0.032 0.575 0.393 
231    (0)   :  0.055 0.600 0.344 
232    (0)   :  0.085 0.432 0.483 
233    (0)   :  0.026 0.875 0.099 
234    (0)   :  0.083 0.202 0.715 
235    (0)   :  0.087 0.479 0.433 
236    (0)   :  0.055 0.596 0.349 
237    (0)   :  0.031 0.193 0.777 
238    (0)   :  0.037 0.795 0.169 
239    (0)   :  0.023 0.867 0.110 
240    (0)   :  0.036 0.794 0.170 
241    (0)   :  0.028 0.845 0.127 
242    (0)   :  0.099 0.347 0.554 
243    (0)   :  0.027 0.584 0.388 
244    (0)   :  0.028 0.787 0.185 
245    (0)   :  0.024 0.897 0.079 
246    (0)   :  0.039 0.820 0.141 
247    (0)   :  0.117 0.038 0.845 
248    (0)   :  0.032 0.045 0.923 
249    (0)   :  0.035 0.707 0.258 
250    (0)   :  0.052 0.371 0.577 
251    (0)   :  0.090 0.095 0.815 
252    (0)   :  0.057 0.495 0.448 
253    (0)   :  0.058 0.089 0.854 
254    (0)   :  0.128 0.176 0.696 
255    (0)   :  0.078 0.243 0.679 
256    (0)   :  0.037 0.690 0.273 
257    (0)   :  0.038 0.199 0.764 
258    (0)   :  0.047 0.102 0.851 
259    (0)   :  0.037 0.149 0.814 
260    (0)   :  0.141 0.343 0.516 
261    (0)   :  0.052 0.714 0.234 
262    (0)   :  0.026 0.871 0.104 
263    (0)   :  0.047 0.149 0.804 
264    (0)   :  0.679 0.032 0.289 
265    (0)   :  0.091 0.270 0.639 
266    (0)   :  0.020 0.915 0.066 
267    (0)   :  0.047 0.294 0.659 
268    (0)   :  0.038 0.439 0.523 
269    (0)   :  0.189 0.284 0.527 
270    (0)   :  0.083 0.088 0.829 
271    (0)   :  0.039 0.087 0.873 
272    (0)   :  0.098 0.116 0.786 
273    (0)   :  0.107 0.563 0.329 
274    (0)   :  0.076 0.135 0.788 
275    (0)   :  0.103 0.296 0.601 
276    (0)   :  0.083 0.099 0.818 
277    (0)   :  0.087 0.458 0.455 
278    (0)   :  0.039 0.106 0.854 
279    (0)   :  0.060 0.308 0.632 
280    (0)   :  0.213 0.287 0.500 
281    (0)   :  0.052 0.142 0.806 
282    (0)   :  0.069 0.690 0.242 
283    (0)   :  0.035 0.824 0.141 
284    (0)   :  0.054 0.298 0.648 
285    (0)   :  0.063 0.030 0.907 
286    (0)   :  0.028 0.797 0.175 
287    (0)   :  0.118 0.240 0.642 
288    (0)   :  0.101 0.120 0.780 
289    (0)   :  0.098 0.162 0.740 
290    (0)   :  0.384 0.198 0.418 
291    (0)   :  0.040 0.086 0.874 
292    (0)   :  0.157 0.489 0.354 
293    (0)   :  0.588 0.083 0.328 
294    (0)   :  0.056 0.129 0.815 
295    (0)   :  0.089 0.203 0.708 
296    (0)   :  0.036 0.126 0.837 
297    (0)   :  0.243 0.135 0.622 
298    (0)   :  0.074 0.503 0.423 
299    (0)   :  0.076 0.127 0.798 
300    (0)   :  0.057 0.130 0.813 
301    (0)   :  0.129 0.085 0.786 
302    (0)   :  0.050 0.143 0.807 
303    (0)   :  0.055 0.742 0.203 
304    (0)   :  0.196 0.421 0.383 
305    (0)   :  0.029 0.779 0.193 
306    (0)   :  0.051 0.782 0.167 
307    (0)   :  0.049 0.256 0.695 
308    (0)   :  0.051 0.710 0.239 
309    (0)   :  0.049 0.152 0.799 
310    (0)   :  0.030 0.747 0.224 
311    (0)   :  0.032 0.563 0.405 
312    (0)   :  0.027 0.127 0.846 
313    (0)   :  0.027 0.071 0.902 
314    (0)   :  0.022 0.935 0.044 
315    (0)   :  0.027 0.918 0.055 
316    (0)   :  0.032 0.912 0.057 
317    (0)   :  0.023 0.933 0.044 
318    (0)   :  0.024 0.934 0.042 
319    (0)   :  0.022 0.926 0.052 
320    (0)   :  0.021 0.935 0.043 
321    (0)   :  0.025 0.929 0.045 
322    (0)   :  0.031 0.911 0.057 
323    (0)   :  0.024 0.930 0.047 
324    (0)   :  0.026 0.928 0.046 
325    (0)   :  0.034 0.913 0.054 
326    (0)   :  0.031 0.920 0.048 
327    (0)   :  0.023 0.933 0.043 
328    (0)   :  0.031 0.907 0.062 
329    (0)   :  0.023 0.933 0.044 
330    (0)   :  0.023 0.933 0.043 
331    (0)   :  0.022 0.931 0.046 
332    (0)   :  0.040 0.905 0.055 
333    (0)   :  0.029 0.919 0.052 
334    (0)   :  0.032 0.904 0.064 
335    (0)   :  0.028 0.916 0.056 
336    (0)   :  0.025 0.931 0.044 
337    (0)   :  0.035 0.906 0.058 
338    (0)   :  0.026 0.931 0.043 
339    (0)   :  0.021 0.933 0.045 
340    (0)   :  0.020 0.936 0.044 
341    (0)   :  0.022 0.932 0.045 
342    (0)   :  0.023 0.934 0.043 
343    (0)   :  0.033 0.906 0.061 
344    (0)   :  0.022 0.934 0.044 
345    (0)   :  0.023 0.934 0.043 
346    (0)   :  0.023 0.936 0.041 
347    (0)   :  0.021 0.937 0.042 
348    (0)   :  0.027 0.917 0.056 
349    (0)   :  0.023 0.934 0.043 
350    (0)   :  0.021 0.929 0.050 
351    (0)   :  0.028 0.916 0.056 
352    (0)   :  0.032 0.912 0.057 
353    (0)   :  0.025 0.931 0.044 
354    (0)   :  0.023 0.930 0.047 
355    (0)   :  0.024 0.933 0.043 
356    (0)   :  0.027 0.911 0.062 
357    (0)   :  0.197 0.527 0.276 
358    (0)   :  0.031 0.913 0.056 
359    (0)   :  0.022 0.931 0.047 
360    (0)   :  0.022 0.937 0.041 
361    (0)   :  0.199 0.433 0.368 
362    (0)   :  0.305 0.063 0.632 
363    (0)   :  0.653 0.035 0.312 
364    (0)   :  0.225 0.332 0.444 
365    (0)   :  0.746 0.032 0.221 
366    (0)   :  0.533 0.146 0.321 
367    (0)   :  0.590 0.017 0.393 
368    (0)   :  0.063 0.031 0.906 
369    (0)   :  0.220 0.417 0.363 
370    (0)   :  0.061 0.048 0.891 
371    (0)   :  0.286 0.094 0.620 
372    (0)   :  0.081 0.116 0.803 
373    (0)   :  0.169 0.054 0.777 
374    (0)   :  0.297 0.295 0.408 
375    (0)   :  0.563 0.025 0.412 
376    (0)   :  0.915 0.018 0.067 
377    (0)   :  0.444 0.051 0.506 
378    (0)   :  0.094 0.102 0.804 
379    (0)   :  0.922 0.017 0.061 
380    (0)   :  0.779 0.123 0.098 
381    (0)   :  0.856 0.071 0.074 
382    (0)   :  0.498 0.028 0.474 
383    (0)   :  0.826 0.093 0.081 
384    (0)   :  0.738 0.062 0.200 
385    (0)   :  0.118 0.084 0.798 
386    (0)   :  0.555 0.029 0.416 
387    (0)   :  0.586 0.029 0.384 
388    (0)   :  0.186 0.188 0.627 
389    (0)   :  0.049 0.045 0.906 
390    (0)   :  0.674 0.033 0.293 
391    (0)   :  0.117 0.061 0.822 
392    (0)   :  0.818 0.051 0.130 
393    (0)   :  0.879 0.061 0.060 
394    (0)   :  0.159 0.173 0.668 
395    (0)   :  0.639 0.057 0.305 
396    (0)   :  0.492 0.019 0.489 
397    (0)   :  0.248 0.145 0.608 
398    (0)   :  0.883 0.019 0.099 
399    (0)   :  0.159 0.025 0.815 
400    (0)   :  0.701 0.034 0.265 
401    (0)   :  0.355 0.043 0.602 
402    (0)   :  0.113 0.069 0.817 
403    (0)   :  0.164 0.357 0.479 
404    (0)   :  0.637 0.069 0.293 
405    (0)   :  0.382 0.077 0.541 
406    (0)   :  0.649 0.204 0.147 
407    (0)   :  0.896 0.019 0.085 
408    (0)   :  0.054 0.020 0.926 
409    (0)   :  0.392 0.487 0.120 
410    (0)   :  0.747 0.055 0.198 
411    (0)   :  0.669 0.205 0.126 
412    (0)   :  0.092 0.029 0.879 
413    (0)   :  0.088 0.086 0.825 
414    (0)   :  0.085 0.021 0.895 
415    (0)   :  0.853 0.031 0.117 
416    (0)   :  0.634 0.048 0.318 
417    (0)   :  0.848 0.026 0.126 
418    (0)   :  0.468 0.020 0.512 
419    (0)   :  0.423 0.156 0.421 
420    (0)   :  0.419 0.031 0.549 
421    (0)   :  0.698 0.031 0.271 
422    (0)   :  0.666 0.053 0.281 
423    (0)   :  0.767 0.039 0.193 
424    (0)   :  0.175 0.052 0.774 
425    (0)   :  0.502 0.060 0.438 
426    (0)   :  0.134 0.048 0.817 
427    (0)   :  0.817 0.074 0.109 
428    (0)   :  0.542 0.199 0.259 
429    (0)   :  0.878 0.017 0.105 
430    (0)   :  0.876 0.024 0.100 
431    (0)   :  0.130 0.040 0.830 
432    (0)   :  0.074 0.036 0.890 
433    (0)   :  0.048 0.204 0.748 
434    (0)   :  0.284 0.118 0.598 
435    (0)   :  0.874 0.019 0.107 
436    (0)   :  0.901 0.030 0.069 
437    (0)   :  0.874 0.021 0.106 
438    (0)   :  0.759 0.062 0.179 
439    (0)   :  0.911 0.025 0.064 
440    (0)   :  0.892 0.016 0.092 
441    (0)   :  0.668 0.078 0.254 
442    (0)   :  0.819 0.022 0.159 
443    (0)   :  0.588 0.023 0.389 
444    (0)   :  0.842 0.022 0.136 
445    (0)   :  0.760 0.123 0.117 
446    (0)   :  0.878 0.022 0.101 
447    (0)   :  0.690 0.051 0.259 
448    (0)   :  0.713 0.024 0.263 
449    (0)   :  0.668 0.043 0.288 
450    (0)   :  0.827 0.034 0.139 
451    (0)   :  0.082 0.017 0.901 
452    (0)   :  0.855 0.029 0.116 
453    (0)   :  0.108 0.084 0.808 
454    (0)   :  0.659 0.054 0.287 
455    (0)   :  0.865 0.024 0.111 
456    (0)   :  0.834 0.023 0.143 
457    (0)   :  0.891 0.023 0.086 
458    (0)   :  0.902 0.025 0.072 
459    (0)   :  0.694 0.067 0.239 
460    (0)   :  0.841 0.020 0.139 
461    (0)   :  0.778 0.020 0.202 
462    (0)   :  0.856 0.017 0.128 
463    (0)   :  0.566 0.089 0.346 
464    (0)   :  0.726 0.021 0.253 
465    (0)   :  0.451 0.032 0.517 
466    (0)   :  0.512 0.028 0.460 
467    (0)   :  0.750 0.057 0.193 
468    (0)   :  0.902 0.021 0.077 
469    (0)   :  0.920 0.022 0.058 
470    (0)   :  0.895 0.019 0.087 
471    (0)   :  0.427 0.045 0.528 
472    (0)   :  0.526 0.035 0.440 
473    (0)   :  0.488 0.052 0.460 
474    (0)   :  0.827 0.034 0.139 
475    (0)   :  0.546 0.048 0.406 
476    (0)   :  0.901 0.026 0.073 
477    (0)   :  0.141 0.044 0.814 
478    (0)   :  0.145 0.021 0.834 
479    (0)   :  0.840 0.018 0.142 
480    (0)   :  0.914 0.021 0.066 
481    (0)   :  0.459 0.026 0.515 
482    (0)   :  0.906 0.018 0.076 
483    (0)   :  0.883 0.026 0.090 
484    (0)   :  0.821 0.036 0.144 
485    (0)   :  0.895 0.021 0.084 
486    (0)   :  0.052 0.038 0.910 
487    (0)   :  0.067 0.095 0.838 
488    (0)   :  0.041 0.045 0.914 
489    (0)   :  0.083 0.199 0.718 
490    (0)   :  0.076 0.022 0.902 
491    (0)   :  0.048 0.114 0.838 
492    (0)   :  0.052 0.185 0.763 
493    (0)   :  0.043 0.043 0.914 
494    (0)   :  0.112 0.084 0.804 
495    (0)   :  0.076 0.069 0.855 
496    (0)   :  0.064 0.420 0.516 
497    (0)   :  0.045 0.081 0.874 
498    (0)   :  0.063 0.045 0.892 
499    (0)   :  0.056 0.261 0.683 
500    (0)   :  0.182 0.052 0.766 
501    (0)   :  0.206 0.133 0.661 
502    (0)   :  0.088 0.130 0.781 
503    (0)   :  0.482 0.033 0.484 
504    (0)   :  0.043 0.031 0.927 
505    (0)   :  0.050 0.100 0.850 
506    (0)   :  0.072 0.122 0.806 
507    (0)   :  0.027 0.864 0.109 
508    (0)   :  0.028 0.723 0.249 
509    (0)   :  0.043 0.225 0.732 
510    (0)   :  0.217 0.261 0.522 
511    (0)   :  0.556 0.040 0.404 
512    (0)   :  0.646 0.023 0.332 
513    (0)   :  0.023 0.048 0.929 
514    (0)   :  0.055 0.039 0.905 
515    (0)   :  0.634 0.146 0.220 
516    (0)   :  0.038 0.040 0.922 
517    (0)   :  0.230 0.141 0.629 
518    (0)   :  0.150 0.268 0.582 
519    (0)   :  0.067 0.040 0.894 
520    (0)   :  0.209 0.536 0.255 
521    (0)   :  0.068 0.445 0.488 
522    (0)   :  0.658 0.068 0.274 
523    (0)   :  0.062 0.267 0.671 
524    (0)   :  0.464 0.081 0.455 
525    (0)   :  0.295 0.307 0.398 
526    (0)   :  0.716 0.132 0.152 
527    (0)   :  0.167 0.036 0.796 
528    (0)   :  0.039 0.796 0.164 
529    (0)   :  0.074 0.100 0.826 
530    (0)   :  0.560 0.078 0.362 
531    (0)   :  0.237 0.471 0.293 
532    (0)   :  0.137 0.253 0.610 
533    (0)   :  0.376 0.071 0.554 
534    (0)   :  0.033 0.101 0.867 
535    (0)   :  0.299 0.078 0.623 
536    (0)   :  0.504 0.272 0.225 
537    (0)   :  0.065 0.676 0.258 
538    (0)   :  0.108 0.412 0.480 
539    (0)   :  0.028 0.891 0.081 
540    (0)   :  0.141 0.450 0.408 
541    (0)   :  0.089 0.663 0.248 
542    (0)   :  0.653 0.127 0.219 
543    (0)   :  0.047 0.246 0.707 
544    (0)   :  0.239 0.216 0.545 
545    (0)   :  0.622 0.058 0.321 
546    (0)   :  0.135 0.371 0.494 
547    (0)   :  0.090 0.433 0.477 
548    (0)   :  0.052 0.371 0.576 
549    (0)   :  0.205 0.713 0.082 
550    (0)   :  0.582 0.102 0.316 
551    (0)   :  0.073 0.780 0.148 
552    (0)   :  0.104 0.540 0.356 
553    (0)   :  0.039 0.455 0.505 
554    (0)   :  0.271 0.177 0.552 
555    (0)   :  0.060 0.582 0.358 
556    (0)   :  0.088 0.338 0.574 
557    (0)   :  0.647 0.126 0.227 
558    (0)   :  0.912 0.018 0.070 
559    (0)   :  0.057 0.034 0.908 
560    (0)   :  0.757 0.017 0.226 
561    (0)   :  0.425 0.022 0.553 
562    (0)   :  0.215 0.017 0.767 
563    (0)   :  0.149 0.102 0.749 
564    (0)   :  0.068 0.047 0.885 
565    (0)   :  0.899 0.023 0.078 
566    (0)   :  0.273 0.017 0.710 
567    (0)   :  0.043 0.028 0.929 
568    (0)   :  0.227 0.041 0.732 
569    (0)   :  0.284 0.058 0.658 
570    (0)   :  0.881 0.017 0.102 
571    (0)   :  0.083 0.024 0.892 
572    (0)   :  0.125 0.365 0.510 
573    (0)   :  0.088 0.044 0.869 
574    (0)   :  0.466 0.095 0.439 
575    (0)   :  0.228 0.062 0.710 
576    (0)   :  0.176 0.016 0.808 
577    (0)   :  0.440 0.079 0.481 
578    (0)   :  0.254 0.031 0.716 
579    (0)   :  0.377 0.030 0.594 
580    (0)   :  0.627 0.049 0.323 
581    (0)   :  0.606 0.036 0.358 
582    (0)   :  0.859 0.019 0.122 
583    (0)   :  0.211 0.026 0.763 
584    (0)   :  0.137 0.019 0.844 
585    (0)   :  0.438 0.024 0.537 
586    (0)   :  0.077 0.031 0.892 
587    (0)   :  0.696 0.020 0.284 
588    (0)   :  0.025 0.039 0.936 
589    (0)   :  0.695 0.021 0.284 
590    (0)   :  0.058 0.022 0.920 
591    (0)   :  0.072 0.028 0.901 
592    (0)   :  0.278 0.027 0.695 
593    (0)   :  0.258 0.051 0.692 
594    (0)   :  0.056 0.046 0.898 
595    (0)   :  0.417 0.018 0.565 
596    (0)   :  0.095 0.049 0.856 
597    (0)   :  0.057 0.110 0.833 
598    (0)   :  0.905 0.017 0.078 
599    (0)   :  0.355 0.019 0.626 
600    (0)   :  0.556 0.065 0.379 
601    (0)   :  0.620 0.019 0.361 
602    (0)   :  0.054 0.093 0.853 
603    (0)   :  0.054 0.081 0.865 
604    (0)   :  0.676 0.074 0.250 
605    (0)   :  0.231 0.038 0.731 
606    (0)   :  0.195 0.154 0.651 
607    (0)   :  0.170 0.191 0.639 
608    (0)   :  0.240 0.449 0.311 
609    (0)   :  0.531 0.043 0.425 
610    (0)   :  0.791 0.040 0.169 
611    (0)   :  0.065 0.079 0.857 
612    (0)   :  0.894 0.026 0.080 
613    (0)   :  0.167 0.047 0.786 
614    (0)   :  0.865 0.025 0.109 
615    (0)   :  0.841 0.051 0.108 
616    (0)   :  0.147 0.128 0.725 
617    (0)   :  0.407 0.031 0.561 
618    (0)   :  0.699 0.140 0.162 
619    (0)   :  0.120 0.091 0.789 
620    (0)   :  0.166 0.021 0.813 
621    (0)   :  0.155 0.027 0.818 
622    (0)   :  0.576 0.115 0.309 
623    (0)   :  0.083 0.030 0.887 
624    (0)   :  0.805 0.090 0.104 
625    (0)   :  0.606 0.108 0.286 
626    (0)   :  0.319 0.596 0.085 
627    (0)   :  0.106 0.040 0.854 
628    (0)   :  0.076 0.037 0.888 
629    (0)   :  0.136 0.050 0.814 
630    (0)   :  0.762 0.035 0.202 
631    (0)   :  0.504 0.053 0.444 
632    (0)   :  0.118 0.330 0.552 
633    (0)   :  0.519 0.083 0.398 
634    (0)   :  0.141 0.136 0.724 
635    (0)   :  0.130 0.560 0.310 
636    (0)   :  0.563 0.191 0.245 
637    (0)   :  0.301 0.117 0.582 
638    (0)   :  0.099 0.070 0.831 
639    (0)   :  0.435 0.080 0.485 
640    (0)   :  0.121 0.031 0.848 
641    (0)   :  0.213 0.048 0.739 
642    (0)   :  0.094 0.689 0.217 
643    (0)   :  0.039 0.870 0.091 
644    (0)   :  0.042 0.718 0.240 
645    (0)   :  0.301 0.620 0.079 
646    (0)   :  0.135 0.105 0.760 
647    (0)   :  0.066 0.308 0.625 
648    (0)   :  0.152 0.406 0.442 
649    (0)   :  0.039 0.206 0.755 
650    (0)   :  0.043 0.115 0.842 
651    (0)   :  0.054 0.433 0.513 
652    (0)   :  0.062 0.634 0.304 
653    (0)   :  0.107 0.464 0.429 
654    (0)   :  0.089 0.657 0.254 
655    (0)   :  0.085 0.567 0.348 
656    (0)   :  0.094 0.273 0.634 
657    (0)   :  0.357 0.145 0.498 
658    (0)   :  0.179 0.192 0.629 
659    (0)   :  0.080 0.645 0.275 
660    (0)   :  0.038 0.771 0.190 
661    (0)   :  0.077 0.769 0.154 
662    (0)   :  0.032 0.121 0.846 
663    (0)   :  0.064 0.682 0.255 
664    (0)   :  0.286 0.258 0.456 
665    (0)   :  0.040 0.138 0.822 
666    (0)   :  0.068 0.713 0.219 
667    (0)   :  0.086 0.058 0.856 
668    (0)   :  0.131 0.568 0.300 
669    (0)   :  0.058 0.295 0.648 
670    (0)   :  0.025 0.911 0.065 
671    (0)   :  0.035 0.811 0.154 
672    (0)   :  0.057 0.798 0.145 
673    (0)   :  0.024 0.924 0.051 
674    (0)   :  0.046 0.836 0.118 
675    (0)   :  0.028 0.864 0.108 
676    (0)   :  0.024 0.927 0.049 
677    (0)   :  0.022 0.918 0.060 
678    (0)   :  0.025 0.920 0.055 
679    (0)   :  0.048 0.853 0.099 
680    (0)   :  0.040 0.891 0.069 
681    (0)   :  0.144 0.514 0.342 
682    (0)   :  0.042 0.898 0.060 
683    (0)   :  0.024 0.920 0.056 
684    (0)   :  0.025 0.915 0.059 
685    (0)   :  0.021 0.932 0.047 
686    (0)   :  0.041 0.879 0.080 
687    (0)   :  0.030 0.835 0.134 
688    (0)   :  0.030 0.886 0.085 
689    (0)   :  0.022 0.928 0.050 
690    (0)   :  0.023 0.928 0.049 
691    (0)   :  0.042 0.866 0.092 
692    (0)   :  0.037 0.875 0.088 
693    (0)   :  0.039 0.879 0.081 
694    (0)   :  0.019 0.936 0.045 
695    (0)   :  0.028 0.918 0.055 
696    (0)   :  0.030 0.884 0.085 
697    (0)   :  0.023 0.924 0.053 
698    (0)   :  0.023 0.924 0.053 
699    (0)   :  0.026 0.914 0.060 
700    (0)   :  0.066 0.868 0.066 
701    (0)   :  0.051 0.814 0.135 
702    (0)   :  0.056 0.833 0.111 
703    (0)   :  0.041 0.890 0.069 
704    (0)   :  0.026 0.901 0.073 
705    (0)   :  0.070 0.758 0.172 
706    (0)   :  0.036 0.905 0.058 
707    (0)   :  0.025 0.919 0.056 
708    (0)   :  0.023 0.918 0.059 
709    (0)   :  0.025 0.926 0.049 
710    (0)   :  0.021 0.936 0.044 
711    (0)   :  0.035 0.897 0.067 
712    (0)   :  0.019 0.927 0.054 
713    (0)   :  0.027 0.892 0.081 
714    (0)   :  0.048 0.813 0.140 
715    (0)   :  0.020 0.934 0.047 
716    (0)   :  0.035 0.913 0.052 
717    (0)   :  0.020 0.936 0.044 
718    (0)   :  0.038 0.871 0.092 
719    (0)   :  0.020 0.930 0.050 
720    (0)   :  0.131 0.029 0.840 
721    (0)   :  0.162 0.609 0.229 
722    (0)   :  0.501 0.060 0.439 
723    (0)   :  0.612 0.049 0.339 
724    (0)   :  0.747 0.132 0.121 
725    (0)   :  0.128 0.173 0.699 
726    (0)   :  0.694 0.094 0.212 
727    (0)   :  0.151 0.419 0.430 
728    (0)   :  0.924 0.016 0.060 
729    (0)   :  0.905 0.017 0.078 
730    (0)   :  0.649 0.034 0.317 
731    (0)   :  0.867 0.035 0.098 
732    (0)   :  0.616 0.051 0.332 
733    (0)   :  0.897 0.023 0.080 
734    (0)   :  0.895 0.016 0.088 
735    (0)   :  0.903 0.027 0.070 
736    (0)   :  0.571 0.035 0.394 
737    (0)   :  0.555 0.043 0.402 
738    (0)   :  0.582 0.033 0.385 
739    (0)   :  0.902 0.021 0.077 
740    (0)   :  0.051 0.752 0.197 
741    (0)   :  0.097 0.513 0.389 
742    (0)   :  0.186 0.129 0.686 
743    (0)   :  0.161 0.068 0.770 
744    (0)   :  0.056 0.120 0.824 
745    (0)   :  0.119 0.025 0.856 
746    (0)   :  0.177 0.189 0.634 
747    (0)   :  0.081 0.046 0.873 
748    (0)   :  0.056 0.477 0.467 
749    (0)   :  0.068 0.186 0.746 
750    (0)   :  0.102 0.126 0.772 
751    (0)   :  0.068 0.535 0.397 
752    (0)   :  0.122 0.069 0.809 
753    (0)   :  0.253 0.243 0.503 
754    (0)   :  0.123 0.356 0.521 
755    (0)   :  0.100 0.125 0.775 
756    (0)   :  0.044 0.196 0.760 
757    (0)   :  0.078 0.094 0.828 
758    (0)   :  0.042 0.023 0.935 
759    (0)   :  0.148 0.502 0.350 
760    (0)   :  0.348 0.104 0.548 
761    (0)   :  0.572 0.259 0.169 
762    (0)   :  0.689 0.035 0.276 
763    (0)   :  0.256 0.247 0.497 
764    (0)   :  0.068 0.056 0.877 
765    (0)   :  0.607 0.057 0.336 
766    (0)   :  0.093 0.388 0.519 
767    (0)   :  0.104 0.173 0.723 
768    (0)   :  0.708 0.036 0.256 
769    (0)   :  0.603 0.176 0.221 
770    (0)   :  0.617 0.033 0.350 
771    (0)   :  0.037 0.228 0.734 
772    (0)   :  0.133 0.306 0.561 
773    (0)   :  0.084 0.079 0.837 
774    (0)   :  0.102 0.531 0.367 
775    (0)   :  0.782 0.056 0.162 
776    (0)   :  0.091 0.038 0.871 
777    (0)   :  0.135 0.098 0.768 
778    (0)   :  0.080 0.189 0.731 
779    (0)   :  0.056 0.091 0.853 
780    (0)   :  0.067 0.365 0.568 
781    (0)   :  0.045 0.381 0.574 
782    (0)   :  0.057 0.095 0.848 
783    (0)   :  0.146 0.251 0.602 
784    (0)   :  0.250 0.052 0.698 
785    (0)   :  0.093 0.097 0.811 
786    (0)   :  0.104 0.506 0.390 
787    (0)   :  0.032 0.460 0.507 
788    (0)   :  0.198 0.057 0.745 
789    (0)   :  0.275 0.058 0.667 
790    (0)   :  0.132 0.215 0.652 
791    (0)   :  0.116 0.093 0.790 
792    (0)   :  0.036 0.552 0.412 
793    (0)   :  0.139 0.564 0.297 
794    (0)   :  0.117 0.115 0.768 
795    (0)   :  0.137 0.637 0.226 
796    (0)   :  0.068 0.121 0.810 
797    (0)   :  0.049 0.797 0.154 
798    (0)   :  0.844 0.024 0.133 
799    (0)   :  0.091 0.048 0.861 
800    (0)   :  0.026 0.698 0.276 
801    (0)   :  0.830 0.048 0.121 
802    (0)   :  0.481 0.301 0.218 
803    (0)   :  0.133 0.454 0.413 
804    (0)   :  0.173 0.136 0.691 
805    (0)   :  0.037 0.871 0.092 
806    (0)   :  0.632 0.188 0.180 
807    (0)   :  0.034 0.871 0.095 
808    (0)   :  0.055 0.588 0.356 
809    (0)   :  0.635 0.152 0.213 
810    (0)   :  0.159 0.190 0.651 
811    (0)   :  0.104 0.640 0.255 
812    (0)   :  0.156 0.070 0.775 
813    (0)   :  0.846 0.028 0.126 
814    (0)   :  0.042 0.052 0.905 
815    (0)   :  0.498 0.401 0.101 
816    (0)   :  0.337 0.430 0.234 
817    (0)   :  0.489 0.303 0.208 
818    (0)   :  0.123 0.043 0.834 
819    (0)   :  0.033 0.080 0.886 
820    (0)   :  0.052 0.101 0.847 
821    (0)   :  0.161 0.053 0.786 
822    (0)   :  0.299 0.019 0.683 
823    (0)   :  0.538 0.164 0.299 
824    (0)   :  0.095 0.100 0.806 
825    (0)   :  0.209 0.037 0.754 
826    (0)   :  0.049 0.025 0.926 
827    (0)   :  0.395 0.037 0.567 
828    (0)   :  0.478 0.072 0.451 
829    (0)   :  0.737 0.067 0.196 
830    (0)   :  0.390 0.024 0.586 
831    (0)   :  0.241 0.101 0.658 
832    (0)   :  0.316 0.123 0.561 
833    (0)   :  0.530 0.112 0.358 
834    (0)   :  0.348 0.093 0.559 
835    (0)   :  0.054 0.027 0.919 
836    (0)   :  0.076 0.061 0.863 
837    (0)   :  0.576 0.234 0.190 
838    (0)   :  0.061 0.032 0.907 
839    (0)   :  0.223 0.037 0.740 
840    (0)   :  0.045 0.124 0.832 
841    (0)   :  0.043 0.079 0.877 
842    (0)   :  0.106 0.019 0.875 
843    (0)   :  0.066 0.356 0.578 
844    (0)   :  0.134 0.111 0.755 
845    (0)   :  0.086 0.024 0.890 
846    (0)   :  0.063 0.065 0.872 
847    (0)   :  0.033 0.113 0.854 
848    (0)   :  0.036 0.049 0.915 
849    (0)   :  0.175 0.034 0.792 
850    (0)   :  0.104 0.034 0.862 
851    (0)   :  0.043 0.030 0.927 
852    (0)   :  0.222 0.514 0.264 
853    (0)   :  0.293 0.030 0.676 
854    (0)   :  0.393 0.171 0.436 
855    (0)   :  0.050 0.049 0.901 
856    (0)   :  0.061 0.078 0.860 
857    (0)   :  0.099 0.049 0.852 
858    (0)   :  0.088 0.028 0.884 
859    (0)   :  0.185 0.032 0.784 
860    (0)   :  0.042 0.026 0.932 
861    (0)   :  0.040 0.418 0.542 
862    (0)   :  0.919 0.021 0.060 
863    (0)   :  0.860 0.051 0.089 
864    (0)   :  0.908 0.037 0.055 
865    (0)   :  0.898 0.016 0.086 
866    (0)   :  0.426 0.030 0.544 
867    (0)   :  0.894 0.036 0.070 
868    (0)   :  0.842 0.031 0.127 
869    (0)   :  0.485 0.032 0.482 
870    (0)   :  0.796 0.022 0.182 
871    (0)   :  0.864 0.019 0.117 
872    (0)   :  0.887 0.024 0.089 
873    (0)   :  0.904 0.030 0.067 
874    (0)   :  0.904 0.019 0.077 
875    (0)   :  0.429 0.038 0.533 
876    (0)   :  0.082 0.024 0.894 
877    (0)   :  0.914 0.026 0.060 
878    (0)   :  0.433 0.051 0.516 
879    (0)   :  0.896 0.033 0.071 
880    (0)   :  0.374 0.031 0.595 
881    (0)   :  0.880 0.033 0.087 
882    (0)   :  0.900 0.028 0.072 
883    (0)   :  0.121 0.037 0.842 
884    (0)   :  0.899 0.016 0.085 
885    (0)   :  0.773 0.065 0.161 
886    (0)   :  0.648 0.048 0.305 
887    (0)   :  0.895 0.019 0.086 
888    (0)   :  0.342 0.131 0.528 
889    (0)   :  0.906 0.016 0.078 
890    (0)   :  0.276 0.018 0.706 
891    (0)   :  0.052 0.028 0.920 
892    (0)   :  0.069 0.032 0.900 
893    (0)   :  0.275 0.057 0.668 
894    (0)   :  0.501 0.018 0.481 
895    (0)   :  0.873 0.020 0.107 
896    (0)   :  0.042 0.049 0.910 
897    (0)   :  0.046 0.028 0.926 
898    (0)   :  0.469 0.060 0.470 
899    (0)   :  0.407 0.016 0.577 
900    (0)   :  0.055 0.023 0.922 
901    (0)   :  0.061 0.024 0.915 
902    (0)   :  0.044 0.042 0.914 
903    (0)   :  0.640 0.027 0.334 
904    (0)   :  0.424 0.059 0.517 
905    (0)   :  0.715 0.018 0.267 
906    (0)   :  0.151 0.036 0.813 
907    (0)   :  0.142 0.038 0.820 
908    (0)   :  0.136 0.030 0.834 
909    (0)   :  0.134 0.041 0.825 
910    (0)   :  0.061 0.038 0.901 
911    (0)   :  0.777 0.016 0.207 
912    (0)   :  0.449 0.020 0.530 
913    (0)   :  0.492 0.020 0.488 
914    (0)   :  0.275 0.130 0.596 
915    (0)   :  0.141 0.016 0.844 
916    (0)   :  0.204 0.022 0.774 
917    (0)   :  0.280 0.024 0.696 
918    (0)   :  0.473 0.106 0.422 
919    (0)   :  0.587 0.054 0.359 
920    (0)   :  0.130 0.034 0.836 
921    (0)   :  0.068 0.354 0.578 
922    (0)   :  0.095 0.055 0.850 
923    (0)   :  0.039 0.095 0.866 
924    (0)   :  0.037 0.044 0.919 
925    (0)   :  0.055 0.083 0.862 
926    (0)   :  0.027 0.331 0.641 
927    (0)   :  0.092 0.420 0.488 
928    (0)   :  0.031 0.564 0.406 
929    (0)   :  0.027 0.087 0.887 
930    (0)   :  0.050 0.115 0.835 
931    (0)   :  0.368 0.526 0.106 
932    (0)   :  0.035 0.074 0.891 
933    (0)   :  0.035 0.743 0.222 
934    (0)   :  0.027 0.030 0.942 
935    (0)   :  0.079 0.230 0.692 
936    (0)   :  0.081 0.150 0.769 
937    (0)   :  0.066 0.621 0.313 
938    (0)   :  0.027 0.587 0.386 
939    (0)   :  0.068 0.699 0.233 
940    (0)   :  0.106 0.234 0.661 
941    (0)   :  0.139 0.063 0.799 
942    (0)   :  0.065 0.342 0.593 
943    (0)   :  0.047 0.857 0.097 
944    (0)   :  0.063 0.622 0.314 
945    (0)   :  0.048 0.113 0.839 
946    (0)   :  0.055 0.151 0.794 
947    (0)   :  0.045 0.731 0.224 
948    (0)   :  0.703 0.093 0.204 
949    (0)   :  0.425 0.053 0.522 
950    (0)   :  0.032 0.624 0.345 
951    (0)   :  0.068 0.396 0.536 
952    (0)   :  0.091 0.242 0.667 
953    (0)   :  0.094 0.107 0.799 
954    (0)   :  0.366 0.205 0.428 
955    (0)   :  0.034 0.904 0.062 
956    (0)   :  0.024 0.902 0.074 
957    (0)   :  0.135 0.497 0.368 
958    (0)   :  0.118 0.063 0.819 
959    (0)   :  0.053 0.252 0.695 
960    (0)   :  0.559 0.074 0.366 
961    (0)   :  0.022 0.931 0.047 
962    (0)   :  0.028 0.069 0.904 
963    (0)   :  0.162 0.063 0.775 
964    (0)   :  0.095 0.086 0.819 
965    (0)   :  0.045 0.303 0.651 
966    (0)   :  0.117 0.230 0.653 
967    (0)   :  0.038 0.903 0.059 
968    (0)   :  0.032 0.082 0.886 
969    (0)   :  0.217 0.222 0.560 
970    (0)   :  0.042 0.803 0.155 
971    (0)   :  0.037 0.184 0.779 
972    (0)   :  0.168 0.241 0.591 
973    (0)   :  0.028 0.514 0.457 
974    (0)   :  0.077 0.078 0.845 
975    (0)   :  0.222 0.220 0.559 
976    (0)   :  0.036 0.181 0.782 
977    (0)   :  0.110 0.298 0.592 
978    (0)   :  0.037 0.322 0.641 
979    (0)   :  0.052 0.068 0.880 
980    (0)   :  0.036 0.402 0.562 
981    (0)   :  0.077 0.182 0.741 
982    (0)   :  0.083 0.035 0.882 
983    (0)   :  0.377 0.050 0.574 
984    (0)   :  0.187 0.694 0.119 
985    (0)   :  0.051 0.142 0.806 
986    (0)   :  0.073 0.062 0.865 
987    (0)   :  0.055 0.027 0.918 
988    (0)   :  0.694 0.018 0.288 
989    (0)   :  0.095 0.760 0.145 
990    (0)   :  0.171 0.080 0.749 
991    (0)   :  0.064 0.107 0.828 
992    (0)   :  0.032 0.029 0.939 
993    (0)   :  0.576 0.043 0.381 
994    (0)   :  0.058 0.286 0.656 
995    (0)   :  0.019 0.925 0.055 
996    (0)   :  0.139 0.036 0.825 
997    (0)   :  0.033 0.072 0.895 
998    (0)   :  0.060 0.034 0.906 
999    (0)   :  0.058 0.144 0.797 
1000    (0)   :  0.058 0.031 0.911 
1001    (0)   :  0.144 0.041 0.815 
1002    (0)   :  0.114 0.020 0.866 
1003    (0)   :  0.049 0.087 0.864 
1004    (0)   :  0.037 0.053 0.910 
1005    (0)   :  0.057 0.032 0.911 
1006    (0)   :  0.071 0.170 0.759 
1007    (0)   :  0.050 0.342 0.609 
1008    (0)   :  0.050 0.559 0.391 
1009    (0)   :  0.195 0.158 0.647 
1010    (0)   :  0.059 0.124 0.817 
1011    (0)   :  0.075 0.513 0.412 
1012    (0)   :  0.101 0.084 0.815 
1013    (0)   :  0.056 0.113 0.831 
1014    (0)   :  0.087 0.035 0.878 
1015    (0)   :  0.033 0.052 0.914 
1016    (0)   :  0.050 0.029 0.921 
1017    (0)   :  0.041 0.169 0.790 
1018    (0)   :  0.059 0.138 0.803 
1019    (0)   :  0.091 0.132 0.777 
1020    (0)   :  0.029 0.883 0.088 
1021    (0)   :  0.045 0.674 0.282 
1022    (0)   :  0.050 0.127 0.823 
1023    (0)   :  0.173 0.044 0.783 
1024    (0)   :  0.150 0.034 0.816 
1025    (0)   :  0.059 0.067 0.874 
1026    (0)   :  0.724 0.175 0.100 
1027    (0)   :  0.685 0.149 0.165 
1028    (0)   :  0.734 0.082 0.184 
1029    (0)   :  0.094 0.128 0.779 
1030    (0)   :  0.093 0.539 0.367 
1031    (0)   :  0.465 0.267 0.269 
1032    (0)   :  0.352 0.365 0.282 
1033    (0)   :  0.432 0.304 0.264 
1034    (0)   :  0.085 0.137 0.778 
1035    (0)   :  0.069 0.766 0.165 
1036    (0)   :  0.147 0.574 0.279 
1037    (0)   :  0.044 0.599 0.357 
1038    (0)   :  0.374 0.470 0.156 
1039    (0)   :  0.183 0.482 0.335 
1040    (0)   :  0.718 0.169 0.113 
1041    (0)   :  0.722 0.121 0.157 
1042    (0)   :  0.219 0.514 0.267 
1043    (0)   :  0.473 0.283 0.243 
1044    (0)   :  0.461 0.142 0.397 
1045    (0)   :  0.781 0.135 0.084 
1046    (0)   :  0.214 0.455 0.331 
1047    (0)   :  0.062 0.774 0.164 
1048    (0)   :  0.119 0.070 0.811 
1049    (0)   :  0.064 0.045 0.892 
1050    (0)   :  0.355 0.017 0.628 
1051    (0)   :  0.116 0.019 0.865 
1052    (0)   :  0.149 0.026 0.825 
1053    (0)   :  0.149 0.031 0.820 
1054    (0)   :  0.112 0.032 0.857 
1055    (0)   :  0.046 0.026 0.929 
1056    (0)   :  0.065 0.026 0.908 
1057    (0)   :  0.813 0.023 0.164 
1058    (0)   :  0.319 0.020 0.660 
1059    (0)   :  0.356 0.038 0.607 
1060    (0)   :  0.261 0.064 0.675 
1061    (0)   :  0.048 0.022 0.929 
1062    (0)   :  0.367 0.022 0.611 
1063    (0)   :  0.034 0.071 0.895 
1064    (0)   :  0.194 0.028 0.778 
1065    (0)   :  0.116 0.042 0.842 
1066    (0)   :  0.046 0.046 0.907 
1067    (0)   :  0.272 0.021 0.708 
1068    (0)   :  0.120 0.208 0.672 
1069    (0)   :  0.082 0.016 0.901 
1070    (0)   :  0.134 0.024 0.842 
1071    (0)   :  0.116 0.071 0.813 
1072    (0)   :  0.095 0.041 0.864 
1073    (0)   :  0.285 0.027 0.688 
1074    (0)   :  0.306 0.055 0.638 
1075    (0)   :  0.223 0.039 0.738 
1076    (0)   :  0.183 0.045 0.771 
1077    (0)   :  0.850 0.021 0.129 
1078    (0)   :  0.069 0.032 0.899 
1079    (0)   :  0.250 0.028 0.723 
1080    (0)   :  0.080 0.098 0.822 
1081    (0)   :  0.174 0.020 0.806 
1082    (0)   :  0.142 0.055 0.803 
1083    (0)   :  0.101 0.037 0.862 
1084    (0)   :  0.094 0.099 0.807 
1085    (0)   :  0.096 0.015 0.889 
1086    (0)   :  0.038 0.023 0.939 
1087    (0)   :  0.083 0.015 0.902 
1088    (0)   :  0.066 0.016 0.918 
1089    (0)   :  0.491 0.018 0.491 
1090    (0)   :  0.260 0.022 0.718 
1091    (0)   :  0.073 0.032 0.895 
1092    (0)   :  0.186 0.020 0.794 
1093    (0)   :  0.049 0.051 0.900 
1094    (0)   :  0.751 0.059 0.190 
