

----------------------------------------------------
STRUCTURE by Pritchard, Stephens and Donnelly (2000)
     and Falush, Stephens and Pritchard (2003)
       Code by Pritchard, Falush and Hubisz
             Version 2.3.4 (Jul 2012)
----------------------------------------------------



Command line arguments:   ./structure -K 8 -D 108016 -m brooktrout/mainparams -e brooktrout/extraparams -o brooktrout/250914_output/results_K8_rep16 
Input File:    brooktrout/brooktrout.txt

Run parameters:
   8454 individuals
   5 loci
   8 populations assumed
   50000 Burn-in period
   100000 Reps
RANDOMIZE turned off


--------------------------------------------
Overall proportion of membership of the
sample in each of the 8 clusters

Inferred Clusters
  1      2      3      4      5      6      7      8    
0.013  0.018  0.070  0.096  0.183  0.191  0.192  0.237  

--------------------------------------------

Allele-freq. divergence among pops (Net nucleotide distance),
computed using point estimates of P.

      1       2       3       4       5       6       7       8      
 1      -    0.1445  0.1292  0.1010  0.1212  0.1072  0.0917  0.1186  
 2   0.1445     -    0.2258  0.1997  0.1949  0.1766  0.1408  0.1350  
 3   0.1292  0.2258     -    0.1927  0.0770  0.1833  0.1840  0.1410  
 4   0.1010  0.1997  0.1927     -    0.1740  0.0992  0.0903  0.1239  
 5   0.1212  0.1949  0.0770  0.1740     -    0.1491  0.1679  0.1060  
 6   0.1072  0.1766  0.1833  0.0992  0.1491     -    0.0716  0.1285  
 7   0.0917  0.1408  0.1840  0.0903  0.1679  0.0716     -    0.0945  
 8   0.1186  0.1350  0.1410  0.1239  0.1060  0.1285  0.0945     -    

Average distances (expected heterozygosity) between individuals in same cluster:
cluster  1  : 0.8131 
cluster  2  : 0.7583 
cluster  3  : 0.7122 
cluster  4  : 0.7199 
cluster  5  : 0.6953 
cluster  6  : 0.7396 
cluster  7  : 0.7784 
cluster  8  : 0.7911 

--------------------------------------------
Estimated Ln Prob of Data   = -187267.4
Mean value of ln likelihood = -171957.9
Variance of ln likelihood   = 30618.9

Mean value of alpha_1       = 0.0461
Mean value of alpha_2       = 0.0631
Mean value of alpha_3       = 0.2419
Mean value of alpha_4       = 0.3502
Mean value of alpha_5       = 0.6621
Mean value of alpha_6       = 0.7156
Mean value of alpha_7       = 0.7000
Mean value of alpha_8       = 0.8932
Allele frequencies uncorrelated


Inferred ancestry of individuals:
     (%Miss) :  Inferred clusters
  1    (0)   :  0.009 0.010 0.060 0.092 0.257 0.289 0.115 0.168 
  2    (0)   :  0.005 0.009 0.028 0.092 0.100 0.092 0.174 0.501 
  3    (0)   :  0.009 0.006 0.032 0.214 0.233 0.209 0.121 0.177 
  4    (0)   :  0.012 0.008 0.261 0.069 0.231 0.108 0.123 0.188 
  5    (0)   :  0.007 0.010 0.035 0.137 0.084 0.104 0.178 0.445 
  6    (0)   :  0.007 0.006 0.044 0.396 0.085 0.155 0.166 0.142 
  7    (0)   :  0.010 0.007 0.033 0.098 0.090 0.194 0.460 0.108 
  8    (0)   :  0.032 0.008 0.168 0.189 0.182 0.148 0.143 0.131 
  9    (0)   :  0.012 0.013 0.031 0.159 0.195 0.165 0.149 0.276 
 10    (0)   :  0.013 0.009 0.156 0.170 0.113 0.190 0.222 0.127 
 11    (0)   :  0.006 0.010 0.026 0.072 0.094 0.358 0.322 0.112 
 12    (0)   :  0.007 0.007 0.044 0.161 0.134 0.091 0.188 0.367 
 13    (0)   :  0.009 0.010 0.033 0.158 0.179 0.129 0.272 0.211 
 14    (0)   :  0.005 0.006 0.048 0.105 0.119 0.157 0.096 0.463 
 15    (0)   :  0.008 0.007 0.073 0.084 0.224 0.169 0.162 0.272 
 16    (0)   :  0.006 0.010 0.029 0.131 0.142 0.387 0.150 0.143 
 17    (0)   :  0.014 0.009 0.039 0.314 0.133 0.110 0.144 0.237 
 18    (0)   :  0.016 0.009 0.050 0.133 0.149 0.219 0.102 0.323 
 19    (0)   :  0.007 0.007 0.034 0.365 0.127 0.136 0.170 0.154 
 20    (0)   :  0.007 0.008 0.044 0.112 0.131 0.180 0.228 0.290 
 21    (0)   :  0.006 0.007 0.077 0.063 0.176 0.192 0.100 0.378 
 22    (0)   :  0.010 0.008 0.031 0.338 0.178 0.152 0.125 0.158 
 23    (0)   :  0.012 0.024 0.042 0.085 0.313 0.124 0.109 0.292 
 24    (0)   :  0.006 0.009 0.039 0.086 0.303 0.279 0.119 0.160 
 25    (0)   :  0.008 0.007 0.027 0.256 0.074 0.148 0.292 0.188 
 26    (0)   :  0.013 0.007 0.058 0.162 0.203 0.166 0.131 0.259 
 27    (0)   :  0.010 0.010 0.041 0.149 0.157 0.220 0.151 0.262 
 28    (0)   :  0.007 0.008 0.221 0.077 0.156 0.211 0.157 0.163 
 29    (0)   :  0.005 0.011 0.025 0.079 0.150 0.155 0.279 0.296 
 30    (0)   :  0.006 0.008 0.027 0.234 0.157 0.243 0.106 0.219 
 31    (0)   :  0.017 0.011 0.128 0.131 0.104 0.143 0.200 0.267 
 32    (0)   :  0.006 0.006 0.061 0.253 0.207 0.115 0.124 0.228 
 33    (0)   :  0.007 0.008 0.028 0.099 0.254 0.269 0.156 0.179 
 34    (0)   :  0.008 0.017 0.112 0.213 0.073 0.169 0.299 0.108 
 35    (0)   :  0.017 0.021 0.022 0.188 0.120 0.126 0.121 0.385 
 36    (0)   :  0.005 0.008 0.023 0.044 0.131 0.422 0.086 0.280 
 37    (0)   :  0.012 0.007 0.037 0.100 0.267 0.113 0.163 0.301 
 38    (0)   :  0.006 0.018 0.020 0.049 0.086 0.497 0.146 0.179 
 39    (0)   :  0.009 0.019 0.031 0.069 0.113 0.329 0.168 0.262 
 40    (0)   :  0.005 0.011 0.031 0.088 0.266 0.170 0.084 0.344 
 41    (0)   :  0.008 0.040 0.020 0.066 0.171 0.324 0.131 0.239 
 42    (0)   :  0.006 0.018 0.030 0.033 0.410 0.265 0.085 0.154 
 43    (0)   :  0.012 0.016 0.031 0.075 0.223 0.098 0.159 0.387 
 44    (0)   :  0.010 0.016 0.019 0.143 0.149 0.103 0.114 0.447 
 45    (0)   :  0.006 0.017 0.019 0.041 0.099 0.313 0.129 0.375 
 46    (0)   :  0.016 0.009 0.033 0.216 0.092 0.154 0.158 0.321 
 47    (0)   :  0.026 0.019 0.036 0.254 0.159 0.116 0.149 0.241 
 48    (0)   :  0.011 0.020 0.020 0.155 0.149 0.092 0.084 0.469 
 49    (0)   :  0.013 0.032 0.028 0.079 0.146 0.258 0.117 0.327 
 50    (0)   :  0.018 0.014 0.077 0.205 0.073 0.179 0.231 0.203 
 51    (0)   :  0.005 0.019 0.020 0.034 0.163 0.283 0.078 0.398 
 52    (0)   :  0.013 0.021 0.033 0.071 0.145 0.339 0.164 0.215 
 53    (0)   :  0.008 0.015 0.041 0.086 0.116 0.459 0.120 0.154 
 54    (0)   :  0.012 0.015 0.032 0.110 0.174 0.078 0.161 0.418 
 55    (0)   :  0.009 0.010 0.025 0.079 0.123 0.086 0.120 0.548 
 56    (0)   :  0.008 0.018 0.028 0.129 0.168 0.182 0.078 0.389 
 57    (0)   :  0.028 0.013 0.104 0.206 0.200 0.137 0.176 0.137 
 58    (0)   :  0.007 0.017 0.025 0.044 0.154 0.220 0.126 0.406 
 59    (0)   :  0.006 0.037 0.028 0.054 0.142 0.323 0.121 0.288 
 60    (0)   :  0.005 0.008 0.052 0.045 0.189 0.219 0.092 0.389 
 61    (0)   :  0.005 0.009 0.034 0.033 0.168 0.077 0.098 0.575 
 62    (0)   :  0.019 0.057 0.046 0.120 0.122 0.175 0.150 0.311 
 63    (0)   :  0.005 0.009 0.033 0.049 0.212 0.195 0.184 0.313 
 64    (0)   :  0.009 0.013 0.025 0.175 0.096 0.309 0.135 0.239 
 65    (0)   :  0.007 0.010 0.024 0.087 0.073 0.119 0.442 0.238 
 66    (0)   :  0.006 0.009 0.055 0.047 0.218 0.123 0.175 0.367 
 67    (0)   :  0.008 0.009 0.022 0.074 0.107 0.079 0.150 0.552 
 68    (0)   :  0.008 0.034 0.032 0.045 0.160 0.339 0.110 0.271 
 69    (0)   :  0.010 0.054 0.158 0.075 0.073 0.370 0.111 0.149 
 70    (0)   :  0.005 0.009 0.028 0.042 0.207 0.326 0.139 0.245 
 71    (0)   :  0.006 0.032 0.020 0.047 0.077 0.309 0.120 0.389 
 72    (0)   :  0.007 0.007 0.024 0.099 0.098 0.405 0.109 0.250 
 73    (0)   :  0.006 0.034 0.023 0.043 0.088 0.134 0.146 0.524 
 74    (0)   :  0.005 0.008 0.028 0.046 0.226 0.367 0.081 0.238 
 75    (0)   :  0.007 0.011 0.030 0.040 0.283 0.263 0.069 0.298 
 76    (0)   :  0.007 0.007 0.024 0.066 0.131 0.129 0.261 0.376 
 77    (0)   :  0.005 0.031 0.019 0.042 0.142 0.341 0.171 0.249 
 78    (0)   :  0.006 0.036 0.019 0.046 0.147 0.411 0.139 0.197 
 79    (0)   :  0.006 0.007 0.032 0.074 0.110 0.201 0.412 0.157 
 80    (0)   :  0.006 0.007 0.060 0.046 0.476 0.106 0.162 0.136 
 81    (0)   :  0.007 0.006 0.087 0.049 0.348 0.141 0.227 0.135 
 82    (0)   :  0.006 0.013 0.035 0.053 0.196 0.136 0.190 0.372 
 83    (0)   :  0.006 0.006 0.065 0.058 0.243 0.226 0.187 0.209 
 84    (0)   :  0.006 0.006 0.067 0.051 0.227 0.214 0.270 0.159 
 85    (0)   :  0.006 0.006 0.068 0.079 0.268 0.249 0.138 0.186 
 86    (0)   :  0.009 0.012 0.030 0.106 0.093 0.113 0.199 0.438 
 87    (0)   :  0.007 0.007 0.038 0.052 0.114 0.218 0.382 0.183 
 88    (0)   :  0.007 0.006 0.045 0.044 0.323 0.143 0.236 0.196 
 89    (0)   :  0.008 0.006 0.070 0.043 0.353 0.135 0.200 0.186 
 90    (0)   :  0.006 0.007 0.038 0.045 0.128 0.148 0.452 0.176 
 91    (0)   :  0.006 0.005 0.066 0.053 0.409 0.192 0.115 0.154 
 92    (0)   :  0.007 0.007 0.041 0.063 0.172 0.189 0.290 0.232 
 93    (0)   :  0.006 0.007 0.256 0.042 0.340 0.109 0.094 0.145 
 94    (0)   :  0.005 0.007 0.032 0.042 0.098 0.348 0.347 0.122 
 95    (0)   :  0.006 0.006 0.045 0.034 0.249 0.122 0.386 0.152 
 96    (0)   :  0.005 0.011 0.037 0.033 0.299 0.088 0.106 0.420 
 97    (0)   :  0.007 0.009 0.031 0.042 0.218 0.294 0.075 0.324 
 98    (0)   :  0.005 0.013 0.023 0.066 0.217 0.169 0.135 0.372 
 99    (0)   :  0.006 0.006 0.065 0.047 0.216 0.171 0.330 0.159 
100    (0)   :  0.006 0.008 0.049 0.041 0.508 0.072 0.089 0.227 
101    (0)   :  0.008 0.008 0.047 0.054 0.166 0.194 0.276 0.246 
102    (0)   :  0.007 0.015 0.060 0.045 0.325 0.174 0.174 0.201 
103    (0)   :  0.007 0.010 0.084 0.048 0.122 0.098 0.253 0.379 
104    (0)   :  0.006 0.007 0.096 0.049 0.055 0.103 0.480 0.205 
105    (0)   :  0.007 0.018 0.135 0.043 0.071 0.088 0.366 0.270 
106    (0)   :  0.006 0.006 0.019 0.059 0.063 0.253 0.428 0.166 
107    (0)   :  0.006 0.010 0.073 0.054 0.116 0.099 0.341 0.300 
108    (0)   :  0.005 0.006 0.030 0.072 0.075 0.185 0.095 0.532 
109    (0)   :  0.008 0.107 0.027 0.057 0.056 0.243 0.288 0.214 
110    (0)   :  0.006 0.009 0.022 0.057 0.069 0.280 0.439 0.118 
111    (0)   :  0.007 0.015 0.036 0.047 0.077 0.085 0.553 0.181 
112    (0)   :  0.005 0.179 0.023 0.038 0.068 0.169 0.373 0.145 
113    (0)   :  0.007 0.009 0.040 0.074 0.116 0.168 0.159 0.427 
114    (0)   :  0.005 0.012 0.121 0.041 0.064 0.103 0.462 0.191 
115    (0)   :  0.007 0.015 0.029 0.069 0.137 0.106 0.365 0.273 
116    (0)   :  0.008 0.012 0.020 0.051 0.069 0.303 0.266 0.271 
117    (0)   :  0.009 0.027 0.025 0.059 0.108 0.253 0.399 0.122 
118    (0)   :  0.006 0.016 0.030 0.059 0.079 0.095 0.269 0.446 
119    (0)   :  0.005 0.008 0.038 0.039 0.311 0.148 0.152 0.300 
120    (0)   :  0.007 0.021 0.038 0.057 0.115 0.123 0.364 0.275 
121    (0)   :  0.018 0.047 0.024 0.058 0.102 0.150 0.315 0.285 
122    (0)   :  0.005 0.013 0.034 0.056 0.070 0.250 0.380 0.193 
123    (0)   :  0.006 0.010 0.040 0.050 0.098 0.166 0.415 0.216 
124    (0)   :  0.009 0.024 0.028 0.095 0.073 0.256 0.224 0.292 
125    (0)   :  0.007 0.026 0.024 0.089 0.113 0.439 0.168 0.135 
126    (0)   :  0.005 0.007 0.036 0.038 0.110 0.289 0.254 0.261 
127    (0)   :  0.005 0.011 0.034 0.042 0.081 0.081 0.532 0.214 
128    (0)   :  0.006 0.013 0.028 0.055 0.080 0.094 0.233 0.491 
129    (0)   :  0.008 0.010 0.032 0.051 0.062 0.089 0.398 0.350 
130    (0)   :  0.006 0.020 0.077 0.051 0.109 0.112 0.429 0.196 
131    (0)   :  0.013 0.031 0.026 0.063 0.068 0.358 0.241 0.199 
132    (0)   :  0.006 0.009 0.027 0.053 0.059 0.197 0.372 0.277 
133    (0)   :  0.011 0.012 0.045 0.055 0.095 0.107 0.374 0.301 
134    (0)   :  0.005 0.012 0.018 0.046 0.055 0.191 0.562 0.112 
135    (0)   :  0.008 0.016 0.078 0.034 0.333 0.116 0.071 0.343 
136    (0)   :  0.008 0.010 0.236 0.085 0.338 0.097 0.073 0.152 
137    (0)   :  0.006 0.018 0.115 0.047 0.507 0.094 0.111 0.102 
138    (0)   :  0.005 0.006 0.451 0.041 0.180 0.117 0.067 0.133 
139    (0)   :  0.005 0.008 0.127 0.051 0.105 0.107 0.075 0.522 
140    (0)   :  0.007 0.009 0.138 0.039 0.260 0.192 0.117 0.238 
141    (0)   :  0.007 0.009 0.388 0.077 0.116 0.145 0.073 0.184 
142    (0)   :  0.007 0.018 0.145 0.034 0.221 0.106 0.070 0.400 
143    (0)   :  0.005 0.005 0.076 0.037 0.628 0.073 0.064 0.111 
144    (0)   :  0.006 0.018 0.074 0.039 0.573 0.080 0.105 0.106 
145    (0)   :  0.009 0.012 0.136 0.106 0.256 0.156 0.077 0.248 
146    (0)   :  0.012 0.008 0.211 0.055 0.217 0.187 0.134 0.175 
147    (0)   :  0.006 0.006 0.208 0.047 0.475 0.084 0.068 0.105 
148    (0)   :  0.007 0.014 0.279 0.068 0.170 0.104 0.105 0.254 
149    (0)   :  0.007 0.010 0.327 0.041 0.172 0.141 0.065 0.238 
150    (0)   :  0.008 0.021 0.136 0.050 0.335 0.112 0.162 0.177 
151    (0)   :  0.007 0.007 0.105 0.037 0.504 0.092 0.090 0.159 
152    (0)   :  0.007 0.012 0.191 0.097 0.211 0.123 0.084 0.275 
153    (0)   :  0.005 0.007 0.370 0.038 0.166 0.166 0.082 0.166 
154    (0)   :  0.008 0.008 0.400 0.067 0.130 0.090 0.069 0.227 
155    (0)   :  0.005 0.006 0.472 0.038 0.161 0.085 0.094 0.139 
156    (0)   :  0.005 0.009 0.227 0.032 0.301 0.085 0.087 0.254 
157    (0)   :  0.005 0.006 0.333 0.035 0.222 0.127 0.159 0.112 
158    (0)   :  0.010 0.013 0.151 0.095 0.295 0.172 0.076 0.189 
159    (0)   :  0.007 0.008 0.380 0.043 0.299 0.081 0.068 0.115 
160    (0)   :  0.008 0.007 0.447 0.042 0.207 0.081 0.068 0.140 
161    (0)   :  0.006 0.007 0.068 0.044 0.444 0.182 0.092 0.156 
162    (0)   :  0.014 0.008 0.234 0.060 0.132 0.171 0.131 0.250 
163    (0)   :  0.005 0.006 0.421 0.034 0.203 0.090 0.083 0.157 
164    (0)   :  0.014 0.006 0.316 0.048 0.137 0.130 0.132 0.218 
165    (0)   :  0.008 0.020 0.104 0.038 0.438 0.100 0.148 0.144 
166    (0)   :  0.006 0.006 0.300 0.045 0.145 0.166 0.131 0.201 
167    (0)   :  0.015 0.006 0.514 0.085 0.087 0.080 0.098 0.116 
168    (0)   :  0.007 0.006 0.298 0.046 0.201 0.191 0.073 0.179 
169    (0)   :  0.011 0.014 0.108 0.092 0.217 0.322 0.071 0.164 
170    (0)   :  0.006 0.007 0.041 0.036 0.517 0.093 0.091 0.211 
171    (0)   :  0.007 0.006 0.236 0.071 0.175 0.152 0.095 0.259 
172    (0)   :  0.007 0.013 0.135 0.040 0.231 0.273 0.063 0.238 
173    (0)   :  0.007 0.007 0.416 0.044 0.187 0.077 0.070 0.191 
174    (0)   :  0.007 0.006 0.422 0.042 0.192 0.104 0.098 0.130 
175    (0)   :  0.007 0.007 0.100 0.096 0.517 0.083 0.071 0.119 
176    (0)   :  0.006 0.018 0.074 0.039 0.574 0.079 0.105 0.106 
177    (0)   :  0.007 0.007 0.305 0.037 0.139 0.227 0.141 0.137 
178    (0)   :  0.007 0.006 0.420 0.080 0.132 0.108 0.105 0.142 
179    (0)   :  0.005 0.005 0.507 0.047 0.159 0.078 0.071 0.128 
180    (0)   :  0.013 0.010 0.200 0.065 0.288 0.157 0.098 0.169 
181    (0)   :  0.008 0.010 0.104 0.048 0.335 0.132 0.071 0.290 
182    (0)   :  0.011 0.008 0.098 0.037 0.447 0.078 0.070 0.252 
183    (0)   :  0.006 0.006 0.185 0.051 0.444 0.082 0.071 0.154 
184    (0)   :  0.008 0.007 0.028 0.167 0.102 0.082 0.138 0.468 
185    (0)   :  0.005 0.008 0.246 0.035 0.325 0.067 0.058 0.257 
186    (0)   :  0.008 0.006 0.027 0.096 0.099 0.096 0.261 0.407 
187    (0)   :  0.005 0.006 0.117 0.087 0.202 0.080 0.114 0.390 
188    (0)   :  0.008 0.007 0.023 0.097 0.075 0.077 0.218 0.495 
189    (0)   :  0.005 0.006 0.057 0.132 0.269 0.194 0.099 0.238 
190    (0)   :  0.004 0.009 0.046 0.030 0.200 0.061 0.061 0.590 
191    (0)   :  0.005 0.009 0.040 0.067 0.125 0.082 0.125 0.545 
192    (0)   :  0.005 0.006 0.048 0.077 0.297 0.096 0.176 0.295 
193    (0)   :  0.006 0.009 0.041 0.082 0.238 0.115 0.120 0.389 
194    (0)   :  0.006 0.006 0.041 0.059 0.306 0.103 0.141 0.337 
195    (0)   :  0.005 0.006 0.075 0.042 0.276 0.067 0.066 0.462 
196    (0)   :  0.004 0.008 0.045 0.039 0.179 0.074 0.086 0.566 
197    (0)   :  0.007 0.007 0.081 0.203 0.126 0.096 0.157 0.324 
198    (0)   :  0.005 0.006 0.044 0.081 0.189 0.190 0.169 0.316 
199    (0)   :  0.005 0.009 0.030 0.043 0.210 0.093 0.090 0.521 
200    (0)   :  0.005 0.011 0.045 0.065 0.159 0.104 0.091 0.521 
201    (0)   :  0.005 0.005 0.235 0.056 0.188 0.067 0.077 0.366 
202    (0)   :  0.005 0.007 0.046 0.039 0.460 0.068 0.088 0.288 
203    (0)   :  0.005 0.008 0.132 0.045 0.278 0.063 0.076 0.394 
204    (0)   :  0.005 0.007 0.042 0.037 0.169 0.066 0.077 0.598 
205    (0)   :  0.005 0.007 0.038 0.052 0.139 0.092 0.102 0.564 
206    (0)   :  0.006 0.006 0.055 0.057 0.161 0.065 0.074 0.575 
207    (0)   :  0.005 0.009 0.025 0.042 0.124 0.065 0.104 0.627 
208    (0)   :  0.005 0.007 0.144 0.043 0.118 0.069 0.081 0.533 
209    (0)   :  0.005 0.009 0.037 0.069 0.181 0.086 0.125 0.487 
210    (0)   :  0.005 0.007 0.054 0.043 0.161 0.074 0.096 0.561 
211    (0)   :  0.007 0.015 0.038 0.044 0.245 0.063 0.117 0.471 
212    (0)   :  0.005 0.007 0.063 0.063 0.423 0.090 0.077 0.273 
213    (0)   :  0.005 0.009 0.032 0.034 0.202 0.149 0.137 0.431 
214    (0)   :  0.005 0.007 0.054 0.047 0.426 0.067 0.076 0.318 
215    (0)   :  0.005 0.008 0.036 0.052 0.101 0.079 0.109 0.610 
216    (0)   :  0.009 0.007 0.031 0.171 0.130 0.097 0.138 0.417 
217    (0)   :  0.005 0.006 0.066 0.060 0.343 0.075 0.073 0.373 
218    (0)   :  0.006 0.007 0.045 0.052 0.164 0.095 0.124 0.508 
219    (0)   :  0.010 0.006 0.073 0.191 0.228 0.102 0.111 0.278 
220    (0)   :  0.005 0.007 0.038 0.044 0.120 0.067 0.098 0.621 
221    (0)   :  0.005 0.008 0.034 0.034 0.583 0.067 0.061 0.207 
222    (0)   :  0.008 0.006 0.041 0.239 0.176 0.096 0.128 0.306 
223    (0)   :  0.005 0.006 0.130 0.098 0.249 0.099 0.104 0.309 
224    (0)   :  0.006 0.007 0.066 0.056 0.306 0.066 0.080 0.414 
225    (0)   :  0.005 0.007 0.042 0.049 0.177 0.081 0.091 0.549 
226    (0)   :  0.007 0.008 0.049 0.103 0.177 0.179 0.101 0.376 
227    (0)   :  0.005 0.007 0.065 0.045 0.232 0.067 0.095 0.485 
228    (0)   :  0.005 0.008 0.075 0.038 0.247 0.063 0.062 0.503 
229    (0)   :  0.006 0.007 0.063 0.065 0.355 0.067 0.107 0.331 
230    (0)   :  0.006 0.008 0.050 0.050 0.285 0.066 0.097 0.439 
231    (0)   :  0.005 0.007 0.085 0.095 0.242 0.081 0.097 0.387 
232    (0)   :  0.006 0.008 0.036 0.039 0.330 0.165 0.115 0.300 
233    (0)   :  0.005 0.007 0.218 0.050 0.264 0.067 0.076 0.314 
234    (0)   :  0.005 0.006 0.063 0.101 0.189 0.117 0.148 0.371 
235    (0)   :  0.006 0.006 0.051 0.074 0.306 0.104 0.099 0.354 
236    (0)   :  0.005 0.007 0.068 0.072 0.325 0.082 0.094 0.348 
237    (0)   :  0.005 0.010 0.033 0.047 0.113 0.078 0.095 0.620 
238    (0)   :  0.005 0.007 0.052 0.049 0.417 0.079 0.104 0.287 
239    (0)   :  0.005 0.006 0.075 0.042 0.275 0.067 0.067 0.463 
240    (0)   :  0.005 0.006 0.052 0.049 0.420 0.080 0.102 0.287 
241    (0)   :  0.007 0.007 0.053 0.042 0.418 0.089 0.078 0.305 
242    (0)   :  0.006 0.007 0.054 0.093 0.216 0.117 0.108 0.399 
243    (0)   :  0.004 0.010 0.046 0.035 0.176 0.061 0.069 0.599 
244    (0)   :  0.005 0.008 0.066 0.046 0.309 0.064 0.078 0.425 
245    (0)   :  0.005 0.006 0.200 0.037 0.321 0.083 0.084 0.264 
246    (0)   :  0.005 0.006 0.066 0.061 0.341 0.074 0.073 0.373 
247    (0)   :  0.005 0.007 0.025 0.051 0.089 0.164 0.232 0.427 
248    (0)   :  0.004 0.007 0.028 0.054 0.082 0.080 0.122 0.623 
249    (0)   :  0.005 0.008 0.041 0.051 0.391 0.067 0.095 0.341 
250    (0)   :  0.006 0.007 0.050 0.077 0.303 0.082 0.121 0.355 
251    (0)   :  0.006 0.010 0.044 0.109 0.138 0.153 0.123 0.418 
252    (0)   :  0.005 0.006 0.057 0.066 0.260 0.086 0.099 0.421 
253    (0)   :  0.005 0.006 0.030 0.060 0.139 0.140 0.152 0.467 
254    (0)   :  0.007 0.006 0.052 0.196 0.160 0.077 0.116 0.387 
255    (0)   :  0.005 0.007 0.047 0.100 0.255 0.092 0.143 0.349 
256    (0)   :  0.005 0.007 0.044 0.051 0.295 0.082 0.084 0.431 
257    (0)   :  0.016 0.009 0.047 0.057 0.211 0.090 0.116 0.455 
258    (0)   :  0.004 0.008 0.046 0.055 0.125 0.113 0.130 0.519 
259    (0)   :  0.006 0.007 0.038 0.067 0.221 0.080 0.114 0.466 
260    (0)   :  0.007 0.006 0.063 0.203 0.301 0.079 0.119 0.222 
261    (0)   :  0.005 0.005 0.076 0.059 0.287 0.086 0.079 0.402 
262    (0)   :  0.005 0.007 0.049 0.036 0.288 0.071 0.062 0.482 
263    (0)   :  0.009 0.008 0.033 0.098 0.104 0.064 0.106 0.578 
264    (0)   :  0.009 0.007 0.022 0.309 0.077 0.118 0.125 0.332 
265    (0)   :  0.005 0.006 0.074 0.092 0.194 0.097 0.104 0.428 
266    (0)   :  0.005 0.007 0.049 0.034 0.499 0.066 0.062 0.278 
267    (0)   :  0.005 0.009 0.047 0.087 0.243 0.082 0.121 0.408 
268    (0)   :  0.004 0.008 0.046 0.039 0.178 0.075 0.086 0.564 
269    (0)   :  0.005 0.006 0.080 0.176 0.203 0.132 0.107 0.291 
270    (0)   :  0.009 0.008 0.044 0.124 0.103 0.098 0.153 0.461 
271    (0)   :  0.005 0.008 0.042 0.057 0.130 0.099 0.116 0.542 
272    (0)   :  0.007 0.011 0.045 0.075 0.139 0.159 0.100 0.464 
273    (0)   :  0.038 0.021 0.083 0.089 0.212 0.141 0.143 0.273 
274    (0)   :  0.006 0.007 0.045 0.084 0.164 0.122 0.117 0.456 
275    (0)   :  0.009 0.011 0.090 0.123 0.139 0.105 0.093 0.430 
276    (0)   :  0.007 0.011 0.028 0.064 0.146 0.144 0.113 0.486 
277    (0)   :  0.005 0.006 0.065 0.105 0.280 0.103 0.108 0.328 
278    (0)   :  0.004 0.008 0.045 0.048 0.109 0.078 0.090 0.618 
279    (0)   :  0.006 0.007 0.050 0.076 0.210 0.102 0.103 0.447 
280    (0)   :  0.005 0.006 0.051 0.099 0.181 0.138 0.086 0.434 
281    (0)   :  0.006 0.007 0.045 0.053 0.165 0.122 0.143 0.461 
282    (0)   :  0.005 0.005 0.085 0.091 0.386 0.087 0.099 0.241 
283    (0)   :  0.005 0.006 0.088 0.061 0.439 0.067 0.099 0.235 
284    (0)   :  0.005 0.008 0.086 0.067 0.227 0.102 0.131 0.374 
285    (0)   :  0.005 0.009 0.021 0.049 0.068 0.108 0.110 0.632 
286    (0)   :  0.005 0.008 0.066 0.046 0.308 0.065 0.078 0.423 
287    (0)   :  0.006 0.006 0.063 0.083 0.224 0.148 0.147 0.324 
288    (0)   :  0.006 0.008 0.043 0.088 0.140 0.131 0.110 0.474 
289    (0)   :  0.008 0.011 0.041 0.084 0.133 0.099 0.153 0.471 
290    (0)   :  0.008 0.017 0.027 0.101 0.207 0.127 0.085 0.427 
291    (0)   :  0.005 0.008 0.042 0.057 0.131 0.100 0.115 0.543 
292    (0)   :  0.005 0.006 0.050 0.068 0.217 0.143 0.075 0.435 
293    (0)   :  0.006 0.014 0.027 0.119 0.109 0.180 0.098 0.446 
294    (0)   :  0.010 0.008 0.026 0.091 0.105 0.070 0.111 0.578 
295    (0)   :  0.007 0.017 0.064 0.078 0.118 0.148 0.121 0.447 
296    (0)   :  0.005 0.008 0.040 0.042 0.125 0.086 0.115 0.578 
297    (0)   :  0.006 0.006 0.039 0.111 0.159 0.139 0.108 0.432 
298    (0)   :  0.005 0.006 0.060 0.104 0.365 0.085 0.131 0.243 
299    (0)   :  0.009 0.007 0.037 0.155 0.139 0.067 0.130 0.457 
300    (0)   :  0.005 0.008 0.026 0.045 0.097 0.091 0.087 0.641 
301    (0)   :  0.007 0.007 0.044 0.203 0.105 0.093 0.113 0.428 
302    (0)   :  0.008 0.010 0.039 0.089 0.085 0.072 0.093 0.605 
303    (0)   :  0.005 0.008 0.056 0.057 0.322 0.097 0.080 0.374 
304    (0)   :  0.007 0.007 0.208 0.185 0.177 0.096 0.154 0.164 
305    (0)   :  0.005 0.008 0.075 0.043 0.170 0.078 0.067 0.554 
306    (0)   :  0.005 0.006 0.054 0.076 0.389 0.092 0.083 0.295 
307    (0)   :  0.007 0.007 0.043 0.080 0.283 0.101 0.107 0.372 
308    (0)   :  0.005 0.006 0.076 0.059 0.287 0.086 0.079 0.402 
309    (0)   :  0.021 0.032 0.057 0.062 0.117 0.078 0.142 0.490 
310    (0)   :  0.005 0.007 0.050 0.042 0.236 0.065 0.072 0.523 
311    (0)   :  0.006 0.008 0.049 0.050 0.288 0.066 0.096 0.437 
312    (0)   :  0.005 0.007 0.039 0.038 0.118 0.067 0.110 0.615 
313    (0)   :  0.005 0.007 0.025 0.040 0.084 0.072 0.084 0.682 
314    (0)   :  0.005 0.009 0.323 0.040 0.326 0.082 0.063 0.151 
315    (0)   :  0.005 0.006 0.421 0.049 0.173 0.124 0.070 0.153 
316    (0)   :  0.007 0.007 0.489 0.058 0.121 0.133 0.076 0.109 
317    (0)   :  0.006 0.009 0.387 0.041 0.298 0.083 0.066 0.111 
318    (0)   :  0.005 0.006 0.589 0.043 0.124 0.081 0.066 0.086 
319    (0)   :  0.006 0.006 0.127 0.038 0.561 0.074 0.065 0.122 
320    (0)   :  0.005 0.009 0.322 0.040 0.327 0.084 0.063 0.150 
321    (0)   :  0.005 0.009 0.429 0.044 0.254 0.088 0.067 0.104 
322    (0)   :  0.008 0.010 0.271 0.053 0.303 0.129 0.075 0.151 
323    (0)   :  0.009 0.005 0.525 0.046 0.174 0.078 0.066 0.097 
324    (0)   :  0.005 0.009 0.427 0.044 0.255 0.088 0.068 0.104 
325    (0)   :  0.005 0.006 0.525 0.052 0.108 0.126 0.073 0.104 
326    (0)   :  0.009 0.008 0.514 0.053 0.114 0.125 0.074 0.102 
327    (0)   :  0.006 0.009 0.386 0.042 0.300 0.081 0.067 0.109 
328    (0)   :  0.006 0.007 0.268 0.051 0.314 0.132 0.075 0.148 
329    (0)   :  0.005 0.005 0.422 0.044 0.290 0.079 0.067 0.088 
330    (0)   :  0.006 0.009 0.385 0.041 0.301 0.082 0.067 0.110 
331    (0)   :  0.005 0.005 0.535 0.042 0.167 0.080 0.067 0.098 
332    (0)   :  0.010 0.006 0.512 0.059 0.113 0.124 0.074 0.101 
333    (0)   :  0.009 0.007 0.462 0.051 0.155 0.121 0.075 0.119 
334    (0)   :  0.006 0.007 0.268 0.051 0.315 0.132 0.074 0.148 
335    (0)   :  0.006 0.007 0.227 0.047 0.391 0.116 0.073 0.134 
336    (0)   :  0.009 0.007 0.515 0.048 0.153 0.085 0.064 0.120 
337    (0)   :  0.006 0.009 0.372 0.054 0.216 0.139 0.074 0.129 
338    (0)   :  0.005 0.006 0.588 0.044 0.123 0.081 0.067 0.085 
339    (0)   :  0.005 0.005 0.536 0.041 0.169 0.078 0.067 0.098 
340    (0)   :  0.005 0.005 0.508 0.039 0.194 0.076 0.066 0.106 
341    (0)   :  0.012 0.007 0.475 0.044 0.217 0.078 0.067 0.099 
342    (0)   :  0.006 0.009 0.387 0.041 0.298 0.083 0.066 0.110 
343    (0)   :  0.011 0.008 0.211 0.061 0.358 0.119 0.069 0.162 
344    (0)   :  0.005 0.005 0.548 0.043 0.167 0.079 0.067 0.087 
345    (0)   :  0.006 0.009 0.388 0.040 0.300 0.082 0.066 0.109 
346    (0)   :  0.005 0.006 0.574 0.040 0.139 0.077 0.066 0.092 
347    (0)   :  0.005 0.005 0.521 0.040 0.195 0.075 0.066 0.093 
348    (0)   :  0.005 0.007 0.175 0.043 0.406 0.110 0.068 0.185 
349    (0)   :  0.005 0.009 0.386 0.042 0.302 0.082 0.066 0.108 
350    (0)   :  0.005 0.005 0.410 0.042 0.241 0.082 0.064 0.151 
351    (0)   :  0.006 0.007 0.227 0.046 0.392 0.116 0.072 0.134 
352    (0)   :  0.006 0.009 0.341 0.049 0.253 0.127 0.073 0.142 
353    (0)   :  0.009 0.007 0.512 0.048 0.156 0.084 0.064 0.120 
354    (0)   :  0.006 0.006 0.533 0.045 0.174 0.080 0.067 0.088 
355    (0)   :  0.005 0.006 0.591 0.043 0.122 0.081 0.067 0.086 
356    (0)   :  0.004 0.006 0.056 0.042 0.554 0.105 0.066 0.166 
357    (0)   :  0.005 0.006 0.264 0.105 0.157 0.220 0.105 0.138 
358    (0)   :  0.006 0.006 0.485 0.053 0.149 0.122 0.074 0.104 
359    (0)   :  0.006 0.005 0.537 0.042 0.165 0.080 0.068 0.097 
360    (0)   :  0.005 0.006 0.575 0.041 0.137 0.077 0.066 0.092 
361    (0)   :  0.005 0.007 0.072 0.098 0.324 0.227 0.105 0.162 
362    (0)   :  0.006 0.009 0.044 0.060 0.091 0.329 0.178 0.283 
363    (0)   :  0.008 0.011 0.027 0.118 0.083 0.271 0.271 0.212 
364    (0)   :  0.009 0.012 0.059 0.268 0.224 0.111 0.144 0.173 
365    (0)   :  0.019 0.022 0.031 0.150 0.095 0.369 0.140 0.175 
366    (0)   :  0.006 0.014 0.034 0.172 0.149 0.177 0.091 0.357 
367    (0)   :  0.005 0.007 0.022 0.052 0.065 0.296 0.448 0.105 
368    (0)   :  0.006 0.007 0.032 0.075 0.110 0.159 0.394 0.217 
369    (0)   :  0.009 0.027 0.047 0.148 0.270 0.123 0.139 0.237 
370    (0)   :  0.017 0.016 0.039 0.101 0.117 0.123 0.342 0.245 
371    (0)   :  0.012 0.014 0.042 0.255 0.133 0.114 0.159 0.270 
372    (0)   :  0.068 0.037 0.051 0.064 0.135 0.114 0.235 0.295 
373    (0)   :  0.006 0.010 0.034 0.085 0.192 0.160 0.359 0.154 
374    (0)   :  0.008 0.018 0.040 0.092 0.289 0.202 0.183 0.168 
375    (0)   :  0.019 0.012 0.028 0.210 0.080 0.162 0.356 0.133 
376    (0)   :  0.121 0.010 0.024 0.138 0.073 0.387 0.149 0.098 
377    (0)   :  0.007 0.011 0.054 0.082 0.084 0.282 0.177 0.303 
378    (0)   :  0.006 0.010 0.105 0.039 0.148 0.153 0.377 0.163 
379    (0)   :  0.200 0.014 0.022 0.145 0.067 0.271 0.161 0.119 
380    (0)   :  0.012 0.012 0.041 0.117 0.206 0.362 0.086 0.164 
381    (0)   :  0.009 0.011 0.028 0.280 0.202 0.222 0.073 0.176 
382    (0)   :  0.005 0.007 0.038 0.219 0.076 0.187 0.339 0.130 
383    (0)   :  0.015 0.011 0.161 0.212 0.085 0.288 0.089 0.138 
384    (0)   :  0.055 0.019 0.073 0.328 0.105 0.151 0.157 0.112 
385    (0)   :  0.008 0.169 0.159 0.136 0.101 0.121 0.174 0.131 
386    (0)   :  0.005 0.007 0.026 0.077 0.083 0.365 0.279 0.159 
387    (0)   :  0.005 0.008 0.040 0.113 0.083 0.356 0.242 0.152 
388    (0)   :  0.019 0.025 0.080 0.121 0.203 0.196 0.213 0.142 
389    (0)   :  0.011 0.039 0.033 0.091 0.079 0.087 0.140 0.519 
390    (0)   :  0.024 0.023 0.028 0.066 0.085 0.395 0.211 0.167 
391    (0)   :  0.016 0.053 0.031 0.085 0.148 0.166 0.240 0.262 
392    (0)   :  0.009 0.007 0.053 0.110 0.144 0.342 0.162 0.174 
393    (0)   :  0.009 0.009 0.040 0.082 0.138 0.508 0.085 0.129 
394    (0)   :  0.006 0.006 0.107 0.052 0.174 0.288 0.206 0.161 
395    (0)   :  0.004 0.006 0.029 0.047 0.083 0.313 0.152 0.366 
396    (0)   :  0.006 0.006 0.021 0.140 0.069 0.183 0.420 0.154 
397    (0)   :  0.083 0.006 0.042 0.212 0.179 0.085 0.108 0.285 
398    (0)   :  0.047 0.007 0.023 0.047 0.069 0.499 0.202 0.107 
399    (0)   :  0.005 0.012 0.028 0.053 0.087 0.222 0.400 0.192 
400    (0)   :  0.008 0.009 0.025 0.118 0.140 0.242 0.337 0.122 
401    (0)   :  0.005 0.010 0.031 0.035 0.126 0.284 0.297 0.212 
402    (0)   :  0.008 0.008 0.037 0.109 0.127 0.180 0.257 0.275 
403    (0)   :  0.009 0.019 0.118 0.075 0.273 0.171 0.144 0.191 
404    (0)   :  0.009 0.015 0.030 0.165 0.181 0.208 0.180 0.213 
405    (0)   :  0.005 0.007 0.032 0.093 0.132 0.316 0.138 0.277 
406    (0)   :  0.004 0.007 0.027 0.060 0.216 0.379 0.079 0.228 
407    (0)   :  0.005 0.006 0.020 0.090 0.069 0.526 0.153 0.130 
408    (0)   :  0.004 0.006 0.019 0.035 0.064 0.147 0.378 0.346 
409    (0)   :  0.014 0.016 0.029 0.042 0.370 0.305 0.094 0.128 
410    (0)   :  0.099 0.012 0.040 0.073 0.123 0.296 0.203 0.156 
411    (0)   :  0.025 0.008 0.091 0.211 0.103 0.201 0.178 0.183 
412    (0)   :  0.006 0.007 0.030 0.079 0.100 0.178 0.412 0.189 
413    (0)   :  0.005 0.006 0.093 0.054 0.138 0.213 0.309 0.181 
414    (0)   :  0.005 0.011 0.033 0.140 0.056 0.138 0.414 0.203 
415    (0)   :  0.006 0.008 0.021 0.125 0.106 0.381 0.143 0.210 
416    (0)   :  0.007 0.023 0.027 0.074 0.178 0.283 0.225 0.183 
417    (0)   :  0.007 0.007 0.023 0.068 0.086 0.506 0.175 0.128 
418    (0)   :  0.008 0.006 0.024 0.088 0.078 0.164 0.515 0.117 
419    (0)   :  0.012 0.024 0.053 0.068 0.226 0.280 0.164 0.172 
420    (0)   :  0.004 0.009 0.020 0.037 0.098 0.305 0.267 0.259 
421    (0)   :  0.007 0.007 0.023 0.048 0.095 0.392 0.258 0.169 
422    (0)   :  0.007 0.008 0.026 0.045 0.090 0.359 0.107 0.359 
423    (0)   :  0.009 0.007 0.039 0.160 0.102 0.264 0.170 0.249 
424    (0)   :  0.009 0.020 0.037 0.060 0.137 0.259 0.287 0.191 
425    (0)   :  0.026 0.036 0.050 0.218 0.129 0.170 0.192 0.180 
426    (0)   :  0.032 0.026 0.060 0.116 0.120 0.211 0.284 0.151 
427    (0)   :  0.005 0.006 0.116 0.045 0.064 0.495 0.166 0.104 
428    (0)   :  0.026 0.007 0.047 0.044 0.182 0.390 0.093 0.211 
429    (0)   :  0.007 0.006 0.021 0.104 0.065 0.399 0.289 0.109 
430    (0)   :  0.006 0.007 0.023 0.061 0.077 0.555 0.138 0.133 
431    (0)   :  0.010 0.013 0.061 0.103 0.106 0.142 0.347 0.217 
432    (0)   :  0.006 0.007 0.033 0.063 0.117 0.194 0.363 0.216 
433    (0)   :  0.012 0.006 0.065 0.074 0.300 0.111 0.172 0.258 
434    (0)   :  0.007 0.010 0.037 0.139 0.178 0.223 0.159 0.248 
435    (0)   :  0.005 0.006 0.022 0.046 0.066 0.599 0.145 0.111 
436    (0)   :  0.006 0.009 0.024 0.068 0.113 0.520 0.166 0.094 
437    (0)   :  0.008 0.006 0.025 0.378 0.078 0.226 0.146 0.134 
438    (0)   :  0.006 0.009 0.025 0.036 0.129 0.495 0.136 0.163 
439    (0)   :  0.005 0.006 0.025 0.049 0.081 0.647 0.103 0.084 
440    (0)   :  0.004 0.006 0.020 0.089 0.058 0.544 0.167 0.112 
441    (0)   :  0.006 0.008 0.036 0.058 0.130 0.532 0.113 0.117 
442    (0)   :  0.007 0.020 0.019 0.110 0.088 0.350 0.232 0.173 
443    (0)   :  0.005 0.011 0.020 0.049 0.070 0.352 0.278 0.214 
444    (0)   :  0.006 0.019 0.020 0.123 0.085 0.400 0.177 0.172 
445    (0)   :  0.050 0.008 0.029 0.052 0.196 0.445 0.087 0.133 
446    (0)   :  0.055 0.008 0.024 0.044 0.075 0.505 0.210 0.078 
447    (0)   :  0.006 0.020 0.028 0.057 0.143 0.486 0.117 0.144 
448    (0)   :  0.005 0.006 0.024 0.086 0.080 0.499 0.156 0.143 
449    (0)   :  0.005 0.007 0.031 0.094 0.119 0.456 0.130 0.158 
450    (0)   :  0.009 0.009 0.037 0.262 0.126 0.300 0.174 0.084 
451    (0)   :  0.005 0.006 0.020 0.073 0.059 0.178 0.476 0.182 
452    (0)   :  0.006 0.007 0.036 0.116 0.125 0.439 0.172 0.099 
453    (0)   :  0.005 0.013 0.024 0.049 0.130 0.263 0.154 0.363 
454    (0)   :  0.005 0.007 0.048 0.094 0.104 0.445 0.146 0.151 
455    (0)   :  0.005 0.007 0.021 0.049 0.074 0.600 0.138 0.107 
456    (0)   :  0.006 0.009 0.020 0.076 0.071 0.475 0.129 0.213 
457    (0)   :  0.006 0.006 0.025 0.139 0.082 0.515 0.111 0.116 
458    (0)   :  0.055 0.008 0.025 0.057 0.085 0.548 0.126 0.097 
459    (0)   :  0.005 0.007 0.033 0.045 0.157 0.533 0.137 0.083 
460    (0)   :  0.005 0.007 0.023 0.048 0.068 0.571 0.188 0.091 
461    (0)   :  0.007 0.007 0.025 0.073 0.074 0.308 0.428 0.078 
462    (0)   :  0.008 0.049 0.019 0.117 0.056 0.402 0.147 0.201 
463    (0)   :  0.004 0.007 0.026 0.050 0.098 0.444 0.086 0.284 
464    (0)   :  0.004 0.006 0.021 0.042 0.070 0.522 0.202 0.133 
465    (0)   :  0.008 0.008 0.025 0.049 0.084 0.412 0.246 0.167 
466    (0)   :  0.004 0.006 0.021 0.044 0.074 0.445 0.170 0.235 
467    (0)   :  0.005 0.009 0.030 0.064 0.102 0.495 0.119 0.176 
468    (0)   :  0.005 0.006 0.020 0.097 0.069 0.577 0.089 0.136 
469    (0)   :  0.005 0.006 0.023 0.043 0.068 0.693 0.084 0.078 
470    (0)   :  0.005 0.006 0.023 0.041 0.067 0.607 0.159 0.093 
471    (0)   :  0.006 0.011 0.023 0.078 0.083 0.277 0.196 0.326 
472    (0)   :  0.007 0.009 0.022 0.088 0.089 0.414 0.167 0.203 
473    (0)   :  0.006 0.006 0.033 0.093 0.116 0.401 0.136 0.208 
474    (0)   :  0.006 0.007 0.030 0.103 0.130 0.433 0.155 0.136 
475    (0)   :  0.006 0.007 0.036 0.050 0.139 0.383 0.228 0.151 
476    (0)   :  0.008 0.007 0.023 0.210 0.088 0.403 0.147 0.114 
477    (0)   :  0.007 0.014 0.026 0.059 0.127 0.315 0.307 0.145 
478    (0)   :  0.008 0.013 0.024 0.044 0.067 0.263 0.481 0.099 
479    (0)   :  0.005 0.006 0.022 0.077 0.066 0.560 0.167 0.097 
480    (0)   :  0.006 0.006 0.024 0.140 0.077 0.527 0.123 0.098 
481    (0)   :  0.006 0.011 0.022 0.114 0.082 0.295 0.176 0.293 
482    (0)   :  0.006 0.006 0.022 0.093 0.068 0.517 0.198 0.090 
483    (0)   :  0.006 0.006 0.025 0.051 0.087 0.594 0.145 0.086 
484    (0)   :  0.006 0.010 0.025 0.043 0.077 0.537 0.094 0.208 
485    (0)   :  0.005 0.006 0.023 0.048 0.070 0.622 0.135 0.090 
486    (0)   :  0.010 0.018 0.030 0.114 0.102 0.119 0.195 0.413 
487    (0)   :  0.011 0.016 0.067 0.176 0.163 0.125 0.178 0.263 
488    (0)   :  0.009 0.028 0.075 0.090 0.107 0.109 0.291 0.290 
489    (0)   :  0.009 0.011 0.032 0.252 0.243 0.085 0.110 0.257 
490    (0)   :  0.007 0.010 0.024 0.102 0.071 0.154 0.352 0.279 
491    (0)   :  0.010 0.026 0.034 0.083 0.194 0.109 0.128 0.417 
492    (0)   :  0.005 0.021 0.092 0.062 0.246 0.111 0.243 0.220 
493    (0)   :  0.010 0.018 0.064 0.197 0.078 0.079 0.169 0.385 
494    (0)   :  0.040 0.023 0.033 0.133 0.198 0.113 0.163 0.297 
495    (0)   :  0.029 0.064 0.068 0.085 0.181 0.093 0.295 0.184 
496    (0)   :  0.006 0.006 0.044 0.062 0.371 0.131 0.122 0.257 
497    (0)   :  0.021 0.044 0.083 0.152 0.137 0.106 0.131 0.326 
498    (0)   :  0.012 0.044 0.022 0.110 0.176 0.117 0.273 0.246 
499    (0)   :  0.034 0.011 0.074 0.132 0.241 0.108 0.110 0.290 
500    (0)   :  0.016 0.008 0.043 0.305 0.100 0.102 0.124 0.302 
501    (0)   :  0.012 0.009 0.042 0.154 0.278 0.147 0.184 0.173 
502    (0)   :  0.008 0.017 0.049 0.076 0.304 0.147 0.265 0.136 
503    (0)   :  0.008 0.007 0.028 0.223 0.104 0.226 0.177 0.226 
504    (0)   :  0.009 0.042 0.025 0.056 0.118 0.130 0.381 0.240 
505    (0)   :  0.008 0.011 0.031 0.076 0.196 0.093 0.143 0.441 
506    (0)   :  0.007 0.019 0.040 0.068 0.276 0.107 0.263 0.220 
507    (0)   :  0.008 0.006 0.063 0.046 0.470 0.081 0.069 0.258 
508    (0)   :  0.019 0.011 0.092 0.050 0.422 0.071 0.088 0.248 
509    (0)   :  0.008 0.009 0.050 0.059 0.208 0.107 0.120 0.439 
510    (0)   :  0.019 0.008 0.053 0.234 0.296 0.081 0.140 0.169 
511    (0)   :  0.012 0.018 0.024 0.143 0.127 0.209 0.244 0.224 
512    (0)   :  0.008 0.010 0.023 0.234 0.079 0.181 0.299 0.165 
513    (0)   :  0.008 0.268 0.034 0.039 0.108 0.061 0.152 0.329 
514    (0)   :  0.008 0.007 0.054 0.050 0.111 0.146 0.399 0.225 
515    (0)   :  0.011 0.010 0.078 0.079 0.152 0.320 0.094 0.254 
516    (0)   :  0.009 0.010 0.028 0.048 0.139 0.115 0.298 0.353 
517    (0)   :  0.007 0.008 0.048 0.047 0.187 0.268 0.147 0.288 
518    (0)   :  0.069 0.007 0.095 0.203 0.176 0.100 0.122 0.227 
519    (0)   :  0.006 0.011 0.030 0.049 0.162 0.160 0.409 0.174 
520    (0)   :  0.007 0.008 0.056 0.055 0.261 0.283 0.075 0.255 
521    (0)   :  0.005 0.007 0.242 0.053 0.126 0.107 0.198 0.262 
522    (0)   :  0.023 0.009 0.039 0.220 0.087 0.172 0.134 0.317 
523    (0)   :  0.009 0.008 0.053 0.044 0.207 0.185 0.137 0.358 
524    (0)   :  0.008 0.006 0.056 0.054 0.124 0.400 0.115 0.238 
525    (0)   :  0.092 0.007 0.064 0.083 0.210 0.205 0.084 0.254 
526    (0)   :  0.005 0.007 0.026 0.043 0.133 0.420 0.073 0.293 
527    (0)   :  0.079 0.010 0.042 0.194 0.095 0.137 0.268 0.174 
528    (0)   :  0.005 0.006 0.335 0.053 0.121 0.082 0.107 0.291 
529    (0)   :  0.098 0.013 0.054 0.059 0.169 0.119 0.163 0.325 
530    (0)   :  0.007 0.011 0.039 0.182 0.139 0.248 0.117 0.258 
531    (0)   :  0.007 0.007 0.247 0.061 0.123 0.273 0.101 0.181 
532    (0)   :  0.016 0.009 0.217 0.139 0.102 0.080 0.162 0.274 
533    (0)   :  0.067 0.008 0.040 0.104 0.111 0.184 0.106 0.380 
534    (0)   :  0.077 0.014 0.058 0.042 0.125 0.071 0.129 0.485 
535    (0)   :  0.005 0.008 0.027 0.045 0.136 0.307 0.156 0.317 
536    (0)   :  0.007 0.010 0.032 0.069 0.299 0.250 0.145 0.189 
537    (0)   :  0.006 0.013 0.034 0.061 0.436 0.122 0.114 0.214 
538    (0)   :  0.005 0.008 0.031 0.062 0.289 0.138 0.102 0.366 
539    (0)   :  0.005 0.006 0.039 0.059 0.565 0.069 0.079 0.178 
540    (0)   :  0.006 0.008 0.139 0.074 0.102 0.158 0.084 0.430 
541    (0)   :  0.008 0.014 0.181 0.084 0.238 0.183 0.099 0.194 
542    (0)   :  0.005 0.014 0.022 0.051 0.109 0.310 0.081 0.407 
543    (0)   :  0.009 0.020 0.116 0.046 0.140 0.180 0.162 0.327 
544    (0)   :  0.004 0.009 0.033 0.051 0.132 0.227 0.092 0.452 
545    (0)   :  0.005 0.015 0.021 0.047 0.095 0.342 0.119 0.355 
546    (0)   :  0.005 0.016 0.040 0.054 0.140 0.186 0.083 0.474 
547    (0)   :  0.006 0.015 0.031 0.040 0.292 0.203 0.106 0.308 
548    (0)   :  0.005 0.007 0.049 0.076 0.301 0.081 0.120 0.360 
549    (0)   :  0.006 0.010 0.031 0.042 0.463 0.256 0.086 0.105 
550    (0)   :  0.004 0.013 0.022 0.056 0.200 0.360 0.138 0.207 
551    (0)   :  0.007 0.008 0.042 0.048 0.512 0.158 0.102 0.123 
552    (0)   :  0.005 0.007 0.035 0.067 0.236 0.109 0.079 0.462 
553    (0)   :  0.009 0.025 0.062 0.045 0.213 0.126 0.121 0.399 
554    (0)   :  0.009 0.011 0.126 0.192 0.088 0.161 0.130 0.283 
555    (0)   :  0.007 0.022 0.039 0.066 0.404 0.101 0.108 0.253 
556    (0)   :  0.005 0.009 0.030 0.054 0.224 0.134 0.106 0.437 
557    (0)   :  0.005 0.009 0.037 0.056 0.180 0.402 0.152 0.158 
558    (0)   :  0.006 0.006 0.023 0.081 0.069 0.550 0.186 0.079 
559    (0)   :  0.007 0.007 0.027 0.073 0.101 0.125 0.280 0.381 
560    (0)   :  0.005 0.012 0.019 0.041 0.057 0.328 0.418 0.121 
561    (0)   :  0.006 0.011 0.023 0.061 0.072 0.388 0.226 0.212 
562    (0)   :  0.006 0.011 0.019 0.102 0.057 0.195 0.310 0.300 
563    (0)   :  0.009 0.021 0.029 0.040 0.262 0.228 0.298 0.113 
564    (0)   :  0.010 0.009 0.046 0.107 0.081 0.112 0.145 0.490 
565    (0)   :  0.005 0.006 0.023 0.084 0.080 0.576 0.119 0.106 
566    (0)   :  0.004 0.006 0.020 0.082 0.058 0.243 0.465 0.121 
567    (0)   :  0.006 0.008 0.022 0.093 0.076 0.098 0.205 0.491 
568    (0)   :  0.006 0.006 0.030 0.047 0.101 0.300 0.232 0.278 
569    (0)   :  0.007 0.007 0.045 0.188 0.084 0.202 0.224 0.243 
570    (0)   :  0.007 0.006 0.022 0.345 0.061 0.218 0.238 0.104 
571    (0)   :  0.005 0.006 0.030 0.049 0.087 0.180 0.482 0.161 
572    (0)   :  0.004 0.015 0.032 0.080 0.277 0.171 0.097 0.324 
573    (0)   :  0.008 0.008 0.036 0.070 0.102 0.259 0.155 0.363 
574    (0)   :  0.007 0.008 0.047 0.283 0.160 0.191 0.128 0.176 
575    (0)   :  0.006 0.007 0.035 0.047 0.195 0.255 0.293 0.162 
576    (0)   :  0.005 0.011 0.022 0.079 0.058 0.220 0.495 0.110 
577    (0)   :  0.009 0.008 0.032 0.208 0.196 0.191 0.198 0.158 
