

----------------------------------------------------
STRUCTURE by Pritchard, Stephens and Donnelly (2000)
     and Falush, Stephens and Pritchard (2003)
       Code by Pritchard, Falush and Hubisz
             Version 2.3.4 (Jul 2012)
----------------------------------------------------



Command line arguments:   ./structure -K 6 -D 106005 -m brooktrout/mainparams -e brooktrout/extraparams -o brooktrout/250914_output/results_K6_rep5 
Input File:    brooktrout/brooktrout.txt

Run parameters:
   8454 individuals
   5 loci
   6 populations assumed
   50000 Burn-in period
   100000 Reps
RANDOMIZE turned off


--------------------------------------------
Overall proportion of membership of the
sample in each of the 6 clusters

Inferred Clusters
  1      2      3      4      5      6    
0.038  0.040  0.181  0.248  0.236  0.256  

--------------------------------------------

Allele-freq. divergence among pops (Net nucleotide distance),
computed using point estimates of P.

      1       2       3       4       5       6      
 1      -    0.1708  0.1411  0.0841  0.0798  0.0854  
 2   0.1708     -    0.1866  0.1022  0.1540  0.0907  
 3   0.1411  0.1866     -    0.1319  0.0755  0.1110  
 4   0.0841  0.1022  0.1319     -    0.0706  0.0464  
 5   0.0798  0.1540  0.0755  0.0706     -    0.0779  
 6   0.0854  0.0907  0.1110  0.0464  0.0779     -    

Average distances (expected heterozygosity) between individuals in same cluster:
cluster  1  : 0.8203 
cluster  2  : 0.7063 
cluster  3  : 0.7242 
cluster  4  : 0.8039 
cluster  5  : 0.8075 
cluster  6  : 0.7871 

--------------------------------------------
Estimated Ln Prob of Data   = -189387.3
Mean value of ln likelihood = -171560.9
Variance of ln likelihood   = 35652.8

Mean value of alpha_1       = 0.0612
Mean value of alpha_2       = 0.0660
Mean value of alpha_3       = 0.2939
Mean value of alpha_4       = 0.4162
Mean value of alpha_5       = 0.4091
Mean value of alpha_6       = 0.4439
Allele frequencies uncorrelated


Inferred ancestry of individuals:
     (%Miss) :  Inferred clusters
  1    (0)   :  0.094 0.018 0.211 0.135 0.153 0.388 
  2    (0)   :  0.024 0.010 0.054 0.198 0.502 0.211 
  3    (0)   :  0.013 0.032 0.140 0.139 0.235 0.441 
  4    (0)   :  0.011 0.020 0.533 0.153 0.187 0.096 
  5    (0)   :  0.039 0.011 0.056 0.223 0.348 0.323 
  6    (0)   :  0.007 0.011 0.051 0.102 0.074 0.754 
  7    (0)   :  0.012 0.015 0.055 0.529 0.066 0.323 
  8    (0)   :  0.013 0.026 0.332 0.198 0.112 0.319 
  9    (0)   :  0.028 0.014 0.102 0.182 0.289 0.385 
 10    (0)   :  0.014 0.013 0.171 0.201 0.076 0.525 
 11    (0)   :  0.024 0.015 0.056 0.505 0.070 0.330 
 12    (0)   :  0.020 0.010 0.090 0.223 0.340 0.318 
 13    (0)   :  0.020 0.012 0.088 0.261 0.184 0.435 
 14    (0)   :  0.012 0.027 0.096 0.147 0.524 0.195 
 15    (0)   :  0.012 0.035 0.219 0.240 0.291 0.203 
 16    (0)   :  0.021 0.015 0.073 0.147 0.099 0.643 
 17    (0)   :  0.018 0.016 0.072 0.142 0.191 0.561 
 18    (0)   :  0.012 0.032 0.093 0.114 0.288 0.461 
 19    (0)   :  0.010 0.011 0.063 0.135 0.099 0.682 
 20    (0)   :  0.016 0.023 0.090 0.327 0.262 0.282 
 21    (0)   :  0.018 0.016 0.177 0.124 0.395 0.271 
 22    (0)   :  0.010 0.011 0.084 0.091 0.100 0.704 
 23    (0)   :  0.037 0.026 0.210 0.150 0.450 0.127 
 24    (0)   :  0.022 0.017 0.168 0.111 0.151 0.532 
 25    (0)   :  0.014 0.026 0.043 0.412 0.121 0.384 
 26    (0)   :  0.013 0.015 0.114 0.115 0.173 0.570 
 27    (0)   :  0.024 0.013 0.103 0.153 0.188 0.520 
 28    (0)   :  0.018 0.018 0.319 0.240 0.118 0.286 
 29    (0)   :  0.025 0.010 0.073 0.343 0.291 0.258 
 30    (0)   :  0.014 0.014 0.063 0.083 0.138 0.687 
 31    (0)   :  0.025 0.011 0.138 0.236 0.208 0.381 
 32    (0)   :  0.011 0.021 0.176 0.201 0.293 0.298 
 33    (0)   :  0.028 0.028 0.145 0.255 0.226 0.317 
 34    (0)   :  0.040 0.029 0.099 0.466 0.068 0.299 
 35    (0)   :  0.035 0.009 0.052 0.103 0.353 0.447 
 36    (0)   :  0.070 0.102 0.059 0.087 0.427 0.255 
 37    (0)   :  0.011 0.011 0.163 0.198 0.372 0.245 
 38    (0)   :  0.053 0.365 0.043 0.208 0.153 0.178 
 39    (0)   :  0.036 0.043 0.064 0.263 0.250 0.344 
 40    (0)   :  0.027 0.017 0.100 0.075 0.576 0.205 
 41    (0)   :  0.102 0.037 0.050 0.173 0.398 0.240 
 42    (0)   :  0.137 0.066 0.291 0.092 0.248 0.166 
 43    (0)   :  0.018 0.009 0.085 0.170 0.578 0.139 
 44    (0)   :  0.022 0.009 0.042 0.108 0.565 0.253 
 45    (0)   :  0.076 0.045 0.042 0.120 0.404 0.313 
 46    (0)   :  0.016 0.014 0.053 0.186 0.244 0.487 
 47    (0)   :  0.024 0.008 0.073 0.132 0.223 0.540 
 48    (0)   :  0.021 0.012 0.044 0.070 0.601 0.252 
 49    (0)   :  0.063 0.018 0.075 0.153 0.335 0.356 
 50    (0)   :  0.019 0.016 0.107 0.268 0.154 0.436 
 51    (0)   :  0.084 0.067 0.044 0.067 0.618 0.120 
 52    (0)   :  0.048 0.022 0.080 0.259 0.183 0.407 
 53    (0)   :  0.022 0.279 0.089 0.171 0.141 0.297 
 54    (0)   :  0.025 0.007 0.080 0.153 0.468 0.267 
 55    (0)   :  0.014 0.010 0.054 0.124 0.655 0.144 
 56    (0)   :  0.034 0.028 0.073 0.072 0.470 0.323 
 57    (0)   :  0.020 0.012 0.175 0.142 0.100 0.552 
 58    (0)   :  0.039 0.018 0.069 0.141 0.512 0.222 
 59    (0)   :  0.137 0.079 0.066 0.123 0.303 0.292 
 60    (0)   :  0.022 0.022 0.109 0.091 0.607 0.148 
 61    (0)   :  0.011 0.007 0.072 0.083 0.759 0.068 
 62    (0)   :  0.123 0.012 0.065 0.128 0.202 0.470 
 63    (0)   :  0.017 0.019 0.110 0.327 0.390 0.137 
 64    (0)   :  0.020 0.028 0.045 0.110 0.162 0.635 
 65    (0)   :  0.014 0.010 0.038 0.653 0.130 0.154 
 66    (0)   :  0.011 0.012 0.125 0.184 0.557 0.111 
 67    (0)   :  0.015 0.007 0.047 0.157 0.630 0.145 
 68    (0)   :  0.113 0.090 0.084 0.123 0.316 0.274 
 69    (0)   :  0.158 0.281 0.118 0.178 0.101 0.164 
 70    (0)   :  0.025 0.062 0.080 0.265 0.451 0.117 
 71    (0)   :  0.095 0.068 0.036 0.124 0.432 0.244 
 72    (0)   :  0.038 0.030 0.048 0.150 0.261 0.473 
 73    (0)   :  0.063 0.012 0.040 0.161 0.590 0.134 
 74    (0)   :  0.074 0.093 0.109 0.083 0.363 0.278 
 75    (0)   :  0.069 0.061 0.105 0.061 0.505 0.198 
 76    (0)   :  0.011 0.012 0.061 0.398 0.390 0.128 
 77    (0)   :  0.101 0.104 0.048 0.211 0.340 0.196 
 78    (0)   :  0.114 0.274 0.053 0.160 0.261 0.138 
 79    (0)   :  0.012 0.015 0.063 0.516 0.101 0.293 
 80    (0)   :  0.011 0.012 0.502 0.180 0.141 0.154 
 81    (0)   :  0.008 0.014 0.381 0.252 0.127 0.217 
 82    (0)   :  0.023 0.013 0.116 0.273 0.430 0.146 
 83    (0)   :  0.007 0.041 0.230 0.281 0.256 0.184 
 84    (0)   :  0.008 0.020 0.229 0.433 0.156 0.153 
 85    (0)   :  0.008 0.045 0.275 0.190 0.224 0.258 
 86    (0)   :  0.023 0.012 0.055 0.214 0.416 0.280 
 87    (0)   :  0.010 0.028 0.067 0.595 0.149 0.152 
 88    (0)   :  0.011 0.012 0.256 0.337 0.237 0.147 
 89    (0)   :  0.009 0.011 0.313 0.226 0.288 0.153 
 90    (0)   :  0.009 0.013 0.073 0.664 0.118 0.123 
 91    (0)   :  0.008 0.039 0.461 0.152 0.196 0.144 
 92    (0)   :  0.012 0.013 0.110 0.415 0.197 0.254 
 93    (0)   :  0.010 0.008 0.727 0.077 0.092 0.086 
 94    (0)   :  0.008 0.107 0.056 0.626 0.081 0.122 
 95    (0)   :  0.009 0.012 0.166 0.584 0.147 0.083 
 96    (0)   :  0.011 0.008 0.135 0.098 0.677 0.070 
 97    (0)   :  0.055 0.073 0.117 0.075 0.411 0.269 
 98    (0)   :  0.024 0.011 0.077 0.131 0.529 0.227 
 99    (0)   :  0.009 0.015 0.208 0.476 0.152 0.139 
100    (0)   :  0.011 0.008 0.438 0.079 0.372 0.093 
101    (0)   :  0.010 0.028 0.092 0.390 0.340 0.139 
102    (0)   :  0.021 0.032 0.316 0.307 0.231 0.092 
103    (0)   :  0.014 0.010 0.123 0.367 0.411 0.076 
104    (0)   :  0.013 0.010 0.091 0.649 0.143 0.094 
105    (0)   :  0.038 0.008 0.131 0.534 0.213 0.076 
106    (0)   :  0.009 0.025 0.031 0.660 0.088 0.187 
107    (0)   :  0.016 0.010 0.119 0.515 0.261 0.078 
108    (0)   :  0.009 0.168 0.049 0.117 0.572 0.085 
109    (0)   :  0.179 0.051 0.033 0.395 0.150 0.192 
110    (0)   :  0.013 0.023 0.036 0.702 0.071 0.156 
111    (0)   :  0.029 0.009 0.047 0.745 0.094 0.076 
112    (0)   :  0.266 0.021 0.035 0.511 0.077 0.091 
113    (0)   :  0.018 0.020 0.077 0.197 0.489 0.199 
114    (0)   :  0.029 0.009 0.116 0.625 0.131 0.091 
115    (0)   :  0.035 0.014 0.061 0.556 0.241 0.093 
116    (0)   :  0.022 0.054 0.034 0.444 0.238 0.209 
117    (0)   :  0.046 0.020 0.050 0.646 0.081 0.156 
118    (0)   :  0.046 0.016 0.048 0.348 0.414 0.127 
119    (0)   :  0.009 0.027 0.160 0.198 0.538 0.068 
120    (0)   :  0.059 0.013 0.066 0.574 0.184 0.104 
121    (0)   :  0.084 0.021 0.046 0.529 0.219 0.102 
122    (0)   :  0.024 0.017 0.044 0.633 0.098 0.184 
123    (0)   :  0.015 0.023 0.060 0.666 0.133 0.103 
124    (0)   :  0.043 0.032 0.044 0.472 0.177 0.231 
125    (0)   :  0.091 0.042 0.059 0.294 0.109 0.404 
126    (0)   :  0.014 0.027 0.067 0.540 0.215 0.138 
127    (0)   :  0.019 0.009 0.051 0.737 0.120 0.065 
128    (0)   :  0.038 0.008 0.049 0.361 0.407 0.137 
129    (0)   :  0.015 0.008 0.040 0.644 0.216 0.076 
130    (0)   :  0.046 0.010 0.126 0.575 0.147 0.096 
131    (0)   :  0.073 0.221 0.037 0.375 0.129 0.165 
132    (0)   :  0.014 0.016 0.035 0.634 0.143 0.158 
133    (0)   :  0.015 0.014 0.067 0.642 0.180 0.083 
134    (0)   :  0.019 0.013 0.027 0.749 0.059 0.133 
135    (0)   :  0.032 0.014 0.349 0.072 0.421 0.112 
136    (0)   :  0.015 0.009 0.689 0.054 0.094 0.138 
137    (0)   :  0.024 0.010 0.721 0.100 0.070 0.075 
138    (0)   :  0.010 0.013 0.718 0.057 0.095 0.107 
139    (0)   :  0.015 0.010 0.154 0.071 0.623 0.126 
140    (0)   :  0.016 0.015 0.436 0.139 0.213 0.181 
141    (0)   :  0.017 0.015 0.555 0.065 0.120 0.227 
142    (0)   :  0.027 0.013 0.366 0.068 0.438 0.089 
143    (0)   :  0.008 0.007 0.786 0.050 0.083 0.065 
144    (0)   :  0.023 0.009 0.725 0.096 0.078 0.069 
145    (0)   :  0.027 0.014 0.361 0.069 0.192 0.338 
146    (0)   :  0.018 0.014 0.449 0.151 0.150 0.218 
147    (0)   :  0.009 0.008 0.793 0.051 0.065 0.076 
148    (0)   :  0.024 0.010 0.511 0.117 0.209 0.128 
149    (0)   :  0.021 0.015 0.607 0.059 0.176 0.123 
150    (0)   :  0.030 0.009 0.540 0.174 0.140 0.106 
151    (0)   :  0.010 0.008 0.699 0.075 0.123 0.086 
152    (0)   :  0.020 0.025 0.417 0.100 0.293 0.145 
153    (0)   :  0.017 0.013 0.627 0.080 0.136 0.127 
154    (0)   :  0.017 0.010 0.643 0.060 0.144 0.126 
155    (0)   :  0.008 0.007 0.743 0.075 0.093 0.074 
156    (0)   :  0.016 0.007 0.544 0.087 0.285 0.060 
157    (0)   :  0.008 0.014 0.626 0.200 0.082 0.069 
158    (0)   :  0.027 0.016 0.446 0.065 0.132 0.315 
159    (0)   :  0.011 0.008 0.783 0.051 0.074 0.073 
160    (0)   :  0.011 0.008 0.763 0.051 0.086 0.080 
161    (0)   :  0.022 0.015 0.548 0.098 0.160 0.157 
162    (0)   :  0.015 0.014 0.355 0.141 0.203 0.272 
163    (0)   :  0.009 0.007 0.742 0.066 0.110 0.066 
164    (0)   :  0.011 0.011 0.483 0.163 0.163 0.170 
165    (0)   :  0.031 0.009 0.613 0.152 0.108 0.087 
166    (0)   :  0.008 0.054 0.447 0.224 0.190 0.076 
167    (0)   :  0.013 0.011 0.615 0.100 0.077 0.184 
168    (0)   :  0.011 0.041 0.588 0.077 0.159 0.124 
169    (0)   :  0.046 0.048 0.222 0.058 0.107 0.519 
170    (0)   :  0.013 0.009 0.443 0.090 0.361 0.085 
171    (0)   :  0.010 0.028 0.452 0.120 0.243 0.146 
172    (0)   :  0.082 0.063 0.374 0.054 0.215 0.211 
173    (0)   :  0.010 0.008 0.707 0.055 0.135 0.085 
174    (0)   :  0.008 0.008 0.733 0.076 0.085 0.089 
175    (0)   :  0.011 0.008 0.707 0.055 0.101 0.117 
176    (0)   :  0.023 0.009 0.723 0.097 0.080 0.069 
177    (0)   :  0.012 0.027 0.485 0.232 0.111 0.132 
178    (0)   :  0.010 0.009 0.637 0.087 0.095 0.162 
179    (0)   :  0.007 0.008 0.776 0.054 0.079 0.075 
180    (0)   :  0.018 0.014 0.526 0.097 0.119 0.226 
181    (0)   :  0.019 0.013 0.441 0.067 0.284 0.176 
182    (0)   :  0.013 0.008 0.612 0.058 0.226 0.084 
183    (0)   :  0.008 0.008 0.732 0.056 0.109 0.087 
184    (0)   :  0.012 0.012 0.051 0.132 0.504 0.290 
185    (0)   :  0.016 0.008 0.587 0.049 0.281 0.058 
186    (0)   :  0.009 0.008 0.054 0.319 0.379 0.232 
187    (0)   :  0.009 0.009 0.195 0.112 0.527 0.149 
188    (0)   :  0.011 0.007 0.040 0.288 0.464 0.190 
189    (0)   :  0.010 0.047 0.200 0.097 0.336 0.310 
190    (0)   :  0.011 0.006 0.100 0.050 0.783 0.050 
191    (0)   :  0.017 0.008 0.071 0.115 0.640 0.151 
192    (0)   :  0.010 0.009 0.201 0.179 0.455 0.146 
193    (0)   :  0.017 0.010 0.147 0.108 0.507 0.211 
194    (0)   :  0.012 0.009 0.179 0.173 0.505 0.121 
195    (0)   :  0.009 0.007 0.198 0.055 0.660 0.072 
196    (0)   :  0.011 0.008 0.095 0.072 0.749 0.064 
197    (0)   :  0.013 0.009 0.116 0.169 0.320 0.373 
198    (0)   :  0.011 0.015 0.131 0.202 0.390 0.251 
199    (0)   :  0.013 0.011 0.086 0.076 0.730 0.084 
200    (0)   :  0.022 0.019 0.088 0.086 0.655 0.129 
201    (0)   :  0.009 0.007 0.370 0.069 0.459 0.087 
202    (0)   :  0.013 0.007 0.345 0.078 0.485 0.073 
203    (0)   :  0.013 0.007 0.304 0.064 0.540 0.073 
204    (0)   :  0.009 0.007 0.081 0.061 0.778 0.065 
205    (0)   :  0.009 0.012 0.066 0.086 0.727 0.100 
206    (0)   :  0.009 0.007 0.109 0.068 0.717 0.090 
207    (0)   :  0.013 0.007 0.054 0.090 0.759 0.077 
208    (0)   :  0.010 0.007 0.159 0.068 0.682 0.075 
209    (0)   :  0.017 0.008 0.091 0.105 0.622 0.157 
210    (0)   :  0.010 0.007 0.103 0.085 0.719 0.077 
211    (0)   :  0.041 0.007 0.116 0.106 0.660 0.070 
212    (0)   :  0.012 0.008 0.389 0.070 0.386 0.134 
213    (0)   :  0.015 0.012 0.078 0.170 0.615 0.109 
214    (0)   :  0.013 0.007 0.344 0.062 0.492 0.082 
215    (0)   :  0.012 0.011 0.050 0.097 0.740 0.090 
216    (0)   :  0.012 0.011 0.069 0.152 0.444 0.312 
217    (0)   :  0.009 0.009 0.253 0.058 0.574 0.096 
218    (0)   :  0.009 0.011 0.083 0.097 0.681 0.119 
219    (0)   :  0.009 0.018 0.190 0.108 0.323 0.352 
220    (0)   :  0.010 0.007 0.060 0.081 0.762 0.079 
221    (0)   :  0.014 0.007 0.413 0.049 0.456 0.061 
222    (0)   :  0.010 0.011 0.104 0.149 0.325 0.400 
223    (0)   :  0.009 0.013 0.291 0.114 0.402 0.171 
224    (0)   :  0.011 0.007 0.243 0.075 0.573 0.092 
225    (0)   :  0.010 0.009 0.084 0.080 0.727 0.091 
226    (0)   :  0.012 0.068 0.103 0.086 0.578 0.153 
227    (0)   :  0.011 0.007 0.144 0.080 0.677 0.082 
228    (0)   :  0.012 0.007 0.169 0.050 0.698 0.065 
229    (0)   :  0.010 0.007 0.268 0.093 0.514 0.109 
230    (0)   :  0.012 0.006 0.152 0.077 0.672 0.081 
231    (0)   :  0.014 0.008 0.224 0.091 0.492 0.171 
232    (0)   :  0.019 0.015 0.165 0.122 0.502 0.178 
233    (0)   :  0.012 0.007 0.466 0.065 0.365 0.086 
234    (0)   :  0.013 0.010 0.170 0.166 0.422 0.220 
235    (0)   :  0.009 0.012 0.199 0.080 0.547 0.153 
236    (0)   :  0.014 0.009 0.262 0.087 0.506 0.121 
237    (0)   :  0.021 0.008 0.065 0.091 0.716 0.099 
238    (0)   :  0.012 0.007 0.357 0.094 0.437 0.094 
239    (0)   :  0.009 0.006 0.200 0.056 0.657 0.072 
240    (0)   :  0.011 0.007 0.355 0.094 0.441 0.092 
241    (0)   :  0.011 0.010 0.345 0.073 0.464 0.097 
242    (0)   :  0.010 0.018 0.119 0.094 0.558 0.201 
243    (0)   :  0.013 0.006 0.095 0.056 0.774 0.056 
244    (0)   :  0.013 0.007 0.219 0.065 0.622 0.075 
245    (0)   :  0.010 0.007 0.559 0.073 0.281 0.071 
246    (0)   :  0.009 0.009 0.251 0.056 0.579 0.095 
247    (0)   :  0.010 0.017 0.046 0.420 0.377 0.131 
248    (0)   :  0.015 0.009 0.048 0.131 0.694 0.104 
249    (0)   :  0.012 0.007 0.221 0.074 0.597 0.088 
250    (0)   :  0.012 0.009 0.179 0.106 0.564 0.130 
251    (0)   :  0.019 0.041 0.080 0.129 0.517 0.215 
252    (0)   :  0.009 0.009 0.152 0.088 0.620 0.122 
253    (0)   :  0.011 0.017 0.067 0.172 0.597 0.136 
254    (0)   :  0.010 0.009 0.113 0.132 0.440 0.295 
255    (0)   :  0.012 0.008 0.161 0.122 0.468 0.229 
256    (0)   :  0.011 0.009 0.166 0.072 0.647 0.095 
257    (0)   :  0.013 0.010 0.110 0.108 0.656 0.104 
258    (0)   :  0.014 0.011 0.080 0.161 0.611 0.124 
259    (0)   :  0.012 0.009 0.103 0.112 0.644 0.120 
260    (0)   :  0.011 0.009 0.277 0.132 0.266 0.305 
261    (0)   :  0.009 0.010 0.218 0.074 0.583 0.105 
262    (0)   :  0.010 0.008 0.155 0.048 0.717 0.063 
263    (0)   :  0.013 0.007 0.061 0.104 0.660 0.156 
264    (0)   :  0.011 0.013 0.037 0.124 0.241 0.574 
265    (0)   :  0.009 0.013 0.142 0.088 0.582 0.166 
266    (0)   :  0.012 0.007 0.418 0.051 0.450 0.063 
267    (0)   :  0.019 0.008 0.158 0.122 0.525 0.168 
268    (0)   :  0.011 0.008 0.095 0.073 0.751 0.063 
269    (0)   :  0.010 0.026 0.182 0.102 0.372 0.307 
270    (0)   :  0.012 0.009 0.075 0.158 0.459 0.286 
271    (0)   :  0.013 0.013 0.070 0.116 0.681 0.107 
272    (0)   :  0.015 0.062 0.073 0.089 0.657 0.104 
273    (0)   :  0.028 0.032 0.195 0.124 0.421 0.200 
274    (0)   :  0.011 0.017 0.092 0.104 0.603 0.173 
275    (0)   :  0.020 0.027 0.117 0.081 0.596 0.159 
276    (0)   :  0.016 0.035 0.064 0.090 0.691 0.104 
277    (0)   :  0.009 0.012 0.218 0.112 0.461 0.187 
278    (0)   :  0.012 0.011 0.062 0.082 0.752 0.082 
279    (0)   :  0.011 0.012 0.128 0.101 0.606 0.143 
280    (0)   :  0.011 0.018 0.106 0.081 0.546 0.237 
281    (0)   :  0.010 0.011 0.097 0.139 0.591 0.152 
282    (0)   :  0.011 0.010 0.419 0.100 0.304 0.157 
283    (0)   :  0.009 0.007 0.454 0.092 0.331 0.107 
284    (0)   :  0.016 0.010 0.203 0.161 0.500 0.110 
285    (0)   :  0.016 0.013 0.035 0.127 0.686 0.124 
286    (0)   :  0.014 0.007 0.220 0.066 0.618 0.076 
287    (0)   :  0.008 0.019 0.158 0.124 0.448 0.244 
288    (0)   :  0.012 0.036 0.067 0.086 0.682 0.118 
289    (0)   :  0.016 0.038 0.073 0.153 0.603 0.118 
290    (0)   :  0.028 0.013 0.078 0.078 0.568 0.235 
291    (0)   :  0.013 0.012 0.070 0.115 0.682 0.108 
292    (0)   :  0.014 0.020 0.119 0.069 0.607 0.172 
293    (0)   :  0.029 0.013 0.060 0.111 0.433 0.354 
294    (0)   :  0.011 0.009 0.051 0.100 0.672 0.157 
295    (0)   :  0.032 0.054 0.117 0.120 0.528 0.151 
296    (0)   :  0.010 0.010 0.061 0.097 0.738 0.083 
297    (0)   :  0.011 0.018 0.075 0.098 0.499 0.299 
298    (0)   :  0.010 0.009 0.304 0.129 0.371 0.177 
299    (0)   :  0.010 0.007 0.075 0.135 0.533 0.240 
300    (0)   :  0.013 0.009 0.047 0.079 0.745 0.107 
301    (0)   :  0.014 0.015 0.075 0.114 0.438 0.344 
302    (0)   :  0.016 0.010 0.057 0.095 0.688 0.134 
303    (0)   :  0.016 0.009 0.227 0.077 0.530 0.140 
304    (0)   :  0.013 0.008 0.360 0.146 0.145 0.328 
305    (0)   :  0.011 0.009 0.129 0.055 0.721 0.075 
306    (0)   :  0.009 0.013 0.288 0.068 0.489 0.133 
307    (0)   :  0.013 0.012 0.178 0.115 0.526 0.156 
308    (0)   :  0.010 0.010 0.220 0.075 0.580 0.106 
309    (0)   :  0.039 0.015 0.067 0.122 0.680 0.077 
310    (0)   :  0.011 0.006 0.135 0.058 0.721 0.069 
311    (0)   :  0.012 0.007 0.153 0.076 0.670 0.082 
312    (0)   :  0.010 0.006 0.059 0.100 0.759 0.065 
313    (0)   :  0.011 0.008 0.043 0.086 0.782 0.070 
314    (0)   :  0.010 0.009 0.774 0.047 0.096 0.064 
315    (0)   :  0.008 0.020 0.715 0.064 0.120 0.072 
316    (0)   :  0.008 0.035 0.713 0.068 0.088 0.087 
317    (0)   :  0.009 0.009 0.806 0.048 0.063 0.065 
318    (0)   :  0.008 0.010 0.814 0.048 0.052 0.068 
319    (0)   :  0.008 0.007 0.783 0.049 0.083 0.070 
320    (0)   :  0.010 0.009 0.774 0.048 0.096 0.063 
321    (0)   :  0.009 0.010 0.802 0.050 0.059 0.070 
322    (0)   :  0.010 0.031 0.691 0.068 0.119 0.081 
323    (0)   :  0.007 0.008 0.804 0.050 0.058 0.073 
324    (0)   :  0.010 0.010 0.800 0.049 0.059 0.072 
325    (0)   :  0.008 0.033 0.746 0.065 0.073 0.076 
326    (0)   :  0.010 0.054 0.732 0.063 0.067 0.074 
327    (0)   :  0.009 0.010 0.805 0.048 0.063 0.065 
328    (0)   :  0.008 0.023 0.714 0.069 0.107 0.080 
329    (0)   :  0.007 0.008 0.812 0.049 0.056 0.067 
330    (0)   :  0.009 0.009 0.806 0.049 0.063 0.064 
331    (0)   :  0.007 0.008 0.808 0.049 0.062 0.067 
332    (0)   :  0.009 0.039 0.733 0.068 0.067 0.086 
333    (0)   :  0.009 0.034 0.735 0.067 0.081 0.075 
334    (0)   :  0.008 0.023 0.715 0.070 0.103 0.080 
335    (0)   :  0.008 0.020 0.738 0.066 0.098 0.071 
336    (0)   :  0.010 0.010 0.786 0.049 0.070 0.074 
337    (0)   :  0.009 0.035 0.724 0.067 0.085 0.079 
338    (0)   :  0.008 0.010 0.811 0.049 0.051 0.070 
339    (0)   :  0.007 0.008 0.807 0.049 0.061 0.069 
340    (0)   :  0.007 0.007 0.811 0.048 0.065 0.062 
341    (0)   :  0.009 0.010 0.800 0.050 0.061 0.071 
342    (0)   :  0.009 0.009 0.806 0.048 0.063 0.064 
343    (0)   :  0.009 0.021 0.684 0.067 0.137 0.082 
344    (0)   :  0.007 0.008 0.816 0.049 0.054 0.067 
345    (0)   :  0.009 0.009 0.806 0.048 0.063 0.064 
346    (0)   :  0.007 0.009 0.819 0.047 0.056 0.061 
347    (0)   :  0.007 0.007 0.820 0.047 0.058 0.061 
348    (0)   :  0.009 0.018 0.674 0.063 0.169 0.067 
349    (0)   :  0.009 0.009 0.806 0.048 0.063 0.065 
350    (0)   :  0.009 0.007 0.762 0.050 0.101 0.071 
351    (0)   :  0.008 0.021 0.735 0.066 0.100 0.071 
352    (0)   :  0.009 0.030 0.728 0.066 0.096 0.071 
353    (0)   :  0.009 0.010 0.787 0.049 0.069 0.074 
354    (0)   :  0.008 0.008 0.810 0.050 0.056 0.069 
355    (0)   :  0.008 0.010 0.814 0.049 0.052 0.067 
356    (0)   :  0.010 0.017 0.636 0.063 0.205 0.068 
357    (0)   :  0.010 0.059 0.453 0.126 0.117 0.235 
358    (0)   :  0.008 0.025 0.750 0.067 0.072 0.078 
359    (0)   :  0.007 0.008 0.806 0.050 0.058 0.072 
360    (0)   :  0.008 0.009 0.818 0.048 0.056 0.062 
361    (0)   :  0.013 0.056 0.378 0.130 0.166 0.256 
362    (0)   :  0.014 0.091 0.066 0.347 0.260 0.223 
363    (0)   :  0.015 0.041 0.044 0.446 0.141 0.314 
364    (0)   :  0.024 0.015 0.192 0.155 0.156 0.458 
365    (0)   :  0.038 0.042 0.047 0.116 0.092 0.665 
366    (0)   :  0.025 0.038 0.089 0.105 0.393 0.350 
367    (0)   :  0.010 0.049 0.033 0.691 0.061 0.157 
368    (0)   :  0.012 0.012 0.062 0.526 0.150 0.239 
369    (0)   :  0.046 0.016 0.213 0.134 0.323 0.268 
370    (0)   :  0.029 0.018 0.074 0.471 0.245 0.163 
371    (0)   :  0.031 0.014 0.097 0.172 0.259 0.428 
372    (0)   :  0.075 0.030 0.096 0.263 0.340 0.195 
373    (0)   :  0.020 0.013 0.101 0.380 0.137 0.349 
374    (0)   :  0.047 0.038 0.268 0.183 0.160 0.304 
375    (0)   :  0.019 0.019 0.044 0.353 0.083 0.483 
376    (0)   :  0.013 0.048 0.038 0.197 0.058 0.647 
377    (0)   :  0.019 0.041 0.066 0.273 0.220 0.380 
378    (0)   :  0.014 0.014 0.198 0.549 0.130 0.096 
379    (0)   :  0.025 0.064 0.036 0.202 0.070 0.603 
380    (0)   :  0.045 0.106 0.108 0.072 0.157 0.512 
381    (0)   :  0.034 0.019 0.081 0.062 0.152 0.652 
382    (0)   :  0.011 0.020 0.049 0.517 0.073 0.330 
383    (0)   :  0.029 0.137 0.112 0.069 0.090 0.563 
384    (0)   :  0.041 0.042 0.098 0.154 0.080 0.583 
385    (0)   :  0.367 0.011 0.145 0.118 0.075 0.284 
386    (0)   :  0.011 0.035 0.044 0.505 0.093 0.313 
387    (0)   :  0.015 0.027 0.055 0.433 0.089 0.381 
388    (0)   :  0.050 0.022 0.236 0.217 0.120 0.354 
389    (0)   :  0.165 0.014 0.048 0.150 0.480 0.143 
390    (0)   :  0.059 0.134 0.045 0.409 0.159 0.193 
391    (0)   :  0.142 0.028 0.085 0.295 0.252 0.198 
392    (0)   :  0.011 0.018 0.081 0.152 0.112 0.626 
393    (0)   :  0.118 0.090 0.072 0.080 0.099 0.541 
394    (0)   :  0.009 0.047 0.249 0.339 0.153 0.204 
395    (0)   :  0.026 0.101 0.050 0.270 0.347 0.206 
396    (0)   :  0.010 0.010 0.035 0.365 0.084 0.496 
397    (0)   :  0.009 0.009 0.100 0.104 0.280 0.498 
398    (0)   :  0.014 0.139 0.038 0.310 0.068 0.430 
399    (0)   :  0.022 0.045 0.050 0.599 0.176 0.108 
400    (0)   :  0.015 0.015 0.070 0.337 0.087 0.477 
401    (0)   :  0.018 0.019 0.075 0.571 0.168 0.150 
402    (0)   :  0.017 0.012 0.063 0.246 0.298 0.365 
403    (0)   :  0.037 0.021 0.322 0.183 0.156 0.281 
404    (0)   :  0.030 0.011 0.097 0.175 0.176 0.511 
405    (0)   :  0.011 0.045 0.074 0.197 0.257 0.415 
406    (0)   :  0.017 0.355 0.115 0.078 0.334 0.102 
407    (0)   :  0.015 0.061 0.035 0.137 0.072 0.680 
408    (0)   :  0.009 0.010 0.031 0.618 0.249 0.083 
409    (0)   :  0.142 0.080 0.236 0.104 0.227 0.211 
410    (0)   :  0.022 0.041 0.081 0.221 0.104 0.531 
411    (0)   :  0.014 0.017 0.155 0.139 0.166 0.508 
412    (0)   :  0.012 0.013 0.055 0.516 0.125 0.279 
413    (0)   :  0.009 0.016 0.168 0.491 0.160 0.156 
414    (0)   :  0.026 0.011 0.037 0.601 0.105 0.219 
415    (0)   :  0.014 0.051 0.051 0.172 0.170 0.542 
416    (0)   :  0.060 0.013 0.068 0.200 0.150 0.508 
417    (0)   :  0.011 0.227 0.047 0.241 0.090 0.386 
418    (0)   :  0.009 0.012 0.042 0.542 0.069 0.325 
419    (0)   :  0.103 0.024 0.173 0.222 0.172 0.306 
420    (0)   :  0.019 0.019 0.045 0.524 0.249 0.145 
421    (0)   :  0.012 0.061 0.054 0.383 0.114 0.376 
422    (0)   :  0.024 0.075 0.047 0.121 0.340 0.394 
423    (0)   :  0.011 0.068 0.059 0.264 0.178 0.419 
424    (0)   :  0.023 0.079 0.079 0.560 0.144 0.115 
425    (0)   :  0.079 0.017 0.090 0.152 0.111 0.551 
426    (0)   :  0.041 0.059 0.100 0.470 0.104 0.226 
427    (0)   :  0.017 0.254 0.124 0.275 0.080 0.249 
428    (0)   :  0.022 0.202 0.136 0.105 0.244 0.291 
429    (0)   :  0.009 0.051 0.033 0.429 0.061 0.417 
430    (0)   :  0.029 0.147 0.044 0.174 0.088 0.518 
431    (0)   :  0.018 0.044 0.081 0.501 0.180 0.177 
432    (0)   :  0.011 0.013 0.067 0.509 0.153 0.247 
433    (0)   :  0.014 0.011 0.288 0.246 0.274 0.167 
434    (0)   :  0.018 0.013 0.102 0.160 0.194 0.514 
435    (0)   :  0.008 0.483 0.035 0.209 0.072 0.192 
436    (0)   :  0.014 0.542 0.063 0.159 0.070 0.152 
437    (0)   :  0.007 0.044 0.041 0.150 0.080 0.677 
438    (0)   :  0.036 0.482 0.067 0.172 0.149 0.095 
439    (0)   :  0.033 0.359 0.059 0.142 0.058 0.350 
440    (0)   :  0.011 0.475 0.030 0.215 0.069 0.199 
441    (0)   :  0.019 0.086 0.098 0.218 0.093 0.485 
442    (0)   :  0.032 0.020 0.042 0.326 0.105 0.475 
443    (0)   :  0.019 0.076 0.036 0.562 0.170 0.138 
444    (0)   :  0.028 0.066 0.041 0.296 0.120 0.447 
445    (0)   :  0.124 0.034 0.117 0.093 0.143 0.488 
446    (0)   :  0.026 0.241 0.043 0.326 0.051 0.313 
447    (0)   :  0.049 0.302 0.083 0.175 0.136 0.254 
448    (0)   :  0.010 0.071 0.043 0.247 0.102 0.526 
449    (0)   :  0.012 0.071 0.066 0.195 0.126 0.530 
450    (0)   :  0.020 0.015 0.067 0.142 0.051 0.707 
451    (0)   :  0.009 0.026 0.031 0.706 0.100 0.129 
452    (0)   :  0.012 0.031 0.058 0.170 0.061 0.668 
453    (0)   :  0.049 0.019 0.067 0.278 0.436 0.151 
454    (0)   :  0.011 0.135 0.083 0.237 0.110 0.424 
455    (0)   :  0.018 0.608 0.038 0.148 0.078 0.110 
456    (0)   :  0.019 0.180 0.037 0.226 0.196 0.341 
457    (0)   :  0.009 0.105 0.047 0.124 0.076 0.639 
458    (0)   :  0.053 0.049 0.048 0.140 0.059 0.652 
459    (0)   :  0.041 0.159 0.111 0.431 0.074 0.184 
460    (0)   :  0.017 0.142 0.041 0.537 0.061 0.202 
461    (0)   :  0.012 0.019 0.043 0.684 0.046 0.195 
462    (0)   :  0.118 0.033 0.030 0.237 0.122 0.460 
463    (0)   :  0.029 0.332 0.061 0.144 0.308 0.127 
464    (0)   :  0.013 0.149 0.038 0.520 0.111 0.169 
465    (0)   :  0.021 0.036 0.048 0.595 0.097 0.202 
466    (0)   :  0.015 0.115 0.039 0.462 0.215 0.155 
467    (0)   :  0.053 0.045 0.065 0.251 0.139 0.447 
468    (0)   :  0.010 0.524 0.036 0.093 0.103 0.234 
469    (0)   :  0.015 0.655 0.042 0.096 0.046 0.146 
470    (0)   :  0.008 0.597 0.036 0.182 0.057 0.121 
471    (0)   :  0.032 0.024 0.040 0.210 0.295 0.400 
472    (0)   :  0.041 0.019 0.046 0.239 0.140 0.515 
473    (0)   :  0.010 0.080 0.071 0.214 0.170 0.455 
474    (0)   :  0.021 0.029 0.055 0.174 0.103 0.617 
475    (0)   :  0.019 0.040 0.083 0.546 0.109 0.204 
476    (0)   :  0.025 0.055 0.049 0.200 0.086 0.586 
477    (0)   :  0.022 0.043 0.076 0.608 0.099 0.152 
478    (0)   :  0.017 0.026 0.038 0.759 0.054 0.106 
479    (0)   :  0.010 0.267 0.036 0.350 0.062 0.276 
480    (0)   :  0.009 0.170 0.043 0.139 0.064 0.575 
481    (0)   :  0.019 0.016 0.038 0.154 0.153 0.620 
482    (0)   :  0.010 0.095 0.037 0.360 0.055 0.444 
483    (0)   :  0.018 0.506 0.056 0.153 0.064 0.203 
484    (0)   :  0.055 0.377 0.047 0.162 0.170 0.188 
485    (0)   :  0.009 0.723 0.036 0.101 0.051 0.080 
486    (0)   :  0.067 0.014 0.060 0.233 0.372 0.255 
487    (0)   :  0.042 0.013 0.132 0.178 0.215 0.419 
488    (0)   :  0.080 0.014 0.110 0.349 0.221 0.225 
489    (0)   :  0.033 0.008 0.134 0.103 0.353 0.368 
490    (0)   :  0.023 0.016 0.040 0.539 0.183 0.200 
491    (0)   :  0.086 0.009 0.125 0.125 0.420 0.235 
492    (0)   :  0.049 0.011 0.253 0.315 0.242 0.129 
493    (0)   :  0.141 0.010 0.080 0.191 0.281 0.297 
494    (0)   :  0.040 0.016 0.098 0.133 0.302 0.411 
495    (0)   :  0.104 0.012 0.171 0.368 0.150 0.195 
496    (0)   :  0.014 0.013 0.292 0.166 0.371 0.144 
497    (0)   :  0.247 0.010 0.154 0.126 0.205 0.258 
498    (0)   :  0.204 0.013 0.069 0.269 0.245 0.200 
499    (0)   :  0.028 0.011 0.255 0.111 0.259 0.336 
500    (0)   :  0.016 0.018 0.067 0.116 0.246 0.537 
501    (0)   :  0.018 0.013 0.197 0.177 0.177 0.416 
502    (0)   :  0.042 0.011 0.255 0.301 0.128 0.263 
503    (0)   :  0.011 0.015 0.045 0.143 0.113 0.673 
504    (0)   :  0.063 0.013 0.059 0.561 0.176 0.128 
505    (0)   :  0.024 0.012 0.089 0.124 0.605 0.146 
506    (0)   :  0.059 0.010 0.188 0.279 0.230 0.234 
507    (0)   :  0.010 0.008 0.487 0.064 0.328 0.101 
508    (0)   :  0.021 0.008 0.471 0.084 0.311 0.105 
509    (0)   :  0.018 0.012 0.147 0.121 0.548 0.153 
510    (0)   :  0.016 0.009 0.230 0.125 0.149 0.470 
511    (0)   :  0.032 0.045 0.058 0.218 0.228 0.420 
512    (0)   :  0.017 0.014 0.038 0.210 0.087 0.634 
513    (0)   :  0.527 0.007 0.061 0.131 0.218 0.056 
514    (0)   :  0.012 0.013 0.084 0.579 0.180 0.131 
515    (0)   :  0.018 0.076 0.141 0.132 0.259 0.374 
516    (0)   :  0.014 0.014 0.071 0.435 0.346 0.119 
517    (0)   :  0.012 0.070 0.142 0.274 0.341 0.160 
518    (0)   :  0.012 0.008 0.216 0.099 0.195 0.470 
519    (0)   :  0.016 0.018 0.087 0.620 0.144 0.115 
520    (0)   :  0.010 0.237 0.234 0.080 0.326 0.113 
521    (0)   :  0.012 0.012 0.330 0.300 0.253 0.093 
522    (0)   :  0.013 0.034 0.054 0.142 0.331 0.428 
523    (0)   :  0.011 0.036 0.145 0.212 0.509 0.087 
524    (0)   :  0.009 0.337 0.103 0.157 0.216 0.178 
525    (0)   :  0.010 0.035 0.179 0.093 0.242 0.442 
526    (0)   :  0.013 0.423 0.071 0.074 0.328 0.090 
527    (0)   :  0.023 0.008 0.059 0.225 0.109 0.576 
528    (0)   :  0.010 0.008 0.434 0.113 0.337 0.098 
529    (0)   :  0.019 0.009 0.133 0.171 0.340 0.329 
530    (0)   :  0.021 0.027 0.081 0.124 0.215 0.533 
531    (0)   :  0.016 0.039 0.353 0.137 0.184 0.270 
532    (0)   :  0.017 0.009 0.277 0.172 0.180 0.344 
533    (0)   :  0.010 0.025 0.072 0.114 0.290 0.489 
534    (0)   :  0.029 0.011 0.105 0.156 0.559 0.140 
535    (0)   :  0.015 0.056 0.069 0.338 0.387 0.135 
536    (0)   :  0.096 0.048 0.146 0.132 0.278 0.299 
537    (0)   :  0.051 0.013 0.189 0.101 0.514 0.132 
538    (0)   :  0.013 0.017 0.124 0.102 0.622 0.123 
539    (0)   :  0.011 0.007 0.516 0.067 0.304 0.095 
540    (0)   :  0.016 0.032 0.177 0.113 0.479 0.183 
541    (0)   :  0.051 0.017 0.427 0.129 0.186 0.191 
542    (0)   :  0.096 0.036 0.053 0.084 0.403 0.329 
543    (0)   :  0.029 0.049 0.158 0.260 0.422 0.081 
544    (0)   :  0.029 0.022 0.071 0.114 0.609 0.156 
545    (0)   :  0.051 0.217 0.044 0.142 0.416 0.130 
546    (0)   :  0.060 0.011 0.101 0.102 0.515 0.210 
547    (0)   :  0.049 0.048 0.130 0.140 0.548 0.086 
548    (0)   :  0.012 0.009 0.181 0.106 0.561 0.131 
549    (0)   :  0.130 0.084 0.351 0.079 0.167 0.190 
550    (0)   :  0.031 0.220 0.074 0.180 0.360 0.135 
551    (0)   :  0.042 0.023 0.506 0.118 0.155 0.156 
552    (0)   :  0.013 0.010 0.107 0.072 0.638 0.161 
553    (0)   :  0.032 0.032 0.139 0.147 0.589 0.061 
554    (0)   :  0.024 0.022 0.143 0.243 0.245 0.323 
555    (0)   :  0.040 0.011 0.207 0.095 0.545 0.101 
556    (0)   :  0.013 0.010 0.086 0.101 0.655 0.135 
557    (0)   :  0.059 0.287 0.115 0.217 0.193 0.129 
558    (0)   :  0.010 0.124 0.040 0.340 0.049 0.437 
559    (0)   :  0.011 0.010 0.057 0.447 0.298 0.177 
560    (0)   :  0.023 0.091 0.029 0.584 0.072 0.201 
561    (0)   :  0.020 0.025 0.039 0.424 0.141 0.351 
562    (0)   :  0.018 0.032 0.028 0.545 0.171 0.206 
563    (0)   :  0.032 0.028 0.169 0.532 0.110 0.128 
564    (0)   :  0.012 0.020 0.060 0.254 0.493 0.162 
565    (0)   :  0.014 0.105 0.043 0.119 0.065 0.654 
566    (0)   :  0.010 0.047 0.030 0.716 0.069 0.129 
567    (0)   :  0.016 0.014 0.039 0.314 0.452 0.165 
568    (0)   :  0.010 0.034 0.057 0.533 0.202 0.164 
569    (0)   :  0.012 0.063 0.059 0.400 0.236 0.231 
570    (0)   :  0.007 0.084 0.032 0.340 0.063 0.473 
571    (0)   :  0.008 0.030 0.047 0.731 0.093 0.091 
572    (0)   :  0.022 0.037 0.108 0.110 0.574 0.149 
573    (0)   :  0.011 0.183 0.062 0.270 0.349 0.126 
574    (0)   :  0.013 0.035 0.125 0.165 0.150 0.512 
575    (0)   :  0.017 0.020 0.105 0.541 0.156 0.160 
576    (0)   :  0.018 0.033 0.031 0.707 0.059 0.152 
577    (0)   :  0.013 0.015 0.112 0.195 0.124 0.542 
578    (0)   :  0.016 0.075 0.048 0.598 0.106 0.157 
579    (0)   :  0.039 0.024 0.044 0.346 0.169 0.378 
580    (0)   :  0.011 0.030 0.069 0.192 0.096 0.602 
581    (0)   :  0.011 0.063 0.056 0.454 0.085 0.331 
582    (0)   :  0.012 0.112 0.034 0.408 0.100 0.333 
583    (0)   :  0.010 0.032 0.047 0.640 0.084 0.187 
584    (0)   :  0.010 0.024 0.036 0.683 0.066 0.181 
585    (0)   :  0.019 0.042 0.042 0.502 0.095 0.300 
586    (0)   :  0.012 0.011 0.058 0.653 0.154 0.113 
587    (0)   :  0.015 0.013 0.033 0.265 0.199 0.474 
588    (0)   :  0.016 0.008 0.040 0.088 0.779 0.070 
589    (0)   :  0.012 0.239 0.037 0.270 0.153 0.289 
590    (0)   :  0.017 0.009 0.045 0.598 0.148 0.184 
591    (0)   :  0.009 0.015 0.052 0.703 0.097 0.124 
592    (0)   :  0.011 0.040 0.037 0.483 0.284 0.146 
593    (0)   :  0.009 0.067 0.069 0.469 0.187 0.198 
594    (0)   :  0.019 0.018 0.111 0.528 0.141 0.184 
595    (0)   :  0.049 0.009 0.031 0.167 0.084 0.659 
596    (0)   :  0.015 0.145 0.062 0.218 0.443 0.118 
597    (0)   :  0.011 0.022 0.191 0.566 0.147 0.063 
598    (0)   :  0.007 0.170 0.036 0.254 0.054 0.479 
599    (0)   :  0.007 0.024 0.030 0.674 0.122 0.142 
600    (0)   :  0.019 0.028 0.079 0.166 0.153 0.556 
601    (0)   :  0.014 0.029 0.031 0.531 0.114 0.280 
602    (0)   :  0.019 0.014 0.123 0.241 0.317 0.286 
603    (0)   :  0.015 0.011 0.127 0.317 0.321 0.209 
604    (0)   :  0.046 0.077 0.086 0.121 0.115 0.556 
605    (0)   :  0.017 0.027 0.056 0.352 0.234 0.314 
606    (0)   :  0.020 0.018 0.118 0.189 0.333 0.322 
607    (0)   :  0.014 0.024 0.222 0.140 0.169 0.432 
608    (0)   :  0.012 0.030 0.390 0.180 0.116 0.273 
609    (0)   :  0.017 0.023 0.068 0.181 0.117 0.595 
610    (0)   :  0.018 0.363 0.054 0.130 0.190 0.245 
611    (0)   :  0.014 0.014 0.132 0.304 0.322 0.214 
612    (0)   :  0.032 0.084 0.047 0.107 0.089 0.641 
613    (0)   :  0.016 0.029 0.063 0.196 0.262 0.434 
614    (0)   :  0.014 0.020 0.036 0.078 0.085 0.767 
615    (0)   :  0.017 0.048 0.065 0.081 0.111 0.679 
616    (0)   :  0.011 0.012 0.161 0.189 0.171 0.457 
617    (0)   :  0.096 0.037 0.046 0.193 0.160 0.468 
618    (0)   :  0.054 0.102 0.129 0.077 0.127 0.512 
619    (0)   :  0.008 0.064 0.110 0.354 0.327 0.137 
620    (0)   :  0.011 0.027 0.029 0.501 0.319 0.113 
621    (0)   :  0.012 0.019 0.049 0.486 0.072 0.362 
622    (0)   :  0.126 0.068 0.091 0.105 0.220 0.390 
623    (0)   :  0.011 0.023 0.049 0.444 0.239 0.233 
624    (0)   :  0.027 0.085 0.134 0.117 0.081 0.556 
625    (0)   :  0.038 0.033 0.121 0.194 0.091 0.524 
626    (0)   :  0.072 0.065 0.246 0.067 0.229 0.321 
627    (0)   :  0.018 0.016 0.064 0.340 0.240 0.321 
628    (0)   :  0.038 0.016 0.067 0.321 0.297 0.261 
629    (0)   :  0.017 0.012 0.075 0.264 0.177 0.456 
630    (0)   :  0.022 0.031 0.054 0.162 0.094 0.636 
631    (0)   :  0.011 0.015 0.058 0.150 0.130 0.636 
632    (0)   :  0.021 0.014 0.174 0.101 0.454 0.236 
633    (0)   :  0.020 0.044 0.106 0.159 0.108 0.563 
634    (0)   :  0.013 0.021 0.148 0.208 0.308 0.303 
635    (0)   :  0.012 0.018 0.375 0.109 0.204 0.282 
636    (0)   :  0.015 0.024 0.208 0.163 0.095 0.495 
637    (0)   :  0.044 0.018 0.078 0.139 0.426 0.294 
638    (0)   :  0.013 0.014 0.112 0.282 0.184 0.394 
639    (0)   :  0.019 0.027 0.086 0.109 0.136 0.622 
640    (0)   :  0.034 0.014 0.069 0.536 0.084 0.263 
641    (0)   :  0.013 0.014 0.075 0.166 0.162 0.570 
642    (0)   :  0.026 0.015 0.346 0.131 0.290 0.192 
643    (0)   :  0.017 0.008 0.664 0.106 0.095 0.110 
644    (0)   :  0.013 0.012 0.509 0.175 0.162 0.130 
645    (0)   :  0.033 0.093 0.378 0.055 0.131 0.311 
646    (0)   :  0.043 0.012 0.110 0.206 0.375 0.253 
647    (0)   :  0.063 0.008 0.322 0.215 0.222 0.169 
648    (0)   :  0.042 0.013 0.212 0.080 0.343 0.310 
649    (0)   :  0.013 0.011 0.117 0.137 0.621 0.101 
650    (0)   :  0.015 0.011 0.148 0.267 0.422 0.137 
651    (0)   :  0.074 0.008 0.362 0.172 0.191 0.192 
652    (0)   :  0.011 0.010 0.528 0.127 0.177 0.147 
653    (0)   :  0.035 0.016 0.294 0.084 0.298 0.273 
654    (0)   :  0.059 0.011 0.273 0.088 0.391 0.179 
655    (0)   :  0.010 0.014 0.484 0.287 0.117 0.089 
656    (0)   :  0.047 0.017 0.184 0.108 0.423 0.220 
657    (0)   :  0.013 0.013 0.165 0.122 0.121 0.566 
658    (0)   :  0.012 0.028 0.200 0.383 0.225 0.152 
659    (0)   :  0.022 0.017 0.374 0.102 0.252 0.232 
660    (0)   :  0.010 0.009 0.373 0.105 0.386 0.117 
661    (0)   :  0.026 0.020 0.432 0.081 0.291 0.149 
662    (0)   :  0.016 0.011 0.084 0.132 0.681 0.077 
663    (0)   :  0.009 0.010 0.381 0.130 0.309 0.161 
664    (0)   :  0.040 0.035 0.210 0.408 0.130 0.178 
665    (0)   :  0.011 0.008 0.107 0.121 0.646 0.107 
666    (0)   :  0.014 0.013 0.296 0.118 0.407 0.152 
667    (0)   :  0.170 0.015 0.116 0.258 0.231 0.210 
668    (0)   :  0.017 0.015 0.369 0.148 0.235 0.217 
669    (0)   :  0.013 0.010 0.185 0.115 0.475 0.202 
670    (0)   :  0.008 0.009 0.675 0.066 0.164 0.079 
671    (0)   :  0.011 0.009 0.482 0.103 0.292 0.102 
672    (0)   :  0.009 0.041 0.606 0.171 0.111 0.063 
673    (0)   :  0.007 0.008 0.795 0.051 0.061 0.077 
674    (0)   :  0.014 0.011 0.538 0.074 0.199 0.164 
675    (0)   :  0.023 0.009 0.724 0.098 0.078 0.068 
676    (0)   :  0.008 0.008 0.800 0.050 0.065 0.070 
677    (0)   :  0.012 0.008 0.441 0.055 0.413 0.071 
678    (0)   :  0.008 0.009 0.798 0.056 0.054 0.075 
679    (0)   :  0.010 0.011 0.658 0.076 0.084 0.162 
680    (0)   :  0.017 0.014 0.669 0.058 0.103 0.139 
681    (0)   :  0.032 0.043 0.208 0.095 0.396 0.225 
682    (0)   :  0.016 0.014 0.697 0.061 0.085 0.127 
683    (0)   :  0.009 0.009 0.705 0.064 0.142 0.071 
684    (0)   :  0.008 0.008 0.789 0.057 0.063 0.075 
685    (0)   :  0.008 0.007 0.801 0.049 0.071 0.064 
686    (0)   :  0.024 0.014 0.407 0.069 0.353 0.132 
687    (0)   :  0.010 0.009 0.452 0.095 0.346 0.089 
688    (0)   :  0.010 0.008 0.711 0.078 0.107 0.087 
689    (0)   :  0.008 0.008 0.803 0.048 0.067 0.067 
690    (0)   :  0.008 0.008 0.798 0.051 0.065 0.070 
691    (0)   :  0.014 0.011 0.627 0.072 0.130 0.146 
692    (0)   :  0.009 0.008 0.727 0.077 0.075 0.104 
693    (0)   :  0.016 0.008 0.711 0.093 0.071 0.100 
694    (0)   :  0.007 0.007 0.807 0.048 0.072 0.058 
695    (0)   :  0.009 0.020 0.723 0.064 0.113 0.070 
696    (0)   :  0.010 0.008 0.713 0.080 0.104 0.085 
697    (0)   :  0.009 0.008 0.766 0.049 0.093 0.074 
698    (0)   :  0.008 0.008 0.786 0.051 0.076 0.071 
699    (0)   :  0.011 0.017 0.545 0.061 0.301 0.065 
700    (0)   :  0.078 0.009 0.559 0.076 0.141 0.137 
701    (0)   :  0.010 0.027 0.606 0.075 0.135 0.148 
702    (0)   :  0.028 0.014 0.535 0.091 0.186 0.146 
703    (0)   :  0.015 0.014 0.674 0.060 0.107 0.129 
704    (0)   :  0.010 0.008 0.686 0.074 0.144 0.079 
705    (0)   :  0.025 0.049 0.309 0.088 0.400 0.129 
706    (0)   :  0.016 0.013 0.664 0.057 0.128 0.122 
707    (0)   :  0.009 0.008 0.726 0.051 0.122 0.084 
708    (0)   :  0.012 0.008 0.763 0.051 0.093 0.073 
709    (0)   :  0.034 0.008 0.708 0.056 0.120 0.074 
710    (0)   :  0.009 0.008 0.803 0.047 0.071 0.063 
711    (0)   :  0.018 0.012 0.546 0.057 0.245 0.123 
712    (0)   :  0.015 0.007 0.581 0.048 0.286 0.063 
713    (0)   :  0.010 0.008 0.707 0.077 0.123 0.077 
714    (0)   :  0.020 0.011 0.587 0.076 0.130 0.175 
715    (0)   :  0.011 0.007 0.718 0.048 0.153 0.062 
