

----------------------------------------------------
STRUCTURE by Pritchard, Stephens and Donnelly (2000)
     and Falush, Stephens and Pritchard (2003)
       Code by Pritchard, Falush and Hubisz
             Version 2.3.4 (Jul 2012)
----------------------------------------------------



Command line arguments:   ./structure -K 10 -D 110010 -m brooktrout/mainparams -e brooktrout/extraparams -o brooktrout/250914_output/results_K10_rep10 
Input File:    brooktrout/brooktrout.txt

Run parameters:
   8454 individuals
   5 loci
   10 populations assumed
   50000 Burn-in period
   100000 Reps
RANDOMIZE turned off


--------------------------------------------
Overall proportion of membership of the
sample in each of the 10 clusters

Inferred Clusters
  1      2      3      4      5      6      7      8      9     10    
0.008  0.008  0.021  0.088  0.096  0.137  0.139  0.152  0.174  0.177  

--------------------------------------------

Allele-freq. divergence among pops (Net nucleotide distance),
computed using point estimates of P.

      1       2       3       4       5       6       7       8       9      10      
 1      -    0.1299  0.1027  0.1430  0.1297  0.1258  0.1314  0.1545  0.1106  0.1420  
 2   0.1299     -    0.1349  0.1896  0.1877  0.1947  0.1822  0.1867  0.1737  0.1599  
 3   0.1027  0.1349     -    0.1344  0.1034  0.1309  0.0885  0.1112  0.0775  0.1621  
 4   0.1430  0.1896  0.1344     -    0.1876  0.1727  0.1497  0.1293  0.1677  0.0834  
 5   0.1297  0.1877  0.1034  0.1876     -    0.1334  0.1688  0.1462  0.1032  0.2118  
 6   0.1258  0.1947  0.1309  0.1727  0.1334     -    0.1102  0.1664  0.0886  0.1935  
 7   0.1314  0.1822  0.0885  0.1497  0.1688  0.1102     -    0.1861  0.0933  0.1976  
 8   0.1545  0.1867  0.1112  0.1293  0.1462  0.1664  0.1861     -    0.1250  0.1399  
 9   0.1106  0.1737  0.0775  0.1677  0.1032  0.0886  0.0933  0.1250     -    0.1891  
10   0.1420  0.1599  0.1621  0.0834  0.2118  0.1935  0.1976  0.1399  0.1891     -    

Average distances (expected heterozygosity) between individuals in same cluster:
cluster  1  : 0.8285 
cluster  2  : 0.7713 
cluster  3  : 0.8444 
cluster  4  : 0.6933 
cluster  5  : 0.7577 
cluster  6  : 0.7013 
cluster  7  : 0.7084 
cluster  8  : 0.7457 
cluster  9  : 0.7612 
cluster 10  : 0.6827 

--------------------------------------------
Estimated Ln Prob of Data   = -207919.1
Mean value of ln likelihood = -172740.6
Variance of ln likelihood   = 70357.0

Mean value of alpha_1       = 0.0465
Mean value of alpha_2       = 0.0483
Mean value of alpha_3       = 0.1225
Mean value of alpha_4       = 0.5015
Mean value of alpha_5       = 0.5621
Mean value of alpha_6       = 0.7887
Mean value of alpha_7       = 0.8078
Mean value of alpha_8       = 0.8784
Mean value of alpha_9       = 0.9996
Mean value of alpha_10       = 0.9977
Allele frequencies uncorrelated


Inferred ancestry of individuals:
     (%Miss) :  Inferred clusters
  1    (0)   :  0.005 0.008 0.070 0.157 0.084 0.134 0.156 0.105 0.116 0.166 
  2    (0)   :  0.004 0.004 0.011 0.052 0.153 0.161 0.078 0.207 0.207 0.124 
  3    (0)   :  0.005 0.004 0.017 0.115 0.045 0.239 0.157 0.142 0.128 0.146 
  4    (0)   :  0.012 0.014 0.013 0.121 0.062 0.099 0.108 0.119 0.129 0.323 
  5    (0)   :  0.005 0.007 0.012 0.045 0.212 0.178 0.085 0.156 0.179 0.121 
  6    (0)   :  0.005 0.004 0.015 0.045 0.053 0.364 0.107 0.089 0.184 0.134 
  7    (0)   :  0.006 0.004 0.026 0.057 0.085 0.160 0.150 0.075 0.338 0.099 
  8    (0)   :  0.017 0.109 0.018 0.091 0.062 0.163 0.126 0.097 0.136 0.181 
  9    (0)   :  0.007 0.005 0.018 0.104 0.107 0.216 0.103 0.141 0.165 0.135 
 10    (0)   :  0.006 0.082 0.017 0.062 0.089 0.214 0.121 0.080 0.178 0.152 
 11    (0)   :  0.004 0.004 0.025 0.069 0.133 0.144 0.202 0.071 0.252 0.096 
 12    (0)   :  0.005 0.004 0.012 0.052 0.131 0.199 0.079 0.156 0.187 0.175 
 13    (0)   :  0.006 0.004 0.011 0.087 0.090 0.211 0.099 0.123 0.231 0.138 
 14    (0)   :  0.004 0.011 0.014 0.064 0.066 0.163 0.140 0.265 0.118 0.154 
 15    (0)   :  0.005 0.005 0.012 0.069 0.079 0.120 0.160 0.135 0.162 0.252 
 16    (0)   :  0.004 0.004 0.016 0.096 0.100 0.210 0.195 0.103 0.160 0.111 
 17    (0)   :  0.008 0.005 0.019 0.062 0.094 0.293 0.091 0.135 0.144 0.150 
 18    (0)   :  0.007 0.005 0.013 0.061 0.064 0.181 0.167 0.173 0.140 0.189 
 19    (0)   :  0.005 0.004 0.015 0.059 0.087 0.339 0.104 0.092 0.162 0.134 
 20    (0)   :  0.005 0.004 0.016 0.052 0.136 0.140 0.154 0.130 0.199 0.164 
 21    (0)   :  0.004 0.007 0.020 0.079 0.078 0.124 0.133 0.198 0.127 0.230 
 22    (0)   :  0.006 0.004 0.011 0.091 0.054 0.346 0.100 0.111 0.138 0.139 
 23    (0)   :  0.008 0.011 0.015 0.158 0.075 0.118 0.110 0.214 0.118 0.173 
 24    (0)   :  0.005 0.004 0.016 0.139 0.085 0.141 0.171 0.110 0.135 0.194 
 25    (0)   :  0.005 0.005 0.012 0.045 0.097 0.258 0.141 0.106 0.244 0.087 
 26    (0)   :  0.006 0.004 0.014 0.072 0.097 0.190 0.129 0.123 0.147 0.217 
 27    (0)   :  0.006 0.004 0.013 0.079 0.103 0.208 0.132 0.159 0.149 0.146 
 28    (0)   :  0.005 0.017 0.037 0.068 0.058 0.118 0.147 0.109 0.156 0.285 
 29    (0)   :  0.004 0.004 0.016 0.082 0.151 0.140 0.101 0.150 0.237 0.116 
 30    (0)   :  0.004 0.004 0.012 0.093 0.071 0.293 0.131 0.142 0.132 0.117 
 31    (0)   :  0.012 0.094 0.027 0.066 0.098 0.140 0.090 0.156 0.201 0.116 
 32    (0)   :  0.004 0.008 0.012 0.082 0.063 0.256 0.112 0.135 0.124 0.205 
 33    (0)   :  0.005 0.004 0.016 0.145 0.063 0.172 0.154 0.131 0.171 0.140 
 34    (0)   :  0.006 0.096 0.021 0.053 0.142 0.179 0.132 0.072 0.194 0.103 
 35    (0)   :  0.009 0.004 0.014 0.075 0.123 0.207 0.081 0.270 0.124 0.094 
 36    (0)   :  0.004 0.007 0.020 0.102 0.056 0.089 0.270 0.249 0.113 0.091 
 37    (0)   :  0.006 0.004 0.012 0.116 0.055 0.160 0.090 0.216 0.166 0.175 
 38    (0)   :  0.005 0.004 0.018 0.064 0.119 0.085 0.344 0.136 0.147 0.080 
 39    (0)   :  0.007 0.004 0.018 0.063 0.107 0.128 0.181 0.197 0.179 0.115 
 40    (0)   :  0.004 0.004 0.014 0.189 0.062 0.132 0.108 0.290 0.097 0.099 
 41    (0)   :  0.007 0.007 0.026 0.149 0.097 0.123 0.159 0.214 0.145 0.073 
 42    (0)   :  0.004 0.004 0.013 0.331 0.071 0.066 0.187 0.117 0.093 0.113 
 43    (0)   :  0.007 0.009 0.013 0.147 0.062 0.124 0.078 0.304 0.150 0.106 
 44    (0)   :  0.006 0.004 0.013 0.105 0.056 0.184 0.070 0.366 0.125 0.072 
 45    (0)   :  0.005 0.004 0.018 0.075 0.118 0.080 0.197 0.269 0.155 0.079 
 46    (0)   :  0.007 0.004 0.017 0.050 0.080 0.256 0.101 0.204 0.159 0.120 
 47    (0)   :  0.012 0.009 0.014 0.088 0.098 0.258 0.078 0.159 0.154 0.130 
 48    (0)   :  0.006 0.004 0.012 0.097 0.061 0.173 0.070 0.403 0.096 0.078 
 49    (0)   :  0.008 0.004 0.015 0.093 0.146 0.140 0.135 0.219 0.122 0.118 
 50    (0)   :  0.008 0.027 0.022 0.046 0.081 0.260 0.112 0.135 0.196 0.114 
 51    (0)   :  0.004 0.007 0.018 0.130 0.060 0.066 0.194 0.349 0.097 0.074 
 52    (0)   :  0.008 0.004 0.025 0.085 0.120 0.129 0.164 0.156 0.183 0.127 
 53    (0)   :  0.006 0.011 0.017 0.086 0.052 0.152 0.278 0.140 0.147 0.111 
 54    (0)   :  0.007 0.004 0.015 0.091 0.098 0.143 0.061 0.280 0.169 0.132 
 55    (0)   :  0.006 0.004 0.013 0.066 0.064 0.116 0.074 0.430 0.124 0.103 
 56    (0)   :  0.006 0.004 0.013 0.108 0.097 0.161 0.121 0.284 0.091 0.115 
 57    (0)   :  0.011 0.009 0.015 0.073 0.111 0.212 0.102 0.081 0.138 0.247 
 58    (0)   :  0.005 0.004 0.017 0.111 0.118 0.085 0.128 0.291 0.138 0.103 
 59    (0)   :  0.005 0.004 0.016 0.108 0.176 0.085 0.213 0.183 0.109 0.101 
 60    (0)   :  0.004 0.008 0.027 0.102 0.053 0.086 0.146 0.305 0.115 0.154 
 61    (0)   :  0.004 0.004 0.017 0.085 0.063 0.071 0.063 0.409 0.144 0.140 
 62    (0)   :  0.008 0.004 0.016 0.061 0.255 0.144 0.108 0.127 0.142 0.135 
 63    (0)   :  0.004 0.004 0.015 0.138 0.063 0.094 0.131 0.217 0.206 0.128 
 64    (0)   :  0.006 0.004 0.014 0.061 0.143 0.238 0.168 0.143 0.128 0.096 
 65    (0)   :  0.006 0.004 0.016 0.046 0.107 0.154 0.097 0.146 0.340 0.086 
 66    (0)   :  0.005 0.009 0.017 0.085 0.084 0.096 0.099 0.211 0.188 0.205 
 67    (0)   :  0.005 0.004 0.019 0.067 0.065 0.121 0.063 0.392 0.175 0.090 
 68    (0)   :  0.006 0.004 0.015 0.113 0.134 0.078 0.226 0.195 0.112 0.116 
 69    (0)   :  0.006 0.168 0.047 0.051 0.133 0.085 0.221 0.098 0.096 0.095 
 70    (0)   :  0.004 0.010 0.027 0.121 0.062 0.073 0.231 0.204 0.151 0.118 
 71    (0)   :  0.005 0.006 0.016 0.057 0.160 0.086 0.207 0.262 0.123 0.075 
 72    (0)   :  0.005 0.007 0.024 0.082 0.061 0.201 0.201 0.193 0.141 0.086 
 73    (0)   :  0.005 0.007 0.016 0.065 0.176 0.084 0.096 0.315 0.151 0.085 
 74    (0)   :  0.004 0.004 0.018 0.171 0.052 0.087 0.242 0.205 0.104 0.113 
 75    (0)   :  0.005 0.008 0.019 0.149 0.068 0.076 0.198 0.244 0.087 0.145 
 76    (0)   :  0.005 0.004 0.016 0.078 0.048 0.116 0.095 0.288 0.250 0.099 
 77    (0)   :  0.005 0.004 0.015 0.118 0.119 0.076 0.226 0.189 0.176 0.072 
 78    (0)   :  0.005 0.004 0.017 0.126 0.117 0.079 0.287 0.155 0.137 0.072 
 79    (0)   :  0.004 0.004 0.014 0.061 0.074 0.166 0.145 0.093 0.326 0.113 
 80    (0)   :  0.004 0.004 0.016 0.139 0.052 0.089 0.091 0.105 0.166 0.333 
 81    (0)   :  0.005 0.004 0.020 0.092 0.049 0.094 0.111 0.090 0.225 0.310 
 82    (0)   :  0.005 0.004 0.012 0.095 0.114 0.108 0.103 0.216 0.185 0.157 
 83    (0)   :  0.004 0.005 0.021 0.073 0.046 0.098 0.184 0.138 0.190 0.241 
 84    (0)   :  0.004 0.004 0.015 0.074 0.053 0.106 0.157 0.097 0.262 0.226 
 85    (0)   :  0.004 0.005 0.012 0.083 0.054 0.130 0.202 0.112 0.148 0.251 
 86    (0)   :  0.006 0.004 0.017 0.052 0.118 0.160 0.088 0.280 0.165 0.111 
 87    (0)   :  0.005 0.009 0.027 0.065 0.064 0.094 0.184 0.116 0.319 0.116 
 88    (0)   :  0.004 0.004 0.015 0.128 0.066 0.092 0.110 0.116 0.245 0.219 
 89    (0)   :  0.005 0.010 0.015 0.117 0.057 0.091 0.103 0.112 0.223 0.267 
 90    (0)   :  0.004 0.004 0.014 0.061 0.068 0.094 0.122 0.102 0.395 0.134 
 91    (0)   :  0.004 0.005 0.012 0.120 0.045 0.092 0.172 0.108 0.130 0.311 
 92    (0)   :  0.004 0.004 0.014 0.076 0.080 0.130 0.131 0.121 0.280 0.160 
 93    (0)   :  0.004 0.017 0.011 0.113 0.056 0.086 0.083 0.100 0.108 0.419 
 94    (0)   :  0.004 0.005 0.076 0.057 0.043 0.077 0.274 0.094 0.264 0.106 
 95    (0)   :  0.004 0.004 0.016 0.102 0.058 0.072 0.104 0.099 0.352 0.189 
 96    (0)   :  0.004 0.005 0.011 0.160 0.058 0.069 0.073 0.331 0.134 0.155 
 97    (0)   :  0.005 0.004 0.011 0.107 0.067 0.080 0.226 0.246 0.100 0.153 
 98    (0)   :  0.004 0.004 0.012 0.166 0.086 0.140 0.105 0.219 0.171 0.094 
 99    (0)   :  0.004 0.004 0.014 0.073 0.056 0.099 0.131 0.094 0.309 0.215 
100    (0)   :  0.005 0.004 0.010 0.143 0.061 0.080 0.067 0.170 0.120 0.341 
101    (0)   :  0.006 0.034 0.018 0.087 0.068 0.096 0.164 0.136 0.257 0.135 
102    (0)   :  0.006 0.006 0.015 0.142 0.085 0.072 0.147 0.150 0.151 0.227 
103    (0)   :  0.005 0.020 0.018 0.056 0.073 0.095 0.081 0.220 0.253 0.180 
104    (0)   :  0.004 0.008 0.024 0.035 0.077 0.092 0.088 0.106 0.419 0.147 
105    (0)   :  0.005 0.017 0.019 0.044 0.166 0.081 0.075 0.143 0.270 0.179 
106    (0)   :  0.004 0.004 0.022 0.043 0.071 0.115 0.177 0.103 0.390 0.071 
107    (0)   :  0.005 0.013 0.025 0.053 0.089 0.097 0.082 0.169 0.295 0.172 
108    (0)   :  0.004 0.005 0.012 0.041 0.056 0.099 0.199 0.351 0.125 0.107 
109    (0)   :  0.005 0.007 0.016 0.039 0.253 0.092 0.167 0.130 0.214 0.076 
110    (0)   :  0.005 0.006 0.038 0.048 0.089 0.113 0.195 0.083 0.348 0.075 
111    (0)   :  0.007 0.007 0.036 0.042 0.156 0.090 0.080 0.117 0.351 0.115 
112    (0)   :  0.004 0.004 0.082 0.046 0.237 0.074 0.122 0.102 0.247 0.081 
113    (0)   :  0.005 0.007 0.017 0.061 0.098 0.144 0.129 0.255 0.158 0.127 
114    (0)   :  0.005 0.008 0.026 0.039 0.134 0.082 0.086 0.103 0.346 0.172 
115    (0)   :  0.005 0.005 0.029 0.106 0.130 0.106 0.089 0.144 0.295 0.090 
116    (0)   :  0.006 0.004 0.022 0.053 0.117 0.092 0.199 0.187 0.249 0.072 
117    (0)   :  0.006 0.008 0.031 0.092 0.189 0.103 0.159 0.079 0.258 0.076 
118    (0)   :  0.005 0.004 0.018 0.044 0.203 0.098 0.085 0.233 0.199 0.112 
119    (0)   :  0.004 0.005 0.011 0.164 0.043 0.068 0.129 0.252 0.168 0.157 
120    (0)   :  0.005 0.005 0.033 0.072 0.157 0.094 0.097 0.157 0.262 0.118 
121    (0)   :  0.010 0.012 0.053 0.081 0.172 0.095 0.111 0.152 0.240 0.075 
122    (0)   :  0.004 0.007 0.024 0.045 0.139 0.109 0.157 0.108 0.310 0.096 
123    (0)   :  0.005 0.007 0.046 0.049 0.088 0.099 0.144 0.139 0.297 0.125 
124    (0)   :  0.007 0.005 0.062 0.046 0.116 0.141 0.152 0.186 0.193 0.092 
125    (0)   :  0.005 0.005 0.041 0.101 0.193 0.121 0.234 0.088 0.133 0.078 
126    (0)   :  0.004 0.004 0.030 0.062 0.059 0.082 0.194 0.191 0.255 0.120 
127    (0)   :  0.005 0.005 0.098 0.042 0.096 0.079 0.075 0.140 0.343 0.117 
128    (0)   :  0.004 0.004 0.013 0.044 0.190 0.103 0.073 0.244 0.216 0.109 
129    (0)   :  0.006 0.016 0.017 0.040 0.105 0.095 0.078 0.193 0.363 0.088 
130    (0)   :  0.006 0.010 0.031 0.050 0.163 0.087 0.091 0.105 0.293 0.164 
131    (0)   :  0.008 0.015 0.055 0.048 0.109 0.108 0.250 0.128 0.204 0.074 
132    (0)   :  0.005 0.008 0.023 0.040 0.082 0.104 0.136 0.153 0.366 0.083 
133    (0)   :  0.008 0.011 0.031 0.048 0.069 0.107 0.092 0.191 0.313 0.131 
134    (0)   :  0.004 0.004 0.042 0.039 0.134 0.089 0.130 0.075 0.418 0.065 
135    (0)   :  0.005 0.004 0.012 0.091 0.098 0.064 0.101 0.220 0.082 0.323 
136    (0)   :  0.005 0.007 0.010 0.088 0.079 0.117 0.080 0.099 0.081 0.432 
137    (0)   :  0.004 0.008 0.011 0.167 0.085 0.080 0.077 0.079 0.097 0.390 
138    (0)   :  0.004 0.004 0.013 0.069 0.045 0.072 0.097 0.093 0.082 0.521 
139    (0)   :  0.004 0.007 0.012 0.057 0.085 0.099 0.091 0.287 0.103 0.254 
140    (0)   :  0.005 0.011 0.013 0.113 0.064 0.084 0.129 0.166 0.144 0.270 
141    (0)   :  0.005 0.022 0.012 0.062 0.075 0.133 0.114 0.116 0.089 0.372 
142    (0)   :  0.005 0.010 0.011 0.078 0.080 0.065 0.091 0.283 0.085 0.292 
143    (0)   :  0.004 0.004 0.010 0.139 0.045 0.071 0.068 0.092 0.079 0.489 
144    (0)   :  0.005 0.005 0.011 0.152 0.082 0.072 0.073 0.087 0.096 0.419 
145    (0)   :  0.006 0.008 0.012 0.088 0.095 0.138 0.113 0.147 0.089 0.304 
146    (0)   :  0.006 0.008 0.014 0.107 0.076 0.103 0.131 0.097 0.145 0.312 
147    (0)   :  0.004 0.007 0.010 0.124 0.048 0.078 0.072 0.077 0.080 0.502 
148    (0)   :  0.005 0.026 0.012 0.076 0.085 0.124 0.081 0.164 0.108 0.319 
149    (0)   :  0.005 0.145 0.017 0.095 0.070 0.077 0.106 0.179 0.083 0.224 
150    (0)   :  0.005 0.008 0.012 0.092 0.105 0.093 0.081 0.114 0.141 0.350 
151    (0)   :  0.005 0.004 0.011 0.102 0.057 0.078 0.078 0.111 0.105 0.449 
152    (0)   :  0.005 0.011 0.011 0.066 0.078 0.119 0.113 0.180 0.086 0.331 
153    (0)   :  0.004 0.008 0.027 0.097 0.056 0.077 0.114 0.119 0.099 0.399 
154    (0)   :  0.005 0.197 0.014 0.074 0.070 0.116 0.079 0.169 0.084 0.192 
155    (0)   :  0.004 0.004 0.011 0.059 0.047 0.075 0.070 0.092 0.107 0.531 
156    (0)   :  0.004 0.004 0.015 0.121 0.064 0.065 0.070 0.181 0.095 0.380 
157    (0)   :  0.004 0.007 0.014 0.080 0.048 0.073 0.105 0.078 0.158 0.432 
158    (0)   :  0.005 0.008 0.012 0.103 0.099 0.128 0.123 0.118 0.085 0.318 
159    (0)   :  0.005 0.071 0.011 0.133 0.058 0.075 0.074 0.084 0.081 0.408 
160    (0)   :  0.006 0.065 0.011 0.069 0.063 0.076 0.075 0.092 0.082 0.463 
161    (0)   :  0.004 0.008 0.013 0.214 0.062 0.091 0.124 0.112 0.109 0.263 
162    (0)   :  0.006 0.008 0.013 0.062 0.082 0.109 0.123 0.119 0.154 0.323 
163    (0)   :  0.004 0.004 0.017 0.080 0.048 0.067 0.072 0.118 0.095 0.494 
164    (0)   :  0.007 0.110 0.012 0.069 0.062 0.093 0.095 0.130 0.162 0.259 
165    (0)   :  0.005 0.004 0.012 0.102 0.105 0.079 0.081 0.104 0.127 0.381 
166    (0)   :  0.005 0.104 0.013 0.068 0.045 0.072 0.150 0.146 0.137 0.260 
167    (0)   :  0.008 0.235 0.013 0.054 0.056 0.130 0.080 0.080 0.103 0.240 
168    (0)   :  0.004 0.005 0.012 0.070 0.052 0.077 0.168 0.112 0.085 0.416 
169    (0)   :  0.006 0.008 0.013 0.085 0.100 0.118 0.234 0.104 0.082 0.250 
170    (0)   :  0.004 0.004 0.010 0.280 0.052 0.075 0.078 0.174 0.113 0.210 
171    (0)   :  0.005 0.006 0.011 0.067 0.056 0.111 0.137 0.143 0.104 0.360 
172    (0)   :  0.005 0.023 0.021 0.114 0.073 0.075 0.196 0.178 0.078 0.237 
173    (0)   :  0.005 0.006 0.009 0.055 0.058 0.077 0.069 0.108 0.085 0.529 
174    (0)   :  0.004 0.007 0.011 0.068 0.055 0.085 0.083 0.083 0.110 0.493 
175    (0)   :  0.005 0.005 0.010 0.201 0.052 0.125 0.071 0.101 0.083 0.347 
176    (0)   :  0.005 0.004 0.011 0.152 0.082 0.073 0.072 0.088 0.096 0.417 
177    (0)   :  0.005 0.007 0.015 0.066 0.058 0.077 0.167 0.088 0.155 0.362 
178    (0)   :  0.005 0.008 0.011 0.055 0.060 0.146 0.083 0.089 0.113 0.429 
179    (0)   :  0.004 0.013 0.010 0.058 0.044 0.081 0.068 0.087 0.085 0.551 
180    (0)   :  0.006 0.023 0.014 0.125 0.071 0.102 0.118 0.108 0.110 0.324 
181    (0)   :  0.005 0.007 0.012 0.097 0.078 0.084 0.105 0.171 0.090 0.352 
182    (0)   :  0.006 0.005 0.010 0.093 0.063 0.069 0.072 0.168 0.085 0.429 
183    (0)   :  0.004 0.007 0.010 0.086 0.048 0.083 0.070 0.105 0.084 0.504 
184    (0)   :  0.005 0.004 0.011 0.051 0.085 0.209 0.079 0.278 0.158 0.120 
185    (0)   :  0.004 0.004 0.026 0.089 0.055 0.063 0.058 0.176 0.070 0.455 
186    (0)   :  0.005 0.004 0.013 0.052 0.061 0.163 0.077 0.228 0.287 0.110 
187    (0)   :  0.004 0.004 0.013 0.057 0.060 0.128 0.072 0.205 0.161 0.295 
188    (0)   :  0.005 0.004 0.012 0.046 0.063 0.161 0.064 0.288 0.269 0.089 
189    (0)   :  0.004 0.004 0.015 0.099 0.048 0.180 0.147 0.185 0.103 0.215 
190    (0)   :  0.004 0.004 0.011 0.066 0.057 0.056 0.057 0.466 0.077 0.203 
191    (0)   :  0.004 0.004 0.010 0.056 0.100 0.131 0.071 0.262 0.197 0.165 
192    (0)   :  0.004 0.004 0.012 0.100 0.072 0.146 0.078 0.148 0.198 0.240 
193    (0)   :  0.004 0.004 0.010 0.093 0.098 0.140 0.089 0.215 0.147 0.200 
194    (0)   :  0.004 0.005 0.014 0.168 0.058 0.113 0.080 0.211 0.178 0.168 
195    (0)   :  0.004 0.004 0.012 0.073 0.047 0.075 0.060 0.331 0.093 0.300 
196    (0)   :  0.004 0.004 0.011 0.066 0.069 0.078 0.067 0.401 0.105 0.196 
197    (0)   :  0.005 0.004 0.021 0.046 0.081 0.198 0.081 0.179 0.162 0.224 
198    (0)   :  0.004 0.004 0.014 0.089 0.066 0.162 0.122 0.184 0.192 0.163 
199    (0)   :  0.004 0.004 0.013 0.100 0.074 0.077 0.083 0.391 0.111 0.144 
200    (0)   :  0.004 0.004 0.011 0.058 0.079 0.108 0.088 0.374 0.091 0.184 
201    (0)   :  0.004 0.004 0.010 0.057 0.055 0.093 0.060 0.213 0.103 0.402 
202    (0)   :  0.004 0.004 0.014 0.145 0.062 0.073 0.061 0.236 0.105 0.297 
203    (0)   :  0.004 0.004 0.012 0.060 0.070 0.079 0.059 0.210 0.098 0.403 
204    (0)   :  0.004 0.004 0.011 0.067 0.058 0.072 0.060 0.413 0.123 0.186 
205    (0)   :  0.004 0.004 0.012 0.063 0.066 0.100 0.086 0.363 0.148 0.153 
206    (0)   :  0.004 0.005 0.011 0.061 0.058 0.097 0.059 0.372 0.116 0.218 
207    (0)   :  0.004 0.004 0.010 0.064 0.095 0.084 0.060 0.400 0.157 0.122 
208    (0)   :  0.004 0.004 0.010 0.048 0.069 0.082 0.063 0.311 0.121 0.289 
209    (0)   :  0.004 0.004 0.010 0.076 0.100 0.131 0.072 0.253 0.173 0.177 
210    (0)   :  0.004 0.004 0.011 0.058 0.065 0.093 0.065 0.336 0.143 0.222 
211    (0)   :  0.005 0.004 0.012 0.110 0.159 0.076 0.059 0.271 0.124 0.181 
212    (0)   :  0.004 0.004 0.013 0.108 0.058 0.111 0.074 0.201 0.092 0.336 
213    (0)   :  0.004 0.004 0.017 0.110 0.067 0.074 0.112 0.289 0.185 0.138 
214    (0)   :  0.004 0.004 0.010 0.104 0.074 0.085 0.061 0.210 0.092 0.356 
215    (0)   :  0.004 0.004 0.011 0.048 0.092 0.100 0.079 0.369 0.156 0.136 
216    (0)   :  0.005 0.004 0.011 0.061 0.083 0.219 0.085 0.249 0.145 0.138 
217    (0)   :  0.004 0.004 0.010 0.085 0.057 0.098 0.068 0.262 0.090 0.322 
218    (0)   :  0.004 0.004 0.012 0.062 0.074 0.098 0.088 0.291 0.173 0.193 
219    (0)   :  0.006 0.004 0.012 0.065 0.053 0.207 0.097 0.178 0.114 0.264 
220    (0)   :  0.004 0.004 0.010 0.054 0.073 0.087 0.061 0.376 0.175 0.156 
221    (0)   :  0.004 0.004 0.011 0.289 0.054 0.066 0.061 0.211 0.078 0.223 
222    (0)   :  0.005 0.004 0.011 0.072 0.061 0.264 0.084 0.186 0.144 0.170 
223    (0)   :  0.004 0.004 0.013 0.066 0.058 0.136 0.086 0.177 0.129 0.327 
224    (0)   :  0.004 0.005 0.011 0.087 0.059 0.100 0.060 0.245 0.111 0.318 
225    (0)   :  0.004 0.004 0.012 0.070 0.068 0.096 0.075 0.351 0.134 0.186 
226    (0)   :  0.005 0.005 0.013 0.070 0.082 0.143 0.163 0.219 0.115 0.185 
227    (0)   :  0.004 0.005 0.016 0.080 0.056 0.074 0.060 0.339 0.138 0.229 
228    (0)   :  0.004 0.004 0.020 0.072 0.056 0.068 0.057 0.357 0.082 0.279 
229    (0)   :  0.004 0.004 0.011 0.098 0.062 0.113 0.061 0.184 0.147 0.316 
230    (0)   :  0.004 0.004 0.011 0.089 0.080 0.095 0.061 0.246 0.141 0.269 
231    (0)   :  0.004 0.004 0.011 0.062 0.075 0.151 0.070 0.183 0.120 0.320 
232    (0)   :  0.004 0.004 0.017 0.159 0.072 0.080 0.125 0.204 0.151 0.183 
233    (0)   :  0.004 0.004 0.010 0.066 0.070 0.089 0.061 0.158 0.093 0.446 
234    (0)   :  0.004 0.004 0.012 0.060 0.087 0.188 0.088 0.159 0.154 0.246 
235    (0)   :  0.004 0.004 0.011 0.109 0.057 0.117 0.088 0.248 0.126 0.235 
236    (0)   :  0.004 0.004 0.011 0.077 0.086 0.122 0.073 0.173 0.109 0.341 
237    (0)   :  0.004 0.004 0.012 0.055 0.107 0.095 0.071 0.369 0.129 0.154 
238    (0)   :  0.004 0.004 0.012 0.118 0.067 0.099 0.066 0.188 0.120 0.323 
239    (0)   :  0.004 0.004 0.012 0.074 0.046 0.076 0.061 0.330 0.093 0.299 
240    (0)   :  0.004 0.004 0.012 0.120 0.067 0.099 0.066 0.186 0.121 0.322 
241    (0)   :  0.005 0.004 0.010 0.122 0.058 0.080 0.080 0.237 0.102 0.302 
242    (0)   :  0.004 0.005 0.014 0.078 0.048 0.140 0.095 0.285 0.128 0.204 
243    (0)   :  0.004 0.004 0.010 0.060 0.075 0.067 0.057 0.430 0.086 0.207 
244    (0)   :  0.004 0.004 0.011 0.076 0.077 0.088 0.061 0.235 0.101 0.343 
245    (0)   :  0.004 0.004 0.013 0.096 0.049 0.076 0.068 0.178 0.104 0.409 
246    (0)   :  0.004 0.004 0.011 0.086 0.056 0.098 0.068 0.262 0.090 0.321 
247    (0)   :  0.004 0.004 0.014 0.053 0.068 0.107 0.127 0.244 0.281 0.099 
248    (0)   :  0.004 0.004 0.011 0.044 0.110 0.105 0.073 0.360 0.172 0.117 
249    (0)   :  0.004 0.004 0.010 0.128 0.078 0.095 0.061 0.218 0.128 0.275 
250    (0)   :  0.004 0.004 0.011 0.091 0.088 0.131 0.073 0.178 0.150 0.269 
251    (0)   :  0.004 0.004 0.012 0.058 0.095 0.159 0.132 0.261 0.115 0.160 
252    (0)   :  0.004 0.004 0.013 0.088 0.053 0.114 0.076 0.271 0.140 0.236 
253    (0)   :  0.004 0.004 0.016 0.077 0.074 0.116 0.115 0.297 0.176 0.122 
254    (0)   :  0.005 0.004 0.012 0.058 0.063 0.227 0.070 0.230 0.130 0.203 
255    (0)   :  0.004 0.004 0.010 0.093 0.073 0.161 0.072 0.184 0.184 0.214 
256    (0)   :  0.004 0.004 0.010 0.100 0.073 0.094 0.073 0.299 0.108 0.235 
257    (0)   :  0.007 0.006 0.014 0.086 0.077 0.101 0.078 0.294 0.153 0.184 
258    (0)   :  0.004 0.004 0.014 0.055 0.086 0.117 0.092 0.305 0.157 0.166 
259    (0)   :  0.005 0.005 0.011 0.090 0.087 0.125 0.072 0.253 0.158 0.194 
260    (0)   :  0.005 0.004 0.012 0.081 0.062 0.231 0.070 0.129 0.117 0.291 
261    (0)   :  0.004 0.004 0.014 0.076 0.052 0.103 0.077 0.271 0.102 0.296 
262    (0)   :  0.004 0.004 0.011 0.083 0.054 0.067 0.065 0.390 0.077 0.244 
263    (0)   :  0.005 0.004 0.011 0.048 0.075 0.143 0.060 0.376 0.126 0.151 
264    (0)   :  0.005 0.004 0.011 0.045 0.079 0.316 0.090 0.207 0.157 0.087 
265    (0)   :  0.004 0.004 0.011 0.061 0.064 0.142 0.089 0.247 0.133 0.245 
266    (0)   :  0.004 0.004 0.012 0.129 0.055 0.066 0.061 0.247 0.078 0.345 
267    (0)   :  0.004 0.004 0.011 0.082 0.106 0.139 0.069 0.207 0.139 0.240 
268    (0)   :  0.004 0.004 0.011 0.067 0.071 0.078 0.067 0.397 0.104 0.198 
269    (0)   :  0.004 0.004 0.012 0.060 0.059 0.213 0.111 0.179 0.107 0.251 
270    (0)   :  0.005 0.007 0.014 0.051 0.083 0.172 0.083 0.256 0.173 0.155 
271    (0)   :  0.004 0.004 0.012 0.057 0.095 0.105 0.089 0.332 0.146 0.156 
272    (0)   :  0.005 0.005 0.013 0.060 0.097 0.113 0.148 0.285 0.111 0.161 
273    (0)   :  0.020 0.029 0.027 0.088 0.089 0.124 0.107 0.155 0.157 0.205 
274    (0)   :  0.005 0.004 0.011 0.066 0.083 0.137 0.109 0.262 0.146 0.177 
275    (0)   :  0.008 0.019 0.015 0.061 0.094 0.154 0.098 0.233 0.111 0.207 
276    (0)   :  0.005 0.004 0.013 0.080 0.102 0.102 0.126 0.316 0.130 0.122 
277    (0)   :  0.004 0.004 0.011 0.084 0.064 0.154 0.088 0.190 0.134 0.266 
278    (0)   :  0.004 0.004 0.011 0.046 0.091 0.094 0.078 0.391 0.116 0.165 
279    (0)   :  0.004 0.004 0.011 0.074 0.084 0.131 0.088 0.252 0.130 0.221 
280    (0)   :  0.004 0.004 0.013 0.070 0.070 0.148 0.120 0.257 0.107 0.206 
281    (0)   :  0.004 0.004 0.013 0.067 0.073 0.100 0.098 0.264 0.199 0.178 
282    (0)   :  0.004 0.004 0.011 0.082 0.064 0.140 0.074 0.127 0.111 0.383 
283    (0)   :  0.004 0.004 0.012 0.101 0.055 0.097 0.060 0.149 0.127 0.391 
284    (0)   :  0.004 0.007 0.013 0.079 0.102 0.125 0.082 0.186 0.138 0.263 
285    (0)   :  0.004 0.004 0.012 0.044 0.102 0.098 0.094 0.392 0.167 0.083 
286    (0)   :  0.004 0.004 0.011 0.076 0.076 0.088 0.060 0.237 0.103 0.340 
287    (0)   :  0.004 0.004 0.013 0.079 0.056 0.128 0.119 0.194 0.183 0.219 
288    (0)   :  0.005 0.005 0.013 0.060 0.085 0.136 0.125 0.266 0.143 0.162 
289    (0)   :  0.007 0.007 0.016 0.072 0.087 0.130 0.090 0.282 0.177 0.133 
290    (0)   :  0.006 0.004 0.013 0.108 0.106 0.149 0.087 0.279 0.112 0.138 
291    (0)   :  0.004 0.004 0.011 0.058 0.093 0.105 0.089 0.334 0.147 0.155 
292    (0)   :  0.004 0.004 0.018 0.084 0.058 0.114 0.120 0.303 0.094 0.201 
293    (0)   :  0.004 0.004 0.013 0.061 0.110 0.198 0.106 0.272 0.113 0.118 
294    (0)   :  0.006 0.004 0.012 0.055 0.062 0.131 0.066 0.410 0.138 0.116 
295    (0)   :  0.005 0.011 0.017 0.071 0.095 0.117 0.127 0.290 0.135 0.132 
296    (0)   :  0.004 0.004 0.013 0.052 0.081 0.080 0.082 0.359 0.160 0.166 
297    (0)   :  0.004 0.004 0.013 0.075 0.070 0.172 0.120 0.241 0.146 0.155 
298    (0)   :  0.004 0.004 0.011 0.101 0.065 0.154 0.073 0.131 0.153 0.304 
299    (0)   :  0.005 0.004 0.012 0.061 0.060 0.190 0.060 0.272 0.178 0.158 
300    (0)   :  0.004 0.004 0.011 0.057 0.082 0.091 0.079 0.412 0.146 0.114 
301    (0)   :  0.005 0.007 0.012 0.051 0.090 0.233 0.088 0.243 0.119 0.152 
302    (0)   :  0.006 0.008 0.013 0.047 0.070 0.122 0.068 0.431 0.102 0.132 
303    (0)   :  0.004 0.004 0.013 0.104 0.068 0.106 0.085 0.220 0.107 0.289 
304    (0)   :  0.005 0.007 0.016 0.068 0.078 0.196 0.075 0.092 0.141 0.322 
305    (0)   :  0.004 0.008 0.012 0.064 0.060 0.080 0.072 0.365 0.089 0.246 
306    (0)   :  0.004 0.004 0.011 0.119 0.056 0.114 0.084 0.220 0.100 0.288 
307    (0)   :  0.005 0.004 0.011 0.108 0.085 0.135 0.089 0.210 0.128 0.224 
308    (0)   :  0.004 0.004 0.014 0.078 0.053 0.104 0.076 0.271 0.101 0.296 
309    (0)   :  0.017 0.024 0.025 0.060 0.092 0.100 0.068 0.288 0.179 0.146 
310    (0)   :  0.004 0.004 0.010 0.072 0.070 0.080 0.059 0.358 0.095 0.250 
311    (0)   :  0.005 0.004 0.011 0.090 0.081 0.095 0.060 0.244 0.141 0.269 
312    (0)   :  0.004 0.004 0.012 0.054 0.071 0.081 0.061 0.389 0.172 0.153 
313    (0)   :  0.004 0.004 0.012 0.047 0.070 0.080 0.071 0.485 0.126 0.101 
314    (0)   :  0.004 0.024 0.015 0.118 0.047 0.074 0.073 0.132 0.076 0.437 
315    (0)   :  0.004 0.023 0.014 0.097 0.045 0.079 0.110 0.120 0.079 0.428 
316    (0)   :  0.007 0.052 0.013 0.067 0.046 0.089 0.130 0.086 0.087 0.423 
317    (0)   :  0.005 0.022 0.010 0.097 0.047 0.075 0.075 0.086 0.079 0.504 
318    (0)   :  0.005 0.047 0.010 0.066 0.045 0.081 0.078 0.068 0.080 0.520 
319    (0)   :  0.004 0.004 0.010 0.094 0.048 0.071 0.069 0.092 0.078 0.531 
320    (0)   :  0.005 0.023 0.015 0.121 0.047 0.073 0.073 0.131 0.076 0.436 
321    (0)   :  0.005 0.053 0.011 0.102 0.048 0.083 0.080 0.080 0.081 0.458 
322    (0)   :  0.007 0.021 0.013 0.101 0.049 0.082 0.123 0.120 0.085 0.398 
323    (0)   :  0.012 0.021 0.011 0.077 0.044 0.085 0.073 0.074 0.082 0.520 
324    (0)   :  0.005 0.054 0.011 0.102 0.048 0.083 0.079 0.080 0.081 0.458 
325    (0)   :  0.005 0.072 0.011 0.062 0.045 0.086 0.127 0.080 0.083 0.429 
326    (0)   :  0.006 0.288 0.011 0.075 0.044 0.081 0.107 0.080 0.085 0.223 
327    (0)   :  0.005 0.023 0.011 0.096 0.046 0.075 0.075 0.087 0.079 0.503 
328    (0)   :  0.004 0.022 0.011 0.103 0.049 0.082 0.120 0.109 0.085 0.416 
329    (0)   :  0.004 0.006 0.010 0.109 0.043 0.075 0.071 0.067 0.079 0.536 
330    (0)   :  0.005 0.023 0.010 0.097 0.047 0.076 0.076 0.086 0.078 0.502 
331    (0)   :  0.004 0.013 0.010 0.065 0.044 0.075 0.071 0.072 0.080 0.565 
332    (0)   :  0.008 0.277 0.011 0.075 0.044 0.085 0.108 0.079 0.085 0.228 
333    (0)   :  0.006 0.203 0.012 0.085 0.046 0.079 0.106 0.093 0.086 0.284 
334    (0)   :  0.004 0.022 0.011 0.102 0.049 0.082 0.121 0.108 0.084 0.416 
335    (0)   :  0.004 0.010 0.011 0.123 0.046 0.076 0.110 0.107 0.081 0.432 
336    (0)   :  0.008 0.237 0.015 0.099 0.044 0.081 0.073 0.101 0.079 0.263 
337    (0)   :  0.004 0.080 0.011 0.099 0.049 0.087 0.128 0.097 0.084 0.361 
338    (0)   :  0.004 0.221 0.010 0.077 0.044 0.083 0.076 0.069 0.082 0.333 
339    (0)   :  0.004 0.013 0.010 0.066 0.044 0.076 0.071 0.072 0.080 0.564 
340    (0)   :  0.004 0.006 0.009 0.064 0.043 0.070 0.068 0.078 0.078 0.580 
341    (0)   :  0.009 0.104 0.012 0.083 0.047 0.077 0.074 0.076 0.082 0.436 
342    (0)   :  0.005 0.023 0.010 0.094 0.047 0.076 0.076 0.086 0.078 0.505 
343    (0)   :  0.011 0.034 0.016 0.191 0.047 0.085 0.105 0.140 0.080 0.291 
344    (0)   :  0.004 0.012 0.010 0.080 0.044 0.077 0.072 0.067 0.079 0.556 
345    (0)   :  0.005 0.022 0.011 0.096 0.047 0.076 0.076 0.085 0.079 0.503 
346    (0)   :  0.005 0.021 0.010 0.064 0.044 0.075 0.075 0.073 0.079 0.556 
347    (0)   :  0.004 0.007 0.010 0.078 0.042 0.070 0.067 0.072 0.078 0.572 
348    (0)   :  0.004 0.010 0.014 0.147 0.046 0.072 0.101 0.162 0.077 0.367 
349    (0)   :  0.005 0.023 0.011 0.097 0.046 0.076 0.075 0.086 0.079 0.501 
350    (0)   :  0.004 0.006 0.014 0.079 0.046 0.074 0.070 0.110 0.077 0.520 
351    (0)   :  0.004 0.010 0.010 0.122 0.046 0.076 0.110 0.107 0.082 0.432 
352    (0)   :  0.005 0.033 0.012 0.093 0.048 0.080 0.123 0.110 0.083 0.414 
353    (0)   :  0.008 0.234 0.015 0.101 0.044 0.082 0.073 0.100 0.078 0.265 
354    (0)   :  0.006 0.021 0.012 0.096 0.046 0.081 0.074 0.071 0.082 0.510 
355    (0)   :  0.005 0.047 0.010 0.065 0.045 0.082 0.078 0.068 0.080 0.521 
356    (0)   :  0.004 0.005 0.013 0.221 0.045 0.071 0.098 0.158 0.077 0.308 
357    (0)   :  0.004 0.005 0.010 0.059 0.052 0.150 0.179 0.090 0.098 0.353 
358    (0)   :  0.004 0.171 0.011 0.098 0.044 0.083 0.110 0.079 0.083 0.316 
359    (0)   :  0.005 0.122 0.010 0.080 0.045 0.079 0.074 0.076 0.081 0.428 
360    (0)   :  0.004 0.021 0.010 0.064 0.044 0.074 0.075 0.072 0.079 0.555 
361    (0)   :  0.004 0.005 0.011 0.096 0.057 0.150 0.180 0.118 0.098 0.282 
362    (0)   :  0.005 0.009 0.015 0.053 0.056 0.119 0.242 0.187 0.188 0.125 
363    (0)   :  0.006 0.006 0.023 0.053 0.067 0.165 0.175 0.130 0.284 0.090 
364    (0)   :  0.009 0.008 0.014 0.106 0.082 0.237 0.095 0.115 0.141 0.194 
365    (0)   :  0.012 0.008 0.021 0.056 0.131 0.197 0.228 0.105 0.141 0.102 
366    (0)   :  0.005 0.006 0.014 0.076 0.082 0.196 0.144 0.232 0.105 0.139 
367    (0)   :  0.004 0.004 0.035 0.042 0.063 0.106 0.237 0.076 0.356 0.076 
368    (0)   :  0.004 0.004 0.012 0.061 0.087 0.149 0.112 0.112 0.344 0.114 
369    (0)   :  0.005 0.011 0.015 0.195 0.063 0.201 0.086 0.179 0.130 0.114 
370    (0)   :  0.010 0.016 0.024 0.070 0.119 0.164 0.097 0.132 0.257 0.112 
371    (0)   :  0.008 0.017 0.016 0.076 0.085 0.290 0.081 0.150 0.146 0.131 
372    (0)   :  0.030 0.023 0.026 0.070 0.104 0.099 0.096 0.164 0.248 0.140 
373    (0)   :  0.005 0.004 0.023 0.090 0.081 0.142 0.119 0.107 0.287 0.143 
374    (0)   :  0.006 0.005 0.014 0.161 0.128 0.154 0.123 0.108 0.135 0.167 
375    (0)   :  0.010 0.008 0.021 0.049 0.085 0.267 0.112 0.084 0.275 0.088 
376    (0)   :  0.084 0.006 0.020 0.053 0.056 0.225 0.224 0.076 0.172 0.083 
377    (0)   :  0.006 0.012 0.015 0.049 0.098 0.154 0.183 0.168 0.189 0.125 
378    (0)   :  0.005 0.010 0.083 0.064 0.072 0.077 0.113 0.112 0.256 0.209 
379    (0)   :  0.143 0.009 0.030 0.050 0.061 0.202 0.167 0.090 0.174 0.074 
380    (0)   :  0.009 0.010 0.017 0.114 0.060 0.157 0.251 0.122 0.109 0.153 
381    (0)   :  0.006 0.005 0.022 0.134 0.057 0.293 0.128 0.145 0.091 0.118 
382    (0)   :  0.004 0.007 0.015 0.045 0.066 0.323 0.138 0.081 0.218 0.103 
383    (0)   :  0.008 0.168 0.018 0.051 0.066 0.190 0.189 0.087 0.102 0.121 
384    (0)   :  0.029 0.050 0.039 0.062 0.077 0.259 0.112 0.078 0.149 0.145 
385    (0)   :  0.005 0.085 0.013 0.054 0.258 0.157 0.087 0.079 0.110 0.151 
386    (0)   :  0.004 0.004 0.016 0.052 0.063 0.166 0.241 0.103 0.261 0.090 
387    (0)   :  0.004 0.004 0.019 0.044 0.092 0.180 0.224 0.099 0.218 0.117 
388    (0)   :  0.012 0.009 0.018 0.088 0.139 0.170 0.122 0.083 0.159 0.200 
389    (0)   :  0.009 0.016 0.015 0.051 0.246 0.121 0.075 0.223 0.144 0.100 
390    (0)   :  0.015 0.016 0.086 0.065 0.072 0.102 0.223 0.124 0.217 0.080 
391    (0)   :  0.009 0.010 0.023 0.085 0.240 0.101 0.124 0.142 0.151 0.114 
392    (0)   :  0.006 0.004 0.020 0.060 0.054 0.178 0.191 0.119 0.196 0.171 
393    (0)   :  0.006 0.006 0.056 0.089 0.055 0.129 0.327 0.098 0.103 0.132 
394    (0)   :  0.004 0.010 0.019 0.069 0.051 0.093 0.216 0.105 0.204 0.229 
395    (0)   :  0.004 0.004 0.015 0.045 0.069 0.095 0.241 0.233 0.184 0.110 
396    (0)   :  0.004 0.004 0.017 0.043 0.081 0.223 0.117 0.092 0.342 0.077 
397    (0)   :  0.039 0.004 0.013 0.074 0.055 0.250 0.075 0.188 0.128 0.174 
398    (0)   :  0.034 0.005 0.020 0.047 0.047 0.096 0.349 0.086 0.237 0.081 
399    (0)   :  0.004 0.009 0.042 0.055 0.102 0.092 0.155 0.124 0.323 0.095 
400    (0)   :  0.005 0.004 0.025 0.082 0.066 0.206 0.156 0.094 0.252 0.108 
401    (0)   :  0.004 0.004 0.028 0.066 0.069 0.072 0.176 0.155 0.299 0.126 
402    (0)   :  0.005 0.005 0.018 0.062 0.084 0.154 0.122 0.162 0.258 0.131 
403    (0)   :  0.005 0.005 0.014 0.072 0.110 0.118 0.129 0.108 0.124 0.315 
404    (0)   :  0.005 0.004 0.014 0.095 0.153 0.227 0.108 0.107 0.162 0.126 
405    (0)   :  0.004 0.004 0.013 0.069 0.071 0.159 0.239 0.153 0.158 0.129 
406    (0)   :  0.004 0.004 0.012 0.108 0.054 0.090 0.317 0.173 0.098 0.139 
407    (0)   :  0.004 0.003 0.013 0.048 0.068 0.188 0.343 0.087 0.169 0.077 
408    (0)   :  0.004 0.004 0.023 0.043 0.060 0.070 0.101 0.225 0.401 0.071 
409    (0)   :  0.008 0.007 0.018 0.293 0.054 0.085 0.204 0.106 0.110 0.113 
410    (0)   :  0.063 0.007 0.039 0.072 0.077 0.123 0.175 0.112 0.204 0.128 
411    (0)   :  0.009 0.016 0.017 0.060 0.048 0.269 0.124 0.134 0.174 0.148 
412    (0)   :  0.004 0.004 0.013 0.054 0.072 0.172 0.128 0.108 0.336 0.108 
413    (0)   :  0.004 0.008 0.014 0.056 0.056 0.108 0.139 0.102 0.312 0.199 
414    (0)   :  0.004 0.008 0.019 0.036 0.138 0.190 0.101 0.108 0.311 0.085 
415    (0)   :  0.004 0.004 0.017 0.075 0.064 0.198 0.221 0.160 0.167 0.089 
416    (0)   :  0.005 0.004 0.034 0.111 0.132 0.125 0.151 0.134 0.192 0.112 
417    (0)   :  0.005 0.005 0.016 0.064 0.059 0.120 0.361 0.091 0.195 0.084 
418    (0)   :  0.005 0.004 0.022 0.050 0.069 0.163 0.124 0.078 0.398 0.087 
419    (0)   :  0.009 0.008 0.031 0.104 0.100 0.121 0.168 0.112 0.167 0.181 
420    (0)   :  0.004 0.004 0.032 0.070 0.062 0.074 0.163 0.212 0.300 0.079 
421    (0)   :  0.005 0.005 0.018 0.076 0.068 0.098 0.217 0.107 0.320 0.086 
422    (0)   :  0.005 0.004 0.012 0.053 0.063 0.087 0.267 0.241 0.167 0.101 
423    (0)   :  0.005 0.004 0.015 0.046 0.071 0.200 0.203 0.129 0.188 0.140 
424    (0)   :  0.007 0.007 0.021 0.084 0.103 0.095 0.230 0.132 0.204 0.117 
425    (0)   :  0.014 0.007 0.024 0.057 0.152 0.224 0.121 0.101 0.147 0.154 
426    (0)   :  0.023 0.025 0.032 0.071 0.095 0.133 0.187 0.101 0.207 0.127 
427    (0)   :  0.004 0.008 0.019 0.043 0.048 0.094 0.370 0.075 0.176 0.164 
428    (0)   :  0.017 0.006 0.016 0.073 0.058 0.082 0.323 0.140 0.112 0.174 
429    (0)   :  0.005 0.004 0.019 0.043 0.050 0.208 0.243 0.079 0.274 0.076 
430    (0)   :  0.004 0.005 0.018 0.053 0.060 0.116 0.405 0.090 0.166 0.084 
431    (0)   :  0.009 0.011 0.025 0.052 0.113 0.144 0.134 0.130 0.227 0.154 
432    (0)   :  0.004 0.004 0.013 0.063 0.074 0.127 0.131 0.117 0.349 0.119 
433    (0)   :  0.007 0.005 0.013 0.120 0.070 0.124 0.091 0.149 0.181 0.241 
434    (0)   :  0.005 0.004 0.012 0.103 0.080 0.216 0.129 0.150 0.172 0.129 
435    (0)   :  0.004 0.004 0.012 0.043 0.047 0.087 0.463 0.084 0.178 0.079 
436    (0)   :  0.006 0.005 0.054 0.081 0.046 0.113 0.368 0.084 0.146 0.097 
437    (0)   :  0.005 0.004 0.010 0.047 0.052 0.373 0.175 0.093 0.153 0.088 
438    (0)   :  0.005 0.005 0.015 0.095 0.053 0.066 0.386 0.137 0.139 0.098 
439    (0)   :  0.004 0.004 0.020 0.060 0.053 0.092 0.495 0.066 0.116 0.088 
440    (0)   :  0.004 0.004 0.019 0.039 0.065 0.127 0.427 0.082 0.164 0.070 
441    (0)   :  0.004 0.005 0.018 0.086 0.061 0.116 0.377 0.084 0.128 0.121 
442    (0)   :  0.005 0.004 0.016 0.066 0.142 0.192 0.163 0.113 0.220 0.080 
443    (0)   :  0.004 0.004 0.078 0.052 0.077 0.086 0.236 0.174 0.217 0.073 
444    (0)   :  0.005 0.004 0.015 0.062 0.125 0.184 0.231 0.122 0.174 0.079 
445    (0)   :  0.032 0.005 0.051 0.148 0.056 0.110 0.262 0.114 0.110 0.112 
446    (0)   :  0.042 0.006 0.027 0.059 0.052 0.087 0.374 0.065 0.205 0.083 
447    (0)   :  0.005 0.004 0.015 0.081 0.140 0.086 0.339 0.100 0.113 0.117 
448    (0)   :  0.004 0.004 0.013 0.053 0.074 0.148 0.331 0.098 0.184 0.089 
449    (0)   :  0.004 0.004 0.014 0.064 0.078 0.152 0.320 0.100 0.144 0.119 
450    (0)   :  0.006 0.005 0.028 0.080 0.082 0.279 0.180 0.062 0.154 0.125 
451    (0)   :  0.004 0.004 0.015 0.038 0.076 0.116 0.166 0.111 0.398 0.071 
452    (0)   :  0.005 0.004 0.020 0.069 0.063 0.179 0.278 0.074 0.182 0.128 
453    (0)   :  0.004 0.005 0.040 0.096 0.096 0.085 0.160 0.264 0.161 0.091 
454    (0)   :  0.004 0.009 0.016 0.057 0.055 0.161 0.322 0.102 0.142 0.132 
455    (0)   :  0.004 0.005 0.020 0.061 0.057 0.091 0.458 0.093 0.136 0.074 
456    (0)   :  0.005 0.004 0.023 0.054 0.067 0.145 0.304 0.180 0.143 0.075 
457    (0)   :  0.005 0.004 0.011 0.057 0.058 0.233 0.325 0.085 0.133 0.089 
458    (0)   :  0.036 0.005 0.027 0.066 0.056 0.119 0.367 0.078 0.157 0.089 
459    (0)   :  0.004 0.004 0.027 0.100 0.060 0.081 0.395 0.064 0.147 0.117 
460    (0)   :  0.004 0.004 0.029 0.048 0.057 0.085 0.423 0.072 0.199 0.079 
461    (0)   :  0.005 0.004 0.040 0.054 0.066 0.137 0.228 0.061 0.323 0.083 
462    (0)   :  0.006 0.005 0.098 0.042 0.188 0.169 0.182 0.120 0.125 0.065 
463    (0)   :  0.004 0.005 0.031 0.065 0.051 0.085 0.340 0.223 0.105 0.092 
464    (0)   :  0.004 0.004 0.029 0.054 0.057 0.080 0.360 0.114 0.224 0.074 
465    (0)   :  0.006 0.004 0.026 0.066 0.072 0.097 0.275 0.114 0.256 0.086 
466    (0)   :  0.004 0.004 0.023 0.056 0.059 0.080 0.316 0.183 0.200 0.075 
467    (0)   :  0.005 0.005 0.083 0.071 0.069 0.122 0.271 0.127 0.143 0.103 
468    (0)   :  0.004 0.004 0.017 0.053 0.052 0.161 0.408 0.116 0.111 0.074 
469    (0)   :  0.004 0.004 0.016 0.048 0.048 0.079 0.562 0.062 0.098 0.079 
470    (0)   :  0.004 0.004 0.015 0.046 0.045 0.076 0.486 0.073 0.173 0.079 
471    (0)   :  0.005 0.004 0.024 0.054 0.125 0.132 0.175 0.199 0.194 0.088 
472    (0)   :  0.005 0.004 0.043 0.076 0.095 0.173 0.210 0.136 0.178 0.080 
473    (0)   :  0.004 0.004 0.011 0.066 0.062 0.163 0.284 0.128 0.160 0.117 
474    (0)   :  0.004 0.004 0.032 0.081 0.063 0.171 0.252 0.111 0.171 0.112 
475    (0)   :  0.005 0.004 0.019 0.099 0.068 0.093 0.249 0.104 0.243 0.115 
476    (0)   :  0.005 0.005 0.039 0.071 0.054 0.265 0.244 0.098 0.138 0.082 
477    (0)   :  0.005 0.005 0.021 0.089 0.097 0.100 0.248 0.099 0.235 0.100 
478    (0)   :  0.006 0.005 0.035 0.047 0.117 0.075 0.233 0.073 0.330 0.078 
479    (0)   :  0.004 0.004 0.014 0.043 0.058 0.133 0.427 0.072 0.166 0.079 
480    (0)   :  0.005 0.004 0.015 0.051 0.047 0.229 0.354 0.077 0.131 0.087 
481    (0)   :  0.004 0.004 0.014 0.051 0.162 0.173 0.172 0.137 0.195 0.087 
