

----------------------------------------------------
STRUCTURE by Pritchard, Stephens and Donnelly (2000)
     and Falush, Stephens and Pritchard (2003)
       Code by Pritchard, Falush and Hubisz
             Version 2.3.4 (Jul 2012)
----------------------------------------------------



Command line arguments:   ./structure -K 8 -D 108006 -m brooktrout/mainparams -e brooktrout/extraparams -o brooktrout/250914_output/results_K8_rep6 
Input File:    brooktrout/brooktrout.txt

Run parameters:
   8454 individuals
   5 loci
   8 populations assumed
   50000 Burn-in period
   100000 Reps
RANDOMIZE turned off


--------------------------------------------
Overall proportion of membership of the
sample in each of the 8 clusters

Inferred Clusters
  1      2      3      4      5      6      7      8    
0.014  0.021  0.077  0.153  0.107  0.182  0.189  0.257  

--------------------------------------------

Allele-freq. divergence among pops (Net nucleotide distance),
computed using point estimates of P.

      1       2       3       4       5       6       7       8      
 1      -    0.1446  0.1196  0.1138  0.1212  0.1240  0.0747  0.0815  
 2   0.1446     -    0.2195  0.1886  0.1928  0.1388  0.1589  0.1289  
 3   0.1196  0.2195     -    0.0702  0.1913  0.1316  0.1554  0.1643  
 4   0.1138  0.1886  0.0702     -    0.1614  0.1027  0.1330  0.1471  
 5   0.1212  0.1928  0.1913  0.1614     -    0.1591  0.0886  0.0848  
 6   0.1240  0.1388  0.1316  0.1027  0.1591     -    0.1205  0.1001  
 7   0.0747  0.1589  0.1554  0.1330  0.0886  0.1205     -    0.0612  
 8   0.0815  0.1289  0.1643  0.1471  0.0848  0.1001  0.0612     -    

Average distances (expected heterozygosity) between individuals in same cluster:
cluster  1  : 0.8189 
cluster  2  : 0.7606 
cluster  3  : 0.7141 
cluster  4  : 0.6956 
cluster  5  : 0.7348 
cluster  6  : 0.7765 
cluster  7  : 0.7565 
cluster  8  : 0.7904 

--------------------------------------------
Estimated Ln Prob of Data   = -191435.6
Mean value of ln likelihood = -171178.5
Variance of ln likelihood   = 40514.1

Mean value of alpha_1       = 0.0449
Mean value of alpha_2       = 0.0609
Mean value of alpha_3       = 0.2189
Mean value of alpha_4       = 0.4561
Mean value of alpha_5       = 0.3351
Mean value of alpha_6       = 0.5711
Mean value of alpha_7       = 0.5887
Mean value of alpha_8       = 0.7909
Allele frequencies uncorrelated


Inferred ancestry of individuals:
     (%Miss) :  Inferred clusters
  1    (0)   :  0.009 0.009 0.065 0.247 0.174 0.115 0.221 0.160 
  2    (0)   :  0.006 0.011 0.030 0.079 0.040 0.345 0.222 0.268 
  3    (0)   :  0.011 0.006 0.036 0.203 0.132 0.148 0.313 0.151 
  4    (0)   :  0.015 0.008 0.314 0.180 0.066 0.144 0.101 0.173 
  5    (0)   :  0.008 0.013 0.036 0.065 0.043 0.263 0.305 0.267 
  6    (0)   :  0.007 0.006 0.039 0.058 0.055 0.081 0.585 0.168 
  7    (0)   :  0.010 0.007 0.032 0.069 0.073 0.064 0.239 0.505 
  8    (0)   :  0.048 0.008 0.193 0.144 0.084 0.095 0.238 0.190 
  9    (0)   :  0.019 0.014 0.034 0.166 0.063 0.198 0.292 0.214 
 10    (0)   :  0.014 0.008 0.153 0.085 0.062 0.072 0.346 0.261 
 11    (0)   :  0.006 0.011 0.027 0.077 0.134 0.062 0.191 0.491 
 12    (0)   :  0.007 0.008 0.050 0.100 0.039 0.235 0.280 0.281 
 13    (0)   :  0.010 0.012 0.032 0.133 0.050 0.133 0.329 0.302 
 14    (0)   :  0.006 0.007 0.051 0.094 0.095 0.388 0.205 0.154 
 15    (0)   :  0.011 0.007 0.087 0.182 0.099 0.190 0.168 0.255 
 16    (0)   :  0.006 0.012 0.028 0.122 0.108 0.092 0.417 0.215 
 17    (0)   :  0.016 0.011 0.039 0.095 0.054 0.164 0.451 0.170 
 18    (0)   :  0.020 0.009 0.053 0.112 0.113 0.247 0.293 0.153 
 19    (0)   :  0.007 0.007 0.033 0.087 0.048 0.091 0.533 0.194 
 20    (0)   :  0.008 0.009 0.048 0.098 0.089 0.183 0.216 0.350 
 21    (0)   :  0.007 0.008 0.083 0.150 0.093 0.310 0.187 0.163 
 22    (0)   :  0.010 0.007 0.031 0.132 0.056 0.099 0.517 0.148 
 23    (0)   :  0.015 0.025 0.047 0.281 0.075 0.274 0.133 0.151 
 24    (0)   :  0.007 0.011 0.042 0.264 0.096 0.106 0.292 0.182 
 25    (0)   :  0.008 0.008 0.026 0.052 0.071 0.107 0.373 0.355 
 26    (0)   :  0.013 0.007 0.060 0.140 0.068 0.150 0.386 0.175 
 27    (0)   :  0.010 0.012 0.042 0.129 0.071 0.172 0.365 0.200 
 28    (0)   :  0.008 0.009 0.231 0.125 0.120 0.111 0.173 0.223 
 29    (0)   :  0.006 0.013 0.026 0.124 0.053 0.180 0.190 0.409 
 30    (0)   :  0.006 0.009 0.026 0.113 0.075 0.137 0.495 0.139 
 31    (0)   :  0.023 0.013 0.129 0.079 0.060 0.182 0.229 0.284 
 32    (0)   :  0.007 0.006 0.070 0.169 0.069 0.186 0.322 0.171 
 33    (0)   :  0.007 0.009 0.030 0.234 0.138 0.136 0.210 0.236 
 34    (0)   :  0.010 0.020 0.110 0.055 0.095 0.067 0.290 0.355 
 35    (0)   :  0.018 0.022 0.022 0.092 0.053 0.316 0.322 0.154 
 36    (0)   :  0.006 0.009 0.024 0.110 0.370 0.248 0.101 0.133 
 37    (0)   :  0.014 0.007 0.042 0.230 0.049 0.241 0.187 0.231 
 38    (0)   :  0.006 0.023 0.019 0.066 0.456 0.122 0.108 0.201 
 39    (0)   :  0.011 0.022 0.031 0.090 0.181 0.205 0.183 0.278 
 40    (0)   :  0.006 0.011 0.029 0.204 0.081 0.378 0.184 0.108 
 41    (0)   :  0.010 0.046 0.020 0.136 0.212 0.231 0.148 0.198 
 42    (0)   :  0.006 0.023 0.031 0.419 0.204 0.119 0.072 0.126 
 43    (0)   :  0.013 0.017 0.030 0.175 0.044 0.364 0.129 0.227 
 44    (0)   :  0.012 0.014 0.018 0.100 0.047 0.454 0.206 0.149 
 45    (0)   :  0.007 0.024 0.019 0.080 0.243 0.300 0.116 0.209 
 46    (0)   :  0.019 0.010 0.032 0.068 0.078 0.249 0.330 0.215 
 47    (0)   :  0.026 0.017 0.034 0.120 0.044 0.171 0.384 0.203 
 48    (0)   :  0.012 0.017 0.019 0.094 0.048 0.502 0.209 0.099 
 49    (0)   :  0.015 0.040 0.029 0.126 0.109 0.248 0.215 0.217 
 50    (0)   :  0.022 0.016 0.078 0.056 0.070 0.136 0.320 0.301 
 51    (0)   :  0.005 0.021 0.020 0.114 0.241 0.419 0.068 0.112 
 52    (0)   :  0.014 0.025 0.033 0.121 0.178 0.166 0.199 0.264 
 53    (0)   :  0.009 0.014 0.037 0.092 0.418 0.111 0.158 0.161 
 54    (0)   :  0.013 0.016 0.032 0.133 0.035 0.353 0.211 0.207 
 55    (0)   :  0.010 0.011 0.025 0.089 0.045 0.530 0.137 0.154 
 56    (0)   :  0.009 0.022 0.031 0.129 0.103 0.359 0.241 0.107 
 57    (0)   :  0.026 0.013 0.105 0.141 0.052 0.083 0.386 0.193 
 58    (0)   :  0.008 0.021 0.025 0.132 0.110 0.355 0.139 0.209 
 59    (0)   :  0.007 0.063 0.028 0.116 0.263 0.213 0.124 0.185 
 60    (0)   :  0.006 0.009 0.051 0.151 0.149 0.386 0.109 0.140 
 61    (0)   :  0.005 0.009 0.031 0.112 0.036 0.601 0.070 0.136 
 62    (0)   :  0.019 0.066 0.045 0.087 0.062 0.193 0.326 0.201 
 63    (0)   :  0.005 0.009 0.034 0.185 0.097 0.246 0.111 0.312 
 64    (0)   :  0.009 0.013 0.025 0.073 0.123 0.152 0.420 0.184 
 65    (0)   :  0.007 0.010 0.023 0.053 0.050 0.129 0.157 0.570 
 66    (0)   :  0.007 0.010 0.060 0.168 0.054 0.329 0.105 0.268 
 67    (0)   :  0.009 0.010 0.022 0.077 0.038 0.518 0.132 0.193 
 68    (0)   :  0.009 0.052 0.033 0.134 0.282 0.203 0.111 0.176 
 69    (0)   :  0.011 0.060 0.138 0.056 0.352 0.099 0.130 0.154 
 70    (0)   :  0.006 0.010 0.028 0.167 0.257 0.225 0.088 0.220 
 71    (0)   :  0.007 0.051 0.020 0.058 0.239 0.315 0.112 0.198 
 72    (0)   :  0.008 0.007 0.025 0.083 0.221 0.200 0.255 0.202 
 73    (0)   :  0.007 0.046 0.022 0.069 0.064 0.433 0.113 0.245 
 74    (0)   :  0.006 0.008 0.030 0.205 0.331 0.198 0.105 0.116 
 75    (0)   :  0.007 0.011 0.031 0.239 0.218 0.305 0.094 0.094 
 76    (0)   :  0.008 0.007 0.025 0.103 0.068 0.316 0.115 0.358 
 77    (0)   :  0.006 0.043 0.018 0.112 0.268 0.210 0.097 0.247 
 78    (0)   :  0.006 0.049 0.018 0.117 0.376 0.159 0.094 0.182 
 79    (0)   :  0.007 0.008 0.031 0.083 0.067 0.086 0.227 0.491 
 80    (0)   :  0.007 0.007 0.075 0.453 0.049 0.102 0.105 0.202 
 81    (0)   :  0.007 0.006 0.110 0.300 0.058 0.094 0.133 0.292 
 82    (0)   :  0.007 0.018 0.038 0.171 0.058 0.260 0.126 0.322 
 83    (0)   :  0.006 0.006 0.079 0.192 0.121 0.182 0.131 0.283 
 84    (0)   :  0.006 0.006 0.079 0.186 0.087 0.110 0.130 0.395 
 85    (0)   :  0.007 0.006 0.088 0.223 0.124 0.139 0.203 0.210 
 86    (0)   :  0.010 0.013 0.030 0.070 0.055 0.357 0.209 0.255 
 87    (0)   :  0.007 0.007 0.037 0.086 0.104 0.113 0.117 0.528 
 88    (0)   :  0.007 0.007 0.054 0.297 0.056 0.123 0.111 0.345 
 89    (0)   :  0.009 0.006 0.087 0.320 0.053 0.134 0.116 0.275 
 90    (0)   :  0.006 0.007 0.038 0.094 0.058 0.098 0.108 0.590 
 91    (0)   :  0.007 0.005 0.085 0.385 0.112 0.119 0.118 0.169 
 92    (0)   :  0.007 0.008 0.043 0.134 0.063 0.128 0.178 0.440 
 93    (0)   :  0.007 0.008 0.292 0.320 0.046 0.104 0.095 0.128 
 94    (0)   :  0.006 0.006 0.031 0.074 0.256 0.081 0.095 0.450 
 95    (0)   :  0.007 0.007 0.051 0.216 0.054 0.095 0.078 0.494 
 96    (0)   :  0.006 0.011 0.039 0.238 0.040 0.431 0.071 0.165 
 97    (0)   :  0.008 0.010 0.035 0.195 0.232 0.294 0.111 0.115 
 98    (0)   :  0.005 0.016 0.023 0.186 0.061 0.294 0.201 0.215 
 99    (0)   :  0.006 0.006 0.076 0.178 0.068 0.104 0.118 0.443 
100    (0)   :  0.007 0.008 0.061 0.481 0.034 0.203 0.090 0.115 
101    (0)   :  0.010 0.009 0.048 0.131 0.097 0.166 0.120 0.420 
102    (0)   :  0.007 0.017 0.071 0.292 0.108 0.155 0.088 0.262 
103    (0)   :  0.008 0.010 0.084 0.087 0.048 0.333 0.087 0.344 
104    (0)   :  0.006 0.007 0.096 0.040 0.047 0.134 0.091 0.578 
105    (0)   :  0.008 0.022 0.137 0.052 0.039 0.173 0.082 0.487 
106    (0)   :  0.006 0.007 0.019 0.046 0.110 0.091 0.136 0.586 
107    (0)   :  0.009 0.011 0.073 0.086 0.046 0.245 0.087 0.443 
108    (0)   :  0.005 0.006 0.031 0.054 0.185 0.487 0.094 0.139 
109    (0)   :  0.008 0.119 0.025 0.042 0.140 0.135 0.138 0.393 
110    (0)   :  0.007 0.009 0.021 0.051 0.120 0.072 0.128 0.592 
111    (0)   :  0.007 0.018 0.034 0.056 0.040 0.113 0.085 0.647 
112    (0)   :  0.005 0.214 0.022 0.050 0.097 0.093 0.085 0.435 
113    (0)   :  0.009 0.010 0.041 0.088 0.083 0.361 0.170 0.239 
114    (0)   :  0.005 0.014 0.123 0.046 0.043 0.120 0.088 0.561 
115    (0)   :  0.009 0.021 0.030 0.103 0.062 0.214 0.108 0.454 
116    (0)   :  0.008 0.012 0.019 0.053 0.208 0.183 0.124 0.393 
117    (0)   :  0.011 0.030 0.024 0.084 0.108 0.079 0.134 0.531 
118    (0)   :  0.006 0.018 0.031 0.059 0.050 0.319 0.121 0.396 
119    (0)   :  0.005 0.008 0.041 0.251 0.093 0.308 0.069 0.225 
120    (0)   :  0.008 0.029 0.039 0.087 0.063 0.193 0.114 0.467 
121    (0)   :  0.042 0.058 0.024 0.073 0.087 0.224 0.101 0.390 
122    (0)   :  0.005 0.014 0.032 0.052 0.093 0.105 0.148 0.552 
123    (0)   :  0.007 0.010 0.039 0.069 0.087 0.144 0.100 0.543 
124    (0)   :  0.013 0.024 0.028 0.055 0.170 0.210 0.152 0.347 
125    (0)   :  0.008 0.035 0.023 0.094 0.255 0.092 0.222 0.270 
126    (0)   :  0.005 0.007 0.035 0.086 0.163 0.198 0.092 0.413 
127    (0)   :  0.008 0.012 0.033 0.058 0.040 0.151 0.072 0.626 
128    (0)   :  0.006 0.015 0.030 0.062 0.038 0.306 0.122 0.422 
129    (0)   :  0.010 0.011 0.031 0.045 0.042 0.219 0.090 0.553 
130    (0)   :  0.008 0.025 0.078 0.084 0.048 0.141 0.098 0.518 
131    (0)   :  0.015 0.032 0.024 0.050 0.345 0.135 0.108 0.291 
132    (0)   :  0.006 0.009 0.025 0.043 0.081 0.161 0.127 0.547 
133    (0)   :  0.014 0.012 0.045 0.072 0.057 0.223 0.097 0.480 
134    (0)   :  0.005 0.012 0.017 0.040 0.069 0.064 0.108 0.685 
135    (0)   :  0.010 0.019 0.099 0.292 0.063 0.323 0.089 0.106 
136    (0)   :  0.009 0.011 0.279 0.277 0.042 0.117 0.179 0.087 
137    (0)   :  0.006 0.021 0.137 0.494 0.043 0.074 0.093 0.132 
138    (0)   :  0.006 0.006 0.514 0.126 0.061 0.097 0.097 0.093 
139    (0)   :  0.005 0.008 0.128 0.077 0.050 0.498 0.124 0.109 
140    (0)   :  0.008 0.010 0.155 0.255 0.081 0.179 0.116 0.197 
141    (0)   :  0.008 0.010 0.402 0.085 0.064 0.127 0.209 0.096 
142    (0)   :  0.008 0.019 0.164 0.179 0.055 0.392 0.081 0.101 
143    (0)   :  0.005 0.006 0.103 0.614 0.034 0.087 0.070 0.081 
144    (0)   :  0.006 0.019 0.095 0.565 0.037 0.079 0.074 0.125 
145    (0)   :  0.010 0.014 0.135 0.202 0.064 0.190 0.286 0.100 
146    (0)   :  0.013 0.008 0.242 0.191 0.079 0.115 0.154 0.198 
147    (0)   :  0.007 0.006 0.273 0.421 0.039 0.076 0.092 0.085 
148    (0)   :  0.008 0.017 0.296 0.139 0.046 0.215 0.136 0.144 
149    (0)   :  0.007 0.010 0.366 0.144 0.077 0.199 0.106 0.091 
150    (0)   :  0.009 0.025 0.166 0.298 0.046 0.138 0.111 0.208 
151    (0)   :  0.008 0.007 0.139 0.480 0.040 0.125 0.083 0.119 
152    (0)   :  0.008 0.013 0.217 0.157 0.072 0.264 0.156 0.113 
153    (0)   :  0.006 0.008 0.404 0.138 0.095 0.132 0.098 0.119 
154    (0)   :  0.010 0.009 0.434 0.100 0.046 0.184 0.133 0.086 
155    (0)   :  0.007 0.006 0.535 0.114 0.038 0.099 0.078 0.124 
156    (0)   :  0.005 0.010 0.264 0.251 0.042 0.244 0.062 0.121 
157    (0)   :  0.006 0.006 0.384 0.178 0.064 0.078 0.072 0.211 
158    (0)   :  0.010 0.014 0.150 0.243 0.070 0.137 0.278 0.097 
159    (0)   :  0.007 0.008 0.460 0.237 0.037 0.081 0.088 0.082 
160    (0)   :  0.009 0.008 0.525 0.147 0.038 0.099 0.090 0.085 
161    (0)   :  0.007 0.008 0.074 0.468 0.075 0.109 0.122 0.136 
162    (0)   :  0.018 0.008 0.261 0.103 0.070 0.161 0.179 0.201 
163    (0)   :  0.006 0.006 0.480 0.157 0.046 0.130 0.068 0.108 
164    (0)   :  0.017 0.007 0.349 0.110 0.050 0.139 0.122 0.205 
165    (0)   :  0.009 0.024 0.132 0.412 0.043 0.112 0.084 0.184 
166    (0)   :  0.006 0.006 0.333 0.107 0.122 0.155 0.074 0.196 
167    (0)   :  0.019 0.007 0.533 0.065 0.039 0.074 0.147 0.117 
168    (0)   :  0.007 0.006 0.351 0.158 0.123 0.139 0.108 0.107 
169    (0)   :  0.011 0.016 0.110 0.175 0.226 0.116 0.257 0.090 
170    (0)   :  0.006 0.007 0.044 0.514 0.040 0.180 0.076 0.133 
171    (0)   :  0.008 0.007 0.280 0.135 0.082 0.193 0.150 0.145 
172    (0)   :  0.007 0.015 0.147 0.212 0.228 0.207 0.099 0.086 
173    (0)   :  0.008 0.007 0.486 0.130 0.035 0.151 0.093 0.089 
174    (0)   :  0.008 0.006 0.479 0.151 0.044 0.087 0.095 0.131 
175    (0)   :  0.007 0.008 0.116 0.483 0.037 0.098 0.167 0.085 
176    (0)   :  0.006 0.019 0.096 0.564 0.037 0.080 0.073 0.124 
177    (0)   :  0.008 0.007 0.335 0.113 0.123 0.092 0.097 0.225 
178    (0)   :  0.008 0.006 0.452 0.097 0.041 0.099 0.164 0.132 
179    (0)   :  0.006 0.005 0.575 0.113 0.035 0.090 0.087 0.089 
180    (0)   :  0.014 0.011 0.218 0.266 0.070 0.112 0.172 0.137 
181    (0)   :  0.010 0.011 0.128 0.296 0.062 0.244 0.145 0.103 
182    (0)   :  0.012 0.009 0.136 0.401 0.037 0.224 0.086 0.094 
183    (0)   :  0.007 0.007 0.257 0.373 0.038 0.125 0.102 0.092 
184    (0)   :  0.010 0.008 0.028 0.074 0.042 0.394 0.279 0.166 
185    (0)   :  0.005 0.009 0.297 0.243 0.036 0.273 0.064 0.073 
186    (0)   :  0.009 0.006 0.028 0.076 0.038 0.280 0.195 0.367 
187    (0)   :  0.006 0.006 0.129 0.147 0.040 0.352 0.154 0.166 
188    (0)   :  0.009 0.007 0.023 0.056 0.033 0.385 0.175 0.312 
189    (0)   :  0.006 0.006 0.066 0.205 0.123 0.234 0.241 0.119 
190    (0)   :  0.005 0.009 0.042 0.116 0.030 0.664 0.055 0.079 
191    (0)   :  0.006 0.010 0.039 0.086 0.035 0.484 0.165 0.176 
192    (0)   :  0.006 0.006 0.059 0.260 0.041 0.233 0.155 0.240 
193    (0)   :  0.006 0.011 0.046 0.184 0.047 0.336 0.206 0.165 
194    (0)   :  0.008 0.007 0.047 0.286 0.049 0.275 0.123 0.207 
195    (0)   :  0.005 0.006 0.084 0.186 0.032 0.519 0.079 0.088 
196    (0)   :  0.005 0.009 0.042 0.114 0.035 0.614 0.069 0.113 
197    (0)   :  0.007 0.007 0.089 0.089 0.042 0.249 0.296 0.220 
198    (0)   :  0.005 0.007 0.047 0.152 0.078 0.251 0.202 0.257 
199    (0)   :  0.006 0.010 0.032 0.159 0.051 0.531 0.088 0.124 
200    (0)   :  0.005 0.011 0.042 0.094 0.055 0.567 0.120 0.106 
201    (0)   :  0.005 0.006 0.257 0.131 0.031 0.366 0.097 0.107 
202    (0)   :  0.005 0.008 0.057 0.416 0.033 0.291 0.073 0.117 
203    (0)   :  0.005 0.008 0.154 0.195 0.031 0.430 0.081 0.095 
204    (0)   :  0.005 0.007 0.039 0.106 0.031 0.641 0.072 0.100 
205    (0)   :  0.006 0.007 0.036 0.089 0.047 0.572 0.109 0.135 
206    (0)   :  0.007 0.006 0.057 0.116 0.030 0.579 0.102 0.103 
207    (0)   :  0.005 0.010 0.026 0.091 0.030 0.600 0.086 0.151 
208    (0)   :  0.005 0.007 0.127 0.078 0.031 0.562 0.082 0.109 
209    (0)   :  0.006 0.011 0.038 0.131 0.036 0.438 0.171 0.169 
210    (0)   :  0.005 0.007 0.051 0.110 0.032 0.575 0.084 0.136 
211    (0)   :  0.008 0.022 0.044 0.197 0.031 0.455 0.082 0.161 
212    (0)   :  0.005 0.007 0.080 0.355 0.041 0.275 0.134 0.103 
213    (0)   :  0.006 0.009 0.034 0.172 0.073 0.376 0.090 0.239 
214    (0)   :  0.005 0.008 0.066 0.348 0.031 0.356 0.088 0.096 
215    (0)   :  0.005 0.009 0.032 0.064 0.042 0.598 0.101 0.150 
216    (0)   :  0.010 0.008 0.033 0.095 0.046 0.336 0.288 0.185 
217    (0)   :  0.005 0.006 0.078 0.251 0.037 0.424 0.105 0.093 
218    (0)   :  0.006 0.007 0.044 0.109 0.045 0.497 0.126 0.166 
219    (0)   :  0.011 0.006 0.089 0.169 0.056 0.242 0.286 0.142 
220    (0)   :  0.005 0.007 0.034 0.077 0.030 0.624 0.089 0.133 
221    (0)   :  0.005 0.008 0.038 0.546 0.033 0.225 0.067 0.077 
222    (0)   :  0.008 0.006 0.044 0.129 0.044 0.238 0.344 0.186 
223    (0)   :  0.006 0.006 0.151 0.188 0.051 0.272 0.172 0.154 
224    (0)   :  0.007 0.007 0.085 0.250 0.030 0.410 0.102 0.109 
225    (0)   :  0.005 0.007 0.041 0.118 0.041 0.559 0.101 0.129 
226    (0)   :  0.007 0.008 0.051 0.126 0.138 0.367 0.175 0.127 
227    (0)   :  0.005 0.007 0.071 0.172 0.034 0.495 0.084 0.131 
228    (0)   :  0.005 0.008 0.079 0.164 0.031 0.562 0.071 0.079 
229    (0)   :  0.006 0.007 0.079 0.300 0.031 0.317 0.121 0.139 
230    (0)   :  0.006 0.008 0.057 0.220 0.030 0.457 0.098 0.123 
231    (0)   :  0.006 0.008 0.105 0.173 0.034 0.357 0.186 0.131 
232    (0)   :  0.007 0.009 0.042 0.310 0.082 0.251 0.125 0.174 
233    (0)   :  0.006 0.007 0.264 0.189 0.031 0.312 0.094 0.098 
234    (0)   :  0.005 0.007 0.075 0.149 0.045 0.286 0.217 0.216 
235    (0)   :  0.006 0.007 0.058 0.243 0.051 0.355 0.149 0.131 
236    (0)   :  0.006 0.008 0.088 0.260 0.039 0.336 0.138 0.126 
237    (0)   :  0.005 0.012 0.034 0.082 0.037 0.578 0.111 0.141 
238    (0)   :  0.005 0.007 0.063 0.375 0.033 0.284 0.097 0.135 
239    (0)   :  0.005 0.006 0.084 0.189 0.032 0.516 0.079 0.088 
240    (0)   :  0.005 0.007 0.063 0.376 0.034 0.282 0.095 0.137 
241    (0)   :  0.007 0.008 0.067 0.365 0.044 0.304 0.094 0.112 
242    (0)   :  0.006 0.007 0.055 0.144 0.060 0.430 0.178 0.121 
243    (0)   :  0.004 0.009 0.044 0.103 0.029 0.660 0.063 0.088 
244    (0)   :  0.005 0.008 0.079 0.230 0.030 0.462 0.087 0.099 
245    (0)   :  0.005 0.006 0.235 0.255 0.038 0.276 0.073 0.112 
246    (0)   :  0.005 0.007 0.078 0.250 0.036 0.428 0.103 0.092 
247    (0)   :  0.005 0.007 0.025 0.068 0.076 0.289 0.116 0.412 
248    (0)   :  0.005 0.008 0.029 0.060 0.038 0.550 0.114 0.196 
249    (0)   :  0.006 0.009 0.048 0.332 0.031 0.352 0.102 0.120 
250    (0)   :  0.006 0.008 0.060 0.249 0.038 0.325 0.156 0.158 
251    (0)   :  0.006 0.011 0.043 0.093 0.090 0.405 0.203 0.148 
252    (0)   :  0.006 0.006 0.063 0.196 0.042 0.419 0.129 0.139 
253    (0)   :  0.006 0.007 0.031 0.112 0.080 0.403 0.126 0.235 
254    (0)   :  0.008 0.006 0.056 0.117 0.036 0.339 0.273 0.164 
255    (0)   :  0.005 0.008 0.053 0.200 0.037 0.281 0.224 0.191 
256    (0)   :  0.006 0.008 0.048 0.225 0.040 0.454 0.105 0.115 
257    (0)   :  0.020 0.010 0.048 0.152 0.042 0.451 0.118 0.159 
258    (0)   :  0.005 0.009 0.044 0.087 0.053 0.468 0.123 0.212 
259    (0)   :  0.008 0.008 0.043 0.180 0.038 0.417 0.145 0.162 
260    (0)   :  0.008 0.006 0.084 0.251 0.037 0.179 0.285 0.151 
261    (0)   :  0.005 0.006 0.088 0.207 0.043 0.425 0.113 0.114 
262    (0)   :  0.005 0.007 0.050 0.177 0.036 0.580 0.067 0.078 
263    (0)   :  0.010 0.008 0.034 0.072 0.030 0.554 0.160 0.132 
264    (0)   :  0.010 0.008 0.021 0.054 0.050 0.227 0.450 0.180 
265    (0)   :  0.005 0.006 0.078 0.132 0.047 0.422 0.170 0.140 
266    (0)   :  0.005 0.007 0.062 0.419 0.033 0.327 0.067 0.080 
267    (0)   :  0.005 0.011 0.055 0.195 0.035 0.340 0.179 0.180 
268    (0)   :  0.005 0.009 0.042 0.112 0.036 0.614 0.069 0.113 
269    (0)   :  0.005 0.006 0.088 0.141 0.068 0.289 0.276 0.127 
270    (0)   :  0.009 0.008 0.045 0.078 0.042 0.364 0.257 0.198 
271    (0)   :  0.006 0.009 0.040 0.087 0.052 0.514 0.118 0.174 
272    (0)   :  0.007 0.012 0.043 0.092 0.130 0.465 0.123 0.128 
273    (0)   :  0.043 0.020 0.091 0.170 0.070 0.239 0.194 0.174 
274    (0)   :  0.006 0.008 0.047 0.115 0.063 0.423 0.178 0.160 
275    (0)   :  0.009 0.011 0.086 0.094 0.060 0.433 0.188 0.118 
276    (0)   :  0.007 0.014 0.029 0.110 0.102 0.474 0.118 0.147 
277    (0)   :  0.006 0.006 0.079 0.223 0.048 0.288 0.188 0.163 
278    (0)   :  0.004 0.008 0.039 0.067 0.041 0.626 0.092 0.122 
279    (0)   :  0.006 0.007 0.056 0.156 0.050 0.417 0.157 0.152 
280    (0)   :  0.006 0.007 0.055 0.133 0.069 0.395 0.211 0.124 
281    (0)   :  0.006 0.007 0.047 0.120 0.052 0.406 0.140 0.221 
282    (0)   :  0.005 0.006 0.121 0.327 0.040 0.206 0.159 0.136 
283    (0)   :  0.005 0.007 0.117 0.383 0.032 0.218 0.112 0.126 
284    (0)   :  0.005 0.010 0.098 0.183 0.047 0.330 0.127 0.199 
285    (0)   :  0.005 0.011 0.021 0.050 0.054 0.559 0.117 0.183 
286    (0)   :  0.006 0.008 0.078 0.229 0.030 0.464 0.086 0.098 
287    (0)   :  0.007 0.006 0.069 0.166 0.069 0.282 0.203 0.198 
288    (0)   :  0.007 0.008 0.040 0.091 0.092 0.479 0.148 0.135 
289    (0)   :  0.009 0.011 0.038 0.097 0.061 0.454 0.127 0.202 
290    (0)   :  0.009 0.018 0.029 0.165 0.058 0.404 0.197 0.119 
291    (0)   :  0.005 0.009 0.040 0.089 0.052 0.513 0.118 0.174 
292    (0)   :  0.005 0.006 0.054 0.159 0.083 0.433 0.152 0.107 
293    (0)   :  0.007 0.017 0.027 0.087 0.070 0.375 0.259 0.157 
294    (0)   :  0.011 0.008 0.026 0.073 0.036 0.567 0.151 0.128 
295    (0)   :  0.008 0.020 0.064 0.089 0.113 0.398 0.143 0.164 
296    (0)   :  0.006 0.008 0.038 0.081 0.043 0.571 0.091 0.161 
297    (0)   :  0.006 0.007 0.039 0.117 0.069 0.347 0.263 0.153 
298    (0)   :  0.006 0.006 0.078 0.319 0.039 0.195 0.185 0.173 
299    (0)   :  0.011 0.007 0.039 0.099 0.030 0.407 0.233 0.173 
300    (0)   :  0.006 0.009 0.026 0.073 0.042 0.610 0.108 0.127 
301    (0)   :  0.008 0.008 0.045 0.075 0.048 0.354 0.325 0.137 
302    (0)   :  0.010 0.011 0.037 0.059 0.039 0.594 0.138 0.112 
303    (0)   :  0.006 0.008 0.070 0.271 0.044 0.356 0.130 0.115 
304    (0)   :  0.008 0.008 0.238 0.131 0.038 0.115 0.286 0.177 
305    (0)   :  0.005 0.007 0.072 0.108 0.039 0.600 0.084 0.085 
306    (0)   :  0.006 0.007 0.064 0.326 0.048 0.308 0.134 0.107 
307    (0)   :  0.009 0.008 0.052 0.248 0.048 0.312 0.171 0.153 
308    (0)   :  0.005 0.006 0.087 0.206 0.043 0.427 0.113 0.113 
309    (0)   :  0.021 0.029 0.048 0.079 0.041 0.520 0.091 0.171 
310    (0)   :  0.005 0.008 0.050 0.151 0.030 0.584 0.079 0.093 
311    (0)   :  0.006 0.009 0.056 0.221 0.030 0.459 0.097 0.122 
312    (0)   :  0.005 0.008 0.035 0.077 0.031 0.616 0.073 0.155 
313    (0)   :  0.006 0.008 0.025 0.060 0.039 0.661 0.078 0.123 
314    (0)   :  0.005 0.009 0.383 0.272 0.045 0.134 0.072 0.078 
315    (0)   :  0.005 0.006 0.472 0.133 0.083 0.131 0.081 0.090 
316    (0)   :  0.008 0.007 0.536 0.091 0.082 0.083 0.096 0.097 
317    (0)   :  0.006 0.009 0.463 0.239 0.040 0.083 0.077 0.082 
318    (0)   :  0.005 0.006 0.640 0.092 0.038 0.058 0.079 0.081 
319    (0)   :  0.007 0.006 0.188 0.508 0.034 0.096 0.077 0.083 
320    (0)   :  0.005 0.009 0.383 0.272 0.046 0.134 0.072 0.079 
321    (0)   :  0.006 0.009 0.492 0.206 0.043 0.075 0.086 0.084 
322    (0)   :  0.009 0.009 0.320 0.261 0.083 0.129 0.090 0.100 
323    (0)   :  0.011 0.006 0.591 0.125 0.036 0.066 0.083 0.083 
324    (0)   :  0.006 0.009 0.490 0.207 0.043 0.076 0.085 0.083 
325    (0)   :  0.006 0.006 0.570 0.082 0.080 0.076 0.087 0.094 
326    (0)   :  0.009 0.008 0.559 0.086 0.084 0.075 0.085 0.093 
327    (0)   :  0.006 0.009 0.462 0.239 0.040 0.083 0.078 0.083 
328    (0)   :  0.006 0.007 0.318 0.278 0.079 0.120 0.093 0.099 
329    (0)   :  0.005 0.005 0.511 0.220 0.036 0.061 0.079 0.081 
330    (0)   :  0.006 0.009 0.461 0.241 0.041 0.082 0.077 0.084 
331    (0)   :  0.006 0.005 0.602 0.121 0.036 0.067 0.080 0.083 
332    (0)   :  0.012 0.007 0.559 0.084 0.082 0.073 0.090 0.094 
333    (0)   :  0.009 0.007 0.520 0.118 0.076 0.088 0.085 0.097 
334    (0)   :  0.006 0.007 0.321 0.275 0.078 0.119 0.093 0.100 
335    (0)   :  0.006 0.007 0.282 0.347 0.071 0.110 0.081 0.096 
336    (0)   :  0.011 0.007 0.569 0.115 0.047 0.095 0.078 0.079 
337    (0)   :  0.006 0.009 0.421 0.180 0.091 0.101 0.095 0.097 
338    (0)   :  0.006 0.006 0.638 0.091 0.038 0.058 0.081 0.082 
339    (0)   :  0.006 0.006 0.595 0.126 0.036 0.068 0.081 0.083 
340    (0)   :  0.006 0.005 0.585 0.139 0.034 0.074 0.074 0.083 
341    (0)   :  0.011 0.007 0.552 0.158 0.037 0.069 0.082 0.084 
342    (0)   :  0.006 0.009 0.462 0.243 0.040 0.082 0.077 0.082 
343    (0)   :  0.013 0.008 0.252 0.316 0.083 0.150 0.088 0.091 
344    (0)   :  0.005 0.005 0.612 0.120 0.036 0.059 0.081 0.081 
345    (0)   :  0.006 0.009 0.461 0.242 0.041 0.082 0.077 0.082 
346    (0)   :  0.006 0.006 0.634 0.100 0.036 0.064 0.074 0.080 
347    (0)   :  0.006 0.005 0.594 0.141 0.035 0.064 0.074 0.081 
348    (0)   :  0.005 0.007 0.214 0.364 0.073 0.174 0.074 0.089 
349    (0)   :  0.006 0.009 0.463 0.240 0.040 0.083 0.077 0.083 
350    (0)   :  0.006 0.005 0.483 0.180 0.042 0.122 0.080 0.081 
351    (0)   :  0.006 0.007 0.284 0.346 0.070 0.111 0.081 0.096 
352    (0)   :  0.006 0.010 0.399 0.206 0.082 0.116 0.085 0.096 
353    (0)   :  0.011 0.007 0.569 0.115 0.047 0.093 0.079 0.079 
354    (0)   :  0.006 0.006 0.595 0.131 0.037 0.061 0.082 0.082 
355    (0)   :  0.006 0.006 0.643 0.089 0.037 0.058 0.080 0.081 
356    (0)   :  0.005 0.006 0.069 0.536 0.067 0.160 0.070 0.087 
357    (0)   :  0.006 0.007 0.305 0.114 0.120 0.103 0.210 0.136 
358    (0)   :  0.006 0.006 0.538 0.114 0.076 0.075 0.091 0.095 
359    (0)   :  0.006 0.005 0.597 0.124 0.036 0.067 0.081 0.084 
360    (0)   :  0.006 0.006 0.635 0.097 0.037 0.064 0.074 0.080 
361    (0)   :  0.005 0.008 0.089 0.284 0.126 0.138 0.211 0.139 
362    (0)   :  0.007 0.009 0.044 0.069 0.222 0.220 0.161 0.267 
363    (0)   :  0.008 0.011 0.027 0.062 0.119 0.129 0.244 0.400 
364    (0)   :  0.014 0.014 0.068 0.182 0.051 0.122 0.366 0.181 
365    (0)   :  0.018 0.023 0.030 0.068 0.124 0.097 0.470 0.171 
366    (0)   :  0.007 0.015 0.036 0.115 0.098 0.310 0.286 0.134 
367    (0)   :  0.005 0.007 0.021 0.047 0.160 0.064 0.131 0.565 
368    (0)   :  0.007 0.007 0.032 0.082 0.055 0.108 0.183 0.526 
369    (0)   :  0.010 0.029 0.051 0.237 0.066 0.210 0.236 0.160 
370    (0)   :  0.022 0.018 0.039 0.093 0.057 0.167 0.167 0.438 
371    (0)   :  0.014 0.017 0.045 0.104 0.051 0.199 0.385 0.187 
372    (0)   :  0.080 0.042 0.055 0.107 0.055 0.212 0.147 0.301 
373    (0)   :  0.007 0.012 0.035 0.147 0.063 0.105 0.219 0.413 
374    (0)   :  0.008 0.022 0.043 0.277 0.094 0.123 0.224 0.209 
375    (0)   :  0.023 0.012 0.027 0.060 0.060 0.077 0.372 0.370 
376    (0)   :  0.136 0.010 0.023 0.056 0.213 0.062 0.281 0.218 
377    (0)   :  0.008 0.013 0.053 0.064 0.152 0.188 0.211 0.310 
378    (0)   :  0.007 0.011 0.109 0.120 0.069 0.117 0.088 0.480 
379    (0)   :  0.229 0.014 0.021 0.050 0.159 0.079 0.228 0.219 
380    (0)   :  0.012 0.013 0.043 0.169 0.270 0.126 0.251 0.115 
381    (0)   :  0.009 0.011 0.029 0.162 0.109 0.143 0.442 0.096 
382    (0)   :  0.006 0.007 0.034 0.055 0.082 0.075 0.376 0.365 
383    (0)   :  0.017 0.013 0.156 0.064 0.248 0.096 0.294 0.113 
384    (0)   :  0.072 0.020 0.073 0.083 0.071 0.074 0.426 0.181 
385    (0)   :  0.009 0.200 0.153 0.071 0.046 0.079 0.265 0.177 
386    (0)   :  0.005 0.008 0.025 0.061 0.157 0.094 0.239 0.412 
387    (0)   :  0.006 0.008 0.039 0.060 0.130 0.093 0.281 0.383 
388    (0)   :  0.020 0.027 0.091 0.173 0.069 0.090 0.273 0.257 
389    (0)   :  0.013 0.073 0.032 0.059 0.045 0.410 0.168 0.201 
390    (0)   :  0.023 0.022 0.026 0.066 0.316 0.125 0.122 0.300 
391    (0)   :  0.018 0.072 0.032 0.124 0.083 0.177 0.157 0.336 
392    (0)   :  0.009 0.007 0.053 0.101 0.117 0.121 0.334 0.259 
393    (0)   :  0.009 0.009 0.042 0.118 0.441 0.090 0.179 0.112 
394    (0)   :  0.006 0.006 0.122 0.144 0.143 0.119 0.140 0.320 
395    (0)   :  0.005 0.007 0.029 0.063 0.249 0.287 0.096 0.264 
396    (0)   :  0.006 0.007 0.020 0.050 0.054 0.082 0.324 0.457 
397    (0)   :  0.096 0.007 0.047 0.132 0.039 0.235 0.292 0.153 
398    (0)   :  0.052 0.007 0.023 0.053 0.400 0.071 0.105 0.290 
399    (0)   :  0.005 0.015 0.027 0.066 0.147 0.138 0.100 0.502 
400    (0)   :  0.009 0.010 0.025 0.112 0.092 0.082 0.297 0.373 
401    (0)   :  0.005 0.010 0.031 0.102 0.111 0.148 0.091 0.501 
402    (0)   :  0.008 0.009 0.037 0.088 0.058 0.194 0.269 0.337 
403    (0)   :  0.010 0.021 0.143 0.214 0.076 0.135 0.194 0.206 
404    (0)   :  0.009 0.015 0.032 0.153 0.064 0.119 0.375 0.232 
405    (0)   :  0.006 0.007 0.034 0.102 0.150 0.182 0.291 0.228 
406    (0)   :  0.005 0.008 0.030 0.181 0.371 0.201 0.094 0.109 
407    (0)   :  0.005 0.007 0.020 0.053 0.323 0.080 0.295 0.216 
408    (0)   :  0.005 0.007 0.019 0.048 0.064 0.227 0.072 0.559 
409    (0)   :  0.016 0.017 0.029 0.386 0.230 0.103 0.093 0.126 
410    (0)   :  0.107 0.012 0.040 0.099 0.130 0.108 0.182 0.322 
411    (0)   :  0.033 0.008 0.093 0.083 0.076 0.141 0.368 0.197 
412    (0)   :  0.007 0.008 0.030 0.073 0.060 0.105 0.227 0.490 
413    (0)   :  0.006 0.007 0.100 0.107 0.077 0.120 0.134 0.450 
414    (0)   :  0.005 0.012 0.030 0.041 0.052 0.116 0.253 0.492 
415    (0)   :  0.006 0.009 0.021 0.085 0.208 0.161 0.292 0.218 
416    (0)   :  0.007 0.027 0.027 0.142 0.112 0.139 0.259 0.286 
417    (0)   :  0.007 0.007 0.023 0.070 0.350 0.082 0.200 0.260 
418    (0)   :  0.008 0.006 0.024 0.059 0.059 0.067 0.204 0.574 
419    (0)   :  0.015 0.025 0.060 0.208 0.114 0.120 0.187 0.271 
420    (0)   :  0.005 0.010 0.019 0.079 0.150 0.213 0.090 0.435 
421    (0)   :  0.008 0.008 0.023 0.083 0.179 0.098 0.162 0.440 
422    (0)   :  0.008 0.009 0.027 0.072 0.261 0.289 0.141 0.193 
423    (0)   :  0.010 0.007 0.038 0.073 0.170 0.167 0.283 0.251 
424    (0)   :  0.011 0.021 0.037 0.102 0.187 0.142 0.106 0.395 
425    (0)   :  0.026 0.037 0.053 0.096 0.066 0.112 0.404 0.207 
426    (0)   :  0.039 0.030 0.061 0.095 0.139 0.099 0.172 0.366 
427    (0)   :  0.005 0.007 0.118 0.049 0.427 0.074 0.104 0.217 
428    (0)   :  0.031 0.008 0.051 0.162 0.336 0.161 0.105 0.145 
429    (0)   :  0.007 0.006 0.020 0.049 0.207 0.067 0.262 0.382 
430    (0)   :  0.006 0.007 0.023 0.061 0.443 0.083 0.170 0.205 
431    (0)   :  0.012 0.013 0.059 0.077 0.096 0.149 0.185 0.409 
432    (0)   :  0.006 0.007 0.033 0.087 0.062 0.113 0.173 0.519 
433    (0)   :  0.017 0.007 0.080 0.271 0.048 0.172 0.151 0.254 
434    (0)   :  0.007 0.011 0.034 0.149 0.067 0.153 0.377 0.202 
435    (0)   :  0.005 0.006 0.021 0.049 0.513 0.071 0.112 0.223 
436    (0)   :  0.007 0.009 0.024 0.088 0.522 0.065 0.111 0.175 
437    (0)   :  0.009 0.006 0.024 0.056 0.112 0.081 0.530 0.183 
438    (0)   :  0.006 0.008 0.024 0.100 0.496 0.116 0.068 0.181 
439    (0)   :  0.006 0.006 0.025 0.068 0.593 0.056 0.108 0.137 
440    (0)   :  0.004 0.007 0.018 0.042 0.476 0.072 0.163 0.217 
441    (0)   :  0.006 0.008 0.040 0.115 0.369 0.078 0.196 0.188 
442    (0)   :  0.007 0.023 0.019 0.072 0.124 0.104 0.302 0.349 
443    (0)   :  0.005 0.011 0.020 0.052 0.281 0.152 0.096 0.382 
444    (0)   :  0.006 0.020 0.020 0.067 0.218 0.111 0.287 0.270 
445    (0)   :  0.054 0.009 0.031 0.182 0.383 0.104 0.115 0.123 
446    (0)   :  0.055 0.008 0.024 0.059 0.466 0.051 0.090 0.247 
447    (0)   :  0.007 0.027 0.030 0.118 0.378 0.094 0.153 0.194 
448    (0)   :  0.006 0.007 0.024 0.063 0.237 0.089 0.285 0.289 
449    (0)   :  0.006 0.007 0.032 0.096 0.230 0.100 0.296 0.232 
450    (0)   :  0.009 0.009 0.036 0.098 0.115 0.052 0.471 0.210 
451    (0)   :  0.006 0.007 0.019 0.043 0.093 0.100 0.132 0.601 
452    (0)   :  0.006 0.007 0.033 0.090 0.169 0.063 0.387 0.244 
453    (0)   :  0.005 0.015 0.024 0.112 0.171 0.300 0.099 0.273 
454    (0)   :  0.006 0.007 0.048 0.080 0.271 0.103 0.271 0.214 
455    (0)   :  0.004 0.007 0.020 0.052 0.612 0.065 0.088 0.152 
456    (0)   :  0.006 0.010 0.020 0.053 0.405 0.154 0.154 0.199 
457    (0)   :  0.007 0.006 0.025 0.065 0.268 0.073 0.388 0.168 
458    (0)   :  0.060 0.008 0.026 0.071 0.445 0.066 0.139 0.185 
459    (0)   :  0.005 0.007 0.035 0.135 0.470 0.055 0.094 0.198 
460    (0)   :  0.005 0.007 0.022 0.052 0.482 0.058 0.098 0.276 
461    (0)   :  0.008 0.008 0.023 0.059 0.166 0.049 0.147 0.540 
462    (0)   :  0.009 0.054 0.018 0.042 0.319 0.124 0.209 0.224 
463    (0)   :  0.005 0.007 0.027 0.072 0.457 0.222 0.084 0.127 
464    (0)   :  0.004 0.007 0.020 0.053 0.430 0.088 0.092 0.307 
465    (0)   :  0.009 0.008 0.024 0.067 0.252 0.094 0.115 0.431 
466    (0)   :  0.004 0.006 0.021 0.056 0.351 0.159 0.094 0.309 
467    (0)   :  0.006 0.009 0.030 0.086 0.393 0.126 0.161 0.189 
468    (0)   :  0.005 0.006 0.019 0.050 0.539 0.086 0.170 0.125 
469    (0)   :  0.005 0.006 0.022 0.051 0.666 0.049 0.090 0.111 
470    (0)   :  0.005 0.005 0.022 0.050 0.564 0.061 0.084 0.209 
471    (0)   :  0.006 0.013 0.023 0.062 0.113 0.254 0.248 0.281 
472    (0)   :  0.008 0.010 0.022 0.076 0.237 0.134 0.245 0.267 
473    (0)   :  0.006 0.007 0.033 0.090 0.203 0.132 0.293 0.238 
474    (0)   :  0.006 0.007 0.029 0.099 0.222 0.104 0.311 0.222 
475    (0)   :  0.006 0.008 0.036 0.114 0.188 0.087 0.126 0.435 
476    (0)   :  0.009 0.007 0.023 0.068 0.345 0.079 0.296 0.173 
477    (0)   :  0.008 0.015 0.026 0.106 0.231 0.090 0.117 0.407 
478    (0)   :  0.008 0.014 0.023 0.051 0.166 0.059 0.089 0.590 
479    (0)   :  0.005 0.007 0.022 0.049 0.407 0.060 0.193 0.257 
480    (0)   :  0.007 0.006 0.024 0.060 0.351 0.065 0.325 0.162 
481    (0)   :  0.006 0.012 0.022 0.059 0.087 0.149 0.413 0.252 
482    (0)   :  0.007 0.006 0.022 0.052 0.322 0.058 0.243 0.291 
483    (0)   :  0.006 0.007 0.026 0.070 0.547 0.057 0.110 0.177 
484    (0)   :  0.006 0.011 0.023 0.058 0.526 0.146 0.079 0.150 
485    (0)   :  0.005 0.006 0.022 0.051 0.626 0.057 0.080 0.153 
486    (0)   :  0.014 0.023 0.029 0.077 0.055 0.345 0.222 0.234 
487    (0)   :  0.012 0.019 0.062 0.120 0.055 0.174 0.345 0.212 
488    (0)   :  0.011 0.038 0.081 0.077 0.052 0.187 0.192 0.362 
489    (0)   :  0.011 0.013 0.032 0.203 0.035 0.205 0.370 0.132 
490    (0)   :  0.007 0.012 0.024 0.055 0.079 0.197 0.188 0.438 
491    (0)   :  0.010 0.035 0.039 0.171 0.043 0.298 0.230 0.174 
492    (0)   :  0.005 0.024 0.114 0.202 0.058 0.172 0.115 0.309 
493    (0)   :  0.015 0.032 0.064 0.057 0.038 0.282 0.295 0.217 
494    (0)   :  0.048 0.025 0.034 0.153 0.057 0.227 0.279 0.177 
495    (0)   :  0.040 0.079 0.073 0.142 0.058 0.142 0.159 0.308 
496    (0)   :  0.008 0.006 0.051 0.357 0.064 0.205 0.130 0.179 
497    (0)   :  0.037 0.059 0.088 0.105 0.039 0.219 0.294 0.160 
498    (0)   :  0.013 0.062 0.022 0.147 0.048 0.172 0.231 0.305 
499    (0)   :  0.047 0.012 0.081 0.191 0.047 0.212 0.279 0.133 
500    (0)   :  0.018 0.008 0.043 0.070 0.053 0.233 0.432 0.143 
501    (0)   :  0.012 0.009 0.050 0.232 0.058 0.113 0.314 0.211 
502    (0)   :  0.008 0.018 0.060 0.265 0.053 0.077 0.181 0.336 
503    (0)   :  0.007 0.007 0.026 0.068 0.071 0.110 0.487 0.224 
504    (0)   :  0.010 0.054 0.025 0.092 0.056 0.145 0.118 0.500 
505    (0)   :  0.010 0.015 0.033 0.157 0.050 0.397 0.150 0.189 
506    (0)   :  0.007 0.025 0.046 0.237 0.044 0.152 0.160 0.329 
507    (0)   :  0.010 0.006 0.080 0.429 0.041 0.245 0.095 0.094 
508    (0)   :  0.026 0.013 0.112 0.377 0.036 0.219 0.104 0.114 
509    (0)   :  0.009 0.010 0.059 0.169 0.056 0.385 0.138 0.174 
510    (0)   :  0.025 0.009 0.062 0.238 0.037 0.121 0.354 0.155 
511    (0)   :  0.012 0.020 0.024 0.095 0.132 0.171 0.288 0.258 
512    (0)   :  0.007 0.010 0.022 0.054 0.070 0.093 0.472 0.271 
513    (0)   :  0.009 0.375 0.035 0.075 0.029 0.247 0.067 0.163 
514    (0)   :  0.009 0.008 0.054 0.082 0.060 0.140 0.112 0.534 
515    (0)   :  0.015 0.012 0.089 0.120 0.215 0.202 0.191 0.157 
516    (0)   :  0.010 0.010 0.028 0.110 0.053 0.224 0.101 0.463 
517    (0)   :  0.008 0.008 0.054 0.152 0.183 0.241 0.114 0.240 
518    (0)   :  0.076 0.007 0.100 0.133 0.041 0.187 0.315 0.141 
519    (0)   :  0.006 0.012 0.031 0.128 0.075 0.109 0.103 0.537 
520    (0)   :  0.009 0.008 0.068 0.216 0.274 0.220 0.098 0.108 
521    (0)   :  0.006 0.007 0.262 0.095 0.052 0.199 0.092 0.286 
522    (0)   :  0.029 0.009 0.038 0.061 0.099 0.274 0.320 0.170 
523    (0)   :  0.009 0.008 0.058 0.161 0.138 0.346 0.081 0.198 
524    (0)   :  0.009 0.007 0.062 0.093 0.348 0.170 0.124 0.187 
525    (0)   :  0.106 0.007 0.075 0.164 0.126 0.206 0.188 0.127 
526    (0)   :  0.006 0.007 0.028 0.104 0.422 0.248 0.075 0.111 
527    (0)   :  0.080 0.011 0.039 0.067 0.048 0.102 0.347 0.305 
528    (0)   :  0.005 0.007 0.359 0.088 0.037 0.245 0.099 0.160 
529    (0)   :  0.103 0.013 0.060 0.130 0.045 0.243 0.144 0.261 
530    (0)   :  0.007 0.012 0.037 0.101 0.107 0.192 0.383 0.160 
531    (0)   :  0.007 0.008 0.272 0.094 0.151 0.132 0.169 0.166 
532    (0)   :  0.020 0.010 0.229 0.077 0.039 0.193 0.237 0.195 
533    (0)   :  0.069 0.008 0.041 0.080 0.101 0.300 0.239 0.162 
534    (0)   :  0.085 0.015 0.060 0.090 0.040 0.460 0.073 0.177 
535    (0)   :  0.006 0.009 0.028 0.108 0.205 0.257 0.098 0.291 
536    (0)   :  0.007 0.012 0.035 0.277 0.184 0.150 0.154 0.183 
537    (0)   :  0.006 0.015 0.035 0.406 0.058 0.197 0.130 0.152 
538    (0)   :  0.005 0.008 0.033 0.252 0.075 0.348 0.129 0.150 
539    (0)   :  0.005 0.007 0.045 0.546 0.032 0.160 0.104 0.100 
540    (0)   :  0.007 0.008 0.144 0.078 0.096 0.383 0.149 0.135 
541    (0)   :  0.008 0.014 0.198 0.209 0.117 0.165 0.154 0.137 
542    (0)   :  0.006 0.017 0.022 0.086 0.246 0.383 0.120 0.120 
543    (0)   :  0.009 0.021 0.106 0.102 0.144 0.314 0.084 0.219 
544    (0)   :  0.005 0.010 0.034 0.105 0.133 0.426 0.125 0.162 
545    (0)   :  0.005 0.016 0.021 0.070 0.322 0.306 0.084 0.176 
546    (0)   :  0.006 0.021 0.042 0.119 0.096 0.435 0.145 0.136 
547    (0)   :  0.006 0.015 0.032 0.259 0.162 0.298 0.077 0.151 
548    (0)   :  0.006 0.008 0.062 0.250 0.038 0.322 0.158 0.157 
549    (0)   :  0.007 0.010 0.033 0.473 0.201 0.079 0.090 0.108 
550    (0)   :  0.004 0.016 0.022 0.162 0.302 0.189 0.104 0.200 
551    (0)   :  0.007 0.008 0.048 0.519 0.080 0.090 0.111 0.137 
552    (0)   :  0.005 0.008 0.038 0.183 0.049 0.449 0.150 0.118 
553    (0)   :  0.009 0.026 0.056 0.148 0.094 0.449 0.067 0.151 
554    (0)   :  0.012 0.012 0.127 0.067 0.106 0.229 0.246 0.202 
555    (0)   :  0.007 0.028 0.041 0.357 0.052 0.252 0.118 0.146 
556    (0)   :  0.006 0.009 0.031 0.186 0.056 0.419 0.131 0.161 
557    (0)   :  0.005 0.011 0.039 0.152 0.383 0.127 0.096 0.188 
558    (0)   :  0.007 0.006 0.022 0.055 0.379 0.051 0.219 0.261 
559    (0)   :  0.008 0.007 0.027 0.081 0.052 0.272 0.161 0.392 
560    (0)   :  0.005 0.014 0.018 0.042 0.239 0.078 0.091 0.515 
561    (0)   :  0.006 0.012 0.023 0.056 0.135 0.119 0.194 0.456 
562    (0)   :  0.007 0.012 0.018 0.042 0.101 0.171 0.190 0.459 
563    (0)   :  0.010 0.021 0.031 0.256 0.119 0.074 0.095 0.394 
564    (0)   :  0.011 0.009 0.046 0.059 0.063 0.423 0.166 0.224 
565    (0)   :  0.006 0.007 0.024 0.063 0.390 0.067 0.265 0.178 
566    (0)   :  0.004 0.007 0.019 0.042 0.157 0.076 0.139 0.555 
567    (0)   :  0.007 0.010 0.023 0.057 0.050 0.343 0.173 0.339 
568    (0)   :  0.006 0.006 0.031 0.079 0.138 0.166 0.118 0.457 
569    (0)   :  0.008 0.007 0.043 0.060 0.136 0.191 0.269 0.286 
570    (0)   :  0.008 0.006 0.021 0.044 0.147 0.066 0.434 0.274 
571    (0)   :  0.005 0.006 0.029 0.064 0.107 0.096 0.093 0.599 
572    (0)   :  0.004 0.016 0.031 0.200 0.103 0.374 0.146 0.124 
573    (0)   :  0.010 0.008 0.037 0.077 0.217 0.264 0.132 0.254 
574    (0)   :  0.007 0.009 0.048 0.123 0.095 0.127 0.442 0.150 
575    (0)   :  0.006 0.007 0.038 0.165 0.106 0.100 0.118 0.460 
576    (0)   :  0.006 0.013 0.020 0.042 0.115 0.063 0.169 0.572 
577    (0)   :  0.009 0.009 0.033 0.156 0.066 0.106 0.416 0.206 
