

----------------------------------------------------
STRUCTURE by Pritchard, Stephens and Donnelly (2000)
     and Falush, Stephens and Pritchard (2003)
       Code by Pritchard, Falush and Hubisz
             Version 2.3.4 (Jul 2012)
----------------------------------------------------



Command line arguments:   ./structure -K 6 -D 106019 -m brooktrout/mainparams -e brooktrout/extraparams -o brooktrout/250914_output/results_K6_rep19 
Input File:    brooktrout/brooktrout.txt

Run parameters:
   8454 individuals
   5 loci
   6 populations assumed
   50000 Burn-in period
   100000 Reps
RANDOMIZE turned off


--------------------------------------------
Overall proportion of membership of the
sample in each of the 6 clusters

Inferred Clusters
  1      2      3      4      5      6    
0.065  0.040  0.085  0.182  0.300  0.328  

--------------------------------------------

Allele-freq. divergence among pops (Net nucleotide distance),
computed using point estimates of P.

      1       2       3       4       5       6      
 1      -    0.1722  0.1004  0.1450  0.1140  0.1072  
 2   0.1722     -    0.1554  0.0983  0.1861  0.1135  
 3   0.1004  0.1554     -    0.0739  0.1164  0.0633  
 4   0.1450  0.0983  0.0739     -    0.1140  0.0508  
 5   0.1140  0.1861  0.1164  0.1140     -    0.1122  
 6   0.1072  0.1135  0.0633  0.0508  0.1122     -    

Average distances (expected heterozygosity) between individuals in same cluster:
cluster  1  : 0.7763 
cluster  2  : 0.6916 
cluster  3  : 0.8252 
cluster  4  : 0.7710 
cluster  5  : 0.7445 
cluster  6  : 0.8014 

--------------------------------------------
Estimated Ln Prob of Data   = -183929.2
Mean value of ln likelihood = -172045.0
Variance of ln likelihood   = 23768.4

Mean value of alpha_1       = 0.1415
Mean value of alpha_2       = 0.0856
Mean value of alpha_3       = 0.1963
Mean value of alpha_4       = 0.4108
Mean value of alpha_5       = 0.6868
Mean value of alpha_6       = 0.7456
Allele frequencies uncorrelated


Inferred ancestry of individuals:
     (%Miss) :  Inferred clusters
  1    (0)   :  0.044 0.020 0.131 0.297 0.331 0.177 
  2    (0)   :  0.030 0.011 0.159 0.158 0.209 0.433 
  3    (0)   :  0.049 0.031 0.031 0.370 0.301 0.219 
  4    (0)   :  0.035 0.024 0.031 0.082 0.636 0.192 
  5    (0)   :  0.033 0.012 0.198 0.230 0.171 0.356 
  6    (0)   :  0.020 0.013 0.025 0.639 0.106 0.198 
  7    (0)   :  0.016 0.021 0.044 0.226 0.113 0.581 
  8    (0)   :  0.026 0.027 0.035 0.243 0.417 0.252 
  9    (0)   :  0.029 0.014 0.100 0.314 0.257 0.286 
 10    (0)   :  0.015 0.016 0.055 0.307 0.280 0.326 
 11    (0)   :  0.015 0.020 0.111 0.237 0.116 0.500 
 12    (0)   :  0.033 0.011 0.096 0.225 0.241 0.395 
 13    (0)   :  0.029 0.014 0.059 0.272 0.218 0.407 
 14    (0)   :  0.093 0.031 0.041 0.163 0.331 0.341 
 15    (0)   :  0.031 0.041 0.046 0.131 0.399 0.352 
 16    (0)   :  0.028 0.020 0.076 0.440 0.168 0.268 
 17    (0)   :  0.048 0.016 0.074 0.442 0.181 0.238 
 18    (0)   :  0.032 0.038 0.049 0.325 0.301 0.255 
 19    (0)   :  0.017 0.012 0.043 0.506 0.154 0.268 
 20    (0)   :  0.030 0.025 0.079 0.174 0.208 0.483 
 21    (0)   :  0.048 0.018 0.061 0.173 0.448 0.253 
 22    (0)   :  0.029 0.014 0.032 0.577 0.177 0.172 
 23    (0)   :  0.104 0.030 0.081 0.112 0.443 0.231 
 24    (0)   :  0.029 0.020 0.062 0.319 0.349 0.221 
 25    (0)   :  0.025 0.028 0.054 0.283 0.097 0.514 
 26    (0)   :  0.028 0.017 0.058 0.417 0.261 0.219 
 27    (0)   :  0.058 0.016 0.078 0.349 0.228 0.271 
 28    (0)   :  0.025 0.021 0.049 0.183 0.432 0.289 
 29    (0)   :  0.031 0.011 0.087 0.142 0.197 0.531 
 30    (0)   :  0.042 0.015 0.046 0.571 0.152 0.174 
 31    (0)   :  0.048 0.012 0.064 0.240 0.273 0.362 
 32    (0)   :  0.031 0.023 0.038 0.234 0.353 0.321 
 33    (0)   :  0.040 0.023 0.073 0.247 0.299 0.319 
 34    (0)   :  0.020 0.032 0.105 0.215 0.170 0.458 
 35    (0)   :  0.157 0.010 0.141 0.340 0.164 0.188 
 36    (0)   :  0.251 0.089 0.095 0.167 0.202 0.197 
 37    (0)   :  0.041 0.011 0.036 0.143 0.449 0.320 
 38    (0)   :  0.058 0.302 0.146 0.121 0.103 0.270 
 39    (0)   :  0.093 0.035 0.122 0.225 0.160 0.365 
 40    (0)   :  0.273 0.017 0.053 0.167 0.331 0.159 
 41    (0)   :  0.278 0.026 0.169 0.166 0.130 0.231 
 42    (0)   :  0.143 0.056 0.163 0.098 0.403 0.135 
 43    (0)   :  0.264 0.011 0.047 0.096 0.254 0.328 
 44    (0)   :  0.450 0.009 0.044 0.208 0.102 0.188 
 45    (0)   :  0.204 0.043 0.184 0.163 0.127 0.280 
 46    (0)   :  0.095 0.014 0.063 0.375 0.131 0.321 
 47    (0)   :  0.044 0.011 0.082 0.377 0.231 0.257 
 48    (0)   :  0.514 0.011 0.040 0.215 0.102 0.118 
 49    (0)   :  0.095 0.018 0.225 0.218 0.209 0.234 
 50    (0)   :  0.041 0.016 0.050 0.315 0.170 0.407 
 51    (0)   :  0.583 0.036 0.079 0.064 0.107 0.131 
 52    (0)   :  0.078 0.019 0.159 0.255 0.171 0.318 
 53    (0)   :  0.048 0.186 0.058 0.252 0.196 0.259 
 54    (0)   :  0.102 0.008 0.089 0.163 0.293 0.345 
 55    (0)   :  0.420 0.011 0.053 0.112 0.172 0.232 
 56    (0)   :  0.200 0.026 0.121 0.297 0.214 0.142 
 57    (0)   :  0.018 0.015 0.075 0.345 0.317 0.231 
 58    (0)   :  0.185 0.020 0.131 0.139 0.229 0.296 
 59    (0)   :  0.127 0.070 0.293 0.161 0.159 0.191 
 60    (0)   :  0.261 0.025 0.043 0.104 0.366 0.201 
 61    (0)   :  0.269 0.008 0.058 0.061 0.334 0.270 
 62    (0)   :  0.034 0.014 0.315 0.286 0.147 0.204 
 63    (0)   :  0.076 0.018 0.059 0.092 0.302 0.452 
 64    (0)   :  0.028 0.026 0.100 0.490 0.134 0.223 
 65    (0)   :  0.027 0.012 0.056 0.102 0.092 0.711 
 66    (0)   :  0.044 0.012 0.050 0.080 0.394 0.420 
 67    (0)   :  0.278 0.008 0.066 0.103 0.163 0.382 
 68    (0)   :  0.147 0.082 0.206 0.153 0.209 0.203 
 69    (0)   :  0.061 0.243 0.226 0.117 0.180 0.173 
 70    (0)   :  0.176 0.052 0.055 0.083 0.268 0.366 
 71    (0)   :  0.279 0.050 0.192 0.132 0.101 0.246 
 72    (0)   :  0.085 0.028 0.103 0.344 0.152 0.288 
 73    (0)   :  0.170 0.017 0.183 0.090 0.142 0.398 
 74    (0)   :  0.159 0.087 0.097 0.181 0.317 0.159 
 75    (0)   :  0.161 0.061 0.094 0.135 0.436 0.113 
 76    (0)   :  0.140 0.012 0.035 0.084 0.182 0.546 
 77    (0)   :  0.262 0.057 0.174 0.104 0.107 0.297 
 78    (0)   :  0.180 0.196 0.173 0.097 0.121 0.233 
 79    (0)   :  0.015 0.019 0.037 0.150 0.137 0.642 
 80    (0)   :  0.017 0.014 0.031 0.087 0.611 0.240 
 81    (0)   :  0.014 0.016 0.027 0.108 0.487 0.347 
 82    (0)   :  0.056 0.014 0.085 0.087 0.295 0.463 
 83    (0)   :  0.029 0.039 0.023 0.105 0.394 0.410 
 84    (0)   :  0.017 0.020 0.027 0.093 0.337 0.504 
 85    (0)   :  0.025 0.047 0.027 0.161 0.421 0.319 
 86    (0)   :  0.106 0.013 0.093 0.172 0.182 0.435 
 87    (0)   :  0.024 0.030 0.030 0.087 0.149 0.680 
 88    (0)   :  0.019 0.014 0.036 0.088 0.431 0.413 
 89    (0)   :  0.016 0.013 0.030 0.086 0.524 0.330 
 90    (0)   :  0.016 0.015 0.033 0.074 0.155 0.708 
 91    (0)   :  0.026 0.043 0.023 0.099 0.573 0.235 
 92    (0)   :  0.018 0.015 0.039 0.128 0.237 0.563 
 93    (0)   :  0.017 0.010 0.030 0.065 0.753 0.125 
 94    (0)   :  0.026 0.110 0.025 0.083 0.117 0.639 
 95    (0)   :  0.017 0.014 0.031 0.057 0.306 0.576 
 96    (0)   :  0.273 0.010 0.040 0.055 0.388 0.235 
 97    (0)   :  0.119 0.074 0.092 0.165 0.407 0.142 
 98    (0)   :  0.157 0.013 0.074 0.170 0.240 0.346 
 99    (0)   :  0.015 0.017 0.029 0.082 0.312 0.545 
100    (0)   :  0.024 0.009 0.036 0.065 0.731 0.136 
101    (0)   :  0.030 0.031 0.034 0.083 0.262 0.560 
102    (0)   :  0.049 0.037 0.064 0.067 0.466 0.318 
103    (0)   :  0.029 0.010 0.042 0.059 0.351 0.507 
104    (0)   :  0.031 0.011 0.036 0.068 0.167 0.686 
105    (0)   :  0.030 0.010 0.109 0.057 0.261 0.533 
106    (0)   :  0.027 0.024 0.036 0.120 0.072 0.721 
107    (0)   :  0.032 0.011 0.053 0.063 0.267 0.573 
108    (0)   :  0.370 0.112 0.036 0.078 0.134 0.271 
109    (0)   :  0.044 0.037 0.287 0.114 0.081 0.437 
110    (0)   :  0.020 0.025 0.052 0.113 0.084 0.706 
111    (0)   :  0.023 0.011 0.090 0.062 0.104 0.711 
112    (0)   :  0.030 0.022 0.327 0.065 0.080 0.476 
113    (0)   :  0.071 0.025 0.073 0.169 0.249 0.414 
114    (0)   :  0.023 0.011 0.073 0.064 0.196 0.633 
115    (0)   :  0.106 0.014 0.130 0.085 0.143 0.522 
116    (0)   :  0.099 0.037 0.084 0.128 0.089 0.563 
117    (0)   :  0.030 0.023 0.229 0.113 0.105 0.500 
118    (0)   :  0.054 0.017 0.196 0.089 0.142 0.502 
119    (0)   :  0.213 0.024 0.025 0.052 0.380 0.306 
120    (0)   :  0.048 0.015 0.161 0.077 0.152 0.548 
121    (0)   :  0.166 0.018 0.189 0.083 0.103 0.442 
122    (0)   :  0.023 0.019 0.078 0.106 0.096 0.678 
123    (0)   :  0.033 0.025 0.051 0.077 0.137 0.678 
124    (0)   :  0.073 0.025 0.159 0.190 0.109 0.444 
125    (0)   :  0.048 0.042 0.270 0.271 0.108 0.261 
126    (0)   :  0.070 0.025 0.049 0.083 0.154 0.620 
127    (0)   :  0.028 0.011 0.058 0.053 0.115 0.736 
128    (0)   :  0.046 0.009 0.152 0.081 0.145 0.567 
129    (0)   :  0.031 0.010 0.057 0.061 0.113 0.728 
130    (0)   :  0.022 0.012 0.107 0.071 0.211 0.578 
131    (0)   :  0.086 0.153 0.157 0.128 0.085 0.391 
132    (0)   :  0.028 0.015 0.043 0.094 0.087 0.732 
133    (0)   :  0.048 0.016 0.047 0.067 0.151 0.671 
134    (0)   :  0.017 0.015 0.075 0.090 0.063 0.740 
135    (0)   :  0.100 0.016 0.107 0.071 0.579 0.127 
136    (0)   :  0.019 0.012 0.046 0.120 0.710 0.093 
137    (0)   :  0.016 0.012 0.066 0.065 0.707 0.134 
138    (0)   :  0.025 0.014 0.026 0.077 0.763 0.094 
139    (0)   :  0.079 0.013 0.067 0.117 0.548 0.176 
140    (0)   :  0.054 0.017 0.048 0.105 0.526 0.250 
141    (0)   :  0.026 0.017 0.045 0.170 0.631 0.111 
142    (0)   :  0.145 0.014 0.071 0.065 0.575 0.131 
143    (0)   :  0.017 0.009 0.023 0.054 0.811 0.085 
144    (0)   :  0.019 0.011 0.063 0.059 0.717 0.131 
145    (0)   :  0.036 0.016 0.067 0.211 0.551 0.118 
146    (0)   :  0.029 0.017 0.052 0.143 0.537 0.221 
147    (0)   :  0.015 0.010 0.026 0.066 0.797 0.086 
148    (0)   :  0.050 0.012 0.061 0.101 0.585 0.193 
149    (0)   :  0.037 0.017 0.046 0.083 0.718 0.099 
150    (0)   :  0.021 0.011 0.078 0.075 0.607 0.208 
151    (0)   :  0.020 0.009 0.032 0.061 0.755 0.123 
152    (0)   :  0.096 0.027 0.057 0.115 0.539 0.166 
153    (0)   :  0.035 0.015 0.042 0.085 0.698 0.127 
154    (0)   :  0.033 0.012 0.044 0.109 0.700 0.102 
155    (0)   :  0.019 0.009 0.024 0.056 0.778 0.114 
156    (0)   :  0.071 0.009 0.050 0.048 0.682 0.141 
157    (0)   :  0.016 0.016 0.027 0.054 0.649 0.239 
158    (0)   :  0.027 0.018 0.074 0.205 0.567 0.108 
159    (0)   :  0.015 0.011 0.031 0.061 0.797 0.085 
160    (0)   :  0.016 0.011 0.032 0.065 0.789 0.088 
161    (0)   :  0.025 0.016 0.049 0.099 0.658 0.153 
162    (0)   :  0.035 0.015 0.051 0.164 0.498 0.236 
163    (0)   :  0.026 0.009 0.027 0.052 0.781 0.105 
164    (0)   :  0.029 0.013 0.041 0.101 0.555 0.261 
165    (0)   :  0.021 0.011 0.087 0.063 0.634 0.184 
166    (0)   :  0.036 0.055 0.026 0.058 0.562 0.263 
167    (0)   :  0.025 0.014 0.039 0.188 0.594 0.141 
168    (0)   :  0.040 0.044 0.032 0.089 0.665 0.130 
169    (0)   :  0.032 0.072 0.106 0.332 0.360 0.098 
170    (0)   :  0.039 0.010 0.033 0.058 0.720 0.140 
171    (0)   :  0.039 0.033 0.033 0.107 0.589 0.199 
172    (0)   :  0.081 0.062 0.104 0.132 0.526 0.094 
173    (0)   :  0.019 0.009 0.029 0.062 0.789 0.092 
174    (0)   :  0.015 0.010 0.028 0.067 0.755 0.124 
175    (0)   :  0.024 0.010 0.028 0.107 0.739 0.092 
176    (0)   :  0.018 0.011 0.064 0.057 0.719 0.130 
177    (0)   :  0.021 0.028 0.041 0.082 0.548 0.279 
178    (0)   :  0.017 0.011 0.032 0.130 0.669 0.141 
179    (0)   :  0.016 0.009 0.021 0.060 0.803 0.091 
180    (0)   :  0.035 0.018 0.048 0.160 0.584 0.155 
181    (0)   :  0.036 0.015 0.051 0.098 0.687 0.113 
182    (0)   :  0.030 0.010 0.041 0.059 0.763 0.097 
183    (0)   :  0.019 0.009 0.024 0.067 0.786 0.094 
184    (0)   :  0.049 0.015 0.088 0.270 0.242 0.336 
185    (0)   :  0.076 0.009 0.042 0.048 0.742 0.083 
186    (0)   :  0.029 0.009 0.036 0.118 0.172 0.635 
187    (0)   :  0.034 0.011 0.037 0.121 0.506 0.291 
188    (0)   :  0.034 0.008 0.043 0.100 0.130 0.686 
189    (0)   :  0.044 0.046 0.029 0.243 0.450 0.188 
190    (0)   :  0.337 0.008 0.045 0.043 0.459 0.107 
191    (0)   :  0.035 0.009 0.109 0.130 0.328 0.388 
192    (0)   :  0.020 0.011 0.042 0.112 0.452 0.364 
193    (0)   :  0.054 0.012 0.077 0.176 0.414 0.267 
194    (0)   :  0.042 0.011 0.042 0.094 0.479 0.332 
195    (0)   :  0.053 0.008 0.028 0.053 0.735 0.123 
196    (0)   :  0.187 0.011 0.062 0.066 0.449 0.225 
197    (0)   :  0.048 0.010 0.049 0.244 0.314 0.334 
198    (0)   :  0.044 0.015 0.040 0.167 0.314 0.420 
199    (0)   :  0.145 0.014 0.059 0.076 0.529 0.176 
200    (0)   :  0.228 0.021 0.087 0.112 0.360 0.191 
201    (0)   :  0.039 0.008 0.031 0.075 0.703 0.144 
202    (0)   :  0.051 0.008 0.035 0.054 0.712 0.140 
203    (0)   :  0.033 0.008 0.047 0.067 0.712 0.133 
204    (0)   :  0.069 0.008 0.050 0.060 0.616 0.197 
205    (0)   :  0.132 0.017 0.055 0.120 0.369 0.307 
206    (0)   :  0.063 0.008 0.047 0.077 0.589 0.215 
207    (0)   :  0.095 0.008 0.124 0.077 0.364 0.331 
208    (0)   :  0.113 0.008 0.053 0.079 0.532 0.214 
209    (0)   :  0.054 0.010 0.093 0.146 0.371 0.327 
210    (0)   :  0.043 0.008 0.047 0.072 0.548 0.282 
211    (0)   :  0.183 0.008 0.193 0.066 0.345 0.205 
212    (0)   :  0.041 0.010 0.034 0.100 0.683 0.133 
213    (0)   :  0.114 0.014 0.059 0.075 0.305 0.433 
214    (0)   :  0.039 0.008 0.048 0.073 0.710 0.122 
215    (0)   :  0.160 0.016 0.109 0.100 0.250 0.366 
216    (0)   :  0.050 0.012 0.079 0.244 0.288 0.325 
217    (0)   :  0.052 0.011 0.034 0.091 0.677 0.135 
218    (0)   :  0.043 0.015 0.056 0.128 0.444 0.315 
219    (0)   :  0.033 0.020 0.032 0.245 0.454 0.215 
220    (0)   :  0.070 0.008 0.086 0.083 0.376 0.377 
221    (0)   :  0.063 0.008 0.030 0.050 0.763 0.086 
222    (0)   :  0.034 0.012 0.040 0.276 0.319 0.318 
223    (0)   :  0.035 0.015 0.035 0.138 0.553 0.225 
224    (0)   :  0.033 0.008 0.040 0.077 0.676 0.167 
225    (0)   :  0.078 0.012 0.054 0.093 0.510 0.253 
226    (0)   :  0.060 0.105 0.062 0.206 0.369 0.200 
227    (0)   :  0.099 0.008 0.037 0.060 0.569 0.227 
228    (0)   :  0.134 0.009 0.054 0.050 0.643 0.110 
229    (0)   :  0.020 0.008 0.041 0.085 0.630 0.216 
230    (0)   :  0.026 0.008 0.067 0.082 0.605 0.213 
231    (0)   :  0.023 0.009 0.051 0.132 0.577 0.209 
232    (0)   :  0.047 0.019 0.062 0.119 0.503 0.251 
233    (0)   :  0.029 0.008 0.041 0.071 0.730 0.121 
234    (0)   :  0.025 0.012 0.053 0.164 0.403 0.343 
235    (0)   :  0.073 0.015 0.035 0.146 0.504 0.228 
236    (0)   :  0.031 0.012 0.063 0.118 0.596 0.180 
237    (0)   :  0.072 0.010 0.119 0.084 0.455 0.260 
238    (0)   :  0.031 0.008 0.039 0.075 0.665 0.182 
239    (0)   :  0.053 0.008 0.028 0.053 0.734 0.123 
240    (0)   :  0.034 0.008 0.039 0.075 0.664 0.180 
241    (0)   :  0.040 0.011 0.033 0.065 0.732 0.119 
242    (0)   :  0.045 0.022 0.033 0.141 0.509 0.249 
243    (0)   :  0.246 0.008 0.082 0.055 0.458 0.150 
244    (0)   :  0.030 0.008 0.056 0.072 0.689 0.144 
245    (0)   :  0.032 0.008 0.026 0.053 0.756 0.124 
246    (0)   :  0.051 0.011 0.034 0.089 0.679 0.135 
247    (0)   :  0.042 0.016 0.042 0.084 0.141 0.676 
248    (0)   :  0.132 0.010 0.132 0.101 0.210 0.415 
249    (0)   :  0.033 0.008 0.054 0.085 0.642 0.179 
250    (0)   :  0.025 0.011 0.067 0.127 0.518 0.252 
251    (0)   :  0.098 0.041 0.095 0.195 0.290 0.281 
252    (0)   :  0.049 0.011 0.036 0.101 0.548 0.255 
253    (0)   :  0.073 0.021 0.048 0.115 0.303 0.440 
254    (0)   :  0.045 0.010 0.046 0.215 0.382 0.301 
255    (0)   :  0.036 0.009 0.047 0.164 0.406 0.337 
256    (0)   :  0.060 0.010 0.052 0.089 0.625 0.163 
257    (0)   :  0.096 0.011 0.068 0.107 0.432 0.285 
258    (0)   :  0.142 0.012 0.058 0.094 0.277 0.417 
259    (0)   :  0.038 0.010 0.084 0.125 0.447 0.297 
260    (0)   :  0.023 0.010 0.039 0.229 0.473 0.225 
261    (0)   :  0.064 0.012 0.034 0.092 0.624 0.172 
262    (0)   :  0.116 0.011 0.033 0.058 0.686 0.097 
263    (0)   :  0.069 0.008 0.100 0.133 0.408 0.281 
264    (0)   :  0.059 0.012 0.059 0.484 0.116 0.270 
265    (0)   :  0.063 0.017 0.040 0.168 0.429 0.282 
266    (0)   :  0.052 0.008 0.031 0.051 0.770 0.089 
267    (0)   :  0.038 0.009 0.078 0.123 0.479 0.273 
268    (0)   :  0.194 0.011 0.060 0.065 0.449 0.222 
269    (0)   :  0.036 0.028 0.036 0.257 0.424 0.218 
270    (0)   :  0.047 0.010 0.070 0.198 0.314 0.360 
271    (0)   :  0.164 0.015 0.096 0.100 0.280 0.345 
272    (0)   :  0.155 0.098 0.097 0.131 0.291 0.229 
273    (0)   :  0.062 0.035 0.074 0.194 0.408 0.227 
274    (0)   :  0.069 0.022 0.064 0.199 0.355 0.291 
275    (0)   :  0.069 0.039 0.095 0.204 0.407 0.186 
276    (0)   :  0.149 0.061 0.107 0.133 0.300 0.249 
277    (0)   :  0.032 0.014 0.040 0.154 0.515 0.245 
278    (0)   :  0.254 0.016 0.104 0.092 0.282 0.254 
279    (0)   :  0.046 0.014 0.065 0.139 0.491 0.245 
280    (0)   :  0.065 0.025 0.049 0.230 0.409 0.222 
281    (0)   :  0.063 0.013 0.053 0.125 0.367 0.381 
282    (0)   :  0.024 0.012 0.039 0.128 0.613 0.184 
283    (0)   :  0.026 0.008 0.031 0.080 0.687 0.168 
284    (0)   :  0.044 0.012 0.073 0.093 0.446 0.333 
285    (0)   :  0.225 0.013 0.125 0.106 0.120 0.410 
286    (0)   :  0.030 0.008 0.056 0.072 0.689 0.144 
287    (0)   :  0.041 0.020 0.030 0.188 0.389 0.333 
288    (0)   :  0.067 0.073 0.075 0.181 0.336 0.269 
289    (0)   :  0.095 0.054 0.069 0.109 0.240 0.434 
290    (0)   :  0.127 0.013 0.147 0.223 0.296 0.194 
291    (0)   :  0.166 0.013 0.095 0.100 0.281 0.344 
292    (0)   :  0.116 0.028 0.041 0.161 0.479 0.173 
293    (0)   :  0.143 0.013 0.120 0.279 0.190 0.255 
294    (0)   :  0.092 0.012 0.069 0.142 0.392 0.293 
295    (0)   :  0.107 0.050 0.086 0.135 0.368 0.255 
296    (0)   :  0.108 0.014 0.087 0.089 0.350 0.352 
297    (0)   :  0.044 0.024 0.049 0.274 0.305 0.304 
298    (0)   :  0.019 0.011 0.040 0.136 0.537 0.256 
299    (0)   :  0.031 0.008 0.049 0.158 0.354 0.400 
300    (0)   :  0.080 0.011 0.122 0.113 0.336 0.339 
301    (0)   :  0.044 0.017 0.081 0.313 0.294 0.250 
302    (0)   :  0.205 0.013 0.095 0.114 0.334 0.239 
303    (0)   :  0.034 0.011 0.050 0.110 0.620 0.174 
304    (0)   :  0.019 0.009 0.044 0.226 0.473 0.229 
305    (0)   :  0.061 0.012 0.039 0.067 0.701 0.120 
306    (0)   :  0.041 0.014 0.032 0.115 0.650 0.147 
307    (0)   :  0.038 0.014 0.069 0.147 0.501 0.231 
308    (0)   :  0.064 0.013 0.033 0.094 0.624 0.172 
309    (0)   :  0.116 0.020 0.137 0.077 0.268 0.382 
310    (0)   :  0.083 0.008 0.053 0.072 0.639 0.145 
311    (0)   :  0.025 0.008 0.067 0.082 0.606 0.213 
312    (0)   :  0.068 0.008 0.073 0.057 0.336 0.458 
313    (0)   :  0.327 0.011 0.083 0.070 0.223 0.287 
314    (0)   :  0.027 0.012 0.027 0.054 0.800 0.081 
315    (0)   :  0.036 0.024 0.024 0.062 0.746 0.108 
316    (0)   :  0.028 0.045 0.024 0.080 0.709 0.113 
317    (0)   :  0.017 0.014 0.025 0.058 0.803 0.084 
318    (0)   :  0.014 0.015 0.023 0.062 0.802 0.084 
319    (0)   :  0.018 0.009 0.025 0.058 0.804 0.086 
320    (0)   :  0.027 0.012 0.026 0.054 0.798 0.082 
321    (0)   :  0.015 0.015 0.025 0.064 0.795 0.086 
322    (0)   :  0.044 0.038 0.026 0.072 0.707 0.113 
323    (0)   :  0.014 0.011 0.022 0.071 0.798 0.084 
324    (0)   :  0.016 0.016 0.025 0.064 0.794 0.086 
325    (0)   :  0.022 0.051 0.023 0.069 0.725 0.109 
326    (0)   :  0.026 0.097 0.027 0.070 0.674 0.106 
327    (0)   :  0.018 0.013 0.025 0.058 0.804 0.083 
328    (0)   :  0.028 0.028 0.024 0.070 0.732 0.118 
329    (0)   :  0.013 0.010 0.022 0.059 0.812 0.084 
330    (0)   :  0.017 0.014 0.024 0.057 0.805 0.083 
331    (0)   :  0.014 0.010 0.022 0.060 0.809 0.086 
332    (0)   :  0.023 0.064 0.024 0.088 0.693 0.108 
333    (0)   :  0.028 0.053 0.025 0.067 0.713 0.112 
334    (0)   :  0.029 0.028 0.024 0.068 0.732 0.118 
335    (0)   :  0.032 0.025 0.024 0.061 0.747 0.110 
336    (0)   :  0.021 0.016 0.025 0.072 0.784 0.083 
337    (0)   :  0.027 0.049 0.026 0.072 0.713 0.112 
338    (0)   :  0.013 0.017 0.024 0.067 0.795 0.085 
339    (0)   :  0.013 0.010 0.022 0.059 0.811 0.085 
340    (0)   :  0.015 0.009 0.021 0.054 0.816 0.084 
341    (0)   :  0.017 0.017 0.027 0.068 0.785 0.086 
342    (0)   :  0.018 0.014 0.024 0.058 0.804 0.083 
343    (0)   :  0.054 0.024 0.026 0.076 0.711 0.109 
344    (0)   :  0.013 0.010 0.022 0.060 0.811 0.084 
345    (0)   :  0.017 0.014 0.024 0.057 0.805 0.083 
346    (0)   :  0.015 0.014 0.022 0.056 0.810 0.082 
347    (0)   :  0.015 0.010 0.021 0.055 0.818 0.081 
348    (0)   :  0.060 0.021 0.026 0.057 0.731 0.105 
349    (0)   :  0.017 0.014 0.024 0.057 0.804 0.083 
350    (0)   :  0.020 0.009 0.025 0.059 0.802 0.084 
351    (0)   :  0.032 0.026 0.024 0.061 0.748 0.110 
352    (0)   :  0.032 0.042 0.025 0.063 0.727 0.110 
353    (0)   :  0.021 0.015 0.025 0.072 0.785 0.083 
354    (0)   :  0.014 0.011 0.024 0.063 0.803 0.085 
355    (0)   :  0.014 0.015 0.023 0.062 0.802 0.084 
356    (0)   :  0.059 0.021 0.026 0.057 0.731 0.106 
357    (0)   :  0.026 0.068 0.029 0.174 0.511 0.192 
358    (0)   :  0.022 0.034 0.023 0.072 0.737 0.112 
359    (0)   :  0.013 0.011 0.022 0.062 0.804 0.087 
360    (0)   :  0.015 0.013 0.022 0.056 0.812 0.082 
361    (0)   :  0.034 0.064 0.033 0.180 0.483 0.206 
362    (0)   :  0.033 0.074 0.039 0.130 0.198 0.526 
363    (0)   :  0.037 0.036 0.039 0.199 0.103 0.587 
364    (0)   :  0.030 0.017 0.054 0.351 0.328 0.221 
365    (0)   :  0.028 0.050 0.096 0.513 0.111 0.201 
366    (0)   :  0.155 0.036 0.061 0.295 0.237 0.216 
367    (0)   :  0.017 0.055 0.034 0.109 0.074 0.711 
368    (0)   :  0.018 0.014 0.047 0.125 0.135 0.660 
369    (0)   :  0.100 0.015 0.054 0.194 0.401 0.235 
370    (0)   :  0.035 0.020 0.087 0.130 0.169 0.560 
371    (0)   :  0.047 0.017 0.080 0.310 0.231 0.314 
372    (0)   :  0.057 0.034 0.141 0.138 0.235 0.395 
373    (0)   :  0.022 0.015 0.048 0.188 0.225 0.501 
374    (0)   :  0.024 0.053 0.101 0.200 0.364 0.258 
375    (0)   :  0.020 0.021 0.055 0.322 0.096 0.487 
376    (0)   :  0.019 0.045 0.041 0.551 0.085 0.259 
377    (0)   :  0.047 0.055 0.062 0.215 0.141 0.480 
378    (0)   :  0.023 0.017 0.038 0.068 0.281 0.573 
379    (0)   :  0.026 0.050 0.058 0.535 0.077 0.254 
380    (0)   :  0.056 0.123 0.058 0.390 0.237 0.135 
381    (0)   :  0.064 0.019 0.050 0.558 0.196 0.113 
382    (0)   :  0.015 0.023 0.037 0.238 0.105 0.582 
383    (0)   :  0.024 0.158 0.049 0.451 0.195 0.122 
384    (0)   :  0.025 0.041 0.065 0.495 0.161 0.213 
385    (0)   :  0.016 0.017 0.327 0.196 0.257 0.187 
386    (0)   :  0.021 0.035 0.034 0.177 0.097 0.635 
387    (0)   :  0.025 0.028 0.057 0.241 0.118 0.532 
388    (0)   :  0.019 0.027 0.121 0.237 0.314 0.282 
389    (0)   :  0.171 0.016 0.302 0.126 0.132 0.253 
390    (0)   :  0.102 0.092 0.100 0.143 0.099 0.463 
391    (0)   :  0.057 0.031 0.256 0.125 0.177 0.353 
392    (0)   :  0.031 0.023 0.037 0.426 0.180 0.304 
393    (0)   :  0.058 0.095 0.139 0.426 0.154 0.127 
394    (0)   :  0.025 0.048 0.027 0.112 0.336 0.453 
395    (0)   :  0.110 0.075 0.081 0.125 0.148 0.460 
396    (0)   :  0.018 0.012 0.036 0.260 0.081 0.593 
397    (0)   :  0.037 0.010 0.036 0.386 0.320 0.211 
398    (0)   :  0.026 0.150 0.045 0.289 0.084 0.407 
399    (0)   :  0.041 0.044 0.058 0.082 0.118 0.657 
400    (0)   :  0.023 0.019 0.044 0.295 0.150 0.469 
401    (0)   :  0.058 0.018 0.055 0.082 0.162 0.625 
402    (0)   :  0.092 0.014 0.053 0.254 0.168 0.419 
403    (0)   :  0.027 0.024 0.103 0.167 0.452 0.228 
404    (0)   :  0.020 0.013 0.139 0.356 0.210 0.262 
405    (0)   :  0.038 0.048 0.040 0.252 0.195 0.427 
406    (0)   :  0.167 0.275 0.039 0.091 0.277 0.151 
407    (0)   :  0.020 0.097 0.052 0.473 0.084 0.274 
408    (0)   :  0.071 0.010 0.031 0.056 0.088 0.744 
409    (0)   :  0.127 0.070 0.144 0.135 0.371 0.154 
410    (0)   :  0.034 0.057 0.066 0.354 0.155 0.335 
411    (0)   :  0.074 0.018 0.037 0.435 0.220 0.216 
412    (0)   :  0.017 0.016 0.036 0.140 0.129 0.663 
413    (0)   :  0.020 0.016 0.027 0.090 0.266 0.581 
414    (0)   :  0.017 0.012 0.073 0.147 0.093 0.658 
415    (0)   :  0.074 0.043 0.049 0.403 0.121 0.310 
416    (0)   :  0.044 0.017 0.146 0.283 0.180 0.329 
417    (0)   :  0.022 0.238 0.035 0.215 0.102 0.388 
418    (0)   :  0.015 0.014 0.036 0.175 0.091 0.669 
419    (0)   :  0.037 0.027 0.161 0.189 0.292 0.294 
420    (0)   :  0.127 0.016 0.053 0.083 0.115 0.606 
421    (0)   :  0.024 0.073 0.043 0.173 0.113 0.574 
422    (0)   :  0.135 0.078 0.072 0.249 0.163 0.302 
423    (0)   :  0.034 0.050 0.046 0.323 0.147 0.401 
424    (0)   :  0.112 0.075 0.087 0.094 0.147 0.485 
425    (0)   :  0.026 0.020 0.198 0.358 0.172 0.226 
426    (0)   :  0.027 0.077 0.090 0.172 0.182 0.452 
427    (0)   :  0.025 0.244 0.041 0.158 0.196 0.337 
428    (0)   :  0.054 0.221 0.051 0.159 0.322 0.192 
429    (0)   :  0.017 0.050 0.034 0.316 0.077 0.506 
430    (0)   :  0.027 0.172 0.073 0.329 0.103 0.295 
431    (0)   :  0.024 0.037 0.071 0.124 0.184 0.560 
432    (0)   :  0.020 0.014 0.035 0.124 0.146 0.660 
433    (0)   :  0.037 0.013 0.049 0.124 0.454 0.323 
434    (0)   :  0.033 0.016 0.061 0.309 0.253 0.327 
435    (0)   :  0.029 0.399 0.027 0.136 0.078 0.332 
436    (0)   :  0.033 0.470 0.037 0.143 0.124 0.192 
437    (0)   :  0.024 0.037 0.026 0.580 0.089 0.244 
438    (0)   :  0.086 0.399 0.063 0.073 0.156 0.222 
439    (0)   :  0.019 0.365 0.076 0.249 0.111 0.180 
440    (0)   :  0.026 0.401 0.038 0.150 0.068 0.318 
441    (0)   :  0.026 0.109 0.067 0.301 0.184 0.313 
442    (0)   :  0.035 0.020 0.129 0.318 0.095 0.405 
443    (0)   :  0.106 0.061 0.056 0.099 0.085 0.593 
444    (0)   :  0.053 0.051 0.097 0.331 0.094 0.375 
445    (0)   :  0.052 0.036 0.176 0.371 0.226 0.139 
446    (0)   :  0.019 0.263 0.073 0.232 0.088 0.325 
447    (0)   :  0.051 0.270 0.137 0.141 0.168 0.232 
448    (0)   :  0.031 0.069 0.041 0.323 0.099 0.438 
449    (0)   :  0.028 0.076 0.045 0.326 0.157 0.368 
450    (0)   :  0.013 0.018 0.071 0.571 0.129 0.197 
451    (0)   :  0.030 0.026 0.030 0.095 0.070 0.749 
452    (0)   :  0.016 0.043 0.039 0.483 0.130 0.288 
453    (0)   :  0.203 0.019 0.116 0.105 0.187 0.370 
454    (0)   :  0.027 0.136 0.034 0.258 0.173 0.372 
455    (0)   :  0.045 0.491 0.053 0.102 0.089 0.218 
456    (0)   :  0.135 0.107 0.064 0.276 0.087 0.332 
457    (0)   :  0.024 0.097 0.033 0.537 0.096 0.213 
458    (0)   :  0.020 0.070 0.122 0.477 0.108 0.204 
459    (0)   :  0.025 0.161 0.111 0.149 0.188 0.366 
460    (0)   :  0.024 0.136 0.069 0.153 0.090 0.528 
461    (0)   :  0.014 0.027 0.068 0.170 0.090 0.632 
462    (0)   :  0.049 0.031 0.277 0.330 0.068 0.246 
463    (0)   :  0.256 0.215 0.066 0.099 0.155 0.210 
464    (0)   :  0.056 0.104 0.046 0.111 0.089 0.594 
465    (0)   :  0.032 0.040 0.099 0.151 0.112 0.565 
466    (0)   :  0.113 0.074 0.051 0.102 0.098 0.561 
467    (0)   :  0.045 0.045 0.137 0.307 0.144 0.323 
468    (0)   :  0.074 0.384 0.035 0.246 0.086 0.175 
469    (0)   :  0.017 0.607 0.045 0.116 0.082 0.133 
470    (0)   :  0.022 0.522 0.028 0.088 0.075 0.265 
471    (0)   :  0.132 0.024 0.126 0.283 0.108 0.327 
472    (0)   :  0.051 0.020 0.116 0.361 0.114 0.338 
473    (0)   :  0.040 0.077 0.036 0.279 0.154 0.414 
474    (0)   :  0.033 0.035 0.056 0.434 0.143 0.299 
475    (0)   :  0.025 0.041 0.076 0.130 0.183 0.545 
476    (0)   :  0.036 0.048 0.079 0.494 0.108 0.235 
477    (0)   :  0.042 0.056 0.077 0.128 0.148 0.549 
478    (0)   :  0.021 0.039 0.072 0.094 0.082 0.692 
479    (0)   :  0.021 0.224 0.034 0.204 0.080 0.436 
480    (0)   :  0.020 0.156 0.029 0.484 0.094 0.217 
481    (0)   :  0.035 0.019 0.108 0.411 0.103 0.325 
482    (0)   :  0.016 0.093 0.035 0.357 0.083 0.415 
483    (0)   :  0.018 0.489 0.047 0.141 0.109 0.196 
484    (0)   :  0.102 0.303 0.127 0.138 0.109 0.220 
485    (0)   :  0.019 0.662 0.026 0.068 0.077 0.147 
486    (0)   :  0.163 0.015 0.165 0.181 0.153 0.323 
487    (0)   :  0.051 0.015 0.123 0.292 0.275 0.244 
488    (0)   :  0.044 0.015 0.208 0.158 0.222 0.352 
489    (0)   :  0.109 0.010 0.075 0.321 0.298 0.188 
490    (0)   :  0.070 0.016 0.068 0.148 0.094 0.605 
491    (0)   :  0.041 0.010 0.248 0.150 0.348 0.202 
492    (0)   :  0.045 0.012 0.116 0.092 0.410 0.325 
493    (0)   :  0.067 0.011 0.281 0.230 0.175 0.236 
494    (0)   :  0.053 0.017 0.167 0.273 0.284 0.206 
495    (0)   :  0.057 0.013 0.242 0.148 0.248 0.291 
496    (0)   :  0.042 0.015 0.042 0.110 0.537 0.254 
497    (0)   :  0.035 0.011 0.328 0.178 0.276 0.171 
498    (0)   :  0.092 0.016 0.228 0.156 0.170 0.338 
499    (0)   :  0.056 0.013 0.100 0.236 0.427 0.168 
500    (0)   :  0.056 0.020 0.087 0.438 0.194 0.206 
501    (0)   :  0.021 0.015 0.065 0.281 0.355 0.263 
502    (0)   :  0.016 0.014 0.143 0.154 0.368 0.306 
503    (0)   :  0.029 0.017 0.042 0.524 0.106 0.282 
504    (0)   :  0.051 0.014 0.153 0.095 0.133 0.554 
505    (0)   :  0.108 0.015 0.143 0.153 0.315 0.266 
506    (0)   :  0.024 0.011 0.132 0.125 0.359 0.348 
507    (0)   :  0.045 0.010 0.028 0.069 0.739 0.109 
508    (0)   :  0.104 0.010 0.053 0.082 0.621 0.129 
509    (0)   :  0.052 0.014 0.088 0.115 0.484 0.246 
510    (0)   :  0.030 0.010 0.055 0.341 0.370 0.194 
511    (0)   :  0.050 0.045 0.100 0.315 0.156 0.333 
512    (0)   :  0.020 0.017 0.065 0.469 0.096 0.332 
513    (0)   :  0.093 0.008 0.542 0.048 0.139 0.170 
514    (0)   :  0.024 0.013 0.041 0.082 0.185 0.654 
515    (0)   :  0.086 0.075 0.070 0.261 0.277 0.230 
516    (0)   :  0.076 0.014 0.057 0.085 0.183 0.585 
517    (0)   :  0.124 0.053 0.035 0.099 0.293 0.396 
518    (0)   :  0.022 0.009 0.041 0.382 0.369 0.178 
519    (0)   :  0.026 0.020 0.054 0.078 0.183 0.638 
520    (0)   :  0.124 0.202 0.029 0.079 0.428 0.138 
521    (0)   :  0.029 0.012 0.035 0.066 0.495 0.363 
522    (0)   :  0.215 0.029 0.039 0.372 0.126 0.220 
523    (0)   :  0.207 0.032 0.032 0.065 0.360 0.304 
524    (0)   :  0.088 0.269 0.029 0.114 0.210 0.290 
525    (0)   :  0.048 0.040 0.032 0.317 0.389 0.173 
526    (0)   :  0.196 0.324 0.031 0.071 0.230 0.149 
527    (0)   :  0.018 0.010 0.092 0.431 0.133 0.315 
528    (0)   :  0.034 0.009 0.033 0.077 0.652 0.195 
529    (0)   :  0.041 0.011 0.068 0.222 0.321 0.338 
530    (0)   :  0.075 0.025 0.070 0.395 0.196 0.238 
531    (0)   :  0.039 0.041 0.049 0.160 0.484 0.227 
532    (0)   :  0.062 0.010 0.055 0.239 0.360 0.274 
533    (0)   :  0.085 0.025 0.043 0.393 0.188 0.266 
534    (0)   :  0.153 0.011 0.127 0.112 0.323 0.274 
535    (0)   :  0.142 0.044 0.043 0.085 0.207 0.478 
536    (0)   :  0.059 0.053 0.128 0.216 0.327 0.218 
537    (0)   :  0.106 0.015 0.075 0.112 0.513 0.179 
538    (0)   :  0.082 0.025 0.047 0.120 0.439 0.287 
539    (0)   :  0.034 0.008 0.031 0.075 0.734 0.118 
540    (0)   :  0.100 0.035 0.046 0.136 0.428 0.255 
541    (0)   :  0.038 0.018 0.106 0.149 0.522 0.166 
542    (0)   :  0.237 0.029 0.177 0.217 0.173 0.167 
543    (0)   :  0.186 0.046 0.078 0.067 0.308 0.315 
544    (0)   :  0.270 0.023 0.069 0.113 0.278 0.247 
545    (0)   :  0.375 0.117 0.098 0.093 0.106 0.211 
546    (0)   :  0.128 0.013 0.160 0.150 0.355 0.194 
547    (0)   :  0.374 0.039 0.067 0.065 0.280 0.175 
548    (0)   :  0.026 0.011 0.068 0.125 0.518 0.252 
549    (0)   :  0.085 0.078 0.104 0.131 0.485 0.116 
550    (0)   :  0.280 0.125 0.056 0.089 0.160 0.289 
551    (0)   :  0.033 0.027 0.054 0.109 0.616 0.161 
552    (0)   :  0.103 0.012 0.043 0.145 0.487 0.209 
553    (0)   :  0.415 0.024 0.057 0.050 0.289 0.164 
554    (0)   :  0.061 0.023 0.062 0.221 0.297 0.337 
555    (0)   :  0.074 0.016 0.097 0.089 0.549 0.175 
556    (0)   :  0.075 0.013 0.051 0.131 0.448 0.282 
557    (0)   :  0.101 0.219 0.093 0.098 0.224 0.264 
558    (0)   :  0.015 0.129 0.039 0.353 0.085 0.380 
559    (0)   :  0.046 0.011 0.040 0.109 0.162 0.631 
560    (0)   :  0.026 0.088 0.081 0.120 0.068 0.618 
561    (0)   :  0.040 0.027 0.068 0.180 0.087 0.599 
562    (0)   :  0.060 0.030 0.058 0.141 0.068 0.644 
563    (0)   :  0.033 0.033 0.125 0.096 0.265 0.448 
564    (0)   :  0.116 0.020 0.046 0.098 0.175 0.544 
565    (0)   :  0.018 0.152 0.046 0.465 0.099 0.219 
566    (0)   :  0.020 0.051 0.032 0.106 0.069 0.722 
567    (0)   :  0.033 0.016 0.075 0.108 0.125 0.642 
568    (0)   :  0.042 0.030 0.036 0.098 0.137 0.656 
569    (0)   :  0.117 0.051 0.035 0.187 0.131 0.479 
570    (0)   :  0.018 0.064 0.024 0.411 0.074 0.409 
571    (0)   :  0.022 0.036 0.028 0.067 0.100 0.745 
572    (0)   :  0.316 0.034 0.040 0.120 0.288 0.201 
573    (0)   :  0.063 0.177 0.041 0.079 0.167 0.474 
574    (0)   :  0.037 0.039 0.035 0.362 0.253 0.274 
575    (0)   :  0.022 0.022 0.050 0.098 0.230 0.579 
576    (0)   :  0.017 0.042 0.062 0.116 0.070 0.693 
577    (0)   :  0.025 0.018 0.038 0.361 0.237 0.321 
578    (0)   :  0.029 0.068 0.051 0.110 0.108 0.633 
579    (0)   :  0.031 0.028 0.092 0.190 0.114 0.546 
580    (0)   :  0.020 0.041 0.040 0.391 0.159 0.349 
581    (0)   :  0.020 0.071 0.034 0.210 0.120 0.546 
582    (0)   :  0.042 0.078 0.048 0.278 0.083 0.472 
583    (0)   :  0.023 0.035 0.035 0.148 0.105 0.655 
584    (0)   :  0.017 0.029 0.032 0.145 0.083 0.694 
585    (0)   :  0.023 0.044 0.066 0.174 0.095 0.597 
586    (0)   :  0.027 0.012 0.040 0.076 0.138 0.706 
587    (0)   :  0.063 0.013 0.060 0.336 0.082 0.446 
588    (0)   :  0.450 0.010 0.090 0.062 0.157 0.232 
589    (0)   :  0.101 0.159 0.039 0.204 0.089 0.408 
590    (0)   :  0.027 0.010 0.065 0.124 0.105 0.669 
591    (0)   :  0.019 0.017 0.028 0.080 0.112 0.744 
592    (0)   :  0.057 0.032 0.042 0.093 0.101 0.676 
593    (0)   :  0.031 0.057 0.030 0.106 0.158 0.619 
594    (0)   :  0.028 0.021 0.065 0.134 0.214 0.538 
595    (0)   :  0.016 0.012 0.194 0.417 0.077 0.284 
596    (0)   :  0.105 0.138 0.066 0.094 0.182 0.415 
597    (0)   :  0.048 0.029 0.030 0.053 0.287 0.553 
598    (0)   :  0.018 0.111 0.024 0.456 0.077 0.314 
599    (0)   :  0.037 0.022 0.027 0.098 0.075 0.741 
600    (0)   :  0.036 0.034 0.063 0.358 0.193 0.316 
601    (0)   :  0.035 0.027 0.046 0.156 0.080 0.655 
602    (0)   :  0.025 0.017 0.075 0.160 0.335 0.387 
603    (0)   :  0.025 0.013 0.060 0.120 0.297 0.486 
604    (0)   :  0.026 0.099 0.117 0.389 0.188 0.180 
605    (0)   :  0.052 0.028 0.059 0.164 0.126 0.572 
606    (0)   :  0.044 0.020 0.060 0.241 0.311 0.325 
607    (0)   :  0.020 0.029 0.040 0.286 0.375 0.251 
608    (0)   :  0.023 0.036 0.033 0.142 0.498 0.268 
609    (0)   :  0.036 0.028 0.054 0.411 0.160 0.311 
610    (0)   :  0.067 0.322 0.060 0.170 0.132 0.249 
611    (0)   :  0.041 0.015 0.061 0.128 0.288 0.467 
612    (0)   :  0.034 0.104 0.078 0.491 0.109 0.184 
613    (0)   :  0.065 0.030 0.046 0.338 0.181 0.340 
614    (0)   :  0.021 0.021 0.049 0.680 0.092 0.137 
615    (0)   :  0.023 0.067 0.057 0.516 0.167 0.169 
616    (0)   :  0.018 0.014 0.040 0.307 0.279 0.343 
617    (0)   :  0.064 0.038 0.189 0.340 0.100 0.270 
618    (0)   :  0.035 0.146 0.104 0.313 0.259 0.144 
619    (0)   :  0.068 0.046 0.029 0.102 0.246 0.509 
620    (0)   :  0.063 0.023 0.040 0.072 0.080 0.722 
621    (0)   :  0.016 0.026 0.042 0.235 0.105 0.575 
622    (0)   :  0.062 0.064 0.176 0.315 0.196 0.188 
623    (0)   :  0.034 0.023 0.037 0.133 0.117 0.656 
624    (0)   :  0.028 0.121 0.052 0.329 0.248 0.221 
625    (0)   :  0.021 0.034 0.083 0.408 0.210 0.244 
626    (0)   :  0.085 0.071 0.074 0.190 0.470 0.112 
627    (0)   :  0.035 0.018 0.052 0.192 0.173 0.530 
628    (0)   :  0.039 0.016 0.115 0.165 0.197 0.468 
629    (0)   :  0.019 0.013 0.068 0.290 0.188 0.422 
630    (0)   :  0.031 0.034 0.056 0.445 0.122 0.312 
631    (0)   :  0.021 0.018 0.038 0.422 0.157 0.344 
632    (0)   :  0.036 0.018 0.085 0.203 0.457 0.201 
633    (0)   :  0.022 0.063 0.069 0.346 0.233 0.266 
634    (0)   :  0.061 0.022 0.035 0.186 0.355 0.341 
635    (0)   :  0.024 0.020 0.037 0.204 0.532 0.182 
636    (0)   :  0.025 0.027 0.046 0.317 0.288 0.298 
637    (0)   :  0.110 0.021 0.133 0.205 0.272 0.260 
638    (0)   :  0.023 0.017 0.043 0.240 0.238 0.440 
639    (0)   :  0.026 0.035 0.065 0.447 0.217 0.209 
640    (0)   :  0.015 0.019 0.086 0.153 0.142 0.584 
641    (0)   :  0.029 0.016 0.061 0.388 0.186 0.319 
642    (0)   :  0.040 0.017 0.060 0.105 0.587 0.191 
643    (0)   :  0.018 0.010 0.045 0.081 0.700 0.145 
644    (0)   :  0.024 0.013 0.038 0.088 0.608 0.229 
645    (0)   :  0.027 0.129 0.067 0.179 0.508 0.090 
646    (0)   :  0.071 0.014 0.143 0.126 0.282 0.365 
647    (0)   :  0.034 0.010 0.136 0.103 0.489 0.229 
648    (0)   :  0.107 0.013 0.114 0.254 0.355 0.157 
649    (0)   :  0.189 0.013 0.045 0.080 0.340 0.334 
650    (0)   :  0.051 0.012 0.057 0.081 0.350 0.449 
651    (0)   :  0.022 0.009 0.134 0.117 0.497 0.222 
652    (0)   :  0.029 0.011 0.039 0.094 0.604 0.222 
653    (0)   :  0.059 0.019 0.107 0.192 0.486 0.137 
654    (0)   :  0.065 0.012 0.112 0.100 0.572 0.139 
655    (0)   :  0.026 0.015 0.031 0.062 0.517 0.349 
656    (0)   :  0.102 0.018 0.159 0.140 0.388 0.193 
657    (0)   :  0.026 0.019 0.053 0.373 0.293 0.236 
658    (0)   :  0.054 0.027 0.039 0.101 0.327 0.453 
659    (0)   :  0.061 0.019 0.064 0.158 0.525 0.173 
660    (0)   :  0.037 0.010 0.031 0.080 0.674 0.168 
661    (0)   :  0.142 0.020 0.048 0.109 0.526 0.155 
662    (0)   :  0.362 0.013 0.049 0.061 0.218 0.296 
663    (0)   :  0.029 0.012 0.030 0.112 0.587 0.231 
664    (0)   :  0.033 0.035 0.105 0.108 0.340 0.378 
665    (0)   :  0.169 0.009 0.042 0.086 0.345 0.348 
666    (0)   :  0.042 0.015 0.040 0.095 0.597 0.212 
667    (0)   :  0.049 0.016 0.308 0.107 0.204 0.317 
668    (0)   :  0.052 0.015 0.045 0.126 0.482 0.280 
669    (0)   :  0.073 0.011 0.057 0.147 0.467 0.245 
670    (0)   :  0.020 0.010 0.024 0.060 0.784 0.101 
671    (0)   :  0.026 0.010 0.034 0.066 0.706 0.157 
672    (0)   :  0.034 0.042 0.026 0.052 0.639 0.207 
673    (0)   :  0.014 0.012 0.022 0.074 0.792 0.086 
674    (0)   :  0.026 0.012 0.037 0.114 0.684 0.127 
675    (0)   :  0.018 0.011 0.063 0.058 0.720 0.129 
676    (0)   :  0.015 0.010 0.024 0.062 0.803 0.086 
677    (0)   :  0.062 0.009 0.028 0.052 0.756 0.093 
678    (0)   :  0.014 0.012 0.024 0.074 0.783 0.093 
679    (0)   :  0.014 0.013 0.031 0.119 0.696 0.126 
680    (0)   :  0.022 0.017 0.046 0.095 0.724 0.097 
681    (0)   :  0.226 0.038 0.079 0.154 0.350 0.153 
682    (0)   :  0.021 0.017 0.036 0.095 0.734 0.098 
683    (0)   :  0.023 0.011 0.024 0.058 0.791 0.093 
684    (0)   :  0.017 0.011 0.025 0.073 0.779 0.095 
685    (0)   :  0.017 0.009 0.024 0.055 0.812 0.083 
686    (0)   :  0.059 0.016 0.038 0.083 0.690 0.114 
687    (0)   :  0.035 0.009 0.028 0.061 0.712 0.154 
688    (0)   :  0.017 0.010 0.031 0.065 0.751 0.126 
689    (0)   :  0.017 0.010 0.023 0.059 0.807 0.083 
690    (0)   :  0.015 0.010 0.024 0.062 0.803 0.086 
691    (0)   :  0.022 0.013 0.034 0.107 0.705 0.119 
692    (0)   :  0.015 0.011 0.029 0.087 0.733 0.124 
693    (0)   :  0.016 0.011 0.052 0.081 0.707 0.133 
694    (0)   :  0.018 0.010 0.022 0.050 0.820 0.081 
695    (0)   :  0.039 0.025 0.025 0.061 0.747 0.104 
696    (0)   :  0.017 0.011 0.030 0.065 0.751 0.127 
697    (0)   :  0.020 0.010 0.025 0.062 0.797 0.086 
698    (0)   :  0.016 0.010 0.024 0.061 0.802 0.088 
699    (0)   :  0.082 0.020 0.025 0.055 0.714 0.103 
700    (0)   :  0.043 0.010 0.120 0.114 0.613 0.099 
701    (0)   :  0.033 0.033 0.028 0.134 0.644 0.128 
702    (0)   :  0.033 0.016 0.051 0.092 0.662 0.146 
703    (0)   :  0.022 0.017 0.035 0.091 0.732 0.103 
704    (0)   :  0.022 0.009 0.028 0.059 0.761 0.120 
705    (0)   :  0.211 0.045 0.057 0.094 0.447 0.146 
706    (0)   :  0.031 0.016 0.036 0.086 0.736 0.095 
707    (0)   :  0.026 0.010 0.026 0.072 0.780 0.086 
708    (0)   :  0.018 0.010 0.033 0.060 0.793 0.087 
709    (0)   :  0.037 0.009 0.049 0.064 0.754 0.086 
710    (0)   :  0.019 0.010 0.024 0.055 0.813 0.080 
711    (0)   :  0.048 0.013 0.038 0.080 0.722 0.098 
712    (0)   :  0.044 0.009 0.032 0.050 0.784 0.081 
713    (0)   :  0.019 0.010 0.030 0.058 0.762 0.122 
714    (0)   :  0.019 0.014 0.053 0.119 0.672 0.124 
715    (0)   :  0.033 0.009 0.025 0.051 0.802 0.080 
