

----------------------------------------------------
STRUCTURE by Pritchard, Stephens and Donnelly (2000)
     and Falush, Stephens and Pritchard (2003)
       Code by Pritchard, Falush and Hubisz
             Version 2.3.4 (Jul 2012)
----------------------------------------------------



Command line arguments:   ./structure -K 4 -D 104011 -m brooktrout/mainparams -e brooktrout/extraparams -o brooktrout/250914_output/results_K4_rep11 
Input File:    brooktrout/brooktrout.txt

Run parameters:
   8454 individuals
   5 loci
   4 populations assumed
   50000 Burn-in period
   100000 Reps
RANDOMIZE turned off


--------------------------------------------
Overall proportion of membership of the
sample in each of the 4 clusters

Inferred Clusters
  1      2      3      4    
0.101  0.219  0.425  0.256  

--------------------------------------------

Allele-freq. divergence among pops (Net nucleotide distance),
computed using point estimates of P.

      1       2       3       4      
 1      -    0.0841  0.0571  0.0774  
 2   0.0841     -    0.0330  0.1035  
 3   0.0571  0.0330     -    0.0752  
 4   0.0774  0.1035  0.0752     -    

Average distances (expected heterozygosity) between individuals in same cluster:
cluster  1  : 0.8162 
cluster  2  : 0.7946 
cluster  3  : 0.8346 
cluster  4  : 0.7573 

--------------------------------------------
Estimated Ln Prob of Data   = -178920.3
Mean value of ln likelihood = -173439.5
Variance of ln likelihood   = 10961.5

Mean value of alpha_1       = 0.0893
Mean value of alpha_2       = 0.1915
Mean value of alpha_3       = 0.3806
Mean value of alpha_4       = 0.2393
Allele frequencies uncorrelated


Inferred ancestry of individuals:
     (%Miss) :  Inferred clusters
  1    (0)   :  0.107 0.265 0.311 0.317 
  2    (0)   :  0.028 0.053 0.832 0.087 
  3    (0)   :  0.073 0.534 0.166 0.227 
  4    (0)   :  0.041 0.054 0.177 0.728 
  5    (0)   :  0.031 0.063 0.834 0.072 
  6    (0)   :  0.017 0.766 0.159 0.059 
  7    (0)   :  0.014 0.142 0.790 0.054 
  8    (0)   :  0.032 0.267 0.306 0.394 
  9    (0)   :  0.046 0.345 0.439 0.170 
 10    (0)   :  0.015 0.306 0.487 0.192 
 11    (0)   :  0.017 0.212 0.714 0.057 
 12    (0)   :  0.033 0.077 0.763 0.127 
 13    (0)   :  0.023 0.126 0.730 0.122 
 14    (0)   :  0.156 0.137 0.481 0.226 
 15    (0)   :  0.044 0.110 0.558 0.289 
 16    (0)   :  0.032 0.539 0.331 0.098 
 17    (0)   :  0.035 0.237 0.617 0.111 
 18    (0)   :  0.029 0.428 0.294 0.249 
 19    (0)   :  0.019 0.451 0.439 0.091 
 20    (0)   :  0.048 0.137 0.719 0.095 
 21    (0)   :  0.108 0.163 0.345 0.384 
 22    (0)   :  0.024 0.710 0.158 0.107 
 23    (0)   :  0.230 0.074 0.371 0.325 
 24    (0)   :  0.042 0.363 0.293 0.302 
 25    (0)   :  0.022 0.144 0.787 0.046 
 26    (0)   :  0.045 0.261 0.481 0.213 
 27    (0)   :  0.065 0.223 0.558 0.154 
 28    (0)   :  0.027 0.195 0.401 0.377 
 29    (0)   :  0.045 0.088 0.773 0.094 
 30    (0)   :  0.041 0.717 0.151 0.090 
 31    (0)   :  0.050 0.155 0.592 0.203 
 32    (0)   :  0.055 0.220 0.448 0.277 
 33    (0)   :  0.117 0.453 0.217 0.213 
 34    (0)   :  0.020 0.391 0.504 0.085 
 35    (0)   :  0.195 0.358 0.356 0.090 
 36    (0)   :  0.587 0.220 0.112 0.080 
 37    (0)   :  0.058 0.103 0.447 0.392 
 38    (0)   :  0.131 0.674 0.151 0.044 
 39    (0)   :  0.118 0.492 0.312 0.078 
 40    (0)   :  0.483 0.120 0.144 0.252 
 41    (0)   :  0.518 0.291 0.135 0.056 
 42    (0)   :  0.410 0.141 0.114 0.335 
 43    (0)   :  0.421 0.078 0.324 0.178 
 44    (0)   :  0.584 0.242 0.128 0.046 
 45    (0)   :  0.355 0.296 0.293 0.057 
 46    (0)   :  0.100 0.472 0.367 0.061 
 47    (0)   :  0.044 0.398 0.402 0.156 
 48    (0)   :  0.615 0.230 0.107 0.048 
 49    (0)   :  0.174 0.342 0.371 0.113 
 50    (0)   :  0.054 0.470 0.342 0.134 
 51    (0)   :  0.851 0.045 0.065 0.039 
 52    (0)   :  0.110 0.521 0.282 0.087 
 53    (0)   :  0.050 0.744 0.115 0.090 
 54    (0)   :  0.093 0.081 0.634 0.192 
 55    (0)   :  0.496 0.073 0.341 0.091 
 56    (0)   :  0.371 0.334 0.170 0.124 
 57    (0)   :  0.018 0.212 0.514 0.257 
 58    (0)   :  0.369 0.140 0.374 0.116 
 59    (0)   :  0.351 0.316 0.252 0.081 
 60    (0)   :  0.591 0.081 0.131 0.197 
 61    (0)   :  0.455 0.038 0.279 0.228 
 62    (0)   :  0.043 0.316 0.549 0.092 
 63    (0)   :  0.267 0.124 0.431 0.178 
 64    (0)   :  0.032 0.688 0.219 0.062 
 65    (0)   :  0.029 0.091 0.839 0.040 
 66    (0)   :  0.099 0.058 0.493 0.350 
 67    (0)   :  0.298 0.065 0.551 0.086 
 68    (0)   :  0.328 0.310 0.253 0.109 
 69    (0)   :  0.146 0.448 0.248 0.158 
 70    (0)   :  0.607 0.109 0.191 0.093 
 71    (0)   :  0.589 0.166 0.205 0.040 
 72    (0)   :  0.151 0.550 0.222 0.077 
 73    (0)   :  0.295 0.069 0.571 0.066 
 74    (0)   :  0.403 0.318 0.114 0.166 
 75    (0)   :  0.560 0.116 0.101 0.223 
 76    (0)   :  0.258 0.103 0.551 0.088 
 77    (0)   :  0.584 0.181 0.192 0.043 
 78    (0)   :  0.522 0.286 0.141 0.051 
 79    (0)   :  0.013 0.114 0.808 0.065 
 80    (0)   :  0.016 0.083 0.225 0.677 
 81    (0)   :  0.013 0.112 0.361 0.514 
 82    (0)   :  0.074 0.055 0.690 0.181 
 83    (0)   :  0.037 0.201 0.365 0.397 
 84    (0)   :  0.023 0.137 0.534 0.305 
 85    (0)   :  0.030 0.198 0.302 0.470 
 86    (0)   :  0.112 0.127 0.675 0.086 
 87    (0)   :  0.027 0.104 0.791 0.078 
 88    (0)   :  0.027 0.060 0.570 0.343 
 89    (0)   :  0.019 0.061 0.352 0.568 
 90    (0)   :  0.016 0.061 0.850 0.074 
 91    (0)   :  0.032 0.108 0.180 0.680 
 92    (0)   :  0.020 0.085 0.762 0.133 
 93    (0)   :  0.016 0.039 0.090 0.854 
 94    (0)   :  0.029 0.483 0.428 0.060 
 95    (0)   :  0.021 0.048 0.761 0.170 
 96    (0)   :  0.476 0.038 0.191 0.296 
 97    (0)   :  0.324 0.216 0.160 0.301 
 98    (0)   :  0.391 0.135 0.317 0.158 
 99    (0)   :  0.018 0.094 0.620 0.268 
100    (0)   :  0.024 0.032 0.122 0.823 
101    (0)   :  0.049 0.072 0.730 0.149 
102    (0)   :  0.089 0.102 0.364 0.445 
103    (0)   :  0.046 0.046 0.615 0.293 
104    (0)   :  0.046 0.059 0.803 0.092 
105    (0)   :  0.045 0.037 0.748 0.170 
106    (0)   :  0.034 0.262 0.673 0.031 
107    (0)   :  0.043 0.051 0.727 0.179 
108    (0)   :  0.648 0.094 0.204 0.054 
109    (0)   :  0.039 0.130 0.798 0.033 
110    (0)   :  0.023 0.269 0.669 0.039 
111    (0)   :  0.021 0.045 0.891 0.042 
112    (0)   :  0.032 0.117 0.818 0.034 
113    (0)   :  0.130 0.143 0.580 0.146 
114    (0)   :  0.032 0.054 0.799 0.115 
115    (0)   :  0.142 0.055 0.745 0.058 
116    (0)   :  0.147 0.210 0.605 0.038 
117    (0)   :  0.039 0.153 0.756 0.052 
118    (0)   :  0.052 0.052 0.837 0.059 
119    (0)   :  0.504 0.058 0.180 0.259 
120    (0)   :  0.042 0.065 0.833 0.059 
121    (0)   :  0.178 0.062 0.711 0.050 
122    (0)   :  0.027 0.193 0.738 0.042 
123    (0)   :  0.036 0.102 0.797 0.066 
124    (0)   :  0.112 0.361 0.471 0.056 
125    (0)   :  0.077 0.506 0.357 0.060 
126    (0)   :  0.123 0.193 0.609 0.076 
127    (0)   :  0.023 0.048 0.880 0.048 
128    (0)   :  0.046 0.042 0.854 0.058 
129    (0)   :  0.029 0.036 0.888 0.048 
130    (0)   :  0.024 0.059 0.787 0.130 
131    (0)   :  0.180 0.392 0.381 0.046 
132    (0)   :  0.031 0.115 0.815 0.038 
133    (0)   :  0.055 0.060 0.815 0.070 
134    (0)   :  0.017 0.182 0.775 0.026 
135    (0)   :  0.141 0.044 0.168 0.646 
136    (0)   :  0.015 0.044 0.087 0.853 
137    (0)   :  0.014 0.037 0.133 0.816 
138    (0)   :  0.023 0.046 0.068 0.863 
139    (0)   :  0.187 0.065 0.200 0.548 
140    (0)   :  0.080 0.105 0.243 0.572 
141    (0)   :  0.024 0.079 0.101 0.795 
142    (0)   :  0.171 0.041 0.134 0.654 
143    (0)   :  0.015 0.028 0.060 0.896 
144    (0)   :  0.015 0.033 0.126 0.826 
145    (0)   :  0.037 0.095 0.156 0.712 
146    (0)   :  0.052 0.091 0.292 0.566 
147    (0)   :  0.013 0.032 0.062 0.893 
148    (0)   :  0.045 0.052 0.186 0.716 
149    (0)   :  0.040 0.050 0.080 0.830 
150    (0)   :  0.022 0.046 0.248 0.684 
151    (0)   :  0.020 0.035 0.095 0.850 
152    (0)   :  0.089 0.074 0.179 0.659 
153    (0)   :  0.044 0.063 0.098 0.795 
154    (0)   :  0.026 0.041 0.099 0.834 
155    (0)   :  0.019 0.032 0.081 0.868 
156    (0)   :  0.096 0.030 0.117 0.757 
157    (0)   :  0.025 0.068 0.198 0.709 
158    (0)   :  0.028 0.098 0.140 0.733 
159    (0)   :  0.013 0.030 0.066 0.891 
160    (0)   :  0.013 0.030 0.073 0.883 
161    (0)   :  0.034 0.078 0.133 0.755 
162    (0)   :  0.060 0.098 0.340 0.502 
163    (0)   :  0.026 0.031 0.074 0.869 
164    (0)   :  0.030 0.066 0.392 0.512 
165    (0)   :  0.020 0.040 0.214 0.726 
166    (0)   :  0.062 0.095 0.222 0.620 
167    (0)   :  0.023 0.062 0.211 0.704 
168    (0)   :  0.047 0.084 0.097 0.773 
169    (0)   :  0.051 0.417 0.126 0.405 
170    (0)   :  0.054 0.035 0.103 0.808 
171    (0)   :  0.044 0.078 0.192 0.686 
172    (0)   :  0.188 0.179 0.080 0.553 
173    (0)   :  0.017 0.030 0.075 0.877 
174    (0)   :  0.015 0.039 0.091 0.855 
175    (0)   :  0.019 0.041 0.069 0.871 
176    (0)   :  0.016 0.033 0.126 0.825 
177    (0)   :  0.036 0.133 0.263 0.568 
178    (0)   :  0.016 0.058 0.119 0.807 
179    (0)   :  0.014 0.030 0.061 0.895 
180    (0)   :  0.045 0.090 0.196 0.670 
181    (0)   :  0.043 0.058 0.117 0.782 
182    (0)   :  0.027 0.028 0.101 0.844 
183    (0)   :  0.016 0.033 0.070 0.882 
184    (0)   :  0.054 0.111 0.718 0.118 
185    (0)   :  0.077 0.027 0.068 0.828 
186    (0)   :  0.034 0.072 0.808 0.086 
187    (0)   :  0.049 0.072 0.340 0.539 
188    (0)   :  0.031 0.051 0.857 0.060 
189    (0)   :  0.058 0.304 0.200 0.438 
190    (0)   :  0.544 0.023 0.090 0.343 
191    (0)   :  0.036 0.050 0.670 0.244 
192    (0)   :  0.035 0.075 0.444 0.446 
193    (0)   :  0.094 0.092 0.428 0.385 
194    (0)   :  0.082 0.060 0.475 0.383 
195    (0)   :  0.053 0.029 0.097 0.822 
196    (0)   :  0.440 0.039 0.190 0.332 
197    (0)   :  0.065 0.163 0.555 0.217 
198    (0)   :  0.080 0.151 0.507 0.262 
199    (0)   :  0.373 0.042 0.226 0.358 
200    (0)   :  0.342 0.090 0.288 0.281 
201    (0)   :  0.046 0.037 0.113 0.804 
202    (0)   :  0.080 0.028 0.136 0.756 
203    (0)   :  0.034 0.032 0.126 0.808 
204    (0)   :  0.084 0.030 0.227 0.659 
205    (0)   :  0.235 0.070 0.429 0.266 
206    (0)   :  0.069 0.037 0.302 0.593 
207    (0)   :  0.153 0.035 0.601 0.211 
208    (0)   :  0.219 0.042 0.242 0.497 
209    (0)   :  0.079 0.065 0.541 0.315 
210    (0)   :  0.073 0.040 0.309 0.578 
211    (0)   :  0.399 0.029 0.381 0.191 
212    (0)   :  0.040 0.049 0.106 0.805 
213    (0)   :  0.242 0.065 0.507 0.185 
214    (0)   :  0.056 0.036 0.112 0.796 
215    (0)   :  0.229 0.052 0.568 0.151 
216    (0)   :  0.059 0.105 0.687 0.149 
217    (0)   :  0.071 0.050 0.112 0.767 
218    (0)   :  0.067 0.071 0.456 0.407 
219    (0)   :  0.037 0.197 0.329 0.438 
220    (0)   :  0.082 0.037 0.596 0.285 
221    (0)   :  0.093 0.026 0.064 0.816 
222    (0)   :  0.041 0.178 0.537 0.244 
223    (0)   :  0.053 0.093 0.242 0.612 
224    (0)   :  0.035 0.036 0.186 0.744 
225    (0)   :  0.146 0.052 0.338 0.464 
226    (0)   :  0.194 0.256 0.235 0.314 
227    (0)   :  0.149 0.033 0.257 0.561 
228    (0)   :  0.143 0.027 0.113 0.717 
229    (0)   :  0.020 0.042 0.200 0.738 
230    (0)   :  0.031 0.037 0.258 0.675 
231    (0)   :  0.024 0.063 0.228 0.685 
232    (0)   :  0.086 0.086 0.344 0.484 
233    (0)   :  0.037 0.034 0.103 0.827 
234    (0)   :  0.042 0.110 0.469 0.378 
235    (0)   :  0.130 0.106 0.240 0.524 
236    (0)   :  0.056 0.066 0.240 0.638 
237    (0)   :  0.090 0.039 0.523 0.348 
238    (0)   :  0.057 0.044 0.152 0.747 
239    (0)   :  0.052 0.028 0.098 0.823 
240    (0)   :  0.058 0.044 0.152 0.746 
241    (0)   :  0.046 0.035 0.109 0.811 
242    (0)   :  0.045 0.127 0.302 0.525 
243    (0)   :  0.453 0.028 0.154 0.366 
244    (0)   :  0.037 0.034 0.146 0.783 
245    (0)   :  0.044 0.032 0.087 0.836 
246    (0)   :  0.071 0.049 0.112 0.768 
247    (0)   :  0.084 0.093 0.755 0.068 
248    (0)   :  0.152 0.043 0.719 0.086 
249    (0)   :  0.046 0.039 0.191 0.724 
250    (0)   :  0.041 0.065 0.371 0.523 
251    (0)   :  0.151 0.151 0.494 0.203 
252    (0)   :  0.074 0.066 0.274 0.586 
253    (0)   :  0.175 0.089 0.574 0.162 
254    (0)   :  0.053 0.123 0.528 0.296 
255    (0)   :  0.043 0.093 0.453 0.412 
256    (0)   :  0.114 0.043 0.172 0.670 
257    (0)   :  0.152 0.049 0.443 0.357 
258    (0)   :  0.262 0.065 0.487 0.186 
259    (0)   :  0.061 0.050 0.599 0.290 
260    (0)   :  0.031 0.143 0.356 0.470 
261    (0)   :  0.096 0.059 0.169 0.675 
262    (0)   :  0.186 0.031 0.082 0.700 
263    (0)   :  0.069 0.052 0.600 0.278 
264    (0)   :  0.066 0.460 0.417 0.057 
265    (0)   :  0.112 0.123 0.360 0.406 
266    (0)   :  0.065 0.026 0.070 0.838 
267    (0)   :  0.057 0.060 0.429 0.454 
268    (0)   :  0.434 0.039 0.192 0.335 
269    (0)   :  0.046 0.259 0.274 0.422 
270    (0)   :  0.049 0.082 0.692 0.176 
271    (0)   :  0.295 0.053 0.484 0.168 
272    (0)   :  0.432 0.135 0.251 0.181 
273    (0)   :  0.140 0.127 0.239 0.494 
274    (0)   :  0.150 0.119 0.458 0.273 
275    (0)   :  0.160 0.151 0.277 0.412 
276    (0)   :  0.428 0.109 0.307 0.155 
277    (0)   :  0.049 0.101 0.292 0.558 
278    (0)   :  0.446 0.049 0.339 0.166 
279    (0)   :  0.093 0.077 0.374 0.457 
280    (0)   :  0.136 0.209 0.294 0.360 
281    (0)   :  0.100 0.068 0.555 0.277 
282    (0)   :  0.032 0.078 0.195 0.695 
283    (0)   :  0.027 0.041 0.133 0.799 
284    (0)   :  0.099 0.062 0.426 0.413 
285    (0)   :  0.248 0.060 0.641 0.051 
286    (0)   :  0.035 0.034 0.150 0.781 
287    (0)   :  0.061 0.165 0.392 0.382 
288    (0)   :  0.180 0.199 0.351 0.270 
289    (0)   :  0.199 0.112 0.472 0.217 
290    (0)   :  0.308 0.222 0.280 0.190 
291    (0)   :  0.292 0.052 0.487 0.169 
292    (0)   :  0.237 0.143 0.185 0.436 
293    (0)   :  0.249 0.353 0.292 0.107 
294    (0)   :  0.097 0.068 0.558 0.277 
295    (0)   :  0.209 0.125 0.392 0.273 
296    (0)   :  0.152 0.049 0.530 0.269 
297    (0)   :  0.072 0.244 0.449 0.235 
298    (0)   :  0.025 0.081 0.296 0.597 
299    (0)   :  0.029 0.070 0.645 0.257 
300    (0)   :  0.105 0.056 0.624 0.215 
301    (0)   :  0.067 0.167 0.584 0.182 
302    (0)   :  0.222 0.062 0.482 0.234 
303    (0)   :  0.045 0.065 0.173 0.717 
304    (0)   :  0.027 0.155 0.317 0.501 
305    (0)   :  0.077 0.036 0.120 0.767 
306    (0)   :  0.057 0.069 0.126 0.748 
307    (0)   :  0.077 0.068 0.457 0.399 
308    (0)   :  0.097 0.059 0.167 0.677 
309    (0)   :  0.211 0.058 0.480 0.251 
310    (0)   :  0.154 0.035 0.146 0.666 
311    (0)   :  0.030 0.038 0.256 0.677 
312    (0)   :  0.102 0.033 0.589 0.276 
313    (0)   :  0.391 0.035 0.466 0.108 
314    (0)   :  0.022 0.030 0.054 0.893 
315    (0)   :  0.035 0.047 0.066 0.852 
316    (0)   :  0.023 0.056 0.070 0.851 
317    (0)   :  0.014 0.032 0.055 0.899 
318    (0)   :  0.011 0.034 0.055 0.900 
319    (0)   :  0.015 0.029 0.063 0.893 
320    (0)   :  0.022 0.031 0.055 0.891 
321    (0)   :  0.012 0.036 0.058 0.894 
322    (0)   :  0.033 0.051 0.072 0.844 
323    (0)   :  0.011 0.033 0.058 0.898 
324    (0)   :  0.013 0.035 0.057 0.894 
325    (0)   :  0.019 0.058 0.067 0.856 
326    (0)   :  0.022 0.058 0.065 0.855 
327    (0)   :  0.014 0.032 0.056 0.898 
328    (0)   :  0.025 0.050 0.077 0.848 
329    (0)   :  0.012 0.031 0.057 0.900 
330    (0)   :  0.014 0.032 0.056 0.898 
331    (0)   :  0.012 0.031 0.057 0.901 
332    (0)   :  0.018 0.069 0.069 0.844 
333    (0)   :  0.023 0.050 0.069 0.859 
334    (0)   :  0.026 0.051 0.076 0.847 
335    (0)   :  0.026 0.044 0.070 0.860 
336    (0)   :  0.016 0.038 0.055 0.892 
337    (0)   :  0.023 0.062 0.071 0.844 
338    (0)   :  0.011 0.037 0.057 0.895 
339    (0)   :  0.011 0.030 0.058 0.900 
340    (0)   :  0.012 0.027 0.056 0.905 
341    (0)   :  0.012 0.031 0.060 0.897 
342    (0)   :  0.014 0.033 0.057 0.897 
343    (0)   :  0.045 0.053 0.071 0.831 
344    (0)   :  0.011 0.031 0.055 0.903 
345    (0)   :  0.013 0.032 0.055 0.899 
346    (0)   :  0.012 0.031 0.054 0.903 
347    (0)   :  0.012 0.028 0.054 0.906 
348    (0)   :  0.055 0.042 0.068 0.835 
349    (0)   :  0.014 0.032 0.055 0.899 
350    (0)   :  0.018 0.030 0.060 0.892 
351    (0)   :  0.027 0.045 0.070 0.858 
352    (0)   :  0.028 0.053 0.069 0.851 
353    (0)   :  0.016 0.038 0.055 0.891 
354    (0)   :  0.012 0.031 0.056 0.901 
355    (0)   :  0.011 0.034 0.055 0.900 
356    (0)   :  0.069 0.042 0.070 0.819 
357    (0)   :  0.024 0.240 0.168 0.568 
358    (0)   :  0.018 0.052 0.071 0.859 
359    (0)   :  0.011 0.032 0.060 0.898 
360    (0)   :  0.012 0.031 0.054 0.902 
361    (0)   :  0.034 0.248 0.198 0.519 
362    (0)   :  0.042 0.281 0.561 0.116 
363    (0)   :  0.051 0.532 0.361 0.056 
364    (0)   :  0.028 0.235 0.323 0.414 
365    (0)   :  0.035 0.574 0.328 0.063 
366    (0)   :  0.247 0.377 0.203 0.173 
367    (0)   :  0.016 0.369 0.583 0.032 
368    (0)   :  0.016 0.072 0.851 0.061 
369    (0)   :  0.157 0.197 0.228 0.418 
370    (0)   :  0.053 0.085 0.768 0.095 
371    (0)   :  0.064 0.305 0.458 0.174 
372    (0)   :  0.066 0.081 0.686 0.167 
373    (0)   :  0.021 0.166 0.701 0.112 
374    (0)   :  0.030 0.304 0.295 0.370 
375    (0)   :  0.019 0.335 0.597 0.049 
376    (0)   :  0.014 0.847 0.103 0.035 
377    (0)   :  0.051 0.342 0.526 0.081 
378    (0)   :  0.023 0.095 0.667 0.216 
379    (0)   :  0.020 0.850 0.097 0.033 
380    (0)   :  0.063 0.678 0.104 0.154 
381    (0)   :  0.057 0.736 0.085 0.123 
382    (0)   :  0.016 0.413 0.520 0.052 
383    (0)   :  0.021 0.757 0.090 0.132 
384    (0)   :  0.029 0.612 0.249 0.110 
385    (0)   :  0.013 0.112 0.698 0.176 
386    (0)   :  0.025 0.464 0.459 0.052 
387    (0)   :  0.027 0.409 0.506 0.057 
388    (0)   :  0.022 0.196 0.477 0.305 
389    (0)   :  0.254 0.065 0.605 0.076 
390    (0)   :  0.233 0.449 0.272 0.046 
391    (0)   :  0.118 0.127 0.654 0.101 
392    (0)   :  0.027 0.669 0.202 0.102 
393    (0)   :  0.059 0.785 0.084 0.072 
394    (0)   :  0.029 0.231 0.439 0.300 
395    (0)   :  0.366 0.266 0.302 0.066 
396    (0)   :  0.018 0.300 0.646 0.036 
397    (0)   :  0.037 0.203 0.491 0.269 
398    (0)   :  0.022 0.768 0.175 0.034 
399    (0)   :  0.087 0.229 0.635 0.050 
400    (0)   :  0.022 0.517 0.391 0.070 
401    (0)   :  0.089 0.193 0.647 0.071 
402    (0)   :  0.107 0.180 0.615 0.099 
403    (0)   :  0.029 0.133 0.409 0.429 
404    (0)   :  0.032 0.418 0.424 0.126 
405    (0)   :  0.056 0.398 0.419 0.126 
406    (0)   :  0.666 0.162 0.078 0.093 
407    (0)   :  0.018 0.817 0.129 0.036 
408    (0)   :  0.128 0.058 0.776 0.037 
409    (0)   :  0.415 0.197 0.123 0.265 
410    (0)   :  0.035 0.547 0.320 0.098 
411    (0)   :  0.073 0.597 0.147 0.183 
412    (0)   :  0.015 0.102 0.824 0.059 
413    (0)   :  0.025 0.116 0.654 0.205 
414    (0)   :  0.016 0.083 0.859 0.041 
415    (0)   :  0.060 0.737 0.149 0.054 
416    (0)   :  0.048 0.425 0.430 0.097 
417    (0)   :  0.018 0.754 0.182 0.046 
418    (0)   :  0.013 0.234 0.714 0.039 
419    (0)   :  0.123 0.231 0.438 0.209 
420    (0)   :  0.244 0.234 0.474 0.048 
421    (0)   :  0.026 0.510 0.407 0.057 
422    (0)   :  0.219 0.372 0.329 0.080 
423    (0)   :  0.036 0.618 0.270 0.076 
424    (0)   :  0.142 0.135 0.649 0.073 
425    (0)   :  0.038 0.278 0.570 0.113 
426    (0)   :  0.025 0.172 0.713 0.090 
427    (0)   :  0.032 0.701 0.138 0.130 
428    (0)   :  0.112 0.422 0.232 0.234 
429    (0)   :  0.014 0.759 0.194 0.033 
430    (0)   :  0.023 0.780 0.152 0.045 
431    (0)   :  0.024 0.130 0.761 0.084 
432    (0)   :  0.020 0.086 0.822 0.071 
433    (0)   :  0.053 0.056 0.585 0.306 
434    (0)   :  0.038 0.243 0.519 0.200 
435    (0)   :  0.027 0.793 0.146 0.034 
436    (0)   :  0.029 0.826 0.092 0.053 
437    (0)   :  0.018 0.799 0.144 0.039 
438    (0)   :  0.306 0.403 0.204 0.087 
439    (0)   :  0.018 0.850 0.089 0.043 
440    (0)   :  0.023 0.834 0.114 0.029 
441    (0)   :  0.026 0.622 0.234 0.117 
442    (0)   :  0.039 0.641 0.277 0.042 
443    (0)   :  0.132 0.392 0.439 0.038 
444    (0)   :  0.049 0.711 0.200 0.040 
445    (0)   :  0.138 0.552 0.145 0.165 
446    (0)   :  0.023 0.730 0.207 0.040 
447    (0)   :  0.082 0.593 0.236 0.089 
448    (0)   :  0.029 0.633 0.295 0.043 
449    (0)   :  0.032 0.599 0.291 0.078 
450    (0)   :  0.012 0.705 0.212 0.070 
451    (0)   :  0.034 0.112 0.822 0.032 
452    (0)   :  0.014 0.762 0.167 0.057 
453    (0)   :  0.523 0.088 0.307 0.082 
454    (0)   :  0.026 0.647 0.235 0.092 
455    (0)   :  0.089 0.712 0.159 0.040 
456    (0)   :  0.128 0.645 0.190 0.038 
457    (0)   :  0.018 0.824 0.115 0.042 
458    (0)   :  0.017 0.819 0.118 0.046 
459    (0)   :  0.049 0.541 0.290 0.120 
460    (0)   :  0.024 0.731 0.209 0.036 
461    (0)   :  0.014 0.566 0.382 0.038 
462    (0)   :  0.050 0.658 0.262 0.031 
463    (0)   :  0.586 0.220 0.129 0.065 
464    (0)   :  0.068 0.602 0.294 0.036 
465    (0)   :  0.054 0.278 0.613 0.055 
466    (0)   :  0.283 0.301 0.373 0.043 
467    (0)   :  0.057 0.641 0.218 0.084 
468    (0)   :  0.051 0.824 0.090 0.036 
469    (0)   :  0.019 0.867 0.077 0.037 
470    (0)   :  0.022 0.816 0.128 0.034 
471    (0)   :  0.209 0.323 0.417 0.052 
472    (0)   :  0.083 0.434 0.427 0.055 
473    (0)   :  0.046 0.499 0.369 0.086 
474    (0)   :  0.031 0.726 0.180 0.063 
475    (0)   :  0.041 0.306 0.565 0.088 
476    (0)   :  0.025 0.831 0.099 0.045 
477    (0)   :  0.058 0.178 0.690 0.075 
478    (0)   :  0.021 0.151 0.791 0.037 
479    (0)   :  0.019 0.770 0.178 0.034 
480    (0)   :  0.015 0.856 0.091 0.038 
481    (0)   :  0.045 0.308 0.599 0.048 
482    (0)   :  0.014 0.830 0.123 0.033 
483    (0)   :  0.026 0.778 0.148 0.047 
484    (0)   :  0.210 0.529 0.202 0.059 
485    (0)   :  0.042 0.800 0.121 0.037 
486    (0)   :  0.103 0.071 0.754 0.072 
487    (0)   :  0.046 0.094 0.672 0.189 
488    (0)   :  0.030 0.050 0.823 0.097 
489    (0)   :  0.137 0.117 0.417 0.329 
490    (0)   :  0.056 0.093 0.809 0.042 
491    (0)   :  0.056 0.060 0.648 0.236 
492    (0)   :  0.079 0.057 0.563 0.301 
493    (0)   :  0.039 0.058 0.811 0.091 
494    (0)   :  0.061 0.109 0.661 0.168 
495    (0)   :  0.052 0.070 0.733 0.145 
496    (0)   :  0.097 0.080 0.337 0.486 
497    (0)   :  0.024 0.055 0.751 0.170 
498    (0)   :  0.133 0.085 0.660 0.122 
499    (0)   :  0.053 0.069 0.494 0.384 
500    (0)   :  0.049 0.185 0.662 0.104 
501    (0)   :  0.030 0.158 0.575 0.237 
502    (0)   :  0.019 0.084 0.652 0.244 
503    (0)   :  0.033 0.427 0.480 0.060 
504    (0)   :  0.041 0.050 0.850 0.059 
505    (0)   :  0.206 0.062 0.561 0.171 
506    (0)   :  0.027 0.076 0.649 0.247 
507    (0)   :  0.049 0.036 0.096 0.820 
508    (0)   :  0.139 0.033 0.189 0.639 
509    (0)   :  0.096 0.059 0.490 0.356 
510    (0)   :  0.035 0.160 0.436 0.368 
511    (0)   :  0.072 0.483 0.366 0.079 
512    (0)   :  0.020 0.433 0.503 0.045 
513    (0)   :  0.083 0.026 0.811 0.079 
514    (0)   :  0.033 0.063 0.828 0.076 
515    (0)   :  0.095 0.445 0.257 0.203 
516    (0)   :  0.070 0.049 0.800 0.080 
517    (0)   :  0.265 0.194 0.366 0.175 
518    (0)   :  0.027 0.179 0.377 0.416 
519    (0)   :  0.032 0.074 0.811 0.084 
520    (0)   :  0.332 0.206 0.124 0.338 
521    (0)   :  0.063 0.074 0.366 0.497 
522    (0)   :  0.216 0.512 0.207 0.066 
523    (0)   :  0.504 0.064 0.238 0.194 
524    (0)   :  0.146 0.471 0.267 0.116 
525    (0)   :  0.061 0.297 0.270 0.372 
526    (0)   :  0.580 0.223 0.100 0.097 
527    (0)   :  0.019 0.162 0.749 0.070 
528    (0)   :  0.049 0.047 0.157 0.747 
529    (0)   :  0.043 0.079 0.643 0.234 
530    (0)   :  0.114 0.458 0.301 0.127 
531    (0)   :  0.076 0.219 0.224 0.481 
532    (0)   :  0.073 0.112 0.473 0.342 
533    (0)   :  0.116 0.347 0.422 0.115 
534    (0)   :  0.148 0.042 0.621 0.189 
535    (0)   :  0.393 0.163 0.345 0.100 
536    (0)   :  0.193 0.301 0.235 0.271 
537    (0)   :  0.306 0.067 0.159 0.468 
538    (0)   :  0.234 0.106 0.282 0.378 
539    (0)   :  0.043 0.037 0.085 0.836 
540    (0)   :  0.202 0.134 0.250 0.414 
541    (0)   :  0.056 0.108 0.184 0.652 
542    (0)   :  0.634 0.160 0.129 0.077 
543    (0)   :  0.375 0.061 0.316 0.248 
544    (0)   :  0.615 0.095 0.167 0.123 
545    (0)   :  0.749 0.098 0.111 0.043 
546    (0)   :  0.363 0.096 0.263 0.279 
547    (0)   :  0.740 0.046 0.103 0.111 
548    (0)   :  0.040 0.063 0.375 0.521 
549    (0)   :  0.252 0.187 0.095 0.466 
550    (0)   :  0.538 0.223 0.168 0.072 
551    (0)   :  0.059 0.084 0.161 0.697 
552    (0)   :  0.214 0.092 0.214 0.480 
553    (0)   :  0.686 0.033 0.108 0.173 
554    (0)   :  0.084 0.251 0.418 0.247 
555    (0)   :  0.188 0.067 0.210 0.535 
556    (0)   :  0.302 0.088 0.286 0.324 
557    (0)   :  0.504 0.235 0.161 0.099 
558    (0)   :  0.012 0.839 0.115 0.034 
559    (0)   :  0.043 0.072 0.813 0.073 
560    (0)   :  0.028 0.484 0.459 0.030 
561    (0)   :  0.046 0.260 0.654 0.040 
562    (0)   :  0.059 0.164 0.746 0.031 
563    (0)   :  0.056 0.109 0.679 0.157 
564    (0)   :  0.097 0.077 0.735 0.092 
565    (0)   :  0.015 0.832 0.111 0.042 
566    (0)   :  0.025 0.303 0.643 0.030 
567    (0)   :  0.032 0.060 0.851 0.057 
568    (0)   :  0.079 0.172 0.679 0.070 
569    (0)   :  0.140 0.386 0.400 0.073 
570    (0)   :  0.013 0.792 0.163 0.032 
571    (0)   :  0.024 0.103 0.826 0.046 
572    (0)   :  0.464 0.142 0.183 0.212 
573    (0)   :  0.082 0.185 0.646 0.088 
574    (0)   :  0.035 0.481 0.309 0.176 
575    (0)   :  0.040 0.139 0.708 0.113 
576    (0)   :  0.015 0.169 0.787 0.029 
577    (0)   :  0.027 0.386 0.439 0.149 
578    (0)   :  0.031 0.217 0.698 0.054 
579    (0)   :  0.029 0.210 0.707 0.054 
580    (0)   :  0.022 0.561 0.330 0.088 
581    (0)   :  0.022 0.527 0.388 0.063 
582    (0)   :  0.031 0.740 0.194 0.035 
583    (0)   :  0.020 0.183 0.747 0.050 
584    (0)   :  0.016 0.151 0.796 0.036 
585    (0)   :  0.023 0.288 0.644 0.045 
586    (0)   :  0.028 0.079 0.832 0.061 
587    (0)   :  0.055 0.463 0.445 0.036 
588    (0)   :  0.417 0.030 0.480 0.074 
589    (0)   :  0.079 0.665 0.218 0.038 
590    (0)   :  0.022 0.062 0.873 0.043 
591    (0)   :  0.020 0.081 0.846 0.053 
592    (0)   :  0.130 0.179 0.645 0.046 
593    (0)   :  0.042 0.259 0.606 0.093 
594    (0)   :  0.023 0.065 0.819 0.093 
595    (0)   :  0.014 0.203 0.748 0.035 
596    (0)   :  0.237 0.181 0.494 0.088 
597    (0)   :  0.079 0.069 0.648 0.204 
598    (0)   :  0.013 0.852 0.103 0.032 
599    (0)   :  0.056 0.227 0.683 0.034 
600    (0)   :  0.043 0.522 0.325 0.110 
601    (0)   :  0.039 0.443 0.484 0.035 
602    (0)   :  0.025 0.070 0.720 0.186 
603    (0)   :  0.030 0.065 0.739 0.166 
604    (0)   :  0.038 0.521 0.308 0.133 
605    (0)   :  0.061 0.192 0.683 0.063 
606    (0)   :  0.061 0.175 0.514 0.250 
607    (0)   :  0.020 0.227 0.394 0.359 
608    (0)   :  0.024 0.211 0.263 0.503 
609    (0)   :  0.041 0.445 0.433 0.081 
610    (0)   :  0.108 0.604 0.222 0.066 
611    (0)   :  0.059 0.084 0.710 0.147 
612    (0)   :  0.028 0.823 0.104 0.046 
613    (0)   :  0.065 0.272 0.567 0.096 
614    (0)   :  0.026 0.756 0.166 0.052 
615    (0)   :  0.026 0.740 0.139 0.095 
616    (0)   :  0.022 0.218 0.496 0.265 
617    (0)   :  0.054 0.364 0.528 0.054 
618    (0)   :  0.063 0.535 0.189 0.213 
619    (0)   :  0.166 0.219 0.435 0.180 
620    (0)   :  0.111 0.104 0.749 0.037 
621    (0)   :  0.014 0.170 0.768 0.048 
622    (0)   :  0.115 0.416 0.301 0.167 
623    (0)   :  0.039 0.130 0.773 0.057 
624    (0)   :  0.025 0.699 0.138 0.139 
625    (0)   :  0.019 0.482 0.323 0.175 
626    (0)   :  0.141 0.290 0.097 0.473 
627    (0)   :  0.042 0.153 0.721 0.084 
628    (0)   :  0.033 0.089 0.801 0.077 
629    (0)   :  0.021 0.158 0.719 0.103 
630    (0)   :  0.033 0.610 0.290 0.066 
631    (0)   :  0.020 0.440 0.441 0.099 
632    (0)   :  0.099 0.129 0.360 0.413 
633    (0)   :  0.024 0.431 0.398 0.147 
634    (0)   :  0.066 0.198 0.490 0.247 
635    (0)   :  0.028 0.149 0.208 0.614 
636    (0)   :  0.030 0.429 0.290 0.250 
637    (0)   :  0.285 0.167 0.404 0.144 
638    (0)   :  0.022 0.133 0.704 0.141 
639    (0)   :  0.030 0.401 0.425 0.145 
640    (0)   :  0.014 0.128 0.797 0.061 
641    (0)   :  0.026 0.192 0.689 0.094 
642    (0)   :  0.066 0.088 0.202 0.644 
643    (0)   :  0.021 0.052 0.105 0.822 
644    (0)   :  0.025 0.052 0.229 0.695 
645    (0)   :  0.043 0.318 0.093 0.546 
646    (0)   :  0.108 0.104 0.618 0.169 
647    (0)   :  0.064 0.069 0.450 0.417 
648    (0)   :  0.122 0.123 0.347 0.408 
649    (0)   :  0.282 0.050 0.422 0.246 
650    (0)   :  0.072 0.054 0.662 0.213 
651    (0)   :  0.018 0.053 0.418 0.511 
652    (0)   :  0.037 0.065 0.244 0.654 
653    (0)   :  0.077 0.095 0.325 0.503 
654    (0)   :  0.107 0.073 0.198 0.623 
655    (0)   :  0.040 0.086 0.323 0.551 
656    (0)   :  0.134 0.089 0.448 0.328 
657    (0)   :  0.028 0.278 0.471 0.223 
658    (0)   :  0.117 0.151 0.461 0.271 
659    (0)   :  0.092 0.082 0.256 0.569 
660    (0)   :  0.044 0.044 0.146 0.767 
661    (0)   :  0.176 0.086 0.135 0.603 
662    (0)   :  0.476 0.039 0.350 0.135 
663    (0)   :  0.033 0.070 0.210 0.687 
664    (0)   :  0.063 0.219 0.426 0.292 
665    (0)   :  0.328 0.050 0.429 0.194 
666    (0)   :  0.072 0.074 0.191 0.663 
667    (0)   :  0.043 0.070 0.786 0.101 
668    (0)   :  0.080 0.125 0.274 0.521 
669    (0)   :  0.079 0.063 0.413 0.444 
670    (0)   :  0.018 0.032 0.074 0.876 
671    (0)   :  0.031 0.040 0.130 0.799 
672    (0)   :  0.061 0.083 0.157 0.699 
673    (0)   :  0.012 0.034 0.060 0.893 
674    (0)   :  0.025 0.057 0.103 0.814 
675    (0)   :  0.016 0.032 0.126 0.825 
676    (0)   :  0.013 0.032 0.060 0.895 
677    (0)   :  0.072 0.028 0.066 0.833 
678    (0)   :  0.011 0.034 0.065 0.890 
679    (0)   :  0.012 0.057 0.098 0.832 
680    (0)   :  0.021 0.053 0.085 0.840 
681    (0)   :  0.314 0.144 0.197 0.346 
682    (0)   :  0.021 0.057 0.075 0.847 
683    (0)   :  0.020 0.030 0.068 0.882 
684    (0)   :  0.014 0.034 0.066 0.886 
685    (0)   :  0.015 0.029 0.059 0.898 
686    (0)   :  0.072 0.050 0.087 0.792 
687    (0)   :  0.044 0.038 0.119 0.799 
688    (0)   :  0.018 0.039 0.096 0.847 
689    (0)   :  0.014 0.030 0.058 0.898 
690    (0)   :  0.013 0.032 0.060 0.895 
691    (0)   :  0.019 0.051 0.089 0.840 
692    (0)   :  0.014 0.045 0.097 0.844 
693    (0)   :  0.017 0.051 0.099 0.833 
694    (0)   :  0.015 0.027 0.055 0.903 
695    (0)   :  0.039 0.045 0.067 0.849 
696    (0)   :  0.018 0.038 0.096 0.847 
697    (0)   :  0.018 0.031 0.063 0.888 
698    (0)   :  0.014 0.031 0.062 0.893 
699    (0)   :  0.117 0.040 0.066 0.777 
700    (0)   :  0.055 0.079 0.083 0.783 
701    (0)   :  0.030 0.070 0.112 0.789 
702    (0)   :  0.053 0.072 0.122 0.753 
703    (0)   :  0.024 0.059 0.078 0.839 
704    (0)   :  0.027 0.036 0.083 0.854 
705    (0)   :  0.312 0.074 0.127 0.487 
706    (0)   :  0.031 0.050 0.070 0.849 
707    (0)   :  0.022 0.034 0.063 0.880 
708    (0)   :  0.017 0.030 0.069 0.884 
709    (0)   :  0.043 0.034 0.060 0.862 
710    (0)   :  0.017 0.028 0.054 0.901 
711    (0)   :  0.058 0.049 0.077 0.816 
712    (0)   :  0.058 0.026 0.062 0.854 
713    (0)   :  0.021 0.035 0.091 0.853 
714    (0)   :  0.017 0.055 0.122 0.805 
715    (0)   :  0.033 0.027 0.054 0.885 
716    (0)   :  0.030 0.048 0.065 0.857 
717    (0)   :  0.021 0.028 0.054 0.896 
718    (0)   :  0.036 0.049 0.098 0.817 
719    (0)   :  0.030 0.027 0.057 0.886 
720    (0)   :  0.020 0.165 0.760 0.055 
721    (0)   :  0.027 0.170 0.158 0.645 
722    (0)   :  0.047 0.517 0.327 0.110 
723    (0)   :  0.017 0.580 0.308 0.095 
724    (0)   :  0.025 0.608 0.139 0.228 
725    (0)   :  0.039 0.129 0.530 0.303 
726    (0)   :  0.070 0.562 0.208 0.160 
727    (0)   :  0.229 0.193 0.259 0.320 
728    (0)   :  0.017 0.879 0.075 0.029 
729    (0)   :  0.015 0.849 0.103 0.033 
730    (0)   :  0.017 0.429 0.483 0.071 
731    (0)   :  0.021 0.766 0.143 0.070 
732    (0)   :  0.017 0.572 0.314 0.096 
733    (0)   :  0.013 0.822 0.120 0.045 
734    (0)   :  0.015 0.815 0.139 0.032 
735    (0)   :  0.011 0.835 0.100 0.054 
736    (0)   :  0.020 0.568 0.347 0.065 
737    (0)   :  0.056 0.484 0.384 0.075 
738    (0)   :  0.018 0.486 0.434 0.062 
739    (0)   :  0.012 0.835 0.112 0.041 
740    (0)   :  0.018 0.052 0.156 0.774 
741    (0)   :  0.036 0.104 0.261 0.600 
742    (0)   :  0.018 0.131 0.665 0.186 
743    (0)   :  0.017 0.111 0.739 0.133 
744    (0)   :  0.251 0.065 0.520 0.164 
745    (0)   :  0.047 0.094 0.813 0.046 
746    (0)   :  0.025 0.159 0.497 0.319 
747    (0)   :  0.026 0.067 0.810 0.097 
748    (0)   :  0.015 0.059 0.336 0.589 
749    (0)   :  0.050 0.077 0.595 0.277 
750    (0)   :  0.023 0.076 0.681 0.221 
751    (0)   :  0.017 0.073 0.326 0.583 
752    (0)   :  0.025 0.096 0.743 0.136 
753    (0)   :  0.028 0.198 0.412 0.362 
754    (0)   :  0.026 0.098 0.410 0.466 
755    (0)   :  0.015 0.110 0.605 0.270 
756    (0)   :  0.021 0.052 0.565 0.362 
757    (0)   :  0.017 0.074 0.705 0.203 
758    (0)   :  0.023 0.045 0.888 0.044 
759    (0)   :  0.041 0.137 0.230 0.592 
760    (0)   :  0.020 0.247 0.549 0.185 
761    (0)   :  0.020 0.385 0.183 0.412 
762    (0)   :  0.012 0.460 0.455 0.073 
763    (0)   :  0.029 0.194 0.411 0.366 
764    (0)   :  0.015 0.070 0.789 0.126 
765    (0)   :  0.015 0.363 0.498 0.124 
766    (0)   :  0.013 0.072 0.448 0.467 
767    (0)   :  0.026 0.115 0.556 0.304 
768    (0)   :  0.012 0.479 0.434 0.074 
769    (0)   :  0.022 0.449 0.235 0.293 
770    (0)   :  0.016 0.421 0.500 0.063 
771    (0)   :  0.268 0.046 0.403 0.283 
772    (0)   :  0.068 0.119 0.462 0.351 
773    (0)   :  0.015 0.066 0.762 0.157 
774    (0)   :  0.018 0.084 0.253 0.644 
775    (0)   :  0.015 0.616 0.260 0.108 
776    (0)   :  0.020 0.075 0.829 0.075 
777    (0)   :  0.075 0.116 0.637 0.171 
778    (0)   :  0.048 0.081 0.539 0.332 
779    (0)   :  0.016 0.059 0.745 0.179 
780    (0)   :  0.016 0.075 0.385 0.524 
781    (0)   :  0.101 0.051 0.364 0.484 
782    (0)   :  0.016 0.058 0.746 0.180 
783    (0)   :  0.016 0.115 0.539 0.330 
784    (0)   :  0.020 0.169 0.721 0.090 
785    (0)   :  0.021 0.080 0.712 0.188 
786    (0)   :  0.017 0.086 0.337 0.560 
787    (0)   :  0.034 0.038 0.327 0.601 
788    (0)   :  0.035 0.134 0.718 0.113 
789    (0)   :  0.016 0.167 0.717 0.100 
790    (0)   :  0.015 0.135 0.460 0.390 
791    (0)   :  0.021 0.102 0.704 0.174 
792    (0)   :  0.052 0.041 0.317 0.590 
793    (0)   :  0.075 0.165 0.192 0.569 
794    (0)   :  0.031 0.119 0.649 0.200 
795    (0)   :  0.031 0.147 0.180 0.642 
796    (0)   :  0.040 0.074 0.687 0.199 
797    (0)   :  0.042 0.064 0.129 0.764 
798    (0)   :  0.169 0.606 0.186 0.039 
799    (0)   :  0.035 0.090 0.783 0.091 
800    (0)   :  0.138 0.032 0.195 0.634 
801    (0)   :  0.134 0.607 0.182 0.077 
802    (0)   :  0.153 0.352 0.186 0.309 
803    (0)   :  0.059 0.119 0.283 0.539 
804    (0)   :  0.283 0.125 0.421 0.171 
805    (0)   :  0.025 0.046 0.103 0.826 
806    (0)   :  0.460 0.259 0.166 0.114 
807    (0)   :  0.043 0.042 0.088 0.827 
808    (0)   :  0.190 0.066 0.206 0.538 
809    (0)   :  0.714 0.116 0.110 0.060 
810    (0)   :  0.035 0.205 0.467 0.293 
811    (0)   :  0.283 0.089 0.179 0.450 
812    (0)   :  0.818 0.045 0.102 0.034 
813    (0)   :  0.118 0.617 0.221 0.045 
814    (0)   :  0.431 0.050 0.436 0.082 
815    (0)   :  0.517 0.212 0.111 0.160 
816    (0)   :  0.136 0.240 0.234 0.391 
817    (0)   :  0.148 0.356 0.186 0.310 
818    (0)   :  0.036 0.126 0.757 0.081 
819    (0)   :  0.033 0.039 0.760 0.168 
820    (0)   :  0.073 0.057 0.646 0.224 
821    (0)   :  0.014 0.139 0.738 0.108 
822    (0)   :  0.029 0.167 0.769 0.036 
823    (0)   :  0.018 0.409 0.307 0.265 
824    (0)   :  0.017 0.078 0.699 0.206 
825    (0)   :  0.026 0.219 0.682 0.072 
826    (0)   :  0.019 0.064 0.866 0.052 
827    (0)   :  0.016 0.347 0.566 0.071 
828    (0)   :  0.017 0.480 0.370 0.133 
829    (0)   :  0.055 0.518 0.301 0.125 
830    (0)   :  0.013 0.271 0.669 0.047 
831    (0)   :  0.029 0.201 0.599 0.170 
832    (0)   :  0.109 0.192 0.545 0.153 
833    (0)   :  0.060 0.392 0.364 0.183 
834    (0)   :  0.030 0.272 0.538 0.160 
835    (0)   :  0.031 0.062 0.860 0.047 
836    (0)   :  0.119 0.071 0.724 0.086 
837    (0)   :  0.029 0.386 0.255 0.330 
838    (0)   :  0.125 0.053 0.773 0.048 
839    (0)   :  0.014 0.178 0.735 0.074 
840    (0)   :  0.132 0.067 0.570 0.231 
841    (0)   :  0.063 0.052 0.756 0.129 
842    (0)   :  0.014 0.072 0.877 0.036 
843    (0)   :  0.112 0.075 0.381 0.432 
844    (0)   :  0.051 0.145 0.603 0.201 
845    (0)   :  0.013 0.078 0.861 0.048 
846    (0)   :  0.022 0.060 0.795 0.123 
847    (0)   :  0.014 0.040 0.700 0.246 
848    (0)   :  0.031 0.042 0.822 0.105 
849    (0)   :  0.018 0.094 0.821 0.067 
850    (0)   :  0.019 0.154 0.762 0.065 
851    (0)   :  0.016 0.050 0.876 0.058 
852    (0)   :  0.013 0.183 0.206 0.598 
853    (0)   :  0.034 0.180 0.730 0.056 
854    (0)   :  0.015 0.278 0.427 0.281 
855    (0)   :  0.020 0.064 0.813 0.103 
856    (0)   :  0.017 0.068 0.761 0.154 
857    (0)   :  0.140 0.083 0.704 0.073 
858    (0)   :  0.019 0.072 0.852 0.057 
859    (0)   :  0.014 0.195 0.730 0.061 
860    (0)   :  0.027 0.051 0.870 0.052 
861    (0)   :  0.071 0.044 0.405 0.481 
862    (0)   :  0.024 0.858 0.081 0.037 
863    (0)   :  0.026 0.769 0.105 0.101 
864    (0)   :  0.013 0.851 0.073 0.064 
865    (0)   :  0.018 0.819 0.133 0.029 
866    (0)   :  0.020 0.359 0.566 0.056 
867    (0)   :  0.020 0.833 0.085 0.062 
868    (0)   :  0.032 0.718 0.191 0.059 
869    (0)   :  0.018 0.409 0.512 0.061 
870    (0)   :  0.109 0.605 0.246 0.040 
871    (0)   :  0.026 0.755 0.184 0.035 
872    (0)   :  0.013 0.830 0.109 0.047 
873    (0)   :  0.016 0.839 0.093 0.052 
874    (0)   :  0.025 0.846 0.097 0.033 
875    (0)   :  0.057 0.431 0.445 0.067 
876    (0)   :  0.053 0.114 0.788 0.045 
877    (0)   :  0.015 0.864 0.076 0.045 
878    (0)   :  0.035 0.380 0.493 0.093 
879    (0)   :  0.013 0.829 0.095 0.063 
880    (0)   :  0.115 0.444 0.391 0.050 
881    (0)   :  0.016 0.809 0.115 0.060 
882    (0)   :  0.011 0.839 0.097 0.054 
883    (0)   :  0.055 0.109 0.776 0.059 
884    (0)   :  0.016 0.826 0.129 0.030 
885    (0)   :  0.149 0.546 0.211 0.093 
886    (0)   :  0.019 0.599 0.302 0.079 
887    (0)   :  0.015 0.820 0.129 0.036 
888    (0)   :  0.141 0.448 0.256 0.156 
889    (0)   :  0.020 0.844 0.107 0.030 
890    (0)   :  0.050 0.462 0.457 0.032 
891    (0)   :  0.036 0.066 0.844 0.055 
892    (0)   :  0.032 0.071 0.833 0.065 
893    (0)   :  0.153 0.133 0.622 0.093 
894    (0)   :  0.016 0.242 0.707 0.035 
895    (0)   :  0.020 0.769 0.174 0.037 
896    (0)   :  0.044 0.050 0.808 0.098 
897    (0)   :  0.025 0.052 0.868 0.056 
898    (0)   :  0.035 0.313 0.545 0.107 
899    (0)   :  0.016 0.144 0.811 0.029 
900    (0)   :  0.034 0.059 0.862 0.045 
901    (0)   :  0.019 0.078 0.855 0.048 
902    (0)   :  0.153 0.065 0.702 0.079 
903    (0)   :  0.028 0.547 0.375 0.050 
904    (0)   :  0.035 0.379 0.479 0.107 
905    (0)   :  0.014 0.535 0.414 0.036 
906    (0)   :  0.069 0.223 0.642 0.066 
907    (0)   :  0.017 0.130 0.783 0.071 
908    (0)   :  0.014 0.145 0.782 0.059 
909    (0)   :  0.119 0.210 0.598 0.073 
910    (0)   :  0.075 0.082 0.779 0.064 
911    (0)   :  0.019 0.644 0.307 0.030 
912    (0)   :  0.022 0.200 0.740 0.038 
913    (0)   :  0.034 0.293 0.638 0.035 
914    (0)   :  0.021 0.200 0.590 0.189 
915    (0)   :  0.044 0.197 0.731 0.028 
916    (0)   :  0.020 0.114 0.824 0.042 
917    (0)   :  0.028 0.157 0.773 0.043 
918    (0)   :  0.028 0.376 0.424 0.171 
919    (0)   :  0.022 0.518 0.368 0.093 
920    (0)   :  0.017 0.111 0.806 0.065 
921    (0)   :  0.248 0.089 0.322 0.341 
922    (0)   :  0.489 0.064 0.377 0.069 
923    (0)   :  0.149 0.051 0.626 0.173 
924    (0)   :  0.411 0.047 0.476 0.066 
925    (0)   :  0.291 0.072 0.511 0.126 
926    (0)   :  0.758 0.030 0.127 0.086 
927    (0)   :  0.691 0.048 0.133 0.129 
928    (0)   :  0.251 0.034 0.216 0.499 
929    (0)   :  0.687 0.035 0.215 0.063 
930    (0)   :  0.473 0.061 0.338 0.129 
931    (0)   :  0.788 0.068 0.056 0.088 
932    (0)   :  0.809 0.033 0.118 0.039 
933    (0)   :  0.148 0.043 0.165 0.644 
