

----------------------------------------------------
STRUCTURE by Pritchard, Stephens and Donnelly (2000)
     and Falush, Stephens and Pritchard (2003)
       Code by Pritchard, Falush and Hubisz
             Version 2.3.4 (Jul 2012)
----------------------------------------------------



Command line arguments:   ./structure -K 10 -D 110016 -m brooktrout/mainparams -e brooktrout/extraparams -o brooktrout/250914_output/results_K10_rep16 
Input File:    brooktrout/brooktrout.txt

Run parameters:
   8454 individuals
   5 loci
   10 populations assumed
   50000 Burn-in period
   100000 Reps
RANDOMIZE turned off


--------------------------------------------
Overall proportion of membership of the
sample in each of the 10 clusters

Inferred Clusters
  1      2      3      4      5      6      7      8      9     10    
0.008  0.011  0.021  0.093  0.098  0.149  0.145  0.157  0.159  0.159  

--------------------------------------------

Allele-freq. divergence among pops (Net nucleotide distance),
computed using point estimates of P.

      1       2       3       4       5       6       7       8       9      10      
 1      -    0.1682  0.1415  0.1509  0.1695  0.1541  0.1231  0.1287  0.1400  0.1417  
 2   0.1682     -    0.2102  0.1990  0.1924  0.2353  0.1782  0.1400  0.1299  0.2279  
 3   0.1415  0.2102     -    0.1530  0.1974  0.1257  0.2041  0.1975  0.1824  0.1645  
 4   0.1509  0.1990  0.1530     -    0.1470  0.0731  0.1982  0.1932  0.1289  0.1564  
 5   0.1695  0.1924  0.1974  0.1470     -    0.1696  0.1916  0.1976  0.1888  0.1196  
 6   0.1541  0.2353  0.1257  0.0731  0.1696     -    0.2302  0.2209  0.1829  0.1512  
 7   0.1231  0.1782  0.2041  0.1982  0.1916  0.2302     -    0.1059  0.1257  0.1284  
 8   0.1287  0.1400  0.1975  0.1932  0.1976  0.2209  0.1059     -    0.1135  0.1192  
 9   0.1400  0.1299  0.1824  0.1289  0.1888  0.1829  0.1257  0.1135     -    0.1557  
10   0.1417  0.2279  0.1645  0.1564  0.1196  0.1512  0.1284  0.1192  0.1557     -    

Average distances (expected heterozygosity) between individuals in same cluster:
cluster  1  : 0.8314 
cluster  2  : 0.6989 
cluster  3  : 0.7389 
cluster  4  : 0.6829 
cluster  5  : 0.7387 
cluster  6  : 0.6805 
cluster  7  : 0.7537 
cluster  8  : 0.7181 
cluster  9  : 0.6907 
cluster 10  : 0.7425 

--------------------------------------------
Estimated Ln Prob of Data   = -195215.3
Mean value of ln likelihood = -172693.5
Variance of ln likelihood   = 45043.5

Mean value of alpha_1       = 0.0488
Mean value of alpha_2       = 0.0622
Mean value of alpha_3       = 0.1258
Mean value of alpha_4       = 0.5562
Mean value of alpha_5       = 0.5998
Mean value of alpha_6       = 0.8773
Mean value of alpha_7       = 0.8758
Mean value of alpha_8       = 0.9476
Mean value of alpha_9       = 0.9698
Mean value of alpha_10       = 0.9672
Allele frequencies uncorrelated


Inferred ancestry of individuals:
     (%Miss) :  Inferred clusters
  1    (0)   :  0.006 0.007 0.020 0.109 0.088 0.135 0.100 0.115 0.324 0.096 
  2    (0)   :  0.004 0.005 0.011 0.054 0.058 0.088 0.094 0.122 0.097 0.467 
  3    (0)   :  0.006 0.008 0.011 0.121 0.106 0.127 0.086 0.285 0.146 0.105 
  4    (0)   :  0.011 0.011 0.035 0.151 0.082 0.269 0.094 0.129 0.091 0.127 
  5    (0)   :  0.005 0.005 0.016 0.050 0.063 0.087 0.112 0.156 0.112 0.393 
  6    (0)   :  0.006 0.005 0.014 0.050 0.056 0.132 0.110 0.316 0.174 0.136 
  7    (0)   :  0.005 0.006 0.011 0.065 0.048 0.085 0.297 0.189 0.186 0.107 
  8    (0)   :  0.016 0.010 0.124 0.113 0.064 0.137 0.097 0.216 0.118 0.104 
  9    (0)   :  0.008 0.007 0.012 0.103 0.066 0.110 0.112 0.175 0.156 0.251 
 10    (0)   :  0.006 0.006 0.117 0.071 0.047 0.106 0.122 0.210 0.197 0.118 
 11    (0)   :  0.004 0.006 0.011 0.062 0.045 0.075 0.213 0.141 0.333 0.110 
 12    (0)   :  0.005 0.005 0.010 0.057 0.068 0.152 0.124 0.154 0.121 0.303 
 13    (0)   :  0.006 0.005 0.012 0.089 0.073 0.116 0.135 0.168 0.183 0.212 
 14    (0)   :  0.004 0.008 0.032 0.075 0.151 0.112 0.072 0.186 0.130 0.231 
 15    (0)   :  0.005 0.012 0.014 0.086 0.083 0.210 0.114 0.173 0.122 0.180 
 16    (0)   :  0.004 0.006 0.011 0.084 0.067 0.091 0.110 0.197 0.331 0.099 
 17    (0)   :  0.008 0.006 0.013 0.073 0.111 0.134 0.101 0.256 0.152 0.147 
 18    (0)   :  0.008 0.012 0.016 0.063 0.078 0.152 0.074 0.193 0.159 0.245 
 19    (0)   :  0.005 0.005 0.011 0.069 0.049 0.119 0.115 0.289 0.183 0.154 
 20    (0)   :  0.005 0.010 0.011 0.061 0.075 0.144 0.166 0.208 0.127 0.194 
 21    (0)   :  0.005 0.006 0.020 0.072 0.115 0.191 0.086 0.119 0.206 0.181 
 22    (0)   :  0.007 0.005 0.012 0.098 0.069 0.122 0.083 0.274 0.209 0.120 
 23    (0)   :  0.008 0.013 0.024 0.195 0.109 0.126 0.089 0.153 0.099 0.183 
 24    (0)   :  0.004 0.006 0.011 0.116 0.072 0.144 0.092 0.112 0.334 0.110 
 25    (0)   :  0.005 0.008 0.013 0.051 0.064 0.075 0.138 0.321 0.119 0.206 
 26    (0)   :  0.006 0.007 0.010 0.071 0.067 0.190 0.111 0.160 0.195 0.182 
 27    (0)   :  0.005 0.006 0.011 0.073 0.104 0.131 0.105 0.203 0.219 0.143 
 28    (0)   :  0.005 0.006 0.076 0.072 0.062 0.195 0.125 0.123 0.196 0.141 
 29    (0)   :  0.004 0.005 0.010 0.090 0.077 0.096 0.181 0.148 0.169 0.220 
 30    (0)   :  0.005 0.006 0.010 0.082 0.081 0.099 0.088 0.204 0.275 0.150 
 31    (0)   :  0.013 0.006 0.109 0.062 0.108 0.094 0.140 0.114 0.195 0.160 
 32    (0)   :  0.005 0.008 0.023 0.103 0.065 0.153 0.077 0.288 0.095 0.184 
 33    (0)   :  0.005 0.006 0.010 0.145 0.081 0.118 0.131 0.229 0.152 0.123 
 34    (0)   :  0.006 0.007 0.109 0.059 0.048 0.083 0.190 0.300 0.099 0.098 
 35    (0)   :  0.012 0.005 0.010 0.076 0.195 0.082 0.108 0.199 0.136 0.177 
 36    (0)   :  0.004 0.027 0.014 0.078 0.204 0.076 0.084 0.095 0.306 0.113 
 37    (0)   :  0.006 0.005 0.013 0.139 0.103 0.140 0.091 0.166 0.133 0.204 
 38    (0)   :  0.005 0.159 0.010 0.063 0.082 0.068 0.201 0.123 0.170 0.119 
 39    (0)   :  0.008 0.011 0.011 0.062 0.141 0.104 0.185 0.164 0.171 0.143 
 40    (0)   :  0.004 0.009 0.012 0.135 0.251 0.091 0.075 0.139 0.147 0.136 
 41    (0)   :  0.007 0.010 0.013 0.090 0.263 0.063 0.158 0.157 0.144 0.094 
 42    (0)   :  0.004 0.015 0.010 0.291 0.110 0.098 0.091 0.076 0.218 0.086 
 43    (0)   :  0.007 0.005 0.020 0.125 0.254 0.088 0.097 0.146 0.101 0.157 
 44    (0)   :  0.006 0.005 0.009 0.077 0.324 0.063 0.090 0.198 0.094 0.133 
 45    (0)   :  0.005 0.019 0.010 0.064 0.165 0.069 0.123 0.080 0.265 0.201 
 46    (0)   :  0.008 0.006 0.010 0.051 0.152 0.110 0.122 0.275 0.126 0.142 
 47    (0)   :  0.018 0.005 0.023 0.090 0.098 0.113 0.112 0.197 0.161 0.183 
 48    (0)   :  0.008 0.006 0.009 0.075 0.356 0.067 0.071 0.184 0.083 0.140 
 49    (0)   :  0.008 0.007 0.010 0.089 0.163 0.096 0.137 0.138 0.199 0.152 
 50    (0)   :  0.008 0.007 0.066 0.049 0.085 0.080 0.152 0.284 0.133 0.138 
 51    (0)   :  0.004 0.022 0.012 0.079 0.369 0.063 0.081 0.079 0.188 0.104 
 52    (0)   :  0.008 0.006 0.010 0.067 0.145 0.118 0.192 0.161 0.192 0.101 
 53    (0)   :  0.006 0.033 0.036 0.085 0.105 0.085 0.129 0.225 0.189 0.106 
 54    (0)   :  0.009 0.004 0.014 0.090 0.161 0.119 0.113 0.119 0.120 0.251 
 55    (0)   :  0.006 0.005 0.010 0.071 0.325 0.090 0.084 0.134 0.092 0.183 
 56    (0)   :  0.006 0.012 0.010 0.109 0.188 0.101 0.084 0.173 0.134 0.183 
 57    (0)   :  0.014 0.006 0.026 0.078 0.057 0.222 0.126 0.186 0.167 0.116 
 58    (0)   :  0.005 0.010 0.011 0.093 0.205 0.090 0.130 0.089 0.201 0.167 
 59    (0)   :  0.005 0.035 0.009 0.104 0.131 0.088 0.152 0.101 0.215 0.160 
 60    (0)   :  0.004 0.012 0.022 0.081 0.290 0.126 0.089 0.097 0.161 0.118 
 61    (0)   :  0.004 0.005 0.014 0.098 0.263 0.126 0.090 0.075 0.098 0.228 
 62    (0)   :  0.014 0.006 0.010 0.065 0.083 0.134 0.154 0.142 0.150 0.242 
 63    (0)   :  0.004 0.006 0.011 0.133 0.124 0.111 0.150 0.143 0.138 0.180 
 64    (0)   :  0.006 0.014 0.010 0.062 0.070 0.081 0.137 0.219 0.203 0.198 
 65    (0)   :  0.005 0.006 0.011 0.051 0.072 0.073 0.237 0.221 0.100 0.226 
 66    (0)   :  0.005 0.006 0.029 0.105 0.090 0.160 0.141 0.110 0.118 0.237 
 67    (0)   :  0.005 0.005 0.012 0.068 0.273 0.078 0.097 0.127 0.099 0.235 
 68    (0)   :  0.006 0.029 0.011 0.108 0.150 0.098 0.129 0.089 0.238 0.143 
 69    (0)   :  0.007 0.056 0.210 0.047 0.079 0.074 0.119 0.145 0.151 0.113 
 70    (0)   :  0.004 0.012 0.022 0.094 0.236 0.096 0.146 0.143 0.154 0.092 
 71    (0)   :  0.006 0.026 0.014 0.053 0.192 0.065 0.144 0.102 0.213 0.185 
 72    (0)   :  0.005 0.008 0.015 0.065 0.148 0.071 0.098 0.181 0.293 0.114 
 73    (0)   :  0.006 0.009 0.017 0.062 0.189 0.073 0.151 0.091 0.125 0.275 
 74    (0)   :  0.004 0.028 0.010 0.136 0.157 0.100 0.080 0.093 0.279 0.114 
 75    (0)   :  0.005 0.015 0.020 0.123 0.182 0.119 0.067 0.082 0.253 0.134 
 76    (0)   :  0.005 0.005 0.011 0.077 0.218 0.086 0.144 0.185 0.108 0.159 
 77    (0)   :  0.005 0.028 0.009 0.097 0.147 0.062 0.199 0.110 0.190 0.154 
 78    (0)   :  0.005 0.137 0.010 0.102 0.116 0.063 0.186 0.114 0.146 0.121 
 79    (0)   :  0.004 0.006 0.013 0.070 0.049 0.091 0.175 0.162 0.222 0.208 
 80    (0)   :  0.005 0.005 0.014 0.175 0.057 0.265 0.123 0.092 0.126 0.138 
 81    (0)   :  0.004 0.006 0.016 0.119 0.046 0.247 0.151 0.096 0.163 0.152 
 82    (0)   :  0.004 0.005 0.012 0.112 0.128 0.127 0.138 0.118 0.136 0.219 
 83    (0)   :  0.004 0.009 0.017 0.100 0.078 0.197 0.133 0.168 0.143 0.152 
 84    (0)   :  0.004 0.006 0.014 0.100 0.053 0.186 0.167 0.166 0.162 0.141 
 85    (0)   :  0.004 0.010 0.016 0.114 0.070 0.198 0.091 0.181 0.176 0.139 
 86    (0)   :  0.007 0.008 0.011 0.056 0.151 0.104 0.138 0.164 0.119 0.242 
 87    (0)   :  0.005 0.012 0.029 0.075 0.084 0.096 0.228 0.144 0.162 0.165 
 88    (0)   :  0.004 0.005 0.012 0.159 0.059 0.166 0.150 0.099 0.159 0.186 
 89    (0)   :  0.005 0.006 0.036 0.148 0.053 0.191 0.120 0.092 0.156 0.193 
 90    (0)   :  0.004 0.006 0.013 0.075 0.054 0.110 0.252 0.132 0.142 0.213 
 91    (0)   :  0.004 0.011 0.016 0.175 0.071 0.239 0.090 0.136 0.141 0.118 
 92    (0)   :  0.004 0.005 0.013 0.088 0.059 0.124 0.151 0.129 0.202 0.225 
 93    (0)   :  0.004 0.005 0.093 0.161 0.059 0.265 0.081 0.088 0.129 0.114 
 94    (0)   :  0.004 0.014 0.015 0.064 0.079 0.093 0.301 0.168 0.168 0.093 
 95    (0)   :  0.004 0.005 0.013 0.131 0.053 0.149 0.251 0.102 0.115 0.177 
 96    (0)   :  0.004 0.005 0.014 0.172 0.213 0.128 0.093 0.081 0.096 0.194 
 97    (0)   :  0.005 0.015 0.011 0.110 0.131 0.120 0.069 0.084 0.277 0.178 
 98    (0)   :  0.004 0.005 0.011 0.140 0.130 0.079 0.098 0.129 0.176 0.228 
 99    (0)   :  0.004 0.005 0.015 0.097 0.048 0.175 0.190 0.142 0.149 0.174 
100    (0)   :  0.005 0.005 0.013 0.206 0.069 0.247 0.069 0.079 0.091 0.217 
101    (0)   :  0.005 0.014 0.081 0.090 0.093 0.101 0.152 0.125 0.152 0.185 
102    (0)   :  0.006 0.010 0.016 0.177 0.117 0.179 0.152 0.135 0.095 0.114 
103    (0)   :  0.005 0.005 0.060 0.068 0.063 0.124 0.143 0.125 0.083 0.323 
104    (0)   :  0.004 0.005 0.023 0.039 0.059 0.124 0.333 0.137 0.093 0.181 
105    (0)   :  0.005 0.005 0.057 0.049 0.067 0.140 0.259 0.104 0.083 0.230 
106    (0)   :  0.004 0.007 0.009 0.044 0.064 0.061 0.327 0.191 0.156 0.138 
107    (0)   :  0.005 0.006 0.033 0.065 0.074 0.132 0.231 0.127 0.088 0.238 
108    (0)   :  0.004 0.062 0.013 0.047 0.160 0.094 0.081 0.172 0.078 0.289 
109    (0)   :  0.007 0.014 0.018 0.041 0.082 0.063 0.348 0.125 0.142 0.161 
110    (0)   :  0.004 0.007 0.014 0.048 0.052 0.063 0.362 0.176 0.166 0.106 
111    (0)   :  0.006 0.007 0.014 0.047 0.061 0.104 0.394 0.114 0.082 0.171 
112    (0)   :  0.005 0.007 0.011 0.047 0.098 0.071 0.454 0.097 0.111 0.097 
113    (0)   :  0.005 0.012 0.021 0.062 0.097 0.109 0.118 0.134 0.153 0.290 
114    (0)   :  0.004 0.004 0.028 0.044 0.054 0.145 0.345 0.109 0.089 0.177 
115    (0)   :  0.005 0.006 0.011 0.102 0.133 0.079 0.264 0.164 0.084 0.151 
116    (0)   :  0.005 0.015 0.009 0.049 0.153 0.063 0.271 0.135 0.164 0.135 
117    (0)   :  0.006 0.008 0.018 0.080 0.062 0.064 0.359 0.141 0.158 0.102 
118    (0)   :  0.005 0.009 0.011 0.047 0.084 0.098 0.210 0.102 0.091 0.343 
119    (0)   :  0.004 0.008 0.016 0.165 0.213 0.132 0.109 0.130 0.086 0.138 
120    (0)   :  0.005 0.006 0.014 0.086 0.103 0.094 0.295 0.138 0.085 0.172 
121    (0)   :  0.010 0.009 0.021 0.070 0.174 0.064 0.266 0.137 0.110 0.139 
122    (0)   :  0.004 0.006 0.020 0.047 0.060 0.077 0.314 0.148 0.152 0.171 
123    (0)   :  0.005 0.008 0.019 0.051 0.080 0.111 0.312 0.144 0.116 0.155 
124    (0)   :  0.008 0.008 0.012 0.042 0.120 0.084 0.214 0.181 0.158 0.172 
125    (0)   :  0.005 0.014 0.013 0.079 0.080 0.067 0.183 0.183 0.271 0.105 
126    (0)   :  0.004 0.007 0.011 0.057 0.145 0.111 0.243 0.130 0.170 0.122 
127    (0)   :  0.005 0.005 0.011 0.047 0.070 0.107 0.389 0.109 0.076 0.181 
128    (0)   :  0.004 0.005 0.010 0.047 0.079 0.093 0.167 0.099 0.100 0.397 
129    (0)   :  0.005 0.005 0.036 0.044 0.067 0.066 0.222 0.126 0.083 0.346 
130    (0)   :  0.006 0.005 0.032 0.061 0.055 0.130 0.324 0.117 0.092 0.179 
131    (0)   :  0.008 0.044 0.025 0.049 0.108 0.063 0.212 0.163 0.202 0.125 
132    (0)   :  0.004 0.006 0.018 0.040 0.065 0.065 0.257 0.152 0.140 0.252 
133    (0)   :  0.007 0.008 0.022 0.057 0.079 0.108 0.236 0.148 0.089 0.245 
134    (0)   :  0.004 0.006 0.009 0.039 0.046 0.055 0.483 0.116 0.126 0.116 
135    (0)   :  0.006 0.007 0.011 0.095 0.174 0.297 0.077 0.074 0.126 0.134 
136    (0)   :  0.006 0.005 0.027 0.116 0.062 0.370 0.066 0.119 0.115 0.114 
137    (0)   :  0.005 0.005 0.031 0.227 0.053 0.284 0.106 0.080 0.120 0.089 
138    (0)   :  0.004 0.006 0.013 0.068 0.065 0.491 0.065 0.076 0.126 0.086 
139    (0)   :  0.004 0.006 0.024 0.061 0.098 0.198 0.070 0.094 0.132 0.313 
140    (0)   :  0.005 0.006 0.045 0.108 0.103 0.204 0.099 0.087 0.207 0.136 
141    (0)   :  0.006 0.006 0.113 0.066 0.068 0.252 0.066 0.126 0.161 0.135 
142    (0)   :  0.005 0.006 0.040 0.088 0.209 0.232 0.072 0.075 0.114 0.160 
143    (0)   :  0.004 0.005 0.012 0.183 0.058 0.415 0.063 0.072 0.099 0.089 
144    (0)   :  0.004 0.005 0.014 0.193 0.058 0.352 0.107 0.074 0.105 0.087 
145    (0)   :  0.006 0.006 0.025 0.093 0.093 0.252 0.067 0.133 0.175 0.150 
146    (0)   :  0.006 0.007 0.025 0.112 0.062 0.252 0.111 0.108 0.202 0.116 
147    (0)   :  0.004 0.005 0.025 0.159 0.051 0.416 0.063 0.079 0.112 0.086 
148    (0)   :  0.005 0.005 0.120 0.096 0.105 0.204 0.091 0.132 0.105 0.137 
149    (0)   :  0.005 0.006 0.207 0.091 0.121 0.143 0.066 0.077 0.157 0.127 
150    (0)   :  0.005 0.005 0.030 0.119 0.064 0.286 0.132 0.097 0.127 0.136 
151    (0)   :  0.004 0.005 0.012 0.127 0.063 0.397 0.082 0.083 0.114 0.113 
152    (0)   :  0.005 0.008 0.036 0.082 0.142 0.282 0.073 0.164 0.092 0.117 
153    (0)   :  0.004 0.006 0.028 0.081 0.095 0.367 0.083 0.085 0.163 0.088 
154    (0)   :  0.005 0.005 0.270 0.079 0.099 0.125 0.064 0.113 0.109 0.130 
155    (0)   :  0.004 0.005 0.014 0.070 0.053 0.499 0.080 0.083 0.089 0.102 
156    (0)   :  0.004 0.005 0.012 0.129 0.132 0.360 0.091 0.076 0.090 0.102 
157    (0)   :  0.004 0.005 0.029 0.113 0.047 0.360 0.129 0.113 0.103 0.096 
158    (0)   :  0.006 0.007 0.026 0.107 0.080 0.266 0.069 0.127 0.191 0.121 
159    (0)   :  0.005 0.005 0.139 0.202 0.049 0.255 0.064 0.078 0.099 0.103 
160    (0)   :  0.006 0.006 0.137 0.097 0.052 0.335 0.065 0.079 0.102 0.123 
161    (0)   :  0.004 0.006 0.024 0.219 0.068 0.189 0.082 0.090 0.202 0.115 
162    (0)   :  0.007 0.006 0.024 0.063 0.070 0.272 0.106 0.114 0.188 0.151 
163    (0)   :  0.004 0.005 0.013 0.082 0.081 0.478 0.079 0.077 0.095 0.085 
164    (0)   :  0.006 0.005 0.177 0.080 0.061 0.169 0.095 0.092 0.140 0.174 
165    (0)   :  0.005 0.005 0.013 0.124 0.064 0.343 0.138 0.084 0.118 0.106 
166    (0)   :  0.004 0.010 0.183 0.089 0.094 0.170 0.103 0.134 0.090 0.123 
167    (0)   :  0.007 0.006 0.333 0.060 0.053 0.142 0.083 0.127 0.102 0.088 
168    (0)   :  0.004 0.014 0.015 0.075 0.091 0.382 0.070 0.110 0.144 0.094 
169    (0)   :  0.007 0.014 0.021 0.085 0.072 0.207 0.068 0.121 0.300 0.106 
170    (0)   :  0.004 0.005 0.013 0.305 0.099 0.158 0.078 0.081 0.111 0.147 
171    (0)   :  0.005 0.010 0.023 0.089 0.088 0.297 0.071 0.146 0.119 0.152 
172    (0)   :  0.005 0.014 0.066 0.104 0.137 0.156 0.065 0.076 0.263 0.113 
173    (0)   :  0.005 0.005 0.025 0.073 0.056 0.453 0.063 0.082 0.095 0.145 
174    (0)   :  0.004 0.005 0.027 0.087 0.046 0.422 0.082 0.091 0.123 0.112 
175    (0)   :  0.005 0.005 0.014 0.212 0.074 0.315 0.062 0.117 0.101 0.097 
176    (0)   :  0.005 0.005 0.013 0.190 0.058 0.355 0.107 0.074 0.106 0.087 
177    (0)   :  0.005 0.007 0.027 0.071 0.059 0.314 0.135 0.117 0.165 0.101 
178    (0)   :  0.005 0.005 0.032 0.068 0.048 0.380 0.080 0.142 0.120 0.122 
179    (0)   :  0.004 0.005 0.089 0.080 0.049 0.420 0.062 0.082 0.101 0.109 
180    (0)   :  0.007 0.007 0.084 0.123 0.082 0.206 0.088 0.095 0.204 0.106 
181    (0)   :  0.005 0.006 0.023 0.106 0.099 0.276 0.067 0.086 0.162 0.169 
182    (0)   :  0.005 0.005 0.015 0.133 0.090 0.345 0.065 0.076 0.098 0.168 
183    (0)   :  0.004 0.005 0.024 0.111 0.061 0.424 0.063 0.083 0.108 0.117 
184    (0)   :  0.005 0.007 0.013 0.057 0.066 0.090 0.078 0.173 0.084 0.428 
185    (0)   :  0.004 0.005 0.012 0.095 0.156 0.433 0.060 0.066 0.083 0.087 
186    (0)   :  0.005 0.005 0.014 0.056 0.063 0.085 0.108 0.154 0.105 0.404 
187    (0)   :  0.004 0.005 0.017 0.067 0.069 0.257 0.081 0.107 0.087 0.306 
188    (0)   :  0.005 0.004 0.018 0.047 0.060 0.070 0.090 0.141 0.086 0.479 
189    (0)   :  0.004 0.013 0.014 0.110 0.111 0.192 0.078 0.170 0.172 0.138 
190    (0)   :  0.004 0.004 0.011 0.082 0.323 0.202 0.062 0.067 0.072 0.172 
191    (0)   :  0.004 0.004 0.017 0.065 0.054 0.120 0.074 0.099 0.091 0.471 
192    (0)   :  0.004 0.005 0.013 0.129 0.051 0.179 0.098 0.124 0.098 0.299 
193    (0)   :  0.004 0.005 0.012 0.121 0.085 0.159 0.086 0.128 0.127 0.272 
194    (0)   :  0.004 0.005 0.014 0.189 0.095 0.130 0.093 0.108 0.113 0.249 
195    (0)   :  0.004 0.004 0.016 0.086 0.132 0.278 0.060 0.072 0.092 0.255 
196    (0)   :  0.004 0.006 0.012 0.086 0.165 0.191 0.088 0.092 0.079 0.277 
197    (0)   :  0.005 0.005 0.013 0.050 0.088 0.213 0.115 0.195 0.111 0.203 
198    (0)   :  0.004 0.006 0.013 0.097 0.101 0.140 0.107 0.155 0.191 0.186 
199    (0)   :  0.004 0.008 0.011 0.116 0.228 0.127 0.084 0.085 0.107 0.230 
200    (0)   :  0.004 0.007 0.012 0.076 0.177 0.178 0.078 0.133 0.086 0.248 
201    (0)   :  0.004 0.004 0.013 0.067 0.075 0.369 0.067 0.088 0.083 0.229 
202    (0)   :  0.004 0.004 0.011 0.151 0.152 0.277 0.081 0.073 0.095 0.152 
203    (0)   :  0.004 0.005 0.015 0.078 0.064 0.347 0.065 0.081 0.069 0.272 
204    (0)   :  0.004 0.004 0.019 0.086 0.122 0.154 0.063 0.072 0.084 0.394 
205    (0)   :  0.004 0.008 0.014 0.079 0.137 0.132 0.078 0.097 0.102 0.347 
206    (0)   :  0.004 0.004 0.018 0.067 0.078 0.170 0.064 0.079 0.087 0.427 
207    (0)   :  0.004 0.004 0.012 0.078 0.103 0.100 0.081 0.080 0.080 0.459 
208    (0)   :  0.004 0.004 0.013 0.057 0.090 0.266 0.072 0.083 0.081 0.329 
209    (0)   :  0.004 0.004 0.013 0.095 0.079 0.139 0.079 0.106 0.101 0.380 
210    (0)   :  0.004 0.004 0.016 0.071 0.070 0.184 0.076 0.087 0.084 0.404 
211    (0)   :  0.005 0.004 0.009 0.126 0.165 0.165 0.117 0.089 0.071 0.247 
212    (0)   :  0.004 0.004 0.012 0.115 0.125 0.316 0.064 0.098 0.125 0.137 
213    (0)   :  0.004 0.006 0.011 0.108 0.169 0.121 0.119 0.083 0.155 0.224 
214    (0)   :  0.004 0.004 0.011 0.143 0.082 0.303 0.067 0.088 0.079 0.218 
215    (0)   :  0.004 0.007 0.013 0.060 0.096 0.114 0.088 0.098 0.078 0.441 
216    (0)   :  0.005 0.006 0.012 0.071 0.078 0.106 0.084 0.202 0.103 0.333 
217    (0)   :  0.004 0.007 0.013 0.107 0.099 0.294 0.067 0.092 0.088 0.228 
218    (0)   :  0.004 0.007 0.015 0.077 0.066 0.146 0.084 0.089 0.097 0.414 
219    (0)   :  0.006 0.010 0.014 0.079 0.078 0.236 0.076 0.182 0.116 0.203 
220    (0)   :  0.004 0.004 0.018 0.065 0.064 0.119 0.070 0.079 0.078 0.500 
221    (0)   :  0.004 0.004 0.011 0.307 0.145 0.183 0.060 0.072 0.084 0.129 
222    (0)   :  0.005 0.006 0.013 0.084 0.071 0.147 0.085 0.210 0.122 0.256 
223    (0)   :  0.004 0.006 0.016 0.080 0.075 0.288 0.084 0.128 0.103 0.215 
224    (0)   :  0.004 0.004 0.017 0.108 0.062 0.240 0.065 0.082 0.084 0.334 
225    (0)   :  0.004 0.005 0.015 0.087 0.130 0.159 0.073 0.093 0.097 0.338 
226    (0)   :  0.005 0.064 0.015 0.092 0.074 0.147 0.084 0.142 0.105 0.271 
227    (0)   :  0.004 0.004 0.016 0.084 0.206 0.205 0.084 0.071 0.088 0.237 
228    (0)   :  0.004 0.005 0.016 0.081 0.216 0.262 0.061 0.066 0.087 0.203 
229    (0)   :  0.004 0.004 0.018 0.124 0.048 0.239 0.069 0.085 0.085 0.323 
230    (0)   :  0.004 0.004 0.017 0.118 0.053 0.188 0.067 0.081 0.076 0.391 
231    (0)   :  0.004 0.004 0.015 0.074 0.055 0.262 0.068 0.108 0.102 0.307 
232    (0)   :  0.005 0.006 0.012 0.152 0.111 0.153 0.092 0.080 0.190 0.198 
233    (0)   :  0.004 0.004 0.012 0.087 0.060 0.397 0.067 0.090 0.077 0.202 
234    (0)   :  0.004 0.005 0.012 0.073 0.058 0.203 0.093 0.163 0.115 0.274 
235    (0)   :  0.004 0.009 0.013 0.134 0.097 0.196 0.082 0.106 0.120 0.238 
236    (0)   :  0.004 0.005 0.011 0.105 0.064 0.278 0.076 0.115 0.087 0.255 
237    (0)   :  0.004 0.004 0.012 0.062 0.134 0.134 0.077 0.089 0.100 0.384 
238    (0)   :  0.004 0.004 0.011 0.153 0.074 0.274 0.084 0.099 0.092 0.204 
239    (0)   :  0.004 0.004 0.016 0.086 0.132 0.278 0.060 0.072 0.092 0.256 
240    (0)   :  0.004 0.004 0.011 0.152 0.075 0.276 0.084 0.099 0.092 0.203 
241    (0)   :  0.005 0.005 0.013 0.173 0.109 0.233 0.068 0.085 0.109 0.200 
242    (0)   :  0.005 0.008 0.019 0.089 0.101 0.176 0.070 0.119 0.127 0.286 
243    (0)   :  0.004 0.004 0.011 0.081 0.183 0.202 0.071 0.079 0.069 0.295 
244    (0)   :  0.004 0.004 0.014 0.102 0.060 0.268 0.065 0.083 0.076 0.323 
245    (0)   :  0.004 0.004 0.012 0.107 0.096 0.389 0.075 0.082 0.100 0.130 
246    (0)   :  0.004 0.007 0.012 0.106 0.099 0.296 0.068 0.092 0.089 0.227 
247    (0)   :  0.004 0.006 0.012 0.054 0.085 0.081 0.153 0.146 0.124 0.334 
248    (0)   :  0.004 0.005 0.010 0.048 0.092 0.098 0.093 0.097 0.087 0.466 
249    (0)   :  0.004 0.004 0.013 0.171 0.070 0.208 0.072 0.087 0.081 0.291 
250    (0)   :  0.004 0.005 0.013 0.123 0.055 0.193 0.079 0.111 0.086 0.332 
251    (0)   :  0.004 0.012 0.012 0.076 0.108 0.134 0.096 0.191 0.106 0.260 
252    (0)   :  0.004 0.005 0.016 0.099 0.115 0.207 0.075 0.096 0.114 0.270 
253    (0)   :  0.004 0.010 0.011 0.086 0.146 0.105 0.120 0.121 0.138 0.258 
254    (0)   :  0.005 0.005 0.013 0.065 0.079 0.185 0.078 0.178 0.100 0.292 
255    (0)   :  0.004 0.004 0.014 0.108 0.069 0.178 0.084 0.113 0.122 0.304 
256    (0)   :  0.004 0.005 0.013 0.138 0.105 0.190 0.073 0.096 0.096 0.279 
257    (0)   :  0.006 0.006 0.018 0.112 0.088 0.142 0.085 0.101 0.101 0.340 
258    (0)   :  0.004 0.005 0.012 0.064 0.180 0.155 0.109 0.127 0.120 0.224 
259    (0)   :  0.004 0.005 0.013 0.110 0.060 0.129 0.076 0.102 0.085 0.415 
260    (0)   :  0.005 0.005 0.011 0.098 0.057 0.259 0.080 0.198 0.097 0.190 
261    (0)   :  0.004 0.005 0.013 0.087 0.142 0.280 0.070 0.097 0.111 0.191 
262    (0)   :  0.004 0.007 0.012 0.107 0.214 0.246 0.060 0.075 0.086 0.190 
263    (0)   :  0.005 0.004 0.015 0.053 0.077 0.122 0.069 0.128 0.075 0.450 
264    (0)   :  0.006 0.005 0.010 0.051 0.078 0.072 0.089 0.296 0.117 0.276 
265    (0)   :  0.004 0.008 0.013 0.070 0.079 0.220 0.082 0.116 0.106 0.300 
266    (0)   :  0.004 0.004 0.011 0.157 0.145 0.319 0.060 0.072 0.086 0.141 
267    (0)   :  0.004 0.004 0.011 0.091 0.089 0.206 0.091 0.110 0.113 0.280 
268    (0)   :  0.004 0.006 0.012 0.087 0.166 0.190 0.088 0.092 0.079 0.277 
269    (0)   :  0.004 0.010 0.013 0.072 0.070 0.232 0.079 0.187 0.120 0.213 
270    (0)   :  0.005 0.005 0.021 0.058 0.073 0.105 0.085 0.154 0.108 0.386 
271    (0)   :  0.004 0.006 0.012 0.073 0.117 0.130 0.100 0.115 0.096 0.346 
272    (0)   :  0.005 0.063 0.014 0.079 0.111 0.135 0.095 0.129 0.090 0.278 
273    (0)   :  0.017 0.015 0.039 0.112 0.066 0.162 0.102 0.121 0.138 0.227 
274    (0)   :  0.004 0.010 0.013 0.086 0.078 0.142 0.089 0.131 0.112 0.335 
275    (0)   :  0.007 0.016 0.039 0.076 0.072 0.152 0.076 0.131 0.102 0.328 
276    (0)   :  0.005 0.048 0.012 0.096 0.121 0.102 0.098 0.106 0.101 0.310 
277    (0)   :  0.004 0.006 0.014 0.106 0.069 0.217 0.083 0.130 0.120 0.251 
278    (0)   :  0.004 0.007 0.012 0.057 0.130 0.153 0.086 0.102 0.078 0.370 
279    (0)   :  0.004 0.006 0.013 0.096 0.076 0.171 0.082 0.123 0.105 0.324 
280    (0)   :  0.004 0.011 0.012 0.069 0.098 0.179 0.078 0.120 0.156 0.273 
281    (0)   :  0.004 0.006 0.013 0.084 0.080 0.141 0.100 0.101 0.129 0.342 
282    (0)   :  0.004 0.005 0.012 0.105 0.055 0.335 0.078 0.123 0.097 0.187 
283    (0)   :  0.004 0.005 0.014 0.125 0.065 0.343 0.076 0.089 0.079 0.201 
284    (0)   :  0.004 0.005 0.022 0.110 0.077 0.195 0.107 0.129 0.095 0.257 
285    (0)   :  0.004 0.006 0.011 0.045 0.129 0.069 0.094 0.098 0.114 0.430 
286    (0)   :  0.004 0.004 0.014 0.102 0.060 0.268 0.065 0.083 0.076 0.323 
287    (0)   :  0.004 0.010 0.014 0.093 0.073 0.180 0.103 0.112 0.152 0.259 
288    (0)   :  0.005 0.045 0.017 0.073 0.067 0.127 0.079 0.116 0.088 0.382 
289    (0)   :  0.006 0.016 0.019 0.084 0.089 0.111 0.110 0.128 0.086 0.353 
290    (0)   :  0.006 0.006 0.010 0.116 0.143 0.115 0.083 0.145 0.118 0.257 
291    (0)   :  0.004 0.006 0.012 0.073 0.117 0.131 0.101 0.115 0.095 0.345 
292    (0)   :  0.004 0.011 0.012 0.077 0.180 0.191 0.071 0.101 0.169 0.184 
293    (0)   :  0.005 0.005 0.009 0.062 0.166 0.107 0.097 0.194 0.152 0.203 
294    (0)   :  0.006 0.006 0.017 0.064 0.126 0.098 0.068 0.123 0.084 0.407 
295    (0)   :  0.006 0.023 0.040 0.078 0.161 0.101 0.102 0.120 0.125 0.245 
296    (0)   :  0.004 0.007 0.015 0.067 0.094 0.135 0.092 0.084 0.084 0.419 
297    (0)   :  0.004 0.010 0.014 0.071 0.076 0.123 0.082 0.115 0.162 0.342 
298    (0)   :  0.004 0.005 0.014 0.127 0.049 0.243 0.083 0.117 0.098 0.259 
299    (0)   :  0.006 0.004 0.020 0.066 0.059 0.123 0.072 0.132 0.091 0.426 
300    (0)   :  0.004 0.005 0.016 0.057 0.083 0.086 0.069 0.082 0.115 0.482 
301    (0)   :  0.005 0.008 0.020 0.059 0.071 0.108 0.075 0.196 0.094 0.365 
302    (0)   :  0.006 0.007 0.023 0.055 0.189 0.103 0.070 0.127 0.081 0.340 
303    (0)   :  0.004 0.005 0.014 0.104 0.071 0.240 0.070 0.089 0.132 0.270 
304    (0)   :  0.005 0.005 0.022 0.082 0.049 0.279 0.103 0.188 0.125 0.142 
305    (0)   :  0.004 0.007 0.027 0.086 0.129 0.188 0.060 0.080 0.094 0.325 
306    (0)   :  0.004 0.009 0.013 0.155 0.087 0.239 0.073 0.106 0.106 0.208 
307    (0)   :  0.004 0.006 0.013 0.144 0.066 0.151 0.082 0.125 0.104 0.305 
308    (0)   :  0.004 0.005 0.013 0.085 0.141 0.284 0.070 0.097 0.112 0.190 
309    (0)   :  0.014 0.013 0.038 0.071 0.078 0.118 0.098 0.095 0.080 0.396 
310    (0)   :  0.004 0.004 0.012 0.097 0.118 0.229 0.066 0.083 0.080 0.306 
311    (0)   :  0.004 0.004 0.017 0.117 0.053 0.191 0.067 0.081 0.076 0.388 
312    (0)   :  0.004 0.004 0.018 0.065 0.080 0.123 0.085 0.081 0.074 0.465 
313    (0)   :  0.004 0.005 0.013 0.057 0.209 0.086 0.075 0.085 0.081 0.385 
314    (0)   :  0.004 0.007 0.118 0.121 0.103 0.317 0.064 0.074 0.106 0.085 
315    (0)   :  0.004 0.009 0.114 0.111 0.096 0.316 0.064 0.104 0.100 0.082 
316    (0)   :  0.006 0.014 0.211 0.081 0.058 0.261 0.068 0.111 0.106 0.084 
317    (0)   :  0.005 0.007 0.126 0.123 0.059 0.347 0.065 0.077 0.106 0.085 
318    (0)   :  0.004 0.006 0.244 0.081 0.042 0.292 0.065 0.078 0.107 0.080 
319    (0)   :  0.004 0.005 0.012 0.116 0.059 0.477 0.063 0.073 0.101 0.090 
320    (0)   :  0.004 0.007 0.118 0.120 0.104 0.317 0.064 0.073 0.107 0.085 
321    (0)   :  0.004 0.006 0.229 0.134 0.053 0.233 0.065 0.078 0.114 0.083 
322    (0)   :  0.006 0.015 0.087 0.126 0.094 0.297 0.070 0.108 0.106 0.091 
323    (0)   :  0.011 0.006 0.090 0.102 0.046 0.410 0.065 0.081 0.102 0.086 
324    (0)   :  0.004 0.006 0.226 0.134 0.054 0.234 0.065 0.078 0.115 0.083 
325    (0)   :  0.004 0.011 0.285 0.075 0.053 0.223 0.066 0.103 0.099 0.080 
326    (0)   :  0.005 0.012 0.374 0.081 0.053 0.132 0.067 0.099 0.097 0.079 
327    (0)   :  0.005 0.007 0.129 0.122 0.059 0.345 0.065 0.076 0.106 0.085 
328    (0)   :  0.004 0.010 0.117 0.149 0.079 0.263 0.066 0.110 0.107 0.096 
329    (0)   :  0.004 0.005 0.027 0.148 0.042 0.446 0.063 0.078 0.106 0.081 
330    (0)   :  0.005 0.007 0.128 0.121 0.061 0.346 0.065 0.076 0.106 0.084 
331    (0)   :  0.004 0.005 0.089 0.090 0.045 0.432 0.064 0.078 0.106 0.088 
332    (0)   :  0.007 0.010 0.370 0.081 0.052 0.133 0.067 0.104 0.098 0.079 
333    (0)   :  0.006 0.012 0.279 0.103 0.060 0.182 0.067 0.101 0.098 0.093 
334    (0)   :  0.004 0.010 0.118 0.149 0.079 0.261 0.066 0.109 0.107 0.096 
335    (0)   :  0.004 0.010 0.047 0.165 0.083 0.339 0.067 0.106 0.094 0.085 
336    (0)   :  0.007 0.006 0.326 0.094 0.071 0.168 0.063 0.076 0.109 0.079 
337    (0)   :  0.004 0.011 0.258 0.124 0.071 0.173 0.067 0.103 0.106 0.083 
338    (0)   :  0.004 0.006 0.356 0.086 0.042 0.176 0.064 0.078 0.109 0.079 
339    (0)   :  0.004 0.005 0.087 0.091 0.045 0.431 0.064 0.077 0.107 0.089 
340    (0)   :  0.004 0.005 0.037 0.082 0.047 0.505 0.063 0.073 0.096 0.086 
341    (0)   :  0.008 0.008 0.149 0.102 0.047 0.349 0.065 0.076 0.104 0.091 
342    (0)   :  0.005 0.007 0.128 0.122 0.060 0.343 0.066 0.076 0.107 0.085 
343    (0)   :  0.009 0.011 0.093 0.206 0.126 0.207 0.065 0.105 0.097 0.081 
344    (0)   :  0.004 0.005 0.091 0.108 0.042 0.423 0.064 0.077 0.105 0.081 
345    (0)   :  0.005 0.007 0.128 0.122 0.060 0.345 0.065 0.076 0.107 0.084 
346    (0)   :  0.005 0.007 0.136 0.078 0.047 0.406 0.065 0.077 0.099 0.081 
347    (0)   :  0.004 0.005 0.036 0.098 0.045 0.500 0.063 0.073 0.095 0.079 
348    (0)   :  0.004 0.009 0.042 0.158 0.147 0.303 0.065 0.096 0.093 0.084 
349    (0)   :  0.005 0.007 0.126 0.122 0.061 0.345 0.065 0.077 0.107 0.085 
350    (0)   :  0.004 0.005 0.023 0.084 0.073 0.475 0.062 0.076 0.108 0.091 
351    (0)   :  0.004 0.010 0.049 0.164 0.083 0.339 0.066 0.106 0.095 0.084 
352    (0)   :  0.004 0.014 0.154 0.116 0.086 0.267 0.068 0.103 0.099 0.088 
353    (0)   :  0.007 0.006 0.325 0.095 0.071 0.167 0.063 0.076 0.110 0.079 
354    (0)   :  0.006 0.006 0.086 0.120 0.044 0.398 0.065 0.080 0.110 0.085 
355    (0)   :  0.004 0.006 0.244 0.081 0.042 0.293 0.065 0.078 0.108 0.079 
356    (0)   :  0.004 0.008 0.013 0.226 0.143 0.274 0.064 0.096 0.090 0.083 
357    (0)   :  0.004 0.010 0.017 0.072 0.061 0.320 0.073 0.214 0.136 0.093 
358    (0)   :  0.004 0.009 0.279 0.125 0.053 0.183 0.066 0.102 0.097 0.081 
359    (0)   :  0.004 0.005 0.249 0.103 0.046 0.250 0.065 0.077 0.110 0.091 
360    (0)   :  0.005 0.007 0.135 0.078 0.047 0.407 0.065 0.077 0.099 0.082 
361    (0)   :  0.004 0.010 0.015 0.117 0.085 0.243 0.074 0.206 0.147 0.099 
362    (0)   :  0.005 0.013 0.028 0.058 0.075 0.092 0.125 0.188 0.180 0.236 
363    (0)   :  0.006 0.009 0.014 0.054 0.069 0.078 0.171 0.233 0.181 0.185 
364    (0)   :  0.011 0.007 0.019 0.118 0.078 0.179 0.105 0.194 0.152 0.136 
365    (0)   :  0.012 0.013 0.014 0.059 0.064 0.084 0.105 0.195 0.310 0.142 
366    (0)   :  0.005 0.011 0.014 0.074 0.154 0.126 0.077 0.217 0.150 0.172 
367    (0)   :  0.004 0.008 0.010 0.045 0.051 0.067 0.348 0.180 0.179 0.107 
368    (0)   :  0.004 0.006 0.013 0.070 0.054 0.091 0.165 0.140 0.173 0.284 
369    (0)   :  0.006 0.007 0.039 0.160 0.158 0.090 0.085 0.197 0.127 0.132 
370    (0)   :  0.009 0.011 0.033 0.078 0.061 0.090 0.185 0.154 0.127 0.254 
371    (0)   :  0.008 0.007 0.034 0.083 0.075 0.103 0.092 0.247 0.130 0.221 
372    (0)   :  0.027 0.015 0.032 0.078 0.070 0.108 0.126 0.093 0.132 0.319 
373    (0)   :  0.005 0.005 0.012 0.091 0.064 0.116 0.220 0.135 0.202 0.151 
374    (0)   :  0.006 0.010 0.016 0.191 0.057 0.131 0.139 0.168 0.140 0.142 
375    (0)   :  0.011 0.009 0.016 0.056 0.047 0.075 0.156 0.273 0.182 0.175 
376    (0)   :  0.077 0.010 0.013 0.054 0.052 0.071 0.130 0.280 0.225 0.087 
377    (0)   :  0.006 0.009 0.030 0.056 0.087 0.096 0.120 0.160 0.202 0.234 
378    (0)   :  0.004 0.006 0.035 0.083 0.064 0.163 0.300 0.096 0.135 0.115 
379    (0)   :  0.141 0.016 0.014 0.050 0.057 0.065 0.147 0.252 0.157 0.103 
380    (0)   :  0.008 0.019 0.017 0.091 0.079 0.114 0.071 0.114 0.372 0.116 
381    (0)   :  0.008 0.008 0.013 0.096 0.121 0.106 0.071 0.203 0.285 0.091 
382    (0)   :  0.004 0.005 0.019 0.051 0.045 0.082 0.128 0.420 0.119 0.125 
383    (0)   :  0.010 0.027 0.159 0.053 0.048 0.094 0.074 0.138 0.257 0.141 
384    (0)   :  0.035 0.017 0.062 0.070 0.051 0.119 0.112 0.220 0.204 0.112 
385    (0)   :  0.009 0.005 0.144 0.059 0.048 0.109 0.201 0.132 0.155 0.138 
386    (0)   :  0.004 0.007 0.010 0.054 0.058 0.077 0.174 0.258 0.218 0.140 
387    (0)   :  0.004 0.006 0.011 0.046 0.064 0.106 0.173 0.271 0.211 0.108 
388    (0)   :  0.012 0.010 0.023 0.109 0.048 0.158 0.150 0.159 0.189 0.141 
389    (0)   :  0.009 0.008 0.026 0.057 0.146 0.081 0.122 0.128 0.099 0.323 
390    (0)   :  0.015 0.026 0.020 0.060 0.112 0.072 0.214 0.164 0.219 0.098 
391    (0)   :  0.011 0.017 0.016 0.096 0.104 0.099 0.219 0.144 0.128 0.165 
392    (0)   :  0.006 0.006 0.011 0.056 0.070 0.142 0.133 0.150 0.303 0.124 
393    (0)   :  0.006 0.017 0.013 0.063 0.076 0.094 0.079 0.103 0.463 0.087 
394    (0)   :  0.004 0.011 0.040 0.092 0.069 0.169 0.155 0.152 0.181 0.127 
395    (0)   :  0.004 0.015 0.009 0.047 0.102 0.100 0.143 0.145 0.204 0.230 
396    (0)   :  0.004 0.005 0.009 0.048 0.051 0.065 0.189 0.258 0.203 0.167 
397    (0)   :  0.050 0.005 0.014 0.088 0.073 0.149 0.079 0.187 0.119 0.236 
398    (0)   :  0.029 0.017 0.011 0.050 0.057 0.070 0.217 0.144 0.308 0.097 
399    (0)   :  0.004 0.023 0.020 0.059 0.078 0.078 0.336 0.144 0.112 0.147 
400    (0)   :  0.005 0.005 0.011 0.087 0.061 0.088 0.180 0.264 0.205 0.094 
401    (0)   :  0.004 0.006 0.010 0.063 0.111 0.112 0.282 0.112 0.185 0.115 
402    (0)   :  0.005 0.005 0.012 0.063 0.123 0.103 0.156 0.126 0.257 0.149 
403    (0)   :  0.005 0.007 0.013 0.070 0.067 0.285 0.128 0.106 0.190 0.127 
404    (0)   :  0.006 0.006 0.010 0.097 0.053 0.104 0.144 0.189 0.173 0.217 
405    (0)   :  0.004 0.012 0.012 0.072 0.085 0.103 0.098 0.207 0.216 0.191 
406    (0)   :  0.004 0.114 0.010 0.114 0.132 0.116 0.074 0.152 0.146 0.138 
407    (0)   :  0.004 0.011 0.009 0.047 0.047 0.064 0.110 0.184 0.399 0.127 
408    (0)   :  0.004 0.005 0.009 0.044 0.161 0.063 0.286 0.108 0.131 0.190 
409    (0)   :  0.007 0.019 0.014 0.250 0.083 0.095 0.083 0.089 0.263 0.095 
410    (0)   :  0.057 0.011 0.014 0.069 0.069 0.113 0.177 0.132 0.245 0.113 
411    (0)   :  0.010 0.007 0.049 0.066 0.102 0.103 0.110 0.267 0.185 0.101 
412    (0)   :  0.004 0.005 0.013 0.061 0.052 0.086 0.159 0.167 0.195 0.258 
413    (0)   :  0.004 0.005 0.030 0.072 0.056 0.152 0.177 0.158 0.169 0.177 
414    (0)   :  0.004 0.005 0.018 0.040 0.047 0.068 0.210 0.254 0.115 0.239 
415    (0)   :  0.004 0.010 0.010 0.070 0.112 0.075 0.129 0.267 0.192 0.129 
416    (0)   :  0.005 0.005 0.011 0.077 0.101 0.094 0.198 0.111 0.285 0.112 
417    (0)   :  0.005 0.035 0.015 0.075 0.063 0.071 0.134 0.203 0.272 0.126 
418    (0)   :  0.005 0.006 0.011 0.055 0.046 0.073 0.266 0.208 0.180 0.150 
419    (0)   :  0.009 0.010 0.015 0.101 0.071 0.159 0.133 0.125 0.254 0.123 
420    (0)   :  0.004 0.005 0.009 0.059 0.179 0.069 0.263 0.122 0.178 0.112 
421    (0)   :  0.005 0.014 0.014 0.081 0.059 0.071 0.171 0.111 0.292 0.181 
422    (0)   :  0.005 0.012 0.011 0.054 0.101 0.079 0.086 0.089 0.320 0.243 
423    (0)   :  0.006 0.011 0.011 0.048 0.074 0.122 0.117 0.312 0.119 0.180 
424    (0)   :  0.006 0.014 0.014 0.075 0.140 0.104 0.228 0.186 0.131 0.104 
425    (0)   :  0.018 0.010 0.015 0.066 0.065 0.138 0.120 0.233 0.188 0.147 
426    (0)   :  0.022 0.023 0.044 0.084 0.069 0.104 0.201 0.196 0.132 0.126 
427    (0)   :  0.004 0.014 0.025 0.045 0.050 0.137 0.174 0.171 0.295 0.085 
428    (0)   :  0.014 0.037 0.014 0.080 0.104 0.146 0.083 0.115 0.278 0.130 
429    (0)   :  0.005 0.007 0.010 0.046 0.049 0.066 0.205 0.309 0.189 0.114 
430    (0)   :  0.004 0.020 0.013 0.049 0.063 0.068 0.095 0.146 0.409 0.132 
431    (0)   :  0.008 0.013 0.028 0.063 0.068 0.121 0.218 0.203 0.098 0.181 
432    (0)   :  0.004 0.005 0.012 0.072 0.062 0.096 0.173 0.128 0.217 0.231 
433    (0)   :  0.006 0.005 0.014 0.154 0.072 0.184 0.114 0.132 0.118 0.201 
434    (0)   :  0.004 0.006 0.014 0.095 0.078 0.109 0.093 0.183 0.222 0.196 
435    (0)   :  0.004 0.029 0.011 0.048 0.072 0.068 0.145 0.196 0.327 0.100 
436    (0)   :  0.006 0.076 0.012 0.081 0.089 0.083 0.183 0.235 0.169 0.066 
437    (0)   :  0.005 0.008 0.011 0.054 0.058 0.075 0.091 0.425 0.155 0.118 
438    (0)   :  0.005 0.059 0.014 0.088 0.139 0.082 0.157 0.132 0.235 0.088 
439    (0)   :  0.004 0.036 0.012 0.058 0.056 0.073 0.122 0.160 0.405 0.073 
440    (0)   :  0.004 0.048 0.010 0.043 0.065 0.061 0.162 0.354 0.166 0.088 
441    (0)   :  0.004 0.014 0.016 0.077 0.068 0.097 0.094 0.157 0.380 0.094 
442    (0)   :  0.005 0.006 0.009 0.062 0.077 0.067 0.215 0.233 0.198 0.127 
443    (0)   :  0.004 0.014 0.010 0.048 0.180 0.065 0.287 0.147 0.160 0.086 
444    (0)   :  0.005 0.010 0.010 0.060 0.101 0.067 0.172 0.293 0.168 0.115 
445    (0)   :  0.028 0.012 0.011 0.106 0.082 0.098 0.084 0.098 0.395 0.088 
446    (0)   :  0.034 0.024 0.013 0.058 0.047 0.071 0.263 0.127 0.294 0.070 
447    (0)   :  0.005 0.055 0.012 0.084 0.112 0.100 0.140 0.179 0.216 0.096 
448    (0)   :  0.004 0.013 0.011 0.055 0.075 0.073 0.123 0.221 0.309 0.116 
449    (0)   :  0.004 0.013 0.011 0.071 0.074 0.097 0.107 0.222 0.284 0.116 
450    (0)   :  0.006 0.006 0.012 0.067 0.041 0.098 0.115 0.222 0.352 0.082 
451    (0)   :  0.004 0.009 0.010 0.043 0.075 0.061 0.271 0.245 0.114 0.168 
452    (0)   :  0.004 0.007 0.011 0.063 0.048 0.095 0.149 0.171 0.366 0.086 
453    (0)   :  0.004 0.008 0.011 0.073 0.251 0.077 0.137 0.113 0.199 0.127 
454    (0)   :  0.004 0.012 0.028 0.062 0.070 0.100 0.113 0.267 0.228 0.115 
455    (0)   :  0.004 0.054 0.012 0.055 0.102 0.066 0.163 0.194 0.275 0.073 
456    (0)   :  0.005 0.014 0.010 0.052 0.186 0.065 0.154 0.233 0.190 0.091 
457    (0)   :  0.005 0.015 0.011 0.059 0.064 0.075 0.095 0.289 0.289 0.098 
458    (0)   :  0.028 0.012 0.011 0.055 0.048 0.073 0.128 0.118 0.440 0.087 
459    (0)   :  0.004 0.017 0.012 0.103 0.060 0.100 0.175 0.192 0.268 0.068 
460    (0)   :  0.004 0.014 0.012 0.050 0.064 0.069 0.235 0.217 0.259 0.077 
461    (0)   :  0.005 0.006 0.011 0.054 0.042 0.070 0.308 0.226 0.205 0.074 
462    (0)   :  0.007 0.012 0.012 0.040 0.089 0.057 0.163 0.216 0.244 0.160 
463    (0)   :  0.004 0.052 0.013 0.058 0.241 0.078 0.085 0.159 0.194 0.116 
464    (0)   :  0.004 0.015 0.010 0.052 0.127 0.065 0.262 0.183 0.203 0.080 
465    (0)   :  0.005 0.008 0.011 0.059 0.079 0.072 0.222 0.152 0.271 0.119 
466    (0)   :  0.004 0.015 0.010 0.053 0.193 0.067 0.190 0.173 0.193 0.104 
467    (0)   :  0.004 0.013 0.014 0.061 0.078 0.083 0.102 0.163 0.344 0.139 
468    (0)   :  0.004 0.054 0.010 0.051 0.132 0.065 0.090 0.302 0.204 0.088 
469    (0)   :  0.004 0.144 0.011 0.051 0.057 0.068 0.089 0.148 0.356 0.071 
470    (0)   :  0.004 0.049 0.011 0.052 0.065 0.069 0.200 0.191 0.277 0.081 
471    (0)   :  0.005 0.007 0.010 0.055 0.139 0.075 0.181 0.160 0.210 0.158 
472    (0)   :  0.005 0.006 0.010 0.056 0.098 0.068 0.124 0.161 0.355 0.117 
473    (0)   :  0.004 0.014 0.014 0.070 0.087 0.095 0.095 0.220 0.249 0.152 
474    (0)   :  0.004 0.007 0.010 0.061 0.079 0.090 0.143 0.161 0.359 0.086 
475    (0)   :  0.004 0.009 0.011 0.101 0.074 0.096 0.217 0.147 0.231 0.110 
476    (0)   :  0.005 0.010 0.011 0.059 0.085 0.072 0.120 0.346 0.217 0.075 
477    (0)   :  0.005 0.011 0.013 0.083 0.095 0.083 0.228 0.203 0.184 0.094 
478    (0)   :  0.006 0.010 0.012 0.048 0.061 0.068 0.420 0.143 0.146 0.084 
479    (0)   :  0.004 0.012 0.011 0.049 0.058 0.068 0.146 0.344 0.228 0.079 
480    (0)   :  0.005 0.012 0.011 0.055 0.057 0.073 0.111 0.360 0.232 0.083 
481    (0)   :  0.004 0.007 0.009 0.052 0.068 0.072 0.131 0.170 0.262 0.225 
