

----------------------------------------------------
STRUCTURE by Pritchard, Stephens and Donnelly (2000)
     and Falush, Stephens and Pritchard (2003)
       Code by Pritchard, Falush and Hubisz
             Version 2.3.4 (Jul 2012)
----------------------------------------------------



Command line arguments:   ./structure -K 3 -D 103010 -m brooktrout/mainparams -e brooktrout/extraparams -o brooktrout/250914_output/results_K3_rep10 
Input File:    brooktrout/brooktrout.txt

Run parameters:
   8454 individuals
   5 loci
   3 populations assumed
   50000 Burn-in period
   100000 Reps
RANDOMIZE turned off


--------------------------------------------
Overall proportion of membership of the
sample in each of the 3 clusters

Inferred Clusters
  1      2      3    
0.260  0.234  0.506  

--------------------------------------------

Allele-freq. divergence among pops (Net nucleotide distance),
computed using point estimates of P.

      1       2       3      
 1      -    0.0875  0.0286  
 2   0.0875     -    0.0543  
 3   0.0286  0.0543     -    

Average distances (expected heterozygosity) between individuals in same cluster:
cluster  1  : 0.8123 
cluster  2  : 0.7745 
cluster  3  : 0.8440 

--------------------------------------------
Estimated Ln Prob of Data   = -178707.2
Mean value of ln likelihood = -175599.1
Variance of ln likelihood   = 6216.3

Mean value of alpha_1       = 0.1367
Mean value of alpha_2       = 0.1256
Mean value of alpha_3       = 0.2711
Allele frequencies uncorrelated


Inferred ancestry of individuals:
     (%Miss) :  Inferred clusters
  1    (0)   :  0.318 0.275 0.407 
  2    (0)   :  0.045 0.041 0.914 
  3    (0)   :  0.635 0.167 0.199 
  4    (0)   :  0.037 0.740 0.223 
  5    (0)   :  0.051 0.036 0.913 
  6    (0)   :  0.846 0.033 0.121 
  7    (0)   :  0.148 0.031 0.821 
  8    (0)   :  0.294 0.302 0.404 
  9    (0)   :  0.491 0.103 0.406 
 10    (0)   :  0.452 0.107 0.441 
 11    (0)   :  0.261 0.034 0.705 
 12    (0)   :  0.067 0.062 0.871 
 13    (0)   :  0.108 0.059 0.832 
 14    (0)   :  0.085 0.128 0.787 
 15    (0)   :  0.076 0.173 0.751 
 16    (0)   :  0.665 0.054 0.281 
 17    (0)   :  0.252 0.062 0.686 
 18    (0)   :  0.587 0.147 0.266 
 19    (0)   :  0.577 0.046 0.377 
 20    (0)   :  0.112 0.052 0.837 
 21    (0)   :  0.169 0.319 0.513 
 22    (0)   :  0.812 0.059 0.128 
 23    (0)   :  0.062 0.291 0.647 
 24    (0)   :  0.484 0.201 0.315 
 25    (0)   :  0.107 0.026 0.867 
 26    (0)   :  0.306 0.135 0.560 
 27    (0)   :  0.275 0.092 0.632 
 28    (0)   :  0.174 0.266 0.560 
 29    (0)   :  0.084 0.047 0.869 
 30    (0)   :  0.827 0.050 0.124 
 31    (0)   :  0.136 0.112 0.752 
 32    (0)   :  0.174 0.163 0.663 
 33    (0)   :  0.600 0.168 0.233 
 34    (0)   :  0.552 0.046 0.402 
 35    (0)   :  0.536 0.066 0.399 
 36    (0)   :  0.715 0.115 0.171 
 37    (0)   :  0.115 0.254 0.631 
 38    (0)   :  0.852 0.026 0.122 
 39    (0)   :  0.695 0.048 0.257 
 40    (0)   :  0.142 0.574 0.284 
 41    (0)   :  0.659 0.097 0.244 
 42    (0)   :  0.215 0.666 0.119 
 43    (0)   :  0.067 0.188 0.745 
 44    (0)   :  0.428 0.105 0.467 
 45    (0)   :  0.667 0.048 0.285 
 46    (0)   :  0.659 0.037 0.304 
 47    (0)   :  0.628 0.076 0.296 
 48    (0)   :  0.434 0.137 0.429 
 49    (0)   :  0.544 0.082 0.374 
 50    (0)   :  0.681 0.092 0.227 
 51    (0)   :  0.458 0.251 0.291 
 52    (0)   :  0.720 0.053 0.227 
 53    (0)   :  0.842 0.057 0.101 
 54    (0)   :  0.091 0.102 0.808 
 55    (0)   :  0.057 0.082 0.861 
 56    (0)   :  0.600 0.123 0.277 
 57    (0)   :  0.311 0.142 0.547 
 58    (0)   :  0.200 0.098 0.701 
 59    (0)   :  0.690 0.064 0.247 
 60    (0)   :  0.150 0.457 0.392 
 61    (0)   :  0.037 0.231 0.732 
 62    (0)   :  0.536 0.057 0.407 
 63    (0)   :  0.181 0.157 0.662 
 64    (0)   :  0.805 0.034 0.161 
 65    (0)   :  0.140 0.022 0.838 
 66    (0)   :  0.046 0.193 0.761 
 67    (0)   :  0.059 0.062 0.879 
 68    (0)   :  0.654 0.091 0.256 
 69    (0)   :  0.463 0.152 0.385 
 70    (0)   :  0.207 0.143 0.650 
 71    (0)   :  0.646 0.038 0.316 
 72    (0)   :  0.768 0.048 0.184 
 73    (0)   :  0.090 0.044 0.866 
 74    (0)   :  0.635 0.228 0.137 
 75    (0)   :  0.197 0.655 0.147 
 76    (0)   :  0.108 0.060 0.832 
 77    (0)   :  0.686 0.058 0.255 
 78    (0)   :  0.783 0.057 0.160 
 79    (0)   :  0.116 0.035 0.850 
 80    (0)   :  0.091 0.620 0.289 
 81    (0)   :  0.129 0.389 0.482 
 82    (0)   :  0.045 0.096 0.859 
 83    (0)   :  0.142 0.262 0.596 
 84    (0)   :  0.109 0.158 0.733 
 85    (0)   :  0.142 0.339 0.519 
 86    (0)   :  0.125 0.046 0.829 
 87    (0)   :  0.092 0.041 0.868 
 88    (0)   :  0.050 0.210 0.740 
 89    (0)   :  0.056 0.394 0.550 
 90    (0)   :  0.060 0.037 0.903 
 91    (0)   :  0.079 0.676 0.245 
 92    (0)   :  0.072 0.068 0.859 
 93    (0)   :  0.033 0.888 0.079 
 94    (0)   :  0.576 0.037 0.387 
 95    (0)   :  0.043 0.084 0.873 
 96    (0)   :  0.039 0.404 0.557 
 97    (0)   :  0.339 0.469 0.193 
 98    (0)   :  0.188 0.145 0.667 
 99    (0)   :  0.084 0.123 0.792 
100    (0)   :  0.029 0.823 0.148 
101    (0)   :  0.053 0.071 0.876 
102    (0)   :  0.094 0.365 0.541 
103    (0)   :  0.037 0.128 0.835 
104    (0)   :  0.054 0.040 0.906 
105    (0)   :  0.033 0.070 0.897 
106    (0)   :  0.394 0.018 0.588 
107    (0)   :  0.046 0.073 0.880 
108    (0)   :  0.102 0.045 0.853 
109    (0)   :  0.216 0.019 0.765 
110    (0)   :  0.438 0.022 0.540 
111    (0)   :  0.059 0.023 0.918 
112    (0)   :  0.273 0.021 0.706 
113    (0)   :  0.136 0.084 0.780 
114    (0)   :  0.052 0.049 0.899 
115    (0)   :  0.049 0.040 0.910 
116    (0)   :  0.269 0.022 0.709 
117    (0)   :  0.275 0.033 0.691 
118    (0)   :  0.043 0.029 0.929 
119    (0)   :  0.069 0.379 0.552 
120    (0)   :  0.069 0.034 0.897 
121    (0)   :  0.074 0.034 0.891 
122    (0)   :  0.304 0.025 0.671 
123    (0)   :  0.123 0.035 0.842 
124    (0)   :  0.565 0.033 0.401 
125    (0)   :  0.679 0.040 0.281 
126    (0)   :  0.256 0.050 0.694 
127    (0)   :  0.050 0.025 0.925 
128    (0)   :  0.040 0.031 0.929 
129    (0)   :  0.032 0.024 0.944 
130    (0)   :  0.058 0.048 0.894 
131    (0)   :  0.602 0.033 0.365 
132    (0)   :  0.183 0.023 0.794 
133    (0)   :  0.061 0.036 0.903 
134    (0)   :  0.492 0.015 0.494 
135    (0)   :  0.040 0.760 0.200 
136    (0)   :  0.036 0.870 0.093 
137    (0)   :  0.034 0.843 0.123 
138    (0)   :  0.034 0.910 0.057 
139    (0)   :  0.062 0.611 0.326 
140    (0)   :  0.115 0.627 0.258 
141    (0)   :  0.059 0.851 0.091 
142    (0)   :  0.037 0.821 0.142 
143    (0)   :  0.022 0.924 0.054 
144    (0)   :  0.030 0.854 0.117 
145    (0)   :  0.088 0.719 0.193 
146    (0)   :  0.092 0.563 0.345 
147    (0)   :  0.026 0.920 0.054 
148    (0)   :  0.047 0.761 0.191 
149    (0)   :  0.037 0.892 0.071 
150    (0)   :  0.045 0.640 0.314 
151    (0)   :  0.030 0.876 0.094 
152    (0)   :  0.057 0.699 0.244 
153    (0)   :  0.049 0.869 0.082 
154    (0)   :  0.032 0.865 0.103 
155    (0)   :  0.027 0.902 0.071 
156    (0)   :  0.026 0.867 0.107 
157    (0)   :  0.058 0.751 0.192 
158    (0)   :  0.089 0.756 0.155 
159    (0)   :  0.024 0.918 0.057 
160    (0)   :  0.025 0.908 0.067 
161    (0)   :  0.066 0.792 0.142 
162    (0)   :  0.106 0.453 0.441 
163    (0)   :  0.025 0.911 0.064 
164    (0)   :  0.061 0.427 0.512 
165    (0)   :  0.039 0.723 0.237 
166    (0)   :  0.074 0.641 0.285 
167    (0)   :  0.051 0.736 0.213 
168    (0)   :  0.057 0.851 0.092 
169    (0)   :  0.453 0.431 0.115 
170    (0)   :  0.030 0.855 0.115 
171    (0)   :  0.059 0.645 0.296 
172    (0)   :  0.145 0.786 0.069 
173    (0)   :  0.025 0.902 0.073 
174    (0)   :  0.032 0.885 0.083 
175    (0)   :  0.033 0.900 0.067 
176    (0)   :  0.030 0.856 0.114 
177    (0)   :  0.131 0.581 0.287 
178    (0)   :  0.047 0.835 0.118 
179    (0)   :  0.024 0.923 0.053 
180    (0)   :  0.084 0.725 0.191 
181    (0)   :  0.048 0.820 0.133 
182    (0)   :  0.024 0.846 0.130 
183    (0)   :  0.027 0.907 0.066 
184    (0)   :  0.101 0.054 0.844 
185    (0)   :  0.020 0.922 0.058 
186    (0)   :  0.088 0.042 0.869 
187    (0)   :  0.066 0.398 0.536 
188    (0)   :  0.062 0.031 0.907 
189    (0)   :  0.244 0.360 0.395 
190    (0)   :  0.023 0.759 0.218 
191    (0)   :  0.041 0.097 0.862 
192    (0)   :  0.062 0.276 0.661 
193    (0)   :  0.073 0.232 0.694 
194    (0)   :  0.050 0.252 0.698 
195    (0)   :  0.025 0.854 0.121 
196    (0)   :  0.042 0.425 0.534 
197    (0)   :  0.208 0.118 0.674 
198    (0)   :  0.107 0.129 0.764 
199    (0)   :  0.036 0.388 0.576 
200    (0)   :  0.067 0.246 0.687 
201    (0)   :  0.032 0.845 0.123 
202    (0)   :  0.023 0.798 0.179 
203    (0)   :  0.027 0.822 0.151 
204    (0)   :  0.028 0.539 0.432 
205    (0)   :  0.054 0.143 0.803 
206    (0)   :  0.034 0.447 0.519 
207    (0)   :  0.030 0.109 0.861 
208    (0)   :  0.041 0.507 0.452 
209    (0)   :  0.049 0.148 0.803 
210    (0)   :  0.037 0.457 0.506 
211    (0)   :  0.027 0.170 0.803 
212    (0)   :  0.044 0.827 0.130 
213    (0)   :  0.069 0.148 0.783 
214    (0)   :  0.030 0.840 0.130 
215    (0)   :  0.037 0.064 0.898 
216    (0)   :  0.104 0.076 0.820 
217    (0)   :  0.042 0.805 0.153 
218    (0)   :  0.052 0.206 0.742 
219    (0)   :  0.194 0.280 0.526 
220    (0)   :  0.031 0.121 0.848 
221    (0)   :  0.020 0.916 0.063 
222    (0)   :  0.203 0.134 0.663 
223    (0)   :  0.086 0.544 0.370 
224    (0)   :  0.031 0.703 0.265 
225    (0)   :  0.044 0.318 0.638 
226    (0)   :  0.171 0.193 0.635 
227    (0)   :  0.030 0.486 0.484 
228    (0)   :  0.023 0.845 0.132 
229    (0)   :  0.039 0.680 0.281 
230    (0)   :  0.034 0.555 0.411 
231    (0)   :  0.060 0.586 0.353 
232    (0)   :  0.087 0.424 0.490 
233    (0)   :  0.028 0.867 0.105 
234    (0)   :  0.082 0.206 0.712 
235    (0)   :  0.091 0.467 0.442 
236    (0)   :  0.058 0.578 0.364 
237    (0)   :  0.031 0.182 0.788 
238    (0)   :  0.039 0.782 0.180 
239    (0)   :  0.024 0.857 0.118 
240    (0)   :  0.040 0.777 0.183 
241    (0)   :  0.030 0.833 0.137 
242    (0)   :  0.108 0.355 0.537 
243    (0)   :  0.029 0.544 0.427 
244    (0)   :  0.030 0.775 0.195 
245    (0)   :  0.026 0.891 0.083 
246    (0)   :  0.042 0.806 0.152 
247    (0)   :  0.114 0.040 0.846 
248    (0)   :  0.036 0.047 0.917 
249    (0)   :  0.037 0.688 0.275 
250    (0)   :  0.054 0.358 0.588 
251    (0)   :  0.097 0.099 0.804 
252    (0)   :  0.061 0.477 0.462 
253    (0)   :  0.060 0.086 0.854 
254    (0)   :  0.132 0.173 0.695 
255    (0)   :  0.081 0.246 0.674 
256    (0)   :  0.040 0.680 0.279 
257    (0)   :  0.039 0.195 0.765 
258    (0)   :  0.050 0.102 0.848 
259    (0)   :  0.038 0.145 0.817 
260    (0)   :  0.149 0.339 0.512 
261    (0)   :  0.056 0.691 0.253 
262    (0)   :  0.027 0.859 0.114 
263    (0)   :  0.049 0.145 0.806 
264    (0)   :  0.647 0.032 0.321 
265    (0)   :  0.099 0.269 0.632 
266    (0)   :  0.021 0.908 0.071 
267    (0)   :  0.051 0.288 0.661 
268    (0)   :  0.041 0.425 0.533 
269    (0)   :  0.197 0.293 0.511 
270    (0)   :  0.084 0.085 0.831 
271    (0)   :  0.041 0.085 0.874 
272    (0)   :  0.109 0.119 0.772 
273    (0)   :  0.111 0.549 0.340 
274    (0)   :  0.081 0.138 0.781 
275    (0)   :  0.112 0.293 0.595 
276    (0)   :  0.089 0.101 0.811 
277    (0)   :  0.093 0.452 0.455 
278    (0)   :  0.040 0.104 0.855 
279    (0)   :  0.063 0.298 0.639 
280    (0)   :  0.211 0.280 0.509 
281    (0)   :  0.054 0.142 0.804 
282    (0)   :  0.072 0.673 0.255 
283    (0)   :  0.037 0.806 0.157 
284    (0)   :  0.054 0.290 0.656 
285    (0)   :  0.063 0.031 0.906 
286    (0)   :  0.030 0.775 0.196 
287    (0)   :  0.123 0.237 0.639 
288    (0)   :  0.116 0.123 0.761 
289    (0)   :  0.107 0.161 0.732 
290    (0)   :  0.359 0.195 0.445 
291    (0)   :  0.041 0.087 0.872 
292    (0)   :  0.160 0.478 0.362 
293    (0)   :  0.559 0.086 0.354 
294    (0)   :  0.058 0.131 0.811 
295    (0)   :  0.093 0.195 0.712 
296    (0)   :  0.036 0.125 0.838 
297    (0)   :  0.245 0.134 0.622 
298    (0)   :  0.077 0.488 0.435 
299    (0)   :  0.075 0.122 0.803 
300    (0)   :  0.058 0.126 0.816 
301    (0)   :  0.135 0.087 0.777 
302    (0)   :  0.053 0.135 0.813 
303    (0)   :  0.058 0.725 0.217 
304    (0)   :  0.196 0.417 0.387 
305    (0)   :  0.031 0.765 0.204 
306    (0)   :  0.057 0.772 0.171 
307    (0)   :  0.051 0.245 0.704 
308    (0)   :  0.056 0.688 0.255 
309    (0)   :  0.053 0.148 0.799 
310    (0)   :  0.031 0.731 0.238 
311    (0)   :  0.034 0.554 0.412 
312    (0)   :  0.029 0.128 0.844 
313    (0)   :  0.028 0.069 0.904 
314    (0)   :  0.023 0.930 0.047 
315    (0)   :  0.030 0.911 0.059 
316    (0)   :  0.034 0.905 0.061 
317    (0)   :  0.025 0.928 0.047 
318    (0)   :  0.025 0.929 0.046 
319    (0)   :  0.023 0.921 0.056 
320    (0)   :  0.024 0.930 0.046 
321    (0)   :  0.027 0.925 0.048 
322    (0)   :  0.034 0.902 0.064 
323    (0)   :  0.025 0.925 0.049 
324    (0)   :  0.027 0.924 0.049 
325    (0)   :  0.036 0.907 0.057 
326    (0)   :  0.036 0.911 0.053 
327    (0)   :  0.024 0.928 0.047 
328    (0)   :  0.035 0.895 0.070 
329    (0)   :  0.024 0.927 0.049 
330    (0)   :  0.024 0.929 0.047 
331    (0)   :  0.023 0.928 0.049 
332    (0)   :  0.045 0.896 0.060 
333    (0)   :  0.031 0.913 0.056 
334    (0)   :  0.033 0.897 0.070 
335    (0)   :  0.030 0.909 0.060 
336    (0)   :  0.029 0.925 0.047 
337    (0)   :  0.038 0.900 0.062 
338    (0)   :  0.027 0.927 0.046 
339    (0)   :  0.024 0.927 0.049 
340    (0)   :  0.021 0.931 0.047 
341    (0)   :  0.024 0.928 0.048 
342    (0)   :  0.025 0.928 0.047 
343    (0)   :  0.034 0.902 0.064 
344    (0)   :  0.024 0.929 0.047 
345    (0)   :  0.024 0.929 0.047 
346    (0)   :  0.023 0.934 0.043 
347    (0)   :  0.022 0.933 0.044 
348    (0)   :  0.029 0.911 0.060 
349    (0)   :  0.025 0.929 0.046 
350    (0)   :  0.024 0.922 0.054 
351    (0)   :  0.030 0.910 0.060 
352    (0)   :  0.034 0.907 0.059 
353    (0)   :  0.027 0.926 0.046 
354    (0)   :  0.024 0.927 0.050 
355    (0)   :  0.026 0.928 0.046 
356    (0)   :  0.029 0.906 0.065 
357    (0)   :  0.205 0.533 0.262 
358    (0)   :  0.034 0.906 0.060 
359    (0)   :  0.025 0.926 0.050 
360    (0)   :  0.024 0.932 0.044 
361    (0)   :  0.206 0.433 0.361 
362    (0)   :  0.313 0.064 0.623 
363    (0)   :  0.654 0.034 0.312 
364    (0)   :  0.237 0.320 0.442 
365    (0)   :  0.742 0.034 0.224 
366    (0)   :  0.527 0.148 0.325 
367    (0)   :  0.604 0.017 0.379 
368    (0)   :  0.069 0.033 0.899 
369    (0)   :  0.222 0.412 0.366 
370    (0)   :  0.064 0.049 0.887 
371    (0)   :  0.294 0.094 0.612 
372    (0)   :  0.084 0.118 0.798 
373    (0)   :  0.184 0.055 0.761 
374    (0)   :  0.315 0.300 0.384 
375    (0)   :  0.569 0.028 0.404 
376    (0)   :  0.910 0.020 0.070 
377    (0)   :  0.438 0.051 0.512 
378    (0)   :  0.106 0.107 0.787 
379    (0)   :  0.918 0.018 0.064 
380    (0)   :  0.774 0.120 0.106 
381    (0)   :  0.841 0.078 0.080 
382    (0)   :  0.528 0.029 0.443 
383    (0)   :  0.816 0.098 0.086 
384    (0)   :  0.744 0.063 0.193 
385    (0)   :  0.131 0.092 0.777 
386    (0)   :  0.561 0.030 0.409 
387    (0)   :  0.581 0.031 0.388 
388    (0)   :  0.200 0.192 0.608 
389    (0)   :  0.052 0.048 0.901 
390    (0)   :  0.668 0.034 0.298 
391    (0)   :  0.120 0.065 0.816 
392    (0)   :  0.806 0.054 0.140 
393    (0)   :  0.872 0.063 0.065 
394    (0)   :  0.172 0.180 0.648 
395    (0)   :  0.611 0.057 0.332 
396    (0)   :  0.489 0.020 0.491 
397    (0)   :  0.257 0.150 0.592 
398    (0)   :  0.873 0.020 0.107 
399    (0)   :  0.173 0.026 0.801 
400    (0)   :  0.706 0.036 0.258 
401    (0)   :  0.350 0.045 0.606 
402    (0)   :  0.115 0.069 0.817 
403    (0)   :  0.162 0.353 0.485 
404    (0)   :  0.604 0.074 0.322 
405    (0)   :  0.386 0.079 0.535 
406    (0)   :  0.623 0.217 0.161 
407    (0)   :  0.889 0.020 0.090 
408    (0)   :  0.057 0.021 0.922 
409    (0)   :  0.379 0.488 0.133 
410    (0)   :  0.741 0.061 0.198 
411    (0)   :  0.655 0.209 0.137 
412    (0)   :  0.100 0.031 0.869 
413    (0)   :  0.093 0.090 0.817 
414    (0)   :  0.090 0.022 0.887 
415    (0)   :  0.843 0.032 0.125 
416    (0)   :  0.623 0.051 0.326 
417    (0)   :  0.845 0.028 0.127 
418    (0)   :  0.481 0.021 0.497 
419    (0)   :  0.385 0.163 0.452 
420    (0)   :  0.402 0.033 0.565 
421    (0)   :  0.692 0.033 0.274 
422    (0)   :  0.638 0.054 0.308 
423    (0)   :  0.744 0.042 0.214 
424    (0)   :  0.169 0.054 0.777 
425    (0)   :  0.480 0.061 0.459 
426    (0)   :  0.143 0.050 0.808 
427    (0)   :  0.803 0.080 0.117 
428    (0)   :  0.525 0.201 0.274 
429    (0)   :  0.874 0.018 0.108 
430    (0)   :  0.866 0.026 0.108 
431    (0)   :  0.132 0.040 0.828 
432    (0)   :  0.080 0.038 0.882 
433    (0)   :  0.051 0.200 0.749 
434    (0)   :  0.288 0.117 0.595 
435    (0)   :  0.871 0.020 0.109 
436    (0)   :  0.894 0.032 0.074 
437    (0)   :  0.866 0.022 0.112 
438    (0)   :  0.729 0.068 0.202 
439    (0)   :  0.905 0.027 0.068 
440    (0)   :  0.885 0.017 0.099 
441    (0)   :  0.660 0.082 0.258 
442    (0)   :  0.804 0.023 0.173 
443    (0)   :  0.579 0.024 0.397 
444    (0)   :  0.831 0.024 0.145 
445    (0)   :  0.730 0.138 0.133 
446    (0)   :  0.868 0.022 0.110 
447    (0)   :  0.679 0.053 0.268 
448    (0)   :  0.708 0.026 0.266 
449    (0)   :  0.661 0.045 0.294 
450    (0)   :  0.812 0.037 0.151 
451    (0)   :  0.091 0.018 0.891 
452    (0)   :  0.845 0.032 0.123 
453    (0)   :  0.112 0.087 0.801 
454    (0)   :  0.675 0.056 0.268 
455    (0)   :  0.851 0.025 0.124 
456    (0)   :  0.819 0.024 0.157 
457    (0)   :  0.884 0.024 0.092 
458    (0)   :  0.895 0.027 0.077 
459    (0)   :  0.674 0.073 0.253 
460    (0)   :  0.830 0.021 0.149 
461    (0)   :  0.788 0.020 0.192 
462    (0)   :  0.845 0.017 0.138 
463    (0)   :  0.553 0.089 0.358 
464    (0)   :  0.721 0.022 0.256 
465    (0)   :  0.444 0.033 0.523 
466    (0)   :  0.493 0.029 0.478 
467    (0)   :  0.750 0.057 0.193 
468    (0)   :  0.894 0.022 0.084 
469    (0)   :  0.914 0.024 0.062 
470    (0)   :  0.886 0.020 0.094 
471    (0)   :  0.405 0.047 0.549 
472    (0)   :  0.530 0.035 0.435 
473    (0)   :  0.491 0.053 0.457 
474    (0)   :  0.824 0.036 0.140 
475    (0)   :  0.528 0.050 0.422 
476    (0)   :  0.892 0.027 0.081 
477    (0)   :  0.157 0.045 0.799 
478    (0)   :  0.161 0.022 0.818 
479    (0)   :  0.837 0.020 0.144 
480    (0)   :  0.908 0.023 0.069 
481    (0)   :  0.453 0.028 0.519 
482    (0)   :  0.900 0.019 0.081 
483    (0)   :  0.869 0.029 0.102 
484    (0)   :  0.801 0.038 0.161 
485    (0)   :  0.887 0.023 0.090 
486    (0)   :  0.056 0.038 0.906 
487    (0)   :  0.072 0.097 0.831 
488    (0)   :  0.043 0.047 0.910 
489    (0)   :  0.088 0.201 0.711 
490    (0)   :  0.081 0.023 0.896 
491    (0)   :  0.051 0.114 0.835 
492    (0)   :  0.053 0.181 0.766 
493    (0)   :  0.044 0.045 0.911 
494    (0)   :  0.118 0.083 0.800 
495    (0)   :  0.079 0.071 0.850 
496    (0)   :  0.067 0.401 0.532 
497    (0)   :  0.049 0.081 0.871 
498    (0)   :  0.067 0.046 0.887 
499    (0)   :  0.059 0.247 0.694 
500    (0)   :  0.180 0.052 0.768 
501    (0)   :  0.199 0.137 0.664 
502    (0)   :  0.092 0.131 0.777 
503    (0)   :  0.482 0.034 0.484 
504    (0)   :  0.045 0.032 0.924 
505    (0)   :  0.050 0.102 0.848 
506    (0)   :  0.077 0.126 0.797 
507    (0)   :  0.028 0.858 0.114 
508    (0)   :  0.029 0.696 0.276 
509    (0)   :  0.046 0.216 0.738 
510    (0)   :  0.217 0.256 0.526 
511    (0)   :  0.558 0.041 0.401 
512    (0)   :  0.636 0.024 0.340 
513    (0)   :  0.024 0.048 0.929 
514    (0)   :  0.060 0.041 0.899 
515    (0)   :  0.606 0.149 0.245 
516    (0)   :  0.041 0.041 0.918 
517    (0)   :  0.231 0.137 0.632 
518    (0)   :  0.156 0.270 0.574 
519    (0)   :  0.070 0.041 0.889 
520    (0)   :  0.222 0.519 0.258 
521    (0)   :  0.073 0.443 0.484 
522    (0)   :  0.642 0.069 0.290 
523    (0)   :  0.065 0.251 0.683 
524    (0)   :  0.466 0.080 0.454 
525    (0)   :  0.299 0.311 0.390 
526    (0)   :  0.687 0.144 0.169 
527    (0)   :  0.176 0.039 0.785 
528    (0)   :  0.042 0.783 0.175 
529    (0)   :  0.079 0.104 0.818 
530    (0)   :  0.548 0.084 0.368 
531    (0)   :  0.236 0.464 0.300 
532    (0)   :  0.137 0.252 0.612 
533    (0)   :  0.374 0.073 0.553 
534    (0)   :  0.035 0.104 0.861 
535    (0)   :  0.277 0.082 0.641 
536    (0)   :  0.474 0.277 0.249 
537    (0)   :  0.071 0.648 0.281 
538    (0)   :  0.112 0.397 0.492 
539    (0)   :  0.031 0.885 0.084 
540    (0)   :  0.141 0.440 0.419 
541    (0)   :  0.095 0.650 0.256 
542    (0)   :  0.625 0.131 0.244 
543    (0)   :  0.050 0.233 0.717 
544    (0)   :  0.222 0.212 0.566 
545    (0)   :  0.593 0.059 0.348 
546    (0)   :  0.132 0.360 0.508 
547    (0)   :  0.089 0.402 0.510 
548    (0)   :  0.054 0.357 0.589 
549    (0)   :  0.203 0.704 0.092 
550    (0)   :  0.559 0.114 0.327 
551    (0)   :  0.077 0.766 0.157 
552    (0)   :  0.107 0.521 0.373 
553    (0)   :  0.040 0.433 0.527 
554    (0)   :  0.284 0.174 0.542 
555    (0)   :  0.063 0.571 0.366 
556    (0)   :  0.090 0.323 0.587 
557    (0)   :  0.615 0.132 0.252 
558    (0)   :  0.906 0.019 0.074 
559    (0)   :  0.064 0.036 0.900 
560    (0)   :  0.742 0.017 0.241 
561    (0)   :  0.421 0.024 0.555 
562    (0)   :  0.221 0.018 0.761 
563    (0)   :  0.148 0.104 0.748 
564    (0)   :  0.072 0.049 0.879 
565    (0)   :  0.892 0.024 0.084 
566    (0)   :  0.296 0.017 0.686 
567    (0)   :  0.046 0.028 0.925 
568    (0)   :  0.227 0.041 0.732 
569    (0)   :  0.292 0.060 0.648 
570    (0)   :  0.874 0.017 0.109 
571    (0)   :  0.093 0.025 0.882 
572    (0)   :  0.127 0.361 0.512 
573    (0)   :  0.096 0.044 0.860 
574    (0)   :  0.482 0.100 0.418 
575    (0)   :  0.216 0.066 0.718 
576    (0)   :  0.195 0.017 0.789 
577    (0)   :  0.449 0.081 0.470 
578    (0)   :  0.258 0.031 0.711 
579    (0)   :  0.377 0.031 0.592 
580    (0)   :  0.621 0.052 0.327 
581    (0)   :  0.626 0.037 0.337 
582    (0)   :  0.850 0.020 0.130 
583    (0)   :  0.223 0.027 0.751 
584    (0)   :  0.154 0.020 0.826 
585    (0)   :  0.440 0.025 0.535 
586    (0)   :  0.084 0.031 0.885 
587    (0)   :  0.670 0.021 0.309 
588    (0)   :  0.025 0.040 0.934 
589    (0)   :  0.681 0.023 0.296 
590    (0)   :  0.064 0.023 0.913 
591    (0)   :  0.081 0.029 0.891 
592    (0)   :  0.271 0.027 0.701 
593    (0)   :  0.266 0.053 0.680 
594    (0)   :  0.060 0.047 0.893 
595    (0)   :  0.429 0.019 0.552 
596    (0)   :  0.102 0.048 0.850 
597    (0)   :  0.063 0.115 0.823 
598    (0)   :  0.902 0.018 0.080 
599    (0)   :  0.351 0.019 0.630 
600    (0)   :  0.565 0.065 0.369 
601    (0)   :  0.616 0.020 0.364 
602    (0)   :  0.058 0.092 0.850 
603    (0)   :  0.055 0.081 0.864 
604    (0)   :  0.648 0.078 0.274 
605    (0)   :  0.237 0.039 0.724 
606    (0)   :  0.190 0.153 0.657 
607    (0)   :  0.183 0.200 0.617 
608    (0)   :  0.247 0.440 0.313 
609    (0)   :  0.539 0.046 0.415 
610    (0)   :  0.777 0.042 0.182 
611    (0)   :  0.067 0.082 0.852 
612    (0)   :  0.887 0.027 0.086 
613    (0)   :  0.187 0.049 0.764 
614    (0)   :  0.856 0.027 0.117 
615    (0)   :  0.832 0.053 0.115 
616    (0)   :  0.168 0.136 0.696 
617    (0)   :  0.405 0.032 0.563 
618    (0)   :  0.680 0.151 0.169 
619    (0)   :  0.128 0.095 0.777 
620    (0)   :  0.161 0.022 0.817 
621    (0)   :  0.174 0.028 0.798 
622    (0)   :  0.565 0.121 0.314 
623    (0)   :  0.092 0.031 0.877 
624    (0)   :  0.802 0.092 0.107 
625    (0)   :  0.607 0.109 0.285 
626    (0)   :  0.302 0.606 0.092 
627    (0)   :  0.115 0.042 0.843 
628    (0)   :  0.083 0.039 0.877 
629    (0)   :  0.144 0.051 0.805 
630    (0)   :  0.740 0.039 0.221 
631    (0)   :  0.526 0.054 0.420 
632    (0)   :  0.121 0.319 0.560 
633    (0)   :  0.518 0.088 0.394 
634    (0)   :  0.153 0.140 0.707 
635    (0)   :  0.138 0.553 0.310 
636    (0)   :  0.551 0.193 0.255 
637    (0)   :  0.278 0.117 0.605 
638    (0)   :  0.108 0.074 0.817 
639    (0)   :  0.441 0.081 0.477 
640    (0)   :  0.138 0.032 0.830 
641    (0)   :  0.223 0.051 0.726 
642    (0)   :  0.091 0.680 0.229 
643    (0)   :  0.042 0.862 0.096 
644    (0)   :  0.045 0.695 0.260 
645    (0)   :  0.292 0.622 0.086 
646    (0)   :  0.133 0.105 0.761 
647    (0)   :  0.069 0.298 0.634 
648    (0)   :  0.153 0.404 0.443 
649    (0)   :  0.041 0.202 0.757 
650    (0)   :  0.046 0.115 0.838 
651    (0)   :  0.058 0.436 0.506 
652    (0)   :  0.066 0.620 0.314 
653    (0)   :  0.105 0.463 0.432 
654    (0)   :  0.087 0.647 0.267 
655    (0)   :  0.087 0.553 0.359 
656    (0)   :  0.094 0.256 0.650 
657    (0)   :  0.357 0.148 0.495 
658    (0)   :  0.174 0.194 0.632 
659    (0)   :  0.084 0.622 0.294 
660    (0)   :  0.040 0.761 0.198 
661    (0)   :  0.080 0.755 0.165 
662    (0)   :  0.032 0.121 0.846 
663    (0)   :  0.068 0.657 0.275 
664    (0)   :  0.289 0.259 0.452 
665    (0)   :  0.042 0.132 0.826 
666    (0)   :  0.071 0.690 0.239 
667    (0)   :  0.085 0.059 0.856 
668    (0)   :  0.140 0.552 0.308 
669    (0)   :  0.060 0.297 0.643 
670    (0)   :  0.026 0.906 0.068 
671    (0)   :  0.036 0.805 0.158 
672    (0)   :  0.062 0.781 0.157 
673    (0)   :  0.027 0.919 0.054 
674    (0)   :  0.050 0.830 0.120 
675    (0)   :  0.030 0.851 0.119 
676    (0)   :  0.025 0.923 0.052 
677    (0)   :  0.022 0.913 0.065 
678    (0)   :  0.028 0.913 0.059 
679    (0)   :  0.051 0.845 0.104 
680    (0)   :  0.043 0.883 0.074 
681    (0)   :  0.146 0.505 0.349 
682    (0)   :  0.043 0.892 0.064 
683    (0)   :  0.025 0.912 0.063 
684    (0)   :  0.027 0.911 0.062 
685    (0)   :  0.022 0.927 0.051 
686    (0)   :  0.042 0.872 0.086 
687    (0)   :  0.032 0.822 0.146 
688    (0)   :  0.032 0.876 0.092 
689    (0)   :  0.024 0.924 0.052 
690    (0)   :  0.025 0.922 0.053 
691    (0)   :  0.047 0.854 0.099 
692    (0)   :  0.039 0.869 0.092 
693    (0)   :  0.041 0.872 0.087 
694    (0)   :  0.020 0.931 0.048 
695    (0)   :  0.029 0.911 0.060 
696    (0)   :  0.033 0.878 0.089 
697    (0)   :  0.024 0.923 0.054 
698    (0)   :  0.025 0.920 0.055 
699    (0)   :  0.028 0.907 0.064 
700    (0)   :  0.068 0.861 0.071 
701    (0)   :  0.056 0.810 0.133 
702    (0)   :  0.060 0.818 0.121 
703    (0)   :  0.045 0.884 0.072 
704    (0)   :  0.028 0.894 0.079 
705    (0)   :  0.074 0.737 0.189 
706    (0)   :  0.039 0.898 0.063 
707    (0)   :  0.027 0.913 0.061 
708    (0)   :  0.024 0.914 0.062 
709    (0)   :  0.027 0.921 0.052 
710    (0)   :  0.023 0.931 0.046 
711    (0)   :  0.037 0.893 0.070 
712    (0)   :  0.021 0.922 0.057 
713    (0)   :  0.029 0.887 0.084 
714    (0)   :  0.053 0.798 0.149 
715    (0)   :  0.021 0.929 0.050 
716    (0)   :  0.036 0.909 0.055 
717    (0)   :  0.022 0.930 0.048 
718    (0)   :  0.039 0.859 0.101 
719    (0)   :  0.021 0.925 0.054 
720    (0)   :  0.147 0.030 0.824 
721    (0)   :  0.173 0.611 0.216 
722    (0)   :  0.510 0.062 0.428 
723    (0)   :  0.629 0.053 0.318 
724    (0)   :  0.732 0.143 0.125 
725    (0)   :  0.138 0.173 0.689 
726    (0)   :  0.675 0.098 0.227 
727    (0)   :  0.156 0.410 0.434 
728    (0)   :  0.920 0.017 0.063 
729    (0)   :  0.899 0.019 0.083 
730    (0)   :  0.638 0.036 0.326 
731    (0)   :  0.856 0.037 0.107 
732    (0)   :  0.630 0.053 0.317 
733    (0)   :  0.887 0.025 0.089 
734    (0)   :  0.887 0.017 0.096 
735    (0)   :  0.896 0.029 0.075 
736    (0)   :  0.582 0.036 0.382 
737    (0)   :  0.561 0.045 0.394 
738    (0)   :  0.607 0.035 0.358 
739    (0)   :  0.897 0.022 0.080 
740    (0)   :  0.054 0.745 0.201 
741    (0)   :  0.105 0.513 0.382 
742    (0)   :  0.191 0.133 0.677 
743    (0)   :  0.165 0.069 0.766 
744    (0)   :  0.059 0.122 0.819 
745    (0)   :  0.128 0.026 0.846 
746    (0)   :  0.180 0.183 0.638 
747    (0)   :  0.082 0.049 0.870 
748    (0)   :  0.059 0.465 0.476 
749    (0)   :  0.073 0.179 0.748 
750    (0)   :  0.103 0.118 0.779 
751    (0)   :  0.073 0.521 0.406 
752    (0)   :  0.121 0.071 0.808 
753    (0)   :  0.256 0.243 0.501 
754    (0)   :  0.126 0.351 0.523 
755    (0)   :  0.106 0.125 0.769 
756    (0)   :  0.048 0.196 0.756 
757    (0)   :  0.078 0.098 0.825 
758    (0)   :  0.044 0.024 0.932 
759    (0)   :  0.156 0.491 0.352 
760    (0)   :  0.358 0.104 0.538 
761    (0)   :  0.554 0.263 0.182 
762    (0)   :  0.670 0.037 0.292 
763    (0)   :  0.256 0.240 0.504 
764    (0)   :  0.075 0.059 0.866 
765    (0)   :  0.587 0.062 0.351 
766    (0)   :  0.093 0.380 0.527 
767    (0)   :  0.107 0.175 0.718 
768    (0)   :  0.681 0.037 0.282 
769    (0)   :  0.592 0.185 0.223 
770    (0)   :  0.605 0.036 0.359 
771    (0)   :  0.039 0.223 0.739 
772    (0)   :  0.137 0.300 0.563 
773    (0)   :  0.087 0.078 0.835 
774    (0)   :  0.106 0.516 0.378 
775    (0)   :  0.772 0.058 0.170 
776    (0)   :  0.097 0.040 0.863 
777    (0)   :  0.131 0.095 0.774 
778    (0)   :  0.081 0.188 0.730 
779    (0)   :  0.060 0.096 0.844 
780    (0)   :  0.072 0.362 0.566 
781    (0)   :  0.046 0.365 0.589 
782    (0)   :  0.060 0.093 0.847 
783    (0)   :  0.148 0.248 0.604 
784    (0)   :  0.255 0.053 0.692 
785    (0)   :  0.094 0.099 0.808 
786    (0)   :  0.109 0.492 0.399 
787    (0)   :  0.034 0.440 0.526 
788    (0)   :  0.203 0.058 0.739 
789    (0)   :  0.286 0.058 0.655 
790    (0)   :  0.141 0.220 0.640 
791    (0)   :  0.122 0.093 0.785 
792    (0)   :  0.038 0.530 0.432 
793    (0)   :  0.143 0.554 0.303 
794    (0)   :  0.124 0.117 0.759 
795    (0)   :  0.142 0.622 0.236 
796    (0)   :  0.069 0.122 0.809 
797    (0)   :  0.055 0.784 0.162 
798    (0)   :  0.832 0.025 0.143 
799    (0)   :  0.101 0.050 0.849 
800    (0)   :  0.027 0.683 0.290 
801    (0)   :  0.820 0.048 0.132 
802    (0)   :  0.484 0.299 0.217 
803    (0)   :  0.135 0.449 0.416 
804    (0)   :  0.169 0.137 0.695 
805    (0)   :  0.039 0.864 0.097 
806    (0)   :  0.608 0.193 0.199 
807    (0)   :  0.036 0.860 0.104 
808    (0)   :  0.060 0.565 0.375 
809    (0)   :  0.603 0.164 0.233 
810    (0)   :  0.165 0.191 0.644 
811    (0)   :  0.105 0.630 0.265 
812    (0)   :  0.141 0.070 0.788 
813    (0)   :  0.830 0.029 0.141 
814    (0)   :  0.045 0.053 0.902 
815    (0)   :  0.475 0.415 0.110 
816    (0)   :  0.341 0.425 0.234 
817    (0)   :  0.484 0.297 0.219 
818    (0)   :  0.129 0.046 0.825 
819    (0)   :  0.037 0.084 0.879 
820    (0)   :  0.056 0.107 0.837 
821    (0)   :  0.169 0.054 0.776 
822    (0)   :  0.308 0.020 0.672 
823    (0)   :  0.517 0.170 0.313 
824    (0)   :  0.103 0.108 0.789 
825    (0)   :  0.221 0.038 0.741 
826    (0)   :  0.054 0.026 0.920 
827    (0)   :  0.406 0.039 0.555 
828    (0)   :  0.497 0.071 0.431 
829    (0)   :  0.715 0.069 0.216 
830    (0)   :  0.404 0.025 0.572 
831    (0)   :  0.243 0.104 0.653 
832    (0)   :  0.311 0.127 0.562 
833    (0)   :  0.507 0.119 0.374 
834    (0)   :  0.341 0.094 0.565 
835    (0)   :  0.054 0.027 0.919 
836    (0)   :  0.079 0.063 0.858 
837    (0)   :  0.555 0.244 0.200 
838    (0)   :  0.065 0.033 0.901 
839    (0)   :  0.235 0.038 0.727 
840    (0)   :  0.047 0.120 0.832 
841    (0)   :  0.046 0.079 0.875 
842    (0)   :  0.115 0.020 0.865 
843    (0)   :  0.069 0.345 0.587 
844    (0)   :  0.138 0.110 0.752 
845    (0)   :  0.090 0.024 0.886 
846    (0)   :  0.067 0.067 0.866 
847    (0)   :  0.038 0.116 0.846 
848    (0)   :  0.038 0.052 0.910 
849    (0)   :  0.175 0.036 0.788 
850    (0)   :  0.119 0.037 0.845 
851    (0)   :  0.046 0.031 0.923 
852    (0)   :  0.235 0.504 0.261 
853    (0)   :  0.284 0.033 0.683 
854    (0)   :  0.399 0.174 0.427 
855    (0)   :  0.056 0.052 0.892 
856    (0)   :  0.069 0.085 0.846 
857    (0)   :  0.104 0.051 0.846 
858    (0)   :  0.091 0.030 0.879 
859    (0)   :  0.203 0.034 0.764 
860    (0)   :  0.047 0.027 0.926 
861    (0)   :  0.041 0.405 0.553 
862    (0)   :  0.911 0.024 0.065 
863    (0)   :  0.851 0.058 0.091 
864    (0)   :  0.904 0.038 0.058 
865    (0)   :  0.893 0.017 0.089 
866    (0)   :  0.446 0.031 0.523 
867    (0)   :  0.888 0.038 0.074 
868    (0)   :  0.832 0.033 0.134 
869    (0)   :  0.505 0.034 0.461 
870    (0)   :  0.783 0.023 0.195 
871    (0)   :  0.852 0.020 0.128 
872    (0)   :  0.884 0.026 0.091 
873    (0)   :  0.897 0.032 0.072 
874    (0)   :  0.899 0.020 0.081 
875    (0)   :  0.428 0.040 0.532 
876    (0)   :  0.089 0.025 0.886 
877    (0)   :  0.912 0.027 0.061 
878    (0)   :  0.439 0.053 0.508 
879    (0)   :  0.890 0.036 0.075 
880    (0)   :  0.383 0.032 0.585 
881    (0)   :  0.874 0.035 0.091 
882    (0)   :  0.895 0.029 0.076 
883    (0)   :  0.129 0.041 0.830 
884    (0)   :  0.893 0.017 0.091 
885    (0)   :  0.759 0.068 0.173 
886    (0)   :  0.653 0.047 0.299 
887    (0)   :  0.889 0.020 0.091 
888    (0)   :  0.368 0.131 0.501 
889    (0)   :  0.903 0.017 0.080 
890    (0)   :  0.297 0.019 0.683 
891    (0)   :  0.058 0.029 0.912 
892    (0)   :  0.072 0.034 0.894 
893    (0)   :  0.257 0.060 0.684 
894    (0)   :  0.496 0.019 0.485 
895    (0)   :  0.869 0.021 0.109 
896    (0)   :  0.044 0.050 0.906 
897    (0)   :  0.049 0.030 0.922 
898    (0)   :  0.460 0.062 0.478 
899    (0)   :  0.404 0.016 0.580 
900    (0)   :  0.060 0.024 0.916 
901    (0)   :  0.066 0.026 0.908 
902    (0)   :  0.047 0.042 0.910 
903    (0)   :  0.644 0.028 0.328 
904    (0)   :  0.430 0.061 0.509 
905    (0)   :  0.715 0.019 0.266 
906    (0)   :  0.166 0.039 0.795 
907    (0)   :  0.146 0.039 0.815 
908    (0)   :  0.150 0.031 0.820 
909    (0)   :  0.150 0.041 0.809 
910    (0)   :  0.064 0.040 0.896 
911    (0)   :  0.779 0.017 0.204 
912    (0)   :  0.449 0.021 0.531 
913    (0)   :  0.487 0.021 0.492 
914    (0)   :  0.275 0.134 0.590 
915    (0)   :  0.156 0.017 0.828 
916    (0)   :  0.194 0.023 0.783 
917    (0)   :  0.282 0.026 0.692 
918    (0)   :  0.471 0.110 0.419 
919    (0)   :  0.592 0.055 0.353 
920    (0)   :  0.138 0.035 0.827 
921    (0)   :  0.071 0.332 0.597 
922    (0)   :  0.094 0.056 0.850 
923    (0)   :  0.042 0.096 0.862 
924    (0)   :  0.040 0.046 0.915 
925    (0)   :  0.059 0.080 0.862 
926    (0)   :  0.028 0.304 0.668 
927    (0)   :  0.086 0.410 0.504 
928    (0)   :  0.033 0.539 0.428 
929    (0)   :  0.028 0.084 0.888 
930    (0)   :  0.054 0.112 0.833 
931    (0)   :  0.360 0.531 0.109 
932    (0)   :  0.037 0.069 0.894 
933    (0)   :  0.038 0.730 0.233 
934    (0)   :  0.028 0.031 0.941 
935    (0)   :  0.084 0.214 0.702 
936    (0)   :  0.075 0.140 0.784 
937    (0)   :  0.069 0.592 0.339 
938    (0)   :  0.029 0.554 0.417 
939    (0)   :  0.077 0.671 0.251 
940    (0)   :  0.098 0.227 0.675 
941    (0)   :  0.133 0.063 0.804 
942    (0)   :  0.070 0.329 0.601 
943    (0)   :  0.053 0.834 0.113 
944    (0)   :  0.064 0.592 0.344 
945    (0)   :  0.051 0.107 0.842 
946    (0)   :  0.053 0.137 0.809 
947    (0)   :  0.049 0.701 0.250 
948    (0)   :  0.668 0.094 0.238 
949    (0)   :  0.398 0.053 0.549 
950    (0)   :  0.034 0.585 0.381 
951    (0)   :  0.070 0.378 0.552 
952    (0)   :  0.090 0.228 0.682 
953    (0)   :  0.097 0.104 0.799 
954    (0)   :  0.344 0.202 0.455 
955    (0)   :  0.035 0.899 0.065 
956    (0)   :  0.026 0.890 0.084 
957    (0)   :  0.136 0.486 0.377 
958    (0)   :  0.123 0.066 0.811 
959    (0)   :  0.054 0.253 0.693 
960    (0)   :  0.543 0.076 0.381 
961    (0)   :  0.022 0.928 0.050 
962    (0)   :  0.029 0.068 0.903 
963    (0)   :  0.157 0.066 0.777 
964    (0)   :  0.103 0.090 0.807 
965    (0)   :  0.048 0.303 0.649 
966    (0)   :  0.117 0.225 0.657 
967    (0)   :  0.040 0.896 0.065 
968    (0)   :  0.033 0.083 0.884 
969    (0)   :  0.233 0.225 0.542 
970    (0)   :  0.044 0.795 0.162 
971    (0)   :  0.038 0.177 0.785 
972    (0)   :  0.162 0.239 0.599 
973    (0)   :  0.031 0.485 0.484 
974    (0)   :  0.078 0.078 0.845 
975    (0)   :  0.235 0.227 0.538 
976    (0)   :  0.038 0.179 0.783 
977    (0)   :  0.115 0.302 0.583 
978    (0)   :  0.038 0.306 0.656 
979    (0)   :  0.053 0.069 0.878 
980    (0)   :  0.040 0.386 0.574 
981    (0)   :  0.078 0.186 0.736 
982    (0)   :  0.091 0.035 0.874 
983    (0)   :  0.390 0.048 0.563 
984    (0)   :  0.195 0.682 0.123 
985    (0)   :  0.054 0.141 0.805 
986    (0)   :  0.079 0.065 0.856 
987    (0)   :  0.057 0.027 0.916 
988    (0)   :  0.691 0.018 0.290 
989    (0)   :  0.097 0.753 0.149 
990    (0)   :  0.179 0.082 0.739 
991    (0)   :  0.067 0.105 0.827 
992    (0)   :  0.035 0.031 0.935 
993    (0)   :  0.565 0.046 0.389 
994    (0)   :  0.060 0.269 0.671 
995    (0)   :  0.020 0.920 0.059 
996    (0)   :  0.159 0.038 0.803 
997    (0)   :  0.035 0.075 0.889 
998    (0)   :  0.065 0.036 0.899 
999    (0)   :  0.062 0.145 0.793 
1000    (0)   :  0.061 0.032 0.907 
1001    (0)   :  0.158 0.044 0.797 
1002    (0)   :  0.130 0.020 0.850 
1003    (0)   :  0.052 0.087 0.861 
1004    (0)   :  0.038 0.053 0.908 
1005    (0)   :  0.058 0.033 0.908 
1006    (0)   :  0.072 0.166 0.762 
1007    (0)   :  0.054 0.324 0.622 
1008    (0)   :  0.053 0.541 0.406 
1009    (0)   :  0.189 0.162 0.649 
1010    (0)   :  0.066 0.129 0.805 
1011    (0)   :  0.078 0.502 0.421 
1012    (0)   :  0.101 0.083 0.816 
1013    (0)   :  0.058 0.108 0.834 
1014    (0)   :  0.090 0.037 0.873 
1015    (0)   :  0.034 0.054 0.912 
1016    (0)   :  0.054 0.031 0.915 
1017    (0)   :  0.042 0.163 0.795 
1018    (0)   :  0.063 0.142 0.795 
1019    (0)   :  0.100 0.130 0.770 
1020    (0)   :  0.030 0.875 0.095 
1021    (0)   :  0.047 0.645 0.308 
1022    (0)   :  0.052 0.130 0.817 
1023    (0)   :  0.187 0.047 0.766 
1024    (0)   :  0.156 0.036 0.808 
1025    (0)   :  0.059 0.068 0.872 
1026    (0)   :  0.699 0.191 0.110 
1027    (0)   :  0.656 0.162 0.182 
1028    (0)   :  0.716 0.090 0.195 
1029    (0)   :  0.104 0.131 0.765 
1030    (0)   :  0.099 0.528 0.373 
1031    (0)   :  0.449 0.276 0.275 
1032    (0)   :  0.345 0.364 0.290 
1033    (0)   :  0.424 0.310 0.266 
1034    (0)   :  0.092 0.142 0.766 
1035    (0)   :  0.074 0.757 0.169 
1036    (0)   :  0.148 0.563 0.289 
1037    (0)   :  0.047 0.578 0.375 
1038    (0)   :  0.371 0.462 0.168 
1039    (0)   :  0.181 0.467 0.353 
1040    (0)   :  0.697 0.181 0.122 
1041    (0)   :  0.704 0.126 0.170 
1042    (0)   :  0.226 0.491 0.283 
1043    (0)   :  0.472 0.276 0.251 
1044    (0)   :  0.450 0.146 0.403 
1045    (0)   :  0.764 0.142 0.094 
1046    (0)   :  0.203 0.455 0.342 
1047    (0)   :  0.066 0.764 0.169 
1048    (0)   :  0.131 0.072 0.797 
1049    (0)   :  0.065 0.045 0.890 
1050    (0)   :  0.372 0.018 0.610 
1051    (0)   :  0.126 0.020 0.854 
1052    (0)   :  0.154 0.028 0.818 
1053    (0)   :  0.168 0.033 0.799 
1054    (0)   :  0.120 0.033 0.846 
1055    (0)   :  0.047 0.027 0.926 
1056    (0)   :  0.075 0.028 0.896 
1057    (0)   :  0.796 0.024 0.180 
1058    (0)   :  0.327 0.021 0.651 
1059    (0)   :  0.372 0.040 0.587 
1060    (0)   :  0.263 0.066 0.671 
1061    (0)   :  0.049 0.024 0.928 
1062    (0)   :  0.376 0.024 0.601 
1063    (0)   :  0.036 0.071 0.893 
1064    (0)   :  0.188 0.029 0.783 
1065    (0)   :  0.115 0.044 0.841 
1066    (0)   :  0.049 0.049 0.902 
1067    (0)   :  0.277 0.022 0.701 
1068    (0)   :  0.131 0.214 0.655 
1069    (0)   :  0.092 0.017 0.891 
1070    (0)   :  0.137 0.024 0.838 
1071    (0)   :  0.120 0.072 0.808 
1072    (0)   :  0.094 0.043 0.864 
1073    (0)   :  0.290 0.028 0.682 
1074    (0)   :  0.303 0.058 0.640 
1075    (0)   :  0.221 0.040 0.739 
1076    (0)   :  0.188 0.047 0.766 
1077    (0)   :  0.846 0.022 0.133 
1078    (0)   :  0.072 0.033 0.895 
1079    (0)   :  0.269 0.029 0.703 
1080    (0)   :  0.087 0.103 0.810 
1081    (0)   :  0.195 0.020 0.785 
1082    (0)   :  0.148 0.056 0.796 
1083    (0)   :  0.105 0.038 0.857 
1084    (0)   :  0.098 0.096 0.806 
1085    (0)   :  0.106 0.016 0.878 
1086    (0)   :  0.039 0.023 0.937 
1087    (0)   :  0.093 0.016 0.891 
1088    (0)   :  0.072 0.017 0.910 
1089    (0)   :  0.497 0.018 0.485 
1090    (0)   :  0.268 0.024 0.709 
1091    (0)   :  0.076 0.033 0.891 
1092    (0)   :  0.198 0.021 0.781 
1093    (0)   :  0.053 0.051 0.896 
1094    (0)   :  0.742 0.061 0.198 
