

----------------------------------------------------
STRUCTURE by Pritchard, Stephens and Donnelly (2000)
     and Falush, Stephens and Pritchard (2003)
       Code by Pritchard, Falush and Hubisz
             Version 2.3.4 (Jul 2012)
----------------------------------------------------



Command line arguments:   ./structure -K 6 -D 106002 -m brooktrout/mainparams -e brooktrout/extraparams -o brooktrout/250914_output/results_K6_rep2 
Input File:    brooktrout/brooktrout.txt

Run parameters:
   8454 individuals
   5 loci
   6 populations assumed
   50000 Burn-in period
   100000 Reps
RANDOMIZE turned off


--------------------------------------------
Overall proportion of membership of the
sample in each of the 6 clusters

Inferred Clusters
  1      2      3      4      5      6    
0.033  0.131  0.080  0.174  0.306  0.276  

--------------------------------------------

Allele-freq. divergence among pops (Net nucleotide distance),
computed using point estimates of P.

      1       2       3       4       5       6      
 1      -    0.1129  0.1731  0.1070  0.1077  0.1606  
 2   0.1129     -    0.0855  0.0843  0.0489  0.1335  
 3   0.1731  0.0855     -    0.1354  0.0757  0.1539  
 4   0.1070  0.0843  0.1354     -    0.0812  0.0929  
 5   0.1077  0.0489  0.0757  0.0812     -    0.1095  
 6   0.1606  0.1335  0.1539  0.0929  0.1095     -    

Average distances (expected heterozygosity) between individuals in same cluster:
cluster  1  : 0.7813 
cluster  2  : 0.7965 
cluster  3  : 0.7307 
cluster  4  : 0.8017 
cluster  5  : 0.7893 
cluster  6  : 0.7390 

--------------------------------------------
Estimated Ln Prob of Data   = -183385.1
Mean value of ln likelihood = -171738.3
Variance of ln likelihood   = 23293.5

Mean value of alpha_1       = 0.0650
Mean value of alpha_2       = 0.2567
Mean value of alpha_3       = 0.1603
Mean value of alpha_4       = 0.3598
Mean value of alpha_5       = 0.6199
Mean value of alpha_6       = 0.5745
Allele frequencies uncorrelated


Inferred ancestry of individuals:
     (%Miss) :  Inferred clusters
  1    (0)   :  0.017 0.125 0.100 0.099 0.245 0.414 
  2    (0)   :  0.023 0.060 0.021 0.320 0.448 0.128 
  3    (0)   :  0.007 0.072 0.084 0.126 0.439 0.272 
  4    (0)   :  0.010 0.074 0.037 0.106 0.152 0.621 
  5    (0)   :  0.027 0.065 0.023 0.227 0.536 0.122 
  6    (0)   :  0.007 0.042 0.031 0.057 0.756 0.106 
  7    (0)   :  0.010 0.237 0.044 0.052 0.559 0.098 
  8    (0)   :  0.010 0.099 0.040 0.073 0.366 0.410 
  9    (0)   :  0.026 0.094 0.040 0.158 0.460 0.222 
 10    (0)   :  0.014 0.080 0.035 0.052 0.545 0.274 
 11    (0)   :  0.021 0.298 0.082 0.053 0.436 0.110 
 12    (0)   :  0.016 0.071 0.021 0.205 0.513 0.175 
 13    (0)   :  0.017 0.065 0.028 0.110 0.610 0.170 
 14    (0)   :  0.010 0.047 0.058 0.364 0.288 0.232 
 15    (0)   :  0.010 0.094 0.059 0.162 0.324 0.351 
 16    (0)   :  0.019 0.067 0.062 0.086 0.597 0.170 
 17    (0)   :  0.017 0.055 0.031 0.138 0.610 0.149 
 18    (0)   :  0.012 0.043 0.070 0.154 0.517 0.204 
 19    (0)   :  0.010 0.055 0.025 0.068 0.715 0.126 
 20    (0)   :  0.014 0.122 0.043 0.192 0.467 0.163 
 21    (0)   :  0.012 0.060 0.057 0.233 0.258 0.381 
 22    (0)   :  0.010 0.041 0.036 0.075 0.643 0.195 
 23    (0)   :  0.036 0.082 0.046 0.256 0.192 0.387 
 24    (0)   :  0.017 0.056 0.055 0.094 0.419 0.359 
 25    (0)   :  0.010 0.082 0.038 0.093 0.701 0.076 
 26    (0)   :  0.012 0.059 0.039 0.121 0.528 0.242 
 27    (0)   :  0.019 0.058 0.041 0.147 0.515 0.220 
 28    (0)   :  0.012 0.168 0.065 0.069 0.235 0.451 
 29    (0)   :  0.025 0.110 0.028 0.215 0.460 0.161 
 30    (0)   :  0.015 0.040 0.052 0.120 0.607 0.166 
 31    (0)   :  0.021 0.084 0.031 0.177 0.438 0.249 
 32    (0)   :  0.009 0.077 0.037 0.139 0.431 0.307 
 33    (0)   :  0.013 0.121 0.100 0.139 0.346 0.280 
 34    (0)   :  0.046 0.196 0.058 0.061 0.480 0.159 
 35    (0)   :  0.037 0.057 0.034 0.324 0.415 0.134 
 36    (0)   :  0.012 0.048 0.346 0.304 0.139 0.151 
 37    (0)   :  0.010 0.090 0.027 0.196 0.290 0.387 
 38    (0)   :  0.039 0.089 0.498 0.135 0.156 0.082 
 39    (0)   :  0.034 0.109 0.140 0.233 0.352 0.132 
 40    (0)   :  0.016 0.036 0.045 0.447 0.208 0.247 
 41    (0)   :  0.063 0.083 0.137 0.369 0.227 0.121 
 42    (0)   :  0.042 0.058 0.207 0.142 0.098 0.453 
 43    (0)   :  0.019 0.094 0.023 0.443 0.210 0.211 
 44    (0)   :  0.017 0.052 0.027 0.538 0.273 0.094 
 45    (0)   :  0.046 0.060 0.213 0.379 0.207 0.095 
 46    (0)   :  0.014 0.077 0.044 0.246 0.512 0.108 
 47    (0)   :  0.026 0.074 0.025 0.150 0.523 0.202 
 48    (0)   :  0.021 0.036 0.029 0.561 0.257 0.095 
 49    (0)   :  0.068 0.088 0.081 0.266 0.313 0.184 
 50    (0)   :  0.019 0.116 0.041 0.135 0.536 0.153 
 51    (0)   :  0.020 0.038 0.178 0.576 0.085 0.103 
 52    (0)   :  0.037 0.109 0.135 0.182 0.366 0.172 
 53    (0)   :  0.015 0.068 0.449 0.108 0.212 0.148 
 54    (0)   :  0.025 0.070 0.019 0.343 0.340 0.203 
 55    (0)   :  0.013 0.060 0.023 0.591 0.190 0.123 
 56    (0)   :  0.039 0.044 0.079 0.406 0.261 0.171 
 57    (0)   :  0.019 0.074 0.030 0.058 0.528 0.290 
 58    (0)   :  0.035 0.070 0.069 0.427 0.233 0.166 
 59    (0)   :  0.129 0.076 0.249 0.245 0.164 0.137 
 60    (0)   :  0.010 0.051 0.073 0.445 0.145 0.275 
 61    (0)   :  0.011 0.042 0.019 0.646 0.105 0.178 
 62    (0)   :  0.166 0.066 0.037 0.146 0.447 0.138 
 63    (0)   :  0.014 0.179 0.063 0.322 0.177 0.244 
 64    (0)   :  0.022 0.056 0.088 0.133 0.604 0.098 
 65    (0)   :  0.016 0.328 0.031 0.166 0.377 0.081 
 66    (0)   :  0.014 0.118 0.031 0.333 0.201 0.303 
 67    (0)   :  0.013 0.066 0.019 0.580 0.218 0.104 
 68    (0)   :  0.086 0.075 0.283 0.228 0.156 0.171 
 69    (0)   :  0.121 0.150 0.322 0.092 0.142 0.173 
 70    (0)   :  0.012 0.148 0.131 0.345 0.149 0.214 
 71    (0)   :  0.091 0.067 0.193 0.408 0.163 0.078 
 72    (0)   :  0.010 0.087 0.187 0.238 0.350 0.128 
 73    (0)   :  0.074 0.077 0.033 0.539 0.190 0.088 
 74    (0)   :  0.012 0.046 0.340 0.216 0.128 0.257 
 75    (0)   :  0.019 0.035 0.200 0.253 0.108 0.385 
 76    (0)   :  0.009 0.187 0.036 0.408 0.225 0.134 
 77    (0)   :  0.076 0.086 0.250 0.331 0.162 0.095 
 78    (0)   :  0.083 0.075 0.379 0.230 0.129 0.105 
 79    (0)   :  0.011 0.103 0.040 0.069 0.660 0.117 
 80    (0)   :  0.010 0.094 0.030 0.071 0.205 0.590 
 81    (0)   :  0.008 0.127 0.037 0.063 0.306 0.459 
 82    (0)   :  0.028 0.100 0.036 0.311 0.270 0.256 
 83    (0)   :  0.007 0.129 0.086 0.126 0.285 0.366 
 84    (0)   :  0.008 0.147 0.072 0.091 0.346 0.335 
 85    (0)   :  0.008 0.058 0.087 0.105 0.348 0.394 
 86    (0)   :  0.022 0.087 0.030 0.370 0.373 0.118 
 87    (0)   :  0.010 0.291 0.067 0.114 0.378 0.139 
 88    (0)   :  0.010 0.163 0.034 0.105 0.269 0.420 
 89    (0)   :  0.008 0.109 0.032 0.098 0.259 0.494 
 90    (0)   :  0.011 0.252 0.041 0.101 0.442 0.153 
 91    (0)   :  0.007 0.069 0.075 0.090 0.195 0.564 
 92    (0)   :  0.011 0.114 0.037 0.113 0.509 0.215 
 93    (0)   :  0.009 0.041 0.023 0.058 0.107 0.762 
 94    (0)   :  0.008 0.467 0.184 0.070 0.159 0.112 
 95    (0)   :  0.009 0.374 0.033 0.093 0.210 0.281 
 96    (0)   :  0.013 0.054 0.023 0.502 0.105 0.304 
 97    (0)   :  0.017 0.041 0.220 0.250 0.132 0.340 
 98    (0)   :  0.025 0.047 0.036 0.414 0.297 0.182 
 99    (0)   :  0.009 0.163 0.050 0.091 0.382 0.306 
100    (0)   :  0.011 0.043 0.018 0.131 0.136 0.661 
101    (0)   :  0.011 0.208 0.057 0.180 0.310 0.234 
102    (0)   :  0.022 0.176 0.076 0.142 0.141 0.443 
103    (0)   :  0.016 0.230 0.026 0.309 0.156 0.263 
104    (0)   :  0.012 0.415 0.029 0.150 0.253 0.141 
105    (0)   :  0.040 0.432 0.022 0.150 0.137 0.218 
106    (0)   :  0.010 0.351 0.080 0.106 0.392 0.062 
107    (0)   :  0.016 0.413 0.024 0.195 0.134 0.218 
108    (0)   :  0.008 0.042 0.083 0.657 0.126 0.084 
109    (0)   :  0.204 0.164 0.094 0.170 0.303 0.065 
110    (0)   :  0.012 0.578 0.066 0.065 0.210 0.070 
111    (0)   :  0.025 0.641 0.021 0.092 0.130 0.091 
112    (0)   :  0.293 0.395 0.050 0.072 0.119 0.071 
113    (0)   :  0.018 0.124 0.051 0.383 0.251 0.173 
114    (0)   :  0.031 0.404 0.027 0.123 0.239 0.177 
115    (0)   :  0.025 0.435 0.029 0.239 0.165 0.107 
116    (0)   :  0.019 0.203 0.143 0.270 0.296 0.070 
117    (0)   :  0.033 0.595 0.048 0.064 0.180 0.081 
118    (0)   :  0.046 0.164 0.030 0.430 0.234 0.096 
119    (0)   :  0.009 0.089 0.054 0.419 0.118 0.311 
120    (0)   :  0.060 0.385 0.036 0.181 0.209 0.129 
121    (0)   :  0.060 0.471 0.039 0.209 0.138 0.083 
122    (0)   :  0.028 0.317 0.064 0.104 0.399 0.089 
123    (0)   :  0.015 0.544 0.048 0.127 0.147 0.118 
124    (0)   :  0.040 0.375 0.102 0.200 0.192 0.091 
125    (0)   :  0.064 0.307 0.143 0.090 0.287 0.108 
126    (0)   :  0.011 0.290 0.120 0.239 0.203 0.138 
127    (0)   :  0.018 0.630 0.020 0.119 0.113 0.100 
128    (0)   :  0.038 0.148 0.022 0.421 0.269 0.103 
129    (0)   :  0.019 0.436 0.022 0.257 0.176 0.089 
130    (0)   :  0.051 0.373 0.030 0.125 0.231 0.189 
131    (0)   :  0.045 0.289 0.323 0.131 0.142 0.071 
132    (0)   :  0.016 0.267 0.054 0.178 0.412 0.073 
133    (0)   :  0.014 0.475 0.028 0.198 0.158 0.126 
134    (0)   :  0.022 0.608 0.037 0.057 0.222 0.054 
135    (0)   :  0.034 0.040 0.032 0.230 0.108 0.557 
136    (0)   :  0.013 0.029 0.022 0.055 0.150 0.731 
137    (0)   :  0.025 0.075 0.024 0.044 0.093 0.739 
138    (0)   :  0.008 0.031 0.028 0.059 0.096 0.778 
139    (0)   :  0.016 0.041 0.027 0.377 0.154 0.385 
140    (0)   :  0.012 0.060 0.048 0.150 0.192 0.539 
141    (0)   :  0.014 0.032 0.034 0.072 0.198 0.648 
142    (0)   :  0.027 0.038 0.028 0.286 0.097 0.525 
143    (0)   :  0.007 0.029 0.018 0.050 0.079 0.817 
144    (0)   :  0.025 0.072 0.021 0.049 0.085 0.748 
145    (0)   :  0.020 0.034 0.035 0.098 0.239 0.574 
146    (0)   :  0.012 0.079 0.041 0.083 0.231 0.554 
147    (0)   :  0.008 0.029 0.020 0.043 0.087 0.813 
148    (0)   :  0.023 0.055 0.025 0.151 0.184 0.561 
149    (0)   :  0.014 0.032 0.036 0.096 0.100 0.722 
150    (0)   :  0.031 0.111 0.026 0.072 0.132 0.627 
151    (0)   :  0.009 0.040 0.021 0.069 0.106 0.756 
152    (0)   :  0.018 0.044 0.041 0.199 0.189 0.509 
153    (0)   :  0.010 0.043 0.041 0.079 0.110 0.718 
154    (0)   :  0.013 0.031 0.024 0.088 0.142 0.702 
155    (0)   :  0.007 0.040 0.020 0.061 0.095 0.776 
156    (0)   :  0.016 0.053 0.021 0.179 0.083 0.648 
157    (0)   :  0.007 0.114 0.041 0.057 0.122 0.658 
158    (0)   :  0.021 0.033 0.039 0.072 0.217 0.618 
159    (0)   :  0.009 0.031 0.020 0.046 0.086 0.808 
160    (0)   :  0.010 0.030 0.020 0.051 0.093 0.796 
161    (0)   :  0.011 0.049 0.041 0.073 0.140 0.685 
162    (0)   :  0.012 0.068 0.035 0.112 0.281 0.491 
163    (0)   :  0.007 0.037 0.022 0.071 0.083 0.780 
164    (0)   :  0.010 0.060 0.031 0.110 0.231 0.557 
165    (0)   :  0.031 0.103 0.025 0.065 0.109 0.666 
166    (0)   :  0.008 0.110 0.087 0.127 0.116 0.551 
167    (0)   :  0.010 0.049 0.024 0.058 0.236 0.623 
168    (0)   :  0.008 0.038 0.068 0.090 0.124 0.672 
169    (0)   :  0.030 0.031 0.217 0.069 0.210 0.443 
170    (0)   :  0.009 0.047 0.023 0.135 0.100 0.686 
171    (0)   :  0.009 0.040 0.052 0.123 0.202 0.573 
172    (0)   :  0.021 0.030 0.192 0.116 0.097 0.544 
173    (0)   :  0.009 0.029 0.018 0.068 0.098 0.777 
174    (0)   :  0.008 0.040 0.022 0.052 0.115 0.763 
175    (0)   :  0.009 0.028 0.019 0.059 0.142 0.743 
176    (0)   :  0.025 0.072 0.022 0.049 0.085 0.747 
177    (0)   :  0.010 0.112 0.078 0.072 0.166 0.562 
178    (0)   :  0.009 0.041 0.023 0.059 0.204 0.664 
179    (0)   :  0.007 0.029 0.019 0.050 0.092 0.803 
180    (0)   :  0.013 0.054 0.035 0.081 0.195 0.623 
181    (0)   :  0.015 0.033 0.031 0.113 0.132 0.675 
182    (0)   :  0.011 0.030 0.019 0.094 0.094 0.752 
183    (0)   :  0.008 0.030 0.019 0.060 0.097 0.788 
184    (0)   :  0.012 0.051 0.023 0.353 0.441 0.121 
185    (0)   :  0.013 0.029 0.019 0.158 0.070 0.711 
186    (0)   :  0.009 0.114 0.021 0.293 0.436 0.127 
187    (0)   :  0.008 0.061 0.022 0.293 0.229 0.386 
188    (0)   :  0.011 0.081 0.018 0.407 0.392 0.090 
189    (0)   :  0.008 0.040 0.100 0.185 0.302 0.365 
190    (0)   :  0.012 0.029 0.016 0.615 0.067 0.260 
191    (0)   :  0.019 0.039 0.019 0.401 0.336 0.186 
192    (0)   :  0.010 0.086 0.023 0.192 0.308 0.382 
193    (0)   :  0.018 0.041 0.027 0.289 0.309 0.315 
194    (0)   :  0.009 0.093 0.028 0.261 0.214 0.395 
195    (0)   :  0.009 0.031 0.017 0.318 0.096 0.528 
196    (0)   :  0.012 0.039 0.019 0.616 0.096 0.218 
197    (0)   :  0.010 0.092 0.021 0.230 0.406 0.241 
198    (0)   :  0.010 0.064 0.050 0.249 0.368 0.259 
199    (0)   :  0.013 0.043 0.027 0.547 0.119 0.251 
200    (0)   :  0.023 0.033 0.037 0.540 0.171 0.195 
201    (0)   :  0.009 0.040 0.017 0.223 0.122 0.588 
202    (0)   :  0.011 0.047 0.018 0.192 0.098 0.635 
203    (0)   :  0.016 0.036 0.016 0.244 0.126 0.561 
204    (0)   :  0.011 0.034 0.016 0.577 0.108 0.254 
205    (0)   :  0.009 0.040 0.025 0.603 0.158 0.165 
206    (0)   :  0.010 0.036 0.016 0.467 0.147 0.324 
207    (0)   :  0.016 0.047 0.016 0.642 0.135 0.144 
208    (0)   :  0.011 0.037 0.017 0.478 0.120 0.338 
209    (0)   :  0.019 0.039 0.020 0.398 0.292 0.231 
210    (0)   :  0.011 0.045 0.017 0.503 0.137 0.286 
211    (0)   :  0.044 0.075 0.016 0.476 0.114 0.276 
212    (0)   :  0.011 0.030 0.024 0.149 0.149 0.638 
213    (0)   :  0.012 0.105 0.038 0.449 0.171 0.225 
214    (0)   :  0.014 0.037 0.017 0.210 0.121 0.601 
215    (0)   :  0.012 0.044 0.021 0.663 0.146 0.115 
216    (0)   :  0.012 0.070 0.025 0.317 0.398 0.178 
217    (0)   :  0.009 0.032 0.022 0.309 0.133 0.495 
218    (0)   :  0.011 0.051 0.025 0.456 0.234 0.224 
219    (0)   :  0.008 0.051 0.033 0.169 0.390 0.349 
220    (0)   :  0.012 0.038 0.016 0.623 0.149 0.161 
221    (0)   :  0.011 0.028 0.017 0.153 0.077 0.714 
222    (0)   :  0.008 0.073 0.025 0.201 0.450 0.242 
223    (0)   :  0.008 0.063 0.029 0.212 0.211 0.477 
224    (0)   :  0.011 0.039 0.016 0.246 0.161 0.526 
225    (0)   :  0.010 0.044 0.022 0.540 0.140 0.245 
226    (0)   :  0.013 0.048 0.093 0.415 0.206 0.224 
227    (0)   :  0.010 0.051 0.017 0.432 0.120 0.371 
228    (0)   :  0.014 0.029 0.017 0.420 0.085 0.436 
229    (0)   :  0.012 0.046 0.017 0.199 0.222 0.504 
230    (0)   :  0.016 0.044 0.016 0.317 0.187 0.421 
231    (0)   :  0.016 0.036 0.020 0.200 0.275 0.453 
232    (0)   :  0.013 0.067 0.049 0.222 0.225 0.424 
233    (0)   :  0.012 0.036 0.017 0.160 0.126 0.648 
234    (0)   :  0.012 0.056 0.027 0.223 0.364 0.318 
235    (0)   :  0.009 0.040 0.030 0.330 0.206 0.385 
236    (0)   :  0.014 0.051 0.023 0.228 0.193 0.492 
237    (0)   :  0.023 0.038 0.020 0.552 0.175 0.193 
238    (0)   :  0.011 0.053 0.019 0.191 0.148 0.579 
239    (0)   :  0.008 0.031 0.017 0.318 0.096 0.530 
240    (0)   :  0.011 0.052 0.019 0.189 0.149 0.579 
241    (0)   :  0.010 0.038 0.023 0.172 0.104 0.653 
242    (0)   :  0.010 0.034 0.039 0.320 0.295 0.302 
243    (0)   :  0.014 0.032 0.015 0.629 0.080 0.229 
244    (0)   :  0.016 0.036 0.016 0.274 0.139 0.518 
245    (0)   :  0.007 0.039 0.019 0.123 0.094 0.718 
246    (0)   :  0.009 0.032 0.021 0.312 0.133 0.492 
247    (0)   :  0.010 0.171 0.044 0.430 0.241 0.103 
248    (0)   :  0.014 0.059 0.020 0.637 0.165 0.104 
249    (0)   :  0.014 0.044 0.017 0.261 0.167 0.497 
250    (0)   :  0.013 0.058 0.021 0.245 0.258 0.405 
251    (0)   :  0.020 0.047 0.061 0.407 0.292 0.174 
252    (0)   :  0.008 0.052 0.023 0.353 0.177 0.386 
253    (0)   :  0.010 0.082 0.043 0.472 0.224 0.169 
254    (0)   :  0.009 0.063 0.020 0.273 0.367 0.268 
255    (0)   :  0.013 0.042 0.021 0.228 0.375 0.322 
256    (0)   :  0.013 0.042 0.022 0.368 0.133 0.423 
257    (0)   :  0.013 0.071 0.023 0.431 0.170 0.290 
258    (0)   :  0.014 0.054 0.029 0.548 0.191 0.164 
259    (0)   :  0.013 0.060 0.020 0.353 0.252 0.302 
260    (0)   :  0.010 0.063 0.020 0.113 0.371 0.423 
261    (0)   :  0.008 0.046 0.025 0.297 0.133 0.491 
262    (0)   :  0.010 0.027 0.020 0.450 0.084 0.409 
263    (0)   :  0.015 0.048 0.016 0.497 0.249 0.175 
264    (0)   :  0.012 0.061 0.031 0.224 0.586 0.087 
265    (0)   :  0.009 0.043 0.028 0.377 0.247 0.296 
266    (0)   :  0.010 0.029 0.017 0.161 0.079 0.704 
267    (0)   :  0.021 0.049 0.020 0.267 0.277 0.365 
268    (0)   :  0.012 0.040 0.019 0.619 0.095 0.215 
269    (0)   :  0.010 0.040 0.048 0.209 0.374 0.319 
270    (0)   :  0.014 0.073 0.022 0.306 0.392 0.193 
271    (0)   :  0.013 0.056 0.028 0.590 0.154 0.159 
272    (0)   :  0.014 0.049 0.069 0.565 0.142 0.160 
273    (0)   :  0.032 0.077 0.057 0.242 0.261 0.330 
274    (0)   :  0.011 0.048 0.036 0.435 0.257 0.212 
275    (0)   :  0.021 0.046 0.044 0.423 0.213 0.253 
276    (0)   :  0.018 0.052 0.056 0.570 0.155 0.149 
277    (0)   :  0.009 0.063 0.029 0.230 0.241 0.428 
278    (0)   :  0.012 0.039 0.021 0.678 0.115 0.135 
279    (0)   :  0.012 0.056 0.028 0.375 0.207 0.322 
280    (0)   :  0.011 0.042 0.042 0.364 0.271 0.270 
281    (0)   :  0.010 0.068 0.031 0.418 0.240 0.232 
282    (0)   :  0.009 0.053 0.023 0.138 0.214 0.562 
283    (0)   :  0.009 0.049 0.017 0.152 0.168 0.605 
284    (0)   :  0.017 0.089 0.026 0.300 0.195 0.373 
285    (0)   :  0.015 0.051 0.027 0.676 0.158 0.072 
286    (0)   :  0.016 0.037 0.016 0.272 0.138 0.521 
287    (0)   :  0.008 0.055 0.041 0.251 0.349 0.296 
288    (0)   :  0.012 0.045 0.051 0.542 0.189 0.161 
289    (0)   :  0.016 0.077 0.043 0.526 0.195 0.143 
290    (0)   :  0.037 0.047 0.036 0.396 0.264 0.219 
291    (0)   :  0.013 0.057 0.028 0.588 0.154 0.160 
292    (0)   :  0.010 0.038 0.052 0.396 0.181 0.324 
293    (0)   :  0.034 0.045 0.046 0.393 0.350 0.131 
294    (0)   :  0.012 0.043 0.019 0.534 0.258 0.133 
295    (0)   :  0.026 0.063 0.076 0.414 0.200 0.221 
296    (0)   :  0.012 0.049 0.022 0.613 0.151 0.153 
297    (0)   :  0.010 0.045 0.039 0.319 0.396 0.190 
298    (0)   :  0.009 0.062 0.022 0.146 0.294 0.467 
299    (0)   :  0.010 0.054 0.017 0.321 0.397 0.202 
300    (0)   :  0.017 0.039 0.022 0.624 0.168 0.130 
301    (0)   :  0.014 0.049 0.027 0.293 0.449 0.167 
302    (0)   :  0.017 0.045 0.020 0.577 0.200 0.141 
303    (0)   :  0.015 0.041 0.025 0.224 0.192 0.504 
304    (0)   :  0.011 0.073 0.018 0.076 0.377 0.445 
305    (0)   :  0.012 0.029 0.023 0.443 0.111 0.381 
306    (0)   :  0.009 0.037 0.029 0.246 0.169 0.510 
307    (0)   :  0.013 0.060 0.028 0.240 0.255 0.405 
308    (0)   :  0.008 0.045 0.025 0.302 0.130 0.489 
309    (0)   :  0.041 0.066 0.025 0.593 0.137 0.138 
310    (0)   :  0.013 0.034 0.016 0.456 0.104 0.377 
311    (0)   :  0.017 0.043 0.016 0.315 0.189 0.420 
312    (0)   :  0.012 0.050 0.016 0.650 0.120 0.152 
313    (0)   :  0.010 0.041 0.019 0.724 0.106 0.099 
314    (0)   :  0.009 0.028 0.023 0.065 0.074 0.800 
315    (0)   :  0.007 0.035 0.044 0.081 0.090 0.743 
316    (0)   :  0.008 0.039 0.056 0.064 0.112 0.721 
317    (0)   :  0.009 0.029 0.023 0.045 0.079 0.816 
318    (0)   :  0.008 0.028 0.024 0.038 0.085 0.816 
319    (0)   :  0.007 0.028 0.018 0.052 0.083 0.811 
320    (0)   :  0.009 0.028 0.023 0.064 0.074 0.802 
321    (0)   :  0.010 0.029 0.024 0.042 0.085 0.810 
322    (0)   :  0.010 0.038 0.051 0.087 0.102 0.711 
323    (0)   :  0.006 0.029 0.019 0.041 0.091 0.813 
324    (0)   :  0.009 0.030 0.024 0.041 0.086 0.810 
325    (0)   :  0.009 0.037 0.059 0.055 0.101 0.740 
326    (0)   :  0.013 0.040 0.077 0.057 0.099 0.714 
327    (0)   :  0.009 0.029 0.022 0.045 0.079 0.816 
328    (0)   :  0.008 0.036 0.043 0.072 0.105 0.736 
329    (0)   :  0.007 0.029 0.020 0.038 0.083 0.823 
330    (0)   :  0.009 0.029 0.023 0.045 0.080 0.815 
331    (0)   :  0.007 0.028 0.020 0.041 0.084 0.820 
332    (0)   :  0.009 0.038 0.063 0.053 0.112 0.725 
333    (0)   :  0.010 0.039 0.053 0.065 0.100 0.733 
334    (0)   :  0.008 0.036 0.043 0.073 0.105 0.735 
335    (0)   :  0.008 0.036 0.040 0.072 0.093 0.750 
336    (0)   :  0.009 0.029 0.026 0.050 0.085 0.801 
337    (0)   :  0.010 0.037 0.060 0.062 0.103 0.728 
338    (0)   :  0.009 0.029 0.025 0.037 0.086 0.814 
339    (0)   :  0.007 0.028 0.019 0.042 0.086 0.819 
340    (0)   :  0.006 0.028 0.018 0.045 0.078 0.824 
341    (0)   :  0.010 0.030 0.023 0.044 0.088 0.805 
342    (0)   :  0.009 0.029 0.022 0.045 0.079 0.816 
343    (0)   :  0.008 0.037 0.044 0.096 0.098 0.718 
344    (0)   :  0.007 0.029 0.020 0.038 0.081 0.826 
345    (0)   :  0.009 0.029 0.022 0.046 0.079 0.814 
346    (0)   :  0.008 0.028 0.022 0.041 0.078 0.822 
347    (0)   :  0.007 0.028 0.018 0.042 0.076 0.830 
348    (0)   :  0.007 0.034 0.038 0.114 0.084 0.722 
349    (0)   :  0.009 0.029 0.023 0.045 0.079 0.815 
350    (0)   :  0.007 0.028 0.020 0.059 0.081 0.804 
351    (0)   :  0.008 0.036 0.039 0.071 0.092 0.754 
352    (0)   :  0.009 0.036 0.052 0.072 0.094 0.737 
353    (0)   :  0.009 0.029 0.025 0.050 0.084 0.802 
354    (0)   :  0.008 0.030 0.020 0.039 0.084 0.819 
355    (0)   :  0.008 0.029 0.024 0.038 0.085 0.816 
356    (0)   :  0.008 0.036 0.038 0.115 0.084 0.720 
357    (0)   :  0.010 0.037 0.097 0.069 0.282 0.506 
358    (0)   :  0.008 0.038 0.047 0.054 0.102 0.752 
359    (0)   :  0.007 0.029 0.020 0.040 0.086 0.817 
360    (0)   :  0.008 0.029 0.022 0.041 0.078 0.823 
361    (0)   :  0.011 0.038 0.101 0.089 0.285 0.476 
362    (0)   :  0.014 0.089 0.172 0.186 0.392 0.147 
363    (0)   :  0.015 0.148 0.088 0.134 0.527 0.088 
364    (0)   :  0.019 0.054 0.034 0.087 0.474 0.332 
365    (0)   :  0.044 0.057 0.095 0.084 0.620 0.100 
366    (0)   :  0.026 0.043 0.072 0.332 0.341 0.185 
367    (0)   :  0.011 0.418 0.133 0.058 0.315 0.065 
368    (0)   :  0.011 0.119 0.032 0.112 0.608 0.118 
369    (0)   :  0.032 0.052 0.037 0.200 0.311 0.368 
370    (0)   :  0.027 0.327 0.037 0.180 0.284 0.144 
371    (0)   :  0.033 0.064 0.037 0.187 0.489 0.190 
372    (0)   :  0.074 0.156 0.043 0.209 0.341 0.176 
373    (0)   :  0.019 0.149 0.035 0.089 0.527 0.180 
374    (0)   :  0.045 0.069 0.090 0.094 0.349 0.352 
375    (0)   :  0.018 0.116 0.038 0.066 0.683 0.080 
376    (0)   :  0.013 0.078 0.200 0.049 0.584 0.076 
377    (0)   :  0.021 0.085 0.145 0.202 0.416 0.132 
378    (0)   :  0.014 0.455 0.038 0.085 0.138 0.270 
379    (0)   :  0.027 0.111 0.187 0.069 0.538 0.069 
380    (0)   :  0.019 0.038 0.332 0.107 0.242 0.262 
381    (0)   :  0.018 0.036 0.120 0.131 0.458 0.237 
382    (0)   :  0.011 0.113 0.050 0.060 0.674 0.092 
383    (0)   :  0.024 0.039 0.350 0.076 0.283 0.228 
384    (0)   :  0.036 0.128 0.057 0.063 0.546 0.169 
385    (0)   :  0.369 0.041 0.029 0.050 0.279 0.232 
386    (0)   :  0.011 0.122 0.118 0.085 0.575 0.089 
387    (0)   :  0.013 0.148 0.075 0.087 0.569 0.107 
388    (0)   :  0.053 0.090 0.057 0.069 0.429 0.301 
389    (0)   :  0.135 0.063 0.028 0.460 0.215 0.100 
390    (0)   :  0.024 0.308 0.231 0.164 0.190 0.084 
391    (0)   :  0.137 0.152 0.047 0.210 0.298 0.156 
392    (0)   :  0.010 0.079 0.080 0.085 0.573 0.173 
393    (0)   :  0.013 0.051 0.505 0.070 0.175 0.186 
394    (0)   :  0.008 0.134 0.115 0.093 0.327 0.322 
395    (0)   :  0.012 0.112 0.234 0.376 0.159 0.108 
396    (0)   :  0.009 0.090 0.028 0.071 0.735 0.067 
397    (0)   :  0.008 0.056 0.021 0.166 0.500 0.249 
398    (0)   :  0.008 0.122 0.446 0.061 0.292 0.071 
399    (0)   :  0.024 0.442 0.082 0.169 0.185 0.098 
400    (0)   :  0.014 0.150 0.053 0.068 0.574 0.141 
401    (0)   :  0.016 0.360 0.071 0.179 0.226 0.148 
402    (0)   :  0.013 0.095 0.030 0.211 0.522 0.129 
403    (0)   :  0.035 0.118 0.053 0.087 0.228 0.479 
404    (0)   :  0.027 0.083 0.038 0.092 0.573 0.188 
405    (0)   :  0.010 0.059 0.099 0.171 0.501 0.159 
406    (0)   :  0.010 0.045 0.370 0.215 0.119 0.241 
407    (0)   :  0.012 0.054 0.361 0.065 0.435 0.073 
408    (0)   :  0.008 0.359 0.033 0.364 0.170 0.066 
409    (0)   :  0.028 0.076 0.251 0.106 0.118 0.421 
410    (0)   :  0.019 0.156 0.097 0.089 0.489 0.150 
411    (0)   :  0.010 0.074 0.050 0.136 0.517 0.213 
412    (0)   :  0.011 0.096 0.034 0.086 0.664 0.109 
413    (0)   :  0.009 0.154 0.059 0.109 0.417 0.252 
414    (0)   :  0.024 0.159 0.028 0.101 0.616 0.072 
415    (0)   :  0.014 0.077 0.173 0.166 0.461 0.109 
416    (0)   :  0.059 0.107 0.065 0.129 0.467 0.173 
417    (0)   :  0.010 0.087 0.318 0.072 0.427 0.087 
418    (0)   :  0.009 0.216 0.035 0.057 0.607 0.076 
419    (0)   :  0.050 0.174 0.072 0.111 0.301 0.292 
420    (0)   :  0.014 0.302 0.082 0.309 0.199 0.094 
421    (0)   :  0.010 0.142 0.147 0.100 0.502 0.099 
422    (0)   :  0.013 0.059 0.265 0.314 0.227 0.122 
423    (0)   :  0.010 0.084 0.106 0.155 0.530 0.115 
424    (0)   :  0.018 0.467 0.100 0.133 0.156 0.125 
425    (0)   :  0.088 0.083 0.041 0.084 0.539 0.164 
426    (0)   :  0.041 0.265 0.094 0.082 0.355 0.164 
427    (0)   :  0.009 0.098 0.494 0.054 0.164 0.180 
428    (0)   :  0.013 0.051 0.345 0.123 0.165 0.303 
429    (0)   :  0.009 0.160 0.169 0.055 0.542 0.065 
430    (0)   :  0.011 0.072 0.485 0.067 0.279 0.086 
431    (0)   :  0.020 0.282 0.063 0.144 0.333 0.159 
432    (0)   :  0.011 0.124 0.039 0.111 0.584 0.131 
433    (0)   :  0.010 0.126 0.027 0.141 0.266 0.429 
434    (0)   :  0.017 0.052 0.040 0.125 0.549 0.217 
435    (0)   :  0.007 0.064 0.605 0.064 0.193 0.067 
436    (0)   :  0.011 0.127 0.590 0.052 0.113 0.107 
437    (0)   :  0.007 0.050 0.077 0.064 0.724 0.079 
438    (0)   :  0.010 0.124 0.533 0.113 0.084 0.135 
439    (0)   :  0.009 0.067 0.661 0.042 0.129 0.092 
440    (0)   :  0.011 0.106 0.477 0.074 0.273 0.058 
441    (0)   :  0.013 0.088 0.357 0.063 0.290 0.190 
442    (0)   :  0.043 0.106 0.095 0.111 0.554 0.091 
443    (0)   :  0.014 0.433 0.151 0.184 0.146 0.072 
444    (0)   :  0.037 0.087 0.182 0.128 0.480 0.086 
445    (0)   :  0.012 0.077 0.380 0.083 0.206 0.242 
446    (0)   :  0.010 0.193 0.500 0.040 0.182 0.076 
447    (0)   :  0.048 0.074 0.346 0.111 0.263 0.160 
448    (0)   :  0.010 0.076 0.155 0.090 0.584 0.086 
449    (0)   :  0.011 0.070 0.147 0.095 0.542 0.135 
450    (0)   :  0.014 0.126 0.069 0.040 0.592 0.159 
451    (0)   :  0.010 0.247 0.064 0.144 0.475 0.060 
452    (0)   :  0.010 0.093 0.114 0.049 0.611 0.124 
453    (0)   :  0.021 0.214 0.072 0.389 0.145 0.158 
454    (0)   :  0.011 0.082 0.245 0.076 0.431 0.154 
455    (0)   :  0.009 0.076 0.683 0.056 0.108 0.068 
456    (0)   :  0.014 0.093 0.396 0.184 0.242 0.071 
457    (0)   :  0.008 0.047 0.279 0.061 0.516 0.089 
458    (0)   :  0.012 0.098 0.463 0.048 0.277 0.101 
459    (0)   :  0.011 0.310 0.318 0.050 0.152 0.160 
460    (0)   :  0.010 0.355 0.333 0.053 0.173 0.075 
461    (0)   :  0.009 0.607 0.065 0.038 0.205 0.076 
462    (0)   :  0.109 0.232 0.206 0.116 0.280 0.058 
463    (0)   :  0.010 0.077 0.419 0.266 0.104 0.124 
464    (0)   :  0.009 0.261 0.346 0.112 0.201 0.072 
465    (0)   :  0.010 0.472 0.152 0.090 0.179 0.097 
466    (0)   :  0.009 0.215 0.249 0.261 0.187 0.079 
467    (0)   :  0.016 0.226 0.276 0.115 0.231 0.136 
468    (0)   :  0.008 0.038 0.621 0.082 0.184 0.067 
469    (0)   :  0.008 0.041 0.738 0.037 0.106 0.069 
470    (0)   :  0.007 0.083 0.659 0.051 0.135 0.066 
471    (0)   :  0.027 0.133 0.066 0.290 0.397 0.088 
472    (0)   :  0.019 0.149 0.174 0.146 0.397 0.115 
473    (0)   :  0.009 0.059 0.159 0.123 0.512 0.137 
474    (0)   :  0.011 0.100 0.156 0.094 0.498 0.141 
475    (0)   :  0.011 0.399 0.124 0.091 0.214 0.160 
476    (0)   :  0.011 0.150 0.305 0.069 0.367 0.099 
477    (0)   :  0.021 0.338 0.159 0.097 0.246 0.139 
478    (0)   :  0.015 0.648 0.072 0.049 0.148 0.068 
479    (0)   :  0.010 0.104 0.357 0.056 0.404 0.069 
480    (0)   :  0.008 0.060 0.388 0.051 0.410 0.083 
481    (0)   :  0.022 0.059 0.048 0.141 0.647 0.084 
482    (0)   :  0.008 0.129 0.345 0.047 0.400 0.071 
483    (0)   :  0.009 0.098 0.625 0.043 0.133 0.091 
484    (0)   :  0.015 0.087 0.554 0.156 0.100 0.088 
485    (0)   :  0.007 0.084 0.699 0.045 0.097 0.068 
486    (0)   :  0.042 0.101 0.031 0.346 0.361 0.120 
487    (0)   :  0.028 0.064 0.030 0.136 0.497 0.245 
488    (0)   :  0.078 0.186 0.031 0.156 0.355 0.193 
489    (0)   :  0.023 0.039 0.020 0.204 0.444 0.271 
490    (0)   :  0.018 0.268 0.044 0.228 0.363 0.079 
491    (0)   :  0.088 0.047 0.024 0.223 0.327 0.291 
492    (0)   :  0.030 0.269 0.027 0.137 0.158 0.379 
493    (0)   :  0.078 0.072 0.021 0.243 0.443 0.143 
494    (0)   :  0.042 0.066 0.032 0.197 0.440 0.223 
495    (0)   :  0.084 0.309 0.030 0.109 0.198 0.271 
496    (0)   :  0.009 0.085 0.039 0.171 0.195 0.501 
497    (0)   :  0.162 0.050 0.022 0.125 0.357 0.284 
498    (0)   :  0.166 0.092 0.033 0.214 0.356 0.140 
499    (0)   :  0.018 0.049 0.025 0.145 0.352 0.412 
500    (0)   :  0.013 0.051 0.030 0.194 0.576 0.136 
501    (0)   :  0.013 0.098 0.029 0.085 0.452 0.322 
502    (0)   :  0.033 0.170 0.029 0.063 0.357 0.348 
503    (0)   :  0.010 0.053 0.043 0.094 0.704 0.096 
504    (0)   :  0.092 0.313 0.037 0.169 0.266 0.122 
505    (0)   :  0.024 0.071 0.028 0.449 0.219 0.209 
506    (0)   :  0.060 0.152 0.026 0.117 0.319 0.326 
507    (0)   :  0.008 0.033 0.021 0.131 0.104 0.704 
508    (0)   :  0.017 0.046 0.018 0.162 0.135 0.622 
509    (0)   :  0.016 0.065 0.031 0.323 0.212 0.353 
510    (0)   :  0.013 0.066 0.021 0.092 0.430 0.379 
511    (0)   :  0.034 0.145 0.080 0.193 0.421 0.126 
512    (0)   :  0.017 0.090 0.036 0.070 0.710 0.077 
513    (0)   :  0.550 0.085 0.015 0.151 0.082 0.116 
514    (0)   :  0.012 0.315 0.036 0.160 0.318 0.159 
515    (0)   :  0.018 0.063 0.161 0.185 0.320 0.253 
516    (0)   :  0.013 0.250 0.036 0.345 0.200 0.157 
517    (0)   :  0.010 0.096 0.129 0.284 0.222 0.258 
518    (0)   :  0.010 0.044 0.021 0.104 0.513 0.308 
519    (0)   :  0.020 0.363 0.050 0.135 0.251 0.180 
520    (0)   :  0.009 0.039 0.221 0.217 0.126 0.387 
521    (0)   :  0.012 0.168 0.033 0.190 0.154 0.443 
522    (0)   :  0.012 0.065 0.057 0.286 0.474 0.106 
523    (0)   :  0.009 0.091 0.072 0.401 0.133 0.294 
524    (0)   :  0.008 0.060 0.319 0.190 0.238 0.184 
525    (0)   :  0.009 0.042 0.072 0.138 0.401 0.338 
526    (0)   :  0.008 0.041 0.419 0.268 0.097 0.168 
527    (0)   :  0.014 0.079 0.022 0.074 0.704 0.107 
528    (0)   :  0.010 0.063 0.021 0.187 0.140 0.580 
529    (0)   :  0.019 0.083 0.026 0.205 0.405 0.262 
530    (0)   :  0.020 0.056 0.056 0.205 0.490 0.174 
531    (0)   :  0.013 0.069 0.074 0.113 0.261 0.471 
532    (0)   :  0.013 0.064 0.021 0.146 0.407 0.349 
533    (0)   :  0.010 0.044 0.051 0.231 0.517 0.147 
534    (0)   :  0.022 0.089 0.022 0.486 0.174 0.207 
535    (0)   :  0.011 0.161 0.106 0.374 0.184 0.164 
536    (0)   :  0.025 0.106 0.187 0.141 0.210 0.330 
537    (0)   :  0.027 0.090 0.036 0.202 0.148 0.496 
538    (0)   :  0.011 0.054 0.041 0.363 0.203 0.327 
539    (0)   :  0.011 0.037 0.017 0.131 0.129 0.675 
540    (0)   :  0.013 0.053 0.057 0.361 0.180 0.335 
541    (0)   :  0.017 0.131 0.057 0.103 0.149 0.543 
542    (0)   :  0.039 0.059 0.222 0.399 0.137 0.143 
543    (0)   :  0.019 0.261 0.068 0.294 0.109 0.249 
544    (0)   :  0.015 0.059 0.055 0.524 0.158 0.190 
545    (0)   :  0.021 0.096 0.309 0.384 0.100 0.090 
546    (0)   :  0.050 0.074 0.050 0.373 0.157 0.296 
547    (0)   :  0.019 0.120 0.096 0.365 0.097 0.304 
548    (0)   :  0.013 0.058 0.021 0.244 0.259 0.404 
549    (0)   :  0.017 0.057 0.211 0.071 0.098 0.546 
550    (0)   :  0.026 0.103 0.199 0.357 0.172 0.142 
551    (0)   :  0.012 0.086 0.055 0.069 0.126 0.651 
552    (0)   :  0.011 0.042 0.027 0.407 0.178 0.335 
553    (0)   :  0.021 0.154 0.044 0.457 0.082 0.242 
554    (0)   :  0.019 0.159 0.057 0.192 0.292 0.281 
555    (0)   :  0.048 0.057 0.029 0.240 0.166 0.458 
556    (0)   :  0.014 0.059 0.031 0.401 0.199 0.297 
557    (0)   :  0.016 0.151 0.386 0.117 0.120 0.210 
558    (0)   :  0.008 0.117 0.427 0.040 0.336 0.072 
559    (0)   :  0.011 0.175 0.032 0.273 0.379 0.130 
560    (0)   :  0.020 0.419 0.246 0.071 0.187 0.057 
561    (0)   :  0.020 0.134 0.084 0.155 0.529 0.078 
562    (0)   :  0.020 0.209 0.060 0.230 0.424 0.057 
563    (0)   :  0.023 0.435 0.076 0.070 0.149 0.248 
564    (0)   :  0.012 0.086 0.035 0.441 0.291 0.135 
565    (0)   :  0.010 0.049 0.469 0.052 0.334 0.087 
566    (0)   :  0.010 0.369 0.110 0.074 0.378 0.059 
567    (0)   :  0.016 0.066 0.025 0.356 0.453 0.085 
568    (0)   :  0.008 0.250 0.112 0.231 0.269 0.129 
569    (0)   :  0.011 0.121 0.085 0.215 0.456 0.113 
570    (0)   :  0.007 0.080 0.097 0.054 0.701 0.061 
571    (0)   :  0.009 0.434 0.073 0.114 0.278 0.093 
572    (0)   :  0.022 0.034 0.068 0.436 0.201 0.239 
573    (0)   :  0.011 0.059 0.159 0.317 0.320 0.134 
574    (0)   :  0.012 0.046 0.063 0.099 0.551 0.229 
575    (0)   :  0.010 0.316 0.058 0.106 0.307 0.203 
576    (0)   :  0.023 0.224 0.079 0.061 0.554 0.059 
577    (0)   :  0.012 0.055 0.041 0.081 0.591 0.220 
578    (0)   :  0.023 0.275 0.148 0.104 0.349 0.101 
579    (0)   :  0.045 0.080 0.069 0.143 0.570 0.093 
580    (0)   :  0.010 0.058 0.111 0.071 0.612 0.138 
581    (0)   :  0.010 0.109 0.200 0.071 0.496 0.115 
582    (0)   :  0.009 0.183 0.294 0.098 0.347 0.069 
583    (0)   :  0.010 0.301 0.057 0.075 0.466 0.091 
584    (0)   :  0.011 0.210 0.068 0.064 0.576 0.071 
585    (0)   :  0.029 0.215 0.105 0.078 0.491 0.083 
586    (0)   :  0.011 0.507 0.035 0.134 0.187 0.126 
587    (0)   :  0.014 0.079 0.045 0.213 0.581 0.069 
588    (0)   :  0.014 0.040 0.018 0.730 0.107 0.091 
589    (0)   :  0.010 0.082 0.228 0.187 0.420 0.073 
590    (0)   :  0.018 0.272 0.024 0.150 0.447 0.089 
591    (0)   :  0.010 0.272 0.053 0.107 0.452 0.106 
592    (0)   :  0.011 0.199 0.067 0.386 0.260 0.077 
593    (0)   :  0.009 0.120 0.135 0.149 0.442 0.145 
594    (0)   :  0.017 0.173 0.051 0.114 0.435 0.210 
595    (0)   :  0.042 0.053 0.022 0.064 0.756 0.062 
596    (0)   :  0.013 0.063 0.102 0.475 0.229 0.117 
597    (0)   :  0.010 0.471 0.039 0.113 0.105 0.263 
598    (0)   :  0.007 0.076 0.174 0.048 0.627 0.067 
599    (0)   :  0.008 0.346 0.055 0.179 0.349 0.064 
600    (0)   :  0.013 0.056 0.151 0.124 0.481 0.175 
601    (0)   :  0.012 0.155 0.130 0.140 0.493 0.069 
602    (0)   :  0.017 0.077 0.036 0.148 0.459 0.264 
603    (0)   :  0.015 0.093 0.030 0.190 0.412 0.259 
604    (0)   :  0.037 0.071 0.302 0.086 0.305 0.199 
605    (0)   :  0.018 0.098 0.088 0.214 0.467 0.116 
606    (0)   :  0.014 0.129 0.048 0.210 0.304 0.294 
607    (0)   :  0.013 0.046 0.058 0.079 0.471 0.333 
608    (0)   :  0.009 0.108 0.082 0.065 0.227 0.510 
609    (0)   :  0.016 0.062 0.089 0.098 0.578 0.158 
610    (0)   :  0.016 0.051 0.468 0.157 0.199 0.109 
611    (0)   :  0.012 0.124 0.046 0.241 0.330 0.247 
612    (0)   :  0.012 0.047 0.474 0.072 0.295 0.101 
613    (0)   :  0.013 0.055 0.066 0.192 0.533 0.141 
614    (0)   :  0.017 0.038 0.075 0.080 0.707 0.083 
615    (0)   :  0.012 0.041 0.253 0.088 0.440 0.167 
616    (0)   :  0.010 0.058 0.031 0.088 0.576 0.237 
617    (0)   :  0.078 0.063 0.060 0.153 0.562 0.085 
618    (0)   :  0.041 0.040 0.313 0.092 0.245 0.269 
619    (0)   :  0.008 0.102 0.142 0.287 0.267 0.194 
620    (0)   :  0.012 0.155 0.051 0.493 0.229 0.060 
621    (0)   :  0.011 0.116 0.054 0.055 0.673 0.091 
622    (0)   :  0.145 0.052 0.094 0.196 0.353 0.161 
623    (0)   :  0.011 0.097 0.050 0.198 0.547 0.097 
624    (0)   :  0.012 0.063 0.330 0.067 0.253 0.275 
625    (0)   :  0.050 0.110 0.085 0.064 0.459 0.233 
626    (0)   :  0.011 0.038 0.209 0.130 0.115 0.497 
627    (0)   :  0.015 0.080 0.052 0.190 0.518 0.146 
628    (0)   :  0.031 0.110 0.038 0.216 0.464 0.141 
629    (0)   :  0.014 0.083 0.027 0.103 0.633 0.140 
630    (0)   :  0.020 0.076 0.084 0.082 0.625 0.113 
631    (0)   :  0.011 0.045 0.040 0.082 0.703 0.120 
632    (0)   :  0.020 0.054 0.039 0.214 0.281 0.392 
633    (0)   :  0.022 0.072 0.137 0.073 0.481 0.215 
634    (0)   :  0.011 0.078 0.060 0.190 0.366 0.295 
635    (0)   :  0.009 0.044 0.052 0.097 0.274 0.524 
636    (0)   :  0.011 0.082 0.067 0.081 0.467 0.292 
637    (0)   :  0.020 0.096 0.061 0.364 0.241 0.217 
638    (0)   :  0.011 0.075 0.035 0.104 0.588 0.187 
639    (0)   :  0.020 0.041 0.078 0.092 0.581 0.187 
640    (0)   :  0.034 0.183 0.046 0.062 0.548 0.127 
641    (0)   :  0.013 0.052 0.032 0.104 0.654 0.146 
642    (0)   :  0.013 0.065 0.048 0.129 0.143 0.603 
643    (0)   :  0.010 0.067 0.030 0.057 0.113 0.723 
644    (0)   :  0.011 0.091 0.032 0.092 0.172 0.602 
645    (0)   :  0.017 0.030 0.234 0.069 0.110 0.540 
646    (0)   :  0.044 0.098 0.045 0.263 0.286 0.263 
647    (0)   :  0.046 0.137 0.033 0.097 0.179 0.507 
648    (0)   :  0.044 0.043 0.029 0.279 0.298 0.306 
649    (0)   :  0.012 0.067 0.029 0.472 0.160 0.260 
650    (0)   :  0.013 0.123 0.032 0.293 0.216 0.323 
651    (0)   :  0.049 0.057 0.021 0.108 0.315 0.450 
652    (0)   :  0.010 0.054 0.030 0.108 0.196 0.603 
653    (0)   :  0.037 0.049 0.042 0.153 0.239 0.481 
654    (0)   :  0.049 0.051 0.031 0.150 0.152 0.567 
655    (0)   :  0.009 0.134 0.050 0.107 0.178 0.522 
656    (0)   :  0.040 0.056 0.047 0.282 0.200 0.375 
657    (0)   :  0.011 0.054 0.051 0.080 0.519 0.285 
658    (0)   :  0.010 0.184 0.085 0.190 0.215 0.316 
659    (0)   :  0.019 0.054 0.039 0.150 0.217 0.522 
660    (0)   :  0.009 0.053 0.022 0.167 0.133 0.616 
661    (0)   :  0.015 0.041 0.049 0.216 0.140 0.539 
662    (0)   :  0.014 0.068 0.028 0.594 0.122 0.176 
663    (0)   :  0.009 0.075 0.026 0.159 0.197 0.534 
664    (0)   :  0.015 0.270 0.140 0.097 0.135 0.342 
665    (0)   :  0.011 0.056 0.022 0.523 0.159 0.230 
666    (0)   :  0.010 0.057 0.038 0.178 0.157 0.560 
667    (0)   :  0.180 0.117 0.041 0.181 0.270 0.211 
668    (0)   :  0.013 0.060 0.047 0.164 0.232 0.485 
669    (0)   :  0.015 0.064 0.026 0.293 0.235 0.368 
670    (0)   :  0.007 0.034 0.020 0.071 0.089 0.779 
671    (0)   :  0.009 0.051 0.025 0.119 0.114 0.683 
672    (0)   :  0.008 0.096 0.073 0.083 0.102 0.639 
673    (0)   :  0.007 0.031 0.020 0.041 0.092 0.809 
674    (0)   :  0.011 0.031 0.029 0.086 0.156 0.687 
675    (0)   :  0.025 0.072 0.022 0.049 0.085 0.747 
676    (0)   :  0.008 0.030 0.020 0.042 0.084 0.817 
677    (0)   :  0.008 0.031 0.020 0.153 0.076 0.714 
678    (0)   :  0.008 0.036 0.021 0.038 0.091 0.806 
679    (0)   :  0.010 0.030 0.027 0.048 0.172 0.712 
680    (0)   :  0.013 0.032 0.034 0.057 0.111 0.753 
681    (0)   :  0.025 0.043 0.085 0.297 0.199 0.351 
682    (0)   :  0.010 0.033 0.034 0.050 0.103 0.771 
683    (0)   :  0.007 0.034 0.020 0.067 0.078 0.792 
684    (0)   :  0.008 0.036 0.020 0.043 0.092 0.801 
685    (0)   :  0.007 0.030 0.018 0.045 0.077 0.823 
686    (0)   :  0.011 0.036 0.032 0.126 0.103 0.693 
687    (0)   :  0.008 0.049 0.023 0.146 0.108 0.666 
688    (0)   :  0.008 0.042 0.024 0.058 0.107 0.761 
689    (0)   :  0.007 0.028 0.019 0.044 0.081 0.821 
690    (0)   :  0.007 0.030 0.020 0.042 0.083 0.818 
691    (0)   :  0.012 0.030 0.026 0.062 0.153 0.717 
692    (0)   :  0.009 0.042 0.024 0.050 0.127 0.748 
693    (0)   :  0.010 0.063 0.033 0.046 0.105 0.743 
694    (0)   :  0.006 0.028 0.018 0.047 0.072 0.828 
695    (0)   :  0.008 0.035 0.039 0.072 0.090 0.756 
696    (0)   :  0.008 0.042 0.024 0.058 0.108 0.759 
697    (0)   :  0.007 0.028 0.020 0.058 0.083 0.803 
698    (0)   :  0.007 0.029 0.020 0.046 0.086 0.811 
699    (0)   :  0.008 0.033 0.038 0.137 0.083 0.700 
700    (0)   :  0.016 0.087 0.054 0.076 0.078 0.689 
701    (0)   :  0.009 0.040 0.047 0.081 0.179 0.644 
702    (0)   :  0.011 0.048 0.044 0.094 0.123 0.680 
703    (0)   :  0.009 0.033 0.033 0.054 0.109 0.763 
704    (0)   :  0.008 0.040 0.023 0.075 0.097 0.757 
705    (0)   :  0.022 0.049 0.082 0.273 0.124 0.450 
706    (0)   :  0.010 0.030 0.030 0.062 0.103 0.764 
707    (0)   :  0.008 0.029 0.020 0.067 0.089 0.788 
708    (0)   :  0.010 0.030 0.020 0.051 0.085 0.803 
709    (0)   :  0.011 0.037 0.026 0.064 0.072 0.791 
710    (0)   :  0.008 0.029 0.018 0.045 0.076 0.825 
711    (0)   :  0.009 0.030 0.030 0.105 0.096 0.730 
712    (0)   :  0.011 0.027 0.018 0.105 0.074 0.764 
713    (0)   :  0.008 0.042 0.021 0.065 0.098 0.765 
714    (0)   :  0.017 0.033 0.028 0.064 0.171 0.686 
715    (0)   :  0.008 0.027 0.019 0.072 0.072 0.802 
