

----------------------------------------------------
STRUCTURE by Pritchard, Stephens and Donnelly (2000)
     and Falush, Stephens and Pritchard (2003)
       Code by Pritchard, Falush and Hubisz
             Version 2.3.4 (Jul 2012)
----------------------------------------------------



Command line arguments:   ./structure -K 3 -D 103015 -m brooktrout/mainparams -e brooktrout/extraparams -o brooktrout/250914_output/results_K3_rep15 
Input File:    brooktrout/brooktrout.txt

Run parameters:
   8454 individuals
   5 loci
   3 populations assumed
   50000 Burn-in period
   100000 Reps
RANDOMIZE turned off


--------------------------------------------
Overall proportion of membership of the
sample in each of the 3 clusters

Inferred Clusters
  1      2      3    
0.227  0.265  0.508  

--------------------------------------------

Allele-freq. divergence among pops (Net nucleotide distance),
computed using point estimates of P.

      1       2       3      
 1      -    0.0869  0.0535  
 2   0.0869     -    0.0284  
 3   0.0535  0.0284     -    

Average distances (expected heterozygosity) between individuals in same cluster:
cluster  1  : 0.7738 
cluster  2  : 0.8135 
cluster  3  : 0.8441 

--------------------------------------------
Estimated Ln Prob of Data   = -178877.8
Mean value of ln likelihood = -175610.2
Variance of ln likelihood   = 6535.2

Mean value of alpha_1       = 0.1147
Mean value of alpha_2       = 0.1324
Mean value of alpha_3       = 0.2570
Allele frequencies uncorrelated


Inferred ancestry of individuals:
     (%Miss) :  Inferred clusters
  1    (0)   :  0.258 0.342 0.400 
  2    (0)   :  0.038 0.044 0.919 
  3    (0)   :  0.154 0.660 0.186 
  4    (0)   :  0.724 0.036 0.241 
  5    (0)   :  0.032 0.051 0.918 
  6    (0)   :  0.031 0.854 0.116 
  7    (0)   :  0.029 0.154 0.817 
  8    (0)   :  0.286 0.315 0.399 
  9    (0)   :  0.092 0.512 0.396 
 10    (0)   :  0.102 0.470 0.428 
 11    (0)   :  0.032 0.260 0.708 
 12    (0)   :  0.055 0.063 0.882 
 13    (0)   :  0.053 0.108 0.839 
 14    (0)   :  0.112 0.079 0.809 
 15    (0)   :  0.155 0.074 0.771 
 16    (0)   :  0.051 0.680 0.269 
 17    (0)   :  0.057 0.272 0.671 
 18    (0)   :  0.128 0.610 0.262 
 19    (0)   :  0.043 0.588 0.369 
 20    (0)   :  0.047 0.105 0.848 
 21    (0)   :  0.298 0.176 0.526 
 22    (0)   :  0.055 0.820 0.125 
 23    (0)   :  0.266 0.059 0.675 
 24    (0)   :  0.192 0.492 0.316 
 25    (0)   :  0.024 0.109 0.867 
 26    (0)   :  0.124 0.331 0.545 
 27    (0)   :  0.089 0.288 0.623 
 28    (0)   :  0.252 0.171 0.576 
 29    (0)   :  0.044 0.083 0.873 
 30    (0)   :  0.046 0.831 0.123 
 31    (0)   :  0.101 0.133 0.765 
 32    (0)   :  0.147 0.180 0.673 
 33    (0)   :  0.150 0.626 0.225 
 34    (0)   :  0.042 0.572 0.386 
 35    (0)   :  0.060 0.561 0.380 
 36    (0)   :  0.108 0.724 0.168 
 37    (0)   :  0.237 0.118 0.645 
 38    (0)   :  0.024 0.862 0.114 
 39    (0)   :  0.043 0.714 0.243 
 40    (0)   :  0.550 0.144 0.307 
 41    (0)   :  0.089 0.669 0.243 
 42    (0)   :  0.662 0.219 0.119 
 43    (0)   :  0.167 0.066 0.767 
 44    (0)   :  0.090 0.444 0.465 
 45    (0)   :  0.042 0.692 0.266 
 46    (0)   :  0.033 0.678 0.289 
 47    (0)   :  0.071 0.653 0.276 
 48    (0)   :  0.117 0.443 0.441 
 49    (0)   :  0.076 0.565 0.359 
 50    (0)   :  0.084 0.700 0.216 
 51    (0)   :  0.228 0.480 0.292 
 52    (0)   :  0.051 0.737 0.212 
 53    (0)   :  0.053 0.847 0.100 
 54    (0)   :  0.093 0.095 0.812 
 55    (0)   :  0.072 0.058 0.870 
 56    (0)   :  0.110 0.626 0.263 
 57    (0)   :  0.136 0.319 0.545 
 58    (0)   :  0.093 0.207 0.701 
 59    (0)   :  0.056 0.710 0.234 
 60    (0)   :  0.428 0.153 0.419 
 61    (0)   :  0.207 0.036 0.757 
 62    (0)   :  0.051 0.564 0.385 
 63    (0)   :  0.141 0.186 0.673 
 64    (0)   :  0.030 0.815 0.155 
 65    (0)   :  0.020 0.149 0.831 
 66    (0)   :  0.162 0.043 0.794 
 67    (0)   :  0.055 0.063 0.882 
 68    (0)   :  0.083 0.674 0.243 
 69    (0)   :  0.142 0.466 0.392 
 70    (0)   :  0.130 0.208 0.662 
 71    (0)   :  0.034 0.656 0.310 
 72    (0)   :  0.042 0.778 0.180 
 73    (0)   :  0.037 0.092 0.871 
 74    (0)   :  0.212 0.656 0.132 
 75    (0)   :  0.646 0.203 0.151 
 76    (0)   :  0.054 0.113 0.833 
 77    (0)   :  0.053 0.700 0.247 
 78    (0)   :  0.053 0.794 0.153 
 79    (0)   :  0.031 0.116 0.853 
 80    (0)   :  0.618 0.090 0.292 
 81    (0)   :  0.368 0.126 0.506 
 82    (0)   :  0.084 0.046 0.870 
 83    (0)   :  0.240 0.141 0.618 
 84    (0)   :  0.147 0.109 0.745 
 85    (0)   :  0.320 0.142 0.538 
 86    (0)   :  0.041 0.129 0.830 
 87    (0)   :  0.038 0.093 0.869 
 88    (0)   :  0.191 0.051 0.758 
 89    (0)   :  0.364 0.053 0.583 
 90    (0)   :  0.034 0.059 0.907 
 91    (0)   :  0.668 0.077 0.255 
 92    (0)   :  0.061 0.073 0.866 
 93    (0)   :  0.893 0.030 0.077 
 94    (0)   :  0.035 0.592 0.374 
 95    (0)   :  0.076 0.043 0.880 
 96    (0)   :  0.369 0.038 0.593 
 97    (0)   :  0.453 0.362 0.185 
 98    (0)   :  0.130 0.184 0.686 
 99    (0)   :  0.113 0.083 0.804 
100    (0)   :  0.821 0.028 0.151 
101    (0)   :  0.063 0.050 0.887 
102    (0)   :  0.343 0.094 0.563 
103    (0)   :  0.111 0.038 0.852 
104    (0)   :  0.035 0.055 0.910 
105    (0)   :  0.063 0.033 0.904 
106    (0)   :  0.017 0.433 0.550 
107    (0)   :  0.062 0.046 0.892 
108    (0)   :  0.041 0.100 0.860 
109    (0)   :  0.017 0.240 0.743 
110    (0)   :  0.021 0.472 0.507 
111    (0)   :  0.021 0.062 0.917 
112    (0)   :  0.019 0.297 0.684 
113    (0)   :  0.073 0.141 0.786 
114    (0)   :  0.043 0.051 0.906 
115    (0)   :  0.036 0.051 0.913 
116    (0)   :  0.020 0.286 0.694 
117    (0)   :  0.031 0.305 0.664 
118    (0)   :  0.026 0.041 0.933 
119    (0)   :  0.347 0.065 0.588 
120    (0)   :  0.030 0.069 0.901 
121    (0)   :  0.033 0.076 0.891 
122    (0)   :  0.023 0.332 0.645 
123    (0)   :  0.033 0.132 0.836 
124    (0)   :  0.031 0.590 0.379 
125    (0)   :  0.036 0.712 0.253 
126    (0)   :  0.045 0.269 0.685 
127    (0)   :  0.023 0.050 0.927 
128    (0)   :  0.028 0.039 0.933 
129    (0)   :  0.022 0.032 0.946 
130    (0)   :  0.043 0.057 0.900 
131    (0)   :  0.030 0.630 0.340 
132    (0)   :  0.020 0.200 0.780 
133    (0)   :  0.033 0.059 0.907 
134    (0)   :  0.013 0.548 0.439 
135    (0)   :  0.755 0.041 0.204 
136    (0)   :  0.877 0.035 0.088 
137    (0)   :  0.844 0.033 0.123 
138    (0)   :  0.913 0.033 0.053 
139    (0)   :  0.600 0.064 0.336 
140    (0)   :  0.625 0.115 0.261 
141    (0)   :  0.854 0.058 0.088 
142    (0)   :  0.819 0.036 0.145 
143    (0)   :  0.927 0.022 0.051 
144    (0)   :  0.859 0.029 0.113 
145    (0)   :  0.719 0.090 0.192 
146    (0)   :  0.562 0.097 0.341 
147    (0)   :  0.923 0.026 0.051 
148    (0)   :  0.767 0.049 0.184 
149    (0)   :  0.894 0.038 0.069 
150    (0)   :  0.629 0.045 0.326 
151    (0)   :  0.880 0.030 0.090 
152    (0)   :  0.687 0.056 0.257 
153    (0)   :  0.869 0.049 0.082 
154    (0)   :  0.867 0.030 0.103 
155    (0)   :  0.904 0.026 0.070 
156    (0)   :  0.866 0.026 0.108 
157    (0)   :  0.753 0.059 0.188 
158    (0)   :  0.759 0.088 0.153 
159    (0)   :  0.920 0.023 0.056 
160    (0)   :  0.910 0.025 0.066 
161    (0)   :  0.795 0.062 0.142 
162    (0)   :  0.452 0.109 0.440 
163    (0)   :  0.914 0.025 0.060 
164    (0)   :  0.413 0.060 0.527 
165    (0)   :  0.716 0.041 0.243 
166    (0)   :  0.624 0.074 0.302 
167    (0)   :  0.744 0.050 0.207 
168    (0)   :  0.857 0.053 0.091 
169    (0)   :  0.423 0.465 0.112 
170    (0)   :  0.854 0.032 0.114 
171    (0)   :  0.630 0.057 0.313 
172    (0)   :  0.796 0.139 0.066 
173    (0)   :  0.905 0.024 0.071 
174    (0)   :  0.886 0.031 0.082 
175    (0)   :  0.905 0.032 0.063 
176    (0)   :  0.857 0.031 0.112 
177    (0)   :  0.578 0.130 0.292 
178    (0)   :  0.832 0.048 0.121 
179    (0)   :  0.926 0.023 0.051 
180    (0)   :  0.733 0.087 0.181 
181    (0)   :  0.821 0.046 0.133 
182    (0)   :  0.849 0.023 0.127 
183    (0)   :  0.910 0.026 0.064 
184    (0)   :  0.049 0.102 0.849 
185    (0)   :  0.926 0.020 0.055 
186    (0)   :  0.038 0.091 0.871 
187    (0)   :  0.372 0.065 0.563 
188    (0)   :  0.028 0.066 0.906 
189    (0)   :  0.345 0.236 0.418 
190    (0)   :  0.732 0.023 0.245 
191    (0)   :  0.084 0.040 0.877 
192    (0)   :  0.252 0.062 0.686 
193    (0)   :  0.210 0.072 0.718 
194    (0)   :  0.226 0.050 0.725 
195    (0)   :  0.847 0.024 0.128 
196    (0)   :  0.388 0.040 0.572 
197    (0)   :  0.109 0.226 0.665 
198    (0)   :  0.121 0.107 0.772 
199    (0)   :  0.353 0.036 0.611 
200    (0)   :  0.222 0.066 0.712 
201    (0)   :  0.842 0.032 0.126 
202    (0)   :  0.793 0.023 0.184 
203    (0)   :  0.817 0.027 0.156 
204    (0)   :  0.510 0.028 0.462 
205    (0)   :  0.125 0.050 0.824 
206    (0)   :  0.415 0.033 0.553 
207    (0)   :  0.096 0.030 0.875 
208    (0)   :  0.479 0.040 0.481 
209    (0)   :  0.132 0.049 0.819 
210    (0)   :  0.413 0.036 0.551 
211    (0)   :  0.155 0.026 0.819 
212    (0)   :  0.828 0.043 0.129 
213    (0)   :  0.132 0.070 0.798 
214    (0)   :  0.841 0.030 0.129 
215    (0)   :  0.056 0.038 0.906 
216    (0)   :  0.067 0.105 0.828 
217    (0)   :  0.795 0.041 0.164 
218    (0)   :  0.180 0.051 0.769 
219    (0)   :  0.263 0.197 0.540 
220    (0)   :  0.105 0.031 0.864 
221    (0)   :  0.917 0.020 0.063 
222    (0)   :  0.122 0.211 0.667 
223    (0)   :  0.526 0.085 0.390 
224    (0)   :  0.681 0.031 0.288 
225    (0)   :  0.293 0.043 0.664 
226    (0)   :  0.171 0.164 0.664 
227    (0)   :  0.457 0.030 0.513 
228    (0)   :  0.840 0.023 0.137 
229    (0)   :  0.662 0.041 0.297 
230    (0)   :  0.526 0.034 0.440 
231    (0)   :  0.570 0.060 0.370 
232    (0)   :  0.399 0.089 0.512 
233    (0)   :  0.866 0.028 0.106 
234    (0)   :  0.185 0.079 0.736 
235    (0)   :  0.437 0.095 0.468 
236    (0)   :  0.558 0.060 0.383 
237    (0)   :  0.163 0.032 0.805 
238    (0)   :  0.779 0.040 0.181 
239    (0)   :  0.853 0.024 0.122 
240    (0)   :  0.774 0.039 0.187 
241    (0)   :  0.821 0.030 0.150 
242    (0)   :  0.324 0.104 0.572 
243    (0)   :  0.514 0.028 0.458 
244    (0)   :  0.764 0.029 0.207 
245    (0)   :  0.894 0.025 0.080 
246    (0)   :  0.809 0.040 0.151 
247    (0)   :  0.035 0.118 0.847 
248    (0)   :  0.041 0.035 0.924 
249    (0)   :  0.672 0.035 0.293 
250    (0)   :  0.331 0.053 0.617 
251    (0)   :  0.086 0.094 0.820 
252    (0)   :  0.450 0.061 0.490 
253    (0)   :  0.079 0.060 0.861 
254    (0)   :  0.155 0.135 0.710 
255    (0)   :  0.221 0.078 0.700 
256    (0)   :  0.661 0.039 0.300 
257    (0)   :  0.172 0.038 0.790 
258    (0)   :  0.090 0.048 0.862 
259    (0)   :  0.127 0.037 0.836 
260    (0)   :  0.316 0.146 0.538 
261    (0)   :  0.667 0.056 0.276 
262    (0)   :  0.857 0.026 0.117 
263    (0)   :  0.129 0.051 0.821 
264    (0)   :  0.029 0.678 0.293 
265    (0)   :  0.241 0.092 0.667 
266    (0)   :  0.909 0.021 0.071 
267    (0)   :  0.266 0.050 0.685 
268    (0)   :  0.391 0.040 0.569 
269    (0)   :  0.272 0.196 0.532 
270    (0)   :  0.076 0.085 0.839 
271    (0)   :  0.075 0.040 0.885 
272    (0)   :  0.102 0.099 0.799 
273    (0)   :  0.522 0.109 0.369 
274    (0)   :  0.119 0.075 0.806 
275    (0)   :  0.261 0.102 0.637 
276    (0)   :  0.089 0.082 0.829 
277    (0)   :  0.421 0.093 0.486 
278    (0)   :  0.091 0.040 0.869 
279    (0)   :  0.278 0.061 0.661 
280    (0)   :  0.259 0.219 0.521 
281    (0)   :  0.122 0.054 0.824 
282    (0)   :  0.669 0.073 0.258 
283    (0)   :  0.804 0.036 0.160 
284    (0)   :  0.258 0.054 0.688 
285    (0)   :  0.028 0.064 0.908 
286    (0)   :  0.761 0.029 0.209 
287    (0)   :  0.215 0.118 0.667 
288    (0)   :  0.108 0.107 0.785 
289    (0)   :  0.146 0.106 0.748 
290    (0)   :  0.181 0.378 0.441 
291    (0)   :  0.075 0.040 0.885 
292    (0)   :  0.452 0.164 0.384 
293    (0)   :  0.077 0.579 0.344 
294    (0)   :  0.112 0.058 0.830 
295    (0)   :  0.175 0.091 0.734 
296    (0)   :  0.108 0.036 0.856 
297    (0)   :  0.123 0.250 0.627 
298    (0)   :  0.469 0.076 0.455 
299    (0)   :  0.113 0.078 0.809 
300    (0)   :  0.112 0.060 0.828 
301    (0)   :  0.080 0.139 0.781 
302    (0)   :  0.116 0.051 0.833 
303    (0)   :  0.713 0.059 0.227 
304    (0)   :  0.403 0.199 0.398 
305    (0)   :  0.747 0.031 0.222 
306    (0)   :  0.758 0.056 0.186 
307    (0)   :  0.220 0.051 0.729 
308    (0)   :  0.668 0.055 0.277 
309    (0)   :  0.128 0.050 0.822 
310    (0)   :  0.715 0.031 0.254 
311    (0)   :  0.534 0.033 0.433 
312    (0)   :  0.108 0.028 0.863 
313    (0)   :  0.058 0.027 0.914 
314    (0)   :  0.932 0.023 0.045 
315    (0)   :  0.914 0.029 0.057 
316    (0)   :  0.907 0.034 0.059 
317    (0)   :  0.932 0.024 0.044 
318    (0)   :  0.931 0.025 0.043 
319    (0)   :  0.924 0.023 0.052 
320    (0)   :  0.933 0.022 0.045 
321    (0)   :  0.926 0.026 0.047 
322    (0)   :  0.906 0.033 0.061 
323    (0)   :  0.928 0.025 0.047 
324    (0)   :  0.927 0.025 0.047 
325    (0)   :  0.911 0.034 0.054 
326    (0)   :  0.918 0.033 0.050 
327    (0)   :  0.932 0.024 0.044 
328    (0)   :  0.901 0.034 0.065 
329    (0)   :  0.929 0.023 0.047 
330    (0)   :  0.932 0.023 0.044 
331    (0)   :  0.931 0.023 0.046 
332    (0)   :  0.900 0.042 0.058 
333    (0)   :  0.916 0.029 0.054 
334    (0)   :  0.900 0.033 0.066 
335    (0)   :  0.909 0.031 0.060 
336    (0)   :  0.928 0.027 0.045 
337    (0)   :  0.903 0.038 0.059 
338    (0)   :  0.930 0.027 0.044 
339    (0)   :  0.930 0.023 0.047 
340    (0)   :  0.935 0.020 0.045 
341    (0)   :  0.931 0.023 0.047 
342    (0)   :  0.931 0.024 0.045 
343    (0)   :  0.902 0.035 0.064 
344    (0)   :  0.933 0.022 0.045 
345    (0)   :  0.931 0.024 0.045 
346    (0)   :  0.936 0.022 0.042 
347    (0)   :  0.937 0.020 0.043 
348    (0)   :  0.912 0.028 0.059 
349    (0)   :  0.932 0.024 0.044 
350    (0)   :  0.927 0.022 0.051 
351    (0)   :  0.913 0.030 0.056 
352    (0)   :  0.911 0.033 0.056 
353    (0)   :  0.928 0.027 0.045 
354    (0)   :  0.929 0.023 0.048 
355    (0)   :  0.932 0.025 0.043 
356    (0)   :  0.907 0.028 0.065 
357    (0)   :  0.522 0.200 0.278 
358    (0)   :  0.910 0.033 0.056 
359    (0)   :  0.928 0.024 0.048 
360    (0)   :  0.936 0.023 0.042 
361    (0)   :  0.420 0.205 0.375 
362    (0)   :  0.058 0.321 0.621 
363    (0)   :  0.032 0.665 0.303 
364    (0)   :  0.322 0.236 0.441 
365    (0)   :  0.032 0.751 0.217 
366    (0)   :  0.135 0.534 0.331 
367    (0)   :  0.016 0.633 0.351 
368    (0)   :  0.029 0.069 0.902 
369    (0)   :  0.394 0.224 0.382 
370    (0)   :  0.043 0.062 0.895 
371    (0)   :  0.087 0.302 0.610 
372    (0)   :  0.111 0.084 0.805 
373    (0)   :  0.051 0.181 0.768 
374    (0)   :  0.285 0.303 0.412 
375    (0)   :  0.025 0.590 0.386 
376    (0)   :  0.018 0.916 0.066 
377    (0)   :  0.048 0.457 0.495 
378    (0)   :  0.095 0.106 0.799 
379    (0)   :  0.017 0.922 0.061 
380    (0)   :  0.110 0.789 0.101 
381    (0)   :  0.073 0.847 0.080 
382    (0)   :  0.028 0.540 0.433 
383    (0)   :  0.091 0.828 0.081 
384    (0)   :  0.061 0.750 0.189 
385    (0)   :  0.084 0.131 0.786 
386    (0)   :  0.028 0.578 0.394 
387    (0)   :  0.029 0.610 0.360 
388    (0)   :  0.183 0.200 0.617 
389    (0)   :  0.040 0.050 0.909 
390    (0)   :  0.031 0.674 0.295 
391    (0)   :  0.059 0.122 0.819 
392    (0)   :  0.050 0.818 0.132 
393    (0)   :  0.061 0.875 0.064 
394    (0)   :  0.163 0.165 0.671 
395    (0)   :  0.052 0.635 0.313 
396    (0)   :  0.018 0.518 0.464 
397    (0)   :  0.140 0.262 0.598 
398    (0)   :  0.018 0.882 0.100 
399    (0)   :  0.024 0.172 0.803 
400    (0)   :  0.033 0.715 0.252 
401    (0)   :  0.040 0.368 0.591 
402    (0)   :  0.061 0.116 0.823 
403    (0)   :  0.337 0.170 0.494 
404    (0)   :  0.068 0.628 0.304 
405    (0)   :  0.071 0.396 0.534 
406    (0)   :  0.198 0.640 0.162 
407    (0)   :  0.019 0.894 0.088 
408    (0)   :  0.019 0.059 0.922 
409    (0)   :  0.484 0.388 0.128 
410    (0)   :  0.054 0.762 0.184 
411    (0)   :  0.195 0.670 0.135 
412    (0)   :  0.029 0.100 0.871 
413    (0)   :  0.080 0.092 0.828 
414    (0)   :  0.020 0.091 0.889 
415    (0)   :  0.030 0.850 0.120 
416    (0)   :  0.046 0.639 0.314 
417    (0)   :  0.025 0.855 0.121 
418    (0)   :  0.019 0.514 0.467 
419    (0)   :  0.150 0.411 0.439 
420    (0)   :  0.029 0.424 0.547 
421    (0)   :  0.030 0.711 0.259 
422    (0)   :  0.047 0.664 0.288 
423    (0)   :  0.038 0.760 0.202 
424    (0)   :  0.050 0.187 0.763 
425    (0)   :  0.058 0.510 0.432 
426    (0)   :  0.045 0.142 0.813 
427    (0)   :  0.070 0.816 0.114 
428    (0)   :  0.193 0.539 0.268 
429    (0)   :  0.016 0.881 0.102 
430    (0)   :  0.025 0.875 0.100 
431    (0)   :  0.036 0.143 0.821 
432    (0)   :  0.034 0.079 0.887 
433    (0)   :  0.186 0.051 0.763 
434    (0)   :  0.109 0.296 0.595 
435    (0)   :  0.019 0.875 0.106 
436    (0)   :  0.029 0.900 0.071 
437    (0)   :  0.020 0.873 0.107 
438    (0)   :  0.060 0.752 0.188 
439    (0)   :  0.025 0.911 0.064 
440    (0)   :  0.015 0.892 0.092 
441    (0)   :  0.075 0.682 0.243 
442    (0)   :  0.021 0.816 0.162 
443    (0)   :  0.022 0.598 0.380 
444    (0)   :  0.021 0.844 0.135 
445    (0)   :  0.123 0.754 0.123 
446    (0)   :  0.021 0.881 0.098 
447    (0)   :  0.051 0.692 0.257 
448    (0)   :  0.023 0.730 0.247 
449    (0)   :  0.042 0.668 0.291 
450    (0)   :  0.034 0.833 0.133 
451    (0)   :  0.016 0.092 0.891 
452    (0)   :  0.029 0.861 0.110 
453    (0)   :  0.076 0.107 0.818 
454    (0)   :  0.052 0.685 0.263 
455    (0)   :  0.023 0.863 0.114 
456    (0)   :  0.022 0.828 0.150 
457    (0)   :  0.022 0.892 0.086 
458    (0)   :  0.025 0.902 0.073 
459    (0)   :  0.067 0.695 0.238 
460    (0)   :  0.020 0.847 0.133 
461    (0)   :  0.019 0.801 0.180 
462    (0)   :  0.016 0.856 0.128 
463    (0)   :  0.080 0.559 0.361 
464    (0)   :  0.020 0.739 0.241 
465    (0)   :  0.031 0.470 0.499 
466    (0)   :  0.026 0.520 0.454 
467    (0)   :  0.052 0.759 0.188 
468    (0)   :  0.020 0.897 0.083 
469    (0)   :  0.021 0.920 0.058 
470    (0)   :  0.018 0.894 0.088 
471    (0)   :  0.041 0.421 0.538 
472    (0)   :  0.031 0.554 0.415 
473    (0)   :  0.048 0.499 0.453 
474    (0)   :  0.034 0.829 0.137 
475    (0)   :  0.046 0.565 0.389 
476    (0)   :  0.025 0.899 0.077 
477    (0)   :  0.042 0.148 0.810 
478    (0)   :  0.020 0.166 0.815 
479    (0)   :  0.018 0.857 0.125 
480    (0)   :  0.020 0.913 0.066 
481    (0)   :  0.025 0.474 0.501 
482    (0)   :  0.017 0.905 0.078 
483    (0)   :  0.026 0.878 0.097 
484    (0)   :  0.034 0.813 0.154 
485    (0)   :  0.021 0.894 0.085 
486    (0)   :  0.036 0.056 0.907 
487    (0)   :  0.090 0.070 0.840 
488    (0)   :  0.043 0.044 0.913 
489    (0)   :  0.177 0.086 0.737 
490    (0)   :  0.022 0.079 0.900 
491    (0)   :  0.104 0.050 0.846 
492    (0)   :  0.170 0.053 0.777 
493    (0)   :  0.042 0.044 0.914 
494    (0)   :  0.078 0.118 0.805 
495    (0)   :  0.066 0.083 0.851 
496    (0)   :  0.377 0.067 0.556 
497    (0)   :  0.072 0.047 0.882 
498    (0)   :  0.040 0.065 0.894 
499    (0)   :  0.229 0.060 0.711 
500    (0)   :  0.049 0.197 0.754 
501    (0)   :  0.125 0.213 0.661 
502    (0)   :  0.126 0.093 0.782 
503    (0)   :  0.030 0.514 0.456 
504    (0)   :  0.030 0.046 0.924 
505    (0)   :  0.093 0.051 0.856 
506    (0)   :  0.116 0.075 0.809 
507    (0)   :  0.856 0.028 0.116 
508    (0)   :  0.693 0.029 0.278 
509    (0)   :  0.196 0.046 0.758 
510    (0)   :  0.245 0.232 0.522 
511    (0)   :  0.038 0.570 0.392 
512    (0)   :  0.022 0.663 0.315 
513    (0)   :  0.042 0.023 0.934 
514    (0)   :  0.037 0.059 0.904 
515    (0)   :  0.134 0.628 0.237 
516    (0)   :  0.038 0.040 0.922 
517    (0)   :  0.128 0.237 0.635 
518    (0)   :  0.250 0.153 0.597 
519    (0)   :  0.038 0.073 0.889 
520    (0)   :  0.514 0.219 0.268 
521    (0)   :  0.415 0.076 0.509 
522    (0)   :  0.062 0.653 0.285 
523    (0)   :  0.220 0.064 0.716 
524    (0)   :  0.075 0.470 0.455 
525    (0)   :  0.297 0.311 0.392 
526    (0)   :  0.126 0.714 0.160 
527    (0)   :  0.036 0.183 0.781 
528    (0)   :  0.773 0.043 0.184 
529    (0)   :  0.091 0.076 0.833 
530    (0)   :  0.076 0.565 0.359 
531    (0)   :  0.459 0.240 0.302 
532    (0)   :  0.244 0.142 0.614 
533    (0)   :  0.066 0.387 0.548 
534    (0)   :  0.091 0.035 0.874 
535    (0)   :  0.075 0.290 0.635 
536    (0)   :  0.255 0.502 0.243 
537    (0)   :  0.635 0.071 0.294 
538    (0)   :  0.373 0.111 0.516 
539    (0)   :  0.886 0.030 0.084 
540    (0)   :  0.408 0.146 0.445 
541    (0)   :  0.640 0.093 0.266 
542    (0)   :  0.116 0.649 0.235 
543    (0)   :  0.211 0.049 0.740 
544    (0)   :  0.193 0.241 0.566 
545    (0)   :  0.054 0.607 0.339 
546    (0)   :  0.337 0.135 0.528 
547    (0)   :  0.373 0.092 0.536 
548    (0)   :  0.335 0.052 0.613 
549    (0)   :  0.710 0.200 0.090 
550    (0)   :  0.100 0.574 0.327 
551    (0)   :  0.760 0.076 0.164 
552    (0)   :  0.505 0.109 0.386 
553    (0)   :  0.395 0.040 0.565 
554    (0)   :  0.163 0.286 0.551 
555    (0)   :  0.543 0.060 0.396 
556    (0)   :  0.300 0.091 0.609 
557    (0)   :  0.120 0.643 0.237 
558    (0)   :  0.018 0.912 0.071 
559    (0)   :  0.032 0.063 0.905 
560    (0)   :  0.016 0.767 0.217 
561    (0)   :  0.021 0.456 0.523 
562    (0)   :  0.017 0.239 0.744 
563    (0)   :  0.095 0.163 0.741 
564    (0)   :  0.043 0.071 0.886 
565    (0)   :  0.022 0.899 0.079 
566    (0)   :  0.016 0.301 0.683 
567    (0)   :  0.026 0.044 0.930 
568    (0)   :  0.039 0.235 0.726 
569    (0)   :  0.052 0.292 0.656 
570    (0)   :  0.015 0.881 0.103 
571    (0)   :  0.023 0.089 0.888 
572    (0)   :  0.334 0.123 0.543 
573    (0)   :  0.043 0.095 0.862 
574    (0)   :  0.092 0.481 0.427 
575    (0)   :  0.060 0.240 0.700 
576    (0)   :  0.015 0.193 0.792 
577    (0)   :  0.077 0.467 0.456 
578    (0)   :  0.029 0.272 0.700 
579    (0)   :  0.029 0.404 0.567 
580    (0)   :  0.048 0.639 0.313 
581    (0)   :  0.035 0.635 0.329 
582    (0)   :  0.018 0.859 0.122 
583    (0)   :  0.025 0.233 0.742 
584    (0)   :  0.018 0.155 0.827 
585    (0)   :  0.023 0.466 0.510 
586    (0)   :  0.029 0.082 0.889 
587    (0)   :  0.019 0.692 0.289 
588    (0)   :  0.035 0.026 0.939 
589    (0)   :  0.020 0.704 0.276 
590    (0)   :  0.021 0.064 0.915 
591    (0)   :  0.026 0.078 0.896 
592    (0)   :  0.024 0.288 0.688 
593    (0)   :  0.049 0.279 0.671 
594    (0)   :  0.042 0.060 0.898 
595    (0)   :  0.017 0.445 0.538 
596    (0)   :  0.043 0.102 0.855 
597    (0)   :  0.104 0.063 0.833 
598    (0)   :  0.017 0.906 0.077 
599    (0)   :  0.017 0.380 0.602 
600    (0)   :  0.060 0.578 0.362 
601    (0)   :  0.018 0.648 0.334 
602    (0)   :  0.085 0.058 0.858 
603    (0)   :  0.073 0.054 0.873 
604    (0)   :  0.070 0.671 0.258 
605    (0)   :  0.035 0.249 0.716 
606    (0)   :  0.138 0.199 0.663 
607    (0)   :  0.190 0.183 0.627 
608    (0)   :  0.436 0.252 0.311 
609    (0)   :  0.041 0.560 0.399 
610    (0)   :  0.038 0.791 0.171 
611    (0)   :  0.073 0.067 0.860 
612    (0)   :  0.026 0.894 0.080 
613    (0)   :  0.045 0.181 0.774 
614    (0)   :  0.025 0.863 0.112 
615    (0)   :  0.051 0.842 0.107 
616    (0)   :  0.120 0.159 0.721 
617    (0)   :  0.030 0.415 0.555 
618    (0)   :  0.135 0.702 0.163 
619    (0)   :  0.085 0.123 0.791 
620    (0)   :  0.020 0.174 0.806 
621    (0)   :  0.025 0.178 0.796 
622    (0)   :  0.111 0.580 0.310 
623    (0)   :  0.028 0.090 0.882 
624    (0)   :  0.089 0.804 0.107 
625    (0)   :  0.105 0.619 0.276 
626    (0)   :  0.602 0.308 0.090 
627    (0)   :  0.038 0.115 0.847 
628    (0)   :  0.035 0.081 0.884 
629    (0)   :  0.046 0.146 0.808 
630    (0)   :  0.035 0.761 0.203 
631    (0)   :  0.048 0.531 0.421 
632    (0)   :  0.303 0.124 0.572 
633    (0)   :  0.079 0.533 0.388 
634    (0)   :  0.128 0.148 0.725 
635    (0)   :  0.541 0.133 0.326 
636    (0)   :  0.183 0.573 0.244 
637    (0)   :  0.108 0.305 0.587 
638    (0)   :  0.068 0.108 0.824 
639    (0)   :  0.075 0.449 0.476 
640    (0)   :  0.029 0.134 0.837 
641    (0)   :  0.046 0.230 0.724 
642    (0)   :  0.667 0.097 0.236 
643    (0)   :  0.861 0.043 0.096 
644    (0)   :  0.698 0.044 0.258 
645    (0)   :  0.636 0.283 0.081 
646    (0)   :  0.098 0.135 0.768 
647    (0)   :  0.278 0.066 0.656 
648    (0)   :  0.388 0.156 0.456 
649    (0)   :  0.182 0.041 0.776 
650    (0)   :  0.105 0.046 0.849 
651    (0)   :  0.416 0.056 0.527 
652    (0)   :  0.604 0.063 0.333 
653    (0)   :  0.436 0.113 0.451 
654    (0)   :  0.638 0.090 0.272 
655    (0)   :  0.538 0.090 0.372 
656    (0)   :  0.243 0.099 0.658 
657    (0)   :  0.139 0.376 0.484 
658    (0)   :  0.176 0.181 0.643 
659    (0)   :  0.622 0.089 0.289 
660    (0)   :  0.745 0.041 0.214 
661    (0)   :  0.752 0.082 0.166 
662    (0)   :  0.103 0.033 0.865 
663    (0)   :  0.655 0.067 0.278 
664    (0)   :  0.244 0.309 0.448 
665    (0)   :  0.116 0.043 0.842 
666    (0)   :  0.678 0.071 0.251 
667    (0)   :  0.054 0.087 0.859 
668    (0)   :  0.540 0.145 0.315 
669    (0)   :  0.263 0.059 0.677 
670    (0)   :  0.910 0.025 0.065 
671    (0)   :  0.803 0.037 0.160 
672    (0)   :  0.782 0.062 0.156 
673    (0)   :  0.921 0.026 0.053 
674    (0)   :  0.824 0.050 0.126 
675    (0)   :  0.857 0.029 0.114 
676    (0)   :  0.924 0.025 0.051 
677    (0)   :  0.915 0.022 0.063 
678    (0)   :  0.918 0.026 0.056 
679    (0)   :  0.850 0.050 0.101 
680    (0)   :  0.886 0.042 0.072 
681    (0)   :  0.480 0.149 0.371 
682    (0)   :  0.895 0.044 0.061 
683    (0)   :  0.916 0.024 0.060 
684    (0)   :  0.913 0.026 0.060 
685    (0)   :  0.929 0.022 0.049 
686    (0)   :  0.871 0.043 0.086 
687    (0)   :  0.821 0.032 0.147 
688    (0)   :  0.879 0.032 0.089 
689    (0)   :  0.927 0.023 0.051 
690    (0)   :  0.925 0.024 0.051 
691    (0)   :  0.859 0.044 0.096 
692    (0)   :  0.875 0.037 0.088 
693    (0)   :  0.877 0.040 0.083 
694    (0)   :  0.933 0.021 0.047 
695    (0)   :  0.914 0.028 0.058 
696    (0)   :  0.877 0.032 0.092 
697    (0)   :  0.923 0.024 0.053 
698    (0)   :  0.922 0.024 0.054 
699    (0)   :  0.911 0.027 0.062 
700    (0)   :  0.865 0.066 0.070 
701    (0)   :  0.811 0.052 0.138 
702    (0)   :  0.824 0.059 0.117 
703    (0)   :  0.889 0.043 0.068 
704    (0)   :  0.896 0.028 0.076 
705    (0)   :  0.726 0.076 0.198 
706    (0)   :  0.902 0.038 0.060 
707    (0)   :  0.916 0.026 0.058 
708    (0)   :  0.916 0.024 0.060 
709    (0)   :  0.922 0.027 0.051 
710    (0)   :  0.933 0.022 0.045 
711    (0)   :  0.891 0.037 0.072 
712    (0)   :  0.925 0.020 0.055 
713    (0)   :  0.887 0.028 0.085 
714    (0)   :  0.800 0.051 0.149 
715    (0)   :  0.932 0.021 0.048 
716    (0)   :  0.913 0.036 0.052 
717    (0)   :  0.933 0.021 0.046 
718    (0)   :  0.863 0.039 0.098 
719    (0)   :  0.927 0.020 0.053 
720    (0)   :  0.027 0.143 0.830 
721    (0)   :  0.601 0.165 0.234 
722    (0)   :  0.058 0.512 0.430 
723    (0)   :  0.048 0.633 0.318 
724    (0)   :  0.133 0.746 0.121 
725    (0)   :  0.162 0.139 0.698 
726    (0)   :  0.090 0.689 0.221 
727    (0)   :  0.386 0.153 0.461 
728    (0)   :  0.016 0.924 0.061 
729    (0)   :  0.017 0.906 0.077 
730    (0)   :  0.032 0.667 0.300 
731    (0)   :  0.034 0.866 0.100 
732    (0)   :  0.048 0.639 0.313 
733    (0)   :  0.023 0.893 0.084 
734    (0)   :  0.016 0.897 0.087 
735    (0)   :  0.027 0.902 0.071 
736    (0)   :  0.034 0.591 0.376 
737    (0)   :  0.041 0.569 0.390 
738    (0)   :  0.032 0.620 0.348 
739    (0)   :  0.020 0.905 0.076 
740    (0)   :  0.741 0.053 0.206 
741    (0)   :  0.495 0.102 0.404 
742    (0)   :  0.124 0.205 0.672 
743    (0)   :  0.064 0.177 0.758 
744    (0)   :  0.103 0.057 0.840 
745    (0)   :  0.024 0.134 0.842 
746    (0)   :  0.174 0.180 0.645 
747    (0)   :  0.043 0.087 0.870 
748    (0)   :  0.446 0.058 0.496 
749    (0)   :  0.163 0.069 0.768 
750    (0)   :  0.108 0.107 0.786 
751    (0)   :  0.507 0.073 0.421 
752    (0)   :  0.064 0.129 0.808 
753    (0)   :  0.223 0.271 0.506 
754    (0)   :  0.337 0.132 0.531 
755    (0)   :  0.118 0.102 0.780 
756    (0)   :  0.182 0.047 0.771 
757    (0)   :  0.090 0.083 0.827 
758    (0)   :  0.022 0.044 0.934 
759    (0)   :  0.487 0.154 0.359 
760    (0)   :  0.096 0.368 0.537 
761    (0)   :  0.254 0.567 0.178 
762    (0)   :  0.035 0.693 0.272 
763    (0)   :  0.224 0.262 0.514 
764    (0)   :  0.054 0.074 0.873 
765    (0)   :  0.056 0.608 0.336 
766    (0)   :  0.371 0.096 0.533 
767    (0)   :  0.165 0.108 0.727 
768    (0)   :  0.034 0.708 0.258 
769    (0)   :  0.172 0.606 0.222 
770    (0)   :  0.032 0.632 0.336 
771    (0)   :  0.199 0.039 0.762 
772    (0)   :  0.286 0.144 0.570 
773    (0)   :  0.070 0.091 0.838 
774    (0)   :  0.515 0.109 0.376 
775    (0)   :  0.055 0.783 0.163 
776    (0)   :  0.037 0.106 0.858 
777    (0)   :  0.087 0.136 0.777 
778    (0)   :  0.173 0.081 0.746 
779    (0)   :  0.086 0.060 0.854 
780    (0)   :  0.344 0.070 0.586 
781    (0)   :  0.331 0.047 0.622 
782    (0)   :  0.085 0.059 0.856 
783    (0)   :  0.238 0.152 0.610 
784    (0)   :  0.049 0.271 0.680 
785    (0)   :  0.093 0.102 0.806 
786    (0)   :  0.486 0.114 0.400 
787    (0)   :  0.410 0.034 0.556 
788    (0)   :  0.054 0.213 0.734 
789    (0)   :  0.056 0.301 0.644 
790    (0)   :  0.209 0.138 0.654 
791    (0)   :  0.085 0.130 0.785 
792    (0)   :  0.522 0.039 0.439 
793    (0)   :  0.537 0.147 0.316 
794    (0)   :  0.107 0.124 0.769 
795    (0)   :  0.619 0.139 0.242 
796    (0)   :  0.112 0.071 0.817 
797    (0)   :  0.776 0.053 0.172 
798    (0)   :  0.023 0.840 0.137 
799    (0)   :  0.046 0.099 0.855 
800    (0)   :  0.660 0.027 0.313 
801    (0)   :  0.046 0.830 0.125 
802    (0)   :  0.288 0.494 0.219 
803    (0)   :  0.426 0.140 0.434 
804    (0)   :  0.124 0.172 0.704 
805    (0)   :  0.869 0.039 0.092 
806    (0)   :  0.177 0.631 0.193 
807    (0)   :  0.861 0.036 0.103 
808    (0)   :  0.546 0.060 0.394 
809    (0)   :  0.147 0.627 0.226 
810    (0)   :  0.180 0.162 0.658 
811    (0)   :  0.624 0.108 0.268 
812    (0)   :  0.061 0.149 0.789 
813    (0)   :  0.027 0.841 0.132 
814    (0)   :  0.047 0.043 0.910 
815    (0)   :  0.411 0.480 0.110 
816    (0)   :  0.420 0.345 0.235 
817    (0)   :  0.287 0.500 0.214 
818    (0)   :  0.041 0.131 0.828 
819    (0)   :  0.075 0.036 0.889 
820    (0)   :  0.096 0.055 0.849 
821    (0)   :  0.050 0.175 0.775 
822    (0)   :  0.018 0.332 0.650 
823    (0)   :  0.161 0.534 0.305 
824    (0)   :  0.100 0.107 0.794 
825    (0)   :  0.036 0.222 0.742 
826    (0)   :  0.023 0.055 0.922 
827    (0)   :  0.036 0.427 0.537 
828    (0)   :  0.067 0.510 0.423 
829    (0)   :  0.063 0.734 0.203 
830    (0)   :  0.023 0.440 0.537 
831    (0)   :  0.095 0.247 0.658 
832    (0)   :  0.116 0.336 0.549 
833    (0)   :  0.111 0.531 0.359 
834    (0)   :  0.087 0.356 0.556 
835    (0)   :  0.024 0.054 0.922 
836    (0)   :  0.059 0.079 0.862 
837    (0)   :  0.227 0.580 0.193 
838    (0)   :  0.030 0.064 0.906 
839    (0)   :  0.037 0.251 0.712 
840    (0)   :  0.109 0.045 0.846 
841    (0)   :  0.073 0.046 0.881 
842    (0)   :  0.018 0.125 0.857 
843    (0)   :  0.328 0.070 0.602 
844    (0)   :  0.102 0.145 0.753 
845    (0)   :  0.023 0.095 0.883 
846    (0)   :  0.063 0.067 0.870 
847    (0)   :  0.106 0.037 0.857 
848    (0)   :  0.047 0.039 0.914 
849    (0)   :  0.033 0.190 0.777 
850    (0)   :  0.033 0.113 0.853 
851    (0)   :  0.028 0.045 0.927 
852    (0)   :  0.505 0.238 0.257 
853    (0)   :  0.030 0.292 0.678 
854    (0)   :  0.165 0.412 0.423 
855    (0)   :  0.047 0.056 0.897 
856    (0)   :  0.075 0.067 0.859 
857    (0)   :  0.047 0.101 0.852 
858    (0)   :  0.028 0.099 0.874 
859    (0)   :  0.032 0.204 0.764 
860    (0)   :  0.025 0.048 0.927 
861    (0)   :  0.378 0.042 0.580 
862    (0)   :  0.022 0.915 0.063 
863    (0)   :  0.052 0.858 0.090 
864    (0)   :  0.036 0.909 0.055 
865    (0)   :  0.015 0.900 0.085 
866    (0)   :  0.029 0.450 0.521 
867    (0)   :  0.035 0.895 0.070 
868    (0)   :  0.030 0.841 0.129 
869    (0)   :  0.031 0.516 0.453 
870    (0)   :  0.021 0.794 0.185 
871    (0)   :  0.019 0.866 0.115 
872    (0)   :  0.025 0.886 0.089 
873    (0)   :  0.029 0.903 0.068 
874    (0)   :  0.018 0.901 0.081 
875    (0)   :  0.037 0.448 0.515 
876    (0)   :  0.022 0.091 0.887 
877    (0)   :  0.026 0.916 0.058 
878    (0)   :  0.049 0.451 0.500 
879    (0)   :  0.032 0.895 0.073 
880    (0)   :  0.028 0.395 0.577 
881    (0)   :  0.033 0.881 0.086 
882    (0)   :  0.027 0.901 0.072 
883    (0)   :  0.037 0.129 0.834 
884    (0)   :  0.015 0.900 0.084 
885    (0)   :  0.061 0.773 0.166 
886    (0)   :  0.045 0.666 0.289 
887    (0)   :  0.018 0.895 0.087 
888    (0)   :  0.116 0.356 0.528 
889    (0)   :  0.016 0.905 0.080 
890    (0)   :  0.018 0.296 0.686 
891    (0)   :  0.026 0.059 0.915 
892    (0)   :  0.030 0.073 0.896 
893    (0)   :  0.054 0.279 0.666 
894    (0)   :  0.018 0.535 0.447 
895    (0)   :  0.019 0.875 0.105 
896    (0)   :  0.047 0.044 0.909 
897    (0)   :  0.028 0.050 0.923 
898    (0)   :  0.057 0.476 0.466 
899    (0)   :  0.015 0.451 0.534 
900    (0)   :  0.022 0.060 0.918 
901    (0)   :  0.023 0.067 0.910 
902    (0)   :  0.038 0.046 0.916 
903    (0)   :  0.025 0.672 0.303 
904    (0)   :  0.055 0.456 0.489 
905    (0)   :  0.017 0.749 0.234 
906    (0)   :  0.036 0.160 0.804 
907    (0)   :  0.037 0.150 0.813 
908    (0)   :  0.028 0.144 0.828 
909    (0)   :  0.038 0.143 0.820 
910    (0)   :  0.036 0.065 0.898 
911    (0)   :  0.015 0.800 0.184 
912    (0)   :  0.019 0.493 0.488 
913    (0)   :  0.019 0.524 0.457 
914    (0)   :  0.123 0.291 0.586 
915    (0)   :  0.015 0.157 0.828 
916    (0)   :  0.021 0.218 0.761 
917    (0)   :  0.023 0.318 0.658 
918    (0)   :  0.102 0.480 0.418 
919    (0)   :  0.051 0.611 0.338 
920    (0)   :  0.032 0.144 0.823 
921    (0)   :  0.310 0.070 0.621 
922    (0)   :  0.050 0.100 0.849 
923    (0)   :  0.081 0.041 0.878 
924    (0)   :  0.039 0.039 0.922 
925    (0)   :  0.071 0.058 0.871 
926    (0)   :  0.270 0.028 0.703 
927    (0)   :  0.382 0.095 0.524 
928    (0)   :  0.508 0.032 0.461 
929    (0)   :  0.071 0.029 0.901 
930    (0)   :  0.102 0.052 0.846 
931    (0)   :  0.518 0.368 0.114 
932    (0)   :  0.058 0.035 0.907 
933    (0)   :  0.711 0.039 0.250 
934    (0)   :  0.028 0.028 0.944 
935    (0)   :  0.179 0.081 0.739 
936    (0)   :  0.119 0.078 0.802 
937    (0)   :  0.559 0.068 0.373 
938    (0)   :  0.522 0.028 0.450 
939    (0)   :  0.643 0.073 0.285 
940    (0)   :  0.207 0.101 0.692 
941    (0)   :  0.055 0.134 0.812 
942    (0)   :  0.303 0.068 0.629 
943    (0)   :  0.832 0.050 0.119 
944    (0)   :  0.564 0.068 0.368 
945    (0)   :  0.098 0.050 0.852 
946    (0)   :  0.122 0.056 0.823 
947    (0)   :  0.684 0.049 0.267 
948    (0)   :  0.085 0.684 0.231 
949    (0)   :  0.047 0.406 0.547 
950    (0)   :  0.535 0.033 0.432 
951    (0)   :  0.345 0.066 0.589 
952    (0)   :  0.191 0.085 0.724 
953    (0)   :  0.092 0.093 0.815 
954    (0)   :  0.182 0.354 0.464 
955    (0)   :  0.901 0.035 0.064 
956    (0)   :  0.891 0.026 0.082 
957    (0)   :  0.468 0.139 0.394 
958    (0)   :  0.060 0.130 0.810 
959    (0)   :  0.228 0.053 0.719 
960    (0)   :  0.073 0.568 0.359 
961    (0)   :  0.930 0.022 0.048 
962    (0)   :  0.063 0.029 0.908 
963    (0)   :  0.060 0.175 0.765 
964    (0)   :  0.083 0.098 0.818 
965    (0)   :  0.277 0.047 0.677 
966    (0)   :  0.215 0.120 0.665 
967    (0)   :  0.900 0.039 0.061 
968    (0)   :  0.077 0.032 0.890 
969    (0)   :  0.215 0.228 0.557 
970    (0)   :  0.792 0.043 0.164 
971    (0)   :  0.160 0.037 0.803 
972    (0)   :  0.226 0.170 0.604 
973    (0)   :  0.459 0.031 0.510 
974    (0)   :  0.073 0.081 0.847 
975    (0)   :  0.213 0.229 0.558 
976    (0)   :  0.158 0.038 0.803 
977    (0)   :  0.286 0.116 0.598 
978    (0)   :  0.289 0.039 0.672 
979    (0)   :  0.062 0.051 0.887 
980    (0)   :  0.360 0.038 0.601 
981    (0)   :  0.166 0.078 0.756 
982    (0)   :  0.031 0.092 0.877 
983    (0)   :  0.045 0.395 0.559 
984    (0)   :  0.686 0.190 0.124 
985    (0)   :  0.130 0.056 0.815 
986    (0)   :  0.058 0.075 0.867 
987    (0)   :  0.025 0.056 0.919 
988    (0)   :  0.017 0.722 0.261 
989    (0)   :  0.747 0.098 0.155 
990    (0)   :  0.076 0.183 0.741 
991    (0)   :  0.100 0.068 0.833 
992    (0)   :  0.027 0.034 0.939 
993    (0)   :  0.042 0.594 0.364 
994    (0)   :  0.248 0.059 0.693 
995    (0)   :  0.922 0.020 0.058 
996    (0)   :  0.035 0.156 0.809 
997    (0)   :  0.067 0.035 0.898 
998    (0)   :  0.032 0.064 0.903 
999    (0)   :  0.138 0.061 0.801 
1000    (0)   :  0.030 0.061 0.909 
1001    (0)   :  0.041 0.156 0.804 
1002    (0)   :  0.018 0.131 0.850 
1003    (0)   :  0.077 0.052 0.871 
1004    (0)   :  0.048 0.039 0.912 
1005    (0)   :  0.030 0.057 0.913 
1006    (0)   :  0.144 0.068 0.789 
1007    (0)   :  0.298 0.050 0.652 
1008    (0)   :  0.521 0.053 0.426 
1009    (0)   :  0.150 0.198 0.652 
1010    (0)   :  0.115 0.060 0.825 
1011    (0)   :  0.471 0.077 0.452 
1012    (0)   :  0.073 0.101 0.826 
1013    (0)   :  0.099 0.059 0.843 
1014    (0)   :  0.033 0.091 0.875 
1015    (0)   :  0.049 0.036 0.915 
1016    (0)   :  0.028 0.053 0.919 
1017    (0)   :  0.149 0.041 0.811 
1018    (0)   :  0.127 0.060 0.813 
1019    (0)   :  0.120 0.096 0.784 
1020    (0)   :  0.875 0.030 0.095 
1021    (0)   :  0.624 0.048 0.328 
1022    (0)   :  0.116 0.050 0.833 
1023    (0)   :  0.043 0.181 0.776 
1024    (0)   :  0.032 0.156 0.812 
1025    (0)   :  0.061 0.063 0.876 
1026    (0)   :  0.182 0.713 0.105 
1027    (0)   :  0.150 0.670 0.180 
1028    (0)   :  0.083 0.727 0.189 
1029    (0)   :  0.118 0.097 0.784 
1030    (0)   :  0.509 0.095 0.395 
1031    (0)   :  0.262 0.456 0.283 
1032    (0)   :  0.355 0.356 0.289 
1033    (0)   :  0.298 0.431 0.271 
1034    (0)   :  0.125 0.088 0.787 
1035    (0)   :  0.761 0.072 0.167 
1036    (0)   :  0.546 0.155 0.299 
1037    (0)   :  0.565 0.046 0.389 
1038    (0)   :  0.463 0.374 0.163 
1039    (0)   :  0.455 0.182 0.364 
1040    (0)   :  0.167 0.714 0.119 
1041    (0)   :  0.124 0.709 0.167 
1042    (0)   :  0.488 0.227 0.285 
1043    (0)   :  0.276 0.479 0.245 
1044    (0)   :  0.140 0.471 0.390 
1045    (0)   :  0.137 0.774 0.089 
1046    (0)   :  0.449 0.215 0.336 
1047    (0)   :  0.762 0.067 0.172 
1048    (0)   :  0.068 0.127 0.806 
1049    (0)   :  0.041 0.066 0.893 
1050    (0)   :  0.016 0.394 0.590 
1051    (0)   :  0.019 0.129 0.852 
1052    (0)   :  0.025 0.153 0.823 
1053    (0)   :  0.030 0.170 0.800 
1054    (0)   :  0.030 0.120 0.850 
1055    (0)   :  0.025 0.048 0.928 
1056    (0)   :  0.026 0.072 0.902 
1057    (0)   :  0.022 0.804 0.174 
1058    (0)   :  0.019 0.359 0.622 
1059    (0)   :  0.037 0.401 0.562 
1060    (0)   :  0.062 0.282 0.656 
1061    (0)   :  0.021 0.053 0.926 
1062    (0)   :  0.022 0.405 0.573 
1063    (0)   :  0.061 0.036 0.903 
1064    (0)   :  0.027 0.204 0.769 
1065    (0)   :  0.041 0.121 0.838 
1066    (0)   :  0.045 0.049 0.906 
1067    (0)   :  0.020 0.302 0.678 
1068    (0)   :  0.196 0.126 0.678 
1069    (0)   :  0.016 0.096 0.889 
1070    (0)   :  0.022 0.145 0.833 
1071    (0)   :  0.066 0.124 0.810 
1072    (0)   :  0.039 0.100 0.861 
1073    (0)   :  0.026 0.320 0.653 
1074    (0)   :  0.053 0.325 0.621 
1075    (0)   :  0.037 0.245 0.718 
1076    (0)   :  0.043 0.196 0.762 
1077    (0)   :  0.020 0.855 0.125 
1078    (0)   :  0.030 0.071 0.899 
1079    (0)   :  0.027 0.278 0.696 
1080    (0)   :  0.091 0.086 0.823 
1081    (0)   :  0.019 0.197 0.784 
1082    (0)   :  0.051 0.150 0.799 
1083    (0)   :  0.035 0.113 0.852 
1084    (0)   :  0.087 0.097 0.816 
1085    (0)   :  0.014 0.113 0.873 
1086    (0)   :  0.021 0.039 0.939 
1087    (0)   :  0.015 0.097 0.889 
1088    (0)   :  0.016 0.074 0.910 
1089    (0)   :  0.017 0.528 0.455 
1090    (0)   :  0.021 0.292 0.687 
1091    (0)   :  0.030 0.078 0.891 
1092    (0)   :  0.019 0.205 0.775 
1093    (0)   :  0.048 0.052 0.900 
1094    (0)   :  0.056 0.759 0.184 
