

----------------------------------------------------
STRUCTURE by Pritchard, Stephens and Donnelly (2000)
     and Falush, Stephens and Pritchard (2003)
       Code by Pritchard, Falush and Hubisz
             Version 2.3.4 (Jul 2012)
----------------------------------------------------



Command line arguments:   ./structure -K 5 -D 105010 -m brooktrout/mainparams -e brooktrout/extraparams -o brooktrout/250914_output/results_K5_rep10 
Input File:    brooktrout/brooktrout.txt

Run parameters:
   8454 individuals
   5 loci
   5 populations assumed
   50000 Burn-in period
   100000 Reps
RANDOMIZE turned off


--------------------------------------------
Overall proportion of membership of the
sample in each of the 5 clusters

Inferred Clusters
  1      2      3      4      5    
0.218  0.068  0.182  0.257  0.275  

--------------------------------------------

Allele-freq. divergence among pops (Net nucleotide distance),
computed using point estimates of P.

      1       2       3       4       5      
 1      -    0.0589  0.1213  0.0400  0.0553  
 2   0.0589     -    0.1026  0.0671  0.0632  
 3   0.1213  0.1026     -    0.1176  0.0664  
 4   0.0400  0.0671  0.1176     -    0.0684  
 5   0.0553  0.0632  0.0664  0.0684     -    

Average distances (expected heterozygosity) between individuals in same cluster:
cluster  1  : 0.8097 
cluster  2  : 0.8263 
cluster  3  : 0.7311 
cluster  4  : 0.7895 
cluster  5  : 0.8205 

--------------------------------------------
Estimated Ln Prob of Data   = -187678.7
Mean value of ln likelihood = -172202.8
Variance of ln likelihood   = 30951.9

Mean value of alpha_1       = 0.2663
Mean value of alpha_2       = 0.0820
Mean value of alpha_3       = 0.2249
Mean value of alpha_4       = 0.3273
Mean value of alpha_5       = 0.3552
Allele frequencies uncorrelated


Inferred ancestry of individuals:
     (%Miss) :  Inferred clusters
  1    (0)   :  0.125 0.038 0.248 0.332 0.257 
  2    (0)   :  0.147 0.088 0.043 0.106 0.615 
  3    (0)   :  0.083 0.014 0.133 0.518 0.253 
  4    (0)   :  0.118 0.028 0.571 0.083 0.200 
  5    (0)   :  0.156 0.257 0.046 0.134 0.408 
  6    (0)   :  0.072 0.023 0.047 0.768 0.090 
  7    (0)   :  0.539 0.071 0.051 0.269 0.070 
  8    (0)   :  0.146 0.037 0.354 0.329 0.134 
  9    (0)   :  0.173 0.042 0.091 0.345 0.350 
 10    (0)   :  0.206 0.075 0.178 0.447 0.094 
 11    (0)   :  0.549 0.036 0.049 0.283 0.083 
 12    (0)   :  0.168 0.145 0.074 0.143 0.471 
 13    (0)   :  0.271 0.160 0.086 0.253 0.231 
 14    (0)   :  0.095 0.032 0.085 0.173 0.615 
 15    (0)   :  0.178 0.052 0.209 0.180 0.381 
 16    (0)   :  0.113 0.035 0.072 0.661 0.119 
 17    (0)   :  0.119 0.205 0.069 0.368 0.240 
 18    (0)   :  0.086 0.044 0.096 0.418 0.356 
 19    (0)   :  0.115 0.043 0.063 0.629 0.150 
 20    (0)   :  0.238 0.053 0.078 0.240 0.392 
 21    (0)   :  0.087 0.028 0.182 0.199 0.504 
 22    (0)   :  0.071 0.032 0.086 0.691 0.121 
 23    (0)   :  0.128 0.069 0.197 0.110 0.496 
 24    (0)   :  0.090 0.033 0.185 0.448 0.243 
 25    (0)   :  0.346 0.123 0.037 0.341 0.152 
 26    (0)   :  0.099 0.095 0.130 0.359 0.318 
 27    (0)   :  0.144 0.117 0.109 0.385 0.244 
 28    (0)   :  0.208 0.044 0.343 0.261 0.144 
 29    (0)   :  0.319 0.041 0.062 0.171 0.408 
 30    (0)   :  0.060 0.023 0.062 0.682 0.173 
 31    (0)   :  0.211 0.111 0.145 0.239 0.295 
 32    (0)   :  0.136 0.027 0.162 0.289 0.386 
 33    (0)   :  0.141 0.013 0.141 0.439 0.265 
 34    (0)   :  0.310 0.078 0.081 0.458 0.073 
 35    (0)   :  0.080 0.095 0.046 0.335 0.445 
 36    (0)   :  0.058 0.012 0.050 0.370 0.509 
 37    (0)   :  0.177 0.026 0.162 0.173 0.463 
 38    (0)   :  0.097 0.021 0.035 0.698 0.149 
 39    (0)   :  0.168 0.034 0.060 0.489 0.250 
 40    (0)   :  0.049 0.026 0.118 0.194 0.613 
 41    (0)   :  0.104 0.023 0.050 0.350 0.474 
 42    (0)   :  0.068 0.021 0.327 0.228 0.357 
 43    (0)   :  0.124 0.023 0.071 0.095 0.687 
 44    (0)   :  0.073 0.018 0.039 0.243 0.628 
 45    (0)   :  0.095 0.028 0.035 0.342 0.500 
 46    (0)   :  0.135 0.040 0.048 0.500 0.277 
 47    (0)   :  0.128 0.083 0.070 0.398 0.320 
 48    (0)   :  0.044 0.029 0.037 0.231 0.659 
 49    (0)   :  0.120 0.057 0.064 0.347 0.411 
 50    (0)   :  0.217 0.030 0.100 0.474 0.179 
 51    (0)   :  0.044 0.011 0.037 0.150 0.758 
 52    (0)   :  0.158 0.039 0.077 0.522 0.205 
 53    (0)   :  0.084 0.013 0.074 0.709 0.121 
 54    (0)   :  0.129 0.071 0.068 0.125 0.608 
 55    (0)   :  0.082 0.031 0.046 0.093 0.748 
 56    (0)   :  0.047 0.041 0.066 0.332 0.514 
 57    (0)   :  0.134 0.239 0.183 0.305 0.139 
 58    (0)   :  0.110 0.034 0.060 0.182 0.613 
 59    (0)   :  0.093 0.057 0.057 0.410 0.383 
 60    (0)   :  0.061 0.013 0.097 0.131 0.698 
 61    (0)   :  0.064 0.014 0.064 0.048 0.810 
 62    (0)   :  0.095 0.328 0.053 0.302 0.223 
 63    (0)   :  0.245 0.015 0.101 0.160 0.480 
 64    (0)   :  0.079 0.035 0.040 0.683 0.163 
 65    (0)   :  0.658 0.026 0.031 0.140 0.144 
 66    (0)   :  0.130 0.016 0.102 0.086 0.666 
 67    (0)   :  0.122 0.024 0.040 0.091 0.723 
 68    (0)   :  0.092 0.048 0.070 0.389 0.401 
 69    (0)   :  0.166 0.060 0.154 0.497 0.124 
 70    (0)   :  0.153 0.012 0.065 0.192 0.579 
 71    (0)   :  0.087 0.033 0.030 0.310 0.540 
 72    (0)   :  0.108 0.014 0.041 0.512 0.326 
 73    (0)   :  0.128 0.041 0.033 0.098 0.700 
 74    (0)   :  0.055 0.014 0.099 0.417 0.415 
 75    (0)   :  0.041 0.018 0.089 0.196 0.657 
 76    (0)   :  0.324 0.015 0.053 0.140 0.469 
 77    (0)   :  0.132 0.024 0.046 0.370 0.429 
 78    (0)   :  0.091 0.024 0.052 0.482 0.352 
 79    (0)   :  0.586 0.040 0.053 0.211 0.111 
 80    (0)   :  0.166 0.019 0.537 0.122 0.155 
 81    (0)   :  0.246 0.021 0.403 0.174 0.156 
 82    (0)   :  0.233 0.044 0.105 0.107 0.511 
 83    (0)   :  0.207 0.014 0.240 0.256 0.283 
 84    (0)   :  0.351 0.017 0.231 0.203 0.198 
 85    (0)   :  0.129 0.021 0.285 0.290 0.275 
 86    (0)   :  0.189 0.064 0.046 0.200 0.500 
 87    (0)   :  0.597 0.020 0.056 0.154 0.172 
 88    (0)   :  0.321 0.022 0.232 0.107 0.318 
 89    (0)   :  0.198 0.019 0.294 0.106 0.382 
 90    (0)   :  0.678 0.023 0.064 0.101 0.135 
 91    (0)   :  0.104 0.014 0.480 0.163 0.238 
 92    (0)   :  0.417 0.040 0.099 0.180 0.264 
 93    (0)   :  0.055 0.014 0.783 0.063 0.086 
 94    (0)   :  0.572 0.012 0.048 0.283 0.085 
 95    (0)   :  0.597 0.016 0.142 0.071 0.174 
 96    (0)   :  0.073 0.014 0.126 0.053 0.734 
 97    (0)   :  0.052 0.024 0.110 0.264 0.550 
 98    (0)   :  0.096 0.021 0.067 0.158 0.659 
 99    (0)   :  0.442 0.018 0.205 0.146 0.189 
100    (0)   :  0.062 0.024 0.452 0.056 0.406 
101    (0)   :  0.331 0.023 0.073 0.119 0.455 
102    (0)   :  0.245 0.028 0.316 0.125 0.286 
103    (0)   :  0.340 0.017 0.117 0.067 0.460 
104    (0)   :  0.671 0.021 0.081 0.081 0.146 
105    (0)   :  0.560 0.037 0.116 0.059 0.228 
106    (0)   :  0.597 0.016 0.026 0.267 0.094 
107    (0)   :  0.534 0.021 0.115 0.070 0.259 
108    (0)   :  0.071 0.017 0.038 0.152 0.721 
109    (0)   :  0.388 0.174 0.027 0.254 0.156 
110    (0)   :  0.657 0.014 0.030 0.223 0.076 
111    (0)   :  0.793 0.028 0.038 0.057 0.085 
112    (0)   :  0.660 0.113 0.029 0.111 0.087 
113    (0)   :  0.164 0.025 0.071 0.170 0.571 
114    (0)   :  0.653 0.030 0.105 0.076 0.136 
115    (0)   :  0.561 0.040 0.049 0.086 0.264 
116    (0)   :  0.348 0.031 0.028 0.321 0.273 
117    (0)   :  0.681 0.030 0.041 0.157 0.092 
118    (0)   :  0.325 0.077 0.039 0.097 0.463 
119    (0)   :  0.130 0.011 0.149 0.085 0.626 
120    (0)   :  0.591 0.077 0.052 0.104 0.176 
121    (0)   :  0.586 0.058 0.039 0.096 0.222 
122    (0)   :  0.581 0.028 0.037 0.246 0.108 
123    (0)   :  0.682 0.017 0.050 0.114 0.137 
124    (0)   :  0.438 0.029 0.038 0.304 0.191 
125    (0)   :  0.261 0.043 0.056 0.506 0.134 
126    (0)   :  0.477 0.014 0.061 0.208 0.240 
127    (0)   :  0.782 0.022 0.041 0.054 0.101 
128    (0)   :  0.364 0.061 0.042 0.080 0.454 
129    (0)   :  0.684 0.026 0.031 0.058 0.201 
130    (0)   :  0.599 0.045 0.121 0.088 0.146 
131    (0)   :  0.380 0.026 0.032 0.402 0.159 
132    (0)   :  0.635 0.023 0.029 0.161 0.152 
133    (0)   :  0.703 0.023 0.052 0.069 0.154 
134    (0)   :  0.756 0.018 0.022 0.142 0.062 
135    (0)   :  0.050 0.070 0.352 0.073 0.454 
136    (0)   :  0.036 0.060 0.747 0.073 0.084 
137    (0)   :  0.080 0.026 0.771 0.054 0.069 
138    (0)   :  0.039 0.014 0.783 0.074 0.090 
139    (0)   :  0.049 0.023 0.143 0.080 0.704 
140    (0)   :  0.116 0.021 0.484 0.144 0.234 
141    (0)   :  0.043 0.045 0.657 0.139 0.116 
142    (0)   :  0.049 0.032 0.409 0.063 0.447 
143    (0)   :  0.035 0.013 0.831 0.045 0.077 
144    (0)   :  0.076 0.025 0.776 0.048 0.074 
145    (0)   :  0.047 0.116 0.461 0.178 0.197 
146    (0)   :  0.137 0.037 0.490 0.145 0.191 
147    (0)   :  0.035 0.015 0.837 0.052 0.061 
148    (0)   :  0.087 0.040 0.568 0.100 0.206 
149    (0)   :  0.038 0.024 0.687 0.082 0.169 
150    (0)   :  0.150 0.036 0.606 0.074 0.134 
151    (0)   :  0.055 0.016 0.759 0.058 0.112 
152    (0)   :  0.062 0.052 0.468 0.134 0.284 
153    (0)   :  0.055 0.015 0.699 0.100 0.131 
154    (0)   :  0.041 0.072 0.690 0.071 0.126 
155    (0)   :  0.054 0.013 0.792 0.054 0.086 
156    (0)   :  0.067 0.018 0.583 0.049 0.284 
157    (0)   :  0.156 0.011 0.660 0.085 0.088 
158    (0)   :  0.044 0.118 0.547 0.160 0.132 
159    (0)   :  0.035 0.022 0.828 0.048 0.067 
160    (0)   :  0.035 0.030 0.805 0.050 0.079 
161    (0)   :  0.071 0.017 0.618 0.119 0.175 
162    (0)   :  0.125 0.054 0.392 0.164 0.266 
163    (0)   :  0.046 0.013 0.792 0.050 0.099 
164    (0)   :  0.143 0.087 0.488 0.107 0.175 
165    (0)   :  0.131 0.035 0.668 0.062 0.104 
166    (0)   :  0.169 0.013 0.483 0.118 0.217 
167    (0)   :  0.071 0.158 0.606 0.092 0.073 
168    (0)   :  0.048 0.017 0.662 0.122 0.151 
169    (0)   :  0.039 0.109 0.278 0.446 0.128 
170    (0)   :  0.066 0.014 0.489 0.060 0.371 
171    (0)   :  0.084 0.037 0.477 0.130 0.273 
172    (0)   :  0.037 0.024 0.442 0.238 0.259 
173    (0)   :  0.037 0.025 0.763 0.053 0.123 
174    (0)   :  0.054 0.016 0.790 0.062 0.079 
175    (0)   :  0.036 0.023 0.776 0.074 0.091 
176    (0)   :  0.077 0.025 0.771 0.050 0.077 
177    (0)   :  0.166 0.018 0.529 0.163 0.124 
178    (0)   :  0.060 0.026 0.719 0.106 0.089 
179    (0)   :  0.037 0.012 0.823 0.053 0.075 
180    (0)   :  0.081 0.050 0.590 0.132 0.147 
181    (0)   :  0.045 0.045 0.508 0.098 0.304 
182    (0)   :  0.041 0.061 0.648 0.048 0.201 
183    (0)   :  0.038 0.015 0.787 0.057 0.102 
184    (0)   :  0.098 0.058 0.042 0.168 0.634 
185    (0)   :  0.035 0.019 0.613 0.045 0.288 
186    (0)   :  0.307 0.022 0.045 0.144 0.481 
187    (0)   :  0.074 0.019 0.164 0.085 0.657 
188    (0)   :  0.297 0.025 0.033 0.104 0.541 
189    (0)   :  0.064 0.020 0.202 0.361 0.353 
190    (0)   :  0.035 0.014 0.100 0.036 0.814 
191    (0)   :  0.087 0.044 0.059 0.078 0.732 
192    (0)   :  0.143 0.017 0.171 0.097 0.572 
193    (0)   :  0.077 0.042 0.132 0.123 0.626 
194    (0)   :  0.148 0.022 0.152 0.080 0.598 
195    (0)   :  0.041 0.015 0.196 0.046 0.702 
196    (0)   :  0.052 0.014 0.090 0.051 0.794 
197    (0)   :  0.128 0.040 0.099 0.232 0.500 
198    (0)   :  0.157 0.021 0.119 0.207 0.497 
199    (0)   :  0.053 0.023 0.077 0.062 0.786 
200    (0)   :  0.067 0.037 0.084 0.131 0.680 
201    (0)   :  0.050 0.015 0.380 0.058 0.497 
202    (0)   :  0.057 0.019 0.328 0.048 0.548 
203    (0)   :  0.047 0.027 0.300 0.048 0.577 
204    (0)   :  0.045 0.018 0.073 0.042 0.822 
205    (0)   :  0.058 0.019 0.057 0.070 0.796 
206    (0)   :  0.052 0.027 0.093 0.053 0.774 
207    (0)   :  0.067 0.025 0.048 0.048 0.812 
208    (0)   :  0.049 0.018 0.151 0.050 0.732 
209    (0)   :  0.077 0.035 0.078 0.085 0.725 
210    (0)   :  0.068 0.016 0.097 0.053 0.766 
211    (0)   :  0.082 0.070 0.100 0.045 0.703 
212    (0)   :  0.049 0.021 0.412 0.085 0.433 
213    (0)   :  0.120 0.013 0.064 0.082 0.721 
214    (0)   :  0.045 0.022 0.357 0.054 0.521 
215    (0)   :  0.065 0.022 0.042 0.067 0.804 
216    (0)   :  0.119 0.053 0.059 0.183 0.586 
217    (0)   :  0.039 0.017 0.247 0.069 0.629 
218    (0)   :  0.067 0.021 0.072 0.076 0.764 
219    (0)   :  0.081 0.045 0.188 0.267 0.419 
220    (0)   :  0.061 0.020 0.053 0.050 0.815 
221    (0)   :  0.033 0.015 0.482 0.043 0.427 
222    (0)   :  0.122 0.034 0.097 0.270 0.477 
223    (0)   :  0.076 0.019 0.262 0.119 0.523 
224    (0)   :  0.059 0.031 0.218 0.055 0.637 
225    (0)   :  0.055 0.018 0.075 0.058 0.794 
226    (0)   :  0.056 0.025 0.092 0.194 0.634 
227    (0)   :  0.056 0.016 0.117 0.050 0.760 
228    (0)   :  0.037 0.018 0.156 0.043 0.747 
229    (0)   :  0.073 0.022 0.244 0.062 0.600 
230    (0)   :  0.059 0.024 0.137 0.049 0.731 
231    (0)   :  0.067 0.040 0.209 0.091 0.592 
232    (0)   :  0.085 0.022 0.140 0.108 0.645 
233    (0)   :  0.047 0.023 0.488 0.058 0.384 
234    (0)   :  0.129 0.029 0.148 0.151 0.542 
235    (0)   :  0.055 0.018 0.183 0.114 0.631 
236    (0)   :  0.062 0.028 0.240 0.077 0.592 
237    (0)   :  0.067 0.049 0.058 0.058 0.768 
238    (0)   :  0.073 0.016 0.368 0.069 0.475 
239    (0)   :  0.041 0.015 0.200 0.047 0.698 
240    (0)   :  0.072 0.015 0.367 0.069 0.478 
241    (0)   :  0.051 0.021 0.370 0.062 0.495 
242    (0)   :  0.078 0.026 0.111 0.173 0.613 
243    (0)   :  0.040 0.017 0.090 0.040 0.812 
244    (0)   :  0.049 0.027 0.221 0.048 0.655 
245    (0)   :  0.053 0.011 0.619 0.053 0.264 
246    (0)   :  0.040 0.016 0.246 0.070 0.627 
247    (0)   :  0.341 0.013 0.039 0.135 0.472 
248    (0)   :  0.099 0.034 0.040 0.065 0.762 
249    (0)   :  0.055 0.022 0.211 0.054 0.659 
250    (0)   :  0.078 0.026 0.154 0.077 0.664 
251    (0)   :  0.091 0.043 0.073 0.234 0.559 
252    (0)   :  0.061 0.016 0.128 0.074 0.721 
253    (0)   :  0.121 0.019 0.058 0.114 0.688 
254    (0)   :  0.103 0.037 0.097 0.171 0.591 
255    (0)   :  0.093 0.029 0.140 0.122 0.615 
256    (0)   :  0.050 0.020 0.157 0.063 0.710 
257    (0)   :  0.087 0.037 0.109 0.067 0.699 
258    (0)   :  0.114 0.021 0.067 0.093 0.704 
259    (0)   :  0.082 0.037 0.081 0.068 0.731 
260    (0)   :  0.109 0.041 0.254 0.201 0.395 
261    (0)   :  0.051 0.015 0.203 0.070 0.661 
262    (0)   :  0.034 0.016 0.167 0.047 0.737 
263    (0)   :  0.076 0.052 0.052 0.082 0.737 
264    (0)   :  0.094 0.044 0.034 0.481 0.346 
265    (0)   :  0.061 0.020 0.121 0.116 0.682 
266    (0)   :  0.035 0.016 0.482 0.044 0.424 
267    (0)   :  0.086 0.049 0.137 0.091 0.638 
268    (0)   :  0.052 0.014 0.089 0.052 0.793 
269    (0)   :  0.074 0.029 0.183 0.310 0.405 
270    (0)   :  0.120 0.051 0.063 0.162 0.604 
271    (0)   :  0.078 0.024 0.057 0.078 0.763 
272    (0)   :  0.057 0.025 0.062 0.131 0.725 
273    (0)   :  0.091 0.072 0.186 0.150 0.500 
274    (0)   :  0.069 0.027 0.081 0.126 0.696 
275    (0)   :  0.055 0.041 0.108 0.126 0.670 
276    (0)   :  0.063 0.031 0.053 0.112 0.741 
277    (0)   :  0.077 0.020 0.191 0.124 0.588 
278    (0)   :  0.054 0.023 0.052 0.061 0.810 
279    (0)   :  0.069 0.025 0.111 0.091 0.704 
280    (0)   :  0.054 0.022 0.096 0.169 0.659 
281    (0)   :  0.096 0.022 0.083 0.098 0.702 
282    (0)   :  0.075 0.021 0.398 0.110 0.396 
283    (0)   :  0.070 0.017 0.442 0.070 0.401 
284    (0)   :  0.114 0.021 0.174 0.086 0.605 
285    (0)   :  0.087 0.024 0.028 0.083 0.778 
286    (0)   :  0.049 0.027 0.217 0.048 0.659 
287    (0)   :  0.085 0.019 0.138 0.189 0.569 
288    (0)   :  0.057 0.023 0.060 0.126 0.734 
289    (0)   :  0.119 0.021 0.082 0.126 0.652 
290    (0)   :  0.052 0.030 0.064 0.208 0.646 
291    (0)   :  0.077 0.023 0.057 0.077 0.766 
292    (0)   :  0.046 0.017 0.107 0.127 0.703 
293    (0)   :  0.080 0.029 0.055 0.339 0.498 
294    (0)   :  0.071 0.037 0.042 0.087 0.763 
295    (0)   :  0.086 0.048 0.109 0.170 0.587 
296    (0)   :  0.064 0.019 0.052 0.061 0.804 
297    (0)   :  0.069 0.021 0.065 0.198 0.648 
298    (0)   :  0.098 0.021 0.265 0.108 0.508 
299    (0)   :  0.107 0.040 0.064 0.113 0.677 
300    (0)   :  0.059 0.023 0.041 0.064 0.813 
301    (0)   :  0.081 0.072 0.062 0.224 0.560 
302    (0)   :  0.060 0.044 0.048 0.085 0.763 
303    (0)   :  0.055 0.022 0.204 0.082 0.636 
304    (0)   :  0.127 0.036 0.358 0.238 0.241 
305    (0)   :  0.039 0.021 0.125 0.053 0.762 
306    (0)   :  0.047 0.017 0.277 0.103 0.557 
307    (0)   :  0.085 0.046 0.143 0.095 0.632 
308    (0)   :  0.051 0.016 0.200 0.069 0.664 
309    (0)   :  0.109 0.034 0.061 0.062 0.734 
310    (0)   :  0.042 0.019 0.137 0.047 0.756 
311    (0)   :  0.060 0.026 0.140 0.050 0.723 
312    (0)   :  0.081 0.015 0.052 0.046 0.806 
313    (0)   :  0.061 0.022 0.036 0.048 0.832 
314    (0)   :  0.033 0.011 0.822 0.049 0.085 
315    (0)   :  0.040 0.011 0.771 0.072 0.106 
316    (0)   :  0.044 0.014 0.772 0.086 0.084 
317    (0)   :  0.033 0.013 0.847 0.049 0.059 
318    (0)   :  0.033 0.012 0.855 0.051 0.048 
319    (0)   :  0.034 0.015 0.826 0.047 0.078 
320    (0)   :  0.033 0.011 0.823 0.049 0.084 
321    (0)   :  0.034 0.013 0.846 0.053 0.055 
322    (0)   :  0.044 0.014 0.752 0.078 0.113 
323    (0)   :  0.034 0.013 0.847 0.050 0.055 
324    (0)   :  0.034 0.013 0.845 0.054 0.055 
325    (0)   :  0.041 0.012 0.800 0.081 0.067 
326    (0)   :  0.041 0.013 0.804 0.080 0.062 
327    (0)   :  0.033 0.012 0.850 0.048 0.056 
328    (0)   :  0.043 0.012 0.770 0.077 0.097 
329    (0)   :  0.034 0.012 0.852 0.048 0.054 
330    (0)   :  0.033 0.013 0.848 0.049 0.058 
331    (0)   :  0.034 0.012 0.849 0.048 0.057 
332    (0)   :  0.043 0.015 0.792 0.090 0.061 
333    (0)   :  0.042 0.013 0.799 0.071 0.075 
334    (0)   :  0.044 0.013 0.767 0.078 0.099 
335    (0)   :  0.042 0.012 0.789 0.068 0.088 
336    (0)   :  0.033 0.013 0.836 0.055 0.062 
337    (0)   :  0.043 0.012 0.783 0.086 0.077 
338    (0)   :  0.033 0.013 0.852 0.054 0.048 
339    (0)   :  0.034 0.012 0.849 0.048 0.057 
340    (0)   :  0.033 0.012 0.850 0.044 0.060 
341    (0)   :  0.034 0.017 0.843 0.049 0.057 
342    (0)   :  0.034 0.013 0.848 0.049 0.057 
343    (0)   :  0.043 0.013 0.745 0.078 0.121 
344    (0)   :  0.033 0.012 0.857 0.047 0.050 
345    (0)   :  0.033 0.012 0.848 0.049 0.058 
346    (0)   :  0.033 0.012 0.857 0.047 0.052 
347    (0)   :  0.033 0.012 0.859 0.043 0.053 
348    (0)   :  0.041 0.011 0.738 0.066 0.144 
349    (0)   :  0.033 0.012 0.848 0.049 0.057 
350    (0)   :  0.033 0.013 0.811 0.050 0.093 
351    (0)   :  0.042 0.012 0.789 0.068 0.088 
352    (0)   :  0.042 0.012 0.788 0.075 0.083 
353    (0)   :  0.034 0.014 0.835 0.055 0.063 
354    (0)   :  0.033 0.014 0.850 0.049 0.054 
355    (0)   :  0.033 0.012 0.855 0.051 0.048 
356    (0)   :  0.042 0.011 0.693 0.065 0.190 
357    (0)   :  0.081 0.025 0.486 0.300 0.107 
358    (0)   :  0.042 0.012 0.801 0.078 0.066 
359    (0)   :  0.033 0.013 0.849 0.050 0.055 
360    (0)   :  0.033 0.011 0.858 0.046 0.051 
361    (0)   :  0.086 0.029 0.407 0.316 0.162 
362    (0)   :  0.249 0.024 0.057 0.392 0.278 
363    (0)   :  0.290 0.016 0.039 0.508 0.147 
364    (0)   :  0.119 0.152 0.232 0.317 0.181 
365    (0)   :  0.096 0.153 0.046 0.581 0.125 
366    (0)   :  0.072 0.031 0.092 0.384 0.422 
367    (0)   :  0.640 0.013 0.027 0.257 0.063 
368    (0)   :  0.576 0.043 0.053 0.148 0.180 
369    (0)   :  0.102 0.034 0.219 0.260 0.385 
370    (0)   :  0.498 0.048 0.063 0.116 0.275 
371    (0)   :  0.155 0.067 0.091 0.358 0.329 
372    (0)   :  0.234 0.255 0.080 0.102 0.329 
373    (0)   :  0.402 0.043 0.100 0.278 0.177 
374    (0)   :  0.148 0.055 0.278 0.357 0.162 
375    (0)   :  0.416 0.056 0.038 0.392 0.099 
376    (0)   :  0.088 0.025 0.031 0.804 0.052 
377    (0)   :  0.221 0.043 0.059 0.425 0.252 
378    (0)   :  0.553 0.019 0.194 0.099 0.135 
379    (0)   :  0.092 0.034 0.029 0.784 0.061 
380    (0)   :  0.049 0.025 0.104 0.632 0.189 
381    (0)   :  0.043 0.019 0.083 0.696 0.159 
382    (0)   :  0.354 0.027 0.044 0.497 0.079 
383    (0)   :  0.046 0.037 0.110 0.720 0.088 
384    (0)   :  0.139 0.167 0.096 0.498 0.100 
385    (0)   :  0.078 0.652 0.097 0.107 0.066 
386    (0)   :  0.324 0.016 0.038 0.522 0.100 
387    (0)   :  0.273 0.031 0.051 0.544 0.101 
388    (0)   :  0.217 0.157 0.239 0.245 0.142 
389    (0)   :  0.105 0.252 0.041 0.088 0.515 
390    (0)   :  0.353 0.024 0.040 0.386 0.197 
391    (0)   :  0.252 0.182 0.072 0.168 0.327 
392    (0)   :  0.109 0.021 0.084 0.649 0.137 
393    (0)   :  0.056 0.017 0.066 0.737 0.125 
394    (0)   :  0.262 0.017 0.249 0.300 0.173 
395    (0)   :  0.171 0.013 0.042 0.338 0.435 
396    (0)   :  0.377 0.023 0.029 0.469 0.103 
397    (0)   :  0.091 0.130 0.105 0.288 0.387 
398    (0)   :  0.167 0.020 0.030 0.719 0.065 
399    (0)   :  0.534 0.019 0.042 0.225 0.181 
400    (0)   :  0.287 0.021 0.059 0.543 0.090 
401    (0)   :  0.541 0.016 0.065 0.190 0.187 
402    (0)   :  0.211 0.040 0.056 0.241 0.451 
403    (0)   :  0.159 0.093 0.359 0.193 0.196 
404    (0)   :  0.169 0.044 0.084 0.446 0.257 
405    (0)   :  0.121 0.021 0.070 0.474 0.315 
406    (0)   :  0.048 0.011 0.098 0.396 0.448 
407    (0)   :  0.080 0.013 0.028 0.808 0.071 
408    (0)   :  0.582 0.011 0.026 0.082 0.299 
409    (0)   :  0.095 0.017 0.279 0.296 0.312 
410    (0)   :  0.199 0.066 0.088 0.537 0.111 
411    (0)   :  0.105 0.021 0.154 0.536 0.184 
412    (0)   :  0.584 0.034 0.046 0.201 0.135 
413    (0)   :  0.434 0.018 0.164 0.187 0.198 
414    (0)   :  0.563 0.071 0.033 0.211 0.122 
415    (0)   :  0.089 0.014 0.043 0.705 0.148 
416    (0)   :  0.190 0.050 0.067 0.495 0.197 
417    (0)   :  0.130 0.014 0.037 0.734 0.085 
418    (0)   :  0.586 0.021 0.034 0.281 0.077 
419    (0)   :  0.227 0.067 0.175 0.270 0.261 
420    (0)   :  0.431 0.011 0.038 0.238 0.281 
421    (0)   :  0.292 0.017 0.046 0.514 0.132 
422    (0)   :  0.082 0.022 0.041 0.368 0.487 
423    (0)   :  0.126 0.021 0.055 0.608 0.190 
424    (0)   :  0.579 0.028 0.067 0.159 0.167 
425    (0)   :  0.117 0.473 0.065 0.238 0.108 
426    (0)   :  0.453 0.133 0.083 0.225 0.106 
427    (0)   :  0.148 0.013 0.120 0.637 0.082 
428    (0)   :  0.074 0.045 0.121 0.425 0.334 
429    (0)   :  0.238 0.012 0.027 0.662 0.061 
430    (0)   :  0.105 0.014 0.034 0.758 0.089 
431    (0)   :  0.430 0.055 0.068 0.240 0.207 
432    (0)   :  0.543 0.033 0.059 0.176 0.190 
433    (0)   :  0.246 0.068 0.253 0.100 0.333 
434    (0)   :  0.150 0.051 0.109 0.427 0.263 
435    (0)   :  0.127 0.012 0.029 0.757 0.075 
436    (0)   :  0.131 0.012 0.054 0.734 0.068 
437    (0)   :  0.082 0.017 0.033 0.792 0.076 
438    (0)   :  0.219 0.013 0.065 0.463 0.241 
439    (0)   :  0.077 0.013 0.041 0.816 0.054 
440    (0)   :  0.095 0.011 0.024 0.804 0.065 
441    (0)   :  0.140 0.019 0.088 0.653 0.100 
442    (0)   :  0.197 0.031 0.035 0.626 0.112 
443    (0)   :  0.454 0.015 0.031 0.309 0.191 
444    (0)   :  0.134 0.027 0.034 0.692 0.114 
445    (0)   :  0.080 0.024 0.128 0.586 0.182 
446    (0)   :  0.257 0.023 0.036 0.626 0.057 
447    (0)   :  0.097 0.040 0.071 0.624 0.167 
448    (0)   :  0.138 0.018 0.035 0.697 0.111 
449    (0)   :  0.116 0.021 0.059 0.653 0.151 
450    (0)   :  0.112 0.035 0.064 0.730 0.059 
451    (0)   :  0.664 0.022 0.025 0.169 0.120 
452    (0)   :  0.100 0.017 0.051 0.766 0.065 
453    (0)   :  0.201 0.017 0.059 0.149 0.574 
454    (0)   :  0.128 0.018 0.070 0.680 0.104 
455    (0)   :  0.166 0.012 0.035 0.677 0.110 
456    (0)   :  0.121 0.016 0.031 0.642 0.190 
457    (0)   :  0.070 0.016 0.037 0.807 0.070 
458    (0)   :  0.088 0.023 0.041 0.790 0.059 
459    (0)   :  0.314 0.012 0.111 0.468 0.095 
460    (0)   :  0.300 0.011 0.034 0.593 0.062 
461    (0)   :  0.578 0.014 0.035 0.324 0.048 
462    (0)   :  0.191 0.042 0.024 0.617 0.125 
463    (0)   :  0.095 0.012 0.051 0.396 0.447 
464    (0)   :  0.317 0.012 0.032 0.524 0.115 
465    (0)   :  0.570 0.019 0.042 0.252 0.117 
466    (0)   :  0.312 0.011 0.032 0.347 0.298 
467    (0)   :  0.172 0.015 0.061 0.617 0.134 
468    (0)   :  0.055 0.011 0.030 0.802 0.102 
469    (0)   :  0.057 0.012 0.035 0.845 0.052 
470    (0)   :  0.144 0.011 0.031 0.753 0.061 
471    (0)   :  0.162 0.035 0.034 0.373 0.395 
472    (0)   :  0.220 0.027 0.041 0.528 0.185 
473    (0)   :  0.138 0.022 0.063 0.582 0.195 
474    (0)   :  0.098 0.015 0.049 0.730 0.109 
475    (0)   :  0.467 0.017 0.071 0.302 0.143 
476    (0)   :  0.085 0.013 0.039 0.790 0.073 
477    (0)   :  0.573 0.032 0.066 0.211 0.118 
478    (0)   :  0.763 0.024 0.032 0.124 0.057 
479    (0)   :  0.158 0.013 0.030 0.738 0.061 
480    (0)   :  0.067 0.012 0.034 0.830 0.056 
481    (0)   :  0.132 0.060 0.035 0.494 0.278 
482    (0)   :  0.148 0.011 0.030 0.759 0.052 
483    (0)   :  0.151 0.014 0.045 0.718 0.072 
484    (0)   :  0.126 0.018 0.041 0.576 0.238 
485    (0)   :  0.128 0.011 0.034 0.750 0.076 
486    (0)   :  0.179 0.291 0.051 0.173 0.306 
487    (0)   :  0.107 0.405 0.117 0.170 0.202 
488    (0)   :  0.233 0.390 0.080 0.099 0.198 
489    (0)   :  0.075 0.223 0.125 0.177 0.400 
490    (0)   :  0.494 0.060 0.036 0.212 0.199 
491    (0)   :  0.084 0.337 0.098 0.096 0.385 
492    (0)   :  0.280 0.047 0.224 0.091 0.359 
493    (0)   :  0.089 0.593 0.054 0.097 0.168 
494    (0)   :  0.089 0.358 0.082 0.166 0.304 
495    (0)   :  0.322 0.252 0.151 0.109 0.165 
496    (0)   :  0.137 0.023 0.271 0.111 0.458 
497    (0)   :  0.051 0.732 0.071 0.059 0.087 
498    (0)   :  0.255 0.294 0.066 0.130 0.255 
499    (0)   :  0.071 0.426 0.195 0.117 0.191 
500    (0)   :  0.083 0.302 0.059 0.301 0.255 
501    (0)   :  0.164 0.072 0.183 0.285 0.296 
502    (0)   :  0.279 0.135 0.237 0.153 0.196 
503    (0)   :  0.134 0.053 0.043 0.582 0.187 
504    (0)   :  0.594 0.091 0.049 0.089 0.177 
505    (0)   :  0.092 0.088 0.071 0.088 0.660 
506    (0)   :  0.269 0.129 0.172 0.149 0.281 
507    (0)   :  0.045 0.023 0.530 0.064 0.338 
508    (0)   :  0.062 0.124 0.460 0.055 0.299 
509    (0)   :  0.085 0.068 0.134 0.088 0.625 
510    (0)   :  0.118 0.168 0.246 0.249 0.219 
511    (0)   :  0.133 0.056 0.051 0.523 0.237 
512    (0)   :  0.172 0.063 0.035 0.612 0.119 
513    (0)   :  0.160 0.542 0.055 0.040 0.203 
514    (0)   :  0.554 0.029 0.074 0.113 0.230 
515    (0)   :  0.083 0.043 0.142 0.444 0.288 
516    (0)   :  0.449 0.032 0.059 0.082 0.378 
517    (0)   :  0.178 0.019 0.136 0.260 0.407 
518    (0)   :  0.083 0.160 0.239 0.280 0.238 
519    (0)   :  0.619 0.024 0.076 0.112 0.169 
520    (0)   :  0.054 0.017 0.208 0.265 0.457 
521    (0)   :  0.251 0.017 0.339 0.101 0.292 
522    (0)   :  0.083 0.034 0.048 0.480 0.354 
523    (0)   :  0.143 0.018 0.131 0.108 0.599 
524    (0)   :  0.100 0.020 0.086 0.498 0.296 
525    (0)   :  0.064 0.081 0.203 0.365 0.288 
526    (0)   :  0.052 0.011 0.058 0.405 0.474 
527    (0)   :  0.197 0.331 0.053 0.287 0.131 
528    (0)   :  0.088 0.015 0.445 0.073 0.378 
529    (0)   :  0.166 0.151 0.122 0.145 0.416 
530    (0)   :  0.073 0.041 0.084 0.554 0.248 
531    (0)   :  0.087 0.024 0.376 0.271 0.241 
532    (0)   :  0.141 0.197 0.248 0.177 0.236 
533    (0)   :  0.082 0.080 0.072 0.414 0.352 
534    (0)   :  0.126 0.173 0.088 0.067 0.546 
535    (0)   :  0.207 0.012 0.057 0.211 0.512 
536    (0)   :  0.102 0.018 0.131 0.285 0.464 
537    (0)   :  0.064 0.017 0.153 0.086 0.681 
538    (0)   :  0.068 0.014 0.105 0.103 0.710 
539    (0)   :  0.049 0.016 0.535 0.067 0.334 
540    (0)   :  0.077 0.023 0.183 0.178 0.540 
541    (0)   :  0.110 0.022 0.489 0.154 0.226 
542    (0)   :  0.060 0.021 0.049 0.304 0.566 
543    (0)   :  0.212 0.017 0.148 0.085 0.537 
544    (0)   :  0.067 0.014 0.062 0.136 0.721 
545    (0)   :  0.102 0.014 0.037 0.268 0.579 
546    (0)   :  0.075 0.030 0.099 0.134 0.661 
547    (0)   :  0.090 0.013 0.108 0.090 0.699 
548    (0)   :  0.077 0.026 0.153 0.077 0.667 
549    (0)   :  0.062 0.014 0.395 0.245 0.283 
550    (0)   :  0.108 0.014 0.069 0.375 0.434 
551    (0)   :  0.089 0.017 0.556 0.121 0.217 
552    (0)   :  0.049 0.015 0.095 0.098 0.742 
553    (0)   :  0.112 0.014 0.138 0.059 0.677 
554    (0)   :  0.194 0.033 0.145 0.330 0.298 
555    (0)   :  0.066 0.036 0.184 0.075 0.638 
556    (0)   :  0.070 0.014 0.073 0.099 0.744 
557    (0)   :  0.179 0.012 0.107 0.400 0.301 
558    (0)   :  0.144 0.012 0.032 0.766 0.046 
559    (0)   :  0.489 0.029 0.048 0.124 0.311 
560    (0)   :  0.510 0.013 0.023 0.377 0.076 
561    (0)   :  0.358 0.029 0.032 0.394 0.187 
562    (0)   :  0.496 0.033 0.024 0.249 0.199 
563    (0)   :  0.561 0.025 0.155 0.134 0.125 
564    (0)   :  0.186 0.033 0.051 0.136 0.594 
565    (0)   :  0.071 0.014 0.035 0.818 0.062 
566    (0)   :  0.622 0.014 0.025 0.265 0.074 
567    (0)   :  0.270 0.058 0.033 0.106 0.534 
568    (0)   :  0.460 0.014 0.049 0.215 0.262 
569    (0)   :  0.240 0.025 0.051 0.409 0.276 
570    (0)   :  0.145 0.014 0.026 0.754 0.061 
571    (0)   :  0.722 0.015 0.040 0.119 0.103 
572    (0)   :  0.075 0.022 0.114 0.188 0.601 
573    (0)   :  0.220 0.043 0.052 0.222 0.463 
574    (0)   :  0.108 0.035 0.122 0.584 0.152 
575    (0)   :  0.487 0.015 0.089 0.187 0.222 
576    (0)   :  0.661 0.034 0.025 0.214 0.066 
577    (0)   :  0.184 0.036 0.111 0.527 0.141 
578    (0)   :  0.552 0.022 0.042 0.262 0.122 
579    (0)   :  0.329 0.059 0.037 0.373 0.202 
580    (0)   :  0.145 0.023 0.066 0.659 0.108 
581    (0)   :  0.270 0.017 0.051 0.574 0.088 
582    (0)   :  0.232 0.013 0.028 0.633 0.094 
583    (0)   :  0.637 0.049 0.040 0.187 0.087 
584    (0)   :  0.670 0.028 0.030 0.203 0.069 
585    (0)   :  0.451 0.027 0.035 0.378 0.109 
586    (0)   :  0.691 0.017 0.048 0.094 0.150 
587    (0)   :  0.216 0.029 0.027 0.504 0.224 
588    (0)   :  0.067 0.046 0.033 0.046 0.808 
589    (0)   :  0.109 0.016 0.030 0.690 0.156 
590    (0)   :  0.659 0.046 0.036 0.110 0.149 
591    (0)   :  0.714 0.018 0.043 0.119 0.107 
592    (0)   :  0.326 0.013 0.030 0.225 0.406 
593    (0)   :  0.334 0.017 0.061 0.342 0.246 
594    (0)   :  0.524 0.152 0.085 0.111 0.128 
595    (0)   :  0.178 0.317 0.027 0.370 0.108 
596    (0)   :  0.132 0.028 0.047 0.205 0.587 
597    (0)   :  0.588 0.016 0.182 0.069 0.146 
598    (0)   :  0.092 0.013 0.028 0.816 0.050 
599    (0)   :  0.559 0.013 0.025 0.241 0.161 
600    (0)   :  0.120 0.023 0.074 0.616 0.166 
601    (0)   :  0.365 0.014 0.026 0.469 0.127 
602    (0)   :  0.193 0.116 0.112 0.157 0.421 
603    (0)   :  0.290 0.051 0.109 0.136 0.414 
604    (0)   :  0.101 0.090 0.093 0.545 0.172 
605    (0)   :  0.299 0.033 0.049 0.317 0.301 
606    (0)   :  0.157 0.031 0.115 0.217 0.480 
607    (0)   :  0.116 0.062 0.237 0.372 0.214 
608    (0)   :  0.139 0.022 0.428 0.275 0.136 
609    (0)   :  0.184 0.044 0.062 0.567 0.143 
610    (0)   :  0.082 0.025 0.046 0.627 0.220 
611    (0)   :  0.270 0.046 0.124 0.148 0.412 
612    (0)   :  0.066 0.019 0.039 0.793 0.083 
613    (0)   :  0.150 0.110 0.058 0.404 0.278 
614    (0)   :  0.052 0.046 0.035 0.748 0.118 
615    (0)   :  0.055 0.020 0.063 0.721 0.141 
616    (0)   :  0.155 0.040 0.171 0.422 0.212 
617    (0)   :  0.122 0.212 0.040 0.463 0.163 
618    (0)   :  0.054 0.093 0.129 0.541 0.184 
619    (0)   :  0.224 0.014 0.100 0.260 0.403 
620    (0)   :  0.400 0.013 0.024 0.142 0.421 
621    (0)   :  0.551 0.059 0.041 0.271 0.078 
622    (0)   :  0.078 0.180 0.090 0.385 0.266 
623    (0)   :  0.380 0.028 0.042 0.236 0.315 
624    (0)   :  0.077 0.023 0.129 0.686 0.085 
625    (0)   :  0.164 0.081 0.135 0.511 0.109 
626    (0)   :  0.050 0.025 0.294 0.340 0.291 
627    (0)   :  0.320 0.040 0.058 0.301 0.282 
628    (0)   :  0.303 0.108 0.058 0.210 0.321 
629    (0)   :  0.232 0.071 0.071 0.317 0.310 
630    (0)   :  0.133 0.037 0.053 0.641 0.136 
631    (0)   :  0.134 0.031 0.058 0.588 0.190 
632    (0)   :  0.069 0.035 0.152 0.144 0.599 
633    (0)   :  0.120 0.072 0.112 0.559 0.137 
634    (0)   :  0.187 0.041 0.148 0.283 0.341 
635    (0)   :  0.080 0.030 0.397 0.224 0.269 
636    (0)   :  0.133 0.024 0.226 0.484 0.133 
637    (0)   :  0.094 0.031 0.068 0.193 0.613 
638    (0)   :  0.255 0.079 0.109 0.277 0.281 
639    (0)   :  0.086 0.091 0.093 0.539 0.191 
640    (0)   :  0.573 0.074 0.057 0.210 0.087 
641    (0)   :  0.157 0.136 0.072 0.387 0.248 
642    (0)   :  0.105 0.022 0.390 0.138 0.345 
643    (0)   :  0.076 0.013 0.734 0.081 0.096 
644    (0)   :  0.146 0.030 0.538 0.090 0.195 
645    (0)   :  0.037 0.055 0.424 0.339 0.145 
646    (0)   :  0.196 0.055 0.101 0.158 0.490 
647    (0)   :  0.234 0.061 0.323 0.109 0.272 
648    (0)   :  0.061 0.291 0.208 0.136 0.304 
649    (0)   :  0.128 0.025 0.115 0.070 0.663 
650    (0)   :  0.246 0.029 0.136 0.092 0.497 
651    (0)   :  0.125 0.330 0.320 0.082 0.144 
652    (0)   :  0.108 0.024 0.567 0.103 0.198 
653    (0)   :  0.059 0.219 0.304 0.129 0.289 
654    (0)   :  0.069 0.054 0.273 0.099 0.505 
655    (0)   :  0.247 0.014 0.504 0.108 0.128 
656    (0)   :  0.082 0.162 0.176 0.125 0.454 
657    (0)   :  0.115 0.159 0.190 0.377 0.159 
658    (0)   :  0.333 0.020 0.201 0.175 0.271 
659    (0)   :  0.080 0.073 0.418 0.131 0.298 
660    (0)   :  0.084 0.020 0.423 0.077 0.396 
661    (0)   :  0.061 0.020 0.485 0.114 0.320 
662    (0)   :  0.117 0.024 0.075 0.057 0.726 
663    (0)   :  0.097 0.019 0.372 0.108 0.403 
664    (0)   :  0.366 0.020 0.227 0.231 0.157 
665    (0)   :  0.092 0.021 0.089 0.072 0.727 
666    (0)   :  0.087 0.016 0.309 0.111 0.476 
667    (0)   :  0.212 0.343 0.091 0.126 0.228 
668    (0)   :  0.118 0.020 0.411 0.175 0.275 
669    (0)   :  0.093 0.089 0.185 0.114 0.519 
670    (0)   :  0.047 0.013 0.723 0.053 0.164 
671    (0)   :  0.080 0.016 0.520 0.071 0.313 
672    (0)   :  0.121 0.011 0.650 0.101 0.117 
673    (0)   :  0.035 0.016 0.842 0.052 0.056 
674    (0)   :  0.052 0.025 0.590 0.109 0.224 
675    (0)   :  0.077 0.026 0.775 0.049 0.074 
676    (0)   :  0.035 0.012 0.843 0.049 0.060 
677    (0)   :  0.038 0.012 0.477 0.048 0.425 
678    (0)   :  0.042 0.015 0.844 0.049 0.050 
679    (0)   :  0.055 0.027 0.720 0.108 0.090 
680    (0)   :  0.039 0.035 0.741 0.085 0.100 
681    (0)   :  0.058 0.059 0.228 0.239 0.417 
682    (0)   :  0.040 0.015 0.768 0.090 0.087 
683    (0)   :  0.045 0.013 0.753 0.050 0.139 
684    (0)   :  0.041 0.015 0.834 0.050 0.059 
685    (0)   :  0.034 0.013 0.844 0.045 0.064 
686    (0)   :  0.048 0.016 0.442 0.087 0.406 
687    (0)   :  0.071 0.013 0.489 0.064 0.363 
688    (0)   :  0.058 0.013 0.762 0.063 0.103 
689    (0)   :  0.033 0.014 0.844 0.047 0.063 
690    (0)   :  0.035 0.013 0.841 0.049 0.062 
691    (0)   :  0.052 0.025 0.689 0.099 0.135 
692    (0)   :  0.057 0.022 0.782 0.069 0.071 
693    (0)   :  0.068 0.013 0.774 0.075 0.071 
694    (0)   :  0.032 0.011 0.846 0.042 0.069 
695    (0)   :  0.041 0.011 0.778 0.066 0.104 
696    (0)   :  0.057 0.013 0.760 0.064 0.106 
697    (0)   :  0.033 0.014 0.816 0.052 0.085 
698    (0)   :  0.035 0.013 0.830 0.050 0.072 
699    (0)   :  0.039 0.011 0.614 0.063 0.274 
700    (0)   :  0.060 0.014 0.708 0.096 0.122 
701    (0)   :  0.053 0.043 0.690 0.090 0.124 
702    (0)   :  0.065 0.016 0.612 0.114 0.193 
703    (0)   :  0.041 0.015 0.744 0.090 0.109 
704    (0)   :  0.051 0.012 0.735 0.059 0.142 
705    (0)   :  0.060 0.041 0.339 0.117 0.443 
706    (0)   :  0.037 0.017 0.742 0.081 0.122 
707    (0)   :  0.034 0.017 0.786 0.053 0.110 
708    (0)   :  0.036 0.021 0.811 0.048 0.084 
709    (0)   :  0.037 0.011 0.780 0.054 0.117 
710    (0)   :  0.033 0.011 0.845 0.045 0.066 
711    (0)   :  0.039 0.018 0.615 0.079 0.250 
712    (0)   :  0.033 0.017 0.646 0.044 0.261 
713    (0)   :  0.054 0.014 0.761 0.056 0.116 
714    (0)   :  0.055 0.062 0.638 0.105 0.140 
715    (0)   :  0.031 0.011 0.775 0.045 0.137 
716    (0)   :  0.037 0.013 0.777 0.075 0.097 
717    (0)   :  0.032 0.011 0.830 0.046 0.082 
718    (0)   :  0.041 0.041 0.618 0.081 0.219 
719    (0)   :  0.038 0.011 0.802 0.043 0.106 
720    (0)   :  0.430 0.043 0.043 0.317 0.166 
721    (0)   :  0.070 0.029 0.493 0.248 0.160 
722    (0)   :  0.114 0.028 0.072 0.607 0.179 
723    (0)   :  0.094 0.039 0.067 0.691 0.109 
724    (0)   :  0.078 0.025 0.184 0.597 0.116 
725    (0)   :  0.228 0.046 0.215 0.221 0.290 
726    (0)   :  0.086 0.028 0.109 0.536 0.242 
727    (0)   :  0.094 0.033 0.172 0.212 0.488 
728    (0)   :  0.049 0.018 0.025 0.852 0.055 
729    (0)   :  0.060 0.016 0.027 0.836 0.061 
730    (0)   :  0.242 0.081 0.044 0.503 0.130 
731    (0)   :  0.081 0.022 0.058 0.755 0.084 
732    (0)   :  0.097 0.040 0.066 0.687 0.110 
733    (0)   :  0.074 0.023 0.038 0.803 0.062 
734    (0)   :  0.118 0.017 0.026 0.780 0.059 
735    (0)   :  0.055 0.022 0.046 0.822 0.055 
736    (0)   :  0.219 0.021 0.052 0.623 0.085 
737    (0)   :  0.139 0.060 0.054 0.552 0.195 
738    (0)   :  0.139 0.081 0.047 0.632 0.100 
739    (0)   :  0.075 0.020 0.034 0.813 0.058 
740    (0)   :  0.056 0.173 0.599 0.069 0.104 
741    (0)   :  0.085 0.147 0.481 0.116 0.171 
742    (0)   :  0.648 0.021 0.146 0.126 0.059 
743    (0)   :  0.374 0.130 0.105 0.186 0.204 
744    (0)   :  0.288 0.030 0.077 0.090 0.515 
745    (0)   :  0.654 0.051 0.035 0.118 0.141 
746    (0)   :  0.258 0.039 0.208 0.245 0.250 
747    (0)   :  0.434 0.031 0.071 0.145 0.319 
748    (0)   :  0.302 0.017 0.433 0.096 0.151 
749    (0)   :  0.280 0.050 0.121 0.121 0.428 
750    (0)   :  0.345 0.085 0.081 0.130 0.359 
751    (0)   :  0.262 0.021 0.440 0.113 0.165 
752    (0)   :  0.347 0.032 0.085 0.194 0.343 
753    (0)   :  0.178 0.070 0.176 0.275 0.301 
754    (0)   :  0.125 0.194 0.421 0.138 0.122 
755    (0)   :  0.248 0.172 0.190 0.186 0.203 
756    (0)   :  0.559 0.021 0.213 0.060 0.147 
757    (0)   :  0.541 0.024 0.144 0.124 0.167 
758    (0)   :  0.684 0.086 0.036 0.070 0.124 
759    (0)   :  0.091 0.073 0.418 0.230 0.188 
760    (0)   :  0.282 0.219 0.117 0.258 0.123 
761    (0)   :  0.072 0.059 0.243 0.426 0.200 
762    (0)   :  0.333 0.142 0.059 0.395 0.071 
763    (0)   :  0.177 0.070 0.171 0.276 0.306 
764    (0)   :  0.519 0.083 0.095 0.132 0.172 
765    (0)   :  0.193 0.201 0.064 0.345 0.197 
766    (0)   :  0.417 0.050 0.293 0.105 0.134 
767    (0)   :  0.406 0.020 0.264 0.143 0.167 
768    (0)   :  0.288 0.166 0.060 0.414 0.072 
769    (0)   :  0.140 0.041 0.255 0.459 0.106 
770    (0)   :  0.402 0.032 0.054 0.420 0.091 
771    (0)   :  0.125 0.079 0.101 0.069 0.626 
772    (0)   :  0.342 0.058 0.282 0.146 0.172 
773    (0)   :  0.479 0.170 0.091 0.100 0.160 
774    (0)   :  0.109 0.061 0.389 0.155 0.286 
775    (0)   :  0.170 0.027 0.106 0.616 0.081 
776    (0)   :  0.733 0.016 0.049 0.094 0.108 
777    (0)   :  0.253 0.025 0.095 0.188 0.439 
778    (0)   :  0.174 0.025 0.127 0.125 0.549 
779    (0)   :  0.498 0.145 0.138 0.089 0.131 
780    (0)   :  0.255 0.034 0.429 0.124 0.158 
781    (0)   :  0.069 0.043 0.100 0.065 0.723 
782    (0)   :  0.501 0.139 0.141 0.089 0.130 
783    (0)   :  0.432 0.032 0.250 0.169 0.118 
784    (0)   :  0.533 0.034 0.097 0.227 0.109 
785    (0)   :  0.405 0.122 0.189 0.141 0.143 
786    (0)   :  0.285 0.032 0.432 0.133 0.118 
787    (0)   :  0.226 0.023 0.348 0.065 0.339 
788    (0)   :  0.440 0.124 0.108 0.175 0.153 
789    (0)   :  0.564 0.034 0.113 0.202 0.086 
790    (0)   :  0.215 0.119 0.292 0.230 0.144 
791    (0)   :  0.526 0.019 0.152 0.148 0.155 
792    (0)   :  0.156 0.102 0.371 0.066 0.304 
793    (0)   :  0.068 0.020 0.243 0.203 0.466 
794    (0)   :  0.338 0.034 0.162 0.206 0.260 
795    (0)   :  0.074 0.023 0.464 0.208 0.231 
796    (0)   :  0.587 0.018 0.179 0.086 0.129 
797    (0)   :  0.067 0.016 0.459 0.121 0.338 
798    (0)   :  0.126 0.014 0.029 0.628 0.203 
799    (0)   :  0.571 0.059 0.077 0.137 0.157 
800    (0)   :  0.140 0.020 0.406 0.053 0.381 
801    (0)   :  0.136 0.015 0.060 0.605 0.185 
802    (0)   :  0.106 0.021 0.203 0.367 0.302 
803    (0)   :  0.098 0.066 0.271 0.173 0.392 
804    (0)   :  0.146 0.066 0.105 0.186 0.497 
805    (0)   :  0.070 0.013 0.751 0.069 0.096 
806    (0)   :  0.085 0.049 0.118 0.424 0.324 
807    (0)   :  0.044 0.018 0.487 0.084 0.367 
808    (0)   :  0.077 0.015 0.276 0.085 0.547 
809    (0)   :  0.084 0.011 0.058 0.295 0.553 
810    (0)   :  0.176 0.049 0.179 0.323 0.272 
