

----------------------------------------------------
STRUCTURE by Pritchard, Stephens and Donnelly (2000)
     and Falush, Stephens and Pritchard (2003)
       Code by Pritchard, Falush and Hubisz
             Version 2.3.4 (Jul 2012)
----------------------------------------------------



Command line arguments:   ./structure -K 3 -D 103009 -m brooktrout/mainparams -e brooktrout/extraparams -o brooktrout/250914_output/results_K3_rep9 
Input File:    brooktrout/brooktrout.txt

Run parameters:
   8454 individuals
   5 loci
   3 populations assumed
   50000 Burn-in period
   100000 Reps
RANDOMIZE turned off


--------------------------------------------
Overall proportion of membership of the
sample in each of the 3 clusters

Inferred Clusters
  1      2      3    
0.482  0.264  0.254  

--------------------------------------------

Allele-freq. divergence among pops (Net nucleotide distance),
computed using point estimates of P.

      1       2       3      
 1      -    0.0292  0.0561  
 2   0.0292     -    0.0875  
 3   0.0561  0.0875     -    

Average distances (expected heterozygosity) between individuals in same cluster:
cluster  1  : 0.8435 
cluster  2  : 0.8102 
cluster  3  : 0.7761 

--------------------------------------------
Estimated Ln Prob of Data   = -178785.0
Mean value of ln likelihood = -175549.9
Variance of ln likelihood   = 6470.1

Mean value of alpha_1       = 0.2966
Mean value of alpha_2       = 0.1611
Mean value of alpha_3       = 0.1588
Allele frequencies uncorrelated


Inferred ancestry of individuals:
     (%Miss) :  Inferred clusters
  1    (0)   :  0.371 0.317 0.312 
  2    (0)   :  0.896 0.051 0.053 
  3    (0)   :  0.192 0.604 0.204 
  4    (0)   :  0.205 0.042 0.752 
  5    (0)   :  0.896 0.059 0.045 
  6    (0)   :  0.121 0.838 0.040 
  7    (0)   :  0.787 0.175 0.038 
  8    (0)   :  0.347 0.309 0.344 
  9    (0)   :  0.417 0.455 0.128 
 10    (0)   :  0.409 0.460 0.131 
 11    (0)   :  0.687 0.271 0.042 
 12    (0)   :  0.842 0.077 0.081 
 13    (0)   :  0.789 0.136 0.075 
 14    (0)   :  0.728 0.100 0.171 
 15    (0)   :  0.704 0.090 0.206 
 16    (0)   :  0.278 0.655 0.067 
 17    (0)   :  0.633 0.288 0.079 
 18    (0)   :  0.264 0.554 0.183 
 19    (0)   :  0.360 0.581 0.059 
 20    (0)   :  0.817 0.119 0.064 
 21    (0)   :  0.454 0.178 0.368 
 22    (0)   :  0.134 0.794 0.073 
 23    (0)   :  0.587 0.070 0.343 
 24    (0)   :  0.294 0.473 0.232 
 25    (0)   :  0.840 0.128 0.032 
 26    (0)   :  0.510 0.328 0.162 
 27    (0)   :  0.589 0.298 0.114 
 28    (0)   :  0.486 0.202 0.312 
 29    (0)   :  0.846 0.092 0.061 
 30    (0)   :  0.130 0.808 0.063 
 31    (0)   :  0.698 0.157 0.145 
 32    (0)   :  0.589 0.204 0.207 
 33    (0)   :  0.231 0.573 0.196 
 34    (0)   :  0.383 0.561 0.056 
 35    (0)   :  0.412 0.503 0.086 
 36    (0)   :  0.171 0.683 0.146 
 37    (0)   :  0.571 0.128 0.301 
 38    (0)   :  0.127 0.839 0.033 
 39    (0)   :  0.277 0.664 0.059 
 40    (0)   :  0.244 0.146 0.610 
 41    (0)   :  0.246 0.623 0.131 
 42    (0)   :  0.118 0.203 0.679 
 43    (0)   :  0.676 0.075 0.248 
 44    (0)   :  0.475 0.397 0.128 
 45    (0)   :  0.299 0.641 0.060 
 46    (0)   :  0.326 0.627 0.047 
 47    (0)   :  0.299 0.603 0.097 
 48    (0)   :  0.413 0.409 0.178 
 49    (0)   :  0.389 0.505 0.105 
 50    (0)   :  0.237 0.649 0.113 
 51    (0)   :  0.271 0.413 0.316 
 52    (0)   :  0.240 0.691 0.069 
 53    (0)   :  0.108 0.822 0.071 
 54    (0)   :  0.766 0.102 0.132 
 55    (0)   :  0.829 0.061 0.110 
 56    (0)   :  0.278 0.562 0.160 
 57    (0)   :  0.491 0.333 0.177 
 58    (0)   :  0.657 0.212 0.130 
 59    (0)   :  0.265 0.653 0.083 
 60    (0)   :  0.320 0.158 0.522 
 61    (0)   :  0.665 0.042 0.293 
 62    (0)   :  0.432 0.496 0.072 
 63    (0)   :  0.625 0.188 0.187 
 64    (0)   :  0.176 0.781 0.042 
 65    (0)   :  0.826 0.145 0.028 
 66    (0)   :  0.690 0.055 0.256 
 67    (0)   :  0.855 0.065 0.080 
 68    (0)   :  0.273 0.614 0.113 
 69    (0)   :  0.343 0.485 0.173 
 70    (0)   :  0.601 0.223 0.176 
 71    (0)   :  0.336 0.617 0.048 
 72    (0)   :  0.202 0.737 0.062 
 73    (0)   :  0.846 0.097 0.058 
 74    (0)   :  0.136 0.601 0.263 
 75    (0)   :  0.139 0.202 0.659 
 76    (0)   :  0.813 0.113 0.075 
 77    (0)   :  0.272 0.651 0.076 
 78    (0)   :  0.168 0.754 0.077 
 79    (0)   :  0.816 0.141 0.043 
 80    (0)   :  0.262 0.101 0.637 
 81    (0)   :  0.420 0.149 0.431 
 82    (0)   :  0.825 0.054 0.122 
 83    (0)   :  0.513 0.172 0.315 
 84    (0)   :  0.656 0.138 0.207 
 85    (0)   :  0.434 0.165 0.401 
 86    (0)   :  0.805 0.137 0.058 
 87    (0)   :  0.835 0.110 0.054 
 88    (0)   :  0.689 0.057 0.254 
 89    (0)   :  0.475 0.065 0.460 
 90    (0)   :  0.883 0.069 0.048 
 91    (0)   :  0.208 0.092 0.700 
 92    (0)   :  0.832 0.083 0.086 
 93    (0)   :  0.081 0.036 0.883 
 94    (0)   :  0.351 0.603 0.046 
 95    (0)   :  0.844 0.048 0.108 
 96    (0)   :  0.487 0.042 0.471 
 97    (0)   :  0.183 0.316 0.500 
 98    (0)   :  0.612 0.202 0.186 
 99    (0)   :  0.744 0.100 0.156 
100    (0)   :  0.137 0.032 0.831 
101    (0)   :  0.841 0.063 0.096 
102    (0)   :  0.480 0.105 0.415 
103    (0)   :  0.788 0.043 0.169 
104    (0)   :  0.887 0.062 0.052 
105    (0)   :  0.869 0.037 0.094 
106    (0)   :  0.573 0.405 0.023 
107    (0)   :  0.848 0.054 0.098 
108    (0)   :  0.811 0.128 0.060 
109    (0)   :  0.763 0.214 0.024 
110    (0)   :  0.548 0.423 0.028 
111    (0)   :  0.910 0.062 0.029 
112    (0)   :  0.711 0.262 0.027 
113    (0)   :  0.740 0.151 0.109 
114    (0)   :  0.877 0.059 0.064 
115    (0)   :  0.892 0.057 0.051 
116    (0)   :  0.701 0.271 0.029 
117    (0)   :  0.704 0.255 0.041 
118    (0)   :  0.916 0.047 0.037 
119    (0)   :  0.489 0.076 0.435 
120    (0)   :  0.883 0.074 0.043 
121    (0)   :  0.882 0.073 0.045 
122    (0)   :  0.651 0.317 0.032 
123    (0)   :  0.828 0.127 0.045 
124    (0)   :  0.435 0.521 0.043 
125    (0)   :  0.298 0.650 0.053 
126    (0)   :  0.675 0.263 0.062 
127    (0)   :  0.909 0.058 0.033 
128    (0)   :  0.917 0.044 0.039 
129    (0)   :  0.933 0.036 0.031 
130    (0)   :  0.870 0.065 0.065 
131    (0)   :  0.389 0.571 0.041 
132    (0)   :  0.786 0.186 0.028 
133    (0)   :  0.888 0.066 0.046 
134    (0)   :  0.527 0.455 0.018 
135    (0)   :  0.181 0.044 0.775 
136    (0)   :  0.091 0.042 0.867 
137    (0)   :  0.129 0.039 0.832 
138    (0)   :  0.060 0.038 0.902 
139    (0)   :  0.273 0.068 0.659 
140    (0)   :  0.247 0.115 0.638 
141    (0)   :  0.092 0.069 0.839 
142    (0)   :  0.136 0.039 0.825 
143    (0)   :  0.055 0.026 0.920 
144    (0)   :  0.123 0.034 0.843 
145    (0)   :  0.178 0.094 0.727 
146    (0)   :  0.311 0.102 0.587 
147    (0)   :  0.057 0.032 0.912 
148    (0)   :  0.179 0.053 0.767 
149    (0)   :  0.073 0.043 0.884 
150    (0)   :  0.294 0.050 0.657 
151    (0)   :  0.097 0.035 0.868 
152    (0)   :  0.213 0.064 0.723 
153    (0)   :  0.085 0.055 0.860 
154    (0)   :  0.103 0.037 0.859 
155    (0)   :  0.074 0.030 0.896 
156    (0)   :  0.109 0.029 0.862 
157    (0)   :  0.183 0.065 0.753 
158    (0)   :  0.144 0.097 0.759 
159    (0)   :  0.061 0.028 0.911 
160    (0)   :  0.068 0.029 0.903 
161    (0)   :  0.137 0.071 0.791 
162    (0)   :  0.394 0.111 0.495 
163    (0)   :  0.066 0.029 0.905 
164    (0)   :  0.449 0.071 0.480 
165    (0)   :  0.233 0.045 0.722 
166    (0)   :  0.263 0.081 0.656 
167    (0)   :  0.204 0.059 0.737 
168    (0)   :  0.091 0.062 0.847 
169    (0)   :  0.118 0.445 0.437 
170    (0)   :  0.112 0.036 0.852 
171    (0)   :  0.251 0.069 0.680 
172    (0)   :  0.069 0.154 0.777 
173    (0)   :  0.072 0.028 0.900 
174    (0)   :  0.087 0.036 0.877 
175    (0)   :  0.068 0.038 0.895 
176    (0)   :  0.122 0.034 0.844 
177    (0)   :  0.270 0.137 0.593 
178    (0)   :  0.121 0.057 0.822 
179    (0)   :  0.054 0.028 0.918 
180    (0)   :  0.183 0.091 0.727 
181    (0)   :  0.126 0.052 0.822 
182    (0)   :  0.121 0.027 0.853 
183    (0)   :  0.068 0.030 0.902 
184    (0)   :  0.812 0.116 0.072 
185    (0)   :  0.059 0.023 0.918 
186    (0)   :  0.851 0.093 0.056 
187    (0)   :  0.465 0.076 0.460 
188    (0)   :  0.893 0.066 0.040 
189    (0)   :  0.309 0.281 0.410 
190    (0)   :  0.189 0.026 0.785 
191    (0)   :  0.820 0.048 0.132 
192    (0)   :  0.587 0.077 0.336 
193    (0)   :  0.618 0.088 0.294 
194    (0)   :  0.633 0.060 0.308 
195    (0)   :  0.112 0.027 0.860 
196    (0)   :  0.453 0.047 0.500 
197    (0)   :  0.630 0.222 0.147 
198    (0)   :  0.700 0.130 0.170 
199    (0)   :  0.487 0.042 0.471 
200    (0)   :  0.600 0.083 0.317 
201    (0)   :  0.120 0.035 0.845 
202    (0)   :  0.167 0.026 0.807 
203    (0)   :  0.141 0.030 0.829 
204    (0)   :  0.362 0.032 0.606 
205    (0)   :  0.739 0.063 0.198 
206    (0)   :  0.445 0.038 0.517 
207    (0)   :  0.821 0.034 0.145 
208    (0)   :  0.390 0.046 0.565 
209    (0)   :  0.741 0.060 0.199 
210    (0)   :  0.447 0.043 0.509 
211    (0)   :  0.760 0.030 0.209 
212    (0)   :  0.122 0.048 0.830 
213    (0)   :  0.733 0.076 0.191 
214    (0)   :  0.121 0.033 0.846 
215    (0)   :  0.866 0.044 0.090 
216    (0)   :  0.782 0.118 0.100 
217    (0)   :  0.136 0.046 0.818 
218    (0)   :  0.662 0.065 0.273 
219    (0)   :  0.445 0.218 0.337 
220    (0)   :  0.795 0.037 0.168 
221    (0)   :  0.065 0.024 0.911 
222    (0)   :  0.609 0.224 0.167 
223    (0)   :  0.319 0.094 0.587 
224    (0)   :  0.237 0.035 0.729 
225    (0)   :  0.558 0.051 0.391 
226    (0)   :  0.526 0.214 0.260 
227    (0)   :  0.411 0.034 0.555 
228    (0)   :  0.122 0.025 0.853 
229    (0)   :  0.242 0.044 0.714 
230    (0)   :  0.360 0.037 0.602 
231    (0)   :  0.300 0.068 0.632 
232    (0)   :  0.438 0.095 0.467 
233    (0)   :  0.105 0.032 0.862 
234    (0)   :  0.643 0.102 0.255 
235    (0)   :  0.373 0.103 0.524 
236    (0)   :  0.316 0.064 0.620 
237    (0)   :  0.731 0.035 0.234 
238    (0)   :  0.169 0.044 0.787 
239    (0)   :  0.113 0.028 0.860 
240    (0)   :  0.167 0.043 0.790 
241    (0)   :  0.128 0.034 0.839 
242    (0)   :  0.444 0.128 0.428 
243    (0)   :  0.362 0.031 0.607 
244    (0)   :  0.175 0.033 0.791 
245    (0)   :  0.085 0.030 0.886 
246    (0)   :  0.133 0.046 0.820 
247    (0)   :  0.823 0.125 0.052 
248    (0)   :  0.900 0.040 0.060 
249    (0)   :  0.241 0.040 0.719 
250    (0)   :  0.517 0.064 0.420 
251    (0)   :  0.745 0.118 0.137 
252    (0)   :  0.394 0.068 0.539 
253    (0)   :  0.813 0.072 0.115 
254    (0)   :  0.641 0.146 0.213 
255    (0)   :  0.597 0.097 0.307 
256    (0)   :  0.246 0.044 0.710 
257    (0)   :  0.695 0.046 0.258 
258    (0)   :  0.804 0.059 0.137 
259    (0)   :  0.762 0.045 0.193 
260    (0)   :  0.453 0.159 0.387 
261    (0)   :  0.221 0.062 0.718 
262    (0)   :  0.100 0.030 0.870 
263    (0)   :  0.760 0.057 0.184 
264    (0)   :  0.344 0.613 0.042 
265    (0)   :  0.550 0.115 0.334 
266    (0)   :  0.073 0.024 0.903 
267    (0)   :  0.589 0.058 0.353 
268    (0)   :  0.449 0.047 0.504 
269    (0)   :  0.409 0.237 0.353 
270    (0)   :  0.788 0.098 0.115 
271    (0)   :  0.835 0.048 0.117 
272    (0)   :  0.695 0.139 0.165 
273    (0)   :  0.293 0.124 0.583 
274    (0)   :  0.715 0.098 0.186 
275    (0)   :  0.510 0.133 0.357 
276    (0)   :  0.756 0.107 0.137 
277    (0)   :  0.388 0.102 0.510 
278    (0)   :  0.808 0.046 0.146 
279    (0)   :  0.552 0.074 0.375 
280    (0)   :  0.435 0.230 0.335 
281    (0)   :  0.750 0.065 0.185 
282    (0)   :  0.222 0.080 0.698 
283    (0)   :  0.146 0.040 0.814 
284    (0)   :  0.590 0.062 0.348 
285    (0)   :  0.888 0.071 0.041 
286    (0)   :  0.181 0.034 0.785 
287    (0)   :  0.548 0.150 0.302 
288    (0)   :  0.680 0.146 0.174 
289    (0)   :  0.682 0.119 0.199 
290    (0)   :  0.429 0.336 0.235 
291    (0)   :  0.835 0.048 0.117 
292    (0)   :  0.305 0.167 0.528 
293    (0)   :  0.369 0.524 0.107 
294    (0)   :  0.762 0.068 0.170 
295    (0)   :  0.642 0.108 0.250 
296    (0)   :  0.778 0.045 0.177 
297    (0)   :  0.555 0.272 0.173 
298    (0)   :  0.368 0.088 0.544 
299    (0)   :  0.746 0.086 0.168 
300    (0)   :  0.766 0.064 0.170 
301    (0)   :  0.725 0.159 0.116 
302    (0)   :  0.754 0.058 0.188 
303    (0)   :  0.192 0.062 0.746 
304    (0)   :  0.348 0.200 0.452 
305    (0)   :  0.173 0.034 0.792 
306    (0)   :  0.154 0.062 0.783 
307    (0)   :  0.634 0.061 0.305 
308    (0)   :  0.222 0.062 0.716 
309    (0)   :  0.744 0.061 0.195 
310    (0)   :  0.214 0.035 0.752 
311    (0)   :  0.352 0.039 0.609 
312    (0)   :  0.795 0.033 0.172 
313    (0)   :  0.875 0.031 0.094 
314    (0)   :  0.049 0.028 0.924 
315    (0)   :  0.061 0.035 0.904 
316    (0)   :  0.061 0.041 0.898 
317    (0)   :  0.049 0.029 0.922 
318    (0)   :  0.047 0.030 0.922 
319    (0)   :  0.058 0.027 0.915 
320    (0)   :  0.050 0.027 0.923 
321    (0)   :  0.050 0.032 0.917 
322    (0)   :  0.066 0.039 0.895 
323    (0)   :  0.052 0.029 0.919 
324    (0)   :  0.051 0.032 0.917 
325    (0)   :  0.059 0.042 0.899 
326    (0)   :  0.054 0.041 0.905 
327    (0)   :  0.049 0.028 0.922 
328    (0)   :  0.070 0.039 0.891 
329    (0)   :  0.051 0.028 0.921 
330    (0)   :  0.050 0.029 0.922 
331    (0)   :  0.051 0.028 0.922 
332    (0)   :  0.061 0.051 0.888 
333    (0)   :  0.059 0.036 0.905 
334    (0)   :  0.071 0.039 0.890 
335    (0)   :  0.062 0.035 0.902 
336    (0)   :  0.049 0.033 0.918 
337    (0)   :  0.064 0.046 0.890 
338    (0)   :  0.048 0.032 0.919 
339    (0)   :  0.051 0.027 0.922 
340    (0)   :  0.050 0.025 0.924 
341    (0)   :  0.052 0.028 0.920 
342    (0)   :  0.050 0.029 0.922 
343    (0)   :  0.066 0.041 0.893 
344    (0)   :  0.049 0.028 0.922 
345    (0)   :  0.049 0.029 0.922 
346    (0)   :  0.047 0.028 0.925 
347    (0)   :  0.047 0.026 0.927 
348    (0)   :  0.064 0.033 0.904 
349    (0)   :  0.050 0.029 0.922 
350    (0)   :  0.056 0.028 0.917 
351    (0)   :  0.062 0.035 0.903 
352    (0)   :  0.061 0.040 0.899 
353    (0)   :  0.049 0.033 0.918 
354    (0)   :  0.051 0.029 0.920 
355    (0)   :  0.048 0.031 0.921 
356    (0)   :  0.068 0.032 0.900 
357    (0)   :  0.219 0.228 0.553 
358    (0)   :  0.063 0.040 0.897 
359    (0)   :  0.053 0.029 0.918 
360    (0)   :  0.046 0.027 0.926 
361    (0)   :  0.289 0.234 0.477 
362    (0)   :  0.577 0.342 0.082 
363    (0)   :  0.302 0.655 0.043 
364    (0)   :  0.394 0.257 0.349 
365    (0)   :  0.231 0.725 0.044 
366    (0)   :  0.294 0.530 0.176 
367    (0)   :  0.393 0.584 0.022 
368    (0)   :  0.878 0.079 0.043 
369    (0)   :  0.315 0.231 0.454 
370    (0)   :  0.862 0.074 0.064 
371    (0)   :  0.554 0.328 0.118 
372    (0)   :  0.774 0.092 0.134 
373    (0)   :  0.715 0.213 0.073 
374    (0)   :  0.330 0.340 0.330 
375    (0)   :  0.417 0.550 0.033 
376    (0)   :  0.073 0.902 0.024 
377    (0)   :  0.493 0.444 0.062 
378    (0)   :  0.736 0.127 0.137 
379    (0)   :  0.071 0.906 0.023 
380    (0)   :  0.102 0.757 0.141 
381    (0)   :  0.082 0.823 0.095 
382    (0)   :  0.418 0.546 0.036 
383    (0)   :  0.084 0.808 0.108 
384    (0)   :  0.194 0.732 0.074 
385    (0)   :  0.723 0.158 0.119 
386    (0)   :  0.380 0.583 0.037 
387    (0)   :  0.374 0.588 0.038 
388    (0)   :  0.553 0.224 0.224 
389    (0)   :  0.881 0.060 0.059 
390    (0)   :  0.307 0.651 0.042 
391    (0)   :  0.796 0.127 0.077 
392    (0)   :  0.143 0.790 0.066 
393    (0)   :  0.067 0.852 0.080 
394    (0)   :  0.571 0.207 0.222 
395    (0)   :  0.353 0.574 0.073 
396    (0)   :  0.485 0.490 0.025 
397    (0)   :  0.523 0.283 0.194 
398    (0)   :  0.111 0.864 0.025 
399    (0)   :  0.765 0.201 0.034 
400    (0)   :  0.256 0.697 0.047 
401    (0)   :  0.611 0.333 0.056 
402    (0)   :  0.769 0.137 0.094 
403    (0)   :  0.448 0.168 0.384 
404    (0)   :  0.339 0.566 0.095 
405    (0)   :  0.481 0.423 0.096 
406    (0)   :  0.154 0.593 0.254 
407    (0)   :  0.096 0.878 0.026 
408    (0)   :  0.911 0.061 0.028 
409    (0)   :  0.130 0.358 0.513 
410    (0)   :  0.199 0.731 0.070 
411    (0)   :  0.137 0.622 0.241 
412    (0)   :  0.839 0.121 0.040 
413    (0)   :  0.774 0.110 0.117 
414    (0)   :  0.870 0.102 0.028 
415    (0)   :  0.129 0.830 0.041 
416    (0)   :  0.319 0.616 0.065 
417    (0)   :  0.127 0.840 0.033 
418    (0)   :  0.502 0.471 0.026 
419    (0)   :  0.451 0.359 0.190 
420    (0)   :  0.564 0.394 0.042 
421    (0)   :  0.277 0.683 0.040 
422    (0)   :  0.325 0.603 0.072 
423    (0)   :  0.220 0.727 0.053 
424    (0)   :  0.760 0.174 0.066 
425    (0)   :  0.466 0.458 0.077 
426    (0)   :  0.769 0.168 0.063 
427    (0)   :  0.121 0.782 0.097 
428    (0)   :  0.264 0.504 0.232 
429    (0)   :  0.119 0.859 0.022 
430    (0)   :  0.114 0.853 0.034 
431    (0)   :  0.796 0.152 0.052 
432    (0)   :  0.860 0.092 0.048 
433    (0)   :  0.702 0.058 0.241 
434    (0)   :  0.538 0.318 0.144 
435    (0)   :  0.115 0.860 0.025 
436    (0)   :  0.075 0.886 0.039 
437    (0)   :  0.116 0.857 0.028 
438    (0)   :  0.221 0.696 0.083 
439    (0)   :  0.072 0.896 0.032 
440    (0)   :  0.099 0.880 0.021 
441    (0)   :  0.229 0.679 0.092 
442    (0)   :  0.189 0.782 0.028 
443    (0)   :  0.398 0.571 0.031 
444    (0)   :  0.157 0.814 0.029 
445    (0)   :  0.134 0.695 0.171 
446    (0)   :  0.118 0.853 0.029 
447    (0)   :  0.264 0.668 0.068 
448    (0)   :  0.262 0.706 0.032 
449    (0)   :  0.291 0.652 0.057 
450    (0)   :  0.146 0.809 0.046 
451    (0)   :  0.874 0.104 0.023 
452    (0)   :  0.119 0.842 0.039 
453    (0)   :  0.776 0.117 0.107 
454    (0)   :  0.235 0.696 0.070 
455    (0)   :  0.138 0.830 0.032 
456    (0)   :  0.177 0.793 0.031 
457    (0)   :  0.100 0.870 0.030 
458    (0)   :  0.080 0.886 0.034 
459    (0)   :  0.265 0.642 0.092 
460    (0)   :  0.148 0.826 0.027 
461    (0)   :  0.208 0.766 0.026 
462    (0)   :  0.156 0.822 0.022 
463    (0)   :  0.333 0.558 0.110 
464    (0)   :  0.269 0.703 0.028 
465    (0)   :  0.535 0.425 0.041 
466    (0)   :  0.503 0.460 0.037 
467    (0)   :  0.189 0.744 0.067 
468    (0)   :  0.091 0.882 0.028 
469    (0)   :  0.065 0.907 0.028 
470    (0)   :  0.098 0.878 0.025 
471    (0)   :  0.542 0.397 0.061 
472    (0)   :  0.413 0.544 0.043 
473    (0)   :  0.411 0.524 0.065 
474    (0)   :  0.138 0.818 0.044 
475    (0)   :  0.444 0.494 0.062 
476    (0)   :  0.085 0.882 0.033 
477    (0)   :  0.776 0.168 0.056 
478    (0)   :  0.798 0.175 0.026 
479    (0)   :  0.149 0.827 0.024 
480    (0)   :  0.072 0.900 0.028 
481    (0)   :  0.518 0.447 0.035 
482    (0)   :  0.087 0.890 0.023 
483    (0)   :  0.110 0.855 0.036 
484    (0)   :  0.182 0.769 0.049 
485    (0)   :  0.097 0.874 0.029 
486    (0)   :  0.884 0.065 0.051 
487    (0)   :  0.792 0.085 0.122 
488    (0)   :  0.892 0.049 0.058 
489    (0)   :  0.644 0.103 0.254 
490    (0)   :  0.880 0.091 0.030 
491    (0)   :  0.795 0.059 0.146 
492    (0)   :  0.717 0.060 0.223 
493    (0)   :  0.893 0.051 0.057 
494    (0)   :  0.767 0.125 0.108 
495    (0)   :  0.831 0.081 0.088 
496    (0)   :  0.470 0.077 0.453 
497    (0)   :  0.840 0.057 0.103 
498    (0)   :  0.858 0.080 0.062 
499    (0)   :  0.633 0.068 0.298 
500    (0)   :  0.727 0.204 0.069 
501    (0)   :  0.626 0.205 0.168 
502    (0)   :  0.734 0.099 0.167 
503    (0)   :  0.450 0.508 0.042 
504    (0)   :  0.907 0.052 0.041 
505    (0)   :  0.813 0.058 0.128 
506    (0)   :  0.755 0.087 0.159 
507    (0)   :  0.110 0.032 0.858 
508    (0)   :  0.249 0.033 0.718 
509    (0)   :  0.677 0.053 0.269 
510    (0)   :  0.475 0.232 0.293 
511    (0)   :  0.388 0.559 0.053 
512    (0)   :  0.334 0.635 0.031 
513    (0)   :  0.914 0.026 0.060 
514    (0)   :  0.878 0.069 0.053 
515    (0)   :  0.243 0.578 0.179 
516    (0)   :  0.900 0.046 0.053 
517    (0)   :  0.580 0.252 0.168 
518    (0)   :  0.485 0.192 0.323 
519    (0)   :  0.873 0.076 0.051 
520    (0)   :  0.224 0.228 0.549 
521    (0)   :  0.432 0.084 0.484 
522    (0)   :  0.303 0.606 0.091 
523    (0)   :  0.614 0.074 0.312 
524    (0)   :  0.415 0.485 0.101 
525    (0)   :  0.329 0.319 0.353 
526    (0)   :  0.176 0.660 0.165 
527    (0)   :  0.749 0.203 0.048 
528    (0)   :  0.163 0.047 0.789 
529    (0)   :  0.763 0.095 0.141 
530    (0)   :  0.339 0.559 0.101 
531    (0)   :  0.271 0.235 0.494 
532    (0)   :  0.554 0.148 0.298 
533    (0)   :  0.501 0.407 0.092 
534    (0)   :  0.827 0.040 0.133 
535    (0)   :  0.613 0.284 0.103 
536    (0)   :  0.242 0.439 0.319 
537    (0)   :  0.234 0.075 0.691 
538    (0)   :  0.436 0.117 0.448 
539    (0)   :  0.084 0.035 0.881 
540    (0)   :  0.363 0.150 0.487 
541    (0)   :  0.220 0.104 0.676 
542    (0)   :  0.253 0.581 0.165 
543    (0)   :  0.639 0.059 0.302 
544    (0)   :  0.516 0.226 0.258 
545    (0)   :  0.378 0.546 0.076 
546    (0)   :  0.457 0.137 0.407 
547    (0)   :  0.450 0.093 0.457 
548    (0)   :  0.511 0.064 0.425 
549    (0)   :  0.091 0.199 0.710 
550    (0)   :  0.307 0.551 0.142 
551    (0)   :  0.148 0.082 0.770 
552    (0)   :  0.314 0.109 0.577 
553    (0)   :  0.452 0.047 0.501 
554    (0)   :  0.480 0.304 0.216 
555    (0)   :  0.315 0.069 0.616 
556    (0)   :  0.506 0.105 0.389 
557    (0)   :  0.261 0.576 0.163 
558    (0)   :  0.079 0.898 0.023 
559    (0)   :  0.879 0.073 0.047 
560    (0)   :  0.271 0.707 0.022 
561    (0)   :  0.562 0.409 0.029 
562    (0)   :  0.754 0.224 0.023 
563    (0)   :  0.730 0.147 0.123 
564    (0)   :  0.856 0.081 0.063 
565    (0)   :  0.087 0.884 0.029 
566    (0)   :  0.657 0.321 0.022 
567    (0)   :  0.908 0.054 0.038 
568    (0)   :  0.715 0.230 0.055 
569    (0)   :  0.601 0.320 0.079 
570    (0)   :  0.114 0.865 0.022 
571    (0)   :  0.865 0.102 0.032 
572    (0)   :  0.428 0.148 0.424 
573    (0)   :  0.824 0.115 0.061 
574    (0)   :  0.360 0.518 0.122 
575    (0)   :  0.710 0.208 0.082 
576    (0)   :  0.769 0.210 0.021 
577    (0)   :  0.414 0.483 0.103 
578    (0)   :  0.691 0.270 0.039 
579    (0)   :  0.587 0.373 0.040 
580    (0)   :  0.291 0.647 0.062 
581    (0)   :  0.323 0.630 0.047 
582    (0)   :  0.144 0.831 0.025 
583    (0)   :  0.725 0.241 0.034 
584    (0)   :  0.797 0.178 0.025 
585    (0)   :  0.538 0.430 0.032 
586    (0)   :  0.865 0.093 0.042 
587    (0)   :  0.345 0.628 0.027 
588    (0)   :  0.919 0.029 0.052 
589    (0)   :  0.276 0.695 0.029 
590    (0)   :  0.899 0.072 0.029 
591    (0)   :  0.876 0.088 0.036 
592    (0)   :  0.701 0.263 0.036 
593    (0)   :  0.644 0.289 0.067 
594    (0)   :  0.870 0.070 0.060 
595    (0)   :  0.564 0.412 0.024 
596    (0)   :  0.811 0.122 0.066 
597    (0)   :  0.790 0.072 0.139 
598    (0)   :  0.083 0.895 0.022 
599    (0)   :  0.624 0.351 0.025 
600    (0)   :  0.334 0.585 0.081 
601    (0)   :  0.367 0.608 0.026 
602    (0)   :  0.813 0.068 0.119 
603    (0)   :  0.830 0.065 0.104 
604    (0)   :  0.276 0.623 0.101 
605    (0)   :  0.699 0.252 0.049 
606    (0)   :  0.597 0.209 0.194 
607    (0)   :  0.518 0.227 0.254 
608    (0)   :  0.277 0.258 0.465 
609    (0)   :  0.392 0.551 0.057 
610    (0)   :  0.190 0.757 0.053 
611    (0)   :  0.820 0.076 0.103 
612    (0)   :  0.091 0.873 0.036 
613    (0)   :  0.705 0.230 0.065 
614    (0)   :  0.125 0.840 0.035 
615    (0)   :  0.117 0.813 0.070 
616    (0)   :  0.623 0.204 0.173 
617    (0)   :  0.541 0.418 0.041 
618    (0)   :  0.170 0.655 0.175 
619    (0)   :  0.716 0.156 0.128 
620    (0)   :  0.813 0.158 0.029 
621    (0)   :  0.766 0.201 0.034 
622    (0)   :  0.313 0.548 0.140 
623    (0)   :  0.850 0.109 0.040 
624    (0)   :  0.108 0.787 0.105 
625    (0)   :  0.269 0.608 0.123 
626    (0)   :  0.090 0.296 0.613 
627    (0)   :  0.805 0.140 0.054 
628    (0)   :  0.854 0.096 0.050 
629    (0)   :  0.769 0.164 0.066 
630    (0)   :  0.217 0.736 0.047 
631    (0)   :  0.375 0.560 0.066 
632    (0)   :  0.493 0.132 0.375 
633    (0)   :  0.363 0.532 0.105 
634    (0)   :  0.635 0.183 0.182 
635    (0)   :  0.269 0.151 0.580 
636    (0)   :  0.245 0.537 0.219 
637    (0)   :  0.581 0.270 0.149 
638    (0)   :  0.775 0.130 0.095 
639    (0)   :  0.428 0.469 0.104 
640    (0)   :  0.796 0.163 0.041 
641    (0)   :  0.691 0.244 0.066 
642    (0)   :  0.211 0.101 0.688 
643    (0)   :  0.096 0.047 0.857 
644    (0)   :  0.235 0.052 0.713 
645    (0)   :  0.089 0.305 0.606 
646    (0)   :  0.721 0.142 0.137 
647    (0)   :  0.577 0.074 0.348 
648    (0)   :  0.391 0.162 0.447 
649    (0)   :  0.710 0.048 0.242 
650    (0)   :  0.795 0.055 0.150 
651    (0)   :  0.472 0.063 0.465 
652    (0)   :  0.275 0.071 0.654 
653    (0)   :  0.379 0.115 0.505 
654    (0)   :  0.235 0.091 0.674 
655    (0)   :  0.343 0.094 0.563 
656    (0)   :  0.597 0.101 0.302 
657    (0)   :  0.443 0.381 0.175 
658    (0)   :  0.588 0.183 0.229 
659    (0)   :  0.283 0.089 0.628 
660    (0)   :  0.176 0.046 0.778 
661    (0)   :  0.159 0.087 0.754 
662    (0)   :  0.812 0.038 0.150 
663    (0)   :  0.237 0.074 0.690 
664    (0)   :  0.417 0.303 0.280 
665    (0)   :  0.768 0.050 0.182 
666    (0)   :  0.216 0.075 0.709 
667    (0)   :  0.835 0.088 0.077 
668    (0)   :  0.280 0.148 0.573 
669    (0)   :  0.558 0.070 0.371 
670    (0)   :  0.071 0.030 0.899 
671    (0)   :  0.149 0.040 0.812 
672    (0)   :  0.157 0.068 0.775 
673    (0)   :  0.057 0.031 0.912 
674    (0)   :  0.116 0.058 0.827 
675    (0)   :  0.123 0.034 0.843 
676    (0)   :  0.054 0.029 0.917 
677    (0)   :  0.065 0.026 0.909 
678    (0)   :  0.061 0.032 0.907 
679    (0)   :  0.100 0.056 0.844 
680    (0)   :  0.077 0.047 0.876 
681    (0)   :  0.313 0.153 0.534 
682    (0)   :  0.067 0.051 0.882 
683    (0)   :  0.064 0.029 0.907 
684    (0)   :  0.063 0.032 0.904 
685    (0)   :  0.054 0.027 0.919 
686    (0)   :  0.085 0.047 0.867 
687    (0)   :  0.136 0.036 0.828 
688    (0)   :  0.093 0.037 0.870 
689    (0)   :  0.054 0.028 0.918 
690    (0)   :  0.056 0.029 0.915 
691    (0)   :  0.094 0.053 0.854 
692    (0)   :  0.092 0.044 0.864 
693    (0)   :  0.087 0.047 0.866 
694    (0)   :  0.051 0.024 0.925 
695    (0)   :  0.062 0.035 0.903 
696    (0)   :  0.092 0.037 0.872 
697    (0)   :  0.057 0.029 0.913 
698    (0)   :  0.057 0.029 0.914 
699    (0)   :  0.064 0.032 0.904 
700    (0)   :  0.072 0.078 0.849 
701    (0)   :  0.122 0.063 0.815 
702    (0)   :  0.114 0.065 0.821 
703    (0)   :  0.070 0.049 0.880 
704    (0)   :  0.080 0.033 0.887 
705    (0)   :  0.167 0.079 0.754 
706    (0)   :  0.064 0.044 0.892 
707    (0)   :  0.062 0.031 0.908 
708    (0)   :  0.063 0.028 0.909 
709    (0)   :  0.056 0.030 0.914 
710    (0)   :  0.049 0.026 0.925 
711    (0)   :  0.073 0.043 0.884 
712    (0)   :  0.059 0.023 0.917 
713    (0)   :  0.087 0.033 0.881 
714    (0)   :  0.139 0.060 0.801 
715    (0)   :  0.052 0.024 0.924 
716    (0)   :  0.057 0.042 0.901 
717    (0)   :  0.049 0.025 0.926 
718    (0)   :  0.096 0.044 0.860 
719    (0)   :  0.055 0.024 0.921 
720    (0)   :  0.787 0.176 0.037 
721    (0)   :  0.190 0.185 0.625 
722    (0)   :  0.375 0.548 0.077 
723    (0)   :  0.278 0.658 0.064 
724    (0)   :  0.121 0.711 0.168 
725    (0)   :  0.636 0.153 0.212 
726    (0)   :  0.219 0.660 0.122 
727    (0)   :  0.367 0.171 0.463 
728    (0)   :  0.068 0.911 0.021 
729    (0)   :  0.088 0.889 0.023 
730    (0)   :  0.328 0.628 0.045 
731    (0)   :  0.108 0.846 0.046 
732    (0)   :  0.277 0.660 0.063 
733    (0)   :  0.090 0.879 0.031 
734    (0)   :  0.099 0.880 0.022 
735    (0)   :  0.078 0.886 0.036 
736    (0)   :  0.340 0.614 0.046 
737    (0)   :  0.369 0.575 0.057 
738    (0)   :  0.312 0.645 0.044 
739    (0)   :  0.086 0.887 0.027 
740    (0)   :  0.174 0.062 0.764 
741    (0)   :  0.329 0.117 0.553 
742    (0)   :  0.641 0.206 0.154 
743    (0)   :  0.713 0.196 0.090 
744    (0)   :  0.778 0.067 0.154 
745    (0)   :  0.835 0.132 0.032 
746    (0)   :  0.574 0.196 0.231 
747    (0)   :  0.849 0.090 0.061 
748    (0)   :  0.418 0.067 0.515 
749    (0)   :  0.687 0.083 0.230 
750    (0)   :  0.726 0.118 0.156 
751    (0)   :  0.368 0.083 0.549 
752    (0)   :  0.778 0.133 0.089 
753    (0)   :  0.429 0.280 0.290 
754    (0)   :  0.473 0.134 0.392 
755    (0)   :  0.710 0.123 0.167 
756    (0)   :  0.711 0.054 0.235 
757    (0)   :  0.784 0.090 0.126 
758    (0)   :  0.919 0.051 0.030 
759    (0)   :  0.303 0.170 0.527 
760    (0)   :  0.470 0.398 0.132 
761    (0)   :  0.178 0.522 0.300 
762    (0)   :  0.301 0.652 0.047 
763    (0)   :  0.436 0.279 0.285 
764    (0)   :  0.842 0.084 0.074 
765    (0)   :  0.356 0.569 0.075 
766    (0)   :  0.479 0.104 0.417 
767    (0)   :  0.661 0.125 0.215 
768    (0)   :  0.289 0.664 0.047 
769    (0)   :  0.224 0.565 0.211 
770    (0)   :  0.377 0.579 0.044 
771    (0)   :  0.680 0.045 0.275 
772    (0)   :  0.521 0.149 0.331 
773    (0)   :  0.792 0.104 0.105 
774    (0)   :  0.325 0.115 0.561 
775    (0)   :  0.183 0.744 0.073 
776    (0)   :  0.843 0.106 0.050 
777    (0)   :  0.731 0.146 0.122 
778    (0)   :  0.675 0.092 0.233 
779    (0)   :  0.805 0.073 0.121 
780    (0)   :  0.499 0.082 0.419 
781    (0)   :  0.501 0.054 0.445 
782    (0)   :  0.806 0.072 0.122 
783    (0)   :  0.556 0.160 0.284 
784    (0)   :  0.663 0.271 0.066 
785    (0)   :  0.771 0.106 0.123 
786    (0)   :  0.363 0.119 0.518 
787    (0)   :  0.471 0.040 0.489 
788    (0)   :  0.702 0.226 0.072 
789    (0)   :  0.631 0.296 0.073 
790    (0)   :  0.566 0.160 0.273 
791    (0)   :  0.751 0.135 0.114 
792    (0)   :  0.382 0.043 0.575 
793    (0)   :  0.261 0.155 0.584 
794    (0)   :  0.716 0.137 0.147 
795    (0)   :  0.203 0.147 0.650 
796    (0)   :  0.777 0.077 0.146 
797    (0)   :  0.145 0.061 0.793 
798    (0)   :  0.157 0.811 0.032 
799    (0)   :  0.828 0.110 0.062 
800    (0)   :  0.262 0.031 0.707 
801    (0)   :  0.141 0.798 0.062 
802    (0)   :  0.200 0.472 0.328 
803    (0)   :  0.354 0.146 0.501 
804    (0)   :  0.647 0.180 0.173 
805    (0)   :  0.098 0.045 0.858 
806    (0)   :  0.207 0.571 0.222 
807    (0)   :  0.092 0.041 0.867 
808    (0)   :  0.316 0.064 0.620 
809    (0)   :  0.225 0.577 0.197 
810    (0)   :  0.579 0.187 0.234 
811    (0)   :  0.241 0.109 0.650 
812    (0)   :  0.762 0.145 0.093 
813    (0)   :  0.158 0.804 0.038 
814    (0)   :  0.874 0.052 0.073 
815    (0)   :  0.112 0.445 0.443 
816    (0)   :  0.226 0.335 0.439 
817    (0)   :  0.200 0.476 0.325 
818    (0)   :  0.808 0.135 0.057 
819    (0)   :  0.855 0.041 0.104 
820    (0)   :  0.802 0.061 0.137 
821    (0)   :  0.745 0.187 0.068 
822    (0)   :  0.690 0.285 0.025 
823    (0)   :  0.310 0.493 0.197 
824    (0)   :  0.759 0.113 0.128 
825    (0)   :  0.717 0.235 0.048 
826    (0)   :  0.903 0.063 0.033 
827    (0)   :  0.503 0.449 0.049 
828    (0)   :  0.366 0.545 0.088 
829    (0)   :  0.227 0.685 0.088 
830    (0)   :  0.541 0.429 0.031 
831    (0)   :  0.615 0.260 0.125 
832    (0)   :  0.547 0.302 0.151 
833    (0)   :  0.368 0.487 0.145 
834    (0)   :  0.517 0.368 0.115 
835    (0)   :  0.906 0.060 0.034 
836    (0)   :  0.842 0.084 0.073 
837    (0)   :  0.204 0.516 0.280 
838    (0)   :  0.895 0.065 0.040 
839    (0)   :  0.695 0.256 0.049 
840    (0)   :  0.779 0.056 0.165 
841    (0)   :  0.848 0.052 0.100 
842    (0)   :  0.865 0.110 0.025 
843    (0)   :  0.511 0.079 0.410 
844    (0)   :  0.698 0.160 0.141 
845    (0)   :  0.869 0.100 0.031 
846    (0)   :  0.839 0.077 0.084 
847    (0)   :  0.807 0.042 0.151 
848    (0)   :  0.890 0.044 0.066 
849    (0)   :  0.790 0.165 0.045 
850    (0)   :  0.819 0.135 0.046 
851    (0)   :  0.908 0.052 0.040 
852    (0)   :  0.223 0.248 0.529 
853    (0)   :  0.688 0.271 0.041 
854    (0)   :  0.387 0.411 0.202 
855    (0)   :  0.865 0.066 0.069 
856    (0)   :  0.819 0.078 0.103 
857    (0)   :  0.839 0.101 0.060 
858    (0)   :  0.861 0.101 0.038 
859    (0)   :  0.729 0.228 0.043 
860    (0)   :  0.912 0.054 0.034 
861    (0)   :  0.511 0.047 0.442 
862    (0)   :  0.071 0.901 0.028 
863    (0)   :  0.098 0.830 0.072 
864    (0)   :  0.061 0.893 0.046 
865    (0)   :  0.094 0.885 0.021 
866    (0)   :  0.481 0.479 0.039 
867    (0)   :  0.075 0.879 0.046 
868    (0)   :  0.143 0.815 0.041 
869    (0)   :  0.421 0.537 0.042 
870    (0)   :  0.216 0.755 0.029 
871    (0)   :  0.138 0.837 0.025 
872    (0)   :  0.093 0.875 0.033 
873    (0)   :  0.074 0.887 0.039 
874    (0)   :  0.089 0.887 0.024 
875    (0)   :  0.486 0.464 0.050 
876    (0)   :  0.863 0.106 0.032 
877    (0)   :  0.063 0.903 0.033 
878    (0)   :  0.465 0.468 0.067 
879    (0)   :  0.080 0.876 0.044 
880    (0)   :  0.549 0.410 0.041 
881    (0)   :  0.090 0.868 0.043 
882    (0)   :  0.076 0.889 0.036 
883    (0)   :  0.826 0.128 0.046 
884    (0)   :  0.095 0.884 0.021 
885    (0)   :  0.189 0.724 0.087 
886    (0)   :  0.265 0.678 0.057 
887    (0)   :  0.095 0.881 0.025 
888    (0)   :  0.438 0.409 0.153 
889    (0)   :  0.084 0.895 0.021 
890    (0)   :  0.634 0.341 0.024 
891    (0)   :  0.897 0.066 0.037 
892    (0)   :  0.880 0.077 0.043 
893    (0)   :  0.679 0.243 0.077 
894    (0)   :  0.511 0.465 0.024 
895    (0)   :  0.119 0.855 0.026 
896    (0)   :  0.884 0.051 0.065 
897    (0)   :  0.906 0.056 0.038 
898    (0)   :  0.464 0.458 0.077 
899    (0)   :  0.617 0.362 0.021 
900    (0)   :  0.906 0.064 0.030 
901    (0)   :  0.891 0.076 0.033 
902    (0)   :  0.890 0.056 0.054 
903    (0)   :  0.315 0.650 0.035 
904    (0)   :  0.469 0.455 0.077 
905    (0)   :  0.252 0.724 0.024 
906    (0)   :  0.762 0.188 0.050 
907    (0)   :  0.785 0.166 0.050 
908    (0)   :  0.789 0.172 0.040 
909    (0)   :  0.777 0.169 0.055 
910    (0)   :  0.878 0.072 0.050 
911    (0)   :  0.208 0.771 0.021 
912    (0)   :  0.550 0.424 0.027 
913    (0)   :  0.501 0.473 0.026 
914    (0)   :  0.567 0.284 0.149 
915    (0)   :  0.809 0.170 0.021 
916    (0)   :  0.776 0.195 0.029 
917    (0)   :  0.689 0.280 0.032 
918    (0)   :  0.386 0.482 0.133 
919    (0)   :  0.306 0.627 0.067 
920    (0)   :  0.801 0.156 0.043 
921    (0)   :  0.535 0.080 0.386 
922    (0)   :  0.828 0.100 0.072 
923    (0)   :  0.830 0.048 0.122 
924    (0)   :  0.895 0.044 0.060 
925    (0)   :  0.828 0.065 0.107 
926    (0)   :  0.598 0.031 0.371 
927    (0)   :  0.454 0.091 0.455 
928    (0)   :  0.373 0.035 0.592 
929    (0)   :  0.860 0.032 0.109 
930    (0)   :  0.789 0.063 0.148 
931    (0)   :  0.109 0.344 0.547 
932    (0)   :  0.862 0.042 0.097 
933    (0)   :  0.214 0.043 0.743 
934    (0)   :  0.925 0.033 0.042 
935    (0)   :  0.623 0.099 0.278 
936    (0)   :  0.730 0.082 0.188 
937    (0)   :  0.280 0.077 0.643 
938    (0)   :  0.348 0.031 0.620 
939    (0)   :  0.212 0.083 0.705 
940    (0)   :  0.625 0.102 0.273 
941    (0)   :  0.775 0.141 0.083 
942    (0)   :  0.534 0.078 0.388 
943    (0)   :  0.104 0.059 0.836 
944    (0)   :  0.299 0.068 0.633 
945    (0)   :  0.793 0.061 0.147 
946    (0)   :  0.758 0.059 0.183 
947    (0)   :  0.234 0.052 0.713 
948    (0)   :  0.246 0.631 0.124 
949    (0)   :  0.533 0.395 0.071 
950    (0)   :  0.327 0.036 0.637 
951    (0)   :  0.465 0.078 0.457 
952    (0)   :  0.610 0.101 0.289 
953    (0)   :  0.744 0.113 0.142 
954    (0)   :  0.416 0.338 0.246 
955    (0)   :  0.069 0.040 0.891 
956    (0)   :  0.081 0.030 0.889 
957    (0)   :  0.334 0.136 0.531 
958    (0)   :  0.783 0.134 0.083 
959    (0)   :  0.631 0.062 0.307 
960    (0)   :  0.383 0.522 0.096 
961    (0)   :  0.052 0.026 0.922 
962    (0)   :  0.880 0.031 0.089 
963    (0)   :  0.769 0.151 0.080 
964    (0)   :  0.762 0.122 0.116 
965    (0)   :  0.589 0.054 0.357 
966    (0)   :  0.612 0.124 0.263 
967    (0)   :  0.066 0.045 0.889 
968    (0)   :  0.853 0.037 0.110 
969    (0)   :  0.453 0.273 0.274 
970    (0)   :  0.150 0.049 0.801 
971    (0)   :  0.738 0.044 0.218 
972    (0)   :  0.543 0.178 0.279 
973    (0)   :  0.432 0.035 0.534 
974    (0)   :  0.810 0.090 0.100 
975    (0)   :  0.452 0.276 0.272 
976    (0)   :  0.736 0.044 0.220 
977    (0)   :  0.521 0.130 0.350 
978    (0)   :  0.595 0.043 0.362 
979    (0)   :  0.848 0.064 0.089 
980    (0)   :  0.510 0.045 0.445 
981    (0)   :  0.665 0.097 0.238 
982    (0)   :  0.850 0.106 0.045 
983    (0)   :  0.542 0.398 0.060 
984    (0)   :  0.121 0.201 0.678 
985    (0)   :  0.764 0.059 0.177 
986    (0)   :  0.826 0.090 0.084 
987    (0)   :  0.898 0.066 0.035 
988    (0)   :  0.313 0.664 0.023 
989    (0)   :  0.134 0.107 0.759 
990    (0)   :  0.692 0.207 0.101 
991    (0)   :  0.774 0.083 0.144 
992    (0)   :  0.922 0.039 0.040 
993    (0)   :  0.375 0.567 0.058 
994    (0)   :  0.601 0.069 0.330 
995    (0)   :  0.060 0.023 0.917 
996    (0)   :  0.766 0.185 0.050 
997    (0)   :  0.862 0.040 0.098 
998    (0)   :  0.884 0.071 0.046 
999    (0)   :  0.742 0.072 0.186 
1000    (0)   :  0.883 0.075 0.042 
1001    (0)   :  0.757 0.185 0.058 
1002    (0)   :  0.841 0.134 0.026 
1003    (0)   :  0.821 0.061 0.118 
1004    (0)   :  0.888 0.044 0.068 
1005    (0)   :  0.889 0.067 0.044 
1006    (0)   :  0.694 0.085 0.221 
1007    (0)   :  0.547 0.061 0.392 
1008    (0)   :  0.347 0.061 0.591 
1009    (0)   :  0.606 0.198 0.196 
1010    (0)   :  0.752 0.076 0.171 
1011    (0)   :  0.365 0.089 0.547 
1012    (0)   :  0.775 0.112 0.112 
1013    (0)   :  0.794 0.065 0.141 
1014    (0)   :  0.848 0.104 0.048 
1015    (0)   :  0.888 0.040 0.072 
1016    (0)   :  0.898 0.063 0.039 
1017    (0)   :  0.746 0.048 0.207 
1018    (0)   :  0.740 0.075 0.185 
1019    (0)   :  0.719 0.113 0.167 
1020    (0)   :  0.093 0.035 0.872 
1021    (0)   :  0.252 0.052 0.696 
1022    (0)   :  0.782 0.059 0.159 
1023    (0)   :  0.722 0.217 0.061 
1024    (0)   :  0.774 0.180 0.046 
1025    (0)   :  0.841 0.071 0.088 
1026    (0)   :  0.110 0.675 0.215 
1027    (0)   :  0.182 0.622 0.196 
1028    (0)   :  0.204 0.696 0.100 
1029    (0)   :  0.708 0.123 0.168 
1030    (0)   :  0.331 0.104 0.565 
1031    (0)   :  0.229 0.459 0.312 
1032    (0)   :  0.263 0.334 0.403 
1033    (0)   :  0.251 0.426 0.323 
1034    (0)   :  0.712 0.108 0.180 
1035    (0)   :  0.152 0.084 0.764 
1036    (0)   :  0.257 0.157 0.585 
1037    (0)   :  0.326 0.053 0.621 
1038    (0)   :  0.164 0.368 0.468 
1039    (0)   :  0.310 0.177 0.513 
1040    (0)   :  0.123 0.662 0.215 
1041    (0)   :  0.171 0.676 0.153 
1042    (0)   :  0.269 0.227 0.504 
1043    (0)   :  0.225 0.480 0.295 
1044    (0)   :  0.377 0.442 0.181 
1045    (0)   :  0.094 0.741 0.165 
1046    (0)   :  0.304 0.205 0.491 
1047    (0)   :  0.152 0.075 0.773 
1048    (0)   :  0.742 0.163 0.095 
1049    (0)   :  0.865 0.077 0.058 
1050    (0)   :  0.609 0.369 0.022 
1051    (0)   :  0.838 0.137 0.025 
1052    (0)   :  0.788 0.176 0.036 
1053    (0)   :  0.768 0.191 0.041 
1054    (0)   :  0.828 0.129 0.043 
1055    (0)   :  0.914 0.053 0.033 
1056    (0)   :  0.881 0.084 0.035 
1057    (0)   :  0.195 0.774 0.031 
1058    (0)   :  0.663 0.311 0.026 
1059    (0)   :  0.561 0.390 0.049 
1060    (0)   :  0.650 0.266 0.084 
1061    (0)   :  0.920 0.052 0.028 
1062    (0)   :  0.612 0.359 0.030 
1063    (0)   :  0.869 0.041 0.090 
1064    (0)   :  0.758 0.206 0.036 
1065    (0)   :  0.825 0.119 0.056 
1066    (0)   :  0.885 0.055 0.060 
1067    (0)   :  0.680 0.292 0.028 
1068    (0)   :  0.584 0.156 0.260 
1069    (0)   :  0.883 0.095 0.022 
1070    (0)   :  0.821 0.148 0.031 
1071    (0)   :  0.770 0.134 0.096 
1072    (0)   :  0.849 0.099 0.052 
1073    (0)   :  0.661 0.303 0.036 
1074    (0)   :  0.619 0.306 0.075 
1075    (0)   :  0.724 0.224 0.053 
1076    (0)   :  0.737 0.203 0.060 
1077    (0)   :  0.145 0.828 0.027 
1078    (0)   :  0.879 0.079 0.042 
1079    (0)   :  0.704 0.259 0.037 
1080    (0)   :  0.765 0.104 0.132 
1081    (0)   :  0.759 0.216 0.026 
1082    (0)   :  0.771 0.159 0.071 
1083    (0)   :  0.845 0.106 0.049 
1084    (0)   :  0.766 0.107 0.127 
1085    (0)   :  0.868 0.112 0.020 
1086    (0)   :  0.929 0.042 0.029 
1087    (0)   :  0.873 0.107 0.020 
1088    (0)   :  0.898 0.080 0.022 
1089    (0)   :  0.507 0.470 0.023 
1090    (0)   :  0.701 0.270 0.029 
1091    (0)   :  0.864 0.094 0.042 
1092    (0)   :  0.761 0.213 0.026 
1093    (0)   :  0.869 0.060 0.070 
1094    (0)   :  0.208 0.717 0.076 
