

----------------------------------------------------
STRUCTURE by Pritchard, Stephens and Donnelly (2000)
     and Falush, Stephens and Pritchard (2003)
       Code by Pritchard, Falush and Hubisz
             Version 2.3.4 (Jul 2012)
----------------------------------------------------



Command line arguments:   ./structure -K 7 -D 107020 -m brooktrout/mainparams -e brooktrout/extraparams -o brooktrout/250914_output/results_K7_rep20 
Input File:    brooktrout/brooktrout.txt

Run parameters:
   8454 individuals
   5 loci
   7 populations assumed
   50000 Burn-in period
   100000 Reps
RANDOMIZE turned off


--------------------------------------------
Overall proportion of membership of the
sample in each of the 7 clusters

Inferred Clusters
  1      2      3      4      5      6      7    
0.023  0.038  0.050  0.203  0.202  0.265  0.219  

--------------------------------------------

Allele-freq. divergence among pops (Net nucleotide distance),
computed using point estimates of P.

      1       2       3       4       5       6       7      
 1      -    0.1687  0.2230  0.1831  0.1149  0.1182  0.1369  
 2   0.1687     -    0.2375  0.1098  0.0856  0.1276  0.1301  
 3   0.2230  0.2375     -    0.1993  0.1519  0.1134  0.1024  
 4   0.1831  0.1098  0.1993     -    0.0980  0.1473  0.1289  
 5   0.1149  0.0856  0.1519  0.0980     -    0.0828  0.0998  
 6   0.1182  0.1276  0.1134  0.1473  0.0828     -    0.0556  
 7   0.1369  0.1301  0.1024  0.1289  0.0998  0.0556     -    

Average distances (expected heterozygosity) between individuals in same cluster:
cluster  1  : 0.7822 
cluster  2  : 0.7271 
cluster  3  : 0.6945 
cluster  4  : 0.7128 
cluster  5  : 0.7999 
cluster  6  : 0.7944 
cluster  7  : 0.7662 

--------------------------------------------
Estimated Ln Prob of Data   = -195700.0
Mean value of ln likelihood = -171657.5
Variance of ln likelihood   = 48085.0

Mean value of alpha_1       = 0.0592
Mean value of alpha_2       = 0.0950
Mean value of alpha_3       = 0.1341
Mean value of alpha_4       = 0.5311
Mean value of alpha_5       = 0.5632
Mean value of alpha_6       = 0.7138
Mean value of alpha_7       = 0.5990
Allele frequencies uncorrelated


Inferred ancestry of individuals:
     (%Miss) :  Inferred clusters
  1    (0)   :  0.010 0.015 0.031 0.224 0.240 0.145 0.335 
  2    (0)   :  0.018 0.230 0.016 0.089 0.168 0.282 0.197 
  3    (0)   :  0.006 0.021 0.044 0.159 0.247 0.148 0.374 
  4    (0)   :  0.009 0.016 0.033 0.496 0.176 0.166 0.104 
  5    (0)   :  0.025 0.046 0.018 0.095 0.213 0.296 0.307 
  6    (0)   :  0.006 0.016 0.019 0.084 0.077 0.164 0.634 
  7    (0)   :  0.009 0.009 0.029 0.083 0.081 0.510 0.278 
  8    (0)   :  0.010 0.018 0.039 0.334 0.131 0.190 0.277 
  9    (0)   :  0.015 0.091 0.021 0.138 0.180 0.209 0.345 
 10    (0)   :  0.010 0.013 0.021 0.220 0.088 0.240 0.407 
 11    (0)   :  0.010 0.009 0.027 0.082 0.100 0.477 0.295 
 12    (0)   :  0.013 0.060 0.016 0.142 0.183 0.301 0.284 
 13    (0)   :  0.015 0.027 0.020 0.132 0.142 0.319 0.345 
 14    (0)   :  0.009 0.033 0.043 0.162 0.353 0.192 0.209 
 15    (0)   :  0.009 0.022 0.055 0.267 0.209 0.262 0.176 
 16    (0)   :  0.010 0.010 0.028 0.105 0.155 0.187 0.506 
 17    (0)   :  0.015 0.021 0.024 0.114 0.177 0.172 0.477 
 18    (0)   :  0.011 0.157 0.059 0.138 0.128 0.153 0.354 
 19    (0)   :  0.007 0.028 0.018 0.101 0.093 0.195 0.559 
 20    (0)   :  0.011 0.024 0.038 0.134 0.215 0.345 0.233 
 21    (0)   :  0.009 0.027 0.025 0.228 0.317 0.163 0.231 
 22    (0)   :  0.007 0.015 0.019 0.126 0.116 0.132 0.586 
 23    (0)   :  0.032 0.039 0.038 0.239 0.359 0.161 0.132 
 24    (0)   :  0.009 0.016 0.027 0.210 0.182 0.153 0.403 
 25    (0)   :  0.011 0.020 0.041 0.064 0.102 0.422 0.339 
 26    (0)   :  0.009 0.027 0.025 0.167 0.145 0.160 0.467 
 27    (0)   :  0.012 0.014 0.021 0.136 0.228 0.185 0.404 
 28    (0)   :  0.009 0.018 0.031 0.337 0.116 0.258 0.230 
 29    (0)   :  0.013 0.020 0.016 0.107 0.269 0.357 0.218 
 30    (0)   :  0.008 0.019 0.021 0.094 0.154 0.126 0.578 
 31    (0)   :  0.017 0.027 0.019 0.182 0.209 0.259 0.287 
 32    (0)   :  0.007 0.049 0.036 0.229 0.180 0.211 0.286 
 33    (0)   :  0.008 0.017 0.038 0.165 0.264 0.239 0.270 
 34    (0)   :  0.029 0.012 0.046 0.141 0.084 0.421 0.268 
 35    (0)   :  0.022 0.026 0.016 0.076 0.360 0.138 0.362 
 36    (0)   :  0.007 0.017 0.098 0.077 0.539 0.113 0.149 
 37    (0)   :  0.007 0.033 0.018 0.214 0.303 0.214 0.211 
 38    (0)   :  0.023 0.018 0.340 0.065 0.179 0.230 0.144 
 39    (0)   :  0.017 0.021 0.057 0.093 0.273 0.286 0.254 
 40    (0)   :  0.009 0.024 0.024 0.107 0.548 0.100 0.187 
 41    (0)   :  0.020 0.013 0.042 0.062 0.475 0.190 0.198 
 42    (0)   :  0.012 0.009 0.080 0.240 0.434 0.108 0.118 
 43    (0)   :  0.010 0.018 0.016 0.107 0.525 0.190 0.134 
 44    (0)   :  0.009 0.016 0.014 0.060 0.539 0.134 0.228 
 45    (0)   :  0.019 0.050 0.067 0.064 0.402 0.204 0.195 
 46    (0)   :  0.011 0.016 0.022 0.081 0.273 0.206 0.390 
 47    (0)   :  0.017 0.047 0.015 0.115 0.184 0.186 0.437 
 48    (0)   :  0.013 0.029 0.019 0.062 0.549 0.095 0.232 
 49    (0)   :  0.024 0.014 0.026 0.101 0.379 0.166 0.289 
 50    (0)   :  0.015 0.017 0.023 0.127 0.166 0.289 0.362 
 51    (0)   :  0.008 0.013 0.058 0.058 0.689 0.090 0.084 
 52    (0)   :  0.019 0.011 0.033 0.104 0.279 0.263 0.291 
 53    (0)   :  0.011 0.015 0.251 0.116 0.183 0.187 0.238 
 54    (0)   :  0.019 0.137 0.012 0.127 0.279 0.211 0.215 
 55    (0)   :  0.012 0.036 0.016 0.082 0.566 0.152 0.138 
 56    (0)   :  0.017 0.032 0.037 0.096 0.451 0.096 0.271 
 57    (0)   :  0.018 0.016 0.021 0.232 0.097 0.190 0.426 
 58    (0)   :  0.018 0.025 0.027 0.092 0.494 0.182 0.163 
 59    (0)   :  0.039 0.017 0.096 0.090 0.405 0.162 0.191 
 60    (0)   :  0.007 0.019 0.031 0.124 0.595 0.114 0.110 
 61    (0)   :  0.010 0.156 0.012 0.143 0.450 0.150 0.079 
 62    (0)   :  0.084 0.039 0.020 0.106 0.173 0.192 0.387 
 63    (0)   :  0.008 0.023 0.029 0.135 0.392 0.293 0.121 
 64    (0)   :  0.012 0.037 0.044 0.072 0.155 0.163 0.516 
 65    (0)   :  0.011 0.026 0.019 0.062 0.115 0.620 0.147 
 66    (0)   :  0.010 0.079 0.020 0.231 0.270 0.272 0.118 
 67    (0)   :  0.010 0.071 0.013 0.075 0.469 0.225 0.137 
 68    (0)   :  0.032 0.015 0.108 0.109 0.407 0.155 0.175 
 69    (0)   :  0.087 0.020 0.276 0.139 0.125 0.183 0.170 
 70    (0)   :  0.007 0.013 0.066 0.095 0.512 0.212 0.095 
 71    (0)   :  0.033 0.021 0.075 0.054 0.489 0.168 0.160 
 72    (0)   :  0.006 0.016 0.040 0.071 0.330 0.169 0.368 
 73    (0)   :  0.040 0.068 0.022 0.064 0.433 0.244 0.129 
 74    (0)   :  0.007 0.017 0.100 0.121 0.488 0.105 0.161 
 75    (0)   :  0.009 0.021 0.064 0.125 0.559 0.083 0.139 
 76    (0)   :  0.007 0.023 0.019 0.086 0.392 0.356 0.117 
 77    (0)   :  0.022 0.018 0.103 0.062 0.405 0.255 0.135 
 78    (0)   :  0.029 0.020 0.259 0.069 0.306 0.200 0.117 
 79    (0)   :  0.009 0.021 0.024 0.094 0.085 0.537 0.231 
 80    (0)   :  0.007 0.056 0.020 0.489 0.089 0.211 0.127 
 81    (0)   :  0.006 0.072 0.024 0.375 0.071 0.293 0.158 
 82    (0)   :  0.017 0.016 0.021 0.156 0.370 0.283 0.138 
 83    (0)   :  0.006 0.051 0.062 0.286 0.133 0.311 0.151 
 84    (0)   :  0.007 0.029 0.030 0.268 0.095 0.428 0.143 
 85    (0)   :  0.007 0.034 0.065 0.317 0.122 0.229 0.226 
 86    (0)   :  0.016 0.082 0.021 0.088 0.301 0.277 0.216 
 87    (0)   :  0.008 0.023 0.047 0.101 0.125 0.568 0.129 
 88    (0)   :  0.007 0.021 0.021 0.296 0.182 0.341 0.133 
 89    (0)   :  0.007 0.076 0.020 0.367 0.115 0.279 0.137 
 90    (0)   :  0.007 0.023 0.022 0.113 0.096 0.624 0.115 
 91    (0)   :  0.006 0.026 0.058 0.462 0.132 0.181 0.137 
 92    (0)   :  0.009 0.021 0.022 0.154 0.149 0.439 0.207 
 93    (0)   :  0.007 0.014 0.015 0.656 0.101 0.111 0.097 
 94    (0)   :  0.006 0.012 0.148 0.083 0.097 0.539 0.115 
 95    (0)   :  0.007 0.025 0.021 0.225 0.117 0.519 0.087 
 96    (0)   :  0.009 0.036 0.015 0.233 0.483 0.148 0.076 
 97    (0)   :  0.009 0.027 0.083 0.148 0.451 0.102 0.180 
 98    (0)   :  0.011 0.023 0.017 0.099 0.442 0.196 0.211 
 99    (0)   :  0.007 0.047 0.025 0.241 0.080 0.472 0.127 
100    (0)   :  0.009 0.139 0.014 0.481 0.145 0.114 0.098 
101    (0)   :  0.009 0.031 0.045 0.140 0.216 0.429 0.130 
102    (0)   :  0.016 0.020 0.051 0.347 0.198 0.275 0.092 
103    (0)   :  0.010 0.273 0.017 0.147 0.107 0.363 0.083 
104    (0)   :  0.008 0.014 0.017 0.127 0.113 0.624 0.095 
105    (0)   :  0.026 0.025 0.015 0.183 0.142 0.525 0.085 
106    (0)   :  0.007 0.013 0.037 0.050 0.103 0.629 0.162 
107    (0)   :  0.015 0.092 0.018 0.166 0.125 0.496 0.088 
108    (0)   :  0.008 0.105 0.210 0.090 0.306 0.186 0.096 
109    (0)   :  0.126 0.020 0.066 0.054 0.142 0.433 0.159 
110    (0)   :  0.008 0.013 0.038 0.057 0.088 0.644 0.152 
111    (0)   :  0.022 0.025 0.016 0.075 0.092 0.688 0.082 
112    (0)   :  0.191 0.011 0.035 0.055 0.113 0.500 0.097 
113    (0)   :  0.011 0.129 0.036 0.113 0.266 0.254 0.192 
114    (0)   :  0.017 0.016 0.015 0.156 0.098 0.607 0.091 
115    (0)   :  0.023 0.014 0.023 0.090 0.313 0.431 0.106 
116    (0)   :  0.013 0.020 0.065 0.052 0.273 0.422 0.156 
117    (0)   :  0.025 0.012 0.033 0.078 0.124 0.565 0.161 
118    (0)   :  0.027 0.110 0.026 0.080 0.207 0.428 0.122 
119    (0)   :  0.007 0.032 0.041 0.245 0.377 0.226 0.072 
120    (0)   :  0.039 0.017 0.023 0.104 0.202 0.507 0.108 
121    (0)   :  0.069 0.017 0.030 0.069 0.296 0.412 0.108 
122    (0)   :  0.013 0.016 0.029 0.067 0.097 0.616 0.162 
123    (0)   :  0.011 0.029 0.038 0.092 0.120 0.602 0.108 
124    (0)   :  0.025 0.035 0.043 0.066 0.214 0.402 0.216 
125    (0)   :  0.027 0.013 0.059 0.079 0.192 0.286 0.344 
126    (0)   :  0.007 0.019 0.040 0.093 0.246 0.481 0.114 
127    (0)   :  0.016 0.026 0.016 0.080 0.111 0.679 0.072 
128    (0)   :  0.020 0.060 0.014 0.084 0.227 0.469 0.126 
129    (0)   :  0.015 0.069 0.016 0.065 0.119 0.629 0.087 
130    (0)   :  0.032 0.042 0.017 0.162 0.083 0.565 0.099 
131    (0)   :  0.032 0.027 0.218 0.057 0.178 0.341 0.147 
132    (0)   :  0.011 0.040 0.026 0.055 0.102 0.630 0.136 
133    (0)   :  0.015 0.068 0.023 0.101 0.142 0.560 0.090 
134    (0)   :  0.011 0.014 0.023 0.044 0.068 0.716 0.124 
135    (0)   :  0.019 0.018 0.023 0.350 0.396 0.094 0.100 
136    (0)   :  0.013 0.017 0.017 0.616 0.095 0.080 0.162 
137    (0)   :  0.022 0.014 0.017 0.645 0.081 0.129 0.091 
138    (0)   :  0.007 0.014 0.024 0.640 0.116 0.085 0.115 
139    (0)   :  0.010 0.100 0.018 0.247 0.358 0.117 0.148 
140    (0)   :  0.008 0.016 0.024 0.386 0.240 0.178 0.147 
141    (0)   :  0.013 0.019 0.026 0.484 0.121 0.095 0.243 
142    (0)   :  0.017 0.025 0.020 0.354 0.402 0.093 0.088 
143    (0)   :  0.006 0.017 0.014 0.725 0.087 0.075 0.077 
144    (0)   :  0.021 0.016 0.016 0.652 0.088 0.127 0.080 
145    (0)   :  0.017 0.019 0.024 0.353 0.191 0.096 0.301 
146    (0)   :  0.009 0.012 0.025 0.417 0.168 0.176 0.193 
147    (0)   :  0.006 0.012 0.015 0.728 0.074 0.075 0.090 
148    (0)   :  0.017 0.019 0.017 0.475 0.189 0.143 0.141 
149    (0)   :  0.012 0.022 0.026 0.513 0.218 0.084 0.126 
150    (0)   :  0.025 0.019 0.016 0.503 0.120 0.204 0.114 
151    (0)   :  0.007 0.016 0.014 0.643 0.119 0.109 0.092 
152    (0)   :  0.016 0.018 0.040 0.429 0.234 0.118 0.145 
153    (0)   :  0.007 0.011 0.024 0.529 0.198 0.108 0.123 
154    (0)   :  0.016 0.021 0.017 0.562 0.156 0.085 0.144 
155    (0)   :  0.006 0.015 0.013 0.684 0.093 0.107 0.081 
156    (0)   :  0.010 0.018 0.013 0.525 0.262 0.107 0.066 
157    (0)   :  0.006 0.012 0.023 0.585 0.083 0.215 0.075 
158    (0)   :  0.017 0.015 0.026 0.402 0.156 0.091 0.293 
159    (0)   :  0.009 0.016 0.015 0.721 0.078 0.075 0.086 
160    (0)   :  0.010 0.020 0.016 0.703 0.082 0.077 0.093 
161    (0)   :  0.008 0.013 0.025 0.463 0.206 0.130 0.156 
162    (0)   :  0.010 0.014 0.023 0.365 0.187 0.178 0.223 
163    (0)   :  0.006 0.014 0.013 0.670 0.130 0.094 0.072 
164    (0)   :  0.010 0.016 0.019 0.476 0.137 0.201 0.142 
165    (0)   :  0.024 0.016 0.016 0.554 0.112 0.183 0.095 
166    (0)   :  0.007 0.027 0.072 0.444 0.151 0.218 0.080 
167    (0)   :  0.013 0.010 0.019 0.563 0.084 0.121 0.189 
168    (0)   :  0.007 0.014 0.065 0.518 0.168 0.104 0.124 
169    (0)   :  0.017 0.012 0.084 0.256 0.155 0.083 0.393 
170    (0)   :  0.007 0.027 0.015 0.461 0.281 0.122 0.088 
171    (0)   :  0.008 0.018 0.044 0.466 0.172 0.148 0.144 
172    (0)   :  0.012 0.018 0.078 0.329 0.329 0.078 0.155 
173    (0)   :  0.008 0.028 0.014 0.675 0.099 0.082 0.093 
174    (0)   :  0.007 0.014 0.015 0.672 0.083 0.111 0.099 
175    (0)   :  0.008 0.017 0.015 0.628 0.110 0.080 0.142 
176    (0)   :  0.021 0.017 0.016 0.649 0.089 0.127 0.081 
177    (0)   :  0.008 0.011 0.042 0.446 0.126 0.243 0.124 
178    (0)   :  0.008 0.017 0.015 0.574 0.084 0.123 0.179 
179    (0)   :  0.006 0.020 0.014 0.720 0.073 0.081 0.086 
180    (0)   :  0.010 0.012 0.026 0.473 0.153 0.121 0.206 
181    (0)   :  0.012 0.023 0.022 0.438 0.247 0.094 0.163 
182    (0)   :  0.011 0.021 0.014 0.604 0.179 0.084 0.086 
183    (0)   :  0.006 0.021 0.014 0.686 0.094 0.082 0.096 
184    (0)   :  0.008 0.489 0.018 0.072 0.109 0.134 0.171 
185    (0)   :  0.009 0.028 0.013 0.585 0.231 0.067 0.065 
186    (0)   :  0.007 0.201 0.014 0.083 0.153 0.359 0.184 
187    (0)   :  0.006 0.423 0.016 0.200 0.107 0.127 0.121 
188    (0)   :  0.007 0.425 0.012 0.060 0.110 0.251 0.134 
189    (0)   :  0.006 0.143 0.063 0.237 0.173 0.130 0.249 
190    (0)   :  0.011 0.102 0.012 0.217 0.523 0.077 0.059 
191    (0)   :  0.010 0.559 0.014 0.074 0.084 0.132 0.127 
192    (0)   :  0.007 0.260 0.015 0.239 0.123 0.218 0.139 
193    (0)   :  0.014 0.107 0.018 0.237 0.232 0.171 0.222 
194    (0)   :  0.007 0.075 0.017 0.248 0.291 0.233 0.130 
195    (0)   :  0.006 0.521 0.012 0.173 0.139 0.078 0.071 
196    (0)   :  0.011 0.168 0.015 0.194 0.414 0.121 0.077 
197    (0)   :  0.007 0.096 0.016 0.175 0.198 0.223 0.284 
198    (0)   :  0.007 0.062 0.022 0.197 0.208 0.274 0.229 
199    (0)   :  0.010 0.050 0.019 0.130 0.594 0.107 0.090 
200    (0)   :  0.019 0.213 0.028 0.164 0.331 0.120 0.125 
201    (0)   :  0.006 0.233 0.012 0.398 0.157 0.103 0.091 
202    (0)   :  0.008 0.034 0.012 0.396 0.360 0.108 0.081 
203    (0)   :  0.009 0.389 0.012 0.318 0.114 0.084 0.074 
204    (0)   :  0.006 0.627 0.012 0.089 0.124 0.077 0.065 
205    (0)   :  0.007 0.531 0.018 0.084 0.149 0.114 0.096 
206    (0)   :  0.007 0.517 0.012 0.142 0.143 0.098 0.082 
207    (0)   :  0.013 0.267 0.012 0.103 0.357 0.158 0.090 
208    (0)   :  0.008 0.312 0.012 0.246 0.221 0.115 0.086 
209    (0)   :  0.015 0.318 0.014 0.148 0.179 0.164 0.162 
210    (0)   :  0.007 0.525 0.012 0.120 0.129 0.126 0.082 
211    (0)   :  0.028 0.025 0.012 0.153 0.563 0.137 0.081 
212    (0)   :  0.008 0.060 0.015 0.458 0.218 0.103 0.139 
213    (0)   :  0.008 0.055 0.020 0.121 0.436 0.251 0.109 
214    (0)   :  0.010 0.130 0.012 0.435 0.221 0.094 0.097 
215    (0)   :  0.011 0.527 0.018 0.069 0.152 0.135 0.088 
216    (0)   :  0.010 0.176 0.019 0.109 0.228 0.188 0.271 
217    (0)   :  0.007 0.288 0.016 0.307 0.196 0.086 0.099 
218    (0)   :  0.007 0.560 0.018 0.091 0.096 0.127 0.101 
219    (0)   :  0.007 0.159 0.031 0.241 0.151 0.142 0.270 
220    (0)   :  0.007 0.656 0.012 0.068 0.090 0.095 0.073 
221    (0)   :  0.009 0.043 0.012 0.448 0.345 0.072 0.071 
222    (0)   :  0.007 0.142 0.019 0.151 0.167 0.190 0.324 
223    (0)   :  0.006 0.153 0.021 0.337 0.160 0.157 0.166 
224    (0)   :  0.008 0.361 0.012 0.293 0.136 0.104 0.087 
225    (0)   :  0.007 0.510 0.015 0.108 0.164 0.105 0.091 
226    (0)   :  0.009 0.408 0.073 0.125 0.121 0.118 0.146 
227    (0)   :  0.008 0.125 0.013 0.227 0.389 0.147 0.091 
228    (0)   :  0.011 0.406 0.013 0.184 0.243 0.076 0.067 
229    (0)   :  0.006 0.537 0.012 0.201 0.079 0.085 0.080 
230    (0)   :  0.007 0.582 0.011 0.155 0.092 0.082 0.071 
231    (0)   :  0.008 0.465 0.014 0.172 0.085 0.114 0.141 
232    (0)   :  0.009 0.091 0.027 0.211 0.316 0.180 0.166 
233    (0)   :  0.009 0.132 0.013 0.504 0.151 0.096 0.096 
234    (0)   :  0.008 0.147 0.017 0.235 0.139 0.238 0.216 
235    (0)   :  0.007 0.206 0.022 0.262 0.224 0.127 0.152 
236    (0)   :  0.009 0.248 0.016 0.323 0.153 0.120 0.130 
237    (0)   :  0.021 0.299 0.014 0.110 0.284 0.160 0.112 
238    (0)   :  0.008 0.074 0.012 0.441 0.218 0.140 0.106 
239    (0)   :  0.006 0.522 0.012 0.172 0.139 0.078 0.071 
240    (0)   :  0.008 0.073 0.012 0.440 0.221 0.140 0.106 
241    (0)   :  0.009 0.070 0.017 0.435 0.267 0.102 0.101 
242    (0)   :  0.006 0.549 0.025 0.099 0.092 0.101 0.127 
243    (0)   :  0.013 0.201 0.012 0.191 0.421 0.092 0.069 
244    (0)   :  0.008 0.496 0.012 0.218 0.110 0.083 0.073 
245    (0)   :  0.006 0.035 0.012 0.561 0.202 0.105 0.079 
246    (0)   :  0.008 0.286 0.016 0.310 0.197 0.086 0.098 
247    (0)   :  0.007 0.106 0.027 0.074 0.208 0.454 0.125 
248    (0)   :  0.013 0.191 0.015 0.085 0.346 0.230 0.120 
249    (0)   :  0.010 0.314 0.012 0.293 0.174 0.105 0.092 
250    (0)   :  0.008 0.439 0.015 0.194 0.110 0.121 0.112 
251    (0)   :  0.016 0.226 0.055 0.126 0.211 0.173 0.194 
252    (0)   :  0.006 0.467 0.016 0.152 0.142 0.112 0.105 
253    (0)   :  0.008 0.058 0.030 0.106 0.434 0.226 0.139 
254    (0)   :  0.007 0.277 0.015 0.151 0.167 0.161 0.222 
255    (0)   :  0.009 0.252 0.014 0.206 0.139 0.182 0.198 
256    (0)   :  0.009 0.185 0.015 0.267 0.307 0.108 0.109 
257    (0)   :  0.012 0.300 0.018 0.161 0.231 0.160 0.118 
258    (0)   :  0.011 0.083 0.018 0.165 0.334 0.255 0.134 
259    (0)   :  0.010 0.326 0.015 0.179 0.190 0.156 0.124 
260    (0)   :  0.007 0.119 0.015 0.313 0.129 0.159 0.257 
261    (0)   :  0.006 0.259 0.017 0.278 0.220 0.111 0.110 
262    (0)   :  0.008 0.193 0.016 0.266 0.370 0.074 0.073 
263    (0)   :  0.008 0.565 0.012 0.083 0.117 0.107 0.108 
264    (0)   :  0.009 0.068 0.019 0.061 0.181 0.182 0.479 
265    (0)   :  0.006 0.452 0.019 0.144 0.122 0.127 0.131 
266    (0)   :  0.008 0.063 0.012 0.486 0.282 0.075 0.074 
267    (0)   :  0.014 0.071 0.014 0.251 0.275 0.191 0.183 
268    (0)   :  0.010 0.169 0.015 0.191 0.417 0.121 0.077 
269    (0)   :  0.007 0.326 0.037 0.176 0.105 0.132 0.217 
270    (0)   :  0.011 0.173 0.016 0.124 0.215 0.212 0.249 
271    (0)   :  0.012 0.226 0.022 0.129 0.295 0.194 0.121 
272    (0)   :  0.015 0.360 0.076 0.109 0.195 0.130 0.115 
273    (0)   :  0.021 0.307 0.034 0.177 0.123 0.159 0.179 
274    (0)   :  0.009 0.345 0.029 0.130 0.164 0.155 0.168 
275    (0)   :  0.010 0.499 0.027 0.120 0.101 0.108 0.135 
276    (0)   :  0.017 0.163 0.063 0.107 0.390 0.141 0.118 
277    (0)   :  0.006 0.253 0.021 0.246 0.145 0.153 0.176 
278    (0)   :  0.012 0.414 0.019 0.099 0.234 0.131 0.090 
279    (0)   :  0.008 0.309 0.021 0.181 0.186 0.144 0.151 
280    (0)   :  0.007 0.248 0.033 0.152 0.220 0.122 0.219 
281    (0)   :  0.008 0.249 0.021 0.151 0.197 0.222 0.152 
282    (0)   :  0.007 0.157 0.016 0.420 0.116 0.132 0.152 
283    (0)   :  0.007 0.163 0.013 0.472 0.123 0.123 0.100 
284    (0)   :  0.012 0.078 0.018 0.304 0.231 0.227 0.130 
285    (0)   :  0.014 0.216 0.022 0.057 0.335 0.222 0.134 
286    (0)   :  0.008 0.497 0.012 0.218 0.111 0.082 0.073 
287    (0)   :  0.006 0.256 0.030 0.183 0.134 0.193 0.197 
288    (0)   :  0.007 0.620 0.032 0.072 0.081 0.095 0.093 
289    (0)   :  0.013 0.435 0.039 0.079 0.148 0.184 0.102 
290    (0)   :  0.018 0.090 0.019 0.115 0.401 0.121 0.236 
291    (0)   :  0.012 0.230 0.021 0.128 0.294 0.193 0.122 
292    (0)   :  0.007 0.150 0.035 0.176 0.351 0.107 0.175 
293    (0)   :  0.014 0.024 0.020 0.091 0.399 0.148 0.304 
294    (0)   :  0.007 0.594 0.013 0.070 0.120 0.093 0.102 
295    (0)   :  0.022 0.083 0.072 0.143 0.373 0.161 0.145 
296    (0)   :  0.011 0.511 0.017 0.083 0.151 0.142 0.085 
297    (0)   :  0.007 0.378 0.031 0.097 0.140 0.130 0.218 
298    (0)   :  0.006 0.348 0.015 0.266 0.093 0.135 0.136 
299    (0)   :  0.006 0.588 0.012 0.081 0.080 0.108 0.124 
300    (0)   :  0.009 0.539 0.019 0.069 0.156 0.100 0.109 
301    (0)   :  0.010 0.251 0.023 0.114 0.174 0.146 0.282 
302    (0)   :  0.017 0.369 0.017 0.096 0.264 0.119 0.119 
303    (0)   :  0.009 0.319 0.019 0.244 0.167 0.108 0.134 
304    (0)   :  0.008 0.032 0.014 0.376 0.111 0.177 0.282 
305    (0)   :  0.008 0.501 0.016 0.159 0.150 0.082 0.084 
306    (0)   :  0.007 0.195 0.022 0.342 0.201 0.101 0.132 
307    (0)   :  0.011 0.090 0.020 0.266 0.275 0.161 0.177 
308    (0)   :  0.006 0.261 0.017 0.277 0.219 0.109 0.111 
309    (0)   :  0.014 0.597 0.014 0.066 0.110 0.128 0.072 
310    (0)   :  0.010 0.281 0.012 0.236 0.288 0.091 0.082 
311    (0)   :  0.007 0.583 0.012 0.154 0.091 0.082 0.071 
312    (0)   :  0.009 0.539 0.012 0.078 0.152 0.140 0.070 
313    (0)   :  0.011 0.210 0.016 0.079 0.445 0.153 0.086 
314    (0)   :  0.008 0.018 0.017 0.696 0.118 0.071 0.073 
315    (0)   :  0.006 0.014 0.035 0.633 0.142 0.088 0.081 
316    (0)   :  0.008 0.018 0.060 0.625 0.089 0.098 0.102 
317    (0)   :  0.007 0.014 0.017 0.739 0.073 0.073 0.077 
318    (0)   :  0.007 0.012 0.019 0.749 0.058 0.074 0.082 
319    (0)   :  0.006 0.016 0.014 0.722 0.086 0.074 0.081 
320    (0)   :  0.008 0.018 0.017 0.694 0.118 0.071 0.073 
321    (0)   :  0.008 0.013 0.018 0.733 0.068 0.075 0.085 
322    (0)   :  0.009 0.022 0.052 0.602 0.127 0.095 0.093 
323    (0)   :  0.006 0.015 0.015 0.737 0.063 0.075 0.089 
324    (0)   :  0.008 0.012 0.018 0.731 0.068 0.075 0.087 
325    (0)   :  0.007 0.012 0.058 0.658 0.081 0.094 0.089 
326    (0)   :  0.012 0.017 0.087 0.625 0.080 0.091 0.088 
327    (0)   :  0.007 0.014 0.017 0.739 0.072 0.073 0.077 
328    (0)   :  0.007 0.014 0.039 0.634 0.117 0.096 0.093 
329    (0)   :  0.006 0.012 0.014 0.750 0.063 0.074 0.081 
330    (0)   :  0.008 0.014 0.017 0.739 0.072 0.074 0.076 
331    (0)   :  0.006 0.014 0.015 0.746 0.064 0.075 0.081 
332    (0)   :  0.009 0.013 0.067 0.640 0.078 0.093 0.100 
333    (0)   :  0.009 0.021 0.056 0.638 0.093 0.094 0.089 
334    (0)   :  0.006 0.014 0.040 0.634 0.118 0.096 0.091 
335    (0)   :  0.007 0.013 0.035 0.653 0.119 0.092 0.081 
336    (0)   :  0.009 0.017 0.019 0.709 0.087 0.072 0.087 
337    (0)   :  0.008 0.012 0.060 0.635 0.100 0.094 0.091 
338    (0)   :  0.008 0.013 0.020 0.743 0.057 0.075 0.085 
339    (0)   :  0.006 0.014 0.014 0.746 0.063 0.076 0.081 
340    (0)   :  0.006 0.016 0.014 0.750 0.066 0.074 0.074 
341    (0)   :  0.009 0.022 0.019 0.719 0.067 0.076 0.087 
342    (0)   :  0.007 0.014 0.017 0.738 0.073 0.074 0.077 
343    (0)   :  0.007 0.015 0.035 0.584 0.180 0.087 0.092 
344    (0)   :  0.006 0.012 0.015 0.754 0.059 0.074 0.079 
345    (0)   :  0.008 0.014 0.017 0.739 0.073 0.073 0.076 
346    (0)   :  0.006 0.013 0.017 0.753 0.061 0.073 0.075 
347    (0)   :  0.006 0.014 0.013 0.758 0.063 0.072 0.074 
348    (0)   :  0.006 0.016 0.030 0.583 0.204 0.085 0.075 
349    (0)   :  0.007 0.014 0.017 0.740 0.072 0.073 0.076 
350    (0)   :  0.006 0.018 0.014 0.703 0.104 0.073 0.081 
351    (0)   :  0.006 0.013 0.036 0.652 0.119 0.091 0.082 
352    (0)   :  0.008 0.014 0.052 0.642 0.112 0.091 0.082 
353    (0)   :  0.009 0.017 0.019 0.708 0.088 0.072 0.087 
354    (0)   :  0.007 0.014 0.015 0.743 0.062 0.075 0.084 
355    (0)   :  0.007 0.012 0.019 0.748 0.058 0.074 0.082 
356    (0)   :  0.006 0.018 0.029 0.554 0.234 0.084 0.075 
357    (0)   :  0.007 0.018 0.079 0.442 0.094 0.153 0.207 
358    (0)   :  0.007 0.012 0.043 0.667 0.084 0.095 0.092 
359    (0)   :  0.006 0.014 0.015 0.743 0.062 0.076 0.084 
360    (0)   :  0.007 0.014 0.017 0.754 0.061 0.072 0.074 
361    (0)   :  0.009 0.020 0.075 0.391 0.132 0.153 0.221 
362    (0)   :  0.010 0.100 0.115 0.098 0.136 0.361 0.179 
363    (0)   :  0.010 0.030 0.052 0.066 0.130 0.458 0.254 
364    (0)   :  0.018 0.018 0.024 0.220 0.153 0.178 0.388 
365    (0)   :  0.024 0.024 0.056 0.073 0.110 0.166 0.547 
366    (0)   :  0.016 0.037 0.050 0.126 0.328 0.144 0.300 
367    (0)   :  0.007 0.014 0.071 0.052 0.070 0.636 0.150 
368    (0)   :  0.008 0.027 0.021 0.093 0.101 0.556 0.194 
369    (0)   :  0.020 0.020 0.024 0.198 0.340 0.162 0.236 
370    (0)   :  0.020 0.096 0.026 0.104 0.140 0.453 0.161 
371    (0)   :  0.021 0.073 0.022 0.134 0.173 0.209 0.368 
372    (0)   :  0.051 0.248 0.030 0.112 0.131 0.285 0.144 
373    (0)   :  0.011 0.027 0.022 0.147 0.124 0.418 0.251 
374    (0)   :  0.027 0.036 0.061 0.278 0.125 0.222 0.251 
375    (0)   :  0.013 0.038 0.026 0.067 0.077 0.392 0.387 
376    (0)   :  0.013 0.011 0.063 0.061 0.076 0.237 0.539 
377    (0)   :  0.015 0.022 0.069 0.103 0.177 0.340 0.274 
378    (0)   :  0.011 0.020 0.024 0.239 0.101 0.508 0.097 
379    (0)   :  0.027 0.021 0.073 0.056 0.087 0.241 0.495 
380    (0)   :  0.012 0.035 0.133 0.146 0.163 0.104 0.406 
381    (0)   :  0.009 0.016 0.027 0.111 0.211 0.088 0.538 
382    (0)   :  0.008 0.015 0.033 0.078 0.073 0.482 0.310 
383    (0)   :  0.015 0.057 0.174 0.150 0.079 0.104 0.421 
384    (0)   :  0.028 0.053 0.045 0.128 0.081 0.188 0.477 
385    (0)   :  0.281 0.017 0.021 0.186 0.072 0.172 0.251 
386    (0)   :  0.007 0.016 0.051 0.066 0.100 0.503 0.256 
387    (0)   :  0.009 0.013 0.041 0.083 0.108 0.435 0.311 
388    (0)   :  0.035 0.042 0.030 0.246 0.082 0.262 0.304 
389    (0)   :  0.140 0.049 0.022 0.077 0.342 0.205 0.164 
390    (0)   :  0.020 0.045 0.121 0.064 0.216 0.372 0.162 
391    (0)   :  0.082 0.027 0.036 0.109 0.278 0.297 0.171 
392    (0)   :  0.007 0.022 0.032 0.128 0.111 0.244 0.456 
393    (0)   :  0.009 0.016 0.154 0.112 0.168 0.116 0.426 
394    (0)   :  0.007 0.024 0.068 0.284 0.098 0.363 0.157 
395    (0)   :  0.007 0.047 0.107 0.077 0.310 0.306 0.146 
396    (0)   :  0.007 0.016 0.017 0.056 0.089 0.449 0.365 
397    (0)   :  0.011 0.119 0.015 0.149 0.170 0.141 0.395 
398    (0)   :  0.009 0.011 0.185 0.060 0.094 0.354 0.288 
399    (0)   :  0.014 0.023 0.072 0.080 0.168 0.535 0.107 
400    (0)   :  0.008 0.011 0.028 0.105 0.121 0.369 0.357 
401    (0)   :  0.008 0.012 0.030 0.104 0.223 0.506 0.115 
402    (0)   :  0.010 0.018 0.020 0.103 0.232 0.311 0.306 
403    (0)   :  0.023 0.027 0.033 0.337 0.129 0.213 0.238 
404    (0)   :  0.014 0.049 0.019 0.131 0.132 0.217 0.438 
405    (0)   :  0.007 0.033 0.068 0.110 0.197 0.248 0.336 
406    (0)   :  0.007 0.026 0.304 0.138 0.315 0.104 0.106 
407    (0)   :  0.007 0.014 0.102 0.056 0.091 0.207 0.523 
408    (0)   :  0.006 0.020 0.018 0.051 0.269 0.555 0.081 
409    (0)   :  0.014 0.016 0.095 0.208 0.376 0.130 0.162 
410    (0)   :  0.016 0.022 0.072 0.106 0.131 0.290 0.362 
411    (0)   :  0.008 0.013 0.025 0.173 0.169 0.179 0.433 
412    (0)   :  0.009 0.026 0.022 0.084 0.092 0.548 0.219 
413    (0)   :  0.007 0.028 0.024 0.214 0.088 0.500 0.139 
414    (0)   :  0.016 0.036 0.018 0.059 0.078 0.582 0.210 
415    (0)   :  0.008 0.016 0.069 0.075 0.209 0.222 0.402 
416    (0)   :  0.020 0.028 0.025 0.103 0.193 0.281 0.350 
417    (0)   :  0.007 0.023 0.267 0.067 0.087 0.291 0.256 
418    (0)   :  0.006 0.017 0.020 0.065 0.070 0.584 0.237 
419    (0)   :  0.026 0.025 0.037 0.203 0.203 0.252 0.254 
420    (0)   :  0.007 0.013 0.028 0.062 0.346 0.437 0.107 
421    (0)   :  0.008 0.026 0.092 0.075 0.108 0.452 0.240 
422    (0)   :  0.008 0.045 0.096 0.077 0.320 0.191 0.264 
423    (0)   :  0.008 0.041 0.086 0.095 0.133 0.297 0.340 
424    (0)   :  0.019 0.013 0.106 0.106 0.203 0.436 0.117 
425    (0)   :  0.054 0.032 0.028 0.130 0.115 0.203 0.439 
426    (0)   :  0.042 0.020 0.094 0.136 0.110 0.397 0.201 
427    (0)   :  0.007 0.010 0.265 0.154 0.093 0.297 0.174 
428    (0)   :  0.010 0.027 0.220 0.177 0.233 0.145 0.187 
429    (0)   :  0.006 0.015 0.068 0.053 0.067 0.448 0.342 
430    (0)   :  0.008 0.022 0.206 0.065 0.104 0.235 0.360 
431    (0)   :  0.017 0.045 0.062 0.125 0.126 0.456 0.170 
432    (0)   :  0.008 0.017 0.022 0.100 0.124 0.533 0.197 
433    (0)   :  0.009 0.018 0.019 0.331 0.213 0.251 0.160 
434    (0)   :  0.012 0.031 0.022 0.135 0.169 0.216 0.416 
435    (0)   :  0.006 0.011 0.416 0.056 0.088 0.261 0.162 
436    (0)   :  0.008 0.008 0.463 0.088 0.101 0.172 0.158 
437    (0)   :  0.006 0.013 0.056 0.064 0.089 0.196 0.576 
438    (0)   :  0.007 0.011 0.406 0.088 0.230 0.170 0.087 
439    (0)   :  0.007 0.010 0.412 0.079 0.087 0.167 0.238 
440    (0)   :  0.007 0.013 0.413 0.048 0.083 0.257 0.179 
441    (0)   :  0.008 0.012 0.124 0.122 0.129 0.232 0.372 
442    (0)   :  0.019 0.011 0.030 0.065 0.147 0.351 0.377 
443    (0)   :  0.009 0.012 0.095 0.054 0.260 0.447 0.122 
444    (0)   :  0.018 0.011 0.079 0.064 0.162 0.306 0.361 
445    (0)   :  0.010 0.014 0.067 0.125 0.311 0.117 0.356 
446    (0)   :  0.010 0.009 0.285 0.065 0.081 0.317 0.234 
447    (0)   :  0.025 0.011 0.272 0.110 0.180 0.195 0.206 
448    (0)   :  0.007 0.012 0.089 0.068 0.125 0.306 0.392 
449    (0)   :  0.007 0.015 0.094 0.099 0.150 0.236 0.398 
450    (0)   :  0.008 0.011 0.024 0.097 0.069 0.180 0.611 
451    (0)   :  0.008 0.012 0.041 0.049 0.104 0.656 0.129 
452    (0)   :  0.007 0.013 0.056 0.091 0.076 0.239 0.519 
453    (0)   :  0.010 0.014 0.027 0.076 0.566 0.192 0.116 
454    (0)   :  0.007 0.016 0.169 0.118 0.109 0.270 0.311 
455    (0)   :  0.007 0.010 0.511 0.056 0.133 0.169 0.115 
456    (0)   :  0.009 0.012 0.162 0.057 0.263 0.229 0.268 
457    (0)   :  0.006 0.010 0.122 0.070 0.094 0.170 0.529 
458    (0)   :  0.009 0.011 0.109 0.072 0.100 0.197 0.503 
459    (0)   :  0.008 0.009 0.208 0.140 0.141 0.323 0.171 
460    (0)   :  0.007 0.009 0.190 0.062 0.099 0.457 0.176 
461    (0)   :  0.007 0.008 0.037 0.067 0.069 0.614 0.198 
462    (0)   :  0.042 0.025 0.056 0.046 0.168 0.280 0.383 
463    (0)   :  0.007 0.023 0.288 0.076 0.361 0.134 0.111 
464    (0)   :  0.006 0.011 0.163 0.058 0.179 0.450 0.133 
465    (0)   :  0.008 0.011 0.063 0.072 0.162 0.495 0.189 
466    (0)   :  0.006 0.014 0.123 0.058 0.300 0.372 0.126 
467    (0)   :  0.009 0.023 0.074 0.086 0.221 0.273 0.314 
468    (0)   :  0.006 0.012 0.412 0.055 0.147 0.129 0.239 
469    (0)   :  0.007 0.008 0.583 0.060 0.070 0.124 0.147 
470    (0)   :  0.005 0.009 0.514 0.057 0.075 0.229 0.111 
471    (0)   :  0.013 0.024 0.035 0.063 0.294 0.267 0.305 
472    (0)   :  0.009 0.013 0.031 0.065 0.247 0.245 0.390 
473    (0)   :  0.007 0.019 0.100 0.100 0.160 0.264 0.350 
474    (0)   :  0.007 0.018 0.051 0.089 0.150 0.234 0.452 
475    (0)   :  0.007 0.012 0.062 0.118 0.161 0.463 0.177 
476    (0)   :  0.007 0.012 0.081 0.071 0.146 0.207 0.477 
477    (0)   :  0.014 0.008 0.076 0.100 0.191 0.453 0.157 
478    (0)   :  0.014 0.008 0.050 0.060 0.083 0.672 0.114 
479    (0)   :  0.007 0.009 0.253 0.057 0.082 0.346 0.246 
480    (0)   :  0.006 0.011 0.195 0.067 0.079 0.180 0.462 
481    (0)   :  0.012 0.027 0.027 0.062 0.154 0.236 0.482 
482    (0)   :  0.006 0.009 0.117 0.058 0.072 0.373 0.363 
483    (0)   :  0.007 0.010 0.468 0.078 0.085 0.182 0.170 
484    (0)   :  0.011 0.013 0.354 0.067 0.258 0.158 0.140 
485    (0)   :  0.006 0.009 0.629 0.056 0.070 0.140 0.090 
486    (0)   :  0.040 0.021 0.023 0.088 0.356 0.249 0.223 
487    (0)   :  0.028 0.013 0.022 0.163 0.232 0.197 0.343 
488    (0)   :  0.063 0.021 0.023 0.153 0.183 0.364 0.192 
489    (0)   :  0.017 0.021 0.014 0.160 0.289 0.137 0.362 
490    (0)   :  0.015 0.012 0.027 0.060 0.246 0.444 0.195 
491    (0)   :  0.058 0.039 0.016 0.189 0.295 0.173 0.230 
492    (0)   :  0.024 0.022 0.018 0.279 0.237 0.297 0.124 
493    (0)   :  0.100 0.036 0.017 0.117 0.219 0.237 0.274 
494    (0)   :  0.038 0.035 0.027 0.142 0.273 0.167 0.318 
495    (0)   :  0.102 0.011 0.019 0.184 0.205 0.308 0.170 
496    (0)   :  0.007 0.022 0.021 0.306 0.320 0.180 0.143 
497    (0)   :  0.184 0.032 0.017 0.213 0.146 0.165 0.243 
498    (0)   :  0.083 0.014 0.021 0.096 0.255 0.318 0.213 
499    (0)   :  0.024 0.016 0.019 0.282 0.246 0.129 0.283 
500    (0)   :  0.014 0.067 0.031 0.105 0.187 0.155 0.441 
501    (0)   :  0.010 0.028 0.022 0.234 0.158 0.198 0.350 
502    (0)   :  0.021 0.017 0.020 0.285 0.121 0.313 0.224 
503    (0)   :  0.008 0.021 0.026 0.071 0.108 0.214 0.551 
504    (0)   :  0.056 0.010 0.021 0.086 0.238 0.456 0.133 
505    (0)   :  0.019 0.041 0.022 0.120 0.490 0.160 0.148 
506    (0)   :  0.030 0.030 0.016 0.240 0.173 0.322 0.188 
507    (0)   :  0.007 0.024 0.015 0.500 0.264 0.088 0.103 
508    (0)   :  0.017 0.013 0.014 0.435 0.316 0.103 0.102 
509    (0)   :  0.014 0.043 0.021 0.216 0.384 0.167 0.155 
510    (0)   :  0.012 0.019 0.015 0.275 0.148 0.152 0.379 
511    (0)   :  0.020 0.055 0.069 0.089 0.196 0.257 0.314 
512    (0)   :  0.011 0.024 0.027 0.062 0.094 0.288 0.493 
513    (0)   :  0.467 0.027 0.012 0.094 0.185 0.149 0.066 
514    (0)   :  0.010 0.017 0.021 0.124 0.160 0.545 0.123 
515    (0)   :  0.012 0.015 0.094 0.186 0.257 0.155 0.281 
516    (0)   :  0.011 0.017 0.022 0.102 0.323 0.410 0.115 
517    (0)   :  0.008 0.016 0.081 0.176 0.323 0.267 0.129 
518    (0)   :  0.013 0.064 0.015 0.250 0.108 0.138 0.412 
519    (0)   :  0.011 0.012 0.029 0.128 0.173 0.529 0.118 
520    (0)   :  0.008 0.018 0.232 0.263 0.268 0.104 0.108 
521    (0)   :  0.008 0.057 0.020 0.358 0.153 0.309 0.096 
522    (0)   :  0.011 0.013 0.045 0.087 0.305 0.171 0.368 
523    (0)   :  0.008 0.014 0.048 0.171 0.484 0.194 0.081 
524    (0)   :  0.007 0.020 0.307 0.142 0.173 0.200 0.150 
525    (0)   :  0.012 0.026 0.054 0.227 0.214 0.125 0.343 
526    (0)   :  0.006 0.021 0.357 0.100 0.328 0.099 0.090 
527    (0)   :  0.019 0.015 0.016 0.091 0.119 0.269 0.471 
528    (0)   :  0.007 0.053 0.013 0.472 0.188 0.161 0.105 
529    (0)   :  0.023 0.085 0.015 0.194 0.168 0.255 0.259 
530    (0)   :  0.011 0.017 0.040 0.111 0.264 0.155 0.402 
531    (0)   :  0.009 0.014 0.057 0.359 0.189 0.161 0.212 
532    (0)   :  0.014 0.020 0.015 0.302 0.174 0.214 0.260 
533    (0)   :  0.013 0.037 0.038 0.111 0.238 0.168 0.395 
534    (0)   :  0.039 0.036 0.018 0.164 0.433 0.183 0.128 
535    (0)   :  0.007 0.017 0.067 0.095 0.421 0.281 0.112 
536    (0)   :  0.010 0.076 0.071 0.182 0.252 0.167 0.242 
537    (0)   :  0.011 0.037 0.020 0.210 0.449 0.124 0.148 
538    (0)   :  0.008 0.101 0.032 0.177 0.379 0.162 0.140 
539    (0)   :  0.007 0.060 0.012 0.530 0.189 0.096 0.106 
540    (0)   :  0.010 0.062 0.049 0.215 0.343 0.151 0.170 
541    (0)   :  0.013 0.068 0.027 0.385 0.171 0.146 0.190 
542    (0)   :  0.012 0.039 0.049 0.070 0.517 0.110 0.203 
543    (0)   :  0.018 0.047 0.063 0.217 0.326 0.239 0.090 
544    (0)   :  0.008 0.018 0.030 0.102 0.586 0.128 0.127 
545    (0)   :  0.011 0.018 0.154 0.060 0.505 0.143 0.109 
546    (0)   :  0.017 0.048 0.018 0.125 0.487 0.126 0.179 
547    (0)   :  0.009 0.013 0.046 0.122 0.615 0.117 0.079 
548    (0)   :  0.008 0.441 0.015 0.194 0.108 0.120 0.112 
549    (0)   :  0.009 0.014 0.095 0.313 0.301 0.103 0.165 
550    (0)   :  0.010 0.017 0.198 0.087 0.378 0.197 0.114 
551    (0)   :  0.008 0.017 0.036 0.421 0.217 0.138 0.161 
552    (0)   :  0.007 0.110 0.018 0.172 0.402 0.115 0.176 
553    (0)   :  0.016 0.050 0.038 0.197 0.494 0.136 0.069 
554    (0)   :  0.013 0.051 0.035 0.170 0.223 0.231 0.277 
555    (0)   :  0.030 0.047 0.022 0.310 0.335 0.139 0.117 
556    (0)   :  0.008 0.043 0.017 0.134 0.504 0.147 0.146 
557    (0)   :  0.009 0.016 0.251 0.135 0.273 0.199 0.116 
558    (0)   :  0.006 0.008 0.149 0.062 0.066 0.349 0.359 
559    (0)   :  0.009 0.057 0.017 0.089 0.207 0.462 0.160 
560    (0)   :  0.011 0.019 0.118 0.046 0.086 0.575 0.145 
561    (0)   :  0.011 0.012 0.038 0.061 0.175 0.442 0.261 
562    (0)   :  0.015 0.024 0.048 0.045 0.156 0.529 0.183 
563    (0)   :  0.019 0.009 0.047 0.193 0.194 0.411 0.127 
564    (0)   :  0.014 0.131 0.036 0.097 0.247 0.329 0.147 
565    (0)   :  0.006 0.011 0.154 0.067 0.085 0.172 0.504 
566    (0)   :  0.007 0.011 0.078 0.049 0.082 0.637 0.135 
567    (0)   :  0.014 0.188 0.026 0.064 0.153 0.399 0.155 
568    (0)   :  0.006 0.021 0.047 0.084 0.197 0.499 0.145 
569    (0)   :  0.008 0.015 0.078 0.092 0.204 0.372 0.231 
570    (0)   :  0.006 0.016 0.094 0.053 0.065 0.352 0.415 
571    (0)   :  0.007 0.018 0.053 0.075 0.089 0.665 0.094 
572    (0)   :  0.014 0.027 0.051 0.187 0.437 0.138 0.146 
573    (0)   :  0.011 0.134 0.215 0.098 0.120 0.307 0.115 
574    (0)   :  0.009 0.015 0.053 0.163 0.151 0.182 0.426 
575    (0)   :  0.007 0.025 0.033 0.150 0.154 0.486 0.145 
576    (0)   :  0.013 0.012 0.053 0.050 0.066 0.653 0.152 
577    (0)   :  0.009 0.015 0.025 0.153 0.136 0.221 0.441 
578    (0)   :  0.013 0.022 0.099 0.072 0.101 0.540 0.153 
579    (0)   :  0.025 0.037 0.038 0.069 0.137 0.408 0.287 
580    (0)   :  0.007 0.016 0.048 0.100 0.104 0.241 0.483 
581    (0)   :  0.007 0.013 0.088 0.084 0.096 0.436 0.276 
582    (0)   :  0.007 0.018 0.124 0.053 0.131 0.385 0.282 
583    (0)   :  0.014 0.025 0.053 0.075 0.080 0.573 0.181 
584    (0)   :  0.008 0.010 0.039 0.060 0.077 0.624 0.183 
585    (0)   :  0.014 0.018 0.061 0.063 0.098 0.501 0.245 
586    (0)   :  0.008 0.030 0.019 0.086 0.153 0.594 0.111 
587    (0)   :  0.011 0.026 0.021 0.053 0.196 0.307 0.387 
588    (0)   :  0.025 0.142 0.014 0.073 0.491 0.170 0.086 
589    (0)   :  0.008 0.016 0.215 0.059 0.173 0.275 0.255 
590    (0)   :  0.011 0.022 0.015 0.071 0.122 0.591 0.168 
591    (0)   :  0.007 0.013 0.024 0.081 0.097 0.656 0.122 
592    (0)   :  0.006 0.059 0.056 0.058 0.208 0.480 0.133 
593    (0)   :  0.007 0.034 0.093 0.103 0.137 0.461 0.166 
594    (0)   :  0.021 0.017 0.030 0.159 0.125 0.476 0.173 
595    (0)   :  0.029 0.038 0.017 0.052 0.075 0.257 0.533 
596    (0)   :  0.012 0.055 0.176 0.107 0.242 0.280 0.127 
597    (0)   :  0.010 0.019 0.041 0.227 0.133 0.498 0.072 
598    (0)   :  0.006 0.010 0.156 0.057 0.066 0.265 0.439 
599    (0)   :  0.006 0.020 0.037 0.050 0.131 0.617 0.139 
600    (0)   :  0.009 0.017 0.045 0.110 0.184 0.208 0.427 
601    (0)   :  0.007 0.020 0.044 0.051 0.149 0.510 0.219 
602    (0)   :  0.016 0.036 0.024 0.183 0.202 0.301 0.239 
603    (0)   :  0.010 0.034 0.020 0.185 0.193 0.371 0.187 
604    (0)   :  0.019 0.021 0.111 0.122 0.119 0.156 0.452 
605    (0)   :  0.011 0.016 0.040 0.083 0.223 0.382 0.245 
606    (0)   :  0.010 0.096 0.030 0.155 0.192 0.227 0.291 
607    (0)   :  0.011 0.045 0.036 0.261 0.098 0.189 0.360 
608    (0)   :  0.007 0.017 0.049 0.402 0.112 0.222 0.191 
609    (0)   :  0.010 0.011 0.038 0.098 0.169 0.221 0.452 
610    (0)   :  0.011 0.015 0.330 0.082 0.208 0.158 0.197 
611    (0)   :  0.010 0.019 0.023 0.174 0.280 0.322 0.172 
612    (0)   :  0.008 0.013 0.133 0.071 0.149 0.144 0.482 
613    (0)   :  0.015 0.021 0.044 0.094 0.246 0.218 0.362 
614    (0)   :  0.010 0.019 0.031 0.059 0.091 0.117 0.672 
615    (0)   :  0.007 0.027 0.077 0.102 0.114 0.125 0.548 
616    (0)   :  0.008 0.049 0.020 0.194 0.091 0.245 0.393 
617    (0)   :  0.060 0.018 0.055 0.069 0.167 0.214 0.417 
618    (0)   :  0.024 0.025 0.149 0.179 0.139 0.118 0.367 
619    (0)   :  0.007 0.046 0.083 0.168 0.198 0.362 0.137 
620    (0)   :  0.008 0.139 0.045 0.046 0.163 0.495 0.105 
621    (0)   :  0.009 0.010 0.033 0.076 0.084 0.490 0.299 
622    (0)   :  0.063 0.101 0.074 0.122 0.164 0.149 0.328 
623    (0)   :  0.009 0.025 0.037 0.076 0.161 0.492 0.201 
624    (0)   :  0.008 0.018 0.137 0.193 0.100 0.182 0.362 
625    (0)   :  0.029 0.020 0.043 0.151 0.089 0.221 0.446 
626    (0)   :  0.009 0.033 0.088 0.279 0.281 0.088 0.222 
627    (0)   :  0.011 0.022 0.026 0.097 0.212 0.354 0.277 
628    (0)   :  0.019 0.078 0.024 0.107 0.179 0.387 0.206 
629    (0)   :  0.010 0.032 0.019 0.115 0.130 0.322 0.372 
630    (0)   :  0.013 0.027 0.041 0.084 0.107 0.242 0.486 
631    (0)   :  0.008 0.064 0.026 0.088 0.088 0.227 0.500 
632    (0)   :  0.012 0.077 0.025 0.238 0.256 0.141 0.252 
633    (0)   :  0.013 0.021 0.072 0.146 0.111 0.213 0.424 
634    (0)   :  0.008 0.052 0.033 0.210 0.215 0.250 0.232 
635    (0)   :  0.007 0.043 0.028 0.395 0.139 0.138 0.250 
636    (0)   :  0.007 0.017 0.038 0.228 0.111 0.226 0.373 
637    (0)   :  0.010 0.027 0.029 0.105 0.451 0.161 0.216 
638    (0)   :  0.009 0.026 0.024 0.157 0.125 0.342 0.318 
639    (0)   :  0.013 0.025 0.042 0.124 0.123 0.153 0.521 
