

----------------------------------------------------
STRUCTURE by Pritchard, Stephens and Donnelly (2000)
     and Falush, Stephens and Pritchard (2003)
       Code by Pritchard, Falush and Hubisz
             Version 2.3.4 (Jul 2012)
----------------------------------------------------



Command line arguments:   ./structure -K 9 -D 109005 -m brooktrout/mainparams -e brooktrout/extraparams -o brooktrout/250914_output/results_K9_rep5 
Input File:    brooktrout/brooktrout.txt

Run parameters:
   8454 individuals
   5 loci
   9 populations assumed
   50000 Burn-in period
   100000 Reps
RANDOMIZE turned off


--------------------------------------------
Overall proportion of membership of the
sample in each of the 9 clusters

Inferred Clusters
  1      2      3      4      5      6      7      8      9    
0.011  0.010  0.036  0.065  0.143  0.149  0.169  0.204  0.213  

--------------------------------------------

Allele-freq. divergence among pops (Net nucleotide distance),
computed using point estimates of P.

      1       2       3       4       5       6       7       8       9      
 1      -    0.1220  0.1889  0.2037  0.1756  0.1605  0.1806  0.1764  0.1516  
 2   0.1220     -    0.0669  0.1472  0.1046  0.0736  0.1076  0.0809  0.1252  
 3   0.1889  0.0669     -    0.2046  0.1298  0.1300  0.1390  0.0957  0.2084  
 4   0.2037  0.1472  0.2046     -    0.2082  0.1132  0.1608  0.1044  0.2133  
 5   0.1756  0.1046  0.1298  0.2082     -    0.0982  0.1043  0.0960  0.1489  
 6   0.1605  0.0736  0.1300  0.1132  0.0982     -    0.1305  0.0492  0.1392  
 7   0.1806  0.1076  0.1390  0.1608  0.1043  0.1305     -    0.1264  0.1240  
 8   0.1764  0.0809  0.0957  0.1044  0.0960  0.0492  0.1264     -    0.1876  
 9   0.1516  0.1252  0.2084  0.2133  0.1489  0.1392  0.1240  0.1876     -    

Average distances (expected heterozygosity) between individuals in same cluster:
cluster  1  : 0.7559 
cluster  2  : 0.8717 
cluster  3  : 0.7868 
cluster  4  : 0.6788 
cluster  5  : 0.7531 
cluster  6  : 0.7532 
cluster  7  : 0.7660 
cluster  8  : 0.7679 
cluster  9  : 0.6883 

--------------------------------------------
Estimated Ln Prob of Data   = -225676.8
Mean value of ln likelihood = -171912.1
Variance of ln likelihood   = 107529.4

Mean value of alpha_1       = 0.0495
Mean value of alpha_2       = 0.0471
Mean value of alpha_3       = 0.1623
Mean value of alpha_4       = 0.2898
Mean value of alpha_5       = 0.6508
Mean value of alpha_6       = 0.6715
Mean value of alpha_7       = 0.7776
Mean value of alpha_8       = 0.9054
Mean value of alpha_9       = 0.9401
Allele frequencies uncorrelated


Inferred ancestry of individuals:
     (%Miss) :  Inferred clusters
  1    (0)   :  0.012 0.006 0.021 0.052 0.078 0.200 0.270 0.144 0.216 
  2    (0)   :  0.004 0.005 0.021 0.028 0.491 0.116 0.093 0.130 0.112 
  3    (0)   :  0.005 0.007 0.015 0.058 0.084 0.218 0.225 0.207 0.183 
  4    (0)   :  0.019 0.012 0.021 0.055 0.103 0.102 0.141 0.127 0.420 
  5    (0)   :  0.008 0.006 0.028 0.030 0.388 0.180 0.097 0.151 0.113 
  6    (0)   :  0.006 0.006 0.015 0.037 0.111 0.354 0.080 0.253 0.139 
  7    (0)   :  0.005 0.007 0.046 0.047 0.079 0.260 0.085 0.362 0.109 
  8    (0)   :  0.145 0.018 0.018 0.047 0.085 0.147 0.134 0.189 0.215 
  9    (0)   :  0.005 0.015 0.026 0.034 0.234 0.178 0.147 0.196 0.163 
 10    (0)   :  0.112 0.007 0.022 0.034 0.094 0.230 0.099 0.244 0.158 
 11    (0)   :  0.005 0.005 0.041 0.049 0.084 0.218 0.125 0.366 0.107 
 12    (0)   :  0.004 0.006 0.024 0.029 0.298 0.199 0.106 0.158 0.177 
 13    (0)   :  0.005 0.007 0.025 0.039 0.158 0.261 0.127 0.209 0.170 
 14    (0)   :  0.016 0.005 0.015 0.063 0.229 0.162 0.219 0.130 0.163 
 15    (0)   :  0.006 0.006 0.020 0.082 0.152 0.146 0.138 0.165 0.283 
 16    (0)   :  0.005 0.005 0.022 0.052 0.075 0.280 0.186 0.239 0.135 
 17    (0)   :  0.005 0.012 0.023 0.038 0.117 0.333 0.151 0.158 0.162 
 18    (0)   :  0.006 0.009 0.016 0.080 0.241 0.173 0.123 0.161 0.189 
 19    (0)   :  0.004 0.005 0.019 0.034 0.126 0.313 0.095 0.246 0.157 
 20    (0)   :  0.005 0.006 0.030 0.062 0.175 0.147 0.138 0.259 0.179 
 21    (0)   :  0.010 0.005 0.017 0.043 0.159 0.134 0.244 0.145 0.244 
 22    (0)   :  0.005 0.007 0.015 0.035 0.092 0.335 0.126 0.202 0.184 
 23    (0)   :  0.014 0.012 0.036 0.058 0.166 0.115 0.223 0.128 0.249 
 24    (0)   :  0.005 0.005 0.020 0.051 0.082 0.194 0.207 0.179 0.257 
 25    (0)   :  0.006 0.006 0.024 0.070 0.174 0.304 0.094 0.232 0.091 
 26    (0)   :  0.005 0.008 0.019 0.050 0.153 0.235 0.126 0.166 0.239 
 27    (0)   :  0.005 0.006 0.021 0.043 0.110 0.279 0.202 0.166 0.167 
 28    (0)   :  0.040 0.006 0.027 0.049 0.118 0.161 0.113 0.200 0.286 
 29    (0)   :  0.004 0.005 0.032 0.030 0.180 0.149 0.203 0.257 0.139 
 30    (0)   :  0.004 0.005 0.016 0.042 0.117 0.291 0.170 0.205 0.149 
 31    (0)   :  0.122 0.011 0.027 0.029 0.136 0.169 0.196 0.190 0.121 
 32    (0)   :  0.011 0.005 0.016 0.053 0.182 0.187 0.123 0.183 0.239 
 33    (0)   :  0.004 0.006 0.019 0.049 0.097 0.154 0.214 0.262 0.194 
 34    (0)   :  0.119 0.008 0.044 0.050 0.081 0.162 0.082 0.343 0.110 
 35    (0)   :  0.004 0.012 0.033 0.027 0.143 0.205 0.298 0.171 0.107 
 36    (0)   :  0.006 0.005 0.015 0.115 0.083 0.084 0.478 0.114 0.099 
 37    (0)   :  0.005 0.008 0.016 0.031 0.167 0.151 0.230 0.159 0.232 
 38    (0)   :  0.004 0.009 0.046 0.292 0.104 0.090 0.162 0.202 0.091 
 39    (0)   :  0.005 0.009 0.039 0.069 0.130 0.142 0.213 0.260 0.133 
 40    (0)   :  0.005 0.005 0.016 0.040 0.102 0.134 0.467 0.107 0.124 
 41    (0)   :  0.007 0.009 0.037 0.047 0.074 0.121 0.420 0.204 0.082 
 42    (0)   :  0.005 0.005 0.020 0.099 0.065 0.073 0.393 0.105 0.235 
 43    (0)   :  0.009 0.008 0.019 0.028 0.135 0.110 0.410 0.146 0.136 
 44    (0)   :  0.004 0.007 0.017 0.024 0.130 0.146 0.426 0.161 0.084 
 45    (0)   :  0.004 0.007 0.034 0.094 0.190 0.091 0.343 0.150 0.088 
 46    (0)   :  0.004 0.010 0.021 0.035 0.144 0.222 0.210 0.229 0.125 
 47    (0)   :  0.011 0.015 0.030 0.027 0.147 0.247 0.179 0.185 0.159 
 48    (0)   :  0.004 0.008 0.019 0.030 0.148 0.142 0.419 0.137 0.092 
 49    (0)   :  0.005 0.011 0.041 0.042 0.125 0.163 0.304 0.171 0.138 
 50    (0)   :  0.040 0.010 0.026 0.036 0.129 0.217 0.134 0.287 0.120 
 51    (0)   :  0.006 0.005 0.017 0.078 0.082 0.060 0.581 0.092 0.080 
 52    (0)   :  0.004 0.011 0.039 0.046 0.079 0.151 0.258 0.269 0.143 
 53    (0)   :  0.013 0.008 0.022 0.172 0.081 0.153 0.189 0.229 0.132 
 54    (0)   :  0.005 0.009 0.028 0.022 0.240 0.147 0.248 0.139 0.161 
 55    (0)   :  0.004 0.007 0.019 0.028 0.199 0.104 0.394 0.125 0.119 
 56    (0)   :  0.004 0.007 0.026 0.052 0.164 0.152 0.309 0.142 0.145 
 57    (0)   :  0.013 0.014 0.031 0.037 0.087 0.276 0.102 0.172 0.270 
 58    (0)   :  0.005 0.007 0.033 0.043 0.139 0.109 0.398 0.148 0.119 
 59    (0)   :  0.004 0.009 0.057 0.127 0.138 0.097 0.293 0.149 0.125 
 60    (0)   :  0.010 0.005 0.016 0.048 0.090 0.084 0.486 0.111 0.151 
 61    (0)   :  0.005 0.006 0.018 0.023 0.228 0.068 0.365 0.106 0.182 
 62    (0)   :  0.004 0.013 0.072 0.038 0.226 0.168 0.123 0.194 0.162 
 63    (0)   :  0.004 0.005 0.021 0.048 0.149 0.087 0.290 0.224 0.171 
 64    (0)   :  0.004 0.007 0.029 0.063 0.178 0.251 0.137 0.225 0.106 
 65    (0)   :  0.004 0.007 0.035 0.036 0.235 0.133 0.108 0.351 0.092 
 66    (0)   :  0.012 0.006 0.025 0.035 0.256 0.093 0.163 0.173 0.237 
 67    (0)   :  0.005 0.008 0.019 0.023 0.223 0.102 0.375 0.145 0.101 
 68    (0)   :  0.005 0.009 0.046 0.136 0.119 0.092 0.307 0.139 0.146 
 69    (0)   :  0.251 0.010 0.048 0.164 0.096 0.092 0.115 0.134 0.090 
 70    (0)   :  0.010 0.005 0.022 0.079 0.068 0.070 0.435 0.191 0.120 
 71    (0)   :  0.007 0.009 0.050 0.109 0.167 0.090 0.337 0.150 0.080 
 72    (0)   :  0.007 0.006 0.016 0.054 0.089 0.209 0.328 0.199 0.093 
 73    (0)   :  0.008 0.009 0.051 0.036 0.282 0.083 0.289 0.150 0.093 
 74    (0)   :  0.004 0.005 0.015 0.119 0.084 0.086 0.433 0.110 0.145 
 75    (0)   :  0.008 0.005 0.017 0.087 0.090 0.078 0.471 0.089 0.154 
 76    (0)   :  0.005 0.006 0.018 0.035 0.142 0.100 0.332 0.249 0.114 
 77    (0)   :  0.004 0.008 0.043 0.128 0.135 0.080 0.301 0.215 0.087 
 78    (0)   :  0.005 0.010 0.047 0.230 0.106 0.079 0.251 0.181 0.091 
 79    (0)   :  0.005 0.005 0.025 0.049 0.165 0.212 0.090 0.320 0.127 
 80    (0)   :  0.005 0.005 0.024 0.034 0.111 0.089 0.101 0.167 0.463 
 81    (0)   :  0.005 0.005 0.029 0.040 0.125 0.109 0.080 0.221 0.386 
 82    (0)   :  0.005 0.006 0.030 0.037 0.187 0.129 0.248 0.167 0.191 
 83    (0)   :  0.006 0.005 0.021 0.084 0.130 0.103 0.118 0.238 0.294 
 84    (0)   :  0.005 0.005 0.022 0.054 0.121 0.125 0.095 0.295 0.278 
 85    (0)   :  0.006 0.005 0.015 0.097 0.118 0.159 0.113 0.174 0.313 
 86    (0)   :  0.005 0.008 0.030 0.033 0.272 0.146 0.208 0.180 0.119 
 87    (0)   :  0.013 0.006 0.043 0.081 0.136 0.119 0.137 0.332 0.133 
 88    (0)   :  0.005 0.005 0.023 0.037 0.152 0.130 0.140 0.211 0.295 
 89    (0)   :  0.015 0.006 0.021 0.035 0.181 0.114 0.114 0.182 0.331 
 90    (0)   :  0.005 0.005 0.035 0.046 0.190 0.129 0.097 0.343 0.150 
 91    (0)   :  0.006 0.005 0.015 0.085 0.095 0.105 0.121 0.148 0.421 
 92    (0)   :  0.005 0.005 0.022 0.042 0.188 0.192 0.122 0.241 0.183 
 93    (0)   :  0.024 0.005 0.016 0.028 0.085 0.091 0.115 0.110 0.525 
 94    (0)   :  0.006 0.005 0.064 0.152 0.073 0.087 0.111 0.380 0.123 
 95    (0)   :  0.005 0.005 0.041 0.042 0.160 0.093 0.112 0.299 0.244 
 96    (0)   :  0.005 0.005 0.018 0.027 0.193 0.071 0.328 0.111 0.242 
 97    (0)   :  0.005 0.006 0.016 0.121 0.129 0.094 0.338 0.099 0.193 
 98    (0)   :  0.004 0.005 0.018 0.034 0.196 0.131 0.319 0.169 0.124 
 99    (0)   :  0.005 0.005 0.026 0.049 0.155 0.117 0.084 0.302 0.258 
100    (0)   :  0.005 0.005 0.016 0.025 0.183 0.076 0.125 0.095 0.470 
101    (0)   :  0.051 0.006 0.028 0.074 0.158 0.126 0.180 0.225 0.151 
102    (0)   :  0.006 0.007 0.037 0.074 0.097 0.082 0.187 0.181 0.329 
103    (0)   :  0.026 0.007 0.026 0.032 0.384 0.073 0.092 0.187 0.175 
104    (0)   :  0.011 0.006 0.056 0.032 0.180 0.097 0.082 0.392 0.145 
105    (0)   :  0.028 0.012 0.075 0.028 0.255 0.083 0.102 0.240 0.177 
106    (0)   :  0.004 0.005 0.035 0.060 0.121 0.118 0.098 0.483 0.075 
107    (0)   :  0.016 0.015 0.045 0.032 0.259 0.080 0.104 0.269 0.180 
108    (0)   :  0.006 0.005 0.015 0.197 0.363 0.080 0.115 0.108 0.111 
109    (0)   :  0.009 0.012 0.170 0.079 0.158 0.115 0.112 0.266 0.077 
110    (0)   :  0.007 0.007 0.049 0.055 0.089 0.101 0.094 0.517 0.080 
111    (0)   :  0.007 0.009 0.137 0.030 0.176 0.084 0.089 0.355 0.115 
112    (0)   :  0.005 0.011 0.265 0.045 0.075 0.075 0.129 0.309 0.086 
113    (0)   :  0.009 0.007 0.023 0.052 0.326 0.119 0.164 0.167 0.133 
114    (0)   :  0.011 0.006 0.087 0.029 0.175 0.085 0.082 0.351 0.173 
115    (0)   :  0.006 0.020 0.052 0.037 0.148 0.105 0.223 0.290 0.118 
116    (0)   :  0.004 0.007 0.045 0.083 0.132 0.122 0.226 0.305 0.076 
117    (0)   :  0.010 0.018 0.088 0.051 0.087 0.111 0.132 0.409 0.095 
118    (0)   :  0.004 0.007 0.059 0.035 0.430 0.093 0.100 0.163 0.108 
119    (0)   :  0.006 0.005 0.017 0.067 0.130 0.068 0.294 0.162 0.251 
120    (0)   :  0.007 0.015 0.084 0.036 0.165 0.099 0.152 0.303 0.138 
121    (0)   :  0.012 0.098 0.085 0.044 0.120 0.093 0.207 0.256 0.085 
122    (0)   :  0.009 0.006 0.055 0.049 0.158 0.112 0.094 0.419 0.098 
123    (0)   :  0.009 0.008 0.070 0.063 0.171 0.085 0.111 0.352 0.131 
124    (0)   :  0.006 0.021 0.057 0.055 0.182 0.134 0.189 0.262 0.095 
125    (0)   :  0.006 0.009 0.057 0.082 0.085 0.170 0.212 0.282 0.097 
126    (0)   :  0.005 0.004 0.033 0.063 0.116 0.086 0.234 0.330 0.130 
127    (0)   :  0.005 0.012 0.121 0.028 0.187 0.071 0.098 0.356 0.122 
128    (0)   :  0.004 0.006 0.037 0.025 0.453 0.098 0.112 0.160 0.106 
129    (0)   :  0.018 0.009 0.040 0.030 0.398 0.088 0.094 0.238 0.084 
130    (0)   :  0.013 0.019 0.084 0.032 0.185 0.087 0.077 0.328 0.176 
131    (0)   :  0.018 0.032 0.051 0.189 0.119 0.097 0.164 0.253 0.077 
132    (0)   :  0.008 0.006 0.037 0.048 0.257 0.101 0.095 0.369 0.079 
133    (0)   :  0.014 0.011 0.049 0.038 0.276 0.091 0.101 0.291 0.129 
134    (0)   :  0.004 0.005 0.110 0.038 0.096 0.083 0.076 0.524 0.066 
135    (0)   :  0.005 0.006 0.024 0.040 0.111 0.077 0.265 0.088 0.383 
136    (0)   :  0.009 0.006 0.018 0.031 0.079 0.151 0.100 0.088 0.518 
137    (0)   :  0.011 0.011 0.031 0.031 0.064 0.093 0.098 0.110 0.552 
138    (0)   :  0.006 0.005 0.014 0.040 0.067 0.080 0.113 0.090 0.586 
139    (0)   :  0.010 0.005 0.017 0.035 0.299 0.095 0.174 0.104 0.262 
140    (0)   :  0.014 0.006 0.018 0.043 0.112 0.104 0.221 0.147 0.335 
141    (0)   :  0.040 0.006 0.017 0.047 0.101 0.166 0.117 0.109 0.396 
142    (0)   :  0.013 0.006 0.022 0.035 0.138 0.070 0.272 0.089 0.354 
143    (0)   :  0.005 0.004 0.013 0.026 0.065 0.071 0.102 0.076 0.638 
144    (0)   :  0.005 0.011 0.031 0.029 0.064 0.081 0.102 0.105 0.572 
145    (0)   :  0.011 0.006 0.020 0.045 0.106 0.189 0.170 0.106 0.347 
146    (0)   :  0.011 0.007 0.019 0.044 0.093 0.147 0.145 0.157 0.377 
147    (0)   :  0.008 0.005 0.014 0.027 0.060 0.083 0.088 0.080 0.636 
148    (0)   :  0.043 0.006 0.023 0.031 0.125 0.131 0.155 0.119 0.368 
149    (0)   :  0.200 0.005 0.016 0.037 0.096 0.088 0.246 0.089 0.223 
150    (0)   :  0.012 0.012 0.035 0.029 0.102 0.106 0.119 0.154 0.431 
151    (0)   :  0.005 0.005 0.016 0.026 0.086 0.084 0.123 0.104 0.550 
152    (0)   :  0.015 0.006 0.021 0.061 0.105 0.130 0.176 0.107 0.379 
153    (0)   :  0.012 0.005 0.016 0.038 0.069 0.088 0.206 0.113 0.453 
154    (0)   :  0.268 0.006 0.017 0.030 0.102 0.146 0.162 0.085 0.183 
155    (0)   :  0.006 0.005 0.015 0.025 0.084 0.075 0.091 0.104 0.597 
156    (0)   :  0.005 0.005 0.019 0.024 0.091 0.062 0.232 0.094 0.468 
157    (0)   :  0.010 0.005 0.020 0.039 0.077 0.076 0.088 0.178 0.508 
158    (0)   :  0.010 0.006 0.020 0.049 0.084 0.193 0.159 0.102 0.375 
159    (0)   :  0.106 0.006 0.016 0.029 0.075 0.082 0.088 0.082 0.518 
160    (0)   :  0.105 0.006 0.016 0.029 0.089 0.088 0.087 0.081 0.497 
161    (0)   :  0.010 0.005 0.017 0.043 0.088 0.109 0.208 0.127 0.394 
162    (0)   :  0.011 0.008 0.019 0.041 0.122 0.154 0.138 0.156 0.351 
163    (0)   :  0.005 0.005 0.015 0.025 0.069 0.068 0.151 0.093 0.569 
164    (0)   :  0.162 0.008 0.016 0.033 0.149 0.147 0.104 0.136 0.245 
165    (0)   :  0.005 0.013 0.035 0.029 0.082 0.095 0.121 0.143 0.476 
166    (0)   :  0.162 0.005 0.017 0.082 0.111 0.071 0.135 0.142 0.274 
167    (0)   :  0.333 0.008 0.015 0.033 0.065 0.194 0.073 0.097 0.182 
168    (0)   :  0.006 0.005 0.014 0.086 0.073 0.088 0.150 0.101 0.476 
169    (0)   :  0.010 0.007 0.022 0.150 0.076 0.181 0.165 0.099 0.290 
170    (0)   :  0.005 0.005 0.015 0.028 0.112 0.081 0.266 0.102 0.385 
171    (0)   :  0.008 0.005 0.015 0.067 0.126 0.135 0.127 0.112 0.404 
172    (0)   :  0.033 0.005 0.018 0.098 0.082 0.083 0.325 0.085 0.271 
173    (0)   :  0.008 0.005 0.014 0.026 0.109 0.081 0.087 0.083 0.587 
174    (0)   :  0.009 0.005 0.015 0.028 0.085 0.095 0.087 0.109 0.565 
175    (0)   :  0.005 0.005 0.014 0.028 0.070 0.132 0.130 0.087 0.529 
176    (0)   :  0.006 0.012 0.030 0.029 0.064 0.080 0.104 0.106 0.570 
177    (0)   :  0.011 0.006 0.021 0.061 0.082 0.093 0.117 0.203 0.407 
178    (0)   :  0.011 0.006 0.016 0.029 0.096 0.163 0.084 0.122 0.474 
179    (0)   :  0.020 0.005 0.012 0.026 0.081 0.079 0.078 0.082 0.618 
180    (0)   :  0.030 0.008 0.018 0.044 0.077 0.149 0.160 0.114 0.400 
181    (0)   :  0.009 0.006 0.018 0.040 0.121 0.103 0.190 0.097 0.415 
182    (0)   :  0.005 0.006 0.016 0.027 0.120 0.095 0.136 0.078 0.516 
183    (0)   :  0.008 0.005 0.013 0.026 0.084 0.083 0.098 0.082 0.600 
184    (0)   :  0.004 0.006 0.016 0.031 0.479 0.126 0.096 0.130 0.112 
185    (0)   :  0.005 0.006 0.016 0.022 0.068 0.060 0.228 0.068 0.529 
186    (0)   :  0.004 0.005 0.017 0.026 0.431 0.120 0.104 0.183 0.109 
187    (0)   :  0.006 0.004 0.015 0.028 0.336 0.096 0.095 0.108 0.312 
188    (0)   :  0.004 0.005 0.015 0.023 0.530 0.101 0.090 0.144 0.087 
189    (0)   :  0.005 0.005 0.014 0.080 0.124 0.163 0.185 0.139 0.285 
190    (0)   :  0.004 0.005 0.018 0.022 0.185 0.055 0.366 0.072 0.273 
191    (0)   :  0.005 0.005 0.017 0.025 0.520 0.091 0.078 0.105 0.156 
192    (0)   :  0.004 0.005 0.017 0.027 0.316 0.099 0.098 0.149 0.285 
193    (0)   :  0.005 0.005 0.020 0.032 0.252 0.136 0.148 0.138 0.265 
194    (0)   :  0.006 0.005 0.016 0.028 0.255 0.104 0.210 0.134 0.240 
195    (0)   :  0.005 0.005 0.013 0.022 0.267 0.068 0.195 0.075 0.350 
196    (0)   :  0.004 0.005 0.019 0.027 0.318 0.065 0.213 0.098 0.250 
197    (0)   :  0.006 0.005 0.019 0.028 0.217 0.173 0.136 0.187 0.229 
198    (0)   :  0.005 0.004 0.016 0.040 0.183 0.165 0.188 0.193 0.205 
199    (0)   :  0.004 0.005 0.019 0.033 0.183 0.082 0.399 0.096 0.177 
200    (0)   :  0.004 0.006 0.024 0.044 0.283 0.092 0.192 0.117 0.237 
201    (0)   :  0.005 0.004 0.014 0.023 0.228 0.078 0.111 0.088 0.449 
202    (0)   :  0.005 0.004 0.017 0.023 0.118 0.073 0.287 0.088 0.384 
203    (0)   :  0.005 0.005 0.016 0.023 0.292 0.066 0.095 0.081 0.418 
204    (0)   :  0.005 0.005 0.015 0.023 0.430 0.063 0.177 0.079 0.204 
205    (0)   :  0.005 0.004 0.016 0.033 0.402 0.084 0.175 0.106 0.175 
206    (0)   :  0.005 0.005 0.014 0.022 0.464 0.086 0.109 0.080 0.215 
207    (0)   :  0.004 0.005 0.020 0.022 0.458 0.072 0.178 0.096 0.144 
208    (0)   :  0.005 0.004 0.015 0.023 0.362 0.071 0.115 0.092 0.312 
209    (0)   :  0.005 0.005 0.019 0.025 0.386 0.103 0.126 0.119 0.213 
210    (0)   :  0.005 0.004 0.015 0.022 0.458 0.070 0.109 0.096 0.220 
211    (0)   :  0.004 0.007 0.044 0.023 0.251 0.080 0.239 0.111 0.241 
212    (0)   :  0.005 0.004 0.015 0.026 0.110 0.105 0.210 0.093 0.432 
213    (0)   :  0.005 0.005 0.021 0.036 0.223 0.077 0.320 0.157 0.155 
214    (0)   :  0.004 0.005 0.017 0.023 0.188 0.075 0.139 0.091 0.459 
215    (0)   :  0.004 0.005 0.018 0.030 0.539 0.071 0.094 0.101 0.138 
216    (0)   :  0.004 0.006 0.017 0.033 0.346 0.163 0.132 0.153 0.145 
217    (0)   :  0.005 0.005 0.015 0.030 0.217 0.082 0.149 0.088 0.410 
218    (0)   :  0.005 0.005 0.017 0.032 0.462 0.080 0.095 0.112 0.193 
219    (0)   :  0.005 0.007 0.015 0.044 0.208 0.175 0.117 0.130 0.299 
220    (0)   :  0.004 0.004 0.015 0.022 0.560 0.067 0.087 0.088 0.153 
221    (0)   :  0.004 0.005 0.015 0.022 0.096 0.064 0.313 0.074 0.408 
222    (0)   :  0.005 0.006 0.015 0.033 0.252 0.210 0.125 0.153 0.201 
223    (0)   :  0.006 0.005 0.015 0.035 0.221 0.116 0.115 0.119 0.368 
224    (0)   :  0.006 0.005 0.014 0.023 0.342 0.084 0.101 0.083 0.342 
225    (0)   :  0.005 0.005 0.015 0.027 0.370 0.080 0.190 0.098 0.211 
226    (0)   :  0.006 0.006 0.019 0.118 0.289 0.115 0.112 0.121 0.214 
227    (0)   :  0.006 0.005 0.017 0.023 0.224 0.077 0.294 0.096 0.256 
228    (0)   :  0.005 0.006 0.018 0.022 0.210 0.064 0.280 0.069 0.326 
229    (0)   :  0.005 0.005 0.015 0.022 0.337 0.078 0.084 0.092 0.363 
230    (0)   :  0.005 0.005 0.016 0.022 0.415 0.069 0.092 0.088 0.290 
231    (0)   :  0.005 0.005 0.015 0.025 0.327 0.111 0.087 0.099 0.326 
232    (0)   :  0.005 0.005 0.019 0.044 0.180 0.101 0.274 0.140 0.231 
233    (0)   :  0.004 0.005 0.016 0.023 0.184 0.075 0.099 0.090 0.503 
234    (0)   :  0.004 0.004 0.017 0.030 0.295 0.139 0.099 0.156 0.254 
235    (0)   :  0.005 0.005 0.015 0.039 0.230 0.105 0.160 0.116 0.324 
236    (0)   :  0.004 0.005 0.017 0.028 0.255 0.095 0.104 0.109 0.383 
237    (0)   :  0.005 0.005 0.021 0.025 0.403 0.090 0.204 0.096 0.153 
238    (0)   :  0.004 0.005 0.017 0.023 0.180 0.082 0.152 0.117 0.420 
239    (0)   :  0.005 0.004 0.013 0.023 0.267 0.068 0.196 0.074 0.349 
240    (0)   :  0.004 0.005 0.017 0.023 0.181 0.082 0.150 0.117 0.421 
241    (0)   :  0.005 0.005 0.015 0.030 0.159 0.085 0.197 0.090 0.414 
242    (0)   :  0.006 0.005 0.014 0.044 0.306 0.114 0.154 0.117 0.239 
243    (0)   :  0.004 0.005 0.021 0.022 0.337 0.061 0.205 0.080 0.266 
244    (0)   :  0.004 0.005 0.016 0.022 0.337 0.069 0.099 0.084 0.365 
245    (0)   :  0.005 0.004 0.014 0.023 0.108 0.070 0.192 0.097 0.487 
246    (0)   :  0.005 0.005 0.015 0.030 0.217 0.081 0.150 0.089 0.409 
247    (0)   :  0.004 0.004 0.020 0.049 0.360 0.086 0.142 0.235 0.100 
248    (0)   :  0.004 0.004 0.019 0.026 0.522 0.083 0.116 0.111 0.114 
249    (0)   :  0.004 0.005 0.017 0.023 0.278 0.075 0.131 0.097 0.369 
250    (0)   :  0.004 0.005 0.017 0.027 0.346 0.092 0.094 0.114 0.302 
251    (0)   :  0.005 0.005 0.023 0.071 0.303 0.129 0.128 0.154 0.182 
252    (0)   :  0.005 0.004 0.014 0.028 0.286 0.094 0.182 0.103 0.283 
253    (0)   :  0.004 0.005 0.019 0.044 0.242 0.113 0.280 0.154 0.139 
254    (0)   :  0.005 0.006 0.015 0.026 0.317 0.162 0.120 0.132 0.218 
255    (0)   :  0.005 0.005 0.017 0.026 0.297 0.127 0.115 0.131 0.278 
256    (0)   :  0.004 0.005 0.017 0.027 0.251 0.087 0.192 0.099 0.318 
257    (0)   :  0.007 0.010 0.019 0.030 0.366 0.103 0.131 0.116 0.218 
258    (0)   :  0.005 0.005 0.020 0.032 0.285 0.103 0.218 0.146 0.187 
259    (0)   :  0.005 0.005 0.016 0.026 0.437 0.094 0.107 0.104 0.205 
260    (0)   :  0.005 0.005 0.015 0.027 0.184 0.170 0.099 0.147 0.346 
261    (0)   :  0.005 0.004 0.014 0.029 0.192 0.092 0.212 0.095 0.357 
262    (0)   :  0.004 0.004 0.015 0.028 0.169 0.064 0.302 0.075 0.338 
263    (0)   :  0.004 0.006 0.015 0.022 0.504 0.097 0.109 0.104 0.139 
264    (0)   :  0.004 0.006 0.017 0.033 0.269 0.252 0.116 0.209 0.093 
265    (0)   :  0.005 0.004 0.015 0.036 0.345 0.106 0.103 0.114 0.272 
266    (0)   :  0.004 0.004 0.015 0.022 0.109 0.063 0.245 0.075 0.463 
267    (0)   :  0.005 0.005 0.022 0.025 0.250 0.129 0.159 0.122 0.284 
268    (0)   :  0.004 0.005 0.019 0.028 0.319 0.066 0.210 0.098 0.251 
269    (0)   :  0.005 0.005 0.015 0.057 0.222 0.161 0.100 0.144 0.292 
270    (0)   :  0.009 0.006 0.017 0.028 0.405 0.138 0.109 0.146 0.141 
271    (0)   :  0.004 0.005 0.020 0.035 0.418 0.091 0.131 0.121 0.175 
272    (0)   :  0.006 0.006 0.023 0.116 0.334 0.091 0.129 0.113 0.183 
273    (0)   :  0.041 0.024 0.031 0.048 0.216 0.133 0.108 0.156 0.243 
274    (0)   :  0.005 0.005 0.017 0.046 0.368 0.115 0.112 0.131 0.202 
275    (0)   :  0.021 0.008 0.021 0.047 0.377 0.111 0.099 0.108 0.209 
276    (0)   :  0.005 0.007 0.027 0.088 0.287 0.097 0.220 0.119 0.151 
277    (0)   :  0.005 0.005 0.015 0.034 0.255 0.129 0.117 0.122 0.320 
278    (0)   :  0.004 0.004 0.019 0.032 0.485 0.072 0.113 0.098 0.172 
279    (0)   :  0.004 0.005 0.016 0.034 0.340 0.109 0.124 0.117 0.251 
280    (0)   :  0.005 0.005 0.015 0.054 0.280 0.132 0.164 0.119 0.226 
281    (0)   :  0.004 0.005 0.018 0.035 0.363 0.105 0.120 0.147 0.204 
282    (0)   :  0.004 0.004 0.015 0.029 0.181 0.109 0.092 0.115 0.450 
283    (0)   :  0.005 0.004 0.015 0.023 0.189 0.077 0.106 0.102 0.479 
284    (0)   :  0.008 0.005 0.021 0.029 0.295 0.094 0.121 0.135 0.291 
285    (0)   :  0.004 0.004 0.019 0.039 0.497 0.080 0.151 0.121 0.084 
286    (0)   :  0.005 0.005 0.016 0.023 0.338 0.069 0.099 0.084 0.362 
287    (0)   :  0.005 0.005 0.016 0.049 0.266 0.129 0.109 0.155 0.265 
288    (0)   :  0.005 0.006 0.018 0.078 0.437 0.088 0.092 0.107 0.168 
289    (0)   :  0.008 0.008 0.023 0.054 0.444 0.085 0.106 0.129 0.145 
290    (0)   :  0.004 0.007 0.024 0.032 0.244 0.128 0.255 0.137 0.168 
291    (0)   :  0.005 0.005 0.019 0.035 0.418 0.090 0.131 0.123 0.174 
292    (0)   :  0.005 0.004 0.014 0.054 0.174 0.111 0.297 0.103 0.238 
293    (0)   :  0.004 0.006 0.023 0.033 0.192 0.174 0.260 0.174 0.133 
294    (0)   :  0.005 0.006 0.015 0.026 0.450 0.096 0.179 0.103 0.120 
295    (0)   :  0.014 0.006 0.028 0.077 0.226 0.118 0.253 0.126 0.151 
296    (0)   :  0.005 0.005 0.019 0.032 0.499 0.068 0.102 0.104 0.166 
297    (0)   :  0.005 0.005 0.015 0.052 0.352 0.136 0.138 0.127 0.170 
298    (0)   :  0.005 0.004 0.015 0.028 0.261 0.109 0.086 0.124 0.368 
299    (0)   :  0.005 0.006 0.014 0.022 0.463 0.125 0.092 0.112 0.161 
300    (0)   :  0.004 0.005 0.016 0.032 0.513 0.078 0.144 0.099 0.109 
301    (0)   :  0.008 0.006 0.017 0.035 0.403 0.153 0.104 0.133 0.141 
302    (0)   :  0.010 0.006 0.018 0.029 0.415 0.093 0.204 0.100 0.125 
303    (0)   :  0.005 0.005 0.016 0.033 0.269 0.093 0.147 0.101 0.331 
304    (0)   :  0.009 0.006 0.019 0.025 0.117 0.168 0.094 0.191 0.371 
305    (0)   :  0.010 0.005 0.015 0.029 0.348 0.072 0.183 0.079 0.259 
306    (0)   :  0.005 0.005 0.015 0.037 0.187 0.099 0.158 0.102 0.393 
307    (0)   :  0.005 0.006 0.017 0.034 0.296 0.126 0.127 0.119 0.269 
308    (0)   :  0.005 0.004 0.014 0.030 0.191 0.094 0.211 0.095 0.358 
309    (0)   :  0.021 0.017 0.028 0.029 0.492 0.069 0.092 0.107 0.145 
310    (0)   :  0.004 0.005 0.017 0.022 0.298 0.071 0.178 0.085 0.321 
311    (0)   :  0.004 0.005 0.016 0.022 0.414 0.069 0.092 0.087 0.292 
312    (0)   :  0.005 0.004 0.016 0.022 0.546 0.060 0.102 0.094 0.151 
313    (0)   :  0.005 0.005 0.017 0.026 0.469 0.072 0.212 0.088 0.106 
314    (0)   :  0.032 0.005 0.015 0.032 0.062 0.071 0.164 0.075 0.544 
315    (0)   :  0.036 0.004 0.013 0.050 0.064 0.074 0.160 0.089 0.508 
316    (0)   :  0.101 0.006 0.015 0.073 0.066 0.091 0.091 0.097 0.460 
317    (0)   :  0.031 0.005 0.016 0.033 0.061 0.076 0.091 0.079 0.609 
318    (0)   :  0.083 0.005 0.014 0.034 0.060 0.083 0.069 0.081 0.571 
319    (0)   :  0.005 0.004 0.013 0.026 0.066 0.074 0.095 0.077 0.640 
320    (0)   :  0.033 0.005 0.016 0.031 0.063 0.071 0.164 0.075 0.543 
321    (0)   :  0.082 0.005 0.015 0.034 0.060 0.083 0.089 0.081 0.549 
322    (0)   :  0.033 0.007 0.017 0.070 0.069 0.083 0.137 0.093 0.492 
323    (0)   :  0.028 0.011 0.014 0.029 0.063 0.087 0.075 0.081 0.613 
324    (0)   :  0.078 0.005 0.015 0.034 0.061 0.084 0.089 0.082 0.554 
325    (0)   :  0.134 0.005 0.014 0.071 0.062 0.083 0.086 0.094 0.451 
326    (0)   :  0.369 0.005 0.014 0.053 0.062 0.081 0.086 0.091 0.237 
327    (0)   :  0.032 0.005 0.016 0.033 0.061 0.076 0.092 0.078 0.607 
328    (0)   :  0.035 0.005 0.014 0.058 0.070 0.084 0.127 0.095 0.513 
329    (0)   :  0.009 0.004 0.013 0.027 0.059 0.077 0.073 0.079 0.660 
330    (0)   :  0.031 0.005 0.016 0.033 0.061 0.076 0.091 0.078 0.607 
331    (0)   :  0.019 0.005 0.013 0.028 0.065 0.078 0.073 0.079 0.641 
332    (0)   :  0.360 0.007 0.014 0.053 0.062 0.085 0.085 0.092 0.243 
333    (0)   :  0.271 0.006 0.014 0.051 0.073 0.080 0.099 0.091 0.316 
334    (0)   :  0.034 0.005 0.014 0.058 0.070 0.084 0.128 0.094 0.514 
335    (0)   :  0.013 0.005 0.014 0.054 0.062 0.075 0.129 0.091 0.557 
336    (0)   :  0.308 0.007 0.014 0.028 0.061 0.082 0.125 0.079 0.295 
337    (0)   :  0.127 0.005 0.015 0.071 0.063 0.085 0.115 0.093 0.425 
338    (0)   :  0.307 0.005 0.013 0.031 0.061 0.088 0.073 0.082 0.340 
339    (0)   :  0.021 0.004 0.013 0.027 0.065 0.078 0.072 0.079 0.640 
340    (0)   :  0.009 0.004 0.013 0.026 0.064 0.070 0.076 0.075 0.663 
341    (0)   :  0.150 0.009 0.015 0.029 0.067 0.084 0.078 0.080 0.489 
342    (0)   :  0.031 0.005 0.015 0.034 0.061 0.075 0.092 0.079 0.608 
343    (0)   :  0.043 0.010 0.015 0.049 0.061 0.081 0.223 0.089 0.428 
344    (0)   :  0.019 0.004 0.013 0.027 0.059 0.078 0.070 0.079 0.650 
345    (0)   :  0.032 0.005 0.015 0.033 0.061 0.076 0.092 0.079 0.606 
346    (0)   :  0.032 0.005 0.015 0.033 0.061 0.075 0.073 0.078 0.628 
347    (0)   :  0.008 0.004 0.013 0.026 0.059 0.070 0.074 0.076 0.670 
348    (0)   :  0.012 0.004 0.014 0.045 0.063 0.068 0.230 0.084 0.479 
349    (0)   :  0.030 0.005 0.015 0.033 0.061 0.077 0.092 0.078 0.608 
350    (0)   :  0.008 0.004 0.013 0.025 0.068 0.076 0.127 0.076 0.602 
351    (0)   :  0.013 0.004 0.014 0.055 0.062 0.074 0.130 0.090 0.558 
352    (0)   :  0.049 0.005 0.016 0.073 0.065 0.077 0.125 0.091 0.499 
353    (0)   :  0.309 0.007 0.013 0.028 0.061 0.081 0.125 0.079 0.296 
354    (0)   :  0.039 0.007 0.015 0.029 0.063 0.085 0.074 0.082 0.606 
355    (0)   :  0.084 0.005 0.014 0.033 0.060 0.083 0.070 0.081 0.571 
356    (0)   :  0.005 0.004 0.014 0.044 0.063 0.067 0.254 0.083 0.466 
357    (0)   :  0.006 0.004 0.015 0.098 0.076 0.151 0.094 0.146 0.411 
358    (0)   :  0.245 0.005 0.014 0.051 0.062 0.083 0.090 0.092 0.358 
359    (0)   :  0.190 0.005 0.013 0.028 0.068 0.084 0.077 0.081 0.454 
360    (0)   :  0.034 0.005 0.015 0.033 0.061 0.074 0.073 0.078 0.628 
361    (0)   :  0.006 0.005 0.016 0.095 0.078 0.156 0.134 0.145 0.366 
362    (0)   :  0.012 0.006 0.019 0.124 0.240 0.115 0.118 0.241 0.124 
363    (0)   :  0.007 0.007 0.025 0.070 0.168 0.150 0.117 0.359 0.097 
364    (0)   :  0.009 0.011 0.025 0.042 0.100 0.293 0.138 0.139 0.244 
365    (0)   :  0.009 0.013 0.035 0.085 0.114 0.265 0.120 0.250 0.110 
366    (0)   :  0.007 0.007 0.021 0.071 0.154 0.177 0.245 0.156 0.163 
367    (0)   :  0.005 0.005 0.055 0.089 0.087 0.096 0.079 0.504 0.080 
368    (0)   :  0.005 0.005 0.022 0.040 0.259 0.191 0.097 0.254 0.127 
369    (0)   :  0.015 0.007 0.022 0.037 0.103 0.171 0.332 0.155 0.158 
370    (0)   :  0.021 0.016 0.040 0.039 0.270 0.146 0.112 0.230 0.126 
371    (0)   :  0.022 0.011 0.024 0.032 0.203 0.222 0.143 0.190 0.155 
372    (0)   :  0.025 0.033 0.045 0.043 0.312 0.129 0.105 0.164 0.144 
373    (0)   :  0.005 0.005 0.041 0.039 0.115 0.146 0.129 0.334 0.187 
374    (0)   :  0.007 0.010 0.041 0.074 0.117 0.163 0.124 0.205 0.260 
375    (0)   :  0.009 0.013 0.028 0.039 0.146 0.242 0.084 0.346 0.095 
376    (0)   :  0.007 0.074 0.021 0.084 0.068 0.255 0.092 0.309 0.089 
377    (0)   :  0.017 0.007 0.022 0.097 0.263 0.170 0.117 0.181 0.125 
378    (0)   :  0.013 0.005 0.093 0.040 0.109 0.090 0.102 0.303 0.244 
379    (0)   :  0.011 0.127 0.029 0.069 0.083 0.196 0.097 0.307 0.079 
380    (0)   :  0.011 0.009 0.018 0.180 0.096 0.176 0.188 0.124 0.197 
381    (0)   :  0.006 0.007 0.017 0.045 0.066 0.292 0.256 0.162 0.148 
382    (0)   :  0.009 0.005 0.019 0.048 0.111 0.246 0.076 0.376 0.109 
383    (0)   :  0.196 0.009 0.017 0.154 0.120 0.176 0.084 0.118 0.125 
384    (0)   :  0.068 0.034 0.030 0.045 0.093 0.272 0.085 0.215 0.157 
385    (0)   :  0.120 0.013 0.171 0.033 0.097 0.201 0.079 0.139 0.148 
386    (0)   :  0.004 0.004 0.021 0.078 0.116 0.158 0.104 0.414 0.099 
387    (0)   :  0.005 0.005 0.025 0.066 0.094 0.205 0.112 0.367 0.121 
388    (0)   :  0.012 0.016 0.044 0.045 0.118 0.232 0.087 0.200 0.245 
389    (0)   :  0.018 0.013 0.077 0.032 0.322 0.128 0.167 0.133 0.110 
390    (0)   :  0.020 0.020 0.044 0.091 0.088 0.107 0.218 0.325 0.087 
391    (0)   :  0.011 0.016 0.100 0.053 0.135 0.118 0.208 0.216 0.141 
392    (0)   :  0.005 0.006 0.021 0.057 0.110 0.213 0.115 0.284 0.188 
393    (0)   :  0.008 0.007 0.018 0.206 0.071 0.172 0.225 0.136 0.157 
394    (0)   :  0.015 0.005 0.025 0.097 0.108 0.120 0.097 0.262 0.272 
395    (0)   :  0.004 0.004 0.020 0.146 0.248 0.083 0.187 0.198 0.110 
396    (0)   :  0.004 0.005 0.022 0.034 0.138 0.210 0.088 0.417 0.083 
397    (0)   :  0.005 0.046 0.015 0.029 0.218 0.225 0.131 0.131 0.200 
398    (0)   :  0.005 0.031 0.026 0.222 0.078 0.122 0.107 0.322 0.086 
399    (0)   :  0.010 0.006 0.070 0.076 0.124 0.084 0.138 0.386 0.106 
400    (0)   :  0.005 0.006 0.025 0.042 0.068 0.181 0.135 0.401 0.137 
401    (0)   :  0.005 0.005 0.041 0.050 0.094 0.078 0.199 0.386 0.142 
402    (0)   :  0.005 0.006 0.027 0.038 0.116 0.211 0.197 0.259 0.141 
403    (0)   :  0.006 0.011 0.033 0.055 0.107 0.150 0.121 0.163 0.354 
404    (0)   :  0.004 0.007 0.031 0.035 0.193 0.217 0.122 0.235 0.157 
405    (0)   :  0.005 0.005 0.017 0.109 0.174 0.176 0.159 0.211 0.145 
406    (0)   :  0.004 0.004 0.015 0.285 0.118 0.076 0.211 0.109 0.178 
407    (0)   :  0.004 0.005 0.018 0.196 0.106 0.209 0.106 0.273 0.084 
408    (0)   :  0.004 0.004 0.036 0.034 0.188 0.076 0.235 0.349 0.074 
409    (0)   :  0.009 0.012 0.021 0.111 0.076 0.091 0.354 0.125 0.200 
410    (0)   :  0.008 0.060 0.037 0.072 0.094 0.153 0.141 0.296 0.139 
411    (0)   :  0.021 0.012 0.018 0.040 0.077 0.255 0.159 0.252 0.167 
412    (0)   :  0.005 0.005 0.023 0.044 0.215 0.194 0.091 0.306 0.117 
413    (0)   :  0.012 0.005 0.021 0.048 0.160 0.129 0.084 0.322 0.220 
414    (0)   :  0.009 0.005 0.038 0.035 0.237 0.175 0.079 0.341 0.081 
415    (0)   :  0.004 0.005 0.020 0.083 0.101 0.193 0.196 0.292 0.106 
416    (0)   :  0.005 0.006 0.054 0.041 0.085 0.147 0.233 0.292 0.137 
417    (0)   :  0.006 0.005 0.022 0.242 0.103 0.133 0.102 0.292 0.095 
418    (0)   :  0.005 0.006 0.030 0.037 0.117 0.154 0.078 0.477 0.096 
419    (0)   :  0.009 0.011 0.037 0.055 0.108 0.143 0.177 0.237 0.221 
420    (0)   :  0.004 0.004 0.032 0.042 0.089 0.071 0.304 0.368 0.086 
421    (0)   :  0.006 0.006 0.026 0.110 0.159 0.125 0.117 0.352 0.099 
422    (0)   :  0.005 0.005 0.017 0.161 0.241 0.114 0.197 0.152 0.109 
423    (0)   :  0.005 0.007 0.019 0.099 0.172 0.171 0.109 0.277 0.142 
424    (0)   :  0.007 0.021 0.039 0.137 0.092 0.110 0.175 0.281 0.140 
425    (0)   :  0.008 0.016 0.048 0.045 0.121 0.261 0.109 0.222 0.171 
426    (0)   :  0.032 0.023 0.070 0.102 0.103 0.158 0.109 0.253 0.149 
427    (0)   :  0.012 0.005 0.023 0.239 0.069 0.097 0.091 0.293 0.170 
428    (0)   :  0.006 0.015 0.018 0.245 0.115 0.105 0.169 0.125 0.202 
429    (0)   :  0.004 0.005 0.022 0.070 0.088 0.188 0.077 0.465 0.080 
430    (0)   :  0.006 0.005 0.020 0.272 0.118 0.144 0.131 0.211 0.093 
431    (0)   :  0.013 0.010 0.054 0.073 0.195 0.135 0.095 0.266 0.159 
432    (0)   :  0.005 0.005 0.022 0.042 0.188 0.203 0.111 0.290 0.134 
433    (0)   :  0.006 0.007 0.019 0.032 0.183 0.158 0.126 0.155 0.313 
434    (0)   :  0.006 0.006 0.019 0.044 0.158 0.247 0.176 0.184 0.160 
435    (0)   :  0.005 0.004 0.016 0.393 0.081 0.103 0.091 0.224 0.084 
436    (0)   :  0.005 0.006 0.043 0.310 0.048 0.120 0.125 0.223 0.120 
437    (0)   :  0.005 0.006 0.014 0.077 0.097 0.342 0.089 0.273 0.097 
438    (0)   :  0.006 0.005 0.023 0.326 0.067 0.070 0.241 0.148 0.114 
439    (0)   :  0.005 0.005 0.022 0.376 0.059 0.119 0.119 0.192 0.104 
440    (0)   :  0.004 0.004 0.024 0.319 0.075 0.113 0.085 0.303 0.073 
441    (0)   :  0.007 0.005 0.019 0.175 0.077 0.193 0.167 0.209 0.147 
442    (0)   :  0.004 0.007 0.038 0.046 0.099 0.205 0.148 0.359 0.093 
443    (0)   :  0.005 0.005 0.074 0.093 0.077 0.084 0.258 0.328 0.078 
444    (0)   :  0.005 0.007 0.035 0.093 0.090 0.201 0.156 0.321 0.092 
445    (0)   :  0.005 0.032 0.018 0.108 0.070 0.132 0.371 0.132 0.132 
446    (0)   :  0.006 0.037 0.046 0.258 0.055 0.114 0.101 0.293 0.091 
447    (0)   :  0.005 0.007 0.046 0.250 0.073 0.121 0.175 0.180 0.143 
448    (0)   :  0.005 0.005 0.019 0.136 0.099 0.203 0.129 0.305 0.100 
449    (0)   :  0.005 0.005 0.019 0.132 0.098 0.205 0.151 0.247 0.139 
450    (0)   :  0.006 0.006 0.023 0.046 0.062 0.358 0.100 0.257 0.143 
451    (0)   :  0.004 0.005 0.033 0.082 0.155 0.140 0.095 0.411 0.075 
452    (0)   :  0.005 0.005 0.023 0.083 0.066 0.233 0.098 0.338 0.148 
453    (0)   :  0.005 0.004 0.024 0.043 0.088 0.084 0.503 0.153 0.096 
454    (0)   :  0.013 0.004 0.018 0.170 0.098 0.176 0.110 0.263 0.147 
455    (0)   :  0.005 0.004 0.023 0.390 0.057 0.093 0.172 0.176 0.081 
456    (0)   :  0.005 0.005 0.024 0.131 0.086 0.158 0.249 0.260 0.081 
457    (0)   :  0.005 0.005 0.016 0.156 0.080 0.292 0.106 0.239 0.102 
458    (0)   :  0.006 0.036 0.026 0.188 0.070 0.167 0.156 0.250 0.103 
459    (0)   :  0.006 0.005 0.028 0.190 0.053 0.104 0.161 0.300 0.154 
460    (0)   :  0.005 0.005 0.035 0.168 0.060 0.100 0.122 0.418 0.088 
461    (0)   :  0.005 0.006 0.042 0.053 0.056 0.129 0.088 0.529 0.092 
462    (0)   :  0.006 0.010 0.069 0.071 0.146 0.188 0.198 0.244 0.068 
463    (0)   :  0.006 0.004 0.016 0.248 0.101 0.083 0.331 0.115 0.098 
464    (0)   :  0.004 0.004 0.033 0.143 0.065 0.087 0.195 0.386 0.082 
465    (0)   :  0.006 0.006 0.031 0.096 0.099 0.142 0.194 0.328 0.097 
466    (0)   :  0.004 0.004 0.024 0.134 0.092 0.091 0.288 0.282 0.081 
467    (0)   :  0.007 0.005 0.026 0.101 0.118 0.135 0.270 0.225 0.112 
468    (0)   :  0.004 0.005 0.015 0.321 0.072 0.169 0.165 0.170 0.080 
469    (0)   :  0.005 0.004 0.017 0.508 0.053 0.100 0.094 0.133 0.085 
470    (0)   :  0.005 0.004 0.020 0.426 0.064 0.083 0.083 0.230 0.085 
471    (0)   :  0.004 0.005 0.034 0.052 0.127 0.141 0.236 0.306 0.096 
472    (0)   :  0.005 0.006 0.022 0.053 0.098 0.227 0.274 0.228 0.087 
473    (0)   :  0.006 0.005 0.016 0.151 0.136 0.202 0.142 0.207 0.134 
474    (0)   :  0.005 0.005 0.023 0.071 0.068 0.201 0.191 0.307 0.130 
475    (0)   :  0.005 0.005 0.029 0.084 0.091 0.115 0.178 0.345 0.148 
476    (0)   :  0.005 0.006 0.021 0.076 0.058 0.253 0.192 0.296 0.092 
477    (0)   :  0.006 0.007 0.039 0.110 0.070 0.152 0.198 0.298 0.120 
478    (0)   :  0.006 0.007 0.123 0.082 0.065 0.107 0.098 0.428 0.084 
479    (0)   :  0.005 0.004 0.019 0.218 0.063 0.155 0.091 0.360 0.085 
480    (0)   :  0.005 0.005 0.017 0.166 0.063 0.257 0.092 0.297 0.097 
481    (0)   :  0.004 0.005 0.025 0.053 0.195 0.209 0.135 0.279 0.094 
482    (0)   :  0.004 0.005 0.021 0.097 0.063 0.206 0.082 0.435 0.087 
483    (0)   :  0.006 0.005 0.027 0.390 0.059 0.108 0.102 0.197 0.106 
484    (0)   :  0.006 0.005 0.021 0.319 0.095 0.092 0.245 0.126 0.092 
485    (0)   :  0.006 0.004 0.023 0.504 0.058 0.077 0.084 0.161 0.084 
486    (0)   :  0.006 0.009 0.048 0.038 0.218 0.181 0.189 0.192 0.120 
487    (0)   :  0.006 0.008 0.035 0.039 0.116 0.293 0.157 0.150 0.197 
488    (0)   :  0.007 0.014 0.070 0.039 0.186 0.198 0.108 0.196 0.182 
489    (0)   :  0.006 0.007 0.020 0.027 0.154 0.291 0.200 0.119 0.176 
490    (0)   :  0.005 0.006 0.051 0.043 0.129 0.181 0.211 0.292 0.082 
491    (0)   :  0.005 0.009 0.045 0.029 0.263 0.165 0.159 0.122 0.202 
492    (0)   :  0.006 0.011 0.051 0.032 0.102 0.106 0.211 0.201 0.280 
493    (0)   :  0.007 0.017 0.071 0.029 0.258 0.226 0.107 0.136 0.149 
494    (0)   :  0.005 0.020 0.044 0.041 0.164 0.211 0.183 0.144 0.188 
495    (0)   :  0.007 0.046 0.122 0.031 0.071 0.155 0.185 0.186 0.196 
496    (0)   :  0.006 0.005 0.016 0.036 0.148 0.126 0.242 0.139 0.283 
497    (0)   :  0.008 0.022 0.084 0.030 0.212 0.242 0.097 0.104 0.202 
498    (0)   :  0.006 0.014 0.078 0.037 0.161 0.195 0.189 0.202 0.118 
499    (0)   :  0.006 0.014 0.024 0.034 0.132 0.257 0.147 0.109 0.278 
500    (0)   :  0.005 0.010 0.020 0.046 0.223 0.293 0.116 0.141 0.144 
501    (0)   :  0.005 0.007 0.022 0.038 0.121 0.193 0.131 0.218 0.265 
502    (0)   :  0.005 0.007 0.058 0.035 0.100 0.164 0.110 0.222 0.299 
503    (0)   :  0.004 0.006 0.018 0.053 0.159 0.322 0.111 0.213 0.115 
504    (0)   :  0.005 0.018 0.083 0.038 0.129 0.165 0.192 0.254 0.116 
505    (0)   :  0.004 0.007 0.031 0.037 0.252 0.122 0.234 0.134 0.179 
506    (0)   :  0.005 0.007 0.068 0.029 0.145 0.125 0.142 0.213 0.266 
507    (0)   :  0.006 0.005 0.014 0.027 0.107 0.100 0.236 0.082 0.423 
508    (0)   :  0.008 0.011 0.021 0.026 0.116 0.119 0.196 0.091 0.414 
509    (0)   :  0.005 0.006 0.023 0.035 0.204 0.124 0.226 0.125 0.252 
510    (0)   :  0.004 0.011 0.019 0.027 0.111 0.224 0.123 0.157 0.322 
511    (0)   :  0.005 0.009 0.038 0.078 0.130 0.153 0.164 0.295 0.128 
512    (0)   :  0.004 0.006 0.027 0.041 0.122 0.231 0.090 0.382 0.097 
513    (0)   :  0.005 0.114 0.269 0.022 0.179 0.065 0.126 0.092 0.128 
514    (0)   :  0.009 0.007 0.038 0.041 0.159 0.113 0.128 0.345 0.159 
515    (0)   :  0.005 0.008 0.023 0.114 0.105 0.153 0.186 0.166 0.240 
516    (0)   :  0.005 0.008 0.037 0.040 0.208 0.131 0.220 0.212 0.138 
517    (0)   :  0.006 0.006 0.018 0.116 0.115 0.092 0.223 0.206 0.220 
518    (0)   :  0.006 0.036 0.017 0.028 0.171 0.242 0.091 0.145 0.263 
519    (0)   :  0.005 0.006 0.062 0.052 0.106 0.107 0.160 0.338 0.163 
520    (0)   :  0.005 0.005 0.014 0.222 0.096 0.079 0.189 0.099 0.290 
521    (0)   :  0.122 0.005 0.021 0.032 0.206 0.076 0.119 0.187 0.232 
522    (0)   :  0.006 0.014 0.021 0.065 0.107 0.210 0.221 0.219 0.138 
523    (0)   :  0.014 0.006 0.018 0.070 0.094 0.083 0.360 0.151 0.204 
524    (0)   :  0.006 0.006 0.015 0.288 0.133 0.100 0.120 0.153 0.179 
525    (0)   :  0.007 0.046 0.015 0.091 0.117 0.163 0.176 0.124 0.261 
