

----------------------------------------------------
STRUCTURE by Pritchard, Stephens and Donnelly (2000)
     and Falush, Stephens and Pritchard (2003)
       Code by Pritchard, Falush and Hubisz
             Version 2.3.4 (Jul 2012)
----------------------------------------------------



Command line arguments:   ./structure -K 3 -D 103018 -m brooktrout/mainparams -e brooktrout/extraparams -o brooktrout/250914_output/results_K3_rep18 
Input File:    brooktrout/brooktrout.txt

Run parameters:
   8454 individuals
   5 loci
   3 populations assumed
   50000 Burn-in period
   100000 Reps
RANDOMIZE turned off


--------------------------------------------
Overall proportion of membership of the
sample in each of the 3 clusters

Inferred Clusters
  1      2      3    
0.258  0.487  0.254  

--------------------------------------------

Allele-freq. divergence among pops (Net nucleotide distance),
computed using point estimates of P.

      1       2       3      
 1      -    0.0283  0.0844  
 2   0.0283     -    0.0538  
 3   0.0844  0.0538     -    

Average distances (expected heterozygosity) between individuals in same cluster:
cluster  1  : 0.8119 
cluster  2  : 0.8433 
cluster  3  : 0.7794 

--------------------------------------------
Estimated Ln Prob of Data   = -178670.4
Mean value of ln likelihood = -175559.0
Variance of ln likelihood   = 6222.9

Mean value of alpha_1       = 0.1399
Mean value of alpha_2       = 0.2674
Mean value of alpha_3       = 0.1420
Allele frequencies uncorrelated


Inferred ancestry of individuals:
     (%Miss) :  Inferred clusters
  1    (0)   :  0.316 0.374 0.310 
  2    (0)   :  0.045 0.904 0.051 
  3    (0)   :  0.634 0.179 0.187 
  4    (0)   :  0.037 0.190 0.774 
  5    (0)   :  0.054 0.904 0.042 
  6    (0)   :  0.843 0.121 0.037 
  7    (0)   :  0.144 0.821 0.036 
  8    (0)   :  0.305 0.365 0.330 
  9    (0)   :  0.488 0.392 0.120 
 10    (0)   :  0.444 0.436 0.120 
 11    (0)   :  0.244 0.718 0.038 
 12    (0)   :  0.068 0.856 0.076 
 13    (0)   :  0.112 0.817 0.071 
 14    (0)   :  0.091 0.739 0.170 
 15    (0)   :  0.082 0.706 0.212 
 16    (0)   :  0.656 0.281 0.063 
 17    (0)   :  0.256 0.671 0.073 
 18    (0)   :  0.571 0.254 0.175 
 19    (0)   :  0.574 0.372 0.054 
 20    (0)   :  0.111 0.827 0.062 
 21    (0)   :  0.170 0.444 0.385 
 22    (0)   :  0.809 0.124 0.067 
 23    (0)   :  0.061 0.587 0.352 
 24    (0)   :  0.481 0.296 0.223 
 25    (0)   :  0.107 0.863 0.030 
 26    (0)   :  0.311 0.534 0.154 
 27    (0)   :  0.279 0.610 0.110 
 28    (0)   :  0.181 0.510 0.309 
 29    (0)   :  0.085 0.857 0.059 
 30    (0)   :  0.826 0.119 0.055 
 31    (0)   :  0.142 0.722 0.136 
 32    (0)   :  0.183 0.612 0.205 
 33    (0)   :  0.599 0.220 0.181 
 34    (0)   :  0.534 0.416 0.050 
 35    (0)   :  0.545 0.374 0.082 
 36    (0)   :  0.707 0.152 0.141 
 37    (0)   :  0.124 0.566 0.311 
 38    (0)   :  0.849 0.121 0.030 
 39    (0)   :  0.693 0.251 0.056 
 40    (0)   :  0.141 0.229 0.631 
 41    (0)   :  0.666 0.216 0.118 
 42    (0)   :  0.212 0.105 0.682 
 43    (0)   :  0.073 0.668 0.259 
 44    (0)   :  0.444 0.428 0.129 
 45    (0)   :  0.674 0.273 0.054 
 46    (0)   :  0.656 0.299 0.045 
 47    (0)   :  0.632 0.278 0.090 
 48    (0)   :  0.450 0.379 0.172 
 49    (0)   :  0.542 0.358 0.100 
 50    (0)   :  0.666 0.226 0.107 
 51    (0)   :  0.457 0.239 0.303 
 52    (0)   :  0.723 0.216 0.061 
 53    (0)   :  0.836 0.100 0.064 
 54    (0)   :  0.094 0.780 0.126 
 55    (0)   :  0.060 0.825 0.115 
 56    (0)   :  0.598 0.251 0.151 
 57    (0)   :  0.317 0.515 0.169 
 58    (0)   :  0.214 0.660 0.125 
 59    (0)   :  0.686 0.239 0.074 
 60    (0)   :  0.152 0.315 0.533 
 61    (0)   :  0.039 0.645 0.316 
 62    (0)   :  0.529 0.404 0.067 
 63    (0)   :  0.182 0.625 0.193 
 64    (0)   :  0.808 0.154 0.038 
 65    (0)   :  0.133 0.841 0.026 
 66    (0)   :  0.049 0.693 0.258 
 67    (0)   :  0.062 0.857 0.080 
 68    (0)   :  0.658 0.237 0.105 
 69    (0)   :  0.472 0.361 0.168 
 70    (0)   :  0.223 0.596 0.181 
 71    (0)   :  0.649 0.304 0.047 
 72    (0)   :  0.768 0.175 0.056 
 73    (0)   :  0.096 0.849 0.056 
 74    (0)   :  0.629 0.121 0.249 
 75    (0)   :  0.205 0.127 0.668 
 76    (0)   :  0.110 0.818 0.072 
 77    (0)   :  0.696 0.236 0.067 
 78    (0)   :  0.786 0.148 0.065 
 79    (0)   :  0.115 0.845 0.040 
 80    (0)   :  0.088 0.269 0.642 
 81    (0)   :  0.129 0.441 0.429 
 82    (0)   :  0.049 0.828 0.123 
 83    (0)   :  0.151 0.543 0.306 
 84    (0)   :  0.119 0.684 0.197 
 85    (0)   :  0.149 0.452 0.399 
 86    (0)   :  0.127 0.818 0.055 
 87    (0)   :  0.096 0.853 0.051 
 88    (0)   :  0.052 0.691 0.257 
 89    (0)   :  0.057 0.477 0.466 
 90    (0)   :  0.058 0.898 0.044 
 91    (0)   :  0.078 0.202 0.720 
 92    (0)   :  0.077 0.839 0.084 
 93    (0)   :  0.033 0.076 0.891 
 94    (0)   :  0.558 0.400 0.043 
 95    (0)   :  0.044 0.854 0.102 
 96    (0)   :  0.039 0.457 0.503 
 97    (0)   :  0.341 0.166 0.493 
 98    (0)   :  0.202 0.611 0.187 
 99    (0)   :  0.086 0.763 0.151 
100    (0)   :  0.028 0.128 0.844 
101    (0)   :  0.054 0.853 0.093 
102    (0)   :  0.099 0.490 0.411 
103    (0)   :  0.039 0.785 0.175 
104    (0)   :  0.055 0.897 0.049 
105    (0)   :  0.034 0.878 0.088 
106    (0)   :  0.363 0.616 0.022 
107    (0)   :  0.047 0.865 0.088 
108    (0)   :  0.115 0.825 0.060 
109    (0)   :  0.195 0.783 0.022 
110    (0)   :  0.411 0.563 0.027 
111    (0)   :  0.053 0.921 0.026 
112    (0)   :  0.234 0.741 0.024 
113    (0)   :  0.145 0.750 0.105 
114    (0)   :  0.052 0.889 0.059 
115    (0)   :  0.051 0.899 0.049 
116    (0)   :  0.268 0.706 0.027 
117    (0)   :  0.251 0.711 0.038 
118    (0)   :  0.042 0.924 0.034 
119    (0)   :  0.072 0.461 0.467 
120    (0)   :  0.067 0.893 0.040 
121    (0)   :  0.074 0.883 0.043 
122    (0)   :  0.298 0.673 0.029 
123    (0)   :  0.116 0.842 0.042 
124    (0)   :  0.560 0.400 0.040 
125    (0)   :  0.674 0.280 0.047 
126    (0)   :  0.251 0.690 0.059 
127    (0)   :  0.048 0.923 0.029 
128    (0)   :  0.041 0.922 0.037 
129    (0)   :  0.032 0.938 0.030 
130    (0)   :  0.055 0.887 0.058 
131    (0)   :  0.594 0.366 0.039 
132    (0)   :  0.165 0.808 0.026 
133    (0)   :  0.058 0.899 0.043 
134    (0)   :  0.424 0.559 0.017 
135    (0)   :  0.040 0.168 0.791 
136    (0)   :  0.037 0.086 0.877 
137    (0)   :  0.035 0.121 0.844 
138    (0)   :  0.035 0.055 0.910 
139    (0)   :  0.062 0.260 0.678 
140    (0)   :  0.107 0.228 0.665 
141    (0)   :  0.062 0.086 0.852 
142    (0)   :  0.036 0.124 0.840 
143    (0)   :  0.023 0.052 0.925 
144    (0)   :  0.030 0.111 0.859 
145    (0)   :  0.089 0.172 0.739 
146    (0)   :  0.089 0.306 0.605 
147    (0)   :  0.027 0.054 0.919 
148    (0)   :  0.047 0.165 0.788 
149    (0)   :  0.040 0.068 0.892 
150    (0)   :  0.046 0.282 0.672 
151    (0)   :  0.032 0.090 0.879 
152    (0)   :  0.056 0.201 0.743 
153    (0)   :  0.051 0.079 0.870 
154    (0)   :  0.032 0.096 0.871 
155    (0)   :  0.027 0.068 0.905 
156    (0)   :  0.027 0.096 0.878 
157    (0)   :  0.055 0.172 0.773 
158    (0)   :  0.091 0.144 0.765 
159    (0)   :  0.025 0.056 0.919 
160    (0)   :  0.027 0.064 0.909 
161    (0)   :  0.066 0.134 0.800 
162    (0)   :  0.104 0.386 0.510 
163    (0)   :  0.025 0.060 0.915 
164    (0)   :  0.061 0.456 0.482 
165    (0)   :  0.040 0.225 0.734 
166    (0)   :  0.073 0.246 0.681 
167    (0)   :  0.051 0.189 0.760 
168    (0)   :  0.057 0.085 0.858 
169    (0)   :  0.470 0.111 0.419 
170    (0)   :  0.032 0.100 0.869 
171    (0)   :  0.058 0.246 0.696 
172    (0)   :  0.154 0.064 0.781 
173    (0)   :  0.025 0.066 0.908 
174    (0)   :  0.033 0.079 0.889 
175    (0)   :  0.033 0.063 0.904 
176    (0)   :  0.031 0.113 0.856 
177    (0)   :  0.125 0.260 0.615 
178    (0)   :  0.050 0.114 0.836 
179    (0)   :  0.024 0.051 0.924 
180    (0)   :  0.082 0.171 0.747 
181    (0)   :  0.050 0.125 0.825 
182    (0)   :  0.024 0.110 0.866 
183    (0)   :  0.027 0.062 0.912 
184    (0)   :  0.103 0.831 0.066 
185    (0)   :  0.020 0.053 0.927 
186    (0)   :  0.085 0.862 0.053 
187    (0)   :  0.068 0.460 0.472 
188    (0)   :  0.061 0.901 0.038 
189    (0)   :  0.261 0.335 0.404 
190    (0)   :  0.023 0.165 0.812 
191    (0)   :  0.043 0.829 0.128 
192    (0)   :  0.067 0.589 0.343 
193    (0)   :  0.079 0.632 0.289 
194    (0)   :  0.054 0.635 0.311 
195    (0)   :  0.024 0.099 0.877 
196    (0)   :  0.043 0.439 0.519 
197    (0)   :  0.221 0.636 0.143 
198    (0)   :  0.115 0.719 0.166 
199    (0)   :  0.037 0.477 0.486 
200    (0)   :  0.076 0.611 0.313 
201    (0)   :  0.032 0.108 0.860 
202    (0)   :  0.023 0.149 0.827 
203    (0)   :  0.027 0.127 0.846 
204    (0)   :  0.029 0.332 0.639 
205    (0)   :  0.057 0.752 0.191 
206    (0)   :  0.034 0.425 0.541 
207    (0)   :  0.031 0.823 0.146 
208    (0)   :  0.042 0.361 0.597 
209    (0)   :  0.054 0.751 0.195 
210    (0)   :  0.039 0.420 0.541 
211    (0)   :  0.027 0.754 0.218 
212    (0)   :  0.044 0.115 0.841 
213    (0)   :  0.073 0.731 0.196 
214    (0)   :  0.030 0.112 0.858 
215    (0)   :  0.041 0.873 0.085 
216    (0)   :  0.113 0.790 0.097 
217    (0)   :  0.040 0.128 0.831 
218    (0)   :  0.056 0.669 0.275 
219    (0)   :  0.208 0.456 0.336 
220    (0)   :  0.034 0.800 0.167 
221    (0)   :  0.021 0.058 0.921 
222    (0)   :  0.212 0.623 0.165 
223    (0)   :  0.086 0.306 0.608 
224    (0)   :  0.031 0.219 0.750 
225    (0)   :  0.046 0.538 0.416 
226    (0)   :  0.196 0.561 0.244 
227    (0)   :  0.030 0.395 0.575 
228    (0)   :  0.022 0.109 0.869 
229    (0)   :  0.039 0.230 0.731 
230    (0)   :  0.034 0.336 0.630 
231    (0)   :  0.059 0.298 0.643 
232    (0)   :  0.088 0.425 0.487 
233    (0)   :  0.029 0.095 0.877 
234    (0)   :  0.090 0.656 0.255 
235    (0)   :  0.093 0.363 0.544 
236    (0)   :  0.058 0.297 0.645 
237    (0)   :  0.034 0.721 0.245 
238    (0)   :  0.039 0.155 0.807 
239    (0)   :  0.026 0.102 0.872 
240    (0)   :  0.039 0.154 0.807 
241    (0)   :  0.030 0.117 0.853 
242    (0)   :  0.115 0.467 0.419 
243    (0)   :  0.029 0.325 0.646 
244    (0)   :  0.029 0.161 0.809 
245    (0)   :  0.026 0.077 0.897 
246    (0)   :  0.041 0.123 0.836 
247    (0)   :  0.117 0.834 0.049 
248    (0)   :  0.037 0.905 0.058 
249    (0)   :  0.036 0.224 0.740 
250    (0)   :  0.056 0.511 0.433 
251    (0)   :  0.108 0.764 0.128 
252    (0)   :  0.062 0.380 0.559 
253    (0)   :  0.067 0.818 0.116 
254    (0)   :  0.132 0.658 0.210 
255    (0)   :  0.086 0.608 0.306 
256    (0)   :  0.040 0.230 0.730 
257    (0)   :  0.042 0.698 0.260 
258    (0)   :  0.053 0.810 0.136 
259    (0)   :  0.041 0.768 0.191 
260    (0)   :  0.148 0.463 0.389 
261    (0)   :  0.054 0.201 0.745 
262    (0)   :  0.027 0.097 0.877 
263    (0)   :  0.052 0.754 0.193 
264    (0)   :  0.656 0.306 0.038 
265    (0)   :  0.104 0.562 0.334 
266    (0)   :  0.022 0.065 0.913 
267    (0)   :  0.053 0.595 0.353 
268    (0)   :  0.043 0.430 0.527 
269    (0)   :  0.211 0.452 0.337 
270    (0)   :  0.092 0.796 0.112 
271    (0)   :  0.044 0.843 0.113 
272    (0)   :  0.121 0.722 0.157 
273    (0)   :  0.114 0.283 0.603 
274    (0)   :  0.087 0.729 0.184 
275    (0)   :  0.116 0.515 0.369 
276    (0)   :  0.098 0.769 0.133 
277    (0)   :  0.092 0.385 0.523 
278    (0)   :  0.044 0.810 0.147 
279    (0)   :  0.066 0.556 0.378 
280    (0)   :  0.220 0.443 0.337 
281    (0)   :  0.060 0.751 0.189 
282    (0)   :  0.069 0.213 0.718 
283    (0)   :  0.035 0.133 0.832 
284    (0)   :  0.058 0.575 0.366 
285    (0)   :  0.070 0.891 0.039 
286    (0)   :  0.029 0.160 0.810 
287    (0)   :  0.132 0.568 0.301 
288    (0)   :  0.128 0.707 0.165 
289    (0)   :  0.107 0.689 0.203 
290    (0)   :  0.358 0.393 0.249 
291    (0)   :  0.043 0.843 0.114 
292    (0)   :  0.161 0.304 0.536 
293    (0)   :  0.560 0.335 0.106 
294    (0)   :  0.064 0.760 0.176 
295    (0)   :  0.098 0.649 0.254 
296    (0)   :  0.040 0.785 0.176 
297    (0)   :  0.259 0.571 0.170 
298    (0)   :  0.076 0.367 0.557 
299    (0)   :  0.079 0.754 0.166 
300    (0)   :  0.058 0.773 0.168 
301    (0)   :  0.147 0.745 0.108 
302    (0)   :  0.056 0.748 0.196 
303    (0)   :  0.057 0.180 0.762 
304    (0)   :  0.192 0.355 0.453 
305    (0)   :  0.031 0.158 0.811 
306    (0)   :  0.055 0.148 0.797 
307    (0)   :  0.056 0.629 0.316 
308    (0)   :  0.054 0.203 0.743 
309    (0)   :  0.056 0.746 0.198 
310    (0)   :  0.031 0.189 0.780 
311    (0)   :  0.034 0.336 0.631 
312    (0)   :  0.030 0.795 0.176 
313    (0)   :  0.030 0.872 0.098 
314    (0)   :  0.024 0.044 0.932 
315    (0)   :  0.030 0.055 0.914 
316    (0)   :  0.036 0.058 0.906 
317    (0)   :  0.026 0.045 0.929 
318    (0)   :  0.027 0.044 0.929 
319    (0)   :  0.025 0.054 0.921 
320    (0)   :  0.024 0.044 0.931 
321    (0)   :  0.030 0.048 0.923 
322    (0)   :  0.034 0.059 0.906 
323    (0)   :  0.026 0.048 0.925 
324    (0)   :  0.028 0.046 0.925 
325    (0)   :  0.038 0.056 0.906 
326    (0)   :  0.037 0.049 0.914 
327    (0)   :  0.025 0.046 0.928 
328    (0)   :  0.034 0.063 0.902 
329    (0)   :  0.024 0.048 0.928 
330    (0)   :  0.026 0.046 0.929 
331    (0)   :  0.024 0.047 0.928 
332    (0)   :  0.046 0.058 0.896 
333    (0)   :  0.031 0.054 0.915 
334    (0)   :  0.034 0.066 0.900 
335    (0)   :  0.032 0.058 0.910 
336    (0)   :  0.030 0.046 0.924 
337    (0)   :  0.040 0.060 0.901 
338    (0)   :  0.028 0.045 0.926 
339    (0)   :  0.024 0.047 0.928 
340    (0)   :  0.022 0.046 0.932 
341    (0)   :  0.025 0.048 0.927 
342    (0)   :  0.025 0.045 0.930 
343    (0)   :  0.036 0.061 0.903 
344    (0)   :  0.024 0.045 0.931 
345    (0)   :  0.026 0.045 0.929 
346    (0)   :  0.024 0.042 0.934 
347    (0)   :  0.023 0.044 0.933 
348    (0)   :  0.030 0.056 0.914 
349    (0)   :  0.026 0.046 0.928 
350    (0)   :  0.024 0.051 0.926 
351    (0)   :  0.031 0.058 0.911 
352    (0)   :  0.035 0.056 0.909 
353    (0)   :  0.029 0.045 0.926 
354    (0)   :  0.025 0.047 0.928 
355    (0)   :  0.027 0.044 0.929 
356    (0)   :  0.030 0.061 0.909 
357    (0)   :  0.213 0.237 0.550 
358    (0)   :  0.035 0.058 0.907 
359    (0)   :  0.026 0.050 0.924 
360    (0)   :  0.024 0.044 0.932 
361    (0)   :  0.214 0.324 0.462 
362    (0)   :  0.314 0.609 0.077 
363    (0)   :  0.643 0.316 0.041 
364    (0)   :  0.238 0.403 0.358 
365    (0)   :  0.731 0.231 0.038 
366    (0)   :  0.534 0.295 0.171 
367    (0)   :  0.552 0.428 0.020 
368    (0)   :  0.069 0.893 0.038 
369    (0)   :  0.228 0.313 0.459 
370    (0)   :  0.068 0.871 0.062 
371    (0)   :  0.315 0.568 0.117 
372    (0)   :  0.085 0.783 0.132 
373    (0)   :  0.185 0.750 0.065 
374    (0)   :  0.314 0.361 0.325 
375    (0)   :  0.530 0.440 0.030 
376    (0)   :  0.908 0.069 0.023 
377    (0)   :  0.445 0.494 0.061 
378    (0)   :  0.104 0.770 0.126 
379    (0)   :  0.914 0.065 0.021 
380    (0)   :  0.780 0.095 0.125 
381    (0)   :  0.840 0.076 0.085 
382    (0)   :  0.505 0.462 0.033 
383    (0)   :  0.818 0.079 0.103 
384    (0)   :  0.726 0.204 0.071 
385    (0)   :  0.130 0.766 0.104 
386    (0)   :  0.556 0.409 0.035 
387    (0)   :  0.567 0.396 0.037 
388    (0)   :  0.202 0.586 0.212 
389    (0)   :  0.055 0.888 0.057 
390    (0)   :  0.660 0.300 0.039 
391    (0)   :  0.122 0.808 0.071 
392    (0)   :  0.803 0.135 0.063 
393    (0)   :  0.863 0.062 0.075 
394    (0)   :  0.176 0.615 0.209 
395    (0)   :  0.611 0.321 0.068 
396    (0)   :  0.472 0.505 0.023 
397    (0)   :  0.266 0.551 0.183 
398    (0)   :  0.869 0.108 0.023 
399    (0)   :  0.177 0.793 0.030 
400    (0)   :  0.676 0.281 0.042 
401    (0)   :  0.333 0.616 0.051 
402    (0)   :  0.126 0.784 0.090 
403    (0)   :  0.158 0.453 0.389 
404    (0)   :  0.603 0.311 0.086 
405    (0)   :  0.400 0.505 0.095 
406    (0)   :  0.621 0.139 0.240 
407    (0)   :  0.886 0.090 0.023 
408    (0)   :  0.057 0.918 0.025 
409    (0)   :  0.383 0.122 0.495 
410    (0)   :  0.731 0.202 0.067 
411    (0)   :  0.643 0.124 0.233 
412    (0)   :  0.099 0.864 0.037 
413    (0)   :  0.096 0.793 0.111 
414    (0)   :  0.089 0.885 0.026 
415    (0)   :  0.840 0.123 0.037 
416    (0)   :  0.619 0.322 0.058 
417    (0)   :  0.837 0.132 0.032 
418    (0)   :  0.440 0.536 0.024 
419    (0)   :  0.394 0.425 0.181 
420    (0)   :  0.397 0.564 0.039 
421    (0)   :  0.678 0.283 0.038 
422    (0)   :  0.639 0.294 0.067 
423    (0)   :  0.743 0.209 0.047 
424    (0)   :  0.163 0.773 0.064 
425    (0)   :  0.475 0.455 0.069 
426    (0)   :  0.143 0.800 0.057 
427    (0)   :  0.801 0.113 0.086 
428    (0)   :  0.528 0.249 0.223 
429    (0)   :  0.864 0.116 0.020 
430    (0)   :  0.862 0.107 0.030 
431    (0)   :  0.133 0.819 0.048 
432    (0)   :  0.079 0.876 0.046 
433    (0)   :  0.052 0.704 0.244 
434    (0)   :  0.293 0.568 0.139 
435    (0)   :  0.865 0.112 0.024 
436    (0)   :  0.891 0.073 0.036 
437    (0)   :  0.864 0.110 0.026 
438    (0)   :  0.728 0.195 0.077 
439    (0)   :  0.906 0.065 0.029 
440    (0)   :  0.880 0.100 0.020 
441    (0)   :  0.664 0.244 0.092 
442    (0)   :  0.799 0.174 0.027 
443    (0)   :  0.556 0.416 0.028 
444    (0)   :  0.827 0.147 0.026 
445    (0)   :  0.733 0.120 0.147 
446    (0)   :  0.862 0.113 0.026 
447    (0)   :  0.680 0.259 0.061 
448    (0)   :  0.709 0.261 0.030 
449    (0)   :  0.669 0.279 0.052 
450    (0)   :  0.813 0.146 0.042 
451    (0)   :  0.086 0.893 0.021 
452    (0)   :  0.841 0.123 0.036 
453    (0)   :  0.114 0.779 0.107 
454    (0)   :  0.677 0.258 0.065 
455    (0)   :  0.847 0.122 0.031 
456    (0)   :  0.816 0.156 0.028 
457    (0)   :  0.882 0.091 0.027 
458    (0)   :  0.894 0.075 0.031 
459    (0)   :  0.658 0.259 0.082 
460    (0)   :  0.826 0.149 0.025 
461    (0)   :  0.758 0.218 0.023 
462    (0)   :  0.836 0.143 0.021 
463    (0)   :  0.565 0.326 0.109 
464    (0)   :  0.706 0.269 0.026 
465    (0)   :  0.424 0.537 0.039 
466    (0)   :  0.488 0.478 0.034 
467    (0)   :  0.746 0.188 0.066 
468    (0)   :  0.891 0.084 0.026 
469    (0)   :  0.913 0.061 0.026 
470    (0)   :  0.885 0.092 0.023 
471    (0)   :  0.419 0.523 0.058 
472    (0)   :  0.525 0.433 0.041 
473    (0)   :  0.492 0.446 0.062 
474    (0)   :  0.816 0.143 0.041 
475    (0)   :  0.517 0.424 0.059 
476    (0)   :  0.889 0.081 0.030 
477    (0)   :  0.151 0.797 0.052 
478    (0)   :  0.149 0.826 0.026 
479    (0)   :  0.837 0.141 0.022 
480    (0)   :  0.904 0.071 0.025 
481    (0)   :  0.447 0.521 0.032 
482    (0)   :  0.894 0.085 0.021 
483    (0)   :  0.869 0.100 0.031 
484    (0)   :  0.800 0.156 0.045 
485    (0)   :  0.885 0.089 0.026 
486    (0)   :  0.057 0.893 0.049 
487    (0)   :  0.073 0.813 0.115 
488    (0)   :  0.044 0.899 0.057 
489    (0)   :  0.093 0.659 0.248 
490    (0)   :  0.078 0.894 0.028 
491    (0)   :  0.054 0.798 0.147 
492    (0)   :  0.055 0.729 0.216 
493    (0)   :  0.047 0.899 0.055 
494    (0)   :  0.118 0.780 0.102 
495    (0)   :  0.077 0.841 0.083 
496    (0)   :  0.069 0.455 0.476 
497    (0)   :  0.050 0.855 0.095 
498    (0)   :  0.072 0.871 0.058 
499    (0)   :  0.060 0.640 0.300 
500    (0)   :  0.183 0.755 0.062 
501    (0)   :  0.203 0.637 0.160 
502    (0)   :  0.090 0.756 0.154 
503    (0)   :  0.490 0.470 0.040 
504    (0)   :  0.045 0.917 0.038 
505    (0)   :  0.053 0.817 0.130 
506    (0)   :  0.079 0.773 0.149 
507    (0)   :  0.029 0.098 0.873 
508    (0)   :  0.029 0.229 0.743 
509    (0)   :  0.048 0.678 0.273 
510    (0)   :  0.221 0.490 0.289 
511    (0)   :  0.554 0.397 0.050 
512    (0)   :  0.614 0.359 0.028 
513    (0)   :  0.023 0.917 0.059 
514    (0)   :  0.060 0.892 0.048 
515    (0)   :  0.600 0.226 0.174 
516    (0)   :  0.043 0.906 0.051 
517    (0)   :  0.243 0.587 0.170 
518    (0)   :  0.163 0.527 0.310 
519    (0)   :  0.070 0.883 0.048 
520    (0)   :  0.222 0.221 0.557 
521    (0)   :  0.077 0.428 0.495 
522    (0)   :  0.642 0.269 0.089 
523    (0)   :  0.071 0.600 0.328 
524    (0)   :  0.477 0.428 0.095 
525    (0)   :  0.304 0.350 0.346 
526    (0)   :  0.690 0.151 0.159 
527    (0)   :  0.179 0.776 0.045 
528    (0)   :  0.042 0.151 0.807 
529    (0)   :  0.085 0.785 0.130 
530    (0)   :  0.560 0.343 0.097 
531    (0)   :  0.229 0.271 0.500 
532    (0)   :  0.138 0.569 0.293 
533    (0)   :  0.396 0.515 0.089 
534    (0)   :  0.036 0.831 0.133 
535    (0)   :  0.296 0.606 0.098 
536    (0)   :  0.466 0.225 0.309 
537    (0)   :  0.070 0.215 0.715 
538    (0)   :  0.111 0.421 0.467 
539    (0)   :  0.030 0.077 0.893 
540    (0)   :  0.144 0.355 0.501 
541    (0)   :  0.095 0.216 0.689 
542    (0)   :  0.626 0.221 0.153 
543    (0)   :  0.053 0.632 0.315 
544    (0)   :  0.237 0.501 0.262 
545    (0)   :  0.592 0.334 0.075 
546    (0)   :  0.134 0.440 0.426 
547    (0)   :  0.092 0.419 0.489 
548    (0)   :  0.058 0.506 0.436 
549    (0)   :  0.201 0.082 0.717 
550    (0)   :  0.579 0.293 0.128 
551    (0)   :  0.074 0.136 0.790 
552    (0)   :  0.106 0.302 0.592 
553    (0)   :  0.043 0.420 0.538 
554    (0)   :  0.289 0.499 0.212 
555    (0)   :  0.063 0.303 0.634 
556    (0)   :  0.091 0.500 0.409 
557    (0)   :  0.609 0.239 0.153 
558    (0)   :  0.903 0.076 0.022 
559    (0)   :  0.065 0.891 0.044 
560    (0)   :  0.713 0.267 0.021 
561    (0)   :  0.417 0.556 0.028 
562    (0)   :  0.207 0.772 0.021 
563    (0)   :  0.144 0.739 0.118 
564    (0)   :  0.074 0.863 0.063 
565    (0)   :  0.892 0.080 0.027 
566    (0)   :  0.281 0.698 0.021 
567    (0)   :  0.047 0.918 0.035 
568    (0)   :  0.220 0.730 0.050 
569    (0)   :  0.303 0.622 0.075 
570    (0)   :  0.870 0.110 0.020 
571    (0)   :  0.085 0.885 0.030 
572    (0)   :  0.141 0.429 0.430 
573    (0)   :  0.100 0.843 0.058 
574    (0)   :  0.493 0.393 0.113 
575    (0)   :  0.211 0.712 0.077 
576    (0)   :  0.175 0.805 0.019 
577    (0)   :  0.444 0.462 0.094 
578    (0)   :  0.248 0.716 0.036 
579    (0)   :  0.356 0.606 0.037 
580    (0)   :  0.617 0.324 0.060 
581    (0)   :  0.602 0.355 0.043 
582    (0)   :  0.840 0.137 0.023 
583    (0)   :  0.207 0.761 0.032 
584    (0)   :  0.145 0.832 0.023 
585    (0)   :  0.410 0.561 0.030 
586    (0)   :  0.077 0.886 0.038 
587    (0)   :  0.655 0.320 0.025 
588    (0)   :  0.026 0.920 0.054 
589    (0)   :  0.687 0.287 0.027 
590    (0)   :  0.061 0.913 0.026 
591    (0)   :  0.075 0.893 0.032 
592    (0)   :  0.267 0.701 0.033 
593    (0)   :  0.270 0.664 0.066 
594    (0)   :  0.060 0.882 0.057 
595    (0)   :  0.385 0.593 0.022 
596    (0)   :  0.109 0.826 0.065 
597    (0)   :  0.061 0.805 0.134 
598    (0)   :  0.899 0.081 0.021 
599    (0)   :  0.335 0.642 0.023 
600    (0)   :  0.571 0.353 0.076 
601    (0)   :  0.594 0.382 0.023 
602    (0)   :  0.060 0.826 0.114 
603    (0)   :  0.057 0.844 0.099 
604    (0)   :  0.642 0.263 0.095 
605    (0)   :  0.241 0.714 0.045 
606    (0)   :  0.198 0.612 0.190 
607    (0)   :  0.196 0.569 0.234 
608    (0)   :  0.250 0.286 0.464 
609    (0)   :  0.525 0.422 0.053 
610    (0)   :  0.775 0.174 0.050 
611    (0)   :  0.072 0.831 0.097 
612    (0)   :  0.886 0.083 0.031 
613    (0)   :  0.194 0.746 0.060 
614    (0)   :  0.848 0.120 0.032 
615    (0)   :  0.827 0.111 0.062 
616    (0)   :  0.171 0.665 0.164 
617    (0)   :  0.410 0.552 0.038 
618    (0)   :  0.682 0.161 0.157 
619    (0)   :  0.140 0.741 0.119 
620    (0)   :  0.153 0.821 0.027 
621    (0)   :  0.164 0.805 0.031 
622    (0)   :  0.562 0.306 0.132 
623    (0)   :  0.091 0.873 0.036 
624    (0)   :  0.795 0.105 0.100 
625    (0)   :  0.602 0.278 0.120 
626    (0)   :  0.321 0.087 0.592 
627    (0)   :  0.114 0.833 0.053 
628    (0)   :  0.080 0.873 0.047 
629    (0)   :  0.151 0.786 0.063 
630    (0)   :  0.738 0.218 0.044 
631    (0)   :  0.522 0.415 0.063 
632    (0)   :  0.126 0.485 0.388 
633    (0)   :  0.515 0.388 0.097 
634    (0)   :  0.158 0.673 0.168 
635    (0)   :  0.131 0.275 0.593 
636    (0)   :  0.542 0.242 0.216 
637    (0)   :  0.289 0.567 0.145 
638    (0)   :  0.114 0.796 0.090 
639    (0)   :  0.448 0.456 0.096 
640    (0)   :  0.135 0.829 0.037 
641    (0)   :  0.223 0.717 0.059 
642    (0)   :  0.095 0.203 0.702 
643    (0)   :  0.043 0.090 0.867 
644    (0)   :  0.045 0.219 0.735 
645    (0)   :  0.321 0.084 0.595 
646    (0)   :  0.136 0.732 0.132 
647    (0)   :  0.069 0.574 0.358 
648    (0)   :  0.155 0.397 0.448 
649    (0)   :  0.043 0.699 0.258 
650    (0)   :  0.050 0.795 0.155 
651    (0)   :  0.057 0.477 0.466 
652    (0)   :  0.062 0.265 0.673 
653    (0)   :  0.110 0.374 0.516 
654    (0)   :  0.088 0.224 0.687 
655    (0)   :  0.087 0.327 0.585 
656    (0)   :  0.098 0.584 0.318 
657    (0)   :  0.365 0.464 0.171 
658    (0)   :  0.181 0.588 0.231 
659    (0)   :  0.082 0.261 0.657 
660    (0)   :  0.041 0.166 0.793 
661    (0)   :  0.079 0.140 0.782 
662    (0)   :  0.034 0.810 0.155 
663    (0)   :  0.064 0.223 0.713 
664    (0)   :  0.294 0.422 0.284 
665    (0)   :  0.045 0.776 0.180 
666    (0)   :  0.069 0.195 0.736 
667    (0)   :  0.086 0.841 0.072 
668    (0)   :  0.134 0.268 0.598 
669    (0)   :  0.065 0.567 0.368 
670    (0)   :  0.026 0.065 0.909 
671    (0)   :  0.037 0.139 0.825 
672    (0)   :  0.060 0.146 0.794 
673    (0)   :  0.029 0.052 0.920 
674    (0)   :  0.052 0.109 0.839 
675    (0)   :  0.031 0.115 0.854 
676    (0)   :  0.026 0.051 0.923 
677    (0)   :  0.023 0.060 0.917 
678    (0)   :  0.028 0.056 0.916 
679    (0)   :  0.051 0.096 0.853 
680    (0)   :  0.042 0.073 0.885 
681    (0)   :  0.144 0.305 0.551 
682    (0)   :  0.046 0.061 0.893 
683    (0)   :  0.025 0.058 0.917 
684    (0)   :  0.028 0.061 0.911 
685    (0)   :  0.024 0.048 0.928 
686    (0)   :  0.043 0.078 0.878 
687    (0)   :  0.032 0.129 0.839 
688    (0)   :  0.033 0.087 0.880 
689    (0)   :  0.025 0.050 0.925 
690    (0)   :  0.026 0.050 0.924 
691    (0)   :  0.047 0.090 0.863 
692    (0)   :  0.039 0.088 0.873 
693    (0)   :  0.043 0.082 0.875 
694    (0)   :  0.022 0.047 0.931 
695    (0)   :  0.030 0.057 0.913 
696    (0)   :  0.033 0.087 0.880 
697    (0)   :  0.025 0.052 0.923 
698    (0)   :  0.027 0.054 0.919 
699    (0)   :  0.028 0.059 0.912 
700    (0)   :  0.072 0.068 0.860 
701    (0)   :  0.056 0.124 0.820 
702    (0)   :  0.059 0.109 0.832 
703    (0)   :  0.046 0.067 0.887 
704    (0)   :  0.029 0.073 0.898 
705    (0)   :  0.073 0.150 0.777 
706    (0)   :  0.041 0.060 0.898 
707    (0)   :  0.028 0.056 0.916 
708    (0)   :  0.025 0.059 0.916 
709    (0)   :  0.028 0.050 0.921 
710    (0)   :  0.023 0.046 0.931 
711    (0)   :  0.040 0.067 0.893 
712    (0)   :  0.021 0.055 0.924 
713    (0)   :  0.030 0.084 0.886 
714    (0)   :  0.054 0.133 0.813 
715    (0)   :  0.022 0.047 0.931 
716    (0)   :  0.038 0.053 0.909 
717    (0)   :  0.022 0.046 0.932 
718    (0)   :  0.041 0.093 0.865 
719    (0)   :  0.021 0.051 0.928 
720    (0)   :  0.142 0.824 0.034 
721    (0)   :  0.173 0.201 0.626 
722    (0)   :  0.516 0.413 0.071 
723    (0)   :  0.630 0.309 0.061 
724    (0)   :  0.731 0.117 0.152 
725    (0)   :  0.139 0.656 0.205 
726    (0)   :  0.676 0.212 0.112 
727    (0)   :  0.164 0.358 0.478 
728    (0)   :  0.917 0.064 0.019 
729    (0)   :  0.896 0.083 0.021 
730    (0)   :  0.614 0.344 0.043 
731    (0)   :  0.853 0.106 0.041 
732    (0)   :  0.622 0.319 0.060 
733    (0)   :  0.885 0.087 0.028 
734    (0)   :  0.880 0.100 0.020 
735    (0)   :  0.891 0.076 0.033 
736    (0)   :  0.585 0.374 0.042 
737    (0)   :  0.558 0.391 0.052 
738    (0)   :  0.591 0.369 0.040 
739    (0)   :  0.895 0.080 0.025 
740    (0)   :  0.055 0.179 0.767 
741    (0)   :  0.107 0.346 0.547 
742    (0)   :  0.179 0.672 0.149 
743    (0)   :  0.165 0.753 0.082 
744    (0)   :  0.063 0.783 0.155 
745    (0)   :  0.116 0.854 0.030 
746    (0)   :  0.183 0.593 0.223 
747    (0)   :  0.081 0.862 0.057 
748    (0)   :  0.060 0.412 0.528 
749    (0)   :  0.075 0.689 0.236 
750    (0)   :  0.105 0.741 0.153 
751    (0)   :  0.074 0.358 0.568 
752    (0)   :  0.126 0.788 0.086 
753    (0)   :  0.263 0.446 0.290 
754    (0)   :  0.126 0.494 0.380 
755    (0)   :  0.109 0.735 0.157 
756    (0)   :  0.048 0.723 0.229 
757    (0)   :  0.085 0.792 0.122 
758    (0)   :  0.044 0.927 0.029 
759    (0)   :  0.154 0.317 0.529 
760    (0)   :  0.359 0.518 0.124 
761    (0)   :  0.549 0.171 0.280 
762    (0)   :  0.654 0.303 0.044 
763    (0)   :  0.260 0.449 0.291 
764    (0)   :  0.073 0.858 0.069 
765    (0)   :  0.575 0.352 0.073 
766    (0)   :  0.090 0.495 0.415 
767    (0)   :  0.112 0.676 0.212 
768    (0)   :  0.672 0.285 0.043 
769    (0)   :  0.584 0.218 0.198 
770    (0)   :  0.585 0.374 0.041 
771    (0)   :  0.040 0.666 0.294 
772    (0)   :  0.136 0.530 0.334 
773    (0)   :  0.087 0.819 0.093 
774    (0)   :  0.105 0.321 0.574 
775    (0)   :  0.766 0.170 0.065 
776    (0)   :  0.098 0.856 0.046 
777    (0)   :  0.136 0.745 0.119 
778    (0)   :  0.084 0.685 0.231 
779    (0)   :  0.063 0.821 0.116 
780    (0)   :  0.071 0.512 0.417 
781    (0)   :  0.050 0.490 0.460 
782    (0)   :  0.063 0.821 0.116 
783    (0)   :  0.145 0.574 0.280 
784    (0)   :  0.247 0.692 0.061 
785    (0)   :  0.096 0.789 0.115 
786    (0)   :  0.106 0.370 0.525 
787    (0)   :  0.035 0.454 0.511 
788    (0)   :  0.199 0.732 0.069 
789    (0)   :  0.269 0.663 0.068 
790    (0)   :  0.143 0.595 0.262 
791    (0)   :  0.122 0.770 0.108 
792    (0)   :  0.039 0.370 0.591 
793    (0)   :  0.143 0.248 0.609 
794    (0)   :  0.128 0.734 0.138 
795    (0)   :  0.135 0.202 0.664 
796    (0)   :  0.072 0.784 0.144 
797    (0)   :  0.055 0.145 0.800 
798    (0)   :  0.827 0.143 0.030 
799    (0)   :  0.100 0.841 0.059 
800    (0)   :  0.026 0.240 0.733 
801    (0)   :  0.815 0.129 0.056 
802    (0)   :  0.482 0.193 0.325 
803    (0)   :  0.137 0.349 0.514 
804    (0)   :  0.180 0.646 0.174 
805    (0)   :  0.041 0.090 0.870 
806    (0)   :  0.602 0.187 0.211 
807    (0)   :  0.037 0.087 0.876 
808    (0)   :  0.059 0.301 0.640 
809    (0)   :  0.609 0.211 0.180 
810    (0)   :  0.172 0.598 0.230 
811    (0)   :  0.104 0.233 0.664 
812    (0)   :  0.163 0.742 0.095 
813    (0)   :  0.829 0.138 0.034 
814    (0)   :  0.047 0.878 0.074 
815    (0)   :  0.484 0.101 0.415 
816    (0)   :  0.332 0.219 0.448 
817    (0)   :  0.478 0.195 0.328 
818    (0)   :  0.126 0.821 0.053 
819    (0)   :  0.037 0.866 0.097 
820    (0)   :  0.057 0.814 0.129 
821    (0)   :  0.163 0.774 0.063 
822    (0)   :  0.278 0.700 0.023 
823    (0)   :  0.505 0.308 0.187 
824    (0)   :  0.099 0.782 0.119 
825    (0)   :  0.218 0.737 0.044 
826    (0)   :  0.054 0.915 0.031 
827    (0)   :  0.400 0.554 0.045 
828    (0)   :  0.502 0.413 0.085 
829    (0)   :  0.708 0.211 0.080 
830    (0)   :  0.377 0.594 0.028 
831    (0)   :  0.248 0.632 0.120 
832    (0)   :  0.303 0.552 0.145 
833    (0)   :  0.508 0.358 0.135 
834    (0)   :  0.348 0.543 0.108 
835    (0)   :  0.055 0.913 0.032 
836    (0)   :  0.079 0.852 0.069 
837    (0)   :  0.544 0.191 0.264 
838    (0)   :  0.062 0.901 0.037 
839    (0)   :  0.222 0.732 0.045 
840    (0)   :  0.052 0.784 0.163 
841    (0)   :  0.047 0.854 0.099 
842    (0)   :  0.101 0.877 0.023 
843    (0)   :  0.070 0.520 0.410 
844    (0)   :  0.144 0.722 0.134 
845    (0)   :  0.084 0.888 0.028 
846    (0)   :  0.065 0.855 0.080 
847    (0)   :  0.037 0.822 0.140 
848    (0)   :  0.039 0.898 0.062 
849    (0)   :  0.162 0.798 0.040 
850    (0)   :  0.116 0.842 0.042 
851    (0)   :  0.044 0.920 0.036 
852    (0)   :  0.232 0.238 0.530 
853    (0)   :  0.269 0.694 0.038 
854    (0)   :  0.400 0.408 0.192 
855    (0)   :  0.057 0.881 0.062 
856    (0)   :  0.070 0.833 0.097 
857    (0)   :  0.102 0.840 0.058 
858    (0)   :  0.090 0.875 0.035 
859    (0)   :  0.195 0.764 0.040 
860    (0)   :  0.048 0.922 0.030 
861    (0)   :  0.042 0.498 0.460 
862    (0)   :  0.911 0.064 0.026 
863    (0)   :  0.849 0.089 0.062 
864    (0)   :  0.902 0.056 0.042 
865    (0)   :  0.889 0.091 0.020 
866    (0)   :  0.434 0.529 0.037 
867    (0)   :  0.884 0.072 0.044 
868    (0)   :  0.824 0.138 0.038 
869    (0)   :  0.484 0.477 0.039 
870    (0)   :  0.779 0.194 0.027 
871    (0)   :  0.849 0.127 0.023 
872    (0)   :  0.879 0.090 0.030 
873    (0)   :  0.897 0.069 0.034 
874    (0)   :  0.897 0.080 0.023 
875    (0)   :  0.448 0.505 0.047 
876    (0)   :  0.091 0.879 0.030 
877    (0)   :  0.909 0.061 0.031 
878    (0)   :  0.442 0.496 0.062 
879    (0)   :  0.888 0.073 0.039 
880    (0)   :  0.381 0.581 0.038 
881    (0)   :  0.873 0.087 0.040 
882    (0)   :  0.892 0.076 0.032 
883    (0)   :  0.121 0.834 0.045 
884    (0)   :  0.889 0.092 0.019 
885    (0)   :  0.751 0.170 0.079 
886    (0)   :  0.662 0.284 0.054 
887    (0)   :  0.886 0.091 0.023 
888    (0)   :  0.381 0.464 0.155 
889    (0)   :  0.896 0.084 0.020 
890    (0)   :  0.296 0.682 0.022 
891    (0)   :  0.058 0.908 0.034 
892    (0)   :  0.071 0.890 0.040 
893    (0)   :  0.256 0.671 0.073 
894    (0)   :  0.448 0.530 0.022 
895    (0)   :  0.862 0.114 0.024 
896    (0)   :  0.046 0.893 0.061 
897    (0)   :  0.050 0.915 0.035 
898    (0)   :  0.465 0.463 0.072 
899    (0)   :  0.344 0.637 0.019 
900    (0)   :  0.056 0.916 0.028 
901    (0)   :  0.066 0.904 0.030 
902    (0)   :  0.049 0.898 0.053 
903    (0)   :  0.638 0.329 0.032 
904    (0)   :  0.431 0.497 0.071 
905    (0)   :  0.697 0.281 0.022 
906    (0)   :  0.165 0.788 0.047 
907    (0)   :  0.147 0.809 0.044 
908    (0)   :  0.142 0.822 0.036 
909    (0)   :  0.149 0.798 0.053 
910    (0)   :  0.066 0.886 0.048 
911    (0)   :  0.763 0.218 0.020 
912    (0)   :  0.418 0.558 0.024 
913    (0)   :  0.464 0.512 0.024 
914    (0)   :  0.266 0.585 0.149 
915    (0)   :  0.144 0.837 0.019 
916    (0)   :  0.181 0.792 0.027 
917    (0)   :  0.264 0.707 0.029 
918    (0)   :  0.474 0.400 0.125 
919    (0)   :  0.602 0.336 0.062 
920    (0)   :  0.133 0.826 0.040 
921    (0)   :  0.075 0.518 0.406 
922    (0)   :  0.097 0.833 0.070 
923    (0)   :  0.043 0.834 0.122 
924    (0)   :  0.040 0.903 0.057 
925    (0)   :  0.061 0.836 0.103 
926    (0)   :  0.029 0.557 0.414 
927    (0)   :  0.092 0.422 0.485 
928    (0)   :  0.033 0.339 0.627 
929    (0)   :  0.030 0.853 0.117 
930    (0)   :  0.057 0.791 0.153 
931    (0)   :  0.356 0.098 0.545 
932    (0)   :  0.039 0.860 0.101 
933    (0)   :  0.038 0.190 0.772 
934    (0)   :  0.030 0.930 0.040 
935    (0)   :  0.091 0.602 0.307 
936    (0)   :  0.085 0.703 0.212 
937    (0)   :  0.072 0.243 0.685 
938    (0)   :  0.028 0.306 0.666 
939    (0)   :  0.073 0.185 0.742 
940    (0)   :  0.106 0.605 0.289 
941    (0)   :  0.144 0.774 0.082 
942    (0)   :  0.071 0.523 0.406 
943    (0)   :  0.052 0.091 0.856 
944    (0)   :  0.064 0.264 0.671 
945    (0)   :  0.054 0.794 0.152 
946    (0)   :  0.058 0.743 0.199 
947    (0)   :  0.048 0.196 0.755 
948    (0)   :  0.670 0.206 0.124 
949    (0)   :  0.425 0.506 0.069 
950    (0)   :  0.032 0.280 0.688 
951    (0)   :  0.076 0.438 0.486 
952    (0)   :  0.100 0.582 0.318 
953    (0)   :  0.107 0.743 0.150 
954    (0)   :  0.360 0.390 0.249 
955    (0)   :  0.037 0.062 0.901 
956    (0)   :  0.027 0.074 0.899 
957    (0)   :  0.140 0.331 0.529 
958    (0)   :  0.119 0.803 0.078 
959    (0)   :  0.059 0.636 0.306 
960    (0)   :  0.530 0.380 0.090 
961    (0)   :  0.024 0.048 0.928 
962    (0)   :  0.029 0.884 0.086 
963    (0)   :  0.154 0.769 0.077 
964    (0)   :  0.103 0.791 0.107 
965    (0)   :  0.050 0.591 0.359 
966    (0)   :  0.120 0.614 0.266 
967    (0)   :  0.042 0.060 0.899 
968    (0)   :  0.035 0.859 0.106 
969    (0)   :  0.240 0.506 0.255 
970    (0)   :  0.045 0.146 0.809 
971    (0)   :  0.040 0.731 0.230 
972    (0)   :  0.176 0.549 0.275 
973    (0)   :  0.030 0.407 0.563 
974    (0)   :  0.082 0.823 0.095 
975    (0)   :  0.243 0.503 0.254 
976    (0)   :  0.041 0.731 0.228 
977    (0)   :  0.119 0.533 0.348 
978    (0)   :  0.039 0.588 0.372 
979    (0)   :  0.054 0.859 0.086 
980    (0)   :  0.040 0.509 0.450 
981    (0)   :  0.088 0.676 0.235 
982    (0)   :  0.092 0.866 0.042 
983    (0)   :  0.379 0.565 0.056 
984    (0)   :  0.197 0.116 0.687 
985    (0)   :  0.054 0.775 0.171 
986    (0)   :  0.080 0.843 0.078 
987    (0)   :  0.059 0.909 0.033 
988    (0)   :  0.640 0.339 0.022 
989    (0)   :  0.096 0.128 0.777 
990    (0)   :  0.186 0.720 0.094 
991    (0)   :  0.072 0.786 0.142 
992    (0)   :  0.036 0.927 0.037 
993    (0)   :  0.564 0.382 0.053 
994    (0)   :  0.063 0.597 0.340 
995    (0)   :  0.021 0.056 0.923 
996    (0)   :  0.154 0.802 0.044 
997    (0)   :  0.037 0.872 0.091 
998    (0)   :  0.064 0.894 0.042 
999    (0)   :  0.066 0.754 0.181 
1000    (0)   :  0.063 0.898 0.039 
1001    (0)   :  0.161 0.788 0.051 
1002    (0)   :  0.118 0.858 0.023 
1003    (0)   :  0.054 0.828 0.118 
1004    (0)   :  0.040 0.896 0.064 
1005    (0)   :  0.060 0.900 0.040 
1006    (0)   :  0.077 0.702 0.221 
1007    (0)   :  0.054 0.535 0.411 
1008    (0)   :  0.053 0.330 0.616 
1009    (0)   :  0.204 0.601 0.196 
1010    (0)   :  0.068 0.768 0.164 
1011    (0)   :  0.078 0.351 0.571 
1012    (0)   :  0.109 0.777 0.115 
1013    (0)   :  0.061 0.795 0.144 
1014    (0)   :  0.095 0.859 0.045 
1015    (0)   :  0.037 0.895 0.069 
1016    (0)   :  0.053 0.911 0.036 
1017    (0)   :  0.043 0.746 0.211 
1018    (0)   :  0.065 0.758 0.176 
1019    (0)   :  0.104 0.733 0.163 
1020    (0)   :  0.031 0.086 0.883 
1021    (0)   :  0.047 0.234 0.719 
1022    (0)   :  0.054 0.790 0.156 
1023    (0)   :  0.189 0.757 0.055 
1024    (0)   :  0.158 0.800 0.043 
1025    (0)   :  0.061 0.857 0.082 
1026    (0)   :  0.703 0.099 0.198 
1027    (0)   :  0.653 0.163 0.183 
1028    (0)   :  0.714 0.193 0.093 
1029    (0)   :  0.108 0.729 0.163 
1030    (0)   :  0.095 0.332 0.573 
1031    (0)   :  0.463 0.238 0.299 
1032    (0)   :  0.347 0.258 0.395 
1033    (0)   :  0.430 0.248 0.322 
1034    (0)   :  0.100 0.726 0.173 
1035    (0)   :  0.076 0.147 0.777 
1036    (0)   :  0.150 0.245 0.606 
1037    (0)   :  0.048 0.305 0.648 
1038    (0)   :  0.378 0.156 0.466 
1039    (0)   :  0.181 0.305 0.514 
1040    (0)   :  0.693 0.114 0.193 
1041    (0)   :  0.704 0.160 0.136 
1042    (0)   :  0.226 0.251 0.522 
1043    (0)   :  0.476 0.231 0.293 
1044    (0)   :  0.450 0.385 0.165 
1045    (0)   :  0.758 0.087 0.155 
1046    (0)   :  0.211 0.299 0.490 
1047    (0)   :  0.067 0.147 0.786 
1048    (0)   :  0.135 0.775 0.090 
1049    (0)   :  0.067 0.879 0.053 
1050    (0)   :  0.323 0.656 0.021 
1051    (0)   :  0.118 0.860 0.023 
1052    (0)   :  0.153 0.815 0.033 
1053    (0)   :  0.155 0.808 0.037 
1054    (0)   :  0.114 0.846 0.039 
1055    (0)   :  0.047 0.923 0.031 
1056    (0)   :  0.075 0.891 0.034 
1057    (0)   :  0.790 0.181 0.029 
1058    (0)   :  0.290 0.686 0.024 
1059    (0)   :  0.360 0.594 0.045 
1060    (0)   :  0.257 0.665 0.078 
1061    (0)   :  0.050 0.923 0.027 
1062    (0)   :  0.347 0.627 0.027 
1063    (0)   :  0.037 0.874 0.089 
1064    (0)   :  0.179 0.787 0.034 
1065    (0)   :  0.111 0.838 0.052 
1066    (0)   :  0.050 0.891 0.059 
1067    (0)   :  0.252 0.722 0.026 
1068    (0)   :  0.133 0.616 0.251 
1069    (0)   :  0.081 0.899 0.020 
1070    (0)   :  0.133 0.838 0.029 
1071    (0)   :  0.121 0.789 0.090 
1072    (0)   :  0.091 0.860 0.049 
1073    (0)   :  0.265 0.702 0.033 
1074    (0)   :  0.292 0.641 0.068 
1075    (0)   :  0.210 0.743 0.047 
1076    (0)   :  0.176 0.770 0.054 
1077    (0)   :  0.834 0.140 0.025 
1078    (0)   :  0.073 0.888 0.040 
1079    (0)   :  0.244 0.723 0.033 
1080    (0)   :  0.089 0.787 0.124 
1081    (0)   :  0.178 0.798 0.024 
1082    (0)   :  0.149 0.783 0.068 
1083    (0)   :  0.100 0.855 0.045 
1084    (0)   :  0.101 0.775 0.124 
1085    (0)   :  0.099 0.883 0.018 
1086    (0)   :  0.039 0.934 0.027 
1087    (0)   :  0.089 0.893 0.018 
1088    (0)   :  0.069 0.911 0.020 
1089    (0)   :  0.434 0.545 0.021 
1090    (0)   :  0.243 0.730 0.027 
1091    (0)   :  0.077 0.885 0.038 
1092    (0)   :  0.183 0.793 0.024 
1093    (0)   :  0.053 0.881 0.065 
1094    (0)   :  0.733 0.197 0.070 
