

----------------------------------------------------
STRUCTURE by Pritchard, Stephens and Donnelly (2000)
     and Falush, Stephens and Pritchard (2003)
       Code by Pritchard, Falush and Hubisz
             Version 2.3.4 (Jul 2012)
----------------------------------------------------



Command line arguments:   ./structure -K 9 -D 109009 -m brooktrout/mainparams -e brooktrout/extraparams -o brooktrout/250914_output/results_K9_rep9 
Input File:    brooktrout/brooktrout.txt

Run parameters:
   8454 individuals
   5 loci
   9 populations assumed
   50000 Burn-in period
   100000 Reps
RANDOMIZE turned off


--------------------------------------------
Overall proportion of membership of the
sample in each of the 9 clusters

Inferred Clusters
  1      2      3      4      5      6      7      8      9    
0.010  0.012  0.027  0.100  0.149  0.159  0.176  0.171  0.196  

--------------------------------------------

Allele-freq. divergence among pops (Net nucleotide distance),
computed using point estimates of P.

      1       2       3       4       5       6       7       8       9      
 1      -    0.1429  0.1760  0.1138  0.1087  0.1265  0.1316  0.1193  0.1249  
 2   0.1429     -    0.1812  0.2069  0.1549  0.1869  0.2263  0.1855  0.1551  
 3   0.1760  0.1812     -    0.2239  0.1948  0.1345  0.1871  0.1899  0.1351  
 4   0.1138  0.2069  0.2239     -    0.1101  0.1673  0.1980  0.1025  0.1098  
 5   0.1087  0.1549  0.1948  0.1101     -    0.1654  0.2038  0.0841  0.0955  
 6   0.1265  0.1869  0.1345  0.1673  0.1654     -    0.0752  0.1284  0.1123  
 7   0.1316  0.2263  0.1871  0.1980  0.2038  0.0752     -    0.1851  0.1445  
 8   0.1193  0.1855  0.1899  0.1025  0.0841  0.1284  0.1851     -    0.1378  
 9   0.1249  0.1551  0.1351  0.1098  0.0955  0.1123  0.1445  0.1378     -    

Average distances (expected heterozygosity) between individuals in same cluster:
cluster  1  : 0.8184 
cluster  2  : 0.7544 
cluster  3  : 0.7501 
cluster  4  : 0.7089 
cluster  5  : 0.7656 
cluster  6  : 0.7224 
cluster  7  : 0.7009 
cluster  8  : 0.7251 
cluster  9  : 0.7732 

--------------------------------------------
Estimated Ln Prob of Data   = -185580.3
Mean value of ln likelihood = -172376.4
Variance of ln likelihood   = 26407.9

Mean value of alpha_1       = 0.0464
Mean value of alpha_2       = 0.0544
Mean value of alpha_3       = 0.1238
Mean value of alpha_4       = 0.4632
Mean value of alpha_5       = 0.6897
Mean value of alpha_6       = 0.7462
Mean value of alpha_7       = 0.8147
Mean value of alpha_8       = 0.8047
Mean value of alpha_9       = 0.9217
Allele frequencies uncorrelated


Inferred ancestry of individuals:
     (%Miss) :  Inferred clusters
  1    (0)   :  0.007 0.008 0.026 0.094 0.102 0.240 0.171 0.226 0.125 
  2    (0)   :  0.004 0.005 0.010 0.081 0.093 0.098 0.094 0.085 0.530 
  3    (0)   :  0.007 0.005 0.022 0.218 0.098 0.221 0.126 0.182 0.120 
  4    (0)   :  0.012 0.005 0.021 0.076 0.098 0.192 0.356 0.110 0.129 
  5    (0)   :  0.005 0.006 0.012 0.114 0.110 0.086 0.103 0.095 0.468 
  6    (0)   :  0.007 0.005 0.011 0.350 0.117 0.073 0.126 0.149 0.162 
  7    (0)   :  0.008 0.005 0.011 0.119 0.343 0.097 0.099 0.194 0.123 
  8    (0)   :  0.027 0.007 0.016 0.176 0.121 0.145 0.257 0.141 0.110 
  9    (0)   :  0.009 0.010 0.017 0.152 0.108 0.181 0.111 0.139 0.274 
 10    (0)   :  0.010 0.007 0.010 0.171 0.156 0.106 0.227 0.177 0.136 
 11    (0)   :  0.005 0.006 0.010 0.088 0.243 0.112 0.085 0.318 0.133 
 12    (0)   :  0.005 0.005 0.015 0.138 0.119 0.104 0.150 0.087 0.376 
 13    (0)   :  0.008 0.006 0.015 0.155 0.154 0.164 0.127 0.129 0.243 
 14    (0)   :  0.005 0.005 0.038 0.115 0.075 0.157 0.162 0.167 0.277 
 15    (0)   :  0.006 0.005 0.016 0.092 0.123 0.159 0.242 0.165 0.191 
 16    (0)   :  0.005 0.007 0.014 0.146 0.117 0.173 0.106 0.303 0.129 
 17    (0)   :  0.010 0.006 0.033 0.281 0.120 0.128 0.138 0.107 0.178 
 18    (0)   :  0.010 0.011 0.016 0.131 0.072 0.122 0.169 0.204 0.264 
 19    (0)   :  0.005 0.005 0.009 0.318 0.133 0.113 0.121 0.128 0.167 
 20    (0)   :  0.006 0.005 0.015 0.118 0.186 0.112 0.155 0.169 0.233 
 21    (0)   :  0.005 0.006 0.020 0.070 0.082 0.179 0.233 0.180 0.225 
 22    (0)   :  0.008 0.006 0.013 0.308 0.086 0.160 0.128 0.140 0.150 
 23    (0)   :  0.009 0.019 0.038 0.095 0.090 0.278 0.160 0.117 0.193 
 24    (0)   :  0.005 0.007 0.013 0.088 0.095 0.268 0.166 0.227 0.132 
 25    (0)   :  0.006 0.005 0.016 0.254 0.168 0.082 0.083 0.152 0.234 
 26    (0)   :  0.009 0.006 0.015 0.141 0.106 0.144 0.205 0.153 0.221 
 27    (0)   :  0.008 0.007 0.026 0.154 0.104 0.157 0.147 0.183 0.215 
 28    (0)   :  0.006 0.008 0.015 0.076 0.137 0.111 0.328 0.183 0.136 
 29    (0)   :  0.004 0.006 0.012 0.091 0.188 0.178 0.099 0.136 0.286 
 30    (0)   :  0.006 0.007 0.014 0.223 0.078 0.174 0.108 0.195 0.195 
 31    (0)   :  0.017 0.009 0.024 0.115 0.139 0.128 0.187 0.138 0.243 
 32    (0)   :  0.005 0.005 0.014 0.237 0.096 0.154 0.191 0.112 0.186 
 33    (0)   :  0.005 0.007 0.014 0.123 0.138 0.250 0.116 0.204 0.143 
 34    (0)   :  0.008 0.016 0.013 0.197 0.259 0.076 0.159 0.154 0.118 
 35    (0)   :  0.013 0.017 0.032 0.176 0.093 0.188 0.087 0.107 0.286 
 36    (0)   :  0.005 0.006 0.028 0.051 0.075 0.282 0.083 0.327 0.142 
 37    (0)   :  0.008 0.005 0.015 0.105 0.106 0.296 0.149 0.102 0.213 
 38    (0)   :  0.006 0.014 0.016 0.060 0.148 0.128 0.072 0.393 0.164 
 39    (0)   :  0.008 0.018 0.024 0.084 0.141 0.131 0.110 0.262 0.222 
 40    (0)   :  0.004 0.006 0.028 0.093 0.068 0.411 0.099 0.132 0.157 
 41    (0)   :  0.008 0.026 0.037 0.085 0.135 0.298 0.067 0.218 0.127 
 42    (0)   :  0.005 0.010 0.021 0.039 0.074 0.410 0.108 0.220 0.112 
 43    (0)   :  0.008 0.009 0.038 0.082 0.115 0.326 0.097 0.089 0.236 
 44    (0)   :  0.008 0.010 0.067 0.147 0.092 0.237 0.066 0.096 0.278 
 45    (0)   :  0.005 0.014 0.027 0.046 0.094 0.171 0.072 0.260 0.310 
 46    (0)   :  0.012 0.008 0.030 0.212 0.123 0.102 0.113 0.147 0.254 
 47    (0)   :  0.018 0.016 0.018 0.223 0.108 0.191 0.121 0.097 0.208 
 48    (0)   :  0.009 0.013 0.054 0.150 0.073 0.248 0.072 0.091 0.291 
 49    (0)   :  0.010 0.029 0.028 0.094 0.100 0.215 0.102 0.182 0.240 
 50    (0)   :  0.011 0.012 0.017 0.217 0.184 0.086 0.127 0.154 0.192 
 51    (0)   :  0.005 0.010 0.069 0.042 0.074 0.325 0.068 0.233 0.175 
 52    (0)   :  0.011 0.020 0.028 0.085 0.151 0.158 0.126 0.266 0.155 
 53    (0)   :  0.007 0.014 0.017 0.108 0.113 0.168 0.114 0.342 0.117 
 54    (0)   :  0.009 0.010 0.029 0.096 0.102 0.206 0.123 0.075 0.351 
 55    (0)   :  0.007 0.008 0.052 0.079 0.091 0.198 0.100 0.087 0.379 
 56    (0)   :  0.007 0.016 0.024 0.128 0.071 0.239 0.103 0.147 0.265 
 57    (0)   :  0.019 0.012 0.011 0.177 0.138 0.134 0.260 0.121 0.129 
 58    (0)   :  0.006 0.012 0.027 0.051 0.098 0.270 0.094 0.177 0.266 
 59    (0)   :  0.006 0.024 0.022 0.059 0.111 0.198 0.093 0.248 0.239 
 60    (0)   :  0.005 0.006 0.042 0.053 0.080 0.326 0.159 0.172 0.157 
 61    (0)   :  0.004 0.006 0.087 0.042 0.082 0.233 0.136 0.081 0.329 
 62    (0)   :  0.013 0.046 0.016 0.105 0.109 0.103 0.138 0.144 0.327 
 63    (0)   :  0.004 0.006 0.020 0.058 0.148 0.272 0.115 0.162 0.214 
 64    (0)   :  0.007 0.011 0.011 0.185 0.111 0.127 0.083 0.225 0.239 
 65    (0)   :  0.006 0.007 0.014 0.105 0.288 0.085 0.077 0.121 0.298 
 66    (0)   :  0.005 0.007 0.015 0.056 0.136 0.188 0.193 0.115 0.285 
 67    (0)   :  0.006 0.006 0.093 0.079 0.109 0.181 0.085 0.081 0.359 
 68    (0)   :  0.007 0.025 0.024 0.049 0.098 0.212 0.106 0.266 0.214 
 69    (0)   :  0.010 0.074 0.041 0.083 0.110 0.086 0.162 0.294 0.140 
 70    (0)   :  0.005 0.007 0.039 0.050 0.138 0.296 0.105 0.253 0.108 
 71    (0)   :  0.006 0.026 0.027 0.057 0.112 0.143 0.070 0.251 0.309 
 72    (0)   :  0.006 0.007 0.029 0.128 0.091 0.201 0.078 0.302 0.157 
 73    (0)   :  0.006 0.021 0.026 0.050 0.113 0.163 0.078 0.119 0.425 
 74    (0)   :  0.005 0.006 0.022 0.051 0.069 0.339 0.098 0.279 0.131 
 75    (0)   :  0.006 0.009 0.022 0.045 0.059 0.385 0.121 0.213 0.140 
 76    (0)   :  0.006 0.005 0.038 0.077 0.190 0.205 0.094 0.130 0.254 
 77    (0)   :  0.005 0.017 0.019 0.050 0.149 0.203 0.063 0.279 0.214 
 78    (0)   :  0.006 0.020 0.019 0.055 0.139 0.211 0.064 0.325 0.161 
 79    (0)   :  0.005 0.005 0.010 0.092 0.211 0.114 0.106 0.226 0.230 
 80    (0)   :  0.005 0.006 0.011 0.052 0.129 0.244 0.315 0.105 0.133 
 81    (0)   :  0.006 0.005 0.010 0.055 0.167 0.164 0.305 0.141 0.148 
 82    (0)   :  0.005 0.007 0.018 0.061 0.127 0.220 0.138 0.119 0.304 
 83    (0)   :  0.005 0.005 0.015 0.067 0.148 0.161 0.232 0.217 0.149 
 84    (0)   :  0.005 0.005 0.010 0.062 0.184 0.146 0.217 0.220 0.151 
 85    (0)   :  0.005 0.004 0.014 0.088 0.096 0.169 0.239 0.239 0.146 
 86    (0)   :  0.007 0.008 0.025 0.107 0.125 0.115 0.103 0.107 0.403 
 87    (0)   :  0.006 0.006 0.016 0.061 0.270 0.137 0.112 0.218 0.174 
 88    (0)   :  0.005 0.005 0.011 0.053 0.154 0.254 0.183 0.141 0.195 
 89    (0)   :  0.007 0.005 0.010 0.051 0.128 0.230 0.246 0.134 0.189 
 90    (0)   :  0.005 0.005 0.010 0.055 0.279 0.121 0.123 0.168 0.234 
 91    (0)   :  0.005 0.004 0.015 0.063 0.091 0.224 0.292 0.187 0.119 
 92    (0)   :  0.005 0.005 0.011 0.072 0.163 0.165 0.141 0.182 0.257 
 93    (0)   :  0.005 0.005 0.011 0.049 0.075 0.184 0.456 0.100 0.113 
 94    (0)   :  0.005 0.005 0.016 0.051 0.305 0.106 0.101 0.311 0.100 
 95    (0)   :  0.005 0.005 0.010 0.042 0.268 0.185 0.167 0.134 0.184 
 96    (0)   :  0.005 0.007 0.029 0.040 0.080 0.313 0.141 0.088 0.297 
 97    (0)   :  0.006 0.007 0.019 0.047 0.061 0.290 0.129 0.241 0.201 
 98    (0)   :  0.004 0.007 0.016 0.074 0.087 0.278 0.082 0.142 0.310 
 99    (0)   :  0.005 0.005 0.010 0.057 0.211 0.134 0.207 0.187 0.184 
100    (0)   :  0.005 0.005 0.012 0.046 0.066 0.292 0.287 0.073 0.213 
101    (0)   :  0.007 0.006 0.019 0.061 0.181 0.215 0.132 0.188 0.190 
102    (0)   :  0.006 0.011 0.029 0.054 0.150 0.255 0.215 0.149 0.131 
103    (0)   :  0.005 0.009 0.015 0.056 0.171 0.103 0.191 0.099 0.350 
104    (0)   :  0.005 0.005 0.014 0.057 0.378 0.061 0.149 0.109 0.221 
105    (0)   :  0.006 0.012 0.018 0.052 0.271 0.082 0.196 0.089 0.275 
106    (0)   :  0.005 0.005 0.013 0.073 0.337 0.074 0.063 0.244 0.187 
107    (0)   :  0.006 0.007 0.023 0.061 0.279 0.101 0.176 0.097 0.252 
108    (0)   :  0.004 0.005 0.067 0.083 0.078 0.082 0.101 0.187 0.392 
109    (0)   :  0.007 0.088 0.015 0.062 0.239 0.072 0.071 0.214 0.232 
110    (0)   :  0.005 0.007 0.012 0.070 0.394 0.081 0.068 0.240 0.124 
111    (0)   :  0.006 0.012 0.017 0.055 0.442 0.072 0.105 0.086 0.206 
112    (0)   :  0.005 0.094 0.031 0.046 0.402 0.087 0.075 0.144 0.116 
113    (0)   :  0.006 0.007 0.019 0.081 0.111 0.129 0.123 0.153 0.372 
114    (0)   :  0.005 0.009 0.012 0.050 0.357 0.066 0.178 0.104 0.220 
115    (0)   :  0.006 0.007 0.069 0.076 0.330 0.141 0.089 0.098 0.184 
116    (0)   :  0.007 0.010 0.029 0.061 0.220 0.108 0.065 0.271 0.231 
117    (0)   :  0.007 0.018 0.023 0.069 0.365 0.115 0.075 0.202 0.126 
118    (0)   :  0.005 0.009 0.014 0.060 0.161 0.081 0.096 0.087 0.487 
119    (0)   :  0.004 0.005 0.040 0.048 0.118 0.307 0.145 0.154 0.178 
120    (0)   :  0.006 0.010 0.038 0.064 0.334 0.118 0.117 0.105 0.209 
121    (0)   :  0.010 0.013 0.156 0.065 0.283 0.108 0.071 0.129 0.166 
122    (0)   :  0.004 0.010 0.012 0.064 0.285 0.077 0.091 0.224 0.233 
123    (0)   :  0.005 0.009 0.020 0.059 0.338 0.091 0.122 0.159 0.196 
124    (0)   :  0.008 0.020 0.047 0.106 0.206 0.090 0.085 0.205 0.233 
125    (0)   :  0.006 0.021 0.029 0.105 0.174 0.134 0.075 0.327 0.130 
126    (0)   :  0.004 0.006 0.032 0.046 0.207 0.122 0.118 0.275 0.190 
127    (0)   :  0.005 0.006 0.021 0.048 0.448 0.077 0.110 0.081 0.205 
128    (0)   :  0.004 0.007 0.015 0.057 0.122 0.081 0.090 0.083 0.539 
129    (0)   :  0.007 0.009 0.016 0.058 0.259 0.072 0.085 0.093 0.402 
130    (0)   :  0.006 0.011 0.015 0.055 0.340 0.080 0.170 0.109 0.214 
131    (0)   :  0.010 0.022 0.049 0.077 0.231 0.084 0.070 0.307 0.150 
132    (0)   :  0.005 0.009 0.014 0.060 0.255 0.067 0.074 0.195 0.321 
133    (0)   :  0.009 0.010 0.029 0.066 0.285 0.085 0.124 0.108 0.283 
134    (0)   :  0.005 0.010 0.011 0.054 0.494 0.065 0.057 0.167 0.139 
135    (0)   :  0.007 0.011 0.030 0.039 0.062 0.213 0.324 0.111 0.204 
136    (0)   :  0.006 0.006 0.012 0.075 0.059 0.147 0.498 0.088 0.110 
137    (0)   :  0.005 0.007 0.011 0.050 0.104 0.232 0.416 0.085 0.089 
138    (0)   :  0.005 0.005 0.015 0.044 0.056 0.117 0.552 0.110 0.096 
139    (0)   :  0.005 0.007 0.018 0.057 0.062 0.135 0.254 0.107 0.356 
140    (0)   :  0.005 0.007 0.018 0.046 0.083 0.190 0.291 0.175 0.186 
141    (0)   :  0.006 0.008 0.013 0.083 0.060 0.115 0.439 0.138 0.139 
142    (0)   :  0.006 0.013 0.033 0.040 0.061 0.188 0.317 0.102 0.241 
143    (0)   :  0.004 0.004 0.012 0.043 0.056 0.232 0.481 0.075 0.092 
144    (0)   :  0.005 0.007 0.014 0.045 0.102 0.234 0.422 0.080 0.091 
145    (0)   :  0.006 0.009 0.015 0.091 0.060 0.183 0.342 0.137 0.157 
146    (0)   :  0.008 0.006 0.016 0.064 0.105 0.174 0.319 0.167 0.142 
147    (0)   :  0.005 0.005 0.011 0.048 0.057 0.167 0.546 0.079 0.083 
148    (0)   :  0.006 0.009 0.021 0.080 0.086 0.134 0.388 0.097 0.181 
149    (0)   :  0.006 0.009 0.020 0.046 0.056 0.189 0.414 0.126 0.134 
150    (0)   :  0.006 0.008 0.013 0.055 0.138 0.170 0.375 0.099 0.137 
151    (0)   :  0.005 0.005 0.013 0.045 0.074 0.192 0.450 0.092 0.124 
152    (0)   :  0.006 0.008 0.040 0.097 0.073 0.131 0.378 0.116 0.151 
153    (0)   :  0.005 0.006 0.021 0.045 0.072 0.158 0.445 0.145 0.103 
154    (0)   :  0.007 0.007 0.023 0.076 0.058 0.133 0.464 0.089 0.144 
155    (0)   :  0.005 0.004 0.012 0.045 0.076 0.098 0.563 0.084 0.113 
156    (0)   :  0.004 0.006 0.037 0.039 0.078 0.199 0.401 0.083 0.152 
157    (0)   :  0.005 0.004 0.010 0.043 0.132 0.128 0.456 0.126 0.096 
158    (0)   :  0.007 0.009 0.014 0.083 0.060 0.192 0.366 0.144 0.125 
159    (0)   :  0.006 0.006 0.010 0.045 0.057 0.151 0.548 0.081 0.098 
160    (0)   :  0.006 0.006 0.010 0.045 0.056 0.114 0.573 0.081 0.110 
161    (0)   :  0.005 0.006 0.012 0.050 0.073 0.337 0.245 0.150 0.122 
162    (0)   :  0.009 0.006 0.017 0.065 0.102 0.121 0.337 0.156 0.187 
163    (0)   :  0.004 0.004 0.020 0.041 0.073 0.130 0.540 0.086 0.101 
164    (0)   :  0.009 0.005 0.013 0.054 0.088 0.108 0.390 0.126 0.207 
165    (0)   :  0.006 0.007 0.014 0.047 0.137 0.182 0.394 0.096 0.117 
166    (0)   :  0.005 0.005 0.025 0.053 0.109 0.133 0.375 0.164 0.130 
167    (0)   :  0.012 0.006 0.018 0.100 0.082 0.076 0.511 0.085 0.109 
168    (0)   :  0.006 0.005 0.022 0.053 0.062 0.138 0.433 0.178 0.103 
169    (0)   :  0.008 0.010 0.014 0.083 0.060 0.155 0.286 0.269 0.116 
170    (0)   :  0.005 0.005 0.015 0.043 0.069 0.466 0.175 0.088 0.135 
171    (0)   :  0.005 0.005 0.025 0.081 0.071 0.128 0.383 0.148 0.155 
172    (0)   :  0.005 0.010 0.022 0.045 0.055 0.231 0.273 0.228 0.130 
173    (0)   :  0.006 0.005 0.010 0.047 0.057 0.108 0.556 0.075 0.136 
174    (0)   :  0.005 0.005 0.010 0.049 0.076 0.118 0.526 0.100 0.111 
175    (0)   :  0.006 0.005 0.013 0.085 0.057 0.287 0.373 0.079 0.095 
176    (0)   :  0.005 0.007 0.013 0.045 0.103 0.239 0.418 0.079 0.092 
177    (0)   :  0.005 0.006 0.012 0.044 0.119 0.117 0.384 0.207 0.107 
178    (0)   :  0.006 0.005 0.010 0.091 0.078 0.097 0.486 0.103 0.124 
179    (0)   :  0.005 0.004 0.010 0.050 0.057 0.102 0.595 0.075 0.102 
180    (0)   :  0.009 0.008 0.019 0.066 0.082 0.197 0.358 0.135 0.125 
181    (0)   :  0.006 0.008 0.015 0.049 0.058 0.222 0.349 0.119 0.175 
182    (0)   :  0.007 0.006 0.017 0.042 0.057 0.192 0.443 0.076 0.161 
183    (0)   :  0.005 0.005 0.011 0.051 0.057 0.160 0.525 0.076 0.110 
184    (0)   :  0.006 0.005 0.011 0.132 0.090 0.108 0.097 0.079 0.471 
185    (0)   :  0.004 0.005 0.069 0.041 0.056 0.187 0.469 0.065 0.105 
186    (0)   :  0.006 0.005 0.012 0.098 0.134 0.106 0.091 0.091 0.458 
187    (0)   :  0.004 0.005 0.014 0.080 0.081 0.115 0.293 0.076 0.332 
188    (0)   :  0.006 0.006 0.012 0.093 0.100 0.082 0.075 0.075 0.552 
189    (0)   :  0.005 0.005 0.019 0.129 0.078 0.232 0.205 0.179 0.149 
190    (0)   :  0.004 0.007 0.067 0.036 0.056 0.226 0.223 0.064 0.317 
191    (0)   :  0.004 0.006 0.011 0.063 0.069 0.098 0.144 0.078 0.527 
192    (0)   :  0.004 0.004 0.010 0.078 0.106 0.179 0.209 0.091 0.317 
193    (0)   :  0.005 0.006 0.013 0.081 0.080 0.189 0.184 0.106 0.336 
194    (0)   :  0.005 0.005 0.020 0.063 0.093 0.279 0.153 0.098 0.283 
195    (0)   :  0.005 0.006 0.028 0.046 0.055 0.193 0.303 0.069 0.296 
196    (0)   :  0.004 0.006 0.023 0.048 0.076 0.174 0.201 0.075 0.392 
197    (0)   :  0.006 0.006 0.019 0.169 0.129 0.094 0.217 0.091 0.271 
198    (0)   :  0.004 0.005 0.017 0.091 0.104 0.176 0.159 0.183 0.261 
199    (0)   :  0.005 0.006 0.022 0.047 0.075 0.363 0.127 0.087 0.268 
200    (0)   :  0.004 0.008 0.027 0.076 0.077 0.149 0.193 0.103 0.363 
201    (0)   :  0.004 0.004 0.016 0.060 0.064 0.124 0.411 0.067 0.250 
202    (0)   :  0.004 0.005 0.023 0.045 0.072 0.353 0.255 0.068 0.175 
203    (0)   :  0.004 0.007 0.013 0.049 0.061 0.113 0.393 0.063 0.297 
204    (0)   :  0.005 0.006 0.020 0.041 0.058 0.180 0.173 0.069 0.448 
205    (0)   :  0.004 0.005 0.019 0.056 0.071 0.157 0.146 0.096 0.445 
206    (0)   :  0.005 0.006 0.018 0.057 0.058 0.127 0.202 0.065 0.463 
207    (0)   :  0.004 0.006 0.016 0.047 0.074 0.161 0.105 0.065 0.522 
208    (0)   :  0.004 0.005 0.017 0.048 0.064 0.097 0.296 0.070 0.398 
209    (0)   :  0.004 0.006 0.013 0.066 0.074 0.151 0.160 0.081 0.445 
210    (0)   :  0.004 0.005 0.014 0.050 0.071 0.125 0.204 0.072 0.454 
211    (0)   :  0.006 0.009 0.030 0.049 0.099 0.199 0.167 0.063 0.378 
212    (0)   :  0.004 0.005 0.024 0.066 0.060 0.255 0.331 0.088 0.167 
213    (0)   :  0.004 0.007 0.029 0.041 0.101 0.239 0.116 0.140 0.323 
214    (0)   :  0.004 0.005 0.014 0.055 0.063 0.223 0.328 0.066 0.240 
215    (0)   :  0.004 0.006 0.014 0.055 0.075 0.096 0.130 0.080 0.541 
216    (0)   :  0.007 0.005 0.013 0.155 0.096 0.141 0.118 0.093 0.372 
217    (0)   :  0.004 0.005 0.015 0.065 0.063 0.215 0.311 0.073 0.248 
218    (0)   :  0.005 0.005 0.011 0.054 0.083 0.136 0.170 0.091 0.446 
219    (0)   :  0.008 0.005 0.014 0.161 0.084 0.155 0.253 0.100 0.221 
220    (0)   :  0.004 0.006 0.012 0.047 0.064 0.104 0.142 0.068 0.553 
221    (0)   :  0.004 0.005 0.017 0.040 0.053 0.504 0.181 0.067 0.129 
222    (0)   :  0.006 0.005 0.014 0.207 0.095 0.166 0.153 0.091 0.263 
223    (0)   :  0.004 0.004 0.015 0.094 0.083 0.139 0.332 0.093 0.236 
224    (0)   :  0.005 0.006 0.014 0.058 0.061 0.157 0.291 0.066 0.343 
225    (0)   :  0.005 0.005 0.021 0.055 0.069 0.192 0.171 0.083 0.399 
226    (0)   :  0.006 0.006 0.013 0.101 0.083 0.162 0.171 0.166 0.292 
227    (0)   :  0.004 0.005 0.036 0.047 0.077 0.241 0.227 0.067 0.295 
228    (0)   :  0.005 0.007 0.094 0.043 0.055 0.194 0.284 0.065 0.253 
229    (0)   :  0.005 0.006 0.010 0.061 0.069 0.174 0.282 0.067 0.327 
230    (0)   :  0.005 0.006 0.010 0.051 0.065 0.166 0.226 0.065 0.405 
231    (0)   :  0.004 0.006 0.012 0.085 0.065 0.119 0.296 0.077 0.335 
232    (0)   :  0.006 0.006 0.018 0.044 0.085 0.314 0.147 0.149 0.233 
233    (0)   :  0.005 0.005 0.012 0.056 0.064 0.130 0.444 0.067 0.217 
234    (0)   :  0.004 0.005 0.012 0.107 0.095 0.119 0.219 0.107 0.332 
235    (0)   :  0.005 0.005 0.014 0.076 0.077 0.237 0.218 0.100 0.270 
236    (0)   :  0.004 0.005 0.012 0.074 0.074 0.154 0.309 0.081 0.286 
237    (0)   :  0.004 0.007 0.021 0.051 0.068 0.134 0.135 0.079 0.501 
238    (0)   :  0.004 0.005 0.014 0.058 0.081 0.235 0.297 0.077 0.229 
239    (0)   :  0.004 0.006 0.028 0.046 0.054 0.195 0.301 0.068 0.297 
240    (0)   :  0.004 0.005 0.014 0.059 0.082 0.239 0.292 0.076 0.229 
241    (0)   :  0.006 0.005 0.016 0.047 0.062 0.320 0.261 0.085 0.199 
242    (0)   :  0.005 0.007 0.018 0.090 0.073 0.188 0.196 0.118 0.306 
243    (0)   :  0.004 0.007 0.029 0.042 0.062 0.161 0.216 0.062 0.417 
244    (0)   :  0.004 0.007 0.012 0.051 0.061 0.151 0.304 0.066 0.344 
245    (0)   :  0.004 0.004 0.020 0.045 0.070 0.205 0.417 0.082 0.152 
246    (0)   :  0.004 0.005 0.015 0.065 0.064 0.216 0.310 0.074 0.247 
247    (0)   :  0.004 0.005 0.015 0.058 0.153 0.112 0.085 0.159 0.409 
248    (0)   :  0.004 0.005 0.015 0.056 0.082 0.086 0.098 0.078 0.576 
249    (0)   :  0.004 0.005 0.012 0.054 0.070 0.254 0.232 0.066 0.301 
250    (0)   :  0.005 0.005 0.010 0.072 0.080 0.174 0.226 0.079 0.348 
251    (0)   :  0.005 0.007 0.016 0.113 0.097 0.128 0.154 0.146 0.335 
252    (0)   :  0.004 0.005 0.021 0.066 0.073 0.222 0.220 0.086 0.302 
253    (0)   :  0.005 0.005 0.018 0.068 0.115 0.233 0.110 0.131 0.315 
254    (0)   :  0.006 0.005 0.016 0.165 0.085 0.127 0.186 0.076 0.333 
255    (0)   :  0.004 0.005 0.012 0.086 0.080 0.168 0.204 0.086 0.353 
256    (0)   :  0.005 0.005 0.015 0.058 0.069 0.267 0.208 0.078 0.295 
257    (0)   :  0.009 0.007 0.016 0.063 0.085 0.180 0.171 0.089 0.380 
258    (0)   :  0.004 0.006 0.034 0.062 0.093 0.118 0.166 0.117 0.400 
259    (0)   :  0.005 0.005 0.012 0.067 0.075 0.164 0.153 0.076 0.442 
260    (0)   :  0.006 0.005 0.012 0.180 0.090 0.154 0.269 0.078 0.207 
261    (0)   :  0.004 0.005 0.030 0.064 0.066 0.205 0.296 0.088 0.242 
262    (0)   :  0.005 0.006 0.028 0.043 0.054 0.295 0.258 0.075 0.237 
263    (0)   :  0.007 0.006 0.015 0.089 0.074 0.101 0.126 0.065 0.519 
264    (0)   :  0.007 0.006 0.013 0.277 0.090 0.090 0.076 0.110 0.330 
265    (0)   :  0.004 0.004 0.014 0.088 0.076 0.120 0.243 0.095 0.356 
266    (0)   :  0.004 0.005 0.024 0.040 0.053 0.313 0.327 0.068 0.165 
267    (0)   :  0.004 0.005 0.015 0.084 0.087 0.187 0.213 0.077 0.327 
268    (0)   :  0.004 0.006 0.023 0.048 0.076 0.175 0.202 0.075 0.392 
269    (0)   :  0.004 0.005 0.014 0.160 0.082 0.124 0.252 0.127 0.232 
270    (0)   :  0.006 0.006 0.013 0.110 0.100 0.107 0.134 0.093 0.431 
271    (0)   :  0.005 0.006 0.017 0.063 0.087 0.117 0.151 0.097 0.458 
272    (0)   :  0.006 0.008 0.017 0.078 0.086 0.137 0.153 0.152 0.363 
273    (0)   :  0.026 0.019 0.022 0.087 0.108 0.160 0.204 0.129 0.244 
274    (0)   :  0.005 0.005 0.012 0.082 0.084 0.141 0.167 0.118 0.387 
275    (0)   :  0.008 0.009 0.016 0.108 0.075 0.123 0.207 0.103 0.350 
276    (0)   :  0.006 0.007 0.016 0.069 0.093 0.222 0.108 0.132 0.348 
277    (0)   :  0.005 0.004 0.013 0.100 0.082 0.187 0.247 0.098 0.263 
278    (0)   :  0.004 0.006 0.018 0.054 0.072 0.094 0.162 0.080 0.511 
279    (0)   :  0.005 0.005 0.013 0.080 0.080 0.172 0.199 0.096 0.351 
280    (0)   :  0.004 0.005 0.016 0.092 0.071 0.170 0.188 0.131 0.321 
281    (0)   :  0.005 0.005 0.013 0.058 0.094 0.141 0.165 0.117 0.402 
282    (0)   :  0.004 0.004 0.012 0.091 0.078 0.154 0.368 0.083 0.206 
283    (0)   :  0.004 0.005 0.013 0.062 0.076 0.183 0.383 0.065 0.210 
284    (0)   :  0.004 0.006 0.014 0.073 0.100 0.143 0.250 0.094 0.316 
285    (0)   :  0.004 0.007 0.019 0.051 0.074 0.086 0.072 0.109 0.580 
286    (0)   :  0.004 0.006 0.012 0.051 0.060 0.151 0.303 0.066 0.346 
287    (0)   :  0.005 0.004 0.012 0.078 0.099 0.159 0.211 0.138 0.293 
288    (0)   :  0.006 0.007 0.012 0.081 0.079 0.130 0.149 0.126 0.410 
289    (0)   :  0.008 0.008 0.021 0.082 0.105 0.128 0.128 0.095 0.424 
290    (0)   :  0.006 0.015 0.020 0.107 0.070 0.224 0.111 0.109 0.338 
291    (0)   :  0.005 0.006 0.017 0.062 0.086 0.118 0.150 0.097 0.459 
292    (0)   :  0.004 0.005 0.029 0.070 0.064 0.244 0.198 0.141 0.244 
293    (0)   :  0.005 0.012 0.028 0.134 0.081 0.142 0.107 0.149 0.340 
294    (0)   :  0.007 0.007 0.019 0.085 0.074 0.148 0.102 0.073 0.485 
295    (0)   :  0.006 0.011 0.022 0.080 0.095 0.194 0.146 0.135 0.310 
296    (0)   :  0.004 0.006 0.014 0.045 0.083 0.113 0.153 0.083 0.499 
297    (0)   :  0.005 0.005 0.013 0.095 0.077 0.170 0.134 0.128 0.374 
298    (0)   :  0.004 0.005 0.010 0.094 0.086 0.180 0.276 0.082 0.263 
299    (0)   :  0.007 0.006 0.012 0.125 0.079 0.124 0.136 0.065 0.447 
300    (0)   :  0.004 0.007 0.014 0.047 0.062 0.122 0.092 0.093 0.558 
301    (0)   :  0.006 0.006 0.011 0.165 0.083 0.111 0.136 0.091 0.391 
302    (0)   :  0.007 0.010 0.027 0.082 0.073 0.123 0.125 0.075 0.479 
303    (0)   :  0.004 0.007 0.015 0.061 0.062 0.202 0.250 0.096 0.303 
304    (0)   :  0.006 0.006 0.010 0.162 0.124 0.118 0.330 0.091 0.153 
305    (0)   :  0.005 0.007 0.019 0.048 0.055 0.183 0.243 0.081 0.359 
306    (0)   :  0.005 0.005 0.013 0.077 0.070 0.291 0.250 0.087 0.204 
307    (0)   :  0.005 0.005 0.012 0.082 0.081 0.210 0.187 0.096 0.321 
308    (0)   :  0.004 0.004 0.030 0.063 0.066 0.206 0.297 0.088 0.241 
309    (0)   :  0.018 0.029 0.029 0.061 0.093 0.101 0.144 0.077 0.448 
310    (0)   :  0.004 0.005 0.019 0.050 0.061 0.190 0.249 0.066 0.355 
311    (0)   :  0.005 0.006 0.010 0.052 0.065 0.166 0.226 0.065 0.406 
312    (0)   :  0.004 0.006 0.014 0.044 0.075 0.110 0.142 0.067 0.538 
313    (0)   :  0.004 0.006 0.037 0.045 0.066 0.120 0.095 0.074 0.553 
314    (0)   :  0.005 0.007 0.023 0.045 0.055 0.179 0.516 0.079 0.091 
315    (0)   :  0.004 0.005 0.029 0.056 0.061 0.147 0.493 0.118 0.087 
316    (0)   :  0.007 0.007 0.020 0.068 0.066 0.105 0.505 0.136 0.085 
317    (0)   :  0.005 0.007 0.013 0.047 0.057 0.135 0.574 0.079 0.085 
318    (0)   :  0.005 0.006 0.010 0.050 0.057 0.091 0.622 0.083 0.078 
319    (0)   :  0.005 0.005 0.012 0.044 0.056 0.166 0.545 0.074 0.094 
320    (0)   :  0.005 0.007 0.023 0.045 0.054 0.179 0.518 0.078 0.091 
321    (0)   :  0.005 0.007 0.011 0.050 0.057 0.132 0.570 0.085 0.083 
322    (0)   :  0.007 0.007 0.031 0.062 0.066 0.166 0.444 0.123 0.094 
323    (0)   :  0.010 0.005 0.010 0.055 0.057 0.112 0.591 0.077 0.083 
324    (0)   :  0.005 0.007 0.011 0.050 0.057 0.133 0.570 0.084 0.083 
325    (0)   :  0.005 0.006 0.016 0.064 0.064 0.095 0.538 0.131 0.081 
326    (0)   :  0.013 0.014 0.022 0.068 0.067 0.104 0.499 0.131 0.082 
327    (0)   :  0.005 0.007 0.013 0.046 0.057 0.134 0.577 0.078 0.084 
328    (0)   :  0.005 0.005 0.018 0.059 0.064 0.170 0.463 0.122 0.094 
329    (0)   :  0.004 0.004 0.009 0.047 0.056 0.139 0.584 0.078 0.079 
330    (0)   :  0.005 0.007 0.012 0.046 0.057 0.135 0.575 0.079 0.084 
331    (0)   :  0.005 0.004 0.009 0.046 0.056 0.105 0.611 0.078 0.085 
332    (0)   :  0.015 0.008 0.017 0.079 0.066 0.100 0.505 0.130 0.080 
333    (0)   :  0.012 0.008 0.022 0.062 0.066 0.125 0.492 0.123 0.089 
334    (0)   :  0.005 0.005 0.018 0.059 0.064 0.170 0.464 0.122 0.093 
335    (0)   :  0.005 0.005 0.021 0.055 0.063 0.179 0.472 0.112 0.087 
336    (0)   :  0.013 0.008 0.019 0.058 0.057 0.129 0.549 0.083 0.084 
337    (0)   :  0.005 0.008 0.019 0.064 0.064 0.140 0.483 0.132 0.086 
338    (0)   :  0.005 0.006 0.010 0.051 0.057 0.092 0.615 0.084 0.079 
339    (0)   :  0.005 0.004 0.009 0.046 0.056 0.105 0.613 0.078 0.084 
340    (0)   :  0.004 0.004 0.010 0.043 0.055 0.105 0.617 0.075 0.086 
341    (0)   :  0.013 0.007 0.012 0.050 0.059 0.123 0.569 0.079 0.087 
342    (0)   :  0.005 0.007 0.012 0.046 0.056 0.134 0.577 0.078 0.085 
343    (0)   :  0.010 0.006 0.038 0.066 0.062 0.256 0.366 0.109 0.087 
344    (0)   :  0.005 0.004 0.009 0.047 0.056 0.106 0.616 0.079 0.078 
345    (0)   :  0.005 0.007 0.012 0.046 0.056 0.135 0.576 0.079 0.084 
346    (0)   :  0.005 0.006 0.011 0.046 0.057 0.091 0.627 0.078 0.080 
347    (0)   :  0.005 0.004 0.010 0.044 0.055 0.108 0.620 0.074 0.080 
348    (0)   :  0.004 0.005 0.042 0.051 0.060 0.232 0.407 0.105 0.095 
349    (0)   :  0.005 0.007 0.012 0.047 0.057 0.134 0.574 0.079 0.085 
350    (0)   :  0.005 0.004 0.016 0.045 0.055 0.141 0.564 0.078 0.093 
351    (0)   :  0.005 0.005 0.022 0.055 0.063 0.179 0.473 0.112 0.087 
352    (0)   :  0.005 0.007 0.024 0.058 0.064 0.143 0.490 0.121 0.089 
353    (0)   :  0.013 0.008 0.019 0.058 0.056 0.130 0.549 0.083 0.084 
354    (0)   :  0.006 0.005 0.011 0.049 0.058 0.118 0.592 0.080 0.081 
355    (0)   :  0.005 0.006 0.010 0.049 0.056 0.092 0.621 0.083 0.078 
356    (0)   :  0.004 0.005 0.038 0.050 0.059 0.337 0.314 0.101 0.093 
357    (0)   :  0.004 0.005 0.017 0.116 0.076 0.101 0.373 0.207 0.102 
358    (0)   :  0.005 0.005 0.015 0.062 0.064 0.115 0.529 0.124 0.081 
359    (0)   :  0.005 0.005 0.009 0.048 0.056 0.106 0.607 0.079 0.085 
360    (0)   :  0.005 0.006 0.011 0.046 0.056 0.092 0.625 0.078 0.081 
361    (0)   :  0.005 0.005 0.021 0.113 0.077 0.174 0.285 0.207 0.113 
362    (0)   :  0.005 0.009 0.013 0.067 0.121 0.105 0.118 0.309 0.253 
363    (0)   :  0.007 0.008 0.016 0.118 0.190 0.100 0.082 0.252 0.227 
364    (0)   :  0.009 0.007 0.016 0.222 0.103 0.199 0.190 0.107 0.146 
365    (0)   :  0.015 0.017 0.015 0.136 0.106 0.103 0.092 0.336 0.179 
366    (0)   :  0.006 0.010 0.047 0.174 0.074 0.168 0.135 0.163 0.224 
367    (0)   :  0.005 0.006 0.011 0.064 0.368 0.072 0.068 0.288 0.119 
368    (0)   :  0.005 0.005 0.010 0.084 0.166 0.114 0.105 0.164 0.348 
369    (0)   :  0.007 0.012 0.025 0.151 0.095 0.324 0.121 0.109 0.155 
370    (0)   :  0.013 0.012 0.017 0.107 0.219 0.128 0.112 0.119 0.274 
371    (0)   :  0.010 0.010 0.018 0.228 0.107 0.141 0.132 0.104 0.251 
372    (0)   :  0.042 0.025 0.022 0.061 0.138 0.128 0.126 0.115 0.343 
373    (0)   :  0.006 0.007 0.012 0.092 0.264 0.170 0.132 0.157 0.161 
374    (0)   :  0.007 0.012 0.013 0.110 0.137 0.228 0.159 0.170 0.164 
375    (0)   :  0.016 0.010 0.012 0.217 0.215 0.086 0.081 0.164 0.200 
376    (0)   :  0.099 0.011 0.012 0.163 0.126 0.085 0.074 0.332 0.098 
377    (0)   :  0.006 0.008 0.017 0.086 0.105 0.086 0.123 0.242 0.327 
378    (0)   :  0.006 0.008 0.015 0.046 0.317 0.105 0.220 0.143 0.141 
379    (0)   :  0.163 0.020 0.015 0.162 0.146 0.082 0.066 0.228 0.117 
380    (0)   :  0.010 0.011 0.020 0.104 0.069 0.206 0.142 0.301 0.136 
381    (0)   :  0.007 0.010 0.028 0.253 0.063 0.256 0.106 0.170 0.107 
382    (0)   :  0.005 0.005 0.010 0.247 0.219 0.076 0.102 0.187 0.149 
383    (0)   :  0.016 0.015 0.015 0.179 0.074 0.084 0.207 0.261 0.149 
384    (0)   :  0.049 0.021 0.016 0.262 0.134 0.097 0.153 0.147 0.122 
385    (0)   :  0.008 0.127 0.011 0.129 0.136 0.094 0.222 0.119 0.155 
386    (0)   :  0.004 0.005 0.012 0.095 0.190 0.093 0.083 0.349 0.169 
387    (0)   :  0.005 0.006 0.015 0.128 0.178 0.077 0.114 0.332 0.146 
388    (0)   :  0.015 0.019 0.013 0.127 0.145 0.142 0.199 0.176 0.165 
389    (0)   :  0.010 0.020 0.032 0.086 0.107 0.101 0.096 0.084 0.465 
390    (0)   :  0.019 0.021 0.048 0.072 0.201 0.116 0.074 0.325 0.124 
391    (0)   :  0.012 0.028 0.026 0.091 0.215 0.177 0.105 0.139 0.207 
392    (0)   :  0.007 0.007 0.015 0.115 0.121 0.106 0.165 0.303 0.162 
393    (0)   :  0.008 0.012 0.044 0.085 0.077 0.139 0.126 0.414 0.095 
394    (0)   :  0.005 0.005 0.014 0.060 0.146 0.111 0.239 0.284 0.136 
395    (0)   :  0.004 0.006 0.020 0.057 0.124 0.096 0.096 0.282 0.315 
396    (0)   :  0.005 0.005 0.010 0.167 0.244 0.077 0.069 0.195 0.227 
397    (0)   :  0.062 0.005 0.014 0.192 0.083 0.170 0.156 0.083 0.235 
398    (0)   :  0.040 0.006 0.011 0.057 0.166 0.077 0.072 0.463 0.109 
399    (0)   :  0.005 0.008 0.015 0.062 0.367 0.104 0.091 0.180 0.168 
400    (0)   :  0.007 0.006 0.012 0.140 0.265 0.149 0.098 0.215 0.108 
401    (0)   :  0.005 0.007 0.022 0.044 0.251 0.126 0.117 0.255 0.174 
402    (0)   :  0.006 0.006 0.049 0.107 0.190 0.150 0.121 0.177 0.193 
403    (0)   :  0.007 0.008 0.015 0.072 0.125 0.140 0.326 0.158 0.148 
404    (0)   :  0.007 0.014 0.010 0.164 0.119 0.161 0.105 0.157 0.262 
405    (0)   :  0.004 0.005 0.016 0.106 0.100 0.146 0.114 0.282 0.228 
406    (0)   :  0.004 0.006 0.032 0.074 0.073 0.215 0.116 0.324 0.157 
407    (0)   :  0.004 0.005 0.010 0.109 0.111 0.081 0.068 0.465 0.148 
408    (0)   :  0.004 0.005 0.028 0.043 0.283 0.099 0.065 0.157 0.316 
409    (0)   :  0.010 0.012 0.019 0.050 0.078 0.380 0.101 0.247 0.103 
410    (0)   :  0.082 0.011 0.021 0.081 0.175 0.115 0.119 0.254 0.141 
411    (0)   :  0.015 0.007 0.047 0.222 0.136 0.114 0.161 0.182 0.115 
412    (0)   :  0.005 0.005 0.010 0.095 0.195 0.106 0.099 0.198 0.285 
413    (0)   :  0.005 0.005 0.011 0.061 0.184 0.096 0.204 0.232 0.203 
414    (0)   :  0.004 0.009 0.010 0.149 0.260 0.062 0.083 0.141 0.282 
415    (0)   :  0.005 0.008 0.021 0.152 0.126 0.139 0.081 0.304 0.165 
416    (0)   :  0.006 0.017 0.023 0.079 0.201 0.206 0.104 0.217 0.147 
417    (0)   :  0.005 0.006 0.014 0.077 0.126 0.099 0.075 0.460 0.138 
418    (0)   :  0.007 0.005 0.010 0.110 0.344 0.084 0.079 0.186 0.175 
419    (0)   :  0.010 0.022 0.020 0.078 0.130 0.166 0.170 0.243 0.163 
420    (0)   :  0.004 0.007 0.032 0.046 0.246 0.157 0.073 0.264 0.172 
421    (0)   :  0.006 0.006 0.012 0.056 0.154 0.109 0.077 0.355 0.225 
422    (0)   :  0.005 0.006 0.015 0.049 0.077 0.113 0.087 0.324 0.323 
423    (0)   :  0.007 0.007 0.016 0.168 0.136 0.090 0.128 0.238 0.210 
424    (0)   :  0.007 0.008 0.086 0.069 0.256 0.115 0.109 0.221 0.130 
425    (0)   :  0.020 0.028 0.016 0.196 0.141 0.101 0.147 0.162 0.188 
426    (0)   :  0.026 0.023 0.021 0.117 0.221 0.126 0.134 0.198 0.134 
427    (0)   :  0.005 0.006 0.012 0.055 0.144 0.070 0.166 0.454 0.090 
428    (0)   :  0.020 0.007 0.024 0.054 0.075 0.155 0.158 0.355 0.152 
429    (0)   :  0.006 0.006 0.010 0.128 0.222 0.073 0.067 0.361 0.125 
430    (0)   :  0.005 0.006 0.013 0.068 0.096 0.089 0.073 0.502 0.148 
431    (0)   :  0.009 0.011 0.012 0.104 0.267 0.105 0.153 0.131 0.209 
432    (0)   :  0.005 0.005 0.011 0.072 0.179 0.123 0.110 0.205 0.290 
433    (0)   :  0.008 0.005 0.021 0.080 0.116 0.182 0.235 0.109 0.244 
434    (0)   :  0.005 0.007 0.014 0.135 0.093 0.199 0.128 0.184 0.235 
435    (0)   :  0.004 0.005 0.012 0.056 0.107 0.072 0.070 0.565 0.109 
436    (0)   :  0.006 0.009 0.025 0.090 0.175 0.130 0.088 0.402 0.073 
437    (0)   :  0.007 0.005 0.012 0.363 0.098 0.081 0.079 0.216 0.140 
438    (0)   :  0.005 0.007 0.035 0.046 0.129 0.194 0.088 0.392 0.105 
439    (0)   :  0.005 0.006 0.011 0.059 0.099 0.092 0.079 0.572 0.078 
440    (0)   :  0.004 0.005 0.016 0.108 0.159 0.067 0.062 0.472 0.106 
441    (0)   :  0.005 0.006 0.013 0.069 0.089 0.140 0.113 0.460 0.105 
442    (0)   :  0.006 0.017 0.015 0.137 0.184 0.112 0.072 0.268 0.189 
443    (0)   :  0.004 0.009 0.051 0.059 0.292 0.105 0.066 0.281 0.133 
444    (0)   :  0.006 0.016 0.020 0.154 0.153 0.109 0.071 0.309 0.162 
445    (0)   :  0.040 0.008 0.018 0.064 0.078 0.234 0.099 0.357 0.102 
446    (0)   :  0.049 0.007 0.011 0.053 0.217 0.089 0.075 0.423 0.075 
447    (0)   :  0.006 0.016 0.025 0.070 0.110 0.155 0.107 0.389 0.122 
448    (0)   :  0.005 0.005 0.013 0.097 0.110 0.090 0.080 0.457 0.145 
449    (0)   :  0.005 0.005 0.013 0.107 0.103 0.127 0.107 0.393 0.140 
450    (0)   :  0.008 0.007 0.009 0.240 0.150 0.120 0.119 0.255 0.092 
451    (0)   :  0.005 0.005 0.016 0.091 0.334 0.068 0.063 0.199 0.219 
452    (0)   :  0.005 0.006 0.010 0.116 0.152 0.117 0.119 0.379 0.096 
453    (0)   :  0.004 0.008 0.055 0.059 0.144 0.268 0.082 0.200 0.180 
454    (0)   :  0.005 0.006 0.014 0.103 0.114 0.104 0.131 0.399 0.124 
455    (0)   :  0.004 0.005 0.024 0.062 0.137 0.104 0.068 0.511 0.085 
456    (0)   :  0.005 0.009 0.044 0.100 0.125 0.100 0.067 0.401 0.149 
457    (0)   :  0.005 0.005 0.012 0.163 0.082 0.091 0.080 0.446 0.115 
458    (0)   :  0.044 0.008 0.010 0.068 0.116 0.103 0.080 0.476 0.095 
459    (0)   :  0.005 0.006 0.013 0.056 0.141 0.141 0.107 0.457 0.075 
460    (0)   :  0.004 0.006 0.012 0.058 0.198 0.078 0.071 0.488 0.084 
461    (0)   :  0.006 0.006 0.009 0.086 0.405 0.080 0.075 0.253 0.080 
462    (0)   :  0.007 0.066 0.024 0.135 0.134 0.074 0.059 0.292 0.210 
463    (0)   :  0.004 0.006 0.089 0.061 0.077 0.160 0.086 0.361 0.155 
464    (0)   :  0.004 0.005 0.023 0.053 0.194 0.092 0.067 0.460 0.102 
465    (0)   :  0.007 0.007 0.021 0.062 0.207 0.119 0.077 0.349 0.152 
466    (0)   :  0.004 0.005 0.043 0.055 0.147 0.116 0.068 0.401 0.161 
467    (0)   :  0.005 0.009 0.017 0.078 0.110 0.131 0.094 0.401 0.155 
468    (0)   :  0.005 0.006 0.030 0.122 0.074 0.089 0.067 0.498 0.109 
469    (0)   :  0.004 0.005 0.013 0.052 0.074 0.076 0.070 0.630 0.074 
470    (0)   :  0.004 0.005 0.012 0.051 0.137 0.072 0.071 0.561 0.087 
471    (0)   :  0.006 0.010 0.055 0.091 0.184 0.127 0.080 0.237 0.211 
472    (0)   :  0.006 0.007 0.025 0.105 0.132 0.141 0.073 0.336 0.174 
473    (0)   :  0.005 0.005 0.015 0.102 0.089 0.122 0.108 0.368 0.186 
474    (0)   :  0.005 0.006 0.017 0.109 0.145 0.150 0.105 0.359 0.105 
475    (0)   :  0.005 0.006 0.015 0.057 0.189 0.167 0.106 0.323 0.131 
476    (0)   :  0.007 0.007 0.021 0.236 0.143 0.121 0.075 0.304 0.086 
477    (0)   :  0.007 0.008 0.023 0.077 0.264 0.153 0.092 0.260 0.118 
478    (0)   :  0.006 0.010 0.015 0.053 0.457 0.075 0.072 0.216 0.096 
479    (0)   :  0.004 0.005 0.012 0.094 0.139 0.073 0.070 0.513 0.090 
480    (0)   :  0.005 0.006 0.012 0.170 0.106 0.086 0.078 0.448 0.088 
481    (0)   :  0.005 0.007 0.011 0.109 0.121 0.096 0.076 0.259 0.316 
482    (0)   :  0.005 0.006 0.010 0.121 0.179 0.076 0.071 0.444 0.088 
483    (0)   :  0.006 0.006 0.013 0.063 0.144 0.103 0.081 0.506 0.080 
484    (0)   :  0.005 0.009 0.035 0.054 0.086 0.112 0.076 0.466 0.158 
485    (0)   :  0.005 0.005 0.017 0.059 0.138 0.082 0.071 0.541 0.081 
486    (0)   :  0.008 0.012 0.033 0.118 0.168 0.126 0.106 0.106 0.323 
487    (0)   :  0.009 0.008 0.020 0.160 0.130 0.143 0.198 0.114 0.219 
488    (0)   :  0.008 0.009 0.020 0.088 0.224 0.081 0.185 0.105 0.281 
489    (0)   :  0.007 0.007 0.025 0.224 0.083 0.246 0.114 0.080 0.214 
490    (0)   :  0.006 0.007 0.037 0.119 0.298 0.100 0.076 0.142 0.216 
491    (0)   :  0.007 0.013 0.015 0.078 0.088 0.191 0.144 0.092 0.374 
492    (0)   :  0.005 0.007 0.028 0.063 0.232 0.149 0.263 0.101 0.153 
493    (0)   :  0.008 0.009 0.031 0.165 0.130 0.069 0.157 0.079 0.353 
494    (0)   :  0.024 0.015 0.016 0.120 0.127 0.213 0.131 0.099 0.255 
495    (0)   :  0.019 0.020 0.040 0.081 0.304 0.132 0.204 0.081 0.118 
496    (0)   :  0.005 0.005 0.020 0.071 0.091 0.329 0.172 0.123 0.184 
497    (0)   :  0.013 0.020 0.025 0.128 0.094 0.100 0.210 0.095 0.315 
498    (0)   :  0.008 0.020 0.026 0.125 0.189 0.199 0.078 0.110 0.246 
499    (0)   :  0.017 0.007 0.022 0.120 0.085 0.168 0.269 0.099 0.211 
500    (0)   :  0.011 0.006 0.018 0.260 0.094 0.095 0.134 0.103 0.279 
501    (0)   :  0.009 0.007 0.011 0.146 0.142 0.197 0.176 0.139 0.174 
502    (0)   :  0.007 0.010 0.010 0.080 0.208 0.202 0.201 0.131 0.151 
503    (0)   :  0.006 0.006 0.014 0.192 0.115 0.110 0.097 0.205 0.256 
504    (0)   :  0.007 0.010 0.023 0.068 0.306 0.142 0.091 0.121 0.231 
505    (0)   :  0.007 0.006 0.017 0.074 0.113 0.237 0.116 0.087 0.342 
506    (0)   :  0.006 0.011 0.012 0.070 0.213 0.221 0.175 0.093 0.199 
507    (0)   :  0.006 0.005 0.024 0.051 0.059 0.306 0.325 0.080 0.145 
508    (0)   :  0.012 0.008 0.033 0.052 0.076 0.264 0.313 0.070 0.172 
509    (0)   :  0.006 0.006 0.018 0.064 0.095 0.204 0.215 0.105 0.288 
510    (0)   :  0.013 0.006 0.015 0.202 0.114 0.182 0.237 0.079 0.152 
511    (0)   :  0.008 0.011 0.014 0.138 0.218 0.151 0.095 0.175 0.190 
512    (0)   :  0.006 0.007 0.010 0.223 0.240 0.085 0.079 0.173 0.177 
513    (0)   :  0.008 0.048 0.072 0.045 0.198 0.106 0.110 0.062 0.350 
514    (0)   :  0.006 0.005 0.013 0.058 0.316 0.105 0.151 0.142 0.204 
515    (0)   :  0.009 0.010 0.035 0.091 0.084 0.108 0.223 0.279 0.162 
516    (0)   :  0.008 0.006 0.024 0.057 0.196 0.174 0.103 0.112 0.320 
517    (0)   :  0.006 0.006 0.028 0.056 0.117 0.162 0.186 0.264 0.176 
518    (0)   :  0.048 0.005 0.011 0.191 0.092 0.111 0.252 0.096 0.195 
519    (0)   :  0.005 0.007 0.013 0.060 0.328 0.164 0.118 0.149 0.156 
520    (0)   :  0.006 0.006 0.046 0.060 0.066 0.200 0.235 0.246 0.134 
521    (0)   :  0.005 0.006 0.015 0.060 0.151 0.120 0.311 0.107 0.226 
522    (0)   :  0.016 0.008 0.115 0.216 0.116 0.089 0.127 0.160 0.153 
523    (0)   :  0.007 0.006 0.078 0.053 0.121 0.237 0.198 0.164 0.135 
524    (0)   :  0.006 0.005 0.028 0.058 0.087 0.099 0.166 0.379 0.173 
525    (0)   :  0.063 0.006 0.021 0.090 0.070 0.174 0.224 0.199 0.153 
