

----------------------------------------------------
STRUCTURE by Pritchard, Stephens and Donnelly (2000)
     and Falush, Stephens and Pritchard (2003)
       Code by Pritchard, Falush and Hubisz
             Version 2.3.4 (Jul 2012)
----------------------------------------------------



Command line arguments:   ./structure -K 10 -D 110015 -m brooktrout/mainparams -e brooktrout/extraparams -o brooktrout/250914_output/results_K10_rep15 
Input File:    brooktrout/brooktrout.txt

Run parameters:
   8454 individuals
   5 loci
   10 populations assumed
   50000 Burn-in period
   100000 Reps
RANDOMIZE turned off


--------------------------------------------
Overall proportion of membership of the
sample in each of the 10 clusters

Inferred Clusters
  1      2      3      4      5      6      7      8      9     10    
0.008  0.008  0.020  0.084  0.133  0.116  0.119  0.168  0.170  0.174  

--------------------------------------------

Allele-freq. divergence among pops (Net nucleotide distance),
computed using point estimates of P.

      1       2       3       4       5       6       7       8       9      10      
 1      -    0.1048  0.1782  0.1284  0.1501  0.1583  0.1557  0.1652  0.1539  0.1534  
 2   0.1048     -    0.1423  0.1489  0.1491  0.1537  0.1370  0.1438  0.1128  0.1183  
 3   0.1782  0.1423     -    0.2469  0.1842  0.1580  0.2235  0.2208  0.1915  0.1540  
 4   0.1284  0.1489  0.2469     -    0.1586  0.1852  0.2160  0.0882  0.2074  0.2261  
 5   0.1501  0.1491  0.1842  0.1586     -    0.1055  0.1919  0.1431  0.1161  0.1250  
 6   0.1583  0.1537  0.1580  0.1852  0.1055     -    0.1708  0.1318  0.1843  0.1635  
 7   0.1557  0.1370  0.2235  0.2160  0.1919  0.1708     -    0.1734  0.1015  0.1038  
 8   0.1652  0.1438  0.2208  0.0882  0.1431  0.1318  0.1734     -    0.1629  0.1987  
 9   0.1539  0.1128  0.1915  0.2074  0.1161  0.1843  0.1015  0.1629     -    0.0940  
10   0.1534  0.1183  0.1540  0.2261  0.1250  0.1635  0.1038  0.1987  0.0940     -    

Average distances (expected heterozygosity) between individuals in same cluster:
cluster  1  : 0.8182 
cluster  2  : 0.8296 
cluster  3  : 0.7409 
cluster  4  : 0.6888 
cluster  5  : 0.7298 
cluster  6  : 0.7549 
cluster  7  : 0.7085 
cluster  8  : 0.6756 
cluster  9  : 0.7217 
cluster 10  : 0.7510 

--------------------------------------------
Estimated Ln Prob of Data   = -201623.7
Mean value of ln likelihood = -172412.1
Variance of ln likelihood   = 58423.1

Mean value of alpha_1       = 0.0475
Mean value of alpha_2       = 0.0450
Mean value of alpha_3       = 0.1120
Mean value of alpha_4       = 0.4607
Mean value of alpha_5       = 0.7574
Mean value of alpha_6       = 0.6615
Mean value of alpha_7       = 0.6793
Mean value of alpha_8       = 0.9280
Mean value of alpha_9       = 0.9615
Mean value of alpha_10       = 0.9722
Allele frequencies uncorrelated


Inferred ancestry of individuals:
     (%Miss) :  Inferred clusters
  1    (0)   :  0.009 0.005 0.013 0.074 0.071 0.116 0.168 0.231 0.195 0.118 
  2    (0)   :  0.004 0.004 0.012 0.042 0.431 0.071 0.062 0.100 0.147 0.127 
  3    (0)   :  0.005 0.005 0.008 0.049 0.087 0.122 0.132 0.208 0.267 0.116 
  4    (0)   :  0.014 0.012 0.011 0.214 0.107 0.094 0.097 0.221 0.112 0.118 
  5    (0)   :  0.006 0.005 0.016 0.050 0.285 0.088 0.069 0.096 0.226 0.159 
  6    (0)   :  0.004 0.005 0.008 0.075 0.100 0.068 0.082 0.092 0.406 0.159 
  7    (0)   :  0.004 0.005 0.010 0.045 0.075 0.060 0.104 0.105 0.223 0.368 
  8    (0)   :  0.092 0.018 0.011 0.093 0.087 0.075 0.107 0.189 0.195 0.133 
  9    (0)   :  0.006 0.007 0.018 0.047 0.220 0.078 0.083 0.177 0.230 0.134 
 10    (0)   :  0.065 0.006 0.011 0.096 0.096 0.058 0.090 0.126 0.285 0.166 
 11    (0)   :  0.004 0.004 0.015 0.040 0.083 0.060 0.173 0.108 0.218 0.295 
 12    (0)   :  0.004 0.005 0.012 0.071 0.220 0.092 0.064 0.133 0.231 0.169 
 13    (0)   :  0.005 0.005 0.015 0.049 0.140 0.092 0.077 0.169 0.250 0.199 
 14    (0)   :  0.011 0.004 0.009 0.067 0.210 0.172 0.124 0.131 0.180 0.092 
 15    (0)   :  0.005 0.005 0.011 0.098 0.153 0.097 0.141 0.205 0.143 0.143 
 16    (0)   :  0.004 0.004 0.013 0.042 0.079 0.090 0.135 0.155 0.317 0.160 
 17    (0)   :  0.005 0.007 0.015 0.059 0.103 0.129 0.075 0.140 0.347 0.121 
 18    (0)   :  0.005 0.007 0.011 0.075 0.241 0.082 0.149 0.143 0.193 0.094 
 19    (0)   :  0.004 0.005 0.010 0.051 0.120 0.059 0.080 0.134 0.385 0.152 
 20    (0)   :  0.004 0.005 0.012 0.069 0.159 0.091 0.132 0.138 0.173 0.218 
 21    (0)   :  0.007 0.004 0.010 0.106 0.164 0.147 0.112 0.180 0.159 0.111 
 22    (0)   :  0.004 0.006 0.010 0.048 0.089 0.087 0.078 0.177 0.385 0.117 
 23    (0)   :  0.011 0.008 0.025 0.055 0.167 0.130 0.103 0.267 0.130 0.104 
 24    (0)   :  0.004 0.004 0.012 0.058 0.088 0.090 0.129 0.276 0.202 0.136 
 25    (0)   :  0.005 0.005 0.012 0.040 0.142 0.079 0.119 0.083 0.311 0.204 
 26    (0)   :  0.004 0.007 0.011 0.084 0.132 0.084 0.103 0.194 0.244 0.137 
 27    (0)   :  0.004 0.005 0.013 0.059 0.100 0.138 0.097 0.156 0.295 0.133 
 28    (0)   :  0.013 0.005 0.011 0.205 0.122 0.076 0.144 0.133 0.140 0.150 
 29    (0)   :  0.004 0.004 0.015 0.040 0.165 0.102 0.076 0.160 0.187 0.248 
 30    (0)   :  0.004 0.004 0.011 0.042 0.111 0.103 0.099 0.162 0.346 0.118 
 31    (0)   :  0.075 0.012 0.015 0.075 0.114 0.143 0.073 0.116 0.182 0.195 
 32    (0)   :  0.009 0.004 0.009 0.076 0.173 0.076 0.104 0.187 0.256 0.106 
 33    (0)   :  0.004 0.004 0.011 0.044 0.104 0.090 0.126 0.239 0.203 0.175 
 34    (0)   :  0.081 0.006 0.021 0.077 0.077 0.057 0.115 0.088 0.240 0.238 
 35    (0)   :  0.004 0.008 0.025 0.036 0.120 0.240 0.064 0.123 0.264 0.117 
 36    (0)   :  0.006 0.004 0.010 0.036 0.093 0.255 0.241 0.132 0.114 0.109 
 37    (0)   :  0.004 0.006 0.010 0.055 0.179 0.128 0.072 0.238 0.183 0.124 
 38    (0)   :  0.004 0.005 0.025 0.032 0.101 0.098 0.330 0.104 0.119 0.183 
 39    (0)   :  0.004 0.007 0.021 0.050 0.109 0.163 0.142 0.122 0.177 0.204 
 40    (0)   :  0.004 0.004 0.011 0.044 0.109 0.290 0.089 0.190 0.168 0.092 
 41    (0)   :  0.007 0.006 0.025 0.032 0.073 0.285 0.121 0.122 0.161 0.168 
 42    (0)   :  0.004 0.004 0.016 0.048 0.071 0.133 0.183 0.350 0.088 0.103 
 43    (0)   :  0.008 0.007 0.013 0.046 0.132 0.293 0.064 0.167 0.144 0.126 
 44    (0)   :  0.004 0.006 0.012 0.032 0.105 0.365 0.056 0.106 0.205 0.110 
 45    (0)   :  0.004 0.005 0.022 0.033 0.163 0.209 0.185 0.111 0.113 0.156 
 46    (0)   :  0.004 0.008 0.012 0.056 0.108 0.189 0.080 0.103 0.286 0.153 
 47    (0)   :  0.009 0.012 0.021 0.050 0.147 0.119 0.062 0.157 0.296 0.127 
 48    (0)   :  0.004 0.007 0.015 0.033 0.107 0.386 0.060 0.110 0.191 0.088 
 49    (0)   :  0.004 0.008 0.031 0.045 0.122 0.196 0.104 0.156 0.200 0.134 
 50    (0)   :  0.022 0.009 0.016 0.072 0.115 0.107 0.087 0.082 0.288 0.202 
 51    (0)   :  0.006 0.004 0.012 0.032 0.082 0.407 0.170 0.110 0.082 0.094 
 52    (0)   :  0.004 0.008 0.022 0.053 0.075 0.176 0.121 0.145 0.182 0.213 
 53    (0)   :  0.008 0.006 0.015 0.054 0.083 0.114 0.250 0.133 0.185 0.151 
 54    (0)   :  0.004 0.007 0.019 0.050 0.204 0.193 0.052 0.167 0.173 0.131 
 55    (0)   :  0.004 0.006 0.014 0.041 0.144 0.368 0.061 0.120 0.134 0.108 
 56    (0)   :  0.004 0.006 0.020 0.046 0.146 0.216 0.103 0.168 0.195 0.097 
 57    (0)   :  0.010 0.011 0.018 0.115 0.090 0.069 0.081 0.191 0.278 0.138 
 58    (0)   :  0.004 0.005 0.022 0.040 0.128 0.260 0.104 0.157 0.130 0.149 
 59    (0)   :  0.004 0.005 0.039 0.043 0.123 0.155 0.204 0.149 0.127 0.150 
 60    (0)   :  0.007 0.004 0.010 0.069 0.096 0.356 0.108 0.137 0.105 0.108 
 61    (0)   :  0.004 0.004 0.012 0.054 0.212 0.304 0.053 0.162 0.087 0.109 
 62    (0)   :  0.005 0.010 0.052 0.072 0.190 0.099 0.088 0.128 0.200 0.158 
 63    (0)   :  0.004 0.004 0.011 0.050 0.160 0.146 0.117 0.201 0.118 0.188 
 64    (0)   :  0.004 0.005 0.016 0.040 0.158 0.082 0.131 0.110 0.314 0.140 
 65    (0)   :  0.004 0.005 0.014 0.039 0.189 0.086 0.080 0.085 0.191 0.307 
 66    (0)   :  0.011 0.005 0.013 0.073 0.243 0.107 0.078 0.190 0.111 0.169 
 67    (0)   :  0.004 0.005 0.012 0.037 0.193 0.318 0.052 0.110 0.141 0.128 
 68    (0)   :  0.005 0.006 0.036 0.049 0.108 0.170 0.216 0.161 0.113 0.136 
 69    (0)   :  0.148 0.007 0.037 0.071 0.099 0.070 0.255 0.081 0.121 0.111 
 70    (0)   :  0.012 0.004 0.012 0.043 0.077 0.230 0.191 0.170 0.094 0.167 
 71    (0)   :  0.007 0.005 0.037 0.032 0.144 0.221 0.189 0.088 0.123 0.154 
 72    (0)   :  0.006 0.005 0.009 0.036 0.095 0.202 0.147 0.110 0.258 0.130 
 73    (0)   :  0.007 0.005 0.038 0.037 0.236 0.221 0.081 0.102 0.113 0.161 
 74    (0)   :  0.004 0.004 0.010 0.045 0.092 0.192 0.230 0.212 0.112 0.101 
 75    (0)   :  0.010 0.005 0.014 0.046 0.109 0.211 0.183 0.242 0.099 0.081 
 76    (0)   :  0.004 0.005 0.010 0.040 0.129 0.255 0.082 0.127 0.138 0.212 
 77    (0)   :  0.004 0.004 0.024 0.031 0.117 0.163 0.209 0.130 0.109 0.209 
 78    (0)   :  0.005 0.005 0.028 0.031 0.102 0.132 0.282 0.137 0.108 0.171 
 79    (0)   :  0.004 0.004 0.011 0.048 0.167 0.060 0.113 0.119 0.208 0.266 
 80    (0)   :  0.004 0.004 0.009 0.088 0.123 0.063 0.072 0.385 0.099 0.151 
 81    (0)   :  0.004 0.004 0.008 0.106 0.138 0.054 0.090 0.283 0.110 0.202 
 82    (0)   :  0.004 0.004 0.018 0.055 0.176 0.164 0.082 0.193 0.133 0.171 
 83    (0)   :  0.005 0.004 0.008 0.085 0.148 0.084 0.162 0.207 0.117 0.179 
 84    (0)   :  0.004 0.004 0.009 0.088 0.132 0.063 0.128 0.199 0.138 0.234 
 85    (0)   :  0.005 0.004 0.009 0.088 0.132 0.076 0.171 0.227 0.163 0.125 
 86    (0)   :  0.004 0.006 0.017 0.051 0.192 0.191 0.073 0.106 0.203 0.159 
 87    (0)   :  0.010 0.005 0.011 0.051 0.139 0.092 0.156 0.122 0.116 0.298 
 88    (0)   :  0.004 0.004 0.010 0.066 0.155 0.073 0.088 0.276 0.117 0.207 
 89    (0)   :  0.012 0.005 0.009 0.086 0.195 0.062 0.083 0.272 0.111 0.164 
 90    (0)   :  0.004 0.004 0.010 0.056 0.177 0.064 0.104 0.130 0.120 0.329 
 91    (0)   :  0.005 0.004 0.008 0.089 0.105 0.075 0.149 0.337 0.113 0.115 
 92    (0)   :  0.004 0.004 0.010 0.058 0.189 0.075 0.102 0.165 0.166 0.225 
 93    (0)   :  0.015 0.004 0.010 0.211 0.100 0.073 0.069 0.310 0.110 0.098 
 94    (0)   :  0.005 0.004 0.009 0.048 0.078 0.074 0.253 0.109 0.100 0.320 
 95    (0)   :  0.004 0.004 0.010 0.066 0.148 0.062 0.089 0.221 0.089 0.307 
 96    (0)   :  0.005 0.004 0.012 0.061 0.171 0.248 0.060 0.238 0.087 0.115 
 97    (0)   :  0.004 0.005 0.013 0.049 0.152 0.161 0.206 0.220 0.105 0.087 
 98    (0)   :  0.004 0.004 0.012 0.037 0.182 0.163 0.086 0.195 0.177 0.139 
 99    (0)   :  0.004 0.004 0.009 0.086 0.164 0.057 0.112 0.185 0.124 0.254 
100    (0)   :  0.004 0.005 0.011 0.076 0.196 0.079 0.055 0.396 0.089 0.089 
101    (0)   :  0.042 0.005 0.012 0.055 0.167 0.106 0.143 0.149 0.115 0.206 
102    (0)   :  0.005 0.005 0.020 0.085 0.101 0.123 0.130 0.272 0.099 0.159 
103    (0)   :  0.022 0.005 0.012 0.080 0.356 0.070 0.072 0.109 0.099 0.175 
104    (0)   :  0.008 0.004 0.010 0.112 0.119 0.071 0.071 0.066 0.112 0.425 
105    (0)   :  0.023 0.006 0.025 0.138 0.204 0.082 0.064 0.078 0.104 0.276 
106    (0)   :  0.004 0.004 0.009 0.032 0.096 0.075 0.133 0.074 0.149 0.424 
107    (0)   :  0.015 0.005 0.017 0.084 0.240 0.086 0.071 0.113 0.107 0.262 
108    (0)   :  0.005 0.004 0.009 0.051 0.286 0.154 0.197 0.086 0.106 0.102 
109    (0)   :  0.009 0.006 0.110 0.040 0.113 0.096 0.151 0.069 0.140 0.267 
110    (0)   :  0.008 0.004 0.012 0.034 0.086 0.061 0.144 0.080 0.141 0.430 
111    (0)   :  0.008 0.007 0.023 0.059 0.150 0.074 0.065 0.089 0.111 0.414 
112    (0)   :  0.004 0.005 0.150 0.038 0.078 0.099 0.103 0.081 0.101 0.342 
113    (0)   :  0.010 0.005 0.012 0.056 0.275 0.116 0.109 0.116 0.160 0.141 
114    (0)   :  0.008 0.004 0.016 0.135 0.136 0.064 0.066 0.075 0.104 0.393 
115    (0)   :  0.006 0.005 0.021 0.045 0.109 0.171 0.077 0.123 0.132 0.311 
116    (0)   :  0.004 0.006 0.017 0.032 0.092 0.179 0.160 0.081 0.135 0.294 
117    (0)   :  0.015 0.006 0.029 0.036 0.081 0.074 0.127 0.105 0.153 0.373 
118    (0)   :  0.005 0.005 0.023 0.051 0.296 0.107 0.070 0.091 0.123 0.228 
119    (0)   :  0.005 0.004 0.010 0.063 0.126 0.211 0.118 0.238 0.083 0.142 
120    (0)   :  0.006 0.005 0.030 0.056 0.147 0.129 0.079 0.120 0.123 0.304 
121    (0)   :  0.034 0.009 0.053 0.036 0.103 0.191 0.094 0.092 0.122 0.265 
122    (0)   :  0.008 0.004 0.016 0.050 0.139 0.070 0.126 0.083 0.151 0.353 
123    (0)   :  0.011 0.005 0.014 0.062 0.143 0.088 0.121 0.102 0.114 0.340 
124    (0)   :  0.008 0.008 0.029 0.047 0.155 0.136 0.154 0.081 0.170 0.212 
125    (0)   :  0.006 0.005 0.031 0.036 0.082 0.086 0.243 0.115 0.206 0.191 
126    (0)   :  0.004 0.004 0.009 0.056 0.103 0.171 0.149 0.117 0.106 0.281 
127    (0)   :  0.006 0.005 0.018 0.058 0.161 0.088 0.063 0.091 0.091 0.422 
128    (0)   :  0.004 0.004 0.018 0.048 0.345 0.104 0.059 0.090 0.133 0.196 
129    (0)   :  0.024 0.006 0.015 0.043 0.299 0.084 0.068 0.070 0.111 0.282 
130    (0)   :  0.011 0.006 0.030 0.088 0.163 0.065 0.072 0.110 0.114 0.341 
131    (0)   :  0.029 0.009 0.031 0.036 0.109 0.117 0.250 0.075 0.133 0.212 
132    (0)   :  0.008 0.004 0.012 0.041 0.205 0.076 0.114 0.071 0.131 0.339 
133    (0)   :  0.013 0.008 0.014 0.064 0.239 0.092 0.081 0.098 0.115 0.277 
134    (0)   :  0.004 0.004 0.015 0.030 0.090 0.053 0.097 0.066 0.118 0.524 
135    (0)   :  0.004 0.005 0.019 0.123 0.115 0.202 0.081 0.282 0.085 0.083 
136    (0)   :  0.007 0.005 0.013 0.205 0.094 0.076 0.067 0.300 0.156 0.076 
137    (0)   :  0.009 0.004 0.026 0.125 0.074 0.059 0.067 0.424 0.105 0.105 
138    (0)   :  0.004 0.004 0.009 0.424 0.074 0.076 0.082 0.155 0.093 0.078 
139    (0)   :  0.007 0.004 0.011 0.155 0.301 0.118 0.080 0.119 0.121 0.085 
140    (0)   :  0.009 0.005 0.012 0.137 0.113 0.136 0.102 0.240 0.118 0.129 
141    (0)   :  0.013 0.005 0.012 0.300 0.113 0.081 0.095 0.128 0.171 0.081 
142    (0)   :  0.008 0.005 0.019 0.154 0.139 0.227 0.076 0.204 0.085 0.082 
143    (0)   :  0.004 0.004 0.009 0.118 0.078 0.067 0.056 0.507 0.085 0.073 
144    (0)   :  0.005 0.004 0.027 0.113 0.074 0.066 0.060 0.459 0.090 0.103 
145    (0)   :  0.008 0.006 0.015 0.137 0.122 0.111 0.094 0.236 0.190 0.081 
146    (0)   :  0.008 0.006 0.011 0.195 0.088 0.079 0.107 0.213 0.155 0.138 
147    (0)   :  0.007 0.004 0.009 0.210 0.072 0.060 0.062 0.402 0.100 0.075 
148    (0)   :  0.019 0.005 0.017 0.215 0.121 0.129 0.067 0.175 0.147 0.105 
149    (0)   :  0.097 0.005 0.012 0.177 0.107 0.144 0.089 0.188 0.104 0.077 
150    (0)   :  0.010 0.005 0.031 0.151 0.120 0.079 0.070 0.274 0.119 0.140 
151    (0)   :  0.004 0.005 0.009 0.153 0.103 0.080 0.062 0.390 0.097 0.096 
152    (0)   :  0.010 0.005 0.015 0.193 0.103 0.158 0.098 0.190 0.143 0.085 
153    (0)   :  0.006 0.004 0.010 0.337 0.072 0.123 0.096 0.152 0.101 0.098 
154    (0)   :  0.126 0.006 0.012 0.189 0.113 0.130 0.065 0.142 0.144 0.075 
155    (0)   :  0.004 0.004 0.008 0.437 0.092 0.066 0.059 0.139 0.091 0.099 
156    (0)   :  0.004 0.004 0.012 0.246 0.089 0.162 0.058 0.246 0.081 0.098 
157    (0)   :  0.007 0.004 0.009 0.295 0.084 0.056 0.089 0.211 0.092 0.155 
158    (0)   :  0.007 0.006 0.015 0.144 0.096 0.097 0.100 0.269 0.184 0.081 
159    (0)   :  0.054 0.005 0.011 0.223 0.089 0.058 0.062 0.325 0.096 0.076 
160    (0)   :  0.045 0.006 0.011 0.295 0.109 0.063 0.063 0.234 0.098 0.077 
161    (0)   :  0.008 0.004 0.010 0.084 0.099 0.083 0.101 0.385 0.124 0.101 
162    (0)   :  0.008 0.007 0.011 0.229 0.113 0.091 0.101 0.140 0.163 0.137 
163    (0)   :  0.004 0.004 0.008 0.398 0.074 0.106 0.060 0.168 0.084 0.094 
164    (0)   :  0.081 0.006 0.010 0.179 0.158 0.082 0.077 0.159 0.122 0.127 
165    (0)   :  0.005 0.005 0.029 0.143 0.093 0.080 0.066 0.342 0.101 0.137 
166    (0)   :  0.076 0.005 0.009 0.178 0.120 0.099 0.144 0.163 0.089 0.119 
167    (0)   :  0.123 0.008 0.010 0.296 0.070 0.069 0.065 0.106 0.158 0.096 
168    (0)   :  0.005 0.004 0.009 0.280 0.085 0.094 0.148 0.189 0.104 0.081 
169    (0)   :  0.008 0.006 0.016 0.113 0.086 0.089 0.212 0.215 0.175 0.079 
170    (0)   :  0.004 0.004 0.009 0.065 0.134 0.118 0.063 0.413 0.095 0.095 
171    (0)   :  0.006 0.005 0.009 0.230 0.138 0.101 0.118 0.167 0.139 0.088 
172    (0)   :  0.018 0.005 0.014 0.123 0.093 0.166 0.187 0.217 0.101 0.076 
173    (0)   :  0.006 0.005 0.010 0.359 0.137 0.069 0.060 0.180 0.099 0.077 
174    (0)   :  0.006 0.004 0.008 0.351 0.099 0.057 0.069 0.193 0.111 0.101 
175    (0)   :  0.004 0.005 0.010 0.127 0.080 0.076 0.058 0.414 0.151 0.076 
176    (0)   :  0.005 0.004 0.027 0.113 0.073 0.066 0.061 0.459 0.090 0.102 
177    (0)   :  0.007 0.005 0.009 0.276 0.088 0.067 0.143 0.147 0.103 0.154 
178    (0)   :  0.007 0.005 0.009 0.337 0.107 0.059 0.066 0.140 0.171 0.100 
179    (0)   :  0.009 0.004 0.008 0.415 0.098 0.058 0.058 0.170 0.101 0.077 
180    (0)   :  0.018 0.007 0.013 0.167 0.077 0.098 0.096 0.272 0.148 0.105 
181    (0)   :  0.008 0.005 0.014 0.129 0.145 0.117 0.089 0.299 0.114 0.081 
182    (0)   :  0.005 0.006 0.012 0.136 0.144 0.113 0.059 0.362 0.089 0.076 
183    (0)   :  0.007 0.004 0.009 0.208 0.104 0.072 0.061 0.356 0.103 0.077 
184    (0)   :  0.004 0.005 0.011 0.042 0.415 0.077 0.063 0.101 0.178 0.104 
185    (0)   :  0.004 0.004 0.011 0.274 0.079 0.178 0.049 0.256 0.079 0.067 
186    (0)   :  0.004 0.005 0.009 0.040 0.389 0.075 0.061 0.097 0.165 0.156 
187    (0)   :  0.004 0.004 0.009 0.158 0.318 0.080 0.058 0.148 0.123 0.099 
188    (0)   :  0.004 0.004 0.009 0.035 0.465 0.073 0.052 0.080 0.150 0.127 
189    (0)   :  0.004 0.004 0.008 0.080 0.124 0.126 0.124 0.232 0.199 0.098 
190    (0)   :  0.004 0.004 0.012 0.081 0.169 0.349 0.050 0.190 0.070 0.071 
191    (0)   :  0.004 0.004 0.011 0.053 0.480 0.065 0.054 0.113 0.118 0.098 
192    (0)   :  0.004 0.004 0.009 0.069 0.302 0.059 0.061 0.231 0.134 0.128 
193    (0)   :  0.004 0.004 0.013 0.060 0.235 0.108 0.070 0.226 0.164 0.117 
194    (0)   :  0.005 0.004 0.009 0.061 0.231 0.121 0.068 0.258 0.122 0.122 
195    (0)   :  0.004 0.004 0.009 0.110 0.279 0.150 0.052 0.233 0.087 0.072 
196    (0)   :  0.004 0.004 0.012 0.077 0.285 0.192 0.057 0.180 0.090 0.100 
197    (0)   :  0.004 0.005 0.010 0.130 0.187 0.112 0.066 0.114 0.224 0.148 
198    (0)   :  0.004 0.004 0.009 0.063 0.164 0.132 0.094 0.179 0.198 0.153 
199    (0)   :  0.004 0.004 0.013 0.048 0.185 0.276 0.070 0.207 0.094 0.101 
200    (0)   :  0.004 0.004 0.016 0.074 0.244 0.202 0.074 0.161 0.126 0.094 
201    (0)   :  0.004 0.004 0.008 0.251 0.240 0.089 0.051 0.165 0.105 0.082 
202    (0)   :  0.004 0.004 0.011 0.082 0.125 0.174 0.052 0.369 0.085 0.095 
203    (0)   :  0.004 0.004 0.011 0.199 0.295 0.079 0.049 0.196 0.085 0.078 
204    (0)   :  0.004 0.004 0.010 0.060 0.419 0.139 0.051 0.158 0.079 0.076 
205    (0)   :  0.004 0.004 0.010 0.057 0.340 0.161 0.071 0.142 0.107 0.104 
206    (0)   :  0.004 0.004 0.009 0.079 0.443 0.088 0.049 0.149 0.099 0.076 
207    (0)   :  0.004 0.004 0.013 0.041 0.431 0.129 0.050 0.138 0.089 0.100 
208    (0)   :  0.004 0.004 0.010 0.180 0.332 0.114 0.051 0.119 0.096 0.091 
209    (0)   :  0.004 0.004 0.013 0.054 0.354 0.099 0.057 0.174 0.131 0.110 
210    (0)   :  0.004 0.004 0.009 0.077 0.447 0.081 0.051 0.143 0.093 0.091 
211    (0)   :  0.004 0.005 0.026 0.066 0.175 0.218 0.050 0.223 0.097 0.137 
212    (0)   :  0.004 0.004 0.010 0.104 0.125 0.146 0.060 0.341 0.127 0.080 
213    (0)   :  0.004 0.004 0.012 0.050 0.204 0.197 0.093 0.191 0.092 0.153 
214    (0)   :  0.004 0.004 0.011 0.090 0.207 0.096 0.050 0.358 0.099 0.082 
215    (0)   :  0.004 0.004 0.013 0.052 0.447 0.111 0.063 0.102 0.098 0.107 
216    (0)   :  0.004 0.005 0.010 0.049 0.307 0.096 0.070 0.129 0.220 0.111 
217    (0)   :  0.004 0.004 0.009 0.102 0.226 0.115 0.058 0.293 0.107 0.082 
218    (0)   :  0.004 0.004 0.010 0.060 0.433 0.076 0.068 0.140 0.098 0.107 
219    (0)   :  0.005 0.006 0.008 0.105 0.192 0.093 0.081 0.199 0.213 0.098 
220    (0)   :  0.004 0.004 0.010 0.052 0.521 0.075 0.049 0.110 0.088 0.088 
221    (0)   :  0.004 0.004 0.010 0.060 0.108 0.149 0.051 0.463 0.080 0.071 
222    (0)   :  0.004 0.005 0.009 0.061 0.235 0.085 0.069 0.165 0.258 0.110 
223    (0)   :  0.004 0.004 0.008 0.172 0.215 0.090 0.072 0.185 0.145 0.104 
224    (0)   :  0.005 0.004 0.009 0.096 0.342 0.073 0.050 0.246 0.098 0.078 
225    (0)   :  0.004 0.004 0.010 0.063 0.349 0.147 0.062 0.169 0.103 0.089 
226    (0)   :  0.005 0.005 0.012 0.065 0.268 0.087 0.145 0.164 0.147 0.103 
227    (0)   :  0.004 0.004 0.011 0.105 0.211 0.245 0.051 0.180 0.085 0.104 
228    (0)   :  0.004 0.004 0.012 0.113 0.220 0.236 0.049 0.213 0.081 0.067 
229    (0)   :  0.004 0.004 0.009 0.086 0.338 0.055 0.050 0.270 0.100 0.085 
230    (0)   :  0.004 0.004 0.010 0.068 0.410 0.061 0.049 0.222 0.088 0.083 
231    (0)   :  0.004 0.004 0.010 0.113 0.332 0.065 0.055 0.193 0.140 0.085 
232    (0)   :  0.004 0.004 0.011 0.055 0.178 0.132 0.104 0.286 0.103 0.122 
233    (0)   :  0.004 0.004 0.010 0.244 0.205 0.076 0.051 0.223 0.100 0.082 
234    (0)   :  0.004 0.003 0.009 0.090 0.283 0.072 0.068 0.163 0.187 0.120 
235    (0)   :  0.004 0.004 0.009 0.072 0.211 0.116 0.073 0.275 0.128 0.108 
236    (0)   :  0.004 0.004 0.010 0.102 0.260 0.076 0.060 0.266 0.125 0.092 
237    (0)   :  0.004 0.004 0.013 0.057 0.367 0.167 0.057 0.129 0.107 0.095 
238    (0)   :  0.004 0.004 0.010 0.085 0.193 0.090 0.053 0.347 0.110 0.104 
239    (0)   :  0.004 0.004 0.009 0.111 0.280 0.149 0.052 0.233 0.087 0.072 
240    (0)   :  0.004 0.004 0.010 0.085 0.193 0.089 0.053 0.349 0.110 0.103 
241    (0)   :  0.004 0.004 0.011 0.078 0.186 0.126 0.066 0.346 0.097 0.083 
242    (0)   :  0.005 0.004 0.009 0.075 0.298 0.115 0.081 0.184 0.140 0.091 
243    (0)   :  0.004 0.004 0.014 0.078 0.302 0.209 0.049 0.179 0.081 0.080 
244    (0)   :  0.004 0.004 0.010 0.096 0.350 0.071 0.050 0.247 0.090 0.078 
245    (0)   :  0.004 0.004 0.008 0.231 0.124 0.125 0.056 0.262 0.093 0.093 
246    (0)   :  0.004 0.004 0.009 0.102 0.228 0.114 0.058 0.292 0.107 0.081 
247    (0)   :  0.004 0.004 0.009 0.040 0.327 0.094 0.114 0.096 0.117 0.197 
248    (0)   :  0.004 0.004 0.011 0.048 0.428 0.120 0.059 0.093 0.111 0.122 
249    (0)   :  0.004 0.004 0.011 0.064 0.280 0.080 0.050 0.321 0.097 0.089 
250    (0)   :  0.004 0.004 0.010 0.071 0.333 0.063 0.058 0.236 0.121 0.100 
251    (0)   :  0.004 0.004 0.015 0.063 0.255 0.123 0.109 0.136 0.174 0.117 
252    (0)   :  0.004 0.004 0.009 0.081 0.276 0.130 0.063 0.223 0.117 0.093 
253    (0)   :  0.004 0.004 0.010 0.047 0.219 0.186 0.095 0.150 0.134 0.152 
254    (0)   :  0.004 0.005 0.009 0.079 0.288 0.094 0.058 0.149 0.215 0.099 
255    (0)   :  0.004 0.004 0.010 0.068 0.275 0.084 0.057 0.221 0.158 0.119 
256    (0)   :  0.004 0.004 0.011 0.065 0.269 0.123 0.060 0.267 0.109 0.089 
257    (0)   :  0.010 0.006 0.013 0.066 0.331 0.112 0.064 0.169 0.116 0.112 
258    (0)   :  0.004 0.004 0.012 0.076 0.207 0.220 0.074 0.129 0.140 0.136 
259    (0)   :  0.004 0.004 0.010 0.055 0.404 0.072 0.059 0.185 0.114 0.094 
260    (0)   :  0.004 0.005 0.009 0.096 0.179 0.069 0.059 0.251 0.226 0.103 
261    (0)   :  0.004 0.004 0.008 0.118 0.194 0.164 0.065 0.242 0.117 0.085 
262    (0)   :  0.004 0.004 0.010 0.083 0.182 0.244 0.057 0.264 0.081 0.071 
263    (0)   :  0.004 0.005 0.010 0.054 0.457 0.089 0.050 0.107 0.137 0.087 
264    (0)   :  0.004 0.006 0.011 0.036 0.222 0.100 0.072 0.087 0.342 0.121 
265    (0)   :  0.004 0.004 0.009 0.101 0.297 0.096 0.071 0.170 0.143 0.106 
266    (0)   :  0.004 0.004 0.010 0.088 0.126 0.163 0.052 0.401 0.081 0.071 
267    (0)   :  0.004 0.004 0.013 0.076 0.240 0.112 0.056 0.228 0.150 0.117 
268    (0)   :  0.004 0.004 0.012 0.077 0.283 0.194 0.057 0.181 0.090 0.098 
269    (0)   :  0.004 0.004 0.009 0.108 0.216 0.082 0.092 0.175 0.209 0.100 
270    (0)   :  0.007 0.005 0.010 0.059 0.365 0.086 0.066 0.106 0.180 0.117 
271    (0)   :  0.004 0.004 0.013 0.059 0.336 0.141 0.072 0.129 0.120 0.122 
272    (0)   :  0.005 0.005 0.016 0.064 0.280 0.128 0.137 0.136 0.121 0.107 
273    (0)   :  0.032 0.019 0.021 0.081 0.218 0.080 0.090 0.185 0.141 0.134 
274    (0)   :  0.004 0.004 0.010 0.061 0.319 0.097 0.087 0.156 0.144 0.118 
275    (0)   :  0.017 0.007 0.014 0.087 0.338 0.084 0.081 0.133 0.148 0.092 
276    (0)   :  0.005 0.005 0.017 0.043 0.262 0.157 0.117 0.160 0.115 0.119 
277    (0)   :  0.004 0.004 0.008 0.087 0.251 0.080 0.071 0.233 0.159 0.102 
278    (0)   :  0.004 0.004 0.013 0.070 0.377 0.151 0.065 0.113 0.101 0.102 
279    (0)   :  0.004 0.004 0.010 0.069 0.330 0.089 0.072 0.184 0.137 0.101 
280    (0)   :  0.004 0.004 0.009 0.080 0.259 0.110 0.101 0.177 0.161 0.095 
281    (0)   :  0.004 0.004 0.010 0.062 0.331 0.099 0.077 0.154 0.120 0.139 
282    (0)   :  0.004 0.004 0.008 0.126 0.187 0.066 0.061 0.307 0.143 0.095 
283    (0)   :  0.004 0.004 0.009 0.156 0.191 0.077 0.051 0.310 0.102 0.095 
284    (0)   :  0.007 0.004 0.012 0.102 0.259 0.091 0.068 0.200 0.134 0.123 
285    (0)   :  0.004 0.004 0.014 0.036 0.400 0.152 0.083 0.080 0.110 0.118 
286    (0)   :  0.004 0.004 0.010 0.096 0.349 0.072 0.050 0.247 0.090 0.077 
287    (0)   :  0.004 0.004 0.008 0.081 0.236 0.086 0.094 0.198 0.144 0.145 
288    (0)   :  0.005 0.005 0.011 0.057 0.398 0.077 0.109 0.124 0.117 0.097 
289    (0)   :  0.007 0.006 0.014 0.056 0.377 0.100 0.077 0.114 0.118 0.129 
290    (0)   :  0.004 0.006 0.020 0.044 0.227 0.156 0.074 0.201 0.170 0.099 
291    (0)   :  0.004 0.004 0.013 0.060 0.331 0.142 0.072 0.129 0.120 0.124 
292    (0)   :  0.004 0.004 0.009 0.081 0.168 0.203 0.106 0.206 0.134 0.086 
293    (0)   :  0.004 0.004 0.016 0.048 0.170 0.199 0.083 0.127 0.236 0.114 
294    (0)   :  0.004 0.006 0.011 0.043 0.403 0.144 0.057 0.114 0.129 0.089 
295    (0)   :  0.009 0.005 0.019 0.067 0.197 0.199 0.113 0.131 0.136 0.123 
296    (0)   :  0.004 0.004 0.012 0.060 0.435 0.105 0.065 0.119 0.085 0.111 
297    (0)   :  0.004 0.004 0.009 0.057 0.324 0.087 0.100 0.151 0.161 0.103 
298    (0)   :  0.004 0.004 0.008 0.086 0.253 0.056 0.060 0.282 0.140 0.106 
299    (0)   :  0.004 0.005 0.009 0.055 0.431 0.067 0.050 0.126 0.162 0.092 
300    (0)   :  0.004 0.004 0.011 0.040 0.485 0.093 0.073 0.105 0.099 0.085 
301    (0)   :  0.007 0.005 0.011 0.058 0.342 0.083 0.072 0.109 0.217 0.096 
302    (0)   :  0.008 0.006 0.014 0.058 0.332 0.207 0.061 0.101 0.128 0.084 
303    (0)   :  0.004 0.004 0.010 0.088 0.273 0.080 0.071 0.271 0.115 0.084 
304    (0)   :  0.007 0.005 0.010 0.200 0.118 0.059 0.062 0.171 0.232 0.137 
305    (0)   :  0.008 0.004 0.010 0.092 0.346 0.145 0.063 0.170 0.091 0.072 
306    (0)   :  0.004 0.004 0.009 0.078 0.192 0.099 0.070 0.331 0.123 0.090 
307    (0)   :  0.005 0.004 0.010 0.061 0.280 0.082 0.072 0.244 0.141 0.101 
308    (0)   :  0.004 0.004 0.008 0.114 0.197 0.164 0.065 0.243 0.116 0.084 
309    (0)   :  0.021 0.013 0.023 0.062 0.430 0.084 0.057 0.106 0.093 0.111 
310    (0)   :  0.004 0.004 0.011 0.081 0.314 0.140 0.050 0.225 0.093 0.079 
311    (0)   :  0.004 0.004 0.010 0.070 0.408 0.061 0.049 0.221 0.090 0.082 
312    (0)   :  0.004 0.003 0.011 0.055 0.500 0.089 0.050 0.109 0.082 0.097 
313    (0)   :  0.004 0.004 0.012 0.043 0.369 0.234 0.059 0.098 0.087 0.090 
314    (0)   :  0.016 0.004 0.011 0.264 0.072 0.119 0.061 0.291 0.089 0.073 
315    (0)   :  0.014 0.004 0.008 0.340 0.070 0.110 0.099 0.179 0.098 0.077 
316    (0)   :  0.030 0.006 0.010 0.361 0.075 0.067 0.117 0.142 0.110 0.081 
317    (0)   :  0.016 0.005 0.011 0.307 0.071 0.069 0.065 0.289 0.093 0.075 
318    (0)   :  0.024 0.004 0.009 0.453 0.068 0.049 0.065 0.151 0.100 0.076 
319    (0)   :  0.004 0.004 0.009 0.184 0.080 0.070 0.057 0.432 0.088 0.073 
320    (0)   :  0.016 0.004 0.012 0.265 0.071 0.119 0.061 0.291 0.088 0.072 
321    (0)   :  0.037 0.004 0.012 0.302 0.070 0.063 0.068 0.266 0.102 0.076 
322    (0)   :  0.017 0.006 0.012 0.219 0.080 0.104 0.109 0.271 0.100 0.081 
323    (0)   :  0.014 0.010 0.008 0.396 0.075 0.054 0.061 0.202 0.102 0.076 
324    (0)   :  0.036 0.004 0.011 0.300 0.070 0.062 0.067 0.270 0.102 0.076 
325    (0)   :  0.039 0.004 0.009 0.382 0.070 0.062 0.115 0.134 0.105 0.080 
326    (0)   :  0.179 0.007 0.011 0.231 0.072 0.062 0.103 0.154 0.100 0.081 
327    (0)   :  0.016 0.004 0.011 0.308 0.071 0.070 0.064 0.287 0.093 0.076 
328    (0)   :  0.021 0.004 0.009 0.212 0.084 0.088 0.108 0.292 0.103 0.079 
329    (0)   :  0.006 0.004 0.008 0.347 0.068 0.049 0.061 0.284 0.097 0.075 
330    (0)   :  0.015 0.005 0.011 0.307 0.071 0.069 0.064 0.290 0.093 0.075 
331    (0)   :  0.009 0.004 0.008 0.427 0.077 0.052 0.061 0.189 0.098 0.075 
332    (0)   :  0.168 0.009 0.009 0.237 0.070 0.062 0.102 0.155 0.105 0.081 
333    (0)   :  0.130 0.007 0.010 0.223 0.082 0.069 0.099 0.201 0.098 0.081 
334    (0)   :  0.021 0.004 0.009 0.213 0.084 0.088 0.107 0.290 0.104 0.079 
335    (0)   :  0.009 0.004 0.009 0.213 0.072 0.093 0.097 0.331 0.094 0.079 
336    (0)   :  0.138 0.010 0.010 0.261 0.069 0.085 0.063 0.193 0.099 0.074 
337    (0)   :  0.053 0.004 0.012 0.247 0.072 0.083 0.115 0.228 0.106 0.080 
338    (0)   :  0.120 0.004 0.009 0.334 0.069 0.050 0.065 0.171 0.101 0.076 
339    (0)   :  0.009 0.004 0.008 0.428 0.076 0.052 0.062 0.187 0.098 0.075 
340    (0)   :  0.005 0.004 0.008 0.423 0.078 0.056 0.058 0.202 0.091 0.075 
341    (0)   :  0.068 0.009 0.010 0.275 0.080 0.055 0.062 0.268 0.095 0.077 
342    (0)   :  0.015 0.005 0.011 0.307 0.071 0.069 0.064 0.287 0.094 0.076 
343    (0)   :  0.026 0.010 0.010 0.162 0.069 0.142 0.091 0.311 0.100 0.077 
344    (0)   :  0.009 0.004 0.008 0.436 0.068 0.049 0.061 0.192 0.098 0.075 
345    (0)   :  0.016 0.004 0.011 0.307 0.071 0.069 0.064 0.289 0.093 0.075 
346    (0)   :  0.012 0.004 0.009 0.461 0.069 0.053 0.062 0.161 0.094 0.076 
347    (0)   :  0.005 0.004 0.008 0.431 0.069 0.053 0.058 0.206 0.091 0.075 
348    (0)   :  0.009 0.004 0.009 0.181 0.072 0.161 0.086 0.315 0.088 0.075 
349    (0)   :  0.017 0.005 0.011 0.304 0.072 0.069 0.064 0.291 0.093 0.075 
350    (0)   :  0.006 0.004 0.008 0.361 0.079 0.091 0.060 0.224 0.093 0.073 
351    (0)   :  0.009 0.004 0.010 0.216 0.072 0.093 0.098 0.326 0.093 0.079 
352    (0)   :  0.024 0.005 0.012 0.260 0.074 0.097 0.109 0.244 0.097 0.079 
353    (0)   :  0.137 0.009 0.010 0.263 0.069 0.085 0.062 0.193 0.099 0.074 
354    (0)   :  0.015 0.006 0.010 0.399 0.072 0.051 0.064 0.206 0.101 0.077 
355    (0)   :  0.025 0.004 0.009 0.450 0.068 0.049 0.065 0.153 0.100 0.076 
356    (0)   :  0.005 0.004 0.008 0.090 0.071 0.148 0.085 0.431 0.085 0.074 
357    (0)   :  0.005 0.004 0.009 0.242 0.084 0.070 0.151 0.152 0.189 0.095 
358    (0)   :  0.106 0.004 0.009 0.270 0.070 0.062 0.101 0.195 0.103 0.079 
359    (0)   :  0.075 0.004 0.008 0.328 0.079 0.053 0.062 0.217 0.098 0.075 
360    (0)   :  0.011 0.004 0.009 0.462 0.069 0.053 0.062 0.160 0.093 0.075 
361    (0)   :  0.005 0.004 0.010 0.098 0.087 0.095 0.147 0.273 0.187 0.094 
362    (0)   :  0.009 0.004 0.011 0.058 0.223 0.078 0.220 0.098 0.143 0.154 
363    (0)   :  0.007 0.006 0.013 0.041 0.164 0.080 0.155 0.092 0.191 0.251 
364    (0)   :  0.007 0.010 0.017 0.085 0.105 0.094 0.078 0.212 0.259 0.131 
365    (0)   :  0.009 0.012 0.023 0.044 0.111 0.078 0.174 0.104 0.299 0.145 
366    (0)   :  0.007 0.005 0.015 0.056 0.153 0.167 0.127 0.151 0.221 0.097 
367    (0)   :  0.004 0.004 0.010 0.036 0.084 0.055 0.180 0.076 0.133 0.418 
368    (0)   :  0.004 0.004 0.010 0.047 0.220 0.069 0.090 0.118 0.186 0.250 
369    (0)   :  0.009 0.006 0.017 0.059 0.107 0.188 0.074 0.204 0.224 0.112 
370    (0)   :  0.023 0.009 0.019 0.049 0.223 0.075 0.083 0.119 0.172 0.228 
371    (0)   :  0.018 0.008 0.016 0.056 0.187 0.092 0.068 0.138 0.295 0.122 
372    (0)   :  0.023 0.028 0.029 0.060 0.287 0.082 0.080 0.127 0.112 0.170 
373    (0)   :  0.004 0.005 0.013 0.050 0.112 0.077 0.089 0.178 0.165 0.306 
374    (0)   :  0.006 0.006 0.023 0.058 0.120 0.072 0.108 0.250 0.206 0.152 
375    (0)   :  0.009 0.012 0.015 0.041 0.137 0.057 0.090 0.089 0.317 0.232 
376    (0)   :  0.007 0.082 0.012 0.039 0.071 0.061 0.188 0.088 0.278 0.173 
377    (0)   :  0.012 0.006 0.014 0.066 0.200 0.108 0.154 0.095 0.187 0.157 
378    (0)   :  0.010 0.005 0.013 0.114 0.109 0.079 0.094 0.148 0.101 0.329 
379    (0)   :  0.011 0.148 0.016 0.035 0.086 0.065 0.144 0.080 0.230 0.185 
380    (0)   :  0.010 0.009 0.014 0.056 0.100 0.094 0.236 0.200 0.187 0.096 
381    (0)   :  0.006 0.007 0.013 0.045 0.072 0.148 0.103 0.189 0.333 0.087 
382    (0)   :  0.006 0.004 0.010 0.052 0.110 0.054 0.114 0.088 0.352 0.210 
383    (0)   :  0.142 0.010 0.012 0.081 0.116 0.055 0.186 0.100 0.205 0.093 
384    (0)   :  0.053 0.031 0.018 0.078 0.091 0.058 0.095 0.119 0.309 0.147 
385    (0)   :  0.067 0.005 0.137 0.102 0.103 0.058 0.071 0.112 0.216 0.129 
386    (0)   :  0.004 0.004 0.010 0.041 0.121 0.067 0.192 0.094 0.211 0.256 
387    (0)   :  0.004 0.004 0.011 0.060 0.090 0.077 0.165 0.092 0.255 0.242 
388    (0)   :  0.009 0.012 0.026 0.086 0.119 0.058 0.097 0.185 0.244 0.163 
389    (0)   :  0.018 0.009 0.050 0.048 0.219 0.186 0.064 0.095 0.160 0.151 
390    (0)   :  0.021 0.018 0.021 0.039 0.082 0.132 0.199 0.094 0.134 0.260 
391    (0)   :  0.011 0.010 0.051 0.044 0.126 0.119 0.107 0.156 0.148 0.227 
392    (0)   :  0.004 0.006 0.009 0.075 0.106 0.086 0.141 0.143 0.229 0.201 
393    (0)   :  0.006 0.006 0.012 0.058 0.074 0.090 0.349 0.146 0.161 0.098 
394    (0)   :  0.010 0.004 0.009 0.109 0.112 0.073 0.187 0.171 0.125 0.200 
395    (0)   :  0.004 0.004 0.009 0.049 0.225 0.115 0.226 0.094 0.114 0.162 
396    (0)   :  0.004 0.004 0.010 0.033 0.121 0.062 0.088 0.080 0.290 0.308 
397    (0)   :  0.005 0.042 0.009 0.063 0.218 0.087 0.063 0.170 0.243 0.100 
398    (0)   :  0.005 0.034 0.009 0.037 0.077 0.067 0.312 0.084 0.122 0.254 
399    (0)   :  0.009 0.004 0.016 0.043 0.109 0.091 0.136 0.098 0.112 0.381 
400    (0)   :  0.004 0.005 0.011 0.039 0.074 0.076 0.111 0.147 0.255 0.278 
401    (0)   :  0.004 0.004 0.011 0.051 0.089 0.136 0.129 0.132 0.098 0.346 
402    (0)   :  0.005 0.005 0.012 0.054 0.113 0.139 0.096 0.126 0.206 0.244 
403    (0)   :  0.005 0.005 0.027 0.151 0.113 0.080 0.110 0.224 0.153 0.132 
404    (0)   :  0.004 0.005 0.017 0.045 0.178 0.061 0.087 0.166 0.282 0.155 
405    (0)   :  0.004 0.004 0.010 0.049 0.174 0.090 0.200 0.137 0.198 0.134 
406    (0)   :  0.004 0.004 0.010 0.044 0.120 0.106 0.313 0.203 0.104 0.092 
407    (0)   :  0.004 0.004 0.009 0.033 0.104 0.058 0.294 0.085 0.246 0.164 
408    (0)   :  0.004 0.004 0.010 0.032 0.137 0.192 0.082 0.073 0.089 0.378 
409    (0)   :  0.010 0.008 0.015 0.044 0.082 0.102 0.200 0.320 0.110 0.108 
410    (0)   :  0.009 0.061 0.014 0.060 0.098 0.087 0.144 0.124 0.164 0.238 
411    (0)   :  0.012 0.009 0.010 0.088 0.081 0.117 0.097 0.111 0.319 0.157 
412    (0)   :  0.004 0.004 0.010 0.045 0.209 0.064 0.101 0.106 0.204 0.251 
413    (0)   :  0.008 0.004 0.009 0.103 0.156 0.066 0.117 0.133 0.143 0.262 
414    (0)   :  0.008 0.004 0.014 0.045 0.206 0.056 0.083 0.067 0.227 0.291 
415    (0)   :  0.004 0.004 0.011 0.034 0.101 0.128 0.180 0.121 0.239 0.179 
416    (0)   :  0.004 0.005 0.024 0.043 0.088 0.131 0.110 0.166 0.180 0.248 
417    (0)   :  0.006 0.005 0.010 0.037 0.105 0.063 0.340 0.096 0.156 0.183 
418    (0)   :  0.004 0.005 0.009 0.038 0.107 0.055 0.091 0.093 0.206 0.393 
419    (0)   :  0.008 0.008 0.023 0.073 0.107 0.086 0.137 0.206 0.172 0.180 
420    (0)   :  0.004 0.004 0.011 0.032 0.083 0.212 0.119 0.102 0.097 0.336 
421    (0)   :  0.005 0.005 0.010 0.038 0.144 0.072 0.197 0.107 0.137 0.285 
422    (0)   :  0.004 0.005 0.011 0.040 0.218 0.131 0.245 0.103 0.117 0.127 
423    (0)   :  0.004 0.006 0.010 0.063 0.169 0.078 0.190 0.106 0.210 0.164 
424    (0)   :  0.009 0.006 0.030 0.056 0.079 0.138 0.207 0.121 0.121 0.233 
425    (0)   :  0.008 0.013 0.032 0.070 0.114 0.079 0.096 0.130 0.306 0.152 
426    (0)   :  0.025 0.024 0.028 0.063 0.105 0.079 0.166 0.131 0.156 0.223 
427    (0)   :  0.008 0.004 0.009 0.123 0.070 0.056 0.334 0.077 0.122 0.197 
428    (0)   :  0.006 0.014 0.011 0.069 0.120 0.096 0.303 0.175 0.104 0.102 
429    (0)   :  0.004 0.005 0.009 0.035 0.093 0.055 0.189 0.077 0.240 0.294 
430    (0)   :  0.004 0.004 0.010 0.037 0.118 0.060 0.404 0.088 0.142 0.132 
431    (0)   :  0.011 0.008 0.019 0.078 0.159 0.076 0.119 0.114 0.176 0.240 
432    (0)   :  0.004 0.004 0.010 0.049 0.176 0.079 0.101 0.125 0.171 0.279 
433    (0)   :  0.006 0.006 0.010 0.091 0.149 0.098 0.074 0.257 0.159 0.149 
434    (0)   :  0.004 0.004 0.012 0.050 0.166 0.098 0.100 0.171 0.265 0.129 
435    (0)   :  0.004 0.004 0.008 0.036 0.077 0.067 0.437 0.078 0.118 0.171 
436    (0)   :  0.005 0.006 0.011 0.038 0.052 0.080 0.349 0.130 0.144 0.185 
437    (0)   :  0.004 0.005 0.008 0.038 0.089 0.072 0.143 0.089 0.421 0.132 
438    (0)   :  0.005 0.005 0.011 0.039 0.074 0.132 0.372 0.132 0.086 0.143 
439    (0)   :  0.004 0.004 0.009 0.038 0.060 0.055 0.485 0.099 0.121 0.124 
440    (0)   :  0.004 0.004 0.010 0.032 0.076 0.059 0.386 0.070 0.159 0.201 
441    (0)   :  0.005 0.004 0.011 0.051 0.082 0.069 0.356 0.141 0.163 0.119 
442    (0)   :  0.004 0.005 0.022 0.032 0.092 0.094 0.121 0.105 0.268 0.256 
443    (0)   :  0.004 0.004 0.013 0.033 0.070 0.188 0.191 0.081 0.110 0.307 
444    (0)   :  0.004 0.005 0.022 0.032 0.085 0.108 0.185 0.100 0.257 0.201 
445    (0)   :  0.005 0.033 0.012 0.044 0.076 0.112 0.283 0.189 0.138 0.109 
446    (0)   :  0.006 0.039 0.011 0.038 0.057 0.054 0.335 0.092 0.113 0.255 
447    (0)   :  0.005 0.005 0.027 0.044 0.073 0.095 0.309 0.152 0.144 0.145 
448    (0)   :  0.004 0.004 0.010 0.038 0.091 0.080 0.266 0.096 0.228 0.183 
449    (0)   :  0.004 0.004 0.010 0.047 0.098 0.079 0.260 0.132 0.219 0.146 
450    (0)   :  0.004 0.005 0.012 0.052 0.064 0.051 0.153 0.134 0.369 0.156 
451    (0)   :  0.004 0.004 0.010 0.032 0.108 0.085 0.140 0.070 0.151 0.394 
452    (0)   :  0.004 0.004 0.010 0.050 0.071 0.057 0.201 0.135 0.255 0.213 
453    (0)   :  0.004 0.004 0.016 0.036 0.098 0.295 0.149 0.123 0.112 0.164 
454    (0)   :  0.008 0.004 0.009 0.062 0.101 0.071 0.286 0.114 0.200 0.144 
455    (0)   :  0.005 0.004 0.010 0.034 0.058 0.097 0.439 0.086 0.116 0.151 
456    (0)   :  0.004 0.004 0.012 0.034 0.072 0.196 0.237 0.085 0.184 0.172 
457    (0)   :  0.004 0.004 0.009 0.039 0.077 0.072 0.253 0.101 0.317 0.124 
458    (0)   :  0.005 0.033 0.011 0.040 0.075 0.060 0.354 0.103 0.154 0.165 
459    (0)   :  0.004 0.004 0.011 0.047 0.054 0.057 0.386 0.157 0.112 0.168 
460    (0)   :  0.004 0.004 0.010 0.036 0.061 0.061 0.399 0.081 0.113 0.232 
461    (0)   :  0.004 0.005 0.011 0.038 0.059 0.050 0.186 0.088 0.175 0.384 
462    (0)   :  0.005 0.007 0.046 0.032 0.134 0.091 0.255 0.066 0.211 0.154 
463    (0)   :  0.004 0.004 0.010 0.041 0.106 0.196 0.348 0.100 0.102 0.090 
464    (0)   :  0.004 0.004 0.009 0.034 0.062 0.125 0.290 0.085 0.108 0.280 
465    (0)   :  0.004 0.005 0.011 0.039 0.092 0.102 0.262 0.097 0.141 0.246 
466    (0)   :  0.004 0.004 0.009 0.034 0.083 0.195 0.262 0.086 0.111 0.213 
467    (0)   :  0.005 0.004 0.012 0.044 0.126 0.078 0.348 0.111 0.144 0.129 
468    (0)   :  0.004 0.004 0.009 0.033 0.067 0.120 0.361 0.084 0.209 0.108 
469    (0)   :  0.004 0.004 0.009 0.036 0.055 0.051 0.556 0.081 0.106 0.098 
470    (0)   :  0.004 0.004 0.008 0.036 0.063 0.061 0.454 0.082 0.100 0.189 
471    (0)   :  0.004 0.005 0.015 0.036 0.123 0.162 0.133 0.097 0.188 0.235 
472    (0)   :  0.004 0.005 0.013 0.035 0.087 0.141 0.195 0.102 0.248 0.170 
473    (0)   :  0.005 0.004 0.009 0.048 0.127 0.094 0.239 0.125 0.215 0.133 
474    (0)   :  0.004 0.004 0.010 0.045 0.070 0.106 0.188 0.137 0.230 0.206 
475    (0)   :  0.004 0.004 0.010 0.052 0.092 0.089 0.205 0.149 0.134 0.260 
476    (0)   :  0.004 0.005 0.010 0.036 0.060 0.101 0.234 0.101 0.297 0.151 
477    (0)   :  0.005 0.005 0.018 0.039 0.067 0.110 0.237 0.129 0.137 0.253 
478    (0)   :  0.005 0.005 0.020 0.037 0.062 0.066 0.201 0.078 0.105 0.421 
479    (0)   :  0.004 0.004 0.009 0.036 0.064 0.060 0.366 0.080 0.189 0.189 
480    (0)   :  0.004 0.004 0.009 0.037 0.067 0.061 0.295 0.093 0.287 0.143 
481    (0)   :  0.004 0.004 0.015 0.036 0.166 0.091 0.133 0.095 0.263 0.193 
