

----------------------------------------------------
STRUCTURE by Pritchard, Stephens and Donnelly (2000)
     and Falush, Stephens and Pritchard (2003)
       Code by Pritchard, Falush and Hubisz
             Version 2.3.4 (Jul 2012)
----------------------------------------------------



Command line arguments:   ./structure -K 8 -D 108018 -m brooktrout/mainparams -e brooktrout/extraparams -o brooktrout/250914_output/results_K8_rep18 
Input File:    brooktrout/brooktrout.txt

Run parameters:
   8454 individuals
   5 loci
   8 populations assumed
   50000 Burn-in period
   100000 Reps
RANDOMIZE turned off


--------------------------------------------
Overall proportion of membership of the
sample in each of the 8 clusters

Inferred Clusters
  1      2      3      4      5      6      7      8    
0.013  0.038  0.042  0.092  0.168  0.206  0.200  0.242  

--------------------------------------------

Allele-freq. divergence among pops (Net nucleotide distance),
computed using point estimates of P.

      1       2       3       4       5       6       7       8      
 1      -    0.1904  0.1236  0.1165  0.0921  0.1243  0.1209  0.0973  
 2   0.1904     -    0.2058  0.1645  0.1792  0.1751  0.1366  0.1802  
 3   0.1236  0.2058     -    0.1688  0.1484  0.0859  0.1275  0.1528  
 4   0.1165  0.1645  0.1688     -    0.1236  0.1677  0.1098  0.0933  
 5   0.0921  0.1792  0.1484  0.1236     -    0.1552  0.1266  0.0654  
 6   0.1243  0.1751  0.0859  0.1677  0.1552     -    0.1088  0.1667  
 7   0.1209  0.1366  0.1275  0.1098  0.1266  0.1088     -    0.0994  
 8   0.0973  0.1802  0.1528  0.0933  0.0654  0.1667  0.0994     -    

Average distances (expected heterozygosity) between individuals in same cluster:
cluster  1  : 0.8091 
cluster  2  : 0.7326 
cluster  3  : 0.7478 
cluster  4  : 0.7866 
cluster  5  : 0.7386 
cluster  6  : 0.7027 
cluster  7  : 0.7618 
cluster  8  : 0.7705 

--------------------------------------------
Estimated Ln Prob of Data   = -183136.4
Mean value of ln likelihood = -171764.9
Variance of ln likelihood   = 22742.9

Mean value of alpha_1       = 0.0470
Mean value of alpha_2       = 0.1307
Mean value of alpha_3       = 0.1565
Mean value of alpha_4       = 0.3495
Mean value of alpha_5       = 0.6208
Mean value of alpha_6       = 0.7451
Mean value of alpha_7       = 0.7610
Mean value of alpha_8       = 0.9025
Allele frequencies uncorrelated


Inferred ancestry of individuals:
     (%Miss) :  Inferred clusters
  1    (0)   :  0.008 0.048 0.059 0.092 0.210 0.266 0.128 0.189 
  2    (0)   :  0.005 0.011 0.016 0.095 0.098 0.097 0.514 0.165 
  3    (0)   :  0.012 0.032 0.021 0.036 0.333 0.237 0.149 0.180 
  4    (0)   :  0.016 0.022 0.134 0.050 0.115 0.366 0.136 0.159 
  5    (0)   :  0.007 0.012 0.027 0.173 0.125 0.090 0.375 0.190 
  6    (0)   :  0.011 0.013 0.024 0.039 0.432 0.115 0.145 0.221 
  7    (0)   :  0.008 0.011 0.021 0.074 0.188 0.096 0.096 0.506 
  8    (0)   :  0.033 0.019 0.222 0.052 0.161 0.187 0.115 0.212 
  9    (0)   :  0.022 0.018 0.020 0.100 0.211 0.180 0.276 0.174 
 10    (0)   :  0.011 0.011 0.199 0.079 0.172 0.119 0.125 0.285 
 11    (0)   :  0.006 0.013 0.021 0.122 0.194 0.097 0.097 0.451 
 12    (0)   :  0.008 0.014 0.018 0.107 0.139 0.154 0.366 0.195 
 13    (0)   :  0.010 0.018 0.021 0.080 0.182 0.164 0.232 0.293 
 14    (0)   :  0.005 0.032 0.073 0.048 0.179 0.124 0.401 0.140 
 15    (0)   :  0.008 0.018 0.034 0.066 0.178 0.273 0.202 0.221 
 16    (0)   :  0.006 0.022 0.021 0.112 0.304 0.141 0.124 0.269 
 17    (0)   :  0.022 0.029 0.022 0.118 0.242 0.157 0.207 0.203 
 18    (0)   :  0.019 0.022 0.024 0.050 0.278 0.175 0.296 0.136 
 19    (0)   :  0.009 0.011 0.018 0.079 0.298 0.145 0.179 0.260 
 20    (0)   :  0.007 0.018 0.021 0.124 0.177 0.164 0.187 0.302 
 21    (0)   :  0.007 0.027 0.046 0.071 0.137 0.234 0.315 0.163 
 22    (0)   :  0.016 0.017 0.020 0.047 0.386 0.176 0.164 0.174 
 23    (0)   :  0.011 0.042 0.059 0.075 0.139 0.276 0.257 0.142 
 24    (0)   :  0.007 0.021 0.022 0.080 0.215 0.294 0.148 0.213 
 25    (0)   :  0.008 0.016 0.020 0.087 0.287 0.078 0.178 0.326 
 26    (0)   :  0.014 0.016 0.020 0.089 0.213 0.246 0.208 0.193 
 27    (0)   :  0.009 0.029 0.020 0.122 0.235 0.172 0.203 0.209 
 28    (0)   :  0.006 0.016 0.234 0.044 0.149 0.178 0.151 0.221 
 29    (0)   :  0.005 0.016 0.017 0.142 0.117 0.139 0.249 0.314 
 30    (0)   :  0.008 0.022 0.017 0.058 0.387 0.147 0.204 0.157 
 31    (0)   :  0.019 0.024 0.164 0.083 0.116 0.112 0.224 0.259 
 32    (0)   :  0.007 0.018 0.056 0.052 0.238 0.214 0.241 0.174 
 33    (0)   :  0.008 0.025 0.018 0.054 0.233 0.248 0.155 0.259 
 34    (0)   :  0.008 0.016 0.150 0.138 0.159 0.088 0.085 0.355 
 35    (0)   :  0.025 0.042 0.016 0.138 0.196 0.120 0.309 0.156 
 36    (0)   :  0.006 0.184 0.024 0.049 0.232 0.122 0.221 0.162 
 37    (0)   :  0.011 0.020 0.024 0.047 0.123 0.225 0.358 0.192 
 38    (0)   :  0.006 0.063 0.015 0.103 0.332 0.089 0.147 0.245 
 39    (0)   :  0.011 0.041 0.016 0.098 0.214 0.130 0.213 0.276 
 40    (0)   :  0.005 0.156 0.021 0.064 0.166 0.204 0.259 0.126 
 41    (0)   :  0.011 0.278 0.019 0.088 0.168 0.098 0.121 0.217 
 42    (0)   :  0.006 0.142 0.019 0.072 0.156 0.366 0.106 0.133 
 43    (0)   :  0.011 0.146 0.032 0.058 0.090 0.171 0.300 0.191 
 44    (0)   :  0.015 0.214 0.014 0.051 0.159 0.104 0.287 0.156 
 45    (0)   :  0.007 0.105 0.015 0.105 0.170 0.092 0.331 0.176 
 46    (0)   :  0.023 0.036 0.016 0.081 0.244 0.125 0.247 0.228 
 47    (0)   :  0.055 0.030 0.034 0.094 0.215 0.146 0.246 0.179 
 48    (0)   :  0.017 0.183 0.013 0.065 0.167 0.121 0.321 0.113 
 49    (0)   :  0.013 0.045 0.019 0.169 0.206 0.146 0.238 0.164 
 50    (0)   :  0.020 0.024 0.098 0.068 0.248 0.081 0.170 0.291 
 51    (0)   :  0.005 0.484 0.017 0.044 0.096 0.079 0.154 0.120 
 52    (0)   :  0.015 0.056 0.016 0.122 0.183 0.170 0.135 0.303 
 53    (0)   :  0.009 0.040 0.048 0.047 0.355 0.120 0.145 0.237 
 54    (0)   :  0.014 0.030 0.020 0.090 0.087 0.160 0.439 0.161 
 55    (0)   :  0.009 0.055 0.017 0.063 0.087 0.128 0.495 0.147 
 56    (0)   :  0.010 0.046 0.015 0.116 0.248 0.168 0.283 0.113 
 57    (0)   :  0.033 0.014 0.057 0.114 0.184 0.263 0.117 0.219 
 58    (0)   :  0.007 0.056 0.019 0.117 0.118 0.149 0.339 0.195 
 59    (0)   :  0.006 0.075 0.015 0.210 0.228 0.137 0.179 0.148 
 60    (0)   :  0.006 0.133 0.052 0.045 0.126 0.206 0.267 0.166 
 61    (0)   :  0.005 0.078 0.021 0.062 0.057 0.161 0.497 0.120 
 62    (0)   :  0.018 0.018 0.015 0.291 0.172 0.134 0.179 0.173 
 63    (0)   :  0.005 0.039 0.019 0.058 0.109 0.204 0.275 0.292 
 64    (0)   :  0.009 0.015 0.016 0.123 0.364 0.097 0.203 0.173 
 65    (0)   :  0.007 0.015 0.017 0.083 0.107 0.078 0.243 0.450 
 66    (0)   :  0.006 0.018 0.061 0.060 0.087 0.187 0.377 0.205 
 67    (0)   :  0.008 0.083 0.017 0.070 0.075 0.102 0.485 0.160 
 68    (0)   :  0.008 0.092 0.018 0.154 0.217 0.159 0.195 0.157 
 69    (0)   :  0.006 0.061 0.300 0.125 0.208 0.072 0.095 0.132 
 70    (0)   :  0.005 0.158 0.043 0.055 0.119 0.169 0.157 0.294 
 71    (0)   :  0.006 0.151 0.019 0.157 0.183 0.076 0.239 0.169 
 72    (0)   :  0.009 0.061 0.026 0.052 0.327 0.100 0.211 0.214 
 73    (0)   :  0.006 0.059 0.024 0.170 0.083 0.088 0.389 0.180 
 74    (0)   :  0.006 0.111 0.017 0.052 0.249 0.218 0.207 0.140 
 75    (0)   :  0.007 0.107 0.038 0.067 0.183 0.242 0.249 0.108 
 76    (0)   :  0.007 0.050 0.018 0.040 0.088 0.125 0.342 0.331 
 77    (0)   :  0.005 0.187 0.013 0.103 0.157 0.100 0.175 0.260 
 78    (0)   :  0.006 0.196 0.014 0.105 0.227 0.102 0.137 0.213 
 79    (0)   :  0.006 0.011 0.023 0.056 0.160 0.110 0.179 0.455 
 80    (0)   :  0.007 0.013 0.029 0.038 0.085 0.459 0.165 0.205 
 81    (0)   :  0.007 0.011 0.034 0.035 0.099 0.360 0.172 0.282 
 82    (0)   :  0.006 0.023 0.024 0.106 0.100 0.192 0.327 0.221 
 83    (0)   :  0.006 0.018 0.040 0.033 0.147 0.248 0.208 0.300 
 84    (0)   :  0.005 0.012 0.033 0.039 0.113 0.242 0.172 0.384 
 85    (0)   :  0.006 0.017 0.043 0.040 0.217 0.277 0.183 0.217 
 86    (0)   :  0.010 0.024 0.017 0.104 0.114 0.106 0.417 0.208 
 87    (0)   :  0.007 0.020 0.046 0.045 0.120 0.111 0.155 0.497 
 88    (0)   :  0.007 0.012 0.028 0.050 0.096 0.310 0.207 0.290 
 89    (0)   :  0.007 0.012 0.089 0.041 0.089 0.274 0.257 0.230 
 90    (0)   :  0.006 0.011 0.023 0.051 0.091 0.130 0.197 0.491 
 91    (0)   :  0.006 0.019 0.041 0.033 0.152 0.418 0.143 0.188 
 92    (0)   :  0.006 0.011 0.025 0.062 0.134 0.165 0.252 0.344 
 93    (0)   :  0.006 0.014 0.229 0.046 0.079 0.364 0.141 0.123 
 94    (0)   :  0.005 0.022 0.025 0.033 0.138 0.101 0.097 0.580 
 95    (0)   :  0.006 0.012 0.026 0.044 0.071 0.249 0.167 0.426 
 96    (0)   :  0.005 0.072 0.023 0.048 0.062 0.266 0.390 0.134 
 97    (0)   :  0.007 0.052 0.020 0.062 0.229 0.217 0.296 0.116 
 98    (0)   :  0.005 0.064 0.017 0.075 0.128 0.185 0.328 0.198 
 99    (0)   :  0.006 0.011 0.033 0.041 0.097 0.223 0.189 0.400 
100    (0)   :  0.006 0.014 0.024 0.044 0.064 0.468 0.271 0.108 
101    (0)   :  0.007 0.024 0.147 0.049 0.119 0.122 0.197 0.335 
102    (0)   :  0.007 0.046 0.037 0.076 0.102 0.335 0.151 0.245 
103    (0)   :  0.006 0.015 0.108 0.048 0.069 0.109 0.414 0.231 
104    (0)   :  0.006 0.013 0.063 0.055 0.074 0.099 0.171 0.519 
105    (0)   :  0.007 0.016 0.154 0.134 0.064 0.100 0.225 0.299 
106    (0)   :  0.005 0.016 0.013 0.048 0.122 0.066 0.127 0.603 
107    (0)   :  0.009 0.018 0.060 0.076 0.072 0.126 0.302 0.336 
108    (0)   :  0.005 0.059 0.022 0.038 0.212 0.087 0.453 0.124 
109    (0)   :  0.006 0.022 0.024 0.262 0.125 0.062 0.179 0.320 
110    (0)   :  0.006 0.015 0.023 0.063 0.122 0.068 0.099 0.605 
111    (0)   :  0.007 0.015 0.019 0.131 0.070 0.099 0.166 0.492 
112    (0)   :  0.005 0.027 0.017 0.276 0.079 0.075 0.092 0.430 
113    (0)   :  0.007 0.022 0.035 0.077 0.146 0.113 0.418 0.182 
114    (0)   :  0.005 0.012 0.081 0.098 0.067 0.115 0.161 0.461 
115    (0)   :  0.007 0.064 0.017 0.174 0.088 0.123 0.147 0.379 
116    (0)   :  0.007 0.046 0.014 0.090 0.135 0.075 0.202 0.431 
117    (0)   :  0.008 0.028 0.028 0.188 0.114 0.091 0.087 0.455 
118    (0)   :  0.006 0.015 0.016 0.173 0.086 0.092 0.401 0.211 
119    (0)   :  0.005 0.130 0.030 0.032 0.085 0.267 0.232 0.219 
120    (0)   :  0.006 0.028 0.028 0.178 0.081 0.124 0.192 0.364 
121    (0)   :  0.021 0.108 0.028 0.225 0.087 0.080 0.128 0.323 
122    (0)   :  0.005 0.015 0.033 0.095 0.111 0.076 0.158 0.507 
123    (0)   :  0.006 0.020 0.031 0.070 0.100 0.112 0.185 0.475 
124    (0)   :  0.017 0.051 0.018 0.135 0.192 0.085 0.218 0.285 
125    (0)   :  0.006 0.057 0.021 0.230 0.240 0.099 0.089 0.257 
126    (0)   :  0.004 0.038 0.018 0.047 0.101 0.138 0.202 0.453 
127    (0)   :  0.008 0.016 0.018 0.092 0.064 0.103 0.198 0.502 
128    (0)   :  0.006 0.014 0.015 0.156 0.076 0.089 0.443 0.201 
129    (0)   :  0.008 0.016 0.053 0.079 0.070 0.064 0.371 0.339 
130    (0)   :  0.008 0.013 0.060 0.145 0.072 0.128 0.178 0.396 
131    (0)   :  0.013 0.105 0.037 0.112 0.224 0.067 0.129 0.314 
132    (0)   :  0.006 0.017 0.025 0.055 0.098 0.064 0.264 0.470 
133    (0)   :  0.009 0.021 0.036 0.054 0.082 0.106 0.318 0.374 
134    (0)   :  0.005 0.013 0.012 0.085 0.087 0.057 0.094 0.646 
135    (0)   :  0.007 0.034 0.022 0.114 0.079 0.442 0.200 0.102 
136    (0)   :  0.007 0.013 0.082 0.087 0.119 0.476 0.121 0.095 
137    (0)   :  0.006 0.013 0.075 0.084 0.080 0.524 0.097 0.121 
138    (0)   :  0.006 0.018 0.051 0.036 0.088 0.603 0.103 0.096 
139    (0)   :  0.005 0.019 0.070 0.063 0.094 0.181 0.460 0.107 
140    (0)   :  0.006 0.027 0.089 0.056 0.109 0.309 0.218 0.185 
141    (0)   :  0.007 0.016 0.298 0.073 0.153 0.187 0.157 0.108 
142    (0)   :  0.007 0.045 0.078 0.084 0.077 0.309 0.299 0.102 
143    (0)   :  0.005 0.013 0.023 0.034 0.065 0.677 0.099 0.084 
144    (0)   :  0.006 0.014 0.026 0.078 0.068 0.600 0.093 0.115 
145    (0)   :  0.009 0.021 0.061 0.115 0.172 0.326 0.185 0.111 
146    (0)   :  0.009 0.017 0.102 0.066 0.127 0.341 0.137 0.201 
147    (0)   :  0.006 0.012 0.066 0.041 0.078 0.616 0.092 0.089 
148    (0)   :  0.006 0.028 0.253 0.083 0.101 0.201 0.200 0.127 
149    (0)   :  0.006 0.028 0.320 0.064 0.092 0.196 0.192 0.101 
150    (0)   :  0.008 0.016 0.075 0.113 0.082 0.369 0.169 0.168 
151    (0)   :  0.006 0.013 0.026 0.047 0.070 0.582 0.137 0.117 
152    (0)   :  0.007 0.050 0.112 0.085 0.154 0.306 0.173 0.113 
153    (0)   :  0.006 0.027 0.119 0.051 0.097 0.451 0.118 0.132 
154    (0)   :  0.006 0.019 0.407 0.067 0.096 0.143 0.170 0.091 
155    (0)   :  0.006 0.013 0.057 0.037 0.066 0.582 0.121 0.117 
156    (0)   :  0.005 0.034 0.033 0.061 0.059 0.526 0.170 0.112 
157    (0)   :  0.005 0.012 0.137 0.037 0.075 0.415 0.106 0.213 
158    (0)   :  0.008 0.019 0.066 0.123 0.173 0.368 0.134 0.109 
159    (0)   :  0.006 0.011 0.253 0.050 0.069 0.422 0.102 0.088 
160    (0)   :  0.008 0.011 0.271 0.056 0.070 0.366 0.130 0.087 
161    (0)   :  0.006 0.019 0.062 0.058 0.119 0.437 0.153 0.147 
162    (0)   :  0.013 0.018 0.095 0.074 0.124 0.289 0.192 0.195 
163    (0)   :  0.005 0.018 0.048 0.039 0.061 0.611 0.110 0.108 
164    (0)   :  0.009 0.012 0.320 0.048 0.083 0.174 0.194 0.160 
165    (0)   :  0.007 0.015 0.028 0.107 0.072 0.492 0.122 0.157 
166    (0)   :  0.005 0.025 0.337 0.033 0.090 0.161 0.165 0.183 
167    (0)   :  0.010 0.013 0.504 0.048 0.110 0.113 0.086 0.115 
168    (0)   :  0.006 0.028 0.052 0.043 0.145 0.493 0.116 0.117 
169    (0)   :  0.009 0.026 0.045 0.117 0.320 0.269 0.114 0.100 
170    (0)   :  0.006 0.030 0.026 0.043 0.073 0.474 0.227 0.122 
171    (0)   :  0.006 0.021 0.102 0.045 0.152 0.339 0.206 0.129 
172    (0)   :  0.006 0.078 0.125 0.075 0.182 0.262 0.176 0.097 
173    (0)   :  0.007 0.012 0.109 0.050 0.071 0.485 0.175 0.091 
174    (0)   :  0.007 0.011 0.136 0.045 0.081 0.469 0.127 0.124 
175    (0)   :  0.007 0.020 0.030 0.046 0.113 0.586 0.106 0.092 
176    (0)   :  0.006 0.014 0.026 0.077 0.068 0.601 0.093 0.115 
177    (0)   :  0.007 0.016 0.121 0.049 0.106 0.337 0.116 0.248 
178    (0)   :  0.008 0.012 0.176 0.056 0.129 0.350 0.140 0.129 
179    (0)   :  0.006 0.012 0.324 0.032 0.074 0.330 0.132 0.090 
180    (0)   :  0.011 0.025 0.180 0.067 0.129 0.314 0.132 0.142 
181    (0)   :  0.008 0.020 0.053 0.077 0.103 0.403 0.229 0.107 
182    (0)   :  0.008 0.015 0.031 0.055 0.065 0.526 0.211 0.088 
183    (0)   :  0.007 0.013 0.067 0.040 0.079 0.554 0.147 0.093 
184    (0)   :  0.008 0.012 0.016 0.057 0.117 0.094 0.556 0.140 
185    (0)   :  0.005 0.051 0.032 0.057 0.056 0.592 0.131 0.075 
186    (0)   :  0.008 0.013 0.017 0.043 0.095 0.089 0.512 0.224 
187    (0)   :  0.005 0.014 0.037 0.039 0.094 0.251 0.439 0.120 
188    (0)   :  0.007 0.012 0.015 0.041 0.082 0.072 0.601 0.168 
189    (0)   :  0.006 0.023 0.027 0.037 0.245 0.271 0.249 0.143 
190    (0)   :  0.004 0.051 0.018 0.053 0.051 0.241 0.500 0.080 
191    (0)   :  0.005 0.011 0.020 0.055 0.075 0.117 0.596 0.120 
192    (0)   :  0.005 0.012 0.023 0.049 0.091 0.270 0.379 0.171 
193    (0)   :  0.005 0.016 0.023 0.076 0.110 0.229 0.391 0.151 
194    (0)   :  0.006 0.020 0.027 0.045 0.082 0.279 0.384 0.157 
195    (0)   :  0.005 0.021 0.023 0.033 0.061 0.288 0.487 0.082 
196    (0)   :  0.005 0.025 0.020 0.056 0.063 0.192 0.537 0.102 
197    (0)   :  0.008 0.018 0.027 0.069 0.151 0.198 0.321 0.207 
198    (0)   :  0.005 0.019 0.026 0.050 0.141 0.186 0.339 0.235 
199    (0)   :  0.006 0.029 0.019 0.064 0.079 0.210 0.474 0.120 
200    (0)   :  0.005 0.029 0.019 0.072 0.112 0.189 0.456 0.119 
201    (0)   :  0.005 0.015 0.039 0.039 0.069 0.376 0.365 0.092 
202    (0)   :  0.005 0.026 0.019 0.050 0.062 0.476 0.251 0.110 
203    (0)   :  0.005 0.013 0.029 0.048 0.062 0.395 0.360 0.088 
204    (0)   :  0.005 0.018 0.020 0.039 0.055 0.155 0.623 0.086 
205    (0)   :  0.005 0.018 0.019 0.044 0.077 0.135 0.585 0.117 
206    (0)   :  0.006 0.013 0.022 0.037 0.068 0.158 0.611 0.085 
207    (0)   :  0.005 0.016 0.016 0.066 0.059 0.117 0.612 0.110 
208    (0)   :  0.005 0.015 0.035 0.047 0.061 0.236 0.504 0.098 
209    (0)   :  0.005 0.015 0.020 0.064 0.079 0.161 0.527 0.129 
210    (0)   :  0.005 0.013 0.020 0.041 0.062 0.163 0.591 0.103 
211    (0)   :  0.006 0.030 0.015 0.189 0.061 0.272 0.293 0.134 
212    (0)   :  0.005 0.024 0.023 0.047 0.090 0.455 0.254 0.102 
213    (0)   :  0.005 0.046 0.020 0.053 0.080 0.199 0.393 0.203 
214    (0)   :  0.005 0.016 0.019 0.057 0.066 0.457 0.288 0.093 
215    (0)   :  0.005 0.015 0.018 0.056 0.073 0.103 0.614 0.116 
216    (0)   :  0.010 0.013 0.018 0.063 0.145 0.123 0.467 0.162 
217    (0)   :  0.005 0.018 0.022 0.041 0.080 0.353 0.392 0.089 
218    (0)   :  0.005 0.012 0.020 0.044 0.076 0.147 0.566 0.130 
219    (0)   :  0.011 0.014 0.025 0.041 0.184 0.251 0.338 0.136 
220    (0)   :  0.005 0.012 0.018 0.042 0.059 0.114 0.651 0.100 
221    (0)   :  0.005 0.037 0.019 0.043 0.058 0.577 0.179 0.083 
222    (0)   :  0.010 0.014 0.022 0.048 0.186 0.170 0.387 0.163 
223    (0)   :  0.005 0.015 0.039 0.042 0.124 0.324 0.321 0.129 
224    (0)   :  0.006 0.013 0.026 0.039 0.067 0.309 0.451 0.088 
225    (0)   :  0.005 0.018 0.021 0.045 0.071 0.164 0.570 0.105 
226    (0)   :  0.006 0.015 0.025 0.058 0.206 0.175 0.389 0.125 
227    (0)   :  0.005 0.033 0.030 0.042 0.063 0.263 0.452 0.112 
228    (0)   :  0.005 0.056 0.024 0.056 0.057 0.291 0.432 0.077 
229    (0)   :  0.006 0.012 0.024 0.038 0.069 0.332 0.418 0.102 
230    (0)   :  0.005 0.011 0.021 0.047 0.061 0.268 0.489 0.097 
231    (0)   :  0.005 0.012 0.025 0.049 0.094 0.259 0.452 0.104 
232    (0)   :  0.006 0.025 0.021 0.055 0.099 0.320 0.296 0.179 
233    (0)   :  0.005 0.012 0.032 0.053 0.067 0.479 0.258 0.094 
234    (0)   :  0.005 0.012 0.022 0.064 0.121 0.205 0.407 0.163 
235    (0)   :  0.006 0.019 0.025 0.042 0.108 0.286 0.392 0.123 
236    (0)   :  0.005 0.012 0.021 0.065 0.090 0.367 0.327 0.114 
237    (0)   :  0.005 0.018 0.017 0.072 0.070 0.132 0.577 0.110 
238    (0)   :  0.005 0.015 0.021 0.050 0.072 0.429 0.284 0.124 
239    (0)   :  0.005 0.021 0.023 0.034 0.060 0.291 0.484 0.082 
240    (0)   :  0.005 0.016 0.021 0.051 0.072 0.425 0.288 0.123 
241    (0)   :  0.006 0.018 0.027 0.047 0.076 0.398 0.324 0.104 
242    (0)   :  0.006 0.018 0.024 0.034 0.131 0.192 0.469 0.125 
243    (0)   :  0.004 0.026 0.018 0.062 0.054 0.204 0.546 0.085 
244    (0)   :  0.005 0.012 0.021 0.052 0.062 0.339 0.421 0.088 
245    (0)   :  0.005 0.019 0.035 0.037 0.063 0.521 0.208 0.110 
246    (0)   :  0.005 0.018 0.022 0.042 0.081 0.353 0.390 0.089 
247    (0)   :  0.005 0.019 0.016 0.047 0.100 0.087 0.424 0.302 
248    (0)   :  0.005 0.014 0.015 0.070 0.075 0.094 0.593 0.135 
249    (0)   :  0.005 0.015 0.021 0.053 0.063 0.357 0.381 0.104 
250    (0)   :  0.005 0.012 0.022 0.059 0.084 0.287 0.404 0.127 
251    (0)   :  0.005 0.018 0.022 0.076 0.183 0.146 0.391 0.159 
252    (0)   :  0.005 0.019 0.024 0.036 0.083 0.231 0.490 0.111 
253    (0)   :  0.005 0.021 0.019 0.055 0.113 0.135 0.460 0.192 
254    (0)   :  0.009 0.014 0.019 0.048 0.135 0.172 0.469 0.134 
255    (0)   :  0.005 0.015 0.023 0.050 0.098 0.225 0.440 0.144 
256    (0)   :  0.006 0.018 0.022 0.055 0.077 0.278 0.438 0.106 
257    (0)   :  0.011 0.015 0.035 0.056 0.082 0.179 0.489 0.134 
258    (0)   :  0.004 0.029 0.020 0.063 0.088 0.147 0.485 0.164 
259    (0)   :  0.005 0.013 0.023 0.054 0.078 0.200 0.510 0.116 
260    (0)   :  0.009 0.013 0.021 0.052 0.151 0.336 0.270 0.150 
261    (0)   :  0.005 0.023 0.023 0.039 0.084 0.314 0.409 0.102 
262    (0)   :  0.005 0.030 0.020 0.044 0.063 0.318 0.440 0.081 
263    (0)   :  0.008 0.013 0.016 0.052 0.078 0.112 0.613 0.107 
264    (0)   :  0.014 0.014 0.014 0.063 0.292 0.080 0.353 0.169 
265    (0)   :  0.005 0.014 0.023 0.042 0.109 0.210 0.478 0.120 
266    (0)   :  0.005 0.024 0.020 0.044 0.057 0.546 0.221 0.083 
267    (0)   :  0.005 0.016 0.020 0.082 0.096 0.251 0.397 0.134 
268    (0)   :  0.005 0.026 0.019 0.054 0.063 0.194 0.536 0.104 
269    (0)   :  0.005 0.014 0.023 0.044 0.213 0.237 0.328 0.136 
270    (0)   :  0.008 0.013 0.033 0.058 0.109 0.104 0.513 0.163 
271    (0)   :  0.005 0.018 0.021 0.067 0.090 0.136 0.522 0.141 
272    (0)   :  0.006 0.023 0.023 0.073 0.163 0.145 0.444 0.124 
273    (0)   :  0.029 0.019 0.088 0.072 0.121 0.205 0.289 0.177 
274    (0)   :  0.005 0.013 0.022 0.055 0.121 0.161 0.477 0.144 
275    (0)   :  0.008 0.017 0.065 0.068 0.123 0.141 0.467 0.111 
276    (0)   :  0.007 0.023 0.019 0.084 0.142 0.139 0.452 0.134 
277    (0)   :  0.006 0.014 0.027 0.045 0.125 0.271 0.381 0.132 
278    (0)   :  0.004 0.018 0.018 0.061 0.074 0.126 0.591 0.108 
279    (0)   :  0.005 0.013 0.023 0.058 0.105 0.205 0.464 0.126 
280    (0)   :  0.005 0.018 0.019 0.051 0.162 0.191 0.436 0.117 
281    (0)   :  0.005 0.013 0.022 0.048 0.091 0.161 0.485 0.174 
282    (0)   :  0.005 0.012 0.023 0.048 0.108 0.434 0.250 0.120 
283    (0)   :  0.005 0.015 0.029 0.039 0.069 0.473 0.258 0.113 
284    (0)   :  0.005 0.016 0.052 0.075 0.092 0.246 0.365 0.148 
285    (0)   :  0.005 0.024 0.014 0.070 0.090 0.073 0.583 0.141 
286    (0)   :  0.005 0.012 0.020 0.051 0.062 0.340 0.422 0.088 
287    (0)   :  0.006 0.014 0.026 0.038 0.135 0.217 0.384 0.179 
288    (0)   :  0.006 0.015 0.021 0.051 0.136 0.128 0.527 0.115 
289    (0)   :  0.008 0.026 0.034 0.058 0.101 0.112 0.513 0.149 
290    (0)   :  0.010 0.035 0.016 0.097 0.164 0.204 0.361 0.114 
291    (0)   :  0.005 0.018 0.021 0.066 0.090 0.135 0.524 0.141 
292    (0)   :  0.005 0.035 0.020 0.044 0.139 0.233 0.414 0.110 
293    (0)   :  0.007 0.038 0.015 0.110 0.220 0.129 0.342 0.139 
294    (0)   :  0.009 0.017 0.016 0.042 0.078 0.101 0.627 0.110 
295    (0)   :  0.007 0.028 0.061 0.081 0.145 0.124 0.402 0.153 
296    (0)   :  0.005 0.015 0.019 0.050 0.066 0.124 0.598 0.123 
297    (0)   :  0.006 0.016 0.019 0.047 0.157 0.141 0.482 0.131 
298    (0)   :  0.006 0.012 0.024 0.045 0.101 0.349 0.326 0.139 
299    (0)   :  0.009 0.012 0.019 0.039 0.095 0.123 0.583 0.119 
300    (0)   :  0.005 0.017 0.016 0.052 0.079 0.096 0.631 0.105 
301    (0)   :  0.008 0.012 0.031 0.067 0.147 0.105 0.496 0.133 
302    (0)   :  0.008 0.025 0.030 0.056 0.079 0.095 0.605 0.103 
303    (0)   :  0.005 0.017 0.021 0.048 0.095 0.336 0.374 0.103 
304    (0)   :  0.010 0.012 0.075 0.072 0.142 0.318 0.171 0.201 
305    (0)   :  0.005 0.018 0.044 0.043 0.067 0.176 0.564 0.083 
306    (0)   :  0.006 0.017 0.024 0.042 0.107 0.367 0.332 0.105 
307    (0)   :  0.006 0.013 0.027 0.063 0.108 0.269 0.384 0.129 
308    (0)   :  0.005 0.023 0.023 0.039 0.084 0.312 0.412 0.102 
309    (0)   :  0.018 0.027 0.041 0.060 0.068 0.110 0.552 0.124 
310    (0)   :  0.005 0.018 0.019 0.053 0.060 0.252 0.506 0.087 
311    (0)   :  0.005 0.011 0.021 0.047 0.061 0.267 0.490 0.097 
312    (0)   :  0.004 0.015 0.019 0.043 0.055 0.110 0.645 0.107 
313    (0)   :  0.005 0.024 0.017 0.049 0.062 0.088 0.656 0.099 
314    (0)   :  0.005 0.028 0.202 0.038 0.071 0.450 0.121 0.085 
315    (0)   :  0.005 0.029 0.325 0.035 0.090 0.317 0.102 0.098 
316    (0)   :  0.006 0.015 0.502 0.034 0.097 0.163 0.084 0.098 
317    (0)   :  0.006 0.015 0.234 0.038 0.076 0.444 0.099 0.087 
318    (0)   :  0.005 0.010 0.504 0.032 0.076 0.206 0.081 0.086 
319    (0)   :  0.006 0.013 0.026 0.036 0.065 0.669 0.101 0.084 
320    (0)   :  0.005 0.027 0.201 0.039 0.072 0.451 0.121 0.084 
321    (0)   :  0.006 0.014 0.396 0.037 0.078 0.289 0.092 0.087 
322    (0)   :  0.008 0.033 0.212 0.040 0.108 0.381 0.115 0.104 
323    (0)   :  0.013 0.011 0.314 0.033 0.077 0.371 0.093 0.088 
324    (0)   :  0.005 0.014 0.397 0.038 0.078 0.288 0.092 0.088 
325    (0)   :  0.005 0.014 0.537 0.032 0.090 0.147 0.080 0.095 
326    (0)   :  0.006 0.015 0.560 0.032 0.088 0.124 0.079 0.095 
327    (0)   :  0.006 0.015 0.235 0.038 0.076 0.445 0.099 0.086 
328    (0)   :  0.005 0.021 0.287 0.038 0.100 0.329 0.116 0.103 
329    (0)   :  0.005 0.010 0.105 0.034 0.076 0.597 0.085 0.088 
330    (0)   :  0.006 0.015 0.237 0.037 0.075 0.443 0.099 0.087 
331    (0)   :  0.006 0.010 0.330 0.033 0.074 0.363 0.097 0.087 
332    (0)   :  0.008 0.014 0.557 0.032 0.091 0.124 0.078 0.096 
333    (0)   :  0.007 0.016 0.473 0.034 0.089 0.184 0.098 0.098 
334    (0)   :  0.005 0.022 0.284 0.038 0.101 0.332 0.116 0.102 
335    (0)   :  0.005 0.026 0.112 0.037 0.101 0.517 0.098 0.103 
336    (0)   :  0.008 0.019 0.496 0.032 0.073 0.186 0.100 0.086 
337    (0)   :  0.005 0.022 0.440 0.039 0.096 0.206 0.094 0.098 
338    (0)   :  0.005 0.010 0.545 0.032 0.076 0.165 0.081 0.086 
339    (0)   :  0.006 0.010 0.329 0.033 0.074 0.364 0.097 0.087 
340    (0)   :  0.006 0.011 0.132 0.033 0.066 0.570 0.098 0.084 
341    (0)   :  0.013 0.012 0.285 0.038 0.073 0.396 0.095 0.087 
342    (0)   :  0.006 0.015 0.233 0.038 0.075 0.446 0.100 0.087 
343    (0)   :  0.011 0.050 0.209 0.039 0.098 0.385 0.107 0.099 
344    (0)   :  0.006 0.011 0.298 0.034 0.075 0.408 0.083 0.087 
345    (0)   :  0.006 0.015 0.233 0.038 0.076 0.444 0.101 0.086 
346    (0)   :  0.006 0.012 0.324 0.034 0.074 0.371 0.093 0.086 
347    (0)   :  0.006 0.011 0.117 0.033 0.066 0.600 0.084 0.084 
348    (0)   :  0.005 0.052 0.091 0.037 0.091 0.510 0.116 0.099 
349    (0)   :  0.006 0.015 0.236 0.038 0.076 0.442 0.100 0.087 
350    (0)   :  0.005 0.016 0.096 0.038 0.070 0.572 0.118 0.085 
351    (0)   :  0.005 0.026 0.113 0.037 0.101 0.518 0.098 0.102 
352    (0)   :  0.005 0.027 0.285 0.039 0.100 0.334 0.109 0.100 
353    (0)   :  0.008 0.019 0.495 0.033 0.073 0.186 0.100 0.086 
354    (0)   :  0.007 0.011 0.302 0.035 0.077 0.395 0.085 0.088 
355    (0)   :  0.005 0.010 0.502 0.033 0.076 0.207 0.081 0.086 
356    (0)   :  0.005 0.052 0.027 0.036 0.092 0.580 0.110 0.099 
357    (0)   :  0.005 0.017 0.062 0.041 0.245 0.367 0.112 0.151 
358    (0)   :  0.005 0.014 0.461 0.034 0.094 0.213 0.081 0.097 
359    (0)   :  0.006 0.010 0.443 0.033 0.074 0.250 0.098 0.087 
360    (0)   :  0.006 0.012 0.326 0.034 0.073 0.370 0.093 0.086 
361    (0)   :  0.005 0.024 0.032 0.047 0.248 0.362 0.129 0.153 
362    (0)   :  0.005 0.019 0.044 0.041 0.192 0.095 0.308 0.296 
363    (0)   :  0.009 0.023 0.022 0.051 0.190 0.084 0.202 0.419 
364    (0)   :  0.021 0.018 0.039 0.085 0.251 0.251 0.161 0.172 
365    (0)   :  0.019 0.019 0.022 0.138 0.322 0.098 0.141 0.241 
366    (0)   :  0.006 0.067 0.023 0.071 0.274 0.166 0.257 0.136 
367    (0)   :  0.005 0.014 0.014 0.043 0.131 0.068 0.093 0.632 
368    (0)   :  0.006 0.011 0.022 0.067 0.131 0.109 0.268 0.386 
369    (0)   :  0.010 0.101 0.059 0.066 0.157 0.206 0.221 0.181 
370    (0)   :  0.018 0.016 0.060 0.105 0.124 0.106 0.266 0.305 
371    (0)   :  0.013 0.023 0.054 0.090 0.175 0.121 0.331 0.194 
372    (0)   :  0.056 0.020 0.047 0.085 0.092 0.127 0.345 0.229 
373    (0)   :  0.007 0.016 0.020 0.065 0.134 0.180 0.159 0.417 
374    (0)   :  0.007 0.018 0.040 0.124 0.202 0.250 0.154 0.205 
375    (0)   :  0.022 0.015 0.023 0.077 0.192 0.083 0.164 0.425 
376    (0)   :  0.153 0.016 0.018 0.045 0.318 0.078 0.086 0.285 
377    (0)   :  0.007 0.019 0.055 0.074 0.228 0.092 0.309 0.218 
378    (0)   :  0.006 0.016 0.080 0.058 0.084 0.171 0.153 0.432 
379    (0)   :  0.250 0.020 0.017 0.048 0.227 0.070 0.103 0.266 
380    (0)   :  0.013 0.050 0.028 0.051 0.393 0.181 0.161 0.123 
381    (0)   :  0.011 0.056 0.019 0.050 0.421 0.188 0.142 0.113 
382    (0)   :  0.006 0.011 0.035 0.056 0.251 0.083 0.134 0.423 
383    (0)   :  0.012 0.018 0.202 0.048 0.395 0.089 0.130 0.104 
384    (0)   :  0.092 0.018 0.093 0.076 0.244 0.123 0.124 0.228 
385    (0)   :  0.007 0.011 0.195 0.287 0.140 0.109 0.107 0.145 
386    (0)   :  0.005 0.015 0.018 0.046 0.203 0.086 0.141 0.487 
387    (0)   :  0.005 0.018 0.017 0.085 0.240 0.107 0.124 0.405 
388    (0)   :  0.018 0.014 0.054 0.144 0.169 0.219 0.145 0.236 
389    (0)   :  0.010 0.033 0.034 0.261 0.092 0.084 0.334 0.152 
390    (0)   :  0.023 0.080 0.028 0.069 0.143 0.089 0.134 0.434 
391    (0)   :  0.015 0.035 0.029 0.277 0.127 0.138 0.152 0.227 
392    (0)   :  0.011 0.017 0.020 0.040 0.304 0.166 0.172 0.272 
393    (0)   :  0.010 0.101 0.027 0.051 0.439 0.136 0.094 0.141 
394    (0)   :  0.005 0.016 0.107 0.037 0.151 0.192 0.149 0.342 
395    (0)   :  0.005 0.042 0.014 0.051 0.214 0.100 0.329 0.245 
396    (0)   :  0.007 0.011 0.014 0.062 0.167 0.072 0.159 0.507 
397    (0)   :  0.121 0.015 0.023 0.043 0.144 0.170 0.347 0.137 
398    (0)   :  0.047 0.024 0.017 0.036 0.265 0.076 0.099 0.436 
399    (0)   :  0.005 0.025 0.029 0.083 0.124 0.087 0.162 0.484 
400    (0)   :  0.008 0.018 0.018 0.058 0.185 0.134 0.112 0.468 
401    (0)   :  0.005 0.033 0.016 0.058 0.088 0.146 0.158 0.497 
402    (0)   :  0.009 0.053 0.023 0.077 0.170 0.133 0.190 0.345 
403    (0)   :  0.009 0.017 0.027 0.115 0.147 0.356 0.158 0.171 
404    (0)   :  0.010 0.014 0.018 0.138 0.241 0.168 0.205 0.205 
405    (0)   :  0.005 0.022 0.024 0.052 0.287 0.136 0.239 0.235 
406    (0)   :  0.005 0.144 0.018 0.041 0.305 0.205 0.169 0.113 
407    (0)   :  0.005 0.015 0.014 0.048 0.485 0.072 0.118 0.243 
408    (0)   :  0.004 0.032 0.013 0.043 0.066 0.068 0.281 0.493 
409    (0)   :  0.013 0.138 0.026 0.052 0.194 0.305 0.121 0.151 
410    (0)   :  0.106 0.027 0.026 0.066 0.157 0.130 0.135 0.352 
411    (0)   :  0.031 0.053 0.088 0.044 0.310 0.111 0.126 0.238 
412    (0)   :  0.006 0.011 0.021 0.052 0.149 0.100 0.227 0.435 
413    (0)   :  0.005 0.012 0.071 0.040 0.105 0.151 0.204 0.411 
414    (0)   :  0.005 0.012 0.030 0.128 0.149 0.064 0.217 0.396 
415    (0)   :  0.007 0.037 0.016 0.051 0.360 0.106 0.165 0.259 
416    (0)   :  0.007 0.041 0.017 0.122 0.150 0.167 0.148 0.347 
417    (0)   :  0.007 0.022 0.024 0.044 0.352 0.083 0.119 0.348 
418    (0)   :  0.008 0.011 0.017 0.049 0.127 0.081 0.126 0.582 
419    (0)   :  0.012 0.027 0.026 0.111 0.161 0.245 0.149 0.268 
420    (0)   :  0.005 0.070 0.014 0.048 0.084 0.099 0.179 0.501 
421    (0)   :  0.007 0.019 0.025 0.050 0.183 0.090 0.179 0.447 
422    (0)   :  0.007 0.033 0.017 0.049 0.251 0.095 0.367 0.182 
423    (0)   :  0.011 0.022 0.018 0.057 0.302 0.134 0.192 0.264 
424    (0)   :  0.009 0.090 0.021 0.099 0.148 0.136 0.116 0.380 
425    (0)   :  0.025 0.016 0.022 0.205 0.205 0.150 0.147 0.231 
426    (0)   :  0.033 0.019 0.084 0.091 0.193 0.121 0.123 0.336 
427    (0)   :  0.005 0.022 0.078 0.037 0.298 0.118 0.090 0.353 
428    (0)   :  0.025 0.047 0.024 0.049 0.312 0.199 0.185 0.158 
429    (0)   :  0.008 0.013 0.015 0.036 0.297 0.068 0.102 0.462 
430    (0)   :  0.006 0.033 0.021 0.047 0.432 0.080 0.132 0.249 
431    (0)   :  0.011 0.014 0.050 0.098 0.141 0.116 0.225 0.345 
432    (0)   :  0.006 0.012 0.023 0.055 0.128 0.116 0.232 0.427 
433    (0)   :  0.011 0.016 0.030 0.061 0.104 0.322 0.257 0.199 
434    (0)   :  0.007 0.022 0.025 0.080 0.230 0.160 0.269 0.208 
435    (0)   :  0.005 0.028 0.017 0.035 0.380 0.074 0.101 0.360 
436    (0)   :  0.007 0.049 0.019 0.039 0.409 0.121 0.073 0.282 
437    (0)   :  0.009 0.014 0.017 0.039 0.511 0.080 0.124 0.206 
438    (0)   :  0.006 0.163 0.026 0.047 0.247 0.125 0.114 0.272 
439    (0)   :  0.005 0.026 0.022 0.046 0.511 0.091 0.072 0.227 
440    (0)   :  0.004 0.026 0.014 0.047 0.451 0.064 0.083 0.312 
441    (0)   :  0.005 0.025 0.037 0.055 0.364 0.141 0.105 0.268 
442    (0)   :  0.008 0.024 0.014 0.129 0.248 0.088 0.131 0.357 
443    (0)   :  0.005 0.092 0.015 0.063 0.142 0.076 0.125 0.482 
444    (0)   :  0.007 0.037 0.015 0.107 0.322 0.087 0.119 0.306 
445    (0)   :  0.054 0.091 0.024 0.057 0.283 0.196 0.122 0.174 
446    (0)   :  0.055 0.026 0.021 0.043 0.267 0.082 0.069 0.438 
447    (0)   :  0.006 0.059 0.021 0.149 0.312 0.151 0.101 0.201 
448    (0)   :  0.005 0.020 0.019 0.057 0.340 0.085 0.125 0.349 
449    (0)   :  0.006 0.019 0.022 0.065 0.361 0.128 0.135 0.265 
450    (0)   :  0.010 0.013 0.025 0.080 0.380 0.135 0.082 0.276 
451    (0)   :  0.005 0.018 0.015 0.052 0.133 0.063 0.137 0.577 
452    (0)   :  0.007 0.013 0.020 0.048 0.353 0.128 0.091 0.341 
453    (0)   :  0.005 0.154 0.022 0.101 0.121 0.119 0.214 0.265 
454    (0)   :  0.005 0.019 0.054 0.042 0.365 0.112 0.131 0.273 
455    (0)   :  0.005 0.090 0.020 0.049 0.361 0.083 0.086 0.307 
456    (0)   :  0.006 0.082 0.016 0.056 0.335 0.080 0.148 0.277 
457    (0)   :  0.006 0.016 0.018 0.041 0.540 0.086 0.104 0.189 
458    (0)   :  0.056 0.026 0.022 0.050 0.379 0.091 0.092 0.284 
459    (0)   :  0.005 0.030 0.028 0.057 0.235 0.173 0.068 0.405 
460    (0)   :  0.005 0.026 0.020 0.049 0.212 0.078 0.075 0.535 
461    (0)   :  0.007 0.012 0.018 0.052 0.139 0.080 0.069 0.622 
462    (0)   :  0.009 0.074 0.017 0.217 0.275 0.060 0.133 0.215 
463    (0)   :  0.005 0.236 0.023 0.047 0.247 0.102 0.182 0.158 
464    (0)   :  0.004 0.047 0.016 0.043 0.157 0.082 0.099 0.552 
465    (0)   :  0.007 0.030 0.021 0.064 0.167 0.088 0.135 0.488 
466    (0)   :  0.004 0.084 0.017 0.048 0.163 0.083 0.166 0.436 
467    (0)   :  0.006 0.063 0.033 0.076 0.259 0.109 0.151 0.303 
468    (0)   :  0.005 0.056 0.015 0.039 0.521 0.081 0.118 0.164 
469    (0)   :  0.005 0.033 0.020 0.041 0.587 0.079 0.067 0.168 
470    (0)   :  0.005 0.025 0.017 0.034 0.368 0.078 0.081 0.393 
471    (0)   :  0.007 0.064 0.015 0.138 0.173 0.090 0.183 0.330 
472    (0)   :  0.007 0.046 0.018 0.095 0.242 0.095 0.166 0.331 
473    (0)   :  0.006 0.022 0.026 0.047 0.341 0.121 0.190 0.249 
474    (0)   :  0.006 0.028 0.018 0.052 0.296 0.137 0.121 0.343 
475    (0)   :  0.006 0.021 0.019 0.061 0.152 0.151 0.131 0.459 
476    (0)   :  0.008 0.038 0.019 0.047 0.447 0.095 0.094 0.252 
477    (0)   :  0.007 0.040 0.025 0.090 0.164 0.123 0.094 0.457 
478    (0)   :  0.007 0.020 0.020 0.082 0.110 0.073 0.072 0.616 
479    (0)   :  0.005 0.018 0.017 0.045 0.347 0.074 0.078 0.417 
480    (0)   :  0.006 0.016 0.017 0.035 0.554 0.081 0.082 0.211 
481    (0)   :  0.006 0.015 0.014 0.141 0.215 0.086 0.230 0.294 
482    (0)   :  0.006 0.013 0.015 0.036 0.365 0.074 0.080 0.411 
483    (0)   :  0.006 0.027 0.024 0.047 0.444 0.092 0.074 0.285 
484    (0)   :  0.006 0.115 0.022 0.072 0.380 0.089 0.146 0.170 
485    (0)   :  0.006 0.049 0.022 0.041 0.478 0.075 0.074 0.255 
486    (0)   :  0.009 0.029 0.022 0.172 0.129 0.107 0.301 0.230 
487    (0)   :  0.010 0.021 0.034 0.179 0.186 0.200 0.169 0.203 
488    (0)   :  0.009 0.017 0.029 0.243 0.120 0.161 0.193 0.229 
489    (0)   :  0.010 0.049 0.027 0.103 0.185 0.226 0.263 0.137 
490    (0)   :  0.006 0.037 0.016 0.124 0.145 0.080 0.182 0.409 
491    (0)   :  0.007 0.015 0.026 0.206 0.095 0.182 0.338 0.130 
492    (0)   :  0.005 0.027 0.026 0.145 0.090 0.328 0.146 0.235 
493    (0)   :  0.011 0.017 0.027 0.322 0.130 0.128 0.213 0.153 
494    (0)   :  0.033 0.020 0.020 0.185 0.140 0.183 0.248 0.171 
495    (0)   :  0.022 0.039 0.027 0.274 0.090 0.219 0.103 0.226 
496    (0)   :  0.006 0.021 0.032 0.047 0.107 0.353 0.269 0.165 
497    (0)   :  0.014 0.014 0.040 0.324 0.110 0.164 0.224 0.109 
498    (0)   :  0.009 0.052 0.022 0.228 0.129 0.144 0.188 0.228 
499    (0)   :  0.024 0.020 0.037 0.126 0.142 0.284 0.228 0.140 
500    (0)   :  0.018 0.017 0.018 0.104 0.260 0.121 0.299 0.163 
501    (0)   :  0.012 0.012 0.021 0.092 0.171 0.280 0.165 0.247 
502    (0)   :  0.008 0.011 0.024 0.178 0.116 0.315 0.110 0.239 
503    (0)   :  0.008 0.016 0.017 0.069 0.305 0.107 0.214 0.263 
504    (0)   :  0.008 0.026 0.018 0.241 0.102 0.110 0.170 0.323 
505    (0)   :  0.009 0.021 0.016 0.132 0.102 0.190 0.366 0.164 
506    (0)   :  0.007 0.015 0.023 0.156 0.095 0.266 0.188 0.250 
507    (0)   :  0.007 0.025 0.031 0.039 0.074 0.491 0.238 0.095 
508    (0)   :  0.014 0.037 0.035 0.067 0.066 0.490 0.179 0.112 
509    (0)   :  0.007 0.018 0.021 0.098 0.095 0.273 0.334 0.154 
510    (0)   :  0.029 0.017 0.019 0.081 0.150 0.348 0.167 0.189 
511    (0)   :  0.011 0.021 0.016 0.119 0.209 0.121 0.193 0.310 
512    (0)   :  0.008 0.011 0.014 0.101 0.233 0.085 0.150 0.398 
513    (0)   :  0.007 0.026 0.018 0.529 0.051 0.121 0.148 0.100 
514    (0)   :  0.008 0.016 0.032 0.066 0.083 0.144 0.170 0.482 
515    (0)   :  0.012 0.042 0.024 0.077 0.286 0.241 0.157 0.161 
516    (0)   :  0.009 0.026 0.020 0.079 0.088 0.130 0.327 0.321 
517    (0)   :  0.008 0.065 0.027 0.046 0.135 0.229 0.194 0.297 
518    (0)   :  0.086 0.013 0.035 0.069 0.167 0.232 0.244 0.153 
519    (0)   :  0.006 0.018 0.019 0.087 0.095 0.158 0.147 0.470 
520    (0)   :  0.008 0.105 0.029 0.042 0.221 0.305 0.169 0.121 
521    (0)   :  0.005 0.017 0.214 0.044 0.074 0.163 0.259 0.223 
522    (0)   :  0.036 0.130 0.022 0.060 0.290 0.119 0.153 0.190 
523    (0)   :  0.008 0.139 0.068 0.042 0.093 0.234 0.196 0.221 
524    (0)   :  0.008 0.057 0.028 0.041 0.285 0.166 0.187 0.228 
525    (0)   :  0.093 0.032 0.035 0.044 0.204 0.255 0.192 0.146 
526    (0)   :  0.006 0.210 0.020 0.036 0.270 0.133 0.212 0.113 
527    (0)   :  0.087 0.012 0.020 0.170 0.173 0.116 0.136 0.287 
528    (0)   :  0.005 0.016 0.139 0.044 0.076 0.299 0.297 0.124 
529    (0)   :  0.093 0.015 0.032 0.075 0.087 0.164 0.347 0.187 
530    (0)   :  0.007 0.043 0.019 0.123 0.288 0.165 0.157 0.197 
531    (0)   :  0.008 0.026 0.115 0.071 0.178 0.280 0.128 0.194 
532    (0)   :  0.024 0.024 0.121 0.078 0.110 0.213 0.227 0.203 
533    (0)   :  0.076 0.034 0.025 0.054 0.199 0.141 0.287 0.184 
534    (0)   :  0.076 0.039 0.021 0.104 0.061 0.199 0.352 0.149 
535    (0)   :  0.005 0.088 0.021 0.049 0.133 0.139 0.237 0.328 
536    (0)   :  0.008 0.060 0.023 0.067 0.216 0.249 0.200 0.176 
537    (0)   :  0.007 0.093 0.063 0.073 0.110 0.306 0.202 0.146 
538    (0)   :  0.005 0.046 0.024 0.050 0.135 0.264 0.325 0.151 
539    (0)   :  0.005 0.021 0.020 0.043 0.075 0.555 0.183 0.097 
540    (0)   :  0.005 0.034 0.203 0.047 0.141 0.103 0.343 0.124 
541    (0)   :  0.007 0.033 0.228 0.061 0.126 0.226 0.185 0.135 
542    (0)   :  0.006 0.105 0.017 0.094 0.213 0.105 0.334 0.126 
543    (0)   :  0.006 0.110 0.224 0.057 0.088 0.126 0.200 0.190 
544    (0)   :  0.005 0.142 0.040 0.072 0.134 0.137 0.298 0.173 
545    (0)   :  0.005 0.286 0.018 0.070 0.189 0.085 0.183 0.163 
546    (0)   :  0.005 0.048 0.044 0.121 0.115 0.135 0.402 0.130 
547    (0)   :  0.005 0.299 0.029 0.056 0.099 0.225 0.138 0.148 
548    (0)   :  0.005 0.011 0.021 0.058 0.085 0.286 0.406 0.128 
549    (0)   :  0.007 0.117 0.027 0.049 0.188 0.388 0.096 0.128 
550    (0)   :  0.005 0.226 0.015 0.062 0.172 0.138 0.135 0.248 
551    (0)   :  0.008 0.031 0.037 0.054 0.123 0.465 0.119 0.164 
552    (0)   :  0.006 0.029 0.019 0.047 0.108 0.208 0.473 0.111 
553    (0)   :  0.007 0.262 0.089 0.055 0.075 0.172 0.210 0.132 
554    (0)   :  0.008 0.031 0.232 0.055 0.167 0.083 0.258 0.166 
555    (0)   :  0.007 0.061 0.068 0.120 0.098 0.341 0.182 0.124 
556    (0)   :  0.006 0.030 0.041 0.059 0.104 0.169 0.442 0.149 
557    (0)   :  0.005 0.132 0.048 0.059 0.236 0.161 0.115 0.243 
558    (0)   :  0.007 0.013 0.016 0.037 0.379 0.077 0.070 0.402 
559    (0)   :  0.006 0.019 0.023 0.050 0.099 0.093 0.420 0.291 
560    (0)   :  0.005 0.025 0.013 0.059 0.182 0.060 0.116 0.538 
561    (0)   :  0.006 0.023 0.016 0.099 0.182 0.079 0.169 0.426 
562    (0)   :  0.006 0.039 0.015 0.091 0.174 0.060 0.208 0.407 
563    (0)   :  0.008 0.026 0.021 0.098 0.107 0.246 0.087 0.407 
564    (0)   :  0.008 0.033 0.052 0.046 0.134 0.086 0.476 0.166 
565    (0)   :  0.006 0.014 0.016 0.044 0.545 0.083 0.099 0.193 
566    (0)   :  0.004 0.015 0.014 0.048 0.164 0.062 0.090 0.601 
567    (0)   :  0.007 0.020 0.017 0.073 0.121 0.077 0.470 0.215 
568    (0)   :  0.005 0.022 0.021 0.041 0.134 0.104 0.260 0.412 
569    (0)   :  0.007 0.082 0.057 0.049 0.248 0.094 0.150 0.313 
570    (0)   :  0.008 0.014 0.016 0.034 0.433 0.065 0.105 0.325 
571    (0)   :  0.005 0.016 0.023 0.039 0.108 0.092 0.142 0.574 
572    (0)   :  0.004 0.218 0.025 0.053 0.158 0.220 0.178 0.144 
573    (0)   :  0.007 0.033 0.038 0.039 0.244 0.097 0.376 0.167 
574    (0)   :  0.007 0.025 0.056 0.052 0.354 0.157 0.164 0.185 
575    (0)   :  0.006 0.017 0.020 0.052 0.109 0.194 0.154 0.449 
576    (0)   :  0.005 0.014 0.016 0.091 0.157 0.063 0.090 0.562 
577    (0)   :  0.009 0.017 0.023 0.056 0.272 0.181 0.172 0.270 
