

----------------------------------------------------
STRUCTURE by Pritchard, Stephens and Donnelly (2000)
     and Falush, Stephens and Pritchard (2003)
       Code by Pritchard, Falush and Hubisz
             Version 2.3.4 (Jul 2012)
----------------------------------------------------



Command line arguments:   ./structure -K 10 -D 110019 -m brooktrout/mainparams -e brooktrout/extraparams -o brooktrout/250914_output/results_K10_rep19 
Input File:    brooktrout/brooktrout.txt

Run parameters:
   8454 individuals
   5 loci
   10 populations assumed
   50000 Burn-in period
   100000 Reps
RANDOMIZE turned off


--------------------------------------------
Overall proportion of membership of the
sample in each of the 10 clusters

Inferred Clusters
  1      2      3      4      5      6      7      8      9     10    
0.008  0.007  0.025  0.062  0.093  0.148  0.150  0.154  0.182  0.170  

--------------------------------------------

Allele-freq. divergence among pops (Net nucleotide distance),
computed using point estimates of P.

      1       2       3       4       5       6       7       8       9      10      
 1      -    0.0593  0.1134  0.1734  0.1468  0.1269  0.1174  0.1543  0.1407  0.1004  
 2   0.0593     -    0.0560  0.1168  0.1342  0.1075  0.1188  0.1090  0.1246  0.0817  
 3   0.1134  0.0560     -    0.1672  0.1736  0.1820  0.1600  0.1481  0.0875  0.1376  
 4   0.1734  0.1168  0.1672     -    0.1770  0.2008  0.2069  0.1281  0.1716  0.1529  
 5   0.1468  0.1342  0.1736  0.1770     -    0.1212  0.1210  0.2201  0.2057  0.1359  
 6   0.1269  0.1075  0.1820  0.2008  0.1212     -    0.1140  0.1526  0.2206  0.0977  
 7   0.1174  0.1188  0.1600  0.2069  0.1210  0.1140     -    0.1443  0.1779  0.0927  
 8   0.1543  0.1090  0.1481  0.1281  0.2201  0.1526  0.1443     -    0.1333  0.1263  
 9   0.1407  0.1246  0.0875  0.1716  0.2057  0.2206  0.1779  0.1333     -    0.1571  
10   0.1004  0.0817  0.1376  0.1529  0.1359  0.0977  0.0927  0.1263  0.1571     -    

Average distances (expected heterozygosity) between individuals in same cluster:
cluster  1  : 0.8294 
cluster  2  : 0.9175 
cluster  3  : 0.7752 
cluster  4  : 0.7316 
cluster  5  : 0.6867 
cluster  6  : 0.7338 
cluster  7  : 0.7048 
cluster  8  : 0.7227 
cluster  9  : 0.6835 
cluster 10  : 0.7807 

--------------------------------------------
Estimated Ln Prob of Data   = -196409.7
Mean value of ln likelihood = -172595.1
Variance of ln likelihood   = 47629.4

Mean value of alpha_1       = 0.0453
Mean value of alpha_2       = 0.0431
Mean value of alpha_3       = 0.1451
Mean value of alpha_4       = 0.3536
Mean value of alpha_5       = 0.5399
Mean value of alpha_6       = 0.8448
Mean value of alpha_7       = 0.8620
Mean value of alpha_8       = 0.8850
Mean value of alpha_9       = 1.0000
Mean value of alpha_10       = 0.9898
Allele frequencies uncorrelated


Inferred ancestry of individuals:
     (%Miss) :  Inferred clusters
  1    (0)   :  0.005 0.006 0.028 0.142 0.095 0.097 0.167 0.089 0.198 0.172 
  2    (0)   :  0.004 0.004 0.012 0.029 0.051 0.112 0.155 0.321 0.104 0.207 
  3    (0)   :  0.006 0.004 0.016 0.076 0.111 0.116 0.263 0.126 0.185 0.096 
  4    (0)   :  0.012 0.015 0.047 0.046 0.085 0.105 0.107 0.119 0.350 0.115 
  5    (0)   :  0.005 0.005 0.016 0.029 0.055 0.114 0.176 0.192 0.101 0.307 
  6    (0)   :  0.005 0.004 0.015 0.030 0.069 0.136 0.398 0.101 0.127 0.116 
  7    (0)   :  0.005 0.004 0.014 0.028 0.083 0.291 0.180 0.077 0.101 0.217 
  8    (0)   :  0.018 0.036 0.107 0.042 0.084 0.133 0.168 0.102 0.192 0.118 
  9    (0)   :  0.007 0.014 0.015 0.047 0.062 0.120 0.227 0.204 0.153 0.152 
 10    (0)   :  0.006 0.022 0.101 0.028 0.061 0.134 0.226 0.094 0.128 0.200 
 11    (0)   :  0.004 0.004 0.015 0.041 0.090 0.182 0.171 0.077 0.099 0.318 
 12    (0)   :  0.005 0.004 0.012 0.032 0.052 0.119 0.204 0.183 0.163 0.227 
 13    (0)   :  0.006 0.005 0.016 0.040 0.062 0.152 0.244 0.142 0.145 0.188 
 14    (0)   :  0.004 0.006 0.032 0.065 0.104 0.083 0.173 0.280 0.128 0.124 
 15    (0)   :  0.005 0.004 0.018 0.038 0.124 0.124 0.132 0.146 0.236 0.174 
 16    (0)   :  0.004 0.004 0.016 0.053 0.093 0.130 0.250 0.098 0.118 0.234 
 17    (0)   :  0.008 0.006 0.014 0.057 0.061 0.103 0.307 0.109 0.148 0.187 
 18    (0)   :  0.008 0.006 0.015 0.042 0.126 0.093 0.198 0.230 0.165 0.117 
 19    (0)   :  0.005 0.003 0.012 0.028 0.059 0.133 0.348 0.115 0.134 0.161 
 20    (0)   :  0.005 0.004 0.013 0.036 0.105 0.177 0.139 0.140 0.151 0.231 
 21    (0)   :  0.004 0.005 0.022 0.069 0.078 0.100 0.145 0.214 0.197 0.166 
 22    (0)   :  0.006 0.004 0.016 0.040 0.062 0.095 0.381 0.113 0.153 0.130 
 23    (0)   :  0.008 0.011 0.040 0.079 0.089 0.098 0.122 0.223 0.212 0.118 
 24    (0)   :  0.005 0.004 0.017 0.053 0.093 0.109 0.181 0.113 0.223 0.203 
 25    (0)   :  0.005 0.005 0.014 0.033 0.108 0.164 0.271 0.118 0.084 0.199 
 26    (0)   :  0.006 0.004 0.013 0.038 0.084 0.113 0.203 0.128 0.211 0.200 
 27    (0)   :  0.005 0.004 0.015 0.059 0.076 0.104 0.233 0.131 0.143 0.229 
 28    (0)   :  0.005 0.009 0.094 0.053 0.080 0.165 0.141 0.131 0.216 0.104 
 29    (0)   :  0.004 0.003 0.013 0.040 0.054 0.158 0.148 0.172 0.122 0.284 
 30    (0)   :  0.005 0.004 0.014 0.053 0.078 0.093 0.332 0.137 0.128 0.156 
 31    (0)   :  0.011 0.035 0.091 0.057 0.054 0.135 0.154 0.155 0.112 0.197 
 32    (0)   :  0.004 0.005 0.026 0.041 0.086 0.109 0.249 0.168 0.203 0.108 
 33    (0)   :  0.005 0.004 0.017 0.064 0.094 0.176 0.192 0.135 0.189 0.124 
 34    (0)   :  0.006 0.026 0.096 0.032 0.088 0.217 0.172 0.075 0.101 0.185 
 35    (0)   :  0.008 0.004 0.013 0.084 0.050 0.087 0.209 0.211 0.101 0.232 
 36    (0)   :  0.004 0.005 0.019 0.156 0.205 0.098 0.106 0.182 0.101 0.123 
 37    (0)   :  0.006 0.004 0.019 0.048 0.056 0.114 0.178 0.252 0.188 0.137 
 38    (0)   :  0.005 0.005 0.013 0.051 0.303 0.142 0.088 0.123 0.086 0.186 
 39    (0)   :  0.007 0.005 0.014 0.057 0.124 0.156 0.143 0.165 0.121 0.210 
 40    (0)   :  0.004 0.004 0.022 0.208 0.076 0.080 0.150 0.217 0.122 0.117 
 41    (0)   :  0.007 0.006 0.021 0.228 0.100 0.140 0.132 0.125 0.087 0.154 
 42    (0)   :  0.005 0.004 0.050 0.166 0.142 0.085 0.081 0.090 0.236 0.141 
 43    (0)   :  0.007 0.006 0.034 0.164 0.049 0.117 0.137 0.224 0.135 0.127 
 44    (0)   :  0.006 0.004 0.016 0.203 0.044 0.102 0.192 0.231 0.089 0.115 
 45    (0)   :  0.005 0.005 0.013 0.103 0.150 0.102 0.084 0.243 0.086 0.211 
 46    (0)   :  0.007 0.005 0.012 0.070 0.063 0.130 0.267 0.161 0.116 0.170 
 47    (0)   :  0.012 0.007 0.024 0.054 0.048 0.101 0.266 0.171 0.136 0.180 
 48    (0)   :  0.007 0.005 0.016 0.184 0.053 0.082 0.180 0.266 0.096 0.113 
 49    (0)   :  0.007 0.004 0.015 0.072 0.074 0.089 0.157 0.164 0.123 0.296 
 50    (0)   :  0.008 0.010 0.057 0.045 0.063 0.176 0.276 0.125 0.097 0.143 
 51    (0)   :  0.004 0.004 0.018 0.322 0.135 0.086 0.076 0.168 0.083 0.104 
 52    (0)   :  0.007 0.005 0.013 0.097 0.094 0.165 0.144 0.110 0.131 0.232 
 53    (0)   :  0.007 0.006 0.032 0.058 0.217 0.151 0.180 0.125 0.110 0.113 
 54    (0)   :  0.007 0.005 0.016 0.072 0.040 0.100 0.145 0.299 0.142 0.175 
 55    (0)   :  0.006 0.004 0.014 0.109 0.050 0.100 0.123 0.343 0.111 0.141 
 56    (0)   :  0.006 0.004 0.018 0.083 0.094 0.082 0.180 0.234 0.138 0.161 
 57    (0)   :  0.011 0.006 0.028 0.034 0.063 0.108 0.222 0.088 0.236 0.204 
 58    (0)   :  0.005 0.004 0.015 0.103 0.085 0.097 0.094 0.236 0.116 0.245 
 59    (0)   :  0.005 0.005 0.018 0.080 0.175 0.095 0.091 0.154 0.124 0.254 
 60    (0)   :  0.004 0.005 0.028 0.178 0.103 0.103 0.100 0.209 0.154 0.114 
 61    (0)   :  0.004 0.005 0.016 0.135 0.041 0.086 0.076 0.371 0.138 0.128 
 62    (0)   :  0.009 0.006 0.014 0.043 0.064 0.114 0.163 0.144 0.139 0.306 
 63    (0)   :  0.004 0.004 0.022 0.074 0.088 0.185 0.108 0.223 0.159 0.135 
 64    (0)   :  0.005 0.004 0.012 0.035 0.107 0.102 0.240 0.161 0.095 0.239 
 65    (0)   :  0.005 0.004 0.013 0.033 0.063 0.258 0.150 0.179 0.085 0.209 
 66    (0)   :  0.005 0.006 0.029 0.041 0.060 0.142 0.103 0.288 0.175 0.151 
 67    (0)   :  0.005 0.005 0.013 0.147 0.041 0.113 0.128 0.318 0.095 0.134 
 68    (0)   :  0.006 0.005 0.020 0.085 0.189 0.094 0.087 0.156 0.137 0.220 
 69    (0)   :  0.006 0.045 0.174 0.064 0.186 0.090 0.090 0.095 0.083 0.167 
 70    (0)   :  0.004 0.007 0.025 0.149 0.157 0.175 0.082 0.150 0.128 0.124 
 71    (0)   :  0.005 0.006 0.016 0.099 0.165 0.109 0.092 0.206 0.078 0.224 
 72    (0)   :  0.005 0.005 0.017 0.105 0.110 0.111 0.245 0.151 0.092 0.159 
 73    (0)   :  0.005 0.006 0.018 0.082 0.066 0.111 0.087 0.300 0.087 0.239 
 74    (0)   :  0.004 0.004 0.021 0.134 0.197 0.090 0.105 0.172 0.153 0.119 
 75    (0)   :  0.005 0.006 0.024 0.137 0.156 0.073 0.090 0.220 0.152 0.137 
 76    (0)   :  0.005 0.004 0.015 0.091 0.063 0.214 0.123 0.263 0.108 0.114 
 77    (0)   :  0.005 0.005 0.019 0.117 0.183 0.155 0.080 0.152 0.093 0.192 
 78    (0)   :  0.005 0.006 0.020 0.112 0.251 0.135 0.081 0.126 0.094 0.169 
 79    (0)   :  0.004 0.004 0.016 0.028 0.081 0.216 0.211 0.134 0.113 0.193 
 80    (0)   :  0.005 0.004 0.022 0.034 0.055 0.147 0.099 0.147 0.383 0.103 
 81    (0)   :  0.004 0.004 0.020 0.027 0.066 0.198 0.111 0.137 0.325 0.108 
 82    (0)   :  0.005 0.004 0.017 0.052 0.062 0.120 0.121 0.203 0.164 0.254 
 83    (0)   :  0.004 0.004 0.020 0.036 0.123 0.201 0.115 0.174 0.228 0.096 
 84    (0)   :  0.004 0.004 0.018 0.029 0.097 0.222 0.133 0.138 0.223 0.132 
 85    (0)   :  0.004 0.004 0.021 0.034 0.147 0.113 0.161 0.139 0.248 0.128 
 86    (0)   :  0.006 0.005 0.013 0.056 0.058 0.118 0.155 0.279 0.109 0.202 
 87    (0)   :  0.005 0.006 0.027 0.041 0.122 0.294 0.110 0.133 0.121 0.141 
 88    (0)   :  0.004 0.004 0.020 0.035 0.066 0.174 0.114 0.156 0.256 0.171 
 89    (0)   :  0.005 0.007 0.039 0.031 0.063 0.147 0.110 0.209 0.249 0.140 
 90    (0)   :  0.004 0.004 0.015 0.028 0.080 0.288 0.116 0.149 0.134 0.182 
 91    (0)   :  0.004 0.004 0.023 0.039 0.129 0.112 0.110 0.125 0.353 0.102 
 92    (0)   :  0.004 0.004 0.016 0.030 0.076 0.167 0.161 0.165 0.155 0.222 
 93    (0)   :  0.005 0.006 0.088 0.036 0.051 0.083 0.100 0.128 0.374 0.129 
 94    (0)   :  0.004 0.004 0.016 0.040 0.182 0.374 0.093 0.089 0.108 0.091 
 95    (0)   :  0.004 0.004 0.018 0.032 0.068 0.290 0.084 0.140 0.221 0.138 
 96    (0)   :  0.004 0.004 0.031 0.107 0.047 0.093 0.079 0.303 0.201 0.131 
 97    (0)   :  0.005 0.004 0.016 0.071 0.185 0.075 0.095 0.228 0.161 0.160 
 98    (0)   :  0.004 0.004 0.023 0.113 0.063 0.107 0.157 0.220 0.125 0.184 
 99    (0)   :  0.004 0.004 0.018 0.027 0.085 0.238 0.122 0.151 0.211 0.139 
100    (0)   :  0.005 0.004 0.022 0.039 0.044 0.079 0.085 0.245 0.367 0.110 
101    (0)   :  0.006 0.011 0.069 0.046 0.118 0.188 0.112 0.166 0.127 0.158 
102    (0)   :  0.005 0.005 0.034 0.061 0.114 0.134 0.077 0.137 0.274 0.159 
103    (0)   :  0.005 0.011 0.048 0.032 0.053 0.175 0.093 0.354 0.126 0.103 
104    (0)   :  0.004 0.006 0.027 0.028 0.053 0.393 0.096 0.126 0.122 0.145 
105    (0)   :  0.006 0.013 0.063 0.034 0.048 0.207 0.083 0.189 0.136 0.221 
106    (0)   :  0.004 0.004 0.011 0.033 0.098 0.407 0.121 0.101 0.071 0.150 
107    (0)   :  0.005 0.016 0.030 0.035 0.051 0.255 0.097 0.255 0.135 0.121 
108    (0)   :  0.004 0.004 0.015 0.042 0.206 0.092 0.094 0.347 0.099 0.097 
109    (0)   :  0.005 0.007 0.016 0.034 0.123 0.179 0.095 0.119 0.070 0.352 
110    (0)   :  0.004 0.006 0.016 0.034 0.093 0.431 0.117 0.087 0.074 0.137 
111    (0)   :  0.007 0.010 0.015 0.032 0.050 0.350 0.093 0.137 0.109 0.197 
112    (0)   :  0.004 0.008 0.013 0.063 0.069 0.322 0.082 0.085 0.081 0.273 
113    (0)   :  0.005 0.008 0.021 0.047 0.088 0.121 0.147 0.296 0.114 0.154 
114    (0)   :  0.004 0.006 0.033 0.028 0.050 0.321 0.084 0.134 0.143 0.197 
115    (0)   :  0.005 0.013 0.022 0.110 0.059 0.279 0.112 0.108 0.109 0.182 
116    (0)   :  0.005 0.005 0.011 0.068 0.146 0.213 0.095 0.142 0.075 0.239 
117    (0)   :  0.006 0.015 0.026 0.064 0.086 0.285 0.109 0.078 0.084 0.247 
118    (0)   :  0.005 0.010 0.012 0.033 0.061 0.136 0.096 0.270 0.105 0.273 
119    (0)   :  0.004 0.004 0.034 0.112 0.105 0.142 0.077 0.217 0.209 0.096 
120    (0)   :  0.005 0.009 0.023 0.065 0.059 0.269 0.097 0.151 0.123 0.197 
121    (0)   :  0.008 0.084 0.024 0.129 0.070 0.233 0.102 0.104 0.076 0.170 
122    (0)   :  0.004 0.005 0.020 0.033 0.084 0.311 0.114 0.126 0.086 0.216 
123    (0)   :  0.005 0.015 0.019 0.042 0.090 0.337 0.104 0.150 0.116 0.122 
124    (0)   :  0.008 0.035 0.013 0.087 0.093 0.198 0.157 0.178 0.089 0.142 
125    (0)   :  0.004 0.006 0.020 0.123 0.135 0.137 0.136 0.081 0.087 0.271 
126    (0)   :  0.004 0.004 0.013 0.076 0.108 0.282 0.095 0.164 0.123 0.132 
127    (0)   :  0.005 0.010 0.013 0.034 0.045 0.413 0.082 0.164 0.111 0.123 
128    (0)   :  0.004 0.004 0.012 0.034 0.044 0.117 0.100 0.284 0.102 0.300 
129    (0)   :  0.006 0.014 0.031 0.033 0.052 0.258 0.098 0.274 0.075 0.160 
130    (0)   :  0.006 0.014 0.029 0.028 0.053 0.291 0.089 0.151 0.141 0.199 
131    (0)   :  0.008 0.032 0.023 0.087 0.204 0.211 0.116 0.108 0.071 0.139 
132    (0)   :  0.004 0.006 0.017 0.034 0.078 0.345 0.108 0.193 0.073 0.141 
133    (0)   :  0.008 0.015 0.022 0.039 0.060 0.285 0.106 0.247 0.113 0.107 
134    (0)   :  0.004 0.004 0.010 0.029 0.064 0.476 0.093 0.085 0.065 0.170 
135    (0)   :  0.005 0.004 0.016 0.074 0.068 0.068 0.075 0.164 0.326 0.201 
136    (0)   :  0.005 0.005 0.033 0.036 0.055 0.065 0.139 0.116 0.390 0.154 
137    (0)   :  0.005 0.006 0.041 0.038 0.050 0.077 0.095 0.090 0.449 0.151 
138    (0)   :  0.004 0.004 0.020 0.043 0.067 0.072 0.089 0.093 0.517 0.091 
139    (0)   :  0.004 0.005 0.029 0.045 0.061 0.075 0.106 0.345 0.190 0.141 
140    (0)   :  0.005 0.006 0.045 0.059 0.077 0.102 0.104 0.157 0.262 0.183 
141    (0)   :  0.005 0.009 0.126 0.040 0.076 0.074 0.160 0.133 0.235 0.141 
142    (0)   :  0.005 0.006 0.040 0.083 0.064 0.072 0.077 0.233 0.266 0.154 
143    (0)   :  0.004 0.003 0.020 0.035 0.045 0.062 0.080 0.098 0.561 0.091 
144    (0)   :  0.004 0.004 0.024 0.038 0.047 0.075 0.084 0.090 0.492 0.141 
145    (0)   :  0.006 0.005 0.029 0.054 0.077 0.074 0.169 0.154 0.248 0.185 
146    (0)   :  0.005 0.005 0.033 0.041 0.078 0.107 0.123 0.097 0.311 0.199 
147    (0)   :  0.004 0.004 0.034 0.033 0.048 0.064 0.092 0.085 0.537 0.099 
148    (0)   :  0.005 0.010 0.109 0.054 0.051 0.087 0.137 0.169 0.236 0.143 
149    (0)   :  0.004 0.036 0.180 0.072 0.069 0.067 0.089 0.164 0.173 0.143 
150    (0)   :  0.005 0.006 0.034 0.039 0.049 0.102 0.108 0.145 0.323 0.190 
151    (0)   :  0.004 0.003 0.018 0.036 0.047 0.081 0.089 0.129 0.463 0.128 
152    (0)   :  0.005 0.006 0.040 0.069 0.093 0.078 0.136 0.149 0.289 0.134 
153    (0)   :  0.004 0.005 0.043 0.078 0.070 0.088 0.095 0.107 0.386 0.123 
154    (0)   :  0.005 0.049 0.229 0.054 0.052 0.065 0.122 0.163 0.137 0.125 
155    (0)   :  0.005 0.004 0.021 0.031 0.044 0.089 0.084 0.111 0.519 0.093 
156    (0)   :  0.004 0.004 0.021 0.080 0.043 0.079 0.072 0.149 0.430 0.118 
157    (0)   :  0.004 0.005 0.038 0.029 0.065 0.149 0.085 0.099 0.422 0.103 
158    (0)   :  0.006 0.005 0.030 0.051 0.082 0.070 0.157 0.117 0.272 0.211 
159    (0)   :  0.005 0.019 0.133 0.031 0.048 0.065 0.085 0.100 0.401 0.113 
160    (0)   :  0.006 0.019 0.126 0.028 0.050 0.065 0.085 0.122 0.371 0.130 
161    (0)   :  0.004 0.004 0.035 0.058 0.076 0.089 0.114 0.128 0.326 0.164 
162    (0)   :  0.007 0.006 0.031 0.039 0.073 0.114 0.133 0.126 0.274 0.198 
163    (0)   :  0.004 0.004 0.020 0.053 0.044 0.080 0.075 0.111 0.514 0.096 
164    (0)   :  0.006 0.027 0.162 0.031 0.056 0.099 0.104 0.159 0.192 0.163 
165    (0)   :  0.005 0.005 0.021 0.038 0.048 0.094 0.088 0.114 0.391 0.197 
166    (0)   :  0.004 0.024 0.154 0.040 0.119 0.119 0.079 0.159 0.204 0.097 
167    (0)   :  0.007 0.060 0.294 0.030 0.055 0.079 0.137 0.074 0.150 0.114 
168    (0)   :  0.004 0.004 0.019 0.048 0.131 0.074 0.091 0.104 0.410 0.115 
169    (0)   :  0.006 0.005 0.025 0.054 0.187 0.068 0.141 0.099 0.214 0.202 
170    (0)   :  0.004 0.004 0.041 0.072 0.050 0.081 0.089 0.201 0.330 0.129 
171    (0)   :  0.005 0.005 0.031 0.041 0.104 0.075 0.124 0.166 0.327 0.123 
172    (0)   :  0.005 0.009 0.063 0.114 0.151 0.066 0.086 0.150 0.209 0.148 
173    (0)   :  0.005 0.005 0.033 0.029 0.046 0.068 0.090 0.156 0.454 0.113 
174    (0)   :  0.004 0.004 0.035 0.028 0.049 0.083 0.100 0.111 0.459 0.126 
175    (0)   :  0.004 0.004 0.036 0.054 0.048 0.067 0.146 0.106 0.437 0.098 
176    (0)   :  0.004 0.005 0.025 0.038 0.047 0.075 0.083 0.090 0.491 0.142 
177    (0)   :  0.005 0.005 0.036 0.036 0.104 0.153 0.095 0.102 0.325 0.139 
178    (0)   :  0.005 0.005 0.044 0.029 0.051 0.088 0.173 0.122 0.363 0.121 
179    (0)   :  0.004 0.006 0.104 0.028 0.045 0.068 0.097 0.119 0.444 0.085 
180    (0)   :  0.006 0.008 0.078 0.051 0.078 0.083 0.124 0.096 0.297 0.177 
181    (0)   :  0.005 0.005 0.026 0.054 0.070 0.074 0.104 0.186 0.306 0.169 
182    (0)   :  0.005 0.004 0.022 0.040 0.048 0.064 0.079 0.199 0.402 0.136 
183    (0)   :  0.004 0.004 0.029 0.034 0.046 0.068 0.100 0.130 0.486 0.098 
184    (0)   :  0.005 0.004 0.012 0.029 0.054 0.104 0.186 0.384 0.102 0.120 
185    (0)   :  0.004 0.005 0.017 0.111 0.039 0.057 0.070 0.122 0.483 0.092 
186    (0)   :  0.005 0.004 0.012 0.031 0.047 0.162 0.166 0.355 0.098 0.120 
187    (0)   :  0.004 0.004 0.018 0.033 0.049 0.094 0.127 0.316 0.254 0.099 
188    (0)   :  0.005 0.004 0.012 0.029 0.040 0.125 0.153 0.445 0.080 0.107 
189    (0)   :  0.004 0.004 0.018 0.052 0.106 0.092 0.199 0.207 0.226 0.092 
190    (0)   :  0.004 0.003 0.014 0.093 0.039 0.061 0.063 0.424 0.195 0.104 
191    (0)   :  0.004 0.004 0.014 0.028 0.044 0.086 0.122 0.442 0.122 0.134 
192    (0)   :  0.004 0.004 0.017 0.032 0.048 0.121 0.139 0.276 0.240 0.120 
193    (0)   :  0.004 0.004 0.017 0.040 0.056 0.090 0.143 0.269 0.193 0.183 
194    (0)   :  0.004 0.005 0.028 0.063 0.051 0.110 0.122 0.293 0.216 0.109 
195    (0)   :  0.004 0.004 0.015 0.049 0.039 0.062 0.082 0.411 0.252 0.082 
196    (0)   :  0.004 0.004 0.014 0.050 0.044 0.079 0.078 0.441 0.175 0.111 
197    (0)   :  0.005 0.004 0.015 0.039 0.050 0.138 0.200 0.210 0.204 0.135 
198    (0)   :  0.004 0.004 0.017 0.052 0.072 0.120 0.180 0.225 0.165 0.162 
199    (0)   :  0.004 0.004 0.015 0.072 0.059 0.084 0.084 0.375 0.154 0.148 
200    (0)   :  0.004 0.004 0.014 0.054 0.063 0.083 0.111 0.388 0.168 0.112 
201    (0)   :  0.004 0.004 0.016 0.033 0.039 0.070 0.095 0.291 0.356 0.093 
202    (0)   :  0.004 0.004 0.017 0.079 0.040 0.081 0.082 0.220 0.360 0.113 
203    (0)   :  0.004 0.004 0.016 0.034 0.040 0.070 0.077 0.317 0.345 0.092 
204    (0)   :  0.004 0.004 0.013 0.042 0.039 0.067 0.073 0.528 0.140 0.091 
205    (0)   :  0.004 0.004 0.014 0.044 0.058 0.088 0.098 0.449 0.127 0.113 
206    (0)   :  0.004 0.004 0.014 0.032 0.039 0.067 0.095 0.489 0.168 0.088 
207    (0)   :  0.004 0.004 0.013 0.040 0.039 0.087 0.082 0.482 0.113 0.138 
208    (0)   :  0.004 0.004 0.015 0.034 0.040 0.075 0.082 0.402 0.232 0.112 
209    (0)   :  0.004 0.004 0.015 0.037 0.046 0.090 0.124 0.375 0.151 0.155 
210    (0)   :  0.003 0.004 0.013 0.032 0.039 0.078 0.086 0.485 0.159 0.100 
211    (0)   :  0.005 0.005 0.018 0.070 0.040 0.104 0.082 0.220 0.230 0.225 
212    (0)   :  0.004 0.004 0.016 0.066 0.047 0.066 0.123 0.212 0.354 0.108 
213    (0)   :  0.004 0.004 0.015 0.108 0.068 0.138 0.088 0.282 0.156 0.136 
214    (0)   :  0.004 0.004 0.017 0.042 0.039 0.070 0.086 0.267 0.359 0.112 
215    (0)   :  0.004 0.004 0.013 0.034 0.055 0.095 0.093 0.464 0.109 0.129 
216    (0)   :  0.005 0.004 0.013 0.033 0.055 0.104 0.209 0.307 0.122 0.147 
217    (0)   :  0.004 0.004 0.016 0.040 0.048 0.069 0.097 0.326 0.304 0.093 
218    (0)   :  0.004 0.004 0.014 0.029 0.056 0.104 0.094 0.436 0.146 0.114 
219    (0)   :  0.006 0.004 0.015 0.033 0.070 0.090 0.214 0.225 0.242 0.101 
220    (0)   :  0.004 0.004 0.013 0.029 0.040 0.078 0.082 0.534 0.114 0.102 
221    (0)   :  0.004 0.004 0.033 0.116 0.040 0.063 0.073 0.207 0.364 0.096 
222    (0)   :  0.005 0.004 0.014 0.034 0.055 0.100 0.262 0.244 0.164 0.118 
223    (0)   :  0.004 0.004 0.018 0.035 0.060 0.092 0.141 0.234 0.303 0.109 
224    (0)   :  0.004 0.005 0.017 0.034 0.039 0.069 0.096 0.370 0.278 0.087 
225    (0)   :  0.004 0.004 0.014 0.045 0.048 0.080 0.097 0.446 0.151 0.112 
226    (0)   :  0.005 0.004 0.017 0.033 0.140 0.091 0.132 0.290 0.161 0.127 
227    (0)   :  0.004 0.004 0.018 0.078 0.041 0.087 0.081 0.355 0.229 0.104 
228    (0)   :  0.004 0.006 0.015 0.107 0.039 0.058 0.075 0.344 0.255 0.097 
229    (0)   :  0.004 0.004 0.017 0.030 0.039 0.080 0.103 0.341 0.294 0.087 
230    (0)   :  0.004 0.004 0.016 0.031 0.039 0.076 0.085 0.416 0.229 0.100 
231    (0)   :  0.004 0.004 0.015 0.029 0.045 0.072 0.145 0.321 0.256 0.109 
232    (0)   :  0.004 0.004 0.017 0.081 0.083 0.110 0.096 0.229 0.220 0.155 
233    (0)   :  0.004 0.004 0.015 0.032 0.040 0.072 0.088 0.227 0.412 0.105 
234    (0)   :  0.004 0.003 0.014 0.031 0.053 0.100 0.183 0.259 0.204 0.150 
235    (0)   :  0.004 0.004 0.019 0.041 0.062 0.088 0.122 0.303 0.245 0.112 
236    (0)   :  0.004 0.004 0.015 0.034 0.049 0.082 0.117 0.254 0.315 0.128 
237    (0)   :  0.004 0.004 0.012 0.047 0.045 0.077 0.099 0.431 0.128 0.155 
238    (0)   :  0.004 0.004 0.018 0.043 0.041 0.088 0.098 0.251 0.342 0.112 
239    (0)   :  0.004 0.004 0.015 0.048 0.040 0.062 0.081 0.412 0.252 0.082 
240    (0)   :  0.004 0.004 0.018 0.042 0.040 0.089 0.100 0.251 0.341 0.111 
241    (0)   :  0.005 0.004 0.020 0.044 0.054 0.074 0.091 0.277 0.302 0.130 
242    (0)   :  0.004 0.005 0.016 0.043 0.063 0.086 0.142 0.388 0.175 0.077 
243    (0)   :  0.004 0.003 0.013 0.053 0.038 0.065 0.069 0.460 0.180 0.114 
244    (0)   :  0.004 0.004 0.015 0.033 0.039 0.068 0.082 0.368 0.286 0.100 
245    (0)   :  0.004 0.004 0.017 0.055 0.041 0.080 0.085 0.204 0.416 0.094 
246    (0)   :  0.004 0.004 0.016 0.040 0.047 0.069 0.097 0.328 0.303 0.092 
247    (0)   :  0.004 0.004 0.012 0.040 0.085 0.206 0.112 0.319 0.091 0.128 
248    (0)   :  0.004 0.004 0.011 0.035 0.047 0.102 0.103 0.414 0.104 0.177 
249    (0)   :  0.004 0.004 0.018 0.041 0.040 0.079 0.089 0.334 0.282 0.109 
250    (0)   :  0.004 0.004 0.016 0.031 0.048 0.095 0.121 0.308 0.249 0.124 
251    (0)   :  0.004 0.004 0.015 0.039 0.098 0.105 0.158 0.299 0.140 0.138 
252    (0)   :  0.004 0.004 0.016 0.048 0.050 0.083 0.118 0.369 0.211 0.098 
253    (0)   :  0.004 0.004 0.013 0.053 0.077 0.123 0.124 0.320 0.124 0.157 
254    (0)   :  0.005 0.004 0.013 0.034 0.045 0.092 0.220 0.300 0.179 0.108 
255    (0)   :  0.004 0.004 0.017 0.036 0.046 0.095 0.160 0.297 0.208 0.132 
256    (0)   :  0.004 0.004 0.017 0.043 0.048 0.076 0.096 0.364 0.221 0.128 
257    (0)   :  0.006 0.013 0.024 0.037 0.052 0.094 0.104 0.372 0.159 0.139 
258    (0)   :  0.004 0.004 0.014 0.066 0.057 0.103 0.126 0.311 0.152 0.164 
259    (0)   :  0.004 0.004 0.017 0.035 0.048 0.090 0.114 0.386 0.179 0.124 
260    (0)   :  0.005 0.004 0.014 0.033 0.047 0.096 0.227 0.173 0.298 0.103 
261    (0)   :  0.004 0.004 0.015 0.055 0.050 0.073 0.112 0.313 0.275 0.100 
262    (0)   :  0.004 0.004 0.015 0.067 0.046 0.062 0.072 0.404 0.231 0.096 
263    (0)   :  0.005 0.004 0.011 0.032 0.039 0.081 0.132 0.472 0.119 0.105 
264    (0)   :  0.006 0.004 0.011 0.033 0.058 0.105 0.316 0.231 0.084 0.154 
265    (0)   :  0.004 0.004 0.015 0.032 0.061 0.090 0.138 0.335 0.213 0.110 
266    (0)   :  0.004 0.004 0.017 0.073 0.040 0.063 0.073 0.244 0.384 0.098 
267    (0)   :  0.004 0.004 0.015 0.040 0.044 0.089 0.145 0.262 0.231 0.166 
268    (0)   :  0.004 0.003 0.014 0.050 0.045 0.079 0.077 0.440 0.177 0.112 
269    (0)   :  0.004 0.004 0.014 0.032 0.078 0.091 0.210 0.247 0.225 0.094 
270    (0)   :  0.005 0.005 0.019 0.032 0.051 0.118 0.174 0.342 0.116 0.138 
271    (0)   :  0.004 0.004 0.014 0.040 0.060 0.100 0.107 0.371 0.134 0.166 
272    (0)   :  0.005 0.005 0.016 0.041 0.135 0.091 0.107 0.320 0.141 0.139 
273    (0)   :  0.020 0.027 0.041 0.040 0.071 0.123 0.134 0.215 0.184 0.145 
274    (0)   :  0.004 0.004 0.015 0.032 0.076 0.099 0.131 0.342 0.153 0.144 
275    (0)   :  0.007 0.010 0.035 0.034 0.070 0.084 0.141 0.340 0.151 0.128 
276    (0)   :  0.005 0.005 0.016 0.047 0.110 0.098 0.100 0.333 0.124 0.161 
277    (0)   :  0.004 0.004 0.016 0.033 0.058 0.089 0.159 0.272 0.248 0.119 
278    (0)   :  0.004 0.004 0.013 0.038 0.056 0.085 0.091 0.440 0.135 0.135 
279    (0)   :  0.004 0.003 0.015 0.033 0.059 0.088 0.128 0.342 0.185 0.143 
280    (0)   :  0.004 0.004 0.013 0.043 0.088 0.084 0.156 0.301 0.186 0.121 
281    (0)   :  0.004 0.004 0.015 0.033 0.062 0.121 0.107 0.349 0.152 0.152 
282    (0)   :  0.004 0.004 0.015 0.031 0.049 0.085 0.139 0.185 0.384 0.105 
283    (0)   :  0.004 0.004 0.019 0.039 0.040 0.088 0.095 0.216 0.408 0.087 
284    (0)   :  0.004 0.005 0.025 0.040 0.051 0.106 0.126 0.255 0.240 0.149 
285    (0)   :  0.004 0.004 0.011 0.049 0.067 0.104 0.102 0.411 0.079 0.170 
286    (0)   :  0.004 0.004 0.015 0.033 0.039 0.068 0.082 0.370 0.285 0.099 
287    (0)   :  0.004 0.004 0.017 0.031 0.081 0.124 0.139 0.273 0.208 0.119 
288    (0)   :  0.005 0.005 0.015 0.031 0.104 0.091 0.116 0.391 0.129 0.113 
289    (0)   :  0.007 0.008 0.023 0.041 0.068 0.118 0.118 0.383 0.114 0.121 
290    (0)   :  0.005 0.004 0.015 0.081 0.059 0.085 0.160 0.280 0.161 0.150 
291    (0)   :  0.004 0.004 0.014 0.040 0.060 0.099 0.107 0.371 0.135 0.166 
292    (0)   :  0.004 0.004 0.014 0.076 0.092 0.076 0.128 0.295 0.201 0.110 
293    (0)   :  0.004 0.004 0.012 0.072 0.063 0.089 0.215 0.233 0.122 0.186 
294    (0)   :  0.006 0.005 0.012 0.042 0.044 0.085 0.124 0.491 0.100 0.092 
295    (0)   :  0.005 0.006 0.035 0.062 0.102 0.103 0.121 0.284 0.118 0.164 
296    (0)   :  0.004 0.004 0.013 0.034 0.054 0.103 0.079 0.462 0.127 0.119 
297    (0)   :  0.004 0.004 0.014 0.039 0.085 0.095 0.168 0.332 0.141 0.118 
298    (0)   :  0.004 0.004 0.017 0.030 0.049 0.101 0.150 0.230 0.311 0.104 
299    (0)   :  0.005 0.005 0.013 0.030 0.039 0.091 0.174 0.422 0.130 0.090 
300    (0)   :  0.004 0.004 0.012 0.040 0.055 0.078 0.092 0.502 0.095 0.119 
301    (0)   :  0.005 0.005 0.019 0.030 0.061 0.094 0.211 0.328 0.117 0.131 
302    (0)   :  0.006 0.006 0.019 0.054 0.047 0.080 0.119 0.462 0.103 0.104 
303    (0)   :  0.004 0.005 0.015 0.047 0.057 0.076 0.115 0.298 0.279 0.106 
304    (0)   :  0.005 0.005 0.026 0.031 0.044 0.128 0.204 0.124 0.308 0.125 
305    (0)   :  0.004 0.005 0.023 0.043 0.048 0.064 0.081 0.471 0.166 0.095 
306    (0)   :  0.004 0.004 0.018 0.039 0.060 0.077 0.116 0.278 0.302 0.102 
307    (0)   :  0.005 0.004 0.020 0.037 0.059 0.090 0.131 0.289 0.222 0.142 
308    (0)   :  0.004 0.004 0.015 0.055 0.050 0.074 0.111 0.314 0.275 0.100 
309    (0)   :  0.014 0.031 0.026 0.042 0.046 0.103 0.092 0.424 0.115 0.107 
310    (0)   :  0.004 0.003 0.014 0.042 0.039 0.067 0.080 0.429 0.212 0.109 
311    (0)   :  0.004 0.004 0.016 0.031 0.039 0.076 0.086 0.415 0.228 0.099 
312    (0)   :  0.004 0.004 0.013 0.033 0.039 0.085 0.076 0.530 0.115 0.101 
313    (0)   :  0.004 0.004 0.013 0.057 0.048 0.079 0.082 0.507 0.092 0.115 
314    (0)   :  0.004 0.008 0.107 0.071 0.050 0.062 0.083 0.119 0.406 0.090 
315    (0)   :  0.004 0.008 0.120 0.063 0.078 0.069 0.088 0.104 0.380 0.086 
316    (0)   :  0.006 0.014 0.212 0.035 0.092 0.073 0.098 0.087 0.291 0.092 
317    (0)   :  0.005 0.008 0.114 0.037 0.052 0.064 0.086 0.094 0.446 0.094 
318    (0)   :  0.004 0.013 0.235 0.027 0.050 0.064 0.093 0.079 0.346 0.088 
319    (0)   :  0.004 0.003 0.018 0.033 0.045 0.062 0.079 0.099 0.559 0.096 
320    (0)   :  0.004 0.008 0.106 0.071 0.049 0.063 0.084 0.120 0.405 0.090 
321    (0)   :  0.005 0.014 0.198 0.036 0.052 0.064 0.095 0.089 0.351 0.096 
322    (0)   :  0.006 0.009 0.087 0.055 0.095 0.073 0.091 0.110 0.375 0.098 
323    (0)   :  0.010 0.012 0.098 0.028 0.049 0.064 0.093 0.089 0.467 0.090 
324    (0)   :  0.004 0.014 0.199 0.036 0.052 0.065 0.094 0.089 0.351 0.096 
325    (0)   :  0.004 0.017 0.261 0.033 0.085 0.070 0.092 0.083 0.267 0.088 
326    (0)   :  0.005 0.065 0.317 0.033 0.079 0.070 0.089 0.082 0.172 0.089 
327    (0)   :  0.005 0.008 0.114 0.037 0.052 0.064 0.087 0.094 0.446 0.093 
328    (0)   :  0.004 0.008 0.105 0.045 0.088 0.072 0.093 0.110 0.371 0.103 
329    (0)   :  0.004 0.004 0.037 0.028 0.047 0.064 0.091 0.078 0.559 0.088 
330    (0)   :  0.004 0.008 0.114 0.037 0.052 0.064 0.087 0.094 0.445 0.094 
331    (0)   :  0.004 0.005 0.101 0.027 0.048 0.063 0.089 0.090 0.480 0.092 
332    (0)   :  0.006 0.064 0.312 0.032 0.079 0.071 0.093 0.082 0.172 0.088 
333    (0)   :  0.006 0.047 0.237 0.034 0.082 0.071 0.088 0.103 0.236 0.095 
334    (0)   :  0.004 0.008 0.105 0.045 0.090 0.072 0.092 0.111 0.372 0.103 
335    (0)   :  0.004 0.005 0.055 0.049 0.084 0.071 0.085 0.096 0.459 0.092 
336    (0)   :  0.007 0.059 0.280 0.049 0.048 0.064 0.091 0.101 0.217 0.084 
337    (0)   :  0.004 0.019 0.222 0.045 0.088 0.071 0.093 0.095 0.264 0.098 
338    (0)   :  0.004 0.052 0.306 0.027 0.049 0.065 0.094 0.080 0.234 0.089 
339    (0)   :  0.004 0.006 0.104 0.027 0.048 0.064 0.090 0.090 0.476 0.091 
340    (0)   :  0.004 0.004 0.042 0.028 0.045 0.062 0.080 0.092 0.557 0.087 
341    (0)   :  0.009 0.029 0.135 0.029 0.049 0.065 0.088 0.091 0.408 0.097 
342    (0)   :  0.004 0.007 0.116 0.037 0.052 0.064 0.087 0.094 0.445 0.093 
343    (0)   :  0.009 0.017 0.096 0.095 0.079 0.071 0.092 0.114 0.338 0.090 
344    (0)   :  0.004 0.006 0.100 0.027 0.047 0.064 0.090 0.078 0.496 0.087 
345    (0)   :  0.005 0.007 0.116 0.037 0.052 0.064 0.087 0.095 0.445 0.093 
346    (0)   :  0.005 0.008 0.136 0.029 0.051 0.064 0.085 0.085 0.451 0.087 
347    (0)   :  0.004 0.004 0.044 0.028 0.045 0.063 0.080 0.081 0.568 0.083 
348    (0)   :  0.004 0.005 0.049 0.096 0.075 0.068 0.080 0.122 0.414 0.088 
349    (0)   :  0.005 0.007 0.116 0.037 0.052 0.064 0.086 0.094 0.446 0.094 
350    (0)   :  0.004 0.005 0.030 0.045 0.045 0.062 0.086 0.116 0.512 0.095 
351    (0)   :  0.004 0.005 0.054 0.049 0.085 0.071 0.085 0.096 0.460 0.092 
352    (0)   :  0.004 0.010 0.133 0.050 0.092 0.071 0.088 0.103 0.353 0.096 
353    (0)   :  0.007 0.058 0.280 0.049 0.048 0.063 0.090 0.101 0.219 0.084 
354    (0)   :  0.006 0.009 0.108 0.029 0.049 0.066 0.095 0.084 0.463 0.091 
355    (0)   :  0.004 0.014 0.236 0.027 0.051 0.065 0.093 0.079 0.344 0.087 
356    (0)   :  0.004 0.004 0.032 0.102 0.076 0.067 0.079 0.118 0.432 0.087 
357    (0)   :  0.004 0.004 0.022 0.034 0.130 0.084 0.174 0.097 0.344 0.106 
358    (0)   :  0.004 0.039 0.245 0.033 0.078 0.071 0.092 0.082 0.266 0.090 
359    (0)   :  0.004 0.031 0.223 0.027 0.049 0.064 0.092 0.094 0.324 0.093 
360    (0)   :  0.004 0.008 0.137 0.029 0.050 0.063 0.086 0.085 0.450 0.087 
361    (0)   :  0.004 0.004 0.022 0.047 0.130 0.084 0.175 0.114 0.302 0.118 
362    (0)   :  0.004 0.006 0.025 0.036 0.167 0.176 0.138 0.240 0.104 0.103 
363    (0)   :  0.006 0.007 0.016 0.043 0.110 0.260 0.194 0.152 0.087 0.126 
364    (0)   :  0.010 0.008 0.025 0.044 0.067 0.102 0.264 0.120 0.201 0.160 
365    (0)   :  0.012 0.008 0.016 0.040 0.126 0.132 0.243 0.106 0.095 0.222 
366    (0)   :  0.005 0.006 0.017 0.089 0.111 0.087 0.209 0.196 0.143 0.136 
367    (0)   :  0.004 0.006 0.012 0.031 0.117 0.448 0.116 0.082 0.076 0.107 
368    (0)   :  0.004 0.004 0.015 0.029 0.069 0.170 0.171 0.169 0.112 0.256 
369    (0)   :  0.006 0.007 0.045 0.163 0.056 0.099 0.216 0.154 0.137 0.118 
370    (0)   :  0.009 0.020 0.033 0.037 0.064 0.186 0.168 0.183 0.108 0.193 
371    (0)   :  0.008 0.011 0.032 0.047 0.051 0.107 0.289 0.191 0.121 0.143 
372    (0)   :  0.029 0.028 0.031 0.039 0.064 0.161 0.111 0.237 0.124 0.175 
373    (0)   :  0.005 0.004 0.017 0.040 0.062 0.285 0.158 0.128 0.160 0.142 
374    (0)   :  0.006 0.006 0.038 0.041 0.093 0.116 0.160 0.142 0.196 0.201 
375    (0)   :  0.011 0.009 0.017 0.031 0.064 0.207 0.295 0.113 0.087 0.165 
376    (0)   :  0.082 0.007 0.015 0.035 0.135 0.172 0.273 0.078 0.085 0.118 
377    (0)   :  0.006 0.008 0.029 0.039 0.126 0.120 0.176 0.182 0.107 0.208 
378    (0)   :  0.005 0.006 0.035 0.037 0.064 0.305 0.092 0.125 0.188 0.143 
379    (0)   :  0.148 0.015 0.015 0.039 0.104 0.188 0.215 0.093 0.076 0.107 
380    (0)   :  0.009 0.008 0.023 0.071 0.204 0.083 0.196 0.124 0.164 0.119 
381    (0)   :  0.006 0.005 0.017 0.116 0.077 0.075 0.342 0.112 0.137 0.113 
382    (0)   :  0.004 0.004 0.020 0.027 0.084 0.215 0.330 0.100 0.094 0.122 
383    (0)   :  0.010 0.049 0.135 0.034 0.168 0.078 0.204 0.111 0.106 0.105 
384    (0)   :  0.031 0.032 0.053 0.035 0.068 0.139 0.285 0.092 0.131 0.135 
385    (0)   :  0.005 0.025 0.113 0.028 0.054 0.088 0.174 0.091 0.124 0.298 
386    (0)   :  0.004 0.004 0.012 0.035 0.133 0.268 0.206 0.116 0.090 0.132 
387    (0)   :  0.004 0.004 0.012 0.038 0.118 0.224 0.214 0.098 0.107 0.181 
388    (0)   :  0.010 0.009 0.028 0.031 0.070 0.107 0.177 0.109 0.198 0.260 
389    (0)   :  0.009 0.012 0.025 0.060 0.052 0.108 0.126 0.210 0.093 0.306 
390    (0)   :  0.016 0.022 0.020 0.095 0.131 0.268 0.118 0.109 0.083 0.137 
391    (0)   :  0.010 0.011 0.021 0.056 0.088 0.134 0.102 0.131 0.123 0.324 
392    (0)   :  0.006 0.004 0.014 0.039 0.104 0.191 0.230 0.125 0.163 0.125 
393    (0)   :  0.006 0.005 0.018 0.142 0.234 0.091 0.168 0.082 0.139 0.116 
394    (0)   :  0.004 0.005 0.040 0.033 0.144 0.200 0.114 0.124 0.210 0.127 
395    (0)   :  0.004 0.004 0.011 0.048 0.191 0.158 0.101 0.255 0.103 0.127 
396    (0)   :  0.004 0.004 0.011 0.028 0.063 0.254 0.253 0.115 0.078 0.189 
397    (0)   :  0.043 0.005 0.015 0.035 0.049 0.092 0.248 0.242 0.165 0.107 
398    (0)   :  0.034 0.004 0.013 0.035 0.254 0.270 0.110 0.088 0.083 0.109 
399    (0)   :  0.004 0.006 0.021 0.042 0.095 0.371 0.094 0.131 0.092 0.145 
400    (0)   :  0.005 0.004 0.016 0.042 0.073 0.290 0.217 0.095 0.122 0.137 
401    (0)   :  0.004 0.004 0.014 0.059 0.085 0.339 0.083 0.131 0.131 0.150 
402    (0)   :  0.005 0.004 0.015 0.086 0.068 0.195 0.198 0.120 0.127 0.181 
403    (0)   :  0.005 0.005 0.016 0.042 0.081 0.098 0.144 0.118 0.296 0.194 
404    (0)   :  0.005 0.005 0.014 0.040 0.063 0.117 0.231 0.149 0.147 0.229 
405    (0)   :  0.004 0.004 0.015 0.043 0.173 0.122 0.190 0.170 0.126 0.154 
406    (0)   :  0.004 0.004 0.016 0.071 0.301 0.086 0.094 0.160 0.170 0.094 
407    (0)   :  0.004 0.003 0.011 0.035 0.238 0.147 0.239 0.102 0.078 0.142 
408    (0)   :  0.004 0.004 0.011 0.059 0.058 0.353 0.078 0.230 0.072 0.132 
409    (0)   :  0.008 0.010 0.046 0.168 0.147 0.097 0.106 0.106 0.193 0.118 
410    (0)   :  0.066 0.009 0.020 0.047 0.094 0.228 0.145 0.114 0.125 0.152 
411    (0)   :  0.009 0.008 0.045 0.081 0.070 0.144 0.314 0.091 0.128 0.110 
412    (0)   :  0.004 0.004 0.015 0.029 0.073 0.222 0.215 0.165 0.105 0.167 
413    (0)   :  0.004 0.005 0.033 0.028 0.087 0.241 0.137 0.154 0.168 0.143 
414    (0)   :  0.004 0.007 0.017 0.027 0.061 0.261 0.197 0.169 0.074 0.183 
415    (0)   :  0.004 0.004 0.014 0.064 0.148 0.178 0.222 0.137 0.098 0.131 
416    (0)   :  0.005 0.005 0.015 0.097 0.075 0.213 0.144 0.123 0.131 0.193 
417    (0)   :  0.005 0.005 0.020 0.037 0.270 0.197 0.149 0.105 0.087 0.125 
418    (0)   :  0.005 0.004 0.013 0.027 0.065 0.354 0.179 0.102 0.090 0.161 
419    (0)   :  0.009 0.010 0.021 0.061 0.089 0.154 0.147 0.116 0.200 0.192 
420    (0)   :  0.004 0.004 0.012 0.110 0.076 0.354 0.084 0.152 0.085 0.120 
421    (0)   :  0.005 0.006 0.021 0.037 0.144 0.252 0.125 0.141 0.089 0.180 
422    (0)   :  0.005 0.004 0.013 0.046 0.213 0.114 0.107 0.251 0.095 0.154 
423    (0)   :  0.006 0.004 0.012 0.038 0.158 0.178 0.205 0.150 0.129 0.120 
424    (0)   :  0.006 0.010 0.020 0.094 0.176 0.202 0.103 0.094 0.123 0.172 
425    (0)   :  0.014 0.010 0.017 0.037 0.069 0.122 0.233 0.107 0.143 0.249 
426    (0)   :  0.022 0.025 0.039 0.038 0.137 0.206 0.143 0.103 0.126 0.161 
427    (0)   :  0.004 0.005 0.033 0.034 0.255 0.236 0.115 0.084 0.139 0.094 
428    (0)   :  0.015 0.006 0.016 0.048 0.283 0.094 0.098 0.145 0.168 0.127 
429    (0)   :  0.005 0.004 0.012 0.031 0.119 0.330 0.238 0.089 0.076 0.097 
430    (0)   :  0.004 0.004 0.014 0.057 0.316 0.131 0.148 0.110 0.085 0.130 
431    (0)   :  0.008 0.014 0.026 0.029 0.105 0.211 0.141 0.158 0.131 0.177 
432    (0)   :  0.005 0.004 0.016 0.031 0.077 0.198 0.163 0.156 0.118 0.233 
433    (0)   :  0.007 0.005 0.028 0.041 0.057 0.124 0.139 0.167 0.275 0.158 
434    (0)   :  0.004 0.004 0.018 0.053 0.076 0.109 0.253 0.182 0.130 0.170 
435    (0)   :  0.004 0.003 0.012 0.033 0.415 0.153 0.106 0.083 0.080 0.112 
436    (0)   :  0.005 0.004 0.016 0.052 0.313 0.195 0.138 0.070 0.111 0.096 
437    (0)   :  0.005 0.004 0.014 0.031 0.126 0.117 0.399 0.094 0.089 0.121 
438    (0)   :  0.005 0.004 0.018 0.084 0.348 0.126 0.077 0.109 0.109 0.120 
439    (0)   :  0.004 0.004 0.015 0.052 0.395 0.134 0.115 0.068 0.096 0.117 
440    (0)   :  0.004 0.004 0.010 0.033 0.326 0.230 0.133 0.080 0.071 0.109 
441    (0)   :  0.004 0.004 0.019 0.064 0.256 0.114 0.160 0.087 0.128 0.163 
442    (0)   :  0.005 0.004 0.012 0.046 0.093 0.185 0.206 0.103 0.085 0.260 
443    (0)   :  0.004 0.004 0.012 0.112 0.141 0.318 0.095 0.108 0.076 0.131 
444    (0)   :  0.005 0.004 0.013 0.055 0.165 0.158 0.197 0.098 0.085 0.221 
445    (0)   :  0.033 0.005 0.018 0.182 0.169 0.100 0.135 0.105 0.135 0.117 
446    (0)   :  0.041 0.005 0.015 0.038 0.276 0.258 0.103 0.066 0.087 0.112 
447    (0)   :  0.005 0.004 0.015 0.051 0.266 0.096 0.093 0.084 0.125 0.261 
448    (0)   :  0.004 0.004 0.013 0.038 0.216 0.153 0.186 0.096 0.090 0.200 
449    (0)   :  0.004 0.004 0.014 0.039 0.209 0.126 0.188 0.103 0.120 0.192 
450    (0)   :  0.006 0.004 0.016 0.044 0.087 0.137 0.329 0.067 0.130 0.180 
451    (0)   :  0.004 0.004 0.011 0.032 0.126 0.339 0.128 0.106 0.072 0.177 
452    (0)   :  0.005 0.004 0.015 0.034 0.136 0.228 0.239 0.078 0.130 0.132 
453    (0)   :  0.004 0.004 0.015 0.207 0.088 0.140 0.094 0.169 0.098 0.181 
454    (0)   :  0.004 0.005 0.027 0.039 0.221 0.165 0.200 0.109 0.119 0.111 
455    (0)   :  0.004 0.004 0.013 0.072 0.406 0.129 0.104 0.075 0.080 0.112 
456    (0)   :  0.005 0.004 0.012 0.100 0.211 0.163 0.169 0.113 0.080 0.143 
457    (0)   :  0.005 0.004 0.014 0.035 0.230 0.100 0.287 0.081 0.093 0.152 
458    (0)   :  0.038 0.005 0.015 0.063 0.237 0.182 0.150 0.086 0.095 0.129 
459    (0)   :  0.004 0.004 0.019 0.071 0.267 0.195 0.100 0.062 0.146 0.133 
460    (0)   :  0.004 0.004 0.014 0.053 0.244 0.309 0.103 0.069 0.082 0.117 
461    (0)   :  0.005 0.004 0.014 0.037 0.095 0.422 0.141 0.063 0.088 0.131 
462    (0)   :  0.007 0.008 0.013 0.146 0.118 0.122 0.189 0.114 0.066 0.216 
463    (0)   :  0.004 0.004 0.014 0.153 0.281 0.089 0.096 0.163 0.093 0.103 
464    (0)   :  0.004 0.004 0.012 0.070 0.226 0.302 0.091 0.087 0.080 0.125 
465    (0)   :  0.005 0.004 0.014 0.066 0.160 0.232 0.117 0.104 0.090 0.207 
466    (0)   :  0.004 0.004 0.012 0.091 0.222 0.205 0.093 0.137 0.080 0.153 
467    (0)   :  0.004 0.005 0.017 0.151 0.173 0.142 0.144 0.130 0.101 0.133 
468    (0)   :  0.004 0.004 0.011 0.062 0.355 0.089 0.187 0.091 0.080 0.117 
469    (0)   :  0.004 0.003 0.013 0.044 0.498 0.090 0.097 0.060 0.082 0.108 
470    (0)   :  0.004 0.003 0.012 0.031 0.421 0.188 0.087 0.070 0.082 0.102 
471    (0)   :  0.005 0.004 0.012 0.106 0.089 0.221 0.145 0.131 0.088 0.199 
472    (0)   :  0.005 0.004 0.013 0.119 0.105 0.138 0.207 0.110 0.084 0.216 
473    (0)   :  0.004 0.004 0.017 0.042 0.215 0.112 0.201 0.130 0.116 0.159 
474    (0)   :  0.004 0.004 0.014 0.072 0.123 0.218 0.219 0.101 0.122 0.124 
475    (0)   :  0.004 0.004 0.019 0.045 0.140 0.241 0.115 0.107 0.135 0.189 
476    (0)   :  0.005 0.004 0.014 0.098 0.146 0.170 0.287 0.080 0.090 0.105 
477    (0)   :  0.005 0.005 0.018 0.074 0.173 0.210 0.113 0.076 0.110 0.216 
478    (0)   :  0.005 0.005 0.014 0.043 0.131 0.377 0.081 0.065 0.081 0.198 
479    (0)   :  0.004 0.004 0.012 0.033 0.297 0.208 0.168 0.070 0.080 0.124 
480    (0)   :  0.005 0.004 0.013 0.035 0.236 0.157 0.288 0.075 0.090 0.098 
481    (0)   :  0.004 0.003 0.011 0.036 0.090 0.143 0.187 0.143 0.084 0.299 
