

----------------------------------------------------
STRUCTURE by Pritchard, Stephens and Donnelly (2000)
     and Falush, Stephens and Pritchard (2003)
       Code by Pritchard, Falush and Hubisz
             Version 2.3.4 (Jul 2012)
----------------------------------------------------



Command line arguments:   ./structure -K 4 -D 104010 -m brooktrout/mainparams -e brooktrout/extraparams -o brooktrout/250914_output/results_K4_rep10 
Input File:    brooktrout/brooktrout.txt

Run parameters:
   8454 individuals
   5 loci
   4 populations assumed
   50000 Burn-in period
   100000 Reps
RANDOMIZE turned off


--------------------------------------------
Overall proportion of membership of the
sample in each of the 4 clusters

Inferred Clusters
  1      2      3      4    
0.355  0.162  0.199  0.284  

--------------------------------------------

Allele-freq. divergence among pops (Net nucleotide distance),
computed using point estimates of P.

      1       2       3       4      
 1      -    0.0511  0.0857  0.0310  
 2   0.0511     -    0.0672  0.0756  
 3   0.0857  0.0672     -    0.1050  
 4   0.0310  0.0756  0.1050     -    

Average distances (expected heterozygosity) between individuals in same cluster:
cluster  1  : 0.8338 
cluster  2  : 0.8128 
cluster  3  : 0.7420 
cluster  4  : 0.8036 

--------------------------------------------
Estimated Ln Prob of Data   = -178514.5
Mean value of ln likelihood = -173274.1
Variance of ln likelihood   = 10480.8

Mean value of alpha_1       = 0.3168
Mean value of alpha_2       = 0.1446
Mean value of alpha_3       = 0.1795
Mean value of alpha_4       = 0.2617
Allele frequencies uncorrelated


Inferred ancestry of individuals:
     (%Miss) :  Inferred clusters
  1    (0)   :  0.242 0.123 0.263 0.372 
  2    (0)   :  0.690 0.175 0.047 0.088 
  3    (0)   :  0.137 0.125 0.153 0.585 
  4    (0)   :  0.196 0.081 0.653 0.070 
  5    (0)   :  0.756 0.101 0.044 0.099 
  6    (0)   :  0.115 0.033 0.043 0.809 
  7    (0)   :  0.751 0.022 0.042 0.184 
  8    (0)   :  0.271 0.048 0.350 0.332 
  9    (0)   :  0.351 0.142 0.095 0.412 
 10    (0)   :  0.398 0.027 0.159 0.416 
 11    (0)   :  0.650 0.025 0.044 0.281 
 12    (0)   :  0.661 0.137 0.079 0.123 
 13    (0)   :  0.659 0.064 0.080 0.197 
 14    (0)   :  0.318 0.391 0.112 0.179 
 15    (0)   :  0.543 0.104 0.204 0.149 
 16    (0)   :  0.214 0.043 0.070 0.672 
 17    (0)   :  0.490 0.082 0.071 0.356 
 18    (0)   :  0.210 0.149 0.113 0.528 
 19    (0)   :  0.275 0.047 0.058 0.621 
 20    (0)   :  0.639 0.099 0.063 0.199 
 21    (0)   :  0.236 0.267 0.245 0.253 
 22    (0)   :  0.115 0.045 0.080 0.760 
 23    (0)   :  0.331 0.371 0.201 0.097 
 24    (0)   :  0.191 0.076 0.220 0.514 
 25    (0)   :  0.719 0.042 0.031 0.208 
 26    (0)   :  0.342 0.121 0.142 0.395 
 27    (0)   :  0.418 0.094 0.115 0.373 
 28    (0)   :  0.370 0.053 0.326 0.251 
 29    (0)   :  0.691 0.104 0.061 0.145 
 30    (0)   :  0.098 0.076 0.059 0.767 
 31    (0)   :  0.521 0.101 0.142 0.236 
 32    (0)   :  0.351 0.178 0.177 0.294 
 33    (0)   :  0.179 0.146 0.155 0.520 
 34    (0)   :  0.398 0.026 0.065 0.511 
 35    (0)   :  0.212 0.262 0.050 0.475 
 36    (0)   :  0.083 0.429 0.052 0.436 
 37    (0)   :  0.404 0.174 0.228 0.194 
 38    (0)   :  0.101 0.091 0.030 0.777 
 39    (0)   :  0.188 0.127 0.054 0.632 
 40    (0)   :  0.099 0.599 0.127 0.175 
 41    (0)   :  0.106 0.397 0.050 0.447 
 42    (0)   :  0.106 0.243 0.400 0.251 
 43    (0)   :  0.245 0.534 0.095 0.126 
 44    (0)   :  0.093 0.583 0.033 0.291 
 45    (0)   :  0.151 0.374 0.032 0.442 
 46    (0)   :  0.235 0.113 0.042 0.610 
 47    (0)   :  0.256 0.108 0.076 0.559 
 48    (0)   :  0.071 0.637 0.032 0.261 
 49    (0)   :  0.269 0.194 0.071 0.466 
 50    (0)   :  0.229 0.069 0.101 0.601 
 51    (0)   :  0.055 0.804 0.031 0.109 
 52    (0)   :  0.196 0.086 0.067 0.651 
 53    (0)   :  0.086 0.057 0.065 0.792 
 54    (0)   :  0.388 0.368 0.080 0.165 
 55    (0)   :  0.200 0.642 0.047 0.111 
 56    (0)   :  0.104 0.426 0.066 0.404 
 57    (0)   :  0.411 0.037 0.198 0.354 
 58    (0)   :  0.226 0.452 0.063 0.259 
 59    (0)   :  0.180 0.243 0.054 0.524 
 60    (0)   :  0.096 0.645 0.113 0.146 
 61    (0)   :  0.095 0.803 0.055 0.046 
 62    (0)   :  0.399 0.094 0.061 0.446 
 63    (0)   :  0.315 0.350 0.109 0.227 
 64    (0)   :  0.135 0.066 0.036 0.763 
 65    (0)   :  0.724 0.060 0.028 0.188 
 66    (0)   :  0.341 0.420 0.148 0.091 
 67    (0)   :  0.256 0.593 0.038 0.114 
 68    (0)   :  0.186 0.232 0.069 0.512 
 69    (0)   :  0.198 0.080 0.150 0.572 
 70    (0)   :  0.197 0.474 0.079 0.250 
 71    (0)   :  0.159 0.434 0.027 0.380 
 72    (0)   :  0.131 0.141 0.041 0.687 
 73    (0)   :  0.297 0.539 0.032 0.132 
 74    (0)   :  0.082 0.342 0.101 0.475 
 75    (0)   :  0.077 0.623 0.123 0.177 
 76    (0)   :  0.397 0.345 0.052 0.206 
 77    (0)   :  0.143 0.411 0.041 0.405 
 78    (0)   :  0.102 0.366 0.044 0.488 
 79    (0)   :  0.749 0.030 0.044 0.176 
 80    (0)   :  0.214 0.059 0.595 0.132 
 81    (0)   :  0.319 0.055 0.429 0.197 
 82    (0)   :  0.649 0.146 0.116 0.089 
 83    (0)   :  0.275 0.147 0.288 0.290 
 84    (0)   :  0.453 0.072 0.258 0.217 
 85    (0)   :  0.241 0.103 0.372 0.283 
 86    (0)   :  0.416 0.276 0.045 0.263 
 87    (0)   :  0.717 0.056 0.051 0.175 
 88    (0)   :  0.608 0.069 0.237 0.086 
 89    (0)   :  0.383 0.111 0.402 0.104 
 90    (0)   :  0.824 0.035 0.050 0.092 
 91    (0)   :  0.162 0.091 0.591 0.155 
 92    (0)   :  0.732 0.051 0.089 0.128 
 93    (0)   :  0.075 0.033 0.839 0.053 
 94    (0)   :  0.275 0.036 0.045 0.645 
 95    (0)   :  0.774 0.047 0.111 0.069 
 96    (0)   :  0.119 0.690 0.134 0.056 
 97    (0)   :  0.118 0.399 0.165 0.318 
 98    (0)   :  0.172 0.563 0.077 0.187 
 99    (0)   :  0.558 0.068 0.215 0.159 
100    (0)   :  0.131 0.184 0.630 0.055 
101    (0)   :  0.693 0.115 0.081 0.111 
102    (0)   :  0.324 0.151 0.373 0.153 
103    (0)   :  0.462 0.342 0.126 0.070 
104    (0)   :  0.769 0.073 0.066 0.092 
105    (0)   :  0.747 0.091 0.106 0.056 
106    (0)   :  0.471 0.046 0.022 0.460 
107    (0)   :  0.635 0.166 0.116 0.084 
108    (0)   :  0.109 0.753 0.030 0.109 
109    (0)   :  0.610 0.064 0.023 0.303 
110    (0)   :  0.516 0.033 0.028 0.423 
111    (0)   :  0.869 0.036 0.030 0.064 
112    (0)   :  0.701 0.041 0.025 0.233 
113    (0)   :  0.332 0.390 0.072 0.206 
114    (0)   :  0.773 0.058 0.084 0.085 
115    (0)   :  0.750 0.129 0.040 0.081 
116    (0)   :  0.394 0.144 0.024 0.438 
117    (0)   :  0.675 0.043 0.037 0.245 
118    (0)   :  0.690 0.185 0.034 0.091 
119    (0)   :  0.133 0.638 0.139 0.090 
120    (0)   :  0.801 0.061 0.040 0.099 
121    (0)   :  0.728 0.134 0.034 0.105 
122    (0)   :  0.528 0.047 0.032 0.393 
123    (0)   :  0.701 0.069 0.046 0.184 
124    (0)   :  0.386 0.106 0.035 0.473 
125    (0)   :  0.250 0.061 0.046 0.643 
126    (0)   :  0.406 0.155 0.058 0.381 
127    (0)   :  0.852 0.044 0.034 0.071 
128    (0)   :  0.740 0.152 0.037 0.071 
129    (0)   :  0.839 0.079 0.028 0.054 
130    (0)   :  0.722 0.074 0.106 0.098 
131    (0)   :  0.343 0.119 0.033 0.505 
132    (0)   :  0.644 0.079 0.026 0.251 
133    (0)   :  0.773 0.094 0.045 0.088 
134    (0)   :  0.598 0.026 0.019 0.357 
135    (0)   :  0.144 0.248 0.535 0.074 
136    (0)   :  0.073 0.032 0.838 0.057 
137    (0)   :  0.111 0.027 0.814 0.049 
138    (0)   :  0.054 0.038 0.846 0.063 
139    (0)   :  0.108 0.617 0.193 0.082 
140    (0)   :  0.177 0.119 0.539 0.164 
141    (0)   :  0.080 0.047 0.764 0.109 
142    (0)   :  0.106 0.310 0.521 0.063 
143    (0)   :  0.050 0.033 0.879 0.039 
144    (0)   :  0.107 0.031 0.816 0.046 
145    (0)   :  0.126 0.074 0.651 0.149 
146    (0)   :  0.246 0.070 0.548 0.136 
147    (0)   :  0.050 0.023 0.885 0.042 
148    (0)   :  0.177 0.096 0.642 0.085 
149    (0)   :  0.064 0.071 0.793 0.072 
150    (0)   :  0.228 0.050 0.651 0.071 
151    (0)   :  0.080 0.040 0.828 0.051 
152    (0)   :  0.158 0.157 0.577 0.109 
153    (0)   :  0.074 0.057 0.781 0.088 
154    (0)   :  0.088 0.051 0.804 0.056 
155    (0)   :  0.070 0.036 0.848 0.046 
156    (0)   :  0.106 0.179 0.667 0.047 
157    (0)   :  0.171 0.040 0.699 0.091 
158    (0)   :  0.107 0.048 0.711 0.134 
159    (0)   :  0.054 0.026 0.878 0.041 
160    (0)   :  0.059 0.029 0.869 0.043 
161    (0)   :  0.106 0.059 0.728 0.107 
162    (0)   :  0.288 0.095 0.458 0.159 
163    (0)   :  0.063 0.046 0.847 0.045 
164    (0)   :  0.364 0.059 0.479 0.097 
165    (0)   :  0.191 0.040 0.711 0.058 
166    (0)   :  0.197 0.113 0.557 0.133 
167    (0)   :  0.190 0.032 0.704 0.074 
168    (0)   :  0.072 0.067 0.755 0.106 
169    (0)   :  0.103 0.056 0.363 0.478 
170    (0)   :  0.101 0.178 0.665 0.056 
171    (0)   :  0.180 0.096 0.618 0.105 
172    (0)   :  0.062 0.175 0.526 0.237 
173    (0)   :  0.065 0.046 0.846 0.043 
174    (0)   :  0.078 0.029 0.841 0.053 
175    (0)   :  0.059 0.039 0.848 0.055 
176    (0)   :  0.109 0.030 0.815 0.046 
177    (0)   :  0.204 0.050 0.561 0.185 
178    (0)   :  0.102 0.033 0.785 0.081 
179    (0)   :  0.052 0.031 0.875 0.043 
180    (0)   :  0.155 0.060 0.660 0.124 
181    (0)   :  0.098 0.107 0.709 0.086 
182    (0)   :  0.098 0.067 0.794 0.041 
183    (0)   :  0.058 0.038 0.857 0.047 
184    (0)   :  0.356 0.398 0.046 0.200 
185    (0)   :  0.064 0.233 0.662 0.041 
186    (0)   :  0.632 0.169 0.045 0.154 
187    (0)   :  0.179 0.540 0.191 0.090 
188    (0)   :  0.585 0.271 0.031 0.114 
189    (0)   :  0.116 0.295 0.215 0.374 
190    (0)   :  0.055 0.823 0.090 0.032 
191    (0)   :  0.293 0.555 0.073 0.079 
192    (0)   :  0.311 0.368 0.217 0.105 
193    (0)   :  0.242 0.444 0.181 0.133 
194    (0)   :  0.394 0.335 0.185 0.087 
195    (0)   :  0.070 0.651 0.237 0.043 
196    (0)   :  0.081 0.800 0.074 0.045 
197    (0)   :  0.372 0.229 0.112 0.287 
198    (0)   :  0.313 0.302 0.149 0.236 
199    (0)   :  0.124 0.730 0.090 0.057 
200    (0)   :  0.116 0.697 0.069 0.118 
201    (0)   :  0.094 0.413 0.436 0.056 
202    (0)   :  0.122 0.365 0.471 0.042 
203    (0)   :  0.107 0.489 0.359 0.045 
204    (0)   :  0.082 0.806 0.072 0.039 
205    (0)   :  0.106 0.775 0.050 0.069 
206    (0)   :  0.138 0.702 0.111 0.049 
207    (0)   :  0.217 0.687 0.051 0.045 
208    (0)   :  0.089 0.730 0.135 0.045 
209    (0)   :  0.229 0.581 0.098 0.092 
210    (0)   :  0.127 0.721 0.101 0.051 
211    (0)   :  0.322 0.523 0.114 0.041 
212    (0)   :  0.091 0.235 0.595 0.079 
213    (0)   :  0.268 0.556 0.076 0.100 
214    (0)   :  0.094 0.430 0.424 0.052 
215    (0)   :  0.125 0.781 0.035 0.060 
216    (0)   :  0.455 0.278 0.068 0.198 
217    (0)   :  0.070 0.621 0.248 0.062 
218    (0)   :  0.172 0.667 0.079 0.083 
219    (0)   :  0.230 0.210 0.229 0.330 
220    (0)   :  0.123 0.783 0.048 0.046 
221    (0)   :  0.054 0.357 0.552 0.037 
222    (0)   :  0.357 0.211 0.116 0.316 
223    (0)   :  0.172 0.365 0.333 0.130 
224    (0)   :  0.166 0.481 0.300 0.052 
225    (0)   :  0.116 0.747 0.078 0.058 
226    (0)   :  0.105 0.639 0.084 0.172 
227    (0)   :  0.140 0.669 0.144 0.047 
228    (0)   :  0.061 0.747 0.154 0.038 
229    (0)   :  0.173 0.450 0.314 0.062 
230    (0)   :  0.148 0.635 0.170 0.046 
231    (0)   :  0.192 0.401 0.309 0.098 
232    (0)   :  0.251 0.380 0.229 0.140 
233    (0)   :  0.101 0.270 0.572 0.056 
234    (0)   :  0.331 0.305 0.205 0.159 
235    (0)   :  0.103 0.603 0.181 0.113 
236    (0)   :  0.160 0.464 0.295 0.080 
237    (0)   :  0.280 0.577 0.084 0.059 
238    (0)   :  0.135 0.358 0.440 0.068 
239    (0)   :  0.071 0.654 0.233 0.043 
240    (0)   :  0.132 0.356 0.443 0.068 
241    (0)   :  0.105 0.251 0.588 0.057 
242    (0)   :  0.136 0.578 0.112 0.174 
243    (0)   :  0.066 0.826 0.073 0.036 
244    (0)   :  0.108 0.582 0.264 0.046 
245    (0)   :  0.073 0.162 0.715 0.049 
246    (0)   :  0.072 0.611 0.255 0.063 
247    (0)   :  0.450 0.327 0.038 0.185 
248    (0)   :  0.347 0.552 0.039 0.062 
249    (0)   :  0.130 0.554 0.263 0.053 
250    (0)   :  0.222 0.500 0.200 0.079 
251    (0)   :  0.201 0.496 0.070 0.233 
252    (0)   :  0.125 0.644 0.153 0.079 
253    (0)   :  0.320 0.496 0.063 0.121 
254    (0)   :  0.317 0.352 0.123 0.208 
255    (0)   :  0.241 0.439 0.182 0.138 
256    (0)   :  0.108 0.625 0.206 0.061 
257    (0)   :  0.228 0.587 0.120 0.065 
258    (0)   :  0.233 0.593 0.071 0.103 
259    (0)   :  0.378 0.453 0.104 0.065 
260    (0)   :  0.301 0.178 0.304 0.216 
261    (0)   :  0.099 0.587 0.242 0.073 
262    (0)   :  0.054 0.753 0.152 0.041 
263    (0)   :  0.277 0.569 0.062 0.092 
264    (0)   :  0.232 0.145 0.032 0.591 
265    (0)   :  0.117 0.659 0.112 0.112 
266    (0)   :  0.060 0.310 0.591 0.039 
267    (0)   :  0.335 0.360 0.213 0.091 
268    (0)   :  0.079 0.803 0.073 0.045 
269    (0)   :  0.146 0.357 0.186 0.311 
270    (0)   :  0.501 0.251 0.080 0.168 
271    (0)   :  0.179 0.689 0.055 0.076 
272    (0)   :  0.098 0.744 0.051 0.107 
273    (0)   :  0.169 0.491 0.195 0.145 
274    (0)   :  0.159 0.631 0.081 0.129 
275    (0)   :  0.109 0.686 0.094 0.112 
276    (0)   :  0.134 0.719 0.055 0.092 
277    (0)   :  0.185 0.415 0.260 0.140 
278    (0)   :  0.096 0.807 0.042 0.055 
279    (0)   :  0.186 0.577 0.142 0.095 
280    (0)   :  0.115 0.592 0.103 0.189 
281    (0)   :  0.262 0.526 0.102 0.111 
282    (0)   :  0.161 0.261 0.464 0.115 
283    (0)   :  0.137 0.272 0.522 0.069 
284    (0)   :  0.278 0.423 0.211 0.088 
285    (0)   :  0.206 0.679 0.026 0.089 
286    (0)   :  0.111 0.570 0.273 0.045 
287    (0)   :  0.184 0.434 0.160 0.222 
288    (0)   :  0.102 0.745 0.048 0.105 
289    (0)   :  0.168 0.646 0.067 0.119 
290    (0)   :  0.124 0.570 0.070 0.236 
291    (0)   :  0.172 0.693 0.057 0.078 
292    (0)   :  0.085 0.664 0.113 0.138 
293    (0)   :  0.174 0.337 0.059 0.430 
294    (0)   :  0.190 0.659 0.046 0.106 
295    (0)   :  0.241 0.465 0.121 0.173 
296    (0)   :  0.146 0.741 0.050 0.064 
297    (0)   :  0.157 0.519 0.069 0.255 
298    (0)   :  0.229 0.316 0.339 0.116 
299    (0)   :  0.379 0.409 0.078 0.134 
300    (0)   :  0.141 0.752 0.042 0.064 
301    (0)   :  0.316 0.342 0.073 0.269 
302    (0)   :  0.169 0.680 0.051 0.100 
303    (0)   :  0.123 0.516 0.274 0.087 
304    (0)   :  0.264 0.083 0.407 0.246 
305    (0)   :  0.073 0.742 0.138 0.047 
306    (0)   :  0.088 0.498 0.314 0.100 
307    (0)   :  0.374 0.346 0.188 0.092 
308    (0)   :  0.097 0.589 0.242 0.072 
309    (0)   :  0.109 0.798 0.042 0.051 
310    (0)   :  0.076 0.740 0.142 0.042 
311    (0)   :  0.155 0.620 0.177 0.048 
312    (0)   :  0.141 0.766 0.048 0.045 
313    (0)   :  0.146 0.774 0.034 0.046 
314    (0)   :  0.045 0.042 0.871 0.042 
315    (0)   :  0.053 0.053 0.834 0.060 
316    (0)   :  0.056 0.041 0.833 0.070 
317    (0)   :  0.045 0.024 0.889 0.041 
318    (0)   :  0.045 0.020 0.892 0.043 
319    (0)   :  0.051 0.030 0.879 0.041 
320    (0)   :  0.044 0.043 0.872 0.042 
321    (0)   :  0.046 0.022 0.887 0.044 
322    (0)   :  0.059 0.060 0.815 0.066 
323    (0)   :  0.048 0.022 0.889 0.041 
324    (0)   :  0.047 0.023 0.885 0.045 
325    (0)   :  0.053 0.030 0.851 0.066 
326    (0)   :  0.052 0.029 0.856 0.063 
327    (0)   :  0.046 0.025 0.889 0.041 
328    (0)   :  0.061 0.043 0.831 0.066 
329    (0)   :  0.047 0.022 0.892 0.039 
330    (0)   :  0.045 0.025 0.888 0.041 
331    (0)   :  0.047 0.023 0.891 0.039 
332    (0)   :  0.056 0.026 0.843 0.074 
333    (0)   :  0.056 0.035 0.851 0.059 
334    (0)   :  0.060 0.043 0.833 0.064 
335    (0)   :  0.057 0.042 0.844 0.057 
336    (0)   :  0.046 0.028 0.878 0.047 
337    (0)   :  0.056 0.034 0.840 0.070 
338    (0)   :  0.045 0.019 0.891 0.044 
339    (0)   :  0.047 0.022 0.890 0.040 
340    (0)   :  0.046 0.024 0.893 0.037 
341    (0)   :  0.048 0.023 0.889 0.040 
342    (0)   :  0.046 0.025 0.888 0.041 
343    (0)   :  0.056 0.065 0.811 0.068 
344    (0)   :  0.046 0.020 0.894 0.040 
345    (0)   :  0.045 0.024 0.891 0.040 
346    (0)   :  0.043 0.022 0.896 0.039 
347    (0)   :  0.044 0.022 0.897 0.036 
348    (0)   :  0.054 0.083 0.807 0.056 
349    (0)   :  0.046 0.025 0.888 0.041 
350    (0)   :  0.049 0.039 0.870 0.042 
351    (0)   :  0.057 0.041 0.844 0.058 
352    (0)   :  0.055 0.039 0.843 0.063 
353    (0)   :  0.045 0.029 0.879 0.047 
354    (0)   :  0.047 0.021 0.892 0.040 
355    (0)   :  0.044 0.020 0.893 0.042 
356    (0)   :  0.057 0.123 0.763 0.056 
357    (0)   :  0.129 0.052 0.536 0.284 
358    (0)   :  0.056 0.029 0.851 0.064 
359    (0)   :  0.048 0.022 0.889 0.041 
360    (0)   :  0.044 0.022 0.895 0.039 
361    (0)   :  0.145 0.078 0.471 0.305 
362    (0)   :  0.305 0.147 0.057 0.491 
363    (0)   :  0.230 0.073 0.036 0.661 
364    (0)   :  0.326 0.062 0.328 0.284 
365    (0)   :  0.217 0.052 0.045 0.686 
366    (0)   :  0.129 0.345 0.094 0.432 
367    (0)   :  0.383 0.026 0.023 0.568 
368    (0)   :  0.801 0.040 0.043 0.116 
369    (0)   :  0.172 0.247 0.289 0.292 
370    (0)   :  0.687 0.145 0.055 0.113 
371    (0)   :  0.308 0.187 0.094 0.410 
372    (0)   :  0.631 0.174 0.093 0.102 
373    (0)   :  0.603 0.055 0.077 0.265 
374    (0)   :  0.230 0.085 0.307 0.378 
375    (0)   :  0.469 0.036 0.034 0.462 
376    (0)   :  0.089 0.021 0.027 0.863 
377    (0)   :  0.387 0.089 0.056 0.468 
378    (0)   :  0.577 0.061 0.195 0.166 
379    (0)   :  0.083 0.028 0.025 0.864 
380    (0)   :  0.077 0.119 0.106 0.699 
381    (0)   :  0.064 0.080 0.081 0.775 
382    (0)   :  0.360 0.030 0.037 0.573 
383    (0)   :  0.076 0.050 0.113 0.762 
384    (0)   :  0.219 0.046 0.094 0.640 
385    (0)   :  0.664 0.028 0.147 0.162 
386    (0)   :  0.269 0.042 0.035 0.654 
387    (0)   :  0.324 0.038 0.042 0.596 
388    (0)   :  0.408 0.063 0.269 0.260 
389    (0)   :  0.428 0.446 0.041 0.085 
390    (0)   :  0.206 0.166 0.034 0.594 
391    (0)   :  0.625 0.137 0.071 0.167 
392    (0)   :  0.131 0.051 0.072 0.746 
393    (0)   :  0.067 0.062 0.057 0.814 
394    (0)   :  0.316 0.082 0.262 0.340 
395    (0)   :  0.204 0.334 0.040 0.422 
396    (0)   :  0.435 0.034 0.025 0.506 
397    (0)   :  0.364 0.159 0.136 0.341 
398    (0)   :  0.133 0.027 0.026 0.814 
399    (0)   :  0.530 0.111 0.034 0.324 
400    (0)   :  0.267 0.032 0.050 0.651 
401    (0)   :  0.452 0.092 0.058 0.398 
402    (0)   :  0.492 0.204 0.055 0.249 
403    (0)   :  0.338 0.072 0.375 0.215 
404    (0)   :  0.320 0.085 0.082 0.513 
405    (0)   :  0.246 0.137 0.073 0.543 
406    (0)   :  0.067 0.544 0.083 0.307 
407    (0)   :  0.096 0.029 0.025 0.851 
408    (0)   :  0.672 0.190 0.024 0.114 
409    (0)   :  0.100 0.269 0.314 0.317 
410    (0)   :  0.218 0.046 0.079 0.657 
411    (0)   :  0.117 0.098 0.149 0.637 
412    (0)   :  0.760 0.038 0.039 0.163 
413    (0)   :  0.531 0.086 0.171 0.212 
414    (0)   :  0.798 0.038 0.026 0.137 
415    (0)   :  0.098 0.079 0.037 0.786 
416    (0)   :  0.217 0.081 0.057 0.645 
417    (0)   :  0.114 0.032 0.033 0.821 
418    (0)   :  0.524 0.026 0.027 0.422 
419    (0)   :  0.361 0.123 0.179 0.338 
420    (0)   :  0.305 0.181 0.034 0.480 
421    (0)   :  0.242 0.044 0.038 0.676 
422    (0)   :  0.186 0.270 0.043 0.500 
423    (0)   :  0.180 0.078 0.048 0.694 
424    (0)   :  0.604 0.108 0.061 0.228 
425    (0)   :  0.466 0.057 0.083 0.393 
426    (0)   :  0.685 0.039 0.069 0.207 
427    (0)   :  0.114 0.038 0.111 0.737 
428    (0)   :  0.197 0.140 0.165 0.498 
429    (0)   :  0.135 0.024 0.022 0.819 
430    (0)   :  0.107 0.033 0.031 0.830 
431    (0)   :  0.629 0.064 0.055 0.253 
432    (0)   :  0.763 0.046 0.050 0.141 
433    (0)   :  0.595 0.093 0.231 0.082 
434    (0)   :  0.361 0.091 0.123 0.426 
435    (0)   :  0.106 0.031 0.026 0.837 
436    (0)   :  0.076 0.031 0.043 0.850 
437    (0)   :  0.107 0.028 0.029 0.836 
438    (0)   :  0.184 0.119 0.063 0.634 
439    (0)   :  0.073 0.022 0.036 0.869 
440    (0)   :  0.080 0.030 0.021 0.869 
441    (0)   :  0.162 0.036 0.087 0.715 
442    (0)   :  0.186 0.045 0.030 0.739 
443    (0)   :  0.249 0.098 0.026 0.627 
444    (0)   :  0.140 0.049 0.029 0.782 
445    (0)   :  0.120 0.095 0.134 0.651 
446    (0)   :  0.179 0.022 0.032 0.767 
447    (0)   :  0.159 0.068 0.066 0.707 
448    (0)   :  0.170 0.040 0.031 0.759 
449    (0)   :  0.185 0.050 0.054 0.711 
450    (0)   :  0.157 0.021 0.056 0.767 
451    (0)   :  0.753 0.050 0.022 0.175 
452    (0)   :  0.114 0.025 0.044 0.817 
453    (0)   :  0.321 0.442 0.061 0.176 
454    (0)   :  0.152 0.044 0.065 0.739 
455    (0)   :  0.126 0.048 0.030 0.795 
456    (0)   :  0.119 0.095 0.026 0.760 
457    (0)   :  0.085 0.027 0.032 0.855 
458    (0)   :  0.096 0.024 0.036 0.845 
459    (0)   :  0.231 0.039 0.107 0.622 
460    (0)   :  0.140 0.025 0.028 0.807 
461    (0)   :  0.292 0.018 0.030 0.660 
462    (0)   :  0.156 0.055 0.021 0.768 
463    (0)   :  0.103 0.378 0.047 0.471 
464    (0)   :  0.164 0.050 0.026 0.760 
465    (0)   :  0.455 0.051 0.039 0.456 
466    (0)   :  0.232 0.164 0.029 0.574 
467    (0)   :  0.133 0.060 0.053 0.753 
468    (0)   :  0.066 0.048 0.026 0.860 
469    (0)   :  0.063 0.021 0.029 0.886 
470    (0)   :  0.097 0.025 0.027 0.851 
471    (0)   :  0.234 0.256 0.031 0.478 
472    (0)   :  0.274 0.077 0.037 0.612 
473    (0)   :  0.219 0.075 0.060 0.646 
474    (0)   :  0.104 0.045 0.041 0.810 
475    (0)   :  0.387 0.049 0.060 0.503 
476    (0)   :  0.079 0.032 0.032 0.857 
477    (0)   :  0.666 0.046 0.060 0.228 
478    (0)   :  0.754 0.025 0.028 0.193 
479    (0)   :  0.121 0.025 0.025 0.830 
480    (0)   :  0.071 0.024 0.029 0.876 
481    (0)   :  0.337 0.092 0.032 0.540 
482    (0)   :  0.097 0.021 0.025 0.857 
483    (0)   :  0.125 0.028 0.037 0.810 
484    (0)   :  0.141 0.107 0.037 0.716 
485    (0)   :  0.100 0.031 0.029 0.840 
486    (0)   :  0.699 0.144 0.048 0.110 
487    (0)   :  0.662 0.068 0.140 0.131 
488    (0)   :  0.805 0.053 0.068 0.074 
489    (0)   :  0.343 0.293 0.197 0.167 
490    (0)   :  0.754 0.074 0.029 0.143 
491    (0)   :  0.586 0.182 0.134 0.098 
492    (0)   :  0.544 0.150 0.216 0.090 
493    (0)   :  0.784 0.074 0.059 0.083 
494    (0)   :  0.530 0.162 0.096 0.212 
495    (0)   :  0.723 0.057 0.114 0.106 
496    (0)   :  0.326 0.220 0.339 0.115 
497    (0)   :  0.755 0.050 0.118 0.077 
498    (0)   :  0.624 0.163 0.085 0.128 
499    (0)   :  0.506 0.087 0.304 0.103 
500    (0)   :  0.465 0.136 0.061 0.338 
501    (0)   :  0.517 0.068 0.173 0.242 
502    (0)   :  0.644 0.041 0.196 0.120 
503    (0)   :  0.290 0.074 0.038 0.599 
504    (0)   :  0.834 0.050 0.043 0.072 
505    (0)   :  0.364 0.468 0.080 0.088 
506    (0)   :  0.614 0.091 0.169 0.126 
507    (0)   :  0.088 0.155 0.703 0.054 
508    (0)   :  0.193 0.159 0.600 0.048 
509    (0)   :  0.420 0.302 0.190 0.088 
510    (0)   :  0.380 0.081 0.276 0.262 
511    (0)   :  0.221 0.119 0.048 0.612 
512    (0)   :  0.304 0.040 0.030 0.626 
513    (0)   :  0.793 0.117 0.052 0.038 
514    (0)   :  0.787 0.059 0.050 0.104 
515    (0)   :  0.190 0.113 0.153 0.544 
516    (0)   :  0.756 0.118 0.054 0.072 
517    (0)   :  0.265 0.255 0.141 0.339 
518    (0)   :  0.327 0.108 0.300 0.264 
519    (0)   :  0.783 0.048 0.059 0.109 
520    (0)   :  0.102 0.353 0.266 0.280 
521    (0)   :  0.327 0.186 0.368 0.119 
522    (0)   :  0.157 0.220 0.044 0.579 
523    (0)   :  0.253 0.468 0.162 0.117 
524    (0)   :  0.170 0.152 0.083 0.595 
525    (0)   :  0.209 0.120 0.279 0.392 
526    (0)   :  0.077 0.440 0.062 0.421 
527    (0)   :  0.710 0.034 0.048 0.209 
528    (0)   :  0.152 0.247 0.523 0.078 
529    (0)   :  0.526 0.170 0.157 0.147 
530    (0)   :  0.188 0.122 0.085 0.605 
531    (0)   :  0.160 0.092 0.441 0.307 
532    (0)   :  0.424 0.101 0.294 0.181 
533    (0)   :  0.256 0.199 0.073 0.472 
534    (0)   :  0.578 0.252 0.109 0.061 
535    (0)   :  0.253 0.346 0.063 0.337 
536    (0)   :  0.167 0.357 0.144 0.332 
537    (0)   :  0.114 0.591 0.209 0.086 
538    (0)   :  0.129 0.644 0.122 0.105 
539    (0)   :  0.084 0.244 0.610 0.062 
540    (0)   :  0.162 0.419 0.224 0.194 
541    (0)   :  0.153 0.154 0.529 0.165 
542    (0)   :  0.101 0.526 0.048 0.325 
543    (0)   :  0.279 0.468 0.159 0.094 
544    (0)   :  0.116 0.649 0.068 0.167 
545    (0)   :  0.131 0.549 0.035 0.285 
546    (0)   :  0.160 0.565 0.121 0.154 
547    (0)   :  0.132 0.656 0.120 0.093 
548    (0)   :  0.223 0.495 0.202 0.080 
549    (0)   :  0.085 0.188 0.474 0.253 
550    (0)   :  0.115 0.417 0.067 0.401 
551    (0)   :  0.130 0.084 0.666 0.119 
552    (0)   :  0.092 0.698 0.109 0.101 
553    (0)   :  0.119 0.712 0.118 0.052 
554    (0)   :  0.311 0.147 0.146 0.396 
555    (0)   :  0.158 0.521 0.240 0.082 
556    (0)   :  0.151 0.649 0.098 0.102 
557    (0)   :  0.189 0.251 0.104 0.455 
558    (0)   :  0.094 0.019 0.027 0.860 
559    (0)   :  0.712 0.123 0.044 0.121 
560    (0)   :  0.328 0.035 0.020 0.617 
561    (0)   :  0.425 0.060 0.029 0.486 
562    (0)   :  0.571 0.097 0.021 0.311 
563    (0)   :  0.636 0.051 0.142 0.171 
564    (0)   :  0.455 0.340 0.050 0.155 
565    (0)   :  0.089 0.025 0.031 0.855 
566    (0)   :  0.536 0.036 0.022 0.407 
567    (0)   :  0.690 0.189 0.031 0.091 
568    (0)   :  0.467 0.131 0.048 0.354 
569    (0)   :  0.276 0.170 0.048 0.506 
570    (0)   :  0.116 0.024 0.022 0.838 
571    (0)   :  0.759 0.045 0.034 0.162 
572    (0)   :  0.118 0.593 0.104 0.184 
573    (0)   :  0.460 0.249 0.053 0.239 
574    (0)   :  0.206 0.065 0.124 0.606 
575    (0)   :  0.580 0.079 0.083 0.258 
576    (0)   :  0.701 0.026 0.022 0.252 
577    (0)   :  0.305 0.050 0.107 0.537 
578    (0)   :  0.523 0.054 0.038 0.384 
579    (0)   :  0.466 0.072 0.035 0.427 
580    (0)   :  0.205 0.038 0.061 0.697 
581    (0)   :  0.241 0.034 0.046 0.679 
582    (0)   :  0.134 0.042 0.023 0.801 
583    (0)   :  0.662 0.037 0.035 0.266 
584    (0)   :  0.744 0.025 0.026 0.206 
585    (0)   :  0.447 0.038 0.031 0.485 
586    (0)   :  0.761 0.064 0.042 0.133 
587    (0)   :  0.272 0.087 0.023 0.618 
588    (0)   :  0.182 0.744 0.032 0.043 
589    (0)   :  0.130 0.073 0.026 0.771 
590    (0)   :  0.830 0.048 0.029 0.093 
591    (0)   :  0.802 0.036 0.037 0.125 
592    (0)   :  0.361 0.257 0.027 0.355 
593    (0)   :  0.402 0.094 0.063 0.441 
594    (0)   :  0.803 0.038 0.069 0.091 
595    (0)   :  0.553 0.034 0.024 0.389 
596    (0)   :  0.326 0.425 0.047 0.202 
597    (0)   :  0.650 0.096 0.164 0.090 
598    (0)   :  0.088 0.020 0.024 0.867 
599    (0)   :  0.440 0.079 0.023 0.458 
600    (0)   :  0.182 0.069 0.072 0.678 
601    (0)   :  0.247 0.053 0.022 0.678 
602    (0)   :  0.698 0.077 0.114 0.110 
603    (0)   :  0.700 0.092 0.105 0.104 
604    (0)   :  0.259 0.059 0.091 0.591 
605    (0)   :  0.478 0.103 0.046 0.373 
606    (0)   :  0.361 0.236 0.134 0.270 
607    (0)   :  0.298 0.079 0.285 0.337 
608    (0)   :  0.194 0.051 0.450 0.304 
609    (0)   :  0.292 0.052 0.059 0.598 
610    (0)   :  0.148 0.095 0.044 0.713 
611    (0)   :  0.643 0.120 0.104 0.133 
612    (0)   :  0.081 0.034 0.033 0.851 
613    (0)   :  0.459 0.119 0.060 0.362 
614    (0)   :  0.110 0.047 0.033 0.810 
615    (0)   :  0.099 0.060 0.060 0.782 
616    (0)   :  0.387 0.090 0.192 0.332 
617    (0)   :  0.356 0.072 0.038 0.535 
618    (0)   :  0.141 0.081 0.155 0.622 
619    (0)   :  0.269 0.333 0.104 0.295 
620    (0)   :  0.386 0.378 0.021 0.215 
621    (0)   :  0.717 0.023 0.036 0.224 
622    (0)   :  0.200 0.196 0.104 0.499 
623    (0)   :  0.650 0.105 0.038 0.207 
624    (0)   :  0.101 0.036 0.119 0.744 
625    (0)   :  0.242 0.039 0.132 0.587 
626    (0)   :  0.081 0.171 0.355 0.394 
627    (0)   :  0.599 0.097 0.054 0.251 
628    (0)   :  0.689 0.107 0.049 0.155 
629    (0)   :  0.619 0.071 0.065 0.246 
630    (0)   :  0.178 0.052 0.047 0.723 
631    (0)   :  0.236 0.067 0.055 0.642 
632    (0)   :  0.230 0.392 0.209 0.168 
633    (0)   :  0.248 0.049 0.108 0.594 
634    (0)   :  0.356 0.198 0.152 0.294 
635    (0)   :  0.168 0.109 0.500 0.223 
636    (0)   :  0.182 0.047 0.218 0.552 
637    (0)   :  0.245 0.375 0.080 0.301 
638    (0)   :  0.621 0.065 0.106 0.208 
639    (0)   :  0.268 0.068 0.096 0.568 
640    (0)   :  0.741 0.026 0.046 0.187 
641    (0)   :  0.523 0.068 0.068 0.341 
642    (0)   :  0.176 0.135 0.532 0.157 
643    (0)   :  0.092 0.040 0.796 0.072 
644    (0)   :  0.245 0.063 0.611 0.081 
645    (0)   :  0.080 0.058 0.531 0.331 
646    (0)   :  0.457 0.206 0.117 0.220 
647    (0)   :  0.474 0.088 0.338 0.100 
648    (0)   :  0.273 0.242 0.295 0.191 
649    (0)   :  0.276 0.514 0.137 0.072 
650    (0)   :  0.593 0.174 0.144 0.089 
651    (0)   :  0.469 0.055 0.397 0.078 
652    (0)   :  0.197 0.079 0.618 0.106 
653    (0)   :  0.292 0.139 0.417 0.153 
654    (0)   :  0.167 0.272 0.438 0.123 
655    (0)   :  0.271 0.065 0.533 0.131 
656    (0)   :  0.346 0.252 0.250 0.152 
657    (0)   :  0.341 0.051 0.196 0.411 
658    (0)   :  0.382 0.149 0.216 0.253 
659    (0)   :  0.211 0.138 0.522 0.129 
660    (0)   :  0.147 0.184 0.594 0.075 
661    (0)   :  0.092 0.258 0.533 0.117 
662    (0)   :  0.245 0.616 0.081 0.058 
663    (0)   :  0.199 0.209 0.467 0.126 
664    (0)   :  0.343 0.068 0.237 0.352 
665    (0)   :  0.253 0.584 0.093 0.069 
666    (0)   :  0.162 0.229 0.482 0.127 
667    (0)   :  0.722 0.066 0.082 0.129 
668    (0)   :  0.189 0.137 0.468 0.206 
669    (0)   :  0.342 0.282 0.264 0.111 
670    (0)   :  0.069 0.059 0.826 0.046 
671    (0)   :  0.125 0.122 0.687 0.065 
672    (0)   :  0.131 0.070 0.693 0.106 
673    (0)   :  0.051 0.022 0.883 0.043 
674    (0)   :  0.089 0.082 0.740 0.089 
675    (0)   :  0.109 0.030 0.815 0.046 
676    (0)   :  0.050 0.025 0.883 0.042 
677    (0)   :  0.059 0.304 0.594 0.044 
678    (0)   :  0.055 0.020 0.883 0.042 
679    (0)   :  0.084 0.027 0.809 0.080 
680    (0)   :  0.067 0.036 0.825 0.072 
681    (0)   :  0.160 0.290 0.305 0.246 
682    (0)   :  0.058 0.033 0.835 0.074 
683    (0)   :  0.062 0.053 0.841 0.045 
684    (0)   :  0.057 0.024 0.876 0.043 
685    (0)   :  0.047 0.027 0.887 0.038 
686    (0)   :  0.075 0.194 0.650 0.081 
687    (0)   :  0.117 0.174 0.647 0.061 
688    (0)   :  0.080 0.037 0.829 0.053 
689    (0)   :  0.048 0.025 0.887 0.040 
690    (0)   :  0.049 0.025 0.885 0.041 
691    (0)   :  0.080 0.045 0.801 0.074 
692    (0)   :  0.082 0.026 0.833 0.059 
693    (0)   :  0.083 0.028 0.823 0.066 
694    (0)   :  0.046 0.029 0.890 0.035 
695    (0)   :  0.054 0.053 0.838 0.055 
696    (0)   :  0.081 0.037 0.829 0.053 
697    (0)   :  0.051 0.036 0.869 0.043 
698    (0)   :  0.052 0.029 0.878 0.041 
699    (0)   :  0.054 0.215 0.677 0.053 
700    (0)   :  0.065 0.072 0.754 0.109 
701    (0)   :  0.093 0.053 0.773 0.080 
702    (0)   :  0.097 0.083 0.713 0.106 
703    (0)   :  0.061 0.040 0.822 0.077 
704    (0)   :  0.073 0.060 0.816 0.051 
705    (0)   :  0.110 0.329 0.436 0.124 
706    (0)   :  0.055 0.048 0.829 0.068 
707    (0)   :  0.052 0.046 0.855 0.046 
708    (0)   :  0.056 0.033 0.870 0.040 
709    (0)   :  0.049 0.064 0.839 0.048 
710    (0)   :  0.045 0.029 0.889 0.037 
711    (0)   :  0.061 0.119 0.747 0.073 
712    (0)   :  0.053 0.157 0.752 0.037 
713    (0)   :  0.077 0.045 0.830 0.049 
714    (0)   :  0.106 0.042 0.771 0.081 
715    (0)   :  0.045 0.073 0.843 0.039 
716    (0)   :  0.050 0.041 0.846 0.063 
717    (0)   :  0.045 0.038 0.878 0.039 
718    (0)   :  0.079 0.077 0.775 0.069 
719    (0)   :  0.050 0.059 0.853 0.038 
720    (0)   :  0.670 0.049 0.036 0.245 
721    (0)   :  0.120 0.075 0.578 0.227 
722    (0)   :  0.208 0.086 0.068 0.638 
723    (0)   :  0.197 0.042 0.060 0.702 
724    (0)   :  0.105 0.058 0.174 0.664 
725    (0)   :  0.438 0.103 0.233 0.226 
726    (0)   :  0.141 0.136 0.108 0.616 
727    (0)   :  0.193 0.355 0.198 0.255 
728    (0)   :  0.063 0.026 0.022 0.889 
729    (0)   :  0.082 0.026 0.024 0.869 
730    (0)   :  0.346 0.043 0.041 0.570 
731    (0)   :  0.113 0.031 0.051 0.805 
732    (0)   :  0.203 0.044 0.061 0.692 
733    (0)   :  0.100 0.023 0.033 0.843 
734    (0)   :  0.111 0.025 0.022 0.841 
735    (0)   :  0.081 0.022 0.041 0.857 
736    (0)   :  0.235 0.034 0.046 0.685 
737    (0)   :  0.267 0.077 0.050 0.607 
738    (0)   :  0.292 0.037 0.041 0.630 
739    (0)   :  0.094 0.021 0.031 0.854 
740    (0)   :  0.147 0.039 0.748 0.066 
741    (0)   :  0.233 0.068 0.567 0.132 
742    (0)   :  0.643 0.025 0.156 0.175 
743    (0)   :  0.698 0.049 0.081 0.173 
744    (0)   :  0.443 0.375 0.081 0.101 
745    (0)   :  0.755 0.058 0.032 0.156 
746    (0)   :  0.464 0.079 0.203 0.254 
747    (0)   :  0.749 0.077 0.058 0.116 
748    (0)   :  0.376 0.050 0.477 0.097 
749    (0)   :  0.589 0.142 0.144 0.125 
750    (0)   :  0.642 0.120 0.092 0.146 
751    (0)   :  0.342 0.065 0.476 0.116 
752    (0)   :  0.646 0.087 0.079 0.188 
753    (0)   :  0.358 0.096 0.209 0.337 
754    (0)   :  0.385 0.044 0.427 0.144 
755    (0)   :  0.616 0.047 0.176 0.160 
756    (0)   :  0.583 0.093 0.249 0.075 
757    (0)   :  0.722 0.045 0.120 0.112 
758    (0)   :  0.864 0.040 0.029 0.067 
759    (0)   :  0.206 0.075 0.512 0.208 
760    (0)   :  0.522 0.039 0.126 0.313 
761    (0)   :  0.159 0.063 0.285 0.493 
762    (0)   :  0.441 0.023 0.052 0.484 
763    (0)   :  0.358 0.096 0.208 0.338 
764    (0)   :  0.786 0.036 0.075 0.103 
765    (0)   :  0.426 0.064 0.060 0.450 
766    (0)   :  0.529 0.043 0.319 0.109 
767    (0)   :  0.489 0.077 0.250 0.184 
768    (0)   :  0.421 0.024 0.051 0.504 
769    (0)   :  0.228 0.038 0.246 0.488 
770    (0)   :  0.435 0.033 0.043 0.489 
771    (0)   :  0.365 0.429 0.135 0.071 
772    (0)   :  0.430 0.085 0.306 0.179 
773    (0)   :  0.779 0.050 0.076 0.094 
774    (0)   :  0.269 0.085 0.485 0.162 
775    (0)   :  0.219 0.025 0.087 0.668 
776    (0)   :  0.781 0.043 0.048 0.128 
777    (0)   :  0.489 0.179 0.106 0.225 
778    (0)   :  0.455 0.252 0.161 0.131 
779    (0)   :  0.780 0.036 0.106 0.078 
780    (0)   :  0.405 0.053 0.430 0.113 
781    (0)   :  0.189 0.618 0.126 0.066 
782    (0)   :  0.783 0.036 0.106 0.075 
783    (0)   :  0.528 0.041 0.255 0.176 
784    (0)   :  0.633 0.036 0.064 0.267 
785    (0)   :  0.715 0.039 0.131 0.116 
786    (0)   :  0.357 0.040 0.463 0.140 
787    (0)   :  0.418 0.129 0.393 0.060 
788    (0)   :  0.689 0.048 0.082 0.181 
789    (0)   :  0.628 0.027 0.076 0.268 
790    (0)   :  0.486 0.035 0.287 0.191 
791    (0)   :  0.674 0.047 0.125 0.155 
792    (0)   :  0.347 0.140 0.449 0.064 
793    (0)   :  0.152 0.236 0.383 0.229 
794    (0)   :  0.617 0.069 0.136 0.178 
795    (0)   :  0.151 0.090 0.545 0.214 
796    (0)   :  0.694 0.050 0.158 0.098 
797    (0)   :  0.115 0.191 0.569 0.126 
798    (0)   :  0.119 0.115 0.025 0.741 
799    (0)   :  0.736 0.056 0.065 0.143 
800    (0)   :  0.207 0.235 0.511 0.048 
801    (0)   :  0.119 0.093 0.051 0.737 
802    (0)   :  0.121 0.189 0.193 0.498 
803    (0)   :  0.246 0.125 0.431 0.198 
804    (0)   :  0.305 0.339 0.109 0.247 
805    (0)   :  0.087 0.040 0.809 0.064 
806    (0)   :  0.138 0.311 0.103 0.448 
807    (0)   :  0.079 0.213 0.623 0.085 
808    (0)   :  0.134 0.438 0.335 0.093 
809    (0)   :  0.087 0.619 0.048 0.246 
810    (0)   :  0.405 0.103 0.175 0.317 
811    (0)   :  0.147 0.306 0.405 0.142 
812    (0)   :  0.092 0.792 0.026 0.090 
813    (0)   :  0.142 0.067 0.031 0.760 
814    (0)   :  0.265 0.616 0.042 0.077 
815    (0)   :  0.091 0.284 0.230 0.396 
816    (0)   :  0.167 0.116 0.342 0.375 
817    (0)   :  0.120 0.189 0.196 0.495 
818    (0)   :  0.737 0.035 0.063 0.166 
819    (0)   :  0.763 0.056 0.126 0.055 
820    (0)   :  0.597 0.153 0.163 0.088 
821    (0)   :  0.738 0.022 0.082 0.158 
822    (0)   :  0.693 0.040 0.025 0.242 
823    (0)   :  0.336 0.025 0.227 0.412 
824    (0)   :  0.696 0.046 0.133 0.126 
825    (0)   :  0.664 0.039 0.048 0.249 
826    (0)   :  0.841 0.036 0.034 0.089 
827    (0)   :  0.433 0.029 0.051 0.487 
828    (0)   :  0.257 0.045 0.085 0.613 
829    (0)   :  0.224 0.067 0.086 0.623 
830    (0)   :  0.571 0.021 0.034 0.374 
831    (0)   :  0.455 0.073 0.126 0.346 
832    (0)   :  0.479 0.077 0.141 0.304 
833    (0)   :  0.307 0.045 0.171 0.477 
834    (0)   :  0.397 0.053 0.122 0.427 
835    (0)   :  0.844 0.038 0.033 0.084 
836    (0)   :  0.786 0.059 0.066 0.089 
837    (0)   :  0.234 0.066 0.231 0.469 
838    (0)   :  0.824 0.069 0.034 0.073 
839    (0)   :  0.688 0.024 0.055 0.233 
840    (0)   :  0.486 0.271 0.140 0.103 
841    (0)   :  0.766 0.072 0.087 0.074 
842    (0)   :  0.843 0.024 0.026 0.107 
843    (0)   :  0.304 0.354 0.244 0.097 
844    (0)   :  0.545 0.079 0.156 0.220 
845    (0)   :  0.846 0.019 0.035 0.100 
846    (0)   :  0.808 0.031 0.080 0.080 
847    (0)   :  0.746 0.034 0.163 0.056 
848    (0)   :  0.819 0.049 0.071 0.061 
849    (0)   :  0.756 0.031 0.052 0.161 
850    (0)   :  0.730 0.029 0.051 0.190 
851    (0)   :  0.857 0.028 0.043 0.072 
852    (0)   :  0.182 0.030 0.524 0.264 
853    (0)   :  0.739 0.028 0.041 0.192 
854    (0)   :  0.344 0.029 0.241 0.386 
855    (0)   :  0.800 0.037 0.070 0.093 
856    (0)   :  0.749 0.038 0.110 0.103 
857    (0)   :  0.730 0.117 0.052 0.101 
858    (0)   :  0.820 0.032 0.038 0.110 
859    (0)   :  0.681 0.024 0.046 0.249 
860    (0)   :  0.839 0.043 0.038 0.080 
861    (0)   :  0.409 0.112 0.411 0.067 
862    (0)   :  0.072 0.031 0.032 0.866 
863    (0)   :  0.080 0.046 0.069 0.805 
864    (0)   :  0.060 0.023 0.052 0.865 
865    (0)   :  0.100 0.026 0.021 0.852 
866    (0)   :  0.359 0.048 0.036 0.557 
867    (0)   :  0.064 0.039 0.043 0.854 
868    (0)   :  0.129 0.050 0.037 0.784 
869    (0)   :  0.334 0.039 0.041 0.586 
870    (0)   :  0.139 0.115 0.025 0.721 
871    (0)   :  0.134 0.030 0.026 0.810 
872    (0)   :  0.091 0.023 0.035 0.851 
873    (0)   :  0.074 0.026 0.041 0.859 
874    (0)   :  0.073 0.032 0.025 0.870 
875    (0)   :  0.241 0.108 0.042 0.608 
876    (0)   :  0.723 0.073 0.032 0.172 
877    (0)   :  0.061 0.024 0.036 0.879 
878    (0)   :  0.281 0.084 0.058 0.577 
879    (0)   :  0.074 0.024 0.048 0.853 
880    (0)   :  0.260 0.124 0.031 0.584 
881    (0)   :  0.087 0.031 0.043 0.839 
882    (0)   :  0.080 0.021 0.042 0.858 
883    (0)   :  0.765 0.068 0.044 0.123 
884    (0)   :  0.099 0.025 0.021 0.855 
885    (0)   :  0.141 0.143 0.064 0.652 
886    (0)   :  0.212 0.033 0.059 0.696 
887    (0)   :  0.095 0.026 0.025 0.854 
888    (0)   :  0.182 0.291 0.096 0.431 
889    (0)   :  0.081 0.027 0.021 0.872 
890    (0)   :  0.407 0.061 0.023 0.509 
891    (0)   :  0.797 0.059 0.037 0.107 
892    (0)   :  0.750 0.087 0.042 0.122 
893    (0)   :  0.490 0.167 0.064 0.280 
894    (0)   :  0.566 0.021 0.027 0.386 
895    (0)   :  0.139 0.031 0.027 0.803 
896    (0)   :  0.786 0.069 0.068 0.077 
897    (0)   :  0.832 0.048 0.039 0.081 
898    (0)   :  0.348 0.068 0.073 0.511 
899    (0)   :  0.692 0.021 0.023 0.264 
900    (0)   :  0.828 0.047 0.032 0.093 
901    (0)   :  0.817 0.034 0.035 0.114 
902    (0)   :  0.487 0.371 0.044 0.099 
903    (0)   :  0.235 0.039 0.033 0.693 
904    (0)   :  0.308 0.090 0.067 0.535 
905    (0)   :  0.260 0.025 0.024 0.691 
906    (0)   :  0.560 0.088 0.047 0.305 
907    (0)   :  0.734 0.030 0.056 0.180 
908    (0)   :  0.726 0.028 0.043 0.203 
909    (0)   :  0.538 0.120 0.050 0.291 
910    (0)   :  0.753 0.090 0.044 0.113 
911    (0)   :  0.184 0.028 0.022 0.767 
912    (0)   :  0.606 0.029 0.028 0.337 
913    (0)   :  0.457 0.044 0.024 0.475 
914    (0)   :  0.485 0.036 0.171 0.308 
915    (0)   :  0.691 0.039 0.022 0.248 
916    (0)   :  0.741 0.037 0.030 0.192 
917    (0)   :  0.665 0.037 0.031 0.267 
918    (0)   :  0.305 0.051 0.129 0.516 
919    (0)   :  0.223 0.040 0.066 0.672 
920    (0)   :  0.765 0.027 0.048 0.160 
921    (0)   :  0.322 0.295 0.258 0.125 
922    (0)   :  0.224 0.636 0.039 0.101 
923    (0)   :  0.326 0.536 0.064 0.073 
924    (0)   :  0.345 0.540 0.038 0.077 
925    (0)   :  0.375 0.451 0.068 0.106 
926    (0)   :  0.126 0.765 0.064 0.044 
927    (0)   :  0.113 0.722 0.090 0.076 
928    (0)   :  0.129 0.684 0.141 0.046 
929    (0)   :  0.169 0.745 0.038 0.047 
930    (0)   :  0.245 0.592 0.067 0.095 
931    (0)   :  0.051 0.683 0.097 0.169 
932    (0)   :  0.128 0.790 0.030 0.052 
933    (0)   :  0.158 0.387 0.392 0.063 
