

----------------------------------------------------
STRUCTURE by Pritchard, Stephens and Donnelly (2000)
     and Falush, Stephens and Pritchard (2003)
       Code by Pritchard, Falush and Hubisz
             Version 2.3.4 (Jul 2012)
----------------------------------------------------



Command line arguments:   ./structure -K 9 -D 109019 -m brooktrout/mainparams -e brooktrout/extraparams -o brooktrout/250914_output/results_K9_rep19 
Input File:    brooktrout/brooktrout.txt

Run parameters:
   8454 individuals
   5 loci
   9 populations assumed
   50000 Burn-in period
   100000 Reps
RANDOMIZE turned off


--------------------------------------------
Overall proportion of membership of the
sample in each of the 9 clusters

Inferred Clusters
  1      2      3      4      5      6      7      8      9    
0.011  0.010  0.022  0.087  0.147  0.166  0.150  0.196  0.212  

--------------------------------------------

Allele-freq. divergence among pops (Net nucleotide distance),
computed using point estimates of P.

      1       2       3       4       5       6       7       8       9      
 1      -    0.1428  0.2136  0.2028  0.1968  0.1864  0.1858  0.1535  0.1625  
 2   0.1428     -    0.1518  0.1255  0.1205  0.1123  0.1500  0.1344  0.1124  
 3   0.2136  0.1518     -    0.2179  0.1586  0.1952  0.1542  0.2280  0.1442  
 4   0.2028  0.1255  0.2179     -    0.1048  0.1190  0.1760  0.2230  0.1243  
 5   0.1968  0.1205  0.1586  0.1048     -    0.1062  0.1598  0.2119  0.1039  
 6   0.1864  0.1123  0.1952  0.1190  0.1062     -    0.1517  0.1648  0.1207  
 7   0.1858  0.1500  0.1542  0.1760  0.1598  0.1517     -    0.1297  0.1034  
 8   0.1535  0.1344  0.2280  0.2230  0.2119  0.1648  0.1297     -    0.1400  
 9   0.1625  0.1124  0.1442  0.1243  0.1039  0.1207  0.1034  0.1400     -    

Average distances (expected heterozygosity) between individuals in same cluster:
cluster  1  : 0.7524 
cluster  2  : 0.8147 
cluster  3  : 0.7499 
cluster  4  : 0.7150 
cluster  5  : 0.7455 
cluster  6  : 0.7045 
cluster  7  : 0.7613 
cluster  8  : 0.6835 
cluster  9  : 0.7681 

--------------------------------------------
Estimated Ln Prob of Data   = -192953.9
Mean value of ln likelihood = -171892.2
Variance of ln likelihood   = 42123.4

Mean value of alpha_1       = 0.0503
Mean value of alpha_2       = 0.0463
Mean value of alpha_3       = 0.0999
Mean value of alpha_4       = 0.3966
Mean value of alpha_5       = 0.6685
Mean value of alpha_6       = 0.7621
Mean value of alpha_7       = 0.6983
Mean value of alpha_8       = 0.8654
Mean value of alpha_9       = 0.9846
Allele frequencies uncorrelated


Inferred ancestry of individuals:
     (%Miss) :  Inferred clusters
  1    (0)   :  0.011 0.006 0.012 0.055 0.091 0.325 0.169 0.195 0.136 
  2    (0)   :  0.004 0.004 0.013 0.051 0.083 0.085 0.083 0.099 0.578 
  3    (0)   :  0.005 0.009 0.008 0.205 0.099 0.159 0.205 0.170 0.140 
  4    (0)   :  0.019 0.015 0.012 0.086 0.095 0.084 0.140 0.399 0.152 
  5    (0)   :  0.007 0.005 0.015 0.063 0.095 0.100 0.082 0.097 0.535 
  6    (0)   :  0.006 0.009 0.009 0.203 0.125 0.222 0.069 0.139 0.218 
  7    (0)   :  0.005 0.007 0.011 0.075 0.335 0.216 0.071 0.105 0.175 
  8    (0)   :  0.134 0.025 0.011 0.144 0.113 0.111 0.114 0.202 0.144 
  9    (0)   :  0.005 0.013 0.019 0.085 0.099 0.187 0.130 0.147 0.315 
 10    (0)   :  0.113 0.009 0.012 0.089 0.145 0.214 0.078 0.137 0.202 
 11    (0)   :  0.005 0.005 0.015 0.058 0.215 0.380 0.075 0.091 0.156 
 12    (0)   :  0.004 0.006 0.012 0.063 0.100 0.113 0.086 0.156 0.460 
 13    (0)   :  0.005 0.007 0.016 0.065 0.141 0.199 0.103 0.155 0.310 
 14    (0)   :  0.016 0.004 0.009 0.108 0.070 0.121 0.223 0.131 0.317 
 15    (0)   :  0.006 0.006 0.011 0.112 0.117 0.116 0.129 0.253 0.249 
 16    (0)   :  0.005 0.005 0.014 0.081 0.112 0.404 0.119 0.118 0.143 
 17    (0)   :  0.006 0.013 0.018 0.144 0.100 0.157 0.128 0.158 0.276 
 18    (0)   :  0.006 0.011 0.010 0.134 0.072 0.179 0.113 0.159 0.316 
 19    (0)   :  0.004 0.007 0.011 0.151 0.137 0.205 0.075 0.146 0.264 
 20    (0)   :  0.005 0.006 0.013 0.140 0.175 0.123 0.117 0.155 0.267 
 21    (0)   :  0.009 0.005 0.010 0.050 0.083 0.184 0.203 0.205 0.251 
 22    (0)   :  0.005 0.013 0.010 0.152 0.090 0.262 0.101 0.173 0.194 
 23    (0)   :  0.013 0.009 0.028 0.097 0.085 0.095 0.249 0.208 0.216 
 24    (0)   :  0.005 0.006 0.012 0.053 0.093 0.338 0.133 0.216 0.145 
 25    (0)   :  0.005 0.006 0.012 0.195 0.134 0.132 0.080 0.086 0.350 
 26    (0)   :  0.004 0.009 0.011 0.077 0.102 0.201 0.101 0.212 0.281 
 27    (0)   :  0.005 0.007 0.015 0.079 0.099 0.247 0.154 0.152 0.241 
 28    (0)   :  0.048 0.006 0.011 0.060 0.138 0.212 0.091 0.242 0.193 
 29    (0)   :  0.004 0.004 0.018 0.059 0.181 0.162 0.153 0.125 0.294 
 30    (0)   :  0.004 0.007 0.011 0.099 0.081 0.345 0.122 0.127 0.204 
 31    (0)   :  0.119 0.017 0.016 0.053 0.131 0.175 0.149 0.112 0.228 
 32    (0)   :  0.010 0.005 0.009 0.200 0.085 0.095 0.115 0.216 0.265 
 33    (0)   :  0.004 0.006 0.011 0.121 0.153 0.184 0.204 0.172 0.143 
 34    (0)   :  0.112 0.007 0.028 0.211 0.215 0.108 0.073 0.101 0.145 
 35    (0)   :  0.004 0.018 0.029 0.107 0.089 0.154 0.258 0.100 0.241 
 36    (0)   :  0.006 0.005 0.010 0.052 0.075 0.272 0.370 0.090 0.120 
 37    (0)   :  0.005 0.009 0.010 0.068 0.102 0.123 0.196 0.204 0.284 
 38    (0)   :  0.005 0.006 0.025 0.168 0.165 0.254 0.158 0.082 0.137 
 39    (0)   :  0.005 0.009 0.022 0.099 0.164 0.209 0.193 0.119 0.180 
 40    (0)   :  0.005 0.004 0.011 0.071 0.066 0.135 0.440 0.113 0.155 
 41    (0)   :  0.006 0.008 0.025 0.091 0.132 0.159 0.400 0.074 0.105 
 42    (0)   :  0.005 0.005 0.014 0.038 0.074 0.234 0.313 0.220 0.097 
 43    (0)   :  0.010 0.009 0.014 0.062 0.102 0.088 0.395 0.120 0.201 
 44    (0)   :  0.004 0.010 0.012 0.109 0.087 0.104 0.420 0.075 0.178 
 45    (0)   :  0.004 0.005 0.019 0.042 0.092 0.252 0.257 0.079 0.249 
 46    (0)   :  0.004 0.015 0.013 0.162 0.123 0.148 0.193 0.110 0.231 
 47    (0)   :  0.011 0.029 0.023 0.098 0.095 0.189 0.142 0.147 0.264 
 48    (0)   :  0.004 0.011 0.016 0.137 0.069 0.088 0.422 0.082 0.173 
 49    (0)   :  0.005 0.011 0.031 0.062 0.094 0.243 0.255 0.119 0.181 
 50    (0)   :  0.038 0.015 0.017 0.159 0.180 0.158 0.125 0.109 0.199 
 51    (0)   :  0.006 0.004 0.012 0.041 0.067 0.164 0.528 0.073 0.106 
 52    (0)   :  0.004 0.012 0.023 0.078 0.171 0.226 0.218 0.130 0.138 
 53    (0)   :  0.013 0.008 0.015 0.200 0.137 0.228 0.166 0.118 0.115 
 54    (0)   :  0.005 0.010 0.020 0.047 0.087 0.102 0.215 0.149 0.365 
 55    (0)   :  0.004 0.007 0.014 0.063 0.085 0.078 0.396 0.105 0.246 
 56    (0)   :  0.004 0.008 0.021 0.131 0.072 0.149 0.313 0.129 0.174 
 57    (0)   :  0.013 0.023 0.020 0.093 0.121 0.176 0.086 0.262 0.206 
 58    (0)   :  0.005 0.006 0.021 0.044 0.098 0.173 0.344 0.108 0.202 
 59    (0)   :  0.004 0.005 0.038 0.063 0.102 0.246 0.252 0.113 0.177 
 60    (0)   :  0.010 0.005 0.010 0.050 0.080 0.126 0.462 0.137 0.121 
 61    (0)   :  0.005 0.004 0.012 0.031 0.075 0.078 0.365 0.166 0.264 
 62    (0)   :  0.004 0.014 0.053 0.071 0.106 0.181 0.115 0.141 0.313 
 63    (0)   :  0.005 0.004 0.011 0.062 0.167 0.125 0.289 0.147 0.190 
 64    (0)   :  0.004 0.008 0.017 0.139 0.105 0.275 0.113 0.094 0.246 
 65    (0)   :  0.004 0.006 0.015 0.093 0.263 0.099 0.096 0.081 0.343 
 66    (0)   :  0.012 0.005 0.014 0.047 0.135 0.104 0.178 0.219 0.286 
 67    (0)   :  0.005 0.006 0.013 0.049 0.091 0.080 0.353 0.090 0.313 
 68    (0)   :  0.005 0.007 0.033 0.054 0.092 0.258 0.263 0.127 0.162 
 69    (0)   :  0.255 0.006 0.034 0.153 0.090 0.149 0.100 0.081 0.133 
 70    (0)   :  0.009 0.004 0.011 0.080 0.157 0.120 0.416 0.106 0.097 
 71    (0)   :  0.007 0.006 0.036 0.061 0.103 0.219 0.293 0.073 0.203 
 72    (0)   :  0.007 0.007 0.009 0.082 0.093 0.335 0.247 0.083 0.138 
 73    (0)   :  0.007 0.006 0.038 0.045 0.109 0.109 0.294 0.083 0.310 
 74    (0)   :  0.004 0.005 0.010 0.052 0.072 0.266 0.342 0.130 0.119 
 75    (0)   :  0.008 0.005 0.013 0.041 0.060 0.218 0.379 0.140 0.135 
 76    (0)   :  0.004 0.006 0.010 0.075 0.186 0.090 0.324 0.101 0.204 
 77    (0)   :  0.004 0.005 0.024 0.065 0.166 0.205 0.273 0.079 0.179 
 78    (0)   :  0.005 0.006 0.030 0.137 0.146 0.204 0.255 0.081 0.135 
 79    (0)   :  0.005 0.005 0.011 0.055 0.201 0.238 0.075 0.113 0.297 
 80    (0)   :  0.005 0.006 0.009 0.038 0.134 0.114 0.090 0.438 0.166 
 81    (0)   :  0.006 0.005 0.008 0.038 0.175 0.145 0.069 0.362 0.192 
 82    (0)   :  0.005 0.005 0.019 0.049 0.120 0.127 0.222 0.168 0.284 
 83    (0)   :  0.007 0.005 0.008 0.089 0.182 0.130 0.120 0.272 0.187 
 84    (0)   :  0.005 0.005 0.009 0.064 0.223 0.153 0.089 0.256 0.196 
 85    (0)   :  0.007 0.005 0.009 0.107 0.104 0.171 0.111 0.288 0.199 
 86    (0)   :  0.005 0.007 0.017 0.077 0.112 0.106 0.196 0.108 0.372 
 87    (0)   :  0.013 0.006 0.011 0.073 0.292 0.143 0.129 0.121 0.211 
 88    (0)   :  0.005 0.005 0.010 0.040 0.159 0.140 0.123 0.267 0.251 
 89    (0)   :  0.016 0.006 0.009 0.037 0.126 0.135 0.104 0.305 0.262 
 90    (0)   :  0.005 0.005 0.010 0.051 0.290 0.127 0.086 0.132 0.294 
 91    (0)   :  0.006 0.005 0.008 0.081 0.103 0.128 0.124 0.397 0.149 
 92    (0)   :  0.005 0.005 0.011 0.049 0.155 0.182 0.100 0.155 0.338 
 93    (0)   :  0.026 0.005 0.010 0.036 0.076 0.115 0.098 0.497 0.139 
 94    (0)   :  0.006 0.005 0.009 0.088 0.408 0.154 0.110 0.110 0.111 
 95    (0)   :  0.005 0.005 0.010 0.041 0.290 0.100 0.102 0.225 0.222 
 96    (0)   :  0.006 0.005 0.012 0.034 0.080 0.083 0.342 0.216 0.223 
 97    (0)   :  0.005 0.006 0.012 0.044 0.064 0.267 0.245 0.165 0.192 
 98    (0)   :  0.004 0.004 0.013 0.048 0.088 0.158 0.275 0.112 0.297 
 99    (0)   :  0.006 0.005 0.009 0.053 0.234 0.134 0.078 0.240 0.241 
100    (0)   :  0.005 0.005 0.011 0.034 0.065 0.077 0.120 0.441 0.242 
101    (0)   :  0.050 0.007 0.012 0.068 0.173 0.135 0.178 0.133 0.244 
102    (0)   :  0.006 0.006 0.021 0.084 0.147 0.094 0.198 0.306 0.138 
103    (0)   :  0.026 0.005 0.012 0.053 0.159 0.076 0.097 0.169 0.403 
104    (0)   :  0.010 0.005 0.011 0.051 0.387 0.083 0.074 0.135 0.243 
105    (0)   :  0.028 0.006 0.028 0.045 0.231 0.078 0.098 0.162 0.324 
106    (0)   :  0.004 0.005 0.009 0.073 0.420 0.153 0.086 0.068 0.183 
107    (0)   :  0.016 0.006 0.018 0.054 0.261 0.079 0.104 0.171 0.289 
108    (0)   :  0.006 0.004 0.009 0.248 0.072 0.072 0.147 0.102 0.341 
109    (0)   :  0.009 0.006 0.121 0.084 0.225 0.149 0.106 0.069 0.230 
110    (0)   :  0.007 0.005 0.012 0.070 0.462 0.164 0.077 0.072 0.132 
111    (0)   :  0.007 0.006 0.025 0.050 0.417 0.080 0.082 0.107 0.226 
112    (0)   :  0.005 0.005 0.171 0.048 0.357 0.113 0.114 0.077 0.111 
113    (0)   :  0.008 0.006 0.012 0.073 0.107 0.147 0.157 0.119 0.371 
114    (0)   :  0.012 0.005 0.019 0.044 0.355 0.085 0.073 0.160 0.248 
115    (0)   :  0.005 0.006 0.026 0.080 0.274 0.082 0.221 0.106 0.200 
116    (0)   :  0.004 0.006 0.017 0.081 0.257 0.165 0.209 0.069 0.191 
117    (0)   :  0.010 0.007 0.034 0.066 0.377 0.175 0.109 0.085 0.136 
118    (0)   :  0.004 0.005 0.024 0.058 0.149 0.082 0.105 0.102 0.470 
119    (0)   :  0.006 0.004 0.009 0.072 0.120 0.076 0.331 0.223 0.159 
120    (0)   :  0.006 0.006 0.034 0.066 0.291 0.089 0.165 0.115 0.227 
121    (0)   :  0.012 0.014 0.075 0.067 0.245 0.103 0.223 0.077 0.183 
122    (0)   :  0.009 0.004 0.017 0.060 0.333 0.163 0.085 0.086 0.243 
123    (0)   :  0.008 0.005 0.014 0.068 0.367 0.111 0.111 0.118 0.198 
124    (0)   :  0.006 0.011 0.032 0.116 0.203 0.179 0.158 0.087 0.208 
125    (0)   :  0.007 0.006 0.033 0.118 0.159 0.313 0.142 0.088 0.135 
126    (0)   :  0.005 0.004 0.009 0.054 0.283 0.155 0.211 0.118 0.160 
127    (0)   :  0.005 0.006 0.020 0.045 0.433 0.068 0.092 0.112 0.219 
128    (0)   :  0.004 0.004 0.018 0.040 0.111 0.089 0.100 0.096 0.538 
129    (0)   :  0.017 0.006 0.015 0.051 0.226 0.074 0.088 0.074 0.449 
130    (0)   :  0.013 0.006 0.034 0.049 0.317 0.089 0.072 0.166 0.252 
131    (0)   :  0.018 0.010 0.039 0.106 0.223 0.233 0.145 0.070 0.156 
132    (0)   :  0.008 0.005 0.011 0.056 0.311 0.133 0.084 0.071 0.321 
133    (0)   :  0.013 0.008 0.015 0.066 0.285 0.083 0.107 0.114 0.308 
134    (0)   :  0.004 0.004 0.016 0.048 0.529 0.131 0.064 0.060 0.144 
135    (0)   :  0.005 0.006 0.020 0.035 0.062 0.108 0.252 0.358 0.154 
136    (0)   :  0.010 0.006 0.013 0.056 0.058 0.109 0.087 0.516 0.145 
137    (0)   :  0.011 0.005 0.031 0.037 0.086 0.107 0.084 0.533 0.107 
138    (0)   :  0.006 0.005 0.009 0.038 0.060 0.118 0.099 0.561 0.104 
139    (0)   :  0.010 0.005 0.011 0.043 0.064 0.119 0.162 0.233 0.353 
140    (0)   :  0.015 0.005 0.011 0.036 0.090 0.186 0.168 0.312 0.177 
141    (0)   :  0.044 0.006 0.013 0.063 0.062 0.169 0.098 0.370 0.176 
142    (0)   :  0.014 0.006 0.019 0.036 0.062 0.097 0.275 0.320 0.171 
143    (0)   :  0.005 0.005 0.008 0.033 0.054 0.083 0.090 0.623 0.100 
144    (0)   :  0.005 0.005 0.031 0.035 0.084 0.093 0.090 0.556 0.102 
145    (0)   :  0.011 0.007 0.016 0.065 0.062 0.177 0.141 0.317 0.205 
146    (0)   :  0.011 0.007 0.010 0.043 0.104 0.195 0.113 0.346 0.170 
147    (0)   :  0.008 0.005 0.008 0.035 0.055 0.094 0.076 0.617 0.101 
148    (0)   :  0.045 0.006 0.017 0.060 0.079 0.107 0.147 0.349 0.190 
149    (0)   :  0.201 0.005 0.012 0.036 0.058 0.133 0.212 0.200 0.143 
150    (0)   :  0.013 0.006 0.034 0.039 0.115 0.115 0.103 0.397 0.178 
151    (0)   :  0.005 0.005 0.009 0.033 0.074 0.101 0.108 0.525 0.140 
152    (0)   :  0.015 0.006 0.016 0.116 0.065 0.089 0.176 0.358 0.158 
153    (0)   :  0.013 0.005 0.009 0.037 0.075 0.151 0.171 0.429 0.110 
154    (0)   :  0.274 0.006 0.012 0.055 0.057 0.106 0.155 0.164 0.170 
155    (0)   :  0.006 0.005 0.008 0.035 0.076 0.082 0.084 0.574 0.130 
156    (0)   :  0.005 0.004 0.012 0.032 0.072 0.078 0.229 0.450 0.119 
157    (0)   :  0.011 0.005 0.008 0.046 0.146 0.095 0.082 0.488 0.119 
158    (0)   :  0.011 0.007 0.016 0.061 0.062 0.198 0.128 0.355 0.162 
159    (0)   :  0.110 0.006 0.011 0.036 0.056 0.089 0.081 0.492 0.119 
160    (0)   :  0.111 0.007 0.011 0.037 0.056 0.089 0.079 0.468 0.143 
161    (0)   :  0.010 0.005 0.010 0.038 0.078 0.197 0.161 0.357 0.144 
162    (0)   :  0.011 0.009 0.011 0.044 0.099 0.175 0.110 0.310 0.231 
163    (0)   :  0.006 0.005 0.008 0.032 0.071 0.084 0.137 0.554 0.104 
164    (0)   :  0.164 0.008 0.009 0.038 0.087 0.126 0.090 0.208 0.269 
165    (0)   :  0.005 0.006 0.033 0.035 0.115 0.110 0.102 0.458 0.136 
166    (0)   :  0.170 0.005 0.008 0.086 0.111 0.082 0.145 0.251 0.142 
167    (0)   :  0.363 0.008 0.010 0.067 0.074 0.109 0.067 0.173 0.129 
168    (0)   :  0.006 0.005 0.009 0.069 0.065 0.134 0.145 0.451 0.115 
169    (0)   :  0.009 0.007 0.016 0.063 0.059 0.336 0.109 0.261 0.139 
170    (0)   :  0.005 0.005 0.010 0.034 0.073 0.103 0.248 0.357 0.165 
171    (0)   :  0.009 0.005 0.009 0.089 0.068 0.113 0.133 0.359 0.214 
172    (0)   :  0.033 0.005 0.014 0.040 0.055 0.243 0.234 0.253 0.124 
173    (0)   :  0.009 0.006 0.010 0.036 0.057 0.079 0.080 0.555 0.169 
174    (0)   :  0.009 0.006 0.008 0.036 0.076 0.110 0.075 0.533 0.147 
175    (0)   :  0.005 0.006 0.010 0.056 0.056 0.097 0.119 0.525 0.125 
176    (0)   :  0.005 0.005 0.030 0.034 0.084 0.093 0.089 0.556 0.102 
177    (0)   :  0.011 0.006 0.009 0.051 0.150 0.161 0.104 0.375 0.133 
178    (0)   :  0.012 0.006 0.009 0.060 0.077 0.124 0.073 0.455 0.184 
179    (0)   :  0.023 0.005 0.008 0.037 0.056 0.085 0.069 0.588 0.128 
180    (0)   :  0.032 0.009 0.012 0.044 0.080 0.188 0.125 0.367 0.144 
181    (0)   :  0.010 0.007 0.013 0.039 0.060 0.141 0.166 0.362 0.202 
182    (0)   :  0.006 0.006 0.012 0.034 0.056 0.082 0.145 0.458 0.200 
183    (0)   :  0.009 0.005 0.009 0.037 0.056 0.089 0.088 0.571 0.136 
184    (0)   :  0.004 0.006 0.010 0.094 0.077 0.077 0.098 0.103 0.531 
185    (0)   :  0.005 0.004 0.012 0.031 0.048 0.068 0.219 0.514 0.098 
186    (0)   :  0.004 0.005 0.009 0.053 0.111 0.090 0.096 0.094 0.538 
187    (0)   :  0.006 0.004 0.008 0.054 0.076 0.082 0.094 0.302 0.373 
188    (0)   :  0.004 0.005 0.009 0.051 0.086 0.074 0.082 0.077 0.612 
189    (0)   :  0.005 0.005 0.008 0.114 0.084 0.185 0.173 0.268 0.156 
190    (0)   :  0.004 0.004 0.013 0.031 0.053 0.059 0.418 0.243 0.174 
191    (0)   :  0.005 0.004 0.011 0.041 0.065 0.078 0.073 0.158 0.564 
192    (0)   :  0.005 0.004 0.009 0.049 0.098 0.090 0.092 0.271 0.381 
193    (0)   :  0.005 0.005 0.015 0.056 0.079 0.115 0.132 0.249 0.344 
194    (0)   :  0.006 0.005 0.009 0.044 0.089 0.098 0.218 0.207 0.324 
195    (0)   :  0.005 0.005 0.009 0.032 0.053 0.075 0.198 0.336 0.286 
196    (0)   :  0.005 0.004 0.013 0.048 0.075 0.069 0.269 0.236 0.282 
197    (0)   :  0.006 0.007 0.011 0.107 0.125 0.110 0.114 0.218 0.303 
198    (0)   :  0.005 0.004 0.009 0.061 0.107 0.177 0.163 0.193 0.280 
199    (0)   :  0.004 0.005 0.013 0.045 0.072 0.084 0.405 0.157 0.214 
200    (0)   :  0.005 0.004 0.019 0.082 0.080 0.092 0.242 0.226 0.251 
201    (0)   :  0.005 0.004 0.008 0.040 0.061 0.073 0.112 0.432 0.264 
202    (0)   :  0.004 0.004 0.011 0.033 0.068 0.077 0.275 0.361 0.165 
203    (0)   :  0.005 0.004 0.011 0.040 0.059 0.062 0.097 0.415 0.305 
204    (0)   :  0.005 0.005 0.010 0.032 0.057 0.069 0.196 0.204 0.423 
205    (0)   :  0.005 0.004 0.010 0.053 0.072 0.086 0.196 0.173 0.401 
206    (0)   :  0.005 0.005 0.009 0.036 0.056 0.075 0.112 0.191 0.510 
207    (0)   :  0.004 0.004 0.015 0.036 0.072 0.069 0.181 0.126 0.494 
208    (0)   :  0.005 0.004 0.010 0.037 0.064 0.069 0.121 0.307 0.383 
209    (0)   :  0.005 0.004 0.014 0.043 0.070 0.086 0.116 0.203 0.458 
210    (0)   :  0.005 0.004 0.009 0.035 0.068 0.073 0.113 0.222 0.470 
211    (0)   :  0.004 0.006 0.028 0.042 0.093 0.063 0.272 0.213 0.280 
212    (0)   :  0.005 0.004 0.010 0.044 0.058 0.108 0.193 0.407 0.171 
213    (0)   :  0.004 0.004 0.011 0.034 0.111 0.120 0.322 0.136 0.256 
214    (0)   :  0.004 0.005 0.012 0.041 0.062 0.070 0.143 0.435 0.230 
215    (0)   :  0.005 0.004 0.014 0.057 0.075 0.069 0.124 0.145 0.506 
216    (0)   :  0.004 0.007 0.011 0.095 0.088 0.099 0.119 0.129 0.448 
217    (0)   :  0.005 0.005 0.009 0.057 0.061 0.077 0.158 0.390 0.239 
218    (0)   :  0.005 0.004 0.010 0.049 0.080 0.081 0.106 0.197 0.468 
219    (0)   :  0.005 0.008 0.008 0.118 0.078 0.109 0.107 0.278 0.288 
220    (0)   :  0.005 0.004 0.010 0.035 0.062 0.066 0.089 0.158 0.571 
221    (0)   :  0.004 0.004 0.011 0.033 0.052 0.069 0.326 0.370 0.131 
222    (0)   :  0.005 0.007 0.009 0.102 0.090 0.122 0.106 0.182 0.377 
223    (0)   :  0.006 0.005 0.008 0.069 0.081 0.100 0.111 0.354 0.266 
224    (0)   :  0.006 0.005 0.009 0.037 0.058 0.074 0.105 0.309 0.397 
225    (0)   :  0.005 0.005 0.010 0.042 0.067 0.082 0.205 0.206 0.379 
226    (0)   :  0.006 0.006 0.012 0.192 0.077 0.100 0.116 0.213 0.278 
227    (0)   :  0.006 0.005 0.010 0.034 0.075 0.075 0.292 0.238 0.264 
228    (0)   :  0.005 0.005 0.013 0.031 0.050 0.071 0.283 0.311 0.231 
229    (0)   :  0.005 0.005 0.009 0.038 0.063 0.073 0.079 0.349 0.379 
230    (0)   :  0.005 0.005 0.011 0.037 0.062 0.066 0.092 0.286 0.438 
231    (0)   :  0.005 0.005 0.010 0.047 0.061 0.092 0.078 0.313 0.390 
232    (0)   :  0.004 0.005 0.011 0.036 0.090 0.156 0.244 0.213 0.241 
233    (0)   :  0.004 0.005 0.010 0.042 0.061 0.068 0.099 0.483 0.227 
234    (0)   :  0.005 0.004 0.010 0.062 0.089 0.112 0.090 0.237 0.392 
235    (0)   :  0.005 0.005 0.010 0.064 0.077 0.105 0.157 0.306 0.271 
236    (0)   :  0.004 0.004 0.011 0.054 0.070 0.081 0.103 0.368 0.303 
237    (0)   :  0.005 0.004 0.014 0.038 0.066 0.081 0.201 0.141 0.451 
238    (0)   :  0.005 0.004 0.010 0.041 0.081 0.082 0.147 0.397 0.234 
239    (0)   :  0.005 0.005 0.009 0.032 0.053 0.076 0.199 0.336 0.285 
240    (0)   :  0.005 0.004 0.010 0.041 0.080 0.082 0.149 0.394 0.235 
241    (0)   :  0.005 0.006 0.011 0.039 0.063 0.093 0.190 0.381 0.213 
242    (0)   :  0.006 0.005 0.009 0.066 0.076 0.128 0.157 0.232 0.321 
243    (0)   :  0.004 0.004 0.016 0.037 0.061 0.061 0.265 0.252 0.300 
244    (0)   :  0.004 0.005 0.011 0.038 0.058 0.066 0.099 0.358 0.360 
245    (0)   :  0.005 0.004 0.008 0.033 0.069 0.083 0.183 0.464 0.151 
246    (0)   :  0.005 0.004 0.009 0.057 0.060 0.078 0.157 0.391 0.238 
247    (0)   :  0.004 0.004 0.009 0.063 0.177 0.115 0.145 0.089 0.393 
248    (0)   :  0.004 0.004 0.012 0.042 0.080 0.075 0.114 0.105 0.564 
249    (0)   :  0.004 0.005 0.012 0.039 0.067 0.070 0.132 0.350 0.321 
250    (0)   :  0.004 0.004 0.010 0.050 0.074 0.078 0.093 0.294 0.393 
251    (0)   :  0.005 0.005 0.017 0.139 0.100 0.117 0.152 0.181 0.284 
252    (0)   :  0.005 0.005 0.008 0.044 0.070 0.097 0.179 0.272 0.321 
253    (0)   :  0.005 0.005 0.010 0.065 0.113 0.120 0.269 0.123 0.291 
254    (0)   :  0.005 0.006 0.009 0.081 0.077 0.094 0.107 0.198 0.424 
255    (0)   :  0.005 0.005 0.011 0.047 0.074 0.105 0.099 0.262 0.393 
256    (0)   :  0.005 0.005 0.012 0.045 0.067 0.084 0.195 0.295 0.293 
257    (0)   :  0.007 0.008 0.013 0.047 0.082 0.087 0.135 0.208 0.413 
258    (0)   :  0.005 0.004 0.012 0.052 0.093 0.107 0.222 0.179 0.325 
259    (0)   :  0.005 0.005 0.010 0.046 0.069 0.076 0.113 0.182 0.495 
260    (0)   :  0.005 0.006 0.009 0.097 0.085 0.094 0.093 0.321 0.290 
261    (0)   :  0.005 0.005 0.008 0.046 0.064 0.098 0.206 0.339 0.230 
262    (0)   :  0.005 0.004 0.011 0.039 0.052 0.069 0.332 0.309 0.179 
263    (0)   :  0.004 0.006 0.011 0.052 0.064 0.066 0.111 0.129 0.557 
264    (0)   :  0.004 0.010 0.011 0.181 0.091 0.140 0.100 0.085 0.379 
265    (0)   :  0.005 0.005 0.009 0.071 0.074 0.095 0.104 0.266 0.373 
266    (0)   :  0.004 0.004 0.011 0.033 0.053 0.069 0.252 0.431 0.144 
267    (0)   :  0.004 0.005 0.014 0.048 0.079 0.101 0.140 0.255 0.355 
268    (0)   :  0.005 0.004 0.013 0.048 0.076 0.069 0.270 0.235 0.281 
269    (0)   :  0.005 0.005 0.009 0.129 0.085 0.136 0.097 0.285 0.250 
270    (0)   :  0.008 0.006 0.010 0.060 0.086 0.092 0.101 0.120 0.515 
271    (0)   :  0.005 0.004 0.014 0.057 0.088 0.086 0.154 0.172 0.420 
272    (0)   :  0.006 0.006 0.018 0.182 0.081 0.084 0.163 0.182 0.277 
273    (0)   :  0.043 0.023 0.022 0.065 0.110 0.128 0.103 0.234 0.271 
274    (0)   :  0.005 0.005 0.010 0.082 0.085 0.103 0.116 0.198 0.397 
275    (0)   :  0.024 0.008 0.015 0.100 0.071 0.094 0.105 0.207 0.375 
276    (0)   :  0.005 0.006 0.019 0.124 0.090 0.092 0.230 0.136 0.298 
277    (0)   :  0.005 0.005 0.008 0.063 0.080 0.113 0.110 0.304 0.312 
278    (0)   :  0.005 0.004 0.014 0.061 0.072 0.070 0.157 0.181 0.436 
279    (0)   :  0.005 0.005 0.010 0.059 0.077 0.097 0.124 0.239 0.384 
280    (0)   :  0.005 0.005 0.009 0.078 0.071 0.150 0.158 0.204 0.321 
281    (0)   :  0.005 0.005 0.010 0.044 0.097 0.108 0.116 0.195 0.419 
282    (0)   :  0.005 0.004 0.009 0.059 0.074 0.092 0.086 0.432 0.240 
283    (0)   :  0.005 0.004 0.009 0.043 0.073 0.070 0.102 0.463 0.231 
284    (0)   :  0.009 0.004 0.013 0.056 0.095 0.089 0.130 0.277 0.328 
285    (0)   :  0.004 0.004 0.014 0.046 0.081 0.104 0.164 0.076 0.505 
286    (0)   :  0.005 0.005 0.011 0.039 0.058 0.067 0.100 0.359 0.358 
287    (0)   :  0.005 0.005 0.008 0.066 0.104 0.135 0.105 0.251 0.321 
288    (0)   :  0.006 0.005 0.012 0.143 0.074 0.081 0.100 0.173 0.405 
289    (0)   :  0.009 0.007 0.015 0.110 0.100 0.080 0.132 0.146 0.401 
290    (0)   :  0.004 0.008 0.020 0.082 0.071 0.130 0.263 0.148 0.274 
291    (0)   :  0.005 0.005 0.014 0.056 0.089 0.086 0.152 0.172 0.422 
292    (0)   :  0.005 0.005 0.009 0.061 0.065 0.151 0.279 0.214 0.212 
293    (0)   :  0.004 0.006 0.018 0.095 0.082 0.183 0.244 0.117 0.252 
294    (0)   :  0.005 0.006 0.011 0.060 0.066 0.071 0.194 0.109 0.479 
295    (0)   :  0.014 0.006 0.021 0.100 0.093 0.113 0.249 0.138 0.266 
296    (0)   :  0.005 0.004 0.013 0.047 0.084 0.072 0.139 0.172 0.464 
297    (0)   :  0.005 0.005 0.009 0.070 0.076 0.153 0.127 0.147 0.408 
298    (0)   :  0.005 0.005 0.008 0.053 0.080 0.090 0.080 0.353 0.327 
299    (0)   :  0.005 0.007 0.009 0.054 0.069 0.081 0.085 0.141 0.549 
300    (0)   :  0.004 0.004 0.011 0.038 0.063 0.102 0.137 0.100 0.541 
301    (0)   :  0.008 0.006 0.011 0.117 0.074 0.089 0.103 0.125 0.467 
302    (0)   :  0.010 0.007 0.014 0.067 0.065 0.069 0.248 0.115 0.405 
303    (0)   :  0.005 0.005 0.010 0.042 0.064 0.123 0.130 0.306 0.316 
304    (0)   :  0.009 0.007 0.011 0.092 0.119 0.118 0.080 0.353 0.211 
305    (0)   :  0.010 0.005 0.011 0.043 0.054 0.077 0.207 0.251 0.341 
306    (0)   :  0.005 0.005 0.009 0.069 0.068 0.096 0.156 0.375 0.217 
307    (0)   :  0.005 0.005 0.011 0.060 0.078 0.097 0.134 0.231 0.378 
308    (0)   :  0.005 0.004 0.008 0.046 0.064 0.098 0.208 0.339 0.229 
309    (0)   :  0.026 0.017 0.031 0.048 0.089 0.073 0.106 0.150 0.459 
310    (0)   :  0.004 0.004 0.012 0.038 0.059 0.069 0.192 0.303 0.319 
311    (0)   :  0.005 0.005 0.011 0.036 0.061 0.065 0.091 0.288 0.438 
312    (0)   :  0.005 0.004 0.011 0.035 0.072 0.063 0.122 0.157 0.530 
313    (0)   :  0.005 0.004 0.012 0.040 0.066 0.068 0.274 0.095 0.434 
314    (0)   :  0.034 0.005 0.011 0.038 0.054 0.086 0.146 0.531 0.095 
315    (0)   :  0.036 0.004 0.008 0.064 0.060 0.086 0.157 0.490 0.095 
316    (0)   :  0.105 0.007 0.010 0.080 0.065 0.101 0.087 0.442 0.104 
317    (0)   :  0.033 0.005 0.011 0.039 0.056 0.088 0.080 0.592 0.096 
318    (0)   :  0.089 0.005 0.010 0.040 0.056 0.095 0.059 0.549 0.097 
319    (0)   :  0.005 0.005 0.009 0.033 0.054 0.083 0.085 0.621 0.105 
320    (0)   :  0.034 0.005 0.011 0.038 0.054 0.086 0.145 0.532 0.095 
321    (0)   :  0.086 0.005 0.011 0.040 0.057 0.100 0.076 0.525 0.099 
322    (0)   :  0.034 0.008 0.012 0.076 0.065 0.094 0.134 0.473 0.105 
323    (0)   :  0.030 0.015 0.009 0.040 0.057 0.087 0.066 0.596 0.100 
324    (0)   :  0.087 0.005 0.011 0.040 0.057 0.101 0.076 0.525 0.098 
325    (0)   :  0.141 0.005 0.009 0.079 0.063 0.094 0.080 0.429 0.099 
326    (0)   :  0.379 0.006 0.009 0.059 0.062 0.093 0.078 0.217 0.097 
327    (0)   :  0.031 0.005 0.011 0.039 0.056 0.090 0.079 0.595 0.095 
328    (0)   :  0.039 0.005 0.009 0.070 0.062 0.095 0.124 0.486 0.110 
329    (0)   :  0.009 0.005 0.008 0.035 0.055 0.090 0.064 0.640 0.096 
330    (0)   :  0.033 0.005 0.011 0.038 0.056 0.090 0.080 0.592 0.096 
331    (0)   :  0.022 0.005 0.008 0.034 0.055 0.089 0.064 0.619 0.104 
332    (0)   :  0.363 0.008 0.009 0.062 0.062 0.094 0.079 0.225 0.097 
333    (0)   :  0.275 0.006 0.008 0.059 0.063 0.089 0.093 0.296 0.111 
334    (0)   :  0.040 0.005 0.009 0.070 0.063 0.094 0.124 0.486 0.110 
335    (0)   :  0.014 0.005 0.009 0.065 0.062 0.084 0.126 0.539 0.096 
336    (0)   :  0.308 0.009 0.009 0.038 0.055 0.096 0.108 0.283 0.094 
337    (0)   :  0.137 0.005 0.011 0.077 0.063 0.099 0.109 0.399 0.100 
338    (0)   :  0.312 0.005 0.008 0.037 0.057 0.102 0.062 0.317 0.100 
339    (0)   :  0.023 0.005 0.008 0.034 0.055 0.090 0.063 0.618 0.104 
340    (0)   :  0.009 0.005 0.007 0.032 0.054 0.080 0.067 0.645 0.100 
341    (0)   :  0.147 0.011 0.010 0.036 0.057 0.090 0.069 0.470 0.109 
342    (0)   :  0.034 0.005 0.011 0.039 0.055 0.089 0.080 0.591 0.096 
343    (0)   :  0.043 0.012 0.010 0.069 0.061 0.086 0.221 0.407 0.092 
344    (0)   :  0.021 0.005 0.008 0.034 0.055 0.090 0.061 0.630 0.095 
345    (0)   :  0.032 0.005 0.011 0.039 0.056 0.088 0.079 0.595 0.096 
346    (0)   :  0.034 0.005 0.010 0.039 0.055 0.086 0.063 0.613 0.095 
347    (0)   :  0.009 0.005 0.008 0.033 0.054 0.080 0.064 0.656 0.092 
348    (0)   :  0.012 0.004 0.009 0.056 0.058 0.079 0.230 0.460 0.092 
349    (0)   :  0.033 0.005 0.011 0.039 0.056 0.089 0.080 0.591 0.096 
350    (0)   :  0.009 0.005 0.008 0.034 0.054 0.087 0.113 0.584 0.107 
351    (0)   :  0.014 0.005 0.009 0.066 0.062 0.084 0.127 0.539 0.095 
352    (0)   :  0.054 0.005 0.011 0.078 0.062 0.089 0.121 0.481 0.098 
353    (0)   :  0.307 0.008 0.009 0.038 0.056 0.096 0.109 0.283 0.094 
354    (0)   :  0.043 0.007 0.010 0.037 0.057 0.095 0.066 0.583 0.102 
355    (0)   :  0.091 0.005 0.010 0.040 0.056 0.095 0.060 0.545 0.097 
356    (0)   :  0.005 0.004 0.009 0.053 0.057 0.078 0.258 0.442 0.092 
357    (0)   :  0.006 0.004 0.009 0.133 0.080 0.163 0.087 0.395 0.123 
358    (0)   :  0.248 0.005 0.008 0.061 0.062 0.093 0.085 0.339 0.099 
359    (0)   :  0.195 0.005 0.008 0.035 0.056 0.096 0.069 0.428 0.109 
360    (0)   :  0.033 0.005 0.010 0.038 0.056 0.085 0.063 0.615 0.094 
361    (0)   :  0.006 0.005 0.010 0.125 0.079 0.173 0.125 0.348 0.128 
362    (0)   :  0.013 0.005 0.010 0.104 0.164 0.199 0.118 0.108 0.278 
363    (0)   :  0.007 0.007 0.013 0.120 0.233 0.180 0.109 0.085 0.245 
364    (0)   :  0.010 0.018 0.019 0.118 0.099 0.174 0.118 0.247 0.198 
365    (0)   :  0.008 0.015 0.025 0.093 0.115 0.372 0.088 0.096 0.187 
366    (0)   :  0.007 0.006 0.017 0.159 0.073 0.150 0.226 0.146 0.216 
367    (0)   :  0.004 0.005 0.010 0.069 0.473 0.175 0.068 0.073 0.124 
368    (0)   :  0.005 0.005 0.011 0.052 0.149 0.160 0.077 0.111 0.430 
369    (0)   :  0.014 0.008 0.020 0.103 0.089 0.122 0.305 0.141 0.198 
370    (0)   :  0.019 0.013 0.021 0.071 0.185 0.124 0.097 0.112 0.358 
371    (0)   :  0.021 0.011 0.019 0.107 0.098 0.129 0.122 0.133 0.360 
372    (0)   :  0.029 0.036 0.033 0.046 0.127 0.111 0.094 0.127 0.397 
373    (0)   :  0.005 0.006 0.014 0.050 0.275 0.203 0.099 0.163 0.185 
374    (0)   :  0.007 0.007 0.027 0.106 0.133 0.181 0.112 0.241 0.187 
375    (0)   :  0.009 0.017 0.017 0.110 0.200 0.195 0.069 0.085 0.298 
376    (0)   :  0.006 0.122 0.012 0.126 0.163 0.301 0.077 0.080 0.113 
377    (0)   :  0.016 0.007 0.014 0.071 0.103 0.218 0.105 0.107 0.360 
378    (0)   :  0.014 0.005 0.014 0.039 0.329 0.121 0.096 0.226 0.156 
379    (0)   :  0.008 0.201 0.015 0.132 0.176 0.192 0.085 0.070 0.122 
380    (0)   :  0.010 0.011 0.014 0.067 0.069 0.401 0.123 0.154 0.149 
381    (0)   :  0.006 0.010 0.013 0.124 0.064 0.344 0.191 0.136 0.111 
382    (0)   :  0.009 0.005 0.010 0.214 0.224 0.162 0.069 0.097 0.210 
383    (0)   :  0.187 0.011 0.012 0.078 0.068 0.298 0.065 0.104 0.177 
384    (0)   :  0.064 0.056 0.020 0.127 0.133 0.212 0.068 0.144 0.175 
385    (0)   :  0.118 0.006 0.164 0.055 0.095 0.178 0.067 0.136 0.181 
386    (0)   :  0.005 0.004 0.010 0.094 0.267 0.252 0.092 0.088 0.188 
387    (0)   :  0.005 0.005 0.011 0.129 0.220 0.259 0.090 0.108 0.173 
388    (0)   :  0.012 0.014 0.031 0.066 0.125 0.226 0.074 0.230 0.222 
389    (0)   :  0.017 0.009 0.066 0.063 0.096 0.088 0.163 0.097 0.401 
390    (0)   :  0.018 0.018 0.022 0.089 0.269 0.210 0.175 0.079 0.119 
391    (0)   :  0.011 0.013 0.072 0.093 0.176 0.124 0.180 0.127 0.204 
392    (0)   :  0.005 0.008 0.008 0.063 0.143 0.357 0.088 0.157 0.171 
393    (0)   :  0.007 0.007 0.011 0.058 0.074 0.511 0.111 0.114 0.108 
394    (0)   :  0.017 0.005 0.008 0.082 0.194 0.170 0.096 0.254 0.175 
395    (0)   :  0.004 0.004 0.009 0.073 0.154 0.213 0.165 0.101 0.276 
396    (0)   :  0.004 0.006 0.011 0.090 0.249 0.200 0.072 0.076 0.292 
397    (0)   :  0.005 0.086 0.010 0.082 0.082 0.115 0.115 0.183 0.322 
398    (0)   :  0.005 0.037 0.009 0.063 0.275 0.333 0.080 0.078 0.121 
399    (0)   :  0.010 0.004 0.018 0.109 0.388 0.103 0.117 0.096 0.155 
400    (0)   :  0.005 0.008 0.012 0.091 0.292 0.235 0.105 0.122 0.130 
401    (0)   :  0.004 0.004 0.011 0.044 0.336 0.162 0.165 0.129 0.143 
402    (0)   :  0.006 0.007 0.013 0.055 0.173 0.240 0.160 0.124 0.222 
403    (0)   :  0.006 0.007 0.029 0.052 0.108 0.195 0.097 0.321 0.184 
404    (0)   :  0.004 0.008 0.018 0.084 0.110 0.231 0.103 0.141 0.300 
405    (0)   :  0.005 0.004 0.009 0.121 0.109 0.219 0.149 0.125 0.258 
406    (0)   :  0.005 0.004 0.010 0.209 0.069 0.171 0.245 0.152 0.135 
407    (0)   :  0.004 0.004 0.009 0.073 0.120 0.480 0.071 0.073 0.165 
408    (0)   :  0.004 0.004 0.010 0.043 0.338 0.098 0.214 0.067 0.221 
409    (0)   :  0.009 0.010 0.016 0.043 0.083 0.280 0.256 0.188 0.115 
410    (0)   :  0.008 0.077 0.014 0.069 0.206 0.251 0.105 0.124 0.144 
411    (0)   :  0.022 0.021 0.010 0.130 0.139 0.231 0.142 0.154 0.151 
412    (0)   :  0.005 0.005 0.011 0.055 0.186 0.200 0.076 0.101 0.362 
413    (0)   :  0.013 0.005 0.009 0.059 0.224 0.149 0.077 0.201 0.264 
414    (0)   :  0.008 0.004 0.016 0.113 0.247 0.122 0.067 0.073 0.349 
415    (0)   :  0.004 0.006 0.011 0.171 0.149 0.237 0.169 0.094 0.158 
416    (0)   :  0.005 0.006 0.023 0.043 0.195 0.308 0.163 0.117 0.141 
417    (0)   :  0.007 0.006 0.010 0.176 0.170 0.294 0.088 0.086 0.163 
418    (0)   :  0.005 0.007 0.009 0.072 0.357 0.170 0.065 0.088 0.227 
419    (0)   :  0.008 0.010 0.024 0.057 0.139 0.262 0.129 0.203 0.166 
420    (0)   :  0.004 0.004 0.011 0.046 0.324 0.140 0.267 0.078 0.128 
421    (0)   :  0.006 0.006 0.011 0.074 0.197 0.279 0.089 0.086 0.251 
422    (0)   :  0.005 0.006 0.010 0.047 0.086 0.305 0.137 0.092 0.313 
423    (0)   :  0.005 0.007 0.010 0.256 0.133 0.133 0.105 0.121 0.230 
424    (0)   :  0.007 0.007 0.030 0.126 0.254 0.130 0.181 0.125 0.140 
425    (0)   :  0.007 0.020 0.041 0.120 0.133 0.204 0.085 0.153 0.236 
426    (0)   :  0.033 0.029 0.032 0.137 0.222 0.143 0.101 0.139 0.165 
427    (0)   :  0.011 0.005 0.009 0.071 0.232 0.344 0.070 0.155 0.104 
428    (0)   :  0.007 0.020 0.011 0.080 0.086 0.290 0.165 0.173 0.168 
429    (0)   :  0.004 0.006 0.009 0.125 0.311 0.267 0.067 0.072 0.138 
430    (0)   :  0.006 0.005 0.009 0.094 0.104 0.436 0.091 0.078 0.176 
431    (0)   :  0.013 0.008 0.020 0.143 0.227 0.096 0.093 0.142 0.260 
432    (0)   :  0.005 0.005 0.010 0.047 0.175 0.192 0.090 0.118 0.358 
433    (0)   :  0.006 0.007 0.010 0.051 0.107 0.111 0.125 0.275 0.309 
434    (0)   :  0.005 0.005 0.013 0.069 0.089 0.243 0.137 0.141 0.298 
435    (0)   :  0.005 0.005 0.008 0.140 0.184 0.355 0.093 0.077 0.132 
436    (0)   :  0.005 0.006 0.011 0.261 0.213 0.197 0.119 0.111 0.077 
437    (0)   :  0.005 0.007 0.008 0.330 0.098 0.195 0.076 0.091 0.190 
438    (0)   :  0.007 0.006 0.011 0.099 0.169 0.262 0.244 0.105 0.098 
439    (0)   :  0.006 0.005 0.009 0.112 0.124 0.486 0.083 0.088 0.088 
440    (0)   :  0.004 0.004 0.010 0.354 0.198 0.185 0.078 0.067 0.101 
441    (0)   :  0.007 0.005 0.010 0.095 0.100 0.415 0.113 0.127 0.127 
442    (0)   :  0.004 0.006 0.025 0.109 0.205 0.272 0.119 0.082 0.178 
443    (0)   :  0.005 0.004 0.013 0.087 0.333 0.146 0.238 0.071 0.103 
444    (0)   :  0.004 0.006 0.025 0.216 0.161 0.213 0.139 0.081 0.155 
445    (0)   :  0.006 0.037 0.010 0.044 0.079 0.399 0.193 0.129 0.103 
446    (0)   :  0.006 0.043 0.010 0.060 0.306 0.336 0.074 0.082 0.083 
447    (0)   :  0.005 0.006 0.030 0.205 0.113 0.229 0.155 0.130 0.125 
448    (0)   :  0.005 0.005 0.010 0.141 0.139 0.341 0.102 0.087 0.170 
449    (0)   :  0.005 0.005 0.010 0.147 0.117 0.312 0.120 0.121 0.163 
450    (0)   :  0.005 0.008 0.011 0.116 0.131 0.417 0.062 0.123 0.126 
451    (0)   :  0.005 0.005 0.011 0.135 0.345 0.106 0.089 0.068 0.236 
452    (0)   :  0.005 0.005 0.009 0.069 0.176 0.443 0.069 0.114 0.110 
453    (0)   :  0.005 0.004 0.016 0.061 0.127 0.157 0.402 0.090 0.137 
454    (0)   :  0.013 0.005 0.009 0.152 0.151 0.285 0.103 0.128 0.155 
455    (0)   :  0.006 0.004 0.010 0.156 0.178 0.319 0.163 0.075 0.089 
456    (0)   :  0.005 0.005 0.012 0.163 0.156 0.234 0.233 0.074 0.118 
457    (0)   :  0.005 0.006 0.008 0.192 0.092 0.381 0.087 0.090 0.138 
458    (0)   :  0.005 0.039 0.010 0.052 0.134 0.496 0.076 0.084 0.105 
459    (0)   :  0.006 0.005 0.011 0.134 0.212 0.287 0.117 0.143 0.084 
460    (0)   :  0.006 0.005 0.010 0.132 0.317 0.269 0.091 0.079 0.092 
461    (0)   :  0.005 0.006 0.010 0.088 0.449 0.200 0.063 0.082 0.097 
462    (0)   :  0.006 0.007 0.044 0.146 0.118 0.296 0.117 0.062 0.205 
463    (0)   :  0.006 0.004 0.010 0.197 0.079 0.174 0.311 0.088 0.130 
464    (0)   :  0.005 0.004 0.009 0.111 0.333 0.191 0.174 0.074 0.099 
465    (0)   :  0.005 0.006 0.011 0.068 0.256 0.282 0.128 0.085 0.159 
466    (0)   :  0.005 0.004 0.009 0.116 0.218 0.179 0.264 0.075 0.130 
467    (0)   :  0.007 0.005 0.011 0.099 0.117 0.357 0.135 0.100 0.168 
468    (0)   :  0.004 0.005 0.008 0.331 0.083 0.225 0.154 0.075 0.114 
469    (0)   :  0.006 0.005 0.009 0.211 0.085 0.443 0.076 0.079 0.086 
470    (0)   :  0.005 0.005 0.008 0.141 0.246 0.326 0.086 0.081 0.102 
471    (0)   :  0.004 0.005 0.016 0.073 0.210 0.217 0.198 0.086 0.190 
472    (0)   :  0.005 0.006 0.012 0.065 0.126 0.369 0.162 0.078 0.178 
473    (0)   :  0.006 0.005 0.009 0.138 0.102 0.267 0.126 0.119 0.228 
474    (0)   :  0.004 0.005 0.009 0.067 0.167 0.413 0.124 0.104 0.105 
475    (0)   :  0.005 0.005 0.010 0.069 0.260 0.246 0.139 0.131 0.136 
476    (0)   :  0.005 0.007 0.010 0.254 0.145 0.264 0.134 0.085 0.097 
477    (0)   :  0.006 0.006 0.019 0.123 0.265 0.189 0.153 0.111 0.128 
478    (0)   :  0.006 0.006 0.019 0.074 0.487 0.143 0.078 0.077 0.110 
479    (0)   :  0.005 0.004 0.010 0.235 0.208 0.275 0.081 0.078 0.104 
480    (0)   :  0.005 0.006 0.008 0.230 0.135 0.347 0.079 0.087 0.103 
481    (0)   :  0.004 0.005 0.016 0.078 0.131 0.272 0.099 0.084 0.312 
482    (0)   :  0.005 0.006 0.008 0.141 0.274 0.320 0.069 0.078 0.100 
483    (0)   :  0.007 0.005 0.009 0.117 0.186 0.400 0.093 0.091 0.093 
484    (0)   :  0.006 0.005 0.013 0.100 0.087 0.373 0.203 0.084 0.130 
485    (0)   :  0.007 0.006 0.009 0.256 0.178 0.286 0.088 0.080 0.090 
486    (0)   :  0.006 0.007 0.028 0.094 0.160 0.102 0.197 0.104 0.303 
487    (0)   :  0.007 0.008 0.026 0.105 0.115 0.141 0.138 0.199 0.261 
488    (0)   :  0.007 0.007 0.058 0.067 0.166 0.110 0.096 0.171 0.319 
489    (0)   :  0.006 0.007 0.015 0.093 0.074 0.130 0.187 0.169 0.320 
490    (0)   :  0.005 0.006 0.017 0.097 0.280 0.126 0.192 0.076 0.201 
491    (0)   :  0.005 0.006 0.032 0.048 0.076 0.114 0.148 0.167 0.402 
492    (0)   :  0.006 0.005 0.038 0.051 0.194 0.113 0.173 0.275 0.145 
493    (0)   :  0.007 0.009 0.047 0.099 0.098 0.089 0.095 0.140 0.415 
494    (0)   :  0.005 0.022 0.032 0.090 0.105 0.116 0.165 0.171 0.294 
495    (0)   :  0.007 0.020 0.109 0.069 0.209 0.088 0.170 0.195 0.133 
496    (0)   :  0.006 0.005 0.009 0.053 0.091 0.129 0.246 0.243 0.218 
497    (0)   :  0.008 0.011 0.065 0.062 0.069 0.117 0.087 0.165 0.415 
498    (0)   :  0.006 0.007 0.054 0.072 0.159 0.137 0.186 0.101 0.278 
499    (0)   :  0.007 0.014 0.017 0.075 0.079 0.122 0.140 0.253 0.295 
500    (0)   :  0.005 0.011 0.012 0.188 0.084 0.109 0.100 0.134 0.356 
501    (0)   :  0.005 0.010 0.014 0.107 0.139 0.151 0.108 0.244 0.221 
502    (0)   :  0.005 0.007 0.026 0.049 0.178 0.185 0.087 0.276 0.187 
503    (0)   :  0.005 0.006 0.010 0.085 0.118 0.282 0.085 0.103 0.306 
504    (0)   :  0.005 0.007 0.079 0.054 0.228 0.133 0.162 0.106 0.226 
505    (0)   :  0.004 0.006 0.019 0.067 0.105 0.090 0.229 0.162 0.317 
506    (0)   :  0.005 0.006 0.028 0.044 0.192 0.127 0.121 0.241 0.236 
507    (0)   :  0.006 0.006 0.009 0.037 0.058 0.094 0.242 0.374 0.173 
508    (0)   :  0.008 0.010 0.015 0.040 0.070 0.072 0.218 0.373 0.194 
509    (0)   :  0.005 0.006 0.014 0.052 0.091 0.104 0.210 0.221 0.297 
510    (0)   :  0.005 0.016 0.012 0.101 0.107 0.106 0.109 0.317 0.227 
511    (0)   :  0.005 0.009 0.023 0.181 0.208 0.131 0.139 0.118 0.188 
512    (0)   :  0.004 0.007 0.014 0.153 0.264 0.179 0.077 0.088 0.214 
513    (0)   :  0.005 0.006 0.343 0.035 0.084 0.059 0.131 0.120 0.216 
514    (0)   :  0.009 0.006 0.012 0.056 0.324 0.101 0.118 0.141 0.233 
515    (0)   :  0.006 0.010 0.013 0.118 0.091 0.211 0.183 0.220 0.148 
516    (0)   :  0.005 0.007 0.015 0.047 0.190 0.112 0.189 0.125 0.309 
517    (0)   :  0.006 0.006 0.010 0.102 0.144 0.124 0.240 0.191 0.176 
518    (0)   :  0.006 0.060 0.011 0.090 0.089 0.119 0.085 0.246 0.295 
519    (0)   :  0.005 0.005 0.018 0.065 0.338 0.125 0.134 0.147 0.163 
520    (0)   :  0.006 0.006 0.010 0.177 0.068 0.112 0.227 0.251 0.143 
521    (0)   :  0.123 0.005 0.010 0.057 0.151 0.078 0.124 0.215 0.238 
522    (0)   :  0.006 0.019 0.013 0.225 0.112 0.127 0.208 0.121 0.170 
523    (0)   :  0.012 0.006 0.010 0.079 0.113 0.079 0.399 0.168 0.133 
524    (0)   :  0.006 0.007 0.009 0.198 0.110 0.161 0.137 0.155 0.216 
525    (0)   :  0.007 0.072 0.010 0.093 0.076 0.156 0.174 0.226 0.186 
