

----------------------------------------------------
STRUCTURE by Pritchard, Stephens and Donnelly (2000)
     and Falush, Stephens and Pritchard (2003)
       Code by Pritchard, Falush and Hubisz
             Version 2.3.4 (Jul 2012)
----------------------------------------------------



Command line arguments:   ./structure -K 7 -D 107015 -m brooktrout/mainparams -e brooktrout/extraparams -o brooktrout/250914_output/results_K7_rep15 
Input File:    brooktrout/brooktrout.txt

Run parameters:
   8454 individuals
   5 loci
   7 populations assumed
   50000 Burn-in period
   100000 Reps
RANDOMIZE turned off


--------------------------------------------
Overall proportion of membership of the
sample in each of the 7 clusters

Inferred Clusters
  1      2      3      4      5      6      7    
0.027  0.034  0.096  0.138  0.174  0.287  0.243  

--------------------------------------------

Allele-freq. divergence among pops (Net nucleotide distance),
computed using point estimates of P.

      1       2       3       4       5       6       7      
 1      -    0.2321  0.1550  0.1268  0.1185  0.1243  0.1808  
 2   0.2321     -    0.1211  0.2051  0.1345  0.1066  0.1908  
 3   0.1550  0.1211     -    0.1021  0.1158  0.0624  0.1347  
 4   0.1268  0.2051  0.1021     -    0.0772  0.0873  0.1028  
 5   0.1185  0.1345  0.1158  0.0772     -    0.0818  0.0998  
 6   0.1243  0.1066  0.0624  0.0873  0.0818     -    0.1424  
 7   0.1808  0.1908  0.1347  0.1028  0.0998  0.1424     -    

Average distances (expected heterozygosity) between individuals in same cluster:
cluster  1  : 0.7715 
cluster  2  : 0.6805 
cluster  3  : 0.7485 
cluster  4  : 0.7706 
cluster  5  : 0.8078 
cluster  6  : 0.7831 
cluster  7  : 0.7242 

--------------------------------------------
Estimated Ln Prob of Data   = -182573.3
Mean value of ln likelihood = -171278.0
Variance of ln likelihood   = 22590.5

Mean value of alpha_1       = 0.0658
Mean value of alpha_2       = 0.0780
Mean value of alpha_3       = 0.2349
Mean value of alpha_4       = 0.3542
Mean value of alpha_5       = 0.4562
Mean value of alpha_6       = 0.7164
Mean value of alpha_7       = 0.6190
Allele frequencies uncorrelated


Inferred ancestry of individuals:
     (%Miss) :  Inferred clusters
  1    (0)   :  0.012 0.017 0.118 0.063 0.310 0.193 0.288 
  2    (0)   :  0.015 0.009 0.050 0.617 0.071 0.147 0.091 
  3    (0)   :  0.007 0.022 0.230 0.075 0.225 0.235 0.207 
  4    (0)   :  0.011 0.020 0.057 0.073 0.130 0.152 0.558 
  5    (0)   :  0.026 0.010 0.102 0.445 0.097 0.216 0.104 
  6    (0)   :  0.007 0.012 0.438 0.099 0.070 0.267 0.107 
  7    (0)   :  0.010 0.014 0.080 0.050 0.067 0.679 0.100 
  8    (0)   :  0.010 0.021 0.178 0.062 0.126 0.227 0.376 
  9    (0)   :  0.018 0.012 0.183 0.233 0.144 0.235 0.174 
 10    (0)   :  0.013 0.014 0.147 0.076 0.079 0.379 0.294 
 11    (0)   :  0.012 0.017 0.072 0.054 0.102 0.641 0.102 
 12    (0)   :  0.015 0.010 0.128 0.392 0.106 0.201 0.148 
 13    (0)   :  0.019 0.014 0.151 0.158 0.108 0.362 0.187 
 14    (0)   :  0.009 0.028 0.076 0.297 0.219 0.171 0.200 
 15    (0)   :  0.011 0.036 0.080 0.142 0.151 0.244 0.335 
 16    (0)   :  0.014 0.018 0.156 0.053 0.177 0.418 0.162 
 17    (0)   :  0.018 0.014 0.396 0.113 0.145 0.174 0.141 
 18    (0)   :  0.010 0.035 0.213 0.271 0.116 0.180 0.175 
 19    (0)   :  0.010 0.011 0.371 0.118 0.087 0.270 0.133 
 20    (0)   :  0.015 0.022 0.107 0.140 0.189 0.355 0.174 
 21    (0)   :  0.010 0.015 0.067 0.166 0.249 0.184 0.310 
 22    (0)   :  0.009 0.012 0.417 0.083 0.110 0.193 0.175 
 23    (0)   :  0.038 0.026 0.064 0.155 0.233 0.155 0.329 
 24    (0)   :  0.012 0.018 0.126 0.069 0.200 0.245 0.331 
 25    (0)   :  0.013 0.023 0.194 0.133 0.084 0.471 0.082 
 26    (0)   :  0.011 0.016 0.290 0.127 0.134 0.195 0.227 
 27    (0)   :  0.017 0.014 0.170 0.088 0.210 0.301 0.200 
 28    (0)   :  0.010 0.017 0.067 0.107 0.096 0.284 0.418 
 29    (0)   :  0.018 0.010 0.066 0.143 0.229 0.385 0.149 
 30    (0)   :  0.011 0.015 0.359 0.097 0.173 0.206 0.140 
 31    (0)   :  0.020 0.011 0.138 0.127 0.208 0.261 0.234 
 32    (0)   :  0.009 0.021 0.158 0.206 0.125 0.214 0.267 
 33    (0)   :  0.009 0.014 0.116 0.067 0.263 0.321 0.210 
 34    (0)   :  0.036 0.020 0.129 0.056 0.080 0.507 0.171 
 35    (0)   :  0.029 0.009 0.221 0.141 0.323 0.172 0.106 
 36    (0)   :  0.007 0.039 0.040 0.060 0.627 0.129 0.097 
 37    (0)   :  0.009 0.011 0.085 0.195 0.204 0.205 0.291 
 38    (0)   :  0.026 0.220 0.045 0.079 0.258 0.292 0.080 
 39    (0)   :  0.019 0.023 0.094 0.105 0.278 0.363 0.118 
 40    (0)   :  0.012 0.014 0.076 0.089 0.503 0.134 0.172 
 41    (0)   :  0.021 0.014 0.084 0.049 0.527 0.228 0.077 
 42    (0)   :  0.011 0.036 0.032 0.042 0.478 0.123 0.277 
 43    (0)   :  0.013 0.009 0.056 0.130 0.449 0.186 0.156 
 44    (0)   :  0.011 0.008 0.132 0.098 0.509 0.166 0.076 
 45    (0)   :  0.020 0.030 0.037 0.178 0.455 0.203 0.077 
 46    (0)   :  0.012 0.012 0.246 0.125 0.239 0.260 0.105 
 47    (0)   :  0.020 0.009 0.286 0.174 0.161 0.192 0.157 
 48    (0)   :  0.016 0.010 0.159 0.128 0.484 0.118 0.085 
 49    (0)   :  0.033 0.015 0.124 0.093 0.368 0.228 0.138 
 50    (0)   :  0.016 0.012 0.173 0.098 0.130 0.427 0.143 
 51    (0)   :  0.009 0.021 0.026 0.053 0.729 0.092 0.071 
 52    (0)   :  0.023 0.013 0.110 0.055 0.303 0.353 0.143 
 53    (0)   :  0.013 0.120 0.134 0.061 0.214 0.300 0.158 
 54    (0)   :  0.020 0.007 0.075 0.385 0.199 0.152 0.163 
 55    (0)   :  0.014 0.009 0.059 0.226 0.431 0.141 0.119 
 56    (0)   :  0.024 0.019 0.187 0.122 0.383 0.128 0.136 
 57    (0)   :  0.021 0.013 0.252 0.085 0.082 0.244 0.303 
 58    (0)   :  0.020 0.015 0.043 0.126 0.471 0.197 0.127 
 59    (0)   :  0.045 0.047 0.053 0.088 0.471 0.186 0.109 
 60    (0)   :  0.007 0.017 0.037 0.068 0.580 0.122 0.169 
 61    (0)   :  0.012 0.007 0.025 0.299 0.369 0.113 0.175 
 62    (0)   :  0.104 0.012 0.177 0.206 0.118 0.245 0.137 
 63    (0)   :  0.010 0.012 0.040 0.106 0.388 0.260 0.182 
 64    (0)   :  0.016 0.024 0.298 0.156 0.145 0.265 0.095 
 65    (0)   :  0.013 0.011 0.059 0.215 0.109 0.517 0.077 
 66    (0)   :  0.012 0.011 0.036 0.299 0.154 0.227 0.261 
 67    (0)   :  0.013 0.007 0.048 0.277 0.388 0.169 0.097 
 68    (0)   :  0.033 0.055 0.047 0.085 0.467 0.178 0.136 
 69    (0)   :  0.098 0.198 0.055 0.080 0.187 0.210 0.172 
 70    (0)   :  0.008 0.020 0.030 0.045 0.591 0.185 0.121 
 71    (0)   :  0.034 0.033 0.042 0.108 0.531 0.186 0.066 
 72    (0)   :  0.008 0.021 0.175 0.066 0.391 0.245 0.094 
 73    (0)   :  0.045 0.012 0.036 0.276 0.338 0.205 0.087 
 74    (0)   :  0.007 0.043 0.045 0.061 0.574 0.120 0.149 
 75    (0)   :  0.011 0.029 0.039 0.071 0.572 0.094 0.184 
 76    (0)   :  0.008 0.010 0.048 0.128 0.391 0.304 0.112 
 77    (0)   :  0.024 0.034 0.034 0.087 0.491 0.259 0.071 
 78    (0)   :  0.033 0.126 0.039 0.080 0.417 0.227 0.079 
 79    (0)   :  0.010 0.017 0.054 0.127 0.063 0.611 0.117 
 80    (0)   :  0.008 0.011 0.038 0.110 0.066 0.224 0.543 
 81    (0)   :  0.007 0.013 0.041 0.143 0.056 0.315 0.425 
 82    (0)   :  0.023 0.013 0.045 0.171 0.259 0.260 0.229 
 83    (0)   :  0.007 0.030 0.044 0.143 0.097 0.358 0.320 
 84    (0)   :  0.007 0.015 0.040 0.115 0.076 0.441 0.304 
 85    (0)   :  0.008 0.042 0.070 0.130 0.096 0.287 0.366 
 86    (0)   :  0.017 0.011 0.071 0.392 0.186 0.221 0.102 
 87    (0)   :  0.009 0.025 0.037 0.104 0.103 0.594 0.128 
 88    (0)   :  0.009 0.012 0.038 0.138 0.120 0.317 0.367 
 89    (0)   :  0.007 0.012 0.035 0.212 0.080 0.246 0.408 
 90    (0)   :  0.009 0.013 0.035 0.161 0.078 0.558 0.147 
 91    (0)   :  0.006 0.034 0.044 0.087 0.108 0.209 0.512 
 92    (0)   :  0.010 0.014 0.055 0.187 0.101 0.428 0.206 
 93    (0)   :  0.008 0.009 0.032 0.062 0.075 0.115 0.699 
 94    (0)   :  0.007 0.044 0.034 0.050 0.090 0.670 0.106 
 95    (0)   :  0.008 0.011 0.027 0.133 0.094 0.454 0.273 
 96    (0)   :  0.011 0.009 0.026 0.207 0.347 0.123 0.277 
 97    (0)   :  0.010 0.047 0.049 0.106 0.459 0.114 0.214 
 98    (0)   :  0.015 0.011 0.056 0.171 0.365 0.232 0.150 
 99    (0)   :  0.007 0.014 0.036 0.162 0.065 0.448 0.268 
100    (0)   :  0.010 0.008 0.031 0.219 0.085 0.100 0.547 
101    (0)   :  0.010 0.029 0.041 0.150 0.178 0.394 0.198 
102    (0)   :  0.019 0.024 0.037 0.079 0.212 0.244 0.386 
103    (0)   :  0.010 0.009 0.029 0.483 0.081 0.230 0.158 
104    (0)   :  0.012 0.009 0.035 0.112 0.086 0.602 0.144 
105    (0)   :  0.043 0.008 0.031 0.240 0.116 0.357 0.204 
106    (0)   :  0.008 0.015 0.048 0.069 0.093 0.707 0.061 
107    (0)   :  0.018 0.010 0.035 0.311 0.095 0.368 0.163 
108    (0)   :  0.008 0.164 0.036 0.420 0.161 0.119 0.092 
109    (0)   :  0.142 0.029 0.051 0.123 0.141 0.448 0.065 
110    (0)   :  0.010 0.016 0.044 0.057 0.081 0.720 0.071 
111    (0)   :  0.033 0.010 0.033 0.139 0.079 0.610 0.098 
112    (0)   :  0.219 0.014 0.029 0.048 0.104 0.517 0.070 
113    (0)   :  0.012 0.019 0.061 0.383 0.178 0.215 0.133 
114    (0)   :  0.023 0.008 0.029 0.124 0.074 0.564 0.178 
115    (0)   :  0.036 0.011 0.053 0.087 0.342 0.364 0.106 
116    (0)   :  0.015 0.026 0.049 0.094 0.316 0.434 0.065 
117    (0)   :  0.035 0.015 0.050 0.056 0.140 0.605 0.100 
118    (0)   :  0.031 0.012 0.037 0.539 0.090 0.208 0.082 
119    (0)   :  0.007 0.018 0.027 0.114 0.368 0.184 0.282 
120    (0)   :  0.065 0.012 0.042 0.135 0.168 0.437 0.140 
121    (0)   :  0.101 0.014 0.052 0.087 0.324 0.336 0.086 
122    (0)   :  0.016 0.013 0.039 0.104 0.080 0.662 0.085 
123    (0)   :  0.015 0.019 0.036 0.143 0.104 0.560 0.123 
124    (0)   :  0.033 0.017 0.099 0.148 0.261 0.363 0.080 
125    (0)   :  0.035 0.027 0.092 0.057 0.285 0.410 0.095 
126    (0)   :  0.008 0.017 0.031 0.090 0.245 0.484 0.125 
127    (0)   :  0.026 0.009 0.031 0.161 0.090 0.580 0.104 
128    (0)   :  0.023 0.008 0.037 0.526 0.110 0.211 0.085 
129    (0)   :  0.017 0.009 0.034 0.409 0.103 0.350 0.078 
130    (0)   :  0.043 0.009 0.035 0.192 0.065 0.494 0.163 
131    (0)   :  0.039 0.110 0.055 0.091 0.263 0.372 0.071 
132    (0)   :  0.011 0.012 0.039 0.205 0.091 0.575 0.067 
133    (0)   :  0.016 0.013 0.036 0.305 0.097 0.412 0.121 
134    (0)   :  0.013 0.010 0.034 0.061 0.061 0.769 0.052 
135    (0)   :  0.025 0.013 0.034 0.097 0.259 0.099 0.474 
136    (0)   :  0.014 0.010 0.064 0.059 0.063 0.092 0.698 
137    (0)   :  0.027 0.010 0.035 0.046 0.063 0.128 0.690 
138    (0)   :  0.007 0.012 0.040 0.051 0.086 0.091 0.713 
139    (0)   :  0.012 0.011 0.047 0.337 0.176 0.113 0.303 
140    (0)   :  0.009 0.014 0.036 0.091 0.190 0.197 0.462 
141    (0)   :  0.014 0.014 0.085 0.077 0.089 0.122 0.600 
142    (0)   :  0.022 0.012 0.031 0.127 0.260 0.097 0.452 
143    (0)   :  0.007 0.008 0.029 0.051 0.066 0.075 0.764 
144    (0)   :  0.026 0.010 0.031 0.048 0.068 0.121 0.695 
145    (0)   :  0.019 0.014 0.107 0.086 0.126 0.125 0.524 
146    (0)   :  0.010 0.015 0.060 0.064 0.143 0.215 0.492 
147    (0)   :  0.007 0.009 0.035 0.044 0.056 0.078 0.770 
148    (0)   :  0.020 0.010 0.052 0.107 0.129 0.155 0.526 
149    (0)   :  0.012 0.013 0.038 0.069 0.153 0.092 0.623 
150    (0)   :  0.031 0.009 0.038 0.084 0.085 0.196 0.557 
151    (0)   :  0.008 0.008 0.031 0.068 0.085 0.107 0.693 
152    (0)   :  0.019 0.021 0.070 0.091 0.172 0.133 0.494 
153    (0)   :  0.008 0.012 0.035 0.048 0.158 0.119 0.620 
154    (0)   :  0.014 0.010 0.058 0.084 0.095 0.089 0.649 
155    (0)   :  0.007 0.008 0.030 0.064 0.068 0.103 0.719 
156    (0)   :  0.012 0.008 0.024 0.077 0.202 0.100 0.577 
157    (0)   :  0.007 0.011 0.026 0.054 0.073 0.211 0.618 
158    (0)   :  0.019 0.015 0.099 0.062 0.110 0.120 0.574 
159    (0)   :  0.010 0.009 0.033 0.053 0.055 0.079 0.760 
160    (0)   :  0.010 0.009 0.035 0.067 0.057 0.080 0.742 
161    (0)   :  0.009 0.014 0.041 0.062 0.151 0.146 0.578 
162    (0)   :  0.011 0.013 0.074 0.095 0.144 0.214 0.448 
163    (0)   :  0.007 0.008 0.027 0.051 0.102 0.091 0.715 
164    (0)   :  0.009 0.011 0.040 0.151 0.085 0.174 0.529 
165    (0)   :  0.031 0.009 0.033 0.061 0.084 0.176 0.605 
166    (0)   :  0.007 0.035 0.032 0.090 0.153 0.191 0.492 
167    (0)   :  0.012 0.011 0.114 0.058 0.066 0.127 0.612 
168    (0)   :  0.008 0.036 0.044 0.054 0.138 0.118 0.602 
169    (0)   :  0.021 0.081 0.133 0.056 0.176 0.128 0.404 
170    (0)   :  0.008 0.009 0.030 0.102 0.197 0.108 0.546 
171    (0)   :  0.009 0.031 0.056 0.108 0.108 0.143 0.545 
172    (0)   :  0.012 0.043 0.040 0.061 0.343 0.094 0.407 
173    (0)   :  0.009 0.008 0.035 0.097 0.063 0.082 0.705 
174    (0)   :  0.007 0.009 0.034 0.063 0.061 0.114 0.712 
175    (0)   :  0.009 0.009 0.065 0.055 0.077 0.089 0.697 
176    (0)   :  0.027 0.010 0.031 0.049 0.068 0.121 0.695 
177    (0)   :  0.008 0.017 0.036 0.055 0.105 0.262 0.518 
178    (0)   :  0.008 0.009 0.069 0.077 0.062 0.141 0.634 
179    (0)   :  0.006 0.008 0.034 0.064 0.054 0.081 0.752 
180    (0)   :  0.011 0.015 0.075 0.056 0.138 0.144 0.560 
181    (0)   :  0.013 0.013 0.048 0.101 0.146 0.104 0.576 
182    (0)   :  0.011 0.009 0.031 0.101 0.088 0.078 0.683 
183    (0)   :  0.007 0.008 0.037 0.070 0.066 0.082 0.730 
184    (0)   :  0.009 0.010 0.072 0.637 0.067 0.118 0.086 
185    (0)   :  0.013 0.008 0.027 0.059 0.193 0.066 0.635 
186    (0)   :  0.007 0.008 0.051 0.570 0.076 0.200 0.087 
187    (0)   :  0.007 0.009 0.054 0.482 0.079 0.102 0.268 
188    (0)   :  0.008 0.007 0.046 0.660 0.066 0.145 0.069 
189    (0)   :  0.007 0.047 0.136 0.174 0.151 0.173 0.311 
190    (0)   :  0.013 0.007 0.023 0.256 0.349 0.071 0.281 
191    (0)   :  0.010 0.008 0.036 0.681 0.055 0.104 0.106 
192    (0)   :  0.008 0.009 0.044 0.421 0.080 0.162 0.277 
193    (0)   :  0.017 0.011 0.065 0.323 0.130 0.169 0.285 
194    (0)   :  0.008 0.009 0.042 0.310 0.169 0.156 0.306 
195    (0)   :  0.007 0.007 0.030 0.441 0.126 0.072 0.318 
196    (0)   :  0.013 0.009 0.029 0.413 0.210 0.101 0.226 
197    (0)   :  0.010 0.009 0.162 0.261 0.171 0.194 0.193 
198    (0)   :  0.008 0.014 0.065 0.242 0.167 0.281 0.222 
199    (0)   :  0.014 0.012 0.036 0.211 0.411 0.104 0.211 
200    (0)   :  0.025 0.019 0.051 0.384 0.173 0.141 0.206 
201    (0)   :  0.007 0.007 0.039 0.311 0.093 0.086 0.457 
202    (0)   :  0.010 0.007 0.031 0.118 0.229 0.095 0.510 
203    (0)   :  0.010 0.007 0.031 0.373 0.077 0.079 0.422 
204    (0)   :  0.008 0.007 0.025 0.623 0.109 0.075 0.154 
205    (0)   :  0.008 0.010 0.035 0.600 0.120 0.100 0.127 
206    (0)   :  0.007 0.007 0.036 0.637 0.073 0.076 0.164 
207    (0)   :  0.015 0.007 0.030 0.570 0.145 0.099 0.135 
208    (0)   :  0.009 0.007 0.029 0.489 0.096 0.091 0.279 
209    (0)   :  0.015 0.008 0.041 0.531 0.098 0.123 0.184 
210    (0)   :  0.007 0.007 0.028 0.622 0.079 0.094 0.162 
211    (0)   :  0.057 0.007 0.038 0.191 0.355 0.123 0.229 
212    (0)   :  0.010 0.009 0.049 0.129 0.149 0.101 0.554 
213    (0)   :  0.010 0.011 0.028 0.239 0.339 0.209 0.165 
214    (0)   :  0.012 0.007 0.038 0.217 0.116 0.091 0.519 
215    (0)   :  0.011 0.010 0.030 0.689 0.073 0.098 0.089 
216    (0)   :  0.010 0.011 0.118 0.454 0.109 0.163 0.135 
217    (0)   :  0.009 0.010 0.045 0.322 0.125 0.085 0.405 
218    (0)   :  0.008 0.009 0.032 0.646 0.066 0.107 0.131 
219    (0)   :  0.007 0.016 0.145 0.346 0.091 0.133 0.262 
220    (0)   :  0.008 0.007 0.027 0.712 0.060 0.084 0.102 
221    (0)   :  0.010 0.007 0.027 0.087 0.207 0.072 0.589 
222    (0)   :  0.008 0.011 0.183 0.353 0.105 0.158 0.182 
223    (0)   :  0.007 0.012 0.078 0.278 0.112 0.127 0.387 
224    (0)   :  0.008 0.007 0.036 0.452 0.074 0.081 0.342 
225    (0)   :  0.008 0.008 0.034 0.563 0.127 0.091 0.168 
226    (0)   :  0.011 0.061 0.075 0.447 0.099 0.127 0.179 
227    (0)   :  0.009 0.007 0.034 0.297 0.264 0.098 0.291 
228    (0)   :  0.014 0.008 0.029 0.330 0.241 0.068 0.310 
229    (0)   :  0.007 0.007 0.036 0.466 0.060 0.087 0.335 
230    (0)   :  0.009 0.007 0.030 0.542 0.066 0.083 0.263 
231    (0)   :  0.009 0.008 0.052 0.514 0.061 0.098 0.258 
232    (0)   :  0.010 0.015 0.038 0.208 0.241 0.187 0.301 
233    (0)   :  0.011 0.007 0.038 0.211 0.083 0.092 0.559 
234    (0)   :  0.010 0.010 0.061 0.442 0.082 0.182 0.214 
235    (0)   :  0.009 0.013 0.059 0.310 0.149 0.123 0.337 
236    (0)   :  0.011 0.009 0.050 0.350 0.091 0.112 0.377 
237    (0)   :  0.016 0.008 0.034 0.563 0.140 0.102 0.137 
238    (0)   :  0.010 0.007 0.037 0.192 0.128 0.128 0.499 
239    (0)   :  0.007 0.007 0.031 0.438 0.127 0.073 0.317 
240    (0)   :  0.009 0.007 0.036 0.197 0.130 0.127 0.494 
241    (0)   :  0.009 0.010 0.037 0.178 0.156 0.092 0.519 
242    (0)   :  0.008 0.019 0.068 0.487 0.095 0.134 0.190 
243    (0)   :  0.016 0.007 0.026 0.445 0.191 0.079 0.236 
244    (0)   :  0.010 0.007 0.031 0.457 0.074 0.080 0.341 
245    (0)   :  0.007 0.007 0.027 0.100 0.136 0.100 0.624 
246    (0)   :  0.008 0.010 0.045 0.317 0.126 0.085 0.408 
247    (0)   :  0.008 0.014 0.038 0.373 0.164 0.316 0.087 
248    (0)   :  0.012 0.008 0.034 0.635 0.103 0.119 0.088 
249    (0)   :  0.011 0.007 0.034 0.357 0.098 0.098 0.394 
250    (0)   :  0.010 0.009 0.044 0.473 0.075 0.111 0.278 
251    (0)   :  0.018 0.038 0.087 0.393 0.114 0.201 0.149 
252    (0)   :  0.007 0.009 0.044 0.472 0.124 0.100 0.245 
253    (0)   :  0.009 0.016 0.050 0.283 0.303 0.194 0.145 
254    (0)   :  0.008 0.009 0.110 0.497 0.090 0.122 0.166 
255    (0)   :  0.011 0.008 0.058 0.436 0.089 0.142 0.255 
256    (0)   :  0.012 0.009 0.043 0.317 0.169 0.102 0.349 
257    (0)   :  0.013 0.011 0.043 0.494 0.109 0.125 0.206 
258    (0)   :  0.012 0.010 0.038 0.401 0.202 0.178 0.159 
259    (0)   :  0.010 0.008 0.040 0.552 0.084 0.103 0.203 
260    (0)   :  0.008 0.009 0.145 0.257 0.085 0.149 0.346 
261    (0)   :  0.007 0.009 0.045 0.313 0.170 0.095 0.360 
262    (0)   :  0.010 0.010 0.029 0.251 0.246 0.072 0.382 
263    (0)   :  0.009 0.007 0.048 0.667 0.072 0.093 0.105 
264    (0)   :  0.010 0.011 0.320 0.286 0.114 0.183 0.076 
265    (0)   :  0.007 0.011 0.054 0.545 0.081 0.107 0.195 
266    (0)   :  0.010 0.007 0.027 0.109 0.170 0.073 0.604 
267    (0)   :  0.017 0.008 0.063 0.327 0.140 0.144 0.301 
268    (0)   :  0.013 0.009 0.028 0.418 0.209 0.100 0.224 
269    (0)   :  0.008 0.025 0.125 0.362 0.079 0.165 0.236 
270    (0)   :  0.010 0.008 0.064 0.564 0.082 0.153 0.119 
271    (0)   :  0.013 0.013 0.042 0.526 0.130 0.137 0.139 
272    (0)   :  0.016 0.057 0.054 0.481 0.127 0.121 0.144 
273    (0)   :  0.027 0.027 0.079 0.335 0.096 0.181 0.256 
274    (0)   :  0.009 0.017 0.060 0.506 0.098 0.144 0.166 
275    (0)   :  0.013 0.019 0.058 0.578 0.073 0.101 0.158 
276    (0)   :  0.022 0.038 0.053 0.363 0.240 0.131 0.153 
277    (0)   :  0.007 0.012 0.079 0.361 0.101 0.132 0.308 
278    (0)   :  0.012 0.010 0.031 0.647 0.094 0.095 0.112 
279    (0)   :  0.010 0.012 0.058 0.464 0.105 0.127 0.225 
280    (0)   :  0.008 0.019 0.090 0.387 0.167 0.129 0.199 
281    (0)   :  0.009 0.011 0.041 0.494 0.102 0.171 0.172 
282    (0)   :  0.008 0.009 0.066 0.246 0.080 0.123 0.468 
283    (0)   :  0.008 0.007 0.041 0.224 0.081 0.106 0.533 
284    (0)   :  0.013 0.010 0.041 0.347 0.124 0.163 0.302 
285    (0)   :  0.015 0.013 0.039 0.556 0.163 0.144 0.070 
286    (0)   :  0.010 0.007 0.031 0.458 0.075 0.080 0.339 
287    (0)   :  0.007 0.016 0.064 0.406 0.092 0.181 0.234 
288    (0)   :  0.010 0.027 0.043 0.645 0.068 0.097 0.110 
289    (0)   :  0.013 0.028 0.045 0.591 0.086 0.132 0.106 
290    (0)   :  0.023 0.011 0.121 0.240 0.290 0.144 0.171 
291    (0)   :  0.012 0.012 0.042 0.529 0.129 0.138 0.138 
292    (0)   :  0.008 0.019 0.069 0.249 0.305 0.109 0.241 
293    (0)   :  0.022 0.011 0.149 0.160 0.328 0.206 0.124 
294    (0)   :  0.008 0.008 0.047 0.640 0.107 0.093 0.097 
295    (0)   :  0.026 0.045 0.062 0.274 0.249 0.150 0.193 
296    (0)   :  0.010 0.009 0.027 0.665 0.075 0.102 0.111 
297    (0)   :  0.008 0.018 0.089 0.485 0.120 0.139 0.140 
298    (0)   :  0.008 0.009 0.059 0.371 0.067 0.127 0.359 
299    (0)   :  0.007 0.007 0.067 0.644 0.062 0.099 0.114 
300    (0)   :  0.011 0.011 0.037 0.617 0.121 0.107 0.096 
301    (0)   :  0.010 0.011 0.102 0.553 0.077 0.127 0.119 
302    (0)   :  0.013 0.009 0.045 0.583 0.146 0.095 0.107 
303    (0)   :  0.009 0.011 0.050 0.343 0.129 0.107 0.350 
304    (0)   :  0.011 0.008 0.137 0.114 0.092 0.221 0.418 
305    (0)   :  0.009 0.009 0.030 0.534 0.115 0.076 0.226 
306    (0)   :  0.008 0.013 0.062 0.245 0.136 0.103 0.433 
307    (0)   :  0.011 0.012 0.064 0.347 0.115 0.133 0.318 
308    (0)   :  0.007 0.009 0.045 0.313 0.173 0.094 0.358 
309    (0)   :  0.018 0.012 0.030 0.674 0.068 0.101 0.097 
310    (0)   :  0.011 0.007 0.032 0.414 0.148 0.081 0.306 
311    (0)   :  0.009 0.007 0.030 0.543 0.068 0.083 0.261 
312    (0)   :  0.009 0.007 0.024 0.688 0.075 0.095 0.103 
313    (0)   :  0.010 0.008 0.028 0.613 0.164 0.086 0.091 
314    (0)   :  0.008 0.010 0.029 0.048 0.092 0.073 0.740 
315    (0)   :  0.007 0.019 0.034 0.046 0.119 0.094 0.682 
316    (0)   :  0.008 0.040 0.045 0.051 0.077 0.107 0.671 
317    (0)   :  0.008 0.012 0.030 0.045 0.057 0.076 0.771 
318    (0)   :  0.008 0.012 0.034 0.042 0.046 0.079 0.779 
319    (0)   :  0.007 0.008 0.032 0.053 0.064 0.075 0.762 
320    (0)   :  0.008 0.010 0.029 0.048 0.092 0.072 0.740 
321    (0)   :  0.008 0.012 0.034 0.044 0.054 0.080 0.769 
322    (0)   :  0.009 0.035 0.041 0.055 0.108 0.101 0.651 
323    (0)   :  0.007 0.009 0.044 0.047 0.049 0.076 0.768 
324    (0)   :  0.009 0.012 0.033 0.043 0.054 0.079 0.770 
325    (0)   :  0.008 0.039 0.037 0.043 0.069 0.103 0.701 
326    (0)   :  0.012 0.075 0.042 0.045 0.070 0.101 0.656 
327    (0)   :  0.008 0.011 0.031 0.044 0.057 0.076 0.772 
328    (0)   :  0.007 0.022 0.037 0.050 0.096 0.103 0.685 
329    (0)   :  0.006 0.009 0.032 0.042 0.049 0.078 0.784 
330    (0)   :  0.008 0.012 0.031 0.044 0.057 0.075 0.773 
331    (0)   :  0.006 0.009 0.031 0.048 0.049 0.078 0.779 
332    (0)   :  0.009 0.048 0.057 0.042 0.068 0.100 0.677 
333    (0)   :  0.009 0.041 0.041 0.052 0.080 0.102 0.675 
334    (0)   :  0.007 0.023 0.037 0.051 0.095 0.103 0.684 
335    (0)   :  0.007 0.021 0.034 0.045 0.097 0.096 0.699 
336    (0)   :  0.009 0.013 0.044 0.044 0.071 0.074 0.746 
337    (0)   :  0.009 0.039 0.038 0.045 0.085 0.103 0.681 
338    (0)   :  0.008 0.013 0.034 0.043 0.046 0.079 0.778 
339    (0)   :  0.006 0.009 0.032 0.048 0.049 0.078 0.779 
340    (0)   :  0.006 0.008 0.029 0.050 0.052 0.075 0.781 
341    (0)   :  0.010 0.014 0.039 0.051 0.053 0.078 0.755 
342    (0)   :  0.008 0.011 0.031 0.045 0.057 0.075 0.772 
343    (0)   :  0.008 0.019 0.047 0.043 0.157 0.090 0.636 
344    (0)   :  0.006 0.009 0.032 0.042 0.047 0.077 0.787 
345    (0)   :  0.008 0.011 0.031 0.045 0.056 0.076 0.772 
346    (0)   :  0.008 0.011 0.031 0.044 0.048 0.075 0.782 
347    (0)   :  0.006 0.008 0.030 0.043 0.049 0.074 0.789 
348    (0)   :  0.007 0.017 0.031 0.047 0.173 0.088 0.637 
349    (0)   :  0.008 0.011 0.031 0.044 0.057 0.076 0.773 
350    (0)   :  0.006 0.008 0.032 0.053 0.077 0.075 0.749 
351    (0)   :  0.007 0.022 0.034 0.045 0.099 0.097 0.697 
352    (0)   :  0.009 0.035 0.035 0.046 0.092 0.097 0.687 
353    (0)   :  0.009 0.013 0.044 0.043 0.070 0.074 0.746 
354    (0)   :  0.008 0.010 0.034 0.047 0.049 0.079 0.774 
355    (0)   :  0.008 0.012 0.033 0.043 0.046 0.079 0.779 
356    (0)   :  0.007 0.016 0.030 0.048 0.195 0.087 0.617 
357    (0)   :  0.009 0.063 0.086 0.063 0.075 0.216 0.488 
358    (0)   :  0.007 0.026 0.040 0.043 0.072 0.103 0.709 
359    (0)   :  0.007 0.009 0.032 0.048 0.049 0.079 0.776 
360    (0)   :  0.007 0.012 0.031 0.044 0.048 0.076 0.782 
361    (0)   :  0.010 0.061 0.085 0.068 0.104 0.220 0.452 
362    (0)   :  0.010 0.056 0.051 0.262 0.110 0.394 0.117 
363    (0)   :  0.013 0.026 0.094 0.132 0.112 0.536 0.087 
364    (0)   :  0.021 0.015 0.286 0.088 0.113 0.184 0.294 
365    (0)   :  0.036 0.055 0.265 0.095 0.112 0.337 0.099 
366    (0)   :  0.020 0.031 0.180 0.140 0.288 0.168 0.173 
367    (0)   :  0.008 0.027 0.039 0.058 0.063 0.741 0.064 
368    (0)   :  0.010 0.015 0.057 0.243 0.079 0.479 0.117 
369    (0)   :  0.022 0.015 0.107 0.105 0.271 0.199 0.280 
370    (0)   :  0.024 0.018 0.068 0.317 0.101 0.342 0.130 
371    (0)   :  0.024 0.014 0.149 0.291 0.116 0.232 0.173 
372    (0)   :  0.049 0.024 0.054 0.454 0.081 0.205 0.132 
373    (0)   :  0.013 0.012 0.070 0.098 0.103 0.500 0.204 
374    (0)   :  0.033 0.038 0.084 0.106 0.093 0.322 0.324 
375    (0)   :  0.016 0.019 0.163 0.138 0.072 0.512 0.082 
376    (0)   :  0.009 0.027 0.426 0.043 0.080 0.339 0.076 
377    (0)   :  0.016 0.063 0.094 0.276 0.115 0.307 0.128 
378    (0)   :  0.013 0.013 0.029 0.097 0.077 0.521 0.251 
379    (0)   :  0.014 0.027 0.454 0.052 0.090 0.297 0.066 
380    (0)   :  0.014 0.148 0.161 0.099 0.213 0.148 0.218 
381    (0)   :  0.011 0.015 0.426 0.050 0.235 0.113 0.150 
382    (0)   :  0.010 0.016 0.109 0.085 0.059 0.622 0.099 
383    (0)   :  0.017 0.214 0.243 0.127 0.077 0.129 0.193 
384    (0)   :  0.026 0.029 0.392 0.094 0.077 0.234 0.147 
385    (0)   :  0.323 0.014 0.094 0.079 0.054 0.193 0.242 
386    (0)   :  0.008 0.021 0.055 0.077 0.084 0.669 0.085 
387    (0)   :  0.010 0.020 0.091 0.069 0.106 0.597 0.108 
388    (0)   :  0.043 0.024 0.127 0.137 0.069 0.326 0.273 
389    (0)   :  0.161 0.014 0.063 0.315 0.182 0.164 0.100 
390    (0)   :  0.021 0.065 0.066 0.078 0.281 0.409 0.080 
391    (0)   :  0.109 0.022 0.075 0.099 0.264 0.290 0.142 
392    (0)   :  0.007 0.018 0.162 0.105 0.100 0.426 0.181 
393    (0)   :  0.010 0.106 0.140 0.059 0.336 0.179 0.170 
394    (0)   :  0.007 0.035 0.039 0.099 0.080 0.436 0.304 
395    (0)   :  0.008 0.043 0.041 0.183 0.370 0.266 0.089 
396    (0)   :  0.008 0.010 0.089 0.100 0.074 0.649 0.069 
397    (0)   :  0.008 0.009 0.324 0.256 0.109 0.116 0.178 
398    (0)   :  0.007 0.098 0.112 0.051 0.122 0.536 0.074 
399    (0)   :  0.019 0.033 0.036 0.097 0.162 0.556 0.097 
400    (0)   :  0.011 0.014 0.085 0.050 0.109 0.593 0.138 
401    (0)   :  0.009 0.014 0.028 0.064 0.223 0.529 0.133 
402    (0)   :  0.012 0.013 0.107 0.115 0.227 0.383 0.144 
403    (0)   :  0.029 0.021 0.088 0.106 0.105 0.233 0.417 
404    (0)   :  0.018 0.012 0.193 0.177 0.121 0.316 0.163 
405    (0)   :  0.009 0.043 0.093 0.165 0.174 0.363 0.152 
406    (0)   :  0.008 0.208 0.041 0.085 0.384 0.111 0.162 
407    (0)   :  0.009 0.104 0.105 0.074 0.113 0.522 0.073 
408    (0)   :  0.008 0.009 0.026 0.140 0.310 0.445 0.063 
409    (0)   :  0.014 0.050 0.043 0.055 0.447 0.154 0.237 
410    (0)   :  0.013 0.040 0.187 0.078 0.127 0.417 0.137 
411    (0)   :  0.009 0.015 0.230 0.062 0.161 0.326 0.198 
412    (0)   :  0.010 0.014 0.054 0.184 0.065 0.565 0.107 
413    (0)   :  0.008 0.012 0.036 0.159 0.068 0.492 0.224 
414    (0)   :  0.020 0.010 0.071 0.194 0.069 0.565 0.072 
415    (0)   :  0.011 0.029 0.150 0.070 0.218 0.420 0.101 
416    (0)   :  0.025 0.014 0.078 0.079 0.206 0.439 0.159 
417    (0)   :  0.008 0.180 0.064 0.078 0.089 0.492 0.089 
418    (0)   :  0.007 0.012 0.064 0.086 0.062 0.692 0.078 
419    (0)   :  0.030 0.024 0.081 0.090 0.218 0.315 0.242 
420    (0)   :  0.008 0.011 0.029 0.057 0.364 0.453 0.078 
421    (0)   :  0.008 0.051 0.048 0.120 0.100 0.573 0.099 
422    (0)   :  0.009 0.068 0.051 0.245 0.304 0.223 0.100 
423    (0)   :  0.009 0.034 0.200 0.144 0.129 0.363 0.121 
424    (0)   :  0.025 0.047 0.050 0.062 0.239 0.445 0.132 
425    (0)   :  0.067 0.020 0.250 0.117 0.101 0.284 0.162 
426    (0)   :  0.047 0.064 0.115 0.084 0.092 0.429 0.170 
427    (0)   :  0.008 0.130 0.042 0.048 0.098 0.493 0.181 
428    (0)   :  0.010 0.172 0.053 0.124 0.233 0.182 0.226 
429    (0)   :  0.007 0.023 0.097 0.058 0.060 0.690 0.065 
430    (0)   :  0.009 0.157 0.067 0.095 0.167 0.419 0.086 
431    (0)   :  0.019 0.028 0.072 0.241 0.091 0.407 0.142 
432    (0)   :  0.009 0.014 0.051 0.164 0.090 0.542 0.131 
433    (0)   :  0.010 0.011 0.071 0.174 0.142 0.211 0.381 
434    (0)   :  0.014 0.015 0.126 0.158 0.142 0.336 0.209 
435    (0)   :  0.007 0.275 0.044 0.054 0.114 0.436 0.070 
436    (0)   :  0.010 0.332 0.079 0.032 0.116 0.316 0.115 
437    (0)   :  0.007 0.031 0.414 0.076 0.082 0.308 0.081 
438    (0)   :  0.008 0.195 0.033 0.043 0.411 0.199 0.110 
439    (0)   :  0.009 0.317 0.061 0.041 0.135 0.336 0.103 
440    (0)   :  0.009 0.319 0.058 0.050 0.092 0.414 0.058 
441    (0)   :  0.010 0.078 0.077 0.059 0.157 0.449 0.170 
442    (0)   :  0.024 0.013 0.120 0.061 0.152 0.544 0.085 
443    (0)   :  0.010 0.032 0.038 0.049 0.291 0.512 0.066 
444    (0)   :  0.023 0.030 0.142 0.057 0.185 0.481 0.082 
445    (0)   :  0.009 0.034 0.137 0.049 0.476 0.157 0.139 
446    (0)   :  0.009 0.154 0.106 0.036 0.118 0.499 0.079 
447    (0)   :  0.034 0.211 0.060 0.052 0.242 0.257 0.143 
448    (0)   :  0.008 0.058 0.104 0.070 0.142 0.526 0.091 
449    (0)   :  0.009 0.062 0.138 0.078 0.178 0.395 0.140 
450    (0)   :  0.011 0.017 0.326 0.048 0.087 0.365 0.147 
451    (0)   :  0.010 0.022 0.049 0.083 0.099 0.677 0.061 
452    (0)   :  0.008 0.034 0.169 0.053 0.081 0.509 0.146 
453    (0)   :  0.011 0.012 0.035 0.059 0.632 0.160 0.092 
454    (0)   :  0.008 0.101 0.087 0.078 0.096 0.478 0.151 
455    (0)   :  0.008 0.309 0.047 0.038 0.256 0.270 0.072 
456    (0)   :  0.010 0.061 0.108 0.055 0.295 0.399 0.070 
457    (0)   :  0.008 0.091 0.297 0.058 0.104 0.351 0.092 
458    (0)   :  0.010 0.083 0.172 0.047 0.168 0.422 0.098 
459    (0)   :  0.009 0.071 0.048 0.035 0.214 0.459 0.164 
460    (0)   :  0.008 0.051 0.044 0.038 0.130 0.653 0.077 
461    (0)   :  0.008 0.015 0.053 0.037 0.071 0.739 0.078 
462    (0)   :  0.047 0.024 0.142 0.100 0.246 0.386 0.056 
463    (0)   :  0.008 0.157 0.038 0.074 0.499 0.132 0.092 
464    (0)   :  0.007 0.049 0.038 0.043 0.228 0.565 0.071 
465    (0)   :  0.009 0.027 0.054 0.064 0.247 0.508 0.090 
466    (0)   :  0.007 0.042 0.039 0.057 0.438 0.346 0.070 
467    (0)   :  0.010 0.029 0.058 0.088 0.335 0.370 0.110 
468    (0)   :  0.007 0.339 0.139 0.054 0.192 0.198 0.071 
469    (0)   :  0.008 0.569 0.038 0.035 0.088 0.185 0.076 
470    (0)   :  0.006 0.351 0.036 0.042 0.093 0.399 0.071 
471    (0)   :  0.019 0.018 0.083 0.099 0.302 0.395 0.084 
472    (0)   :  0.011 0.018 0.107 0.071 0.324 0.381 0.087 
473    (0)   :  0.008 0.077 0.108 0.117 0.154 0.398 0.137 
474    (0)   :  0.008 0.028 0.133 0.059 0.179 0.452 0.141 
475    (0)   :  0.008 0.029 0.055 0.063 0.223 0.472 0.150 
476    (0)   :  0.008 0.032 0.247 0.043 0.182 0.399 0.090 
477    (0)   :  0.016 0.033 0.054 0.043 0.230 0.499 0.124 
478    (0)   :  0.016 0.021 0.035 0.041 0.087 0.731 0.071 
479    (0)   :  0.008 0.113 0.075 0.041 0.088 0.603 0.072 
480    (0)   :  0.007 0.110 0.238 0.044 0.079 0.437 0.085 
481    (0)   :  0.019 0.018 0.135 0.173 0.163 0.406 0.086 
482    (0)   :  0.007 0.035 0.117 0.041 0.066 0.662 0.072 
483    (0)   :  0.008 0.386 0.056 0.042 0.112 0.299 0.097 
484    (0)   :  0.010 0.222 0.048 0.060 0.395 0.177 0.087 
485    (0)   :  0.007 0.589 0.034 0.038 0.079 0.184 0.068 
486    (0)   :  0.067 0.012 0.094 0.187 0.211 0.296 0.134 
487    (0)   :  0.041 0.014 0.197 0.094 0.172 0.239 0.243 
488    (0)   :  0.094 0.015 0.091 0.175 0.127 0.311 0.186 
489    (0)   :  0.026 0.009 0.240 0.145 0.187 0.149 0.244 
490    (0)   :  0.019 0.012 0.073 0.084 0.221 0.515 0.075 
491    (0)   :  0.072 0.010 0.071 0.305 0.130 0.157 0.253 
492    (0)   :  0.038 0.010 0.051 0.082 0.247 0.260 0.311 
493    (0)   :  0.115 0.009 0.188 0.245 0.120 0.184 0.138 
494    (0)   :  0.043 0.016 0.179 0.186 0.188 0.189 0.200 
495    (0)   :  0.149 0.012 0.097 0.056 0.187 0.279 0.220 
496    (0)   :  0.008 0.012 0.054 0.140 0.213 0.169 0.403 
497    (0)   :  0.173 0.010 0.113 0.250 0.070 0.145 0.239 
498    (0)   :  0.148 0.014 0.083 0.130 0.173 0.313 0.138 
499    (0)   :  0.026 0.011 0.159 0.121 0.133 0.145 0.405 
500    (0)   :  0.015 0.016 0.331 0.241 0.108 0.163 0.126 
501    (0)   :  0.013 0.013 0.162 0.117 0.132 0.269 0.293 
502    (0)   :  0.031 0.012 0.083 0.085 0.109 0.337 0.344 
503    (0)   :  0.010 0.018 0.296 0.135 0.115 0.323 0.103 
504    (0)   :  0.089 0.013 0.050 0.082 0.200 0.450 0.114 
505    (0)   :  0.029 0.013 0.079 0.226 0.315 0.158 0.181 
506    (0)   :  0.043 0.009 0.060 0.140 0.117 0.323 0.308 
507    (0)   :  0.007 0.008 0.039 0.096 0.154 0.083 0.612 
508    (0)   :  0.019 0.009 0.049 0.092 0.179 0.100 0.553 
509    (0)   :  0.016 0.012 0.060 0.246 0.217 0.149 0.299 
510    (0)   :  0.013 0.008 0.309 0.086 0.110 0.158 0.315 
511    (0)   :  0.029 0.034 0.126 0.138 0.177 0.374 0.122 
512    (0)   :  0.017 0.015 0.185 0.105 0.078 0.515 0.083 
513    (0)   :  0.557 0.007 0.025 0.110 0.094 0.094 0.113 
514    (0)   :  0.012 0.011 0.042 0.118 0.126 0.524 0.167 
515    (0)   :  0.013 0.051 0.136 0.087 0.228 0.245 0.241 
516    (0)   :  0.016 0.015 0.045 0.184 0.293 0.312 0.135 
517    (0)   :  0.009 0.032 0.044 0.088 0.314 0.277 0.236 
518    (0)   :  0.010 0.008 0.300 0.178 0.072 0.153 0.278 
519    (0)   :  0.016 0.016 0.040 0.076 0.168 0.515 0.168 
520    (0)   :  0.008 0.170 0.043 0.077 0.256 0.109 0.336 
521    (0)   :  0.010 0.010 0.036 0.201 0.124 0.237 0.382 
522    (0)   :  0.012 0.023 0.256 0.084 0.270 0.246 0.109 
523    (0)   :  0.009 0.020 0.033 0.073 0.440 0.167 0.259 
524    (0)   :  0.008 0.250 0.046 0.128 0.164 0.224 0.180 
525    (0)   :  0.008 0.033 0.237 0.102 0.170 0.143 0.307 
526    (0)   :  0.007 0.269 0.033 0.086 0.376 0.099 0.130 
527    (0)   :  0.019 0.009 0.334 0.085 0.099 0.337 0.117 
528    (0)   :  0.008 0.008 0.039 0.212 0.113 0.124 0.496 
529    (0)   :  0.017 0.009 0.126 0.365 0.103 0.194 0.186 
530    (0)   :  0.017 0.020 0.198 0.076 0.279 0.246 0.165 
531    (0)   :  0.010 0.029 0.063 0.062 0.187 0.209 0.440 
532    (0)   :  0.014 0.009 0.156 0.153 0.131 0.208 0.329 
533    (0)   :  0.010 0.024 0.248 0.183 0.193 0.196 0.146 
534    (0)   :  0.033 0.010 0.083 0.270 0.267 0.133 0.204 
535    (0)   :  0.008 0.024 0.036 0.073 0.493 0.244 0.123 
536    (0)   :  0.011 0.036 0.069 0.150 0.344 0.175 0.215 
537    (0)   :  0.014 0.011 0.057 0.098 0.396 0.127 0.297 
538    (0)   :  0.009 0.019 0.047 0.218 0.297 0.162 0.249 
539    (0)   :  0.009 0.007 0.045 0.121 0.119 0.097 0.601 
540    (0)   :  0.011 0.031 0.061 0.224 0.257 0.148 0.269 
541    (0)   :  0.015 0.014 0.069 0.121 0.197 0.149 0.435 
542    (0)   :  0.014 0.021 0.049 0.131 0.574 0.120 0.091 
543    (0)   :  0.019 0.030 0.031 0.132 0.349 0.202 0.238 
544    (0)   :  0.009 0.015 0.039 0.079 0.590 0.129 0.139 
545    (0)   :  0.011 0.052 0.037 0.067 0.626 0.135 0.072 
546    (0)   :  0.021 0.010 0.048 0.215 0.394 0.132 0.178 
547    (0)   :  0.010 0.019 0.029 0.049 0.633 0.108 0.152 
548    (0)   :  0.009 0.009 0.044 0.473 0.075 0.111 0.279 
549    (0)   :  0.009 0.045 0.048 0.047 0.387 0.112 0.352 
550    (0)   :  0.012 0.096 0.035 0.059 0.450 0.242 0.106 
551    (0)   :  0.010 0.018 0.053 0.054 0.207 0.145 0.513 
552    (0)   :  0.009 0.010 0.063 0.270 0.288 0.114 0.245 
553    (0)   :  0.016 0.017 0.028 0.093 0.506 0.111 0.228 
554    (0)   :  0.014 0.018 0.121 0.206 0.207 0.222 0.212 
555    (0)   :  0.035 0.013 0.048 0.130 0.237 0.141 0.397 
556    (0)   :  0.010 0.010 0.048 0.204 0.351 0.161 0.215 
557    (0)   :  0.010 0.084 0.039 0.057 0.440 0.227 0.143 
558    (0)   :  0.007 0.044 0.119 0.035 0.063 0.657 0.075 
559    (0)   :  0.010 0.010 0.048 0.372 0.125 0.327 0.109 
560    (0)   :  0.013 0.044 0.032 0.070 0.092 0.693 0.056 
561    (0)   :  0.013 0.023 0.061 0.087 0.167 0.573 0.075 
562    (0)   :  0.016 0.027 0.073 0.143 0.137 0.548 0.056 
563    (0)   :  0.023 0.020 0.040 0.038 0.194 0.458 0.228 
564    (0)   :  0.010 0.023 0.060 0.476 0.139 0.186 0.106 
565    (0)   :  0.008 0.190 0.140 0.060 0.106 0.406 0.090 
566    (0)   :  0.008 0.029 0.046 0.051 0.076 0.730 0.059 
567    (0)   :  0.013 0.018 0.064 0.500 0.109 0.220 0.075 
568    (0)   :  0.007 0.024 0.042 0.151 0.210 0.453 0.111 
569    (0)   :  0.010 0.037 0.115 0.089 0.204 0.428 0.119 
570    (0)   :  0.007 0.038 0.247 0.065 0.058 0.523 0.063 
571    (0)   :  0.008 0.029 0.033 0.102 0.081 0.653 0.093 
572    (0)   :  0.018 0.033 0.057 0.088 0.378 0.185 0.241 
573    (0)   :  0.008 0.220 0.039 0.385 0.083 0.156 0.109 
574    (0)   :  0.012 0.037 0.208 0.086 0.117 0.307 0.233 
575    (0)   :  0.008 0.015 0.040 0.104 0.151 0.494 0.188 
576    (0)   :  0.015 0.027 0.049 0.060 0.062 0.727 0.060 
577    (0)   :  0.012 0.017 0.171 0.084 0.109 0.390 0.217 
578    (0)   :  0.016 0.050 0.051 0.097 0.093 0.599 0.094 
579    (0)   :  0.024 0.025 0.067 0.181 0.115 0.502 0.086 
580    (0)   :  0.009 0.040 0.136 0.086 0.094 0.498 0.138 
581    (0)   :  0.008 0.041 0.070 0.065 0.084 0.623 0.109 
582    (0)   :  0.007 0.042 0.115 0.058 0.152 0.559 0.067 
583    (0)   :  0.012 0.025 0.119 0.108 0.073 0.570 0.094 
584    (0)   :  0.009 0.020 0.066 0.056 0.068 0.709 0.072 
585    (0)   :  0.016 0.030 0.057 0.076 0.093 0.648 0.079 
586    (0)   :  0.009 0.011 0.034 0.128 0.130 0.578 0.109 
587    (0)   :  0.011 0.012 0.189 0.170 0.167 0.383 0.067 
588    (0)   :  0.015 0.008 0.029 0.585 0.188 0.094 0.080 
589    (0)   :  0.009 0.143 0.108 0.091 0.221 0.353 0.075 
590    (0)   :  0.016 0.009 0.067 0.191 0.096 0.534 0.087 
591    (0)   :  0.008 0.014 0.036 0.102 0.081 0.654 0.104 
592    (0)   :  0.008 0.025 0.044 0.206 0.249 0.397 0.072 
593    (0)   :  0.008 0.042 0.045 0.154 0.125 0.488 0.137 
594    (0)   :  0.019 0.019 0.097 0.164 0.100 0.383 0.219 
595    (0)   :  0.047 0.011 0.213 0.177 0.062 0.424 0.066 
596    (0)   :  0.013 0.142 0.053 0.307 0.173 0.191 0.120 
597    (0)   :  0.012 0.024 0.031 0.084 0.114 0.465 0.271 
598    (0)   :  0.007 0.059 0.311 0.042 0.063 0.449 0.069 
599    (0)   :  0.007 0.018 0.054 0.119 0.156 0.585 0.061 
600    (0)   :  0.011 0.033 0.119 0.092 0.179 0.409 0.157 
601    (0)   :  0.008 0.018 0.051 0.075 0.155 0.629 0.063 
602    (0)   :  0.016 0.016 0.064 0.278 0.105 0.287 0.233 
603    (0)   :  0.012 0.012 0.058 0.335 0.109 0.271 0.203 
604    (0)   :  0.025 0.131 0.148 0.145 0.143 0.240 0.169 
605    (0)   :  0.014 0.027 0.064 0.155 0.180 0.448 0.112 
606    (0)   :  0.011 0.019 0.126 0.264 0.169 0.204 0.208 
607    (0)   :  0.013 0.028 0.101 0.152 0.069 0.326 0.309 
608    (0)   :  0.007 0.023 0.044 0.063 0.092 0.289 0.483 
609    (0)   :  0.013 0.028 0.144 0.060 0.172 0.440 0.142 
610    (0)   :  0.012 0.286 0.070 0.096 0.231 0.199 0.107 
611    (0)   :  0.011 0.014 0.058 0.147 0.230 0.307 0.234 
612    (0)   :  0.010 0.138 0.205 0.056 0.214 0.282 0.096 
613    (0)   :  0.015 0.031 0.234 0.122 0.195 0.267 0.137 
614    (0)   :  0.014 0.023 0.513 0.083 0.082 0.207 0.079 
615    (0)   :  0.009 0.089 0.264 0.123 0.161 0.201 0.152 
616    (0)   :  0.010 0.012 0.126 0.173 0.069 0.385 0.224 
617    (0)   :  0.077 0.033 0.275 0.110 0.144 0.273 0.088 
618    (0)   :  0.026 0.173 0.091 0.129 0.155 0.179 0.247 
619    (0)   :  0.007 0.037 0.051 0.133 0.208 0.370 0.193 
620    (0)   :  0.009 0.022 0.033 0.316 0.191 0.373 0.056 
621    (0)   :  0.010 0.020 0.077 0.056 0.068 0.677 0.092 
622    (0)   :  0.075 0.068 0.165 0.243 0.128 0.175 0.147 
623    (0)   :  0.010 0.024 0.061 0.195 0.121 0.491 0.098 
624    (0)   :  0.009 0.110 0.081 0.082 0.130 0.300 0.287 
625    (0)   :  0.037 0.034 0.294 0.089 0.079 0.260 0.207 
626    (0)   :  0.009 0.053 0.088 0.068 0.344 0.091 0.348 
627    (0)   :  0.014 0.016 0.082 0.178 0.153 0.427 0.131 
628    (0)   :  0.022 0.015 0.061 0.312 0.089 0.378 0.123 
629    (0)   :  0.014 0.012 0.169 0.176 0.114 0.358 0.156 
630    (0)   :  0.015 0.034 0.157 0.101 0.130 0.431 0.132 
631    (0)   :  0.010 0.020 0.153 0.225 0.078 0.381 0.133 
632    (0)   :  0.014 0.015 0.079 0.271 0.162 0.157 0.302 
633    (0)   :  0.017 0.053 0.103 0.102 0.092 0.413 0.219 
634    (0)   :  0.009 0.019 0.075 0.203 0.135 0.291 0.267 
635    (0)   :  0.008 0.019 0.110 0.107 0.117 0.161 0.477 
636    (0)   :  0.008 0.023 0.111 0.081 0.130 0.353 0.293 
637    (0)   :  0.013 0.016 0.072 0.103 0.481 0.172 0.143 
638    (0)   :  0.011 0.017 0.124 0.216 0.093 0.329 0.210 
639    (0)   :  0.018 0.044 0.195 0.163 0.097 0.296 0.186 
