

----------------------------------------------------
STRUCTURE by Pritchard, Stephens and Donnelly (2000)
     and Falush, Stephens and Pritchard (2003)
       Code by Pritchard, Falush and Hubisz
             Version 2.3.4 (Jul 2012)
----------------------------------------------------



Command line arguments:   ./structure -K 8 -D 108013 -m brooktrout/mainparams -e brooktrout/extraparams -o brooktrout/250914_output/results_K8_rep13 
Input File:    brooktrout/brooktrout.txt

Run parameters:
   8454 individuals
   5 loci
   8 populations assumed
   50000 Burn-in period
   100000 Reps
RANDOMIZE turned off


--------------------------------------------
Overall proportion of membership of the
sample in each of the 8 clusters

Inferred Clusters
  1      2      3      4      5      6      7      8    
0.014  0.014  0.041  0.123  0.135  0.212  0.210  0.250  

--------------------------------------------

Allele-freq. divergence among pops (Net nucleotide distance),
computed using point estimates of P.

      1       2       3       4       5       6       7       8      
 1      -    0.1287  0.2035  0.1843  0.1779  0.1671  0.1601  0.1306  
 2   0.1287     -    0.1566  0.0892  0.1176  0.0796  0.0976  0.1134  
 3   0.2035  0.1566     -    0.1853  0.1643  0.1960  0.1199  0.1583  
 4   0.1843  0.0892  0.1853     -    0.0960  0.0865  0.0969  0.1831  
 5   0.1779  0.1176  0.1643  0.0960     -    0.0719  0.1384  0.1622  
 6   0.1671  0.0796  0.1960  0.0865  0.0719     -    0.0858  0.1474  
 7   0.1601  0.0976  0.1199  0.0969  0.1384  0.0858     -    0.1129  
 8   0.1306  0.1134  0.1583  0.1831  0.1622  0.1474  0.1129     -    

Average distances (expected heterozygosity) between individuals in same cluster:
cluster  1  : 0.7498 
cluster  2  : 0.8496 
cluster  3  : 0.7398 
cluster  4  : 0.7782 
cluster  5  : 0.7312 
cluster  6  : 0.7544 
cluster  7  : 0.7807 
cluster  8  : 0.7138 

--------------------------------------------
Estimated Ln Prob of Data   = -199053.3
Mean value of ln likelihood = -172185.9
Variance of ln likelihood   = 53734.8

Mean value of alpha_1       = 0.0509
Mean value of alpha_2       = 0.0550
Mean value of alpha_3       = 0.1537
Mean value of alpha_4       = 0.4767
Mean value of alpha_5       = 0.5352
Mean value of alpha_6       = 0.8261
Mean value of alpha_7       = 0.8186
Mean value of alpha_8       = 0.9477
Allele frequencies uncorrelated


Inferred ancestry of individuals:
     (%Miss) :  Inferred clusters
  1    (0)   :  0.013 0.009 0.037 0.084 0.200 0.204 0.128 0.325 
  2    (0)   :  0.005 0.006 0.014 0.068 0.058 0.169 0.555 0.125 
  3    (0)   :  0.005 0.010 0.037 0.060 0.147 0.347 0.126 0.269 
  4    (0)   :  0.028 0.016 0.032 0.079 0.094 0.137 0.150 0.463 
  5    (0)   :  0.008 0.008 0.015 0.079 0.064 0.217 0.489 0.120 
  6    (0)   :  0.006 0.008 0.014 0.063 0.084 0.553 0.130 0.141 
  7    (0)   :  0.006 0.009 0.013 0.273 0.119 0.330 0.128 0.122 
  8    (0)   :  0.156 0.027 0.020 0.076 0.107 0.252 0.115 0.246 
  9    (0)   :  0.005 0.016 0.019 0.091 0.089 0.287 0.278 0.213 
 10    (0)   :  0.129 0.011 0.013 0.091 0.103 0.355 0.135 0.164 
 11    (0)   :  0.006 0.007 0.014 0.241 0.216 0.258 0.134 0.123 
 12    (0)   :  0.005 0.008 0.017 0.090 0.060 0.242 0.386 0.193 
 13    (0)   :  0.006 0.009 0.022 0.100 0.076 0.342 0.254 0.191 
 14    (0)   :  0.019 0.006 0.052 0.050 0.130 0.209 0.335 0.199 
 15    (0)   :  0.007 0.008 0.024 0.092 0.141 0.181 0.231 0.316 
 16    (0)   :  0.005 0.007 0.023 0.084 0.178 0.404 0.129 0.169 
 17    (0)   :  0.006 0.016 0.036 0.081 0.076 0.408 0.190 0.187 
 18    (0)   :  0.007 0.017 0.024 0.051 0.148 0.265 0.281 0.208 
 19    (0)   :  0.005 0.007 0.013 0.079 0.081 0.491 0.154 0.169 
 20    (0)   :  0.005 0.008 0.021 0.141 0.140 0.232 0.259 0.194 
 21    (0)   :  0.011 0.007 0.029 0.059 0.138 0.174 0.275 0.308 
 22    (0)   :  0.005 0.011 0.020 0.055 0.085 0.476 0.139 0.208 
 23    (0)   :  0.018 0.016 0.068 0.083 0.100 0.168 0.221 0.327 
 24    (0)   :  0.006 0.007 0.021 0.071 0.168 0.252 0.145 0.330 
 25    (0)   :  0.006 0.008 0.021 0.112 0.098 0.436 0.220 0.098 
 26    (0)   :  0.005 0.012 0.018 0.073 0.106 0.289 0.215 0.282 
 27    (0)   :  0.005 0.009 0.034 0.072 0.106 0.355 0.207 0.212 
 28    (0)   :  0.063 0.008 0.021 0.109 0.146 0.187 0.146 0.320 
 29    (0)   :  0.004 0.007 0.019 0.150 0.093 0.225 0.335 0.167 
 30    (0)   :  0.005 0.008 0.025 0.055 0.117 0.426 0.182 0.183 
 31    (0)   :  0.136 0.016 0.030 0.102 0.094 0.210 0.267 0.145 
 32    (0)   :  0.012 0.007 0.022 0.062 0.091 0.341 0.190 0.275 
 33    (0)   :  0.004 0.007 0.025 0.104 0.163 0.269 0.153 0.274 
 34    (0)   :  0.124 0.011 0.018 0.182 0.104 0.344 0.102 0.115 
 35    (0)   :  0.005 0.023 0.055 0.073 0.074 0.285 0.329 0.156 
 36    (0)   :  0.007 0.006 0.072 0.058 0.394 0.123 0.186 0.153 
 37    (0)   :  0.006 0.010 0.026 0.073 0.077 0.227 0.281 0.300 
 38    (0)   :  0.004 0.009 0.026 0.136 0.429 0.129 0.162 0.106 
 39    (0)   :  0.005 0.012 0.034 0.134 0.205 0.212 0.240 0.157 
 40    (0)   :  0.005 0.006 0.160 0.052 0.115 0.199 0.215 0.248 
 41    (0)   :  0.007 0.013 0.222 0.117 0.181 0.189 0.143 0.128 
 42    (0)   :  0.005 0.008 0.083 0.069 0.229 0.094 0.125 0.387 
 43    (0)   :  0.010 0.011 0.192 0.079 0.069 0.184 0.256 0.198 
 44    (0)   :  0.004 0.011 0.247 0.065 0.064 0.243 0.244 0.122 
 45    (0)   :  0.005 0.009 0.047 0.084 0.262 0.121 0.353 0.119 
 46    (0)   :  0.005 0.016 0.045 0.084 0.101 0.345 0.257 0.147 
 47    (0)   :  0.012 0.030 0.036 0.081 0.066 0.360 0.228 0.188 
 48    (0)   :  0.004 0.015 0.218 0.049 0.067 0.219 0.288 0.139 
 49    (0)   :  0.005 0.018 0.050 0.104 0.133 0.213 0.295 0.182 
 50    (0)   :  0.051 0.015 0.030 0.115 0.094 0.385 0.188 0.122 
 51    (0)   :  0.006 0.006 0.334 0.055 0.224 0.090 0.171 0.114 
 52    (0)   :  0.005 0.016 0.050 0.138 0.203 0.225 0.167 0.196 
 53    (0)   :  0.018 0.010 0.032 0.082 0.364 0.217 0.130 0.147 
 54    (0)   :  0.006 0.014 0.048 0.079 0.053 0.203 0.384 0.213 
 55    (0)   :  0.005 0.010 0.096 0.063 0.067 0.160 0.434 0.164 
 56    (0)   :  0.004 0.013 0.055 0.058 0.126 0.216 0.323 0.205 
 57    (0)   :  0.014 0.028 0.017 0.096 0.083 0.339 0.125 0.298 
 58    (0)   :  0.005 0.009 0.055 0.090 0.161 0.142 0.347 0.189 
 59    (0)   :  0.005 0.012 0.044 0.120 0.263 0.130 0.258 0.168 
 60    (0)   :  0.014 0.006 0.114 0.061 0.193 0.131 0.221 0.260 
 61    (0)   :  0.006 0.006 0.112 0.064 0.058 0.096 0.426 0.233 
 62    (0)   :  0.005 0.028 0.025 0.102 0.088 0.248 0.323 0.181 
 63    (0)   :  0.005 0.006 0.044 0.119 0.151 0.161 0.270 0.245 
 64    (0)   :  0.004 0.010 0.016 0.090 0.157 0.354 0.244 0.124 
 65    (0)   :  0.005 0.008 0.019 0.220 0.089 0.271 0.287 0.101 
 66    (0)   :  0.014 0.007 0.024 0.102 0.083 0.138 0.353 0.280 
 67    (0)   :  0.005 0.008 0.125 0.077 0.059 0.176 0.416 0.134 
 68    (0)   :  0.005 0.014 0.050 0.100 0.282 0.117 0.243 0.189 
 69    (0)   :  0.266 0.012 0.044 0.103 0.224 0.132 0.123 0.097 
 70    (0)   :  0.012 0.006 0.096 0.098 0.306 0.118 0.145 0.220 
 71    (0)   :  0.007 0.012 0.071 0.108 0.250 0.127 0.328 0.098 
 72    (0)   :  0.008 0.008 0.058 0.070 0.253 0.281 0.194 0.129 
 73    (0)   :  0.008 0.011 0.062 0.107 0.094 0.128 0.477 0.113 
 74    (0)   :  0.005 0.006 0.049 0.054 0.348 0.119 0.170 0.248 
 75    (0)   :  0.010 0.008 0.053 0.046 0.242 0.100 0.216 0.324 
 76    (0)   :  0.005 0.007 0.073 0.126 0.114 0.201 0.309 0.163 
 77    (0)   :  0.004 0.009 0.086 0.135 0.281 0.126 0.221 0.137 
 78    (0)   :  0.005 0.011 0.080 0.127 0.356 0.119 0.162 0.140 
 79    (0)   :  0.006 0.007 0.014 0.138 0.121 0.343 0.233 0.138 
 80    (0)   :  0.007 0.007 0.016 0.100 0.078 0.143 0.145 0.506 
 81    (0)   :  0.007 0.007 0.013 0.123 0.104 0.176 0.155 0.414 
 82    (0)   :  0.006 0.007 0.030 0.105 0.086 0.150 0.387 0.228 
 83    (0)   :  0.008 0.006 0.023 0.095 0.190 0.191 0.167 0.320 
 84    (0)   :  0.007 0.006 0.015 0.124 0.168 0.213 0.165 0.302 
 85    (0)   :  0.008 0.006 0.020 0.062 0.177 0.233 0.156 0.338 
 86    (0)   :  0.005 0.010 0.031 0.096 0.080 0.222 0.414 0.142 
 87    (0)   :  0.016 0.007 0.027 0.205 0.189 0.205 0.207 0.146 
 88    (0)   :  0.006 0.006 0.015 0.125 0.100 0.151 0.241 0.356 
 89    (0)   :  0.017 0.007 0.014 0.095 0.093 0.155 0.233 0.385 
 90    (0)   :  0.006 0.006 0.014 0.220 0.127 0.193 0.269 0.165 
 91    (0)   :  0.008 0.006 0.022 0.061 0.160 0.151 0.127 0.466 
 92    (0)   :  0.006 0.007 0.014 0.117 0.117 0.229 0.305 0.206 
 93    (0)   :  0.049 0.006 0.016 0.058 0.070 0.114 0.126 0.562 
 94    (0)   :  0.007 0.006 0.023 0.254 0.324 0.149 0.102 0.134 
 95    (0)   :  0.006 0.006 0.015 0.238 0.107 0.132 0.214 0.283 
 96    (0)   :  0.006 0.006 0.094 0.062 0.064 0.094 0.350 0.322 
 97    (0)   :  0.005 0.008 0.033 0.046 0.254 0.108 0.274 0.271 
 98    (0)   :  0.005 0.006 0.071 0.064 0.101 0.218 0.320 0.214 
 99    (0)   :  0.007 0.006 0.014 0.148 0.139 0.211 0.197 0.278 
100    (0)   :  0.006 0.007 0.017 0.048 0.053 0.102 0.239 0.528 
101    (0)   :  0.058 0.008 0.033 0.133 0.155 0.177 0.255 0.180 
102    (0)   :  0.009 0.009 0.051 0.133 0.140 0.124 0.149 0.385 
103    (0)   :  0.037 0.008 0.020 0.140 0.076 0.132 0.391 0.197 
104    (0)   :  0.013 0.007 0.017 0.316 0.086 0.164 0.249 0.147 
105    (0)   :  0.037 0.010 0.021 0.287 0.062 0.114 0.283 0.186 
106    (0)   :  0.004 0.006 0.018 0.254 0.201 0.255 0.178 0.083 
107    (0)   :  0.019 0.009 0.024 0.260 0.073 0.135 0.280 0.200 
108    (0)   :  0.007 0.005 0.075 0.055 0.196 0.126 0.416 0.119 
109    (0)   :  0.009 0.028 0.020 0.298 0.178 0.160 0.224 0.083 
110    (0)   :  0.007 0.007 0.016 0.366 0.190 0.208 0.118 0.090 
111    (0)   :  0.007 0.008 0.018 0.487 0.060 0.118 0.181 0.121 
112    (0)   :  0.005 0.029 0.032 0.514 0.103 0.112 0.107 0.098 
113    (0)   :  0.010 0.008 0.024 0.097 0.121 0.186 0.391 0.162 
114    (0)   :  0.016 0.007 0.015 0.346 0.073 0.139 0.228 0.176 
115    (0)   :  0.005 0.009 0.080 0.332 0.077 0.160 0.195 0.142 
116    (0)   :  0.004 0.009 0.038 0.190 0.263 0.166 0.237 0.092 
117    (0)   :  0.009 0.011 0.032 0.425 0.141 0.171 0.107 0.105 
118    (0)   :  0.005 0.007 0.018 0.165 0.066 0.121 0.501 0.116 
119    (0)   :  0.008 0.006 0.149 0.079 0.135 0.112 0.200 0.311 
120    (0)   :  0.007 0.010 0.040 0.336 0.079 0.152 0.215 0.160 
121    (0)   :  0.010 0.021 0.123 0.349 0.097 0.143 0.160 0.099 
122    (0)   :  0.010 0.007 0.017 0.262 0.158 0.228 0.212 0.104 
123    (0)   :  0.008 0.007 0.025 0.344 0.130 0.152 0.189 0.146 
124    (0)   :  0.005 0.014 0.044 0.236 0.164 0.189 0.237 0.110 
125    (0)   :  0.007 0.011 0.051 0.200 0.264 0.233 0.115 0.119 
126    (0)   :  0.005 0.005 0.040 0.172 0.258 0.147 0.206 0.166 
127    (0)   :  0.005 0.007 0.019 0.474 0.060 0.106 0.201 0.128 
128    (0)   :  0.005 0.007 0.018 0.119 0.057 0.132 0.547 0.115 
129    (0)   :  0.019 0.009 0.020 0.231 0.069 0.130 0.431 0.090 
130    (0)   :  0.018 0.010 0.016 0.339 0.076 0.146 0.211 0.184 
131    (0)   :  0.016 0.014 0.050 0.227 0.308 0.152 0.148 0.086 
132    (0)   :  0.009 0.007 0.019 0.200 0.151 0.210 0.319 0.085 
133    (0)   :  0.014 0.011 0.030 0.269 0.085 0.152 0.298 0.142 
134    (0)   :  0.004 0.006 0.015 0.507 0.112 0.164 0.119 0.074 
135    (0)   :  0.005 0.010 0.047 0.053 0.086 0.088 0.232 0.478 
136    (0)   :  0.014 0.009 0.016 0.043 0.060 0.164 0.119 0.576 
137    (0)   :  0.016 0.009 0.016 0.095 0.064 0.101 0.093 0.606 
138    (0)   :  0.007 0.006 0.019 0.042 0.075 0.097 0.096 0.658 
139    (0)   :  0.012 0.007 0.024 0.046 0.077 0.125 0.413 0.296 
140    (0)   :  0.022 0.007 0.027 0.068 0.130 0.135 0.205 0.407 
141    (0)   :  0.082 0.009 0.019 0.043 0.087 0.199 0.150 0.411 
142    (0)   :  0.019 0.009 0.057 0.050 0.078 0.089 0.282 0.416 
143    (0)   :  0.005 0.005 0.015 0.041 0.052 0.083 0.092 0.705 
144    (0)   :  0.006 0.008 0.018 0.096 0.058 0.090 0.092 0.631 
145    (0)   :  0.013 0.010 0.025 0.044 0.091 0.214 0.180 0.424 
146    (0)   :  0.014 0.010 0.018 0.080 0.116 0.175 0.150 0.437 
147    (0)   :  0.011 0.006 0.015 0.042 0.057 0.097 0.086 0.685 
148    (0)   :  0.088 0.008 0.036 0.066 0.066 0.172 0.203 0.361 
149    (0)   :  0.233 0.007 0.031 0.043 0.100 0.103 0.179 0.303 
150    (0)   :  0.016 0.011 0.018 0.123 0.072 0.126 0.156 0.478 
151    (0)   :  0.005 0.007 0.016 0.056 0.063 0.102 0.130 0.621 
152    (0)   :  0.024 0.009 0.069 0.054 0.090 0.183 0.172 0.399 
153    (0)   :  0.015 0.006 0.026 0.055 0.108 0.114 0.112 0.563 
154    (0)   :  0.321 0.009 0.029 0.043 0.063 0.145 0.171 0.220 
155    (0)   :  0.007 0.006 0.015 0.054 0.057 0.098 0.116 0.646 
156    (0)   :  0.006 0.006 0.045 0.066 0.060 0.083 0.168 0.567 
157    (0)   :  0.015 0.006 0.014 0.100 0.101 0.116 0.104 0.545 
158    (0)   :  0.013 0.011 0.022 0.046 0.097 0.202 0.141 0.468 
159    (0)   :  0.147 0.008 0.014 0.042 0.057 0.093 0.103 0.536 
160    (0)   :  0.148 0.010 0.014 0.043 0.057 0.094 0.127 0.506 
161    (0)   :  0.011 0.006 0.020 0.060 0.117 0.136 0.139 0.512 
162    (0)   :  0.013 0.013 0.020 0.072 0.106 0.184 0.203 0.389 
163    (0)   :  0.006 0.006 0.021 0.054 0.060 0.086 0.104 0.664 
164    (0)   :  0.207 0.012 0.016 0.064 0.083 0.139 0.221 0.258 
165    (0)   :  0.007 0.010 0.018 0.131 0.068 0.104 0.122 0.540 
166    (0)   :  0.221 0.006 0.031 0.077 0.137 0.105 0.152 0.271 
167    (0)   :  0.424 0.012 0.016 0.056 0.057 0.176 0.093 0.166 
168    (0)   :  0.008 0.007 0.030 0.046 0.146 0.115 0.108 0.541 
169    (0)   :  0.012 0.012 0.022 0.045 0.237 0.190 0.128 0.355 
170    (0)   :  0.006 0.006 0.036 0.057 0.066 0.102 0.188 0.539 
171    (0)   :  0.012 0.007 0.030 0.049 0.114 0.164 0.178 0.445 
172    (0)   :  0.038 0.008 0.038 0.043 0.230 0.095 0.158 0.391 
173    (0)   :  0.013 0.008 0.014 0.041 0.054 0.097 0.150 0.623 
174    (0)   :  0.014 0.007 0.013 0.055 0.069 0.115 0.119 0.608 
175    (0)   :  0.007 0.007 0.024 0.041 0.053 0.155 0.098 0.615 
176    (0)   :  0.006 0.009 0.018 0.095 0.058 0.090 0.092 0.632 
177    (0)   :  0.015 0.007 0.016 0.093 0.168 0.132 0.120 0.448 
178    (0)   :  0.018 0.008 0.014 0.053 0.065 0.211 0.128 0.504 
179    (0)   :  0.058 0.006 0.014 0.040 0.054 0.100 0.109 0.618 
180    (0)   :  0.049 0.012 0.025 0.062 0.100 0.158 0.134 0.459 
181    (0)   :  0.011 0.009 0.023 0.044 0.089 0.119 0.207 0.498 
182    (0)   :  0.007 0.009 0.021 0.043 0.054 0.087 0.186 0.592 
183    (0)   :  0.012 0.007 0.016 0.042 0.055 0.102 0.121 0.646 
184    (0)   :  0.005 0.009 0.015 0.059 0.060 0.234 0.488 0.131 
185    (0)   :  0.006 0.006 0.066 0.046 0.049 0.075 0.117 0.635 
186    (0)   :  0.005 0.007 0.016 0.082 0.062 0.241 0.462 0.124 
187    (0)   :  0.008 0.006 0.018 0.058 0.056 0.150 0.354 0.350 
188    (0)   :  0.005 0.008 0.016 0.067 0.051 0.208 0.548 0.097 
189    (0)   :  0.007 0.006 0.028 0.051 0.155 0.228 0.178 0.348 
190    (0)   :  0.005 0.006 0.091 0.043 0.048 0.070 0.391 0.347 
191    (0)   :  0.006 0.006 0.014 0.049 0.052 0.141 0.550 0.181 
192    (0)   :  0.005 0.005 0.014 0.075 0.063 0.181 0.324 0.333 
193    (0)   :  0.005 0.006 0.020 0.056 0.071 0.185 0.357 0.299 
194    (0)   :  0.006 0.006 0.029 0.068 0.073 0.146 0.337 0.334 
195    (0)   :  0.006 0.006 0.030 0.040 0.050 0.087 0.354 0.427 
196    (0)   :  0.005 0.006 0.035 0.058 0.057 0.093 0.463 0.284 
197    (0)   :  0.006 0.007 0.021 0.088 0.066 0.282 0.274 0.255 
198    (0)   :  0.006 0.006 0.025 0.071 0.123 0.236 0.281 0.252 
199    (0)   :  0.005 0.007 0.040 0.058 0.077 0.096 0.443 0.274 
200    (0)   :  0.005 0.007 0.041 0.052 0.076 0.144 0.412 0.262 
201    (0)   :  0.006 0.005 0.020 0.046 0.047 0.107 0.271 0.497 
202    (0)   :  0.005 0.006 0.036 0.059 0.050 0.085 0.219 0.539 
203    (0)   :  0.006 0.006 0.016 0.045 0.045 0.093 0.326 0.462 
204    (0)   :  0.006 0.006 0.026 0.042 0.049 0.084 0.534 0.252 
205    (0)   :  0.006 0.006 0.026 0.050 0.074 0.114 0.512 0.212 
206    (0)   :  0.007 0.007 0.019 0.043 0.046 0.106 0.520 0.252 
207    (0)   :  0.005 0.006 0.023 0.056 0.046 0.095 0.613 0.157 
208    (0)   :  0.006 0.006 0.021 0.046 0.049 0.099 0.435 0.338 
209    (0)   :  0.005 0.006 0.020 0.052 0.055 0.152 0.475 0.235 
210    (0)   :  0.006 0.005 0.018 0.053 0.050 0.103 0.509 0.257 
211    (0)   :  0.004 0.010 0.042 0.088 0.046 0.093 0.412 0.304 
212    (0)   :  0.005 0.005 0.031 0.043 0.062 0.133 0.182 0.538 
213    (0)   :  0.005 0.006 0.051 0.080 0.114 0.117 0.390 0.237 
214    (0)   :  0.005 0.006 0.019 0.047 0.047 0.103 0.252 0.522 
215    (0)   :  0.006 0.006 0.020 0.057 0.060 0.109 0.584 0.160 
216    (0)   :  0.005 0.009 0.018 0.064 0.067 0.261 0.404 0.172 
217    (0)   :  0.006 0.006 0.022 0.046 0.058 0.112 0.290 0.460 
218    (0)   :  0.006 0.006 0.015 0.056 0.067 0.122 0.503 0.225 
219    (0)   :  0.006 0.010 0.018 0.055 0.081 0.255 0.244 0.330 
220    (0)   :  0.006 0.006 0.016 0.046 0.047 0.098 0.600 0.181 
221    (0)   :  0.005 0.006 0.047 0.039 0.051 0.080 0.154 0.618 
222    (0)   :  0.006 0.008 0.018 0.063 0.067 0.315 0.289 0.234 
223    (0)   :  0.008 0.006 0.019 0.061 0.069 0.164 0.258 0.416 
224    (0)   :  0.007 0.007 0.017 0.045 0.046 0.108 0.374 0.398 
225    (0)   :  0.005 0.006 0.027 0.048 0.061 0.109 0.479 0.264 
226    (0)   :  0.007 0.008 0.018 0.058 0.166 0.161 0.334 0.247 
227    (0)   :  0.007 0.006 0.047 0.059 0.051 0.092 0.387 0.352 
228    (0)   :  0.006 0.007 0.085 0.045 0.049 0.081 0.326 0.401 
229    (0)   :  0.006 0.006 0.014 0.050 0.046 0.122 0.347 0.408 
230    (0)   :  0.005 0.007 0.014 0.047 0.046 0.104 0.437 0.340 
231    (0)   :  0.006 0.006 0.015 0.047 0.052 0.160 0.353 0.361 
232    (0)   :  0.005 0.007 0.028 0.063 0.125 0.131 0.283 0.358 
233    (0)   :  0.005 0.006 0.016 0.047 0.047 0.104 0.224 0.551 
234    (0)   :  0.006 0.005 0.015 0.066 0.067 0.226 0.329 0.286 
235    (0)   :  0.006 0.006 0.022 0.053 0.080 0.146 0.315 0.371 
236    (0)   :  0.005 0.006 0.016 0.054 0.059 0.139 0.289 0.433 
237    (0)   :  0.005 0.006 0.025 0.051 0.054 0.106 0.573 0.180 
238    (0)   :  0.005 0.005 0.019 0.061 0.054 0.124 0.241 0.491 
239    (0)   :  0.006 0.006 0.031 0.040 0.050 0.087 0.353 0.428 
240    (0)   :  0.005 0.005 0.019 0.061 0.054 0.122 0.243 0.491 
241    (0)   :  0.006 0.007 0.025 0.046 0.064 0.098 0.255 0.499 
242    (0)   :  0.007 0.006 0.026 0.047 0.086 0.180 0.360 0.289 
243    (0)   :  0.005 0.006 0.039 0.047 0.045 0.079 0.482 0.296 
244    (0)   :  0.005 0.006 0.016 0.045 0.046 0.098 0.372 0.413 
245    (0)   :  0.006 0.005 0.024 0.051 0.059 0.094 0.164 0.597 
246    (0)   :  0.005 0.006 0.022 0.046 0.058 0.112 0.291 0.461 
247    (0)   :  0.005 0.005 0.022 0.115 0.130 0.168 0.438 0.118 
248    (0)   :  0.004 0.005 0.019 0.062 0.054 0.113 0.620 0.123 
249    (0)   :  0.005 0.006 0.018 0.051 0.047 0.112 0.334 0.427 
250    (0)   :  0.005 0.006 0.014 0.058 0.056 0.149 0.358 0.354 
251    (0)   :  0.006 0.007 0.025 0.064 0.110 0.211 0.372 0.205 
252    (0)   :  0.006 0.006 0.028 0.052 0.064 0.131 0.362 0.352 
253    (0)   :  0.005 0.006 0.026 0.085 0.113 0.141 0.440 0.183 
254    (0)   :  0.005 0.008 0.020 0.058 0.055 0.258 0.346 0.250 
255    (0)   :  0.006 0.006 0.019 0.056 0.057 0.203 0.350 0.304 
256    (0)   :  0.005 0.006 0.023 0.050 0.058 0.112 0.365 0.379 
257    (0)   :  0.008 0.013 0.022 0.063 0.064 0.127 0.442 0.262 
258    (0)   :  0.006 0.005 0.042 0.068 0.080 0.146 0.439 0.214 
259    (0)   :  0.006 0.007 0.017 0.054 0.054 0.134 0.475 0.254 
260    (0)   :  0.005 0.008 0.015 0.060 0.055 0.276 0.194 0.387 
261    (0)   :  0.006 0.005 0.033 0.048 0.066 0.117 0.284 0.441 
262    (0)   :  0.005 0.006 0.041 0.040 0.061 0.081 0.316 0.450 
263    (0)   :  0.005 0.009 0.018 0.051 0.045 0.164 0.550 0.158 
264    (0)   :  0.004 0.011 0.018 0.061 0.073 0.395 0.333 0.103 
265    (0)   :  0.006 0.006 0.018 0.054 0.073 0.160 0.379 0.304 
266    (0)   :  0.005 0.006 0.032 0.040 0.051 0.079 0.180 0.607 
267    (0)   :  0.005 0.006 0.021 0.066 0.053 0.159 0.371 0.319 
268    (0)   :  0.005 0.006 0.034 0.058 0.056 0.093 0.467 0.281 
269    (0)   :  0.006 0.006 0.018 0.054 0.093 0.261 0.243 0.319 
270    (0)   :  0.009 0.009 0.018 0.062 0.063 0.231 0.452 0.157 
271    (0)   :  0.006 0.006 0.024 0.065 0.071 0.125 0.504 0.198 
272    (0)   :  0.007 0.008 0.027 0.064 0.150 0.129 0.407 0.207 
273    (0)   :  0.059 0.030 0.027 0.076 0.094 0.182 0.261 0.269 
274    (0)   :  0.006 0.006 0.017 0.059 0.090 0.163 0.428 0.232 
275    (0)   :  0.035 0.011 0.021 0.054 0.080 0.162 0.406 0.230 
276    (0)   :  0.006 0.008 0.028 0.070 0.132 0.120 0.457 0.179 
277    (0)   :  0.006 0.006 0.018 0.059 0.070 0.179 0.292 0.370 
278    (0)   :  0.005 0.006 0.024 0.054 0.061 0.103 0.553 0.194 
279    (0)   :  0.006 0.006 0.017 0.057 0.070 0.150 0.401 0.293 
280    (0)   :  0.005 0.006 0.021 0.053 0.107 0.181 0.355 0.272 
281    (0)   :  0.006 0.006 0.018 0.065 0.080 0.144 0.447 0.233 
282    (0)   :  0.005 0.005 0.015 0.057 0.059 0.162 0.204 0.494 
283    (0)   :  0.006 0.006 0.018 0.055 0.047 0.121 0.217 0.529 
284    (0)   :  0.011 0.006 0.021 0.078 0.066 0.147 0.346 0.325 
285    (0)   :  0.004 0.006 0.028 0.058 0.081 0.122 0.607 0.094 
286    (0)   :  0.005 0.006 0.015 0.044 0.046 0.098 0.373 0.412 
287    (0)   :  0.007 0.006 0.016 0.066 0.105 0.189 0.315 0.296 
288    (0)   :  0.007 0.007 0.018 0.056 0.120 0.141 0.454 0.198 
289    (0)   :  0.012 0.009 0.039 0.081 0.079 0.148 0.463 0.167 
290    (0)   :  0.004 0.011 0.041 0.055 0.078 0.193 0.379 0.238 
291    (0)   :  0.006 0.006 0.024 0.064 0.072 0.126 0.504 0.198 
292    (0)   :  0.005 0.006 0.039 0.047 0.129 0.142 0.297 0.334 
293    (0)   :  0.004 0.008 0.044 0.066 0.094 0.257 0.364 0.162 
294    (0)   :  0.005 0.010 0.025 0.049 0.056 0.159 0.550 0.146 
295    (0)   :  0.025 0.009 0.038 0.074 0.131 0.141 0.403 0.178 
296    (0)   :  0.006 0.006 0.020 0.060 0.062 0.099 0.557 0.190 
297    (0)   :  0.006 0.006 0.019 0.055 0.102 0.206 0.403 0.204 
298    (0)   :  0.005 0.006 0.014 0.062 0.057 0.181 0.262 0.414 
299    (0)   :  0.006 0.010 0.016 0.054 0.046 0.219 0.466 0.183 
300    (0)   :  0.005 0.006 0.020 0.045 0.069 0.110 0.615 0.130 
301    (0)   :  0.009 0.009 0.016 0.055 0.068 0.259 0.426 0.158 
302    (0)   :  0.010 0.011 0.036 0.050 0.058 0.145 0.548 0.143 
303    (0)   :  0.005 0.007 0.019 0.047 0.070 0.131 0.317 0.403 
304    (0)   :  0.011 0.008 0.014 0.078 0.063 0.287 0.144 0.396 
305    (0)   :  0.012 0.006 0.025 0.040 0.063 0.091 0.454 0.309 
306    (0)   :  0.006 0.006 0.020 0.051 0.072 0.135 0.255 0.456 
307    (0)   :  0.006 0.007 0.017 0.058 0.069 0.156 0.355 0.331 
308    (0)   :  0.006 0.005 0.033 0.048 0.066 0.117 0.283 0.443 
309    (0)   :  0.035 0.021 0.038 0.074 0.057 0.112 0.498 0.165 
310    (0)   :  0.005 0.006 0.025 0.045 0.047 0.094 0.411 0.368 
311    (0)   :  0.005 0.006 0.014 0.047 0.046 0.103 0.439 0.339 
312    (0)   :  0.006 0.005 0.019 0.057 0.047 0.092 0.594 0.179 
313    (0)   :  0.005 0.006 0.043 0.049 0.055 0.088 0.628 0.125 
314    (0)   :  0.084 0.006 0.032 0.043 0.062 0.086 0.098 0.588 
315    (0)   :  0.081 0.005 0.037 0.044 0.095 0.104 0.092 0.542 
316    (0)   :  0.250 0.008 0.022 0.047 0.095 0.115 0.087 0.377 
317    (0)   :  0.094 0.007 0.018 0.044 0.062 0.093 0.090 0.592 
318    (0)   :  0.260 0.007 0.013 0.042 0.060 0.099 0.081 0.439 
319    (0)   :  0.005 0.006 0.016 0.041 0.052 0.085 0.096 0.698 
320    (0)   :  0.082 0.006 0.032 0.043 0.062 0.086 0.098 0.591 
321    (0)   :  0.211 0.007 0.017 0.044 0.063 0.099 0.088 0.471 
322    (0)   :  0.073 0.009 0.043 0.050 0.103 0.111 0.100 0.512 
323    (0)   :  0.071 0.017 0.013 0.043 0.057 0.100 0.086 0.612 
324    (0)   :  0.214 0.007 0.017 0.044 0.063 0.100 0.087 0.470 
325    (0)   :  0.338 0.006 0.018 0.045 0.086 0.106 0.083 0.319 
326    (0)   :  0.479 0.006 0.017 0.045 0.078 0.102 0.081 0.192 
327    (0)   :  0.094 0.007 0.018 0.044 0.061 0.093 0.089 0.593 
328    (0)   :  0.080 0.006 0.027 0.046 0.100 0.113 0.104 0.524 
329    (0)   :  0.013 0.006 0.012 0.041 0.055 0.094 0.079 0.699 
330    (0)   :  0.097 0.007 0.018 0.044 0.061 0.093 0.088 0.592 
331    (0)   :  0.054 0.006 0.012 0.041 0.055 0.093 0.089 0.649 
332    (0)   :  0.466 0.008 0.016 0.045 0.079 0.106 0.082 0.198 
333    (0)   :  0.357 0.007 0.019 0.045 0.082 0.101 0.099 0.291 
334    (0)   :  0.080 0.006 0.027 0.046 0.100 0.113 0.103 0.526 
335    (0)   :  0.025 0.006 0.032 0.046 0.093 0.103 0.090 0.605 
336    (0)   :  0.398 0.008 0.022 0.041 0.060 0.095 0.090 0.285 
337    (0)   :  0.279 0.006 0.027 0.047 0.093 0.108 0.091 0.349 
338    (0)   :  0.431 0.006 0.012 0.042 0.058 0.101 0.080 0.270 
339    (0)   :  0.053 0.006 0.012 0.041 0.055 0.094 0.089 0.650 
340    (0)   :  0.018 0.006 0.013 0.041 0.051 0.084 0.088 0.700 
341    (0)   :  0.197 0.011 0.014 0.042 0.055 0.093 0.092 0.495 
342    (0)   :  0.092 0.007 0.018 0.044 0.061 0.092 0.089 0.596 
343    (0)   :  0.075 0.013 0.058 0.046 0.096 0.110 0.095 0.506 
344    (0)   :  0.056 0.006 0.013 0.042 0.055 0.094 0.079 0.655 
345    (0)   :  0.096 0.007 0.018 0.044 0.062 0.092 0.089 0.593 
346    (0)   :  0.118 0.007 0.014 0.043 0.059 0.091 0.084 0.583 
347    (0)   :  0.017 0.006 0.013 0.041 0.051 0.084 0.079 0.709 
348    (0)   :  0.021 0.005 0.060 0.045 0.090 0.096 0.099 0.584 
349    (0)   :  0.095 0.007 0.018 0.044 0.062 0.093 0.089 0.592 
350    (0)   :  0.012 0.006 0.019 0.040 0.056 0.089 0.099 0.679 
351    (0)   :  0.024 0.006 0.031 0.046 0.093 0.104 0.090 0.605 
352    (0)   :  0.137 0.007 0.034 0.048 0.099 0.105 0.097 0.474 
353    (0)   :  0.397 0.008 0.022 0.041 0.062 0.094 0.091 0.284 
354    (0)   :  0.079 0.009 0.014 0.043 0.058 0.099 0.084 0.614 
355    (0)   :  0.260 0.006 0.013 0.042 0.059 0.098 0.079 0.442 
356    (0)   :  0.007 0.005 0.059 0.045 0.090 0.095 0.096 0.603 
357    (0)   :  0.009 0.006 0.021 0.049 0.142 0.240 0.102 0.431 
358    (0)   :  0.342 0.006 0.018 0.045 0.082 0.107 0.083 0.317 
359    (0)   :  0.287 0.006 0.012 0.042 0.057 0.098 0.093 0.405 
360    (0)   :  0.114 0.007 0.015 0.043 0.060 0.091 0.084 0.586 
361    (0)   :  0.008 0.006 0.030 0.051 0.145 0.242 0.114 0.404 
362    (0)   :  0.014 0.006 0.019 0.081 0.260 0.211 0.277 0.133 
363    (0)   :  0.007 0.008 0.026 0.123 0.180 0.344 0.205 0.107 
364    (0)   :  0.011 0.020 0.025 0.082 0.075 0.327 0.170 0.290 
365    (0)   :  0.010 0.021 0.021 0.072 0.207 0.371 0.173 0.125 
366    (0)   :  0.007 0.008 0.080 0.055 0.126 0.294 0.228 0.202 
367    (0)   :  0.005 0.006 0.015 0.292 0.251 0.229 0.115 0.087 
368    (0)   :  0.006 0.007 0.014 0.125 0.100 0.256 0.354 0.138 
369    (0)   :  0.022 0.011 0.121 0.065 0.083 0.276 0.172 0.250 
370    (0)   :  0.023 0.016 0.022 0.200 0.085 0.213 0.298 0.142 
371    (0)   :  0.025 0.013 0.030 0.070 0.070 0.368 0.254 0.169 
372    (0)   :  0.033 0.049 0.027 0.107 0.083 0.145 0.397 0.157 
373    (0)   :  0.006 0.008 0.020 0.197 0.105 0.280 0.181 0.204 
374    (0)   :  0.009 0.010 0.024 0.108 0.129 0.262 0.164 0.294 
375    (0)   :  0.009 0.018 0.016 0.122 0.099 0.473 0.162 0.101 
376    (0)   :  0.007 0.101 0.017 0.089 0.226 0.370 0.093 0.097 
377    (0)   :  0.019 0.008 0.024 0.078 0.188 0.222 0.336 0.125 
378    (0)   :  0.021 0.007 0.020 0.320 0.104 0.128 0.147 0.253 
379    (0)   :  0.009 0.173 0.021 0.115 0.171 0.312 0.111 0.089 
380    (0)   :  0.013 0.014 0.036 0.049 0.290 0.213 0.146 0.238 
381    (0)   :  0.006 0.012 0.060 0.047 0.135 0.388 0.123 0.229 
382    (0)   :  0.010 0.006 0.014 0.110 0.109 0.515 0.127 0.110 
383    (0)   :  0.224 0.013 0.016 0.050 0.208 0.225 0.138 0.125 
384    (0)   :  0.080 0.055 0.020 0.090 0.101 0.384 0.114 0.155 
385    (0)   :  0.159 0.037 0.014 0.173 0.066 0.256 0.146 0.149 
386    (0)   :  0.005 0.005 0.017 0.116 0.226 0.368 0.153 0.109 
387    (0)   :  0.005 0.006 0.019 0.132 0.200 0.368 0.139 0.131 
388    (0)   :  0.018 0.022 0.017 0.124 0.104 0.298 0.155 0.263 
389    (0)   :  0.019 0.017 0.048 0.086 0.060 0.146 0.509 0.114 
390    (0)   :  0.018 0.020 0.061 0.166 0.337 0.167 0.129 0.104 
391    (0)   :  0.013 0.025 0.042 0.219 0.118 0.174 0.235 0.174 
392    (0)   :  0.006 0.009 0.018 0.087 0.183 0.330 0.161 0.206 
393    (0)   :  0.009 0.011 0.056 0.059 0.413 0.176 0.093 0.185 
394    (0)   :  0.023 0.006 0.019 0.103 0.229 0.199 0.145 0.276 
395    (0)   :  0.004 0.005 0.025 0.091 0.282 0.132 0.334 0.127 
396    (0)   :  0.004 0.006 0.013 0.127 0.109 0.471 0.180 0.089 
397    (0)   :  0.006 0.082 0.019 0.055 0.060 0.279 0.264 0.235 
398    (0)   :  0.005 0.036 0.015 0.115 0.464 0.164 0.107 0.093 
399    (0)   :  0.010 0.007 0.024 0.329 0.182 0.148 0.188 0.112 
400    (0)   :  0.005 0.008 0.020 0.154 0.144 0.401 0.112 0.156 
401    (0)   :  0.005 0.006 0.033 0.224 0.231 0.148 0.185 0.168 
402    (0)   :  0.007 0.009 0.073 0.133 0.112 0.300 0.207 0.160 
403    (0)   :  0.007 0.011 0.020 0.114 0.114 0.171 0.152 0.411 
404    (0)   :  0.004 0.011 0.015 0.103 0.092 0.350 0.227 0.199 
405    (0)   :  0.006 0.005 0.024 0.065 0.215 0.287 0.228 0.170 
406    (0)   :  0.005 0.005 0.057 0.052 0.355 0.120 0.169 0.237 
407    (0)   :  0.004 0.006 0.014 0.071 0.353 0.328 0.133 0.091 
408    (0)   :  0.004 0.005 0.039 0.220 0.138 0.125 0.379 0.089 
409    (0)   :  0.009 0.013 0.067 0.067 0.262 0.120 0.116 0.346 
410    (0)   :  0.009 0.073 0.029 0.149 0.200 0.239 0.142 0.159 
411    (0)   :  0.034 0.018 0.066 0.079 0.105 0.417 0.110 0.170 
412    (0)   :  0.006 0.006 0.014 0.120 0.106 0.333 0.290 0.125 
413    (0)   :  0.017 0.006 0.016 0.121 0.163 0.239 0.214 0.225 
414    (0)   :  0.009 0.006 0.014 0.189 0.087 0.337 0.273 0.084 
415    (0)   :  0.005 0.007 0.037 0.087 0.227 0.344 0.164 0.128 
416    (0)   :  0.005 0.011 0.043 0.164 0.158 0.270 0.156 0.193 
417    (0)   :  0.006 0.007 0.021 0.082 0.397 0.253 0.132 0.101 
418    (0)   :  0.005 0.008 0.013 0.217 0.121 0.378 0.157 0.101 
419    (0)   :  0.009 0.016 0.028 0.115 0.186 0.209 0.162 0.275 
420    (0)   :  0.004 0.006 0.062 0.191 0.275 0.148 0.197 0.117 
421    (0)   :  0.007 0.007 0.018 0.114 0.305 0.219 0.224 0.106 
422    (0)   :  0.005 0.007 0.023 0.054 0.298 0.131 0.358 0.124 
423    (0)   :  0.005 0.010 0.023 0.089 0.188 0.326 0.205 0.155 
424    (0)   :  0.007 0.011 0.091 0.245 0.207 0.156 0.128 0.155 
425    (0)   :  0.009 0.034 0.021 0.097 0.105 0.363 0.180 0.190 
426    (0)   :  0.040 0.033 0.025 0.222 0.163 0.219 0.140 0.158 
427    (0)   :  0.015 0.006 0.015 0.097 0.436 0.165 0.093 0.173 
428    (0)   :  0.007 0.022 0.028 0.056 0.357 0.121 0.169 0.241 
429    (0)   :  0.005 0.007 0.015 0.142 0.227 0.405 0.114 0.087 
430    (0)   :  0.006 0.006 0.018 0.068 0.465 0.196 0.141 0.099 
431    (0)   :  0.015 0.013 0.016 0.222 0.122 0.217 0.227 0.168 
432    (0)   :  0.006 0.007 0.015 0.125 0.127 0.250 0.324 0.147 
433    (0)   :  0.007 0.010 0.021 0.086 0.073 0.177 0.257 0.368 
434    (0)   :  0.006 0.007 0.025 0.065 0.106 0.364 0.231 0.195 
435    (0)   :  0.005 0.005 0.017 0.070 0.556 0.151 0.107 0.090 
436    (0)   :  0.006 0.008 0.036 0.152 0.425 0.167 0.074 0.133 
437    (0)   :  0.005 0.008 0.017 0.059 0.140 0.552 0.119 0.101 
438    (0)   :  0.007 0.006 0.060 0.100 0.474 0.094 0.117 0.142 
439    (0)   :  0.005 0.006 0.015 0.073 0.576 0.137 0.077 0.110 
440    (0)   :  0.004 0.005 0.021 0.106 0.450 0.235 0.099 0.079 
441    (0)   :  0.008 0.006 0.021 0.069 0.409 0.210 0.107 0.170 
442    (0)   :  0.004 0.009 0.025 0.157 0.165 0.360 0.171 0.109 
443    (0)   :  0.005 0.006 0.078 0.266 0.287 0.135 0.130 0.092 
444    (0)   :  0.005 0.009 0.036 0.124 0.221 0.351 0.148 0.105 
445    (0)   :  0.006 0.041 0.031 0.064 0.387 0.144 0.109 0.218 
446    (0)   :  0.006 0.042 0.015 0.176 0.455 0.135 0.073 0.097 
447    (0)   :  0.005 0.010 0.039 0.102 0.383 0.164 0.129 0.169 
448    (0)   :  0.005 0.006 0.019 0.076 0.347 0.301 0.139 0.106 
449    (0)   :  0.006 0.006 0.019 0.071 0.322 0.280 0.141 0.154 
450    (0)   :  0.006 0.009 0.013 0.103 0.173 0.448 0.084 0.163 
451    (0)   :  0.005 0.007 0.022 0.231 0.169 0.257 0.229 0.080 
452    (0)   :  0.006 0.007 0.014 0.101 0.252 0.373 0.091 0.157 
453    (0)   :  0.006 0.007 0.132 0.133 0.205 0.128 0.238 0.152 
454    (0)   :  0.014 0.006 0.021 0.073 0.291 0.320 0.124 0.152 
455    (0)   :  0.006 0.005 0.032 0.093 0.566 0.125 0.082 0.091 
456    (0)   :  0.005 0.007 0.069 0.099 0.357 0.222 0.148 0.094 
457    (0)   :  0.005 0.007 0.018 0.058 0.301 0.394 0.108 0.109 
458    (0)   :  0.006 0.044 0.016 0.091 0.457 0.180 0.095 0.112 
459    (0)   :  0.006 0.006 0.020 0.113 0.470 0.132 0.072 0.181 
460    (0)   :  0.005 0.005 0.018 0.147 0.505 0.148 0.079 0.092 
461    (0)   :  0.005 0.008 0.013 0.336 0.221 0.241 0.076 0.100 
462    (0)   :  0.006 0.016 0.042 0.172 0.258 0.250 0.182 0.074 
463    (0)   :  0.006 0.005 0.122 0.058 0.398 0.113 0.168 0.129 
464    (0)   :  0.005 0.005 0.032 0.137 0.492 0.139 0.100 0.091 
465    (0)   :  0.006 0.009 0.028 0.187 0.332 0.169 0.159 0.111 
466    (0)   :  0.005 0.005 0.056 0.103 0.434 0.134 0.166 0.097 
467    (0)   :  0.007 0.006 0.029 0.091 0.387 0.187 0.157 0.135 
468    (0)   :  0.005 0.006 0.039 0.052 0.475 0.227 0.104 0.092 
469    (0)   :  0.005 0.005 0.017 0.054 0.641 0.115 0.071 0.091 
470    (0)   :  0.005 0.005 0.016 0.092 0.584 0.123 0.084 0.091 
471    (0)   :  0.005 0.009 0.082 0.141 0.171 0.265 0.210 0.116 
472    (0)   :  0.005 0.008 0.037 0.104 0.280 0.277 0.174 0.116 
473    (0)   :  0.007 0.006 0.023 0.060 0.275 0.300 0.180 0.149 
474    (0)   :  0.005 0.006 0.027 0.098 0.278 0.314 0.109 0.164 
475    (0)   :  0.005 0.006 0.023 0.163 0.310 0.173 0.143 0.177 
476    (0)   :  0.005 0.009 0.034 0.098 0.285 0.367 0.086 0.115 
477    (0)   :  0.006 0.009 0.038 0.241 0.259 0.178 0.127 0.142 
478    (0)   :  0.006 0.009 0.020 0.459 0.192 0.130 0.092 0.091 
479    (0)   :  0.005 0.005 0.017 0.090 0.430 0.277 0.086 0.090 
480    (0)   :  0.005 0.007 0.017 0.071 0.311 0.401 0.085 0.104 
481    (0)   :  0.004 0.007 0.017 0.085 0.161 0.325 0.293 0.108 
482    (0)   :  0.005 0.007 0.014 0.122 0.308 0.367 0.085 0.093 
483    (0)   :  0.006 0.006 0.017 0.108 0.531 0.142 0.078 0.111 
484    (0)   :  0.006 0.007 0.052 0.072 0.494 0.106 0.161 0.103 
485    (0)   :  0.006 0.006 0.022 0.096 0.592 0.110 0.077 0.091 
486    (0)   :  0.006 0.013 0.050 0.125 0.074 0.236 0.358 0.138 
487    (0)   :  0.007 0.013 0.027 0.094 0.076 0.291 0.247 0.245 
488    (0)   :  0.008 0.014 0.021 0.195 0.075 0.185 0.301 0.202 
489    (0)   :  0.007 0.010 0.068 0.056 0.053 0.328 0.219 0.259 
490    (0)   :  0.005 0.008 0.048 0.244 0.104 0.252 0.240 0.100 
491    (0)   :  0.006 0.012 0.022 0.074 0.062 0.169 0.423 0.233 
492    (0)   :  0.007 0.008 0.031 0.224 0.079 0.124 0.161 0.366 
493    (0)   :  0.008 0.016 0.024 0.109 0.052 0.258 0.373 0.160 
494    (0)   :  0.006 0.039 0.023 0.095 0.080 0.227 0.299 0.231 
495    (0)   :  0.007 0.033 0.045 0.307 0.065 0.150 0.119 0.274 
496    (0)   :  0.007 0.007 0.031 0.068 0.095 0.159 0.224 0.411 
497    (0)   :  0.010 0.033 0.022 0.086 0.057 0.239 0.335 0.217 
498    (0)   :  0.006 0.017 0.077 0.157 0.070 0.264 0.239 0.171 
499    (0)   :  0.008 0.030 0.029 0.060 0.068 0.225 0.243 0.339 
500    (0)   :  0.006 0.017 0.020 0.062 0.076 0.362 0.299 0.158 
501    (0)   :  0.005 0.012 0.014 0.089 0.097 0.298 0.171 0.315 
502    (0)   :  0.006 0.010 0.013 0.205 0.087 0.181 0.151 0.346 
503    (0)   :  0.005 0.008 0.017 0.074 0.121 0.441 0.204 0.129 
504    (0)   :  0.005 0.015 0.035 0.303 0.089 0.165 0.253 0.136 
505    (0)   :  0.004 0.010 0.027 0.086 0.071 0.139 0.436 0.227 
506    (0)   :  0.005 0.009 0.018 0.211 0.066 0.160 0.216 0.314 
507    (0)   :  0.007 0.008 0.036 0.043 0.061 0.098 0.178 0.569 
508    (0)   :  0.008 0.018 0.053 0.054 0.051 0.102 0.190 0.524 
509    (0)   :  0.005 0.008 0.025 0.072 0.080 0.128 0.366 0.316 
510    (0)   :  0.005 0.020 0.021 0.075 0.056 0.304 0.150 0.368 
511    (0)   :  0.005 0.013 0.024 0.144 0.168 0.287 0.205 0.154 
512    (0)   :  0.004 0.009 0.014 0.127 0.104 0.476 0.161 0.105 
513    (0)   :  0.006 0.051 0.059 0.274 0.044 0.083 0.329 0.154 
514    (0)   :  0.010 0.009 0.021 0.238 0.120 0.176 0.253 0.173 
515    (0)   :  0.006 0.013 0.047 0.068 0.220 0.199 0.180 0.266 
516    (0)   :  0.006 0.010 0.032 0.169 0.088 0.131 0.400 0.165 
517    (0)   :  0.006 0.007 0.059 0.077 0.252 0.148 0.193 0.258 
518    (0)   :  0.007 0.059 0.015 0.058 0.061 0.320 0.192 0.287 
519    (0)   :  0.005 0.007 0.021 0.300 0.135 0.154 0.188 0.189 
520    (0)   :  0.007 0.007 0.077 0.047 0.257 0.112 0.153 0.340 
521    (0)   :  0.151 0.006 0.023 0.109 0.080 0.139 0.248 0.243 
522    (0)   :  0.006 0.025 0.164 0.070 0.109 0.339 0.145 0.142 
523    (0)   :  0.016 0.008 0.185 0.078 0.160 0.115 0.168 0.269 
524    (0)   :  0.007 0.008 0.039 0.057 0.372 0.140 0.182 0.195 
525    (0)   :  0.008 0.070 0.031 0.049 0.170 0.198 0.171 0.302 
526    (0)   :  0.005 0.006 0.082 0.045 0.401 0.095 0.197 0.169 
527    (0)   :  0.005 0.069 0.015 0.150 0.078 0.351 0.189 0.144 
528    (0)   :  0.019 0.005 0.020 0.060 0.056 0.127 0.257 0.455 
529    (0)   :  0.009 0.072 0.020 0.084 0.072 0.170 0.343 0.231 
530    (0)   :  0.005 0.009 0.044 0.071 0.153 0.351 0.170 0.197 
531    (0)   :  0.016 0.008 0.025 0.064 0.208 0.168 0.131 0.381 
532    (0)   :  0.040 0.021 0.027 0.075 0.058 0.253 0.231 0.295 
533    (0)   :  0.006 0.057 0.035 0.056 0.150 0.253 0.272 0.170 
534    (0)   :  0.006 0.065 0.056 0.107 0.058 0.093 0.374 0.240 
535    (0)   :  0.005 0.006 0.069 0.098 0.288 0.135 0.225 0.174 
536    (0)   :  0.007 0.008 0.033 0.098 0.209 0.159 0.193 0.294 
537    (0)   :  0.018 0.009 0.091 0.090 0.088 0.145 0.175 0.385 
538    (0)   :  0.006 0.006 0.047 0.059 0.118 0.167 0.286 0.312 
539    (0)   :  0.005 0.006 0.026 0.048 0.047 0.117 0.159 0.593 
540    (0)   :  0.148 0.006 0.040 0.050 0.121 0.153 0.326 0.157 
541    (0)   :  0.077 0.009 0.038 0.079 0.126 0.155 0.145 0.372 
542    (0)   :  0.005 0.007 0.048 0.058 0.264 0.124 0.352 0.142 
543    (0)   :  0.101 0.009 0.145 0.121 0.132 0.108 0.183 0.201 
544    (0)   :  0.011 0.006 0.123 0.063 0.191 0.140 0.267 0.200 
545    (0)   :  0.006 0.007 0.147 0.097 0.296 0.113 0.227 0.109 
546    (0)   :  0.012 0.007 0.047 0.064 0.130 0.138 0.395 0.207 
547    (0)   :  0.007 0.007 0.273 0.081 0.145 0.098 0.134 0.256 
548    (0)   :  0.005 0.006 0.014 0.057 0.056 0.148 0.360 0.352 
549    (0)   :  0.007 0.008 0.056 0.067 0.229 0.105 0.092 0.438 
550    (0)   :  0.005 0.006 0.152 0.111 0.264 0.141 0.147 0.174 
551    (0)   :  0.008 0.008 0.030 0.083 0.127 0.127 0.107 0.509 
552    (0)   :  0.005 0.006 0.036 0.049 0.079 0.152 0.373 0.300 
553    (0)   :  0.027 0.009 0.318 0.087 0.088 0.091 0.158 0.224 
554    (0)   :  0.180 0.009 0.038 0.072 0.104 0.249 0.226 0.122 
555    (0)   :  0.017 0.010 0.069 0.083 0.071 0.140 0.193 0.417 
556    (0)   :  0.010 0.006 0.032 0.065 0.094 0.159 0.375 0.258 
557    (0)   :  0.013 0.006 0.049 0.116 0.356 0.131 0.125 0.204 
558    (0)   :  0.005 0.006 0.013 0.124 0.341 0.339 0.075 0.097 
559    (0)   :  0.007 0.007 0.032 0.130 0.082 0.213 0.400 0.129 
560    (0)   :  0.004 0.006 0.016 0.312 0.289 0.152 0.145 0.076 
561    (0)   :  0.005 0.007 0.024 0.129 0.247 0.256 0.233 0.098 
562    (0)   :  0.005 0.008 0.044 0.183 0.139 0.284 0.262 0.076 
563    (0)   :  0.005 0.011 0.027 0.287 0.173 0.136 0.100 0.260 
564    (0)   :  0.018 0.010 0.046 0.063 0.094 0.211 0.436 0.121 
565    (0)   :  0.005 0.006 0.014 0.060 0.413 0.289 0.107 0.106 
566    (0)   :  0.005 0.005 0.018 0.305 0.206 0.265 0.117 0.080 
567    (0)   :  0.005 0.007 0.024 0.081 0.080 0.194 0.512 0.097 
568    (0)   :  0.006 0.006 0.026 0.115 0.252 0.181 0.279 0.136 
569    (0)   :  0.017 0.008 0.104 0.088 0.149 0.385 0.124 0.125 
570    (0)   :  0.005 0.007 0.017 0.085 0.142 0.561 0.099 0.083 
571    (0)   :  0.007 0.006 0.021 0.272 0.194 0.180 0.202 0.119 
572    (0)   :  0.007 0.006 0.264 0.049 0.105 0.184 0.145 0.240 
573    (0)   :  0.010 0.008 0.039 0.059 0.233 0.155 0.367 0.128 
574    (0)   :  0.015 0.007 0.032 0.052 0.116 0.441 0.134 0.203 
575    (0)   :  0.005 0.006 0.016 0.174 0.203 0.192 0.185 0.220 
576    (0)   :  0.005 0.007 0.017 0.287 0.167 0.301 0.135 0.080 
577    (0)   :  0.006 0.008 0.021 0.067 0.099 0.445 0.143 0.212 
