

----------------------------------------------------
STRUCTURE by Pritchard, Stephens and Donnelly (2000)
     and Falush, Stephens and Pritchard (2003)
       Code by Pritchard, Falush and Hubisz
             Version 2.3.4 (Jul 2012)
----------------------------------------------------



Command line arguments:   ./structure -K 3 -D 103017 -m brooktrout/mainparams -e brooktrout/extraparams -o brooktrout/250914_output/results_K3_rep17 
Input File:    brooktrout/brooktrout.txt

Run parameters:
   8454 individuals
   5 loci
   3 populations assumed
   50000 Burn-in period
   100000 Reps
RANDOMIZE turned off


--------------------------------------------
Overall proportion of membership of the
sample in each of the 3 clusters

Inferred Clusters
  1      2      3    
0.390  0.423  0.187  

--------------------------------------------

Allele-freq. divergence among pops (Net nucleotide distance),
computed using point estimates of P.

      1       2       3      
 1      -    0.0314  0.0545  
 2   0.0314     -    0.0965  
 3   0.0545  0.0965     -    

Average distances (expected heterozygosity) between individuals in same cluster:
cluster  1  : 0.8454 
cluster  2  : 0.8208 
cluster  3  : 0.7488 

--------------------------------------------
Estimated Ln Prob of Data   = -179459.5
Mean value of ln likelihood = -175558.5
Variance of ln likelihood   = 7802.0

Mean value of alpha_1       = 0.2663
Mean value of alpha_2       = 0.2878
Mean value of alpha_3       = 0.1307
Allele frequencies uncorrelated


Inferred ancestry of individuals:
     (%Miss) :  Inferred clusters
  1    (0)   :  0.464 0.322 0.215 
  2    (0)   :  0.767 0.200 0.033 
  3    (0)   :  0.313 0.546 0.140 
  4    (0)   :  0.268 0.129 0.604 
  5    (0)   :  0.673 0.293 0.033 
  6    (0)   :  0.073 0.890 0.037 
  7    (0)   :  0.081 0.891 0.029 
  8    (0)   :  0.246 0.399 0.356 
  9    (0)   :  0.533 0.404 0.063 
 10    (0)   :  0.156 0.697 0.147 
 11    (0)   :  0.148 0.823 0.029 
 12    (0)   :  0.586 0.355 0.059 
 13    (0)   :  0.215 0.727 0.058 
 14    (0)   :  0.710 0.205 0.085 
 15    (0)   :  0.548 0.296 0.156 
 16    (0)   :  0.140 0.800 0.060 
 17    (0)   :  0.343 0.600 0.058 
 18    (0)   :  0.303 0.602 0.094 
 19    (0)   :  0.179 0.769 0.052 
 20    (0)   :  0.516 0.434 0.050 
 21    (0)   :  0.624 0.208 0.168 
 22    (0)   :  0.116 0.807 0.077 
 23    (0)   :  0.682 0.158 0.160 
 24    (0)   :  0.309 0.472 0.219 
 25    (0)   :  0.141 0.836 0.023 
 26    (0)   :  0.404 0.478 0.118 
 27    (0)   :  0.251 0.651 0.098 
 28    (0)   :  0.204 0.501 0.295 
 29    (0)   :  0.590 0.366 0.044 
 30    (0)   :  0.148 0.795 0.057 
 31    (0)   :  0.324 0.564 0.111 
 32    (0)   :  0.584 0.290 0.126 
 33    (0)   :  0.401 0.480 0.119 
 34    (0)   :  0.134 0.810 0.055 
 35    (0)   :  0.554 0.407 0.038 
 36    (0)   :  0.548 0.391 0.060 
 37    (0)   :  0.652 0.191 0.158 
 38    (0)   :  0.181 0.793 0.026 
 39    (0)   :  0.277 0.679 0.044 
 40    (0)   :  0.511 0.208 0.280 
 41    (0)   :  0.544 0.402 0.054 
 42    (0)   :  0.530 0.160 0.310 
 43    (0)   :  0.839 0.103 0.059 
 44    (0)   :  0.698 0.270 0.032 
 45    (0)   :  0.617 0.353 0.030 
 46    (0)   :  0.269 0.699 0.032 
 47    (0)   :  0.383 0.554 0.064 
 48    (0)   :  0.687 0.273 0.040 
 49    (0)   :  0.572 0.381 0.046 
 50    (0)   :  0.148 0.770 0.082 
 51    (0)   :  0.830 0.128 0.042 
 52    (0)   :  0.282 0.665 0.053 
 53    (0)   :  0.117 0.817 0.066 
 54    (0)   :  0.790 0.152 0.058 
 55    (0)   :  0.866 0.097 0.037 
 56    (0)   :  0.525 0.413 0.062 
 57    (0)   :  0.247 0.586 0.167 
 58    (0)   :  0.735 0.212 0.053 
 59    (0)   :  0.594 0.363 0.043 
 60    (0)   :  0.648 0.185 0.168 
 61    (0)   :  0.874 0.059 0.066 
 62    (0)   :  0.427 0.528 0.045 
 63    (0)   :  0.749 0.181 0.070 
 64    (0)   :  0.186 0.783 0.031 
 65    (0)   :  0.503 0.475 0.022 
 66    (0)   :  0.815 0.100 0.085 
 67    (0)   :  0.862 0.108 0.030 
 68    (0)   :  0.616 0.329 0.054 
 69    (0)   :  0.333 0.547 0.120 
 70    (0)   :  0.779 0.173 0.049 
 71    (0)   :  0.645 0.332 0.024 
 72    (0)   :  0.355 0.610 0.036 
 73    (0)   :  0.829 0.146 0.025 
 74    (0)   :  0.526 0.343 0.131 
 75    (0)   :  0.732 0.129 0.139 
 76    (0)   :  0.761 0.203 0.037 
 77    (0)   :  0.657 0.308 0.035 
 78    (0)   :  0.483 0.468 0.048 
 79    (0)   :  0.137 0.827 0.036 
 80    (0)   :  0.150 0.219 0.631 
 81    (0)   :  0.178 0.379 0.443 
 82    (0)   :  0.756 0.172 0.072 
 83    (0)   :  0.290 0.421 0.290 
 84    (0)   :  0.398 0.393 0.209 
 85    (0)   :  0.334 0.326 0.339 
 86    (0)   :  0.639 0.324 0.037 
 87    (0)   :  0.238 0.721 0.041 
 88    (0)   :  0.642 0.193 0.165 
 89    (0)   :  0.591 0.145 0.264 
 90    (0)   :  0.424 0.531 0.044 
 91    (0)   :  0.265 0.168 0.567 
 92    (0)   :  0.448 0.474 0.078 
 93    (0)   :  0.078 0.066 0.856 
 94    (0)   :  0.075 0.893 0.032 
 95    (0)   :  0.696 0.220 0.084 
 96    (0)   :  0.822 0.059 0.119 
 97    (0)   :  0.676 0.179 0.145 
 98    (0)   :  0.734 0.197 0.069 
 99    (0)   :  0.456 0.376 0.168 
100    (0)   :  0.344 0.068 0.588 
101    (0)   :  0.725 0.219 0.055 
102    (0)   :  0.623 0.143 0.234 
103    (0)   :  0.847 0.089 0.065 
104    (0)   :  0.382 0.568 0.051 
105    (0)   :  0.852 0.101 0.048 
106    (0)   :  0.111 0.873 0.017 
107    (0)   :  0.683 0.248 0.069 
108    (0)   :  0.722 0.248 0.030 
109    (0)   :  0.305 0.679 0.017 
110    (0)   :  0.198 0.779 0.022 
111    (0)   :  0.211 0.760 0.029 
112    (0)   :  0.136 0.844 0.020 
113    (0)   :  0.759 0.197 0.044 
114    (0)   :  0.438 0.496 0.066 
115    (0)   :  0.788 0.185 0.026 
116    (0)   :  0.381 0.600 0.019 
117    (0)   :  0.573 0.399 0.028 
118    (0)   :  0.764 0.210 0.026 
119    (0)   :  0.763 0.093 0.144 
120    (0)   :  0.512 0.453 0.035 
121    (0)   :  0.845 0.134 0.021 
122    (0)   :  0.167 0.809 0.024 
123    (0)   :  0.460 0.503 0.037 
124    (0)   :  0.483 0.492 0.025 
125    (0)   :  0.368 0.593 0.039 
126    (0)   :  0.313 0.640 0.047 
127    (0)   :  0.251 0.715 0.033 
128    (0)   :  0.844 0.132 0.025 
129    (0)   :  0.851 0.128 0.020 
130    (0)   :  0.498 0.425 0.077 
131    (0)   :  0.536 0.441 0.023 
132    (0)   :  0.209 0.772 0.019 
133    (0)   :  0.523 0.432 0.045 
134    (0)   :  0.077 0.910 0.014 
135    (0)   :  0.524 0.081 0.396 
136    (0)   :  0.067 0.066 0.866 
137    (0)   :  0.132 0.072 0.796 
138    (0)   :  0.066 0.062 0.872 
139    (0)   :  0.728 0.084 0.188 
140    (0)   :  0.278 0.198 0.525 
141    (0)   :  0.084 0.107 0.809 
142    (0)   :  0.383 0.077 0.540 
143    (0)   :  0.059 0.043 0.898 
144    (0)   :  0.141 0.064 0.795 
145    (0)   :  0.167 0.154 0.679 
146    (0)   :  0.357 0.196 0.447 
147    (0)   :  0.051 0.047 0.901 
148    (0)   :  0.213 0.129 0.658 
149    (0)   :  0.103 0.067 0.830 
150    (0)   :  0.337 0.107 0.555 
151    (0)   :  0.103 0.064 0.833 
152    (0)   :  0.274 0.151 0.575 
153    (0)   :  0.117 0.087 0.797 
154    (0)   :  0.092 0.069 0.839 
155    (0)   :  0.076 0.058 0.865 
156    (0)   :  0.294 0.062 0.643 
157    (0)   :  0.184 0.142 0.674 
158    (0)   :  0.119 0.136 0.745 
159    (0)   :  0.060 0.047 0.893 
160    (0)   :  0.065 0.048 0.886 
161    (0)   :  0.227 0.109 0.664 
162    (0)   :  0.407 0.226 0.367 
163    (0)   :  0.076 0.053 0.871 
164    (0)   :  0.335 0.191 0.474 
165    (0)   :  0.258 0.094 0.649 
166    (0)   :  0.340 0.149 0.511 
167    (0)   :  0.106 0.167 0.728 
168    (0)   :  0.125 0.097 0.778 
169    (0)   :  0.148 0.372 0.480 
170    (0)   :  0.300 0.061 0.639 
171    (0)   :  0.290 0.132 0.578 
172    (0)   :  0.195 0.143 0.663 
173    (0)   :  0.088 0.049 0.863 
174    (0)   :  0.081 0.067 0.852 
175    (0)   :  0.058 0.059 0.883 
176    (0)   :  0.134 0.065 0.801 
177    (0)   :  0.267 0.230 0.504 
178    (0)   :  0.080 0.102 0.817 
179    (0)   :  0.054 0.047 0.898 
180    (0)   :  0.164 0.174 0.662 
181    (0)   :  0.259 0.087 0.654 
182    (0)   :  0.189 0.051 0.760 
183    (0)   :  0.072 0.051 0.877 
184    (0)   :  0.715 0.247 0.037 
185    (0)   :  0.152 0.045 0.803 
186    (0)   :  0.720 0.247 0.032 
187    (0)   :  0.668 0.114 0.218 
188    (0)   :  0.769 0.206 0.025 
189    (0)   :  0.236 0.449 0.315 
190    (0)   :  0.791 0.042 0.167 
191    (0)   :  0.805 0.130 0.065 
192    (0)   :  0.731 0.126 0.143 
193    (0)   :  0.672 0.166 0.162 
194    (0)   :  0.800 0.097 0.103 
195    (0)   :  0.455 0.054 0.491 
196    (0)   :  0.811 0.068 0.121 
197    (0)   :  0.613 0.295 0.092 
198    (0)   :  0.609 0.275 0.116 
199    (0)   :  0.809 0.083 0.108 
200    (0)   :  0.632 0.232 0.136 
201    (0)   :  0.334 0.067 0.598 
202    (0)   :  0.449 0.066 0.484 
203    (0)   :  0.404 0.068 0.529 
204    (0)   :  0.828 0.052 0.120 
205    (0)   :  0.839 0.096 0.066 
206    (0)   :  0.796 0.070 0.134 
207    (0)   :  0.893 0.065 0.042 
208    (0)   :  0.731 0.065 0.204 
209    (0)   :  0.783 0.125 0.092 
210    (0)   :  0.792 0.070 0.138 
211    (0)   :  0.878 0.061 0.061 
212    (0)   :  0.196 0.082 0.722 
213    (0)   :  0.849 0.104 0.047 
214    (0)   :  0.371 0.067 0.562 
215    (0)   :  0.870 0.092 0.038 
216    (0)   :  0.757 0.196 0.047 
217    (0)   :  0.363 0.093 0.544 
218    (0)   :  0.789 0.114 0.097 
219    (0)   :  0.425 0.343 0.232 
220    (0)   :  0.878 0.068 0.054 
221    (0)   :  0.198 0.043 0.759 
222    (0)   :  0.600 0.305 0.095 
223    (0)   :  0.512 0.136 0.352 
224    (0)   :  0.586 0.075 0.340 
225    (0)   :  0.842 0.066 0.091 
226    (0)   :  0.576 0.293 0.131 
227    (0)   :  0.763 0.069 0.169 
228    (0)   :  0.607 0.049 0.344 
229    (0)   :  0.526 0.097 0.376 
230    (0)   :  0.741 0.069 0.189 
231    (0)   :  0.443 0.143 0.414 
232    (0)   :  0.728 0.125 0.146 
233    (0)   :  0.257 0.068 0.675 
234    (0)   :  0.633 0.204 0.163 
235    (0)   :  0.555 0.163 0.282 
236    (0)   :  0.611 0.098 0.291 
237    (0)   :  0.840 0.087 0.073 
238    (0)   :  0.423 0.085 0.492 
239    (0)   :  0.468 0.052 0.480 
240    (0)   :  0.420 0.086 0.495 
241    (0)   :  0.386 0.060 0.555 
242    (0)   :  0.406 0.340 0.254 
243    (0)   :  0.835 0.047 0.118 
244    (0)   :  0.548 0.066 0.386 
245    (0)   :  0.165 0.058 0.777 
246    (0)   :  0.367 0.092 0.542 
247    (0)   :  0.773 0.201 0.026 
248    (0)   :  0.878 0.092 0.030 
249    (0)   :  0.624 0.073 0.302 
250    (0)   :  0.748 0.095 0.157 
251    (0)   :  0.537 0.376 0.087 
252    (0)   :  0.720 0.089 0.191 
253    (0)   :  0.768 0.182 0.050 
254    (0)   :  0.700 0.199 0.101 
255    (0)   :  0.614 0.201 0.185 
256    (0)   :  0.677 0.069 0.253 
257    (0)   :  0.843 0.074 0.083 
258    (0)   :  0.813 0.124 0.063 
259    (0)   :  0.858 0.081 0.062 
260    (0)   :  0.516 0.233 0.251 
261    (0)   :  0.569 0.082 0.349 
262    (0)   :  0.443 0.055 0.502 
263    (0)   :  0.848 0.098 0.053 
264    (0)   :  0.361 0.615 0.024 
265    (0)   :  0.646 0.177 0.176 
266    (0)   :  0.209 0.045 0.745 
267    (0)   :  0.656 0.161 0.183 
268    (0)   :  0.813 0.068 0.119 
269    (0)   :  0.270 0.452 0.278 
270    (0)   :  0.761 0.186 0.053 
271    (0)   :  0.866 0.085 0.048 
272    (0)   :  0.722 0.205 0.072 
273    (0)   :  0.526 0.177 0.297 
274    (0)   :  0.746 0.164 0.089 
275    (0)   :  0.718 0.141 0.141 
276    (0)   :  0.698 0.244 0.059 
277    (0)   :  0.619 0.133 0.248 
278    (0)   :  0.866 0.081 0.052 
279    (0)   :  0.778 0.098 0.124 
280    (0)   :  0.625 0.240 0.135 
281    (0)   :  0.802 0.120 0.078 
282    (0)   :  0.374 0.138 0.488 
283    (0)   :  0.294 0.095 0.611 
284    (0)   :  0.772 0.097 0.130 
285    (0)   :  0.872 0.108 0.020 
286    (0)   :  0.549 0.065 0.386 
287    (0)   :  0.525 0.287 0.188 
288    (0)   :  0.687 0.232 0.080 
289    (0)   :  0.670 0.229 0.101 
290    (0)   :  0.703 0.243 0.054 
291    (0)   :  0.868 0.084 0.048 
292    (0)   :  0.643 0.169 0.188 
293    (0)   :  0.484 0.467 0.049 
294    (0)   :  0.828 0.123 0.049 
295    (0)   :  0.549 0.321 0.130 
296    (0)   :  0.863 0.083 0.054 
297    (0)   :  0.617 0.309 0.074 
298    (0)   :  0.541 0.151 0.309 
299    (0)   :  0.766 0.167 0.067 
300    (0)   :  0.877 0.085 0.038 
301    (0)   :  0.660 0.279 0.060 
302    (0)   :  0.853 0.099 0.048 
303    (0)   :  0.543 0.108 0.349 
304    (0)   :  0.372 0.277 0.351 
305    (0)   :  0.613 0.066 0.321 
306    (0)   :  0.354 0.120 0.525 
307    (0)   :  0.780 0.106 0.114 
308    (0)   :  0.569 0.080 0.351 
309    (0)   :  0.863 0.082 0.054 
310    (0)   :  0.691 0.057 0.252 
311    (0)   :  0.734 0.070 0.195 
312    (0)   :  0.893 0.061 0.047 
313    (0)   :  0.916 0.056 0.028 
314    (0)   :  0.052 0.044 0.904 
315    (0)   :  0.069 0.059 0.872 
316    (0)   :  0.058 0.068 0.874 
317    (0)   :  0.044 0.045 0.911 
318    (0)   :  0.040 0.046 0.914 
319    (0)   :  0.058 0.045 0.897 
320    (0)   :  0.052 0.045 0.903 
321    (0)   :  0.044 0.048 0.908 
322    (0)   :  0.069 0.065 0.866 
323    (0)   :  0.044 0.046 0.910 
324    (0)   :  0.044 0.048 0.908 
325    (0)   :  0.052 0.069 0.879 
326    (0)   :  0.047 0.064 0.889 
327    (0)   :  0.045 0.046 0.910 
328    (0)   :  0.073 0.066 0.861 
329    (0)   :  0.047 0.044 0.910 
330    (0)   :  0.044 0.045 0.910 
331    (0)   :  0.046 0.044 0.910 
332    (0)   :  0.051 0.074 0.876 
333    (0)   :  0.057 0.060 0.884 
334    (0)   :  0.074 0.065 0.861 
335    (0)   :  0.067 0.060 0.873 
336    (0)   :  0.045 0.049 0.907 
337    (0)   :  0.059 0.071 0.870 
338    (0)   :  0.039 0.048 0.912 
339    (0)   :  0.046 0.044 0.910 
340    (0)   :  0.046 0.042 0.912 
341    (0)   :  0.044 0.044 0.912 
342    (0)   :  0.044 0.045 0.910 
343    (0)   :  0.077 0.064 0.858 
344    (0)   :  0.043 0.044 0.913 
345    (0)   :  0.044 0.046 0.910 
346    (0)   :  0.040 0.043 0.916 
347    (0)   :  0.043 0.041 0.917 
348    (0)   :  0.084 0.057 0.859 
349    (0)   :  0.044 0.045 0.911 
350    (0)   :  0.061 0.044 0.895 
351    (0)   :  0.066 0.060 0.874 
352    (0)   :  0.060 0.064 0.875 
353    (0)   :  0.044 0.049 0.907 
354    (0)   :  0.046 0.044 0.911 
355    (0)   :  0.040 0.047 0.914 
356    (0)   :  0.124 0.057 0.819 
357    (0)   :  0.091 0.355 0.554 
358    (0)   :  0.056 0.066 0.879 
359    (0)   :  0.046 0.045 0.909 
360    (0)   :  0.040 0.044 0.916 
361    (0)   :  0.131 0.382 0.487 
362    (0)   :  0.211 0.743 0.046 
363    (0)   :  0.153 0.819 0.028 
364    (0)   :  0.150 0.548 0.302 
365    (0)   :  0.126 0.838 0.036 
366    (0)   :  0.355 0.548 0.097 
367    (0)   :  0.076 0.907 0.017 
368    (0)   :  0.389 0.576 0.035 
369    (0)   :  0.354 0.311 0.335 
370    (0)   :  0.767 0.195 0.037 
371    (0)   :  0.458 0.459 0.083 
372    (0)   :  0.628 0.274 0.098 
373    (0)   :  0.151 0.793 0.056 
374    (0)   :  0.178 0.529 0.292 
375    (0)   :  0.139 0.832 0.028 
376    (0)   :  0.052 0.926 0.021 
377    (0)   :  0.268 0.688 0.044 
378    (0)   :  0.209 0.610 0.181 
379    (0)   :  0.058 0.921 0.021 
380    (0)   :  0.269 0.569 0.162 
381    (0)   :  0.131 0.765 0.104 
382    (0)   :  0.085 0.888 0.027 
383    (0)   :  0.110 0.707 0.182 
384    (0)   :  0.165 0.730 0.105 
385    (0)   :  0.155 0.731 0.114 
386    (0)   :  0.097 0.878 0.025 
387    (0)   :  0.111 0.857 0.031 
388    (0)   :  0.308 0.438 0.255 
389    (0)   :  0.823 0.146 0.030 
390    (0)   :  0.390 0.578 0.032 
391    (0)   :  0.597 0.346 0.057 
392    (0)   :  0.102 0.838 0.060 
393    (0)   :  0.262 0.668 0.071 
394    (0)   :  0.221 0.537 0.242 
395    (0)   :  0.654 0.316 0.030 
396    (0)   :  0.120 0.861 0.019 
397    (0)   :  0.458 0.414 0.127 
398    (0)   :  0.067 0.913 0.020 
399    (0)   :  0.189 0.785 0.026 
400    (0)   :  0.091 0.869 0.040 
401    (0)   :  0.276 0.679 0.045 
402    (0)   :  0.559 0.400 0.042 
403    (0)   :  0.450 0.268 0.282 
404    (0)   :  0.423 0.517 0.061 
405    (0)   :  0.344 0.594 0.062 
406    (0)   :  0.606 0.306 0.088 
407    (0)   :  0.069 0.910 0.021 
408    (0)   :  0.741 0.241 0.017 
409    (0)   :  0.541 0.194 0.264 
410    (0)   :  0.095 0.842 0.063 
411    (0)   :  0.221 0.633 0.146 
412    (0)   :  0.165 0.802 0.032 
413    (0)   :  0.434 0.436 0.129 
414    (0)   :  0.173 0.806 0.021 
415    (0)   :  0.125 0.842 0.033 
416    (0)   :  0.171 0.775 0.054 
417    (0)   :  0.072 0.902 0.027 
418    (0)   :  0.092 0.887 0.021 
419    (0)   :  0.626 0.268 0.106 
420    (0)   :  0.333 0.638 0.029 
421    (0)   :  0.134 0.838 0.029 
422    (0)   :  0.614 0.353 0.033 
423    (0)   :  0.207 0.755 0.038 
424    (0)   :  0.627 0.331 0.041 
425    (0)   :  0.350 0.583 0.067 
426    (0)   :  0.137 0.811 0.053 
427    (0)   :  0.098 0.804 0.099 
428    (0)   :  0.532 0.355 0.113 
429    (0)   :  0.058 0.925 0.017 
430    (0)   :  0.112 0.861 0.027 
431    (0)   :  0.423 0.531 0.046 
432    (0)   :  0.339 0.620 0.041 
433    (0)   :  0.721 0.143 0.136 
434    (0)   :  0.264 0.629 0.107 
435    (0)   :  0.089 0.891 0.021 
436    (0)   :  0.062 0.900 0.037 
437    (0)   :  0.073 0.904 0.023 
438    (0)   :  0.530 0.420 0.050 
439    (0)   :  0.069 0.899 0.032 
440    (0)   :  0.059 0.924 0.016 
441    (0)   :  0.139 0.789 0.072 
442    (0)   :  0.139 0.838 0.024 
443    (0)   :  0.144 0.836 0.020 
444    (0)   :  0.126 0.850 0.024 
445    (0)   :  0.332 0.530 0.138 
446    (0)   :  0.082 0.895 0.024 
447    (0)   :  0.275 0.669 0.057 
448    (0)   :  0.140 0.835 0.025 
449    (0)   :  0.215 0.739 0.046 
450    (0)   :  0.078 0.873 0.049 
451    (0)   :  0.201 0.782 0.016 
452    (0)   :  0.063 0.900 0.037 
453    (0)   :  0.798 0.162 0.040 
454    (0)   :  0.093 0.858 0.049 
455    (0)   :  0.193 0.783 0.024 
456    (0)   :  0.147 0.831 0.022 
457    (0)   :  0.075 0.899 0.026 
458    (0)   :  0.067 0.902 0.031 
459    (0)   :  0.293 0.614 0.093 
460    (0)   :  0.077 0.901 0.022 
461    (0)   :  0.062 0.916 0.022 
462    (0)   :  0.127 0.857 0.016 
463    (0)   :  0.613 0.348 0.039 
464    (0)   :  0.119 0.860 0.021 
465    (0)   :  0.363 0.606 0.031 
466    (0)   :  0.508 0.468 0.024 
467    (0)   :  0.151 0.804 0.045 
468    (0)   :  0.095 0.883 0.022 
469    (0)   :  0.064 0.909 0.026 
470    (0)   :  0.068 0.911 0.021 
471    (0)   :  0.470 0.505 0.025 
472    (0)   :  0.255 0.715 0.030 
473    (0)   :  0.224 0.732 0.045 
474    (0)   :  0.092 0.869 0.039 
475    (0)   :  0.414 0.536 0.049 
476    (0)   :  0.077 0.894 0.029 
477    (0)   :  0.255 0.702 0.043 
478    (0)   :  0.102 0.879 0.019 
479    (0)   :  0.065 0.915 0.020 
480    (0)   :  0.053 0.923 0.023 
481    (0)   :  0.307 0.668 0.025 
482    (0)   :  0.051 0.930 0.019 
483    (0)   :  0.106 0.864 0.030 
484    (0)   :  0.417 0.550 0.034 
485    (0)   :  0.097 0.881 0.022 
486    (0)   :  0.487 0.469 0.044 
487    (0)   :  0.329 0.545 0.126 
488    (0)   :  0.668 0.281 0.052 
489    (0)   :  0.486 0.322 0.192 
490    (0)   :  0.238 0.739 0.022 
491    (0)   :  0.784 0.136 0.080 
492    (0)   :  0.737 0.142 0.121 
493    (0)   :  0.503 0.437 0.060 
494    (0)   :  0.636 0.291 0.073 
495    (0)   :  0.617 0.307 0.076 
496    (0)   :  0.674 0.123 0.203 
497    (0)   :  0.559 0.300 0.141 
498    (0)   :  0.529 0.422 0.049 
499    (0)   :  0.410 0.263 0.327 
500    (0)   :  0.286 0.656 0.058 
501    (0)   :  0.554 0.319 0.128 
502    (0)   :  0.568 0.291 0.141 
503    (0)   :  0.179 0.791 0.030 
504    (0)   :  0.697 0.273 0.031 
505    (0)   :  0.793 0.147 0.059 
506    (0)   :  0.442 0.418 0.140 
507    (0)   :  0.217 0.062 0.720 
508    (0)   :  0.415 0.083 0.502 
509    (0)   :  0.757 0.123 0.120 
510    (0)   :  0.342 0.404 0.255 
511    (0)   :  0.188 0.770 0.042 
512    (0)   :  0.094 0.884 0.023 
513    (0)   :  0.914 0.058 0.027 
514    (0)   :  0.512 0.446 0.042 
515    (0)   :  0.299 0.585 0.115 
516    (0)   :  0.807 0.157 0.036 
517    (0)   :  0.568 0.337 0.095 
518    (0)   :  0.225 0.444 0.331 
519    (0)   :  0.522 0.433 0.045 
520    (0)   :  0.485 0.256 0.259 
521    (0)   :  0.550 0.149 0.302 
522    (0)   :  0.408 0.560 0.032 
523    (0)   :  0.742 0.139 0.119 
524    (0)   :  0.312 0.630 0.059 
525    (0)   :  0.317 0.421 0.262 
526    (0)   :  0.619 0.323 0.058 
527    (0)   :  0.140 0.821 0.039 
528    (0)   :  0.366 0.088 0.545 
529    (0)   :  0.657 0.239 0.104 
530    (0)   :  0.261 0.661 0.078 
531    (0)   :  0.352 0.267 0.381 
532    (0)   :  0.348 0.369 0.284 
533    (0)   :  0.337 0.604 0.059 
534    (0)   :  0.788 0.136 0.076 
535    (0)   :  0.739 0.219 0.042 
536    (0)   :  0.670 0.220 0.110 
537    (0)   :  0.742 0.084 0.174 
538    (0)   :  0.763 0.123 0.114 
539    (0)   :  0.186 0.071 0.743 
540    (0)   :  0.621 0.180 0.199 
541    (0)   :  0.342 0.157 0.501 
542    (0)   :  0.737 0.218 0.045 
543    (0)   :  0.806 0.098 0.097 
544    (0)   :  0.810 0.129 0.061 
545    (0)   :  0.769 0.204 0.027 
546    (0)   :  0.794 0.117 0.089 
547    (0)   :  0.834 0.086 0.079 
548    (0)   :  0.751 0.095 0.154 
549    (0)   :  0.400 0.152 0.448 
550    (0)   :  0.472 0.448 0.080 
551    (0)   :  0.321 0.115 0.564 
552    (0)   :  0.735 0.113 0.152 
553    (0)   :  0.824 0.064 0.112 
554    (0)   :  0.492 0.381 0.127 
555    (0)   :  0.708 0.076 0.216 
556    (0)   :  0.812 0.109 0.079 
557    (0)   :  0.654 0.286 0.060 
558    (0)   :  0.047 0.933 0.020 
559    (0)   :  0.478 0.485 0.037 
560    (0)   :  0.118 0.866 0.016 
561    (0)   :  0.266 0.713 0.021 
562    (0)   :  0.200 0.785 0.015 
563    (0)   :  0.590 0.315 0.095 
564    (0)   :  0.783 0.182 0.035 
565    (0)   :  0.067 0.909 0.024 
566    (0)   :  0.077 0.908 0.015 
567    (0)   :  0.680 0.295 0.025 
568    (0)   :  0.585 0.381 0.033 
569    (0)   :  0.451 0.513 0.036 
570    (0)   :  0.056 0.927 0.017 
571    (0)   :  0.201 0.772 0.026 
572    (0)   :  0.509 0.283 0.208 
573    (0)   :  0.535 0.426 0.040 
574    (0)   :  0.147 0.753 0.100 
575    (0)   :  0.624 0.320 0.056 
576    (0)   :  0.094 0.891 0.015 
577    (0)   :  0.142 0.770 0.087 
578    (0)   :  0.314 0.658 0.028 
579    (0)   :  0.196 0.778 0.025 
580    (0)   :  0.104 0.853 0.043 
581    (0)   :  0.093 0.876 0.032 
582    (0)   :  0.083 0.899 0.019 
583    (0)   :  0.127 0.845 0.028 
584    (0)   :  0.094 0.887 0.019 
585    (0)   :  0.214 0.763 0.023 
586    (0)   :  0.189 0.776 0.035 
587    (0)   :  0.197 0.785 0.018 
588    (0)   :  0.918 0.059 0.023 
589    (0)   :  0.170 0.808 0.021 
590    (0)   :  0.239 0.736 0.024 
591    (0)   :  0.275 0.695 0.030 
592    (0)   :  0.659 0.321 0.020 
593    (0)   :  0.349 0.604 0.047 
594    (0)   :  0.467 0.463 0.070 
595    (0)   :  0.129 0.852 0.019 
596    (0)   :  0.588 0.369 0.043 
597    (0)   :  0.271 0.560 0.169 
598    (0)   :  0.049 0.932 0.019 
599    (0)   :  0.337 0.645 0.018 
600    (0)   :  0.155 0.789 0.056 
601    (0)   :  0.122 0.860 0.018 
602    (0)   :  0.591 0.314 0.095 
603    (0)   :  0.637 0.280 0.083 
604    (0)   :  0.411 0.527 0.062 
605    (0)   :  0.416 0.552 0.033 
606    (0)   :  0.722 0.199 0.079 
607    (0)   :  0.203 0.524 0.273 
608    (0)   :  0.132 0.406 0.462 
609    (0)   :  0.134 0.820 0.046 
610    (0)   :  0.279 0.685 0.036 
611    (0)   :  0.618 0.305 0.077 
612    (0)   :  0.085 0.885 0.030 
613    (0)   :  0.188 0.764 0.048 
614    (0)   :  0.096 0.879 0.025 
615    (0)   :  0.183 0.755 0.062 
616    (0)   :  0.232 0.581 0.187 
617    (0)   :  0.180 0.791 0.029 
618    (0)   :  0.250 0.582 0.168 
619    (0)   :  0.566 0.343 0.090 
620    (0)   :  0.691 0.292 0.017 
621    (0)   :  0.089 0.886 0.024 
622    (0)   :  0.283 0.603 0.114 
623    (0)   :  0.346 0.625 0.028 
624    (0)   :  0.096 0.777 0.127 
625    (0)   :  0.178 0.705 0.117 
626    (0)   :  0.277 0.204 0.519 
627    (0)   :  0.251 0.707 0.043 
628    (0)   :  0.288 0.662 0.050 
629    (0)   :  0.339 0.611 0.050 
630    (0)   :  0.151 0.803 0.046 
631    (0)   :  0.128 0.827 0.045 
632    (0)   :  0.734 0.139 0.127 
633    (0)   :  0.130 0.789 0.081 
634    (0)   :  0.272 0.575 0.153 
635    (0)   :  0.263 0.233 0.504 
636    (0)   :  0.166 0.621 0.214 
637    (0)   :  0.775 0.173 0.052 
638    (0)   :  0.331 0.595 0.074 
639    (0)   :  0.186 0.742 0.072 
640    (0)   :  0.123 0.841 0.037 
641    (0)   :  0.321 0.628 0.051 
642    (0)   :  0.463 0.130 0.407 
643    (0)   :  0.119 0.084 0.797 
644    (0)   :  0.225 0.175 0.600 
645    (0)   :  0.121 0.181 0.698 
646    (0)   :  0.766 0.167 0.066 
647    (0)   :  0.698 0.124 0.177 
648    (0)   :  0.427 0.272 0.301 
649    (0)   :  0.825 0.081 0.094 
650    (0)   :  0.776 0.140 0.084 
651    (0)   :  0.301 0.223 0.476 
652    (0)   :  0.291 0.145 0.564 
653    (0)   :  0.519 0.182 0.299 
654    (0)   :  0.575 0.094 0.331 
655    (0)   :  0.253 0.229 0.517 
656    (0)   :  0.714 0.142 0.144 
657    (0)   :  0.228 0.610 0.162 
658    (0)   :  0.580 0.269 0.150 
659    (0)   :  0.331 0.179 0.490 
660    (0)   :  0.376 0.082 0.542 
661    (0)   :  0.257 0.126 0.616 
662    (0)   :  0.878 0.067 0.056 
663    (0)   :  0.396 0.133 0.472 
664    (0)   :  0.427 0.370 0.203 
665    (0)   :  0.836 0.093 0.071 
666    (0)   :  0.526 0.108 0.366 
667    (0)   :  0.736 0.208 0.055 
668    (0)   :  0.320 0.240 0.441 
669    (0)   :  0.676 0.140 0.185 
670    (0)   :  0.108 0.049 0.844 
671    (0)   :  0.310 0.073 0.616 
672    (0)   :  0.201 0.133 0.666 
673    (0)   :  0.049 0.047 0.904 
674    (0)   :  0.128 0.088 0.785 
675    (0)   :  0.139 0.064 0.796 
676    (0)   :  0.053 0.045 0.902 
677    (0)   :  0.196 0.044 0.760 
678    (0)   :  0.049 0.048 0.903 
679    (0)   :  0.071 0.090 0.839 
680    (0)   :  0.092 0.072 0.836 
681    (0)   :  0.420 0.273 0.307 
682    (0)   :  0.075 0.069 0.856 
683    (0)   :  0.094 0.046 0.860 
684    (0)   :  0.055 0.048 0.897 
685    (0)   :  0.054 0.043 0.903 
686    (0)   :  0.269 0.070 0.661 
687    (0)   :  0.316 0.068 0.616 
688    (0)   :  0.109 0.065 0.826 
689    (0)   :  0.049 0.044 0.907 
690    (0)   :  0.053 0.045 0.902 
691    (0)   :  0.089 0.078 0.833 
692    (0)   :  0.071 0.073 0.855 
693    (0)   :  0.089 0.077 0.833 
694    (0)   :  0.052 0.039 0.908 
695    (0)   :  0.083 0.057 0.860 
696    (0)   :  0.107 0.065 0.828 
697    (0)   :  0.059 0.046 0.895 
698    (0)   :  0.059 0.045 0.897 
699    (0)   :  0.152 0.054 0.794 
700    (0)   :  0.087 0.082 0.831 
701    (0)   :  0.097 0.097 0.806 
702    (0)   :  0.199 0.104 0.697 
703    (0)   :  0.094 0.070 0.836 
704    (0)   :  0.115 0.059 0.826 
705    (0)   :  0.476 0.121 0.403 
706    (0)   :  0.089 0.063 0.848 
707    (0)   :  0.069 0.047 0.884 
708    (0)   :  0.074 0.046 0.880 
709    (0)   :  0.080 0.047 0.873 
710    (0)   :  0.054 0.041 0.905 
711    (0)   :  0.130 0.065 0.805 
712    (0)   :  0.125 0.040 0.834 
713    (0)   :  0.113 0.060 0.827 
714    (0)   :  0.128 0.094 0.778 
715    (0)   :  0.073 0.040 0.888 
716    (0)   :  0.076 0.059 0.865 
717    (0)   :  0.056 0.041 0.903 
718    (0)   :  0.183 0.071 0.746 
719    (0)   :  0.075 0.040 0.885 
720    (0)   :  0.154 0.818 0.029 
721    (0)   :  0.098 0.281 0.621 
722    (0)   :  0.148 0.793 0.059 
723    (0)   :  0.092 0.859 0.049 
724    (0)   :  0.093 0.737 0.169 
725    (0)   :  0.437 0.376 0.187 
726    (0)   :  0.210 0.693 0.097 
727    (0)   :  0.611 0.218 0.171 
728    (0)   :  0.051 0.931 0.017 
729    (0)   :  0.056 0.925 0.018 
730    (0)   :  0.119 0.850 0.031 
731    (0)   :  0.080 0.876 0.043 
732    (0)   :  0.092 0.858 0.050 
733    (0)   :  0.062 0.913 0.026 
734    (0)   :  0.059 0.923 0.017 
735    (0)   :  0.054 0.911 0.036 
736    (0)   :  0.085 0.882 0.033 
737    (0)   :  0.180 0.785 0.036 
738    (0)   :  0.081 0.888 0.031 
739    (0)   :  0.058 0.918 0.024 
740    (0)   :  0.103 0.113 0.784 
741    (0)   :  0.249 0.205 0.547 
742    (0)   :  0.171 0.675 0.154 
743    (0)   :  0.280 0.634 0.086 
744    (0)   :  0.820 0.123 0.057 
745    (0)   :  0.425 0.549 0.025 
746    (0)   :  0.512 0.318 0.170 
747    (0)   :  0.643 0.308 0.049 
748    (0)   :  0.413 0.176 0.411 
749    (0)   :  0.702 0.185 0.113 
750    (0)   :  0.659 0.263 0.078 
751    (0)   :  0.318 0.212 0.471 
752    (0)   :  0.635 0.304 0.062 
753    (0)   :  0.422 0.384 0.194 
754    (0)   :  0.337 0.288 0.375 
755    (0)   :  0.553 0.300 0.146 
756    (0)   :  0.629 0.174 0.197 
757    (0)   :  0.654 0.252 0.093 
758    (0)   :  0.672 0.303 0.025 
759    (0)   :  0.213 0.275 0.512 
760    (0)   :  0.172 0.712 0.116 
761    (0)   :  0.199 0.526 0.275 
762    (0)   :  0.139 0.820 0.041 
763    (0)   :  0.420 0.386 0.195 
764    (0)   :  0.618 0.312 0.069 
765    (0)   :  0.180 0.768 0.052 
766    (0)   :  0.299 0.327 0.374 
767    (0)   :  0.512 0.309 0.179 
768    (0)   :  0.147 0.812 0.041 
769    (0)   :  0.191 0.604 0.205 
770    (0)   :  0.183 0.782 0.036 
771    (0)   :  0.821 0.092 0.087 
772    (0)   :  0.317 0.391 0.292 
773    (0)   :  0.410 0.484 0.106 
774    (0)   :  0.327 0.214 0.459 
775    (0)   :  0.107 0.821 0.072 
776    (0)   :  0.586 0.372 0.042 
777    (0)   :  0.675 0.252 0.073 
778    (0)   :  0.743 0.158 0.100 
779    (0)   :  0.444 0.394 0.162 
780    (0)   :  0.415 0.211 0.375 
781    (0)   :  0.786 0.087 0.127 
782    (0)   :  0.443 0.400 0.158 
783    (0)   :  0.293 0.442 0.265 
784    (0)   :  0.269 0.676 0.055 
785    (0)   :  0.484 0.384 0.132 
786    (0)   :  0.238 0.269 0.493 
787    (0)   :  0.677 0.085 0.238 
788    (0)   :  0.265 0.656 0.079 
789    (0)   :  0.201 0.732 0.067 
790    (0)   :  0.381 0.344 0.275 
791    (0)   :  0.524 0.366 0.110 
792    (0)   :  0.437 0.128 0.435 
793    (0)   :  0.531 0.174 0.294 
794    (0)   :  0.541 0.352 0.107 
795    (0)   :  0.312 0.195 0.494 
796    (0)   :  0.619 0.262 0.119 
797    (0)   :  0.259 0.114 0.628 
798    (0)   :  0.151 0.828 0.021 
799    (0)   :  0.361 0.587 0.053 
800    (0)   :  0.613 0.071 0.317 
801    (0)   :  0.202 0.754 0.044 
802    (0)   :  0.314 0.459 0.228 
803    (0)   :  0.545 0.171 0.284 
804    (0)   :  0.744 0.186 0.070 
805    (0)   :  0.118 0.073 0.809 
806    (0)   :  0.560 0.343 0.097 
807    (0)   :  0.164 0.078 0.758 
808    (0)   :  0.596 0.096 0.308 
809    (0)   :  0.709 0.234 0.057 
810    (0)   :  0.325 0.528 0.147 
811    (0)   :  0.587 0.109 0.304 
812    (0)   :  0.875 0.099 0.026 
813    (0)   :  0.161 0.813 0.026 
814    (0)   :  0.840 0.127 0.033 
815    (0)   :  0.542 0.222 0.236 
816    (0)   :  0.295 0.362 0.343 
817    (0)   :  0.306 0.454 0.240 
818    (0)   :  0.507 0.437 0.056 
819    (0)   :  0.835 0.094 0.071 
820    (0)   :  0.708 0.195 0.097 
821    (0)   :  0.193 0.727 0.081 
822    (0)   :  0.260 0.720 0.020 
823    (0)   :  0.186 0.587 0.227 
824    (0)   :  0.416 0.454 0.130 
825    (0)   :  0.267 0.697 0.036 
826    (0)   :  0.497 0.471 0.032 
827    (0)   :  0.096 0.865 0.039 
828    (0)   :  0.113 0.817 0.070 
829    (0)   :  0.223 0.705 0.072 
830    (0)   :  0.081 0.895 0.025 
831    (0)   :  0.339 0.551 0.110 
832    (0)   :  0.564 0.343 0.094 
833    (0)   :  0.316 0.534 0.150 
834    (0)   :  0.330 0.576 0.093 
835    (0)   :  0.592 0.381 0.027 
836    (0)   :  0.714 0.235 0.051 
837    (0)   :  0.280 0.507 0.213 
838    (0)   :  0.790 0.186 0.024 
839    (0)   :  0.195 0.754 0.050 
840    (0)   :  0.787 0.131 0.082 
841    (0)   :  0.811 0.136 0.053 
842    (0)   :  0.423 0.556 0.021 
843    (0)   :  0.700 0.118 0.182 
844    (0)   :  0.603 0.295 0.102 
845    (0)   :  0.419 0.550 0.032 
846    (0)   :  0.676 0.255 0.069 
847    (0)   :  0.665 0.199 0.135 
848    (0)   :  0.803 0.145 0.051 
849    (0)   :  0.358 0.596 0.046 
850    (0)   :  0.136 0.822 0.042 
851    (0)   :  0.589 0.376 0.035 
852    (0)   :  0.115 0.324 0.561 
853    (0)   :  0.392 0.572 0.036 
854    (0)   :  0.211 0.580 0.209 
855    (0)   :  0.533 0.404 0.063 
856    (0)   :  0.515 0.387 0.098 
857    (0)   :  0.756 0.203 0.041 
858    (0)   :  0.469 0.498 0.033 
859    (0)   :  0.106 0.862 0.032 
860    (0)   :  0.513 0.455 0.032 
861    (0)   :  0.576 0.123 0.301 
862    (0)   :  0.064 0.908 0.027 
863    (0)   :  0.095 0.831 0.074 
864    (0)   :  0.053 0.893 0.054 
865    (0)   :  0.063 0.920 0.017 
866    (0)   :  0.112 0.860 0.028 
867    (0)   :  0.081 0.874 0.045 
868    (0)   :  0.116 0.854 0.030 
869    (0)   :  0.094 0.876 0.030 
870    (0)   :  0.279 0.701 0.020 
871    (0)   :  0.100 0.880 0.020 
872    (0)   :  0.058 0.914 0.028 
873    (0)   :  0.065 0.898 0.037 
874    (0)   :  0.072 0.908 0.020 
875    (0)   :  0.241 0.727 0.032 
876    (0)   :  0.260 0.715 0.026 
877    (0)   :  0.052 0.917 0.031 
878    (0)   :  0.179 0.777 0.045 
879    (0)   :  0.062 0.896 0.043 
880    (0)   :  0.201 0.774 0.025 
881    (0)   :  0.074 0.884 0.041 
882    (0)   :  0.053 0.912 0.035 
883    (0)   :  0.435 0.528 0.037 
884    (0)   :  0.059 0.925 0.016 
885    (0)   :  0.197 0.750 0.053 
886    (0)   :  0.087 0.864 0.049 
887    (0)   :  0.061 0.919 0.020 
888    (0)   :  0.248 0.676 0.076 
889    (0)   :  0.060 0.924 0.017 
890    (0)   :  0.088 0.895 0.017 
891    (0)   :  0.524 0.447 0.028 
892    (0)   :  0.571 0.395 0.034 
893    (0)   :  0.747 0.214 0.039 
894    (0)   :  0.139 0.842 0.019 
895    (0)   :  0.075 0.904 0.021 
896    (0)   :  0.748 0.205 0.046 
897    (0)   :  0.640 0.328 0.032 
898    (0)   :  0.263 0.675 0.061 
899    (0)   :  0.165 0.820 0.015 
900    (0)   :  0.544 0.432 0.024 
901    (0)   :  0.330 0.642 0.028 
902    (0)   :  0.792 0.175 0.033 
903    (0)   :  0.106 0.867 0.027 
904    (0)   :  0.275 0.668 0.057 
905    (0)   :  0.069 0.912 0.019 
906    (0)   :  0.363 0.602 0.035 
907    (0)   :  0.182 0.774 0.045 
908    (0)   :  0.133 0.831 0.035 
909    (0)   :  0.358 0.605 0.038 
910    (0)   :  0.694 0.274 0.032 
911    (0)   :  0.071 0.913 0.016 
912    (0)   :  0.115 0.865 0.020 
913    (0)   :  0.139 0.842 0.019 
914    (0)   :  0.355 0.516 0.129 
915    (0)   :  0.110 0.875 0.015 
916    (0)   :  0.357 0.617 0.026 
917    (0)   :  0.421 0.557 0.022 
918    (0)   :  0.210 0.693 0.097 
919    (0)   :  0.096 0.856 0.048 
920    (0)   :  0.173 0.788 0.039 
921    (0)   :  0.698 0.140 0.162 
922    (0)   :  0.834 0.136 0.031 
923    (0)   :  0.864 0.089 0.047 
924    (0)   :  0.872 0.100 0.027 
925    (0)   :  0.827 0.127 0.046 
926    (0)   :  0.901 0.054 0.046 
927    (0)   :  0.832 0.083 0.085 
928    (0)   :  0.810 0.057 0.133 
929    (0)   :  0.909 0.063 0.028 
930    (0)   :  0.843 0.107 0.050 
931    (0)   :  0.628 0.199 0.173 
932    (0)   :  0.904 0.073 0.023 
933    (0)   :  0.599 0.075 0.326 
934    (0)   :  0.910 0.070 0.020 
935    (0)   :  0.862 0.103 0.035 
936    (0)   :  0.903 0.071 0.025 
937    (0)   :  0.869 0.073 0.058 
938    (0)   :  0.844 0.050 0.106 
939    (0)   :  0.784 0.078 0.138 
940    (0)   :  0.849 0.083 0.067 
941    (0)   :  0.840 0.134 0.026 
942    (0)   :  0.727 0.121 0.152 
943    (0)   :  0.743 0.070 0.186 
944    (0)   :  0.851 0.070 0.079 
945    (0)   :  0.857 0.096 0.047 
946    (0)   :  0.889 0.074 0.037 
947    (0)   :  0.834 0.056 0.110 
948    (0)   :  0.803 0.176 0.021 
949    (0)   :  0.763 0.217 0.020 
950    (0)   :  0.897 0.051 0.052 
951    (0)   :  0.835 0.085 0.080 
952    (0)   :  0.891 0.076 0.033 
953    (0)   :  0.783 0.179 0.038 
954    (0)   :  0.813 0.151 0.036 
955    (0)   :  0.137 0.060 0.803 
956    (0)   :  0.236 0.057 0.707 
957    (0)   :  0.560 0.143 0.297 
958    (0)   :  0.674 0.269 0.057 
959    (0)   :  0.716 0.138 0.147 
960    (0)   :  0.312 0.598 0.090 
961    (0)   :  0.054 0.043 0.903 
962    (0)   :  0.904 0.061 0.035 
963    (0)   :  0.687 0.258 0.055 
964    (0)   :  0.232 0.649 0.119 
965    (0)   :  0.687 0.114 0.199 
966    (0)   :  0.734 0.147 0.119 
967    (0)   :  0.101 0.066 0.832 
968    (0)   :  0.874 0.078 0.049 
969    (0)   :  0.173 0.525 0.302 
970    (0)   :  0.167 0.085 0.748 
971    (0)   :  0.841 0.092 0.067 
972    (0)   :  0.575 0.242 0.183 
973    (0)   :  0.752 0.075 0.173 
974    (0)   :  0.585 0.333 0.081 
975    (0)   :  0.171 0.527 0.302 
976    (0)   :  0.837 0.094 0.069 
977    (0)   :  0.369 0.300 0.332 
978    (0)   :  0.766 0.102 0.132 
979    (0)   :  0.754 0.193 0.053 
980    (0)   :  0.682 0.117 0.200 
981    (0)   :  0.644 0.205 0.151 
982    (0)   :  0.293 0.668 0.039 
983    (0)   :  0.406 0.552 0.042 
984    (0)   :  0.112 0.182 0.707 
985    (0)   :  0.757 0.144 0.099 
986    (0)   :  0.476 0.450 0.074 
987    (0)   :  0.631 0.343 0.026 
988    (0)   :  0.073 0.908 0.019 
989    (0)   :  0.292 0.152 0.556 
990    (0)   :  0.240 0.674 0.086 
991    (0)   :  0.614 0.293 0.093 
992    (0)   :  0.872 0.107 0.021 
993    (0)   :  0.286 0.666 0.048 
994    (0)   :  0.784 0.104 0.112 
995    (0)   :  0.098 0.045 0.857 
996    (0)   :  0.142 0.818 0.040 
997    (0)   :  0.854 0.096 0.051 
998    (0)   :  0.601 0.362 0.037 
999    (0)   :  0.652 0.215 0.133 
1000    (0)   :  0.597 0.373 0.030 
1001    (0)   :  0.152 0.802 0.046 
1002    (0)   :  0.181 0.800 0.019 
1003    (0)   :  0.750 0.187 0.063 
1004    (0)   :  0.772 0.180 0.048 
1005    (0)   :  0.704 0.266 0.030 
1006    (0)   :  0.776 0.142 0.082 
1007    (0)   :  0.715 0.114 0.171 
1008    (0)   :  0.695 0.089 0.216 
1009    (0)   :  0.735 0.184 0.081 
1010    (0)   :  0.736 0.165 0.098 
1011    (0)   :  0.570 0.143 0.287 
1012    (0)   :  0.841 0.123 0.036 
1013    (0)   :  0.789 0.149 0.062 
1014    (0)   :  0.571 0.396 0.034 
1015    (0)   :  0.849 0.119 0.033 
1016    (0)   :  0.463 0.505 0.032 
1017    (0)   :  0.782 0.125 0.093 
1018    (0)   :  0.763 0.143 0.094 
1019    (0)   :  0.432 0.452 0.115 
1020    (0)   :  0.198 0.059 0.743 
1021    (0)   :  0.580 0.085 0.335 
1022    (0)   :  0.713 0.194 0.093 
1023    (0)   :  0.172 0.786 0.042 
1024    (0)   :  0.254 0.713 0.033 
1025    (0)   :  0.684 0.247 0.069 
1026    (0)   :  0.134 0.626 0.239 
1027    (0)   :  0.424 0.451 0.125 
1028    (0)   :  0.103 0.771 0.126 
1029    (0)   :  0.322 0.510 0.169 
1030    (0)   :  0.322 0.199 0.479 
1031    (0)   :  0.218 0.502 0.280 
1032    (0)   :  0.311 0.348 0.341 
1033    (0)   :  0.149 0.508 0.343 
1034    (0)   :  0.396 0.444 0.160 
1035    (0)   :  0.094 0.135 0.771 
1036    (0)   :  0.368 0.256 0.376 
1037    (0)   :  0.348 0.185 0.467 
1038    (0)   :  0.164 0.286 0.550 
1039    (0)   :  0.488 0.211 0.301 
1040    (0)   :  0.162 0.634 0.204 
1041    (0)   :  0.144 0.627 0.229 
1042    (0)   :  0.250 0.267 0.483 
1043    (0)   :  0.137 0.554 0.308 
1044    (0)   :  0.371 0.487 0.142 
1045    (0)   :  0.097 0.667 0.236 
1046    (0)   :  0.354 0.256 0.390 
1047    (0)   :  0.129 0.127 0.744 
1048    (0)   :  0.195 0.732 0.073 
1049    (0)   :  0.480 0.468 0.053 
1050    (0)   :  0.087 0.896 0.017 
1051    (0)   :  0.176 0.805 0.019 
1052    (0)   :  0.170 0.801 0.029 
1053    (0)   :  0.118 0.844 0.038 
1054    (0)   :  0.167 0.799 0.033 
1055    (0)   :  0.595 0.377 0.028 
1056    (0)   :  0.269 0.701 0.030 
1057    (0)   :  0.125 0.854 0.021 
1058    (0)   :  0.153 0.825 0.023 
1059    (0)   :  0.107 0.847 0.046 
1060    (0)   :  0.399 0.521 0.080 
1061    (0)   :  0.762 0.216 0.022 
1062    (0)   :  0.126 0.848 0.025 
1063    (0)   :  0.864 0.096 0.041 
1064    (0)   :  0.234 0.735 0.032 
1065    (0)   :  0.638 0.322 0.041 
1066    (0)   :  0.691 0.257 0.052 
1067    (0)   :  0.135 0.843 0.022 
1068    (0)   :  0.193 0.516 0.291 
1069    (0)   :  0.113 0.869 0.019 
1070    (0)   :  0.281 0.692 0.026 
1071    (0)   :  0.369 0.543 0.088 
1072    (0)   :  0.557 0.400 0.043 
1073    (0)   :  0.130 0.840 0.029 
1074    (0)   :  0.246 0.677 0.077 
1075    (0)   :  0.430 0.518 0.052 
1076    (0)   :  0.249 0.691 0.060 
1077    (0)   :  0.068 0.912 0.020 
1078    (0)   :  0.578 0.388 0.034 
1079    (0)   :  0.192 0.780 0.029 
1080    (0)   :  0.583 0.301 0.116 
1081    (0)   :  0.074 0.907 0.019 
1082    (0)   :  0.545 0.396 0.059 
1083    (0)   :  0.560 0.392 0.048 
1084    (0)   :  0.686 0.241 0.073 
1085    (0)   :  0.182 0.804 0.015 
1086    (0)   :  0.787 0.191 0.022 
1087    (0)   :  0.174 0.811 0.015 
1088    (0)   :  0.327 0.655 0.018 
1089    (0)   :  0.109 0.873 0.018 
1090    (0)   :  0.148 0.828 0.023 
1091    (0)   :  0.194 0.772 0.034 
1092    (0)   :  0.103 0.874 0.023 
1093    (0)   :  0.499 0.437 0.064 
1094    (0)   :  0.136 0.801 0.063 
