

----------------------------------------------------
STRUCTURE by Pritchard, Stephens and Donnelly (2000)
     and Falush, Stephens and Pritchard (2003)
       Code by Pritchard, Falush and Hubisz
             Version 2.3.4 (Jul 2012)
----------------------------------------------------



Command line arguments:   ./structure -K 6 -D 106007 -m brooktrout/mainparams -e brooktrout/extraparams -o brooktrout/250914_output/results_K6_rep7 
Input File:    brooktrout/brooktrout.txt

Run parameters:
   8454 individuals
   5 loci
   6 populations assumed
   50000 Burn-in period
   100000 Reps
RANDOMIZE turned off


--------------------------------------------
Overall proportion of membership of the
sample in each of the 6 clusters

Inferred Clusters
  1      2      3      4      5      6    
0.069  0.070  0.091  0.245  0.258  0.266  

--------------------------------------------

Allele-freq. divergence among pops (Net nucleotide distance),
computed using point estimates of P.

      1       2       3       4       5       6      
 1      -    0.1079  0.1081  0.0948  0.0950  0.1249  
 2   0.1079     -    0.1205  0.1212  0.1058  0.1253  
 3   0.1081  0.1205     -    0.1142  0.0672  0.0830  
 4   0.0948  0.1212  0.1142     -    0.1129  0.1192  
 5   0.0950  0.1058  0.0672  0.1129     -    0.0449  
 6   0.1249  0.1253  0.0830  0.1192  0.0449     -    

Average distances (expected heterozygosity) between individuals in same cluster:
cluster  1  : 0.7357 
cluster  2  : 0.7786 
cluster  3  : 0.8133 
cluster  4  : 0.7373 
cluster  5  : 0.8044 
cluster  6  : 0.7795 

--------------------------------------------
Estimated Ln Prob of Data   = -180057.3
Mean value of ln likelihood = -171452.3
Variance of ln likelihood   = 17210.0

Mean value of alpha_1       = 0.1289
Mean value of alpha_2       = 0.1314
Mean value of alpha_3       = 0.1816
Mean value of alpha_4       = 0.4759
Mean value of alpha_5       = 0.5039
Mean value of alpha_6       = 0.5279
Allele frequencies uncorrelated


Inferred ancestry of individuals:
     (%Miss) :  Inferred clusters
  1    (0)   :  0.025 0.066 0.056 0.347 0.173 0.334 
  2    (0)   :  0.453 0.020 0.121 0.084 0.198 0.124 
  3    (0)   :  0.036 0.056 0.025 0.240 0.146 0.497 
  4    (0)   :  0.025 0.036 0.040 0.617 0.165 0.117 
  5    (0)   :  0.110 0.025 0.339 0.099 0.252 0.174 
  6    (0)   :  0.032 0.019 0.030 0.090 0.123 0.706 
  7    (0)   :  0.015 0.016 0.079 0.086 0.470 0.334 
  8    (0)   :  0.025 0.029 0.043 0.394 0.183 0.325 
  9    (0)   :  0.134 0.032 0.074 0.174 0.234 0.352 
 10    (0)   :  0.022 0.015 0.081 0.241 0.242 0.398 
 11    (0)   :  0.016 0.016 0.071 0.089 0.480 0.328 
 12    (0)   :  0.161 0.028 0.180 0.149 0.295 0.185 
 13    (0)   :  0.052 0.028 0.132 0.157 0.319 0.313 
 14    (0)   :  0.124 0.085 0.052 0.241 0.225 0.273 
 15    (0)   :  0.041 0.031 0.074 0.340 0.296 0.218 
 16    (0)   :  0.019 0.032 0.068 0.132 0.166 0.583 
 17    (0)   :  0.046 0.043 0.179 0.140 0.197 0.395 
 18    (0)   :  0.179 0.029 0.058 0.181 0.132 0.421 
 19    (0)   :  0.061 0.017 0.065 0.118 0.183 0.555 
 20    (0)   :  0.045 0.033 0.114 0.156 0.378 0.274 
 21    (0)   :  0.068 0.058 0.054 0.386 0.184 0.250 
 22    (0)   :  0.032 0.027 0.042 0.159 0.123 0.618 
 23    (0)   :  0.083 0.104 0.094 0.363 0.185 0.171 
 24    (0)   :  0.029 0.033 0.062 0.314 0.153 0.408 
 25    (0)   :  0.034 0.024 0.108 0.068 0.370 0.397 
 26    (0)   :  0.054 0.031 0.119 0.241 0.180 0.375 
 27    (0)   :  0.029 0.063 0.148 0.184 0.201 0.375 
 28    (0)   :  0.036 0.025 0.037 0.402 0.234 0.266 
 29    (0)   :  0.049 0.035 0.109 0.138 0.470 0.200 
 30    (0)   :  0.044 0.040 0.044 0.127 0.114 0.631 
 31    (0)   :  0.059 0.049 0.097 0.236 0.319 0.240 
 32    (0)   :  0.106 0.031 0.043 0.277 0.192 0.351 
 33    (0)   :  0.033 0.056 0.031 0.244 0.221 0.414 
 34    (0)   :  0.017 0.020 0.120 0.131 0.283 0.429 
 35    (0)   :  0.091 0.156 0.164 0.114 0.157 0.318 
 36    (0)   :  0.038 0.364 0.028 0.115 0.125 0.330 
 37    (0)   :  0.088 0.049 0.042 0.336 0.298 0.186 
 38    (0)   :  0.036 0.066 0.055 0.069 0.150 0.624 
 39    (0)   :  0.043 0.093 0.075 0.115 0.240 0.434 
 40    (0)   :  0.061 0.354 0.046 0.208 0.092 0.240 
 41    (0)   :  0.021 0.392 0.048 0.082 0.154 0.304 
 42    (0)   :  0.016 0.239 0.043 0.394 0.115 0.192 
 43    (0)   :  0.047 0.323 0.046 0.179 0.273 0.132 
 44    (0)   :  0.037 0.479 0.031 0.068 0.139 0.247 
 45    (0)   :  0.102 0.223 0.074 0.078 0.186 0.337 
 46    (0)   :  0.043 0.090 0.075 0.106 0.261 0.426 
 47    (0)   :  0.084 0.047 0.097 0.169 0.235 0.368 
 48    (0)   :  0.077 0.484 0.049 0.072 0.082 0.238 
 49    (0)   :  0.037 0.133 0.129 0.150 0.240 0.310 
 50    (0)   :  0.035 0.048 0.050 0.141 0.316 0.410 
 51    (0)   :  0.023 0.711 0.022 0.061 0.081 0.102 
 52    (0)   :  0.020 0.099 0.090 0.149 0.243 0.400 
 53    (0)   :  0.025 0.050 0.027 0.131 0.140 0.627 
 54    (0)   :  0.313 0.073 0.105 0.156 0.216 0.138 
 55    (0)   :  0.166 0.345 0.069 0.117 0.175 0.128 
 56    (0)   :  0.103 0.173 0.123 0.151 0.095 0.355 
 57    (0)   :  0.028 0.019 0.169 0.299 0.191 0.294 
 58    (0)   :  0.080 0.210 0.092 0.149 0.206 0.262 
 59    (0)   :  0.040 0.167 0.158 0.114 0.150 0.371 
 60    (0)   :  0.046 0.401 0.026 0.217 0.132 0.178 
 61    (0)   :  0.333 0.225 0.042 0.161 0.162 0.078 
 62    (0)   :  0.051 0.027 0.406 0.095 0.140 0.281 
 63    (0)   :  0.053 0.098 0.037 0.222 0.401 0.189 
 64    (0)   :  0.058 0.025 0.074 0.082 0.134 0.627 
 65    (0)   :  0.049 0.024 0.057 0.062 0.639 0.168 
 66    (0)   :  0.184 0.042 0.044 0.256 0.349 0.125 
 67    (0)   :  0.208 0.244 0.058 0.097 0.269 0.124 
 68    (0)   :  0.036 0.197 0.121 0.145 0.158 0.342 
 69    (0)   :  0.027 0.097 0.103 0.187 0.158 0.429 
 70    (0)   :  0.023 0.324 0.028 0.169 0.263 0.193 
 71    (0)   :  0.049 0.354 0.094 0.062 0.171 0.271 
 72    (0)   :  0.036 0.122 0.029 0.101 0.238 0.474 
 73    (0)   :  0.159 0.186 0.143 0.083 0.274 0.155 
 74    (0)   :  0.041 0.221 0.031 0.214 0.108 0.384 
 75    (0)   :  0.050 0.305 0.046 0.309 0.086 0.204 
 76    (0)   :  0.062 0.153 0.029 0.120 0.490 0.146 
 77    (0)   :  0.034 0.336 0.064 0.075 0.199 0.292 
 78    (0)   :  0.037 0.261 0.057 0.087 0.140 0.418 
 79    (0)   :  0.036 0.015 0.057 0.098 0.497 0.297 
 80    (0)   :  0.077 0.017 0.033 0.537 0.195 0.141 
 81    (0)   :  0.093 0.014 0.029 0.401 0.271 0.192 
 82    (0)   :  0.046 0.058 0.109 0.219 0.440 0.127 
 83    (0)   :  0.085 0.028 0.024 0.312 0.275 0.276 
 84    (0)   :  0.050 0.017 0.029 0.287 0.404 0.213 
 85    (0)   :  0.057 0.023 0.033 0.361 0.190 0.336 
 86    (0)   :  0.259 0.069 0.102 0.097 0.254 0.220 
 87    (0)   :  0.030 0.026 0.033 0.108 0.619 0.183 
 88    (0)   :  0.039 0.021 0.037 0.354 0.420 0.130 
 89    (0)   :  0.096 0.017 0.031 0.416 0.306 0.134 
 90    (0)   :  0.035 0.016 0.039 0.109 0.675 0.127 
 91    (0)   :  0.038 0.027 0.024 0.538 0.165 0.208 
 92    (0)   :  0.042 0.019 0.056 0.177 0.507 0.199 
 93    (0)   :  0.024 0.017 0.028 0.749 0.094 0.088 
 94    (0)   :  0.018 0.029 0.022 0.088 0.531 0.311 
 95    (0)   :  0.035 0.018 0.029 0.217 0.604 0.097 
 96    (0)   :  0.101 0.262 0.035 0.321 0.200 0.082 
 97    (0)   :  0.075 0.183 0.057 0.302 0.110 0.272 
 98    (0)   :  0.072 0.188 0.064 0.188 0.222 0.265 
 99    (0)   :  0.069 0.015 0.032 0.248 0.466 0.170 
100    (0)   :  0.195 0.024 0.041 0.560 0.102 0.078 
101    (0)   :  0.038 0.037 0.037 0.173 0.566 0.150 
102    (0)   :  0.030 0.059 0.054 0.421 0.293 0.143 
103    (0)   :  0.358 0.022 0.030 0.144 0.351 0.095 
104    (0)   :  0.029 0.028 0.039 0.134 0.660 0.110 
105    (0)   :  0.045 0.029 0.079 0.197 0.567 0.083 
106    (0)   :  0.022 0.028 0.033 0.051 0.575 0.291 
107    (0)   :  0.145 0.025 0.042 0.165 0.529 0.094 
108    (0)   :  0.264 0.240 0.035 0.081 0.152 0.229 
109    (0)   :  0.036 0.042 0.289 0.054 0.289 0.290 
110    (0)   :  0.020 0.020 0.031 0.059 0.597 0.273 
111    (0)   :  0.039 0.020 0.072 0.070 0.715 0.084 
112    (0)   :  0.018 0.036 0.272 0.057 0.459 0.158 
113    (0)   :  0.282 0.052 0.050 0.132 0.239 0.245 
114    (0)   :  0.033 0.023 0.071 0.160 0.604 0.109 
115    (0)   :  0.025 0.096 0.101 0.097 0.565 0.117 
116    (0)   :  0.037 0.108 0.063 0.058 0.403 0.331 
117    (0)   :  0.018 0.035 0.084 0.082 0.568 0.213 
118    (0)   :  0.249 0.032 0.156 0.075 0.367 0.121 
119    (0)   :  0.056 0.251 0.022 0.319 0.240 0.113 
120    (0)   :  0.030 0.040 0.154 0.101 0.544 0.130 
121    (0)   :  0.024 0.168 0.125 0.074 0.485 0.125 
122    (0)   :  0.030 0.023 0.066 0.071 0.534 0.276 
123    (0)   :  0.046 0.032 0.035 0.095 0.640 0.152 
124    (0)   :  0.054 0.079 0.058 0.074 0.445 0.290 
125    (0)   :  0.019 0.064 0.105 0.094 0.227 0.492 
126    (0)   :  0.039 0.082 0.030 0.115 0.528 0.207 
127    (0)   :  0.044 0.024 0.050 0.077 0.725 0.081 
128    (0)   :  0.165 0.035 0.137 0.085 0.478 0.101 
129    (0)   :  0.095 0.024 0.048 0.064 0.685 0.084 
130    (0)   :  0.075 0.018 0.104 0.158 0.520 0.125 
131    (0)   :  0.037 0.126 0.057 0.062 0.360 0.357 
132    (0)   :  0.066 0.029 0.044 0.058 0.602 0.202 
133    (0)   :  0.114 0.034 0.041 0.093 0.620 0.099 
134    (0)   :  0.021 0.018 0.049 0.043 0.672 0.196 
135    (0)   :  0.041 0.104 0.156 0.516 0.095 0.089 
136    (0)   :  0.026 0.017 0.083 0.702 0.063 0.109 
137    (0)   :  0.021 0.016 0.058 0.710 0.115 0.080 
138    (0)   :  0.021 0.026 0.026 0.765 0.066 0.096 
139    (0)   :  0.283 0.065 0.058 0.349 0.110 0.135 
140    (0)   :  0.035 0.055 0.041 0.514 0.189 0.166 
141    (0)   :  0.031 0.025 0.063 0.633 0.072 0.176 
142    (0)   :  0.069 0.145 0.083 0.520 0.096 0.086 
143    (0)   :  0.026 0.017 0.024 0.805 0.062 0.067 
144    (0)   :  0.024 0.018 0.059 0.715 0.113 0.071 
145    (0)   :  0.035 0.035 0.133 0.524 0.078 0.195 
146    (0)   :  0.018 0.033 0.056 0.531 0.186 0.176 
147    (0)   :  0.018 0.015 0.029 0.803 0.061 0.075 
148    (0)   :  0.041 0.049 0.078 0.563 0.140 0.129 
149    (0)   :  0.032 0.041 0.042 0.711 0.069 0.104 
150    (0)   :  0.034 0.021 0.076 0.578 0.193 0.098 
151    (0)   :  0.027 0.021 0.034 0.745 0.093 0.080 
152    (0)   :  0.038 0.090 0.083 0.512 0.110 0.165 
153    (0)   :  0.017 0.040 0.029 0.704 0.092 0.117 
154    (0)   :  0.034 0.030 0.071 0.691 0.069 0.104 
155    (0)   :  0.025 0.020 0.025 0.767 0.088 0.075 
156    (0)   :  0.041 0.083 0.041 0.647 0.121 0.066 
157    (0)   :  0.020 0.017 0.023 0.639 0.195 0.105 
158    (0)   :  0.023 0.027 0.140 0.556 0.072 0.183 
159    (0)   :  0.022 0.015 0.036 0.796 0.061 0.070 
160    (0)   :  0.029 0.015 0.045 0.777 0.062 0.073 
161    (0)   :  0.022 0.029 0.033 0.655 0.116 0.145 
162    (0)   :  0.024 0.037 0.074 0.481 0.195 0.189 
163    (0)   :  0.022 0.028 0.025 0.776 0.080 0.069 
164    (0)   :  0.035 0.024 0.062 0.532 0.217 0.129 
165    (0)   :  0.026 0.020 0.080 0.620 0.171 0.083 
166    (0)   :  0.036 0.046 0.023 0.532 0.224 0.138 
167    (0)   :  0.015 0.023 0.085 0.626 0.108 0.142 
168    (0)   :  0.021 0.043 0.032 0.668 0.084 0.153 
169    (0)   :  0.020 0.038 0.138 0.355 0.066 0.383 
170    (0)   :  0.045 0.052 0.028 0.673 0.121 0.081 
171    (0)   :  0.034 0.037 0.049 0.573 0.134 0.173 
172    (0)   :  0.031 0.128 0.047 0.511 0.068 0.215 
173    (0)   :  0.045 0.018 0.039 0.758 0.067 0.073 
174    (0)   :  0.022 0.015 0.030 0.754 0.091 0.088 
175    (0)   :  0.026 0.024 0.037 0.746 0.061 0.106 
176    (0)   :  0.024 0.018 0.059 0.715 0.113 0.071 
177    (0)   :  0.018 0.025 0.033 0.541 0.209 0.174 
178    (0)   :  0.028 0.016 0.043 0.671 0.095 0.147 
179    (0)   :  0.031 0.015 0.022 0.790 0.066 0.075 
180    (0)   :  0.018 0.036 0.065 0.599 0.122 0.161 
181    (0)   :  0.042 0.038 0.069 0.651 0.080 0.119 
182    (0)   :  0.038 0.026 0.070 0.726 0.073 0.067 
183    (0)   :  0.033 0.018 0.028 0.773 0.069 0.078 
184    (0)   :  0.661 0.017 0.040 0.067 0.092 0.122 
185    (0)   :  0.046 0.095 0.040 0.695 0.062 0.061 
186    (0)   :  0.354 0.022 0.033 0.085 0.356 0.150 
187    (0)   :  0.545 0.023 0.026 0.207 0.100 0.100 
188    (0)   :  0.595 0.020 0.030 0.059 0.187 0.109 
189    (0)   :  0.221 0.035 0.027 0.262 0.095 0.360 
190    (0)   :  0.360 0.232 0.038 0.240 0.075 0.055 
191    (0)   :  0.687 0.016 0.042 0.071 0.091 0.093 
192    (0)   :  0.427 0.019 0.031 0.231 0.178 0.115 
193    (0)   :  0.292 0.036 0.092 0.248 0.153 0.179 
194    (0)   :  0.172 0.042 0.037 0.345 0.283 0.120 
195    (0)   :  0.629 0.032 0.022 0.188 0.068 0.062 
196    (0)   :  0.532 0.081 0.039 0.163 0.109 0.076 
197    (0)   :  0.221 0.045 0.055 0.200 0.235 0.243 
198    (0)   :  0.162 0.040 0.039 0.219 0.281 0.260 
199    (0)   :  0.288 0.142 0.068 0.265 0.135 0.102 
200    (0)   :  0.502 0.073 0.066 0.137 0.083 0.138 
201    (0)   :  0.383 0.030 0.027 0.400 0.085 0.075 
202    (0)   :  0.084 0.063 0.039 0.624 0.121 0.068 
203    (0)   :  0.461 0.024 0.035 0.348 0.067 0.065 
204    (0)   :  0.728 0.027 0.024 0.098 0.066 0.057 
205    (0)   :  0.699 0.029 0.028 0.081 0.083 0.081 
206    (0)   :  0.688 0.023 0.029 0.120 0.076 0.064 
207    (0)   :  0.580 0.042 0.062 0.118 0.133 0.066 
208    (0)   :  0.567 0.036 0.033 0.212 0.085 0.067 
209    (0)   :  0.561 0.028 0.062 0.126 0.115 0.108 
210    (0)   :  0.675 0.021 0.026 0.110 0.097 0.071 
211    (0)   :  0.073 0.142 0.259 0.263 0.192 0.071 
212    (0)   :  0.146 0.044 0.039 0.563 0.093 0.116 
213    (0)   :  0.135 0.147 0.035 0.192 0.359 0.131 
214    (0)   :  0.274 0.034 0.049 0.483 0.082 0.077 
215    (0)   :  0.715 0.025 0.036 0.061 0.089 0.074 
216    (0)   :  0.401 0.030 0.072 0.127 0.177 0.193 
217    (0)   :  0.518 0.032 0.029 0.270 0.068 0.084 
218    (0)   :  0.679 0.017 0.029 0.087 0.096 0.091 
219    (0)   :  0.312 0.024 0.043 0.252 0.121 0.249 
220    (0)   :  0.754 0.019 0.025 0.068 0.073 0.061 
221    (0)   :  0.065 0.078 0.031 0.700 0.063 0.063 
222    (0)   :  0.314 0.026 0.044 0.172 0.191 0.253 
223    (0)   :  0.267 0.029 0.032 0.374 0.142 0.156 
224    (0)   :  0.516 0.022 0.032 0.279 0.083 0.068 
225    (0)   :  0.679 0.030 0.028 0.107 0.084 0.073 
226    (0)   :  0.545 0.020 0.038 0.121 0.091 0.186 
227    (0)   :  0.284 0.102 0.035 0.339 0.166 0.074 
228    (0)   :  0.521 0.100 0.042 0.207 0.069 0.061 
229    (0)   :  0.603 0.016 0.024 0.218 0.072 0.068 
230    (0)   :  0.652 0.017 0.028 0.173 0.069 0.061 
231    (0)   :  0.605 0.016 0.040 0.156 0.082 0.101 
232    (0)   :  0.155 0.057 0.052 0.372 0.188 0.176 
233    (0)   :  0.236 0.025 0.044 0.538 0.080 0.078 
234    (0)   :  0.377 0.020 0.052 0.193 0.184 0.174 
235    (0)   :  0.404 0.039 0.034 0.264 0.107 0.153 
236    (0)   :  0.446 0.022 0.048 0.294 0.094 0.095 
237    (0)   :  0.545 0.037 0.085 0.121 0.128 0.084 
238    (0)   :  0.180 0.035 0.037 0.514 0.134 0.099 
239    (0)   :  0.631 0.031 0.022 0.188 0.066 0.062 
240    (0)   :  0.181 0.034 0.037 0.514 0.135 0.099 
241    (0)   :  0.126 0.042 0.039 0.610 0.100 0.084 
242    (0)   :  0.619 0.022 0.025 0.105 0.073 0.156 
243    (0)   :  0.561 0.088 0.048 0.164 0.081 0.058 
244    (0)   :  0.586 0.020 0.033 0.232 0.068 0.061 
245    (0)   :  0.067 0.039 0.023 0.699 0.097 0.075 
246    (0)   :  0.521 0.032 0.029 0.267 0.068 0.083 
247    (0)   :  0.185 0.043 0.030 0.083 0.487 0.171 
248    (0)   :  0.557 0.037 0.069 0.078 0.178 0.082 
249    (0)   :  0.457 0.027 0.039 0.318 0.087 0.071 
250    (0)   :  0.567 0.018 0.038 0.198 0.094 0.086 
251    (0)   :  0.419 0.036 0.072 0.110 0.118 0.244 
252    (0)   :  0.617 0.028 0.024 0.155 0.092 0.084 
253    (0)   :  0.247 0.068 0.046 0.154 0.303 0.182 
254    (0)   :  0.543 0.024 0.038 0.131 0.124 0.140 
255    (0)   :  0.490 0.025 0.045 0.177 0.128 0.135 
256    (0)   :  0.383 0.045 0.047 0.322 0.107 0.096 
257    (0)   :  0.465 0.034 0.057 0.178 0.165 0.101 
258    (0)   :  0.319 0.087 0.052 0.148 0.264 0.130 
259    (0)   :  0.544 0.024 0.050 0.178 0.119 0.085 
260    (0)   :  0.280 0.021 0.046 0.318 0.141 0.194 
261    (0)   :  0.487 0.041 0.027 0.263 0.094 0.088 
262    (0)   :  0.468 0.079 0.032 0.289 0.063 0.068 
263    (0)   :  0.699 0.020 0.038 0.081 0.081 0.081 
264    (0)   :  0.219 0.040 0.070 0.073 0.169 0.428 
265    (0)   :  0.657 0.020 0.027 0.110 0.084 0.102 
266    (0)   :  0.115 0.056 0.033 0.668 0.066 0.062 
267    (0)   :  0.246 0.035 0.108 0.303 0.182 0.126 
268    (0)   :  0.528 0.084 0.039 0.165 0.109 0.075 
269    (0)   :  0.470 0.019 0.032 0.153 0.084 0.242 
270    (0)   :  0.430 0.026 0.063 0.127 0.185 0.168 
271    (0)   :  0.504 0.048 0.058 0.111 0.166 0.113 
272    (0)   :  0.564 0.034 0.050 0.100 0.103 0.149 
273    (0)   :  0.417 0.030 0.058 0.187 0.138 0.170 
274    (0)   :  0.538 0.024 0.043 0.120 0.119 0.157 
275    (0)   :  0.644 0.019 0.041 0.108 0.078 0.111 
276    (0)   :  0.424 0.058 0.085 0.144 0.134 0.155 
277    (0)   :  0.399 0.023 0.033 0.258 0.136 0.150 
278    (0)   :  0.694 0.034 0.040 0.072 0.087 0.073 
279    (0)   :  0.497 0.025 0.046 0.180 0.124 0.128 
280    (0)   :  0.456 0.039 0.038 0.160 0.095 0.212 
281    (0)   :  0.452 0.029 0.042 0.144 0.193 0.141 
282    (0)   :  0.314 0.020 0.036 0.404 0.106 0.121 
283    (0)   :  0.245 0.024 0.029 0.509 0.105 0.087 
284    (0)   :  0.241 0.037 0.057 0.307 0.234 0.124 
285    (0)   :  0.493 0.086 0.062 0.062 0.168 0.128 
286    (0)   :  0.590 0.019 0.033 0.228 0.068 0.061 
287    (0)   :  0.412 0.022 0.029 0.170 0.152 0.216 
288    (0)   :  0.722 0.016 0.028 0.069 0.069 0.096 
289    (0)   :  0.617 0.032 0.035 0.077 0.129 0.110 
290    (0)   :  0.232 0.132 0.092 0.186 0.120 0.236 
291    (0)   :  0.510 0.048 0.057 0.109 0.164 0.113 
292    (0)   :  0.364 0.087 0.033 0.227 0.094 0.196 
293    (0)   :  0.090 0.159 0.095 0.127 0.177 0.352 
294    (0)   :  0.716 0.025 0.030 0.073 0.074 0.082 
295    (0)   :  0.274 0.077 0.086 0.194 0.165 0.204 
296    (0)   :  0.686 0.024 0.034 0.073 0.104 0.079 
297    (0)   :  0.517 0.028 0.034 0.108 0.099 0.213 
298    (0)   :  0.470 0.017 0.030 0.268 0.110 0.106 
299    (0)   :  0.693 0.017 0.028 0.083 0.086 0.093 
300    (0)   :  0.647 0.036 0.038 0.083 0.086 0.110 
301    (0)   :  0.519 0.021 0.064 0.106 0.105 0.186 
302    (0)   :  0.623 0.050 0.050 0.095 0.089 0.094 
303    (0)   :  0.402 0.034 0.037 0.316 0.091 0.120 
304    (0)   :  0.063 0.021 0.057 0.431 0.174 0.253 
305    (0)   :  0.648 0.027 0.029 0.158 0.066 0.072 
306    (0)   :  0.344 0.032 0.032 0.370 0.087 0.135 
307    (0)   :  0.256 0.029 0.082 0.335 0.158 0.140 
308    (0)   :  0.477 0.042 0.026 0.268 0.096 0.090 
309    (0)   :  0.721 0.024 0.030 0.065 0.094 0.066 
310    (0)   :  0.558 0.043 0.038 0.220 0.075 0.066 
311    (0)   :  0.652 0.017 0.028 0.172 0.070 0.061 
312    (0)   :  0.698 0.027 0.028 0.075 0.109 0.063 
313    (0)   :  0.605 0.087 0.043 0.081 0.117 0.067 
314    (0)   :  0.027 0.028 0.023 0.794 0.058 0.070 
315    (0)   :  0.020 0.040 0.021 0.745 0.072 0.101 
316    (0)   :  0.025 0.027 0.024 0.715 0.077 0.132 
317    (0)   :  0.021 0.017 0.024 0.806 0.059 0.073 
318    (0)   :  0.018 0.013 0.022 0.810 0.058 0.079 
319    (0)   :  0.026 0.017 0.028 0.800 0.061 0.067 
320    (0)   :  0.027 0.027 0.023 0.794 0.059 0.070 
321    (0)   :  0.019 0.015 0.025 0.800 0.060 0.082 
322    (0)   :  0.032 0.043 0.027 0.703 0.079 0.116 
323    (0)   :  0.020 0.013 0.024 0.807 0.061 0.074 
324    (0)   :  0.019 0.015 0.024 0.801 0.060 0.082 
325    (0)   :  0.018 0.022 0.023 0.742 0.071 0.124 
326    (0)   :  0.020 0.027 0.025 0.732 0.072 0.123 
327    (0)   :  0.021 0.017 0.025 0.805 0.059 0.073 
328    (0)   :  0.021 0.028 0.024 0.736 0.079 0.113 
329    (0)   :  0.018 0.013 0.022 0.816 0.059 0.072 
330    (0)   :  0.022 0.017 0.024 0.805 0.059 0.074 
331    (0)   :  0.021 0.013 0.023 0.812 0.060 0.071 
332    (0)   :  0.017 0.023 0.025 0.726 0.073 0.136 
333    (0)   :  0.023 0.029 0.026 0.738 0.076 0.108 
334    (0)   :  0.021 0.029 0.025 0.734 0.079 0.113 
335    (0)   :  0.020 0.032 0.024 0.751 0.074 0.100 
336    (0)   :  0.022 0.020 0.023 0.794 0.059 0.082 
337    (0)   :  0.018 0.027 0.025 0.727 0.074 0.129 
338    (0)   :  0.018 0.013 0.024 0.804 0.059 0.083 
339    (0)   :  0.021 0.013 0.023 0.812 0.060 0.071 
340    (0)   :  0.024 0.014 0.023 0.814 0.059 0.065 
341    (0)   :  0.026 0.016 0.030 0.796 0.061 0.072 
342    (0)   :  0.021 0.017 0.024 0.807 0.059 0.072 
343    (0)   :  0.021 0.055 0.025 0.717 0.075 0.108 
344    (0)   :  0.018 0.013 0.022 0.816 0.059 0.072 
345    (0)   :  0.021 0.016 0.025 0.806 0.058 0.073 
346    (0)   :  0.020 0.014 0.023 0.813 0.058 0.072 
347    (0)   :  0.020 0.014 0.022 0.820 0.058 0.065 
348    (0)   :  0.025 0.062 0.023 0.725 0.073 0.092 
349    (0)   :  0.021 0.016 0.025 0.806 0.059 0.073 
350    (0)   :  0.026 0.021 0.025 0.797 0.061 0.070 
351    (0)   :  0.020 0.031 0.024 0.750 0.075 0.100 
352    (0)   :  0.021 0.033 0.024 0.737 0.074 0.112 
353    (0)   :  0.022 0.021 0.024 0.792 0.059 0.082 
354    (0)   :  0.020 0.013 0.024 0.809 0.060 0.073 
355    (0)   :  0.018 0.013 0.022 0.808 0.058 0.080 
356    (0)   :  0.026 0.069 0.023 0.717 0.074 0.091 
357    (0)   :  0.028 0.023 0.036 0.492 0.098 0.324 
358    (0)   :  0.017 0.021 0.024 0.751 0.075 0.113 
359    (0)   :  0.021 0.013 0.024 0.808 0.061 0.074 
360    (0)   :  0.020 0.014 0.022 0.814 0.057 0.072 
361    (0)   :  0.034 0.032 0.042 0.455 0.106 0.331 
362    (0)   :  0.153 0.028 0.037 0.104 0.242 0.436 
363    (0)   :  0.048 0.033 0.032 0.072 0.346 0.468 
364    (0)   :  0.037 0.029 0.112 0.319 0.168 0.335 
365    (0)   :  0.045 0.031 0.176 0.085 0.124 0.539 
366    (0)   :  0.084 0.139 0.063 0.178 0.125 0.410 
367    (0)   :  0.020 0.018 0.027 0.053 0.534 0.348 
368    (0)   :  0.053 0.017 0.062 0.096 0.585 0.186 
369    (0)   :  0.045 0.137 0.052 0.327 0.160 0.279 
370    (0)   :  0.154 0.025 0.070 0.109 0.489 0.152 
371    (0)   :  0.181 0.038 0.093 0.154 0.201 0.334 
372    (0)   :  0.323 0.030 0.128 0.126 0.271 0.123 
373    (0)   :  0.045 0.024 0.066 0.163 0.387 0.315 
374    (0)   :  0.055 0.023 0.101 0.311 0.146 0.364 
375    (0)   :  0.057 0.019 0.067 0.067 0.385 0.405 
376    (0)   :  0.015 0.018 0.037 0.061 0.131 0.738 
377    (0)   :  0.058 0.041 0.072 0.103 0.349 0.378 
378    (0)   :  0.036 0.021 0.036 0.243 0.536 0.127 
379    (0)   :  0.027 0.027 0.050 0.056 0.137 0.703 
380    (0)   :  0.062 0.061 0.041 0.181 0.089 0.566 
381    (0)   :  0.030 0.072 0.033 0.172 0.080 0.613 
382    (0)   :  0.028 0.015 0.041 0.079 0.290 0.546 
383    (0)   :  0.073 0.024 0.045 0.161 0.077 0.620 
384    (0)   :  0.078 0.026 0.096 0.148 0.177 0.475 
385    (0)   :  0.025 0.014 0.498 0.194 0.097 0.171 
386    (0)   :  0.029 0.022 0.032 0.073 0.312 0.533 
387    (0)   :  0.024 0.028 0.059 0.092 0.305 0.491 
388    (0)   :  0.066 0.018 0.157 0.264 0.221 0.274 
389    (0)   :  0.113 0.084 0.424 0.085 0.177 0.118 
390    (0)   :  0.058 0.129 0.040 0.073 0.375 0.325 
391    (0)   :  0.040 0.067 0.296 0.127 0.281 0.190 
392    (0)   :  0.045 0.029 0.034 0.151 0.182 0.560 
393    (0)   :  0.022 0.093 0.031 0.122 0.094 0.638 
394    (0)   :  0.043 0.023 0.029 0.293 0.302 0.310 
395    (0)   :  0.110 0.128 0.032 0.092 0.317 0.321 
396    (0)   :  0.031 0.018 0.043 0.057 0.409 0.443 
397    (0)   :  0.268 0.029 0.090 0.186 0.147 0.280 
398    (0)   :  0.017 0.026 0.034 0.060 0.230 0.635 
399    (0)   :  0.043 0.036 0.046 0.081 0.542 0.252 
400    (0)   :  0.019 0.025 0.041 0.110 0.270 0.535 
401    (0)   :  0.025 0.071 0.037 0.118 0.558 0.191 
402    (0)   :  0.045 0.094 0.077 0.127 0.343 0.315 
403    (0)   :  0.047 0.027 0.126 0.411 0.189 0.201 
404    (0)   :  0.076 0.023 0.087 0.156 0.223 0.435 
405    (0)   :  0.062 0.036 0.041 0.138 0.208 0.515 
406    (0)   :  0.040 0.384 0.024 0.163 0.090 0.298 
407    (0)   :  0.021 0.018 0.029 0.057 0.121 0.755 
408    (0)   :  0.039 0.066 0.023 0.056 0.719 0.097 
409    (0)   :  0.024 0.217 0.032 0.337 0.131 0.259 
410    (0)   :  0.035 0.037 0.089 0.133 0.233 0.473 
411    (0)   :  0.022 0.079 0.033 0.196 0.156 0.513 
412    (0)   :  0.052 0.016 0.052 0.089 0.511 0.280 
413    (0)   :  0.058 0.019 0.030 0.218 0.473 0.202 
414    (0)   :  0.066 0.017 0.117 0.060 0.478 0.262 
415    (0)   :  0.030 0.060 0.033 0.087 0.155 0.635 
416    (0)   :  0.043 0.057 0.093 0.132 0.215 0.460 
417    (0)   :  0.027 0.022 0.027 0.068 0.163 0.692 
418    (0)   :  0.029 0.015 0.038 0.064 0.544 0.311 
419    (0)   :  0.041 0.054 0.097 0.255 0.271 0.283 
420    (0)   :  0.026 0.166 0.026 0.077 0.504 0.201 
421    (0)   :  0.037 0.024 0.032 0.078 0.368 0.463 
422    (0)   :  0.128 0.117 0.052 0.103 0.194 0.406 
423    (0)   :  0.061 0.032 0.046 0.114 0.216 0.531 
424    (0)   :  0.020 0.118 0.061 0.114 0.492 0.195 
425    (0)   :  0.041 0.023 0.385 0.119 0.155 0.276 
426    (0)   :  0.028 0.025 0.135 0.140 0.383 0.288 
427    (0)   :  0.016 0.028 0.024 0.170 0.174 0.589 
428    (0)   :  0.047 0.080 0.066 0.236 0.141 0.430 
429    (0)   :  0.023 0.016 0.023 0.053 0.253 0.632 
430    (0)   :  0.028 0.026 0.028 0.065 0.154 0.699 
431    (0)   :  0.077 0.023 0.084 0.121 0.432 0.263 
432    (0)   :  0.034 0.019 0.047 0.107 0.592 0.201 
433    (0)   :  0.038 0.034 0.072 0.382 0.340 0.134 
434    (0)   :  0.062 0.035 0.079 0.186 0.207 0.431 
435    (0)   :  0.016 0.031 0.023 0.058 0.197 0.676 
436    (0)   :  0.012 0.047 0.025 0.098 0.172 0.647 
437    (0)   :  0.022 0.020 0.028 0.064 0.135 0.731 
438    (0)   :  0.017 0.206 0.026 0.121 0.281 0.350 
439    (0)   :  0.013 0.022 0.024 0.076 0.115 0.748 
440    (0)   :  0.017 0.028 0.025 0.048 0.128 0.755 
441    (0)   :  0.019 0.026 0.034 0.143 0.170 0.608 
442    (0)   :  0.020 0.037 0.077 0.070 0.261 0.535 
443    (0)   :  0.020 0.133 0.033 0.060 0.472 0.282 
444    (0)   :  0.019 0.051 0.066 0.068 0.197 0.600 
445    (0)   :  0.023 0.102 0.041 0.205 0.122 0.507 
446    (0)   :  0.013 0.025 0.039 0.070 0.286 0.567 
447    (0)   :  0.017 0.078 0.097 0.132 0.148 0.527 
448    (0)   :  0.021 0.028 0.036 0.070 0.206 0.639 
449    (0)   :  0.025 0.028 0.042 0.114 0.186 0.605 
450    (0)   :  0.018 0.014 0.047 0.113 0.150 0.658 
451    (0)   :  0.022 0.030 0.038 0.050 0.653 0.207 
452    (0)   :  0.019 0.016 0.031 0.092 0.133 0.709 
453    (0)   :  0.031 0.315 0.046 0.121 0.328 0.159 
454    (0)   :  0.026 0.024 0.031 0.121 0.153 0.644 
455    (0)   :  0.015 0.091 0.026 0.067 0.234 0.568 
456    (0)   :  0.023 0.141 0.035 0.061 0.205 0.534 
457    (0)   :  0.016 0.021 0.030 0.070 0.115 0.748 
458    (0)   :  0.016 0.021 0.037 0.078 0.131 0.717 
459    (0)   :  0.013 0.035 0.027 0.165 0.295 0.464 
460    (0)   :  0.013 0.028 0.025 0.064 0.321 0.548 
461    (0)   :  0.013 0.015 0.029 0.066 0.486 0.391 
462    (0)   :  0.037 0.062 0.099 0.048 0.228 0.526 
463    (0)   :  0.037 0.395 0.025 0.095 0.151 0.297 
464    (0)   :  0.017 0.068 0.024 0.063 0.398 0.431 
465    (0)   :  0.018 0.040 0.034 0.082 0.548 0.278 
466    (0)   :  0.025 0.159 0.027 0.067 0.427 0.295 
467    (0)   :  0.035 0.052 0.032 0.105 0.226 0.550 
468    (0)   :  0.019 0.074 0.024 0.061 0.105 0.718 
469    (0)   :  0.012 0.028 0.022 0.065 0.092 0.780 
470    (0)   :  0.014 0.027 0.022 0.060 0.202 0.675 
471    (0)   :  0.053 0.145 0.117 0.076 0.206 0.403 
472    (0)   :  0.025 0.067 0.049 0.082 0.285 0.493 
473    (0)   :  0.035 0.034 0.037 0.112 0.211 0.571 
474    (0)   :  0.027 0.036 0.030 0.099 0.148 0.661 
475    (0)   :  0.019 0.031 0.036 0.132 0.509 0.273 
476    (0)   :  0.018 0.036 0.024 0.077 0.130 0.715 
477    (0)   :  0.013 0.049 0.058 0.113 0.516 0.251 
478    (0)   :  0.012 0.023 0.052 0.060 0.661 0.193 
479    (0)   :  0.014 0.021 0.027 0.058 0.181 0.699 
480    (0)   :  0.016 0.018 0.023 0.064 0.099 0.780 
481    (0)   :  0.070 0.034 0.146 0.075 0.205 0.468 
482    (0)   :  0.014 0.016 0.021 0.058 0.185 0.706 
483    (0)   :  0.014 0.031 0.029 0.081 0.201 0.644 
484    (0)   :  0.025 0.179 0.039 0.085 0.206 0.467 
485    (0)   :  0.014 0.051 0.023 0.065 0.180 0.666 
486    (0)   :  0.047 0.089 0.345 0.101 0.236 0.182 
487    (0)   :  0.024 0.042 0.318 0.222 0.174 0.219 
488    (0)   :  0.038 0.034 0.363 0.155 0.270 0.140 
489    (0)   :  0.053 0.100 0.204 0.260 0.136 0.248 
490    (0)   :  0.026 0.067 0.095 0.067 0.513 0.231 
491    (0)   :  0.079 0.031 0.428 0.214 0.130 0.118 
492    (0)   :  0.042 0.056 0.085 0.352 0.348 0.116 
493    (0)   :  0.051 0.036 0.520 0.115 0.140 0.138 
494    (0)   :  0.070 0.044 0.374 0.168 0.132 0.213 
495    (0)   :  0.018 0.064 0.296 0.209 0.291 0.123 
496    (0)   :  0.058 0.046 0.038 0.471 0.235 0.153 
497    (0)   :  0.036 0.019 0.616 0.147 0.090 0.093 
498    (0)   :  0.025 0.083 0.356 0.128 0.236 0.172 
499    (0)   :  0.029 0.041 0.316 0.332 0.130 0.153 
500    (0)   :  0.131 0.040 0.224 0.114 0.132 0.359 
501    (0)   :  0.057 0.024 0.106 0.306 0.215 0.291 
502    (0)   :  0.026 0.017 0.177 0.323 0.286 0.170 
503    (0)   :  0.044 0.027 0.068 0.082 0.204 0.574 
504    (0)   :  0.019 0.044 0.182 0.094 0.542 0.118 
505    (0)   :  0.141 0.082 0.240 0.183 0.196 0.158 
506    (0)   :  0.059 0.024 0.188 0.276 0.293 0.160 
507    (0)   :  0.048 0.045 0.031 0.710 0.084 0.081 
508    (0)   :  0.024 0.092 0.106 0.593 0.109 0.078 
509    (0)   :  0.135 0.049 0.136 0.353 0.200 0.126 
510    (0)   :  0.040 0.030 0.140 0.353 0.175 0.262 
511    (0)   :  0.089 0.040 0.116 0.108 0.183 0.463 
512    (0)   :  0.052 0.020 0.104 0.071 0.179 0.575 
513    (0)   :  0.040 0.045 0.643 0.099 0.119 0.054 
514    (0)   :  0.030 0.025 0.050 0.137 0.634 0.124 
515    (0)   :  0.030 0.086 0.087 0.239 0.164 0.394 
516    (0)   :  0.034 0.059 0.056 0.122 0.624 0.105 
517    (0)   :  0.032 0.142 0.038 0.246 0.284 0.258 
518    (0)   :  0.138 0.020 0.139 0.286 0.121 0.294 
519    (0)   :  0.021 0.029 0.052 0.131 0.634 0.132 
520    (0)   :  0.031 0.206 0.032 0.365 0.100 0.267 
521    (0)   :  0.098 0.030 0.030 0.401 0.322 0.119 
522    (0)   :  0.026 0.202 0.060 0.103 0.153 0.456 
523    (0)   :  0.026 0.283 0.034 0.291 0.241 0.124 
524    (0)   :  0.033 0.096 0.036 0.164 0.189 0.482 
525    (0)   :  0.045 0.051 0.078 0.342 0.116 0.369 
526    (0)   :  0.033 0.446 0.023 0.129 0.106 0.262 
527    (0)   :  0.028 0.019 0.338 0.099 0.228 0.288 
528    (0)   :  0.116 0.036 0.031 0.552 0.160 0.105 
529    (0)   :  0.171 0.032 0.156 0.208 0.262 0.170 
530    (0)   :  0.032 0.078 0.089 0.161 0.130 0.510 
531    (0)   :  0.022 0.046 0.046 0.459 0.141 0.287 
532    (0)   :  0.045 0.059 0.115 0.341 0.230 0.210 
533    (0)   :  0.083 0.070 0.101 0.147 0.158 0.442 
534    (0)   :  0.099 0.117 0.244 0.213 0.246 0.081 
535    (0)   :  0.035 0.218 0.029 0.137 0.366 0.215 
536    (0)   :  0.100 0.096 0.039 0.254 0.183 0.328 
537    (0)   :  0.068 0.165 0.044 0.426 0.152 0.144 
538    (0)   :  0.179 0.111 0.037 0.302 0.169 0.203 
539    (0)   :  0.101 0.038 0.032 0.645 0.087 0.097 
540    (0)   :  0.135 0.105 0.040 0.311 0.167 0.242 
541    (0)   :  0.103 0.042 0.037 0.487 0.150 0.182 
542    (0)   :  0.121 0.328 0.056 0.109 0.112 0.274 
543    (0)   :  0.082 0.192 0.035 0.249 0.320 0.122 
544    (0)   :  0.047 0.382 0.040 0.182 0.160 0.188 
545    (0)   :  0.029 0.532 0.032 0.069 0.152 0.186 
546    (0)   :  0.179 0.156 0.089 0.242 0.145 0.188 
547    (0)   :  0.022 0.525 0.028 0.191 0.132 0.102 
548    (0)   :  0.564 0.018 0.037 0.197 0.096 0.087 
549    (0)   :  0.020 0.157 0.029 0.467 0.101 0.227 
550    (0)   :  0.026 0.382 0.033 0.105 0.167 0.286 
551    (0)   :  0.024 0.046 0.031 0.610 0.142 0.148 
552    (0)   :  0.321 0.095 0.036 0.265 0.123 0.160 
553    (0)   :  0.079 0.441 0.028 0.227 0.149 0.077 
554    (0)   :  0.101 0.063 0.046 0.221 0.240 0.329 
555    (0)   :  0.065 0.096 0.101 0.473 0.132 0.133 
556    (0)   :  0.153 0.101 0.043 0.298 0.216 0.190 
557    (0)   :  0.024 0.209 0.029 0.169 0.233 0.336 
558    (0)   :  0.012 0.015 0.022 0.060 0.170 0.721 
559    (0)   :  0.135 0.037 0.042 0.099 0.542 0.146 
560    (0)   :  0.027 0.027 0.031 0.046 0.496 0.373 
561    (0)   :  0.023 0.044 0.064 0.064 0.454 0.351 
562    (0)   :  0.042 0.062 0.066 0.046 0.512 0.272 
563    (0)   :  0.013 0.042 0.060 0.232 0.486 0.168 
564    (0)   :  0.244 0.077 0.051 0.103 0.341 0.184 
565    (0)   :  0.017 0.017 0.028 0.068 0.107 0.763 
566    (0)   :  0.019 0.021 0.034 0.049 0.508 0.369 
567    (0)   :  0.249 0.036 0.092 0.067 0.391 0.166 
568    (0)   :  0.040 0.045 0.028 0.096 0.572 0.218 
569    (0)   :  0.029 0.115 0.042 0.101 0.275 0.438 
570    (0)   :  0.024 0.016 0.024 0.050 0.175 0.711 
571    (0)   :  0.027 0.023 0.028 0.074 0.690 0.158 
572    (0)   :  0.055 0.342 0.042 0.232 0.105 0.222 
573    (0)   :  0.173 0.059 0.052 0.102 0.298 0.317 
574    (0)   :  0.030 0.034 0.047 0.201 0.130 0.558 
575    (0)   :  0.035 0.028 0.031 0.162 0.535 0.210 
576    (0)   :  0.019 0.017 0.078 0.049 0.513 0.324 
577    (0)   :  0.031 0.026 0.052 0.188 0.197 0.507 
578    (0)   :  0.033 0.029 0.046 0.077 0.506 0.309 
579    (0)   :  0.065 0.033 0.114 0.072 0.314 0.402 
580    (0)   :  0.027 0.020 0.037 0.115 0.174 0.627 
581    (0)   :  0.022 0.020 0.031 0.092 0.267 0.566 
582    (0)   :  0.024 0.041 0.024 0.055 0.301 0.554 
583    (0)   :  0.037 0.023 0.067 0.075 0.544 0.254 
584    (0)   :  0.016 0.017 0.049 0.059 0.558 0.302 
585    (0)   :  0.025 0.025 0.059 0.066 0.428 0.396 
586    (0)   :  0.047 0.028 0.033 0.091 0.675 0.126 
587    (0)   :  0.059 0.058 0.053 0.056 0.342 0.433 
588    (0)   :  0.353 0.209 0.101 0.079 0.184 0.074 
589    (0)   :  0.027 0.081 0.032 0.061 0.185 0.614 
590    (0)   :  0.047 0.023 0.086 0.070 0.629 0.144 
591    (0)   :  0.024 0.018 0.033 0.081 0.693 0.152 
592    (0)   :  0.091 0.069 0.031 0.065 0.491 0.252 
593    (0)   :  0.054 0.035 0.031 0.115 0.423 0.343 
594    (0)   :  0.031 0.024 0.151 0.150 0.497 0.147 
595    (0)   :  0.061 0.015 0.343 0.051 0.167 0.362 
596    (0)   :  0.131 0.103 0.070 0.118 0.278 0.300 
597    (0)   :  0.031 0.048 0.030 0.244 0.552 0.095 
598    (0)   :  0.014 0.016 0.022 0.055 0.125 0.767 
599    (0)   :  0.034 0.040 0.026 0.051 0.601 0.248 
600    (0)   :  0.033 0.039 0.042 0.143 0.163 0.580 
601    (0)   :  0.032 0.038 0.030 0.054 0.377 0.468 
602    (0)   :  0.087 0.022 0.145 0.234 0.318 0.193 
603    (0)   :  0.092 0.024 0.085 0.210 0.424 0.165 
604    (0)   :  0.043 0.030 0.113 0.159 0.137 0.518 
605    (0)   :  0.040 0.051 0.067 0.094 0.432 0.316 
606    (0)   :  0.164 0.040 0.047 0.215 0.258 0.277 
607    (0)   :  0.085 0.018 0.069 0.301 0.137 0.391 
608    (0)   :  0.028 0.024 0.030 0.474 0.184 0.261 
609    (0)   :  0.018 0.040 0.066 0.121 0.207 0.547 
610    (0)   :  0.031 0.090 0.057 0.094 0.170 0.559 
611    (0)   :  0.043 0.043 0.078 0.232 0.439 0.165 
612    (0)   :  0.020 0.038 0.032 0.081 0.106 0.724 
613    (0)   :  0.050 0.063 0.112 0.128 0.210 0.437 
614    (0)   :  0.049 0.023 0.083 0.074 0.083 0.687 
615    (0)   :  0.050 0.023 0.039 0.122 0.100 0.666 
616    (0)   :  0.094 0.017 0.053 0.211 0.194 0.431 
617    (0)   :  0.032 0.051 0.277 0.073 0.148 0.420 
618    (0)   :  0.048 0.046 0.105 0.221 0.096 0.485 
619    (0)   :  0.088 0.067 0.027 0.186 0.337 0.295 
620    (0)   :  0.179 0.070 0.031 0.049 0.473 0.198 
621    (0)   :  0.015 0.016 0.072 0.078 0.445 0.374 
622    (0)   :  0.179 0.051 0.184 0.129 0.110 0.347 
623    (0)   :  0.055 0.031 0.050 0.083 0.497 0.284 
624    (0)   :  0.027 0.026 0.031 0.204 0.128 0.584 
625    (0)   :  0.037 0.021 0.096 0.188 0.192 0.465 
626    (0)   :  0.046 0.135 0.032 0.429 0.089 0.269 
627    (0)   :  0.060 0.038 0.066 0.123 0.371 0.343 
628    (0)   :  0.198 0.027 0.147 0.109 0.282 0.238 
629    (0)   :  0.076 0.019 0.112 0.136 0.331 0.326 
630    (0)   :  0.044 0.032 0.055 0.095 0.200 0.574 
631    (0)   :  0.120 0.019 0.040 0.102 0.162 0.558 
632    (0)   :  0.197 0.036 0.084 0.335 0.130 0.219 
633    (0)   :  0.040 0.022 0.094 0.190 0.136 0.518 
634    (0)   :  0.147 0.053 0.041 0.252 0.207 0.300 
635    (0)   :  0.070 0.025 0.044 0.482 0.129 0.250 
636    (0)   :  0.029 0.025 0.040 0.266 0.201 0.439 
637    (0)   :  0.085 0.149 0.091 0.198 0.220 0.257 
638    (0)   :  0.066 0.020 0.075 0.191 0.356 0.291 
639    (0)   :  0.060 0.025 0.113 0.169 0.112 0.521 
640    (0)   :  0.024 0.015 0.124 0.105 0.437 0.296 
641    (0)   :  0.100 0.024 0.127 0.139 0.222 0.388 
642    (0)   :  0.033 0.052 0.039 0.553 0.169 0.154 
643    (0)   :  0.028 0.020 0.026 0.696 0.119 0.112 
644    (0)   :  0.029 0.025 0.042 0.582 0.204 0.118 
645    (0)   :  0.027 0.035 0.078 0.491 0.066 0.302 
646    (0)   :  0.051 0.079 0.119 0.223 0.336 0.192 
647    (0)   :  0.032 0.040 0.096 0.443 0.257 0.133 
648    (0)   :  0.119 0.069 0.276 0.273 0.105 0.158 
649    (0)   :  0.204 0.121 0.045 0.242 0.286 0.103 
650    (0)   :  0.053 0.048 0.058 0.267 0.459 0.115 
651    (0)   :  0.093 0.019 0.264 0.358 0.151 0.116 
652    (0)   :  0.039 0.026 0.046 0.589 0.173 0.127 
653    (0)   :  0.036 0.049 0.252 0.426 0.097 0.140 
654    (0)   :  0.043 0.092 0.100 0.525 0.118 0.121 
655    (0)   :  0.026 0.027 0.028 0.503 0.294 0.123 
656    (0)   :  0.064 0.088 0.230 0.316 0.146 0.155 
657    (0)   :  0.028 0.025 0.148 0.274 0.176 0.348 
658    (0)   :  0.033 0.061 0.032 0.288 0.407 0.179 
659    (0)   :  0.032 0.066 0.107 0.500 0.134 0.161 
660    (0)   :  0.099 0.041 0.033 0.577 0.152 0.098 
661    (0)   :  0.065 0.130 0.037 0.519 0.110 0.139 
662    (0)   :  0.161 0.243 0.050 0.164 0.296 0.085 
663    (0)   :  0.150 0.027 0.031 0.472 0.174 0.146 
664    (0)   :  0.025 0.045 0.032 0.306 0.371 0.221 
665    (0)   :  0.184 0.127 0.042 0.252 0.279 0.116 
666    (0)   :  0.066 0.053 0.032 0.527 0.174 0.149 
667    (0)   :  0.027 0.038 0.415 0.147 0.237 0.136 
668    (0)   :  0.040 0.051 0.038 0.462 0.206 0.203 
669    (0)   :  0.182 0.054 0.115 0.320 0.198 0.131 
670    (0)   :  0.043 0.021 0.024 0.755 0.081 0.074 
671    (0)   :  0.054 0.031 0.031 0.651 0.141 0.092 
672    (0)   :  0.019 0.042 0.022 0.633 0.159 0.125 
673    (0)   :  0.022 0.014 0.024 0.799 0.063 0.078 
674    (0)   :  0.043 0.028 0.041 0.664 0.090 0.134 
675    (0)   :  0.024 0.018 0.058 0.716 0.113 0.071 
676    (0)   :  0.018 0.015 0.024 0.809 0.061 0.073 
677    (0)   :  0.058 0.081 0.023 0.696 0.074 0.067 
678    (0)   :  0.021 0.013 0.025 0.794 0.071 0.076 
679    (0)   :  0.027 0.013 0.040 0.697 0.085 0.137 
680    (0)   :  0.021 0.021 0.054 0.728 0.067 0.109 
681    (0)   :  0.022 0.253 0.094 0.319 0.095 0.216 
682    (0)   :  0.017 0.022 0.029 0.747 0.069 0.116 
683    (0)   :  0.028 0.026 0.023 0.777 0.076 0.069 
684    (0)   :  0.021 0.016 0.026 0.789 0.071 0.077 
685    (0)   :  0.021 0.016 0.024 0.811 0.061 0.067 
686    (0)   :  0.036 0.080 0.029 0.660 0.089 0.106 
687    (0)   :  0.065 0.041 0.026 0.647 0.135 0.086 
688    (0)   :  0.024 0.018 0.027 0.745 0.097 0.089 
689    (0)   :  0.018 0.016 0.025 0.815 0.060 0.067 
690    (0)   :  0.018 0.015 0.024 0.808 0.062 0.073 
691    (0)   :  0.026 0.022 0.041 0.704 0.083 0.124 
692    (0)   :  0.022 0.015 0.035 0.738 0.095 0.096 
693    (0)   :  0.019 0.017 0.026 0.724 0.107 0.107 
694    (0)   :  0.021 0.018 0.022 0.820 0.058 0.062 
695    (0)   :  0.017 0.041 0.023 0.750 0.071 0.098 
696    (0)   :  0.024 0.018 0.028 0.746 0.097 0.089 
697    (0)   :  0.026 0.021 0.025 0.794 0.061 0.072 
698    (0)   :  0.022 0.015 0.024 0.801 0.063 0.074 
699    (0)   :  0.026 0.105 0.022 0.687 0.071 0.090 
700    (0)   :  0.038 0.066 0.028 0.657 0.095 0.115 
701    (0)   :  0.031 0.032 0.053 0.663 0.089 0.132 
702    (0)   :  0.026 0.041 0.030 0.658 0.109 0.136 
703    (0)   :  0.020 0.024 0.029 0.741 0.071 0.115 
704    (0)   :  0.029 0.026 0.024 0.749 0.091 0.081 
705    (0)   :  0.031 0.248 0.062 0.427 0.102 0.131 
706    (0)   :  0.019 0.033 0.031 0.749 0.066 0.102 
707    (0)   :  0.028 0.027 0.029 0.779 0.063 0.075 
708    (0)   :  0.024 0.017 0.039 0.787 0.062 0.071 
709    (0)   :  0.022 0.050 0.023 0.763 0.065 0.078 
710    (0)   :  0.017 0.019 0.023 0.818 0.057 0.065 
711    (0)   :  0.030 0.057 0.033 0.711 0.070 0.100 
712    (0)   :  0.037 0.053 0.032 0.758 0.059 0.061 
713    (0)   :  0.029 0.021 0.028 0.750 0.095 0.078 
714    (0)   :  0.031 0.018 0.081 0.657 0.085 0.127 
715    (0)   :  0.026 0.037 0.022 0.794 0.058 0.064 
