

----------------------------------------------------
STRUCTURE by Pritchard, Stephens and Donnelly (2000)
     and Falush, Stephens and Pritchard (2003)
       Code by Pritchard, Falush and Hubisz
             Version 2.3.4 (Jul 2012)
----------------------------------------------------



Command line arguments:   ./structure -K 5 -D 105007 -m brooktrout/mainparams -e brooktrout/extraparams -o brooktrout/250914_output/results_K5_rep7 
Input File:    brooktrout/brooktrout.txt

Run parameters:
   8454 individuals
   5 loci
   5 populations assumed
   50000 Burn-in period
   100000 Reps
RANDOMIZE turned off


--------------------------------------------
Overall proportion of membership of the
sample in each of the 5 clusters

Inferred Clusters
  1      2      3      4      5    
0.062  0.189  0.180  0.270  0.299  

--------------------------------------------

Allele-freq. divergence among pops (Net nucleotide distance),
computed using point estimates of P.

      1       2       3       4       5      
 1      -    0.0747  0.1567  0.0655  0.1076  
 2   0.0747     -    0.1273  0.0387  0.0547  
 3   0.1567  0.1273     -    0.1034  0.0670  
 4   0.0655  0.0387  0.1034     -    0.0537  
 5   0.1076  0.0547  0.0670  0.0537     -    

Average distances (expected heterozygosity) between individuals in same cluster:
cluster  1  : 0.7479 
cluster  2  : 0.8145 
cluster  3  : 0.7309 
cluster  4  : 0.8018 
cluster  5  : 0.8270 

--------------------------------------------
Estimated Ln Prob of Data   = -226661.8
Mean value of ln likelihood = -172374.5
Variance of ln likelihood   = 108574.8

Mean value of alpha_1       = 0.0765
Mean value of alpha_2       = 0.2353
Mean value of alpha_3       = 0.2302
Mean value of alpha_4       = 0.3599
Mean value of alpha_5       = 0.4026
Allele frequencies uncorrelated


Inferred ancestry of individuals:
     (%Miss) :  Inferred clusters
  1    (0)   :  0.055 0.136 0.267 0.312 0.231 
  2    (0)   :  0.013 0.090 0.043 0.253 0.601 
  3    (0)   :  0.063 0.099 0.142 0.426 0.271 
  4    (0)   :  0.021 0.093 0.551 0.110 0.224 
  5    (0)   :  0.014 0.092 0.043 0.407 0.445 
  6    (0)   :  0.018 0.058 0.045 0.799 0.081 
  7    (0)   :  0.025 0.349 0.046 0.493 0.087 
  8    (0)   :  0.033 0.129 0.331 0.363 0.144 
  9    (0)   :  0.028 0.133 0.088 0.364 0.387 
 10    (0)   :  0.020 0.114 0.146 0.622 0.099 
 11    (0)   :  0.039 0.437 0.048 0.378 0.097 
 12    (0)   :  0.013 0.097 0.070 0.390 0.430 
 13    (0)   :  0.016 0.129 0.070 0.571 0.213 
 14    (0)   :  0.034 0.068 0.083 0.196 0.619 
 15    (0)   :  0.039 0.114 0.184 0.255 0.408 
 16    (0)   :  0.045 0.100 0.071 0.645 0.139 
 17    (0)   :  0.019 0.078 0.062 0.618 0.223 
 18    (0)   :  0.048 0.063 0.083 0.504 0.302 
 19    (0)   :  0.015 0.077 0.054 0.729 0.125 
 20    (0)   :  0.033 0.157 0.070 0.350 0.390 
 21    (0)   :  0.028 0.071 0.165 0.222 0.514 
 22    (0)   :  0.020 0.054 0.080 0.731 0.115 
 23    (0)   :  0.029 0.115 0.197 0.153 0.507 
 24    (0)   :  0.034 0.071 0.178 0.493 0.224 
 25    (0)   :  0.029 0.184 0.034 0.593 0.160 
 26    (0)   :  0.022 0.063 0.106 0.577 0.233 
 27    (0)   :  0.025 0.091 0.099 0.544 0.241 
 28    (0)   :  0.034 0.185 0.322 0.321 0.138 
 29    (0)   :  0.017 0.189 0.058 0.287 0.449 
 30    (0)   :  0.041 0.053 0.062 0.677 0.167 
 31    (0)   :  0.018 0.126 0.121 0.470 0.265 
 32    (0)   :  0.028 0.120 0.163 0.325 0.363 
 33    (0)   :  0.098 0.194 0.138 0.273 0.298 
 34    (0)   :  0.043 0.358 0.083 0.421 0.095 
 35    (0)   :  0.021 0.073 0.046 0.413 0.447 
 36    (0)   :  0.266 0.054 0.056 0.165 0.460 
 37    (0)   :  0.016 0.123 0.157 0.233 0.471 
 38    (0)   :  0.499 0.128 0.036 0.146 0.191 
 39    (0)   :  0.142 0.186 0.056 0.302 0.314 
 40    (0)   :  0.035 0.045 0.121 0.180 0.620 
 41    (0)   :  0.155 0.117 0.048 0.195 0.485 
 42    (0)   :  0.156 0.064 0.322 0.119 0.339 
 43    (0)   :  0.013 0.100 0.074 0.129 0.684 
 44    (0)   :  0.022 0.081 0.040 0.241 0.615 
 45    (0)   :  0.160 0.076 0.036 0.195 0.533 
 46    (0)   :  0.031 0.126 0.046 0.506 0.291 
 47    (0)   :  0.016 0.086 0.067 0.528 0.304 
 48    (0)   :  0.023 0.048 0.041 0.252 0.637 
 49    (0)   :  0.065 0.112 0.063 0.299 0.462 
 50    (0)   :  0.029 0.217 0.099 0.476 0.179 
 51    (0)   :  0.147 0.040 0.041 0.082 0.689 
 52    (0)   :  0.122 0.193 0.075 0.351 0.259 
 53    (0)   :  0.433 0.103 0.075 0.246 0.143 
 54    (0)   :  0.011 0.092 0.073 0.235 0.589 
 55    (0)   :  0.014 0.076 0.048 0.130 0.732 
 56    (0)   :  0.058 0.050 0.065 0.304 0.523 
 57    (0)   :  0.016 0.084 0.150 0.611 0.139 
 58    (0)   :  0.041 0.081 0.061 0.155 0.662 
 59    (0)   :  0.199 0.087 0.058 0.199 0.457 
 60    (0)   :  0.046 0.056 0.113 0.117 0.667 
 61    (0)   :  0.010 0.049 0.069 0.060 0.813 
 62    (0)   :  0.022 0.082 0.055 0.531 0.310 
 63    (0)   :  0.040 0.228 0.096 0.122 0.514 
 64    (0)   :  0.070 0.075 0.040 0.608 0.207 
 65    (0)   :  0.017 0.541 0.032 0.199 0.210 
 66    (0)   :  0.016 0.095 0.103 0.100 0.686 
 67    (0)   :  0.011 0.104 0.041 0.134 0.711 
 68    (0)   :  0.204 0.081 0.070 0.187 0.457 
 69    (0)   :  0.344 0.234 0.127 0.161 0.133 
 70    (0)   :  0.103 0.157 0.070 0.099 0.570 
 71    (0)   :  0.160 0.079 0.030 0.161 0.570 
 72    (0)   :  0.154 0.108 0.046 0.365 0.326 
 73    (0)   :  0.019 0.088 0.033 0.106 0.754 
 74    (0)   :  0.253 0.052 0.113 0.178 0.404 
 75    (0)   :  0.123 0.036 0.106 0.128 0.607 
 76    (0)   :  0.022 0.299 0.055 0.135 0.490 
 77    (0)   :  0.247 0.117 0.041 0.148 0.446 
 78    (0)   :  0.410 0.098 0.045 0.109 0.337 
 79    (0)   :  0.022 0.326 0.052 0.458 0.141 
 80    (0)   :  0.018 0.126 0.530 0.169 0.156 
 81    (0)   :  0.021 0.174 0.389 0.259 0.156 
 82    (0)   :  0.019 0.135 0.093 0.149 0.603 
 83    (0)   :  0.060 0.183 0.239 0.220 0.297 
 84    (0)   :  0.039 0.292 0.222 0.205 0.241 
 85    (0)   :  0.061 0.100 0.272 0.270 0.296 
 86    (0)   :  0.019 0.139 0.048 0.268 0.526 
 87    (0)   :  0.039 0.445 0.058 0.244 0.213 
 88    (0)   :  0.020 0.201 0.232 0.170 0.378 
 89    (0)   :  0.017 0.122 0.281 0.153 0.427 
 90    (0)   :  0.021 0.487 0.067 0.213 0.212 
 91    (0)   :  0.047 0.087 0.484 0.141 0.241 
 92    (0)   :  0.022 0.215 0.094 0.352 0.317 
 93    (0)   :  0.012 0.046 0.768 0.074 0.100 
 94    (0)   :  0.138 0.601 0.050 0.121 0.090 
 95    (0)   :  0.018 0.466 0.152 0.113 0.252 
 96    (0)   :  0.012 0.054 0.130 0.061 0.743 
 97    (0)   :  0.148 0.043 0.118 0.176 0.515 
 98    (0)   :  0.023 0.073 0.069 0.185 0.649 
 99    (0)   :  0.027 0.329 0.196 0.202 0.246 
100    (0)   :  0.010 0.046 0.449 0.086 0.409 
101    (0)   :  0.034 0.197 0.075 0.166 0.527 
102    (0)   :  0.046 0.207 0.299 0.091 0.357 
103    (0)   :  0.015 0.229 0.106 0.080 0.570 
104    (0)   :  0.016 0.554 0.076 0.147 0.207 
105    (0)   :  0.013 0.432 0.107 0.078 0.370 
106    (0)   :  0.047 0.559 0.026 0.259 0.109 
107    (0)   :  0.014 0.467 0.110 0.078 0.331 
108    (0)   :  0.162 0.066 0.041 0.092 0.639 
109    (0)   :  0.063 0.401 0.027 0.293 0.216 
110    (0)   :  0.040 0.698 0.030 0.143 0.088 
111    (0)   :  0.011 0.766 0.039 0.074 0.110 
112    (0)   :  0.024 0.757 0.029 0.090 0.100 
113    (0)   :  0.031 0.125 0.064 0.174 0.607 
114    (0)   :  0.014 0.553 0.100 0.129 0.203 
115    (0)   :  0.018 0.548 0.048 0.096 0.290 
116    (0)   :  0.108 0.319 0.028 0.212 0.332 
117    (0)   :  0.029 0.718 0.037 0.116 0.100 
118    (0)   :  0.019 0.207 0.038 0.126 0.611 
119    (0)   :  0.037 0.108 0.156 0.066 0.633 
120    (0)   :  0.019 0.567 0.054 0.123 0.237 
121    (0)   :  0.024 0.592 0.035 0.085 0.265 
122    (0)   :  0.036 0.540 0.037 0.252 0.135 
123    (0)   :  0.030 0.671 0.051 0.093 0.155 
124    (0)   :  0.068 0.524 0.036 0.162 0.210 
125    (0)   :  0.092 0.418 0.052 0.284 0.153 
126    (0)   :  0.064 0.464 0.064 0.155 0.253 
127    (0)   :  0.011 0.748 0.042 0.066 0.134 
128    (0)   :  0.012 0.198 0.040 0.133 0.617 
129    (0)   :  0.012 0.501 0.033 0.092 0.362 
130    (0)   :  0.016 0.524 0.111 0.125 0.223 
131    (0)   :  0.301 0.383 0.031 0.126 0.159 
132    (0)   :  0.028 0.515 0.029 0.251 0.178 
133    (0)   :  0.017 0.643 0.056 0.087 0.198 
134    (0)   :  0.020 0.755 0.022 0.133 0.070 
135    (0)   :  0.019 0.042 0.331 0.092 0.516 
136    (0)   :  0.011 0.031 0.732 0.125 0.102 
137    (0)   :  0.013 0.076 0.756 0.064 0.091 
138    (0)   :  0.016 0.034 0.777 0.079 0.094 
139    (0)   :  0.015 0.043 0.148 0.104 0.690 
140    (0)   :  0.031 0.088 0.473 0.152 0.256 
141    (0)   :  0.020 0.038 0.623 0.191 0.127 
142    (0)   :  0.016 0.042 0.402 0.075 0.465 
143    (0)   :  0.009 0.030 0.824 0.054 0.084 
144    (0)   :  0.011 0.074 0.760 0.058 0.097 
145    (0)   :  0.020 0.039 0.401 0.315 0.224 
146    (0)   :  0.024 0.101 0.471 0.196 0.209 
147    (0)   :  0.010 0.029 0.830 0.063 0.068 
148    (0)   :  0.015 0.069 0.542 0.133 0.242 
149    (0)   :  0.020 0.034 0.683 0.094 0.168 
150    (0)   :  0.014 0.129 0.555 0.096 0.206 
151    (0)   :  0.011 0.045 0.742 0.072 0.130 
152    (0)   :  0.028 0.055 0.436 0.153 0.329 
153    (0)   :  0.022 0.051 0.692 0.093 0.142 
154    (0)   :  0.012 0.035 0.687 0.123 0.143 
155    (0)   :  0.010 0.043 0.785 0.065 0.097 
156    (0)   :  0.011 0.056 0.577 0.054 0.301 
157    (0)   :  0.022 0.144 0.648 0.076 0.110 
158    (0)   :  0.022 0.039 0.494 0.288 0.157 
159    (0)   :  0.010 0.030 0.819 0.063 0.078 
160    (0)   :  0.010 0.029 0.796 0.074 0.091 
161    (0)   :  0.025 0.060 0.596 0.121 0.197 
162    (0)   :  0.021 0.083 0.354 0.256 0.286 
163    (0)   :  0.011 0.040 0.786 0.056 0.107 
164    (0)   :  0.018 0.084 0.459 0.216 0.223 
165    (0)   :  0.013 0.116 0.639 0.076 0.155 
166    (0)   :  0.067 0.137 0.472 0.079 0.244 
167    (0)   :  0.013 0.056 0.617 0.224 0.090 
168    (0)   :  0.044 0.044 0.647 0.099 0.165 
169    (0)   :  0.132 0.035 0.274 0.417 0.143 
170    (0)   :  0.013 0.052 0.483 0.069 0.382 
171    (0)   :  0.032 0.063 0.447 0.149 0.309 
172    (0)   :  0.134 0.034 0.452 0.139 0.241 
173    (0)   :  0.010 0.031 0.742 0.075 0.142 
174    (0)   :  0.012 0.043 0.771 0.079 0.096 
175    (0)   :  0.011 0.030 0.761 0.101 0.097 
176    (0)   :  0.011 0.074 0.758 0.058 0.098 
177    (0)   :  0.049 0.158 0.508 0.127 0.158 
178    (0)   :  0.013 0.048 0.681 0.154 0.104 
179    (0)   :  0.010 0.030 0.817 0.064 0.079 
180    (0)   :  0.022 0.063 0.569 0.197 0.150 
181    (0)   :  0.018 0.038 0.464 0.142 0.337 
182    (0)   :  0.010 0.033 0.625 0.078 0.254 
183    (0)   :  0.010 0.031 0.775 0.073 0.110 
184    (0)   :  0.015 0.072 0.044 0.340 0.529 
185    (0)   :  0.011 0.033 0.641 0.050 0.266 
186    (0)   :  0.012 0.192 0.045 0.261 0.489 
187    (0)   :  0.013 0.060 0.193 0.138 0.596 
188    (0)   :  0.010 0.178 0.034 0.219 0.558 
189    (0)   :  0.071 0.059 0.222 0.308 0.339 
190    (0)   :  0.008 0.030 0.112 0.043 0.806 
191    (0)   :  0.010 0.058 0.063 0.156 0.713 
192    (0)   :  0.012 0.100 0.186 0.146 0.556 
193    (0)   :  0.015 0.057 0.136 0.191 0.600 
194    (0)   :  0.013 0.102 0.159 0.112 0.614 
195    (0)   :  0.009 0.034 0.247 0.065 0.645 
196    (0)   :  0.011 0.043 0.097 0.059 0.790 
197    (0)   :  0.013 0.100 0.103 0.372 0.412 
198    (0)   :  0.028 0.114 0.123 0.235 0.500 
199    (0)   :  0.014 0.043 0.083 0.077 0.783 
200    (0)   :  0.028 0.056 0.091 0.145 0.680 
201    (0)   :  0.010 0.041 0.417 0.077 0.455 
202    (0)   :  0.009 0.047 0.373 0.067 0.503 
203    (0)   :  0.009 0.039 0.333 0.076 0.543 
204    (0)   :  0.009 0.036 0.081 0.060 0.815 
205    (0)   :  0.015 0.047 0.063 0.095 0.781 
206    (0)   :  0.009 0.039 0.103 0.089 0.760 
207    (0)   :  0.009 0.049 0.047 0.075 0.820 
208    (0)   :  0.009 0.039 0.166 0.069 0.716 
209    (0)   :  0.011 0.055 0.084 0.149 0.702 
210    (0)   :  0.010 0.051 0.103 0.072 0.764 
211    (0)   :  0.009 0.064 0.098 0.068 0.761 
212    (0)   :  0.013 0.040 0.443 0.116 0.388 
213    (0)   :  0.019 0.100 0.071 0.093 0.718 
214    (0)   :  0.009 0.038 0.377 0.076 0.500 
215    (0)   :  0.014 0.054 0.045 0.090 0.798 
216    (0)   :  0.016 0.088 0.060 0.310 0.525 
217    (0)   :  0.012 0.034 0.292 0.092 0.569 
218    (0)   :  0.014 0.053 0.078 0.118 0.737 
219    (0)   :  0.022 0.063 0.182 0.382 0.352 
220    (0)   :  0.009 0.046 0.056 0.078 0.811 
221    (0)   :  0.009 0.029 0.519 0.052 0.391 
222    (0)   :  0.016 0.086 0.093 0.408 0.397 
223    (0)   :  0.018 0.063 0.296 0.155 0.467 
224    (0)   :  0.009 0.044 0.252 0.096 0.600 
225    (0)   :  0.011 0.045 0.083 0.078 0.783 
226    (0)   :  0.072 0.050 0.099 0.155 0.624 
227    (0)   :  0.009 0.044 0.147 0.076 0.724 
228    (0)   :  0.009 0.031 0.193 0.057 0.711 
229    (0)   :  0.009 0.053 0.280 0.115 0.543 
230    (0)   :  0.009 0.044 0.152 0.083 0.711 
231    (0)   :  0.011 0.049 0.234 0.176 0.530 
232    (0)   :  0.023 0.072 0.159 0.143 0.603 
233    (0)   :  0.010 0.040 0.501 0.080 0.369 
234    (0)   :  0.015 0.088 0.149 0.210 0.538 
235    (0)   :  0.018 0.046 0.208 0.144 0.584 
236    (0)   :  0.012 0.051 0.263 0.114 0.560 
237    (0)   :  0.010 0.048 0.058 0.095 0.789 
238    (0)   :  0.010 0.057 0.377 0.087 0.468 
239    (0)   :  0.009 0.034 0.246 0.064 0.646 
240    (0)   :  0.011 0.057 0.380 0.087 0.465 
241    (0)   :  0.013 0.040 0.367 0.080 0.500 
242    (0)   :  0.026 0.060 0.132 0.235 0.547 
243    (0)   :  0.008 0.033 0.095 0.050 0.813 
244    (0)   :  0.009 0.039 0.244 0.074 0.634 
245    (0)   :  0.010 0.044 0.629 0.061 0.256 
246    (0)   :  0.012 0.034 0.288 0.090 0.575 
247    (0)   :  0.027 0.267 0.039 0.132 0.535 
248    (0)   :  0.011 0.070 0.040 0.101 0.777 
249    (0)   :  0.009 0.044 0.231 0.084 0.632 
250    (0)   :  0.012 0.059 0.171 0.123 0.636 
251    (0)   :  0.049 0.079 0.076 0.243 0.553 
252    (0)   :  0.012 0.051 0.158 0.106 0.673 
253    (0)   :  0.023 0.089 0.060 0.133 0.694 
254    (0)   :  0.012 0.077 0.104 0.296 0.510 
255    (0)   :  0.012 0.065 0.155 0.224 0.545 
256    (0)   :  0.012 0.042 0.168 0.082 0.696 
257    (0)   :  0.013 0.059 0.102 0.098 0.728 
258    (0)   :  0.016 0.089 0.070 0.108 0.718 
259    (0)   :  0.011 0.060 0.089 0.118 0.722 
260    (0)   :  0.013 0.082 0.275 0.319 0.311 
261    (0)   :  0.013 0.044 0.245 0.089 0.608 
262    (0)   :  0.011 0.029 0.189 0.056 0.715 
263    (0)   :  0.009 0.062 0.056 0.159 0.714 
264    (0)   :  0.020 0.080 0.032 0.580 0.288 
265    (0)   :  0.018 0.050 0.143 0.160 0.630 
266    (0)   :  0.009 0.030 0.510 0.055 0.396 
267    (0)   :  0.011 0.060 0.144 0.177 0.607 
268    (0)   :  0.011 0.043 0.096 0.059 0.791 
269    (0)   :  0.037 0.061 0.193 0.344 0.366 
270    (0)   :  0.013 0.085 0.064 0.294 0.545 
271    (0)   :  0.016 0.064 0.062 0.096 0.763 
272    (0)   :  0.065 0.051 0.066 0.102 0.716 
273    (0)   :  0.042 0.077 0.206 0.201 0.474 
274    (0)   :  0.022 0.056 0.086 0.162 0.673 
275    (0)   :  0.031 0.047 0.116 0.159 0.646 
276    (0)   :  0.041 0.052 0.055 0.111 0.741 
277    (0)   :  0.017 0.063 0.218 0.165 0.537 
278    (0)   :  0.013 0.045 0.056 0.078 0.807 
279    (0)   :  0.016 0.055 0.121 0.120 0.688 
280    (0)   :  0.026 0.048 0.108 0.218 0.600 
281    (0)   :  0.016 0.071 0.086 0.131 0.695 
282    (0)   :  0.014 0.062 0.430 0.149 0.344 
283    (0)   :  0.010 0.056 0.477 0.106 0.351 
284    (0)   :  0.014 0.088 0.179 0.105 0.613 
285    (0)   :  0.016 0.073 0.029 0.106 0.776 
286    (0)   :  0.009 0.038 0.240 0.075 0.638 
287    (0)   :  0.026 0.066 0.151 0.247 0.509 
288    (0)   :  0.040 0.049 0.063 0.124 0.724 
289    (0)   :  0.039 0.099 0.079 0.132 0.651 
290    (0)   :  0.027 0.055 0.070 0.228 0.620 
291    (0)   :  0.016 0.063 0.063 0.094 0.765 
292    (0)   :  0.030 0.042 0.131 0.147 0.650 
293    (0)   :  0.037 0.076 0.053 0.334 0.500 
294    (0)   :  0.011 0.057 0.046 0.166 0.720 
295    (0)   :  0.064 0.069 0.111 0.169 0.586 
296    (0)   :  0.013 0.051 0.056 0.081 0.798 
297    (0)   :  0.024 0.056 0.069 0.293 0.558 
298    (0)   :  0.012 0.074 0.301 0.174 0.439 
299    (0)   :  0.009 0.074 0.068 0.261 0.587 
300    (0)   :  0.012 0.046 0.042 0.098 0.802 
301    (0)   :  0.018 0.062 0.063 0.384 0.474 
302    (0)   :  0.013 0.055 0.049 0.134 0.748 
303    (0)   :  0.013 0.047 0.247 0.131 0.562 
304    (0)   :  0.012 0.097 0.354 0.337 0.200 
305    (0)   :  0.011 0.032 0.137 0.071 0.749 
306    (0)   :  0.018 0.039 0.313 0.124 0.506 
307    (0)   :  0.015 0.064 0.152 0.147 0.622 
308    (0)   :  0.013 0.043 0.250 0.090 0.604 
309    (0)   :  0.019 0.082 0.062 0.080 0.756 
310    (0)   :  0.009 0.035 0.153 0.064 0.740 
311    (0)   :  0.009 0.045 0.154 0.082 0.711 
312    (0)   :  0.009 0.057 0.054 0.063 0.816 
313    (0)   :  0.011 0.046 0.037 0.064 0.843 
314    (0)   :  0.012 0.029 0.822 0.051 0.087 
315    (0)   :  0.023 0.037 0.773 0.060 0.107 
316    (0)   :  0.033 0.039 0.766 0.077 0.086 
317    (0)   :  0.012 0.028 0.842 0.054 0.063 
318    (0)   :  0.012 0.029 0.848 0.057 0.054 
319    (0)   :  0.009 0.029 0.820 0.059 0.083 
320    (0)   :  0.012 0.028 0.823 0.051 0.086 
321    (0)   :  0.012 0.030 0.839 0.059 0.060 
322    (0)   :  0.030 0.041 0.747 0.071 0.112 
323    (0)   :  0.010 0.029 0.840 0.061 0.061 
324    (0)   :  0.012 0.029 0.839 0.060 0.060 
325    (0)   :  0.032 0.037 0.791 0.067 0.073 
326    (0)   :  0.042 0.037 0.788 0.065 0.068 
327    (0)   :  0.011 0.029 0.842 0.053 0.064 
328    (0)   :  0.025 0.038 0.761 0.070 0.106 
329    (0)   :  0.010 0.029 0.845 0.056 0.060 
330    (0)   :  0.011 0.029 0.843 0.054 0.063 
331    (0)   :  0.010 0.028 0.843 0.057 0.062 
332    (0)   :  0.036 0.039 0.780 0.077 0.068 
333    (0)   :  0.031 0.038 0.786 0.064 0.081 
334    (0)   :  0.025 0.038 0.764 0.069 0.104 
335    (0)   :  0.022 0.038 0.784 0.062 0.095 
336    (0)   :  0.013 0.030 0.831 0.060 0.066 
337    (0)   :  0.033 0.039 0.774 0.071 0.083 
338    (0)   :  0.012 0.029 0.847 0.059 0.053 
339    (0)   :  0.010 0.028 0.842 0.057 0.063 
340    (0)   :  0.009 0.028 0.846 0.052 0.065 
341    (0)   :  0.011 0.029 0.838 0.060 0.062 
342    (0)   :  0.011 0.029 0.842 0.054 0.064 
343    (0)   :  0.025 0.039 0.744 0.067 0.124 
344    (0)   :  0.010 0.029 0.849 0.056 0.056 
345    (0)   :  0.011 0.029 0.843 0.054 0.063 
346    (0)   :  0.011 0.028 0.853 0.052 0.056 
347    (0)   :  0.009 0.028 0.852 0.051 0.059 
348    (0)   :  0.021 0.038 0.741 0.057 0.143 
349    (0)   :  0.011 0.030 0.843 0.053 0.063 
350    (0)   :  0.010 0.028 0.811 0.058 0.093 
351    (0)   :  0.022 0.037 0.784 0.062 0.096 
352    (0)   :  0.029 0.038 0.780 0.063 0.090 
353    (0)   :  0.013 0.030 0.831 0.060 0.066 
354    (0)   :  0.010 0.029 0.845 0.057 0.059 
355    (0)   :  0.011 0.028 0.849 0.057 0.055 
356    (0)   :  0.022 0.038 0.702 0.056 0.182 
357    (0)   :  0.072 0.074 0.472 0.256 0.126 
358    (0)   :  0.024 0.039 0.793 0.070 0.074 
359    (0)   :  0.011 0.029 0.840 0.060 0.060 
360    (0)   :  0.011 0.028 0.852 0.052 0.057 
361    (0)   :  0.074 0.077 0.394 0.273 0.182 
362    (0)   :  0.130 0.220 0.057 0.295 0.298 
363    (0)   :  0.073 0.331 0.038 0.382 0.176 
364    (0)   :  0.019 0.076 0.178 0.553 0.173 
365    (0)   :  0.061 0.074 0.040 0.709 0.116 
366    (0)   :  0.060 0.064 0.089 0.358 0.428 
367    (0)   :  0.072 0.622 0.027 0.206 0.073 
368    (0)   :  0.019 0.318 0.051 0.367 0.245 
369    (0)   :  0.028 0.094 0.238 0.273 0.368 
370    (0)   :  0.025 0.368 0.062 0.182 0.363 
371    (0)   :  0.024 0.111 0.088 0.459 0.318 
372    (0)   :  0.036 0.177 0.089 0.270 0.428 
373    (0)   :  0.020 0.258 0.083 0.472 0.167 
374    (0)   :  0.065 0.138 0.283 0.317 0.197 
375    (0)   :  0.025 0.249 0.037 0.587 0.102 
376    (0)   :  0.190 0.137 0.033 0.574 0.066 
377    (0)   :  0.091 0.148 0.058 0.416 0.287 
378    (0)   :  0.024 0.527 0.190 0.099 0.159 
379    (0)   :  0.206 0.154 0.030 0.535 0.075 
380    (0)   :  0.257 0.043 0.121 0.386 0.193 
381    (0)   :  0.076 0.042 0.095 0.608 0.179 
382    (0)   :  0.033 0.384 0.042 0.453 0.088 
383    (0)   :  0.262 0.041 0.118 0.476 0.103 
384    (0)   :  0.053 0.118 0.091 0.640 0.098 
385    (0)   :  0.014 0.130 0.119 0.620 0.116 
386    (0)   :  0.081 0.381 0.037 0.385 0.116 
387    (0)   :  0.059 0.327 0.048 0.445 0.122 
388    (0)   :  0.036 0.159 0.226 0.393 0.186 
389    (0)   :  0.018 0.081 0.040 0.175 0.685 
390    (0)   :  0.241 0.386 0.038 0.158 0.176 
391    (0)   :  0.037 0.218 0.071 0.253 0.421 
392    (0)   :  0.063 0.104 0.077 0.631 0.125 
393    (0)   :  0.360 0.065 0.092 0.361 0.123 
394    (0)   :  0.078 0.222 0.247 0.261 0.192 
395    (0)   :  0.192 0.156 0.043 0.156 0.453 
396    (0)   :  0.018 0.249 0.029 0.594 0.110 
397    (0)   :  0.013 0.060 0.097 0.514 0.316 
398    (0)   :  0.333 0.178 0.032 0.380 0.077 
399    (0)   :  0.070 0.553 0.041 0.131 0.205 
400    (0)   :  0.032 0.286 0.062 0.518 0.102 
401    (0)   :  0.044 0.514 0.065 0.170 0.206 
402    (0)   :  0.019 0.127 0.052 0.401 0.400 
403    (0)   :  0.030 0.141 0.330 0.248 0.251 
404    (0)   :  0.028 0.137 0.085 0.484 0.265 
405    (0)   :  0.077 0.106 0.067 0.421 0.329 
406    (0)   :  0.424 0.049 0.112 0.082 0.332 
407    (0)   :  0.256 0.085 0.030 0.544 0.087 
408    (0)   :  0.019 0.478 0.026 0.099 0.376 
409    (0)   :  0.204 0.091 0.279 0.144 0.282 
410    (0)   :  0.063 0.191 0.077 0.553 0.116 
411    (0)   :  0.034 0.108 0.153 0.513 0.192 
412    (0)   :  0.020 0.319 0.047 0.448 0.166 
413    (0)   :  0.033 0.333 0.156 0.229 0.250 
414    (0)   :  0.017 0.419 0.031 0.379 0.154 
415    (0)   :  0.172 0.123 0.046 0.482 0.177 
416    (0)   :  0.043 0.181 0.071 0.500 0.204 
417    (0)   :  0.290 0.165 0.042 0.395 0.107 
418    (0)   :  0.019 0.431 0.034 0.428 0.087 
419    (0)   :  0.056 0.220 0.165 0.267 0.292 
420    (0)   :  0.062 0.454 0.040 0.157 0.287 
421    (0)   :  0.112 0.271 0.049 0.412 0.156 
422    (0)   :  0.174 0.064 0.041 0.272 0.449 
423    (0)   :  0.118 0.166 0.052 0.438 0.226 
424    (0)   :  0.071 0.591 0.062 0.103 0.173 
425    (0)   :  0.026 0.108 0.080 0.623 0.163 
426    (0)   :  0.051 0.402 0.081 0.344 0.122 
427    (0)   :  0.393 0.163 0.114 0.237 0.093 
428    (0)   :  0.279 0.059 0.123 0.217 0.322 
429    (0)   :  0.131 0.349 0.028 0.423 0.069 
430    (0)   :  0.342 0.114 0.039 0.392 0.112 
431    (0)   :  0.058 0.384 0.068 0.222 0.269 
432    (0)   :  0.023 0.303 0.057 0.374 0.243 
433    (0)   :  0.015 0.149 0.252 0.187 0.398 
434    (0)   :  0.026 0.095 0.095 0.535 0.248 
435    (0)   :  0.621 0.098 0.029 0.170 0.081 
436    (0)   :  0.629 0.140 0.052 0.111 0.068 
437    (0)   :  0.060 0.086 0.035 0.729 0.089 
438    (0)   :  0.591 0.115 0.056 0.071 0.166 
439    (0)   :  0.567 0.097 0.049 0.221 0.066 
440    (0)   :  0.552 0.153 0.025 0.194 0.076 
441    (0)   :  0.213 0.162 0.099 0.402 0.123 
442    (0)   :  0.113 0.262 0.036 0.447 0.143 
443    (0)   :  0.125 0.553 0.030 0.113 0.178 
444    (0)   :  0.200 0.207 0.035 0.404 0.153 
445    (0)   :  0.245 0.101 0.134 0.343 0.177 
446    (0)   :  0.412 0.249 0.035 0.243 0.060 
447    (0)   :  0.370 0.116 0.071 0.230 0.213 
448    (0)   :  0.134 0.150 0.038 0.536 0.142 
449    (0)   :  0.121 0.115 0.061 0.521 0.182 
450    (0)   :  0.032 0.122 0.068 0.712 0.066 
451    (0)   :  0.041 0.527 0.026 0.246 0.161 
452    (0)   :  0.070 0.119 0.053 0.683 0.074 
453    (0)   :  0.042 0.217 0.062 0.113 0.566 
454    (0)   :  0.174 0.158 0.074 0.473 0.121 
455    (0)   :  0.719 0.089 0.030 0.082 0.080 
456    (0)   :  0.348 0.152 0.032 0.275 0.194 
457    (0)   :  0.235 0.072 0.040 0.564 0.088 
458    (0)   :  0.286 0.111 0.045 0.488 0.069 
459    (0)   :  0.258 0.416 0.096 0.133 0.097 
460    (0)   :  0.252 0.480 0.034 0.161 0.072 
461    (0)   :  0.034 0.709 0.036 0.168 0.054 
462    (0)   :  0.158 0.372 0.025 0.306 0.138 
463    (0)   :  0.440 0.100 0.059 0.087 0.314 
464    (0)   :  0.281 0.395 0.032 0.168 0.124 
465    (0)   :  0.096 0.582 0.041 0.151 0.130 
466    (0)   :  0.236 0.312 0.033 0.136 0.284 
467    (0)   :  0.182 0.321 0.065 0.271 0.161 
468    (0)   :  0.669 0.051 0.029 0.156 0.095 
469    (0)   :  0.756 0.058 0.034 0.100 0.052 
470    (0)   :  0.694 0.103 0.030 0.110 0.063 
471    (0)   :  0.045 0.162 0.035 0.380 0.378 
472    (0)   :  0.097 0.223 0.045 0.430 0.205 
473    (0)   :  0.127 0.122 0.063 0.467 0.222 
474    (0)   :  0.102 0.134 0.058 0.577 0.128 
475    (0)   :  0.089 0.484 0.075 0.185 0.167 
476    (0)   :  0.180 0.213 0.046 0.468 0.093 
477    (0)   :  0.080 0.539 0.063 0.177 0.142 
478    (0)   :  0.035 0.764 0.031 0.102 0.067 
479    (0)   :  0.352 0.234 0.030 0.308 0.075 
480    (0)   :  0.311 0.088 0.037 0.495 0.069 
481    (0)   :  0.030 0.095 0.033 0.619 0.223 
482    (0)   :  0.252 0.254 0.031 0.403 0.061 
483    (0)   :  0.619 0.108 0.047 0.153 0.074 
484    (0)   :  0.540 0.107 0.039 0.119 0.195 
485    (0)   :  0.773 0.071 0.030 0.069 0.058 
486    (0)   :  0.019 0.142 0.051 0.360 0.428 
487    (0)   :  0.017 0.083 0.108 0.525 0.266 
488    (0)   :  0.017 0.234 0.083 0.287 0.379 
489    (0)   :  0.013 0.051 0.125 0.408 0.403 
490    (0)   :  0.026 0.409 0.035 0.290 0.239 
491    (0)   :  0.013 0.062 0.090 0.229 0.606 
492    (0)   :  0.015 0.250 0.229 0.122 0.384 
493    (0)   :  0.012 0.100 0.059 0.433 0.395 
494    (0)   :  0.019 0.076 0.081 0.423 0.401 
495    (0)   :  0.017 0.393 0.170 0.187 0.233 
496    (0)   :  0.021 0.104 0.277 0.130 0.468 
497    (0)   :  0.013 0.079 0.121 0.415 0.372 
498    (0)   :  0.024 0.212 0.063 0.282 0.419 
499    (0)   :  0.014 0.056 0.214 0.408 0.307 
500    (0)   :  0.021 0.059 0.057 0.608 0.255 
501    (0)   :  0.018 0.116 0.177 0.430 0.258 
502    (0)   :  0.017 0.200 0.223 0.317 0.243 
503    (0)   :  0.027 0.076 0.039 0.713 0.145 
504    (0)   :  0.018 0.472 0.047 0.150 0.313 
505    (0)   :  0.015 0.067 0.072 0.160 0.685 
506    (0)   :  0.016 0.196 0.161 0.302 0.325 
507    (0)   :  0.012 0.036 0.541 0.088 0.323 
508    (0)   :  0.010 0.046 0.455 0.114 0.375 
509    (0)   :  0.015 0.064 0.125 0.150 0.646 
510    (0)   :  0.012 0.072 0.219 0.514 0.182 
511    (0)   :  0.064 0.162 0.051 0.465 0.259 
512    (0)   :  0.022 0.140 0.031 0.711 0.097 
513    (0)   :  0.009 0.256 0.052 0.069 0.614 
514    (0)   :  0.021 0.405 0.070 0.190 0.313 
515    (0)   :  0.118 0.081 0.130 0.364 0.307 
516    (0)   :  0.020 0.269 0.057 0.115 0.538 
517    (0)   :  0.099 0.158 0.129 0.164 0.450 
518    (0)   :  0.013 0.054 0.210 0.509 0.214 
519    (0)   :  0.031 0.498 0.075 0.146 0.251 
520    (0)   :  0.243 0.047 0.230 0.103 0.378 
521    (0)   :  0.021 0.207 0.328 0.102 0.342 
522    (0)   :  0.051 0.088 0.044 0.452 0.365 
523    (0)   :  0.046 0.116 0.126 0.087 0.625 
524    (0)   :  0.352 0.084 0.092 0.189 0.282 
525    (0)   :  0.047 0.054 0.178 0.453 0.269 
526    (0)   :  0.499 0.042 0.065 0.069 0.325 
527    (0)   :  0.013 0.113 0.046 0.700 0.129 
528    (0)   :  0.012 0.067 0.446 0.089 0.385 
529    (0)   :  0.016 0.098 0.116 0.312 0.459 
530    (0)   :  0.044 0.074 0.077 0.526 0.280 
531    (0)   :  0.054 0.080 0.360 0.239 0.266 
532    (0)   :  0.014 0.092 0.252 0.426 0.216 
533    (0)   :  0.036 0.064 0.063 0.533 0.305 
534    (0)   :  0.013 0.095 0.089 0.150 0.653 
535    (0)   :  0.094 0.197 0.059 0.120 0.529 
536    (0)   :  0.117 0.098 0.153 0.213 0.419 
537    (0)   :  0.019 0.063 0.191 0.101 0.627 
538    (0)   :  0.025 0.063 0.119 0.112 0.681 
539    (0)   :  0.010 0.041 0.557 0.087 0.305 
540    (0)   :  0.045 0.066 0.176 0.173 0.540 
541    (0)   :  0.032 0.122 0.499 0.146 0.202 
542    (0)   :  0.146 0.064 0.053 0.202 0.535 
543    (0)   :  0.048 0.231 0.153 0.073 0.494 
544    (0)   :  0.036 0.066 0.066 0.113 0.719 
545    (0)   :  0.297 0.092 0.036 0.092 0.482 
546    (0)   :  0.026 0.077 0.105 0.149 0.643 
547    (0)   :  0.057 0.104 0.122 0.068 0.649 
548    (0)   :  0.011 0.058 0.169 0.123 0.638 
549    (0)   :  0.168 0.058 0.423 0.125 0.226 
550    (0)   :  0.294 0.122 0.068 0.121 0.395 
551    (0)   :  0.035 0.084 0.558 0.116 0.208 
552    (0)   :  0.016 0.043 0.115 0.135 0.691 
553    (0)   :  0.033 0.135 0.152 0.054 0.626 
554    (0)   :  0.038 0.195 0.142 0.329 0.297 
555    (0)   :  0.015 0.049 0.183 0.081 0.671 
556    (0)   :  0.017 0.058 0.080 0.112 0.733 
557    (0)   :  0.388 0.165 0.105 0.099 0.243 
558    (0)   :  0.283 0.240 0.033 0.389 0.055 
559    (0)   :  0.016 0.341 0.048 0.220 0.375 
560    (0)   :  0.165 0.536 0.024 0.184 0.091 
561    (0)   :  0.062 0.295 0.033 0.389 0.220 
562    (0)   :  0.044 0.440 0.024 0.275 0.218 
563    (0)   :  0.046 0.555 0.145 0.106 0.148 
564    (0)   :  0.024 0.139 0.050 0.184 0.603 
565    (0)   :  0.313 0.069 0.038 0.501 0.078 
566    (0)   :  0.067 0.601 0.025 0.224 0.083 
567    (0)   :  0.016 0.146 0.032 0.234 0.572 
568    (0)   :  0.072 0.382 0.050 0.178 0.317 
569    (0)   :  0.081 0.268 0.050 0.300 0.301 
570    (0)   :  0.114 0.250 0.027 0.539 0.070 
571    (0)   :  0.042 0.622 0.041 0.159 0.137 
572    (0)   :  0.059 0.068 0.125 0.157 0.591 
573    (0)   :  0.164 0.152 0.051 0.171 0.462 
574    (0)   :  0.043 0.097 0.111 0.583 0.166 
575    (0)   :  0.036 0.436 0.094 0.175 0.259 
576    (0)   :  0.041 0.568 0.025 0.282 0.083 
577    (0)   :  0.026 0.124 0.104 0.602 0.143 
578    (0)   :  0.090 0.515 0.041 0.198 0.157 
579    (0)   :  0.046 0.228 0.036 0.474 0.216 
580    (0)   :  0.071 0.125 0.061 0.625 0.119 
581    (0)   :  0.126 0.332 0.049 0.388 0.105 
582    (0)   :  0.219 0.342 0.029 0.301 0.110 
583    (0)   :  0.038 0.514 0.040 0.305 0.103 
584    (0)   :  0.037 0.524 0.030 0.321 0.089 
585    (0)   :  0.065 0.406 0.036 0.343 0.149 
586    (0)   :  0.017 0.642 0.051 0.116 0.173 
587    (0)   :  0.031 0.203 0.028 0.498 0.239 
588    (0)   :  0.010 0.048 0.033 0.069 0.840 
589    (0)   :  0.294 0.173 0.031 0.316 0.185 
590    (0)   :  0.013 0.484 0.037 0.266 0.200 
591    (0)   :  0.025 0.539 0.044 0.229 0.162 
592    (0)   :  0.065 0.319 0.031 0.152 0.433 
593    (0)   :  0.104 0.299 0.061 0.256 0.279 
594    (0)   :  0.026 0.381 0.096 0.280 0.218 
595    (0)   :  0.013 0.102 0.026 0.754 0.106 
596    (0)   :  0.141 0.115 0.050 0.137 0.557 
597    (0)   :  0.024 0.564 0.180 0.066 0.166 
598    (0)   :  0.216 0.181 0.029 0.512 0.062 
599    (0)   :  0.043 0.533 0.026 0.208 0.189 
600    (0)   :  0.093 0.117 0.076 0.520 0.193 
601    (0)   :  0.076 0.434 0.027 0.320 0.143 
602    (0)   :  0.020 0.111 0.099 0.346 0.423 
603    (0)   :  0.017 0.155 0.103 0.249 0.475 
604    (0)   :  0.185 0.076 0.080 0.463 0.195 
605    (0)   :  0.057 0.221 0.048 0.335 0.339 
606    (0)   :  0.030 0.119 0.110 0.269 0.472 
607    (0)   :  0.035 0.079 0.214 0.472 0.201 
608    (0)   :  0.050 0.131 0.422 0.268 0.129 
609    (0)   :  0.057 0.124 0.062 0.609 0.148 
610    (0)   :  0.475 0.065 0.045 0.185 0.229 
611    (0)   :  0.024 0.169 0.113 0.230 0.464 
612    (0)   :  0.299 0.068 0.044 0.486 0.103 
613    (0)   :  0.041 0.104 0.057 0.523 0.275 
614    (0)   :  0.042 0.049 0.032 0.777 0.101 
615    (0)   :  0.163 0.049 0.066 0.568 0.155 
616    (0)   :  0.019 0.106 0.155 0.509 0.211 
617    (0)   :  0.046 0.122 0.039 0.583 0.211 
618    (0)   :  0.220 0.045 0.128 0.427 0.180 
619    (0)   :  0.105 0.209 0.100 0.153 0.434 
620    (0)   :  0.039 0.342 0.024 0.132 0.463 
621    (0)   :  0.030 0.300 0.040 0.536 0.094 
622    (0)   :  0.101 0.070 0.096 0.456 0.277 
623    (0)   :  0.035 0.242 0.041 0.345 0.337 
624    (0)   :  0.225 0.067 0.142 0.472 0.094 
625    (0)   :  0.050 0.149 0.118 0.550 0.133 
626    (0)   :  0.159 0.042 0.323 0.218 0.258 
627    (0)   :  0.031 0.205 0.055 0.410 0.298 
628    (0)   :  0.023 0.214 0.059 0.390 0.315 
629    (0)   :  0.017 0.123 0.060 0.557 0.244 
630    (0)   :  0.069 0.103 0.051 0.651 0.126 
631    (0)   :  0.024 0.084 0.051 0.700 0.142 
632    (0)   :  0.022 0.058 0.158 0.195 0.567 
633    (0)   :  0.067 0.102 0.095 0.610 0.126 
634    (0)   :  0.033 0.145 0.148 0.362 0.313 
635    (0)   :  0.030 0.063 0.398 0.255 0.253 
636    (0)   :  0.047 0.113 0.217 0.488 0.135 
637    (0)   :  0.035 0.088 0.070 0.209 0.599 
638    (0)   :  0.021 0.132 0.089 0.516 0.243 
639    (0)   :  0.039 0.059 0.074 0.664 0.164 
640    (0)   :  0.023 0.401 0.057 0.405 0.113 
641    (0)   :  0.019 0.087 0.062 0.636 0.197 
642    (0)   :  0.031 0.084 0.371 0.141 0.374 
643    (0)   :  0.014 0.069 0.723 0.085 0.108 
644    (0)   :  0.016 0.113 0.527 0.137 0.207 
645    (0)   :  0.166 0.031 0.417 0.221 0.164 
646    (0)   :  0.027 0.116 0.094 0.189 0.574 
647    (0)   :  0.018 0.181 0.303 0.144 0.354 
648    (0)   :  0.018 0.054 0.227 0.340 0.361 
649    (0)   :  0.015 0.074 0.104 0.090 0.716 
650    (0)   :  0.017 0.136 0.124 0.134 0.590 
651    (0)   :  0.012 0.102 0.369 0.254 0.264 
652    (0)   :  0.017 0.075 0.540 0.140 0.228 
653    (0)   :  0.025 0.054 0.286 0.268 0.367 
654    (0)   :  0.017 0.051 0.277 0.125 0.530 
655    (0)   :  0.029 0.206 0.496 0.108 0.161 
656    (0)   :  0.025 0.063 0.157 0.184 0.571 
657    (0)   :  0.030 0.071 0.148 0.599 0.153 
658    (0)   :  0.053 0.276 0.195 0.153 0.324 
659    (0)   :  0.023 0.062 0.402 0.209 0.304 
660    (0)   :  0.013 0.062 0.414 0.099 0.412 
661    (0)   :  0.033 0.052 0.503 0.117 0.294 
662    (0)   :  0.015 0.074 0.072 0.070 0.769 
663    (0)   :  0.016 0.077 0.388 0.149 0.370 
664    (0)   :  0.094 0.363 0.217 0.149 0.176 
665    (0)   :  0.012 0.064 0.092 0.101 0.731 
666    (0)   :  0.023 0.067 0.302 0.122 0.486 
667    (0)   :  0.023 0.180 0.093 0.232 0.473 
668    (0)   :  0.032 0.091 0.396 0.188 0.293 
669    (0)   :  0.016 0.067 0.174 0.199 0.544 
670    (0)   :  0.011 0.037 0.723 0.064 0.165 
671    (0)   :  0.014 0.059 0.498 0.084 0.345 
672    (0)   :  0.048 0.119 0.635 0.065 0.134 
673    (0)   :  0.010 0.030 0.833 0.064 0.063 
674    (0)   :  0.017 0.043 0.580 0.138 0.223 
675    (0)   :  0.011 0.074 0.759 0.058 0.098 
676    (0)   :  0.010 0.030 0.836 0.057 0.067 
677    (0)   :  0.011 0.032 0.533 0.055 0.369 
678    (0)   :  0.010 0.034 0.836 0.063 0.056 
679    (0)   :  0.016 0.042 0.690 0.149 0.103 
680    (0)   :  0.019 0.035 0.723 0.107 0.117 
681    (0)   :  0.056 0.057 0.220 0.212 0.455 
682    (0)   :  0.019 0.037 0.760 0.091 0.093 
683    (0)   :  0.011 0.036 0.753 0.057 0.142 
684    (0)   :  0.010 0.035 0.827 0.063 0.065 
685    (0)   :  0.009 0.030 0.838 0.053 0.071 
686    (0)   :  0.021 0.040 0.480 0.095 0.364 
687    (0)   :  0.013 0.053 0.483 0.077 0.374 
688    (0)   :  0.012 0.047 0.751 0.074 0.116 
689    (0)   :  0.010 0.028 0.838 0.056 0.068 
690    (0)   :  0.010 0.030 0.835 0.058 0.067 
691    (0)   :  0.016 0.041 0.670 0.132 0.141 
692    (0)   :  0.012 0.046 0.765 0.093 0.084 
693    (0)   :  0.015 0.063 0.765 0.077 0.080 
694    (0)   :  0.009 0.028 0.844 0.048 0.071 
695    (0)   :  0.022 0.037 0.769 0.059 0.112 
696    (0)   :  0.012 0.047 0.750 0.074 0.118 
697    (0)   :  0.011 0.029 0.809 0.061 0.090 
698    (0)   :  0.010 0.030 0.823 0.058 0.079 
699    (0)   :  0.021 0.035 0.632 0.056 0.256 
700    (0)   :  0.025 0.078 0.705 0.075 0.116 
701    (0)   :  0.029 0.042 0.661 0.133 0.134 
702    (0)   :  0.027 0.059 0.600 0.112 0.202 
703    (0)   :  0.020 0.036 0.736 0.095 0.113 
704    (0)   :  0.012 0.045 0.732 0.064 0.147 
705    (0)   :  0.058 0.055 0.328 0.116 0.443 
706    (0)   :  0.018 0.033 0.733 0.087 0.128 
707    (0)   :  0.010 0.029 0.787 0.066 0.108 
708    (0)   :  0.010 0.031 0.800 0.062 0.098 
709    (0)   :  0.013 0.036 0.787 0.053 0.110 
710    (0)   :  0.009 0.028 0.841 0.052 0.070 
711    (0)   :  0.018 0.034 0.640 0.088 0.220 
712    (0)   :  0.010 0.029 0.662 0.052 0.247 
713    (0)   :  0.011 0.045 0.749 0.066 0.129 
714    (0)   :  0.016 0.045 0.607 0.163 0.169 
715    (0)   :  0.010 0.028 0.783 0.050 0.129 
716    (0)   :  0.017 0.034 0.774 0.077 0.099 
717    (0)   :  0.010 0.029 0.830 0.049 0.082 
718    (0)   :  0.017 0.036 0.599 0.106 0.242 
719    (0)   :  0.010 0.031 0.804 0.049 0.105 
720    (0)   :  0.024 0.249 0.042 0.514 0.172 
721    (0)   :  0.030 0.056 0.475 0.280 0.158 
722    (0)   :  0.042 0.114 0.068 0.589 0.188 
723    (0)   :  0.018 0.069 0.057 0.762 0.095 
724    (0)   :  0.019 0.082 0.162 0.629 0.107 
725    (0)   :  0.015 0.138 0.209 0.352 0.287 
726    (0)   :  0.031 0.082 0.105 0.542 0.239 
727    (0)   :  0.025 0.083 0.170 0.248 0.475 
728    (0)   :  0.281 0.063 0.026 0.560 0.070 
729    (0)   :  0.060 0.072 0.028 0.767 0.073 
730    (0)   :  0.017 0.115 0.040 0.717 0.111 
731    (0)   :  0.031 0.077 0.059 0.741 0.093 
732    (0)   :  0.018 0.069 0.056 0.759 0.098 
733    (0)   :  0.024 0.063 0.036 0.808 0.068 
734    (0)   :  0.045 0.195 0.027 0.659 0.074 
735    (0)   :  0.023 0.048 0.043 0.827 0.059 
736    (0)   :  0.112 0.304 0.050 0.436 0.098 
737    (0)   :  0.064 0.123 0.051 0.560 0.202 
738    (0)   :  0.017 0.083 0.042 0.765 0.094 
739    (0)   :  0.028 0.068 0.035 0.804 0.065 
740    (0)   :  0.013 0.043 0.584 0.245 0.114 
741    (0)   :  0.029 0.072 0.459 0.226 0.214 
742    (0)   :  0.023 0.569 0.149 0.185 0.073 
743    (0)   :  0.014 0.134 0.085 0.584 0.184 
744    (0)   :  0.024 0.209 0.075 0.115 0.577 
745    (0)   :  0.026 0.521 0.036 0.225 0.193 
746    (0)   :  0.021 0.167 0.197 0.368 0.247 
747    (0)   :  0.012 0.249 0.081 0.335 0.323 
748    (0)   :  0.016 0.209 0.443 0.152 0.179 
749    (0)   :  0.026 0.152 0.113 0.228 0.481 
750    (0)   :  0.015 0.183 0.078 0.335 0.390 
751    (0)   :  0.017 0.178 0.441 0.171 0.193 
752    (0)   :  0.017 0.200 0.085 0.322 0.375 
753    (0)   :  0.021 0.107 0.140 0.478 0.253 
754    (0)   :  0.012 0.104 0.402 0.336 0.147 
755    (0)   :  0.015 0.138 0.174 0.476 0.197 
756    (0)   :  0.020 0.460 0.225 0.093 0.202 
757    (0)   :  0.013 0.379 0.155 0.234 0.219 
758    (0)   :  0.019 0.508 0.039 0.193 0.241 
759    (0)   :  0.014 0.068 0.363 0.352 0.203 
760    (0)   :  0.020 0.112 0.087 0.672 0.110 
761    (0)   :  0.013 0.049 0.193 0.582 0.163 
762    (0)   :  0.019 0.181 0.052 0.666 0.082 
763    (0)   :  0.022 0.106 0.140 0.477 0.254 
764    (0)   :  0.015 0.306 0.102 0.361 0.215 
765    (0)   :  0.013 0.080 0.049 0.700 0.158 
766    (0)   :  0.013 0.256 0.311 0.262 0.158 
767    (0)   :  0.027 0.370 0.256 0.149 0.199 
768    (0)   :  0.019 0.162 0.053 0.683 0.083 
769    (0)   :  0.022 0.112 0.215 0.530 0.121 
770    (0)   :  0.022 0.375 0.050 0.449 0.104 
771    (0)   :  0.014 0.075 0.095 0.131 0.686 
772    (0)   :  0.024 0.300 0.277 0.203 0.196 
773    (0)   :  0.012 0.232 0.100 0.461 0.194 
774    (0)   :  0.011 0.070 0.347 0.324 0.248 
775    (0)   :  0.052 0.228 0.099 0.525 0.096 
776    (0)   :  0.019 0.629 0.056 0.143 0.152 
777    (0)   :  0.018 0.168 0.094 0.265 0.455 
778    (0)   :  0.010 0.125 0.141 0.212 0.511 
779    (0)   :  0.017 0.263 0.161 0.368 0.191 
780    (0)   :  0.018 0.167 0.423 0.201 0.191 
781    (0)   :  0.010 0.050 0.110 0.143 0.686 
782    (0)   :  0.017 0.259 0.159 0.369 0.196 
783    (0)   :  0.015 0.280 0.256 0.314 0.135 
784    (0)   :  0.021 0.474 0.094 0.280 0.131 
785    (0)   :  0.014 0.235 0.184 0.392 0.175 
786    (0)   :  0.013 0.199 0.434 0.223 0.131 
787    (0)   :  0.012 0.132 0.345 0.104 0.407 
788    (0)   :  0.027 0.292 0.100 0.406 0.176 
789    (0)   :  0.021 0.507 0.109 0.257 0.105 
790    (0)   :  0.019 0.132 0.249 0.457 0.143 
791    (0)   :  0.020 0.432 0.164 0.197 0.185 
792    (0)   :  0.013 0.095 0.358 0.151 0.383 
793    (0)   :  0.043 0.062 0.277 0.200 0.418 
794    (0)   :  0.019 0.289 0.162 0.290 0.240 
795    (0)   :  0.033 0.062 0.453 0.233 0.220 
796    (0)   :  0.024 0.560 0.179 0.085 0.153 
797    (0)   :  0.026 0.055 0.450 0.115 0.355 
798    (0)   :  0.499 0.142 0.029 0.133 0.196 
799    (0)   :  0.020 0.529 0.074 0.179 0.198 
800    (0)   :  0.013 0.104 0.395 0.070 0.418 
801    (0)   :  0.272 0.187 0.063 0.285 0.193 
802    (0)   :  0.097 0.170 0.229 0.232 0.272 
803    (0)   :  0.028 0.071 0.265 0.221 0.414 
804    (0)   :  0.040 0.146 0.102 0.155 0.556 
805    (0)   :  0.015 0.065 0.740 0.072 0.107 
806    (0)   :  0.227 0.107 0.117 0.270 0.279 
807    (0)   :  0.022 0.037 0.518 0.092 0.331 
808    (0)   :  0.025 0.060 0.275 0.084 0.556 
809    (0)   :  0.227 0.077 0.059 0.113 0.523 
810    (0)   :  0.058 0.143 0.182 0.359 0.259 
