

----------------------------------------------------
STRUCTURE by Pritchard, Stephens and Donnelly (2000)
     and Falush, Stephens and Pritchard (2003)
       Code by Pritchard, Falush and Hubisz
             Version 2.3.4 (Jul 2012)
----------------------------------------------------



Command line arguments:   ./structure -K 5 -D 105003 -m brooktrout/mainparams -e brooktrout/extraparams -o brooktrout/250914_output/results_K5_rep3 
Input File:    brooktrout/brooktrout.txt

Run parameters:
   8454 individuals
   5 loci
   5 populations assumed
   50000 Burn-in period
   100000 Reps
RANDOMIZE turned off


--------------------------------------------
Overall proportion of membership of the
sample in each of the 5 clusters

Inferred Clusters
  1      2      3      4      5    
0.128  0.074  0.207  0.297  0.294  

--------------------------------------------

Allele-freq. divergence among pops (Net nucleotide distance),
computed using point estimates of P.

      1       2       3       4       5      
 1      -    0.1238  0.1271  0.0479  0.0653  
 2   0.1238     -    0.1098  0.0921  0.0750  
 3   0.1271  0.1098     -    0.1190  0.0663  
 4   0.0479  0.0921  0.1190     -    0.0419  
 5   0.0653  0.0750  0.0663  0.0419     -    

Average distances (expected heterozygosity) between individuals in same cluster:
cluster  1  : 0.7663 
cluster  2  : 0.7939 
cluster  3  : 0.7372 
cluster  4  : 0.8132 
cluster  5  : 0.8232 

--------------------------------------------
Estimated Ln Prob of Data   = -188471.6
Mean value of ln likelihood = -172108.7
Variance of ln likelihood   = 32725.7

Mean value of alpha_1       = 0.1629
Mean value of alpha_2       = 0.0962
Mean value of alpha_3       = 0.2764
Mean value of alpha_4       = 0.4051
Mean value of alpha_5       = 0.4054
Allele frequencies uncorrelated


Inferred ancestry of individuals:
     (%Miss) :  Inferred clusters
  1    (0)   :  0.120 0.061 0.340 0.280 0.199 
  2    (0)   :  0.033 0.015 0.046 0.104 0.802 
  3    (0)   :  0.335 0.069 0.202 0.247 0.146 
  4    (0)   :  0.054 0.039 0.627 0.142 0.138 
  5    (0)   :  0.044 0.016 0.046 0.118 0.775 
  6    (0)   :  0.583 0.015 0.053 0.149 0.199 
  7    (0)   :  0.110 0.012 0.057 0.615 0.205 
  8    (0)   :  0.217 0.030 0.372 0.232 0.148 
  9    (0)   :  0.138 0.035 0.122 0.374 0.331 
 10    (0)   :  0.174 0.014 0.192 0.338 0.283 
 11    (0)   :  0.089 0.013 0.057 0.704 0.137 
 12    (0)   :  0.049 0.019 0.067 0.118 0.747 
 13    (0)   :  0.089 0.019 0.087 0.230 0.574 
 14    (0)   :  0.108 0.094 0.133 0.157 0.508 
 15    (0)   :  0.117 0.034 0.224 0.200 0.426 
 16    (0)   :  0.270 0.031 0.099 0.346 0.254 
 17    (0)   :  0.164 0.027 0.073 0.153 0.582 
 18    (0)   :  0.288 0.027 0.100 0.163 0.421 
 19    (0)   :  0.287 0.015 0.070 0.199 0.429 
 20    (0)   :  0.138 0.037 0.090 0.287 0.448 
 21    (0)   :  0.068 0.054 0.235 0.169 0.474 
 22    (0)   :  0.471 0.024 0.110 0.163 0.233 
 23    (0)   :  0.067 0.177 0.285 0.190 0.280 
 24    (0)   :  0.187 0.033 0.239 0.200 0.341 
 25    (0)   :  0.193 0.021 0.043 0.318 0.425 
 26    (0)   :  0.154 0.024 0.122 0.132 0.567 
 27    (0)   :  0.119 0.048 0.120 0.234 0.479 
 28    (0)   :  0.104 0.021 0.357 0.293 0.225 
 29    (0)   :  0.050 0.032 0.079 0.341 0.498 
 30    (0)   :  0.456 0.038 0.087 0.165 0.254 
 31    (0)   :  0.099 0.037 0.152 0.220 0.493 
 32    (0)   :  0.185 0.040 0.233 0.229 0.313 
 33    (0)   :  0.143 0.089 0.188 0.461 0.119 
 34    (0)   :  0.158 0.018 0.096 0.607 0.120 
 35    (0)   :  0.132 0.082 0.069 0.216 0.500 
 36    (0)   :  0.121 0.526 0.071 0.135 0.147 
 37    (0)   :  0.055 0.039 0.221 0.203 0.482 
 38    (0)   :  0.346 0.170 0.045 0.305 0.134 
 39    (0)   :  0.137 0.096 0.070 0.470 0.227 
 40    (0)   :  0.082 0.431 0.156 0.094 0.238 
 41    (0)   :  0.091 0.495 0.045 0.278 0.091 
 42    (0)   :  0.078 0.337 0.349 0.145 0.090 
 43    (0)   :  0.042 0.371 0.122 0.204 0.261 
 44    (0)   :  0.109 0.506 0.046 0.213 0.127 
 45    (0)   :  0.096 0.274 0.048 0.226 0.356 
 46    (0)   :  0.194 0.062 0.063 0.340 0.342 
 47    (0)   :  0.155 0.031 0.097 0.243 0.474 
 48    (0)   :  0.136 0.507 0.049 0.116 0.192 
 49    (0)   :  0.124 0.106 0.095 0.363 0.312 
 50    (0)   :  0.155 0.041 0.111 0.517 0.177 
 51    (0)   :  0.031 0.792 0.037 0.070 0.069 
 52    (0)   :  0.114 0.091 0.109 0.507 0.178 
 53    (0)   :  0.438 0.068 0.099 0.289 0.106 
 54    (0)   :  0.031 0.048 0.090 0.122 0.709 
 55    (0)   :  0.035 0.229 0.071 0.124 0.541 
 56    (0)   :  0.223 0.187 0.097 0.139 0.353 
 57    (0)   :  0.109 0.015 0.172 0.176 0.528 
 58    (0)   :  0.052 0.175 0.093 0.208 0.471 
 59    (0)   :  0.161 0.255 0.076 0.246 0.262 
 60    (0)   :  0.051 0.485 0.143 0.118 0.202 
 61    (0)   :  0.020 0.211 0.144 0.121 0.504 
 62    (0)   :  0.125 0.025 0.069 0.229 0.551 
 63    (0)   :  0.046 0.151 0.151 0.457 0.195 
 64    (0)   :  0.404 0.024 0.051 0.220 0.301 
 65    (0)   :  0.041 0.024 0.040 0.651 0.244 
 66    (0)   :  0.033 0.045 0.180 0.181 0.560 
 67    (0)   :  0.029 0.183 0.062 0.198 0.528 
 68    (0)   :  0.152 0.259 0.097 0.231 0.261 
 69    (0)   :  0.252 0.133 0.158 0.344 0.113 
 70    (0)   :  0.048 0.528 0.094 0.232 0.098 
 71    (0)   :  0.083 0.467 0.036 0.193 0.221 
 72    (0)   :  0.227 0.117 0.064 0.398 0.195 
 73    (0)   :  0.031 0.153 0.048 0.202 0.566 
 74    (0)   :  0.183 0.364 0.158 0.139 0.156 
 75    (0)   :  0.085 0.444 0.181 0.082 0.208 
 76    (0)   :  0.037 0.185 0.079 0.474 0.225 
 77    (0)   :  0.067 0.500 0.042 0.260 0.131 
 78    (0)   :  0.130 0.506 0.044 0.209 0.111 
 79    (0)   :  0.072 0.012 0.061 0.536 0.318 
 80    (0)   :  0.040 0.014 0.548 0.210 0.188 
 81    (0)   :  0.053 0.012 0.378 0.286 0.271 
 82    (0)   :  0.037 0.047 0.127 0.235 0.554 
 83    (0)   :  0.108 0.030 0.312 0.340 0.209 
 84    (0)   :  0.056 0.018 0.251 0.445 0.230 
 85    (0)   :  0.158 0.025 0.322 0.204 0.291 
 86    (0)   :  0.045 0.046 0.058 0.186 0.665 
 87    (0)   :  0.057 0.025 0.072 0.650 0.196 
 88    (0)   :  0.039 0.022 0.294 0.295 0.350 
 89    (0)   :  0.034 0.016 0.327 0.184 0.439 
 90    (0)   :  0.035 0.015 0.077 0.608 0.264 
 91    (0)   :  0.086 0.027 0.562 0.168 0.156 
 92    (0)   :  0.056 0.016 0.105 0.309 0.514 
 93    (0)   :  0.027 0.015 0.781 0.080 0.097 
 94    (0)   :  0.071 0.024 0.059 0.771 0.075 
 95    (0)   :  0.027 0.020 0.189 0.560 0.204 
 96    (0)   :  0.023 0.303 0.272 0.118 0.284 
 97    (0)   :  0.164 0.202 0.196 0.110 0.328 
 98    (0)   :  0.060 0.237 0.133 0.214 0.356 
 99    (0)   :  0.042 0.015 0.212 0.462 0.270 
100    (0)   :  0.023 0.020 0.563 0.078 0.315 
101    (0)   :  0.058 0.050 0.118 0.371 0.403 
102    (0)   :  0.044 0.071 0.410 0.333 0.142 
103    (0)   :  0.026 0.031 0.154 0.359 0.429 
104    (0)   :  0.030 0.032 0.093 0.665 0.180 
105    (0)   :  0.023 0.037 0.151 0.501 0.289 
106    (0)   :  0.059 0.021 0.031 0.780 0.109 
107    (0)   :  0.026 0.033 0.146 0.529 0.266 
108    (0)   :  0.138 0.353 0.051 0.113 0.345 
109    (0)   :  0.064 0.036 0.033 0.572 0.296 
110    (0)   :  0.053 0.017 0.036 0.813 0.081 
111    (0)   :  0.023 0.019 0.049 0.774 0.135 
112    (0)   :  0.028 0.027 0.036 0.821 0.088 
113    (0)   :  0.073 0.054 0.088 0.221 0.564 
114    (0)   :  0.026 0.024 0.120 0.642 0.189 
115    (0)   :  0.033 0.092 0.063 0.662 0.150 
116    (0)   :  0.075 0.105 0.036 0.536 0.248 
117    (0)   :  0.041 0.024 0.047 0.804 0.084 
118    (0)   :  0.032 0.025 0.045 0.205 0.692 
119    (0)   :  0.033 0.390 0.265 0.182 0.130 
120    (0)   :  0.031 0.042 0.070 0.641 0.215 
121    (0)   :  0.032 0.144 0.046 0.650 0.128 
122    (0)   :  0.044 0.018 0.043 0.755 0.139 
123    (0)   :  0.036 0.027 0.066 0.742 0.128 
124    (0)   :  0.069 0.067 0.046 0.686 0.131 
125    (0)   :  0.131 0.052 0.061 0.659 0.097 
126    (0)   :  0.039 0.069 0.078 0.677 0.137 
127    (0)   :  0.022 0.023 0.054 0.756 0.145 
128    (0)   :  0.026 0.026 0.048 0.206 0.695 
129    (0)   :  0.026 0.028 0.041 0.536 0.369 
130    (0)   :  0.027 0.017 0.123 0.586 0.246 
131    (0)   :  0.141 0.124 0.038 0.600 0.097 
132    (0)   :  0.041 0.023 0.035 0.701 0.200 
133    (0)   :  0.029 0.046 0.072 0.633 0.220 
134    (0)   :  0.032 0.013 0.027 0.852 0.077 
135    (0)   :  0.031 0.088 0.417 0.085 0.380 
136    (0)   :  0.042 0.014 0.688 0.058 0.199 
137    (0)   :  0.026 0.013 0.755 0.109 0.097 
138    (0)   :  0.037 0.022 0.789 0.062 0.090 
139    (0)   :  0.040 0.070 0.245 0.088 0.556 
140    (0)   :  0.046 0.049 0.507 0.189 0.209 
141    (0)   :  0.074 0.022 0.639 0.075 0.191 
142    (0)   :  0.027 0.132 0.491 0.083 0.267 
143    (0)   :  0.022 0.014 0.835 0.051 0.077 
144    (0)   :  0.024 0.015 0.763 0.103 0.096 
145    (0)   :  0.081 0.029 0.406 0.082 0.402 
146    (0)   :  0.053 0.032 0.524 0.193 0.198 
147    (0)   :  0.027 0.012 0.831 0.053 0.078 
148    (0)   :  0.040 0.040 0.547 0.122 0.251 
149    (0)   :  0.036 0.035 0.727 0.068 0.133 
150    (0)   :  0.029 0.019 0.566 0.175 0.211 
151    (0)   :  0.025 0.017 0.756 0.077 0.124 
152    (0)   :  0.075 0.083 0.473 0.102 0.267 
153    (0)   :  0.037 0.035 0.734 0.096 0.097 
154    (0)   :  0.038 0.023 0.663 0.059 0.217 
155    (0)   :  0.023 0.017 0.794 0.071 0.095 
156    (0)   :  0.019 0.080 0.668 0.101 0.132 
157    (0)   :  0.030 0.019 0.667 0.207 0.077 
158    (0)   :  0.082 0.024 0.507 0.079 0.309 
159    (0)   :  0.024 0.012 0.822 0.053 0.089 
160    (0)   :  0.026 0.012 0.782 0.052 0.128 
161    (0)   :  0.044 0.028 0.675 0.124 0.129 
162    (0)   :  0.056 0.035 0.391 0.167 0.351 
163    (0)   :  0.021 0.022 0.810 0.068 0.080 
164    (0)   :  0.040 0.020 0.410 0.131 0.399 
165    (0)   :  0.025 0.017 0.648 0.156 0.153 
166    (0)   :  0.051 0.059 0.561 0.216 0.112 
167    (0)   :  0.068 0.017 0.609 0.089 0.218 
168    (0)   :  0.066 0.040 0.704 0.087 0.102 
169    (0)   :  0.339 0.041 0.300 0.080 0.239 
170    (0)   :  0.024 0.052 0.688 0.087 0.149 
171    (0)   :  0.081 0.040 0.512 0.114 0.254 
172    (0)   :  0.117 0.162 0.506 0.080 0.135 
173    (0)   :  0.025 0.015 0.743 0.054 0.163 
174    (0)   :  0.027 0.013 0.774 0.077 0.109 
175    (0)   :  0.043 0.020 0.767 0.055 0.115 
176    (0)   :  0.023 0.014 0.764 0.102 0.096 
177    (0)   :  0.050 0.028 0.541 0.267 0.114 
178    (0)   :  0.050 0.014 0.667 0.088 0.180 
179    (0)   :  0.026 0.012 0.823 0.054 0.085 
180    (0)   :  0.059 0.032 0.604 0.120 0.184 
181    (0)   :  0.042 0.034 0.517 0.075 0.331 
182    (0)   :  0.023 0.023 0.610 0.056 0.288 
183    (0)   :  0.027 0.015 0.780 0.056 0.122 
184    (0)   :  0.048 0.018 0.047 0.091 0.796 
185    (0)   :  0.021 0.080 0.736 0.057 0.107 
186    (0)   :  0.037 0.021 0.053 0.220 0.669 
187    (0)   :  0.037 0.023 0.203 0.087 0.650 
188    (0)   :  0.030 0.020 0.040 0.168 0.742 
189    (0)   :  0.207 0.037 0.258 0.117 0.381 
190    (0)   :  0.017 0.323 0.259 0.058 0.343 
191    (0)   :  0.025 0.015 0.069 0.078 0.813 
192    (0)   :  0.037 0.020 0.263 0.173 0.506 
193    (0)   :  0.041 0.029 0.163 0.101 0.666 
194    (0)   :  0.032 0.046 0.270 0.189 0.462 
195    (0)   :  0.022 0.046 0.376 0.063 0.494 
196    (0)   :  0.026 0.159 0.182 0.087 0.546 
197    (0)   :  0.080 0.032 0.110 0.146 0.632 
198    (0)   :  0.061 0.035 0.154 0.223 0.526 
199    (0)   :  0.031 0.123 0.149 0.083 0.614 
200    (0)   :  0.048 0.102 0.135 0.096 0.619 
201    (0)   :  0.030 0.037 0.516 0.074 0.343 
202    (0)   :  0.022 0.070 0.575 0.086 0.247 
203    (0)   :  0.023 0.026 0.434 0.065 0.453 
204    (0)   :  0.019 0.037 0.138 0.063 0.743 
205    (0)   :  0.030 0.038 0.090 0.078 0.764 
206    (0)   :  0.024 0.027 0.109 0.062 0.779 
207    (0)   :  0.021 0.039 0.073 0.083 0.784 
208    (0)   :  0.023 0.053 0.259 0.074 0.591 
209    (0)   :  0.028 0.024 0.110 0.088 0.750 
210    (0)   :  0.022 0.029 0.157 0.089 0.702 
211    (0)   :  0.021 0.168 0.187 0.114 0.510 
212    (0)   :  0.041 0.039 0.553 0.080 0.287 
213    (0)   :  0.030 0.159 0.140 0.278 0.394 
214    (0)   :  0.028 0.039 0.553 0.072 0.308 
215    (0)   :  0.028 0.030 0.058 0.080 0.804 
216    (0)   :  0.060 0.022 0.067 0.119 0.731 
217    (0)   :  0.041 0.049 0.379 0.063 0.468 
218    (0)   :  0.029 0.019 0.095 0.077 0.781 
219    (0)   :  0.106 0.021 0.166 0.092 0.615 
220    (0)   :  0.021 0.020 0.071 0.070 0.818 
221    (0)   :  0.020 0.078 0.727 0.052 0.123 
222    (0)   :  0.096 0.021 0.103 0.129 0.651 
223    (0)   :  0.061 0.028 0.321 0.102 0.489 
224    (0)   :  0.025 0.024 0.302 0.070 0.579 
225    (0)   :  0.025 0.041 0.142 0.079 0.714 
226    (0)   :  0.147 0.035 0.119 0.080 0.618 
227    (0)   :  0.024 0.092 0.224 0.087 0.574 
228    (0)   :  0.021 0.102 0.316 0.062 0.500 
229    (0)   :  0.027 0.017 0.326 0.081 0.549 
230    (0)   :  0.022 0.019 0.242 0.073 0.644 
231    (0)   :  0.035 0.016 0.207 0.073 0.669 
232    (0)   :  0.039 0.054 0.271 0.159 0.477 
233    (0)   :  0.028 0.028 0.606 0.072 0.266 
234    (0)   :  0.047 0.019 0.162 0.141 0.631 
235    (0)   :  0.055 0.044 0.239 0.084 0.579 
236    (0)   :  0.039 0.025 0.367 0.091 0.478 
237    (0)   :  0.023 0.034 0.082 0.076 0.784 
238    (0)   :  0.031 0.042 0.550 0.117 0.261 
239    (0)   :  0.022 0.044 0.373 0.063 0.498 
240    (0)   :  0.031 0.041 0.553 0.116 0.259 
241    (0)   :  0.027 0.037 0.529 0.070 0.336 
242    (0)   :  0.059 0.026 0.141 0.095 0.679 
243    (0)   :  0.019 0.156 0.191 0.065 0.569 
244    (0)   :  0.023 0.023 0.355 0.067 0.532 
245    (0)   :  0.022 0.038 0.747 0.077 0.116 
246    (0)   :  0.040 0.049 0.378 0.064 0.470 
247    (0)   :  0.042 0.057 0.056 0.487 0.359 
248    (0)   :  0.026 0.029 0.049 0.100 0.796 
249    (0)   :  0.024 0.030 0.381 0.084 0.481 
250    (0)   :  0.032 0.020 0.248 0.095 0.605 
251    (0)   :  0.092 0.035 0.087 0.126 0.660 
252    (0)   :  0.031 0.037 0.221 0.090 0.621 
253    (0)   :  0.049 0.060 0.089 0.164 0.638 
254    (0)   :  0.055 0.024 0.106 0.103 0.712 
255    (0)   :  0.037 0.021 0.161 0.100 0.682 
256    (0)   :  0.030 0.049 0.287 0.079 0.555 
257    (0)   :  0.029 0.032 0.135 0.093 0.711 
258    (0)   :  0.032 0.079 0.113 0.171 0.604 
259    (0)   :  0.028 0.025 0.136 0.090 0.720 
260    (0)   :  0.082 0.022 0.287 0.135 0.474 
261    (0)   :  0.036 0.055 0.378 0.085 0.447 
262    (0)   :  0.026 0.124 0.399 0.054 0.396 
263    (0)   :  0.027 0.024 0.065 0.078 0.806 
264    (0)   :  0.244 0.028 0.041 0.194 0.493 
265    (0)   :  0.049 0.026 0.144 0.079 0.701 
266    (0)   :  0.020 0.055 0.717 0.054 0.154 
267    (0)   :  0.035 0.030 0.166 0.096 0.673 
268    (0)   :  0.026 0.162 0.181 0.087 0.544 
269    (0)   :  0.144 0.022 0.184 0.106 0.545 
270    (0)   :  0.042 0.020 0.067 0.112 0.759 
271    (0)   :  0.032 0.045 0.083 0.102 0.739 
272    (0)   :  0.097 0.070 0.089 0.083 0.660 
273    (0)   :  0.082 0.046 0.213 0.121 0.537 
274    (0)   :  0.050 0.023 0.096 0.087 0.743 
275    (0)   :  0.075 0.027 0.122 0.072 0.704 
276    (0)   :  0.080 0.091 0.078 0.092 0.658 
277    (0)   :  0.057 0.024 0.237 0.100 0.582 
278    (0)   :  0.028 0.049 0.078 0.075 0.770 
279    (0)   :  0.039 0.025 0.154 0.091 0.691 
280    (0)   :  0.097 0.043 0.124 0.092 0.644 
281    (0)   :  0.033 0.025 0.105 0.111 0.726 
282    (0)   :  0.054 0.021 0.476 0.104 0.344 
283    (0)   :  0.029 0.025 0.548 0.096 0.303 
284    (0)   :  0.036 0.040 0.281 0.173 0.470 
285    (0)   :  0.035 0.064 0.038 0.132 0.732 
286    (0)   :  0.023 0.023 0.353 0.068 0.534 
287    (0)   :  0.067 0.022 0.145 0.107 0.660 
288    (0)   :  0.079 0.030 0.077 0.074 0.740 
289    (0)   :  0.067 0.057 0.104 0.143 0.629 
290    (0)   :  0.106 0.153 0.130 0.180 0.432 
291    (0)   :  0.032 0.042 0.083 0.100 0.742 
292    (0)   :  0.079 0.106 0.191 0.088 0.536 
293    (0)   :  0.152 0.151 0.081 0.271 0.346 
294    (0)   :  0.030 0.031 0.057 0.076 0.805 
295    (0)   :  0.091 0.068 0.143 0.117 0.581 
296    (0)   :  0.025 0.028 0.074 0.076 0.797 
297    (0)   :  0.087 0.028 0.077 0.101 0.707 
298    (0)   :  0.043 0.017 0.337 0.115 0.489 
299    (0)   :  0.034 0.017 0.065 0.086 0.798 
300    (0)   :  0.030 0.033 0.056 0.086 0.795 
301    (0)   :  0.069 0.019 0.063 0.092 0.758 
302    (0)   :  0.030 0.054 0.065 0.076 0.775 
303    (0)   :  0.042 0.036 0.337 0.096 0.490 
304    (0)   :  0.089 0.022 0.386 0.192 0.313 
305    (0)   :  0.026 0.037 0.206 0.057 0.673 
306    (0)   :  0.059 0.041 0.376 0.072 0.451 
307    (0)   :  0.042 0.029 0.207 0.100 0.623 
308    (0)   :  0.036 0.056 0.379 0.086 0.443 
309    (0)   :  0.033 0.054 0.081 0.111 0.721 
310    (0)   :  0.023 0.062 0.286 0.067 0.561 
311    (0)   :  0.022 0.019 0.239 0.073 0.647 
312    (0)   :  0.020 0.031 0.080 0.096 0.773 
313    (0)   :  0.022 0.089 0.054 0.080 0.755 
314    (0)   :  0.024 0.022 0.838 0.050 0.067 
315    (0)   :  0.037 0.032 0.800 0.067 0.064 
316    (0)   :  0.058 0.022 0.777 0.069 0.074 
317    (0)   :  0.026 0.013 0.843 0.051 0.067 
318    (0)   :  0.029 0.011 0.847 0.051 0.063 
319    (0)   :  0.024 0.014 0.819 0.051 0.092 
320    (0)   :  0.024 0.022 0.835 0.051 0.069 
321    (0)   :  0.029 0.012 0.840 0.052 0.066 
322    (0)   :  0.048 0.036 0.768 0.069 0.078 
323    (0)   :  0.030 0.011 0.840 0.050 0.070 
324    (0)   :  0.030 0.012 0.840 0.053 0.066 
325    (0)   :  0.052 0.019 0.804 0.066 0.059 
326    (0)   :  0.057 0.021 0.799 0.066 0.057 
327    (0)   :  0.026 0.013 0.845 0.051 0.064 
328    (0)   :  0.043 0.024 0.790 0.069 0.075 
329    (0)   :  0.024 0.011 0.848 0.051 0.066 
330    (0)   :  0.026 0.013 0.846 0.050 0.066 
331    (0)   :  0.025 0.011 0.843 0.050 0.071 
332    (0)   :  0.072 0.019 0.783 0.066 0.060 
333    (0)   :  0.045 0.022 0.802 0.065 0.066 
334    (0)   :  0.043 0.024 0.790 0.069 0.074 
335    (0)   :  0.037 0.026 0.807 0.067 0.063 
336    (0)   :  0.032 0.016 0.837 0.052 0.064 
337    (0)   :  0.053 0.022 0.790 0.069 0.065 
338    (0)   :  0.032 0.010 0.843 0.052 0.063 
339    (0)   :  0.025 0.010 0.843 0.051 0.070 
340    (0)   :  0.023 0.011 0.848 0.049 0.070 
341    (0)   :  0.027 0.012 0.833 0.050 0.078 
342    (0)   :  0.026 0.013 0.844 0.051 0.066 
343    (0)   :  0.043 0.044 0.779 0.068 0.066 
344    (0)   :  0.025 0.010 0.852 0.050 0.062 
345    (0)   :  0.026 0.013 0.845 0.051 0.065 
346    (0)   :  0.026 0.011 0.854 0.049 0.061 
347    (0)   :  0.022 0.011 0.856 0.049 0.062 
348    (0)   :  0.033 0.051 0.784 0.065 0.067 
349    (0)   :  0.026 0.013 0.845 0.051 0.065 
350    (0)   :  0.024 0.017 0.824 0.050 0.085 
351    (0)   :  0.036 0.025 0.808 0.067 0.064 
352    (0)   :  0.045 0.027 0.799 0.066 0.063 
353    (0)   :  0.033 0.016 0.837 0.051 0.064 
354    (0)   :  0.026 0.011 0.839 0.052 0.072 
355    (0)   :  0.030 0.011 0.847 0.050 0.062 
356    (0)   :  0.032 0.061 0.772 0.067 0.069 
357    (0)   :  0.201 0.020 0.495 0.155 0.129 
358    (0)   :  0.046 0.018 0.807 0.068 0.062 
359    (0)   :  0.027 0.010 0.840 0.051 0.072 
360    (0)   :  0.026 0.012 0.853 0.049 0.061 
361    (0)   :  0.196 0.029 0.445 0.171 0.159 
362    (0)   :  0.130 0.034 0.068 0.431 0.336 
363    (0)   :  0.186 0.045 0.049 0.560 0.160 
364    (0)   :  0.257 0.025 0.214 0.130 0.373 
365    (0)   :  0.407 0.026 0.055 0.211 0.301 
366    (0)   :  0.278 0.188 0.132 0.148 0.254 
367    (0)   :  0.060 0.014 0.033 0.818 0.075 
368    (0)   :  0.048 0.013 0.058 0.359 0.522 
369    (0)   :  0.110 0.163 0.302 0.202 0.223 
370    (0)   :  0.056 0.028 0.075 0.381 0.459 
371    (0)   :  0.130 0.036 0.100 0.205 0.530 
372    (0)   :  0.054 0.034 0.087 0.158 0.668 
373    (0)   :  0.087 0.019 0.120 0.496 0.279 
374    (0)   :  0.139 0.023 0.305 0.290 0.243 
375    (0)   :  0.154 0.017 0.045 0.503 0.282 
376    (0)   :  0.601 0.016 0.039 0.265 0.080 
377    (0)   :  0.209 0.032 0.067 0.267 0.425 
378    (0)   :  0.032 0.019 0.209 0.585 0.156 
379    (0)   :  0.615 0.025 0.034 0.248 0.078 
380    (0)   :  0.556 0.059 0.125 0.094 0.166 
381    (0)   :  0.563 0.076 0.132 0.098 0.130 
382    (0)   :  0.147 0.014 0.050 0.649 0.140 
383    (0)   :  0.709 0.017 0.089 0.068 0.117 
384    (0)   :  0.452 0.022 0.098 0.188 0.240 
385    (0)   :  0.088 0.012 0.151 0.259 0.491 
386    (0)   :  0.115 0.019 0.045 0.694 0.126 
387    (0)   :  0.162 0.024 0.058 0.582 0.173 
388    (0)   :  0.108 0.017 0.208 0.256 0.411 
389    (0)   :  0.042 0.071 0.050 0.112 0.726 
390    (0)   :  0.128 0.155 0.049 0.552 0.117 
391    (0)   :  0.092 0.092 0.100 0.370 0.346 
392    (0)   :  0.315 0.022 0.112 0.338 0.212 
393    (0)   :  0.593 0.086 0.091 0.143 0.088 
394    (0)   :  0.105 0.021 0.272 0.413 0.189 
395    (0)   :  0.116 0.239 0.058 0.375 0.212 
396    (0)   :  0.105 0.015 0.036 0.587 0.258 
397    (0)   :  0.091 0.021 0.098 0.097 0.693 
398    (0)   :  0.327 0.026 0.038 0.511 0.098 
399    (0)   :  0.080 0.053 0.049 0.678 0.139 
400    (0)   :  0.130 0.021 0.075 0.657 0.117 
401    (0)   :  0.035 0.055 0.078 0.713 0.119 
402    (0)   :  0.104 0.074 0.073 0.257 0.493 
403    (0)   :  0.078 0.022 0.315 0.198 0.387 
404    (0)   :  0.148 0.023 0.105 0.427 0.297 
405    (0)   :  0.248 0.047 0.095 0.282 0.329 
406    (0)   :  0.144 0.599 0.092 0.079 0.087 
407    (0)   :  0.548 0.019 0.037 0.283 0.113 
408    (0)   :  0.026 0.088 0.034 0.661 0.191 
409    (0)   :  0.113 0.338 0.277 0.177 0.095 
410    (0)   :  0.232 0.033 0.103 0.434 0.199 
411    (0)   :  0.322 0.070 0.172 0.310 0.127 
412    (0)   :  0.065 0.013 0.054 0.492 0.376 
413    (0)   :  0.046 0.018 0.167 0.492 0.277 
414    (0)   :  0.066 0.015 0.036 0.548 0.335 
415    (0)   :  0.376 0.066 0.059 0.374 0.125 
416    (0)   :  0.100 0.041 0.114 0.505 0.239 
417    (0)   :  0.432 0.020 0.049 0.376 0.122 
418    (0)   :  0.067 0.012 0.042 0.721 0.159 
419    (0)   :  0.099 0.067 0.203 0.392 0.239 
420    (0)   :  0.036 0.150 0.049 0.666 0.100 
421    (0)   :  0.154 0.022 0.063 0.547 0.214 
422    (0)   :  0.208 0.104 0.054 0.179 0.455 
423    (0)   :  0.314 0.038 0.071 0.352 0.225 
424    (0)   :  0.058 0.091 0.078 0.675 0.099 
425    (0)   :  0.156 0.024 0.088 0.227 0.505 
426    (0)   :  0.152 0.022 0.100 0.554 0.172 
427    (0)   :  0.271 0.035 0.136 0.484 0.074 
428    (0)   :  0.311 0.098 0.140 0.146 0.304 
429    (0)   :  0.178 0.014 0.033 0.699 0.076 
430    (0)   :  0.424 0.031 0.047 0.377 0.122 
431    (0)   :  0.078 0.023 0.078 0.456 0.365 
432    (0)   :  0.057 0.016 0.066 0.414 0.446 
433    (0)   :  0.041 0.032 0.299 0.207 0.420 
434    (0)   :  0.107 0.030 0.118 0.236 0.510 
435    (0)   :  0.428 0.034 0.037 0.414 0.087 
436    (0)   :  0.477 0.045 0.068 0.353 0.057 
437    (0)   :  0.641 0.016 0.040 0.183 0.121 
438    (0)   :  0.168 0.275 0.084 0.393 0.080 
439    (0)   :  0.584 0.021 0.055 0.282 0.059 
440    (0)   :  0.614 0.027 0.030 0.263 0.066 
441    (0)   :  0.284 0.026 0.119 0.446 0.125 
442    (0)   :  0.140 0.031 0.043 0.659 0.127 
443    (0)   :  0.065 0.101 0.037 0.714 0.083 
444    (0)   :  0.250 0.051 0.043 0.542 0.113 
445    (0)   :  0.276 0.173 0.164 0.256 0.132 
446    (0)   :  0.297 0.023 0.043 0.566 0.071 
447    (0)   :  0.375 0.098 0.094 0.269 0.165 
448    (0)   :  0.379 0.026 0.047 0.389 0.158 
449    (0)   :  0.428 0.029 0.075 0.283 0.185 
450    (0)   :  0.448 0.012 0.092 0.308 0.140 
451    (0)   :  0.066 0.029 0.031 0.718 0.157 
452    (0)   :  0.493 0.014 0.072 0.307 0.114 
453    (0)   :  0.046 0.372 0.082 0.345 0.155 
454    (0)   :  0.366 0.023 0.094 0.387 0.129 
455    (0)   :  0.330 0.113 0.044 0.446 0.068 
456    (0)   :  0.264 0.112 0.040 0.477 0.107 
457    (0)   :  0.669 0.017 0.044 0.169 0.101 
458    (0)   :  0.472 0.022 0.055 0.360 0.091 
459    (0)   :  0.123 0.033 0.114 0.668 0.063 
460    (0)   :  0.127 0.025 0.042 0.744 0.062 
461    (0)   :  0.064 0.012 0.042 0.821 0.062 
462    (0)   :  0.123 0.039 0.030 0.706 0.102 
463    (0)   :  0.143 0.497 0.065 0.188 0.108 
464    (0)   :  0.093 0.056 0.040 0.736 0.075 
465    (0)   :  0.061 0.031 0.050 0.749 0.108 
466    (0)   :  0.084 0.160 0.044 0.598 0.114 
467    (0)   :  0.124 0.050 0.077 0.631 0.117 
468    (0)   :  0.647 0.070 0.041 0.147 0.095 
469    (0)   :  0.727 0.023 0.045 0.150 0.056 
470    (0)   :  0.401 0.029 0.039 0.466 0.066 
471    (0)   :  0.135 0.146 0.049 0.391 0.279 
472    (0)   :  0.127 0.057 0.056 0.578 0.183 
473    (0)   :  0.322 0.036 0.080 0.310 0.253 
474    (0)   :  0.353 0.033 0.085 0.384 0.144 
475    (0)   :  0.075 0.027 0.088 0.690 0.119 
476    (0)   :  0.417 0.033 0.058 0.419 0.073 
477    (0)   :  0.071 0.042 0.073 0.709 0.105 
478    (0)   :  0.041 0.017 0.038 0.832 0.072 
479    (0)   :  0.362 0.020 0.037 0.507 0.074 
480    (0)   :  0.698 0.014 0.041 0.183 0.064 
481    (0)   :  0.145 0.026 0.042 0.253 0.534 
482    (0)   :  0.308 0.014 0.038 0.578 0.062 
483    (0)   :  0.514 0.027 0.053 0.341 0.065 
484    (0)   :  0.310 0.183 0.058 0.329 0.120 
485    (0)   :  0.610 0.045 0.041 0.247 0.057 
486    (0)   :  0.061 0.063 0.057 0.234 0.585 
487    (0)   :  0.081 0.028 0.119 0.122 0.651 
488    (0)   :  0.043 0.021 0.078 0.203 0.656 
489    (0)   :  0.081 0.098 0.181 0.089 0.550 
490    (0)   :  0.067 0.050 0.042 0.576 0.266 
491    (0)   :  0.032 0.025 0.098 0.092 0.753 
492    (0)   :  0.039 0.053 0.290 0.311 0.306 
493    (0)   :  0.045 0.022 0.056 0.095 0.783 
494    (0)   :  0.057 0.026 0.088 0.115 0.713 
495    (0)   :  0.041 0.048 0.177 0.404 0.329 
496    (0)   :  0.048 0.051 0.403 0.189 0.310 
497    (0)   :  0.038 0.015 0.079 0.086 0.783 
498    (0)   :  0.058 0.117 0.105 0.346 0.374 
499    (0)   :  0.053 0.026 0.168 0.084 0.669 
500    (0)   :  0.114 0.020 0.057 0.100 0.708 
501    (0)   :  0.101 0.021 0.205 0.230 0.443 
502    (0)   :  0.059 0.016 0.244 0.282 0.399 
503    (0)   :  0.244 0.023 0.053 0.203 0.477 
504    (0)   :  0.035 0.039 0.059 0.554 0.313 
505    (0)   :  0.041 0.049 0.100 0.109 0.702 
506    (0)   :  0.048 0.022 0.190 0.300 0.441 
507    (0)   :  0.029 0.045 0.613 0.064 0.250 
508    (0)   :  0.025 0.080 0.535 0.072 0.287 
509    (0)   :  0.036 0.032 0.143 0.098 0.691 
510    (0)   :  0.099 0.024 0.251 0.148 0.478 
511    (0)   :  0.227 0.049 0.069 0.316 0.339 
512    (0)   :  0.231 0.016 0.045 0.438 0.270 
513    (0)   :  0.019 0.074 0.085 0.262 0.560 
514    (0)   :  0.037 0.030 0.086 0.533 0.314 
515    (0)   :  0.280 0.074 0.167 0.219 0.260 
516    (0)   :  0.034 0.051 0.075 0.355 0.485 
517    (0)   :  0.085 0.210 0.181 0.323 0.202 
518    (0)   :  0.081 0.017 0.152 0.093 0.658 
519    (0)   :  0.042 0.029 0.094 0.645 0.190 
520    (0)   :  0.177 0.283 0.290 0.090 0.159 
521    (0)   :  0.035 0.045 0.395 0.322 0.203 
522    (0)   :  0.347 0.189 0.061 0.207 0.196 
523    (0)   :  0.038 0.460 0.173 0.169 0.161 
524    (0)   :  0.337 0.124 0.102 0.188 0.250 
525    (0)   :  0.223 0.054 0.231 0.116 0.375 
526    (0)   :  0.173 0.535 0.089 0.091 0.113 
527    (0)   :  0.117 0.016 0.057 0.198 0.613 
528    (0)   :  0.033 0.038 0.541 0.123 0.265 
529    (0)   :  0.035 0.020 0.111 0.125 0.709 
530    (0)   :  0.309 0.106 0.106 0.181 0.298 
531    (0)   :  0.140 0.057 0.431 0.184 0.188 
532    (0)   :  0.068 0.041 0.248 0.144 0.498 
533    (0)   :  0.198 0.079 0.080 0.150 0.493 
534    (0)   :  0.024 0.079 0.102 0.122 0.672 
535    (0)   :  0.066 0.328 0.092 0.363 0.151 
536    (0)   :  0.155 0.167 0.206 0.237 0.235 
537    (0)   :  0.050 0.281 0.342 0.123 0.204 
538    (0)   :  0.066 0.174 0.251 0.190 0.319 
539    (0)   :  0.035 0.043 0.678 0.076 0.167 
540    (0)   :  0.114 0.139 0.254 0.155 0.339 
541    (0)   :  0.063 0.038 0.547 0.184 0.166 
542    (0)   :  0.102 0.469 0.069 0.140 0.220 
543    (0)   :  0.039 0.251 0.229 0.311 0.171 
544    (0)   :  0.062 0.457 0.119 0.156 0.205 
545    (0)   :  0.070 0.667 0.042 0.133 0.088 
546    (0)   :  0.049 0.170 0.177 0.176 0.428 
547    (0)   :  0.033 0.654 0.121 0.114 0.078 
548    (0)   :  0.032 0.020 0.245 0.094 0.609 
549    (0)   :  0.127 0.226 0.448 0.112 0.087 
550    (0)   :  0.102 0.529 0.060 0.226 0.083 
551    (0)   :  0.055 0.047 0.639 0.145 0.114 
552    (0)   :  0.055 0.109 0.190 0.100 0.546 
553    (0)   :  0.024 0.587 0.180 0.112 0.097 
554    (0)   :  0.148 0.070 0.186 0.338 0.259 
555    (0)   :  0.043 0.157 0.420 0.124 0.257 
556    (0)   :  0.047 0.158 0.172 0.159 0.464 
557    (0)   :  0.114 0.404 0.104 0.301 0.078 
558    (0)   :  0.330 0.012 0.039 0.560 0.058 
559    (0)   :  0.037 0.033 0.060 0.433 0.437 
560    (0)   :  0.094 0.026 0.028 0.773 0.079 
561    (0)   :  0.094 0.030 0.040 0.600 0.236 
562    (0)   :  0.080 0.048 0.029 0.655 0.188 
563    (0)   :  0.040 0.039 0.169 0.661 0.092 
564    (0)   :  0.068 0.073 0.066 0.229 0.565 
565    (0)   :  0.649 0.015 0.044 0.198 0.094 
566    (0)   :  0.091 0.019 0.030 0.783 0.076 
567    (0)   :  0.063 0.035 0.042 0.209 0.651 
568    (0)   :  0.058 0.047 0.064 0.623 0.209 
569    (0)   :  0.200 0.122 0.067 0.449 0.160 
570    (0)   :  0.440 0.014 0.032 0.424 0.091 
571    (0)   :  0.046 0.020 0.049 0.758 0.127 
572    (0)   :  0.096 0.414 0.176 0.152 0.163 
573    (0)   :  0.201 0.069 0.059 0.181 0.491 
574    (0)   :  0.348 0.032 0.160 0.251 0.209 
575    (0)   :  0.046 0.029 0.122 0.641 0.162 
576    (0)   :  0.071 0.014 0.031 0.776 0.108 
577    (0)   :  0.192 0.023 0.132 0.387 0.265 
578    (0)   :  0.085 0.025 0.051 0.706 0.133 
579    (0)   :  0.105 0.023 0.045 0.517 0.311 
580    (0)   :  0.301 0.018 0.083 0.388 0.210 
581    (0)   :  0.167 0.019 0.059 0.634 0.121 
582    (0)   :  0.178 0.034 0.036 0.674 0.078 
583    (0)   :  0.083 0.020 0.049 0.644 0.204 
584    (0)   :  0.083 0.014 0.036 0.741 0.126 
585    (0)   :  0.114 0.020 0.043 0.672 0.151 
586    (0)   :  0.030 0.022 0.061 0.722 0.165 
587    (0)   :  0.136 0.036 0.034 0.537 0.257 
588    (0)   :  0.020 0.094 0.042 0.078 0.765 
589    (0)   :  0.420 0.093 0.040 0.291 0.156 
590    (0)   :  0.042 0.020 0.043 0.577 0.318 
591    (0)   :  0.042 0.017 0.053 0.697 0.191 
592    (0)   :  0.071 0.092 0.043 0.573 0.221 
593    (0)   :  0.098 0.039 0.082 0.563 0.219 
594    (0)   :  0.048 0.023 0.089 0.393 0.447 
595    (0)   :  0.117 0.012 0.032 0.326 0.513 
596    (0)   :  0.203 0.145 0.074 0.196 0.381 
597    (0)   :  0.031 0.058 0.221 0.587 0.103 
598    (0)   :  0.634 0.014 0.034 0.256 0.062 
599    (0)   :  0.072 0.043 0.032 0.715 0.138 
600    (0)   :  0.218 0.033 0.100 0.402 0.247 
601    (0)   :  0.073 0.030 0.034 0.751 0.112 
602    (0)   :  0.048 0.016 0.097 0.146 0.692 
603    (0)   :  0.044 0.019 0.108 0.199 0.630 
604    (0)   :  0.386 0.027 0.100 0.172 0.315 
605    (0)   :  0.092 0.037 0.059 0.436 0.377 
606    (0)   :  0.106 0.034 0.140 0.199 0.520 
607    (0)   :  0.138 0.014 0.195 0.185 0.467 
608    (0)   :  0.096 0.019 0.457 0.261 0.166 
609    (0)   :  0.208 0.034 0.083 0.449 0.226 
610    (0)   :  0.480 0.090 0.058 0.185 0.187 
611    (0)   :  0.047 0.031 0.127 0.250 0.545 
612    (0)   :  0.595 0.039 0.055 0.205 0.106 
613    (0)   :  0.218 0.056 0.076 0.254 0.396 
614    (0)   :  0.592 0.018 0.045 0.126 0.218 
615    (0)   :  0.616 0.023 0.074 0.100 0.186 
616    (0)   :  0.116 0.015 0.135 0.202 0.532 
617    (0)   :  0.307 0.047 0.048 0.264 0.334 
618    (0)   :  0.391 0.044 0.137 0.113 0.315 
619    (0)   :  0.093 0.093 0.157 0.437 0.219 
620    (0)   :  0.046 0.082 0.031 0.584 0.256 
621    (0)   :  0.116 0.013 0.049 0.619 0.205 
622    (0)   :  0.274 0.055 0.107 0.133 0.432 
623    (0)   :  0.104 0.033 0.052 0.427 0.384 
624    (0)   :  0.493 0.025 0.146 0.199 0.137 
625    (0)   :  0.370 0.017 0.139 0.229 0.244 
626    (0)   :  0.227 0.147 0.376 0.088 0.163 
627    (0)   :  0.087 0.028 0.070 0.404 0.411 
628    (0)   :  0.071 0.022 0.066 0.351 0.490 
629    (0)   :  0.111 0.016 0.071 0.213 0.589 
630    (0)   :  0.324 0.028 0.068 0.275 0.306 
631    (0)   :  0.202 0.017 0.067 0.249 0.465 
632    (0)   :  0.069 0.038 0.234 0.126 0.534 
633    (0)   :  0.241 0.017 0.133 0.331 0.277 
634    (0)   :  0.106 0.042 0.179 0.282 0.391 
635    (0)   :  0.102 0.020 0.413 0.124 0.341 
636    (0)   :  0.214 0.022 0.252 0.273 0.238 
637    (0)   :  0.079 0.113 0.116 0.221 0.472 
638    (0)   :  0.092 0.015 0.098 0.182 0.612 
639    (0)   :  0.254 0.019 0.098 0.181 0.448 
640    (0)   :  0.065 0.012 0.068 0.660 0.196 
641    (0)   :  0.112 0.016 0.069 0.171 0.632 
642    (0)   :  0.048 0.048 0.511 0.171 0.222 
643    (0)   :  0.030 0.018 0.746 0.116 0.091 
644    (0)   :  0.037 0.021 0.550 0.167 0.225 
645    (0)   :  0.287 0.034 0.419 0.064 0.195 
646    (0)   :  0.041 0.054 0.127 0.252 0.526 
647    (0)   :  0.031 0.045 0.393 0.267 0.264 
648    (0)   :  0.072 0.064 0.232 0.092 0.540 
649    (0)   :  0.030 0.105 0.158 0.129 0.578 
650    (0)   :  0.033 0.039 0.161 0.222 0.545 
651    (0)   :  0.033 0.015 0.299 0.111 0.542 
652    (0)   :  0.035 0.022 0.530 0.132 0.281 
653    (0)   :  0.058 0.046 0.320 0.101 0.475 
654    (0)   :  0.039 0.092 0.467 0.111 0.291 
655    (0)   :  0.032 0.029 0.509 0.312 0.119 
656    (0)   :  0.045 0.050 0.169 0.115 0.621 
657    (0)   :  0.118 0.021 0.175 0.172 0.514 
658    (0)   :  0.059 0.076 0.245 0.434 0.187 
659    (0)   :  0.055 0.052 0.455 0.122 0.316 
660    (0)   :  0.033 0.040 0.545 0.102 0.280 
661    (0)   :  0.046 0.111 0.552 0.106 0.184 
662    (0)   :  0.025 0.220 0.108 0.129 0.518 
663    (0)   :  0.045 0.024 0.410 0.118 0.403 
664    (0)   :  0.056 0.042 0.256 0.522 0.123 
665    (0)   :  0.029 0.097 0.123 0.112 0.639 
666    (0)   :  0.044 0.053 0.449 0.142 0.312 
667    (0)   :  0.039 0.031 0.092 0.236 0.602 
668    (0)   :  0.053 0.047 0.441 0.204 0.255 
669    (0)   :  0.033 0.035 0.185 0.101 0.646 
670    (0)   :  0.026 0.018 0.765 0.059 0.132 
671    (0)   :  0.028 0.028 0.623 0.100 0.221 
672    (0)   :  0.040 0.049 0.669 0.182 0.060 
673    (0)   :  0.030 0.011 0.834 0.052 0.072 
674    (0)   :  0.049 0.024 0.627 0.086 0.213 
675    (0)   :  0.024 0.014 0.762 0.104 0.096 
676    (0)   :  0.025 0.012 0.841 0.054 0.068 
677    (0)   :  0.021 0.080 0.721 0.055 0.122 
678    (0)   :  0.030 0.011 0.836 0.056 0.067 
679    (0)   :  0.059 0.011 0.683 0.083 0.164 
680    (0)   :  0.040 0.018 0.743 0.068 0.132 
681    (0)   :  0.109 0.268 0.269 0.113 0.241 
682    (0)   :  0.042 0.019 0.789 0.071 0.080 
683    (0)   :  0.025 0.021 0.794 0.058 0.102 
684    (0)   :  0.029 0.012 0.830 0.058 0.071 
685    (0)   :  0.023 0.014 0.843 0.051 0.069 
686    (0)   :  0.039 0.079 0.660 0.076 0.146 
687    (0)   :  0.026 0.041 0.619 0.092 0.221 
688    (0)   :  0.026 0.016 0.775 0.081 0.101 
689    (0)   :  0.024 0.013 0.838 0.049 0.076 
690    (0)   :  0.025 0.012 0.841 0.053 0.068 
691    (0)   :  0.051 0.020 0.701 0.079 0.150 
692    (0)   :  0.035 0.013 0.766 0.078 0.108 
693    (0)   :  0.029 0.015 0.774 0.107 0.075 
694    (0)   :  0.021 0.014 0.851 0.047 0.066 
695    (0)   :  0.036 0.035 0.804 0.065 0.059 
696    (0)   :  0.027 0.016 0.773 0.082 0.103 
697    (0)   :  0.025 0.016 0.817 0.051 0.090 
698    (0)   :  0.025 0.013 0.830 0.053 0.079 
699    (0)   :  0.031 0.103 0.734 0.063 0.069 
700    (0)   :  0.027 0.043 0.736 0.118 0.076 
701    (0)   :  0.063 0.030 0.680 0.077 0.150 
702    (0)   :  0.041 0.039 0.679 0.117 0.123 
703    (0)   :  0.043 0.020 0.768 0.072 0.097 
704    (0)   :  0.024 0.022 0.781 0.078 0.095 
705    (0)   :  0.056 0.275 0.384 0.101 0.185 
706    (0)   :  0.038 0.030 0.777 0.064 0.092 
707    (0)   :  0.028 0.022 0.800 0.053 0.097 
708    (0)   :  0.023 0.014 0.812 0.054 0.096 
709    (0)   :  0.023 0.039 0.815 0.062 0.062 
710    (0)   :  0.023 0.016 0.851 0.049 0.061 
711    (0)   :  0.034 0.049 0.717 0.065 0.136 
712    (0)   :  0.019 0.047 0.786 0.049 0.099 
713    (0)   :  0.024 0.018 0.783 0.078 0.097 
714    (0)   :  0.048 0.015 0.606 0.085 0.246 
715    (0)   :  0.020 0.033 0.827 0.049 0.071 
716    (0)   :  0.036 0.028 0.803 0.065 0.069 
717    (0)   :  0.022 0.020 0.846 0.050 0.063 
718    (0)   :  0.034 0.030 0.642 0.069 0.225 
719    (0)   :  0.021 0.029 0.831 0.053 0.066 
720    (0)   :  0.118 0.016 0.050 0.469 0.347 
721    (0)   :  0.136 0.027 0.538 0.130 0.168 
722    (0)   :  0.356 0.041 0.100 0.283 0.220 
723    (0)   :  0.434 0.014 0.080 0.176 0.295 
724    (0)   :  0.409 0.020 0.205 0.219 0.146 
725    (0)   :  0.061 0.024 0.208 0.223 0.485 
726    (0)   :  0.358 0.049 0.128 0.215 0.250 
727    (0)   :  0.144 0.189 0.242 0.170 0.255 
728    (0)   :  0.824 0.014 0.029 0.070 0.063 
729    (0)   :  0.756 0.013 0.032 0.117 0.081 
730    (0)   :  0.287 0.015 0.051 0.294 0.353 
731    (0)   :  0.481 0.022 0.078 0.285 0.135 
732    (0)   :  0.437 0.014 0.079 0.177 0.292 
733    (0)   :  0.679 0.012 0.047 0.150 0.112 
734    (0)   :  0.546 0.015 0.033 0.316 0.091 
735    (0)   :  0.757 0.010 0.049 0.093 0.091 
736    (0)   :  0.310 0.019 0.064 0.488 0.119 
737    (0)   :  0.419 0.045 0.065 0.213 0.259 
738    (0)   :  0.306 0.015 0.055 0.287 0.337 
739    (0)   :  0.699 0.012 0.043 0.149 0.097 
740    (0)   :  0.043 0.018 0.491 0.067 0.380 
741    (0)   :  0.071 0.034 0.477 0.130 0.288 
742    (0)   :  0.051 0.015 0.169 0.658 0.106 
743    (0)   :  0.053 0.014 0.081 0.200 0.652 
744    (0)   :  0.035 0.174 0.098 0.304 0.389 
745    (0)   :  0.043 0.043 0.044 0.604 0.266 
746    (0)   :  0.110 0.019 0.201 0.201 0.469 
747    (0)   :  0.041 0.022 0.094 0.351 0.492 
748    (0)   :  0.032 0.013 0.449 0.267 0.239 
749    (0)   :  0.046 0.029 0.113 0.180 0.633 
750    (0)   :  0.042 0.017 0.077 0.173 0.691 
751    (0)   :  0.041 0.014 0.438 0.222 0.286 
752    (0)   :  0.057 0.018 0.093 0.247 0.586 
753    (0)   :  0.103 0.020 0.148 0.155 0.574 
754    (0)   :  0.062 0.021 0.421 0.179 0.317 
755    (0)   :  0.067 0.013 0.134 0.149 0.637 
756    (0)   :  0.027 0.017 0.245 0.469 0.243 
757    (0)   :  0.042 0.016 0.180 0.450 0.312 
758    (0)   :  0.035 0.024 0.044 0.431 0.466 
759    (0)   :  0.100 0.044 0.442 0.137 0.277 
760    (0)   :  0.119 0.016 0.103 0.231 0.531 
761    (0)   :  0.225 0.018 0.236 0.139 0.382 
762    (0)   :  0.209 0.011 0.063 0.450 0.267 
763    (0)   :  0.105 0.021 0.148 0.154 0.572 
764    (0)   :  0.043 0.014 0.090 0.297 0.557 
765    (0)   :  0.169 0.013 0.059 0.207 0.552 
766    (0)   :  0.042 0.012 0.303 0.265 0.378 
767    (0)   :  0.038 0.019 0.267 0.469 0.207 
768    (0)   :  0.261 0.011 0.065 0.385 0.277 
769    (0)   :  0.247 0.021 0.265 0.267 0.199 
770    (0)   :  0.139 0.015 0.066 0.574 0.207 
771    (0)   :  0.028 0.128 0.131 0.112 0.601 
772    (0)   :  0.047 0.068 0.281 0.390 0.215 
773    (0)   :  0.041 0.014 0.086 0.197 0.663 
774    (0)   :  0.048 0.017 0.305 0.106 0.524 
775    (0)   :  0.251 0.014 0.134 0.446 0.155 
776    (0)   :  0.040 0.018 0.072 0.663 0.206 
777    (0)   :  0.055 0.045 0.125 0.271 0.505 
778    (0)   :  0.037 0.035 0.209 0.214 0.505 
779    (0)   :  0.038 0.014 0.130 0.227 0.591 
780    (0)   :  0.043 0.012 0.370 0.201 0.373 
781    (0)   :  0.028 0.043 0.110 0.073 0.746 
782    (0)   :  0.037 0.015 0.127 0.224 0.597 
783    (0)   :  0.062 0.014 0.262 0.355 0.307 
784    (0)   :  0.055 0.017 0.112 0.598 0.218 
785    (0)   :  0.048 0.018 0.182 0.296 0.456 
786    (0)   :  0.045 0.016 0.436 0.271 0.233 
787    (0)   :  0.025 0.031 0.422 0.168 0.355 
788    (0)   :  0.071 0.038 0.115 0.451 0.325 
789    (0)   :  0.048 0.014 0.126 0.630 0.182 
790    (0)   :  0.098 0.014 0.222 0.182 0.484 
791    (0)   :  0.046 0.018 0.187 0.553 0.195 
792    (0)   :  0.024 0.042 0.360 0.117 0.457 
793    (0)   :  0.105 0.055 0.403 0.130 0.307 
794    (0)   :  0.063 0.022 0.204 0.434 0.277 
795    (0)   :  0.108 0.022 0.500 0.127 0.242 
796    (0)   :  0.031 0.026 0.219 0.603 0.121 
797    (0)   :  0.055 0.038 0.546 0.099 0.262 
798    (0)   :  0.254 0.198 0.038 0.402 0.108 
799    (0)   :  0.033 0.027 0.090 0.674 0.177 
800    (0)   :  0.022 0.111 0.559 0.155 0.153 
801    (0)   :  0.166 0.143 0.073 0.507 0.111 
802    (0)   :  0.087 0.102 0.295 0.317 0.199 
803    (0)   :  0.058 0.053 0.370 0.159 0.361 
804    (0)   :  0.054 0.144 0.142 0.287 0.374 
805    (0)   :  0.026 0.020 0.766 0.107 0.082 
806    (0)   :  0.141 0.378 0.102 0.181 0.198 
807    (0)   :  0.041 0.051 0.576 0.067 0.264 
808    (0)   :  0.046 0.120 0.442 0.129 0.263 
809    (0)   :  0.061 0.647 0.054 0.140 0.098 
810    (0)   :  0.159 0.024 0.206 0.231 0.381 
