

----------------------------------------------------
STRUCTURE by Pritchard, Stephens and Donnelly (2000)
     and Falush, Stephens and Pritchard (2003)
       Code by Pritchard, Falush and Hubisz
             Version 2.3.4 (Jul 2012)
----------------------------------------------------



Command line arguments:   ./structure -K 3 -D 103005 -m brooktrout/mainparams -e brooktrout/extraparams -o brooktrout/250914_output/results_K3_rep5 
Input File:    brooktrout/brooktrout.txt

Run parameters:
   8454 individuals
   5 loci
   3 populations assumed
   50000 Burn-in period
   100000 Reps
RANDOMIZE turned off


--------------------------------------------
Overall proportion of membership of the
sample in each of the 3 clusters

Inferred Clusters
  1      2      3    
0.158  0.427  0.415  

--------------------------------------------

Allele-freq. divergence among pops (Net nucleotide distance),
computed using point estimates of P.

      1       2       3      
 1      -    0.0969  0.0520  
 2   0.0969     -    0.0300  
 3   0.0520  0.0300     -    

Average distances (expected heterozygosity) between individuals in same cluster:
cluster  1  : 0.7453 
cluster  2  : 0.8234 
cluster  3  : 0.8448 

--------------------------------------------
Estimated Ln Prob of Data   = -179433.9
Mean value of ln likelihood = -175649.3
Variance of ln likelihood   = 7569.2

Mean value of alpha_1       = 0.0870
Mean value of alpha_2       = 0.2338
Mean value of alpha_3       = 0.2285
Allele frequencies uncorrelated


Inferred ancestry of individuals:
     (%Miss) :  Inferred clusters
  1    (0)   :  0.152 0.286 0.563 
  2    (0)   :  0.022 0.193 0.786 
  3    (0)   :  0.100 0.541 0.360 
  4    (0)   :  0.542 0.116 0.342 
  5    (0)   :  0.022 0.301 0.676 
  6    (0)   :  0.025 0.905 0.070 
  7    (0)   :  0.019 0.908 0.073 
  8    (0)   :  0.298 0.382 0.320 
  9    (0)   :  0.043 0.392 0.565 
 10    (0)   :  0.110 0.719 0.171 
 11    (0)   :  0.020 0.842 0.137 
 12    (0)   :  0.039 0.355 0.606 
 13    (0)   :  0.038 0.754 0.208 
 14    (0)   :  0.050 0.186 0.764 
 15    (0)   :  0.108 0.280 0.612 
 16    (0)   :  0.041 0.823 0.135 
 17    (0)   :  0.038 0.601 0.362 
 18    (0)   :  0.060 0.619 0.321 
 19    (0)   :  0.034 0.779 0.187 
 20    (0)   :  0.034 0.441 0.526 
 21    (0)   :  0.113 0.195 0.693 
 22    (0)   :  0.054 0.830 0.116 
 23    (0)   :  0.109 0.135 0.755 
 24    (0)   :  0.156 0.467 0.377 
 25    (0)   :  0.015 0.850 0.135 
 26    (0)   :  0.084 0.467 0.449 
 27    (0)   :  0.067 0.670 0.263 
 28    (0)   :  0.227 0.517 0.256 
 29    (0)   :  0.030 0.371 0.599 
 30    (0)   :  0.039 0.813 0.149 
 31    (0)   :  0.077 0.563 0.360 
 32    (0)   :  0.079 0.246 0.675 
 33    (0)   :  0.088 0.470 0.442 
 34    (0)   :  0.041 0.833 0.126 
 35    (0)   :  0.026 0.427 0.547 
 36    (0)   :  0.035 0.364 0.602 
 37    (0)   :  0.095 0.177 0.728 
 38    (0)   :  0.017 0.796 0.186 
 39    (0)   :  0.028 0.706 0.266 
 40    (0)   :  0.168 0.186 0.646 
 41    (0)   :  0.034 0.389 0.578 
 42    (0)   :  0.240 0.135 0.625 
 43    (0)   :  0.036 0.087 0.877 
 44    (0)   :  0.022 0.263 0.716 
 45    (0)   :  0.019 0.353 0.628 
 46    (0)   :  0.022 0.743 0.235 
 47    (0)   :  0.041 0.565 0.394 
 48    (0)   :  0.025 0.260 0.715 
 49    (0)   :  0.031 0.393 0.576 
 50    (0)   :  0.054 0.809 0.137 
 51    (0)   :  0.025 0.106 0.869 
 52    (0)   :  0.036 0.705 0.258 
 53    (0)   :  0.045 0.850 0.105 
 54    (0)   :  0.035 0.134 0.831 
 55    (0)   :  0.024 0.087 0.889 
 56    (0)   :  0.039 0.417 0.544 
 57    (0)   :  0.121 0.585 0.294 
 58    (0)   :  0.034 0.207 0.759 
 59    (0)   :  0.028 0.366 0.606 
 60    (0)   :  0.089 0.156 0.755 
 61    (0)   :  0.040 0.051 0.908 
 62    (0)   :  0.031 0.551 0.419 
 63    (0)   :  0.046 0.172 0.782 
 64    (0)   :  0.020 0.804 0.176 
 65    (0)   :  0.015 0.530 0.455 
 66    (0)   :  0.049 0.083 0.868 
 67    (0)   :  0.019 0.098 0.883 
 68    (0)   :  0.034 0.315 0.651 
 69    (0)   :  0.093 0.546 0.361 
 70    (0)   :  0.030 0.153 0.816 
 71    (0)   :  0.015 0.321 0.665 
 72    (0)   :  0.023 0.636 0.342 
 73    (0)   :  0.016 0.136 0.848 
 74    (0)   :  0.079 0.320 0.601 
 75    (0)   :  0.077 0.107 0.817 
 76    (0)   :  0.025 0.206 0.770 
 77    (0)   :  0.024 0.300 0.676 
 78    (0)   :  0.031 0.433 0.536 
 79    (0)   :  0.025 0.845 0.131 
 80    (0)   :  0.599 0.206 0.194 
 81    (0)   :  0.381 0.365 0.254 
 82    (0)   :  0.046 0.162 0.792 
 83    (0)   :  0.220 0.382 0.398 
 84    (0)   :  0.156 0.357 0.488 
 85    (0)   :  0.262 0.294 0.444 
 86    (0)   :  0.024 0.330 0.646 
 87    (0)   :  0.027 0.729 0.244 
 88    (0)   :  0.111 0.167 0.722 
 89    (0)   :  0.157 0.115 0.729 
 90    (0)   :  0.031 0.544 0.425 
 91    (0)   :  0.475 0.151 0.374 
 92    (0)   :  0.050 0.462 0.489 
 93    (0)   :  0.869 0.056 0.075 
 94    (0)   :  0.022 0.910 0.067 
 95    (0)   :  0.054 0.200 0.746 
 96    (0)   :  0.075 0.052 0.873 
 97    (0)   :  0.094 0.163 0.743 
 98    (0)   :  0.044 0.172 0.784 
 99    (0)   :  0.121 0.345 0.535 
100    (0)   :  0.466 0.059 0.475 
101    (0)   :  0.032 0.183 0.785 
102    (0)   :  0.174 0.129 0.696 
103    (0)   :  0.036 0.076 0.888 
104    (0)   :  0.035 0.618 0.347 
105    (0)   :  0.031 0.093 0.876 
106    (0)   :  0.011 0.894 0.095 
107    (0)   :  0.047 0.245 0.708 
108    (0)   :  0.020 0.252 0.728 
109    (0)   :  0.011 0.728 0.261 
110    (0)   :  0.015 0.805 0.180 
111    (0)   :  0.019 0.808 0.173 
112    (0)   :  0.013 0.875 0.111 
113    (0)   :  0.026 0.183 0.791 
114    (0)   :  0.046 0.532 0.422 
115    (0)   :  0.019 0.204 0.778 
116    (0)   :  0.013 0.642 0.345 
117    (0)   :  0.019 0.433 0.549 
118    (0)   :  0.017 0.222 0.761 
119    (0)   :  0.090 0.078 0.832 
120    (0)   :  0.023 0.490 0.487 
121    (0)   :  0.014 0.144 0.842 
122    (0)   :  0.017 0.840 0.144 
123    (0)   :  0.024 0.527 0.449 
124    (0)   :  0.016 0.555 0.429 
125    (0)   :  0.027 0.622 0.351 
126    (0)   :  0.031 0.679 0.290 
127    (0)   :  0.022 0.758 0.219 
128    (0)   :  0.017 0.141 0.842 
129    (0)   :  0.013 0.128 0.859 
130    (0)   :  0.056 0.411 0.533 
131    (0)   :  0.015 0.458 0.527 
132    (0)   :  0.013 0.808 0.179 
133    (0)   :  0.030 0.466 0.504 
134    (0)   :  0.009 0.926 0.065 
135    (0)   :  0.315 0.071 0.614 
136    (0)   :  0.882 0.055 0.063 
137    (0)   :  0.802 0.061 0.137 
138    (0)   :  0.882 0.053 0.066 
139    (0)   :  0.114 0.072 0.813 
140    (0)   :  0.494 0.192 0.314 
141    (0)   :  0.815 0.097 0.089 
142    (0)   :  0.475 0.070 0.456 
143    (0)   :  0.909 0.035 0.056 
144    (0)   :  0.806 0.055 0.139 
145    (0)   :  0.633 0.152 0.215 
146    (0)   :  0.385 0.177 0.438 
147    (0)   :  0.912 0.039 0.049 
148    (0)   :  0.646 0.126 0.227 
149    (0)   :  0.830 0.059 0.111 
150    (0)   :  0.511 0.100 0.390 
151    (0)   :  0.838 0.053 0.109 
152    (0)   :  0.533 0.141 0.326 
153    (0)   :  0.797 0.077 0.126 
154    (0)   :  0.842 0.061 0.097 
155    (0)   :  0.877 0.050 0.073 
156    (0)   :  0.599 0.055 0.346 
157    (0)   :  0.671 0.128 0.201 
158    (0)   :  0.743 0.126 0.131 
159    (0)   :  0.904 0.038 0.059 
160    (0)   :  0.894 0.041 0.065 
161    (0)   :  0.609 0.097 0.293 
162    (0)   :  0.292 0.214 0.495 
163    (0)   :  0.881 0.044 0.075 
164    (0)   :  0.416 0.192 0.392 
165    (0)   :  0.642 0.087 0.272 
166    (0)   :  0.450 0.134 0.416 
167    (0)   :  0.738 0.155 0.108 
168    (0)   :  0.777 0.085 0.138 
169    (0)   :  0.437 0.385 0.178 
170    (0)   :  0.548 0.053 0.399 
171    (0)   :  0.526 0.122 0.352 
172    (0)   :  0.637 0.133 0.230 
173    (0)   :  0.862 0.043 0.094 
174    (0)   :  0.865 0.057 0.078 
175    (0)   :  0.895 0.049 0.056 
176    (0)   :  0.803 0.057 0.141 
177    (0)   :  0.463 0.219 0.318 
178    (0)   :  0.825 0.090 0.086 
179    (0)   :  0.909 0.040 0.051 
180    (0)   :  0.658 0.167 0.175 
181    (0)   :  0.580 0.078 0.342 
182    (0)   :  0.713 0.045 0.242 
183    (0)   :  0.882 0.044 0.074 
184    (0)   :  0.023 0.238 0.739 
185    (0)   :  0.782 0.040 0.178 
186    (0)   :  0.021 0.238 0.741 
187    (0)   :  0.134 0.092 0.774 
188    (0)   :  0.015 0.205 0.779 
189    (0)   :  0.233 0.440 0.327 
190    (0)   :  0.100 0.035 0.865 
191    (0)   :  0.036 0.107 0.857 
192    (0)   :  0.088 0.100 0.812 
193    (0)   :  0.102 0.140 0.759 
194    (0)   :  0.060 0.081 0.858 
195    (0)   :  0.318 0.047 0.635 
196    (0)   :  0.072 0.056 0.871 
197    (0)   :  0.055 0.276 0.669 
198    (0)   :  0.076 0.242 0.681 
199    (0)   :  0.058 0.068 0.874 
200    (0)   :  0.086 0.217 0.698 
201    (0)   :  0.511 0.059 0.430 
202    (0)   :  0.355 0.058 0.588 
203    (0)   :  0.363 0.056 0.581 
204    (0)   :  0.057 0.043 0.900 
205    (0)   :  0.037 0.080 0.883 
206    (0)   :  0.073 0.058 0.869 
207    (0)   :  0.025 0.057 0.918 
208    (0)   :  0.131 0.053 0.816 
209    (0)   :  0.055 0.104 0.841 
210    (0)   :  0.076 0.058 0.866 
211    (0)   :  0.039 0.052 0.909 
212    (0)   :  0.668 0.075 0.258 
213    (0)   :  0.029 0.086 0.885 
214    (0)   :  0.441 0.056 0.503 
215    (0)   :  0.022 0.078 0.900 
216    (0)   :  0.030 0.188 0.782 
217    (0)   :  0.388 0.081 0.531 
218    (0)   :  0.050 0.091 0.859 
219    (0)   :  0.145 0.306 0.549 
220    (0)   :  0.030 0.057 0.912 
221    (0)   :  0.699 0.036 0.265 
222    (0)   :  0.057 0.280 0.663 
223    (0)   :  0.240 0.115 0.644 
224    (0)   :  0.197 0.062 0.741 
225    (0)   :  0.051 0.056 0.893 
226    (0)   :  0.076 0.229 0.695 
227    (0)   :  0.100 0.057 0.843 
228    (0)   :  0.207 0.041 0.752 
229    (0)   :  0.229 0.079 0.692 
230    (0)   :  0.099 0.054 0.847 
231    (0)   :  0.269 0.118 0.613 
232    (0)   :  0.084 0.102 0.814 
233    (0)   :  0.612 0.059 0.329 
234    (0)   :  0.105 0.169 0.726 
235    (0)   :  0.177 0.134 0.690 
236    (0)   :  0.187 0.075 0.738 
237    (0)   :  0.042 0.075 0.883 
238    (0)   :  0.388 0.072 0.541 
239    (0)   :  0.312 0.045 0.643 
240    (0)   :  0.377 0.074 0.549 
241    (0)   :  0.434 0.052 0.514 
242    (0)   :  0.148 0.322 0.530 
243    (0)   :  0.073 0.039 0.889 
244    (0)   :  0.243 0.053 0.705 
245    (0)   :  0.750 0.050 0.199 
246    (0)   :  0.392 0.080 0.528 
247    (0)   :  0.016 0.201 0.782 
248    (0)   :  0.019 0.086 0.895 
249    (0)   :  0.187 0.058 0.754 
250    (0)   :  0.087 0.075 0.838 
251    (0)   :  0.054 0.357 0.589 
252    (0)   :  0.111 0.072 0.817 
253    (0)   :  0.031 0.168 0.801 
254    (0)   :  0.061 0.178 0.761 
255    (0)   :  0.117 0.164 0.719 
256    (0)   :  0.158 0.057 0.785 
257    (0)   :  0.048 0.063 0.889 
258    (0)   :  0.040 0.109 0.851 
259    (0)   :  0.036 0.070 0.894 
260    (0)   :  0.169 0.200 0.631 
261    (0)   :  0.228 0.067 0.706 
262    (0)   :  0.322 0.048 0.630 
263    (0)   :  0.030 0.087 0.882 
264    (0)   :  0.016 0.656 0.328 
265    (0)   :  0.106 0.142 0.752 
266    (0)   :  0.684 0.039 0.277 
267    (0)   :  0.114 0.133 0.753 
268    (0)   :  0.069 0.057 0.874 
269    (0)   :  0.207 0.441 0.352 
270    (0)   :  0.031 0.164 0.805 
271    (0)   :  0.029 0.075 0.896 
272    (0)   :  0.041 0.163 0.796 
273    (0)   :  0.188 0.142 0.671 
274    (0)   :  0.051 0.134 0.815 
275    (0)   :  0.084 0.116 0.800 
276    (0)   :  0.034 0.205 0.761 
277    (0)   :  0.152 0.110 0.738 
278    (0)   :  0.032 0.071 0.896 
279    (0)   :  0.073 0.080 0.847 
280    (0)   :  0.076 0.209 0.714 
281    (0)   :  0.047 0.100 0.853 
282    (0)   :  0.388 0.117 0.495 
283    (0)   :  0.502 0.083 0.415 
284    (0)   :  0.080 0.080 0.840 
285    (0)   :  0.013 0.102 0.885 
286    (0)   :  0.236 0.054 0.710 
287    (0)   :  0.113 0.228 0.660 
288    (0)   :  0.044 0.176 0.780 
289    (0)   :  0.072 0.216 0.712 
290    (0)   :  0.037 0.229 0.734 
291    (0)   :  0.029 0.075 0.896 
292    (0)   :  0.106 0.138 0.756 
293    (0)   :  0.034 0.491 0.475 
294    (0)   :  0.026 0.107 0.867 
295    (0)   :  0.087 0.332 0.581 
296    (0)   :  0.031 0.070 0.899 
297    (0)   :  0.043 0.271 0.686 
298    (0)   :  0.199 0.115 0.687 
299    (0)   :  0.036 0.142 0.822 
300    (0)   :  0.023 0.073 0.904 
301    (0)   :  0.036 0.259 0.705 
302    (0)   :  0.026 0.087 0.887 
303    (0)   :  0.208 0.090 0.702 
304    (0)   :  0.274 0.245 0.481 
305    (0)   :  0.157 0.055 0.788 
306    (0)   :  0.380 0.103 0.517 
307    (0)   :  0.065 0.085 0.850 
308    (0)   :  0.230 0.067 0.703 
309    (0)   :  0.036 0.072 0.893 
310    (0)   :  0.160 0.046 0.794 
311    (0)   :  0.100 0.054 0.846 
312    (0)   :  0.028 0.052 0.920 
313    (0)   :  0.017 0.049 0.934 
314    (0)   :  0.915 0.037 0.048 
315    (0)   :  0.884 0.051 0.066 
316    (0)   :  0.886 0.057 0.056 
317    (0)   :  0.923 0.037 0.040 
318    (0)   :  0.927 0.037 0.036 
319    (0)   :  0.908 0.037 0.055 
320    (0)   :  0.916 0.037 0.047 
321    (0)   :  0.920 0.039 0.040 
322    (0)   :  0.879 0.054 0.066 
323    (0)   :  0.921 0.038 0.041 
324    (0)   :  0.920 0.040 0.040 
325    (0)   :  0.897 0.055 0.048 
326    (0)   :  0.906 0.051 0.042 
327    (0)   :  0.923 0.037 0.040 
328    (0)   :  0.877 0.054 0.069 
329    (0)   :  0.920 0.037 0.043 
330    (0)   :  0.924 0.037 0.039 
331    (0)   :  0.922 0.036 0.042 
332    (0)   :  0.893 0.061 0.046 
333    (0)   :  0.901 0.049 0.050 
334    (0)   :  0.876 0.054 0.070 
335    (0)   :  0.890 0.050 0.060 
336    (0)   :  0.919 0.040 0.041 
337    (0)   :  0.888 0.058 0.054 
338    (0)   :  0.925 0.039 0.036 
339    (0)   :  0.920 0.037 0.042 
340    (0)   :  0.924 0.033 0.043 
341    (0)   :  0.923 0.036 0.041 
342    (0)   :  0.924 0.037 0.039 
343    (0)   :  0.873 0.054 0.073 
344    (0)   :  0.926 0.036 0.038 
345    (0)   :  0.924 0.038 0.039 
346    (0)   :  0.929 0.035 0.036 
347    (0)   :  0.927 0.034 0.039 
348    (0)   :  0.870 0.048 0.082 
349    (0)   :  0.922 0.037 0.041 
350    (0)   :  0.902 0.037 0.061 
351    (0)   :  0.891 0.048 0.060 
352    (0)   :  0.893 0.053 0.054 
353    (0)   :  0.919 0.040 0.041 
354    (0)   :  0.922 0.036 0.042 
355    (0)   :  0.925 0.038 0.037 
356    (0)   :  0.825 0.048 0.127 
357    (0)   :  0.550 0.350 0.101 
358    (0)   :  0.897 0.053 0.050 
359    (0)   :  0.921 0.038 0.042 
360    (0)   :  0.928 0.036 0.036 
361    (0)   :  0.463 0.379 0.158 
362    (0)   :  0.029 0.758 0.214 
363    (0)   :  0.018 0.841 0.141 
364    (0)   :  0.251 0.589 0.160 
365    (0)   :  0.025 0.865 0.111 
366    (0)   :  0.069 0.569 0.363 
367    (0)   :  0.012 0.924 0.065 
368    (0)   :  0.024 0.595 0.381 
369    (0)   :  0.275 0.309 0.417 
370    (0)   :  0.024 0.186 0.790 
371    (0)   :  0.057 0.454 0.489 
372    (0)   :  0.072 0.272 0.657 
373    (0)   :  0.038 0.819 0.143 
374    (0)   :  0.265 0.539 0.196 
375    (0)   :  0.020 0.849 0.131 
376    (0)   :  0.015 0.939 0.047 
377    (0)   :  0.031 0.724 0.244 
378    (0)   :  0.151 0.621 0.228 
379    (0)   :  0.014 0.937 0.049 
380    (0)   :  0.120 0.569 0.312 
381    (0)   :  0.066 0.799 0.135 
382    (0)   :  0.018 0.907 0.074 
383    (0)   :  0.155 0.729 0.116 
384    (0)   :  0.087 0.743 0.171 
385    (0)   :  0.082 0.767 0.151 
386    (0)   :  0.017 0.898 0.085 
387    (0)   :  0.021 0.878 0.101 
388    (0)   :  0.215 0.412 0.373 
389    (0)   :  0.020 0.148 0.832 
390    (0)   :  0.024 0.611 0.365 
391    (0)   :  0.043 0.373 0.584 
392    (0)   :  0.042 0.861 0.097 
393    (0)   :  0.050 0.654 0.295 
394    (0)   :  0.201 0.522 0.277 
395    (0)   :  0.020 0.328 0.653 
396    (0)   :  0.012 0.882 0.106 
397    (0)   :  0.075 0.393 0.532 
398    (0)   :  0.014 0.924 0.062 
399    (0)   :  0.018 0.805 0.177 
400    (0)   :  0.028 0.890 0.082 
401    (0)   :  0.032 0.714 0.254 
402    (0)   :  0.027 0.370 0.604 
403    (0)   :  0.220 0.268 0.512 
404    (0)   :  0.041 0.514 0.444 
405    (0)   :  0.039 0.588 0.374 
406    (0)   :  0.060 0.276 0.663 
407    (0)   :  0.013 0.926 0.061 
408    (0)   :  0.011 0.269 0.720 
409    (0)   :  0.209 0.167 0.624 
410    (0)   :  0.047 0.866 0.087 
411    (0)   :  0.103 0.672 0.225 
412    (0)   :  0.022 0.822 0.156 
413    (0)   :  0.094 0.400 0.506 
414    (0)   :  0.014 0.824 0.163 
415    (0)   :  0.022 0.865 0.113 
416    (0)   :  0.035 0.805 0.159 
417    (0)   :  0.019 0.917 0.064 
418    (0)   :  0.014 0.902 0.084 
419    (0)   :  0.076 0.244 0.680 
420    (0)   :  0.019 0.683 0.299 
421    (0)   :  0.019 0.863 0.118 
422    (0)   :  0.021 0.358 0.621 
423    (0)   :  0.027 0.783 0.191 
424    (0)   :  0.030 0.375 0.595 
425    (0)   :  0.047 0.600 0.354 
426    (0)   :  0.037 0.829 0.134 
427    (0)   :  0.069 0.841 0.090 
428    (0)   :  0.067 0.319 0.614 
429    (0)   :  0.012 0.938 0.050 
430    (0)   :  0.017 0.871 0.112 
431    (0)   :  0.031 0.545 0.424 
432    (0)   :  0.027 0.637 0.336 
433    (0)   :  0.097 0.126 0.777 
434    (0)   :  0.069 0.640 0.291 
435    (0)   :  0.014 0.901 0.085 
436    (0)   :  0.027 0.917 0.056 
437    (0)   :  0.016 0.919 0.065 
438    (0)   :  0.033 0.428 0.539 
439    (0)   :  0.022 0.915 0.063 
440    (0)   :  0.011 0.937 0.052 
441    (0)   :  0.052 0.802 0.146 
442    (0)   :  0.016 0.865 0.119 
443    (0)   :  0.013 0.864 0.123 
444    (0)   :  0.016 0.873 0.111 
445    (0)   :  0.092 0.503 0.405 
446    (0)   :  0.017 0.909 0.075 
447    (0)   :  0.039 0.682 0.279 
448    (0)   :  0.017 0.857 0.126 
449    (0)   :  0.032 0.754 0.214 
450    (0)   :  0.035 0.887 0.078 
451    (0)   :  0.011 0.819 0.170 
452    (0)   :  0.026 0.915 0.059 
453    (0)   :  0.027 0.163 0.810 
454    (0)   :  0.033 0.878 0.088 
455    (0)   :  0.016 0.807 0.176 
456    (0)   :  0.014 0.862 0.124 
457    (0)   :  0.018 0.915 0.067 
458    (0)   :  0.021 0.914 0.065 
459    (0)   :  0.072 0.622 0.305 
460    (0)   :  0.015 0.917 0.068 
461    (0)   :  0.015 0.930 0.054 
462    (0)   :  0.011 0.885 0.105 
463    (0)   :  0.027 0.355 0.618 
464    (0)   :  0.015 0.883 0.102 
465    (0)   :  0.020 0.661 0.318 
466    (0)   :  0.015 0.525 0.459 
467    (0)   :  0.031 0.820 0.149 
468    (0)   :  0.015 0.901 0.085 
469    (0)   :  0.018 0.921 0.061 
470    (0)   :  0.015 0.925 0.060 
471    (0)   :  0.017 0.513 0.471 
472    (0)   :  0.020 0.733 0.247 
473    (0)   :  0.030 0.741 0.229 
474    (0)   :  0.025 0.889 0.085 
475    (0)   :  0.033 0.579 0.388 
476    (0)   :  0.020 0.910 0.070 
477    (0)   :  0.030 0.726 0.245 
478    (0)   :  0.013 0.900 0.087 
479    (0)   :  0.013 0.930 0.057 
480    (0)   :  0.017 0.936 0.047 
481    (0)   :  0.016 0.695 0.289 
482    (0)   :  0.013 0.942 0.044 
483    (0)   :  0.021 0.881 0.098 
484    (0)   :  0.022 0.582 0.395 
485    (0)   :  0.015 0.891 0.093 
486    (0)   :  0.029 0.477 0.494 
487    (0)   :  0.088 0.553 0.359 
488    (0)   :  0.035 0.303 0.662 
489    (0)   :  0.129 0.296 0.575 
490    (0)   :  0.015 0.773 0.212 
491    (0)   :  0.049 0.122 0.829 
492    (0)   :  0.076 0.127 0.798 
493    (0)   :  0.038 0.445 0.517 
494    (0)   :  0.046 0.276 0.678 
495    (0)   :  0.053 0.334 0.613 
496    (0)   :  0.127 0.103 0.771 
497    (0)   :  0.089 0.288 0.623 
498    (0)   :  0.035 0.432 0.533 
499    (0)   :  0.242 0.264 0.493 
500    (0)   :  0.038 0.667 0.295 
501    (0)   :  0.086 0.284 0.630 
502    (0)   :  0.097 0.261 0.643 
503    (0)   :  0.020 0.804 0.176 
504    (0)   :  0.021 0.310 0.670 
505    (0)   :  0.036 0.137 0.827 
506    (0)   :  0.098 0.407 0.494 
507    (0)   :  0.651 0.054 0.294 
508    (0)   :  0.421 0.072 0.506 
509    (0)   :  0.075 0.106 0.820 
510    (0)   :  0.197 0.392 0.411 
511    (0)   :  0.028 0.785 0.188 
512    (0)   :  0.015 0.901 0.084 
513    (0)   :  0.020 0.055 0.925 
514    (0)   :  0.029 0.454 0.518 
515    (0)   :  0.083 0.606 0.312 
516    (0)   :  0.023 0.162 0.815 
517    (0)   :  0.065 0.330 0.605 
518    (0)   :  0.263 0.430 0.307 
519    (0)   :  0.030 0.457 0.513 
520    (0)   :  0.200 0.239 0.562 
521    (0)   :  0.225 0.130 0.644 
522    (0)   :  0.021 0.572 0.407 
523    (0)   :  0.073 0.124 0.803 
524    (0)   :  0.041 0.633 0.326 
525    (0)   :  0.183 0.416 0.401 
526    (0)   :  0.039 0.318 0.642 
527    (0)   :  0.027 0.843 0.130 
528    (0)   :  0.454 0.080 0.467 
529    (0)   :  0.064 0.209 0.727 
530    (0)   :  0.054 0.672 0.274 
531    (0)   :  0.317 0.260 0.423 
532    (0)   :  0.225 0.375 0.400 
533    (0)   :  0.038 0.598 0.364 
534    (0)   :  0.047 0.118 0.835 
535    (0)   :  0.029 0.219 0.752 
536    (0)   :  0.068 0.185 0.748 
537    (0)   :  0.094 0.068 0.838 
538    (0)   :  0.071 0.103 0.826 
539    (0)   :  0.685 0.062 0.253 
540    (0)   :  0.127 0.164 0.710 
541    (0)   :  0.399 0.139 0.462 
542    (0)   :  0.027 0.202 0.770 
543    (0)   :  0.062 0.081 0.856 
544    (0)   :  0.039 0.117 0.844 
545    (0)   :  0.019 0.191 0.791 
546    (0)   :  0.052 0.103 0.846 
547    (0)   :  0.048 0.073 0.879 
548    (0)   :  0.089 0.074 0.837 
549    (0)   :  0.346 0.129 0.526 
550    (0)   :  0.057 0.432 0.511 
551    (0)   :  0.469 0.104 0.426 
552    (0)   :  0.084 0.096 0.820 
553    (0)   :  0.071 0.054 0.875 
554    (0)   :  0.084 0.372 0.544 
555    (0)   :  0.124 0.059 0.817 
556    (0)   :  0.044 0.091 0.866 
557    (0)   :  0.042 0.263 0.695 
558    (0)   :  0.014 0.944 0.042 
559    (0)   :  0.023 0.510 0.467 
560    (0)   :  0.010 0.893 0.096 
561    (0)   :  0.014 0.744 0.242 
562    (0)   :  0.010 0.821 0.169 
563    (0)   :  0.072 0.311 0.617 
564    (0)   :  0.023 0.170 0.807 
565    (0)   :  0.017 0.921 0.061 
566    (0)   :  0.010 0.926 0.064 
567    (0)   :  0.016 0.303 0.681 
568    (0)   :  0.023 0.412 0.565 
569    (0)   :  0.023 0.520 0.457 
570    (0)   :  0.011 0.940 0.049 
571    (0)   :  0.018 0.805 0.177 
572    (0)   :  0.145 0.265 0.590 
573    (0)   :  0.025 0.427 0.548 
574    (0)   :  0.073 0.779 0.148 
575    (0)   :  0.038 0.309 0.653 
576    (0)   :  0.011 0.910 0.079 
577    (0)   :  0.059 0.800 0.141 
578    (0)   :  0.019 0.706 0.275 
579    (0)   :  0.016 0.813 0.171 
580    (0)   :  0.029 0.872 0.099 
581    (0)   :  0.021 0.893 0.086 
582    (0)   :  0.013 0.915 0.072 
583    (0)   :  0.019 0.863 0.118 
584    (0)   :  0.013 0.908 0.079 
585    (0)   :  0.015 0.797 0.188 
586    (0)   :  0.023 0.809 0.168 
587    (0)   :  0.012 0.821 0.168 
588    (0)   :  0.015 0.054 0.931 
589    (0)   :  0.015 0.835 0.150 
590    (0)   :  0.017 0.772 0.212 
591    (0)   :  0.020 0.720 0.260 
592    (0)   :  0.013 0.359 0.628 
593    (0)   :  0.031 0.611 0.358 
594    (0)   :  0.048 0.473 0.479 
595    (0)   :  0.012 0.880 0.108 
596    (0)   :  0.027 0.380 0.593 
597    (0)   :  0.137 0.600 0.263 
598    (0)   :  0.012 0.944 0.044 
599    (0)   :  0.012 0.699 0.289 
600    (0)   :  0.038 0.813 0.149 
601    (0)   :  0.012 0.884 0.104 
602    (0)   :  0.060 0.284 0.655 
603    (0)   :  0.055 0.268 0.677 
604    (0)   :  0.037 0.508 0.455 
605    (0)   :  0.022 0.571 0.407 
606    (0)   :  0.046 0.175 0.779 
607    (0)   :  0.221 0.527 0.251 
608    (0)   :  0.413 0.421 0.167 
609    (0)   :  0.032 0.844 0.124 
610    (0)   :  0.024 0.698 0.278 
611    (0)   :  0.051 0.303 0.646 
612    (0)   :  0.021 0.901 0.078 
613    (0)   :  0.031 0.792 0.177 
614    (0)   :  0.016 0.899 0.084 
615    (0)   :  0.041 0.761 0.197 
616    (0)   :  0.142 0.555 0.302 
617    (0)   :  0.019 0.813 0.168 
618    (0)   :  0.116 0.597 0.287 
619    (0)   :  0.063 0.317 0.620 
620    (0)   :  0.011 0.331 0.658 
621    (0)   :  0.017 0.903 0.079 
622    (0)   :  0.089 0.639 0.272 
623    (0)   :  0.020 0.637 0.343 
624    (0)   :  0.098 0.800 0.103 
625    (0)   :  0.086 0.743 0.170 
626    (0)   :  0.423 0.212 0.365 
627    (0)   :  0.028 0.732 0.240 
628    (0)   :  0.033 0.691 0.276 
629    (0)   :  0.033 0.603 0.364 
630    (0)   :  0.033 0.818 0.150 
631    (0)   :  0.028 0.848 0.123 
632    (0)   :  0.075 0.113 0.812 
633    (0)   :  0.058 0.817 0.125 
634    (0)   :  0.109 0.598 0.293 
635    (0)   :  0.426 0.214 0.360 
636    (0)   :  0.170 0.656 0.174 
637    (0)   :  0.033 0.167 0.800 
638    (0)   :  0.051 0.595 0.355 
639    (0)   :  0.049 0.767 0.184 
640    (0)   :  0.025 0.863 0.112 
641    (0)   :  0.035 0.633 0.332 
642    (0)   :  0.321 0.124 0.555 
643    (0)   :  0.795 0.073 0.132 
644    (0)   :  0.564 0.178 0.258 
645    (0)   :  0.701 0.171 0.128 
646    (0)   :  0.042 0.159 0.798 
647    (0)   :  0.115 0.106 0.779 
648    (0)   :  0.229 0.272 0.499 
649    (0)   :  0.063 0.071 0.866 
650    (0)   :  0.057 0.127 0.816 
651    (0)   :  0.408 0.230 0.362 
652    (0)   :  0.521 0.134 0.345 
653    (0)   :  0.204 0.157 0.639 
654    (0)   :  0.216 0.077 0.707 
655    (0)   :  0.505 0.220 0.274 
656    (0)   :  0.094 0.132 0.774 
657    (0)   :  0.119 0.621 0.259 
658    (0)   :  0.105 0.263 0.632 
659    (0)   :  0.448 0.176 0.376 
660    (0)   :  0.421 0.071 0.508 
661    (0)   :  0.604 0.117 0.279 
662    (0)   :  0.037 0.059 0.904 
663    (0)   :  0.361 0.118 0.521 
664    (0)   :  0.151 0.384 0.464 
665    (0)   :  0.045 0.082 0.873 
666    (0)   :  0.268 0.096 0.636 
667    (0)   :  0.038 0.213 0.749 
668    (0)   :  0.389 0.242 0.370 
669    (0)   :  0.114 0.120 0.766 
670    (0)   :  0.833 0.042 0.124 
671    (0)   :  0.539 0.065 0.396 
672    (0)   :  0.664 0.118 0.217 
673    (0)   :  0.916 0.038 0.046 
674    (0)   :  0.757 0.080 0.164 
675    (0)   :  0.803 0.056 0.141 
676    (0)   :  0.912 0.038 0.050 
677    (0)   :  0.705 0.039 0.256 
678    (0)   :  0.914 0.040 0.047 
679    (0)   :  0.849 0.078 0.073 
680    (0)   :  0.840 0.064 0.096 
681    (0)   :  0.235 0.263 0.502 
682    (0)   :  0.856 0.060 0.084 
683    (0)   :  0.858 0.040 0.102 
684    (0)   :  0.905 0.040 0.055 
685    (0)   :  0.915 0.036 0.050 
686    (0)   :  0.573 0.062 0.366 
687    (0)   :  0.518 0.060 0.422 
688    (0)   :  0.827 0.056 0.117 
689    (0)   :  0.917 0.036 0.047 
690    (0)   :  0.912 0.038 0.050 
691    (0)   :  0.835 0.068 0.097 
692    (0)   :  0.867 0.060 0.072 
693    (0)   :  0.846 0.066 0.089 
694    (0)   :  0.918 0.033 0.049 
695    (0)   :  0.868 0.047 0.084 
696    (0)   :  0.821 0.057 0.122 
697    (0)   :  0.905 0.039 0.057 
698    (0)   :  0.903 0.038 0.059 
699    (0)   :  0.779 0.045 0.176 
700    (0)   :  0.833 0.073 0.095 
701    (0)   :  0.806 0.082 0.112 
702    (0)   :  0.649 0.091 0.260 
703    (0)   :  0.827 0.062 0.111 
704    (0)   :  0.821 0.051 0.129 
705    (0)   :  0.319 0.112 0.569 
706    (0)   :  0.848 0.054 0.098 
707    (0)   :  0.889 0.040 0.071 
708    (0)   :  0.885 0.039 0.076 
709    (0)   :  0.874 0.039 0.087 
710    (0)   :  0.916 0.034 0.051 
711    (0)   :  0.784 0.057 0.159 
712    (0)   :  0.803 0.034 0.163 
713    (0)   :  0.826 0.051 0.124 
714    (0)   :  0.763 0.085 0.152 
715    (0)   :  0.886 0.033 0.081 
716    (0)   :  0.868 0.050 0.081 
717    (0)   :  0.911 0.034 0.055 
718    (0)   :  0.722 0.063 0.214 
719    (0)   :  0.885 0.034 0.081 
720    (0)   :  0.020 0.840 0.140 
721    (0)   :  0.601 0.276 0.123 
722    (0)   :  0.039 0.816 0.145 
723    (0)   :  0.032 0.877 0.090 
724    (0)   :  0.128 0.779 0.094 
725    (0)   :  0.141 0.371 0.488 
726    (0)   :  0.068 0.727 0.205 
727    (0)   :  0.116 0.194 0.690 
728    (0)   :  0.011 0.943 0.046 
729    (0)   :  0.013 0.937 0.050 
730    (0)   :  0.020 0.873 0.107 
731    (0)   :  0.029 0.896 0.075 
732    (0)   :  0.033 0.878 0.089 
733    (0)   :  0.017 0.927 0.056 
734    (0)   :  0.012 0.935 0.054 
735    (0)   :  0.024 0.928 0.048 
736    (0)   :  0.022 0.899 0.079 
737    (0)   :  0.025 0.807 0.168 
738    (0)   :  0.020 0.902 0.077 
739    (0)   :  0.016 0.932 0.052 
740    (0)   :  0.771 0.103 0.125 
741    (0)   :  0.491 0.190 0.320 
742    (0)   :  0.116 0.717 0.167 
743    (0)   :  0.056 0.628 0.316 
744    (0)   :  0.035 0.114 0.851 
745    (0)   :  0.017 0.586 0.397 
746    (0)   :  0.106 0.304 0.590 
747    (0)   :  0.031 0.283 0.686 
748    (0)   :  0.299 0.150 0.551 
749    (0)   :  0.065 0.169 0.766 
750    (0)   :  0.045 0.239 0.716 
751    (0)   :  0.424 0.202 0.374 
752    (0)   :  0.038 0.293 0.670 
753    (0)   :  0.120 0.368 0.512 
754    (0)   :  0.313 0.266 0.421 
755    (0)   :  0.084 0.256 0.661 
756    (0)   :  0.132 0.153 0.715 
757    (0)   :  0.054 0.209 0.737 
758    (0)   :  0.017 0.337 0.646 
759    (0)   :  0.463 0.267 0.270 
760    (0)   :  0.077 0.722 0.202 
761    (0)   :  0.215 0.549 0.236 
762    (0)   :  0.026 0.843 0.131 
763    (0)   :  0.119 0.371 0.510 
764    (0)   :  0.041 0.276 0.682 
765    (0)   :  0.033 0.786 0.180 
766    (0)   :  0.296 0.335 0.369 
767    (0)   :  0.128 0.272 0.600 
768    (0)   :  0.026 0.832 0.142 
769    (0)   :  0.158 0.631 0.211 
770    (0)   :  0.024 0.809 0.168 
771    (0)   :  0.052 0.080 0.868 
772    (0)   :  0.240 0.404 0.357 
773    (0)   :  0.061 0.470 0.469 
774    (0)   :  0.348 0.202 0.450 
775    (0)   :  0.050 0.847 0.103 
776    (0)   :  0.028 0.383 0.588 
777    (0)   :  0.047 0.244 0.710 
778    (0)   :  0.057 0.130 0.812 
779    (0)   :  0.100 0.391 0.508 
780    (0)   :  0.293 0.186 0.521 
781    (0)   :  0.070 0.073 0.857 
782    (0)   :  0.101 0.388 0.511 
783    (0)   :  0.207 0.449 0.344 
784    (0)   :  0.038 0.691 0.271 
785    (0)   :  0.094 0.381 0.524 
786    (0)   :  0.438 0.274 0.288 
787    (0)   :  0.149 0.071 0.780 
788    (0)   :  0.054 0.675 0.271 
789    (0)   :  0.045 0.749 0.206 
790    (0)   :  0.179 0.322 0.498 
791    (0)   :  0.078 0.339 0.583 
792    (0)   :  0.350 0.119 0.531 
793    (0)   :  0.176 0.146 0.678 
794    (0)   :  0.069 0.308 0.623 
795    (0)   :  0.393 0.174 0.433 
796    (0)   :  0.089 0.241 0.671 
797    (0)   :  0.518 0.105 0.376 
798    (0)   :  0.014 0.847 0.139 
799    (0)   :  0.036 0.606 0.358 
800    (0)   :  0.216 0.061 0.724 
801    (0)   :  0.029 0.772 0.199 
802    (0)   :  0.168 0.472 0.360 
803    (0)   :  0.168 0.138 0.695 
804    (0)   :  0.044 0.178 0.777 
805    (0)   :  0.799 0.064 0.137 
806    (0)   :  0.066 0.323 0.611 
807    (0)   :  0.667 0.075 0.258 
808    (0)   :  0.231 0.082 0.688 
809    (0)   :  0.036 0.207 0.758 
810    (0)   :  0.095 0.518 0.387 
811    (0)   :  0.225 0.093 0.682 
812    (0)   :  0.017 0.093 0.890 
813    (0)   :  0.017 0.836 0.147 
814    (0)   :  0.021 0.112 0.867 
815    (0)   :  0.180 0.195 0.625 
816    (0)   :  0.284 0.373 0.343 
817    (0)   :  0.167 0.477 0.356 
818    (0)   :  0.040 0.434 0.526 
819    (0)   :  0.048 0.092 0.860 
820    (0)   :  0.069 0.191 0.740 
821    (0)   :  0.056 0.756 0.189 
822    (0)   :  0.013 0.771 0.216 
823    (0)   :  0.190 0.595 0.215 
824    (0)   :  0.086 0.480 0.435 
825    (0)   :  0.023 0.717 0.259 
826    (0)   :  0.021 0.498 0.481 
827    (0)   :  0.026 0.882 0.092 
828    (0)   :  0.048 0.834 0.119 
829    (0)   :  0.051 0.735 0.214 
830    (0)   :  0.018 0.905 0.077 
831    (0)   :  0.077 0.558 0.366 
832    (0)   :  0.068 0.347 0.585 
833    (0)   :  0.117 0.523 0.360 
834    (0)   :  0.067 0.571 0.362 
835    (0)   :  0.018 0.412 0.570 
836    (0)   :  0.035 0.228 0.737 
837    (0)   :  0.154 0.526 0.320 
838    (0)   :  0.017 0.195 0.788 
839    (0)   :  0.036 0.771 0.194 
840    (0)   :  0.051 0.111 0.838 
841    (0)   :  0.037 0.133 0.830 
842    (0)   :  0.014 0.646 0.340 
843    (0)   :  0.119 0.097 0.784 
844    (0)   :  0.062 0.261 0.676 
845    (0)   :  0.021 0.583 0.397 
846    (0)   :  0.045 0.245 0.710 
847    (0)   :  0.083 0.177 0.739 
848    (0)   :  0.036 0.145 0.819 
849    (0)   :  0.032 0.646 0.322 
850    (0)   :  0.029 0.848 0.123 
851    (0)   :  0.024 0.412 0.564 
852    (0)   :  0.513 0.345 0.142 
853    (0)   :  0.026 0.598 0.376 
854    (0)   :  0.159 0.591 0.249 
855    (0)   :  0.040 0.392 0.568 
856    (0)   :  0.066 0.375 0.559 
857    (0)   :  0.029 0.202 0.769 
858    (0)   :  0.022 0.527 0.451 
859    (0)   :  0.022 0.881 0.097 
860    (0)   :  0.022 0.499 0.478 
861    (0)   :  0.226 0.110 0.664 
862    (0)   :  0.020 0.922 0.058 
863    (0)   :  0.051 0.855 0.093 
864    (0)   :  0.039 0.911 0.049 
865    (0)   :  0.011 0.933 0.056 
866    (0)   :  0.018 0.881 0.101 
867    (0)   :  0.030 0.889 0.082 
868    (0)   :  0.020 0.869 0.111 
869    (0)   :  0.020 0.892 0.088 
870    (0)   :  0.013 0.753 0.234 
871    (0)   :  0.014 0.897 0.089 
872    (0)   :  0.019 0.927 0.054 
873    (0)   :  0.026 0.917 0.057 
874    (0)   :  0.014 0.921 0.065 
875    (0)   :  0.021 0.743 0.236 
876    (0)   :  0.017 0.761 0.221 
877    (0)   :  0.022 0.932 0.046 
878    (0)   :  0.029 0.801 0.170 
879    (0)   :  0.030 0.910 0.060 
880    (0)   :  0.017 0.808 0.175 
881    (0)   :  0.027 0.896 0.077 
882    (0)   :  0.024 0.926 0.049 
883    (0)   :  0.028 0.592 0.380 
884    (0)   :  0.011 0.938 0.051 
885    (0)   :  0.038 0.785 0.177 
886    (0)   :  0.034 0.882 0.084 
887    (0)   :  0.013 0.931 0.055 
888    (0)   :  0.054 0.686 0.260 
889    (0)   :  0.011 0.934 0.054 
890    (0)   :  0.011 0.913 0.076 
891    (0)   :  0.019 0.502 0.479 
892    (0)   :  0.022 0.404 0.574 
893    (0)   :  0.026 0.216 0.759 
894    (0)   :  0.013 0.869 0.118 
895    (0)   :  0.014 0.919 0.067 
896    (0)   :  0.031 0.208 0.760 
897    (0)   :  0.021 0.358 0.621 
898    (0)   :  0.042 0.696 0.261 
899    (0)   :  0.011 0.866 0.124 
900    (0)   :  0.017 0.509 0.474 
901    (0)   :  0.019 0.677 0.304 
902    (0)   :  0.021 0.176 0.803 
903    (0)   :  0.018 0.885 0.097 
904    (0)   :  0.037 0.670 0.293 
905    (0)   :  0.012 0.927 0.061 
906    (0)   :  0.024 0.623 0.353 
907    (0)   :  0.031 0.797 0.172 
908    (0)   :  0.024 0.854 0.123 
909    (0)   :  0.025 0.620 0.354 
910    (0)   :  0.022 0.300 0.678 
911    (0)   :  0.011 0.929 0.060 
912    (0)   :  0.013 0.886 0.101 
913    (0)   :  0.012 0.875 0.113 
914    (0)   :  0.099 0.537 0.364 
915    (0)   :  0.011 0.897 0.092 
916    (0)   :  0.017 0.646 0.338 
917    (0)   :  0.015 0.625 0.360 
918    (0)   :  0.068 0.703 0.229 
919    (0)   :  0.032 0.878 0.090 
920    (0)   :  0.028 0.816 0.156 
921    (0)   :  0.109 0.119 0.773 
922    (0)   :  0.021 0.135 0.844 
923    (0)   :  0.029 0.081 0.890 
924    (0)   :  0.018 0.092 0.889 
925    (0)   :  0.029 0.116 0.855 
926    (0)   :  0.029 0.047 0.924 
927    (0)   :  0.054 0.072 0.874 
928    (0)   :  0.077 0.048 0.874 
929    (0)   :  0.018 0.056 0.927 
930    (0)   :  0.032 0.097 0.872 
931    (0)   :  0.123 0.170 0.707 
932    (0)   :  0.016 0.064 0.920 
933    (0)   :  0.226 0.062 0.712 
934    (0)   :  0.013 0.062 0.924 
935    (0)   :  0.024 0.094 0.882 
936    (0)   :  0.017 0.063 0.921 
937    (0)   :  0.037 0.062 0.901 
938    (0)   :  0.067 0.042 0.890 
939    (0)   :  0.090 0.065 0.845 
940    (0)   :  0.042 0.077 0.881 
941    (0)   :  0.018 0.131 0.852 
942    (0)   :  0.102 0.102 0.796 
943    (0)   :  0.134 0.058 0.809 
944    (0)   :  0.051 0.058 0.891 
945    (0)   :  0.030 0.084 0.886 
946    (0)   :  0.025 0.066 0.910 
947    (0)   :  0.073 0.048 0.879 
948    (0)   :  0.014 0.167 0.819 
949    (0)   :  0.014 0.217 0.770 
950    (0)   :  0.037 0.044 0.919 
951    (0)   :  0.047 0.072 0.880 
952    (0)   :  0.021 0.067 0.912 
953    (0)   :  0.024 0.157 0.818 
954    (0)   :  0.024 0.143 0.833 
955    (0)   :  0.791 0.052 0.157 
956    (0)   :  0.660 0.050 0.290 
957    (0)   :  0.201 0.129 0.671 
958    (0)   :  0.038 0.269 0.693 
959    (0)   :  0.089 0.115 0.796 
960    (0)   :  0.067 0.612 0.321 
961    (0)   :  0.915 0.035 0.050 
962    (0)   :  0.023 0.056 0.921 
963    (0)   :  0.039 0.271 0.690 
964    (0)   :  0.086 0.662 0.251 
965    (0)   :  0.125 0.099 0.776 
966    (0)   :  0.081 0.130 0.789 
967    (0)   :  0.831 0.058 0.111 
968    (0)   :  0.031 0.071 0.898 
969    (0)   :  0.254 0.530 0.216 
970    (0)   :  0.700 0.075 0.225 
971    (0)   :  0.042 0.080 0.878 
972    (0)   :  0.124 0.228 0.648 
973    (0)   :  0.116 0.064 0.820 
974    (0)   :  0.055 0.331 0.615 
975    (0)   :  0.252 0.532 0.216 
976    (0)   :  0.041 0.079 0.879 
977    (0)   :  0.257 0.277 0.466 
978    (0)   :  0.082 0.086 0.833 
979    (0)   :  0.032 0.173 0.795 
980    (0)   :  0.126 0.094 0.780 
981    (0)   :  0.099 0.171 0.730 
982    (0)   :  0.026 0.700 0.273 
983    (0)   :  0.029 0.564 0.407 
984    (0)   :  0.717 0.171 0.112 
985    (0)   :  0.062 0.126 0.812 
986    (0)   :  0.050 0.438 0.512 
987    (0)   :  0.017 0.350 0.633 
988    (0)   :  0.013 0.923 0.065 
989    (0)   :  0.393 0.157 0.450 
990    (0)   :  0.061 0.675 0.265 
991    (0)   :  0.061 0.273 0.665 
992    (0)   :  0.014 0.104 0.883 
993    (0)   :  0.032 0.678 0.290 
994    (0)   :  0.073 0.090 0.837 
995    (0)   :  0.831 0.041 0.128 
996    (0)   :  0.027 0.841 0.132 
997    (0)   :  0.034 0.090 0.876 
998    (0)   :  0.025 0.390 0.585 
999    (0)   :  0.077 0.173 0.750 
1000    (0)   :  0.019 0.384 0.597 
1001    (0)   :  0.031 0.823 0.145 
1002    (0)   :  0.013 0.834 0.153 
1003    (0)   :  0.036 0.162 0.802 
1004    (0)   :  0.032 0.165 0.802 
1005    (0)   :  0.019 0.281 0.700 
1006    (0)   :  0.048 0.117 0.834 
1007    (0)   :  0.099 0.100 0.801 
1008    (0)   :  0.134 0.074 0.792 
1009    (0)   :  0.053 0.169 0.779 
1010    (0)   :  0.060 0.142 0.798 
1011    (0)   :  0.174 0.117 0.709 
1012    (0)   :  0.023 0.111 0.866 
1013    (0)   :  0.038 0.140 0.822 
1014    (0)   :  0.021 0.400 0.579 
1015    (0)   :  0.021 0.108 0.872 
1016    (0)   :  0.020 0.510 0.470 
1017    (0)   :  0.055 0.103 0.841 
1018    (0)   :  0.059 0.124 0.817 
1019    (0)   :  0.085 0.482 0.433 
1020    (0)   :  0.682 0.053 0.265 
1021    (0)   :  0.217 0.067 0.716 
1022    (0)   :  0.064 0.171 0.765 
1023    (0)   :  0.028 0.804 0.167 
1024    (0)   :  0.021 0.738 0.241 
1025    (0)   :  0.043 0.217 0.740 
1026    (0)   :  0.189 0.667 0.144 
1027    (0)   :  0.091 0.438 0.471 
1028    (0)   :  0.097 0.808 0.095 
1029    (0)   :  0.129 0.511 0.359 
1030    (0)   :  0.389 0.190 0.421 
1031    (0)   :  0.235 0.508 0.257 
1032    (0)   :  0.274 0.332 0.394 
1033    (0)   :  0.307 0.536 0.157 
1034    (0)   :  0.116 0.435 0.449 
1035    (0)   :  0.774 0.122 0.104 
1036    (0)   :  0.288 0.251 0.461 
1037    (0)   :  0.371 0.171 0.459 
1038    (0)   :  0.536 0.288 0.176 
1039    (0)   :  0.215 0.189 0.596 
1040    (0)   :  0.145 0.678 0.177 
1041    (0)   :  0.207 0.638 0.155 
1042    (0)   :  0.464 0.272 0.265 
1043    (0)   :  0.252 0.598 0.150 
1044    (0)   :  0.098 0.489 0.413 
1045    (0)   :  0.195 0.705 0.099 
1046    (0)   :  0.319 0.237 0.444 
1047    (0)   :  0.712 0.116 0.172 
1048    (0)   :  0.049 0.744 0.207 
1049    (0)   :  0.035 0.476 0.489 
1050    (0)   :  0.011 0.918 0.071 
1051    (0)   :  0.013 0.835 0.152 
1052    (0)   :  0.019 0.833 0.148 
1053    (0)   :  0.025 0.871 0.104 
1054    (0)   :  0.023 0.818 0.159 
1055    (0)   :  0.019 0.415 0.566 
1056    (0)   :  0.019 0.731 0.250 
1057    (0)   :  0.014 0.880 0.106 
1058    (0)   :  0.015 0.859 0.126 
1059    (0)   :  0.032 0.872 0.096 
1060    (0)   :  0.058 0.547 0.395 
1061    (0)   :  0.015 0.245 0.740 
1062    (0)   :  0.017 0.878 0.106 
1063    (0)   :  0.026 0.086 0.888 
1064    (0)   :  0.020 0.774 0.206 
1065    (0)   :  0.027 0.328 0.645 
1066    (0)   :  0.036 0.251 0.714 
1067    (0)   :  0.015 0.866 0.119 
1068    (0)   :  0.247 0.508 0.245 
1069    (0)   :  0.013 0.898 0.089 
1070    (0)   :  0.017 0.724 0.259 
1071    (0)   :  0.061 0.568 0.371 
1072    (0)   :  0.029 0.414 0.557 
1073    (0)   :  0.020 0.860 0.119 
1074    (0)   :  0.054 0.714 0.232 
1075    (0)   :  0.037 0.517 0.446 
1076    (0)   :  0.042 0.710 0.247 
1077    (0)   :  0.013 0.929 0.058 
1078    (0)   :  0.022 0.410 0.568 
1079    (0)   :  0.020 0.819 0.161 
1080    (0)   :  0.081 0.275 0.643 
1081    (0)   :  0.013 0.927 0.060 
1082    (0)   :  0.042 0.389 0.569 
1083    (0)   :  0.034 0.387 0.579 
1084    (0)   :  0.049 0.247 0.704 
1085    (0)   :  0.010 0.844 0.147 
1086    (0)   :  0.014 0.208 0.777 
1087    (0)   :  0.010 0.847 0.143 
1088    (0)   :  0.012 0.711 0.277 
1089    (0)   :  0.012 0.895 0.092 
1090    (0)   :  0.016 0.855 0.130 
1091    (0)   :  0.023 0.801 0.176 
1092    (0)   :  0.016 0.900 0.084 
1093    (0)   :  0.044 0.468 0.488 
1094    (0)   :  0.044 0.828 0.128 
