

----------------------------------------------------
STRUCTURE by Pritchard, Stephens and Donnelly (2000)
     and Falush, Stephens and Pritchard (2003)
       Code by Pritchard, Falush and Hubisz
             Version 2.3.4 (Jul 2012)
----------------------------------------------------



Command line arguments:   ./structure -K 5 -D 105001 -m brooktrout/mainparams -e brooktrout/extraparams -o brooktrout/250914_output/results_K5_rep1 
Input File:    brooktrout/brooktrout.txt

Run parameters:
   8454 individuals
   5 loci
   5 populations assumed
   50000 Burn-in period
   100000 Reps
RANDOMIZE turned off


--------------------------------------------
Overall proportion of membership of the
sample in each of the 5 clusters

Inferred Clusters
  1      2      3      4      5    
0.095  0.099  0.149  0.235  0.421  

--------------------------------------------

Allele-freq. divergence among pops (Net nucleotide distance),
computed using point estimates of P.

      1       2       3       4       5      
 1      -    0.0749  0.1091  0.1232  0.0513  
 2   0.0749     -    0.1219  0.1345  0.0576  
 3   0.1091  0.1219     -    0.0793  0.0677  
 4   0.1232  0.1345  0.0793     -    0.0994  
 5   0.0513  0.0576  0.0677  0.0994     -    

Average distances (expected heterozygosity) between individuals in same cluster:
cluster  1  : 0.7672 
cluster  2  : 0.7577 
cluster  3  : 0.8009 
cluster  4  : 0.7395 
cluster  5  : 0.8239 

--------------------------------------------
Estimated Ln Prob of Data   = -180926.5
Mean value of ln likelihood = -172275.4
Variance of ln likelihood   = 17302.2

Mean value of alpha_1       = 0.1317
Mean value of alpha_2       = 0.1380
Mean value of alpha_3       = 0.2164
Mean value of alpha_4       = 0.3426
Mean value of alpha_5       = 0.6148
Allele frequencies uncorrelated


Inferred ancestry of individuals:
     (%Miss) :  Inferred clusters
  1    (0)   :  0.083 0.156 0.095 0.351 0.315 
  2    (0)   :  0.071 0.021 0.229 0.088 0.591 
  3    (0)   :  0.291 0.113 0.123 0.209 0.263 
  4    (0)   :  0.045 0.030 0.081 0.632 0.212 
  5    (0)   :  0.131 0.024 0.145 0.083 0.616 
  6    (0)   :  0.582 0.053 0.045 0.064 0.255 
  7    (0)   :  0.060 0.052 0.029 0.068 0.790 
  8    (0)   :  0.272 0.034 0.051 0.364 0.279 
  9    (0)   :  0.222 0.070 0.138 0.150 0.420 
 10    (0)   :  0.180 0.040 0.033 0.229 0.518 
 11    (0)   :  0.044 0.098 0.028 0.070 0.759 
 12    (0)   :  0.145 0.024 0.169 0.133 0.529 
 13    (0)   :  0.131 0.039 0.077 0.139 0.614 
 14    (0)   :  0.081 0.057 0.331 0.180 0.351 
 15    (0)   :  0.083 0.050 0.105 0.293 0.468 
 16    (0)   :  0.132 0.129 0.053 0.127 0.559 
 17    (0)   :  0.458 0.030 0.089 0.098 0.325 
 18    (0)   :  0.304 0.093 0.156 0.154 0.294 
 19    (0)   :  0.512 0.029 0.049 0.087 0.324 
 20    (0)   :  0.122 0.042 0.107 0.112 0.618 
 21    (0)   :  0.061 0.073 0.219 0.326 0.321 
 22    (0)   :  0.504 0.058 0.067 0.133 0.238 
 23    (0)   :  0.053 0.042 0.304 0.297 0.304 
 24    (0)   :  0.122 0.098 0.074 0.334 0.372 
 25    (0)   :  0.191 0.038 0.054 0.054 0.663 
 26    (0)   :  0.383 0.046 0.102 0.176 0.294 
 27    (0)   :  0.127 0.062 0.101 0.173 0.538 
 28    (0)   :  0.060 0.090 0.056 0.414 0.380 
 29    (0)   :  0.048 0.033 0.105 0.104 0.712 
 30    (0)   :  0.379 0.148 0.122 0.108 0.244 
 31    (0)   :  0.145 0.040 0.116 0.215 0.484 
 32    (0)   :  0.243 0.032 0.134 0.248 0.343 
 33    (0)   :  0.104 0.211 0.120 0.212 0.354 
 34    (0)   :  0.189 0.050 0.034 0.113 0.614 
 35    (0)   :  0.233 0.057 0.297 0.084 0.329 
 36    (0)   :  0.027 0.465 0.265 0.087 0.156 
 37    (0)   :  0.073 0.031 0.152 0.291 0.453 
 38    (0)   :  0.028 0.644 0.082 0.049 0.196 
 39    (0)   :  0.065 0.327 0.140 0.085 0.384 
 40    (0)   :  0.062 0.059 0.536 0.173 0.171 
 41    (0)   :  0.051 0.339 0.288 0.082 0.240 
 42    (0)   :  0.019 0.271 0.129 0.420 0.161 
 43    (0)   :  0.046 0.026 0.402 0.156 0.371 
 44    (0)   :  0.150 0.043 0.551 0.058 0.197 
 45    (0)   :  0.026 0.328 0.306 0.056 0.284 
 46    (0)   :  0.270 0.073 0.167 0.070 0.420 
 47    (0)   :  0.312 0.041 0.124 0.131 0.392 
 48    (0)   :  0.180 0.033 0.611 0.053 0.123 
 49    (0)   :  0.087 0.177 0.177 0.117 0.442 
 50    (0)   :  0.227 0.070 0.074 0.125 0.504 
 51    (0)   :  0.017 0.191 0.618 0.061 0.114 
 52    (0)   :  0.071 0.310 0.097 0.117 0.405 
 53    (0)   :  0.058 0.633 0.063 0.088 0.158 
 54    (0)   :  0.077 0.022 0.347 0.135 0.419 
 55    (0)   :  0.055 0.023 0.584 0.080 0.258 
 56    (0)   :  0.197 0.108 0.427 0.107 0.161 
 57    (0)   :  0.256 0.033 0.042 0.259 0.410 
 58    (0)   :  0.034 0.114 0.389 0.106 0.358 
 59    (0)   :  0.038 0.371 0.212 0.090 0.291 
 60    (0)   :  0.032 0.093 0.498 0.193 0.184 
 61    (0)   :  0.017 0.020 0.707 0.097 0.159 
 62    (0)   :  0.214 0.063 0.121 0.096 0.505 
 63    (0)   :  0.031 0.075 0.227 0.173 0.494 
 64    (0)   :  0.350 0.189 0.095 0.064 0.302 
 65    (0)   :  0.041 0.030 0.066 0.049 0.815 
 66    (0)   :  0.027 0.034 0.301 0.238 0.400 
 67    (0)   :  0.043 0.021 0.525 0.066 0.345 
 68    (0)   :  0.033 0.393 0.185 0.117 0.272 
 69    (0)   :  0.061 0.409 0.076 0.179 0.276 
 70    (0)   :  0.028 0.153 0.304 0.150 0.366 
 71    (0)   :  0.028 0.294 0.346 0.048 0.284 
 72    (0)   :  0.095 0.386 0.147 0.074 0.297 
 73    (0)   :  0.026 0.041 0.465 0.057 0.411 
 74    (0)   :  0.032 0.449 0.208 0.169 0.142 
 75    (0)   :  0.027 0.217 0.382 0.252 0.123 
 76    (0)   :  0.034 0.040 0.271 0.090 0.564 
 77    (0)   :  0.024 0.397 0.263 0.064 0.253 
 78    (0)   :  0.024 0.533 0.199 0.068 0.177 
 79    (0)   :  0.040 0.046 0.037 0.076 0.801 
 80    (0)   :  0.032 0.034 0.061 0.583 0.290 
 81    (0)   :  0.035 0.042 0.052 0.457 0.413 
 82    (0)   :  0.029 0.033 0.143 0.186 0.609 
 83    (0)   :  0.043 0.090 0.127 0.326 0.415 
 84    (0)   :  0.030 0.064 0.061 0.301 0.544 
 85    (0)   :  0.070 0.090 0.087 0.396 0.356 
 86    (0)   :  0.073 0.037 0.312 0.073 0.505 
 87    (0)   :  0.029 0.056 0.058 0.086 0.771 
 88    (0)   :  0.027 0.034 0.066 0.341 0.532 
 89    (0)   :  0.026 0.033 0.077 0.462 0.401 
 90    (0)   :  0.023 0.033 0.043 0.089 0.813 
 91    (0)   :  0.038 0.071 0.077 0.579 0.237 
 92    (0)   :  0.039 0.039 0.058 0.147 0.718 
 93    (0)   :  0.021 0.025 0.040 0.789 0.125 
 94    (0)   :  0.027 0.274 0.044 0.075 0.580 
 95    (0)   :  0.019 0.029 0.050 0.204 0.697 
 96    (0)   :  0.018 0.026 0.534 0.222 0.200 
 97    (0)   :  0.034 0.264 0.289 0.243 0.171 
 98    (0)   :  0.043 0.057 0.424 0.132 0.344 
 99    (0)   :  0.026 0.043 0.056 0.265 0.610 
100    (0)   :  0.026 0.018 0.151 0.637 0.168 
101    (0)   :  0.031 0.048 0.104 0.151 0.667 
102    (0)   :  0.026 0.069 0.112 0.405 0.388 
103    (0)   :  0.023 0.026 0.263 0.189 0.499 
104    (0)   :  0.026 0.030 0.086 0.116 0.742 
105    (0)   :  0.020 0.023 0.100 0.183 0.674 
106    (0)   :  0.038 0.094 0.052 0.039 0.777 
107    (0)   :  0.025 0.028 0.166 0.163 0.618 
108    (0)   :  0.035 0.054 0.705 0.051 0.155 
109    (0)   :  0.041 0.093 0.086 0.041 0.739 
110    (0)   :  0.035 0.095 0.037 0.047 0.786 
111    (0)   :  0.022 0.025 0.051 0.056 0.846 
112    (0)   :  0.020 0.062 0.047 0.043 0.828 
113    (0)   :  0.061 0.061 0.368 0.107 0.403 
114    (0)   :  0.021 0.029 0.067 0.146 0.738 
115    (0)   :  0.036 0.029 0.159 0.075 0.700 
116    (0)   :  0.037 0.191 0.158 0.043 0.572 
117    (0)   :  0.033 0.069 0.049 0.064 0.786 
118    (0)   :  0.035 0.030 0.253 0.060 0.622 
119    (0)   :  0.020 0.055 0.431 0.237 0.257 
120    (0)   :  0.028 0.034 0.088 0.077 0.773 
121    (0)   :  0.034 0.044 0.171 0.061 0.689 
122    (0)   :  0.028 0.073 0.051 0.054 0.794 
123    (0)   :  0.025 0.053 0.077 0.077 0.768 
124    (0)   :  0.072 0.192 0.127 0.058 0.552 
125    (0)   :  0.071 0.237 0.069 0.076 0.548 
126    (0)   :  0.020 0.139 0.132 0.090 0.618 
127    (0)   :  0.020 0.025 0.065 0.060 0.831 
128    (0)   :  0.026 0.022 0.189 0.066 0.696 
129    (0)   :  0.024 0.022 0.107 0.052 0.794 
130    (0)   :  0.024 0.030 0.082 0.153 0.712 
131    (0)   :  0.036 0.441 0.090 0.050 0.383 
132    (0)   :  0.030 0.054 0.079 0.044 0.793 
133    (0)   :  0.028 0.038 0.129 0.084 0.722 
134    (0)   :  0.025 0.052 0.032 0.033 0.858 
135    (0)   :  0.024 0.033 0.228 0.542 0.173 
136    (0)   :  0.044 0.021 0.042 0.784 0.108 
137    (0)   :  0.021 0.023 0.034 0.757 0.165 
138    (0)   :  0.027 0.028 0.048 0.803 0.094 
139    (0)   :  0.036 0.029 0.509 0.263 0.164 
140    (0)   :  0.023 0.065 0.102 0.528 0.282 
141    (0)   :  0.063 0.037 0.058 0.706 0.135 
142    (0)   :  0.021 0.029 0.293 0.508 0.148 
143    (0)   :  0.019 0.018 0.040 0.841 0.082 
144    (0)   :  0.019 0.021 0.038 0.763 0.159 
145    (0)   :  0.089 0.039 0.086 0.618 0.168 
146    (0)   :  0.044 0.047 0.061 0.553 0.295 
147    (0)   :  0.023 0.019 0.031 0.843 0.084 
148    (0)   :  0.037 0.026 0.106 0.595 0.237 
149    (0)   :  0.025 0.038 0.087 0.744 0.107 
150    (0)   :  0.026 0.026 0.055 0.609 0.284 
151    (0)   :  0.021 0.022 0.049 0.782 0.126 
152    (0)   :  0.063 0.035 0.168 0.533 0.201 
153    (0)   :  0.023 0.048 0.061 0.738 0.130 
154    (0)   :  0.041 0.022 0.070 0.751 0.116 
155    (0)   :  0.020 0.020 0.045 0.802 0.114 
156    (0)   :  0.015 0.023 0.164 0.646 0.151 
157    (0)   :  0.018 0.041 0.037 0.669 0.235 
158    (0)   :  0.072 0.042 0.056 0.677 0.152 
159    (0)   :  0.021 0.018 0.035 0.837 0.088 
160    (0)   :  0.025 0.019 0.039 0.826 0.092 
161    (0)   :  0.026 0.049 0.056 0.696 0.174 
162    (0)   :  0.063 0.042 0.086 0.486 0.323 
163    (0)   :  0.017 0.021 0.055 0.803 0.102 
164    (0)   :  0.032 0.035 0.068 0.548 0.318 
165    (0)   :  0.020 0.026 0.048 0.658 0.249 
166    (0)   :  0.025 0.071 0.096 0.547 0.261 
167    (0)   :  0.103 0.021 0.041 0.656 0.179 
168    (0)   :  0.032 0.061 0.075 0.704 0.128 
169    (0)   :  0.091 0.263 0.059 0.446 0.141 
170    (0)   :  0.019 0.025 0.136 0.666 0.153 
171    (0)   :  0.046 0.044 0.091 0.605 0.213 
172    (0)   :  0.024 0.225 0.127 0.521 0.102 
173    (0)   :  0.026 0.018 0.058 0.800 0.098 
174    (0)   :  0.022 0.023 0.035 0.797 0.123 
175    (0)   :  0.045 0.019 0.049 0.790 0.097 
176    (0)   :  0.019 0.021 0.038 0.764 0.158 
177    (0)   :  0.024 0.082 0.045 0.555 0.293 
178    (0)   :  0.050 0.025 0.041 0.727 0.157 
179    (0)   :  0.023 0.018 0.039 0.833 0.087 
180    (0)   :  0.057 0.040 0.063 0.637 0.202 
181    (0)   :  0.035 0.034 0.109 0.684 0.139 
182    (0)   :  0.021 0.018 0.081 0.769 0.110 
183    (0)   :  0.027 0.019 0.049 0.810 0.095 
184    (0)   :  0.218 0.022 0.381 0.075 0.304 
185    (0)   :  0.018 0.019 0.213 0.661 0.089 
186    (0)   :  0.057 0.021 0.170 0.078 0.674 
187    (0)   :  0.064 0.022 0.426 0.267 0.221 
188    (0)   :  0.054 0.019 0.271 0.054 0.603 
189    (0)   :  0.151 0.124 0.263 0.272 0.191 
190    (0)   :  0.014 0.015 0.754 0.131 0.085 
191    (0)   :  0.045 0.021 0.491 0.115 0.328 
192    (0)   :  0.052 0.025 0.236 0.306 0.380 
193    (0)   :  0.063 0.035 0.348 0.242 0.312 
194    (0)   :  0.035 0.029 0.266 0.301 0.369 
195    (0)   :  0.022 0.017 0.547 0.310 0.104 
196    (0)   :  0.019 0.019 0.714 0.122 0.127 
197    (0)   :  0.212 0.023 0.221 0.166 0.378 
198    (0)   :  0.052 0.066 0.226 0.206 0.450 
199    (0)   :  0.027 0.026 0.633 0.155 0.159 
200    (0)   :  0.042 0.039 0.651 0.102 0.167 
201    (0)   :  0.033 0.018 0.341 0.476 0.132 
202    (0)   :  0.020 0.018 0.264 0.548 0.150 
203    (0)   :  0.026 0.016 0.402 0.424 0.132 
204    (0)   :  0.019 0.016 0.727 0.121 0.117 
205    (0)   :  0.032 0.024 0.704 0.084 0.157 
206    (0)   :  0.031 0.016 0.642 0.167 0.143 
207    (0)   :  0.023 0.016 0.664 0.085 0.211 
208    (0)   :  0.021 0.017 0.645 0.192 0.125 
209    (0)   :  0.046 0.023 0.472 0.155 0.304 
210    (0)   :  0.023 0.018 0.617 0.162 0.179 
211    (0)   :  0.024 0.016 0.528 0.183 0.249 
212    (0)   :  0.038 0.026 0.187 0.610 0.139 
213    (0)   :  0.020 0.044 0.408 0.146 0.382 
214    (0)   :  0.029 0.017 0.334 0.489 0.131 
215    (0)   :  0.029 0.021 0.722 0.060 0.168 
216    (0)   :  0.176 0.025 0.286 0.113 0.400 
217    (0)   :  0.040 0.020 0.512 0.322 0.106 
218    (0)   :  0.036 0.026 0.589 0.123 0.226 
219    (0)   :  0.273 0.032 0.184 0.283 0.228 
220    (0)   :  0.023 0.016 0.717 0.081 0.162 
221    (0)   :  0.018 0.017 0.264 0.616 0.084 
222    (0)   :  0.264 0.027 0.195 0.169 0.345 
223    (0)   :  0.083 0.032 0.274 0.394 0.217 
224    (0)   :  0.033 0.017 0.389 0.392 0.168 
225    (0)   :  0.030 0.020 0.663 0.129 0.158 
226    (0)   :  0.093 0.067 0.549 0.132 0.158 
227    (0)   :  0.026 0.017 0.576 0.220 0.161 
228    (0)   :  0.019 0.016 0.647 0.226 0.092 
229    (0)   :  0.041 0.017 0.334 0.395 0.213 
230    (0)   :  0.029 0.016 0.511 0.262 0.183 
231    (0)   :  0.070 0.022 0.306 0.366 0.236 
232    (0)   :  0.029 0.054 0.262 0.335 0.320 
233    (0)   :  0.033 0.017 0.223 0.592 0.134 
234    (0)   :  0.073 0.032 0.229 0.263 0.404 
235    (0)   :  0.056 0.034 0.485 0.265 0.161 
236    (0)   :  0.055 0.023 0.342 0.387 0.194 
237    (0)   :  0.032 0.021 0.559 0.127 0.262 
238    (0)   :  0.030 0.021 0.248 0.511 0.190 
239    (0)   :  0.022 0.017 0.547 0.310 0.104 
240    (0)   :  0.030 0.022 0.252 0.506 0.191 
241    (0)   :  0.026 0.024 0.204 0.607 0.140 
242    (0)   :  0.074 0.047 0.516 0.165 0.198 
243    (0)   :  0.017 0.015 0.750 0.120 0.098 
244    (0)   :  0.026 0.016 0.465 0.352 0.141 
245    (0)   :  0.019 0.021 0.137 0.703 0.120 
246    (0)   :  0.040 0.020 0.515 0.319 0.107 
247    (0)   :  0.030 0.044 0.237 0.065 0.624 
248    (0)   :  0.030 0.020 0.578 0.066 0.305 
249    (0)   :  0.032 0.016 0.414 0.362 0.176 
250    (0)   :  0.059 0.021 0.369 0.294 0.257 
251    (0)   :  0.098 0.067 0.464 0.106 0.265 
252    (0)   :  0.042 0.024 0.521 0.232 0.181 
253    (0)   :  0.044 0.049 0.433 0.109 0.364 
254    (0)   :  0.180 0.021 0.318 0.178 0.303 
255    (0)   :  0.070 0.026 0.325 0.252 0.327 
256    (0)   :  0.033 0.022 0.507 0.286 0.152 
257    (0)   :  0.035 0.025 0.522 0.183 0.235 
258    (0)   :  0.030 0.034 0.477 0.120 0.339 
259    (0)   :  0.047 0.020 0.447 0.191 0.295 
260    (0)   :  0.210 0.021 0.134 0.367 0.268 
261    (0)   :  0.036 0.025 0.474 0.323 0.143 
262    (0)   :  0.019 0.018 0.664 0.214 0.085 
263    (0)   :  0.074 0.015 0.553 0.100 0.258 
264    (0)   :  0.416 0.040 0.181 0.052 0.311 
265    (0)   :  0.066 0.029 0.569 0.169 0.168 
266    (0)   :  0.018 0.017 0.255 0.618 0.092 
267    (0)   :  0.060 0.023 0.290 0.294 0.332 
268    (0)   :  0.019 0.019 0.711 0.122 0.129 
269    (0)   :  0.186 0.060 0.311 0.231 0.212 
270    (0)   :  0.104 0.024 0.270 0.130 0.473 
271    (0)   :  0.035 0.029 0.613 0.096 0.227 
272    (0)   :  0.049 0.054 0.658 0.090 0.149 
273    (0)   :  0.090 0.063 0.360 0.248 0.238 
274    (0)   :  0.065 0.039 0.551 0.127 0.218 
275    (0)   :  0.107 0.034 0.564 0.148 0.148 
276    (0)   :  0.042 0.046 0.638 0.093 0.181 
277    (0)   :  0.085 0.033 0.305 0.335 0.242 
278    (0)   :  0.025 0.021 0.746 0.072 0.137 
279    (0)   :  0.058 0.030 0.464 0.213 0.235 
280    (0)   :  0.102 0.046 0.518 0.160 0.173 
281    (0)   :  0.034 0.035 0.440 0.157 0.334 
282    (0)   :  0.074 0.026 0.187 0.510 0.204 
283    (0)   :  0.042 0.018 0.212 0.552 0.177 
284    (0)   :  0.037 0.028 0.303 0.303 0.329 
285    (0)   :  0.030 0.029 0.623 0.046 0.272 
286    (0)   :  0.026 0.016 0.463 0.352 0.142 
287    (0)   :  0.077 0.057 0.365 0.222 0.280 
288    (0)   :  0.056 0.036 0.676 0.082 0.151 
289    (0)   :  0.062 0.033 0.580 0.095 0.230 
290    (0)   :  0.121 0.057 0.504 0.125 0.194 
291    (0)   :  0.035 0.029 0.611 0.096 0.229 
292    (0)   :  0.054 0.050 0.580 0.178 0.137 
293    (0)   :  0.143 0.102 0.336 0.094 0.325 
294    (0)   :  0.076 0.017 0.610 0.075 0.222 
295    (0)   :  0.070 0.078 0.432 0.167 0.254 
296    (0)   :  0.025 0.022 0.671 0.083 0.199 
297    (0)   :  0.145 0.045 0.465 0.115 0.231 
298    (0)   :  0.085 0.023 0.213 0.408 0.271 
299    (0)   :  0.127 0.017 0.392 0.123 0.341 
300    (0)   :  0.028 0.022 0.701 0.071 0.179 
301    (0)   :  0.295 0.026 0.301 0.114 0.264 
302    (0)   :  0.070 0.018 0.634 0.082 0.195 
303    (0)   :  0.040 0.027 0.376 0.377 0.181 
304    (0)   :  0.182 0.021 0.070 0.424 0.303 
305    (0)   :  0.025 0.020 0.639 0.209 0.106 
306    (0)   :  0.066 0.030 0.383 0.387 0.133 
307    (0)   :  0.070 0.029 0.296 0.308 0.297 
308    (0)   :  0.037 0.025 0.472 0.323 0.143 
309    (0)   :  0.029 0.022 0.708 0.072 0.168 
310    (0)   :  0.022 0.016 0.647 0.203 0.112 
311    (0)   :  0.029 0.016 0.511 0.262 0.182 
312    (0)   :  0.019 0.017 0.683 0.085 0.197 
313    (0)   :  0.022 0.018 0.744 0.059 0.158 
314    (0)   :  0.018 0.023 0.054 0.826 0.078 
315    (0)   :  0.024 0.035 0.066 0.779 0.096 
316    (0)   :  0.035 0.040 0.051 0.772 0.102 
317    (0)   :  0.020 0.021 0.033 0.848 0.078 
318    (0)   :  0.022 0.022 0.027 0.852 0.078 
319    (0)   :  0.020 0.018 0.040 0.837 0.085 
320    (0)   :  0.018 0.022 0.054 0.828 0.077 
321    (0)   :  0.022 0.023 0.029 0.845 0.081 
322    (0)   :  0.031 0.038 0.075 0.752 0.104 
323    (0)   :  0.027 0.018 0.030 0.845 0.080 
324    (0)   :  0.021 0.022 0.030 0.845 0.081 
325    (0)   :  0.029 0.041 0.040 0.793 0.098 
326    (0)   :  0.033 0.049 0.040 0.785 0.093 
327    (0)   :  0.019 0.021 0.033 0.847 0.079 
328    (0)   :  0.026 0.035 0.054 0.778 0.107 
329    (0)   :  0.020 0.019 0.028 0.854 0.079 
330    (0)   :  0.020 0.021 0.033 0.847 0.079 
331    (0)   :  0.021 0.018 0.030 0.850 0.081 
332    (0)   :  0.045 0.043 0.037 0.778 0.097 
333    (0)   :  0.030 0.037 0.046 0.788 0.098 
334    (0)   :  0.027 0.035 0.053 0.780 0.106 
335    (0)   :  0.024 0.032 0.052 0.791 0.101 
336    (0)   :  0.030 0.024 0.039 0.831 0.077 
337    (0)   :  0.029 0.045 0.044 0.778 0.103 
338    (0)   :  0.023 0.023 0.026 0.849 0.079 
339    (0)   :  0.021 0.018 0.029 0.850 0.082 
340    (0)   :  0.019 0.017 0.034 0.851 0.079 
341    (0)   :  0.026 0.020 0.032 0.841 0.081 
342    (0)   :  0.020 0.020 0.033 0.848 0.079 
343    (0)   :  0.035 0.035 0.080 0.752 0.098 
344    (0)   :  0.021 0.018 0.027 0.855 0.079 
345    (0)   :  0.020 0.021 0.033 0.848 0.078 
346    (0)   :  0.019 0.020 0.030 0.854 0.076 
347    (0)   :  0.019 0.017 0.030 0.858 0.077 
348    (0)   :  0.022 0.032 0.102 0.748 0.096 
349    (0)   :  0.020 0.021 0.033 0.847 0.079 
350    (0)   :  0.021 0.019 0.050 0.827 0.082 
351    (0)   :  0.024 0.031 0.054 0.790 0.100 
352    (0)   :  0.026 0.040 0.051 0.785 0.098 
353    (0)   :  0.030 0.023 0.038 0.831 0.077 
354    (0)   :  0.022 0.019 0.029 0.851 0.080 
355    (0)   :  0.022 0.022 0.027 0.851 0.078 
356    (0)   :  0.022 0.032 0.116 0.733 0.098 
357    (0)   :  0.082 0.106 0.056 0.524 0.232 
358    (0)   :  0.029 0.035 0.037 0.797 0.101 
359    (0)   :  0.022 0.019 0.029 0.849 0.082 
360    (0)   :  0.019 0.019 0.030 0.855 0.077 
361    (0)   :  0.080 0.117 0.075 0.473 0.254 
362    (0)   :  0.047 0.187 0.155 0.095 0.517 
363    (0)   :  0.128 0.121 0.092 0.062 0.598 
364    (0)   :  0.317 0.033 0.072 0.279 0.299 
365    (0)   :  0.364 0.140 0.058 0.067 0.371 
366    (0)   :  0.208 0.080 0.349 0.141 0.223 
367    (0)   :  0.033 0.120 0.032 0.041 0.775 
368    (0)   :  0.037 0.034 0.050 0.075 0.804 
369    (0)   :  0.112 0.048 0.199 0.344 0.297 
370    (0)   :  0.072 0.045 0.146 0.096 0.641 
371    (0)   :  0.253 0.039 0.170 0.143 0.394 
372    (0)   :  0.095 0.049 0.191 0.140 0.525 
373    (0)   :  0.067 0.048 0.061 0.140 0.684 
374    (0)   :  0.070 0.128 0.084 0.335 0.383 
375    (0)   :  0.236 0.044 0.043 0.054 0.623 
376    (0)   :  0.361 0.331 0.029 0.050 0.230 
377    (0)   :  0.074 0.181 0.099 0.096 0.549 
378    (0)   :  0.020 0.058 0.059 0.238 0.625 
379    (0)   :  0.476 0.229 0.039 0.041 0.215 
380    (0)   :  0.126 0.451 0.107 0.170 0.145 
381    (0)   :  0.429 0.167 0.125 0.150 0.129 
382    (0)   :  0.123 0.055 0.035 0.062 0.725 
383    (0)   :  0.284 0.384 0.058 0.148 0.126 
384    (0)   :  0.605 0.052 0.039 0.094 0.210 
385    (0)   :  0.095 0.036 0.036 0.233 0.600 
386    (0)   :  0.047 0.154 0.049 0.058 0.692 
387    (0)   :  0.073 0.093 0.045 0.070 0.719 
388    (0)   :  0.125 0.080 0.059 0.286 0.450 
389    (0)   :  0.071 0.028 0.457 0.068 0.375 
390    (0)   :  0.062 0.400 0.123 0.054 0.361 
391    (0)   :  0.087 0.054 0.138 0.114 0.608 
392    (0)   :  0.148 0.276 0.072 0.137 0.367 
393    (0)   :  0.055 0.671 0.053 0.103 0.118 
394    (0)   :  0.033 0.126 0.075 0.300 0.466 
395    (0)   :  0.028 0.278 0.275 0.070 0.349 
396    (0)   :  0.090 0.037 0.041 0.044 0.788 
397    (0)   :  0.435 0.022 0.176 0.162 0.205 
398    (0)   :  0.057 0.626 0.033 0.044 0.240 
399    (0)   :  0.033 0.129 0.117 0.059 0.662 
400    (0)   :  0.088 0.073 0.040 0.088 0.711 
401    (0)   :  0.020 0.092 0.084 0.091 0.713 
402    (0)   :  0.103 0.047 0.189 0.101 0.560 
403    (0)   :  0.072 0.056 0.074 0.424 0.374 
404    (0)   :  0.211 0.085 0.083 0.127 0.494 
405    (0)   :  0.104 0.128 0.139 0.119 0.510 
406    (0)   :  0.034 0.366 0.310 0.161 0.131 
407    (0)   :  0.061 0.578 0.041 0.047 0.274 
408    (0)   :  0.018 0.038 0.164 0.042 0.737 
409    (0)   :  0.025 0.361 0.114 0.351 0.149 
410    (0)   :  0.226 0.148 0.061 0.116 0.449 
411    (0)   :  0.332 0.094 0.110 0.177 0.286 
412    (0)   :  0.039 0.040 0.044 0.069 0.808 
413    (0)   :  0.028 0.058 0.070 0.219 0.625 
414    (0)   :  0.056 0.026 0.046 0.047 0.824 
415    (0)   :  0.133 0.391 0.114 0.067 0.295 
416    (0)   :  0.060 0.133 0.106 0.124 0.577 
417    (0)   :  0.071 0.420 0.047 0.061 0.401 
418    (0)   :  0.057 0.039 0.032 0.050 0.823 
419    (0)   :  0.064 0.129 0.097 0.236 0.473 
420    (0)   :  0.022 0.137 0.166 0.061 0.615 
421    (0)   :  0.040 0.219 0.055 0.075 0.610 
422    (0)   :  0.035 0.337 0.252 0.076 0.300 
423    (0)   :  0.294 0.134 0.102 0.076 0.394 
424    (0)   :  0.037 0.094 0.109 0.097 0.663 
425    (0)   :  0.275 0.051 0.066 0.126 0.482 
426    (0)   :  0.104 0.071 0.050 0.113 0.662 
427    (0)   :  0.024 0.589 0.039 0.148 0.200 
428    (0)   :  0.041 0.391 0.114 0.251 0.203 
429    (0)   :  0.097 0.360 0.034 0.042 0.467 
430    (0)   :  0.042 0.585 0.046 0.053 0.274 
431    (0)   :  0.082 0.049 0.088 0.094 0.687 
432    (0)   :  0.034 0.043 0.051 0.086 0.786 
433    (0)   :  0.051 0.028 0.103 0.358 0.460 
434    (0)   :  0.104 0.060 0.091 0.177 0.568 
435    (0)   :  0.027 0.674 0.036 0.044 0.219 
436    (0)   :  0.033 0.731 0.034 0.065 0.137 
437    (0)   :  0.545 0.093 0.044 0.052 0.267 
438    (0)   :  0.019 0.615 0.077 0.084 0.205 
439    (0)   :  0.029 0.757 0.026 0.056 0.132 
440    (0)   :  0.075 0.561 0.045 0.037 0.282 
441    (0)   :  0.047 0.426 0.044 0.140 0.343 
442    (0)   :  0.092 0.274 0.056 0.053 0.524 
443    (0)   :  0.029 0.263 0.107 0.045 0.555 
444    (0)   :  0.104 0.388 0.065 0.051 0.391 
445    (0)   :  0.069 0.543 0.068 0.169 0.150 
446    (0)   :  0.050 0.672 0.024 0.049 0.205 
447    (0)   :  0.063 0.391 0.074 0.111 0.361 
448    (0)   :  0.102 0.251 0.053 0.060 0.534 
449    (0)   :  0.158 0.192 0.062 0.099 0.490 
450    (0)   :  0.336 0.105 0.027 0.114 0.419 
451    (0)   :  0.040 0.052 0.058 0.039 0.811 
452    (0)   :  0.174 0.285 0.035 0.096 0.410 
453    (0)   :  0.027 0.100 0.303 0.104 0.466 
454    (0)   :  0.094 0.309 0.059 0.116 0.423 
455    (0)   :  0.024 0.736 0.036 0.044 0.160 
456    (0)   :  0.054 0.553 0.104 0.043 0.246 
457    (0)   :  0.189 0.497 0.038 0.057 0.218 
458    (0)   :  0.078 0.663 0.030 0.060 0.169 
459    (0)   :  0.031 0.445 0.035 0.134 0.356 
460    (0)   :  0.030 0.509 0.032 0.049 0.381 
461    (0)   :  0.046 0.126 0.023 0.053 0.752 
462    (0)   :  0.074 0.446 0.075 0.035 0.370 
463    (0)   :  0.029 0.438 0.266 0.082 0.185 
464    (0)   :  0.027 0.441 0.058 0.045 0.429 
465    (0)   :  0.032 0.222 0.051 0.062 0.633 
466    (0)   :  0.027 0.298 0.137 0.051 0.488 
467    (0)   :  0.042 0.472 0.084 0.095 0.306 
468    (0)   :  0.058 0.718 0.051 0.042 0.131 
469    (0)   :  0.023 0.799 0.024 0.046 0.109 
470    (0)   :  0.022 0.722 0.029 0.043 0.183 
471    (0)   :  0.084 0.095 0.278 0.055 0.488 
472    (0)   :  0.067 0.245 0.083 0.068 0.537 
473    (0)   :  0.100 0.209 0.092 0.103 0.497 
474    (0)   :  0.115 0.344 0.067 0.094 0.381 
475    (0)   :  0.035 0.150 0.048 0.105 0.662 
476    (0)   :  0.216 0.416 0.043 0.060 0.264 
477    (0)   :  0.035 0.145 0.047 0.092 0.682 
478    (0)   :  0.025 0.110 0.029 0.047 0.789 
479    (0)   :  0.067 0.437 0.032 0.045 0.418 
480    (0)   :  0.157 0.579 0.033 0.053 0.178 
481    (0)   :  0.131 0.075 0.104 0.057 0.634 
482    (0)   :  0.070 0.592 0.027 0.044 0.267 
483    (0)   :  0.030 0.716 0.028 0.058 0.168 
484    (0)   :  0.023 0.624 0.100 0.056 0.198 
485    (0)   :  0.025 0.758 0.030 0.044 0.142 
486    (0)   :  0.077 0.031 0.238 0.085 0.570 
487    (0)   :  0.167 0.031 0.094 0.214 0.493 
488    (0)   :  0.063 0.026 0.092 0.132 0.686 
489    (0)   :  0.238 0.024 0.249 0.226 0.263 
490    (0)   :  0.050 0.043 0.097 0.051 0.759 
491    (0)   :  0.064 0.028 0.207 0.226 0.475 
492    (0)   :  0.037 0.029 0.134 0.319 0.482 
493    (0)   :  0.184 0.020 0.156 0.106 0.533 
494    (0)   :  0.221 0.035 0.177 0.157 0.410 
495    (0)   :  0.066 0.029 0.078 0.195 0.633 
496    (0)   :  0.041 0.045 0.161 0.439 0.314 
497    (0)   :  0.103 0.023 0.094 0.224 0.556 
498    (0)   :  0.054 0.038 0.167 0.122 0.619 
499    (0)   :  0.148 0.025 0.120 0.393 0.314 
500    (0)   :  0.472 0.027 0.147 0.096 0.258 
501    (0)   :  0.177 0.031 0.068 0.257 0.466 
502    (0)   :  0.058 0.034 0.043 0.303 0.562 
503    (0)   :  0.323 0.077 0.087 0.072 0.442 
504    (0)   :  0.028 0.031 0.067 0.074 0.801 
505    (0)   :  0.074 0.028 0.465 0.134 0.299 
506    (0)   :  0.048 0.031 0.097 0.259 0.565 
507    (0)   :  0.028 0.022 0.141 0.694 0.115 
508    (0)   :  0.040 0.018 0.161 0.611 0.171 
509    (0)   :  0.052 0.030 0.304 0.280 0.334 
510    (0)   :  0.397 0.023 0.072 0.274 0.234 
511    (0)   :  0.182 0.096 0.166 0.079 0.477 
512    (0)   :  0.262 0.047 0.049 0.050 0.593 
513    (0)   :  0.022 0.016 0.254 0.090 0.618 
514    (0)   :  0.030 0.033 0.066 0.095 0.776 
515    (0)   :  0.121 0.228 0.128 0.215 0.308 
516    (0)   :  0.028 0.032 0.144 0.092 0.703 
517    (0)   :  0.039 0.133 0.200 0.207 0.420 
518    (0)   :  0.387 0.025 0.106 0.282 0.199 
519    (0)   :  0.027 0.039 0.055 0.105 0.775 
520    (0)   :  0.058 0.180 0.264 0.340 0.158 
521    (0)   :  0.030 0.035 0.141 0.409 0.386 
522    (0)   :  0.363 0.065 0.236 0.067 0.268 
523    (0)   :  0.027 0.066 0.334 0.251 0.322 
524    (0)   :  0.059 0.315 0.164 0.147 0.315 
525    (0)   :  0.323 0.074 0.119 0.295 0.190 
526    (0)   :  0.027 0.446 0.276 0.112 0.139 
527    (0)   :  0.372 0.027 0.045 0.073 0.484 
528    (0)   :  0.033 0.023 0.201 0.539 0.204 
529    (0)   :  0.120 0.040 0.178 0.209 0.453 
530    (0)   :  0.278 0.073 0.164 0.127 0.358 
531    (0)   :  0.075 0.086 0.087 0.469 0.283 
532    (0)   :  0.226 0.023 0.116 0.297 0.338 
533    (0)   :  0.330 0.063 0.243 0.103 0.261 
534    (0)   :  0.080 0.023 0.404 0.160 0.333 
535    (0)   :  0.033 0.118 0.251 0.108 0.490 
536    (0)   :  0.052 0.240 0.207 0.238 0.263 
537    (0)   :  0.039 0.044 0.363 0.360 0.195 
538    (0)   :  0.040 0.038 0.496 0.206 0.219 
539    (0)   :  0.036 0.019 0.191 0.628 0.126 
540    (0)   :  0.064 0.059 0.381 0.275 0.220 
541    (0)   :  0.051 0.079 0.111 0.550 0.208 
542    (0)   :  0.033 0.285 0.426 0.082 0.174 
543    (0)   :  0.023 0.073 0.337 0.220 0.347 
544    (0)   :  0.035 0.068 0.532 0.122 0.244 
545    (0)   :  0.025 0.345 0.352 0.057 0.220 
546    (0)   :  0.036 0.069 0.437 0.197 0.261 
547    (0)   :  0.023 0.091 0.437 0.221 0.228 
548    (0)   :  0.055 0.021 0.372 0.294 0.258 
549    (0)   :  0.026 0.270 0.080 0.503 0.121 
550    (0)   :  0.038 0.221 0.374 0.094 0.272 
551    (0)   :  0.033 0.063 0.062 0.657 0.185 
552    (0)   :  0.047 0.030 0.583 0.187 0.153 
553    (0)   :  0.020 0.040 0.573 0.183 0.184 
554    (0)   :  0.156 0.060 0.148 0.214 0.422 
555    (0)   :  0.039 0.030 0.353 0.356 0.222 
556    (0)   :  0.037 0.038 0.488 0.188 0.250 
557    (0)   :  0.027 0.464 0.107 0.161 0.241 
558    (0)   :  0.055 0.650 0.024 0.045 0.226 
559    (0)   :  0.035 0.033 0.148 0.079 0.705 
560    (0)   :  0.023 0.319 0.041 0.036 0.581 
561    (0)   :  0.042 0.104 0.059 0.050 0.745 
562    (0)   :  0.065 0.059 0.107 0.036 0.732 
563    (0)   :  0.025 0.087 0.047 0.208 0.633 
564    (0)   :  0.063 0.031 0.314 0.088 0.503 
565    (0)   :  0.059 0.650 0.031 0.056 0.205 
566    (0)   :  0.049 0.105 0.040 0.038 0.768 
567    (0)   :  0.066 0.025 0.223 0.055 0.631 
568    (0)   :  0.028 0.107 0.105 0.078 0.682 
569    (0)   :  0.149 0.072 0.171 0.078 0.530 
570    (0)   :  0.420 0.120 0.033 0.040 0.387 
571    (0)   :  0.027 0.058 0.051 0.059 0.806 
572    (0)   :  0.049 0.078 0.506 0.154 0.213 
573    (0)   :  0.050 0.120 0.227 0.088 0.515 
574    (0)   :  0.275 0.070 0.074 0.185 0.396 
575    (0)   :  0.029 0.059 0.062 0.137 0.714 
576    (0)   :  0.042 0.060 0.030 0.038 0.830 
577    (0)   :  0.165 0.060 0.056 0.163 0.555 
578    (0)   :  0.044 0.097 0.056 0.062 0.741 
579    (0)   :  0.048 0.089 0.066 0.058 0.739 
580    (0)   :  0.116 0.200 0.049 0.102 0.533 
581    (0)   :  0.055 0.228 0.041 0.077 0.599 
582    (0)   :  0.084 0.432 0.054 0.042 0.387 
583    (0)   :  0.120 0.046 0.046 0.059 0.730 
584    (0)   :  0.050 0.064 0.032 0.046 0.808 
585    (0)   :  0.051 0.097 0.047 0.053 0.752 
586    (0)   :  0.024 0.044 0.076 0.071 0.785 
587    (0)   :  0.197 0.078 0.113 0.043 0.568 
588    (0)   :  0.021 0.018 0.739 0.055 0.167 
589    (0)   :  0.183 0.203 0.126 0.048 0.441 
590    (0)   :  0.046 0.025 0.067 0.053 0.809 
591    (0)   :  0.025 0.045 0.042 0.066 0.823 
592    (0)   :  0.041 0.067 0.203 0.049 0.640 
593    (0)   :  0.041 0.108 0.086 0.097 0.669 
594    (0)   :  0.049 0.038 0.054 0.136 0.724 
595    (0)   :  0.263 0.027 0.043 0.041 0.626 
596    (0)   :  0.074 0.078 0.380 0.081 0.387 
597    (0)   :  0.024 0.045 0.100 0.233 0.598 
598    (0)   :  0.432 0.198 0.028 0.044 0.298 
599    (0)   :  0.051 0.052 0.080 0.040 0.777 
600    (0)   :  0.078 0.250 0.081 0.125 0.467 
601    (0)   :  0.039 0.152 0.065 0.042 0.702 
602    (0)   :  0.051 0.035 0.092 0.201 0.621 
603    (0)   :  0.044 0.030 0.098 0.176 0.652 
604    (0)   :  0.101 0.367 0.067 0.144 0.321 
605    (0)   :  0.042 0.095 0.093 0.074 0.697 
606    (0)   :  0.115 0.062 0.212 0.196 0.415 
607    (0)   :  0.096 0.084 0.073 0.325 0.422 
608    (0)   :  0.034 0.109 0.050 0.503 0.304 
609    (0)   :  0.107 0.163 0.061 0.104 0.565 
610    (0)   :  0.050 0.510 0.105 0.077 0.256 
611    (0)   :  0.040 0.048 0.127 0.177 0.608 
612    (0)   :  0.094 0.615 0.042 0.064 0.185 
613    (0)   :  0.260 0.086 0.153 0.102 0.399 
614    (0)   :  0.584 0.113 0.056 0.053 0.195 
615    (0)   :  0.216 0.371 0.080 0.119 0.214 
616    (0)   :  0.128 0.046 0.083 0.230 0.513 
617    (0)   :  0.295 0.063 0.101 0.061 0.481 
618    (0)   :  0.092 0.385 0.082 0.242 0.198 
619    (0)   :  0.042 0.127 0.237 0.153 0.440 
620    (0)   :  0.027 0.052 0.262 0.037 0.622 
621    (0)   :  0.057 0.072 0.029 0.061 0.781 
622    (0)   :  0.271 0.132 0.195 0.134 0.268 
623    (0)   :  0.052 0.053 0.105 0.065 0.725 
624    (0)   :  0.061 0.476 0.048 0.218 0.198 
625    (0)   :  0.346 0.078 0.049 0.169 0.359 
626    (0)   :  0.058 0.250 0.148 0.427 0.117 
627    (0)   :  0.061 0.063 0.103 0.091 0.682 
628    (0)   :  0.056 0.037 0.148 0.086 0.672 
629    (0)   :  0.183 0.035 0.072 0.113 0.596 
630    (0)   :  0.166 0.219 0.067 0.092 0.456 
631    (0)   :  0.196 0.084 0.086 0.103 0.531 
632    (0)   :  0.086 0.044 0.289 0.303 0.277 
633    (0)   :  0.094 0.186 0.059 0.170 0.490 
634    (0)   :  0.070 0.077 0.203 0.221 0.428 
635    (0)   :  0.093 0.063 0.090 0.521 0.232 
636    (0)   :  0.112 0.125 0.060 0.287 0.417 
637    (0)   :  0.065 0.080 0.324 0.138 0.394 
638    (0)   :  0.106 0.047 0.072 0.172 0.603 
639    (0)   :  0.211 0.117 0.080 0.151 0.442 
640    (0)   :  0.040 0.050 0.034 0.079 0.798 
641    (0)   :  0.204 0.037 0.082 0.106 0.571 
642    (0)   :  0.029 0.062 0.109 0.548 0.252 
643    (0)   :  0.022 0.035 0.041 0.747 0.154 
644    (0)   :  0.025 0.034 0.064 0.599 0.278 
645    (0)   :  0.039 0.256 0.061 0.536 0.108 
646    (0)   :  0.028 0.062 0.159 0.175 0.575 
647    (0)   :  0.026 0.046 0.073 0.438 0.417 
648    (0)   :  0.243 0.031 0.289 0.258 0.180 
649    (0)   :  0.027 0.033 0.433 0.201 0.305 
650    (0)   :  0.024 0.035 0.156 0.216 0.568 
651    (0)   :  0.042 0.023 0.073 0.431 0.430 
652    (0)   :  0.026 0.036 0.076 0.607 0.256 
653    (0)   :  0.118 0.054 0.150 0.461 0.217 
654    (0)   :  0.034 0.044 0.185 0.506 0.230 
655    (0)   :  0.019 0.052 0.057 0.517 0.355 
656    (0)   :  0.050 0.053 0.268 0.311 0.317 
657    (0)   :  0.197 0.097 0.064 0.263 0.379 
658    (0)   :  0.034 0.090 0.115 0.282 0.479 
659    (0)   :  0.063 0.041 0.138 0.510 0.248 
660    (0)   :  0.036 0.024 0.162 0.588 0.190 
661    (0)   :  0.030 0.065 0.228 0.526 0.151 
662    (0)   :  0.022 0.031 0.539 0.136 0.272 
663    (0)   :  0.048 0.030 0.170 0.494 0.258 
664    (0)   :  0.024 0.191 0.061 0.293 0.432 
665    (0)   :  0.027 0.024 0.522 0.161 0.265 
666    (0)   :  0.029 0.047 0.170 0.513 0.241 
667    (0)   :  0.035 0.042 0.084 0.141 0.698 
668    (0)   :  0.031 0.069 0.118 0.471 0.312 
669    (0)   :  0.101 0.033 0.286 0.311 0.268 
670    (0)   :  0.022 0.020 0.066 0.788 0.105 
671    (0)   :  0.022 0.027 0.101 0.668 0.182 
672    (0)   :  0.020 0.061 0.060 0.660 0.199 
673    (0)   :  0.030 0.018 0.029 0.840 0.082 
674    (0)   :  0.038 0.031 0.074 0.718 0.138 
675    (0)   :  0.019 0.021 0.038 0.762 0.159 
676    (0)   :  0.021 0.019 0.031 0.847 0.082 
677    (0)   :  0.019 0.020 0.237 0.630 0.094 
678    (0)   :  0.031 0.019 0.027 0.836 0.087 
679    (0)   :  0.043 0.027 0.034 0.763 0.133 
680    (0)   :  0.030 0.033 0.045 0.780 0.111 
681    (0)   :  0.073 0.084 0.277 0.343 0.222 
682    (0)   :  0.026 0.038 0.038 0.795 0.103 
683    (0)   :  0.020 0.020 0.060 0.803 0.096 
684    (0)   :  0.029 0.019 0.032 0.832 0.089 
685    (0)   :  0.018 0.018 0.035 0.849 0.081 
686    (0)   :  0.026 0.037 0.150 0.661 0.126 
687    (0)   :  0.022 0.024 0.139 0.652 0.163 
688    (0)   :  0.020 0.024 0.041 0.785 0.129 
689    (0)   :  0.021 0.018 0.033 0.849 0.080 
690    (0)   :  0.021 0.019 0.032 0.846 0.083 
691    (0)   :  0.037 0.027 0.047 0.763 0.126 
692    (0)   :  0.035 0.023 0.034 0.781 0.127 
693    (0)   :  0.020 0.038 0.032 0.772 0.138 
694    (0)   :  0.018 0.017 0.036 0.854 0.075 
695    (0)   :  0.024 0.032 0.059 0.789 0.096 
696    (0)   :  0.020 0.025 0.041 0.785 0.129 
697    (0)   :  0.023 0.020 0.047 0.828 0.083 
698    (0)   :  0.021 0.019 0.035 0.840 0.085 
699    (0)   :  0.021 0.032 0.169 0.684 0.095 
700    (0)   :  0.019 0.099 0.074 0.697 0.111 
701    (0)   :  0.089 0.039 0.064 0.692 0.115 
702    (0)   :  0.024 0.055 0.074 0.690 0.157 
703    (0)   :  0.027 0.036 0.045 0.786 0.106 
704    (0)   :  0.019 0.025 0.062 0.778 0.117 
705    (0)   :  0.047 0.076 0.288 0.433 0.156 
706    (0)   :  0.026 0.034 0.054 0.791 0.096 
707    (0)   :  0.030 0.020 0.060 0.806 0.084 
708    (0)   :  0.020 0.019 0.042 0.828 0.090 
709    (0)   :  0.017 0.029 0.062 0.805 0.086 
710    (0)   :  0.019 0.018 0.035 0.852 0.077 
711    (0)   :  0.025 0.034 0.113 0.726 0.102 
712    (0)   :  0.017 0.018 0.130 0.751 0.083 
713    (0)   :  0.018 0.022 0.047 0.788 0.124 
714    (0)   :  0.042 0.029 0.048 0.730 0.152 
715    (0)   :  0.018 0.018 0.075 0.812 0.077 
716    (0)   :  0.022 0.034 0.045 0.807 0.092 
717    (0)   :  0.017 0.019 0.045 0.843 0.075 
718    (0)   :  0.026 0.031 0.082 0.742 0.120 
719    (0)   :  0.017 0.020 0.061 0.820 0.081 
720    (0)   :  0.085 0.048 0.056 0.063 0.747 
721    (0)   :  0.092 0.061 0.070 0.571 0.206 
722    (0)   :  0.321 0.062 0.102 0.114 0.400 
723    (0)   :  0.569 0.035 0.049 0.092 0.255 
724    (0)   :  0.470 0.048 0.063 0.198 0.220 
725    (0)   :  0.078 0.029 0.097 0.289 0.507 
726    (0)   :  0.412 0.046 0.168 0.141 0.233 
727    (0)   :  0.159 0.034 0.297 0.251 0.259 
728    (0)   :  0.781 0.051 0.036 0.035 0.096 
729    (0)   :  0.722 0.055 0.033 0.041 0.149 
730    (0)   :  0.361 0.036 0.050 0.069 0.484 
731    (0)   :  0.462 0.099 0.044 0.102 0.292 
732    (0)   :  0.564 0.036 0.049 0.093 0.257 
733    (0)   :  0.689 0.041 0.029 0.059 0.182 
734    (0)   :  0.553 0.060 0.033 0.041 0.314 
735    (0)   :  0.731 0.047 0.025 0.062 0.136 
736    (0)   :  0.182 0.099 0.043 0.074 0.601 
737    (0)   :  0.414 0.049 0.100 0.083 0.355 
738    (0)   :  0.535 0.035 0.046 0.073 0.310 
739    (0)   :  0.689 0.046 0.029 0.055 0.181 
740    (0)   :  0.185 0.024 0.050 0.624 0.117 
741    (0)   :  0.128 0.048 0.073 0.539 0.213 
742    (0)   :  0.057 0.040 0.030 0.189 0.683 
743    (0)   :  0.237 0.028 0.065 0.141 0.528 
744    (0)   :  0.041 0.043 0.334 0.134 0.448 
745    (0)   :  0.063 0.050 0.074 0.057 0.756 
746    (0)   :  0.195 0.033 0.087 0.268 0.417 
747    (0)   :  0.078 0.021 0.087 0.116 0.698 
748    (0)   :  0.025 0.033 0.047 0.490 0.404 
749    (0)   :  0.057 0.052 0.156 0.220 0.514 
750    (0)   :  0.114 0.028 0.140 0.136 0.582 
751    (0)   :  0.045 0.031 0.067 0.471 0.385 
752    (0)   :  0.073 0.028 0.092 0.131 0.677 
753    (0)   :  0.245 0.041 0.098 0.243 0.373 
754    (0)   :  0.148 0.023 0.044 0.466 0.319 
755    (0)   :  0.263 0.024 0.059 0.261 0.393 
756    (0)   :  0.023 0.040 0.084 0.301 0.552 
757    (0)   :  0.048 0.025 0.051 0.208 0.668 
758    (0)   :  0.042 0.030 0.061 0.059 0.809 
759    (0)   :  0.159 0.024 0.079 0.481 0.257 
760    (0)   :  0.424 0.045 0.046 0.141 0.344 
761    (0)   :  0.454 0.026 0.072 0.271 0.177 
762    (0)   :  0.445 0.045 0.029 0.073 0.408 
763    (0)   :  0.242 0.041 0.098 0.243 0.376 
764    (0)   :  0.080 0.026 0.051 0.157 0.686 
765    (0)   :  0.501 0.026 0.078 0.083 0.312 
766    (0)   :  0.062 0.021 0.053 0.337 0.527 
767    (0)   :  0.031 0.057 0.062 0.300 0.549 
768    (0)   :  0.547 0.037 0.031 0.072 0.314 
769    (0)   :  0.357 0.051 0.046 0.272 0.274 
770    (0)   :  0.312 0.042 0.040 0.062 0.544 
771    (0)   :  0.047 0.031 0.414 0.206 0.302 
772    (0)   :  0.077 0.043 0.090 0.325 0.465 
773    (0)   :  0.220 0.022 0.078 0.142 0.537 
774    (0)   :  0.141 0.019 0.086 0.484 0.270 
775    (0)   :  0.238 0.109 0.031 0.129 0.493 
776    (0)   :  0.039 0.030 0.052 0.082 0.796 
777    (0)   :  0.061 0.034 0.159 0.160 0.585 
778    (0)   :  0.077 0.020 0.192 0.251 0.460 
779    (0)   :  0.099 0.034 0.056 0.226 0.585 
780    (0)   :  0.049 0.033 0.055 0.460 0.403 
781    (0)   :  0.066 0.019 0.561 0.176 0.178 
782    (0)   :  0.099 0.034 0.056 0.225 0.586 
783    (0)   :  0.102 0.027 0.048 0.282 0.541 
784    (0)   :  0.063 0.042 0.041 0.110 0.744 
785    (0)   :  0.100 0.025 0.049 0.216 0.609 
786    (0)   :  0.063 0.024 0.045 0.454 0.414 
787    (0)   :  0.025 0.023 0.114 0.491 0.347 
788    (0)   :  0.218 0.041 0.064 0.144 0.534 
789    (0)   :  0.042 0.048 0.032 0.123 0.755 
790    (0)   :  0.178 0.035 0.042 0.371 0.374 
791    (0)   :  0.049 0.032 0.047 0.203 0.670 
792    (0)   :  0.042 0.026 0.159 0.465 0.308 
793    (0)   :  0.065 0.097 0.143 0.489 0.206 
794    (0)   :  0.053 0.047 0.062 0.234 0.604 
795    (0)   :  0.077 0.065 0.074 0.574 0.210 
796    (0)   :  0.021 0.057 0.048 0.251 0.623 
797    (0)   :  0.042 0.052 0.167 0.572 0.167 
798    (0)   :  0.018 0.647 0.091 0.042 0.201 
799    (0)   :  0.026 0.050 0.062 0.105 0.758 
800    (0)   :  0.018 0.025 0.152 0.572 0.233 
801    (0)   :  0.025 0.569 0.094 0.083 0.229 
802    (0)   :  0.042 0.304 0.167 0.282 0.204 
803    (0)   :  0.042 0.066 0.081 0.513 0.297 
804    (0)   :  0.035 0.109 0.287 0.160 0.410 
805    (0)   :  0.018 0.036 0.043 0.760 0.142 
806    (0)   :  0.039 0.418 0.201 0.146 0.196 
807    (0)   :  0.034 0.036 0.178 0.633 0.118 
808    (0)   :  0.026 0.043 0.321 0.404 0.206 
809    (0)   :  0.025 0.299 0.410 0.090 0.176 
810    (0)   :  0.100 0.142 0.103 0.261 0.394 
