

----------------------------------------------------
STRUCTURE by Pritchard, Stephens and Donnelly (2000)
     and Falush, Stephens and Pritchard (2003)
       Code by Pritchard, Falush and Hubisz
             Version 2.3.4 (Jul 2012)
----------------------------------------------------



Command line arguments:   ./structure -K 3 -D 103011 -m brooktrout/mainparams -e brooktrout/extraparams -o brooktrout/250914_output/results_K3_rep11 
Input File:    brooktrout/brooktrout.txt

Run parameters:
   8454 individuals
   5 loci
   3 populations assumed
   50000 Burn-in period
   100000 Reps
RANDOMIZE turned off


--------------------------------------------
Overall proportion of membership of the
sample in each of the 3 clusters

Inferred Clusters
  1      2      3    
0.259  0.488  0.253  

--------------------------------------------

Allele-freq. divergence among pops (Net nucleotide distance),
computed using point estimates of P.

      1       2       3      
 1      -    0.0284  0.0848  
 2   0.0284     -    0.0539  
 3   0.0848  0.0539     -    

Average distances (expected heterozygosity) between individuals in same cluster:
cluster  1  : 0.8119 
cluster  2  : 0.8434 
cluster  3  : 0.7789 

--------------------------------------------
Estimated Ln Prob of Data   = -178655.0
Mean value of ln likelihood = -175558.0
Variance of ln likelihood   = 6194.1

Mean value of alpha_1       = 0.1416
Mean value of alpha_2       = 0.2696
Mean value of alpha_3       = 0.1423
Allele frequencies uncorrelated


Inferred ancestry of individuals:
     (%Miss) :  Inferred clusters
  1    (0)   :  0.316 0.374 0.309 
  2    (0)   :  0.046 0.906 0.048 
  3    (0)   :  0.631 0.181 0.188 
  4    (0)   :  0.038 0.192 0.770 
  5    (0)   :  0.052 0.905 0.042 
  6    (0)   :  0.844 0.119 0.037 
  7    (0)   :  0.147 0.818 0.034 
  8    (0)   :  0.296 0.373 0.331 
  9    (0)   :  0.483 0.397 0.120 
 10    (0)   :  0.440 0.440 0.120 
 11    (0)   :  0.250 0.711 0.039 
 12    (0)   :  0.070 0.857 0.073 
 13    (0)   :  0.113 0.818 0.068 
 14    (0)   :  0.090 0.743 0.167 
 15    (0)   :  0.084 0.712 0.205 
 16    (0)   :  0.663 0.275 0.062 
 17    (0)   :  0.258 0.670 0.072 
 18    (0)   :  0.578 0.251 0.170 
 19    (0)   :  0.584 0.362 0.054 
 20    (0)   :  0.109 0.830 0.060 
 21    (0)   :  0.171 0.457 0.371 
 22    (0)   :  0.808 0.126 0.066 
 23    (0)   :  0.065 0.588 0.347 
 24    (0)   :  0.482 0.296 0.222 
 25    (0)   :  0.109 0.861 0.030 
 26    (0)   :  0.313 0.532 0.155 
 27    (0)   :  0.280 0.613 0.107 
 28    (0)   :  0.183 0.516 0.301 
 29    (0)   :  0.088 0.854 0.059 
 30    (0)   :  0.824 0.118 0.058 
 31    (0)   :  0.143 0.722 0.136 
 32    (0)   :  0.188 0.613 0.199 
 33    (0)   :  0.596 0.220 0.184 
 34    (0)   :  0.525 0.425 0.050 
 35    (0)   :  0.540 0.379 0.080 
 36    (0)   :  0.706 0.156 0.138 
 37    (0)   :  0.120 0.579 0.300 
 38    (0)   :  0.848 0.121 0.031 
 39    (0)   :  0.690 0.255 0.055 
 40    (0)   :  0.139 0.240 0.622 
 41    (0)   :  0.670 0.214 0.117 
 42    (0)   :  0.210 0.107 0.683 
 43    (0)   :  0.072 0.674 0.254 
 44    (0)   :  0.440 0.432 0.128 
 45    (0)   :  0.673 0.272 0.055 
 46    (0)   :  0.660 0.297 0.043 
 47    (0)   :  0.630 0.279 0.091 
 48    (0)   :  0.441 0.389 0.170 
 49    (0)   :  0.541 0.361 0.098 
 50    (0)   :  0.671 0.222 0.107 
 51    (0)   :  0.453 0.241 0.305 
 52    (0)   :  0.721 0.217 0.062 
 53    (0)   :  0.838 0.098 0.064 
 54    (0)   :  0.096 0.780 0.124 
 55    (0)   :  0.060 0.830 0.109 
 56    (0)   :  0.592 0.258 0.150 
 57    (0)   :  0.319 0.513 0.168 
 58    (0)   :  0.217 0.659 0.124 
 59    (0)   :  0.684 0.240 0.076 
 60    (0)   :  0.151 0.316 0.533 
 61    (0)   :  0.040 0.652 0.307 
 62    (0)   :  0.528 0.406 0.066 
 63    (0)   :  0.186 0.626 0.188 
 64    (0)   :  0.801 0.161 0.038 
 65    (0)   :  0.138 0.836 0.026 
 66    (0)   :  0.048 0.697 0.255 
 67    (0)   :  0.062 0.859 0.079 
 68    (0)   :  0.645 0.249 0.106 
 69    (0)   :  0.465 0.362 0.173 
 70    (0)   :  0.223 0.601 0.176 
 71    (0)   :  0.645 0.310 0.045 
 72    (0)   :  0.770 0.173 0.057 
 73    (0)   :  0.097 0.849 0.054 
 74    (0)   :  0.627 0.125 0.249 
 75    (0)   :  0.201 0.130 0.669 
 76    (0)   :  0.109 0.818 0.073 
 77    (0)   :  0.694 0.237 0.069 
 78    (0)   :  0.786 0.148 0.066 
 79    (0)   :  0.117 0.845 0.038 
 80    (0)   :  0.090 0.260 0.650 
 81    (0)   :  0.129 0.446 0.425 
 82    (0)   :  0.047 0.834 0.119 
 83    (0)   :  0.152 0.545 0.303 
 84    (0)   :  0.118 0.691 0.191 
 85    (0)   :  0.152 0.448 0.400 
 86    (0)   :  0.133 0.812 0.055 
 87    (0)   :  0.095 0.856 0.049 
 88    (0)   :  0.053 0.692 0.256 
 89    (0)   :  0.059 0.487 0.454 
 90    (0)   :  0.059 0.899 0.042 
 91    (0)   :  0.078 0.211 0.711 
 92    (0)   :  0.075 0.843 0.082 
 93    (0)   :  0.032 0.076 0.891 
 94    (0)   :  0.567 0.391 0.042 
 95    (0)   :  0.045 0.851 0.103 
 96    (0)   :  0.040 0.470 0.490 
 97    (0)   :  0.337 0.169 0.494 
 98    (0)   :  0.203 0.614 0.183 
 99    (0)   :  0.086 0.765 0.149 
100    (0)   :  0.029 0.130 0.841 
101    (0)   :  0.056 0.851 0.093 
102    (0)   :  0.097 0.495 0.408 
103    (0)   :  0.040 0.793 0.167 
104    (0)   :  0.054 0.899 0.048 
105    (0)   :  0.035 0.874 0.091 
106    (0)   :  0.368 0.610 0.022 
107    (0)   :  0.049 0.861 0.090 
108    (0)   :  0.114 0.827 0.059 
109    (0)   :  0.204 0.774 0.022 
110    (0)   :  0.423 0.551 0.026 
111    (0)   :  0.055 0.919 0.026 
112    (0)   :  0.243 0.733 0.024 
113    (0)   :  0.145 0.750 0.105 
114    (0)   :  0.053 0.889 0.058 
115    (0)   :  0.053 0.898 0.049 
116    (0)   :  0.270 0.703 0.027 
117    (0)   :  0.260 0.702 0.038 
118    (0)   :  0.043 0.922 0.034 
119    (0)   :  0.074 0.473 0.453 
120    (0)   :  0.064 0.896 0.040 
121    (0)   :  0.070 0.887 0.042 
122    (0)   :  0.296 0.675 0.029 
123    (0)   :  0.120 0.838 0.042 
124    (0)   :  0.551 0.409 0.040 
125    (0)   :  0.674 0.279 0.046 
126    (0)   :  0.261 0.682 0.058 
127    (0)   :  0.049 0.921 0.030 
128    (0)   :  0.040 0.923 0.037 
129    (0)   :  0.032 0.938 0.029 
130    (0)   :  0.057 0.885 0.058 
131    (0)   :  0.599 0.364 0.037 
132    (0)   :  0.171 0.803 0.026 
133    (0)   :  0.059 0.898 0.043 
134    (0)   :  0.441 0.542 0.017 
135    (0)   :  0.042 0.169 0.789 
136    (0)   :  0.039 0.089 0.872 
137    (0)   :  0.035 0.121 0.845 
138    (0)   :  0.035 0.054 0.911 
139    (0)   :  0.063 0.259 0.678 
140    (0)   :  0.109 0.231 0.661 
141    (0)   :  0.062 0.088 0.850 
142    (0)   :  0.038 0.124 0.838 
143    (0)   :  0.024 0.052 0.924 
144    (0)   :  0.031 0.115 0.855 
145    (0)   :  0.091 0.173 0.735 
146    (0)   :  0.095 0.302 0.604 
147    (0)   :  0.027 0.053 0.920 
148    (0)   :  0.047 0.164 0.788 
149    (0)   :  0.040 0.067 0.894 
150    (0)   :  0.046 0.286 0.668 
151    (0)   :  0.032 0.089 0.879 
152    (0)   :  0.057 0.210 0.733 
153    (0)   :  0.052 0.080 0.869 
154    (0)   :  0.033 0.096 0.870 
155    (0)   :  0.027 0.068 0.905 
156    (0)   :  0.026 0.098 0.876 
157    (0)   :  0.058 0.174 0.768 
158    (0)   :  0.090 0.145 0.765 
159    (0)   :  0.025 0.057 0.917 
160    (0)   :  0.026 0.064 0.910 
161    (0)   :  0.066 0.127 0.807 
162    (0)   :  0.105 0.392 0.504 
163    (0)   :  0.026 0.062 0.912 
164    (0)   :  0.062 0.457 0.482 
165    (0)   :  0.040 0.230 0.730 
166    (0)   :  0.073 0.245 0.682 
167    (0)   :  0.051 0.196 0.753 
168    (0)   :  0.057 0.081 0.862 
169    (0)   :  0.462 0.110 0.428 
170    (0)   :  0.032 0.105 0.863 
171    (0)   :  0.059 0.254 0.687 
172    (0)   :  0.152 0.065 0.783 
173    (0)   :  0.024 0.068 0.908 
174    (0)   :  0.033 0.082 0.885 
175    (0)   :  0.034 0.062 0.905 
176    (0)   :  0.031 0.113 0.856 
177    (0)   :  0.126 0.262 0.611 
178    (0)   :  0.048 0.116 0.836 
179    (0)   :  0.024 0.052 0.924 
180    (0)   :  0.083 0.175 0.742 
181    (0)   :  0.049 0.123 0.828 
182    (0)   :  0.024 0.107 0.868 
183    (0)   :  0.027 0.064 0.909 
184    (0)   :  0.107 0.826 0.067 
185    (0)   :  0.020 0.054 0.926 
186    (0)   :  0.089 0.859 0.052 
187    (0)   :  0.070 0.469 0.461 
188    (0)   :  0.063 0.899 0.038 
189    (0)   :  0.255 0.344 0.402 
190    (0)   :  0.023 0.175 0.802 
191    (0)   :  0.043 0.835 0.122 
192    (0)   :  0.068 0.596 0.336 
193    (0)   :  0.080 0.629 0.291 
194    (0)   :  0.053 0.639 0.309 
195    (0)   :  0.025 0.102 0.873 
196    (0)   :  0.043 0.442 0.515 
197    (0)   :  0.223 0.639 0.138 
198    (0)   :  0.116 0.719 0.165 
199    (0)   :  0.037 0.484 0.479 
200    (0)   :  0.077 0.614 0.309 
201    (0)   :  0.033 0.109 0.858 
202    (0)   :  0.023 0.153 0.824 
203    (0)   :  0.027 0.130 0.843 
204    (0)   :  0.029 0.348 0.623 
205    (0)   :  0.059 0.749 0.191 
206    (0)   :  0.035 0.434 0.531 
207    (0)   :  0.031 0.825 0.143 
208    (0)   :  0.042 0.372 0.585 
209    (0)   :  0.054 0.756 0.190 
210    (0)   :  0.038 0.429 0.532 
211    (0)   :  0.028 0.759 0.213 
212    (0)   :  0.044 0.118 0.838 
213    (0)   :  0.074 0.733 0.192 
214    (0)   :  0.030 0.111 0.859 
215    (0)   :  0.039 0.877 0.084 
216    (0)   :  0.114 0.790 0.096 
217    (0)   :  0.042 0.127 0.831 
218    (0)   :  0.058 0.669 0.272 
219    (0)   :  0.202 0.466 0.332 
220    (0)   :  0.034 0.801 0.165 
221    (0)   :  0.021 0.061 0.918 
222    (0)   :  0.215 0.622 0.164 
223    (0)   :  0.089 0.309 0.603 
224    (0)   :  0.031 0.229 0.740 
225    (0)   :  0.048 0.546 0.406 
226    (0)   :  0.194 0.562 0.243 
227    (0)   :  0.031 0.406 0.564 
228    (0)   :  0.023 0.112 0.864 
229    (0)   :  0.040 0.236 0.724 
230    (0)   :  0.035 0.343 0.622 
231    (0)   :  0.059 0.302 0.639 
232    (0)   :  0.088 0.432 0.481 
233    (0)   :  0.028 0.095 0.877 
234    (0)   :  0.090 0.662 0.248 
235    (0)   :  0.094 0.372 0.534 
236    (0)   :  0.060 0.304 0.636 
237    (0)   :  0.032 0.730 0.238 
238    (0)   :  0.039 0.155 0.806 
239    (0)   :  0.025 0.105 0.870 
240    (0)   :  0.040 0.160 0.800 
241    (0)   :  0.030 0.116 0.854 
242    (0)   :  0.116 0.471 0.413 
243    (0)   :  0.029 0.326 0.645 
244    (0)   :  0.031 0.165 0.804 
245    (0)   :  0.026 0.077 0.897 
246    (0)   :  0.041 0.125 0.834 
247    (0)   :  0.117 0.835 0.047 
248    (0)   :  0.036 0.907 0.057 
249    (0)   :  0.037 0.230 0.733 
250    (0)   :  0.058 0.513 0.428 
251    (0)   :  0.104 0.768 0.128 
252    (0)   :  0.063 0.384 0.553 
253    (0)   :  0.066 0.821 0.113 
254    (0)   :  0.135 0.658 0.207 
255    (0)   :  0.089 0.613 0.298 
256    (0)   :  0.041 0.228 0.731 
257    (0)   :  0.040 0.704 0.256 
258    (0)   :  0.053 0.817 0.130 
259    (0)   :  0.041 0.772 0.187 
260    (0)   :  0.152 0.462 0.387 
261    (0)   :  0.055 0.209 0.735 
262    (0)   :  0.027 0.095 0.877 
263    (0)   :  0.052 0.763 0.184 
264    (0)   :  0.652 0.310 0.038 
265    (0)   :  0.105 0.569 0.325 
266    (0)   :  0.022 0.066 0.912 
267    (0)   :  0.053 0.594 0.353 
268    (0)   :  0.044 0.444 0.512 
269    (0)   :  0.211 0.452 0.336 
270    (0)   :  0.090 0.799 0.112 
271    (0)   :  0.043 0.843 0.114 
272    (0)   :  0.121 0.723 0.156 
273    (0)   :  0.109 0.292 0.599 
274    (0)   :  0.085 0.738 0.176 
275    (0)   :  0.118 0.518 0.365 
276    (0)   :  0.097 0.773 0.130 
277    (0)   :  0.092 0.392 0.516 
278    (0)   :  0.045 0.811 0.144 
279    (0)   :  0.067 0.560 0.373 
280    (0)   :  0.224 0.438 0.339 
281    (0)   :  0.057 0.765 0.179 
282    (0)   :  0.070 0.215 0.716 
283    (0)   :  0.038 0.136 0.826 
284    (0)   :  0.058 0.582 0.360 
285    (0)   :  0.066 0.895 0.039 
286    (0)   :  0.029 0.167 0.804 
287    (0)   :  0.136 0.571 0.293 
288    (0)   :  0.129 0.712 0.159 
289    (0)   :  0.110 0.693 0.197 
290    (0)   :  0.360 0.399 0.241 
291    (0)   :  0.044 0.844 0.112 
292    (0)   :  0.160 0.303 0.536 
293    (0)   :  0.559 0.339 0.103 
294    (0)   :  0.064 0.768 0.169 
295    (0)   :  0.096 0.657 0.247 
296    (0)   :  0.040 0.790 0.169 
297    (0)   :  0.254 0.579 0.167 
298    (0)   :  0.074 0.370 0.555 
299    (0)   :  0.081 0.759 0.160 
300    (0)   :  0.060 0.771 0.169 
301    (0)   :  0.145 0.748 0.107 
302    (0)   :  0.056 0.758 0.186 
303    (0)   :  0.057 0.181 0.762 
304    (0)   :  0.194 0.352 0.454 
305    (0)   :  0.031 0.159 0.811 
306    (0)   :  0.055 0.146 0.799 
307    (0)   :  0.056 0.629 0.315 
308    (0)   :  0.055 0.208 0.737 
309    (0)   :  0.056 0.742 0.202 
310    (0)   :  0.031 0.191 0.778 
311    (0)   :  0.035 0.349 0.616 
312    (0)   :  0.031 0.798 0.171 
313    (0)   :  0.029 0.877 0.094 
314    (0)   :  0.025 0.045 0.930 
315    (0)   :  0.030 0.055 0.915 
316    (0)   :  0.036 0.058 0.906 
317    (0)   :  0.026 0.047 0.927 
318    (0)   :  0.027 0.044 0.929 
319    (0)   :  0.024 0.053 0.923 
320    (0)   :  0.024 0.046 0.930 
321    (0)   :  0.029 0.048 0.923 
322    (0)   :  0.034 0.059 0.907 
323    (0)   :  0.026 0.049 0.925 
324    (0)   :  0.029 0.048 0.923 
325    (0)   :  0.038 0.055 0.907 
326    (0)   :  0.036 0.051 0.912 
327    (0)   :  0.025 0.045 0.929 
328    (0)   :  0.036 0.067 0.898 
329    (0)   :  0.025 0.048 0.926 
330    (0)   :  0.026 0.045 0.929 
331    (0)   :  0.025 0.048 0.927 
332    (0)   :  0.045 0.057 0.898 
333    (0)   :  0.032 0.055 0.913 
334    (0)   :  0.035 0.065 0.900 
335    (0)   :  0.031 0.059 0.910 
336    (0)   :  0.030 0.046 0.924 
337    (0)   :  0.040 0.058 0.901 
338    (0)   :  0.028 0.045 0.926 
339    (0)   :  0.024 0.047 0.928 
340    (0)   :  0.023 0.046 0.931 
341    (0)   :  0.025 0.048 0.927 
342    (0)   :  0.025 0.046 0.929 
343    (0)   :  0.037 0.062 0.902 
344    (0)   :  0.025 0.046 0.929 
345    (0)   :  0.026 0.045 0.929 
346    (0)   :  0.025 0.043 0.932 
347    (0)   :  0.023 0.044 0.933 
348    (0)   :  0.029 0.058 0.913 
349    (0)   :  0.026 0.047 0.927 
350    (0)   :  0.025 0.051 0.924 
351    (0)   :  0.032 0.059 0.908 
352    (0)   :  0.035 0.057 0.909 
353    (0)   :  0.030 0.046 0.924 
354    (0)   :  0.026 0.047 0.928 
355    (0)   :  0.027 0.044 0.929 
356    (0)   :  0.029 0.061 0.910 
357    (0)   :  0.212 0.236 0.553 
358    (0)   :  0.036 0.059 0.906 
359    (0)   :  0.026 0.049 0.925 
360    (0)   :  0.024 0.043 0.932 
361    (0)   :  0.217 0.320 0.463 
362    (0)   :  0.318 0.604 0.078 
363    (0)   :  0.641 0.319 0.040 
364    (0)   :  0.240 0.407 0.353 
365    (0)   :  0.727 0.234 0.040 
366    (0)   :  0.532 0.299 0.169 
367    (0)   :  0.566 0.414 0.020 
368    (0)   :  0.070 0.892 0.038 
369    (0)   :  0.225 0.319 0.455 
370    (0)   :  0.068 0.870 0.062 
371    (0)   :  0.315 0.572 0.113 
372    (0)   :  0.086 0.783 0.131 
373    (0)   :  0.184 0.751 0.065 
374    (0)   :  0.320 0.359 0.321 
375    (0)   :  0.542 0.428 0.030 
376    (0)   :  0.906 0.071 0.022 
377    (0)   :  0.441 0.498 0.061 
378    (0)   :  0.110 0.763 0.127 
379    (0)   :  0.913 0.066 0.021 
380    (0)   :  0.770 0.096 0.134 
381    (0)   :  0.838 0.077 0.084 
382    (0)   :  0.503 0.463 0.034 
383    (0)   :  0.817 0.081 0.102 
384    (0)   :  0.742 0.190 0.068 
385    (0)   :  0.133 0.764 0.103 
386    (0)   :  0.562 0.404 0.035 
387    (0)   :  0.574 0.391 0.035 
388    (0)   :  0.210 0.578 0.212 
389    (0)   :  0.055 0.885 0.060 
390    (0)   :  0.666 0.296 0.038 
391    (0)   :  0.120 0.806 0.074 
392    (0)   :  0.802 0.137 0.061 
393    (0)   :  0.865 0.062 0.073 
394    (0)   :  0.182 0.610 0.208 
395    (0)   :  0.609 0.323 0.067 
396    (0)   :  0.469 0.508 0.023 
397    (0)   :  0.269 0.546 0.185 
398    (0)   :  0.868 0.109 0.023 
399    (0)   :  0.174 0.796 0.030 
400    (0)   :  0.687 0.273 0.040 
401    (0)   :  0.344 0.604 0.052 
402    (0)   :  0.126 0.784 0.089 
403    (0)   :  0.161 0.452 0.387 
404    (0)   :  0.594 0.320 0.086 
405    (0)   :  0.400 0.506 0.095 
406    (0)   :  0.617 0.145 0.238 
407    (0)   :  0.886 0.092 0.023 
408    (0)   :  0.058 0.917 0.025 
409    (0)   :  0.373 0.120 0.507 
410    (0)   :  0.740 0.195 0.065 
411    (0)   :  0.648 0.125 0.227 
412    (0)   :  0.098 0.866 0.036 
413    (0)   :  0.096 0.797 0.107 
414    (0)   :  0.089 0.885 0.026 
415    (0)   :  0.840 0.123 0.037 
416    (0)   :  0.618 0.323 0.059 
417    (0)   :  0.841 0.128 0.031 
418    (0)   :  0.452 0.523 0.025 
419    (0)   :  0.392 0.429 0.179 
420    (0)   :  0.395 0.566 0.039 
421    (0)   :  0.693 0.269 0.038 
422    (0)   :  0.635 0.299 0.065 
423    (0)   :  0.739 0.212 0.049 
424    (0)   :  0.167 0.769 0.064 
425    (0)   :  0.475 0.455 0.070 
426    (0)   :  0.142 0.801 0.056 
427    (0)   :  0.800 0.112 0.088 
428    (0)   :  0.525 0.250 0.225 
429    (0)   :  0.868 0.112 0.020 
430    (0)   :  0.865 0.105 0.030 
431    (0)   :  0.137 0.814 0.048 
432    (0)   :  0.079 0.877 0.045 
433    (0)   :  0.053 0.711 0.236 
434    (0)   :  0.294 0.569 0.137 
435    (0)   :  0.865 0.112 0.024 
436    (0)   :  0.892 0.073 0.036 
437    (0)   :  0.865 0.109 0.026 
438    (0)   :  0.730 0.192 0.079 
439    (0)   :  0.902 0.068 0.030 
440    (0)   :  0.883 0.097 0.019 
441    (0)   :  0.658 0.246 0.095 
442    (0)   :  0.798 0.176 0.026 
443    (0)   :  0.565 0.407 0.028 
444    (0)   :  0.830 0.144 0.026 
445    (0)   :  0.726 0.123 0.151 
446    (0)   :  0.861 0.112 0.026 
447    (0)   :  0.680 0.258 0.061 
448    (0)   :  0.713 0.258 0.030 
449    (0)   :  0.663 0.285 0.052 
450    (0)   :  0.806 0.151 0.043 
451    (0)   :  0.090 0.889 0.021 
452    (0)   :  0.846 0.119 0.035 
453    (0)   :  0.117 0.776 0.107 
454    (0)   :  0.680 0.255 0.065 
455    (0)   :  0.847 0.124 0.029 
456    (0)   :  0.816 0.155 0.028 
457    (0)   :  0.881 0.091 0.027 
458    (0)   :  0.893 0.077 0.031 
459    (0)   :  0.662 0.253 0.085 
460    (0)   :  0.825 0.150 0.024 
461    (0)   :  0.766 0.210 0.023 
462    (0)   :  0.836 0.144 0.021 
463    (0)   :  0.567 0.325 0.109 
464    (0)   :  0.713 0.262 0.025 
465    (0)   :  0.421 0.540 0.038 
466    (0)   :  0.493 0.473 0.034 
467    (0)   :  0.743 0.193 0.065 
468    (0)   :  0.889 0.085 0.026 
469    (0)   :  0.914 0.061 0.025 
470    (0)   :  0.884 0.093 0.022 
471    (0)   :  0.416 0.525 0.058 
472    (0)   :  0.530 0.430 0.040 
473    (0)   :  0.502 0.436 0.062 
474    (0)   :  0.817 0.142 0.041 
475    (0)   :  0.524 0.419 0.057 
476    (0)   :  0.888 0.081 0.031 
477    (0)   :  0.155 0.793 0.052 
478    (0)   :  0.154 0.821 0.025 
479    (0)   :  0.832 0.146 0.023 
480    (0)   :  0.906 0.069 0.025 
481    (0)   :  0.448 0.520 0.032 
482    (0)   :  0.896 0.083 0.021 
483    (0)   :  0.870 0.098 0.032 
484    (0)   :  0.798 0.158 0.044 
485    (0)   :  0.885 0.090 0.025 
486    (0)   :  0.057 0.895 0.048 
487    (0)   :  0.075 0.808 0.117 
488    (0)   :  0.044 0.901 0.055 
489    (0)   :  0.094 0.665 0.242 
490    (0)   :  0.080 0.893 0.028 
491    (0)   :  0.054 0.799 0.146 
492    (0)   :  0.056 0.731 0.213 
493    (0)   :  0.045 0.900 0.055 
494    (0)   :  0.119 0.783 0.099 
495    (0)   :  0.077 0.839 0.084 
496    (0)   :  0.070 0.457 0.473 
497    (0)   :  0.049 0.856 0.094 
498    (0)   :  0.071 0.870 0.059 
499    (0)   :  0.059 0.643 0.297 
500    (0)   :  0.187 0.751 0.062 
501    (0)   :  0.201 0.639 0.160 
502    (0)   :  0.093 0.755 0.152 
503    (0)   :  0.491 0.470 0.039 
504    (0)   :  0.046 0.916 0.038 
505    (0)   :  0.051 0.822 0.127 
506    (0)   :  0.079 0.770 0.151 
507    (0)   :  0.029 0.102 0.869 
508    (0)   :  0.030 0.231 0.739 
509    (0)   :  0.048 0.684 0.268 
510    (0)   :  0.219 0.490 0.291 
511    (0)   :  0.558 0.393 0.049 
512    (0)   :  0.618 0.354 0.028 
513    (0)   :  0.025 0.918 0.057 
514    (0)   :  0.061 0.890 0.049 
515    (0)   :  0.597 0.230 0.173 
516    (0)   :  0.043 0.908 0.050 
517    (0)   :  0.246 0.586 0.167 
518    (0)   :  0.163 0.527 0.309 
519    (0)   :  0.070 0.883 0.048 
520    (0)   :  0.220 0.214 0.566 
521    (0)   :  0.076 0.432 0.492 
522    (0)   :  0.635 0.276 0.089 
523    (0)   :  0.069 0.610 0.321 
524    (0)   :  0.480 0.424 0.096 
525    (0)   :  0.304 0.346 0.350 
526    (0)   :  0.689 0.154 0.157 
527    (0)   :  0.178 0.778 0.044 
528    (0)   :  0.043 0.153 0.804 
529    (0)   :  0.083 0.786 0.131 
530    (0)   :  0.555 0.350 0.096 
531    (0)   :  0.234 0.267 0.499 
532    (0)   :  0.144 0.562 0.294 
533    (0)   :  0.389 0.524 0.087 
534    (0)   :  0.036 0.831 0.132 
535    (0)   :  0.295 0.607 0.099 
536    (0)   :  0.468 0.223 0.309 
537    (0)   :  0.070 0.223 0.707 
538    (0)   :  0.114 0.423 0.464 
539    (0)   :  0.031 0.079 0.891 
540    (0)   :  0.143 0.357 0.500 
541    (0)   :  0.095 0.218 0.687 
542    (0)   :  0.619 0.227 0.154 
543    (0)   :  0.053 0.631 0.315 
544    (0)   :  0.236 0.504 0.260 
545    (0)   :  0.593 0.334 0.073 
546    (0)   :  0.133 0.440 0.427 
547    (0)   :  0.089 0.422 0.489 
548    (0)   :  0.056 0.514 0.430 
549    (0)   :  0.202 0.083 0.715 
550    (0)   :  0.571 0.301 0.128 
551    (0)   :  0.077 0.138 0.785 
552    (0)   :  0.107 0.303 0.590 
553    (0)   :  0.042 0.427 0.531 
554    (0)   :  0.283 0.506 0.211 
555    (0)   :  0.063 0.311 0.626 
556    (0)   :  0.095 0.503 0.402 
557    (0)   :  0.605 0.242 0.153 
558    (0)   :  0.900 0.078 0.021 
559    (0)   :  0.064 0.893 0.043 
560    (0)   :  0.718 0.262 0.020 
561    (0)   :  0.405 0.568 0.027 
562    (0)   :  0.208 0.771 0.022 
563    (0)   :  0.147 0.734 0.119 
564    (0)   :  0.074 0.866 0.061 
565    (0)   :  0.893 0.080 0.027 
566    (0)   :  0.287 0.693 0.020 
567    (0)   :  0.047 0.918 0.035 
568    (0)   :  0.227 0.721 0.052 
569    (0)   :  0.307 0.619 0.074 
570    (0)   :  0.869 0.112 0.019 
571    (0)   :  0.089 0.882 0.029 
572    (0)   :  0.142 0.433 0.424 
573    (0)   :  0.101 0.842 0.057 
574    (0)   :  0.483 0.403 0.114 
575    (0)   :  0.209 0.712 0.078 
576    (0)   :  0.186 0.795 0.019 
577    (0)   :  0.460 0.448 0.092 
578    (0)   :  0.257 0.706 0.036 
579    (0)   :  0.365 0.598 0.037 
580    (0)   :  0.627 0.313 0.059 
581    (0)   :  0.610 0.346 0.044 
582    (0)   :  0.845 0.132 0.023 
583    (0)   :  0.212 0.756 0.032 
584    (0)   :  0.146 0.831 0.023 
585    (0)   :  0.421 0.550 0.029 
586    (0)   :  0.081 0.882 0.037 
587    (0)   :  0.660 0.315 0.025 
588    (0)   :  0.026 0.921 0.053 
589    (0)   :  0.690 0.283 0.027 
590    (0)   :  0.061 0.913 0.027 
591    (0)   :  0.077 0.890 0.032 
592    (0)   :  0.273 0.694 0.033 
593    (0)   :  0.275 0.661 0.064 
594    (0)   :  0.061 0.885 0.054 
595    (0)   :  0.388 0.590 0.022 
596    (0)   :  0.107 0.832 0.061 
597    (0)   :  0.061 0.807 0.132 
598    (0)   :  0.899 0.080 0.021 
599    (0)   :  0.338 0.639 0.023 
600    (0)   :  0.572 0.351 0.077 
601    (0)   :  0.610 0.367 0.023 
602    (0)   :  0.061 0.824 0.115 
603    (0)   :  0.058 0.843 0.099 
604    (0)   :  0.646 0.262 0.091 
605    (0)   :  0.240 0.714 0.046 
606    (0)   :  0.201 0.611 0.188 
607    (0)   :  0.197 0.565 0.238 
608    (0)   :  0.250 0.285 0.465 
609    (0)   :  0.526 0.422 0.053 
610    (0)   :  0.777 0.174 0.050 
611    (0)   :  0.071 0.833 0.096 
612    (0)   :  0.885 0.084 0.032 
613    (0)   :  0.192 0.747 0.061 
614    (0)   :  0.850 0.118 0.032 
615    (0)   :  0.827 0.112 0.061 
616    (0)   :  0.178 0.662 0.160 
617    (0)   :  0.405 0.557 0.038 
618    (0)   :  0.680 0.163 0.157 
619    (0)   :  0.144 0.737 0.119 
620    (0)   :  0.154 0.820 0.026 
621    (0)   :  0.167 0.803 0.030 
622    (0)   :  0.554 0.313 0.134 
623    (0)   :  0.093 0.870 0.036 
624    (0)   :  0.787 0.108 0.105 
625    (0)   :  0.603 0.276 0.121 
626    (0)   :  0.302 0.083 0.615 
627    (0)   :  0.119 0.831 0.050 
628    (0)   :  0.081 0.872 0.046 
629    (0)   :  0.148 0.791 0.061 
630    (0)   :  0.741 0.216 0.043 
631    (0)   :  0.527 0.411 0.063 
632    (0)   :  0.124 0.493 0.383 
633    (0)   :  0.524 0.378 0.098 
634    (0)   :  0.162 0.674 0.164 
635    (0)   :  0.139 0.273 0.588 
636    (0)   :  0.546 0.243 0.211 
637    (0)   :  0.292 0.566 0.142 
638    (0)   :  0.115 0.798 0.087 
639    (0)   :  0.445 0.461 0.094 
640    (0)   :  0.139 0.824 0.037 
641    (0)   :  0.231 0.708 0.060 
642    (0)   :  0.096 0.206 0.698 
643    (0)   :  0.044 0.091 0.866 
644    (0)   :  0.047 0.223 0.730 
645    (0)   :  0.315 0.084 0.601 
646    (0)   :  0.136 0.731 0.133 
647    (0)   :  0.069 0.578 0.353 
648    (0)   :  0.151 0.404 0.445 
649    (0)   :  0.043 0.703 0.254 
650    (0)   :  0.050 0.803 0.147 
651    (0)   :  0.059 0.476 0.465 
652    (0)   :  0.063 0.273 0.665 
653    (0)   :  0.107 0.380 0.513 
654    (0)   :  0.088 0.231 0.681 
655    (0)   :  0.086 0.330 0.583 
656    (0)   :  0.095 0.593 0.312 
657    (0)   :  0.361 0.469 0.170 
658    (0)   :  0.180 0.592 0.228 
659    (0)   :  0.083 0.265 0.652 
660    (0)   :  0.041 0.168 0.791 
661    (0)   :  0.077 0.141 0.782 
662    (0)   :  0.034 0.807 0.159 
663    (0)   :  0.066 0.231 0.703 
664    (0)   :  0.292 0.419 0.289 
665    (0)   :  0.046 0.780 0.175 
666    (0)   :  0.070 0.200 0.730 
667    (0)   :  0.086 0.843 0.071 
668    (0)   :  0.133 0.273 0.594 
669    (0)   :  0.065 0.572 0.363 
670    (0)   :  0.027 0.065 0.908 
671    (0)   :  0.037 0.142 0.821 
672    (0)   :  0.061 0.142 0.796 
673    (0)   :  0.029 0.053 0.918 
674    (0)   :  0.051 0.109 0.840 
675    (0)   :  0.032 0.115 0.853 
676    (0)   :  0.026 0.051 0.923 
677    (0)   :  0.024 0.061 0.915 
678    (0)   :  0.028 0.057 0.915 
679    (0)   :  0.053 0.098 0.849 
680    (0)   :  0.045 0.071 0.884 
681    (0)   :  0.149 0.304 0.548 
682    (0)   :  0.047 0.064 0.889 
683    (0)   :  0.026 0.060 0.914 
684    (0)   :  0.028 0.061 0.911 
685    (0)   :  0.023 0.049 0.927 
686    (0)   :  0.043 0.078 0.879 
687    (0)   :  0.033 0.124 0.842 
688    (0)   :  0.034 0.086 0.880 
689    (0)   :  0.024 0.051 0.925 
690    (0)   :  0.027 0.052 0.922 
691    (0)   :  0.046 0.089 0.865 
692    (0)   :  0.039 0.088 0.873 
693    (0)   :  0.043 0.085 0.872 
694    (0)   :  0.022 0.049 0.929 
695    (0)   :  0.030 0.057 0.913 
696    (0)   :  0.032 0.085 0.883 
697    (0)   :  0.025 0.054 0.921 
698    (0)   :  0.026 0.055 0.919 
699    (0)   :  0.029 0.060 0.911 
700    (0)   :  0.073 0.069 0.858 
701    (0)   :  0.056 0.122 0.823 
702    (0)   :  0.061 0.112 0.827 
703    (0)   :  0.045 0.068 0.887 
704    (0)   :  0.029 0.073 0.897 
705    (0)   :  0.074 0.157 0.769 
706    (0)   :  0.041 0.059 0.900 
707    (0)   :  0.028 0.057 0.915 
708    (0)   :  0.026 0.060 0.914 
709    (0)   :  0.028 0.051 0.921 
710    (0)   :  0.023 0.045 0.932 
711    (0)   :  0.038 0.066 0.896 
712    (0)   :  0.021 0.053 0.926 
713    (0)   :  0.029 0.083 0.888 
714    (0)   :  0.053 0.132 0.816 
715    (0)   :  0.022 0.048 0.930 
716    (0)   :  0.039 0.053 0.908 
717    (0)   :  0.023 0.046 0.932 
718    (0)   :  0.041 0.092 0.868 
719    (0)   :  0.022 0.050 0.928 
720    (0)   :  0.147 0.819 0.035 
721    (0)   :  0.176 0.194 0.630 
722    (0)   :  0.519 0.410 0.072 
723    (0)   :  0.626 0.314 0.060 
724    (0)   :  0.731 0.116 0.153 
725    (0)   :  0.145 0.646 0.209 
726    (0)   :  0.675 0.212 0.113 
727    (0)   :  0.166 0.365 0.469 
728    (0)   :  0.917 0.064 0.019 
729    (0)   :  0.897 0.083 0.021 
730    (0)   :  0.628 0.332 0.041 
731    (0)   :  0.851 0.108 0.041 
732    (0)   :  0.627 0.313 0.060 
733    (0)   :  0.888 0.085 0.027 
734    (0)   :  0.883 0.096 0.021 
735    (0)   :  0.891 0.076 0.033 
736    (0)   :  0.575 0.383 0.042 
737    (0)   :  0.554 0.393 0.053 
738    (0)   :  0.594 0.366 0.040 
739    (0)   :  0.897 0.078 0.025 
740    (0)   :  0.055 0.183 0.762 
741    (0)   :  0.107 0.344 0.550 
742    (0)   :  0.186 0.668 0.146 
743    (0)   :  0.170 0.750 0.081 
744    (0)   :  0.064 0.779 0.157 
745    (0)   :  0.122 0.848 0.030 
746    (0)   :  0.184 0.591 0.224 
747    (0)   :  0.083 0.861 0.056 
748    (0)   :  0.060 0.424 0.516 
749    (0)   :  0.077 0.689 0.234 
750    (0)   :  0.108 0.740 0.152 
751    (0)   :  0.074 0.363 0.563 
752    (0)   :  0.125 0.790 0.085 
753    (0)   :  0.267 0.452 0.281 
754    (0)   :  0.128 0.491 0.381 
755    (0)   :  0.110 0.734 0.157 
756    (0)   :  0.048 0.719 0.233 
757    (0)   :  0.082 0.799 0.119 
758    (0)   :  0.045 0.928 0.028 
759    (0)   :  0.155 0.319 0.525 
760    (0)   :  0.363 0.514 0.123 
761    (0)   :  0.545 0.169 0.285 
762    (0)   :  0.662 0.295 0.043 
763    (0)   :  0.256 0.460 0.284 
764    (0)   :  0.074 0.856 0.070 
765    (0)   :  0.581 0.349 0.070 
766    (0)   :  0.093 0.487 0.420 
767    (0)   :  0.117 0.677 0.206 
768    (0)   :  0.676 0.281 0.043 
769    (0)   :  0.582 0.215 0.203 
770    (0)   :  0.589 0.371 0.040 
771    (0)   :  0.042 0.670 0.287 
772    (0)   :  0.139 0.530 0.331 
773    (0)   :  0.091 0.814 0.095 
774    (0)   :  0.104 0.333 0.564 
775    (0)   :  0.764 0.170 0.066 
776    (0)   :  0.096 0.859 0.046 
777    (0)   :  0.140 0.741 0.119 
778    (0)   :  0.087 0.680 0.233 
779    (0)   :  0.061 0.826 0.113 
780    (0)   :  0.073 0.508 0.419 
781    (0)   :  0.049 0.500 0.451 
782    (0)   :  0.061 0.827 0.112 
783    (0)   :  0.150 0.573 0.277 
784    (0)   :  0.255 0.684 0.061 
785    (0)   :  0.097 0.789 0.114 
786    (0)   :  0.108 0.366 0.526 
787    (0)   :  0.035 0.458 0.507 
788    (0)   :  0.198 0.734 0.067 
789    (0)   :  0.278 0.653 0.069 
790    (0)   :  0.144 0.598 0.258 
791    (0)   :  0.124 0.767 0.109 
792    (0)   :  0.040 0.376 0.584 
793    (0)   :  0.140 0.257 0.603 
794    (0)   :  0.128 0.733 0.139 
795    (0)   :  0.138 0.200 0.662 
796    (0)   :  0.071 0.789 0.140 
797    (0)   :  0.054 0.145 0.801 
798    (0)   :  0.830 0.141 0.030 
799    (0)   :  0.101 0.841 0.058 
800    (0)   :  0.028 0.244 0.729 
801    (0)   :  0.815 0.128 0.057 
802    (0)   :  0.482 0.193 0.326 
803    (0)   :  0.140 0.349 0.511 
804    (0)   :  0.181 0.648 0.171 
805    (0)   :  0.041 0.089 0.870 
806    (0)   :  0.600 0.187 0.213 
807    (0)   :  0.036 0.088 0.876 
808    (0)   :  0.060 0.306 0.634 
809    (0)   :  0.609 0.206 0.185 
810    (0)   :  0.176 0.594 0.229 
811    (0)   :  0.104 0.236 0.660 
812    (0)   :  0.158 0.753 0.089 
813    (0)   :  0.826 0.140 0.034 
814    (0)   :  0.049 0.879 0.072 
815    (0)   :  0.477 0.102 0.421 
816    (0)   :  0.336 0.215 0.449 
817    (0)   :  0.486 0.196 0.318 
818    (0)   :  0.126 0.822 0.052 
819    (0)   :  0.037 0.867 0.096 
820    (0)   :  0.057 0.817 0.126 
821    (0)   :  0.162 0.777 0.062 
822    (0)   :  0.286 0.691 0.023 
823    (0)   :  0.503 0.307 0.190 
824    (0)   :  0.100 0.777 0.123 
825    (0)   :  0.219 0.736 0.045 
826    (0)   :  0.053 0.916 0.031 
827    (0)   :  0.399 0.555 0.046 
828    (0)   :  0.504 0.413 0.084 
829    (0)   :  0.703 0.213 0.084 
830    (0)   :  0.389 0.584 0.028 
831    (0)   :  0.246 0.636 0.118 
832    (0)   :  0.310 0.549 0.141 
833    (0)   :  0.502 0.363 0.135 
834    (0)   :  0.348 0.544 0.108 
835    (0)   :  0.055 0.913 0.032 
836    (0)   :  0.078 0.849 0.073 
837    (0)   :  0.545 0.187 0.268 
838    (0)   :  0.062 0.901 0.037 
839    (0)   :  0.233 0.721 0.046 
840    (0)   :  0.051 0.789 0.160 
841    (0)   :  0.047 0.859 0.094 
842    (0)   :  0.103 0.874 0.023 
843    (0)   :  0.074 0.514 0.412 
844    (0)   :  0.143 0.726 0.131 
845    (0)   :  0.085 0.887 0.029 
846    (0)   :  0.067 0.853 0.079 
847    (0)   :  0.038 0.827 0.136 
848    (0)   :  0.039 0.900 0.062 
849    (0)   :  0.156 0.804 0.041 
850    (0)   :  0.116 0.843 0.041 
851    (0)   :  0.047 0.917 0.037 
852    (0)   :  0.235 0.246 0.519 
853    (0)   :  0.274 0.688 0.038 
854    (0)   :  0.401 0.407 0.192 
855    (0)   :  0.056 0.885 0.059 
856    (0)   :  0.069 0.837 0.094 
857    (0)   :  0.102 0.840 0.058 
858    (0)   :  0.090 0.874 0.035 
859    (0)   :  0.200 0.761 0.039 
860    (0)   :  0.048 0.920 0.032 
861    (0)   :  0.043 0.505 0.452 
862    (0)   :  0.909 0.065 0.026 
863    (0)   :  0.849 0.090 0.061 
864    (0)   :  0.900 0.058 0.042 
865    (0)   :  0.888 0.092 0.020 
866    (0)   :  0.440 0.523 0.036 
867    (0)   :  0.883 0.075 0.043 
868    (0)   :  0.824 0.137 0.038 
869    (0)   :  0.491 0.470 0.039 
870    (0)   :  0.777 0.196 0.027 
871    (0)   :  0.853 0.124 0.023 
872    (0)   :  0.878 0.093 0.029 
873    (0)   :  0.896 0.070 0.034 
874    (0)   :  0.896 0.081 0.023 
875    (0)   :  0.447 0.506 0.048 
876    (0)   :  0.092 0.879 0.029 
877    (0)   :  0.909 0.060 0.031 
878    (0)   :  0.444 0.492 0.063 
879    (0)   :  0.885 0.075 0.040 
880    (0)   :  0.383 0.579 0.038 
881    (0)   :  0.871 0.089 0.040 
882    (0)   :  0.894 0.075 0.032 
883    (0)   :  0.122 0.836 0.043 
884    (0)   :  0.890 0.091 0.019 
885    (0)   :  0.754 0.169 0.077 
886    (0)   :  0.657 0.290 0.053 
887    (0)   :  0.885 0.092 0.023 
888    (0)   :  0.382 0.467 0.152 
889    (0)   :  0.896 0.084 0.020 
890    (0)   :  0.302 0.676 0.023 
891    (0)   :  0.059 0.907 0.035 
892    (0)   :  0.073 0.887 0.040 
893    (0)   :  0.260 0.667 0.072 
894    (0)   :  0.452 0.526 0.022 
895    (0)   :  0.862 0.113 0.024 
896    (0)   :  0.047 0.891 0.062 
897    (0)   :  0.050 0.915 0.035 
898    (0)   :  0.462 0.468 0.070 
899    (0)   :  0.364 0.617 0.019 
900    (0)   :  0.058 0.915 0.028 
901    (0)   :  0.068 0.902 0.029 
902    (0)   :  0.049 0.900 0.051 
903    (0)   :  0.641 0.327 0.032 
904    (0)   :  0.427 0.501 0.072 
905    (0)   :  0.700 0.277 0.022 
906    (0)   :  0.167 0.787 0.046 
907    (0)   :  0.146 0.808 0.046 
908    (0)   :  0.146 0.818 0.036 
909    (0)   :  0.154 0.795 0.051 
910    (0)   :  0.067 0.886 0.048 
911    (0)   :  0.770 0.210 0.020 
912    (0)   :  0.417 0.559 0.024 
913    (0)   :  0.467 0.508 0.025 
914    (0)   :  0.272 0.583 0.146 
915    (0)   :  0.144 0.836 0.019 
916    (0)   :  0.179 0.794 0.026 
917    (0)   :  0.265 0.706 0.029 
918    (0)   :  0.474 0.399 0.127 
919    (0)   :  0.602 0.336 0.062 
920    (0)   :  0.136 0.824 0.040 
921    (0)   :  0.075 0.525 0.400 
922    (0)   :  0.096 0.835 0.069 
923    (0)   :  0.045 0.834 0.121 
924    (0)   :  0.042 0.900 0.057 
925    (0)   :  0.063 0.835 0.102 
926    (0)   :  0.028 0.563 0.409 
927    (0)   :  0.089 0.438 0.473 
928    (0)   :  0.032 0.352 0.615 
929    (0)   :  0.030 0.859 0.111 
930    (0)   :  0.059 0.789 0.152 
931    (0)   :  0.357 0.096 0.547 
932    (0)   :  0.039 0.860 0.100 
933    (0)   :  0.038 0.198 0.764 
934    (0)   :  0.030 0.930 0.039 
935    (0)   :  0.093 0.609 0.298 
936    (0)   :  0.087 0.714 0.200 
937    (0)   :  0.072 0.251 0.677 
938    (0)   :  0.029 0.314 0.658 
939    (0)   :  0.073 0.198 0.729 
940    (0)   :  0.108 0.607 0.285 
941    (0)   :  0.139 0.782 0.080 
942    (0)   :  0.074 0.527 0.400 
943    (0)   :  0.052 0.092 0.856 
944    (0)   :  0.064 0.272 0.664 
945    (0)   :  0.054 0.799 0.147 
946    (0)   :  0.058 0.749 0.192 
947    (0)   :  0.049 0.205 0.746 
948    (0)   :  0.668 0.210 0.123 
949    (0)   :  0.424 0.506 0.069 
950    (0)   :  0.033 0.284 0.683 
951    (0)   :  0.075 0.451 0.474 
952    (0)   :  0.100 0.584 0.315 
953    (0)   :  0.106 0.750 0.144 
954    (0)   :  0.356 0.395 0.248 
955    (0)   :  0.036 0.065 0.899 
956    (0)   :  0.027 0.075 0.899 
957    (0)   :  0.136 0.333 0.531 
958    (0)   :  0.125 0.796 0.078 
959    (0)   :  0.057 0.641 0.302 
960    (0)   :  0.536 0.375 0.089 
961    (0)   :  0.023 0.049 0.928 
962    (0)   :  0.029 0.888 0.084 
963    (0)   :  0.158 0.765 0.077 
964    (0)   :  0.106 0.789 0.105 
965    (0)   :  0.051 0.589 0.360 
966    (0)   :  0.120 0.614 0.266 
967    (0)   :  0.041 0.061 0.899 
968    (0)   :  0.034 0.861 0.104 
969    (0)   :  0.245 0.499 0.256 
970    (0)   :  0.044 0.145 0.811 
971    (0)   :  0.040 0.740 0.220 
972    (0)   :  0.176 0.546 0.278 
973    (0)   :  0.031 0.416 0.554 
974    (0)   :  0.081 0.825 0.094 
975    (0)   :  0.240 0.507 0.253 
976    (0)   :  0.040 0.737 0.223 
977    (0)   :  0.121 0.539 0.341 
978    (0)   :  0.041 0.586 0.373 
979    (0)   :  0.056 0.860 0.084 
980    (0)   :  0.041 0.510 0.449 
981    (0)   :  0.086 0.682 0.231 
982    (0)   :  0.094 0.864 0.041 
983    (0)   :  0.388 0.556 0.056 
984    (0)   :  0.196 0.117 0.687 
985    (0)   :  0.056 0.774 0.170 
986    (0)   :  0.081 0.842 0.078 
987    (0)   :  0.059 0.908 0.033 
988    (0)   :  0.652 0.326 0.022 
989    (0)   :  0.096 0.129 0.776 
990    (0)   :  0.185 0.720 0.095 
991    (0)   :  0.075 0.789 0.136 
992    (0)   :  0.035 0.928 0.037 
993    (0)   :  0.574 0.375 0.051 
994    (0)   :  0.064 0.599 0.337 
995    (0)   :  0.021 0.056 0.923 
996    (0)   :  0.162 0.793 0.045 
997    (0)   :  0.037 0.870 0.093 
998    (0)   :  0.066 0.892 0.043 
999    (0)   :  0.067 0.754 0.179 
1000    (0)   :  0.062 0.900 0.039 
1001    (0)   :  0.159 0.788 0.053 
1002    (0)   :  0.123 0.854 0.023 
1003    (0)   :  0.056 0.827 0.117 
1004    (0)   :  0.040 0.899 0.061 
1005    (0)   :  0.061 0.899 0.041 
1006    (0)   :  0.078 0.703 0.219 
1007    (0)   :  0.056 0.539 0.405 
1008    (0)   :  0.055 0.335 0.611 
1009    (0)   :  0.204 0.605 0.191 
1010    (0)   :  0.068 0.773 0.159 
1011    (0)   :  0.079 0.359 0.562 
1012    (0)   :  0.109 0.783 0.108 
1013    (0)   :  0.062 0.797 0.141 
1014    (0)   :  0.091 0.864 0.045 
1015    (0)   :  0.037 0.896 0.067 
1016    (0)   :  0.055 0.908 0.037 
1017    (0)   :  0.043 0.747 0.210 
1018    (0)   :  0.064 0.762 0.174 
1019    (0)   :  0.102 0.735 0.163 
1020    (0)   :  0.032 0.087 0.881 
1021    (0)   :  0.047 0.240 0.714 
1022    (0)   :  0.052 0.791 0.157 
1023    (0)   :  0.192 0.751 0.057 
1024    (0)   :  0.159 0.800 0.041 
1025    (0)   :  0.063 0.855 0.082 
1026    (0)   :  0.698 0.102 0.200 
1027    (0)   :  0.653 0.161 0.186 
1028    (0)   :  0.711 0.195 0.093 
1029    (0)   :  0.107 0.731 0.161 
1030    (0)   :  0.098 0.343 0.559 
1031    (0)   :  0.469 0.235 0.296 
1032    (0)   :  0.346 0.259 0.395 
1033    (0)   :  0.424 0.257 0.320 
1034    (0)   :  0.101 0.724 0.174 
1035    (0)   :  0.076 0.150 0.774 
1036    (0)   :  0.149 0.246 0.605 
1037    (0)   :  0.050 0.315 0.636 
1038    (0)   :  0.368 0.158 0.474 
1039    (0)   :  0.178 0.305 0.517 
1040    (0)   :  0.691 0.114 0.195 
1041    (0)   :  0.700 0.161 0.139 
1042    (0)   :  0.221 0.258 0.521 
1043    (0)   :  0.471 0.230 0.299 
1044    (0)   :  0.453 0.380 0.167 
1045    (0)   :  0.758 0.088 0.153 
1046    (0)   :  0.210 0.298 0.492 
1047    (0)   :  0.067 0.146 0.787 
1048    (0)   :  0.137 0.774 0.089 
1049    (0)   :  0.068 0.878 0.054 
1050    (0)   :  0.337 0.641 0.021 
1051    (0)   :  0.119 0.858 0.023 
1052    (0)   :  0.150 0.818 0.032 
1053    (0)   :  0.161 0.801 0.038 
1054    (0)   :  0.118 0.843 0.039 
1055    (0)   :  0.047 0.922 0.031 
1056    (0)   :  0.075 0.892 0.033 
1057    (0)   :  0.791 0.181 0.029 
1058    (0)   :  0.289 0.687 0.025 
1059    (0)   :  0.360 0.595 0.045 
1060    (0)   :  0.260 0.664 0.077 
1061    (0)   :  0.050 0.924 0.027 
1062    (0)   :  0.348 0.625 0.028 
1063    (0)   :  0.038 0.877 0.085 
1064    (0)   :  0.185 0.782 0.034 
1065    (0)   :  0.118 0.830 0.052 
1066    (0)   :  0.050 0.893 0.057 
1067    (0)   :  0.255 0.719 0.026 
1068    (0)   :  0.133 0.619 0.248 
1069    (0)   :  0.082 0.898 0.020 
1070    (0)   :  0.133 0.839 0.028 
1071    (0)   :  0.121 0.790 0.088 
1072    (0)   :  0.090 0.861 0.050 
1073    (0)   :  0.270 0.697 0.032 
1074    (0)   :  0.305 0.628 0.068 
1075    (0)   :  0.210 0.743 0.047 
1076    (0)   :  0.181 0.764 0.055 
1077    (0)   :  0.833 0.142 0.025 
1078    (0)   :  0.072 0.888 0.040 
1079    (0)   :  0.250 0.718 0.033 
1080    (0)   :  0.093 0.783 0.124 
1081    (0)   :  0.183 0.793 0.024 
1082    (0)   :  0.150 0.785 0.065 
1083    (0)   :  0.102 0.853 0.045 
1084    (0)   :  0.104 0.776 0.120 
1085    (0)   :  0.102 0.881 0.018 
1086    (0)   :  0.038 0.934 0.027 
1087    (0)   :  0.089 0.893 0.018 
1088    (0)   :  0.072 0.909 0.020 
1089    (0)   :  0.457 0.522 0.020 
1090    (0)   :  0.252 0.721 0.027 
1091    (0)   :  0.080 0.880 0.040 
1092    (0)   :  0.185 0.790 0.024 
1093    (0)   :  0.054 0.881 0.064 
1094    (0)   :  0.732 0.198 0.070 
