

----------------------------------------------------
STRUCTURE by Pritchard, Stephens and Donnelly (2000)
     and Falush, Stephens and Pritchard (2003)
       Code by Pritchard, Falush and Hubisz
             Version 2.3.4 (Jul 2012)
----------------------------------------------------



Command line arguments:   ./structure -K 4 -D 104019 -m brooktrout/mainparams -e brooktrout/extraparams -o brooktrout/250914_output/results_K4_rep19 
Input File:    brooktrout/brooktrout.txt

Run parameters:
   8454 individuals
   5 loci
   4 populations assumed
   50000 Burn-in period
   100000 Reps
RANDOMIZE turned off


--------------------------------------------
Overall proportion of membership of the
sample in each of the 4 clusters

Inferred Clusters
  1      2      3      4    
0.195  0.179  0.195  0.431  

--------------------------------------------

Allele-freq. divergence among pops (Net nucleotide distance),
computed using point estimates of P.

      1       2       3       4      
 1      -    0.1139  0.0769  0.0316  
 2   0.1139     -    0.0622  0.0867  
 3   0.0769  0.0622     -    0.0456  
 4   0.0316  0.0867  0.0456     -    

Average distances (expected heterozygosity) between individuals in same cluster:
cluster  1  : 0.7953 
cluster  2  : 0.7387 
cluster  3  : 0.8185 
cluster  4  : 0.8340 

--------------------------------------------
Estimated Ln Prob of Data   = -178448.6
Mean value of ln likelihood = -173343.7
Variance of ln likelihood   = 10209.8

Mean value of alpha_1       = 0.1585
Mean value of alpha_2       = 0.1474
Mean value of alpha_3       = 0.1646
Mean value of alpha_4       = 0.3635
Allele frequencies uncorrelated


Inferred ancestry of individuals:
     (%Miss) :  Inferred clusters
  1    (0)   :  0.205 0.222 0.190 0.384 
  2    (0)   :  0.047 0.038 0.219 0.697 
  3    (0)   :  0.529 0.122 0.165 0.184 
  4    (0)   :  0.045 0.620 0.115 0.219 
  5    (0)   :  0.052 0.036 0.133 0.778 
  6    (0)   :  0.746 0.036 0.040 0.178 
  7    (0)   :  0.085 0.033 0.026 0.856 
  8    (0)   :  0.198 0.318 0.064 0.420 
  9    (0)   :  0.329 0.074 0.192 0.404 
 10    (0)   :  0.193 0.137 0.035 0.635 
 11    (0)   :  0.152 0.035 0.031 0.781 
 12    (0)   :  0.065 0.062 0.170 0.703 
 13    (0)   :  0.088 0.065 0.074 0.773 
 14    (0)   :  0.099 0.080 0.445 0.376 
 15    (0)   :  0.086 0.170 0.143 0.600 
 16    (0)   :  0.443 0.062 0.057 0.439 
 17    (0)   :  0.172 0.057 0.100 0.671 
 18    (0)   :  0.414 0.089 0.204 0.293 
 19    (0)   :  0.381 0.049 0.060 0.509 
 20    (0)   :  0.112 0.052 0.121 0.715 
 21    (0)   :  0.127 0.185 0.360 0.328 
 22    (0)   :  0.701 0.072 0.057 0.170 
 23    (0)   :  0.056 0.154 0.457 0.333 
 24    (0)   :  0.330 0.198 0.121 0.350 
 25    (0)   :  0.102 0.026 0.045 0.827 
 26    (0)   :  0.196 0.119 0.170 0.515 
 27    (0)   :  0.160 0.093 0.111 0.636 
 28    (0)   :  0.146 0.276 0.071 0.507 
 29    (0)   :  0.075 0.049 0.130 0.746 
 30    (0)   :  0.718 0.048 0.093 0.140 
 31    (0)   :  0.119 0.116 0.105 0.661 
 32    (0)   :  0.162 0.134 0.240 0.465 
 33    (0)   :  0.452 0.125 0.201 0.222 
 34    (0)   :  0.259 0.056 0.033 0.652 
 35    (0)   :  0.370 0.038 0.311 0.282 
 36    (0)   :  0.308 0.038 0.547 0.107 
 37    (0)   :  0.098 0.169 0.251 0.481 
 38    (0)   :  0.737 0.024 0.108 0.131 
 39    (0)   :  0.527 0.045 0.154 0.275 
 40    (0)   :  0.110 0.101 0.645 0.144 
 41    (0)   :  0.364 0.036 0.454 0.146 
 42    (0)   :  0.179 0.296 0.407 0.118 
 43    (0)   :  0.060 0.064 0.613 0.263 
 44    (0)   :  0.243 0.026 0.605 0.125 
 45    (0)   :  0.291 0.025 0.487 0.197 
 46    (0)   :  0.497 0.034 0.134 0.335 
 47    (0)   :  0.395 0.060 0.154 0.391 
 48    (0)   :  0.228 0.026 0.653 0.093 
 49    (0)   :  0.361 0.053 0.260 0.325 
 50    (0)   :  0.470 0.086 0.088 0.356 
 51    (0)   :  0.072 0.024 0.839 0.065 
 52    (0)   :  0.550 0.055 0.107 0.288 
 53    (0)   :  0.776 0.050 0.066 0.108 
 54    (0)   :  0.073 0.061 0.403 0.463 
 55    (0)   :  0.059 0.036 0.680 0.225 
 56    (0)   :  0.337 0.048 0.497 0.117 
 57    (0)   :  0.150 0.164 0.052 0.634 
 58    (0)   :  0.126 0.049 0.532 0.293 
 59    (0)   :  0.398 0.042 0.351 0.210 
 60    (0)   :  0.076 0.081 0.719 0.125 
 61    (0)   :  0.025 0.044 0.825 0.105 
 62    (0)   :  0.323 0.047 0.132 0.498 
 63    (0)   :  0.108 0.079 0.436 0.377 
 64    (0)   :  0.697 0.030 0.084 0.189 
 65    (0)   :  0.080 0.022 0.068 0.829 
 66    (0)   :  0.048 0.099 0.546 0.308 
 67    (0)   :  0.054 0.029 0.615 0.301 
 68    (0)   :  0.376 0.053 0.353 0.218 
 69    (0)   :  0.415 0.136 0.107 0.343 
 70    (0)   :  0.132 0.053 0.560 0.255 
 71    (0)   :  0.241 0.021 0.547 0.190 
 72    (0)   :  0.575 0.032 0.200 0.193 
 73    (0)   :  0.056 0.025 0.587 0.332 
 74    (0)   :  0.380 0.074 0.447 0.099 
 75    (0)   :  0.117 0.077 0.722 0.084 
 76    (0)   :  0.093 0.040 0.380 0.487 
 77    (0)   :  0.314 0.030 0.475 0.181 
 78    (0)   :  0.442 0.034 0.402 0.123 
 79    (0)   :  0.080 0.036 0.036 0.849 
 80    (0)   :  0.069 0.565 0.085 0.282 
 81    (0)   :  0.088 0.395 0.074 0.443 
 82    (0)   :  0.050 0.093 0.218 0.639 
 83    (0)   :  0.148 0.239 0.203 0.410 
 84    (0)   :  0.105 0.214 0.104 0.577 
 85    (0)   :  0.166 0.322 0.158 0.354 
 86    (0)   :  0.115 0.037 0.305 0.543 
 87    (0)   :  0.071 0.040 0.065 0.824 
 88    (0)   :  0.048 0.195 0.116 0.641 
 89    (0)   :  0.053 0.329 0.195 0.423 
 90    (0)   :  0.046 0.042 0.047 0.865 
 91    (0)   :  0.095 0.541 0.151 0.212 
 92    (0)   :  0.067 0.071 0.069 0.793 
 93    (0)   :  0.031 0.839 0.041 0.088 
 94    (0)   :  0.317 0.038 0.048 0.596 
 95    (0)   :  0.037 0.097 0.072 0.795 
 96    (0)   :  0.030 0.091 0.764 0.115 
 97    (0)   :  0.213 0.112 0.546 0.128 
 98    (0)   :  0.097 0.058 0.622 0.223 
 99    (0)   :  0.071 0.180 0.094 0.654 
100    (0)   :  0.030 0.536 0.292 0.143 
101    (0)   :  0.053 0.060 0.173 0.713 
102    (0)   :  0.082 0.313 0.230 0.376 
103    (0)   :  0.036 0.093 0.435 0.436 
104    (0)   :  0.047 0.055 0.080 0.817 
105    (0)   :  0.032 0.090 0.135 0.744 
106    (0)   :  0.186 0.019 0.049 0.746 
107    (0)   :  0.045 0.094 0.195 0.666 
108    (0)   :  0.081 0.026 0.751 0.143 
109    (0)   :  0.111 0.019 0.070 0.800 
110    (0)   :  0.200 0.022 0.040 0.738 
111    (0)   :  0.037 0.026 0.043 0.894 
112    (0)   :  0.081 0.020 0.043 0.856 
113    (0)   :  0.102 0.051 0.458 0.389 
114    (0)   :  0.042 0.071 0.071 0.816 
115    (0)   :  0.048 0.034 0.178 0.740 
116    (0)   :  0.207 0.020 0.171 0.601 
117    (0)   :  0.114 0.030 0.054 0.802 
118    (0)   :  0.048 0.028 0.210 0.713 
119    (0)   :  0.046 0.095 0.717 0.141 
120    (0)   :  0.054 0.033 0.082 0.831 
121    (0)   :  0.055 0.028 0.162 0.756 
122    (0)   :  0.145 0.026 0.051 0.779 
123    (0)   :  0.081 0.036 0.080 0.803 
124    (0)   :  0.388 0.028 0.132 0.453 
125    (0)   :  0.439 0.037 0.082 0.442 
126    (0)   :  0.172 0.046 0.161 0.621 
127    (0)   :  0.038 0.028 0.051 0.883 
128    (0)   :  0.038 0.030 0.188 0.744 
129    (0)   :  0.029 0.022 0.114 0.834 
130    (0)   :  0.048 0.088 0.086 0.778 
131    (0)   :  0.454 0.026 0.152 0.368 
132    (0)   :  0.089 0.020 0.076 0.815 
133    (0)   :  0.052 0.040 0.106 0.801 
134    (0)   :  0.132 0.015 0.030 0.823 
135    (0)   :  0.041 0.451 0.349 0.159 
136    (0)   :  0.033 0.845 0.037 0.085 
137    (0)   :  0.029 0.814 0.034 0.123 
138    (0)   :  0.039 0.841 0.051 0.069 
139    (0)   :  0.043 0.134 0.697 0.126 
140    (0)   :  0.092 0.523 0.148 0.237 
141    (0)   :  0.066 0.765 0.059 0.110 
142    (0)   :  0.035 0.459 0.383 0.122 
143    (0)   :  0.023 0.880 0.040 0.057 
144    (0)   :  0.026 0.820 0.039 0.115 
145    (0)   :  0.083 0.630 0.104 0.184 
146    (0)   :  0.066 0.518 0.102 0.314 
147    (0)   :  0.026 0.884 0.030 0.060 
148    (0)   :  0.046 0.626 0.120 0.208 
149    (0)   :  0.044 0.781 0.092 0.082 
150    (0)   :  0.039 0.634 0.070 0.258 
151    (0)   :  0.030 0.825 0.053 0.092 
152    (0)   :  0.063 0.540 0.198 0.198 
153    (0)   :  0.055 0.770 0.076 0.099 
154    (0)   :  0.032 0.799 0.063 0.106 
155    (0)   :  0.028 0.847 0.044 0.081 
156    (0)   :  0.026 0.605 0.254 0.115 
157    (0)   :  0.054 0.697 0.053 0.196 
158    (0)   :  0.075 0.717 0.061 0.147 
159    (0)   :  0.024 0.878 0.033 0.065 
160    (0)   :  0.025 0.869 0.036 0.070 
161    (0)   :  0.064 0.697 0.095 0.145 
162    (0)   :  0.071 0.417 0.133 0.379 
163    (0)   :  0.026 0.845 0.055 0.073 
164    (0)   :  0.051 0.446 0.074 0.429 
165    (0)   :  0.033 0.709 0.053 0.206 
166    (0)   :  0.075 0.515 0.160 0.249 
167    (0)   :  0.037 0.705 0.038 0.220 
168    (0)   :  0.068 0.748 0.087 0.097 
169    (0)   :  0.417 0.363 0.083 0.138 
170    (0)   :  0.033 0.568 0.284 0.115 
171    (0)   :  0.066 0.585 0.137 0.212 
172    (0)   :  0.193 0.487 0.242 0.078 
173    (0)   :  0.026 0.838 0.060 0.075 
174    (0)   :  0.031 0.841 0.038 0.090 
175    (0)   :  0.033 0.848 0.048 0.071 
176    (0)   :  0.026 0.822 0.038 0.114 
177    (0)   :  0.106 0.540 0.072 0.282 
178    (0)   :  0.047 0.787 0.042 0.124 
179    (0)   :  0.026 0.875 0.037 0.062 
180    (0)   :  0.062 0.656 0.078 0.205 
181    (0)   :  0.052 0.644 0.174 0.130 
182    (0)   :  0.024 0.775 0.100 0.101 
183    (0)   :  0.028 0.851 0.051 0.069 
184    (0)   :  0.097 0.034 0.439 0.429 
185    (0)   :  0.025 0.619 0.286 0.070 
186    (0)   :  0.065 0.034 0.196 0.706 
187    (0)   :  0.048 0.149 0.606 0.196 
188    (0)   :  0.051 0.025 0.280 0.645 
189    (0)   :  0.272 0.183 0.354 0.192 
190    (0)   :  0.019 0.066 0.856 0.059 
191    (0)   :  0.040 0.057 0.584 0.319 
192    (0)   :  0.054 0.166 0.466 0.314 
193    (0)   :  0.071 0.135 0.522 0.272 
194    (0)   :  0.044 0.134 0.472 0.350 
195    (0)   :  0.024 0.178 0.719 0.078 
196    (0)   :  0.026 0.059 0.828 0.087 
197    (0)   :  0.137 0.088 0.264 0.511 
198    (0)   :  0.125 0.117 0.359 0.399 
199    (0)   :  0.033 0.065 0.777 0.126 
200    (0)   :  0.076 0.057 0.709 0.158 
201    (0)   :  0.033 0.362 0.504 0.101 
202    (0)   :  0.025 0.348 0.502 0.125 
203    (0)   :  0.025 0.279 0.587 0.109 
204    (0)   :  0.022 0.055 0.834 0.090 
205    (0)   :  0.038 0.039 0.798 0.126 
206    (0)   :  0.028 0.079 0.760 0.134 
207    (0)   :  0.025 0.038 0.741 0.196 
208    (0)   :  0.026 0.116 0.759 0.099 
209    (0)   :  0.045 0.074 0.628 0.253 
210    (0)   :  0.028 0.078 0.767 0.127 
211    (0)   :  0.023 0.077 0.667 0.233 
212    (0)   :  0.045 0.519 0.324 0.112 
213    (0)   :  0.047 0.052 0.630 0.271 
214    (0)   :  0.029 0.331 0.540 0.101 
215    (0)   :  0.034 0.029 0.793 0.145 
216    (0)   :  0.101 0.052 0.329 0.518 
217    (0)   :  0.037 0.199 0.681 0.083 
218    (0)   :  0.042 0.057 0.719 0.182 
219    (0)   :  0.191 0.187 0.290 0.331 
220    (0)   :  0.026 0.038 0.796 0.140 
221    (0)   :  0.022 0.434 0.483 0.061 
222    (0)   :  0.165 0.087 0.258 0.490 
223    (0)   :  0.075 0.270 0.455 0.199 
224    (0)   :  0.029 0.216 0.595 0.160 
225    (0)   :  0.032 0.059 0.786 0.123 
226    (0)   :  0.114 0.064 0.700 0.122 
227    (0)   :  0.027 0.104 0.733 0.136 
228    (0)   :  0.022 0.114 0.795 0.068 
229    (0)   :  0.032 0.227 0.573 0.168 
230    (0)   :  0.025 0.120 0.711 0.144 
231    (0)   :  0.051 0.238 0.495 0.216 
232    (0)   :  0.064 0.154 0.502 0.280 
233    (0)   :  0.032 0.503 0.357 0.109 
234    (0)   :  0.083 0.158 0.378 0.381 
235    (0)   :  0.063 0.144 0.669 0.124 
236    (0)   :  0.043 0.219 0.578 0.160 
237    (0)   :  0.032 0.058 0.647 0.263 
238    (0)   :  0.037 0.344 0.482 0.137 
239    (0)   :  0.024 0.169 0.730 0.077 
240    (0)   :  0.037 0.350 0.477 0.136 
241    (0)   :  0.034 0.468 0.379 0.119 
242    (0)   :  0.101 0.089 0.604 0.206 
243    (0)   :  0.021 0.062 0.847 0.071 
244    (0)   :  0.025 0.195 0.671 0.110 
245    (0)   :  0.027 0.665 0.221 0.087 
246    (0)   :  0.037 0.203 0.677 0.082 
247    (0)   :  0.081 0.027 0.346 0.546 
248    (0)   :  0.035 0.031 0.581 0.353 
249    (0)   :  0.028 0.186 0.658 0.128 
250    (0)   :  0.041 0.145 0.600 0.214 
251    (0)   :  0.146 0.054 0.520 0.280 
252    (0)   :  0.043 0.114 0.706 0.138 
253    (0)   :  0.069 0.048 0.552 0.331 
254    (0)   :  0.103 0.093 0.400 0.405 
255    (0)   :  0.067 0.144 0.501 0.288 
256    (0)   :  0.034 0.141 0.714 0.110 
257    (0)   :  0.035 0.083 0.685 0.197 
258    (0)   :  0.053 0.057 0.626 0.264 
259    (0)   :  0.035 0.075 0.570 0.320 
260    (0)   :  0.120 0.253 0.245 0.382 
261    (0)   :  0.040 0.179 0.672 0.109 
262    (0)   :  0.023 0.116 0.799 0.061 
263    (0)   :  0.047 0.046 0.624 0.284 
264    (0)   :  0.485 0.025 0.178 0.312 
265    (0)   :  0.063 0.090 0.704 0.142 
266    (0)   :  0.022 0.486 0.424 0.068 
267    (0)   :  0.050 0.163 0.431 0.356 
268    (0)   :  0.026 0.059 0.827 0.088 
269    (0)   :  0.208 0.158 0.395 0.238 
270    (0)   :  0.076 0.058 0.306 0.560 
271    (0)   :  0.043 0.044 0.729 0.184 
272    (0)   :  0.071 0.041 0.776 0.112 
273    (0)   :  0.089 0.166 0.560 0.186 
274    (0)   :  0.072 0.062 0.670 0.196 
275    (0)   :  0.069 0.078 0.726 0.127 
276    (0)   :  0.059 0.040 0.757 0.144 
277    (0)   :  0.077 0.194 0.516 0.212 
278    (0)   :  0.033 0.036 0.820 0.112 
279    (0)   :  0.052 0.101 0.658 0.189 
280    (0)   :  0.107 0.078 0.662 0.153 
281    (0)   :  0.054 0.074 0.593 0.279 
282    (0)   :  0.065 0.391 0.365 0.179 
283    (0)   :  0.038 0.442 0.371 0.149 
284    (0)   :  0.047 0.155 0.539 0.259 
285    (0)   :  0.046 0.021 0.679 0.255 
286    (0)   :  0.025 0.198 0.666 0.111 
287    (0)   :  0.118 0.124 0.514 0.244 
288    (0)   :  0.063 0.038 0.780 0.120 
289    (0)   :  0.078 0.060 0.669 0.193 
290    (0)   :  0.186 0.050 0.629 0.136 
291    (0)   :  0.043 0.043 0.729 0.184 
292    (0)   :  0.078 0.083 0.730 0.108 
293    (0)   :  0.346 0.046 0.384 0.225 
294    (0)   :  0.054 0.035 0.685 0.227 
295    (0)   :  0.122 0.100 0.504 0.273 
296    (0)   :  0.032 0.040 0.774 0.154 
297    (0)   :  0.127 0.053 0.596 0.223 
298    (0)   :  0.061 0.264 0.430 0.245 
299    (0)   :  0.062 0.057 0.451 0.430 
300    (0)   :  0.034 0.032 0.778 0.157 
301    (0)   :  0.136 0.055 0.405 0.404 
302    (0)   :  0.051 0.039 0.718 0.191 
303    (0)   :  0.043 0.191 0.626 0.140 
304    (0)   :  0.131 0.367 0.129 0.373 
305    (0)   :  0.027 0.102 0.790 0.081 
306    (0)   :  0.058 0.258 0.574 0.109 
307    (0)   :  0.051 0.137 0.473 0.339 
308    (0)   :  0.040 0.172 0.681 0.107 
309    (0)   :  0.032 0.037 0.807 0.125 
310    (0)   :  0.024 0.109 0.786 0.082 
311    (0)   :  0.025 0.116 0.722 0.137 
312    (0)   :  0.024 0.038 0.792 0.145 
313    (0)   :  0.026 0.027 0.806 0.141 
314    (0)   :  0.026 0.875 0.047 0.052 
315    (0)   :  0.039 0.832 0.064 0.065 
316    (0)   :  0.045 0.838 0.049 0.069 
317    (0)   :  0.025 0.894 0.028 0.053 
318    (0)   :  0.026 0.898 0.023 0.053 
319    (0)   :  0.024 0.879 0.038 0.060 
320    (0)   :  0.026 0.873 0.048 0.053 
321    (0)   :  0.027 0.891 0.027 0.055 
322    (0)   :  0.042 0.817 0.070 0.071 
323    (0)   :  0.026 0.893 0.026 0.055 
324    (0)   :  0.027 0.892 0.026 0.054 
325    (0)   :  0.044 0.856 0.034 0.066 
326    (0)   :  0.043 0.863 0.033 0.061 
327    (0)   :  0.026 0.893 0.029 0.053 
328    (0)   :  0.039 0.837 0.052 0.072 
329    (0)   :  0.024 0.895 0.027 0.055 
330    (0)   :  0.025 0.893 0.028 0.053 
331    (0)   :  0.024 0.894 0.027 0.055 
332    (0)   :  0.050 0.851 0.031 0.067 
333    (0)   :  0.038 0.857 0.040 0.065 
334    (0)   :  0.040 0.835 0.052 0.074 
335    (0)   :  0.036 0.847 0.049 0.067 
336    (0)   :  0.030 0.884 0.032 0.054 
337    (0)   :  0.047 0.844 0.041 0.068 
338    (0)   :  0.027 0.896 0.023 0.054 
339    (0)   :  0.024 0.894 0.028 0.055 
340    (0)   :  0.023 0.893 0.031 0.053 
341    (0)   :  0.024 0.893 0.026 0.056 
342    (0)   :  0.025 0.893 0.029 0.053 
343    (0)   :  0.045 0.808 0.077 0.069 
344    (0)   :  0.024 0.897 0.025 0.053 
345    (0)   :  0.025 0.894 0.029 0.052 
346    (0)   :  0.024 0.900 0.026 0.051 
347    (0)   :  0.023 0.899 0.027 0.052 
348    (0)   :  0.036 0.800 0.099 0.065 
349    (0)   :  0.025 0.893 0.029 0.053 
350    (0)   :  0.026 0.865 0.051 0.059 
351    (0)   :  0.036 0.845 0.051 0.068 
352    (0)   :  0.041 0.848 0.046 0.065 
353    (0)   :  0.029 0.883 0.033 0.055 
354    (0)   :  0.025 0.895 0.026 0.055 
355    (0)   :  0.026 0.898 0.024 0.052 
356    (0)   :  0.036 0.727 0.169 0.069 
357    (0)   :  0.199 0.528 0.065 0.208 
358    (0)   :  0.040 0.856 0.035 0.070 
359    (0)   :  0.025 0.891 0.026 0.058 
360    (0)   :  0.024 0.900 0.025 0.051 
361    (0)   :  0.213 0.442 0.107 0.238 
362    (0)   :  0.238 0.043 0.176 0.543 
363    (0)   :  0.472 0.031 0.101 0.396 
364    (0)   :  0.212 0.306 0.077 0.405 
365    (0)   :  0.507 0.036 0.063 0.394 
366    (0)   :  0.334 0.081 0.397 0.188 
367    (0)   :  0.252 0.019 0.030 0.699 
368    (0)   :  0.058 0.034 0.052 0.856 
369    (0)   :  0.199 0.258 0.298 0.244 
370    (0)   :  0.072 0.048 0.197 0.683 
371    (0)   :  0.249 0.081 0.239 0.431 
372    (0)   :  0.070 0.085 0.234 0.611 
373    (0)   :  0.115 0.061 0.062 0.762 
374    (0)   :  0.261 0.295 0.108 0.336 
375    (0)   :  0.270 0.029 0.043 0.658 
376    (0)   :  0.840 0.022 0.025 0.113 
377    (0)   :  0.325 0.055 0.120 0.500 
378    (0)   :  0.065 0.164 0.073 0.698 
379    (0)   :  0.853 0.020 0.030 0.097 
380    (0)   :  0.677 0.085 0.139 0.099 
381    (0)   :  0.765 0.065 0.089 0.082 
382    (0)   :  0.288 0.030 0.037 0.646 
383    (0)   :  0.752 0.100 0.052 0.097 
384    (0)   :  0.556 0.083 0.054 0.308 
385    (0)   :  0.071 0.113 0.033 0.784 
386    (0)   :  0.354 0.029 0.053 0.564 
387    (0)   :  0.314 0.035 0.045 0.606 
388    (0)   :  0.165 0.250 0.081 0.504 
389    (0)   :  0.051 0.033 0.506 0.409 
390    (0)   :  0.517 0.029 0.176 0.279 
391    (0)   :  0.110 0.061 0.179 0.649 
392    (0)   :  0.660 0.062 0.066 0.212 
393    (0)   :  0.804 0.044 0.067 0.085 
394    (0)   :  0.170 0.235 0.103 0.492 
395    (0)   :  0.307 0.031 0.425 0.237 
396    (0)   :  0.224 0.021 0.040 0.716 
397    (0)   :  0.179 0.102 0.196 0.523 
398    (0)   :  0.751 0.021 0.033 0.195 
399    (0)   :  0.213 0.028 0.137 0.622 
400    (0)   :  0.384 0.042 0.040 0.534 
401    (0)   :  0.154 0.046 0.105 0.695 
402    (0)   :  0.128 0.042 0.244 0.586 
403    (0)   :  0.114 0.328 0.096 0.461 
404    (0)   :  0.402 0.063 0.123 0.412 
405    (0)   :  0.305 0.061 0.187 0.447 
406    (0)   :  0.267 0.063 0.590 0.079 
407    (0)   :  0.805 0.021 0.034 0.140 
408    (0)   :  0.054 0.019 0.202 0.726 
409    (0)   :  0.242 0.230 0.407 0.120 
410    (0)   :  0.480 0.072 0.057 0.390 
411    (0)   :  0.593 0.133 0.113 0.161 
412    (0)   :  0.073 0.032 0.044 0.852 
413    (0)   :  0.090 0.140 0.108 0.662 
414    (0)   :  0.063 0.021 0.042 0.873 
415    (0)   :  0.739 0.031 0.088 0.141 
416    (0)   :  0.355 0.051 0.105 0.489 
417    (0)   :  0.711 0.028 0.042 0.218 
418    (0)   :  0.164 0.023 0.031 0.782 
419    (0)   :  0.199 0.143 0.175 0.483 
420    (0)   :  0.233 0.027 0.206 0.534 
421    (0)   :  0.452 0.037 0.061 0.449 
422    (0)   :  0.351 0.033 0.380 0.236 
423    (0)   :  0.605 0.039 0.099 0.256 
424    (0)   :  0.107 0.048 0.120 0.725 
425    (0)   :  0.238 0.070 0.071 0.622 
426    (0)   :  0.115 0.058 0.046 0.782 
427    (0)   :  0.697 0.094 0.048 0.161 
428    (0)   :  0.412 0.126 0.228 0.234 
429    (0)   :  0.731 0.019 0.030 0.220 
430    (0)   :  0.771 0.025 0.044 0.161 
431    (0)   :  0.111 0.043 0.081 0.765 
432    (0)   :  0.066 0.039 0.057 0.839 
433    (0)   :  0.046 0.209 0.161 0.584 
434    (0)   :  0.188 0.098 0.116 0.597 
435    (0)   :  0.782 0.021 0.039 0.158 
436    (0)   :  0.822 0.037 0.034 0.106 
437    (0)   :  0.791 0.024 0.034 0.151 
438    (0)   :  0.533 0.049 0.181 0.236 
439    (0)   :  0.851 0.029 0.026 0.094 
440    (0)   :  0.816 0.017 0.033 0.134 
441    (0)   :  0.522 0.084 0.055 0.339 
442    (0)   :  0.642 0.025 0.053 0.280 
443    (0)   :  0.347 0.021 0.112 0.519 
444    (0)   :  0.720 0.024 0.058 0.198 
445    (0)   :  0.602 0.104 0.136 0.158 
446    (0)   :  0.702 0.026 0.030 0.243 
447    (0)   :  0.573 0.055 0.095 0.276 
448    (0)   :  0.580 0.027 0.053 0.341 
449    (0)   :  0.528 0.046 0.070 0.356 
450    (0)   :  0.603 0.052 0.027 0.318 
451    (0)   :  0.086 0.018 0.055 0.841 
452    (0)   :  0.689 0.038 0.031 0.242 
453    (0)   :  0.098 0.044 0.501 0.357 
454    (0)   :  0.537 0.060 0.061 0.342 
455    (0)   :  0.752 0.024 0.061 0.163 
456    (0)   :  0.689 0.022 0.112 0.178 
457    (0)   :  0.823 0.027 0.033 0.117 
458    (0)   :  0.810 0.030 0.029 0.131 
459    (0)   :  0.473 0.085 0.055 0.387 
460    (0)   :  0.662 0.023 0.032 0.283 
461    (0)   :  0.401 0.025 0.023 0.551 
462    (0)   :  0.669 0.017 0.071 0.244 
463    (0)   :  0.342 0.038 0.470 0.150 
464    (0)   :  0.573 0.022 0.065 0.340 
465    (0)   :  0.214 0.031 0.063 0.692 
466    (0)   :  0.355 0.024 0.208 0.414 
467    (0)   :  0.585 0.050 0.088 0.277 
468    (0)   :  0.840 0.021 0.053 0.086 
469    (0)   :  0.868 0.024 0.025 0.082 
470    (0)   :  0.812 0.021 0.031 0.136 
471    (0)   :  0.289 0.025 0.286 0.400 
472    (0)   :  0.345 0.032 0.105 0.518 
473    (0)   :  0.417 0.053 0.109 0.422 
474    (0)   :  0.691 0.035 0.056 0.218 
475    (0)   :  0.271 0.052 0.068 0.609 
476    (0)   :  0.834 0.026 0.036 0.104 
477    (0)   :  0.130 0.051 0.056 0.763 
478    (0)   :  0.091 0.023 0.028 0.858 
479    (0)   :  0.709 0.021 0.030 0.240 
480    (0)   :  0.852 0.025 0.028 0.096 
481    (0)   :  0.284 0.026 0.111 0.579 
482    (0)   :  0.815 0.021 0.025 0.139 
483    (0)   :  0.766 0.031 0.035 0.167 
484    (0)   :  0.636 0.030 0.151 0.183 
485    (0)   :  0.807 0.023 0.040 0.130 
486    (0)   :  0.058 0.039 0.163 0.740 
487    (0)   :  0.070 0.117 0.087 0.726 
488    (0)   :  0.042 0.057 0.070 0.831 
489    (0)   :  0.090 0.160 0.337 0.412 
490    (0)   :  0.071 0.023 0.079 0.826 
491    (0)   :  0.052 0.105 0.258 0.584 
492    (0)   :  0.048 0.179 0.197 0.576 
493    (0)   :  0.045 0.051 0.084 0.819 
494    (0)   :  0.095 0.075 0.205 0.626 
495    (0)   :  0.053 0.099 0.068 0.779 
496    (0)   :  0.068 0.259 0.345 0.328 
497    (0)   :  0.043 0.109 0.069 0.778 
498    (0)   :  0.067 0.070 0.200 0.664 
499    (0)   :  0.053 0.276 0.117 0.553 
500    (0)   :  0.157 0.048 0.149 0.645 
501    (0)   :  0.123 0.138 0.102 0.637 
502    (0)   :  0.065 0.163 0.061 0.711 
503    (0)   :  0.318 0.034 0.093 0.555 
504    (0)   :  0.040 0.035 0.066 0.859 
505    (0)   :  0.049 0.058 0.553 0.341 
506    (0)   :  0.064 0.139 0.118 0.678 
507    (0)   :  0.033 0.645 0.221 0.101 
508    (0)   :  0.027 0.547 0.238 0.188 
509    (0)   :  0.050 0.142 0.404 0.405 
510    (0)   :  0.129 0.247 0.115 0.509 
511    (0)   :  0.447 0.039 0.153 0.362 
512    (0)   :  0.342 0.024 0.044 0.590 
513    (0)   :  0.022 0.046 0.172 0.760 
514    (0)   :  0.049 0.041 0.074 0.836 
515    (0)   :  0.456 0.129 0.157 0.257 
516    (0)   :  0.042 0.043 0.168 0.747 
517    (0)   :  0.173 0.108 0.334 0.385 
518    (0)   :  0.151 0.265 0.130 0.453 
519    (0)   :  0.058 0.049 0.064 0.828 
520    (0)   :  0.192 0.215 0.460 0.134 
521    (0)   :  0.060 0.319 0.246 0.374 
522    (0)   :  0.508 0.036 0.253 0.203 
523    (0)   :  0.059 0.113 0.548 0.280 
524    (0)   :  0.404 0.070 0.226 0.300 
525    (0)   :  0.243 0.238 0.169 0.350 
526    (0)   :  0.347 0.046 0.515 0.092 
527    (0)   :  0.111 0.040 0.038 0.811 
528    (0)   :  0.044 0.454 0.333 0.169 
529    (0)   :  0.072 0.124 0.207 0.597 
530    (0)   :  0.417 0.071 0.158 0.354 
531    (0)   :  0.186 0.412 0.141 0.261 
532    (0)   :  0.086 0.282 0.116 0.515 
533    (0)   :  0.274 0.060 0.230 0.436 
534    (0)   :  0.036 0.088 0.333 0.543 
535    (0)   :  0.162 0.047 0.432 0.359 
536    (0)   :  0.214 0.096 0.512 0.178 
537    (0)   :  0.046 0.121 0.713 0.120 
538    (0)   :  0.054 0.084 0.712 0.150 
539    (0)   :  0.036 0.508 0.362 0.094 
540    (0)   :  0.105 0.181 0.474 0.240 
541    (0)   :  0.105 0.487 0.211 0.197 
542    (0)   :  0.227 0.035 0.624 0.114 
543    (0)   :  0.048 0.120 0.541 0.291 
544    (0)   :  0.087 0.049 0.713 0.152 
545    (0)   :  0.201 0.026 0.634 0.139 
546    (0)   :  0.077 0.081 0.652 0.189 
547    (0)   :  0.050 0.079 0.732 0.139 
548    (0)   :  0.040 0.143 0.604 0.212 
549    (0)   :  0.193 0.361 0.347 0.099 
550    (0)   :  0.307 0.049 0.461 0.182 
551    (0)   :  0.074 0.600 0.147 0.178 
552    (0)   :  0.053 0.078 0.757 0.112 
553    (0)   :  0.030 0.091 0.754 0.125 
554    (0)   :  0.207 0.118 0.175 0.500 
555    (0)   :  0.042 0.148 0.661 0.149 
556    (0)   :  0.053 0.065 0.713 0.169 
557    (0)   :  0.360 0.076 0.354 0.209 
558    (0)   :  0.823 0.022 0.022 0.133 
559    (0)   :  0.061 0.034 0.138 0.766 
560    (0)   :  0.457 0.017 0.046 0.481 
561    (0)   :  0.225 0.024 0.069 0.683 
562    (0)   :  0.132 0.017 0.096 0.756 
563    (0)   :  0.081 0.119 0.066 0.735 
564    (0)   :  0.072 0.038 0.372 0.518 
565    (0)   :  0.825 0.026 0.030 0.119 
566    (0)   :  0.226 0.017 0.038 0.719 
567    (0)   :  0.048 0.025 0.201 0.726 
568    (0)   :  0.153 0.037 0.158 0.652 
569    (0)   :  0.306 0.038 0.208 0.447 
570    (0)   :  0.767 0.018 0.029 0.186 
571    (0)   :  0.077 0.029 0.051 0.843 
572    (0)   :  0.120 0.077 0.632 0.170 
573    (0)   :  0.131 0.041 0.274 0.554 
574    (0)   :  0.392 0.106 0.084 0.418 
575    (0)   :  0.108 0.063 0.105 0.725 
576    (0)   :  0.119 0.018 0.029 0.835 
577    (0)   :  0.286 0.090 0.064 0.560 
578    (0)   :  0.161 0.031 0.064 0.744 
579    (0)   :  0.168 0.027 0.073 0.732 
580    (0)   :  0.448 0.054 0.054 0.444 
581    (0)   :  0.421 0.039 0.045 0.495 
582    (0)   :  0.726 0.019 0.048 0.206 
583    (0)   :  0.114 0.028 0.042 0.816 
584    (0)   :  0.103 0.022 0.030 0.846 
585    (0)   :  0.206 0.025 0.048 0.721 
586    (0)   :  0.060 0.033 0.071 0.836 
587    (0)   :  0.479 0.019 0.102 0.399 
588    (0)   :  0.023 0.025 0.772 0.181 
589    (0)   :  0.659 0.021 0.088 0.232 
590    (0)   :  0.051 0.024 0.054 0.871 
591    (0)   :  0.061 0.031 0.046 0.863 
592    (0)   :  0.166 0.021 0.274 0.538 
593    (0)   :  0.189 0.046 0.120 0.645 
594    (0)   :  0.049 0.060 0.050 0.841 
595    (0)   :  0.150 0.019 0.037 0.794 
596    (0)   :  0.132 0.038 0.443 0.386 
597    (0)   :  0.052 0.150 0.113 0.685 
598    (0)   :  0.836 0.020 0.024 0.120 
599    (0)   :  0.202 0.018 0.085 0.694 
600    (0)   :  0.451 0.063 0.092 0.394 
601    (0)   :  0.380 0.019 0.065 0.536 
602    (0)   :  0.057 0.091 0.108 0.743 
603    (0)   :  0.055 0.086 0.122 0.736 
604    (0)   :  0.509 0.074 0.095 0.322 
605    (0)   :  0.164 0.036 0.124 0.677 
606    (0)   :  0.138 0.091 0.311 0.459 
607    (0)   :  0.179 0.238 0.105 0.478 
608    (0)   :  0.169 0.424 0.070 0.337 
609    (0)   :  0.317 0.049 0.068 0.566 
610    (0)   :  0.633 0.036 0.136 0.195 
611    (0)   :  0.071 0.086 0.152 0.690 
612    (0)   :  0.825 0.027 0.040 0.108 
613    (0)   :  0.206 0.046 0.125 0.623 
614    (0)   :  0.756 0.027 0.058 0.158 
615    (0)   :  0.741 0.050 0.078 0.131 
616    (0)   :  0.165 0.159 0.114 0.562 
617    (0)   :  0.296 0.031 0.084 0.589 
618    (0)   :  0.532 0.144 0.117 0.206 
619    (0)   :  0.173 0.084 0.371 0.372 
620    (0)   :  0.092 0.017 0.359 0.532 
621    (0)   :  0.103 0.029 0.027 0.840 
622    (0)   :  0.433 0.092 0.207 0.269 
623    (0)   :  0.104 0.030 0.114 0.753 
624    (0)   :  0.680 0.112 0.046 0.162 
625    (0)   :  0.433 0.133 0.055 0.379 
626    (0)   :  0.343 0.317 0.229 0.111 
627    (0)   :  0.122 0.041 0.109 0.728 
628    (0)   :  0.076 0.039 0.112 0.774 
629    (0)   :  0.127 0.052 0.083 0.739 
630    (0)   :  0.553 0.042 0.068 0.337 
631    (0)   :  0.341 0.047 0.088 0.524 
632    (0)   :  0.083 0.140 0.510 0.267 
633    (0)   :  0.332 0.092 0.064 0.511 
634    (0)   :  0.159 0.117 0.207 0.517 
635    (0)   :  0.136 0.463 0.164 0.237 
636    (0)   :  0.377 0.215 0.066 0.341 
637    (0)   :  0.144 0.056 0.484 0.316 
638    (0)   :  0.107 0.080 0.080 0.734 
639    (0)   :  0.319 0.080 0.091 0.510 
640    (0)   :  0.084 0.036 0.032 0.848 
641    (0)   :  0.157 0.052 0.079 0.712 
642    (0)   :  0.086 0.453 0.216 0.245 
643    (0)   :  0.044 0.788 0.054 0.113 
644    (0)   :  0.047 0.573 0.089 0.291 
645    (0)   :  0.290 0.534 0.086 0.089 
646    (0)   :  0.088 0.086 0.266 0.560 
647    (0)   :  0.057 0.289 0.151 0.504 
648    (0)   :  0.114 0.264 0.270 0.352 
649    (0)   :  0.040 0.102 0.613 0.245 
650    (0)   :  0.047 0.112 0.246 0.595 
651    (0)   :  0.041 0.377 0.074 0.509 
652    (0)   :  0.056 0.601 0.105 0.238 
653    (0)   :  0.086 0.338 0.210 0.366 
654    (0)   :  0.064 0.319 0.425 0.193 
655    (0)   :  0.070 0.523 0.084 0.323 
656    (0)   :  0.078 0.202 0.306 0.413 
657    (0)   :  0.207 0.169 0.065 0.560 
658    (0)   :  0.132 0.180 0.190 0.498 
659    (0)   :  0.065 0.482 0.187 0.266 
660    (0)   :  0.045 0.514 0.273 0.168 
661    (0)   :  0.074 0.511 0.297 0.118 
662    (0)   :  0.032 0.062 0.708 0.198 
663    (0)   :  0.065 0.397 0.300 0.238 
664    (0)   :  0.173 0.192 0.091 0.544 
665    (0)   :  0.039 0.073 0.631 0.258 
666    (0)   :  0.068 0.383 0.342 0.207 
667    (0)   :  0.058 0.065 0.083 0.795 
668    (0)   :  0.110 0.439 0.181 0.270 
669    (0)   :  0.060 0.200 0.366 0.373 
670    (0)   :  0.027 0.804 0.085 0.084 
671    (0)   :  0.037 0.621 0.188 0.154 
672    (0)   :  0.067 0.676 0.101 0.155 
673    (0)   :  0.026 0.887 0.028 0.059 
674    (0)   :  0.054 0.711 0.120 0.115 
675    (0)   :  0.026 0.820 0.039 0.115 
676    (0)   :  0.025 0.887 0.031 0.057 
677    (0)   :  0.027 0.473 0.433 0.067 
678    (0)   :  0.026 0.887 0.024 0.063 
679    (0)   :  0.049 0.808 0.037 0.105 
680    (0)   :  0.043 0.825 0.049 0.083 
681    (0)   :  0.143 0.272 0.346 0.239 
682    (0)   :  0.046 0.835 0.045 0.075 
683    (0)   :  0.026 0.824 0.074 0.075 
684    (0)   :  0.026 0.880 0.030 0.064 
685    (0)   :  0.023 0.888 0.034 0.055 
686    (0)   :  0.050 0.544 0.307 0.100 
687    (0)   :  0.035 0.567 0.261 0.137 
688    (0)   :  0.031 0.824 0.052 0.094 
689    (0)   :  0.024 0.888 0.032 0.057 
690    (0)   :  0.025 0.888 0.030 0.057 
691    (0)   :  0.046 0.793 0.063 0.098 
692    (0)   :  0.035 0.837 0.033 0.095 
693    (0)   :  0.039 0.825 0.037 0.099 
694    (0)   :  0.021 0.890 0.036 0.053 
695    (0)   :  0.036 0.829 0.070 0.064 
696    (0)   :  0.032 0.824 0.051 0.092 
697    (0)   :  0.026 0.869 0.045 0.061 
698    (0)   :  0.025 0.880 0.035 0.060 
699    (0)   :  0.033 0.593 0.309 0.065 
700    (0)   :  0.068 0.754 0.093 0.085 
701    (0)   :  0.052 0.767 0.069 0.112 
702    (0)   :  0.063 0.689 0.115 0.134 
703    (0)   :  0.046 0.819 0.057 0.078 
704    (0)   :  0.030 0.800 0.084 0.085 
705    (0)   :  0.073 0.377 0.404 0.145 
706    (0)   :  0.042 0.820 0.067 0.071 
707    (0)   :  0.028 0.852 0.059 0.061 
708    (0)   :  0.024 0.866 0.042 0.068 
709    (0)   :  0.030 0.816 0.096 0.058 
710    (0)   :  0.022 0.890 0.036 0.052 
711    (0)   :  0.043 0.714 0.165 0.078 
712    (0)   :  0.023 0.673 0.245 0.060 
713    (0)   :  0.029 0.821 0.062 0.088 
714    (0)   :  0.049 0.761 0.058 0.131 
715    (0)   :  0.023 0.816 0.107 0.054 
716    (0)   :  0.040 0.837 0.058 0.065 
717    (0)   :  0.024 0.875 0.048 0.053 
718    (0)   :  0.041 0.752 0.109 0.098 
719    (0)   :  0.023 0.840 0.080 0.057 
720    (0)   :  0.123 0.030 0.056 0.791 
721    (0)   :  0.153 0.556 0.103 0.188 
722    (0)   :  0.424 0.060 0.107 0.410 
723    (0)   :  0.471 0.055 0.055 0.418 
724    (0)   :  0.615 0.153 0.073 0.159 
725    (0)   :  0.102 0.202 0.125 0.570 
726    (0)   :  0.550 0.092 0.155 0.202 
727    (0)   :  0.152 0.163 0.418 0.268 
728    (0)   :  0.878 0.017 0.027 0.077 
729    (0)   :  0.842 0.019 0.029 0.109 
730    (0)   :  0.360 0.034 0.054 0.552 
731    (0)   :  0.754 0.043 0.040 0.163 
732    (0)   :  0.461 0.055 0.057 0.427 
733    (0)   :  0.810 0.028 0.028 0.134 
734    (0)   :  0.802 0.019 0.029 0.151 
735    (0)   :  0.830 0.033 0.026 0.111 
736    (0)   :  0.428 0.040 0.044 0.487 
737    (0)   :  0.435 0.043 0.103 0.419 
738    (0)   :  0.357 0.035 0.046 0.562 
739    (0)   :  0.828 0.025 0.027 0.120 
740    (0)   :  0.040 0.752 0.049 0.159 
741    (0)   :  0.081 0.545 0.097 0.276 
742    (0)   :  0.084 0.145 0.030 0.741 
743    (0)   :  0.076 0.066 0.060 0.798 
744    (0)   :  0.057 0.062 0.440 0.442 
745    (0)   :  0.071 0.025 0.067 0.837 
746    (0)   :  0.132 0.160 0.106 0.603 
747    (0)   :  0.054 0.048 0.101 0.797 
748    (0)   :  0.050 0.449 0.076 0.425 
749    (0)   :  0.067 0.109 0.199 0.625 
750    (0)   :  0.070 0.070 0.156 0.704 
751    (0)   :  0.062 0.463 0.084 0.390 
752    (0)   :  0.082 0.059 0.114 0.744 
753    (0)   :  0.177 0.168 0.130 0.525 
754    (0)   :  0.065 0.409 0.061 0.464 
755    (0)   :  0.080 0.141 0.065 0.714 
756    (0)   :  0.040 0.223 0.125 0.612 
757    (0)   :  0.052 0.097 0.064 0.787 
758    (0)   :  0.037 0.025 0.051 0.887 
759    (0)   :  0.119 0.480 0.108 0.293 
760    (0)   :  0.170 0.103 0.050 0.676 
761    (0)   :  0.415 0.258 0.096 0.232 
762    (0)   :  0.387 0.041 0.029 0.542 
763    (0)   :  0.173 0.170 0.127 0.531 
764    (0)   :  0.053 0.061 0.049 0.837 
765    (0)   :  0.330 0.048 0.081 0.541 
766    (0)   :  0.054 0.295 0.055 0.596 
767    (0)   :  0.089 0.213 0.108 0.590 
768    (0)   :  0.421 0.041 0.030 0.507 
769    (0)   :  0.444 0.219 0.050 0.287 
770    (0)   :  0.390 0.035 0.040 0.535 
771    (0)   :  0.039 0.102 0.494 0.365 
772    (0)   :  0.096 0.278 0.102 0.525 
773    (0)   :  0.048 0.063 0.061 0.828 
774    (0)   :  0.080 0.434 0.124 0.361 
775    (0)   :  0.581 0.078 0.034 0.307 
776    (0)   :  0.058 0.038 0.055 0.849 
777    (0)   :  0.103 0.080 0.222 0.595 
778    (0)   :  0.063 0.118 0.344 0.475 
779    (0)   :  0.042 0.094 0.047 0.817 
780    (0)   :  0.060 0.405 0.076 0.458 
781    (0)   :  0.037 0.096 0.663 0.204 
782    (0)   :  0.041 0.094 0.045 0.819 
783    (0)   :  0.088 0.235 0.050 0.627 
784    (0)   :  0.118 0.051 0.046 0.785 
785    (0)   :  0.055 0.120 0.051 0.775 
786    (0)   :  0.070 0.445 0.052 0.433 
787    (0)   :  0.034 0.341 0.212 0.413 
788    (0)   :  0.089 0.068 0.063 0.780 
789    (0)   :  0.109 0.061 0.035 0.795 
790    (0)   :  0.105 0.236 0.049 0.610 
791    (0)   :  0.073 0.104 0.065 0.758 
792    (0)   :  0.037 0.420 0.181 0.362 
793    (0)   :  0.141 0.284 0.367 0.208 
794    (0)   :  0.090 0.108 0.095 0.707 
795    (0)   :  0.135 0.493 0.151 0.221 
796    (0)   :  0.058 0.140 0.078 0.724 
797    (0)   :  0.074 0.494 0.287 0.145 
798    (0)   :  0.679 0.020 0.137 0.164 
799    (0)   :  0.071 0.053 0.068 0.808 
800    (0)   :  0.029 0.408 0.354 0.209 
801    (0)   :  0.662 0.042 0.123 0.173 
802    (0)   :  0.346 0.183 0.262 0.210 
803    (0)   :  0.101 0.327 0.219 0.353 
804    (0)   :  0.120 0.082 0.421 0.377 
805    (0)   :  0.037 0.803 0.057 0.103 
806    (0)   :  0.352 0.078 0.401 0.169 
807    (0)   :  0.048 0.549 0.303 0.101 
808    (0)   :  0.050 0.268 0.523 0.159 
809    (0)   :  0.186 0.035 0.673 0.107 
810    (0)   :  0.204 0.143 0.138 0.515 
811    (0)   :  0.075 0.298 0.450 0.177 
812    (0)   :  0.051 0.022 0.808 0.118 
813    (0)   :  0.671 0.025 0.087 0.217 
814    (0)   :  0.040 0.032 0.655 0.274 
815    (0)   :  0.335 0.162 0.392 0.110 
816    (0)   :  0.227 0.320 0.167 0.286 
817    (0)   :  0.344 0.181 0.258 0.217 
818    (0)   :  0.089 0.052 0.046 0.813 
819    (0)   :  0.031 0.112 0.078 0.779 
820    (0)   :  0.050 0.137 0.193 0.620 
821    (0)   :  0.087 0.074 0.028 0.811 
822    (0)   :  0.132 0.022 0.047 0.799 
823    (0)   :  0.347 0.205 0.033 0.415 
824    (0)   :  0.058 0.110 0.055 0.777 
825    (0)   :  0.175 0.039 0.054 0.733 
826    (0)   :  0.050 0.028 0.045 0.877 
827    (0)   :  0.217 0.042 0.035 0.705 
828    (0)   :  0.360 0.077 0.058 0.505 
829    (0)   :  0.536 0.070 0.094 0.300 
830    (0)   :  0.147 0.029 0.026 0.798 
831    (0)   :  0.157 0.101 0.090 0.653 
832    (0)   :  0.136 0.116 0.104 0.644 
833    (0)   :  0.308 0.136 0.066 0.490 
834    (0)   :  0.215 0.099 0.076 0.611 
835    (0)   :  0.048 0.027 0.049 0.875 
836    (0)   :  0.057 0.060 0.091 0.791 
837    (0)   :  0.380 0.199 0.101 0.319 
838    (0)   :  0.046 0.029 0.104 0.821 
839    (0)   :  0.114 0.045 0.029 0.812 
840    (0)   :  0.055 0.113 0.341 0.490 
841    (0)   :  0.041 0.075 0.109 0.775 
842    (0)   :  0.053 0.022 0.029 0.896 
843    (0)   :  0.057 0.207 0.426 0.309 
844    (0)   :  0.106 0.120 0.109 0.665 
845    (0)   :  0.052 0.030 0.025 0.893 
846    (0)   :  0.043 0.071 0.044 0.841 
847    (0)   :  0.031 0.139 0.049 0.781 
848    (0)   :  0.035 0.065 0.066 0.834 
849    (0)   :  0.068 0.043 0.038 0.851 
850    (0)   :  0.102 0.043 0.034 0.821 
851    (0)   :  0.038 0.036 0.035 0.891 
852    (0)   :  0.156 0.514 0.040 0.290 
853    (0)   :  0.125 0.036 0.037 0.802 
854    (0)   :  0.199 0.220 0.039 0.542 
855    (0)   :  0.046 0.055 0.046 0.853 
856    (0)   :  0.052 0.093 0.054 0.800 
857    (0)   :  0.077 0.049 0.157 0.717 
858    (0)   :  0.055 0.032 0.043 0.870 
859    (0)   :  0.127 0.037 0.029 0.807 
860    (0)   :  0.044 0.032 0.054 0.870 
861    (0)   :  0.036 0.378 0.172 0.414 
862    (0)   :  0.862 0.025 0.031 0.082 
863    (0)   :  0.778 0.056 0.055 0.112 
864    (0)   :  0.857 0.041 0.027 0.075 
865    (0)   :  0.814 0.018 0.031 0.137 
866    (0)   :  0.260 0.029 0.055 0.657 
867    (0)   :  0.836 0.035 0.045 0.084 
868    (0)   :  0.710 0.031 0.067 0.192 
869    (0)   :  0.279 0.032 0.046 0.643 
870    (0)   :  0.636 0.020 0.134 0.211 
871    (0)   :  0.749 0.022 0.037 0.192 
872    (0)   :  0.817 0.030 0.027 0.126 
873    (0)   :  0.838 0.034 0.030 0.098 
874    (0)   :  0.849 0.020 0.035 0.095 
875    (0)   :  0.347 0.036 0.138 0.479 
876    (0)   :  0.088 0.026 0.079 0.807 
877    (0)   :  0.863 0.029 0.027 0.081 
878    (0)   :  0.300 0.046 0.102 0.552 
879    (0)   :  0.827 0.041 0.029 0.103 
880    (0)   :  0.379 0.026 0.146 0.448 
881    (0)   :  0.802 0.036 0.038 0.124 
882    (0)   :  0.829 0.033 0.026 0.112 
883    (0)   :  0.099 0.040 0.091 0.770 
884    (0)   :  0.812 0.018 0.030 0.140 
885    (0)   :  0.593 0.053 0.176 0.178 
886    (0)   :  0.439 0.055 0.045 0.460 
887    (0)   :  0.810 0.021 0.032 0.138 
888    (0)   :  0.380 0.083 0.322 0.215 
889    (0)   :  0.839 0.017 0.030 0.114 
890    (0)   :  0.373 0.019 0.062 0.546 
891    (0)   :  0.053 0.029 0.069 0.849 
892    (0)   :  0.062 0.034 0.104 0.800 
893    (0)   :  0.119 0.049 0.191 0.640 
894    (0)   :  0.165 0.021 0.026 0.788 
895    (0)   :  0.751 0.022 0.036 0.191 
896    (0)   :  0.041 0.056 0.094 0.809 
897    (0)   :  0.044 0.032 0.063 0.861 
898    (0)   :  0.261 0.058 0.089 0.592 
899    (0)   :  0.097 0.018 0.024 0.861 
900    (0)   :  0.049 0.027 0.056 0.868 
901    (0)   :  0.060 0.029 0.043 0.868 
902    (0)   :  0.056 0.035 0.410 0.499 
903    (0)   :  0.449 0.027 0.052 0.472 
904    (0)   :  0.278 0.057 0.125 0.540 
905    (0)   :  0.410 0.020 0.031 0.539 
906    (0)   :  0.178 0.037 0.104 0.681 
907    (0)   :  0.094 0.045 0.038 0.823 
908    (0)   :  0.098 0.035 0.033 0.834 
909    (0)   :  0.176 0.040 0.130 0.654 
910    (0)   :  0.066 0.037 0.105 0.792 
911    (0)   :  0.551 0.018 0.034 0.398 
912    (0)   :  0.140 0.023 0.034 0.803 
913    (0)   :  0.242 0.020 0.047 0.691 
914    (0)   :  0.147 0.140 0.047 0.667 
915    (0)   :  0.138 0.017 0.042 0.803 
916    (0)   :  0.087 0.024 0.042 0.848 
917    (0)   :  0.118 0.025 0.043 0.814 
918    (0)   :  0.285 0.110 0.071 0.534 
919    (0)   :  0.396 0.059 0.052 0.494 
920    (0)   :  0.079 0.040 0.036 0.846 
921    (0)   :  0.071 0.195 0.420 0.314 
922    (0)   :  0.051 0.031 0.629 0.289 
923    (0)   :  0.041 0.049 0.604 0.307 
924    (0)   :  0.043 0.030 0.565 0.361 
925    (0)   :  0.059 0.050 0.534 0.356 
926    (0)   :  0.026 0.047 0.809 0.118 
927    (0)   :  0.040 0.063 0.772 0.125 
928    (0)   :  0.026 0.098 0.762 0.114 
929    (0)   :  0.028 0.030 0.781 0.160 
930    (0)   :  0.055 0.049 0.646 0.250 
931    (0)   :  0.139 0.073 0.728 0.060 
932    (0)   :  0.030 0.024 0.812 0.135 
933    (0)   :  0.035 0.269 0.550 0.145 
