

----------------------------------------------------
STRUCTURE by Pritchard, Stephens and Donnelly (2000)
     and Falush, Stephens and Pritchard (2003)
       Code by Pritchard, Falush and Hubisz
             Version 2.3.4 (Jul 2012)
----------------------------------------------------



Command line arguments:   ./structure -K 10 -D 110001 -m brooktrout/mainparams -e brooktrout/extraparams -o brooktrout/250914_output/results_K10_rep1 
Input File:    brooktrout/brooktrout.txt

Run parameters:
   8454 individuals
   5 loci
   10 populations assumed
   50000 Burn-in period
   100000 Reps
RANDOMIZE turned off


--------------------------------------------
Overall proportion of membership of the
sample in each of the 10 clusters

Inferred Clusters
  1      2      3      4      5      6      7      8      9     10    
0.008  0.007  0.020  0.080  0.102  0.123  0.158  0.159  0.175  0.169  

--------------------------------------------

Allele-freq. divergence among pops (Net nucleotide distance),
computed using point estimates of P.

      1       2       3       4       5       6       7       8       9      10      
 1      -    0.0603  0.1201  0.1559  0.1200  0.1365  0.1427  0.1177  0.1523  0.1169  
 2   0.0603     -    0.0659  0.1282  0.0887  0.1204  0.1312  0.1121  0.0923  0.0938  
 3   0.1201  0.0659     -    0.1075  0.1604  0.1750  0.1258  0.1531  0.1447  0.1687  
 4   0.1559  0.1282  0.1075     -    0.2160  0.2292  0.0960  0.2123  0.1621  0.2266  
 5   0.1200  0.0887  0.1604  0.2160     -    0.1618  0.1847  0.1180  0.1316  0.1001  
 6   0.1365  0.1204  0.1750  0.2292  0.1618     -    0.1743  0.1138  0.1890  0.1036  
 7   0.1427  0.1312  0.1258  0.0960  0.1847  0.1743     -    0.1638  0.1315  0.1945  
 8   0.1177  0.1121  0.1531  0.2123  0.1180  0.1138  0.1638     -    0.1548  0.0984  
 9   0.1523  0.0923  0.1447  0.1621  0.1316  0.1890  0.1315  0.1548     -    0.1439  
10   0.1169  0.0938  0.1687  0.2266  0.1001  0.1036  0.1945  0.0984  0.1439     -    

Average distances (expected heterozygosity) between individuals in same cluster:
cluster  1  : 0.8246 
cluster  2  : 0.9195 
cluster  3  : 0.7700 
cluster  4  : 0.6734 
cluster  5  : 0.7728 
cluster  6  : 0.7063 
cluster  7  : 0.6728 
cluster  8  : 0.7075 
cluster  9  : 0.7467 
cluster 10  : 0.7483 

--------------------------------------------
Estimated Ln Prob of Data   = -223615.3
Mean value of ln likelihood = -172572.4
Variance of ln likelihood   = 102085.9

Mean value of alpha_1       = 0.0462
Mean value of alpha_2       = 0.0431
Mean value of alpha_3       = 0.1130
Mean value of alpha_4       = 0.4392
Mean value of alpha_5       = 0.5854
Mean value of alpha_6       = 0.7038
Mean value of alpha_7       = 0.8724
Mean value of alpha_8       = 0.9002
Mean value of alpha_9       = 0.9963
Mean value of alpha_10       = 0.9475
Allele frequencies uncorrelated


Inferred ancestry of individuals:
     (%Miss) :  Inferred clusters
  1    (0)   :  0.006 0.006 0.020 0.063 0.095 0.196 0.227 0.159 0.122 0.106 
  2    (0)   :  0.004 0.004 0.017 0.047 0.158 0.066 0.105 0.190 0.253 0.156 
  3    (0)   :  0.006 0.005 0.011 0.050 0.049 0.147 0.195 0.260 0.155 0.122 
  4    (0)   :  0.011 0.017 0.030 0.206 0.067 0.097 0.204 0.110 0.138 0.120 
  5    (0)   :  0.005 0.005 0.016 0.047 0.219 0.072 0.090 0.208 0.191 0.146 
  6    (0)   :  0.005 0.004 0.011 0.070 0.057 0.089 0.086 0.413 0.104 0.162 
  7    (0)   :  0.005 0.004 0.011 0.041 0.090 0.107 0.099 0.195 0.086 0.362 
  8    (0)   :  0.016 0.029 0.114 0.068 0.066 0.107 0.179 0.172 0.111 0.139 
  9    (0)   :  0.007 0.013 0.019 0.050 0.111 0.087 0.169 0.235 0.170 0.140 
 10    (0)   :  0.006 0.013 0.112 0.059 0.098 0.091 0.118 0.241 0.094 0.167 
 11    (0)   :  0.004 0.004 0.011 0.037 0.149 0.190 0.103 0.176 0.083 0.243 
 12    (0)   :  0.005 0.004 0.010 0.078 0.141 0.066 0.121 0.230 0.190 0.155 
 13    (0)   :  0.006 0.005 0.014 0.047 0.097 0.076 0.153 0.257 0.145 0.200 
 14    (0)   :  0.004 0.006 0.029 0.058 0.076 0.125 0.119 0.193 0.297 0.094 
 15    (0)   :  0.005 0.004 0.014 0.103 0.090 0.141 0.187 0.144 0.164 0.146 
 16    (0)   :  0.005 0.004 0.010 0.040 0.109 0.148 0.143 0.261 0.119 0.162 
 17    (0)   :  0.007 0.006 0.012 0.058 0.102 0.079 0.128 0.333 0.154 0.121 
 18    (0)   :  0.008 0.007 0.032 0.084 0.072 0.148 0.134 0.202 0.205 0.107 
 19    (0)   :  0.005 0.004 0.010 0.050 0.094 0.085 0.125 0.367 0.108 0.153 
 20    (0)   :  0.005 0.004 0.011 0.068 0.148 0.136 0.123 0.152 0.156 0.197 
 21    (0)   :  0.005 0.005 0.020 0.099 0.091 0.119 0.163 0.152 0.237 0.110 
 22    (0)   :  0.006 0.004 0.011 0.046 0.059 0.080 0.165 0.387 0.124 0.119 
 23    (0)   :  0.008 0.010 0.023 0.054 0.078 0.100 0.252 0.130 0.239 0.104 
 24    (0)   :  0.005 0.004 0.011 0.058 0.093 0.137 0.259 0.178 0.123 0.133 
 25    (0)   :  0.005 0.005 0.014 0.037 0.106 0.117 0.077 0.306 0.127 0.207 
 26    (0)   :  0.007 0.004 0.011 0.089 0.108 0.109 0.175 0.224 0.143 0.131 
 27    (0)   :  0.006 0.004 0.011 0.059 0.109 0.101 0.137 0.259 0.183 0.131 
 28    (0)   :  0.005 0.007 0.054 0.165 0.065 0.150 0.131 0.140 0.130 0.152 
 29    (0)   :  0.004 0.004 0.010 0.039 0.158 0.080 0.142 0.165 0.178 0.219 
 30    (0)   :  0.005 0.004 0.010 0.040 0.075 0.105 0.149 0.336 0.160 0.117 
 31    (0)   :  0.011 0.027 0.098 0.050 0.105 0.079 0.107 0.160 0.180 0.185 
 32    (0)   :  0.005 0.005 0.022 0.074 0.069 0.101 0.178 0.275 0.162 0.111 
 33    (0)   :  0.005 0.004 0.010 0.045 0.066 0.136 0.223 0.186 0.149 0.175 
 34    (0)   :  0.006 0.017 0.101 0.051 0.143 0.113 0.085 0.186 0.084 0.215 
 35    (0)   :  0.009 0.005 0.010 0.034 0.128 0.073 0.116 0.225 0.291 0.110 
 36    (0)   :  0.004 0.005 0.014 0.034 0.060 0.277 0.128 0.104 0.265 0.109 
 37    (0)   :  0.006 0.004 0.014 0.054 0.062 0.075 0.210 0.189 0.253 0.133 
 38    (0)   :  0.005 0.005 0.009 0.031 0.123 0.336 0.094 0.095 0.148 0.155 
 39    (0)   :  0.007 0.005 0.010 0.050 0.113 0.157 0.108 0.146 0.219 0.185 
 40    (0)   :  0.004 0.004 0.011 0.040 0.066 0.099 0.198 0.155 0.335 0.089 
 41    (0)   :  0.007 0.007 0.013 0.031 0.102 0.164 0.152 0.132 0.238 0.154 
 42    (0)   :  0.004 0.004 0.010 0.046 0.078 0.189 0.356 0.079 0.140 0.094 
 43    (0)   :  0.007 0.006 0.019 0.043 0.068 0.067 0.178 0.143 0.337 0.132 
 44    (0)   :  0.006 0.005 0.009 0.030 0.059 0.062 0.123 0.197 0.400 0.109 
 45    (0)   :  0.005 0.005 0.013 0.031 0.124 0.193 0.099 0.096 0.297 0.138 
 46    (0)   :  0.008 0.005 0.009 0.055 0.087 0.092 0.096 0.276 0.224 0.148 
 47    (0)   :  0.013 0.007 0.026 0.048 0.105 0.068 0.143 0.278 0.184 0.128 
 48    (0)   :  0.007 0.005 0.009 0.032 0.063 0.066 0.125 0.184 0.421 0.088 
 49    (0)   :  0.008 0.004 0.011 0.043 0.156 0.117 0.147 0.160 0.239 0.114 
 50    (0)   :  0.008 0.009 0.061 0.046 0.082 0.091 0.077 0.282 0.150 0.194 
 51    (0)   :  0.004 0.005 0.012 0.031 0.063 0.202 0.136 0.077 0.374 0.094 
 52    (0)   :  0.008 0.005 0.009 0.051 0.127 0.152 0.138 0.147 0.172 0.190 
 53    (0)   :  0.007 0.005 0.031 0.040 0.057 0.263 0.123 0.168 0.153 0.154 
 54    (0)   :  0.007 0.005 0.020 0.048 0.105 0.054 0.151 0.165 0.316 0.130 
 55    (0)   :  0.006 0.004 0.010 0.039 0.068 0.067 0.113 0.133 0.451 0.110 
 56    (0)   :  0.006 0.005 0.010 0.046 0.099 0.118 0.156 0.172 0.301 0.089 
 57    (0)   :  0.012 0.006 0.024 0.110 0.120 0.087 0.174 0.243 0.094 0.131 
 58    (0)   :  0.005 0.004 0.011 0.038 0.125 0.117 0.147 0.106 0.320 0.129 
 59    (0)   :  0.005 0.005 0.010 0.041 0.180 0.210 0.142 0.096 0.200 0.112 
 60    (0)   :  0.005 0.005 0.020 0.072 0.057 0.152 0.145 0.103 0.330 0.112 
 61    (0)   :  0.004 0.004 0.018 0.050 0.068 0.055 0.147 0.084 0.462 0.107 
 62    (0)   :  0.009 0.006 0.013 0.067 0.254 0.092 0.110 0.167 0.146 0.137 
 63    (0)   :  0.004 0.004 0.012 0.049 0.070 0.117 0.184 0.111 0.258 0.192 
 64    (0)   :  0.006 0.004 0.010 0.038 0.151 0.147 0.101 0.255 0.164 0.124 
 65    (0)   :  0.005 0.004 0.012 0.037 0.116 0.083 0.079 0.176 0.183 0.304 
 66    (0)   :  0.005 0.007 0.027 0.075 0.086 0.081 0.177 0.115 0.255 0.173 
 67    (0)   :  0.005 0.005 0.017 0.035 0.071 0.056 0.101 0.140 0.439 0.132 
 68    (0)   :  0.006 0.005 0.011 0.048 0.140 0.221 0.153 0.093 0.212 0.112 
 69    (0)   :  0.006 0.031 0.167 0.046 0.136 0.246 0.074 0.095 0.106 0.093 
 70    (0)   :  0.004 0.007 0.019 0.041 0.067 0.232 0.164 0.083 0.219 0.163 
 71    (0)   :  0.005 0.005 0.013 0.031 0.159 0.199 0.082 0.097 0.283 0.125 
 72    (0)   :  0.005 0.005 0.014 0.034 0.069 0.197 0.106 0.224 0.216 0.129 
 73    (0)   :  0.005 0.006 0.019 0.035 0.175 0.086 0.092 0.097 0.348 0.139 
 74    (0)   :  0.004 0.004 0.010 0.043 0.058 0.252 0.202 0.102 0.226 0.098 
 75    (0)   :  0.005 0.006 0.018 0.045 0.073 0.201 0.215 0.090 0.265 0.081 
 76    (0)   :  0.005 0.004 0.011 0.037 0.055 0.086 0.117 0.133 0.326 0.226 
 77    (0)   :  0.005 0.005 0.009 0.029 0.123 0.216 0.134 0.087 0.213 0.179 
 78    (0)   :  0.005 0.005 0.010 0.030 0.121 0.288 0.139 0.087 0.171 0.145 
 79    (0)   :  0.004 0.004 0.015 0.045 0.087 0.103 0.111 0.223 0.113 0.295 
 80    (0)   :  0.005 0.004 0.017 0.089 0.053 0.072 0.372 0.104 0.122 0.162 
 81    (0)   :  0.005 0.004 0.019 0.107 0.055 0.087 0.277 0.117 0.109 0.221 
 82    (0)   :  0.005 0.004 0.012 0.055 0.122 0.084 0.176 0.135 0.248 0.159 
 83    (0)   :  0.004 0.004 0.017 0.090 0.051 0.146 0.192 0.122 0.168 0.205 
 84    (0)   :  0.004 0.004 0.014 0.090 0.063 0.121 0.189 0.139 0.120 0.254 
 85    (0)   :  0.004 0.004 0.016 0.089 0.060 0.164 0.217 0.175 0.135 0.135 
 86    (0)   :  0.006 0.005 0.011 0.049 0.122 0.077 0.092 0.180 0.312 0.146 
 87    (0)   :  0.005 0.005 0.026 0.047 0.069 0.148 0.114 0.116 0.135 0.333 
 88    (0)   :  0.004 0.004 0.013 0.069 0.076 0.087 0.262 0.121 0.142 0.222 
 89    (0)   :  0.005 0.007 0.040 0.086 0.066 0.085 0.263 0.118 0.140 0.189 
 90    (0)   :  0.004 0.004 0.014 0.056 0.085 0.097 0.126 0.126 0.127 0.362 
 91    (0)   :  0.004 0.004 0.015 0.093 0.050 0.146 0.320 0.115 0.129 0.125 
 92    (0)   :  0.005 0.004 0.013 0.059 0.096 0.099 0.155 0.178 0.150 0.242 
 93    (0)   :  0.005 0.006 0.104 0.121 0.063 0.071 0.307 0.104 0.124 0.097 
 94    (0)   :  0.004 0.004 0.013 0.046 0.047 0.230 0.100 0.096 0.107 0.353 
 95    (0)   :  0.004 0.004 0.014 0.069 0.069 0.086 0.211 0.090 0.121 0.332 
 96    (0)   :  0.004 0.004 0.013 0.057 0.063 0.061 0.234 0.084 0.368 0.112 
 97    (0)   :  0.005 0.004 0.011 0.048 0.074 0.213 0.193 0.097 0.267 0.088 
 98    (0)   :  0.004 0.004 0.011 0.036 0.092 0.087 0.188 0.175 0.266 0.139 
 99    (0)   :  0.004 0.004 0.017 0.086 0.067 0.104 0.184 0.131 0.116 0.285 
100    (0)   :  0.005 0.004 0.019 0.085 0.065 0.057 0.379 0.094 0.195 0.097 
101    (0)   :  0.006 0.012 0.074 0.050 0.077 0.138 0.134 0.118 0.155 0.236 
102    (0)   :  0.005 0.005 0.016 0.080 0.090 0.133 0.266 0.084 0.171 0.151 
103    (0)   :  0.005 0.014 0.074 0.076 0.076 0.072 0.106 0.106 0.275 0.196 
104    (0)   :  0.005 0.006 0.020 0.101 0.082 0.069 0.062 0.104 0.128 0.423 
105    (0)   :  0.005 0.012 0.047 0.119 0.171 0.065 0.073 0.091 0.177 0.239 
106    (0)   :  0.004 0.004 0.009 0.030 0.073 0.135 0.069 0.132 0.119 0.425 
107    (0)   :  0.005 0.018 0.036 0.078 0.093 0.070 0.109 0.107 0.216 0.268 
108    (0)   :  0.004 0.005 0.013 0.049 0.061 0.195 0.077 0.110 0.382 0.105 
109    (0)   :  0.005 0.005 0.014 0.034 0.259 0.149 0.063 0.107 0.146 0.217 
110    (0)   :  0.005 0.007 0.014 0.033 0.086 0.147 0.073 0.125 0.096 0.414 
111    (0)   :  0.007 0.010 0.014 0.059 0.152 0.067 0.080 0.101 0.140 0.370 
112    (0)   :  0.004 0.005 0.010 0.036 0.240 0.103 0.076 0.086 0.118 0.321 
113    (0)   :  0.005 0.009 0.021 0.057 0.100 0.112 0.102 0.163 0.291 0.140 
114    (0)   :  0.004 0.006 0.023 0.119 0.131 0.068 0.070 0.095 0.126 0.359 
115    (0)   :  0.005 0.014 0.011 0.044 0.141 0.081 0.125 0.118 0.174 0.286 
116    (0)   :  0.006 0.005 0.009 0.031 0.121 0.190 0.077 0.107 0.200 0.255 
117    (0)   :  0.006 0.016 0.016 0.034 0.187 0.137 0.102 0.116 0.094 0.291 
118    (0)   :  0.005 0.010 0.012 0.051 0.201 0.073 0.084 0.112 0.266 0.186 
119    (0)   :  0.004 0.004 0.014 0.058 0.048 0.116 0.238 0.081 0.283 0.154 
120    (0)   :  0.005 0.008 0.014 0.053 0.157 0.082 0.114 0.105 0.187 0.275 
121    (0)   :  0.009 0.091 0.019 0.034 0.157 0.102 0.088 0.104 0.167 0.228 
122    (0)   :  0.004 0.005 0.018 0.043 0.138 0.122 0.076 0.130 0.130 0.334 
123    (0)   :  0.005 0.018 0.018 0.063 0.085 0.118 0.089 0.112 0.161 0.330 
124    (0)   :  0.007 0.037 0.013 0.047 0.119 0.168 0.073 0.146 0.210 0.179 
125    (0)   :  0.005 0.007 0.012 0.033 0.210 0.250 0.112 0.133 0.100 0.137 
126    (0)   :  0.004 0.004 0.010 0.055 0.063 0.162 0.105 0.099 0.218 0.281 
127    (0)   :  0.005 0.011 0.012 0.059 0.097 0.062 0.081 0.089 0.168 0.415 
128    (0)   :  0.004 0.004 0.011 0.048 0.203 0.061 0.083 0.119 0.295 0.172 
129    (0)   :  0.006 0.016 0.042 0.039 0.117 0.068 0.066 0.108 0.246 0.291 
130    (0)   :  0.005 0.012 0.031 0.078 0.158 0.072 0.107 0.100 0.129 0.309 
131    (0)   :  0.008 0.035 0.025 0.034 0.110 0.252 0.069 0.122 0.144 0.201 
132    (0)   :  0.005 0.007 0.023 0.037 0.087 0.109 0.065 0.121 0.185 0.364 
133    (0)   :  0.008 0.016 0.022 0.065 0.074 0.080 0.090 0.119 0.231 0.294 
134    (0)   :  0.004 0.004 0.010 0.029 0.123 0.099 0.061 0.101 0.087 0.483 
135    (0)   :  0.006 0.004 0.011 0.135 0.107 0.089 0.247 0.079 0.243 0.080 
136    (0)   :  0.006 0.004 0.026 0.178 0.091 0.070 0.282 0.146 0.121 0.077 
137    (0)   :  0.005 0.005 0.030 0.107 0.091 0.068 0.410 0.100 0.093 0.093 
138    (0)   :  0.004 0.004 0.011 0.439 0.049 0.086 0.134 0.088 0.107 0.079 
139    (0)   :  0.004 0.005 0.024 0.153 0.091 0.077 0.109 0.116 0.334 0.087 
140    (0)   :  0.005 0.005 0.046 0.097 0.074 0.106 0.228 0.109 0.201 0.130 
141    (0)   :  0.005 0.006 0.102 0.208 0.082 0.095 0.117 0.161 0.140 0.083 
142    (0)   :  0.005 0.005 0.040 0.118 0.084 0.080 0.186 0.079 0.323 0.079 
143    (0)   :  0.004 0.003 0.012 0.132 0.049 0.058 0.478 0.082 0.109 0.072 
144    (0)   :  0.004 0.004 0.013 0.120 0.086 0.062 0.433 0.086 0.102 0.089 
145    (0)   :  0.006 0.005 0.024 0.123 0.108 0.095 0.208 0.173 0.175 0.083 
146    (0)   :  0.006 0.005 0.024 0.181 0.089 0.112 0.202 0.132 0.116 0.133 
147    (0)   :  0.005 0.004 0.023 0.187 0.055 0.064 0.400 0.096 0.092 0.074 
148    (0)   :  0.005 0.007 0.116 0.120 0.084 0.066 0.165 0.143 0.195 0.099 
149    (0)   :  0.004 0.018 0.194 0.077 0.074 0.098 0.168 0.092 0.198 0.076 
150    (0)   :  0.005 0.005 0.030 0.138 0.121 0.070 0.248 0.115 0.142 0.126 
151    (0)   :  0.005 0.004 0.012 0.169 0.065 0.066 0.353 0.093 0.138 0.095 
152    (0)   :  0.005 0.005 0.034 0.166 0.083 0.101 0.177 0.140 0.206 0.083 
153    (0)   :  0.004 0.005 0.020 0.317 0.063 0.115 0.149 0.094 0.138 0.096 
154    (0)   :  0.005 0.022 0.243 0.073 0.074 0.069 0.125 0.129 0.185 0.074 
155    (0)   :  0.004 0.004 0.012 0.450 0.051 0.060 0.124 0.087 0.108 0.101 
156    (0)   :  0.004 0.004 0.012 0.253 0.066 0.064 0.228 0.076 0.201 0.091 
157    (0)   :  0.004 0.005 0.026 0.276 0.054 0.090 0.203 0.089 0.095 0.159 
158    (0)   :  0.006 0.005 0.023 0.120 0.113 0.105 0.246 0.163 0.137 0.081 
159    (0)   :  0.005 0.010 0.136 0.132 0.063 0.063 0.329 0.088 0.099 0.075 
160    (0)   :  0.006 0.009 0.137 0.194 0.074 0.065 0.234 0.090 0.117 0.075 
161    (0)   :  0.004 0.004 0.023 0.074 0.072 0.105 0.368 0.116 0.133 0.100 
162    (0)   :  0.007 0.005 0.021 0.221 0.096 0.103 0.124 0.141 0.147 0.135 
163    (0)   :  0.004 0.004 0.012 0.399 0.051 0.067 0.157 0.079 0.135 0.092 
164    (0)   :  0.007 0.014 0.175 0.103 0.077 0.076 0.149 0.115 0.155 0.129 
165    (0)   :  0.005 0.004 0.014 0.153 0.115 0.068 0.301 0.095 0.126 0.118 
166    (0)   :  0.005 0.014 0.171 0.100 0.050 0.132 0.154 0.082 0.167 0.125 
167    (0)   :  0.007 0.021 0.282 0.125 0.064 0.069 0.102 0.147 0.090 0.093 
168    (0)   :  0.004 0.004 0.013 0.290 0.058 0.156 0.165 0.097 0.129 0.083 
169    (0)   :  0.006 0.005 0.020 0.096 0.114 0.220 0.193 0.148 0.120 0.078 
170    (0)   :  0.004 0.003 0.013 0.060 0.059 0.065 0.406 0.091 0.201 0.096 
171    (0)   :  0.005 0.005 0.020 0.226 0.065 0.120 0.154 0.139 0.176 0.091 
172    (0)   :  0.005 0.007 0.069 0.071 0.078 0.201 0.208 0.087 0.199 0.074 
173    (0)   :  0.005 0.004 0.023 0.366 0.066 0.060 0.160 0.096 0.140 0.079 
174    (0)   :  0.005 0.004 0.025 0.331 0.064 0.071 0.185 0.109 0.104 0.101 
175    (0)   :  0.005 0.004 0.013 0.125 0.056 0.060 0.400 0.147 0.113 0.077 
176    (0)   :  0.004 0.004 0.013 0.123 0.086 0.062 0.428 0.086 0.102 0.091 
177    (0)   :  0.005 0.004 0.021 0.258 0.066 0.144 0.137 0.097 0.108 0.159 
178    (0)   :  0.005 0.004 0.027 0.316 0.065 0.067 0.129 0.174 0.110 0.102 
179    (0)   :  0.004 0.004 0.089 0.335 0.049 0.060 0.168 0.102 0.109 0.079 
180    (0)   :  0.007 0.007 0.087 0.096 0.080 0.101 0.271 0.127 0.124 0.101 
181    (0)   :  0.006 0.005 0.022 0.126 0.092 0.091 0.262 0.108 0.205 0.083 
182    (0)   :  0.006 0.004 0.014 0.152 0.074 0.063 0.315 0.084 0.212 0.076 
183    (0)   :  0.005 0.004 0.024 0.204 0.057 0.061 0.331 0.105 0.131 0.078 
184    (0)   :  0.005 0.004 0.021 0.045 0.087 0.069 0.101 0.225 0.318 0.123 
185    (0)   :  0.004 0.005 0.012 0.288 0.060 0.055 0.232 0.075 0.204 0.065 
186    (0)   :  0.005 0.004 0.024 0.043 0.070 0.063 0.099 0.199 0.286 0.207 
187    (0)   :  0.004 0.004 0.025 0.166 0.065 0.065 0.149 0.148 0.255 0.118 
188    (0)   :  0.005 0.006 0.047 0.036 0.068 0.054 0.077 0.184 0.355 0.168 
189    (0)   :  0.004 0.004 0.014 0.076 0.050 0.132 0.213 0.203 0.203 0.100 
190    (0)   :  0.004 0.004 0.011 0.080 0.061 0.051 0.155 0.066 0.501 0.069 
191    (0)   :  0.004 0.005 0.045 0.061 0.099 0.059 0.120 0.157 0.322 0.127 
192    (0)   :  0.004 0.004 0.019 0.079 0.078 0.065 0.239 0.170 0.186 0.156 
193    (0)   :  0.004 0.004 0.013 0.060 0.101 0.072 0.206 0.170 0.250 0.120 
194    (0)   :  0.004 0.006 0.018 0.061 0.066 0.072 0.249 0.135 0.254 0.135 
195    (0)   :  0.004 0.004 0.026 0.123 0.050 0.054 0.197 0.088 0.381 0.073 
196    (0)   :  0.004 0.004 0.012 0.078 0.070 0.058 0.148 0.086 0.449 0.092 
197    (0)   :  0.005 0.004 0.013 0.138 0.087 0.072 0.105 0.211 0.214 0.151 
198    (0)   :  0.004 0.004 0.013 0.060 0.074 0.102 0.166 0.203 0.216 0.158 
199    (0)   :  0.004 0.004 0.011 0.046 0.078 0.075 0.178 0.089 0.414 0.100 
200    (0)   :  0.004 0.004 0.012 0.074 0.075 0.073 0.133 0.118 0.415 0.091 
201    (0)   :  0.004 0.004 0.015 0.268 0.059 0.052 0.148 0.109 0.258 0.083 
202    (0)   :  0.004 0.004 0.011 0.091 0.065 0.055 0.332 0.085 0.262 0.093 
203    (0)   :  0.004 0.005 0.024 0.237 0.070 0.052 0.175 0.087 0.263 0.082 
204    (0)   :  0.004 0.005 0.043 0.065 0.060 0.053 0.144 0.083 0.459 0.084 
205    (0)   :  0.004 0.004 0.020 0.058 0.070 0.077 0.130 0.117 0.405 0.115 
206    (0)   :  0.004 0.005 0.029 0.086 0.061 0.052 0.141 0.110 0.432 0.080 
207    (0)   :  0.004 0.004 0.018 0.042 0.098 0.052 0.120 0.095 0.453 0.115 
208    (0)   :  0.004 0.004 0.015 0.188 0.071 0.053 0.108 0.096 0.367 0.094 
209    (0)   :  0.004 0.004 0.021 0.058 0.101 0.059 0.164 0.156 0.305 0.128 
210    (0)   :  0.004 0.004 0.030 0.087 0.068 0.054 0.139 0.103 0.412 0.099 
211    (0)   :  0.005 0.005 0.009 0.073 0.153 0.051 0.202 0.084 0.301 0.117 
212    (0)   :  0.004 0.004 0.012 0.114 0.061 0.064 0.300 0.131 0.232 0.079 
213    (0)   :  0.004 0.005 0.014 0.052 0.073 0.097 0.175 0.094 0.325 0.161 
214    (0)   :  0.004 0.004 0.012 0.106 0.075 0.052 0.315 0.096 0.255 0.081 
215    (0)   :  0.004 0.004 0.020 0.056 0.092 0.069 0.101 0.113 0.415 0.125 
216    (0)   :  0.005 0.004 0.014 0.049 0.088 0.073 0.124 0.237 0.288 0.119 
217    (0)   :  0.004 0.004 0.014 0.114 0.058 0.060 0.250 0.109 0.307 0.080 
218    (0)   :  0.004 0.004 0.026 0.069 0.075 0.073 0.149 0.116 0.341 0.140 
219    (0)   :  0.006 0.004 0.014 0.114 0.057 0.085 0.173 0.232 0.213 0.102 
220    (0)   :  0.004 0.005 0.048 0.056 0.072 0.052 0.113 0.100 0.442 0.107 
221    (0)   :  0.004 0.004 0.011 0.061 0.056 0.054 0.443 0.076 0.221 0.071 
222    (0)   :  0.005 0.004 0.014 0.061 0.066 0.072 0.155 0.287 0.222 0.115 
223    (0)   :  0.004 0.004 0.015 0.176 0.064 0.079 0.181 0.154 0.215 0.107 
224    (0)   :  0.005 0.006 0.027 0.114 0.062 0.052 0.233 0.109 0.309 0.083 
225    (0)   :  0.004 0.004 0.022 0.066 0.073 0.066 0.156 0.113 0.396 0.101 
226    (0)   :  0.005 0.005 0.018 0.067 0.084 0.153 0.157 0.154 0.250 0.106 
227    (0)   :  0.004 0.004 0.018 0.109 0.061 0.056 0.165 0.088 0.387 0.108 
228    (0)   :  0.004 0.005 0.024 0.117 0.060 0.052 0.187 0.079 0.404 0.067 
229    (0)   :  0.004 0.006 0.044 0.100 0.063 0.052 0.273 0.124 0.230 0.104 
230    (0)   :  0.004 0.006 0.044 0.083 0.078 0.052 0.231 0.105 0.298 0.099 
231    (0)   :  0.004 0.005 0.028 0.142 0.077 0.058 0.183 0.172 0.240 0.091 
232    (0)   :  0.004 0.005 0.016 0.058 0.076 0.114 0.270 0.101 0.224 0.133 
233    (0)   :  0.004 0.004 0.013 0.278 0.073 0.052 0.194 0.100 0.199 0.083 
234    (0)   :  0.004 0.004 0.013 0.107 0.093 0.072 0.158 0.217 0.206 0.126 
235    (0)   :  0.004 0.004 0.014 0.071 0.060 0.075 0.251 0.135 0.279 0.108 
236    (0)   :  0.004 0.004 0.012 0.128 0.091 0.063 0.245 0.133 0.223 0.097 
237    (0)   :  0.004 0.005 0.019 0.061 0.107 0.061 0.111 0.115 0.419 0.098 
238    (0)   :  0.004 0.004 0.012 0.099 0.069 0.055 0.312 0.110 0.232 0.104 
239    (0)   :  0.004 0.005 0.026 0.122 0.050 0.054 0.198 0.089 0.380 0.073 
240    (0)   :  0.004 0.004 0.012 0.098 0.068 0.055 0.313 0.110 0.233 0.104 
241    (0)   :  0.005 0.004 0.014 0.082 0.063 0.069 0.314 0.095 0.268 0.087 
242    (0)   :  0.004 0.006 0.042 0.076 0.049 0.080 0.167 0.157 0.316 0.101 
243    (0)   :  0.004 0.004 0.012 0.079 0.075 0.050 0.148 0.076 0.476 0.076 
244    (0)   :  0.004 0.005 0.026 0.125 0.077 0.052 0.232 0.097 0.301 0.082 
245    (0)   :  0.004 0.004 0.012 0.250 0.054 0.059 0.220 0.090 0.215 0.092 
246    (0)   :  0.004 0.004 0.014 0.114 0.058 0.059 0.250 0.108 0.308 0.081 
247    (0)   :  0.004 0.004 0.017 0.042 0.077 0.109 0.091 0.126 0.297 0.234 
248    (0)   :  0.004 0.004 0.011 0.049 0.115 0.063 0.086 0.121 0.416 0.132 
249    (0)   :  0.004 0.004 0.020 0.072 0.079 0.051 0.308 0.105 0.256 0.100 
250    (0)   :  0.004 0.004 0.021 0.085 0.092 0.064 0.245 0.147 0.220 0.118 
251    (0)   :  0.005 0.004 0.013 0.063 0.093 0.111 0.128 0.176 0.292 0.115 
252    (0)   :  0.004 0.004 0.022 0.084 0.059 0.068 0.207 0.134 0.314 0.103 
253    (0)   :  0.004 0.004 0.011 0.045 0.082 0.104 0.132 0.134 0.332 0.152 
254    (0)   :  0.005 0.004 0.014 0.085 0.068 0.061 0.136 0.247 0.276 0.103 
255    (0)   :  0.004 0.004 0.020 0.070 0.077 0.059 0.208 0.197 0.224 0.137 
256    (0)   :  0.004 0.004 0.014 0.067 0.076 0.063 0.240 0.106 0.337 0.090 
257    (0)   :  0.006 0.015 0.021 0.067 0.082 0.067 0.167 0.119 0.339 0.118 
258    (0)   :  0.004 0.004 0.012 0.076 0.090 0.078 0.114 0.142 0.350 0.130 
259    (0)   :  0.005 0.005 0.021 0.062 0.093 0.063 0.193 0.142 0.301 0.115 
260    (0)   :  0.005 0.004 0.012 0.114 0.066 0.061 0.225 0.247 0.161 0.104 
261    (0)   :  0.004 0.004 0.014 0.124 0.057 0.069 0.209 0.120 0.315 0.085 
262    (0)   :  0.004 0.004 0.012 0.086 0.057 0.059 0.207 0.077 0.424 0.070 
263    (0)   :  0.006 0.005 0.030 0.060 0.075 0.051 0.102 0.153 0.423 0.095 
264    (0)   :  0.006 0.004 0.011 0.034 0.084 0.076 0.081 0.340 0.236 0.128 
265    (0)   :  0.004 0.004 0.015 0.110 0.067 0.076 0.158 0.163 0.292 0.111 
266    (0)   :  0.004 0.004 0.011 0.101 0.058 0.054 0.346 0.076 0.275 0.071 
267    (0)   :  0.004 0.004 0.012 0.085 0.107 0.058 0.196 0.162 0.258 0.115 
268    (0)   :  0.004 0.004 0.012 0.078 0.070 0.057 0.149 0.086 0.449 0.092 
269    (0)   :  0.004 0.004 0.015 0.115 0.062 0.092 0.158 0.230 0.218 0.103 
270    (0)   :  0.005 0.005 0.022 0.059 0.089 0.069 0.105 0.204 0.305 0.137 
271    (0)   :  0.004 0.004 0.013 0.061 0.096 0.077 0.125 0.123 0.375 0.122 
272    (0)   :  0.006 0.005 0.015 0.065 0.096 0.146 0.128 0.122 0.312 0.105 
273    (0)   :  0.018 0.029 0.044 0.083 0.089 0.090 0.175 0.148 0.178 0.145 
274    (0)   :  0.004 0.004 0.015 0.063 0.085 0.093 0.151 0.156 0.304 0.124 
275    (0)   :  0.007 0.012 0.048 0.088 0.099 0.088 0.130 0.165 0.268 0.097 
276    (0)   :  0.006 0.005 0.013 0.042 0.101 0.120 0.137 0.112 0.345 0.119 
277    (0)   :  0.004 0.004 0.015 0.090 0.069 0.075 0.228 0.176 0.230 0.108 
278    (0)   :  0.004 0.004 0.012 0.075 0.090 0.069 0.104 0.105 0.435 0.102 
279    (0)   :  0.004 0.004 0.015 0.074 0.089 0.076 0.184 0.146 0.300 0.107 
280    (0)   :  0.004 0.004 0.013 0.087 0.075 0.103 0.154 0.171 0.295 0.095 
281    (0)   :  0.004 0.004 0.015 0.063 0.079 0.081 0.150 0.124 0.317 0.162 
282    (0)   :  0.004 0.004 0.012 0.152 0.068 0.064 0.278 0.155 0.165 0.098 
283    (0)   :  0.004 0.005 0.019 0.166 0.057 0.054 0.296 0.111 0.183 0.105 
284    (0)   :  0.004 0.005 0.022 0.104 0.106 0.071 0.197 0.143 0.227 0.121 
285    (0)   :  0.004 0.004 0.015 0.035 0.105 0.082 0.075 0.116 0.435 0.129 
286    (0)   :  0.004 0.005 0.027 0.123 0.077 0.052 0.233 0.097 0.300 0.082 
287    (0)   :  0.004 0.004 0.016 0.080 0.060 0.098 0.188 0.160 0.228 0.162 
288    (0)   :  0.005 0.006 0.030 0.063 0.085 0.118 0.128 0.145 0.306 0.115 
289    (0)   :  0.007 0.010 0.031 0.059 0.087 0.081 0.114 0.142 0.323 0.146 
290    (0)   :  0.006 0.005 0.014 0.047 0.106 0.078 0.182 0.164 0.303 0.096 
291    (0)   :  0.004 0.004 0.013 0.061 0.095 0.078 0.124 0.121 0.376 0.123 
292    (0)   :  0.004 0.004 0.012 0.084 0.062 0.113 0.173 0.134 0.329 0.085 
293    (0)   :  0.005 0.004 0.009 0.048 0.112 0.089 0.107 0.218 0.305 0.104 
294    (0)   :  0.006 0.006 0.041 0.043 0.063 0.058 0.101 0.142 0.441 0.099 
295    (0)   :  0.006 0.006 0.037 0.047 0.098 0.120 0.117 0.130 0.315 0.124 
296    (0)   :  0.004 0.005 0.021 0.066 0.082 0.069 0.121 0.095 0.405 0.133 
297    (0)   :  0.004 0.004 0.019 0.059 0.074 0.104 0.146 0.196 0.277 0.117 
298    (0)   :  0.004 0.004 0.021 0.098 0.069 0.063 0.283 0.174 0.162 0.122 
299    (0)   :  0.005 0.006 0.053 0.059 0.061 0.051 0.125 0.205 0.323 0.111 
300    (0)   :  0.004 0.005 0.040 0.042 0.083 0.068 0.101 0.105 0.454 0.097 
301    (0)   :  0.005 0.005 0.020 0.058 0.094 0.077 0.106 0.250 0.281 0.103 
302    (0)   :  0.006 0.006 0.028 0.054 0.072 0.062 0.090 0.134 0.461 0.087 
303    (0)   :  0.004 0.005 0.023 0.108 0.070 0.071 0.244 0.123 0.264 0.087 
304    (0)   :  0.005 0.005 0.021 0.198 0.085 0.064 0.158 0.216 0.113 0.136 
305    (0)   :  0.004 0.006 0.037 0.090 0.065 0.065 0.154 0.091 0.415 0.074 
306    (0)   :  0.004 0.004 0.014 0.080 0.059 0.072 0.308 0.127 0.244 0.089 
307    (0)   :  0.005 0.004 0.014 0.066 0.091 0.076 0.240 0.151 0.247 0.106 
308    (0)   :  0.004 0.004 0.014 0.123 0.058 0.069 0.209 0.120 0.315 0.085 
309    (0)   :  0.014 0.046 0.078 0.066 0.085 0.058 0.105 0.107 0.315 0.128 
310    (0)   :  0.004 0.003 0.014 0.087 0.073 0.052 0.187 0.089 0.413 0.079 
311    (0)   :  0.004 0.006 0.044 0.083 0.077 0.052 0.229 0.105 0.301 0.099 
312    (0)   :  0.004 0.005 0.043 0.060 0.072 0.052 0.111 0.091 0.451 0.112 
313    (0)   :  0.004 0.005 0.015 0.041 0.075 0.063 0.088 0.093 0.520 0.096 
314    (0)   :  0.004 0.006 0.127 0.138 0.050 0.066 0.298 0.085 0.154 0.072 
315    (0)   :  0.004 0.006 0.114 0.237 0.048 0.104 0.187 0.091 0.133 0.076 
316    (0)   :  0.006 0.009 0.209 0.212 0.050 0.106 0.134 0.100 0.094 0.080 
317    (0)   :  0.004 0.006 0.140 0.163 0.051 0.065 0.298 0.089 0.109 0.074 
318    (0)   :  0.004 0.007 0.251 0.223 0.047 0.065 0.152 0.096 0.079 0.075 
319    (0)   :  0.004 0.003 0.012 0.207 0.052 0.060 0.390 0.085 0.113 0.072 
320    (0)   :  0.005 0.006 0.126 0.138 0.051 0.066 0.297 0.084 0.155 0.072 
321    (0)   :  0.004 0.008 0.236 0.115 0.051 0.065 0.257 0.096 0.094 0.074 
322    (0)   :  0.007 0.008 0.098 0.149 0.053 0.106 0.263 0.095 0.140 0.081 
323    (0)   :  0.010 0.010 0.093 0.298 0.048 0.064 0.213 0.099 0.089 0.076 
324    (0)   :  0.004 0.009 0.235 0.114 0.050 0.065 0.259 0.094 0.094 0.075 
325    (0)   :  0.004 0.009 0.283 0.173 0.047 0.098 0.124 0.094 0.089 0.079 
326    (0)   :  0.006 0.033 0.361 0.078 0.046 0.091 0.130 0.089 0.087 0.079 
327    (0)   :  0.005 0.006 0.140 0.161 0.051 0.065 0.300 0.090 0.108 0.074 
328    (0)   :  0.004 0.006 0.128 0.118 0.053 0.102 0.286 0.097 0.126 0.079 
329    (0)   :  0.004 0.004 0.025 0.322 0.048 0.064 0.284 0.094 0.080 0.075 
330    (0)   :  0.005 0.006 0.140 0.164 0.051 0.065 0.298 0.090 0.108 0.074 
331    (0)   :  0.004 0.004 0.094 0.327 0.049 0.064 0.197 0.096 0.089 0.075 
332    (0)   :  0.007 0.032 0.353 0.081 0.046 0.090 0.132 0.094 0.087 0.079 
333    (0)   :  0.006 0.025 0.277 0.097 0.049 0.092 0.180 0.090 0.106 0.079 
334    (0)   :  0.004 0.006 0.127 0.119 0.054 0.103 0.286 0.096 0.126 0.079 
335    (0)   :  0.005 0.005 0.052 0.160 0.050 0.099 0.337 0.088 0.126 0.079 
336    (0)   :  0.006 0.029 0.314 0.090 0.045 0.066 0.175 0.090 0.112 0.072 
337    (0)   :  0.004 0.011 0.258 0.091 0.051 0.098 0.206 0.093 0.110 0.078 
338    (0)   :  0.004 0.020 0.347 0.111 0.046 0.063 0.160 0.095 0.079 0.075 
339    (0)   :  0.004 0.004 0.095 0.326 0.050 0.064 0.197 0.096 0.088 0.075 
340    (0)   :  0.004 0.004 0.038 0.385 0.048 0.061 0.202 0.088 0.095 0.074 
341    (0)   :  0.008 0.015 0.150 0.187 0.053 0.063 0.265 0.092 0.091 0.076 
342    (0)   :  0.005 0.006 0.139 0.165 0.051 0.064 0.297 0.089 0.109 0.075 
343    (0)   :  0.009 0.015 0.099 0.093 0.049 0.099 0.317 0.091 0.151 0.075 
344    (0)   :  0.005 0.005 0.094 0.330 0.048 0.063 0.205 0.096 0.080 0.075 
345    (0)   :  0.005 0.005 0.140 0.163 0.051 0.065 0.299 0.090 0.108 0.074 
346    (0)   :  0.005 0.005 0.142 0.315 0.048 0.065 0.166 0.092 0.088 0.075 
347    (0)   :  0.004 0.004 0.037 0.391 0.047 0.060 0.210 0.088 0.085 0.074 
348    (0)   :  0.004 0.005 0.046 0.131 0.049 0.096 0.329 0.083 0.181 0.074 
349    (0)   :  0.005 0.006 0.138 0.165 0.051 0.065 0.297 0.090 0.109 0.074 
350    (0)   :  0.004 0.004 0.022 0.341 0.052 0.066 0.216 0.092 0.130 0.072 
351    (0)   :  0.004 0.005 0.054 0.158 0.050 0.099 0.336 0.089 0.126 0.079 
352    (0)   :  0.005 0.007 0.165 0.129 0.052 0.101 0.240 0.090 0.133 0.078 
353    (0)   :  0.007 0.030 0.311 0.090 0.045 0.065 0.176 0.091 0.112 0.073 
354    (0)   :  0.006 0.007 0.071 0.334 0.050 0.066 0.206 0.100 0.082 0.077 
355    (0)   :  0.004 0.007 0.247 0.227 0.047 0.065 0.151 0.097 0.080 0.075 
356    (0)   :  0.004 0.004 0.012 0.096 0.048 0.095 0.415 0.081 0.173 0.073 
357    (0)   :  0.004 0.004 0.016 0.242 0.057 0.149 0.138 0.189 0.106 0.096 
358    (0)   :  0.004 0.018 0.275 0.109 0.048 0.093 0.192 0.093 0.089 0.078 
359    (0)   :  0.004 0.013 0.251 0.138 0.049 0.064 0.222 0.095 0.091 0.074 
360    (0)   :  0.005 0.005 0.140 0.318 0.048 0.065 0.165 0.092 0.088 0.075 
361    (0)   :  0.004 0.004 0.015 0.101 0.061 0.147 0.248 0.185 0.140 0.096 
362    (0)   :  0.005 0.007 0.031 0.055 0.062 0.199 0.092 0.147 0.219 0.182 
363    (0)   :  0.006 0.007 0.015 0.041 0.073 0.141 0.084 0.204 0.153 0.277 
364    (0)   :  0.009 0.008 0.017 0.077 0.087 0.079 0.194 0.267 0.133 0.128 
365    (0)   :  0.012 0.009 0.014 0.043 0.140 0.175 0.096 0.244 0.117 0.150 
366    (0)   :  0.006 0.007 0.014 0.055 0.083 0.128 0.130 0.219 0.262 0.096 
367    (0)   :  0.004 0.007 0.011 0.034 0.062 0.166 0.070 0.122 0.087 0.436 
368    (0)   :  0.005 0.004 0.015 0.045 0.106 0.090 0.112 0.204 0.141 0.279 
369    (0)   :  0.006 0.006 0.038 0.041 0.068 0.076 0.214 0.224 0.216 0.112 
370    (0)   :  0.010 0.023 0.034 0.047 0.124 0.083 0.108 0.186 0.157 0.228 
371    (0)   :  0.008 0.010 0.034 0.050 0.090 0.068 0.123 0.315 0.178 0.124 
372    (0)   :  0.030 0.030 0.045 0.062 0.108 0.081 0.122 0.122 0.190 0.209 
373    (0)   :  0.005 0.004 0.014 0.048 0.080 0.086 0.165 0.160 0.123 0.316 
374    (0)   :  0.006 0.005 0.017 0.055 0.130 0.107 0.238 0.175 0.130 0.136 
375    (0)   :  0.012 0.009 0.021 0.039 0.093 0.090 0.082 0.306 0.100 0.249 
376    (0)   :  0.090 0.008 0.012 0.037 0.061 0.190 0.082 0.254 0.087 0.179 
377    (0)   :  0.006 0.008 0.027 0.058 0.108 0.148 0.089 0.203 0.197 0.157 
378    (0)   :  0.005 0.005 0.033 0.093 0.077 0.091 0.141 0.098 0.133 0.324 
379    (0)   :  0.158 0.016 0.013 0.034 0.064 0.146 0.075 0.205 0.104 0.186 
380    (0)   :  0.009 0.008 0.020 0.055 0.064 0.234 0.181 0.193 0.138 0.098 
381    (0)   :  0.007 0.006 0.012 0.042 0.060 0.123 0.181 0.325 0.160 0.085 
382    (0)   :  0.004 0.004 0.017 0.044 0.071 0.110 0.079 0.356 0.096 0.217 
383    (0)   :  0.009 0.034 0.154 0.054 0.069 0.184 0.090 0.210 0.103 0.092 
384    (0)   :  0.030 0.031 0.058 0.068 0.083 0.096 0.109 0.285 0.090 0.151 
385    (0)   :  0.005 0.013 0.119 0.062 0.249 0.068 0.101 0.182 0.091 0.110 
386    (0)   :  0.004 0.004 0.011 0.038 0.068 0.174 0.086 0.215 0.121 0.279 
387    (0)   :  0.004 0.004 0.010 0.060 0.099 0.168 0.082 0.220 0.114 0.238 
388    (0)   :  0.012 0.009 0.024 0.082 0.147 0.097 0.178 0.208 0.098 0.144 
389    (0)   :  0.009 0.012 0.024 0.042 0.244 0.065 0.085 0.138 0.254 0.126 
390    (0)   :  0.016 0.028 0.021 0.037 0.079 0.224 0.089 0.117 0.141 0.247 
391    (0)   :  0.010 0.010 0.016 0.041 0.243 0.112 0.138 0.110 0.160 0.159 
392    (0)   :  0.006 0.004 0.012 0.078 0.058 0.142 0.127 0.223 0.140 0.212 
393    (0)   :  0.006 0.006 0.014 0.054 0.060 0.367 0.137 0.150 0.109 0.096 
394    (0)   :  0.004 0.005 0.040 0.091 0.058 0.170 0.161 0.124 0.125 0.221 
395    (0)   :  0.004 0.004 0.010 0.050 0.074 0.226 0.084 0.110 0.273 0.166 
396    (0)   :  0.004 0.004 0.010 0.031 0.085 0.088 0.075 0.269 0.110 0.324 
397    (0)   :  0.042 0.005 0.016 0.064 0.061 0.064 0.157 0.267 0.222 0.103 
398    (0)   :  0.036 0.005 0.010 0.035 0.052 0.295 0.078 0.113 0.100 0.275 
399    (0)   :  0.004 0.006 0.017 0.038 0.101 0.131 0.089 0.101 0.145 0.368 
400    (0)   :  0.005 0.004 0.010 0.037 0.069 0.109 0.137 0.223 0.107 0.299 
401    (0)   :  0.004 0.004 0.009 0.052 0.073 0.128 0.119 0.087 0.176 0.348 
402    (0)   :  0.005 0.004 0.013 0.052 0.091 0.094 0.115 0.197 0.182 0.247 
403    (0)   :  0.006 0.004 0.013 0.165 0.123 0.108 0.184 0.148 0.132 0.117 
404    (0)   :  0.006 0.005 0.013 0.046 0.158 0.091 0.159 0.250 0.127 0.145 
405    (0)   :  0.004 0.004 0.012 0.048 0.077 0.197 0.128 0.208 0.179 0.142 
406    (0)   :  0.004 0.004 0.010 0.047 0.057 0.311 0.184 0.100 0.191 0.093 
407    (0)   :  0.004 0.004 0.009 0.031 0.071 0.287 0.078 0.243 0.104 0.170 
408    (0)   :  0.004 0.004 0.009 0.031 0.065 0.084 0.067 0.083 0.266 0.388 
409    (0)   :  0.008 0.012 0.014 0.044 0.061 0.200 0.320 0.103 0.128 0.109 
410    (0)   :  0.069 0.009 0.016 0.061 0.084 0.140 0.110 0.141 0.133 0.238 
411    (0)   :  0.009 0.007 0.049 0.057 0.054 0.099 0.105 0.310 0.149 0.162 
412    (0)   :  0.004 0.004 0.015 0.044 0.083 0.091 0.098 0.232 0.132 0.296 
413    (0)   :  0.004 0.005 0.031 0.090 0.068 0.108 0.127 0.149 0.129 0.290 
414    (0)   :  0.004 0.007 0.022 0.040 0.142 0.082 0.062 0.213 0.136 0.292 
415    (0)   :  0.004 0.004 0.010 0.032 0.066 0.191 0.111 0.219 0.181 0.181 
416    (0)   :  0.005 0.005 0.013 0.041 0.131 0.125 0.159 0.145 0.152 0.223 
417    (0)   :  0.005 0.005 0.016 0.035 0.063 0.316 0.090 0.154 0.105 0.210 
418    (0)   :  0.005 0.004 0.012 0.035 0.073 0.093 0.086 0.190 0.093 0.408 
419    (0)   :  0.009 0.011 0.015 0.081 0.111 0.140 0.184 0.145 0.131 0.174 
420    (0)   :  0.004 0.004 0.009 0.031 0.064 0.130 0.097 0.087 0.233 0.342 
421    (0)   :  0.005 0.005 0.017 0.036 0.078 0.185 0.099 0.130 0.128 0.316 
422    (0)   :  0.005 0.004 0.011 0.040 0.071 0.240 0.094 0.114 0.276 0.145 
423    (0)   :  0.006 0.005 0.013 0.066 0.078 0.188 0.099 0.212 0.154 0.178 
424    (0)   :  0.007 0.010 0.013 0.058 0.112 0.212 0.118 0.111 0.146 0.214 
425    (0)   :  0.014 0.011 0.015 0.071 0.163 0.101 0.114 0.252 0.116 0.145 
426    (0)   :  0.020 0.027 0.040 0.053 0.096 0.160 0.120 0.148 0.114 0.222 
427    (0)   :  0.004 0.005 0.021 0.113 0.051 0.311 0.072 0.117 0.088 0.218 
428    (0)   :  0.016 0.006 0.013 0.075 0.064 0.302 0.152 0.102 0.163 0.108 
429    (0)   :  0.005 0.004 0.011 0.034 0.054 0.178 0.071 0.234 0.091 0.319 
430    (0)   :  0.004 0.004 0.014 0.035 0.066 0.394 0.083 0.149 0.105 0.145 
431    (0)   :  0.008 0.015 0.025 0.069 0.117 0.122 0.106 0.162 0.151 0.225 
432    (0)   :  0.004 0.004 0.013 0.046 0.089 0.098 0.115 0.180 0.146 0.305 
433    (0)   :  0.006 0.006 0.013 0.098 0.083 0.075 0.237 0.149 0.181 0.151 
434    (0)   :  0.004 0.004 0.016 0.047 0.087 0.100 0.154 0.276 0.174 0.138 
435    (0)   :  0.004 0.003 0.009 0.034 0.053 0.423 0.073 0.115 0.097 0.187 
436    (0)   :  0.006 0.004 0.010 0.035 0.049 0.363 0.124 0.126 0.092 0.190 
437    (0)   :  0.006 0.004 0.011 0.036 0.057 0.145 0.083 0.417 0.106 0.136 
438    (0)   :  0.005 0.005 0.012 0.037 0.058 0.389 0.126 0.078 0.151 0.139 
439    (0)   :  0.004 0.003 0.010 0.036 0.056 0.491 0.094 0.107 0.076 0.123 
440    (0)   :  0.004 0.004 0.009 0.031 0.066 0.384 0.066 0.140 0.094 0.204 
441    (0)   :  0.004 0.004 0.013 0.047 0.068 0.363 0.131 0.153 0.097 0.119 
442    (0)   :  0.005 0.004 0.009 0.030 0.145 0.136 0.097 0.219 0.130 0.225 
443    (0)   :  0.004 0.005 0.009 0.032 0.078 0.228 0.076 0.096 0.180 0.291 
444    (0)   :  0.005 0.004 0.009 0.031 0.128 0.208 0.093 0.207 0.134 0.180 
445    (0)   :  0.034 0.006 0.011 0.043 0.062 0.304 0.177 0.125 0.133 0.105 
446    (0)   :  0.042 0.006 0.011 0.036 0.056 0.339 0.086 0.102 0.074 0.247 
447    (0)   :  0.005 0.004 0.010 0.043 0.148 0.321 0.139 0.104 0.109 0.116 
448    (0)   :  0.004 0.004 0.011 0.036 0.083 0.277 0.091 0.196 0.114 0.186 
449    (0)   :  0.004 0.004 0.011 0.046 0.089 0.273 0.121 0.191 0.117 0.144 
450    (0)   :  0.006 0.004 0.012 0.048 0.092 0.173 0.130 0.315 0.071 0.149 
451    (0)   :  0.004 0.004 0.009 0.031 0.083 0.136 0.065 0.142 0.126 0.399 
452    (0)   :  0.005 0.004 0.011 0.049 0.066 0.204 0.126 0.224 0.086 0.226 
453    (0)   :  0.004 0.004 0.011 0.034 0.108 0.183 0.120 0.094 0.290 0.151 
454    (0)   :  0.004 0.005 0.025 0.054 0.060 0.264 0.103 0.205 0.119 0.161 
455    (0)   :  0.004 0.005 0.010 0.031 0.060 0.475 0.079 0.104 0.095 0.136 
456    (0)   :  0.005 0.004 0.009 0.032 0.070 0.298 0.080 0.158 0.184 0.160 
457    (0)   :  0.005 0.004 0.010 0.036 0.064 0.277 0.094 0.286 0.098 0.125 
458    (0)   :  0.037 0.005 0.012 0.037 0.062 0.352 0.096 0.141 0.093 0.167 
459    (0)   :  0.004 0.004 0.010 0.045 0.064 0.410 0.148 0.091 0.072 0.152 
460    (0)   :  0.004 0.004 0.010 0.034 0.060 0.406 0.076 0.097 0.081 0.229 
461    (0)   :  0.005 0.004 0.010 0.036 0.069 0.203 0.084 0.147 0.070 0.373 
462    (0)   :  0.006 0.008 0.013 0.030 0.195 0.266 0.062 0.170 0.129 0.121 
463    (0)   :  0.004 0.004 0.011 0.038 0.054 0.379 0.091 0.095 0.232 0.090 
464    (0)   :  0.004 0.004 0.009 0.031 0.059 0.334 0.080 0.092 0.120 0.268 
465    (0)   :  0.006 0.004 0.011 0.036 0.084 0.284 0.091 0.117 0.136 0.231 
466    (0)   :  0.004 0.004 0.009 0.031 0.065 0.309 0.081 0.094 0.197 0.204 
467    (0)   :  0.004 0.005 0.013 0.042 0.072 0.349 0.103 0.141 0.141 0.129 
468    (0)   :  0.004 0.004 0.009 0.031 0.055 0.412 0.078 0.181 0.122 0.105 
469    (0)   :  0.004 0.003 0.009 0.033 0.051 0.558 0.077 0.098 0.070 0.097 
470    (0)   :  0.004 0.003 0.009 0.034 0.049 0.446 0.078 0.092 0.084 0.200 
471    (0)   :  0.005 0.004 0.010 0.035 0.123 0.142 0.089 0.147 0.221 0.225 
472    (0)   :  0.005 0.005 0.010 0.033 0.106 0.232 0.096 0.204 0.154 0.155 
473    (0)   :  0.004 0.004 0.013 0.046 0.070 0.236 0.115 0.222 0.150 0.141 
474    (0)   :  0.004 0.004 0.010 0.043 0.066 0.212 0.130 0.200 0.123 0.207 
475    (0)   :  0.005 0.004 0.011 0.049 0.079 0.213 0.142 0.111 0.126 0.259 
476    (0)   :  0.005 0.005 0.010 0.033 0.056 0.288 0.094 0.259 0.105 0.145 
477    (0)   :  0.005 0.005 0.011 0.037 0.109 0.255 0.125 0.117 0.111 0.226 
478    (0)   :  0.006 0.005 0.010 0.035 0.114 0.215 0.074 0.087 0.081 0.373 
479    (0)   :  0.004 0.003 0.009 0.034 0.064 0.360 0.074 0.170 0.082 0.199 
480    (0)   :  0.005 0.004 0.010 0.036 0.051 0.302 0.087 0.266 0.088 0.152 
481    (0)   :  0.004 0.004 0.009 0.034 0.167 0.136 0.087 0.213 0.158 0.186 
