

----------------------------------------------------
STRUCTURE by Pritchard, Stephens and Donnelly (2000)
     and Falush, Stephens and Pritchard (2003)
       Code by Pritchard, Falush and Hubisz
             Version 2.3.4 (Jul 2012)
----------------------------------------------------



Command line arguments:   ./structure -K 4 -D 104015 -m brooktrout/mainparams -e brooktrout/extraparams -o brooktrout/250914_output/results_K4_rep15 
Input File:    brooktrout/brooktrout.txt

Run parameters:
   8454 individuals
   5 loci
   4 populations assumed
   50000 Burn-in period
   100000 Reps
RANDOMIZE turned off


--------------------------------------------
Overall proportion of membership of the
sample in each of the 4 clusters

Inferred Clusters
  1      2      3      4    
0.211  0.103  0.233  0.453  

--------------------------------------------

Allele-freq. divergence among pops (Net nucleotide distance),
computed using point estimates of P.

      1       2       3       4      
 1      -    0.0864  0.1095  0.0336  
 2   0.0864     -    0.0785  0.0563  
 3   0.1095  0.0785     -    0.0767  
 4   0.0336  0.0563  0.0767     -    

Average distances (expected heterozygosity) between individuals in same cluster:
cluster  1  : 0.7935 
cluster  2  : 0.8148 
cluster  3  : 0.7507 
cluster  4  : 0.8354 

--------------------------------------------
Estimated Ln Prob of Data   = -178128.0
Mean value of ln likelihood = -173488.0
Variance of ln likelihood   = 9280.0

Mean value of alpha_1       = 0.1873
Mean value of alpha_2       = 0.0926
Mean value of alpha_3       = 0.2152
Mean value of alpha_4       = 0.4157
Allele frequencies uncorrelated


Inferred ancestry of individuals:
     (%Miss) :  Inferred clusters
  1    (0)   :  0.248 0.099 0.286 0.366 
  2    (0)   :  0.049 0.028 0.070 0.853 
  3    (0)   :  0.525 0.076 0.203 0.196 
  4    (0)   :  0.053 0.048 0.684 0.215 
  5    (0)   :  0.057 0.031 0.058 0.854 
  6    (0)   :  0.750 0.017 0.052 0.181 
  7    (0)   :  0.135 0.014 0.047 0.805 
  8    (0)   :  0.248 0.033 0.367 0.352 
  9    (0)   :  0.330 0.048 0.138 0.485 
 10    (0)   :  0.270 0.016 0.170 0.544 
 11    (0)   :  0.210 0.017 0.049 0.724 
 12    (0)   :  0.070 0.031 0.103 0.795 
 13    (0)   :  0.112 0.024 0.099 0.764 
 14    (0)   :  0.127 0.163 0.169 0.542 
 15    (0)   :  0.103 0.044 0.236 0.617 
 16    (0)   :  0.504 0.033 0.086 0.377 
 17    (0)   :  0.209 0.036 0.090 0.665 
 18    (0)   :  0.417 0.031 0.214 0.338 
 19    (0)   :  0.411 0.019 0.077 0.493 
 20    (0)   :  0.127 0.046 0.080 0.746 
 21    (0)   :  0.153 0.114 0.324 0.409 
 22    (0)   :  0.696 0.026 0.096 0.182 
 23    (0)   :  0.069 0.255 0.273 0.402 
 24    (0)   :  0.337 0.043 0.275 0.344 
 25    (0)   :  0.140 0.022 0.039 0.798 
 26    (0)   :  0.236 0.045 0.176 0.543 
 27    (0)   :  0.203 0.065 0.132 0.600 
 28    (0)   :  0.180 0.028 0.329 0.463 
 29    (0)   :  0.083 0.045 0.078 0.793 
 30    (0)   :  0.715 0.042 0.078 0.165 
 31    (0)   :  0.140 0.047 0.171 0.643 
 32    (0)   :  0.200 0.057 0.225 0.518 
 33    (0)   :  0.449 0.114 0.191 0.245 
 34    (0)   :  0.362 0.019 0.075 0.544 
 35    (0)   :  0.340 0.197 0.078 0.385 
 36    (0)   :  0.206 0.602 0.066 0.126 
 37    (0)   :  0.097 0.064 0.314 0.525 
 38    (0)   :  0.679 0.123 0.038 0.160 
 39    (0)   :  0.483 0.118 0.070 0.329 
 40    (0)   :  0.115 0.513 0.211 0.160 
 41    (0)   :  0.291 0.513 0.048 0.148 
 42    (0)   :  0.138 0.422 0.311 0.128 
 43    (0)   :  0.074 0.448 0.135 0.344 
 44    (0)   :  0.236 0.583 0.040 0.141 
 45    (0)   :  0.274 0.363 0.047 0.317 
 46    (0)   :  0.455 0.097 0.052 0.396 
 47    (0)   :  0.369 0.047 0.126 0.458 
 48    (0)   :  0.223 0.621 0.041 0.115 
 49    (0)   :  0.331 0.174 0.092 0.403 
 50    (0)   :  0.448 0.056 0.116 0.380 
 51    (0)   :  0.045 0.851 0.033 0.071 
 52    (0)   :  0.509 0.109 0.077 0.304 
 53    (0)   :  0.743 0.053 0.077 0.126 
 54    (0)   :  0.071 0.099 0.152 0.679 
 55    (0)   :  0.068 0.503 0.072 0.357 
 56    (0)   :  0.325 0.384 0.102 0.189 
 57    (0)   :  0.185 0.018 0.217 0.580 
 58    (0)   :  0.133 0.360 0.095 0.412 
 59    (0)   :  0.312 0.342 0.068 0.278 
 60    (0)   :  0.078 0.614 0.157 0.150 
 61    (0)   :  0.034 0.494 0.173 0.298 
 62    (0)   :  0.295 0.043 0.075 0.587 
 63    (0)   :  0.116 0.264 0.148 0.472 
 64    (0)   :  0.673 0.033 0.052 0.242 
 65    (0)   :  0.088 0.028 0.034 0.849 
 66    (0)   :  0.053 0.108 0.266 0.572 
 67    (0)   :  0.061 0.313 0.070 0.556 
 68    (0)   :  0.299 0.335 0.089 0.277 
 69    (0)   :  0.437 0.140 0.147 0.275 
 70    (0)   :  0.109 0.589 0.081 0.220 
 71    (0)   :  0.163 0.574 0.033 0.230 
 72    (0)   :  0.528 0.159 0.064 0.249 
 73    (0)   :  0.064 0.293 0.051 0.592 
 74    (0)   :  0.305 0.428 0.138 0.128 
 75    (0)   :  0.108 0.603 0.177 0.112 
 76    (0)   :  0.095 0.251 0.075 0.579 
 77    (0)   :  0.187 0.565 0.039 0.210 
 78    (0)   :  0.285 0.518 0.045 0.152 
 79    (0)   :  0.109 0.014 0.055 0.822 
 80    (0)   :  0.076 0.017 0.647 0.260 
 81    (0)   :  0.102 0.014 0.460 0.423 
 82    (0)   :  0.054 0.075 0.144 0.728 
 83    (0)   :  0.185 0.041 0.345 0.430 
 84    (0)   :  0.123 0.024 0.256 0.596 
 85    (0)   :  0.192 0.033 0.410 0.365 
 86    (0)   :  0.112 0.110 0.068 0.710 
 87    (0)   :  0.097 0.028 0.062 0.814 
 88    (0)   :  0.056 0.028 0.275 0.642 
 89    (0)   :  0.058 0.022 0.480 0.439 
 90    (0)   :  0.059 0.016 0.062 0.864 
 91    (0)   :  0.110 0.035 0.635 0.221 
 92    (0)   :  0.078 0.021 0.103 0.799 
 93    (0)   :  0.038 0.017 0.842 0.103 
 94    (0)   :  0.470 0.028 0.053 0.448 
 95    (0)   :  0.046 0.021 0.137 0.796 
 96    (0)   :  0.036 0.516 0.244 0.203 
 97    (0)   :  0.202 0.356 0.258 0.183 
 98    (0)   :  0.124 0.409 0.128 0.339 
 99    (0)   :  0.083 0.019 0.219 0.679 
100    (0)   :  0.032 0.027 0.794 0.147 
101    (0)   :  0.065 0.051 0.107 0.777 
102    (0)   :  0.096 0.093 0.411 0.400 
103    (0)   :  0.042 0.049 0.226 0.683 
104    (0)   :  0.060 0.045 0.078 0.817 
105    (0)   :  0.036 0.045 0.139 0.780 
106    (0)   :  0.250 0.032 0.027 0.691 
107    (0)   :  0.047 0.047 0.141 0.765 
108    (0)   :  0.093 0.642 0.045 0.219 
109    (0)   :  0.126 0.039 0.029 0.806 
110    (0)   :  0.268 0.022 0.034 0.676 
111    (0)   :  0.046 0.022 0.037 0.895 
112    (0)   :  0.118 0.031 0.029 0.822 
113    (0)   :  0.126 0.128 0.110 0.636 
114    (0)   :  0.051 0.032 0.098 0.820 
115    (0)   :  0.054 0.136 0.051 0.759 
116    (0)   :  0.207 0.134 0.032 0.627 
117    (0)   :  0.144 0.037 0.045 0.774 
118    (0)   :  0.049 0.051 0.047 0.853 
119    (0)   :  0.055 0.530 0.223 0.192 
120    (0)   :  0.064 0.041 0.051 0.844 
121    (0)   :  0.061 0.172 0.043 0.725 
122    (0)   :  0.184 0.027 0.037 0.752 
123    (0)   :  0.099 0.036 0.055 0.810 
124    (0)   :  0.355 0.099 0.048 0.499 
125    (0)   :  0.495 0.073 0.052 0.379 
126    (0)   :  0.184 0.115 0.066 0.635 
127    (0)   :  0.047 0.024 0.042 0.886 
128    (0)   :  0.039 0.047 0.050 0.863 
129    (0)   :  0.034 0.031 0.040 0.895 
130    (0)   :  0.054 0.024 0.104 0.818 
131    (0)   :  0.401 0.159 0.039 0.400 
132    (0)   :  0.110 0.032 0.033 0.825 
133    (0)   :  0.059 0.052 0.059 0.829 
134    (0)   :  0.185 0.017 0.023 0.775 
135    (0)   :  0.044 0.162 0.591 0.203 
136    (0)   :  0.043 0.017 0.840 0.101 
137    (0)   :  0.036 0.015 0.802 0.147 
138    (0)   :  0.044 0.024 0.855 0.076 
139    (0)   :  0.060 0.220 0.476 0.244 
140    (0)   :  0.102 0.084 0.545 0.270 
141    (0)   :  0.076 0.027 0.781 0.116 
142    (0)   :  0.038 0.202 0.601 0.159 
143    (0)   :  0.028 0.016 0.890 0.067 
144    (0)   :  0.032 0.017 0.814 0.137 
145    (0)   :  0.093 0.040 0.685 0.182 
146    (0)   :  0.083 0.050 0.537 0.330 
147    (0)   :  0.032 0.013 0.885 0.070 
148    (0)   :  0.052 0.052 0.670 0.226 
149    (0)   :  0.050 0.041 0.816 0.093 
150    (0)   :  0.044 0.024 0.649 0.283 
151    (0)   :  0.035 0.020 0.837 0.107 
152    (0)   :  0.072 0.101 0.610 0.217 
153    (0)   :  0.062 0.047 0.783 0.108 
154    (0)   :  0.040 0.029 0.815 0.115 
155    (0)   :  0.032 0.019 0.857 0.091 
156    (0)   :  0.030 0.110 0.722 0.139 
157    (0)   :  0.065 0.025 0.695 0.215 
158    (0)   :  0.091 0.030 0.715 0.164 
159    (0)   :  0.029 0.014 0.882 0.075 
160    (0)   :  0.031 0.014 0.872 0.083 
161    (0)   :  0.074 0.039 0.728 0.159 
162    (0)   :  0.090 0.059 0.464 0.386 
163    (0)   :  0.031 0.027 0.860 0.083 
164    (0)   :  0.063 0.031 0.462 0.445 
165    (0)   :  0.038 0.021 0.703 0.237 
166    (0)   :  0.091 0.063 0.590 0.256 
167    (0)   :  0.057 0.024 0.689 0.231 
168    (0)   :  0.083 0.049 0.760 0.107 
169    (0)   :  0.408 0.054 0.388 0.150 
170    (0)   :  0.034 0.059 0.785 0.122 
171    (0)   :  0.079 0.049 0.641 0.231 
172    (0)   :  0.176 0.197 0.539 0.088 
173    (0)   :  0.029 0.019 0.867 0.086 
174    (0)   :  0.037 0.015 0.845 0.103 
175    (0)   :  0.040 0.021 0.861 0.079 
176    (0)   :  0.032 0.016 0.814 0.137 
177    (0)   :  0.125 0.037 0.543 0.294 
178    (0)   :  0.058 0.017 0.790 0.135 
179    (0)   :  0.029 0.014 0.888 0.069 
180    (0)   :  0.082 0.044 0.657 0.218 
181    (0)   :  0.055 0.049 0.753 0.143 
182    (0)   :  0.028 0.032 0.821 0.119 
183    (0)   :  0.031 0.017 0.873 0.079 
184    (0)   :  0.091 0.057 0.084 0.768 
185    (0)   :  0.027 0.084 0.809 0.081 
186    (0)   :  0.063 0.033 0.065 0.839 
187    (0)   :  0.068 0.054 0.463 0.415 
188    (0)   :  0.050 0.034 0.049 0.868 
189    (0)   :  0.298 0.067 0.396 0.238 
190    (0)   :  0.022 0.601 0.275 0.101 
191    (0)   :  0.045 0.040 0.184 0.731 
192    (0)   :  0.068 0.038 0.372 0.522 
193    (0)   :  0.084 0.103 0.326 0.487 
194    (0)   :  0.057 0.090 0.302 0.552 
195    (0)   :  0.027 0.063 0.790 0.120 
196    (0)   :  0.036 0.498 0.255 0.211 
197    (0)   :  0.140 0.060 0.176 0.623 
198    (0)   :  0.140 0.083 0.213 0.565 
199    (0)   :  0.040 0.435 0.258 0.267 
200    (0)   :  0.082 0.398 0.216 0.304 
201    (0)   :  0.037 0.055 0.771 0.137 
202    (0)   :  0.028 0.102 0.709 0.161 
203    (0)   :  0.032 0.042 0.774 0.152 
204    (0)   :  0.029 0.116 0.555 0.300 
205    (0)   :  0.063 0.263 0.200 0.474 
206    (0)   :  0.036 0.086 0.491 0.387 
207    (0)   :  0.033 0.165 0.154 0.647 
208    (0)   :  0.039 0.265 0.427 0.269 
209    (0)   :  0.057 0.085 0.254 0.604 
210    (0)   :  0.039 0.091 0.496 0.375 
211    (0)   :  0.028 0.403 0.163 0.406 
212    (0)   :  0.050 0.049 0.773 0.128 
213    (0)   :  0.059 0.243 0.142 0.556 
214    (0)   :  0.035 0.075 0.761 0.130 
215    (0)   :  0.047 0.239 0.110 0.604 
216    (0)   :  0.092 0.062 0.112 0.734 
217    (0)   :  0.051 0.091 0.719 0.139 
218    (0)   :  0.063 0.081 0.306 0.550 
219    (0)   :  0.185 0.041 0.365 0.408 
220    (0)   :  0.034 0.094 0.210 0.662 
221    (0)   :  0.025 0.112 0.788 0.074 
222    (0)   :  0.158 0.043 0.188 0.611 
223    (0)   :  0.091 0.060 0.552 0.297 
224    (0)   :  0.036 0.041 0.684 0.239 
225    (0)   :  0.047 0.177 0.359 0.416 
226    (0)   :  0.232 0.235 0.250 0.282 
227    (0)   :  0.033 0.185 0.459 0.323 
228    (0)   :  0.027 0.169 0.665 0.139 
229    (0)   :  0.042 0.023 0.677 0.257 
230    (0)   :  0.036 0.038 0.598 0.329 
231    (0)   :  0.061 0.028 0.623 0.288 
232    (0)   :  0.080 0.101 0.387 0.432 
233    (0)   :  0.034 0.042 0.803 0.121 
234    (0)   :  0.097 0.045 0.312 0.545 
235    (0)   :  0.100 0.156 0.464 0.279 
236    (0)   :  0.065 0.068 0.576 0.291 
237    (0)   :  0.037 0.105 0.259 0.599 
238    (0)   :  0.044 0.068 0.706 0.182 
239    (0)   :  0.028 0.066 0.787 0.119 
240    (0)   :  0.044 0.068 0.711 0.177 
241    (0)   :  0.033 0.053 0.784 0.129 
242    (0)   :  0.116 0.056 0.453 0.375 
243    (0)   :  0.026 0.529 0.278 0.167 
244    (0)   :  0.033 0.043 0.740 0.184 
245    (0)   :  0.031 0.050 0.818 0.100 
246    (0)   :  0.050 0.090 0.721 0.139 
247    (0)   :  0.085 0.082 0.055 0.778 
248    (0)   :  0.040 0.157 0.069 0.734 
249    (0)   :  0.039 0.062 0.663 0.237 
250    (0)   :  0.059 0.047 0.445 0.449 
251    (0)   :  0.135 0.157 0.157 0.551 
252    (0)   :  0.062 0.083 0.507 0.349 
253    (0)   :  0.083 0.178 0.124 0.615 
254    (0)   :  0.109 0.059 0.231 0.601 
255    (0)   :  0.084 0.048 0.350 0.518 
256    (0)   :  0.043 0.146 0.600 0.212 
257    (0)   :  0.045 0.172 0.282 0.500 
258    (0)   :  0.061 0.263 0.146 0.531 
259    (0)   :  0.045 0.068 0.216 0.671 
260    (0)   :  0.134 0.034 0.407 0.425 
261    (0)   :  0.060 0.119 0.612 0.210 
262    (0)   :  0.031 0.255 0.618 0.096 
263    (0)   :  0.046 0.079 0.200 0.675 
264    (0)   :  0.436 0.068 0.048 0.449 
265    (0)   :  0.115 0.128 0.345 0.413 
266    (0)   :  0.026 0.083 0.811 0.080 
267    (0)   :  0.057 0.060 0.378 0.505 
268    (0)   :  0.036 0.506 0.252 0.206 
269    (0)   :  0.240 0.055 0.371 0.334 
270    (0)   :  0.071 0.052 0.127 0.750 
271    (0)   :  0.049 0.297 0.130 0.523 
272    (0)   :  0.119 0.469 0.133 0.278 
273    (0)   :  0.129 0.169 0.410 0.292 
274    (0)   :  0.105 0.159 0.212 0.524 
275    (0)   :  0.137 0.199 0.332 0.333 
276    (0)   :  0.098 0.462 0.111 0.329 
277    (0)   :  0.095 0.058 0.491 0.356 
278    (0)   :  0.044 0.472 0.125 0.360 
279    (0)   :  0.070 0.107 0.371 0.451 
280    (0)   :  0.193 0.160 0.288 0.359 
281    (0)   :  0.059 0.106 0.215 0.620 
282    (0)   :  0.079 0.038 0.646 0.236 
283    (0)   :  0.041 0.032 0.763 0.165 
284    (0)   :  0.058 0.109 0.345 0.487 
285    (0)   :  0.056 0.247 0.041 0.657 
286    (0)   :  0.033 0.043 0.740 0.184 
287    (0)   :  0.152 0.068 0.316 0.464 
288    (0)   :  0.171 0.219 0.201 0.409 
289    (0)   :  0.101 0.205 0.173 0.520 
290    (0)   :  0.211 0.328 0.148 0.313 
291    (0)   :  0.049 0.293 0.131 0.528 
292    (0)   :  0.141 0.280 0.351 0.228 
293    (0)   :  0.338 0.257 0.088 0.317 
294    (0)   :  0.061 0.114 0.183 0.642 
295    (0)   :  0.122 0.229 0.208 0.441 
296    (0)   :  0.045 0.172 0.193 0.590 
297    (0)   :  0.215 0.079 0.175 0.531 
298    (0)   :  0.076 0.029 0.532 0.364 
299    (0)   :  0.060 0.032 0.187 0.722 
300    (0)   :  0.050 0.118 0.145 0.687 
301    (0)   :  0.138 0.069 0.132 0.661 
302    (0)   :  0.055 0.249 0.158 0.538 
303    (0)   :  0.065 0.054 0.665 0.216 
304    (0)   :  0.142 0.027 0.467 0.364 
305    (0)   :  0.036 0.108 0.699 0.156 
306    (0)   :  0.068 0.077 0.699 0.156 
307    (0)   :  0.064 0.086 0.312 0.538 
308    (0)   :  0.060 0.117 0.615 0.208 
309    (0)   :  0.053 0.232 0.187 0.528 
310    (0)   :  0.033 0.198 0.593 0.176 
311    (0)   :  0.035 0.036 0.595 0.334 
312    (0)   :  0.031 0.114 0.199 0.656 
313    (0)   :  0.034 0.391 0.078 0.497 
314    (0)   :  0.030 0.023 0.886 0.060 
315    (0)   :  0.046 0.037 0.843 0.074 
316    (0)   :  0.055 0.024 0.843 0.077 
317    (0)   :  0.030 0.014 0.894 0.062 
318    (0)   :  0.033 0.012 0.895 0.060 
319    (0)   :  0.029 0.016 0.887 0.069 
320    (0)   :  0.030 0.024 0.885 0.061 
321    (0)   :  0.035 0.013 0.889 0.063 
322    (0)   :  0.050 0.037 0.833 0.080 
323    (0)   :  0.031 0.012 0.893 0.064 
324    (0)   :  0.034 0.013 0.889 0.064 
325    (0)   :  0.057 0.020 0.848 0.074 
326    (0)   :  0.057 0.021 0.853 0.069 
327    (0)   :  0.032 0.014 0.893 0.061 
328    (0)   :  0.049 0.028 0.839 0.084 
329    (0)   :  0.029 0.012 0.895 0.064 
330    (0)   :  0.031 0.014 0.894 0.061 
331    (0)   :  0.029 0.012 0.895 0.064 
332    (0)   :  0.067 0.019 0.838 0.076 
333    (0)   :  0.048 0.023 0.853 0.076 
334    (0)   :  0.050 0.028 0.835 0.087 
335    (0)   :  0.044 0.028 0.851 0.077 
336    (0)   :  0.037 0.017 0.886 0.061 
337    (0)   :  0.059 0.025 0.837 0.078 
338    (0)   :  0.034 0.011 0.893 0.062 
339    (0)   :  0.029 0.012 0.895 0.064 
340    (0)   :  0.027 0.013 0.898 0.062 
341    (0)   :  0.030 0.013 0.892 0.065 
342    (0)   :  0.031 0.014 0.894 0.061 
343    (0)   :  0.052 0.049 0.821 0.078 
344    (0)   :  0.030 0.011 0.897 0.062 
345    (0)   :  0.031 0.014 0.893 0.062 
346    (0)   :  0.030 0.012 0.898 0.059 
347    (0)   :  0.027 0.012 0.901 0.060 
348    (0)   :  0.041 0.059 0.825 0.076 
349    (0)   :  0.031 0.015 0.894 0.060 
350    (0)   :  0.029 0.019 0.885 0.067 
351    (0)   :  0.044 0.029 0.849 0.078 
352    (0)   :  0.052 0.029 0.844 0.075 
353    (0)   :  0.037 0.017 0.886 0.061 
354    (0)   :  0.030 0.012 0.895 0.064 
355    (0)   :  0.034 0.012 0.894 0.061 
356    (0)   :  0.041 0.075 0.805 0.078 
357    (0)   :  0.232 0.026 0.549 0.193 
358    (0)   :  0.051 0.020 0.850 0.079 
359    (0)   :  0.030 0.012 0.892 0.066 
360    (0)   :  0.029 0.013 0.899 0.059 
361    (0)   :  0.238 0.038 0.491 0.233 
362    (0)   :  0.249 0.044 0.092 0.615 
363    (0)   :  0.508 0.053 0.048 0.391 
364    (0)   :  0.231 0.031 0.366 0.372 
365    (0)   :  0.539 0.036 0.056 0.369 
366    (0)   :  0.357 0.269 0.146 0.229 
367    (0)   :  0.363 0.016 0.028 0.592 
368    (0)   :  0.070 0.017 0.051 0.862 
369    (0)   :  0.197 0.180 0.368 0.255 
370    (0)   :  0.081 0.054 0.078 0.788 
371    (0)   :  0.282 0.069 0.146 0.503 
372    (0)   :  0.078 0.065 0.138 0.718 
373    (0)   :  0.154 0.022 0.096 0.727 
374    (0)   :  0.286 0.035 0.346 0.334 
375    (0)   :  0.327 0.021 0.041 0.611 
376    (0)   :  0.840 0.015 0.032 0.113 
377    (0)   :  0.323 0.050 0.070 0.557 
378    (0)   :  0.087 0.024 0.178 0.710 
379    (0)   :  0.847 0.021 0.029 0.103 
380    (0)   :  0.677 0.067 0.138 0.118 
381    (0)   :  0.739 0.058 0.108 0.095 
382    (0)   :  0.385 0.016 0.045 0.553 
383    (0)   :  0.750 0.023 0.124 0.103 
384    (0)   :  0.589 0.028 0.102 0.281 
385    (0)   :  0.103 0.013 0.154 0.730 
386    (0)   :  0.440 0.025 0.044 0.491 
387    (0)   :  0.392 0.027 0.051 0.530 
388    (0)   :  0.184 0.024 0.271 0.522 
389    (0)   :  0.062 0.253 0.062 0.623 
390    (0)   :  0.457 0.216 0.041 0.286 
391    (0)   :  0.120 0.114 0.089 0.676 
392    (0)   :  0.649 0.028 0.094 0.229 
393    (0)   :  0.788 0.056 0.062 0.094 
394    (0)   :  0.207 0.031 0.262 0.500 
395    (0)   :  0.271 0.343 0.057 0.330 
396    (0)   :  0.274 0.018 0.031 0.677 
397    (0)   :  0.176 0.038 0.207 0.578 
398    (0)   :  0.758 0.022 0.031 0.189 
399    (0)   :  0.227 0.082 0.043 0.648 
400    (0)   :  0.496 0.022 0.061 0.421 
401    (0)   :  0.185 0.084 0.065 0.666 
402    (0)   :  0.163 0.110 0.077 0.650 
403    (0)   :  0.123 0.030 0.381 0.465 
404    (0)   :  0.400 0.031 0.105 0.464 
405    (0)   :  0.356 0.062 0.104 0.478 
406    (0)   :  0.155 0.676 0.082 0.088 
407    (0)   :  0.805 0.018 0.031 0.146 
408    (0)   :  0.056 0.121 0.032 0.791 
409    (0)   :  0.194 0.421 0.251 0.134 
410    (0)   :  0.537 0.035 0.089 0.339 
411    (0)   :  0.603 0.074 0.160 0.162 
412    (0)   :  0.098 0.015 0.049 0.838 
413    (0)   :  0.105 0.027 0.167 0.701 
414    (0)   :  0.081 0.017 0.036 0.866 
415    (0)   :  0.729 0.061 0.049 0.162 
416    (0)   :  0.393 0.049 0.085 0.474 
417    (0)   :  0.737 0.020 0.040 0.202 
418    (0)   :  0.218 0.014 0.034 0.734 
419    (0)   :  0.217 0.116 0.188 0.479 
420    (0)   :  0.222 0.227 0.042 0.509 
421    (0)   :  0.478 0.027 0.052 0.443 
422    (0)   :  0.347 0.222 0.066 0.365 
423    (0)   :  0.602 0.036 0.066 0.295 
424    (0)   :  0.133 0.133 0.065 0.669 
425    (0)   :  0.252 0.039 0.098 0.611 
426    (0)   :  0.165 0.025 0.078 0.732 
427    (0)   :  0.694 0.031 0.117 0.158 
428    (0)   :  0.413 0.121 0.192 0.275 
429    (0)   :  0.750 0.014 0.028 0.207 
430    (0)   :  0.771 0.022 0.038 0.170 
431    (0)   :  0.114 0.025 0.068 0.792 
432    (0)   :  0.080 0.021 0.060 0.840 
433    (0)   :  0.054 0.053 0.268 0.626 
434    (0)   :  0.218 0.040 0.158 0.584 
435    (0)   :  0.787 0.026 0.030 0.157 
436    (0)   :  0.824 0.028 0.050 0.098 
437    (0)   :  0.794 0.018 0.035 0.154 
438    (0)   :  0.411 0.290 0.074 0.224 
439    (0)   :  0.848 0.017 0.038 0.097 
440    (0)   :  0.833 0.023 0.025 0.120 
441    (0)   :  0.596 0.028 0.102 0.274 
442    (0)   :  0.634 0.036 0.036 0.294 
443    (0)   :  0.387 0.122 0.033 0.459 
444    (0)   :  0.705 0.048 0.035 0.211 
445    (0)   :  0.553 0.137 0.146 0.164 
446    (0)   :  0.728 0.022 0.035 0.215 
447    (0)   :  0.584 0.083 0.078 0.255 
448    (0)   :  0.613 0.030 0.038 0.319 
449    (0)   :  0.563 0.033 0.070 0.334 
450    (0)   :  0.680 0.013 0.062 0.246 
451    (0)   :  0.109 0.034 0.027 0.830 
452    (0)   :  0.744 0.015 0.050 0.191 
453    (0)   :  0.087 0.503 0.070 0.340 
454    (0)   :  0.615 0.028 0.083 0.275 
455    (0)   :  0.713 0.082 0.035 0.170 
456    (0)   :  0.642 0.124 0.032 0.202 
457    (0)   :  0.819 0.019 0.036 0.126 
458    (0)   :  0.814 0.018 0.041 0.128 
459    (0)   :  0.537 0.046 0.108 0.309 
460    (0)   :  0.717 0.024 0.033 0.226 
461    (0)   :  0.562 0.014 0.033 0.390 
462    (0)   :  0.649 0.047 0.027 0.277 
463    (0)   :  0.231 0.567 0.055 0.147 
464    (0)   :  0.595 0.062 0.032 0.311 
465    (0)   :  0.266 0.049 0.047 0.638 
466    (0)   :  0.302 0.248 0.037 0.413 
467    (0)   :  0.623 0.056 0.074 0.247 
468    (0)   :  0.823 0.049 0.031 0.098 
469    (0)   :  0.866 0.019 0.032 0.083 
470    (0)   :  0.815 0.022 0.029 0.134 
471    (0)   :  0.308 0.208 0.044 0.440 
472    (0)   :  0.410 0.079 0.048 0.463 
473    (0)   :  0.462 0.049 0.074 0.414 
474    (0)   :  0.720 0.031 0.054 0.194 
475    (0)   :  0.291 0.040 0.076 0.593 
476    (0)   :  0.828 0.026 0.039 0.107 
477    (0)   :  0.181 0.058 0.066 0.696 
478    (0)   :  0.154 0.021 0.032 0.793 
479    (0)   :  0.757 0.019 0.030 0.194 
480    (0)   :  0.854 0.016 0.034 0.096 
481    (0)   :  0.274 0.044 0.042 0.640 
482    (0)   :  0.826 0.014 0.030 0.131 
483    (0)   :  0.774 0.026 0.040 0.160 
484    (0)   :  0.533 0.198 0.050 0.219 
485    (0)   :  0.794 0.040 0.033 0.133 
486    (0)   :  0.070 0.104 0.060 0.767 
487    (0)   :  0.087 0.045 0.158 0.710 
488    (0)   :  0.049 0.030 0.083 0.839 
489    (0)   :  0.110 0.152 0.286 0.451 
490    (0)   :  0.088 0.054 0.036 0.822 
491    (0)   :  0.055 0.062 0.187 0.697 
492    (0)   :  0.056 0.077 0.263 0.604 
493    (0)   :  0.054 0.039 0.078 0.830 
494    (0)   :  0.096 0.064 0.136 0.704 
495    (0)   :  0.064 0.050 0.126 0.760 
496    (0)   :  0.078 0.106 0.412 0.404 
497    (0)   :  0.051 0.025 0.139 0.786 
498    (0)   :  0.081 0.141 0.106 0.672 
499    (0)   :  0.066 0.056 0.331 0.547 
500    (0)   :  0.162 0.050 0.084 0.704 
501    (0)   :  0.139 0.031 0.193 0.636 
502    (0)   :  0.077 0.019 0.212 0.691 
503    (0)   :  0.380 0.034 0.051 0.535 
504    (0)   :  0.047 0.041 0.051 0.861 
505    (0)   :  0.059 0.213 0.135 0.593 
506    (0)   :  0.073 0.030 0.207 0.691 
507    (0)   :  0.035 0.056 0.794 0.114 
508    (0)   :  0.032 0.140 0.618 0.210 
509    (0)   :  0.055 0.098 0.280 0.568 
510    (0)   :  0.148 0.037 0.332 0.483 
511    (0)   :  0.448 0.075 0.069 0.408 
512    (0)   :  0.405 0.019 0.038 0.537 
513    (0)   :  0.025 0.080 0.067 0.827 
514    (0)   :  0.059 0.032 0.063 0.845 
515    (0)   :  0.438 0.096 0.172 0.294 
516    (0)   :  0.046 0.072 0.069 0.813 
517    (0)   :  0.182 0.262 0.153 0.403 
518    (0)   :  0.167 0.029 0.355 0.449 
519    (0)   :  0.073 0.034 0.070 0.824 
520    (0)   :  0.190 0.359 0.305 0.146 
521    (0)   :  0.069 0.063 0.456 0.412 
522    (0)   :  0.499 0.219 0.056 0.226 
523    (0)   :  0.060 0.519 0.161 0.259 
524    (0)   :  0.444 0.151 0.104 0.302 
525    (0)   :  0.277 0.067 0.325 0.330 
526    (0)   :  0.212 0.597 0.081 0.109 
527    (0)   :  0.149 0.019 0.059 0.772 
528    (0)   :  0.046 0.062 0.706 0.186 
529    (0)   :  0.069 0.043 0.185 0.703 
530    (0)   :  0.439 0.113 0.112 0.336 
531    (0)   :  0.211 0.075 0.454 0.260 
532    (0)   :  0.104 0.073 0.320 0.502 
533    (0)   :  0.310 0.116 0.098 0.476 
534    (0)   :  0.038 0.153 0.148 0.660 
535    (0)   :  0.151 0.394 0.083 0.371 
536    (0)   :  0.285 0.212 0.228 0.275 
537    (0)   :  0.064 0.367 0.388 0.181 
538    (0)   :  0.101 0.261 0.310 0.328 
539    (0)   :  0.037 0.050 0.815 0.099 
540    (0)   :  0.130 0.212 0.354 0.303 
541    (0)   :  0.114 0.065 0.599 0.222 
542    (0)   :  0.163 0.631 0.062 0.144 
543    (0)   :  0.058 0.383 0.198 0.361 
544    (0)   :  0.090 0.609 0.107 0.195 
545    (0)   :  0.105 0.733 0.037 0.125 
546    (0)   :  0.089 0.381 0.224 0.306 
547    (0)   :  0.045 0.741 0.096 0.119 
548    (0)   :  0.059 0.046 0.445 0.450 
549    (0)   :  0.181 0.267 0.443 0.109 
550    (0)   :  0.225 0.534 0.062 0.179 
551    (0)   :  0.081 0.064 0.667 0.188 
552    (0)   :  0.089 0.270 0.385 0.256 
553    (0)   :  0.030 0.706 0.140 0.124 
554    (0)   :  0.231 0.083 0.204 0.482 
555    (0)   :  0.061 0.235 0.465 0.240 
556    (0)   :  0.082 0.333 0.243 0.343 
557    (0)   :  0.240 0.484 0.090 0.185 
558    (0)   :  0.836 0.012 0.030 0.121 
559    (0)   :  0.066 0.045 0.058 0.831 
560    (0)   :  0.481 0.027 0.026 0.466 
561    (0)   :  0.235 0.044 0.034 0.687 
562    (0)   :  0.156 0.058 0.026 0.760 
563    (0)   :  0.106 0.055 0.145 0.694 
564    (0)   :  0.072 0.098 0.075 0.755 
565    (0)   :  0.822 0.017 0.036 0.125 
566    (0)   :  0.309 0.024 0.026 0.640 
567    (0)   :  0.056 0.033 0.045 0.867 
568    (0)   :  0.156 0.077 0.059 0.708 
569    (0)   :  0.370 0.141 0.060 0.429 
570    (0)   :  0.786 0.014 0.028 0.173 
571    (0)   :  0.104 0.024 0.041 0.831 
572    (0)   :  0.133 0.502 0.168 0.197 
573    (0)   :  0.172 0.081 0.071 0.675 
574    (0)   :  0.458 0.037 0.151 0.354 
575    (0)   :  0.128 0.040 0.093 0.739 
576    (0)   :  0.172 0.016 0.026 0.787 
577    (0)   :  0.356 0.028 0.128 0.488 
578    (0)   :  0.209 0.032 0.046 0.714 
579    (0)   :  0.197 0.030 0.045 0.728 
580    (0)   :  0.523 0.023 0.077 0.377 
581    (0)   :  0.513 0.023 0.056 0.409 
582    (0)   :  0.728 0.031 0.030 0.211 
583    (0)   :  0.164 0.021 0.042 0.773 
584    (0)   :  0.150 0.017 0.031 0.803 
585    (0)   :  0.269 0.024 0.038 0.669 
586    (0)   :  0.074 0.028 0.052 0.845 
587    (0)   :  0.441 0.054 0.031 0.474 
588    (0)   :  0.028 0.412 0.058 0.502 
589    (0)   :  0.657 0.077 0.033 0.234 
590    (0)   :  0.059 0.023 0.037 0.881 
591    (0)   :  0.079 0.020 0.045 0.856 
592    (0)   :  0.167 0.123 0.038 0.672 
593    (0)   :  0.229 0.041 0.075 0.655 
594    (0)   :  0.064 0.024 0.079 0.834 
595    (0)   :  0.187 0.015 0.029 0.769 
596    (0)   :  0.174 0.233 0.071 0.522 
597    (0)   :  0.067 0.081 0.180 0.672 
598    (0)   :  0.845 0.014 0.028 0.113 
599    (0)   :  0.215 0.051 0.030 0.704 
600    (0)   :  0.486 0.045 0.094 0.376 
601    (0)   :  0.431 0.037 0.030 0.502 
602    (0)   :  0.063 0.025 0.141 0.770 
603    (0)   :  0.062 0.030 0.129 0.780 
604    (0)   :  0.502 0.039 0.112 0.347 
605    (0)   :  0.174 0.056 0.053 0.717 
606    (0)   :  0.157 0.063 0.192 0.588 
607    (0)   :  0.200 0.023 0.304 0.473 
608    (0)   :  0.201 0.025 0.465 0.309 
609    (0)   :  0.406 0.041 0.071 0.482 
610    (0)   :  0.596 0.104 0.056 0.244 
611    (0)   :  0.077 0.058 0.120 0.745 
612    (0)   :  0.815 0.029 0.040 0.115 
613    (0)   :  0.247 0.067 0.076 0.611 
614    (0)   :  0.736 0.026 0.046 0.192 
615    (0)   :  0.734 0.027 0.082 0.156 
616    (0)   :  0.192 0.023 0.214 0.571 
617    (0)   :  0.336 0.053 0.046 0.565 
618    (0)   :  0.518 0.067 0.187 0.229 
619    (0)   :  0.200 0.171 0.148 0.481 
620    (0)   :  0.097 0.105 0.031 0.767 
621    (0)   :  0.161 0.014 0.042 0.783 
622    (0)   :  0.407 0.124 0.142 0.326 
623    (0)   :  0.122 0.040 0.047 0.791 
624    (0)   :  0.691 0.024 0.129 0.157 
625    (0)   :  0.464 0.021 0.157 0.358 
626    (0)   :  0.284 0.146 0.456 0.114 
627    (0)   :  0.140 0.042 0.067 0.751 
628    (0)   :  0.084 0.033 0.065 0.818 
629    (0)   :  0.145 0.022 0.082 0.751 
630    (0)   :  0.584 0.033 0.058 0.326 
631    (0)   :  0.394 0.022 0.080 0.505 
632    (0)   :  0.117 0.104 0.335 0.445 
633    (0)   :  0.389 0.025 0.128 0.457 
634    (0)   :  0.179 0.066 0.203 0.552 
635    (0)   :  0.149 0.031 0.569 0.251 
636    (0)   :  0.410 0.030 0.237 0.323 
637    (0)   :  0.152 0.265 0.121 0.462 
638    (0)   :  0.124 0.022 0.117 0.737 
639    (0)   :  0.353 0.032 0.123 0.492 
640    (0)   :  0.118 0.015 0.052 0.815 
641    (0)   :  0.161 0.026 0.076 0.737 
642    (0)   :  0.085 0.070 0.602 0.244 
643    (0)   :  0.051 0.023 0.804 0.122 
644    (0)   :  0.053 0.028 0.637 0.283 
645    (0)   :  0.307 0.046 0.540 0.107 
646    (0)   :  0.094 0.104 0.141 0.660 
647    (0)   :  0.066 0.065 0.368 0.501 
648    (0)   :  0.115 0.133 0.349 0.404 
649    (0)   :  0.047 0.312 0.206 0.435 
650    (0)   :  0.051 0.074 0.177 0.698 
651    (0)   :  0.050 0.020 0.463 0.467 
652    (0)   :  0.065 0.040 0.619 0.277 
653    (0)   :  0.090 0.083 0.423 0.404 
654    (0)   :  0.069 0.120 0.581 0.230 
655    (0)   :  0.081 0.042 0.528 0.348 
656    (0)   :  0.082 0.136 0.278 0.503 
657    (0)   :  0.243 0.030 0.195 0.531 
658    (0)   :  0.141 0.116 0.239 0.505 
659    (0)   :  0.077 0.097 0.541 0.285 
660    (0)   :  0.044 0.051 0.732 0.173 
661    (0)   :  0.080 0.187 0.581 0.151 
662    (0)   :  0.038 0.491 0.112 0.359 
663    (0)   :  0.070 0.039 0.625 0.266 
664    (0)   :  0.201 0.061 0.258 0.481 
665    (0)   :  0.047 0.336 0.159 0.458 
666    (0)   :  0.071 0.084 0.611 0.234 
667    (0)   :  0.065 0.041 0.084 0.811 
668    (0)   :  0.123 0.084 0.490 0.304 
669    (0)   :  0.058 0.086 0.358 0.498 
670    (0)   :  0.031 0.020 0.864 0.085 
671    (0)   :  0.040 0.037 0.768 0.155 
672    (0)   :  0.083 0.063 0.685 0.169 
673    (0)   :  0.033 0.012 0.887 0.068 
674    (0)   :  0.058 0.028 0.793 0.121 
675    (0)   :  0.032 0.017 0.811 0.140 
676    (0)   :  0.031 0.014 0.888 0.067 
677    (0)   :  0.027 0.083 0.815 0.075 
678    (0)   :  0.032 0.012 0.884 0.072 
679    (0)   :  0.058 0.013 0.814 0.115 
680    (0)   :  0.052 0.022 0.827 0.099 
681    (0)   :  0.137 0.324 0.311 0.229 
682    (0)   :  0.056 0.022 0.838 0.084 
683    (0)   :  0.030 0.022 0.870 0.077 
684    (0)   :  0.032 0.014 0.878 0.076 
685    (0)   :  0.028 0.016 0.893 0.064 
686    (0)   :  0.050 0.079 0.771 0.100 
687    (0)   :  0.037 0.052 0.765 0.146 
688    (0)   :  0.038 0.020 0.834 0.109 
689    (0)   :  0.029 0.014 0.891 0.066 
690    (0)   :  0.031 0.014 0.888 0.067 
691    (0)   :  0.051 0.022 0.822 0.105 
692    (0)   :  0.044 0.015 0.833 0.108 
693    (0)   :  0.050 0.018 0.819 0.112 
694    (0)   :  0.025 0.016 0.897 0.062 
695    (0)   :  0.043 0.039 0.844 0.073 
696    (0)   :  0.037 0.019 0.837 0.106 
697    (0)   :  0.030 0.018 0.882 0.070 
698    (0)   :  0.030 0.015 0.885 0.070 
699    (0)   :  0.039 0.134 0.754 0.074 
700    (0)   :  0.078 0.056 0.774 0.092 
701    (0)   :  0.067 0.033 0.772 0.128 
702    (0)   :  0.071 0.053 0.732 0.144 
703    (0)   :  0.055 0.024 0.833 0.088 
704    (0)   :  0.034 0.029 0.841 0.096 
705    (0)   :  0.072 0.336 0.441 0.151 
706    (0)   :  0.049 0.033 0.839 0.079 
707    (0)   :  0.032 0.023 0.874 0.071 
708    (0)   :  0.029 0.018 0.877 0.076 
709    (0)   :  0.034 0.044 0.855 0.067 
710    (0)   :  0.027 0.017 0.895 0.061 
711    (0)   :  0.046 0.057 0.810 0.087 
712    (0)   :  0.025 0.067 0.839 0.069 
713    (0)   :  0.035 0.022 0.842 0.101 
714    (0)   :  0.056 0.019 0.781 0.144 
715    (0)   :  0.026 0.036 0.877 0.060 
716    (0)   :  0.047 0.031 0.850 0.072 
717    (0)   :  0.027 0.021 0.892 0.060 
718    (0)   :  0.046 0.041 0.799 0.114 
719    (0)   :  0.026 0.032 0.878 0.064 
720    (0)   :  0.154 0.021 0.045 0.780 
721    (0)   :  0.165 0.031 0.625 0.180 
722    (0)   :  0.482 0.049 0.093 0.376 
723    (0)   :  0.540 0.018 0.084 0.358 
724    (0)   :  0.605 0.027 0.214 0.154 
725    (0)   :  0.117 0.041 0.262 0.581 
726    (0)   :  0.548 0.077 0.141 0.235 
727    (0)   :  0.188 0.250 0.268 0.294 
728    (0)   :  0.874 0.017 0.026 0.083 
729    (0)   :  0.844 0.015 0.029 0.112 
730    (0)   :  0.408 0.018 0.060 0.515 
731    (0)   :  0.755 0.022 0.064 0.159 
732    (0)   :  0.536 0.018 0.084 0.362 
733    (0)   :  0.813 0.013 0.040 0.134 
734    (0)   :  0.808 0.014 0.028 0.150 
735    (0)   :  0.833 0.012 0.048 0.108 
736    (0)   :  0.545 0.022 0.057 0.377 
737    (0)   :  0.465 0.058 0.062 0.415 
738    (0)   :  0.447 0.019 0.054 0.480 
739    (0)   :  0.824 0.013 0.036 0.127 
740    (0)   :  0.049 0.020 0.744 0.188 
741    (0)   :  0.099 0.039 0.563 0.298 
742    (0)   :  0.126 0.018 0.169 0.687 
743    (0)   :  0.095 0.018 0.102 0.785 
744    (0)   :  0.059 0.251 0.127 0.562 
745    (0)   :  0.090 0.044 0.040 0.826 
746    (0)   :  0.141 0.026 0.251 0.582 
747    (0)   :  0.062 0.026 0.078 0.835 
748    (0)   :  0.056 0.016 0.523 0.404 
749    (0)   :  0.073 0.054 0.198 0.676 
750    (0)   :  0.068 0.025 0.156 0.751 
751    (0)   :  0.069 0.019 0.527 0.385 
752    (0)   :  0.087 0.025 0.107 0.780 
753    (0)   :  0.179 0.030 0.285 0.506 
754    (0)   :  0.089 0.026 0.436 0.449 
755    (0)   :  0.095 0.016 0.205 0.683 
756    (0)   :  0.049 0.021 0.308 0.622 
757    (0)   :  0.068 0.018 0.158 0.757 
758    (0)   :  0.046 0.024 0.038 0.893 
759    (0)   :  0.135 0.047 0.553 0.265 
760    (0)   :  0.212 0.020 0.144 0.624 
761    (0)   :  0.380 0.022 0.373 0.226 
762    (0)   :  0.431 0.012 0.061 0.495 
763    (0)   :  0.174 0.030 0.286 0.509 
764    (0)   :  0.063 0.016 0.092 0.830 
765    (0)   :  0.335 0.017 0.096 0.552 
766    (0)   :  0.067 0.014 0.404 0.515 
767    (0)   :  0.102 0.026 0.258 0.614 
768    (0)   :  0.454 0.012 0.062 0.471 
769    (0)   :  0.444 0.024 0.264 0.267 
770    (0)   :  0.402 0.016 0.054 0.528 
771    (0)   :  0.044 0.285 0.211 0.460 
772    (0)   :  0.110 0.070 0.318 0.502 
773    (0)   :  0.058 0.015 0.115 0.812 
774    (0)   :  0.083 0.021 0.582 0.314 
775    (0)   :  0.602 0.016 0.099 0.284 
776    (0)   :  0.073 0.020 0.061 0.846 
777    (0)   :  0.105 0.077 0.136 0.683 
778    (0)   :  0.071 0.052 0.265 0.612 
779    (0)   :  0.053 0.017 0.133 0.797 
780    (0)   :  0.071 0.017 0.455 0.457 
781    (0)   :  0.049 0.122 0.373 0.456 
782    (0)   :  0.052 0.017 0.130 0.800 
783    (0)   :  0.108 0.017 0.289 0.586 
784    (0)   :  0.152 0.020 0.077 0.751 
785    (0)   :  0.070 0.022 0.158 0.750 
786    (0)   :  0.081 0.018 0.508 0.393 
787    (0)   :  0.037 0.039 0.516 0.407 
788    (0)   :  0.119 0.036 0.093 0.753 
789    (0)   :  0.149 0.016 0.085 0.749 
790    (0)   :  0.128 0.016 0.306 0.551 
791    (0)   :  0.091 0.021 0.142 0.746 
792    (0)   :  0.040 0.061 0.522 0.378 
793    (0)   :  0.166 0.087 0.501 0.247 
794    (0)   :  0.107 0.030 0.165 0.697 
795    (0)   :  0.146 0.033 0.595 0.226 
796    (0)   :  0.073 0.039 0.172 0.717 
797    (0)   :  0.064 0.049 0.732 0.155 
798    (0)   :  0.598 0.169 0.033 0.200 
799    (0)   :  0.085 0.036 0.078 0.801 
800    (0)   :  0.032 0.169 0.571 0.228 
801    (0)   :  0.612 0.122 0.067 0.198 
802    (0)   :  0.353 0.159 0.270 0.218 
803    (0)   :  0.111 0.067 0.474 0.348 
804    (0)   :  0.119 0.267 0.144 0.470 
805    (0)   :  0.046 0.026 0.811 0.117 
806    (0)   :  0.258 0.458 0.098 0.186 
807    (0)   :  0.043 0.052 0.799 0.106 
808    (0)   :  0.061 0.212 0.494 0.232 
809    (0)   :  0.117 0.711 0.053 0.120 
810    (0)   :  0.196 0.035 0.232 0.537 
811    (0)   :  0.086 0.291 0.419 0.203 
812    (0)   :  0.045 0.811 0.029 0.115 
813    (0)   :  0.615 0.109 0.038 0.238 
814    (0)   :  0.047 0.420 0.064 0.469 
815    (0)   :  0.217 0.517 0.146 0.120 
816    (0)   :  0.233 0.138 0.366 0.263 
817    (0)   :  0.350 0.153 0.276 0.221 
818    (0)   :  0.125 0.035 0.072 0.768 
819    (0)   :  0.037 0.034 0.140 0.790 
820    (0)   :  0.056 0.080 0.186 0.679 
821    (0)   :  0.126 0.015 0.091 0.769 
822    (0)   :  0.163 0.030 0.031 0.776 
823    (0)   :  0.394 0.018 0.237 0.351 
824    (0)   :  0.074 0.018 0.167 0.740 
825    (0)   :  0.213 0.027 0.060 0.700 
826    (0)   :  0.062 0.019 0.043 0.876 
827    (0)   :  0.321 0.016 0.061 0.602 
828    (0)   :  0.423 0.018 0.114 0.445 
829    (0)   :  0.510 0.057 0.102 0.330 
830    (0)   :  0.247 0.013 0.041 0.699 
831    (0)   :  0.175 0.029 0.143 0.653 
832    (0)   :  0.179 0.105 0.136 0.579 
833    (0)   :  0.391 0.058 0.165 0.387 
834    (0)   :  0.247 0.030 0.137 0.586 
835    (0)   :  0.062 0.030 0.040 0.868 
836    (0)   :  0.073 0.120 0.080 0.728 
837    (0)   :  0.375 0.032 0.299 0.295 
838    (0)   :  0.055 0.124 0.043 0.778 
839    (0)   :  0.162 0.014 0.063 0.760 
840    (0)   :  0.062 0.139 0.187 0.612 
841    (0)   :  0.049 0.066 0.106 0.778 
842    (0)   :  0.068 0.015 0.031 0.886 
843    (0)   :  0.074 0.121 0.371 0.435 
844    (0)   :  0.134 0.048 0.162 0.656 
845    (0)   :  0.075 0.013 0.042 0.870 
846    (0)   :  0.058 0.024 0.101 0.817 
847    (0)   :  0.037 0.015 0.202 0.747 
848    (0)   :  0.041 0.031 0.087 0.841 
849    (0)   :  0.088 0.018 0.059 0.835 
850    (0)   :  0.149 0.019 0.057 0.775 
851    (0)   :  0.049 0.017 0.051 0.882 
852    (0)   :  0.179 0.014 0.548 0.259 
853    (0)   :  0.183 0.035 0.049 0.733 
854    (0)   :  0.255 0.015 0.249 0.481 
855    (0)   :  0.060 0.020 0.085 0.834 
856    (0)   :  0.063 0.018 0.128 0.791 
857    (0)   :  0.082 0.140 0.063 0.715 
858    (0)   :  0.071 0.020 0.049 0.860 
859    (0)   :  0.188 0.014 0.051 0.746 
860    (0)   :  0.052 0.027 0.044 0.877 
861    (0)   :  0.042 0.075 0.442 0.441 
862    (0)   :  0.854 0.025 0.034 0.087 
863    (0)   :  0.763 0.027 0.089 0.121 
864    (0)   :  0.847 0.013 0.057 0.082 
865    (0)   :  0.815 0.018 0.026 0.140 
866    (0)   :  0.325 0.021 0.047 0.607 
867    (0)   :  0.827 0.022 0.057 0.095 
868    (0)   :  0.689 0.034 0.051 0.226 
869    (0)   :  0.361 0.018 0.052 0.570 
870    (0)   :  0.597 0.102 0.034 0.266 
871    (0)   :  0.746 0.025 0.031 0.198 
872    (0)   :  0.824 0.014 0.042 0.120 
873    (0)   :  0.833 0.017 0.046 0.104 
874    (0)   :  0.841 0.024 0.029 0.106 
875    (0)   :  0.397 0.057 0.056 0.490 
876    (0)   :  0.114 0.053 0.039 0.794 
877    (0)   :  0.863 0.015 0.039 0.083 
878    (0)   :  0.330 0.037 0.076 0.557 
879    (0)   :  0.824 0.013 0.056 0.107 
880    (0)   :  0.431 0.116 0.042 0.411 
881    (0)   :  0.799 0.017 0.052 0.132 
882    (0)   :  0.834 0.011 0.048 0.107 
883    (0)   :  0.112 0.055 0.055 0.778 
884    (0)   :  0.819 0.016 0.026 0.139 
885    (0)   :  0.534 0.153 0.081 0.232 
886    (0)   :  0.559 0.020 0.071 0.351 
887    (0)   :  0.807 0.016 0.031 0.146 
888    (0)   :  0.433 0.157 0.127 0.283 
889    (0)   :  0.839 0.020 0.026 0.115 
890    (0)   :  0.452 0.050 0.028 0.471 
891    (0)   :  0.064 0.036 0.046 0.855 
892    (0)   :  0.068 0.031 0.055 0.847 
893    (0)   :  0.121 0.148 0.078 0.653 
894    (0)   :  0.235 0.016 0.031 0.719 
895    (0)   :  0.762 0.020 0.032 0.186 
896    (0)   :  0.048 0.045 0.081 0.826 
897    (0)   :  0.049 0.025 0.048 0.878 
898    (0)   :  0.276 0.035 0.090 0.599 
899    (0)   :  0.144 0.016 0.026 0.814 
900    (0)   :  0.059 0.034 0.039 0.868 
901    (0)   :  0.075 0.020 0.042 0.863 
902    (0)   :  0.063 0.148 0.064 0.725 
903    (0)   :  0.515 0.027 0.042 0.415 
904    (0)   :  0.339 0.034 0.091 0.536 
905    (0)   :  0.516 0.015 0.031 0.438 
906    (0)   :  0.217 0.064 0.055 0.663 
907    (0)   :  0.122 0.017 0.062 0.799 
908    (0)   :  0.136 0.015 0.051 0.799 
909    (0)   :  0.203 0.110 0.060 0.627 
910    (0)   :  0.079 0.076 0.056 0.789 
911    (0)   :  0.620 0.019 0.027 0.334 
912    (0)   :  0.195 0.022 0.034 0.749 
913    (0)   :  0.293 0.035 0.029 0.643 
914    (0)   :  0.185 0.023 0.164 0.628 
915    (0)   :  0.197 0.044 0.025 0.734 
916    (0)   :  0.113 0.021 0.036 0.830 
917    (0)   :  0.151 0.028 0.037 0.783 
918    (0)   :  0.341 0.030 0.148 0.482 
919    (0)   :  0.473 0.022 0.081 0.424 
920    (0)   :  0.109 0.018 0.056 0.817 
921    (0)   :  0.086 0.255 0.303 0.356 
922    (0)   :  0.059 0.459 0.059 0.423 
923    (0)   :  0.048 0.145 0.131 0.676 
924    (0)   :  0.046 0.376 0.056 0.522 
925    (0)   :  0.067 0.275 0.102 0.556 
926    (0)   :  0.029 0.760 0.072 0.138 
927    (0)   :  0.046 0.700 0.109 0.145 
928    (0)   :  0.033 0.318 0.397 0.252 
929    (0)   :  0.034 0.677 0.052 0.237 
930    (0)   :  0.058 0.477 0.106 0.358 
931    (0)   :  0.068 0.787 0.082 0.063 
932    (0)   :  0.032 0.806 0.034 0.128 
933    (0)   :  0.042 0.186 0.579 0.194 
