

----------------------------------------------------
STRUCTURE by Pritchard, Stephens and Donnelly (2000)
     and Falush, Stephens and Pritchard (2003)
       Code by Pritchard, Falush and Hubisz
             Version 2.3.4 (Jul 2012)
----------------------------------------------------



Command line arguments:   ./structure -K 5 -D 105008 -m brooktrout/mainparams -e brooktrout/extraparams -o brooktrout/250914_output/results_K5_rep8 
Input File:    brooktrout/brooktrout.txt

Run parameters:
   8454 individuals
   5 loci
   5 populations assumed
   50000 Burn-in period
   100000 Reps
RANDOMIZE turned off


--------------------------------------------
Overall proportion of membership of the
sample in each of the 5 clusters

Inferred Clusters
  1      2      3      4      5    
0.171  0.124  0.111  0.278  0.315  

--------------------------------------------

Allele-freq. divergence among pops (Net nucleotide distance),
computed using point estimates of P.

      1       2       3       4       5      
 1      -    0.1300  0.0935  0.1267  0.0657  
 2   0.1300     -    0.1065  0.0473  0.0623  
 3   0.0935  0.1065     -    0.0766  0.0579  
 4   0.1267  0.0473  0.0766     -    0.0428  
 5   0.0657  0.0623  0.0579  0.0428     -    

Average distances (expected heterozygosity) between individuals in same cluster:
cluster  1  : 0.7301 
cluster  2  : 0.7675 
cluster  3  : 0.8088 
cluster  4  : 0.8124 
cluster  5  : 0.8230 

--------------------------------------------
Estimated Ln Prob of Data   = -178236.6
Mean value of ln likelihood = -171972.2
Variance of ln likelihood   = 12528.8

Mean value of alpha_1       = 0.1990
Mean value of alpha_2       = 0.1439
Mean value of alpha_3       = 0.1364
Mean value of alpha_4       = 0.3407
Mean value of alpha_5       = 0.3948
Allele frequencies uncorrelated


Inferred ancestry of individuals:
     (%Miss) :  Inferred clusters
  1    (0)   :  0.270 0.118 0.122 0.243 0.247 
  2    (0)   :  0.032 0.030 0.025 0.090 0.822 
  3    (0)   :  0.143 0.341 0.126 0.216 0.174 
  4    (0)   :  0.568 0.051 0.084 0.127 0.169 
  5    (0)   :  0.032 0.040 0.027 0.100 0.800 
  6    (0)   :  0.041 0.589 0.022 0.139 0.209 
  7    (0)   :  0.043 0.101 0.021 0.622 0.213 
  8    (0)   :  0.321 0.222 0.058 0.200 0.200 
  9    (0)   :  0.083 0.135 0.062 0.319 0.401 
 10    (0)   :  0.145 0.160 0.024 0.291 0.381 
 11    (0)   :  0.042 0.085 0.024 0.698 0.152 
 12    (0)   :  0.048 0.043 0.029 0.101 0.779 
 13    (0)   :  0.062 0.082 0.030 0.201 0.625 
 14    (0)   :  0.083 0.095 0.151 0.133 0.538 
 15    (0)   :  0.163 0.113 0.067 0.167 0.490 
 16    (0)   :  0.071 0.275 0.057 0.317 0.279 
 17    (0)   :  0.051 0.156 0.040 0.132 0.621 
 18    (0)   :  0.071 0.296 0.041 0.144 0.448 
 19    (0)   :  0.051 0.282 0.024 0.172 0.471 
 20    (0)   :  0.065 0.136 0.074 0.253 0.472 
 21    (0)   :  0.153 0.062 0.106 0.133 0.546 
 22    (0)   :  0.083 0.481 0.038 0.147 0.251 
 23    (0)   :  0.180 0.057 0.309 0.156 0.298 
 24    (0)   :  0.173 0.187 0.064 0.162 0.414 
 25    (0)   :  0.031 0.178 0.034 0.316 0.441 
 26    (0)   :  0.086 0.147 0.041 0.110 0.615 
 27    (0)   :  0.086 0.112 0.081 0.216 0.505 
 28    (0)   :  0.294 0.102 0.038 0.278 0.289 
 29    (0)   :  0.056 0.049 0.069 0.300 0.527 
 30    (0)   :  0.063 0.476 0.059 0.142 0.260 
 31    (0)   :  0.107 0.085 0.052 0.181 0.575 
 32    (0)   :  0.162 0.171 0.082 0.188 0.396 
 33    (0)   :  0.127 0.140 0.204 0.396 0.132 
 34    (0)   :  0.079 0.154 0.030 0.603 0.134 
 35    (0)   :  0.047 0.129 0.126 0.207 0.491 
 36    (0)   :  0.043 0.092 0.642 0.097 0.126 
 37    (0)   :  0.145 0.051 0.086 0.167 0.552 
 38    (0)   :  0.031 0.329 0.243 0.274 0.123 
 39    (0)   :  0.050 0.125 0.150 0.462 0.213 
 40    (0)   :  0.092 0.074 0.535 0.080 0.219 
 41    (0)   :  0.030 0.085 0.539 0.256 0.090 
 42    (0)   :  0.196 0.060 0.556 0.103 0.085 
 43    (0)   :  0.068 0.039 0.487 0.165 0.241 
 44    (0)   :  0.031 0.108 0.536 0.200 0.124 
 45    (0)   :  0.032 0.086 0.341 0.199 0.343 
 46    (0)   :  0.045 0.192 0.094 0.336 0.333 
 47    (0)   :  0.065 0.145 0.045 0.212 0.533 
 48    (0)   :  0.033 0.137 0.537 0.115 0.178 
 49    (0)   :  0.063 0.121 0.189 0.318 0.309 
 50    (0)   :  0.090 0.140 0.057 0.532 0.181 
 51    (0)   :  0.026 0.028 0.824 0.057 0.065 
 52    (0)   :  0.080 0.104 0.145 0.489 0.181 
 53    (0)   :  0.073 0.448 0.110 0.266 0.103 
 54    (0)   :  0.063 0.028 0.068 0.105 0.736 
 55    (0)   :  0.047 0.034 0.319 0.111 0.490 
 56    (0)   :  0.062 0.212 0.308 0.118 0.301 
 57    (0)   :  0.121 0.094 0.024 0.143 0.619 
 58    (0)   :  0.060 0.047 0.282 0.179 0.432 
 59    (0)   :  0.048 0.131 0.396 0.202 0.222 
 60    (0)   :  0.082 0.044 0.612 0.086 0.176 
 61    (0)   :  0.096 0.018 0.310 0.105 0.472 
 62    (0)   :  0.051 0.119 0.040 0.222 0.567 
 63    (0)   :  0.093 0.040 0.339 0.349 0.179 
 64    (0)   :  0.036 0.414 0.041 0.200 0.309 
 65    (0)   :  0.029 0.036 0.038 0.662 0.236 
 66    (0)   :  0.103 0.028 0.088 0.133 0.648 
 67    (0)   :  0.041 0.026 0.249 0.183 0.500 
 68    (0)   :  0.061 0.121 0.413 0.183 0.223 
 69    (0)   :  0.128 0.250 0.168 0.331 0.123 
 70    (0)   :  0.048 0.039 0.670 0.151 0.092 
 71    (0)   :  0.024 0.074 0.530 0.166 0.206 
 72    (0)   :  0.041 0.228 0.182 0.347 0.202 
 73    (0)   :  0.032 0.029 0.202 0.182 0.555 
 74    (0)   :  0.086 0.133 0.550 0.099 0.133 
 75    (0)   :  0.081 0.065 0.604 0.061 0.189 
 76    (0)   :  0.050 0.037 0.287 0.415 0.211 
 77    (0)   :  0.028 0.061 0.557 0.232 0.122 
 78    (0)   :  0.029 0.118 0.565 0.186 0.102 
 79    (0)   :  0.044 0.064 0.020 0.517 0.355 
 80    (0)   :  0.508 0.039 0.024 0.189 0.240 
 81    (0)   :  0.332 0.049 0.019 0.256 0.344 
 82    (0)   :  0.089 0.035 0.104 0.193 0.578 
 83    (0)   :  0.253 0.107 0.057 0.314 0.269 
 84    (0)   :  0.204 0.051 0.036 0.419 0.290 
 85    (0)   :  0.257 0.156 0.047 0.175 0.364 
 86    (0)   :  0.041 0.043 0.074 0.179 0.664 
 87    (0)   :  0.052 0.053 0.043 0.629 0.223 
 88    (0)   :  0.206 0.036 0.047 0.231 0.481 
 89    (0)   :  0.210 0.029 0.032 0.138 0.592 
 90    (0)   :  0.058 0.033 0.029 0.575 0.306 
 91    (0)   :  0.516 0.083 0.056 0.147 0.197 
 92    (0)   :  0.073 0.049 0.031 0.259 0.588 
 93    (0)   :  0.773 0.024 0.026 0.071 0.106 
 94    (0)   :  0.044 0.060 0.038 0.783 0.076 
 95    (0)   :  0.149 0.024 0.044 0.512 0.271 
 96    (0)   :  0.169 0.021 0.486 0.091 0.234 
 97    (0)   :  0.115 0.132 0.361 0.085 0.307 
 98    (0)   :  0.079 0.056 0.355 0.184 0.326 
 99    (0)   :  0.172 0.036 0.028 0.434 0.330 
100    (0)   :  0.483 0.021 0.042 0.065 0.389 
101    (0)   :  0.066 0.055 0.093 0.283 0.504 
102    (0)   :  0.341 0.039 0.161 0.296 0.162 
103    (0)   :  0.099 0.025 0.059 0.306 0.511 
104    (0)   :  0.071 0.027 0.048 0.668 0.186 
105    (0)   :  0.103 0.021 0.068 0.449 0.358 
106    (0)   :  0.022 0.051 0.033 0.790 0.104 
107    (0)   :  0.110 0.024 0.059 0.511 0.297 
108    (0)   :  0.036 0.135 0.408 0.101 0.320 
109    (0)   :  0.023 0.057 0.053 0.586 0.280 
110    (0)   :  0.025 0.049 0.027 0.810 0.088 
111    (0)   :  0.036 0.021 0.029 0.789 0.126 
112    (0)   :  0.026 0.024 0.039 0.827 0.084 
113    (0)   :  0.053 0.063 0.089 0.172 0.623 
114    (0)   :  0.094 0.023 0.039 0.646 0.198 
115    (0)   :  0.044 0.031 0.172 0.609 0.144 
116    (0)   :  0.025 0.068 0.146 0.529 0.231 
117    (0)   :  0.034 0.036 0.039 0.799 0.092 
118    (0)   :  0.033 0.030 0.042 0.199 0.696 
119    (0)   :  0.160 0.028 0.561 0.130 0.121 
120    (0)   :  0.049 0.030 0.077 0.628 0.216 
121    (0)   :  0.032 0.030 0.196 0.604 0.139 
122    (0)   :  0.031 0.038 0.029 0.765 0.136 
123    (0)   :  0.048 0.033 0.046 0.731 0.143 
124    (0)   :  0.033 0.060 0.091 0.691 0.125 
125    (0)   :  0.043 0.130 0.083 0.644 0.101 
126    (0)   :  0.055 0.036 0.101 0.675 0.133 
127    (0)   :  0.039 0.020 0.035 0.769 0.138 
128    (0)   :  0.035 0.024 0.043 0.201 0.699 
129    (0)   :  0.028 0.022 0.048 0.495 0.408 
130    (0)   :  0.099 0.025 0.029 0.586 0.260 
131    (0)   :  0.027 0.131 0.156 0.583 0.103 
132    (0)   :  0.025 0.035 0.032 0.724 0.183 
133    (0)   :  0.053 0.026 0.065 0.644 0.212 
134    (0)   :  0.019 0.027 0.019 0.863 0.073 
135    (0)   :  0.339 0.029 0.165 0.071 0.396 
136    (0)   :  0.670 0.037 0.024 0.050 0.220 
137    (0)   :  0.748 0.024 0.022 0.094 0.112 
138    (0)   :  0.775 0.035 0.036 0.055 0.099 
139    (0)   :  0.160 0.035 0.118 0.072 0.616 
140    (0)   :  0.473 0.042 0.090 0.176 0.218 
141    (0)   :  0.618 0.068 0.035 0.066 0.212 
142    (0)   :  0.426 0.025 0.210 0.071 0.267 
143    (0)   :  0.830 0.020 0.024 0.043 0.083 
144    (0)   :  0.759 0.021 0.025 0.089 0.106 
145    (0)   :  0.324 0.073 0.053 0.070 0.479 
146    (0)   :  0.462 0.049 0.068 0.170 0.250 
147    (0)   :  0.830 0.024 0.020 0.044 0.082 
148    (0)   :  0.523 0.037 0.070 0.109 0.260 
149    (0)   :  0.692 0.033 0.061 0.059 0.154 
150    (0)   :  0.513 0.027 0.035 0.153 0.273 
151    (0)   :  0.741 0.023 0.032 0.066 0.138 
152    (0)   :  0.432 0.068 0.133 0.087 0.279 
153    (0)   :  0.701 0.036 0.067 0.087 0.111 
154    (0)   :  0.627 0.034 0.039 0.051 0.248 
155    (0)   :  0.790 0.022 0.028 0.064 0.097 
156    (0)   :  0.620 0.018 0.144 0.085 0.133 
157    (0)   :  0.659 0.027 0.038 0.194 0.082 
158    (0)   :  0.443 0.078 0.042 0.070 0.369 
159    (0)   :  0.816 0.022 0.019 0.044 0.099 
160    (0)   :  0.766 0.023 0.020 0.045 0.147 
161    (0)   :  0.612 0.043 0.066 0.110 0.169 
162    (0)   :  0.314 0.052 0.063 0.138 0.432 
163    (0)   :  0.801 0.019 0.038 0.059 0.084 
164    (0)   :  0.321 0.037 0.032 0.111 0.499 
165    (0)   :  0.626 0.023 0.030 0.143 0.177 
166    (0)   :  0.504 0.048 0.119 0.195 0.135 
167    (0)   :  0.593 0.056 0.027 0.076 0.248 
168    (0)   :  0.670 0.066 0.073 0.076 0.116 
169    (0)   :  0.249 0.341 0.072 0.070 0.268 
170    (0)   :  0.594 0.023 0.128 0.077 0.178 
171    (0)   :  0.444 0.076 0.075 0.101 0.303 
172    (0)   :  0.429 0.106 0.260 0.066 0.140 
173    (0)   :  0.716 0.023 0.025 0.045 0.190 
174    (0)   :  0.767 0.025 0.022 0.066 0.119 
175    (0)   :  0.764 0.037 0.033 0.048 0.118 
176    (0)   :  0.760 0.021 0.025 0.089 0.105 
177    (0)   :  0.504 0.045 0.059 0.254 0.138 
178    (0)   :  0.644 0.046 0.024 0.077 0.208 
179    (0)   :  0.816 0.024 0.021 0.046 0.094 
180    (0)   :  0.575 0.058 0.052 0.106 0.209 
181    (0)   :  0.415 0.041 0.068 0.065 0.411 
182    (0)   :  0.532 0.021 0.045 0.048 0.355 
183    (0)   :  0.763 0.025 0.026 0.047 0.138 
184    (0)   :  0.033 0.044 0.028 0.079 0.816 
185    (0)   :  0.698 0.019 0.120 0.048 0.115 
186    (0)   :  0.037 0.034 0.034 0.189 0.706 
187    (0)   :  0.145 0.032 0.034 0.071 0.718 
188    (0)   :  0.028 0.027 0.031 0.162 0.752 
189    (0)   :  0.200 0.188 0.062 0.103 0.448 
190    (0)   :  0.171 0.016 0.466 0.047 0.301 
191    (0)   :  0.048 0.024 0.023 0.069 0.835 
192    (0)   :  0.186 0.032 0.040 0.135 0.608 
193    (0)   :  0.119 0.037 0.054 0.087 0.704 
194    (0)   :  0.175 0.029 0.106 0.150 0.539 
195    (0)   :  0.279 0.020 0.075 0.053 0.574 
196    (0)   :  0.131 0.023 0.281 0.073 0.493 
197    (0)   :  0.075 0.071 0.047 0.123 0.684 
198    (0)   :  0.112 0.054 0.063 0.195 0.576 
199    (0)   :  0.095 0.027 0.262 0.066 0.550 
200    (0)   :  0.099 0.045 0.157 0.086 0.613 
201    (0)   :  0.449 0.026 0.063 0.063 0.399 
202    (0)   :  0.460 0.021 0.155 0.071 0.295 
203    (0)   :  0.356 0.021 0.043 0.056 0.524 
204    (0)   :  0.092 0.017 0.061 0.054 0.776 
205    (0)   :  0.063 0.027 0.064 0.069 0.777 
206    (0)   :  0.073 0.021 0.041 0.053 0.811 
207    (0)   :  0.049 0.019 0.073 0.070 0.789 
208    (0)   :  0.203 0.021 0.088 0.064 0.624 
209    (0)   :  0.078 0.025 0.040 0.077 0.781 
210    (0)   :  0.108 0.020 0.051 0.075 0.746 
211    (0)   :  0.109 0.019 0.328 0.089 0.455 
212    (0)   :  0.487 0.037 0.074 0.068 0.334 
213    (0)   :  0.083 0.026 0.254 0.212 0.425 
214    (0)   :  0.474 0.024 0.084 0.060 0.358 
215    (0)   :  0.042 0.026 0.048 0.071 0.812 
216    (0)   :  0.046 0.055 0.039 0.101 0.760 
217    (0)   :  0.312 0.037 0.085 0.054 0.513 
218    (0)   :  0.065 0.026 0.031 0.064 0.813 
219    (0)   :  0.121 0.091 0.035 0.078 0.676 
220    (0)   :  0.051 0.019 0.031 0.062 0.837 
221    (0)   :  0.625 0.018 0.179 0.043 0.135 
222    (0)   :  0.069 0.084 0.034 0.105 0.706 
223    (0)   :  0.248 0.052 0.048 0.084 0.569 
224    (0)   :  0.202 0.022 0.044 0.057 0.675 
225    (0)   :  0.095 0.023 0.070 0.067 0.745 
226    (0)   :  0.088 0.142 0.067 0.071 0.632 
227    (0)   :  0.151 0.021 0.149 0.068 0.610 
228    (0)   :  0.243 0.019 0.145 0.053 0.540 
229    (0)   :  0.240 0.023 0.028 0.067 0.643 
230    (0)   :  0.163 0.019 0.033 0.059 0.726 
231    (0)   :  0.162 0.031 0.026 0.061 0.721 
232    (0)   :  0.171 0.035 0.103 0.124 0.568 
233    (0)   :  0.556 0.026 0.052 0.061 0.305 
234    (0)   :  0.119 0.041 0.035 0.119 0.685 
235    (0)   :  0.190 0.050 0.075 0.072 0.613 
236    (0)   :  0.281 0.033 0.049 0.074 0.562 
237    (0)   :  0.057 0.020 0.058 0.066 0.799 
238    (0)   :  0.473 0.028 0.096 0.101 0.302 
239    (0)   :  0.278 0.020 0.073 0.052 0.578 
240    (0)   :  0.474 0.027 0.097 0.099 0.303 
241    (0)   :  0.416 0.025 0.079 0.060 0.420 
242    (0)   :  0.102 0.052 0.041 0.082 0.722 
243    (0)   :  0.135 0.017 0.249 0.055 0.544 
244    (0)   :  0.266 0.020 0.042 0.057 0.615 
245    (0)   :  0.704 0.020 0.075 0.069 0.133 
246    (0)   :  0.316 0.037 0.083 0.054 0.510 
247    (0)   :  0.038 0.038 0.099 0.451 0.375 
248    (0)   :  0.035 0.025 0.053 0.088 0.799 
249    (0)   :  0.293 0.021 0.059 0.068 0.559 
250    (0)   :  0.169 0.027 0.036 0.075 0.694 
251    (0)   :  0.063 0.084 0.060 0.114 0.679 
252    (0)   :  0.150 0.028 0.058 0.072 0.692 
253    (0)   :  0.057 0.046 0.127 0.136 0.634 
254    (0)   :  0.073 0.050 0.037 0.089 0.751 
255    (0)   :  0.118 0.032 0.035 0.087 0.728 
256    (0)   :  0.206 0.026 0.104 0.065 0.599 
257    (0)   :  0.089 0.027 0.068 0.079 0.738 
258    (0)   :  0.083 0.030 0.127 0.151 0.610 
259    (0)   :  0.080 0.025 0.042 0.071 0.782 
260    (0)   :  0.208 0.069 0.037 0.107 0.579 
261    (0)   :  0.288 0.031 0.091 0.070 0.520 
262    (0)   :  0.291 0.022 0.231 0.045 0.410 
263    (0)   :  0.046 0.025 0.037 0.067 0.825 
264    (0)   :  0.029 0.244 0.043 0.182 0.502 
265    (0)   :  0.108 0.045 0.042 0.068 0.736 
266    (0)   :  0.644 0.018 0.112 0.046 0.179 
267    (0)   :  0.120 0.032 0.052 0.080 0.716 
268    (0)   :  0.129 0.022 0.290 0.072 0.486 
269    (0)   :  0.144 0.130 0.035 0.094 0.597 
270    (0)   :  0.045 0.037 0.033 0.095 0.791 
271    (0)   :  0.058 0.029 0.077 0.091 0.745 
272    (0)   :  0.065 0.093 0.128 0.074 0.640 
273    (0)   :  0.167 0.073 0.068 0.102 0.589 
274    (0)   :  0.069 0.048 0.042 0.078 0.762 
275    (0)   :  0.092 0.071 0.044 0.063 0.730 
276    (0)   :  0.053 0.074 0.190 0.078 0.605 
277    (0)   :  0.171 0.049 0.040 0.082 0.657 
278    (0)   :  0.056 0.026 0.085 0.068 0.765 
279    (0)   :  0.104 0.035 0.046 0.074 0.740 
280    (0)   :  0.090 0.088 0.068 0.078 0.675 
281    (0)   :  0.073 0.030 0.044 0.094 0.760 
282    (0)   :  0.411 0.049 0.037 0.088 0.414 
283    (0)   :  0.493 0.027 0.043 0.080 0.356 
284    (0)   :  0.199 0.032 0.085 0.137 0.547 
285    (0)   :  0.026 0.032 0.092 0.119 0.731 
286    (0)   :  0.270 0.020 0.043 0.056 0.611 
287    (0)   :  0.108 0.061 0.035 0.090 0.706 
288    (0)   :  0.056 0.077 0.051 0.066 0.750 
289    (0)   :  0.081 0.064 0.091 0.137 0.627 
290    (0)   :  0.076 0.099 0.233 0.157 0.435 
291    (0)   :  0.058 0.029 0.078 0.090 0.745 
292    (0)   :  0.132 0.073 0.158 0.073 0.565 
293    (0)   :  0.055 0.148 0.223 0.248 0.326 
294    (0)   :  0.041 0.027 0.049 0.064 0.819 
295    (0)   :  0.105 0.091 0.123 0.109 0.572 
296    (0)   :  0.053 0.022 0.046 0.068 0.812 
297    (0)   :  0.052 0.081 0.044 0.087 0.736 
298    (0)   :  0.256 0.036 0.030 0.092 0.587 
299    (0)   :  0.045 0.031 0.025 0.072 0.827 
300    (0)   :  0.037 0.027 0.049 0.073 0.814 
301    (0)   :  0.044 0.065 0.033 0.079 0.779 
302    (0)   :  0.044 0.029 0.085 0.067 0.775 
303    (0)   :  0.232 0.037 0.064 0.078 0.588 
304    (0)   :  0.322 0.079 0.038 0.158 0.404 
305    (0)   :  0.140 0.023 0.065 0.048 0.723 
306    (0)   :  0.304 0.053 0.071 0.060 0.512 
307    (0)   :  0.125 0.036 0.058 0.079 0.702 
308    (0)   :  0.288 0.032 0.090 0.070 0.521 
309    (0)   :  0.061 0.032 0.070 0.102 0.735 
310    (0)   :  0.210 0.021 0.119 0.056 0.594 
311    (0)   :  0.162 0.019 0.033 0.059 0.727 
312    (0)   :  0.055 0.018 0.053 0.082 0.791 
313    (0)   :  0.037 0.019 0.132 0.067 0.744 
314    (0)   :  0.835 0.021 0.032 0.044 0.069 
315    (0)   :  0.787 0.035 0.053 0.057 0.068 
316    (0)   :  0.775 0.054 0.034 0.060 0.077 
317    (0)   :  0.849 0.023 0.020 0.043 0.065 
318    (0)   :  0.852 0.025 0.016 0.043 0.064 
319    (0)   :  0.820 0.021 0.023 0.043 0.094 
320    (0)   :  0.836 0.021 0.033 0.043 0.068 
321    (0)   :  0.842 0.026 0.018 0.045 0.068 
322    (0)   :  0.762 0.046 0.051 0.060 0.080 
323    (0)   :  0.844 0.025 0.017 0.042 0.072 
324    (0)   :  0.843 0.026 0.019 0.044 0.068 
325    (0)   :  0.804 0.046 0.028 0.058 0.063 
326    (0)   :  0.806 0.049 0.029 0.057 0.059 
327    (0)   :  0.848 0.023 0.020 0.043 0.066 
328    (0)   :  0.780 0.041 0.041 0.061 0.078 
329    (0)   :  0.850 0.023 0.017 0.043 0.067 
330    (0)   :  0.847 0.023 0.020 0.043 0.066 
331    (0)   :  0.843 0.022 0.017 0.043 0.075 
332    (0)   :  0.787 0.064 0.028 0.058 0.063 
333    (0)   :  0.804 0.042 0.033 0.055 0.066 
334    (0)   :  0.780 0.041 0.040 0.061 0.079 
335    (0)   :  0.800 0.035 0.042 0.057 0.066 
336    (0)   :  0.837 0.029 0.024 0.044 0.067 
337    (0)   :  0.789 0.049 0.035 0.061 0.066 
338    (0)   :  0.848 0.027 0.016 0.044 0.066 
339    (0)   :  0.844 0.022 0.017 0.042 0.074 
340    (0)   :  0.849 0.020 0.018 0.041 0.072 
341    (0)   :  0.834 0.024 0.018 0.042 0.082 
342    (0)   :  0.848 0.023 0.020 0.043 0.066 
343    (0)   :  0.761 0.040 0.071 0.059 0.069 
344    (0)   :  0.854 0.022 0.016 0.042 0.065 
345    (0)   :  0.848 0.023 0.020 0.043 0.066 
346    (0)   :  0.856 0.022 0.017 0.042 0.063 
347    (0)   :  0.858 0.019 0.017 0.041 0.064 
348    (0)   :  0.759 0.029 0.086 0.056 0.069 
349    (0)   :  0.849 0.023 0.020 0.043 0.066 
350    (0)   :  0.815 0.021 0.027 0.043 0.094 
351    (0)   :  0.800 0.034 0.042 0.057 0.066 
352    (0)   :  0.797 0.041 0.041 0.058 0.064 
353    (0)   :  0.837 0.028 0.024 0.044 0.067 
354    (0)   :  0.836 0.023 0.017 0.044 0.080 
355    (0)   :  0.852 0.025 0.016 0.043 0.063 
356    (0)   :  0.730 0.029 0.112 0.056 0.073 
357    (0)   :  0.476 0.197 0.034 0.149 0.144 
358    (0)   :  0.804 0.044 0.028 0.058 0.065 
359    (0)   :  0.841 0.023 0.016 0.044 0.076 
360    (0)   :  0.857 0.022 0.017 0.042 0.062 
361    (0)   :  0.407 0.189 0.053 0.162 0.189 
362    (0)   :  0.048 0.121 0.059 0.422 0.350 
363    (0)   :  0.035 0.186 0.066 0.547 0.165 
364    (0)   :  0.177 0.246 0.044 0.114 0.419 
365    (0)   :  0.041 0.413 0.040 0.195 0.312 
366    (0)   :  0.095 0.274 0.249 0.127 0.255 
367    (0)   :  0.024 0.053 0.021 0.827 0.076 
368    (0)   :  0.042 0.045 0.023 0.338 0.553 
369    (0)   :  0.228 0.108 0.246 0.191 0.227 
370    (0)   :  0.052 0.052 0.045 0.306 0.545 
371    (0)   :  0.073 0.122 0.055 0.186 0.564 
372    (0)   :  0.066 0.049 0.046 0.141 0.698 
373    (0)   :  0.091 0.083 0.032 0.472 0.322 
374    (0)   :  0.267 0.132 0.045 0.284 0.272 
375    (0)   :  0.034 0.148 0.025 0.501 0.293 
376    (0)   :  0.027 0.624 0.025 0.243 0.080 
377    (0)   :  0.050 0.205 0.053 0.246 0.446 
378    (0)   :  0.178 0.028 0.032 0.584 0.178 
379    (0)   :  0.025 0.632 0.034 0.230 0.078 
380    (0)   :  0.090 0.579 0.081 0.076 0.174 
381    (0)   :  0.094 0.583 0.110 0.081 0.132 
382    (0)   :  0.037 0.133 0.021 0.660 0.149 
383    (0)   :  0.071 0.722 0.023 0.058 0.127 
384    (0)   :  0.079 0.464 0.030 0.166 0.262 
385    (0)   :  0.105 0.072 0.018 0.223 0.582 
386    (0)   :  0.032 0.098 0.031 0.712 0.127 
387    (0)   :  0.042 0.144 0.037 0.601 0.176 
388    (0)   :  0.170 0.097 0.028 0.233 0.471 
389    (0)   :  0.036 0.039 0.102 0.103 0.720 
390    (0)   :  0.037 0.124 0.188 0.534 0.117 
391    (0)   :  0.073 0.091 0.158 0.327 0.351 
392    (0)   :  0.088 0.320 0.034 0.325 0.233 
393    (0)   :  0.070 0.606 0.116 0.115 0.093 
394    (0)   :  0.232 0.103 0.038 0.398 0.230 
395    (0)   :  0.039 0.104 0.337 0.322 0.198 
396    (0)   :  0.026 0.100 0.024 0.580 0.270 
397    (0)   :  0.067 0.084 0.032 0.080 0.736 
398    (0)   :  0.028 0.320 0.041 0.513 0.099 
399    (0)   :  0.036 0.074 0.093 0.664 0.132 
400    (0)   :  0.056 0.126 0.035 0.657 0.126 
401    (0)   :  0.056 0.033 0.090 0.705 0.117 
402    (0)   :  0.051 0.100 0.122 0.227 0.501 
403    (0)   :  0.252 0.071 0.035 0.172 0.470 
404    (0)   :  0.074 0.142 0.044 0.374 0.366 
405    (0)   :  0.065 0.247 0.079 0.249 0.360 
406    (0)   :  0.055 0.125 0.673 0.063 0.084 
407    (0)   :  0.026 0.582 0.028 0.249 0.115 
408    (0)   :  0.024 0.024 0.140 0.630 0.182 
409    (0)   :  0.152 0.086 0.536 0.132 0.094 
410    (0)   :  0.077 0.235 0.050 0.430 0.208 
411    (0)   :  0.142 0.329 0.100 0.302 0.127 
412    (0)   :  0.039 0.057 0.023 0.480 0.402 
413    (0)   :  0.132 0.042 0.033 0.473 0.320 
414    (0)   :  0.026 0.059 0.025 0.573 0.318 
415    (0)   :  0.043 0.385 0.092 0.359 0.121 
416    (0)   :  0.087 0.096 0.063 0.488 0.267 
417    (0)   :  0.036 0.429 0.031 0.373 0.130 
418    (0)   :  0.031 0.062 0.019 0.725 0.163 
419    (0)   :  0.153 0.094 0.128 0.336 0.289 
420    (0)   :  0.033 0.032 0.203 0.633 0.098 
421    (0)   :  0.046 0.141 0.036 0.555 0.222 
422    (0)   :  0.036 0.196 0.162 0.157 0.449 
423    (0)   :  0.052 0.324 0.060 0.335 0.229 
424    (0)   :  0.056 0.053 0.126 0.667 0.099 
425    (0)   :  0.067 0.150 0.037 0.204 0.542 
426    (0)   :  0.075 0.149 0.036 0.548 0.192 
427    (0)   :  0.105 0.261 0.056 0.494 0.084 
428    (0)   :  0.097 0.294 0.157 0.127 0.326 
429    (0)   :  0.024 0.147 0.020 0.734 0.075 
430    (0)   :  0.033 0.443 0.046 0.348 0.130 
431    (0)   :  0.056 0.072 0.042 0.436 0.393 
432    (0)   :  0.046 0.050 0.028 0.378 0.497 
433    (0)   :  0.218 0.036 0.070 0.170 0.507 
434    (0)   :  0.081 0.096 0.051 0.208 0.564 
435    (0)   :  0.026 0.444 0.052 0.390 0.088 
436    (0)   :  0.050 0.482 0.062 0.348 0.058 
437    (0)   :  0.029 0.664 0.024 0.163 0.119 
438    (0)   :  0.055 0.142 0.451 0.274 0.078 
439    (0)   :  0.039 0.632 0.034 0.235 0.061 
440    (0)   :  0.022 0.627 0.035 0.252 0.065 
441    (0)   :  0.088 0.293 0.047 0.433 0.140 
442    (0)   :  0.031 0.114 0.048 0.686 0.120 
443    (0)   :  0.026 0.059 0.126 0.708 0.081 
444    (0)   :  0.032 0.232 0.071 0.556 0.110 
445    (0)   :  0.103 0.249 0.306 0.197 0.145 
446    (0)   :  0.031 0.285 0.039 0.568 0.076 
447    (0)   :  0.065 0.377 0.151 0.234 0.173 
448    (0)   :  0.033 0.399 0.041 0.361 0.166 
449    (0)   :  0.053 0.455 0.051 0.236 0.205 
450    (0)   :  0.069 0.472 0.021 0.280 0.157 
451    (0)   :  0.022 0.059 0.042 0.729 0.148 
452    (0)   :  0.054 0.511 0.022 0.288 0.124 
453    (0)   :  0.048 0.039 0.549 0.232 0.132 
454    (0)   :  0.069 0.377 0.038 0.374 0.142 
455    (0)   :  0.031 0.332 0.166 0.399 0.072 
456    (0)   :  0.028 0.257 0.139 0.474 0.102 
457    (0)   :  0.031 0.696 0.026 0.145 0.102 
458    (0)   :  0.040 0.494 0.038 0.333 0.095 
459    (0)   :  0.092 0.123 0.078 0.634 0.072 
460    (0)   :  0.031 0.119 0.037 0.751 0.062 
461    (0)   :  0.031 0.056 0.019 0.831 0.064 
462    (0)   :  0.022 0.105 0.052 0.726 0.095 
463    (0)   :  0.041 0.130 0.577 0.151 0.101 
464    (0)   :  0.029 0.085 0.076 0.736 0.074 
465    (0)   :  0.036 0.057 0.056 0.740 0.112 
466    (0)   :  0.029 0.080 0.237 0.543 0.111 
467    (0)   :  0.054 0.118 0.090 0.616 0.121 
468    (0)   :  0.030 0.668 0.085 0.127 0.091 
469    (0)   :  0.032 0.750 0.033 0.127 0.058 
470    (0)   :  0.028 0.421 0.042 0.443 0.066 
471    (0)   :  0.034 0.135 0.207 0.369 0.255 
472    (0)   :  0.039 0.118 0.096 0.559 0.188 
473    (0)   :  0.057 0.320 0.060 0.288 0.274 
474    (0)   :  0.062 0.376 0.051 0.356 0.156 
475    (0)   :  0.065 0.074 0.062 0.672 0.128 
476    (0)   :  0.040 0.424 0.049 0.413 0.074 
477    (0)   :  0.054 0.068 0.080 0.692 0.106 
478    (0)   :  0.027 0.036 0.027 0.836 0.073 
479    (0)   :  0.026 0.367 0.031 0.502 0.075 
480    (0)   :  0.030 0.723 0.021 0.162 0.065 
481    (0)   :  0.030 0.143 0.043 0.239 0.546 
482    (0)   :  0.027 0.289 0.022 0.599 0.064 
483    (0)   :  0.039 0.538 0.047 0.306 0.071 
484    (0)   :  0.040 0.291 0.278 0.273 0.117 
485    (0)   :  0.028 0.632 0.066 0.214 0.060 
486    (0)   :  0.042 0.058 0.098 0.224 0.579 
487    (0)   :  0.087 0.073 0.046 0.103 0.690 
488    (0)   :  0.057 0.038 0.032 0.177 0.697 
489    (0)   :  0.129 0.079 0.152 0.079 0.561 
490    (0)   :  0.030 0.059 0.075 0.579 0.258 
491    (0)   :  0.067 0.030 0.042 0.078 0.783 
492    (0)   :  0.219 0.036 0.099 0.257 0.390 
493    (0)   :  0.041 0.042 0.032 0.087 0.799 
494    (0)   :  0.063 0.051 0.046 0.096 0.745 
495    (0)   :  0.142 0.039 0.074 0.379 0.367 
496    (0)   :  0.281 0.044 0.144 0.153 0.378 
497    (0)   :  0.056 0.033 0.023 0.075 0.813 
498    (0)   :  0.070 0.053 0.176 0.340 0.361 
499    (0)   :  0.126 0.048 0.047 0.071 0.708 
500    (0)   :  0.042 0.104 0.031 0.091 0.733 
501    (0)   :  0.136 0.092 0.042 0.176 0.553 
502    (0)   :  0.176 0.053 0.031 0.218 0.521 
503    (0)   :  0.037 0.243 0.034 0.185 0.501 
504    (0)   :  0.042 0.032 0.071 0.524 0.331 
505    (0)   :  0.070 0.038 0.117 0.093 0.683 
506    (0)   :  0.142 0.045 0.039 0.272 0.501 
507    (0)   :  0.509 0.027 0.090 0.053 0.321 
508    (0)   :  0.446 0.024 0.166 0.061 0.304 
509    (0)   :  0.098 0.032 0.067 0.082 0.722 
510    (0)   :  0.205 0.095 0.042 0.127 0.531 
511    (0)   :  0.049 0.232 0.087 0.299 0.333 
512    (0)   :  0.033 0.228 0.027 0.428 0.283 
513    (0)   :  0.062 0.017 0.110 0.248 0.564 
514    (0)   :  0.062 0.035 0.058 0.505 0.341 
515    (0)   :  0.131 0.279 0.118 0.199 0.273 
516    (0)   :  0.052 0.031 0.106 0.321 0.491 
517    (0)   :  0.121 0.072 0.358 0.256 0.193 
518    (0)   :  0.114 0.071 0.029 0.080 0.705 
519    (0)   :  0.069 0.038 0.066 0.624 0.203 
520    (0)   :  0.193 0.152 0.417 0.073 0.165 
521    (0)   :  0.339 0.032 0.092 0.292 0.245 
522    (0)   :  0.044 0.356 0.234 0.188 0.178 
523    (0)   :  0.101 0.031 0.604 0.119 0.146 
524    (0)   :  0.073 0.344 0.161 0.162 0.259 
525    (0)   :  0.159 0.219 0.095 0.098 0.428 
526    (0)   :  0.050 0.153 0.625 0.069 0.102 
527    (0)   :  0.043 0.111 0.028 0.181 0.638 
528    (0)   :  0.479 0.029 0.077 0.103 0.312 
529    (0)   :  0.078 0.032 0.034 0.111 0.745 
530    (0)   :  0.076 0.310 0.157 0.159 0.298 
531    (0)   :  0.366 0.142 0.109 0.157 0.226 
532    (0)   :  0.221 0.065 0.055 0.133 0.525 
533    (0)   :  0.056 0.200 0.115 0.131 0.497 
534    (0)   :  0.074 0.023 0.137 0.105 0.661 
535    (0)   :  0.054 0.055 0.507 0.252 0.131 
536    (0)   :  0.132 0.138 0.275 0.171 0.284 
537    (0)   :  0.183 0.044 0.457 0.084 0.232 
538    (0)   :  0.148 0.055 0.304 0.144 0.349 
539    (0)   :  0.638 0.032 0.081 0.067 0.182 
540    (0)   :  0.172 0.106 0.212 0.126 0.384 
541    (0)   :  0.512 0.059 0.071 0.165 0.193 
542    (0)   :  0.042 0.080 0.593 0.102 0.183 
543    (0)   :  0.167 0.036 0.367 0.246 0.184 
544    (0)   :  0.067 0.050 0.592 0.109 0.182 
545    (0)   :  0.028 0.066 0.718 0.104 0.084 
546    (0)   :  0.107 0.045 0.309 0.140 0.400 
547    (0)   :  0.065 0.028 0.749 0.082 0.076 
548    (0)   :  0.168 0.027 0.036 0.075 0.694 
549    (0)   :  0.314 0.114 0.389 0.081 0.102 
550    (0)   :  0.040 0.102 0.572 0.206 0.080 
551    (0)   :  0.558 0.055 0.111 0.123 0.153 
552    (0)   :  0.122 0.050 0.181 0.080 0.567 
553    (0)   :  0.122 0.021 0.683 0.083 0.090 
554    (0)   :  0.134 0.141 0.118 0.306 0.302 
555    (0)   :  0.257 0.035 0.324 0.096 0.289 
556    (0)   :  0.084 0.040 0.297 0.114 0.465 
557    (0)   :  0.060 0.089 0.567 0.204 0.080 
558    (0)   :  0.029 0.303 0.020 0.589 0.059 
559    (0)   :  0.040 0.033 0.055 0.421 0.451 
560    (0)   :  0.020 0.080 0.036 0.789 0.076 
561    (0)   :  0.029 0.092 0.052 0.592 0.235 
562    (0)   :  0.021 0.073 0.059 0.673 0.175 
563    (0)   :  0.138 0.038 0.091 0.629 0.104 
564    (0)   :  0.044 0.064 0.107 0.206 0.579 
565    (0)   :  0.031 0.679 0.025 0.168 0.097 
566    (0)   :  0.022 0.083 0.028 0.793 0.074 
567    (0)   :  0.030 0.057 0.054 0.188 0.671 
568    (0)   :  0.045 0.053 0.086 0.599 0.216 
569    (0)   :  0.047 0.198 0.167 0.429 0.158 
570    (0)   :  0.023 0.421 0.020 0.446 0.090 
571    (0)   :  0.037 0.041 0.032 0.763 0.127 
572    (0)   :  0.117 0.090 0.496 0.136 0.162 
573    (0)   :  0.042 0.194 0.093 0.165 0.506 
574    (0)   :  0.121 0.359 0.056 0.227 0.237 
575    (0)   :  0.093 0.043 0.069 0.591 0.205 
576    (0)   :  0.022 0.066 0.021 0.789 0.102 
577    (0)   :  0.097 0.182 0.041 0.370 0.310 
578    (0)   :  0.036 0.075 0.040 0.714 0.135 
579    (0)   :  0.031 0.095 0.037 0.512 0.325 
580    (0)   :  0.060 0.303 0.032 0.367 0.238 
581    (0)   :  0.044 0.155 0.031 0.643 0.128 
582    (0)   :  0.025 0.158 0.047 0.691 0.078 
583    (0)   :  0.036 0.076 0.030 0.651 0.207 
584    (0)   :  0.026 0.072 0.023 0.756 0.124 
585    (0)   :  0.031 0.109 0.032 0.665 0.164 
586    (0)   :  0.044 0.028 0.039 0.719 0.171 
587    (0)   :  0.024 0.124 0.049 0.563 0.239 
588    (0)   :  0.029 0.018 0.132 0.069 0.753 
589    (0)   :  0.029 0.433 0.108 0.274 0.156 
590    (0)   :  0.031 0.038 0.031 0.590 0.310 
591    (0)   :  0.038 0.037 0.029 0.699 0.197 
592    (0)   :  0.030 0.068 0.141 0.534 0.227 
593    (0)   :  0.059 0.095 0.068 0.532 0.247 
594    (0)   :  0.064 0.044 0.040 0.380 0.472 
595    (0)   :  0.023 0.105 0.018 0.326 0.527 
596    (0)   :  0.052 0.193 0.201 0.174 0.380 
597    (0)   :  0.184 0.029 0.089 0.587 0.111 
598    (0)   :  0.024 0.650 0.021 0.243 0.062 
599    (0)   :  0.023 0.065 0.063 0.713 0.136 
600    (0)   :  0.070 0.212 0.060 0.381 0.277 
601    (0)   :  0.023 0.065 0.044 0.758 0.110 
602    (0)   :  0.065 0.042 0.028 0.119 0.746 
603    (0)   :  0.075 0.040 0.035 0.168 0.682 
604    (0)   :  0.060 0.380 0.048 0.134 0.377 
605    (0)   :  0.042 0.084 0.065 0.415 0.394 
606    (0)   :  0.079 0.091 0.054 0.149 0.627 
607    (0)   :  0.144 0.122 0.024 0.158 0.552 
608    (0)   :  0.415 0.095 0.033 0.241 0.217 
609    (0)   :  0.060 0.207 0.059 0.427 0.246 
610    (0)   :  0.041 0.486 0.132 0.154 0.187 
611    (0)   :  0.093 0.045 0.063 0.220 0.579 
612    (0)   :  0.038 0.619 0.057 0.176 0.109 
613    (0)   :  0.051 0.208 0.088 0.235 0.418 
614    (0)   :  0.033 0.607 0.029 0.113 0.218 
615    (0)   :  0.053 0.629 0.036 0.084 0.198 
616    (0)   :  0.104 0.104 0.026 0.183 0.584 
617    (0)   :  0.035 0.303 0.066 0.260 0.336 
618    (0)   :  0.101 0.397 0.061 0.093 0.348 
619    (0)   :  0.116 0.090 0.159 0.400 0.235 
620    (0)   :  0.021 0.042 0.104 0.587 0.246 
621    (0)   :  0.036 0.105 0.021 0.619 0.219 
622    (0)   :  0.090 0.282 0.072 0.132 0.425 
623    (0)   :  0.038 0.101 0.054 0.409 0.399 
624    (0)   :  0.116 0.516 0.035 0.174 0.159 
625    (0)   :  0.108 0.362 0.028 0.207 0.295 
626    (0)   :  0.296 0.227 0.204 0.073 0.201 
627    (0)   :  0.048 0.080 0.049 0.381 0.442 
628    (0)   :  0.047 0.063 0.036 0.341 0.513 
629    (0)   :  0.049 0.100 0.028 0.179 0.645 
630    (0)   :  0.051 0.342 0.039 0.250 0.319 
631    (0)   :  0.048 0.188 0.025 0.228 0.511 
632    (0)   :  0.146 0.058 0.076 0.098 0.623 
633    (0)   :  0.097 0.244 0.032 0.311 0.317 
634    (0)   :  0.128 0.100 0.065 0.262 0.444 
635    (0)   :  0.349 0.093 0.038 0.102 0.418 
636    (0)   :  0.226 0.220 0.037 0.254 0.262 
637    (0)   :  0.072 0.072 0.238 0.174 0.445 
638    (0)   :  0.069 0.085 0.025 0.153 0.667 
639    (0)   :  0.067 0.238 0.033 0.159 0.503 
640    (0)   :  0.049 0.058 0.021 0.657 0.214 
641    (0)   :  0.048 0.100 0.025 0.152 0.675 
642    (0)   :  0.388 0.049 0.124 0.151 0.287 
643    (0)   :  0.732 0.028 0.034 0.104 0.102 
644    (0)   :  0.516 0.032 0.037 0.149 0.266 
645    (0)   :  0.365 0.291 0.062 0.053 0.228 
646    (0)   :  0.085 0.037 0.096 0.217 0.565 
647    (0)   :  0.289 0.030 0.127 0.236 0.319 
648    (0)   :  0.199 0.068 0.088 0.080 0.565 
649    (0)   :  0.108 0.028 0.208 0.110 0.546 
650    (0)   :  0.108 0.030 0.081 0.188 0.593 
651    (0)   :  0.270 0.029 0.025 0.103 0.573 
652    (0)   :  0.490 0.032 0.042 0.120 0.316 
653    (0)   :  0.222 0.053 0.089 0.082 0.555 
654    (0)   :  0.341 0.036 0.187 0.091 0.344 
655    (0)   :  0.502 0.028 0.053 0.297 0.120 
656    (0)   :  0.120 0.042 0.085 0.099 0.654 
657    (0)   :  0.129 0.108 0.035 0.146 0.582 
658    (0)   :  0.187 0.053 0.143 0.404 0.213 
659    (0)   :  0.398 0.052 0.103 0.106 0.342 
660    (0)   :  0.437 0.031 0.085 0.088 0.359 
661    (0)   :  0.517 0.046 0.159 0.093 0.184 
662    (0)   :  0.072 0.023 0.362 0.108 0.435 
663    (0)   :  0.338 0.039 0.041 0.100 0.482 
664    (0)   :  0.203 0.051 0.090 0.508 0.148 
665    (0)   :  0.081 0.027 0.163 0.096 0.634 
666    (0)   :  0.327 0.041 0.110 0.117 0.405 
667    (0)   :  0.067 0.035 0.050 0.209 0.639 
668    (0)   :  0.398 0.050 0.090 0.188 0.274 
669    (0)   :  0.127 0.030 0.063 0.082 0.699 
670    (0)   :  0.728 0.024 0.034 0.052 0.163 
671    (0)   :  0.530 0.025 0.063 0.088 0.294 
672    (0)   :  0.645 0.037 0.097 0.159 0.063 
673    (0)   :  0.833 0.026 0.018 0.044 0.079 
674    (0)   :  0.574 0.047 0.044 0.074 0.261 
675    (0)   :  0.758 0.021 0.025 0.089 0.107 
676    (0)   :  0.839 0.023 0.020 0.045 0.073 
677    (0)   :  0.636 0.020 0.159 0.048 0.137 
678    (0)   :  0.836 0.028 0.016 0.047 0.073 
679    (0)   :  0.659 0.054 0.019 0.072 0.195 
680    (0)   :  0.718 0.038 0.032 0.059 0.153 
681    (0)   :  0.201 0.102 0.362 0.094 0.241 
682    (0)   :  0.769 0.040 0.034 0.062 0.094 
683    (0)   :  0.766 0.023 0.039 0.051 0.122 
684    (0)   :  0.826 0.026 0.021 0.048 0.079 
685    (0)   :  0.842 0.021 0.022 0.043 0.072 
686    (0)   :  0.546 0.039 0.169 0.066 0.181 
687    (0)   :  0.530 0.025 0.083 0.080 0.282 
688    (0)   :  0.756 0.025 0.031 0.071 0.117 
689    (0)   :  0.835 0.022 0.020 0.041 0.081 
690    (0)   :  0.838 0.023 0.021 0.045 0.073 
691    (0)   :  0.681 0.048 0.035 0.069 0.167 
692    (0)   :  0.753 0.032 0.021 0.068 0.125 
693    (0)   :  0.770 0.027 0.026 0.094 0.083 
694    (0)   :  0.849 0.019 0.024 0.040 0.068 
695    (0)   :  0.781 0.034 0.069 0.055 0.061 
696    (0)   :  0.757 0.024 0.030 0.072 0.117 
697    (0)   :  0.808 0.022 0.026 0.044 0.099 
698    (0)   :  0.825 0.023 0.021 0.045 0.086 
699    (0)   :  0.628 0.028 0.214 0.053 0.077 
700    (0)   :  0.717 0.024 0.079 0.100 0.079 
701    (0)   :  0.649 0.057 0.053 0.066 0.175 
702    (0)   :  0.607 0.041 0.089 0.105 0.158 
703    (0)   :  0.740 0.042 0.038 0.061 0.119 
704    (0)   :  0.759 0.022 0.043 0.067 0.109 
705    (0)   :  0.311 0.050 0.362 0.082 0.195 
706    (0)   :  0.752 0.035 0.057 0.055 0.102 
707    (0)   :  0.790 0.025 0.036 0.044 0.105 
708    (0)   :  0.801 0.021 0.026 0.045 0.106 
709    (0)   :  0.791 0.021 0.071 0.052 0.065 
710    (0)   :  0.848 0.020 0.027 0.042 0.063 
711    (0)   :  0.658 0.033 0.090 0.057 0.163 
712    (0)   :  0.727 0.018 0.106 0.042 0.106 
713    (0)   :  0.767 0.021 0.033 0.067 0.112 
714    (0)   :  0.563 0.045 0.028 0.074 0.289 
715    (0)   :  0.806 0.019 0.058 0.042 0.075 
716    (0)   :  0.781 0.034 0.054 0.056 0.075 
717    (0)   :  0.841 0.019 0.033 0.042 0.065 
718    (0)   :  0.575 0.034 0.061 0.060 0.270 
719    (0)   :  0.815 0.019 0.049 0.046 0.071 
720    (0)   :  0.036 0.111 0.027 0.451 0.375 
721    (0)   :  0.504 0.133 0.049 0.119 0.195 
722    (0)   :  0.072 0.345 0.069 0.280 0.234 
723    (0)   :  0.058 0.424 0.022 0.165 0.330 
724    (0)   :  0.180 0.406 0.030 0.219 0.165 
725    (0)   :  0.161 0.052 0.039 0.200 0.548 
726    (0)   :  0.103 0.358 0.069 0.210 0.260 
727    (0)   :  0.179 0.130 0.264 0.153 0.274 
728    (0)   :  0.021 0.832 0.020 0.065 0.062 
729    (0)   :  0.023 0.768 0.019 0.109 0.081 
730    (0)   :  0.037 0.279 0.024 0.277 0.383 
731    (0)   :  0.058 0.501 0.037 0.264 0.140 
732    (0)   :  0.059 0.419 0.023 0.165 0.334 
733    (0)   :  0.034 0.698 0.019 0.133 0.116 
734    (0)   :  0.024 0.552 0.022 0.309 0.093 
735    (0)   :  0.037 0.774 0.016 0.082 0.092 
736    (0)   :  0.047 0.294 0.031 0.500 0.128 
737    (0)   :  0.046 0.415 0.067 0.201 0.271 
738    (0)   :  0.040 0.290 0.025 0.277 0.368 
739    (0)   :  0.031 0.719 0.019 0.132 0.099 
740    (0)   :  0.444 0.038 0.029 0.058 0.431 
741    (0)   :  0.415 0.066 0.064 0.111 0.345 
742    (0)   :  0.149 0.047 0.023 0.667 0.114 
743    (0)   :  0.054 0.045 0.023 0.160 0.718 
744    (0)   :  0.061 0.032 0.299 0.249 0.360 
745    (0)   :  0.031 0.040 0.068 0.593 0.268 
746    (0)   :  0.141 0.095 0.031 0.160 0.572 
747    (0)   :  0.061 0.036 0.037 0.267 0.598 
748    (0)   :  0.398 0.029 0.024 0.229 0.321 
749    (0)   :  0.072 0.040 0.052 0.146 0.690 
750    (0)   :  0.053 0.038 0.028 0.148 0.734 
751    (0)   :  0.406 0.036 0.023 0.204 0.331 
752    (0)   :  0.062 0.051 0.032 0.205 0.650 
753    (0)   :  0.101 0.090 0.032 0.127 0.650 
754    (0)   :  0.365 0.059 0.037 0.152 0.387 
755    (0)   :  0.090 0.057 0.020 0.121 0.712 
756    (0)   :  0.207 0.025 0.028 0.461 0.280 
757    (0)   :  0.120 0.037 0.030 0.340 0.473 
758    (0)   :  0.031 0.032 0.042 0.421 0.473 
759    (0)   :  0.379 0.091 0.088 0.127 0.315 
760    (0)   :  0.074 0.098 0.026 0.195 0.608 
761    (0)   :  0.183 0.219 0.029 0.122 0.446 
762    (0)   :  0.045 0.189 0.018 0.410 0.339 
763    (0)   :  0.100 0.089 0.031 0.126 0.654 
764    (0)   :  0.060 0.037 0.022 0.249 0.631 
765    (0)   :  0.042 0.157 0.021 0.189 0.590 
766    (0)   :  0.271 0.037 0.020 0.242 0.430 
767    (0)   :  0.232 0.035 0.036 0.458 0.239 
768    (0)   :  0.045 0.240 0.018 0.354 0.343 
769    (0)   :  0.214 0.252 0.037 0.255 0.243 
770    (0)   :  0.049 0.125 0.023 0.582 0.221 
771    (0)   :  0.079 0.025 0.232 0.091 0.573 
772    (0)   :  0.248 0.043 0.116 0.369 0.224 
773    (0)   :  0.060 0.035 0.021 0.169 0.716 
774    (0)   :  0.241 0.043 0.029 0.087 0.600 
775    (0)   :  0.109 0.253 0.025 0.436 0.176 
776    (0)   :  0.051 0.035 0.032 0.649 0.233 
777    (0)   :  0.086 0.050 0.085 0.235 0.545 
778    (0)   :  0.137 0.034 0.069 0.165 0.596 
779    (0)   :  0.086 0.032 0.024 0.180 0.678 
780    (0)   :  0.309 0.038 0.021 0.172 0.461 
781    (0)   :  0.075 0.025 0.060 0.061 0.778 
782    (0)   :  0.086 0.032 0.024 0.182 0.676 
783    (0)   :  0.233 0.057 0.023 0.327 0.361 
784    (0)   :  0.086 0.052 0.030 0.595 0.238 
785    (0)   :  0.140 0.043 0.031 0.259 0.527 
786    (0)   :  0.411 0.040 0.027 0.251 0.271 
787    (0)   :  0.303 0.022 0.063 0.138 0.475 
788    (0)   :  0.083 0.066 0.070 0.420 0.360 
789    (0)   :  0.102 0.043 0.025 0.630 0.200 
790    (0)   :  0.158 0.082 0.021 0.147 0.593 
791    (0)   :  0.150 0.044 0.039 0.512 0.255 
792    (0)   :  0.307 0.022 0.074 0.103 0.493 
793    (0)   :  0.249 0.100 0.113 0.101 0.436 
794    (0)   :  0.153 0.060 0.049 0.381 0.358 
795    (0)   :  0.415 0.102 0.043 0.105 0.335 
796    (0)   :  0.184 0.028 0.064 0.586 0.138 
797    (0)   :  0.479 0.053 0.087 0.084 0.297 
798    (0)   :  0.027 0.245 0.248 0.376 0.104 
799    (0)   :  0.066 0.031 0.051 0.666 0.186 
800    (0)   :  0.393 0.021 0.288 0.131 0.168 
801    (0)   :  0.052 0.155 0.199 0.483 0.111 
802    (0)   :  0.233 0.081 0.181 0.286 0.220 
803    (0)   :  0.219 0.054 0.102 0.120 0.506 
804    (0)   :  0.099 0.047 0.231 0.256 0.366 
805    (0)   :  0.752 0.023 0.041 0.095 0.089 
806    (0)   :  0.077 0.138 0.432 0.155 0.198 
807    (0)   :  0.503 0.039 0.092 0.057 0.309 
808    (0)   :  0.361 0.041 0.216 0.105 0.277 
809    (0)   :  0.033 0.051 0.722 0.106 0.088 
810    (0)   :  0.155 0.155 0.049 0.208 0.433 
