

----------------------------------------------------
STRUCTURE by Pritchard, Stephens and Donnelly (2000)
     and Falush, Stephens and Pritchard (2003)
       Code by Pritchard, Falush and Hubisz
             Version 2.3.4 (Jul 2012)
----------------------------------------------------



Command line arguments:   ./structure -K 4 -D 104006 -m brooktrout/mainparams -e brooktrout/extraparams -o brooktrout/250914_output/results_K4_rep6 
Input File:    brooktrout/brooktrout.txt

Run parameters:
   8454 individuals
   5 loci
   4 populations assumed
   50000 Burn-in period
   100000 Reps
RANDOMIZE turned off


--------------------------------------------
Overall proportion of membership of the
sample in each of the 4 clusters

Inferred Clusters
  1      2      3      4    
0.374  0.137  0.216  0.273  

--------------------------------------------

Allele-freq. divergence among pops (Net nucleotide distance),
computed using point estimates of P.

      1       2       3       4      
 1      -    0.0518  0.0821  0.0316  
 2   0.0518     -    0.0699  0.0779  
 3   0.0821  0.0699     -    0.1047  
 4   0.0316  0.0779  0.1047     -    

Average distances (expected heterozygosity) between individuals in same cluster:
cluster  1  : 0.8344 
cluster  2  : 0.8151 
cluster  3  : 0.7460 
cluster  4  : 0.8016 

--------------------------------------------
Estimated Ln Prob of Data   = -181337.8
Mean value of ln likelihood = -173323.7
Variance of ln likelihood   = 16028.1

Mean value of alpha_1       = 0.3412
Mean value of alpha_2       = 0.1237
Mean value of alpha_3       = 0.2008
Mean value of alpha_4       = 0.2537
Allele frequencies uncorrelated


Inferred ancestry of individuals:
     (%Miss) :  Inferred clusters
  1    (0)   :  0.259 0.108 0.278 0.354 
  2    (0)   :  0.761 0.106 0.057 0.076 
  3    (0)   :  0.146 0.097 0.180 0.577 
  4    (0)   :  0.192 0.064 0.676 0.068 
  5    (0)   :  0.788 0.068 0.052 0.092 
  6    (0)   :  0.125 0.027 0.048 0.800 
  7    (0)   :  0.747 0.019 0.046 0.188 
  8    (0)   :  0.274 0.040 0.365 0.321 
  9    (0)   :  0.393 0.099 0.116 0.393 
 10    (0)   :  0.401 0.022 0.173 0.404 
 11    (0)   :  0.650 0.022 0.047 0.281 
 12    (0)   :  0.702 0.092 0.094 0.113 
 13    (0)   :  0.678 0.045 0.094 0.183 
 14    (0)   :  0.380 0.296 0.143 0.180 
 15    (0)   :  0.555 0.076 0.227 0.142 
 16    (0)   :  0.228 0.038 0.078 0.656 
 17    (0)   :  0.529 0.062 0.080 0.329 
 18    (0)   :  0.249 0.097 0.151 0.503 
 19    (0)   :  0.312 0.035 0.069 0.585 
 20    (0)   :  0.665 0.077 0.073 0.184 
 21    (0)   :  0.275 0.200 0.287 0.238 
 22    (0)   :  0.130 0.036 0.091 0.743 
 23    (0)   :  0.349 0.323 0.233 0.095 
 24    (0)   :  0.214 0.059 0.248 0.479 
 25    (0)   :  0.730 0.033 0.037 0.200 
 26    (0)   :  0.381 0.090 0.158 0.371 
 27    (0)   :  0.448 0.083 0.125 0.343 
 28    (0)   :  0.376 0.043 0.336 0.244 
 29    (0)   :  0.721 0.077 0.071 0.131 
 30    (0)   :  0.111 0.061 0.068 0.759 
 31    (0)   :  0.545 0.078 0.161 0.216 
 32    (0)   :  0.385 0.122 0.209 0.284 
 33    (0)   :  0.191 0.125 0.178 0.505 
 34    (0)   :  0.396 0.023 0.071 0.510 
 35    (0)   :  0.254 0.239 0.063 0.444 
 36    (0)   :  0.092 0.476 0.059 0.373 
 37    (0)   :  0.434 0.123 0.274 0.169 
 38    (0)   :  0.117 0.108 0.034 0.742 
 39    (0)   :  0.217 0.120 0.061 0.602 
 40    (0)   :  0.112 0.573 0.154 0.161 
 41    (0)   :  0.115 0.422 0.053 0.411 
 42    (0)   :  0.109 0.276 0.394 0.221 
 43    (0)   :  0.279 0.482 0.121 0.118 
 44    (0)   :  0.106 0.577 0.037 0.280 
 45    (0)   :  0.191 0.368 0.039 0.402 
 46    (0)   :  0.276 0.103 0.048 0.573 
 47    (0)   :  0.297 0.084 0.097 0.522 
 48    (0)   :  0.080 0.628 0.036 0.257 
 49    (0)   :  0.307 0.178 0.082 0.433 
 50    (0)   :  0.256 0.064 0.110 0.571 
 51    (0)   :  0.058 0.822 0.033 0.087 
 52    (0)   :  0.214 0.087 0.073 0.625 
 53    (0)   :  0.095 0.055 0.073 0.778 
 54    (0)   :  0.484 0.260 0.113 0.143 
 55    (0)   :  0.241 0.594 0.057 0.108 
 56    (0)   :  0.125 0.410 0.081 0.384 
 57    (0)   :  0.437 0.028 0.215 0.319 
 58    (0)   :  0.263 0.424 0.078 0.235 
 59    (0)   :  0.206 0.263 0.060 0.472 
 60    (0)   :  0.107 0.631 0.131 0.130 
 61    (0)   :  0.145 0.718 0.090 0.047 
 62    (0)   :  0.448 0.076 0.069 0.407 
 63    (0)   :  0.356 0.314 0.129 0.202 
 64    (0)   :  0.159 0.052 0.043 0.745 
 65    (0)   :  0.755 0.047 0.031 0.166 
 66    (0)   :  0.416 0.296 0.201 0.087 
 67    (0)   :  0.347 0.497 0.050 0.106 
 68    (0)   :  0.209 0.251 0.081 0.459 
 69    (0)   :  0.206 0.093 0.152 0.550 
 70    (0)   :  0.198 0.509 0.083 0.210 
 71    (0)   :  0.178 0.474 0.031 0.317 
 72    (0)   :  0.151 0.140 0.049 0.660 
 73    (0)   :  0.373 0.470 0.041 0.116 
 74    (0)   :  0.094 0.352 0.120 0.434 
 75    (0)   :  0.086 0.598 0.157 0.159 
 76    (0)   :  0.441 0.316 0.063 0.180 
 77    (0)   :  0.160 0.459 0.043 0.339 
 78    (0)   :  0.112 0.416 0.046 0.426 
 79    (0)   :  0.757 0.023 0.050 0.170 
 80    (0)   :  0.224 0.039 0.619 0.118 
 81    (0)   :  0.335 0.035 0.454 0.177 
 82    (0)   :  0.678 0.110 0.131 0.081 
 83    (0)   :  0.304 0.095 0.326 0.274 
 84    (0)   :  0.486 0.053 0.263 0.197 
 85    (0)   :  0.260 0.069 0.404 0.267 
 86    (0)   :  0.496 0.221 0.057 0.226 
 87    (0)   :  0.733 0.045 0.059 0.164 
 88    (0)   :  0.610 0.049 0.260 0.081 
 89    (0)   :  0.387 0.063 0.455 0.095 
 90    (0)   :  0.829 0.027 0.056 0.088 
 91    (0)   :  0.172 0.063 0.619 0.146 
 92    (0)   :  0.742 0.037 0.101 0.120 
 93    (0)   :  0.081 0.026 0.840 0.052 
 94    (0)   :  0.286 0.034 0.050 0.630 
 95    (0)   :  0.778 0.034 0.123 0.065 
 96    (0)   :  0.149 0.619 0.178 0.054 
 97    (0)   :  0.136 0.371 0.206 0.287 
 98    (0)   :  0.211 0.509 0.097 0.183 
 99    (0)   :  0.584 0.044 0.226 0.146 
100    (0)   :  0.137 0.102 0.712 0.049 
101    (0)   :  0.704 0.089 0.098 0.108 
102    (0)   :  0.339 0.124 0.394 0.144 
103    (0)   :  0.546 0.221 0.170 0.063 
104    (0)   :  0.774 0.063 0.073 0.090 
105    (0)   :  0.756 0.069 0.123 0.051 
106    (0)   :  0.496 0.042 0.025 0.437 
107    (0)   :  0.677 0.118 0.129 0.076 
108    (0)   :  0.134 0.725 0.035 0.106 
109    (0)   :  0.656 0.055 0.026 0.262 
110    (0)   :  0.534 0.030 0.033 0.404 
111    (0)   :  0.871 0.031 0.034 0.065 
112    (0)   :  0.705 0.038 0.028 0.229 
113    (0)   :  0.413 0.302 0.089 0.196 
114    (0)   :  0.779 0.047 0.092 0.081 
115    (0)   :  0.749 0.127 0.046 0.078 
116    (0)   :  0.437 0.143 0.028 0.392 
117    (0)   :  0.680 0.042 0.043 0.235 
118    (0)   :  0.751 0.129 0.041 0.079 
119    (0)   :  0.151 0.587 0.177 0.086 
120    (0)   :  0.804 0.055 0.045 0.096 
121    (0)   :  0.716 0.149 0.040 0.096 
122    (0)   :  0.569 0.039 0.036 0.356 
123    (0)   :  0.723 0.057 0.052 0.169 
124    (0)   :  0.414 0.102 0.041 0.444 
125    (0)   :  0.262 0.062 0.049 0.627 
126    (0)   :  0.445 0.143 0.064 0.349 
127    (0)   :  0.854 0.037 0.038 0.071 
128    (0)   :  0.783 0.110 0.042 0.065 
129    (0)   :  0.860 0.057 0.033 0.050 
130    (0)   :  0.748 0.053 0.109 0.090 
131    (0)   :  0.358 0.128 0.037 0.477 
132    (0)   :  0.687 0.063 0.030 0.220 
133    (0)   :  0.786 0.077 0.052 0.085 
134    (0)   :  0.617 0.023 0.022 0.338 
135    (0)   :  0.158 0.199 0.576 0.067 
136    (0)   :  0.079 0.025 0.840 0.056 
137    (0)   :  0.118 0.022 0.811 0.049 
138    (0)   :  0.058 0.032 0.849 0.060 
139    (0)   :  0.144 0.487 0.285 0.084 
140    (0)   :  0.198 0.102 0.549 0.152 
141    (0)   :  0.088 0.037 0.771 0.104 
142    (0)   :  0.121 0.260 0.560 0.059 
143    (0)   :  0.054 0.025 0.883 0.038 
144    (0)   :  0.117 0.024 0.814 0.044 
145    (0)   :  0.136 0.059 0.672 0.134 
146    (0)   :  0.259 0.058 0.553 0.130 
147    (0)   :  0.055 0.019 0.884 0.042 
148    (0)   :  0.187 0.075 0.662 0.077 
149    (0)   :  0.070 0.059 0.801 0.069 
150    (0)   :  0.240 0.038 0.656 0.066 
151    (0)   :  0.088 0.031 0.833 0.048 
152    (0)   :  0.166 0.130 0.598 0.106 
153    (0)   :  0.081 0.051 0.780 0.087 
154    (0)   :  0.093 0.043 0.809 0.055 
155    (0)   :  0.075 0.027 0.853 0.045 
156    (0)   :  0.115 0.148 0.694 0.044 
157    (0)   :  0.178 0.032 0.700 0.090 
158    (0)   :  0.114 0.039 0.719 0.128 
159    (0)   :  0.060 0.021 0.879 0.040 
160    (0)   :  0.066 0.023 0.871 0.041 
161    (0)   :  0.114 0.049 0.734 0.102 
162    (0)   :  0.302 0.077 0.472 0.149 
163    (0)   :  0.067 0.037 0.854 0.042 
164    (0)   :  0.383 0.047 0.481 0.089 
165    (0)   :  0.203 0.031 0.709 0.057 
166    (0)   :  0.207 0.091 0.577 0.125 
167    (0)   :  0.198 0.028 0.698 0.076 
168    (0)   :  0.080 0.058 0.757 0.105 
169    (0)   :  0.111 0.052 0.376 0.460 
170    (0)   :  0.104 0.122 0.723 0.051 
171    (0)   :  0.186 0.071 0.642 0.102 
172    (0)   :  0.068 0.171 0.537 0.225 
173    (0)   :  0.069 0.032 0.857 0.041 
174    (0)   :  0.082 0.023 0.845 0.051 
175    (0)   :  0.064 0.031 0.851 0.054 
176    (0)   :  0.117 0.024 0.815 0.044 
177    (0)   :  0.218 0.043 0.562 0.178 
178    (0)   :  0.110 0.027 0.787 0.076 
179    (0)   :  0.056 0.023 0.880 0.041 
180    (0)   :  0.167 0.051 0.662 0.120 
181    (0)   :  0.106 0.079 0.733 0.081 
182    (0)   :  0.101 0.049 0.811 0.039 
183    (0)   :  0.063 0.029 0.863 0.044 
184    (0)   :  0.487 0.270 0.063 0.180 
185    (0)   :  0.067 0.171 0.723 0.039 
186    (0)   :  0.713 0.105 0.054 0.127 
187    (0)   :  0.258 0.351 0.298 0.093 
188    (0)   :  0.697 0.168 0.039 0.096 
189    (0)   :  0.140 0.201 0.288 0.371 
190    (0)   :  0.067 0.765 0.138 0.030 
191    (0)   :  0.457 0.352 0.117 0.075 
192    (0)   :  0.392 0.217 0.289 0.102 
193    (0)   :  0.312 0.319 0.237 0.132 
194    (0)   :  0.455 0.220 0.244 0.082 
195    (0)   :  0.087 0.431 0.442 0.040 
196    (0)   :  0.112 0.716 0.126 0.046 
197    (0)   :  0.443 0.165 0.142 0.249 
198    (0)   :  0.377 0.217 0.182 0.223 
199    (0)   :  0.163 0.635 0.147 0.056 
200    (0)   :  0.155 0.622 0.108 0.114 
201    (0)   :  0.109 0.264 0.573 0.054 
202    (0)   :  0.135 0.250 0.575 0.040 
203    (0)   :  0.127 0.303 0.525 0.045 
204    (0)   :  0.151 0.591 0.218 0.039 
205    (0)   :  0.195 0.636 0.094 0.075 
206    (0)   :  0.224 0.492 0.235 0.049 
207    (0)   :  0.359 0.511 0.086 0.045 
208    (0)   :  0.139 0.584 0.230 0.047 
209    (0)   :  0.363 0.388 0.159 0.089 
210    (0)   :  0.212 0.510 0.228 0.050 
211    (0)   :  0.359 0.465 0.137 0.039 
212    (0)   :  0.099 0.153 0.676 0.073 
213    (0)   :  0.352 0.445 0.104 0.098 
214    (0)   :  0.110 0.273 0.568 0.050 
215    (0)   :  0.256 0.622 0.060 0.062 
216    (0)   :  0.558 0.185 0.089 0.168 
217    (0)   :  0.091 0.437 0.407 0.065 
218    (0)   :  0.295 0.459 0.156 0.090 
219    (0)   :  0.273 0.133 0.292 0.301 
220    (0)   :  0.294 0.558 0.101 0.046 
221    (0)   :  0.059 0.247 0.659 0.035 
222    (0)   :  0.428 0.138 0.151 0.283 
223    (0)   :  0.215 0.239 0.420 0.127 
224    (0)   :  0.196 0.297 0.456 0.051 
225    (0)   :  0.196 0.578 0.166 0.060 
226    (0)   :  0.147 0.515 0.136 0.202 
227    (0)   :  0.196 0.504 0.254 0.047 
228    (0)   :  0.083 0.558 0.322 0.037 
229    (0)   :  0.213 0.252 0.472 0.063 
230    (0)   :  0.229 0.388 0.334 0.049 
231    (0)   :  0.231 0.222 0.454 0.093 
232    (0)   :  0.303 0.251 0.313 0.133 
233    (0)   :  0.107 0.164 0.677 0.052 
234    (0)   :  0.397 0.195 0.255 0.153 
235    (0)   :  0.147 0.455 0.277 0.121 
236    (0)   :  0.204 0.304 0.409 0.084 
237    (0)   :  0.397 0.405 0.143 0.055 
238    (0)   :  0.147 0.234 0.555 0.065 
239    (0)   :  0.086 0.429 0.445 0.040 
240    (0)   :  0.149 0.226 0.559 0.065 
241    (0)   :  0.111 0.159 0.677 0.054 
242    (0)   :  0.201 0.391 0.235 0.173 
243    (0)   :  0.092 0.739 0.134 0.035 
244    (0)   :  0.140 0.356 0.457 0.046 
245    (0)   :  0.081 0.112 0.762 0.045 
246    (0)   :  0.090 0.427 0.417 0.066 
247    (0)   :  0.555 0.237 0.046 0.162 
248    (0)   :  0.481 0.410 0.050 0.058 
249    (0)   :  0.176 0.352 0.417 0.054 
250    (0)   :  0.309 0.307 0.303 0.082 
251    (0)   :  0.290 0.391 0.102 0.217 
252    (0)   :  0.191 0.448 0.277 0.084 
253    (0)   :  0.413 0.379 0.088 0.120 
254    (0)   :  0.413 0.227 0.174 0.186 
255    (0)   :  0.334 0.274 0.258 0.134 
256    (0)   :  0.144 0.454 0.342 0.061 
257    (0)   :  0.316 0.443 0.179 0.063 
258    (0)   :  0.317 0.486 0.099 0.098 
259    (0)   :  0.505 0.281 0.150 0.064 
260    (0)   :  0.328 0.109 0.363 0.200 
261    (0)   :  0.128 0.425 0.371 0.076 
262    (0)   :  0.065 0.595 0.300 0.040 
263    (0)   :  0.414 0.391 0.112 0.082 
264    (0)   :  0.287 0.123 0.038 0.552 
265    (0)   :  0.186 0.494 0.192 0.127 
266    (0)   :  0.065 0.213 0.686 0.036 
267    (0)   :  0.400 0.223 0.291 0.086 
268    (0)   :  0.112 0.717 0.126 0.045 
269    (0)   :  0.183 0.240 0.260 0.317 
270    (0)   :  0.588 0.163 0.103 0.145 
271    (0)   :  0.270 0.573 0.083 0.074 
272    (0)   :  0.139 0.662 0.079 0.120 
273    (0)   :  0.203 0.389 0.264 0.144 
274    (0)   :  0.247 0.493 0.126 0.134 
275    (0)   :  0.164 0.540 0.167 0.129 
276    (0)   :  0.185 0.640 0.074 0.102 
277    (0)   :  0.238 0.276 0.353 0.134 
278    (0)   :  0.159 0.720 0.066 0.055 
279    (0)   :  0.268 0.405 0.230 0.098 
280    (0)   :  0.167 0.455 0.166 0.213 
281    (0)   :  0.369 0.383 0.145 0.102 
282    (0)   :  0.186 0.157 0.547 0.110 
283    (0)   :  0.145 0.165 0.625 0.065 
284    (0)   :  0.351 0.293 0.271 0.085 
285    (0)   :  0.334 0.551 0.032 0.083 
286    (0)   :  0.141 0.361 0.452 0.046 
287    (0)   :  0.251 0.300 0.222 0.226 
288    (0)   :  0.172 0.596 0.097 0.135 
289    (0)   :  0.257 0.521 0.099 0.123 
290    (0)   :  0.176 0.484 0.101 0.240 
291    (0)   :  0.279 0.567 0.081 0.072 
292    (0)   :  0.115 0.551 0.185 0.149 
293    (0)   :  0.207 0.308 0.073 0.412 
294    (0)   :  0.328 0.480 0.092 0.101 
295    (0)   :  0.299 0.386 0.151 0.164 
296    (0)   :  0.278 0.565 0.094 0.063 
297    (0)   :  0.238 0.370 0.110 0.282 
298    (0)   :  0.273 0.180 0.431 0.116 
299    (0)   :  0.520 0.242 0.123 0.115 
300    (0)   :  0.298 0.555 0.078 0.069 
301    (0)   :  0.415 0.239 0.101 0.244 
302    (0)   :  0.275 0.544 0.087 0.094 
303    (0)   :  0.154 0.326 0.433 0.087 
304    (0)   :  0.278 0.059 0.434 0.230 
305    (0)   :  0.099 0.529 0.324 0.049 
306    (0)   :  0.110 0.331 0.459 0.100 
307    (0)   :  0.435 0.235 0.242 0.088 
308    (0)   :  0.128 0.423 0.374 0.075 
309    (0)   :  0.230 0.632 0.084 0.054 
310    (0)   :  0.107 0.561 0.289 0.043 
311    (0)   :  0.229 0.387 0.334 0.050 
312    (0)   :  0.301 0.558 0.097 0.043 
313    (0)   :  0.245 0.659 0.050 0.046 
314    (0)   :  0.049 0.035 0.877 0.040 
315    (0)   :  0.058 0.047 0.837 0.059 
316    (0)   :  0.061 0.035 0.834 0.069 
317    (0)   :  0.049 0.021 0.891 0.040 
318    (0)   :  0.049 0.016 0.893 0.042 
319    (0)   :  0.057 0.025 0.880 0.039 
320    (0)   :  0.049 0.035 0.875 0.041 
321    (0)   :  0.051 0.019 0.885 0.045 
322    (0)   :  0.063 0.051 0.823 0.064 
323    (0)   :  0.052 0.018 0.890 0.040 
324    (0)   :  0.050 0.019 0.887 0.044 
325    (0)   :  0.058 0.026 0.849 0.067 
326    (0)   :  0.055 0.026 0.854 0.065 
327    (0)   :  0.050 0.021 0.890 0.040 
328    (0)   :  0.067 0.036 0.835 0.062 
329    (0)   :  0.050 0.017 0.894 0.038 
330    (0)   :  0.049 0.020 0.890 0.040 
331    (0)   :  0.051 0.018 0.891 0.039 
332    (0)   :  0.061 0.023 0.840 0.076 
333    (0)   :  0.059 0.030 0.854 0.057 
334    (0)   :  0.065 0.036 0.836 0.063 
335    (0)   :  0.061 0.036 0.847 0.056 
336    (0)   :  0.049 0.023 0.881 0.047 
337    (0)   :  0.061 0.031 0.835 0.072 
338    (0)   :  0.049 0.016 0.891 0.044 
339    (0)   :  0.051 0.018 0.891 0.039 
340    (0)   :  0.050 0.019 0.894 0.036 
341    (0)   :  0.053 0.019 0.888 0.040 
342    (0)   :  0.049 0.020 0.890 0.040 
343    (0)   :  0.062 0.057 0.815 0.066 
344    (0)   :  0.050 0.017 0.895 0.039 
345    (0)   :  0.049 0.020 0.890 0.041 
346    (0)   :  0.047 0.018 0.896 0.038 
347    (0)   :  0.048 0.018 0.897 0.036 
348    (0)   :  0.059 0.074 0.811 0.056 
349    (0)   :  0.049 0.020 0.890 0.040 
350    (0)   :  0.052 0.030 0.878 0.040 
351    (0)   :  0.062 0.037 0.845 0.057 
352    (0)   :  0.059 0.034 0.844 0.062 
353    (0)   :  0.049 0.024 0.881 0.047 
354    (0)   :  0.052 0.018 0.892 0.039 
355    (0)   :  0.049 0.016 0.893 0.042 
356    (0)   :  0.063 0.103 0.779 0.055 
357    (0)   :  0.137 0.040 0.546 0.277 
358    (0)   :  0.061 0.025 0.851 0.064 
359    (0)   :  0.052 0.018 0.889 0.041 
360    (0)   :  0.047 0.018 0.897 0.038 
361    (0)   :  0.157 0.059 0.487 0.298 
362    (0)   :  0.375 0.108 0.074 0.442 
363    (0)   :  0.259 0.061 0.041 0.638 
364    (0)   :  0.323 0.047 0.359 0.271 
365    (0)   :  0.241 0.045 0.050 0.664 
366    (0)   :  0.147 0.316 0.113 0.424 
367    (0)   :  0.407 0.022 0.026 0.545 
368    (0)   :  0.811 0.031 0.049 0.109 
369    (0)   :  0.187 0.212 0.329 0.271 
370    (0)   :  0.714 0.111 0.067 0.108 
371    (0)   :  0.357 0.142 0.117 0.384 
372    (0)   :  0.665 0.123 0.113 0.099 
373    (0)   :  0.617 0.040 0.089 0.254 
374    (0)   :  0.243 0.065 0.323 0.369 
375    (0)   :  0.482 0.030 0.039 0.450 
376    (0)   :  0.095 0.019 0.030 0.857 
377    (0)   :  0.425 0.071 0.063 0.440 
378    (0)   :  0.594 0.046 0.199 0.162 
379    (0)   :  0.088 0.025 0.028 0.860 
380    (0)   :  0.088 0.101 0.125 0.686 
381    (0)   :  0.071 0.069 0.096 0.764 
382    (0)   :  0.381 0.025 0.042 0.553 
383    (0)   :  0.083 0.041 0.120 0.755 
384    (0)   :  0.226 0.039 0.099 0.636 
385    (0)   :  0.664 0.021 0.155 0.160 
386    (0)   :  0.299 0.035 0.040 0.626 
387    (0)   :  0.353 0.033 0.046 0.567 
388    (0)   :  0.434 0.046 0.277 0.243 
389    (0)   :  0.495 0.371 0.050 0.084 
390    (0)   :  0.212 0.185 0.037 0.565 
391    (0)   :  0.633 0.128 0.078 0.160 
392    (0)   :  0.144 0.042 0.080 0.733 
393    (0)   :  0.072 0.058 0.061 0.809 
394    (0)   :  0.343 0.059 0.274 0.324 
395    (0)   :  0.235 0.336 0.048 0.381 
396    (0)   :  0.472 0.028 0.028 0.472 
397    (0)   :  0.418 0.111 0.172 0.299 
398    (0)   :  0.140 0.024 0.029 0.807 
399    (0)   :  0.541 0.103 0.040 0.317 
400    (0)   :  0.266 0.030 0.057 0.647 
401    (0)   :  0.483 0.093 0.065 0.360 
402    (0)   :  0.530 0.165 0.067 0.238 
403    (0)   :  0.360 0.053 0.391 0.196 
404    (0)   :  0.350 0.062 0.098 0.490 
405    (0)   :  0.285 0.102 0.090 0.523 
406    (0)   :  0.073 0.574 0.089 0.264 
407    (0)   :  0.105 0.024 0.028 0.844 
408    (0)   :  0.705 0.167 0.028 0.100 
409    (0)   :  0.107 0.291 0.314 0.287 
410    (0)   :  0.230 0.041 0.084 0.645 
411    (0)   :  0.123 0.088 0.159 0.630 
412    (0)   :  0.769 0.027 0.046 0.158 
413    (0)   :  0.578 0.058 0.180 0.184 
414    (0)   :  0.810 0.029 0.031 0.129 
415    (0)   :  0.110 0.072 0.043 0.775 
416    (0)   :  0.246 0.068 0.068 0.618 
417    (0)   :  0.128 0.026 0.037 0.809 
418    (0)   :  0.545 0.021 0.031 0.403 
419    (0)   :  0.382 0.116 0.189 0.314 
420    (0)   :  0.333 0.203 0.039 0.424 
421    (0)   :  0.273 0.037 0.043 0.646 
422    (0)   :  0.232 0.244 0.052 0.473 
423    (0)   :  0.201 0.062 0.057 0.679 
424    (0)   :  0.604 0.118 0.065 0.213 
425    (0)   :  0.492 0.049 0.092 0.367 
426    (0)   :  0.682 0.033 0.076 0.208 
427    (0)   :  0.117 0.035 0.118 0.731 
428    (0)   :  0.210 0.121 0.187 0.482 
429    (0)   :  0.141 0.020 0.026 0.812 
430    (0)   :  0.118 0.029 0.035 0.818 
431    (0)   :  0.674 0.048 0.064 0.214 
432    (0)   :  0.779 0.035 0.057 0.129 
433    (0)   :  0.598 0.074 0.249 0.078 
434    (0)   :  0.401 0.069 0.144 0.386 
435    (0)   :  0.115 0.029 0.028 0.828 
436    (0)   :  0.076 0.029 0.048 0.847 
437    (0)   :  0.116 0.024 0.032 0.827 
438    (0)   :  0.192 0.162 0.071 0.575 
439    (0)   :  0.076 0.020 0.038 0.866 
440    (0)   :  0.084 0.026 0.023 0.866 
441    (0)   :  0.171 0.032 0.095 0.702 
442    (0)   :  0.203 0.041 0.033 0.723 
443    (0)   :  0.271 0.105 0.029 0.595 
444    (0)   :  0.148 0.049 0.032 0.771 
445    (0)   :  0.127 0.104 0.147 0.622 
446    (0)   :  0.177 0.021 0.035 0.767 
447    (0)   :  0.167 0.066 0.075 0.692 
448    (0)   :  0.192 0.035 0.035 0.738 
449    (0)   :  0.207 0.044 0.063 0.687 
450    (0)   :  0.165 0.017 0.061 0.757 
451    (0)   :  0.761 0.046 0.025 0.168 
452    (0)   :  0.119 0.021 0.048 0.813 
453    (0)   :  0.325 0.449 0.069 0.157 
454    (0)   :  0.164 0.037 0.072 0.727 
455    (0)   :  0.134 0.056 0.033 0.777 
456    (0)   :  0.135 0.102 0.030 0.734 
457    (0)   :  0.093 0.023 0.036 0.848 
458    (0)   :  0.100 0.021 0.040 0.839 
459    (0)   :  0.235 0.040 0.111 0.613 
460    (0)   :  0.146 0.023 0.031 0.801 
461    (0)   :  0.284 0.016 0.032 0.668 
462    (0)   :  0.179 0.050 0.024 0.747 
463    (0)   :  0.111 0.439 0.054 0.395 
464    (0)   :  0.176 0.053 0.029 0.742 
465    (0)   :  0.482 0.049 0.044 0.425 
466    (0)   :  0.256 0.193 0.034 0.517 
467    (0)   :  0.142 0.054 0.062 0.742 
468    (0)   :  0.072 0.050 0.029 0.849 
469    (0)   :  0.067 0.021 0.033 0.879 
470    (0)   :  0.102 0.024 0.029 0.845 
471    (0)   :  0.272 0.241 0.037 0.450 
472    (0)   :  0.298 0.073 0.043 0.587 
473    (0)   :  0.246 0.060 0.067 0.626 
474    (0)   :  0.115 0.038 0.047 0.799 
475    (0)   :  0.425 0.046 0.069 0.460 
476    (0)   :  0.083 0.029 0.036 0.852 
477    (0)   :  0.645 0.049 0.066 0.241 
478    (0)   :  0.739 0.022 0.031 0.208 
479    (0)   :  0.129 0.022 0.028 0.821 
480    (0)   :  0.076 0.020 0.032 0.871 
481    (0)   :  0.396 0.076 0.037 0.491 
482    (0)   :  0.101 0.018 0.029 0.852 
483    (0)   :  0.128 0.027 0.041 0.804 
484    (0)   :  0.159 0.128 0.044 0.670 
485    (0)   :  0.104 0.035 0.031 0.830 
486    (0)   :  0.705 0.131 0.056 0.108 
487    (0)   :  0.663 0.058 0.158 0.122 
488    (0)   :  0.811 0.043 0.075 0.071 
489    (0)   :  0.372 0.231 0.238 0.159 
490    (0)   :  0.759 0.068 0.033 0.139 
491    (0)   :  0.621 0.129 0.159 0.091 
492    (0)   :  0.559 0.118 0.239 0.085 
493    (0)   :  0.794 0.060 0.069 0.077 
494    (0)   :  0.583 0.119 0.116 0.182 
495    (0)   :  0.721 0.055 0.123 0.100 
496    (0)   :  0.342 0.169 0.379 0.109 
497    (0)   :  0.753 0.039 0.134 0.074 
498    (0)   :  0.632 0.151 0.096 0.122 
499    (0)   :  0.509 0.071 0.323 0.097 
500    (0)   :  0.530 0.101 0.073 0.296 
501    (0)   :  0.535 0.050 0.192 0.223 
502    (0)   :  0.650 0.030 0.205 0.115 
503    (0)   :  0.332 0.057 0.044 0.567 
504    (0)   :  0.836 0.045 0.048 0.070 
505    (0)   :  0.432 0.378 0.105 0.085 
506    (0)   :  0.625 0.064 0.192 0.119 
507    (0)   :  0.095 0.107 0.748 0.051 
508    (0)   :  0.192 0.144 0.619 0.046 
509    (0)   :  0.469 0.217 0.232 0.082 
510    (0)   :  0.396 0.060 0.306 0.237 
511    (0)   :  0.251 0.102 0.057 0.590 
512    (0)   :  0.338 0.032 0.035 0.595 
513    (0)   :  0.806 0.101 0.057 0.036 
514    (0)   :  0.794 0.049 0.059 0.098 
515    (0)   :  0.211 0.103 0.164 0.522 
516    (0)   :  0.769 0.098 0.062 0.070 
517    (0)   :  0.292 0.253 0.155 0.300 
518    (0)   :  0.349 0.073 0.335 0.243 
519    (0)   :  0.784 0.040 0.067 0.109 
520    (0)   :  0.110 0.329 0.297 0.264 
521    (0)   :  0.342 0.140 0.409 0.109 
522    (0)   :  0.171 0.214 0.050 0.564 
523    (0)   :  0.252 0.467 0.176 0.104 
524    (0)   :  0.196 0.138 0.092 0.574 
525    (0)   :  0.225 0.095 0.308 0.373 
526    (0)   :  0.085 0.484 0.074 0.357 
527    (0)   :  0.709 0.028 0.055 0.208 
528    (0)   :  0.163 0.164 0.601 0.072 
529    (0)   :  0.578 0.117 0.176 0.130 
530    (0)   :  0.206 0.119 0.098 0.577 
531    (0)   :  0.174 0.078 0.457 0.290 
532    (0)   :  0.435 0.089 0.309 0.167 
533    (0)   :  0.299 0.169 0.085 0.448 
534    (0)   :  0.601 0.210 0.130 0.059 
535    (0)   :  0.284 0.354 0.077 0.285 
536    (0)   :  0.195 0.294 0.182 0.330 
537    (0)   :  0.129 0.501 0.283 0.087 
538    (0)   :  0.174 0.522 0.189 0.115 
539    (0)   :  0.089 0.157 0.697 0.057 
540    (0)   :  0.190 0.352 0.271 0.187 
541    (0)   :  0.165 0.115 0.562 0.158 
542    (0)   :  0.113 0.553 0.056 0.278 
543    (0)   :  0.292 0.439 0.181 0.089 
544    (0)   :  0.134 0.627 0.088 0.150 
545    (0)   :  0.126 0.617 0.038 0.219 
546    (0)   :  0.191 0.505 0.162 0.142 
547    (0)   :  0.129 0.671 0.120 0.080 
548    (0)   :  0.308 0.310 0.300 0.081 
549    (0)   :  0.086 0.193 0.485 0.237 
550    (0)   :  0.124 0.448 0.069 0.359 
551    (0)   :  0.141 0.069 0.678 0.112 
552    (0)   :  0.129 0.553 0.210 0.108 
553    (0)   :  0.117 0.710 0.127 0.046 
554    (0)   :  0.337 0.121 0.173 0.369 
555    (0)   :  0.180 0.413 0.326 0.082 
556    (0)   :  0.201 0.536 0.156 0.107 
557    (0)   :  0.184 0.304 0.108 0.404 
558    (0)   :  0.097 0.016 0.029 0.859 
559    (0)   :  0.743 0.092 0.053 0.112 
560    (0)   :  0.350 0.031 0.023 0.596 
561    (0)   :  0.483 0.053 0.032 0.432 
562    (0)   :  0.608 0.084 0.024 0.285 
563    (0)   :  0.631 0.050 0.152 0.167 
564    (0)   :  0.565 0.238 0.063 0.134 
565    (0)   :  0.096 0.021 0.034 0.848 
566    (0)   :  0.538 0.032 0.024 0.405 
567    (0)   :  0.757 0.120 0.039 0.084 
568    (0)   :  0.526 0.113 0.056 0.306 
569    (0)   :  0.301 0.154 0.054 0.491 
570    (0)   :  0.129 0.020 0.025 0.826 
571    (0)   :  0.768 0.037 0.039 0.156 
572    (0)   :  0.132 0.564 0.125 0.178 
573    (0)   :  0.525 0.181 0.064 0.231 
574    (0)   :  0.223 0.050 0.135 0.592 
575    (0)   :  0.614 0.061 0.093 0.232 
576    (0)   :  0.705 0.021 0.024 0.249 
577    (0)   :  0.329 0.040 0.123 0.509 
578    (0)   :  0.560 0.046 0.044 0.351 
579    (0)   :  0.528 0.054 0.041 0.377 
580    (0)   :  0.227 0.033 0.069 0.671 
581    (0)   :  0.259 0.029 0.052 0.660 
582    (0)   :  0.144 0.036 0.027 0.793 
583    (0)   :  0.673 0.030 0.040 0.258 
584    (0)   :  0.740 0.022 0.029 0.209 
585    (0)   :  0.480 0.032 0.035 0.453 
586    (0)   :  0.774 0.049 0.049 0.128 
587    (0)   :  0.316 0.075 0.027 0.582 
588    (0)   :  0.273 0.646 0.040 0.040 
589    (0)   :  0.144 0.071 0.029 0.756 
590    (0)   :  0.839 0.039 0.034 0.088 
591    (0)   :  0.807 0.029 0.042 0.122 
592    (0)   :  0.436 0.217 0.033 0.314 
593    (0)   :  0.457 0.070 0.071 0.402 
594    (0)   :  0.805 0.032 0.074 0.089 
595    (0)   :  0.594 0.026 0.027 0.353 
596    (0)   :  0.376 0.360 0.058 0.206 
597    (0)   :  0.643 0.089 0.178 0.089 
598    (0)   :  0.092 0.018 0.027 0.863 
599    (0)   :  0.495 0.073 0.026 0.407 
600    (0)   :  0.208 0.058 0.082 0.652 
601    (0)   :  0.280 0.046 0.027 0.646 
602    (0)   :  0.712 0.051 0.136 0.101 
603    (0)   :  0.725 0.058 0.122 0.095 
604    (0)   :  0.280 0.049 0.101 0.570 
605    (0)   :  0.536 0.084 0.052 0.329 
606    (0)   :  0.418 0.162 0.166 0.253 
607    (0)   :  0.328 0.052 0.309 0.311 
608    (0)   :  0.208 0.039 0.465 0.288 
609    (0)   :  0.318 0.047 0.066 0.569 
610    (0)   :  0.171 0.094 0.050 0.686 
611    (0)   :  0.668 0.094 0.118 0.120 
612    (0)   :  0.087 0.032 0.038 0.843 
613    (0)   :  0.483 0.102 0.070 0.346 
614    (0)   :  0.127 0.039 0.039 0.795 
615    (0)   :  0.112 0.046 0.071 0.770 
616    (0)   :  0.410 0.060 0.213 0.317 
617    (0)   :  0.394 0.065 0.042 0.499 
618    (0)   :  0.157 0.074 0.173 0.597 
619    (0)   :  0.309 0.270 0.127 0.294 
620    (0)   :  0.491 0.295 0.026 0.187 
621    (0)   :  0.715 0.020 0.040 0.225 
622    (0)   :  0.234 0.171 0.120 0.475 
623    (0)   :  0.685 0.077 0.044 0.194 
624    (0)   :  0.108 0.031 0.125 0.736 
625    (0)   :  0.258 0.030 0.141 0.570 
626    (0)   :  0.088 0.162 0.399 0.351 
627    (0)   :  0.630 0.076 0.063 0.231 
628    (0)   :  0.723 0.077 0.058 0.142 
629    (0)   :  0.655 0.047 0.075 0.223 
630    (0)   :  0.197 0.045 0.053 0.705 
631    (0)   :  0.286 0.048 0.066 0.601 
632    (0)   :  0.294 0.275 0.265 0.166 
633    (0)   :  0.275 0.040 0.119 0.566 
634    (0)   :  0.396 0.147 0.183 0.275 
635    (0)   :  0.186 0.071 0.540 0.203 
636    (0)   :  0.203 0.039 0.227 0.531 
637    (0)   :  0.291 0.339 0.100 0.270 
638    (0)   :  0.649 0.046 0.113 0.192 
639    (0)   :  0.307 0.054 0.111 0.528 
640    (0)   :  0.742 0.022 0.051 0.186 
641    (0)   :  0.577 0.049 0.075 0.299 
642    (0)   :  0.183 0.101 0.579 0.137 
643    (0)   :  0.098 0.031 0.801 0.069 
644    (0)   :  0.245 0.046 0.632 0.077 
645    (0)   :  0.086 0.050 0.541 0.323 
646    (0)   :  0.515 0.165 0.135 0.186 
647    (0)   :  0.477 0.071 0.358 0.094 
648    (0)   :  0.302 0.206 0.318 0.173 
649    (0)   :  0.340 0.426 0.165 0.070 
650    (0)   :  0.633 0.125 0.161 0.080 
651    (0)   :  0.456 0.039 0.432 0.074 
652    (0)   :  0.219 0.062 0.622 0.097 
653    (0)   :  0.316 0.114 0.430 0.141 
654    (0)   :  0.177 0.203 0.509 0.111 
655    (0)   :  0.285 0.055 0.535 0.125 
656    (0)   :  0.380 0.207 0.273 0.140 
657    (0)   :  0.378 0.042 0.205 0.375 
658    (0)   :  0.398 0.139 0.233 0.230 
659    (0)   :  0.224 0.116 0.537 0.122 
660    (0)   :  0.152 0.120 0.661 0.067 
661    (0)   :  0.107 0.230 0.552 0.111 
662    (0)   :  0.295 0.548 0.100 0.056 
663    (0)   :  0.215 0.132 0.539 0.115 
664    (0)   :  0.360 0.063 0.253 0.325 
665    (0)   :  0.314 0.499 0.120 0.067 
666    (0)   :  0.180 0.162 0.545 0.113 
667    (0)   :  0.747 0.055 0.088 0.110 
668    (0)   :  0.215 0.114 0.481 0.189 
669    (0)   :  0.392 0.197 0.316 0.094 
670    (0)   :  0.071 0.041 0.845 0.044 
671    (0)   :  0.133 0.077 0.731 0.059 
672    (0)   :  0.136 0.065 0.693 0.106 
673    (0)   :  0.055 0.018 0.885 0.042 
674    (0)   :  0.095 0.056 0.767 0.082 
675    (0)   :  0.115 0.025 0.816 0.045 
676    (0)   :  0.054 0.020 0.885 0.041 
677    (0)   :  0.063 0.208 0.689 0.040 
678    (0)   :  0.059 0.017 0.883 0.042 
679    (0)   :  0.090 0.021 0.814 0.074 
680    (0)   :  0.073 0.030 0.828 0.069 
681    (0)   :  0.172 0.293 0.317 0.217 
682    (0)   :  0.063 0.029 0.835 0.073 
683    (0)   :  0.066 0.039 0.854 0.041 
684    (0)   :  0.062 0.020 0.875 0.043 
685    (0)   :  0.053 0.022 0.888 0.037 
686    (0)   :  0.080 0.141 0.704 0.074 
687    (0)   :  0.125 0.113 0.706 0.056 
688    (0)   :  0.087 0.030 0.831 0.052 
689    (0)   :  0.053 0.020 0.889 0.038 
690    (0)   :  0.054 0.019 0.887 0.040 
691    (0)   :  0.084 0.033 0.815 0.068 
692    (0)   :  0.089 0.021 0.833 0.057 
693    (0)   :  0.087 0.023 0.824 0.065 
694    (0)   :  0.049 0.023 0.894 0.034 
695    (0)   :  0.058 0.045 0.842 0.055 
696    (0)   :  0.087 0.028 0.833 0.051 
697    (0)   :  0.055 0.028 0.875 0.041 
698    (0)   :  0.055 0.022 0.882 0.041 
699    (0)   :  0.058 0.176 0.715 0.051 
700    (0)   :  0.068 0.063 0.765 0.104 
701    (0)   :  0.103 0.043 0.775 0.079 
702    (0)   :  0.102 0.067 0.732 0.099 
703    (0)   :  0.067 0.032 0.827 0.073 
704    (0)   :  0.078 0.046 0.828 0.048 
705    (0)   :  0.118 0.319 0.453 0.110 
706    (0)   :  0.059 0.040 0.835 0.065 
707    (0)   :  0.057 0.038 0.860 0.045 
708    (0)   :  0.061 0.025 0.874 0.040 
709    (0)   :  0.054 0.054 0.846 0.046 
710    (0)   :  0.048 0.024 0.892 0.037 
711    (0)   :  0.065 0.087 0.780 0.068 
712    (0)   :  0.057 0.115 0.793 0.036 
713    (0)   :  0.084 0.033 0.836 0.047 
714    (0)   :  0.116 0.031 0.777 0.076 
715    (0)   :  0.049 0.057 0.858 0.036 
716    (0)   :  0.056 0.036 0.847 0.062 
717    (0)   :  0.048 0.030 0.885 0.037 
718    (0)   :  0.089 0.062 0.784 0.065 
719    (0)   :  0.053 0.045 0.866 0.036 
720    (0)   :  0.688 0.037 0.042 0.234 
721    (0)   :  0.127 0.052 0.604 0.217 
722    (0)   :  0.224 0.069 0.081 0.626 
723    (0)   :  0.216 0.032 0.072 0.679 
724    (0)   :  0.111 0.046 0.192 0.651 
725    (0)   :  0.469 0.074 0.257 0.201 
726    (0)   :  0.161 0.113 0.123 0.602 
727    (0)   :  0.212 0.304 0.234 0.249 
728    (0)   :  0.068 0.023 0.024 0.885 
729    (0)   :  0.089 0.021 0.026 0.864 
730    (0)   :  0.387 0.032 0.050 0.531 
731    (0)   :  0.119 0.026 0.057 0.797 
732    (0)   :  0.221 0.032 0.071 0.675 
733    (0)   :  0.108 0.019 0.037 0.835 
734    (0)   :  0.116 0.021 0.026 0.837 
735    (0)   :  0.085 0.017 0.046 0.851 
736    (0)   :  0.251 0.028 0.052 0.669 
737    (0)   :  0.293 0.068 0.057 0.583 
738    (0)   :  0.318 0.029 0.048 0.605 
739    (0)   :  0.102 0.018 0.034 0.846 
740    (0)   :  0.156 0.031 0.751 0.062 
741    (0)   :  0.248 0.056 0.569 0.127 
742    (0)   :  0.631 0.022 0.167 0.179 
743    (0)   :  0.715 0.034 0.094 0.157 
744    (0)   :  0.486 0.321 0.102 0.091 
745    (0)   :  0.762 0.054 0.037 0.147 
746    (0)   :  0.486 0.056 0.234 0.224 
747    (0)   :  0.775 0.052 0.069 0.105 
748    (0)   :  0.371 0.034 0.505 0.090 
749    (0)   :  0.615 0.100 0.174 0.111 
750    (0)   :  0.684 0.074 0.120 0.122 
751    (0)   :  0.347 0.044 0.502 0.106 
752    (0)   :  0.684 0.059 0.094 0.163 
753    (0)   :  0.387 0.067 0.250 0.296 
754    (0)   :  0.391 0.035 0.437 0.136 
755    (0)   :  0.626 0.033 0.193 0.148 
756    (0)   :  0.592 0.059 0.278 0.071 
757    (0)   :  0.719 0.032 0.143 0.106 
758    (0)   :  0.871 0.032 0.033 0.064 
759    (0)   :  0.217 0.062 0.530 0.190 
760    (0)   :  0.531 0.031 0.142 0.296 
761    (0)   :  0.167 0.045 0.325 0.463 
762    (0)   :  0.445 0.018 0.057 0.480 
763    (0)   :  0.387 0.065 0.254 0.294 
764    (0)   :  0.789 0.027 0.084 0.099 
765    (0)   :  0.462 0.043 0.078 0.416 
766    (0)   :  0.510 0.030 0.357 0.103 
767    (0)   :  0.513 0.053 0.265 0.170 
768    (0)   :  0.431 0.019 0.058 0.493 
769    (0)   :  0.231 0.030 0.260 0.479 
770    (0)   :  0.452 0.026 0.048 0.474 
771    (0)   :  0.398 0.362 0.175 0.065 
772    (0)   :  0.438 0.078 0.315 0.169 
773    (0)   :  0.785 0.033 0.093 0.089 
774    (0)   :  0.275 0.051 0.534 0.141 
775    (0)   :  0.226 0.021 0.093 0.660 
776    (0)   :  0.796 0.033 0.054 0.116 
777    (0)   :  0.541 0.136 0.126 0.197 
778    (0)   :  0.506 0.164 0.207 0.123 
779    (0)   :  0.779 0.028 0.119 0.075 
780    (0)   :  0.404 0.036 0.449 0.110 
781    (0)   :  0.279 0.434 0.219 0.068 
782    (0)   :  0.779 0.028 0.119 0.074 
783    (0)   :  0.532 0.030 0.273 0.165 
784    (0)   :  0.642 0.028 0.074 0.256 
785    (0)   :  0.708 0.031 0.150 0.111 
786    (0)   :  0.353 0.030 0.489 0.127 
787    (0)   :  0.416 0.083 0.445 0.056 
788    (0)   :  0.691 0.042 0.091 0.176 
789    (0)   :  0.639 0.023 0.082 0.256 
790    (0)   :  0.487 0.026 0.307 0.180 
791    (0)   :  0.678 0.035 0.138 0.149 
792    (0)   :  0.348 0.108 0.483 0.061 
793    (0)   :  0.166 0.167 0.446 0.221 
794    (0)   :  0.625 0.049 0.154 0.171 
795    (0)   :  0.161 0.058 0.578 0.203 
796    (0)   :  0.691 0.044 0.169 0.097 
797    (0)   :  0.126 0.126 0.638 0.110 
798    (0)   :  0.129 0.130 0.030 0.712 
799    (0)   :  0.742 0.047 0.074 0.137 
800    (0)   :  0.210 0.188 0.557 0.045 
801    (0)   :  0.133 0.098 0.059 0.710 
802    (0)   :  0.135 0.167 0.231 0.467 
803    (0)   :  0.257 0.093 0.469 0.180 
804    (0)   :  0.341 0.318 0.123 0.219 
805    (0)   :  0.093 0.032 0.814 0.061 
806    (0)   :  0.152 0.354 0.103 0.390 
807    (0)   :  0.085 0.142 0.700 0.073 
808    (0)   :  0.164 0.347 0.400 0.090 
809    (0)   :  0.096 0.646 0.052 0.206 
810    (0)   :  0.435 0.073 0.205 0.287 
811    (0)   :  0.158 0.281 0.430 0.131 
812    (0)   :  0.094 0.801 0.029 0.076 
813    (0)   :  0.156 0.076 0.035 0.734 
814    (0)   :  0.320 0.556 0.053 0.071 
815    (0)   :  0.097 0.334 0.221 0.349 
816    (0)   :  0.183 0.112 0.356 0.349 
817    (0)   :  0.136 0.166 0.226 0.472 
818    (0)   :  0.725 0.033 0.070 0.171 
819    (0)   :  0.769 0.045 0.133 0.052 
820    (0)   :  0.616 0.123 0.178 0.083 
821    (0)   :  0.732 0.019 0.090 0.159 
822    (0)   :  0.715 0.036 0.029 0.220 
823    (0)   :  0.331 0.022 0.235 0.413 
824    (0)   :  0.699 0.033 0.151 0.118 
825    (0)   :  0.665 0.033 0.055 0.247 
826    (0)   :  0.844 0.029 0.040 0.088 
827    (0)   :  0.446 0.024 0.057 0.472 
828    (0)   :  0.276 0.032 0.096 0.595 
829    (0)   :  0.242 0.060 0.098 0.600 
830    (0)   :  0.572 0.018 0.039 0.371 
831    (0)   :  0.492 0.056 0.140 0.312 
832    (0)   :  0.485 0.080 0.147 0.289 
833    (0)   :  0.306 0.045 0.176 0.473 
834    (0)   :  0.430 0.044 0.131 0.395 
835    (0)   :  0.846 0.034 0.038 0.082 
836    (0)   :  0.769 0.068 0.072 0.091 
837    (0)   :  0.240 0.051 0.265 0.444 
838    (0)   :  0.812 0.077 0.039 0.072 
839    (0)   :  0.681 0.019 0.062 0.237 
840    (0)   :  0.530 0.210 0.166 0.095 
841    (0)   :  0.763 0.066 0.099 0.072 
842    (0)   :  0.846 0.020 0.029 0.105 
843    (0)   :  0.351 0.258 0.294 0.096 
844    (0)   :  0.559 0.065 0.165 0.210 
845    (0)   :  0.840 0.017 0.039 0.104 
846    (0)   :  0.802 0.027 0.091 0.080 
847    (0)   :  0.735 0.026 0.186 0.053 
848    (0)   :  0.825 0.041 0.076 0.058 
849    (0)   :  0.767 0.026 0.056 0.151 
850    (0)   :  0.727 0.024 0.056 0.193 
851    (0)   :  0.859 0.023 0.048 0.070 
852    (0)   :  0.190 0.023 0.537 0.250 
853    (0)   :  0.726 0.029 0.046 0.200 
854    (0)   :  0.361 0.023 0.247 0.369 
855    (0)   :  0.803 0.030 0.080 0.087 
856    (0)   :  0.755 0.028 0.123 0.094 
857    (0)   :  0.726 0.116 0.058 0.099 
858    (0)   :  0.821 0.027 0.044 0.108 
859    (0)   :  0.673 0.020 0.051 0.256 
860    (0)   :  0.845 0.035 0.043 0.077 
861    (0)   :  0.415 0.092 0.429 0.064 
862    (0)   :  0.073 0.028 0.034 0.865 
863    (0)   :  0.089 0.039 0.081 0.791 
864    (0)   :  0.063 0.020 0.058 0.859 
865    (0)   :  0.104 0.024 0.024 0.848 
866    (0)   :  0.399 0.036 0.043 0.522 
867    (0)   :  0.071 0.033 0.050 0.847 
868    (0)   :  0.149 0.043 0.044 0.765 
869    (0)   :  0.374 0.030 0.045 0.551 
870    (0)   :  0.169 0.112 0.029 0.689 
871    (0)   :  0.145 0.027 0.029 0.799 
872    (0)   :  0.095 0.019 0.039 0.847 
873    (0)   :  0.080 0.022 0.045 0.853 
874    (0)   :  0.077 0.029 0.028 0.866 
875    (0)   :  0.283 0.089 0.049 0.579 
876    (0)   :  0.728 0.068 0.036 0.168 
877    (0)   :  0.065 0.021 0.040 0.874 
878    (0)   :  0.335 0.065 0.068 0.533 
879    (0)   :  0.080 0.019 0.054 0.847 
880    (0)   :  0.284 0.121 0.036 0.559 
881    (0)   :  0.095 0.025 0.047 0.833 
882    (0)   :  0.086 0.017 0.045 0.852 
883    (0)   :  0.768 0.062 0.048 0.121 
884    (0)   :  0.107 0.021 0.024 0.848 
885    (0)   :  0.163 0.141 0.072 0.624 
886    (0)   :  0.229 0.027 0.065 0.680 
887    (0)   :  0.102 0.022 0.029 0.847 
888    (0)   :  0.204 0.247 0.110 0.439 
889    (0)   :  0.087 0.024 0.024 0.865 
890    (0)   :  0.414 0.055 0.026 0.505 
891    (0)   :  0.807 0.049 0.043 0.101 
892    (0)   :  0.779 0.062 0.049 0.110 
893    (0)   :  0.521 0.158 0.074 0.247 
894    (0)   :  0.572 0.019 0.029 0.380 
895    (0)   :  0.148 0.026 0.030 0.796 
896    (0)   :  0.795 0.057 0.076 0.072 
897    (0)   :  0.843 0.039 0.044 0.075 
898    (0)   :  0.386 0.055 0.087 0.472 
899    (0)   :  0.702 0.019 0.024 0.254 
900    (0)   :  0.831 0.041 0.037 0.092 
901    (0)   :  0.823 0.029 0.039 0.109 
902    (0)   :  0.570 0.285 0.052 0.093 
903    (0)   :  0.260 0.035 0.038 0.667 
904    (0)   :  0.352 0.067 0.077 0.504 
905    (0)   :  0.278 0.021 0.028 0.673 
906    (0)   :  0.570 0.078 0.054 0.298 
907    (0)   :  0.733 0.025 0.061 0.182 
908    (0)   :  0.730 0.022 0.049 0.199 
909    (0)   :  0.548 0.112 0.057 0.282 
910    (0)   :  0.748 0.085 0.051 0.116 
911    (0)   :  0.200 0.023 0.024 0.753 
912    (0)   :  0.620 0.026 0.031 0.322 
913    (0)   :  0.483 0.041 0.028 0.449 
914    (0)   :  0.503 0.030 0.176 0.290 
915    (0)   :  0.683 0.041 0.024 0.252 
916    (0)   :  0.755 0.030 0.033 0.181 
917    (0)   :  0.683 0.033 0.034 0.250 
918    (0)   :  0.324 0.041 0.144 0.490 
919    (0)   :  0.251 0.032 0.075 0.642 
920    (0)   :  0.758 0.023 0.052 0.166 
921    (0)   :  0.327 0.265 0.287 0.120 
922    (0)   :  0.267 0.592 0.048 0.093 
923    (0)   :  0.449 0.392 0.090 0.069 
924    (0)   :  0.395 0.488 0.045 0.072 
925    (0)   :  0.418 0.401 0.083 0.098 
926    (0)   :  0.133 0.751 0.074 0.043 
927    (0)   :  0.118 0.710 0.102 0.071 
928    (0)   :  0.167 0.556 0.231 0.046 
929    (0)   :  0.194 0.716 0.044 0.045 
930    (0)   :  0.284 0.543 0.084 0.088 
931    (0)   :  0.053 0.720 0.095 0.132 
932    (0)   :  0.125 0.794 0.033 0.048 
933    (0)   :  0.170 0.293 0.476 0.060 
