

----------------------------------------------------
STRUCTURE by Pritchard, Stephens and Donnelly (2000)
     and Falush, Stephens and Pritchard (2003)
       Code by Pritchard, Falush and Hubisz
             Version 2.3.4 (Jul 2012)
----------------------------------------------------



Command line arguments:   ./structure -K 6 -D 106012 -m brooktrout/mainparams -e brooktrout/extraparams -o brooktrout/250914_output/results_K6_rep12 
Input File:    brooktrout/brooktrout.txt

Run parameters:
   8454 individuals
   5 loci
   6 populations assumed
   50000 Burn-in period
   100000 Reps
RANDOMIZE turned off


--------------------------------------------
Overall proportion of membership of the
sample in each of the 6 clusters

Inferred Clusters
  1      2      3      4      5      6    
0.059  0.039  0.119  0.244  0.262  0.277  

--------------------------------------------

Allele-freq. divergence among pops (Net nucleotide distance),
computed using point estimates of P.

      1       2       3       4       5       6      
 1      -    0.1469  0.1141  0.1228  0.1357  0.1323  
 2   0.1469     -    0.1211  0.1018  0.1261  0.1549  
 3   0.1141  0.1211     -    0.0865  0.1097  0.0938  
 4   0.1228  0.1018  0.0865     -    0.0459  0.1204  
 5   0.1357  0.1261  0.1097  0.0459     -    0.1183  
 6   0.1323  0.1549  0.0938  0.1204  0.1183     -    

Average distances (expected heterozygosity) between individuals in same cluster:
cluster  1  : 0.7701 
cluster  2  : 0.7852 
cluster  3  : 0.7581 
cluster  4  : 0.8014 
cluster  5  : 0.7773 
cluster  6  : 0.7412 

--------------------------------------------
Estimated Ln Prob of Data   = -181782.4
Mean value of ln likelihood = -171823.4
Variance of ln likelihood   = 19917.9

Mean value of alpha_1       = 0.1214
Mean value of alpha_2       = 0.0818
Mean value of alpha_3       = 0.2589
Mean value of alpha_4       = 0.5261
Mean value of alpha_5       = 0.5727
Mean value of alpha_6       = 0.6151
Allele frequencies uncorrelated


Inferred ancestry of individuals:
     (%Miss) :  Inferred clusters
  1    (0)   :  0.059 0.019 0.047 0.167 0.319 0.389 
  2    (0)   :  0.014 0.024 0.614 0.134 0.115 0.098 
  3    (0)   :  0.047 0.009 0.062 0.122 0.478 0.282 
  4    (0)   :  0.029 0.014 0.051 0.133 0.122 0.651 
  5    (0)   :  0.019 0.078 0.360 0.221 0.198 0.124 
  6    (0)   :  0.016 0.010 0.066 0.125 0.671 0.112 
  7    (0)   :  0.014 0.020 0.035 0.485 0.335 0.112 
  8    (0)   :  0.026 0.015 0.045 0.161 0.333 0.419 
  9    (0)   :  0.026 0.028 0.207 0.179 0.344 0.216 
 10    (0)   :  0.014 0.020 0.049 0.223 0.406 0.288 
 11    (0)   :  0.014 0.019 0.037 0.512 0.304 0.114 
 12    (0)   :  0.021 0.034 0.343 0.240 0.192 0.170 
 13    (0)   :  0.024 0.033 0.125 0.309 0.310 0.199 
 14    (0)   :  0.060 0.014 0.260 0.144 0.257 0.264 
 15    (0)   :  0.026 0.018 0.094 0.235 0.223 0.404 
 16    (0)   :  0.029 0.020 0.041 0.177 0.562 0.171 
 17    (0)   :  0.043 0.042 0.099 0.191 0.449 0.176 
 18    (0)   :  0.026 0.016 0.239 0.102 0.412 0.205 
 19    (0)   :  0.015 0.015 0.100 0.174 0.552 0.144 
 20    (0)   :  0.027 0.030 0.102 0.344 0.295 0.202 
 21    (0)   :  0.042 0.015 0.146 0.148 0.230 0.418 
 22    (0)   :  0.024 0.013 0.067 0.120 0.582 0.195 
 23    (0)   :  0.070 0.048 0.144 0.145 0.176 0.417 
 24    (0)   :  0.029 0.017 0.056 0.155 0.380 0.363 
 25    (0)   :  0.021 0.026 0.088 0.342 0.436 0.087 
 26    (0)   :  0.025 0.025 0.107 0.161 0.407 0.276 
 27    (0)   :  0.051 0.037 0.071 0.194 0.411 0.236 
 28    (0)   :  0.021 0.013 0.074 0.210 0.244 0.438 
 29    (0)   :  0.026 0.029 0.126 0.430 0.207 0.182 
 30    (0)   :  0.034 0.014 0.091 0.113 0.588 0.160 
 31    (0)   :  0.040 0.033 0.113 0.304 0.228 0.282 
 32    (0)   :  0.025 0.013 0.164 0.141 0.350 0.308 
 33    (0)   :  0.042 0.011 0.061 0.197 0.397 0.292 
 34    (0)   :  0.019 0.058 0.037 0.294 0.428 0.164 
 35    (0)   :  0.105 0.057 0.195 0.155 0.335 0.154 
 36    (0)   :  0.326 0.011 0.077 0.124 0.304 0.158 
 37    (0)   :  0.033 0.012 0.172 0.213 0.187 0.383 
 38    (0)   :  0.077 0.026 0.068 0.170 0.567 0.093 
 39    (0)   :  0.083 0.026 0.095 0.251 0.403 0.142 
 40    (0)   :  0.257 0.017 0.116 0.091 0.237 0.282 
 41    (0)   :  0.378 0.026 0.044 0.168 0.279 0.105 
 42    (0)   :  0.209 0.018 0.037 0.113 0.185 0.438 
 43    (0)   :  0.255 0.018 0.124 0.234 0.132 0.236 
 44    (0)   :  0.426 0.013 0.095 0.133 0.241 0.092 
 45    (0)   :  0.196 0.028 0.199 0.176 0.300 0.101 
 46    (0)   :  0.075 0.022 0.121 0.238 0.413 0.131 
 47    (0)   :  0.040 0.033 0.148 0.207 0.365 0.207 
 48    (0)   :  0.404 0.024 0.157 0.079 0.235 0.101 
 49    (0)   :  0.111 0.047 0.095 0.233 0.320 0.194 
 50    (0)   :  0.039 0.021 0.083 0.299 0.398 0.160 
 51    (0)   :  0.673 0.010 0.048 0.084 0.103 0.082 
 52    (0)   :  0.090 0.032 0.047 0.270 0.370 0.191 
 53    (0)   :  0.049 0.012 0.050 0.148 0.573 0.167 
 54    (0)   :  0.048 0.031 0.431 0.175 0.133 0.182 
 55    (0)   :  0.199 0.022 0.346 0.151 0.125 0.157 
 56    (0)   :  0.117 0.051 0.193 0.093 0.349 0.196 
 57    (0)   :  0.016 0.043 0.059 0.199 0.327 0.356 
 58    (0)   :  0.148 0.031 0.172 0.208 0.244 0.197 
 59    (0)   :  0.150 0.074 0.094 0.166 0.365 0.152 
 60    (0)   :  0.310 0.010 0.093 0.125 0.169 0.294 
 61    (0)   :  0.158 0.016 0.429 0.131 0.076 0.191 
 62    (0)   :  0.024 0.230 0.142 0.152 0.311 0.140 
 63    (0)   :  0.078 0.013 0.113 0.339 0.181 0.276 
 64    (0)   :  0.020 0.022 0.107 0.130 0.619 0.102 
 65    (0)   :  0.021 0.018 0.123 0.581 0.176 0.082 
 66    (0)   :  0.029 0.015 0.294 0.249 0.126 0.288 
 67    (0)   :  0.172 0.020 0.378 0.193 0.114 0.122 
 68    (0)   :  0.173 0.053 0.088 0.164 0.336 0.186 
 69    (0)   :  0.110 0.080 0.052 0.158 0.389 0.212 
 70    (0)   :  0.303 0.011 0.044 0.237 0.181 0.224 
 71    (0)   :  0.308 0.047 0.116 0.182 0.265 0.082 
 72    (0)   :  0.108 0.010 0.075 0.222 0.448 0.137 
 73    (0)   :  0.128 0.062 0.315 0.238 0.147 0.110 
 74    (0)   :  0.195 0.011 0.079 0.103 0.343 0.268 
 75    (0)   :  0.208 0.017 0.089 0.078 0.210 0.398 
 76    (0)   :  0.124 0.010 0.147 0.416 0.146 0.156 
 77    (0)   :  0.308 0.029 0.074 0.218 0.273 0.096 
 78    (0)   :  0.264 0.033 0.067 0.158 0.373 0.105 
 79    (0)   :  0.012 0.016 0.094 0.464 0.284 0.130 
 80    (0)   :  0.015 0.011 0.101 0.184 0.134 0.556 
 81    (0)   :  0.012 0.009 0.121 0.250 0.184 0.425 
 82    (0)   :  0.043 0.031 0.145 0.360 0.133 0.288 
 83    (0)   :  0.024 0.009 0.122 0.238 0.269 0.338 
 84    (0)   :  0.015 0.009 0.090 0.360 0.210 0.315 
 85    (0)   :  0.020 0.010 0.095 0.165 0.323 0.386 
 86    (0)   :  0.044 0.027 0.411 0.211 0.194 0.113 
 87    (0)   :  0.024 0.012 0.069 0.569 0.181 0.145 
 88    (0)   :  0.016 0.011 0.091 0.314 0.139 0.429 
 89    (0)   :  0.014 0.010 0.154 0.232 0.137 0.453 
 90    (0)   :  0.014 0.012 0.091 0.596 0.137 0.150 
 91    (0)   :  0.023 0.008 0.063 0.140 0.209 0.556 
 92    (0)   :  0.015 0.014 0.119 0.410 0.211 0.231 
 93    (0)   :  0.015 0.010 0.047 0.087 0.091 0.751 
 94    (0)   :  0.029 0.009 0.037 0.555 0.255 0.117 
 95    (0)   :  0.015 0.010 0.077 0.508 0.102 0.290 
 96    (0)   :  0.177 0.014 0.220 0.161 0.081 0.347 
 97    (0)   :  0.123 0.017 0.131 0.096 0.279 0.353 
 98    (0)   :  0.122 0.022 0.184 0.190 0.246 0.236 
 99    (0)   :  0.013 0.010 0.123 0.408 0.174 0.273 
100    (0)   :  0.018 0.013 0.220 0.087 0.079 0.583 
101    (0)   :  0.033 0.013 0.093 0.447 0.163 0.252 
102    (0)   :  0.053 0.022 0.056 0.275 0.143 0.451 
103    (0)   :  0.019 0.013 0.429 0.272 0.096 0.171 
104    (0)   :  0.021 0.015 0.075 0.615 0.117 0.157 
105    (0)   :  0.023 0.038 0.114 0.507 0.088 0.230 
106    (0)   :  0.024 0.011 0.051 0.583 0.265 0.065 
107    (0)   :  0.022 0.020 0.222 0.458 0.096 0.182 
108    (0)   :  0.164 0.011 0.397 0.110 0.223 0.097 
109    (0)   :  0.038 0.169 0.082 0.355 0.287 0.070 
110    (0)   :  0.019 0.012 0.041 0.617 0.235 0.076 
111    (0)   :  0.018 0.032 0.085 0.687 0.086 0.092 
112    (0)   :  0.034 0.194 0.038 0.527 0.131 0.077 
113    (0)   :  0.036 0.017 0.378 0.191 0.216 0.161 
114    (0)   :  0.017 0.028 0.081 0.577 0.109 0.189 
115    (0)   :  0.088 0.050 0.062 0.546 0.124 0.130 
116    (0)   :  0.095 0.019 0.082 0.425 0.304 0.074 
117    (0)   :  0.032 0.036 0.036 0.591 0.201 0.104 
118    (0)   :  0.022 0.045 0.424 0.307 0.112 0.091 
119    (0)   :  0.231 0.009 0.097 0.209 0.112 0.342 
120    (0)   :  0.036 0.074 0.088 0.526 0.133 0.143 
121    (0)   :  0.166 0.082 0.054 0.474 0.128 0.096 
122    (0)   :  0.020 0.023 0.075 0.542 0.247 0.094 
123    (0)   :  0.028 0.015 0.091 0.598 0.144 0.124 
124    (0)   :  0.077 0.029 0.106 0.420 0.273 0.095 
125    (0)   :  0.060 0.045 0.038 0.271 0.467 0.119 
126    (0)   :  0.072 0.010 0.081 0.511 0.177 0.148 
127    (0)   :  0.020 0.023 0.099 0.677 0.080 0.102 
128    (0)   :  0.023 0.038 0.400 0.334 0.105 0.100 
129    (0)   :  0.022 0.023 0.236 0.541 0.094 0.085 
130    (0)   :  0.015 0.045 0.131 0.516 0.119 0.173 
131    (0)   :  0.137 0.035 0.067 0.354 0.329 0.078 
132    (0)   :  0.025 0.017 0.157 0.516 0.211 0.074 
133    (0)   :  0.029 0.017 0.223 0.507 0.103 0.120 
134    (0)   :  0.015 0.019 0.042 0.704 0.163 0.056 
135    (0)   :  0.077 0.050 0.093 0.093 0.093 0.595 
136    (0)   :  0.014 0.027 0.048 0.060 0.120 0.730 
137    (0)   :  0.014 0.026 0.037 0.118 0.082 0.724 
138    (0)   :  0.022 0.009 0.039 0.063 0.095 0.772 
139    (0)   :  0.039 0.019 0.362 0.088 0.132 0.360 
140    (0)   :  0.042 0.013 0.076 0.172 0.158 0.539 
141    (0)   :  0.020 0.023 0.059 0.068 0.184 0.646 
142    (0)   :  0.099 0.032 0.138 0.090 0.089 0.552 
143    (0)   :  0.015 0.009 0.042 0.060 0.070 0.804 
144    (0)   :  0.016 0.026 0.040 0.116 0.073 0.730 
145    (0)   :  0.026 0.039 0.070 0.072 0.203 0.591 
146    (0)   :  0.027 0.017 0.042 0.169 0.190 0.555 
147    (0)   :  0.013 0.011 0.034 0.059 0.078 0.805 
148    (0)   :  0.038 0.030 0.099 0.126 0.137 0.571 
149    (0)   :  0.032 0.016 0.058 0.066 0.104 0.724 
150    (0)   :  0.017 0.034 0.065 0.183 0.100 0.602 
151    (0)   :  0.016 0.011 0.053 0.087 0.084 0.749 
152    (0)   :  0.075 0.032 0.081 0.102 0.173 0.536 
153    (0)   :  0.033 0.011 0.037 0.087 0.112 0.720 
154    (0)   :  0.023 0.027 0.067 0.064 0.112 0.707 
155    (0)   :  0.016 0.009 0.049 0.081 0.077 0.767 
156    (0)   :  0.060 0.017 0.080 0.112 0.067 0.663 
157    (0)   :  0.015 0.008 0.040 0.181 0.106 0.650 
158    (0)   :  0.022 0.039 0.048 0.070 0.195 0.628 
159    (0)   :  0.012 0.014 0.042 0.059 0.076 0.796 
160    (0)   :  0.012 0.016 0.050 0.060 0.077 0.784 
161    (0)   :  0.023 0.011 0.044 0.102 0.141 0.679 
162    (0)   :  0.031 0.021 0.061 0.174 0.205 0.509 
163    (0)   :  0.023 0.009 0.042 0.076 0.070 0.780 
164    (0)   :  0.019 0.014 0.095 0.170 0.131 0.571 
165    (0)   :  0.017 0.032 0.048 0.172 0.085 0.646 
166    (0)   :  0.043 0.009 0.063 0.194 0.141 0.550 
167    (0)   :  0.020 0.027 0.036 0.104 0.170 0.642 
168    (0)   :  0.036 0.011 0.040 0.080 0.150 0.683 
169    (0)   :  0.033 0.042 0.043 0.065 0.397 0.420 
170    (0)   :  0.038 0.010 0.081 0.104 0.083 0.684 
171    (0)   :  0.028 0.014 0.076 0.108 0.175 0.599 
172    (0)   :  0.105 0.018 0.057 0.066 0.212 0.542 
173    (0)   :  0.014 0.014 0.077 0.062 0.078 0.754 
174    (0)   :  0.013 0.010 0.046 0.085 0.091 0.755 
175    (0)   :  0.021 0.015 0.044 0.060 0.114 0.746 
176    (0)   :  0.016 0.026 0.040 0.117 0.074 0.727 
177    (0)   :  0.020 0.011 0.039 0.196 0.167 0.567 
178    (0)   :  0.014 0.014 0.057 0.088 0.154 0.673 
179    (0)   :  0.013 0.009 0.051 0.062 0.078 0.787 
180    (0)   :  0.032 0.019 0.039 0.118 0.174 0.617 
181    (0)   :  0.027 0.022 0.080 0.072 0.122 0.677 
182    (0)   :  0.019 0.019 0.078 0.066 0.072 0.747 
183    (0)   :  0.016 0.010 0.058 0.063 0.083 0.770 
184    (0)   :  0.015 0.014 0.662 0.088 0.133 0.088 
185    (0)   :  0.075 0.018 0.064 0.061 0.063 0.718 
186    (0)   :  0.016 0.010 0.533 0.200 0.144 0.097 
187    (0)   :  0.019 0.010 0.508 0.094 0.105 0.263 
188    (0)   :  0.016 0.010 0.667 0.128 0.105 0.074 
189    (0)   :  0.032 0.010 0.206 0.095 0.341 0.316 
190    (0)   :  0.145 0.017 0.432 0.069 0.056 0.282 
191    (0)   :  0.013 0.014 0.708 0.079 0.088 0.097 
192    (0)   :  0.015 0.011 0.435 0.141 0.117 0.282 
193    (0)   :  0.024 0.024 0.378 0.130 0.168 0.276 
194    (0)   :  0.029 0.011 0.296 0.173 0.115 0.377 
195    (0)   :  0.029 0.009 0.548 0.064 0.066 0.284 
196    (0)   :  0.047 0.014 0.579 0.089 0.074 0.196 
197    (0)   :  0.037 0.015 0.270 0.202 0.248 0.228 
198    (0)   :  0.030 0.011 0.252 0.234 0.234 0.238 
199    (0)   :  0.070 0.019 0.377 0.110 0.100 0.324 
200    (0)   :  0.049 0.030 0.526 0.084 0.141 0.171 
201    (0)   :  0.022 0.010 0.345 0.078 0.079 0.465 
202    (0)   :  0.041 0.014 0.120 0.099 0.068 0.658 
203    (0)   :  0.018 0.014 0.420 0.063 0.069 0.416 
204    (0)   :  0.024 0.010 0.699 0.064 0.061 0.142 
205    (0)   :  0.025 0.011 0.685 0.080 0.086 0.113 
206    (0)   :  0.018 0.010 0.673 0.066 0.071 0.162 
207    (0)   :  0.026 0.018 0.650 0.096 0.068 0.142 
208    (0)   :  0.024 0.013 0.559 0.078 0.069 0.257 
209    (0)   :  0.020 0.019 0.612 0.094 0.100 0.155 
210    (0)   :  0.018 0.010 0.668 0.082 0.072 0.151 
211    (0)   :  0.086 0.127 0.210 0.177 0.078 0.322 
212    (0)   :  0.034 0.013 0.166 0.081 0.109 0.597 
213    (0)   :  0.099 0.013 0.269 0.247 0.126 0.246 
214    (0)   :  0.023 0.019 0.270 0.074 0.082 0.532 
215    (0)   :  0.020 0.013 0.726 0.080 0.077 0.083 
216    (0)   :  0.020 0.017 0.477 0.138 0.198 0.150 
217    (0)   :  0.025 0.011 0.452 0.065 0.092 0.355 
218    (0)   :  0.014 0.011 0.680 0.083 0.091 0.120 
219    (0)   :  0.019 0.011 0.341 0.105 0.238 0.286 
220    (0)   :  0.015 0.011 0.744 0.069 0.066 0.095 
221    (0)   :  0.051 0.013 0.091 0.058 0.065 0.722 
222    (0)   :  0.020 0.012 0.360 0.148 0.254 0.207 
223    (0)   :  0.023 0.010 0.282 0.118 0.154 0.413 
224    (0)   :  0.016 0.012 0.485 0.069 0.073 0.344 
225    (0)   :  0.027 0.011 0.651 0.080 0.078 0.154 
226    (0)   :  0.018 0.015 0.500 0.089 0.212 0.165 
227    (0)   :  0.068 0.011 0.348 0.122 0.071 0.380 
228    (0)   :  0.089 0.018 0.461 0.066 0.065 0.301 
229    (0)   :  0.013 0.010 0.517 0.069 0.075 0.316 
230    (0)   :  0.014 0.012 0.592 0.065 0.067 0.249 
231    (0)   :  0.014 0.013 0.575 0.074 0.101 0.223 
232    (0)   :  0.039 0.015 0.206 0.154 0.165 0.421 
233    (0)   :  0.018 0.017 0.240 0.073 0.082 0.571 
234    (0)   :  0.016 0.014 0.468 0.137 0.159 0.206 
235    (0)   :  0.029 0.011 0.394 0.098 0.149 0.320 
236    (0)   :  0.017 0.017 0.405 0.087 0.103 0.371 
237    (0)   :  0.026 0.023 0.628 0.096 0.080 0.147 
238    (0)   :  0.023 0.013 0.220 0.109 0.099 0.536 
239    (0)   :  0.029 0.009 0.548 0.064 0.065 0.284 
240    (0)   :  0.023 0.012 0.227 0.110 0.097 0.530 
241    (0)   :  0.030 0.013 0.170 0.086 0.088 0.614 
242    (0)   :  0.022 0.010 0.563 0.077 0.165 0.163 
243    (0)   :  0.050 0.019 0.594 0.072 0.061 0.205 
244    (0)   :  0.016 0.015 0.518 0.064 0.067 0.320 
245    (0)   :  0.028 0.009 0.098 0.086 0.075 0.704 
246    (0)   :  0.026 0.011 0.452 0.065 0.090 0.356 
247    (0)   :  0.035 0.010 0.324 0.356 0.172 0.104 
248    (0)   :  0.022 0.018 0.663 0.121 0.083 0.094 
249    (0)   :  0.020 0.015 0.423 0.078 0.076 0.387 
250    (0)   :  0.015 0.014 0.515 0.089 0.094 0.273 
251    (0)   :  0.026 0.024 0.450 0.115 0.246 0.138 
252    (0)   :  0.026 0.009 0.554 0.089 0.092 0.230 
253    (0)   :  0.040 0.012 0.377 0.220 0.163 0.188 
254    (0)   :  0.019 0.012 0.546 0.106 0.150 0.167 
255    (0)   :  0.020 0.014 0.515 0.108 0.126 0.218 
256    (0)   :  0.029 0.016 0.396 0.092 0.097 0.370 
257    (0)   :  0.024 0.020 0.488 0.136 0.104 0.228 
258    (0)   :  0.055 0.015 0.485 0.181 0.113 0.150 
259    (0)   :  0.016 0.015 0.568 0.090 0.090 0.220 
260    (0)   :  0.017 0.014 0.286 0.117 0.202 0.365 
261    (0)   :  0.036 0.010 0.415 0.087 0.096 0.356 
262    (0)   :  0.058 0.013 0.433 0.061 0.072 0.364 
263    (0)   :  0.017 0.014 0.702 0.075 0.087 0.105 
264    (0)   :  0.025 0.017 0.304 0.139 0.426 0.089 
265    (0)   :  0.018 0.010 0.614 0.081 0.113 0.164 
266    (0)   :  0.039 0.013 0.132 0.062 0.065 0.690 
267    (0)   :  0.024 0.026 0.374 0.136 0.120 0.321 
268    (0)   :  0.047 0.014 0.580 0.090 0.073 0.196 
269    (0)   :  0.018 0.012 0.409 0.087 0.261 0.213 
270    (0)   :  0.017 0.016 0.552 0.126 0.154 0.135 
271    (0)   :  0.030 0.017 0.567 0.137 0.113 0.136 
272    (0)   :  0.029 0.019 0.558 0.098 0.164 0.133 
273    (0)   :  0.025 0.032 0.403 0.128 0.175 0.238 
274    (0)   :  0.018 0.013 0.548 0.107 0.157 0.156 
275    (0)   :  0.017 0.017 0.636 0.072 0.118 0.139 
276    (0)   :  0.038 0.027 0.480 0.117 0.159 0.179 
277    (0)   :  0.019 0.011 0.385 0.118 0.155 0.313 
278    (0)   :  0.025 0.015 0.707 0.079 0.077 0.098 
279    (0)   :  0.019 0.014 0.506 0.109 0.129 0.223 
280    (0)   :  0.031 0.012 0.450 0.087 0.214 0.205 
281    (0)   :  0.020 0.013 0.508 0.152 0.135 0.171 
282    (0)   :  0.016 0.012 0.274 0.097 0.130 0.470 
283    (0)   :  0.019 0.011 0.245 0.091 0.089 0.545 
284    (0)   :  0.025 0.018 0.362 0.160 0.116 0.318 
285    (0)   :  0.051 0.019 0.598 0.127 0.126 0.078 
286    (0)   :  0.016 0.014 0.518 0.063 0.067 0.321 
287    (0)   :  0.018 0.009 0.423 0.131 0.203 0.216 
288    (0)   :  0.016 0.013 0.688 0.070 0.115 0.099 
289    (0)   :  0.028 0.015 0.628 0.112 0.112 0.104 
290    (0)   :  0.077 0.036 0.318 0.100 0.235 0.233 
291    (0)   :  0.031 0.017 0.567 0.137 0.111 0.137 
292    (0)   :  0.069 0.011 0.368 0.086 0.188 0.278 
293    (0)   :  0.107 0.033 0.217 0.151 0.336 0.157 
294    (0)   :  0.022 0.012 0.708 0.071 0.089 0.099 
295    (0)   :  0.045 0.030 0.362 0.140 0.189 0.234 
296    (0)   :  0.019 0.013 0.704 0.086 0.078 0.101 
297    (0)   :  0.024 0.011 0.510 0.092 0.215 0.148 
298    (0)   :  0.014 0.011 0.406 0.102 0.118 0.350 
299    (0)   :  0.014 0.010 0.682 0.078 0.103 0.113 
300    (0)   :  0.028 0.015 0.659 0.079 0.111 0.108 
301    (0)   :  0.016 0.018 0.570 0.090 0.184 0.123 
302    (0)   :  0.036 0.018 0.663 0.076 0.093 0.114 
303    (0)   :  0.026 0.014 0.378 0.079 0.120 0.383 
304    (0)   :  0.017 0.017 0.101 0.160 0.258 0.446 
305    (0)   :  0.023 0.012 0.626 0.060 0.075 0.205 
306    (0)   :  0.024 0.011 0.317 0.080 0.137 0.431 
307    (0)   :  0.019 0.020 0.336 0.117 0.144 0.364 
308    (0)   :  0.036 0.010 0.423 0.088 0.094 0.349 
309    (0)   :  0.022 0.016 0.723 0.084 0.069 0.086 
310    (0)   :  0.030 0.015 0.543 0.069 0.069 0.275 
311    (0)   :  0.014 0.012 0.593 0.066 0.068 0.247 
312    (0)   :  0.019 0.011 0.717 0.088 0.065 0.099 
313    (0)   :  0.047 0.014 0.689 0.085 0.067 0.097 
314    (0)   :  0.025 0.010 0.044 0.059 0.072 0.791 
315    (0)   :  0.033 0.009 0.037 0.070 0.103 0.748 
316    (0)   :  0.025 0.011 0.042 0.074 0.137 0.712 
317    (0)   :  0.014 0.010 0.037 0.059 0.077 0.803 
318    (0)   :  0.011 0.009 0.033 0.058 0.083 0.806 
319    (0)   :  0.015 0.010 0.044 0.060 0.071 0.800 
320    (0)   :  0.025 0.010 0.043 0.058 0.072 0.792 
321    (0)   :  0.013 0.011 0.034 0.059 0.087 0.796 
322    (0)   :  0.039 0.011 0.048 0.076 0.120 0.707 
323    (0)   :  0.012 0.009 0.036 0.060 0.079 0.805 
324    (0)   :  0.013 0.010 0.034 0.059 0.086 0.798 
325    (0)   :  0.020 0.010 0.033 0.070 0.128 0.738 
326    (0)   :  0.027 0.014 0.035 0.072 0.127 0.726 
327    (0)   :  0.014 0.010 0.037 0.058 0.077 0.803 
328    (0)   :  0.025 0.009 0.039 0.074 0.116 0.736 
329    (0)   :  0.011 0.009 0.033 0.058 0.074 0.815 
330    (0)   :  0.014 0.010 0.037 0.058 0.078 0.803 
331    (0)   :  0.011 0.009 0.037 0.059 0.076 0.808 
332    (0)   :  0.021 0.012 0.032 0.072 0.141 0.723 
333    (0)   :  0.026 0.012 0.040 0.075 0.112 0.735 
334    (0)   :  0.026 0.009 0.039 0.073 0.116 0.737 
335    (0)   :  0.028 0.009 0.036 0.071 0.101 0.753 
336    (0)   :  0.018 0.011 0.038 0.059 0.084 0.790 
337    (0)   :  0.025 0.011 0.035 0.072 0.132 0.726 
338    (0)   :  0.011 0.010 0.033 0.059 0.086 0.800 
339    (0)   :  0.011 0.008 0.038 0.059 0.077 0.807 
340    (0)   :  0.012 0.009 0.040 0.058 0.069 0.812 
341    (0)   :  0.014 0.013 0.042 0.060 0.078 0.793 
342    (0)   :  0.015 0.010 0.037 0.059 0.077 0.803 
343    (0)   :  0.049 0.010 0.037 0.072 0.108 0.724 
344    (0)   :  0.011 0.009 0.033 0.058 0.076 0.814 
345    (0)   :  0.015 0.010 0.037 0.058 0.077 0.803 
346    (0)   :  0.012 0.010 0.035 0.057 0.076 0.810 
347    (0)   :  0.012 0.009 0.034 0.058 0.068 0.819 
348    (0)   :  0.055 0.010 0.042 0.071 0.092 0.731 
349    (0)   :  0.015 0.010 0.037 0.059 0.077 0.802 
350    (0)   :  0.017 0.010 0.046 0.059 0.072 0.796 
351    (0)   :  0.028 0.009 0.036 0.072 0.101 0.754 
352    (0)   :  0.030 0.011 0.037 0.072 0.115 0.735 
353    (0)   :  0.018 0.011 0.037 0.059 0.084 0.790 
354    (0)   :  0.012 0.010 0.036 0.059 0.077 0.806 
355    (0)   :  0.012 0.010 0.033 0.058 0.084 0.804 
356    (0)   :  0.058 0.009 0.042 0.072 0.091 0.728 
357    (0)   :  0.020 0.012 0.050 0.099 0.311 0.508 
358    (0)   :  0.019 0.009 0.032 0.072 0.117 0.750 
359    (0)   :  0.011 0.009 0.037 0.059 0.079 0.805 
360    (0)   :  0.012 0.009 0.035 0.058 0.075 0.810 
361    (0)   :  0.027 0.014 0.057 0.106 0.319 0.477 
362    (0)   :  0.025 0.013 0.231 0.209 0.392 0.129 
363    (0)   :  0.030 0.014 0.105 0.330 0.426 0.095 
364    (0)   :  0.023 0.035 0.075 0.153 0.330 0.384 
365    (0)   :  0.026 0.072 0.078 0.135 0.581 0.108 
366    (0)   :  0.114 0.027 0.148 0.113 0.383 0.216 
367    (0)   :  0.016 0.010 0.040 0.580 0.287 0.067 
368    (0)   :  0.014 0.015 0.148 0.501 0.194 0.128 
369    (0)   :  0.099 0.023 0.102 0.142 0.256 0.378 
370    (0)   :  0.020 0.027 0.251 0.404 0.154 0.144 
371    (0)   :  0.028 0.033 0.311 0.157 0.293 0.178 
372    (0)   :  0.025 0.066 0.410 0.216 0.129 0.154 
373    (0)   :  0.020 0.020 0.085 0.401 0.273 0.202 
374    (0)   :  0.019 0.040 0.089 0.163 0.354 0.335 
375    (0)   :  0.018 0.024 0.104 0.366 0.403 0.086 
376    (0)   :  0.017 0.016 0.031 0.140 0.719 0.077 
377    (0)   :  0.032 0.022 0.176 0.274 0.367 0.129 
378    (0)   :  0.018 0.014 0.071 0.516 0.118 0.264 
379    (0)   :  0.026 0.032 0.046 0.150 0.675 0.072 
380    (0)   :  0.063 0.017 0.092 0.087 0.519 0.222 
381    (0)   :  0.071 0.014 0.054 0.081 0.560 0.219 
382    (0)   :  0.013 0.014 0.065 0.289 0.515 0.104 
383    (0)   :  0.023 0.025 0.100 0.072 0.589 0.191 
384    (0)   :  0.026 0.049 0.093 0.179 0.480 0.173 
385    (0)   :  0.012 0.393 0.055 0.110 0.188 0.241 
386    (0)   :  0.019 0.011 0.064 0.325 0.485 0.096 
387    (0)   :  0.026 0.017 0.052 0.324 0.466 0.116 
388    (0)   :  0.016 0.060 0.106 0.238 0.294 0.286 
389    (0)   :  0.058 0.258 0.286 0.169 0.122 0.107 
390    (0)   :  0.132 0.023 0.080 0.400 0.274 0.091 
391    (0)   :  0.056 0.165 0.081 0.320 0.205 0.175 
392    (0)   :  0.024 0.010 0.082 0.182 0.523 0.178 
393    (0)   :  0.107 0.013 0.040 0.100 0.582 0.158 
394    (0)   :  0.021 0.010 0.076 0.289 0.290 0.315 
395    (0)   :  0.112 0.011 0.195 0.258 0.311 0.113 
396    (0)   :  0.015 0.012 0.076 0.402 0.422 0.073 
397    (0)   :  0.022 0.025 0.306 0.116 0.309 0.223 
398    (0)   :  0.025 0.012 0.036 0.256 0.595 0.076 
399    (0)   :  0.034 0.020 0.084 0.537 0.220 0.104 
400    (0)   :  0.022 0.014 0.040 0.310 0.471 0.143 
401    (0)   :  0.060 0.013 0.054 0.557 0.166 0.151 
402    (0)   :  0.078 0.022 0.105 0.336 0.300 0.161 
403    (0)   :  0.022 0.042 0.081 0.195 0.198 0.462 
404    (0)   :  0.018 0.027 0.138 0.188 0.441 0.188 
405    (0)   :  0.030 0.012 0.123 0.171 0.492 0.171 
406    (0)   :  0.333 0.010 0.070 0.083 0.300 0.205 
407    (0)   :  0.017 0.010 0.045 0.125 0.730 0.073 
408    (0)   :  0.060 0.009 0.100 0.659 0.098 0.073 
409    (0)   :  0.183 0.016 0.047 0.122 0.250 0.381 
410    (0)   :  0.034 0.034 0.062 0.251 0.459 0.160 
411    (0)   :  0.066 0.013 0.051 0.152 0.495 0.223 
412    (0)   :  0.014 0.015 0.137 0.441 0.275 0.118 
413    (0)   :  0.016 0.010 0.121 0.410 0.205 0.236 
414    (0)   :  0.014 0.042 0.155 0.431 0.279 0.078 
415    (0)   :  0.056 0.013 0.062 0.168 0.587 0.114 
416    (0)   :  0.054 0.038 0.074 0.271 0.390 0.173 
417    (0)   :  0.021 0.010 0.052 0.176 0.656 0.085 
418    (0)   :  0.013 0.011 0.060 0.546 0.289 0.081 
419    (0)   :  0.043 0.042 0.071 0.255 0.288 0.301 
420    (0)   :  0.152 0.011 0.057 0.511 0.169 0.101 
421    (0)   :  0.021 0.011 0.084 0.354 0.430 0.099 
422    (0)   :  0.079 0.015 0.234 0.154 0.399 0.119 
423    (0)   :  0.029 0.015 0.111 0.185 0.527 0.134 
424    (0)   :  0.121 0.025 0.042 0.476 0.193 0.142 
425    (0)   :  0.022 0.151 0.094 0.190 0.369 0.174 
426    (0)   :  0.023 0.062 0.059 0.383 0.290 0.183 
427    (0)   :  0.025 0.009 0.033 0.196 0.546 0.191 
428    (0)   :  0.071 0.019 0.088 0.122 0.415 0.285 
429    (0)   :  0.015 0.009 0.046 0.282 0.581 0.067 
430    (0)   :  0.030 0.010 0.057 0.155 0.662 0.086 
431    (0)   :  0.020 0.025 0.149 0.398 0.256 0.152 
432    (0)   :  0.016 0.013 0.105 0.509 0.211 0.146 
433    (0)   :  0.026 0.019 0.106 0.258 0.154 0.437 
434    (0)   :  0.028 0.021 0.132 0.177 0.406 0.236 
435    (0)   :  0.034 0.008 0.035 0.212 0.636 0.075 
436    (0)   :  0.054 0.011 0.025 0.221 0.563 0.126 
437    (0)   :  0.018 0.010 0.047 0.128 0.717 0.081 
438    (0)   :  0.235 0.010 0.034 0.269 0.300 0.152 
439    (0)   :  0.025 0.009 0.026 0.133 0.708 0.099 
440    (0)   :  0.029 0.010 0.033 0.150 0.716 0.062 
441    (0)   :  0.025 0.012 0.040 0.180 0.557 0.186 
442    (0)   :  0.034 0.029 0.049 0.292 0.503 0.093 
443    (0)   :  0.132 0.014 0.042 0.513 0.222 0.077 
444    (0)   :  0.050 0.027 0.046 0.222 0.565 0.090 
445    (0)   :  0.089 0.017 0.044 0.115 0.481 0.254 
446    (0)   :  0.025 0.015 0.025 0.327 0.521 0.087 
447    (0)   :  0.079 0.034 0.037 0.162 0.519 0.170 
448    (0)   :  0.025 0.011 0.046 0.215 0.614 0.089 
449    (0)   :  0.026 0.012 0.051 0.177 0.595 0.140 
450    (0)   :  0.014 0.014 0.033 0.173 0.628 0.139 
451    (0)   :  0.026 0.013 0.054 0.627 0.215 0.064 
452    (0)   :  0.015 0.011 0.035 0.161 0.658 0.121 
453    (0)   :  0.267 0.017 0.070 0.328 0.154 0.163 
454    (0)   :  0.022 0.011 0.054 0.154 0.604 0.155 
455    (0)   :  0.112 0.010 0.030 0.260 0.499 0.088 
456    (0)   :  0.138 0.013 0.052 0.227 0.490 0.080 
457    (0)   :  0.019 0.009 0.036 0.120 0.726 0.089 
458    (0)   :  0.021 0.014 0.033 0.147 0.685 0.099 
459    (0)   :  0.036 0.010 0.025 0.315 0.411 0.203 
460    (0)   :  0.030 0.010 0.028 0.398 0.452 0.083 
461    (0)   :  0.014 0.010 0.026 0.563 0.305 0.083 
462    (0)   :  0.073 0.051 0.076 0.274 0.464 0.062 
463    (0)   :  0.399 0.010 0.065 0.140 0.263 0.123 
464    (0)   :  0.073 0.009 0.034 0.467 0.335 0.082 
465    (0)   :  0.039 0.011 0.040 0.550 0.257 0.102 
466    (0)   :  0.165 0.009 0.050 0.428 0.261 0.087 
467    (0)   :  0.059 0.013 0.068 0.258 0.463 0.139 
468    (0)   :  0.085 0.009 0.040 0.111 0.675 0.081 
469    (0)   :  0.033 0.009 0.024 0.103 0.746 0.085 
470    (0)   :  0.029 0.008 0.029 0.240 0.617 0.077 
471    (0)   :  0.116 0.043 0.109 0.231 0.400 0.100 
472    (0)   :  0.063 0.016 0.056 0.299 0.456 0.111 
473    (0)   :  0.030 0.011 0.079 0.192 0.542 0.145 
474    (0)   :  0.035 0.011 0.048 0.184 0.589 0.133 
475    (0)   :  0.029 0.011 0.041 0.493 0.258 0.168 
476    (0)   :  0.039 0.010 0.035 0.156 0.657 0.102 
477    (0)   :  0.049 0.020 0.031 0.521 0.233 0.146 
478    (0)   :  0.021 0.019 0.026 0.688 0.171 0.076 
479    (0)   :  0.021 0.010 0.029 0.212 0.654 0.073 
480    (0)   :  0.017 0.009 0.030 0.108 0.753 0.083 
481    (0)   :  0.025 0.035 0.145 0.206 0.494 0.094 
482    (0)   :  0.015 0.008 0.030 0.218 0.654 0.075 
483    (0)   :  0.032 0.011 0.028 0.224 0.602 0.104 
484    (0)   :  0.195 0.014 0.052 0.199 0.430 0.110 
485    (0)   :  0.066 0.009 0.028 0.198 0.617 0.081 
486    (0)   :  0.073 0.151 0.165 0.245 0.220 0.147 
487    (0)   :  0.036 0.107 0.073 0.201 0.277 0.305 
488    (0)   :  0.029 0.143 0.109 0.342 0.165 0.212 
489    (0)   :  0.073 0.068 0.128 0.130 0.288 0.314 
490    (0)   :  0.057 0.031 0.067 0.531 0.227 0.087 
491    (0)   :  0.022 0.142 0.254 0.138 0.156 0.288 
492    (0)   :  0.046 0.033 0.069 0.346 0.114 0.392 
493    (0)   :  0.033 0.300 0.157 0.165 0.184 0.160 
494    (0)   :  0.038 0.116 0.158 0.164 0.287 0.237 
495    (0)   :  0.054 0.144 0.038 0.362 0.133 0.269 
496    (0)   :  0.031 0.011 0.120 0.172 0.149 0.516 
497    (0)   :  0.016 0.382 0.119 0.104 0.137 0.241 
498    (0)   :  0.065 0.232 0.074 0.269 0.197 0.163 
499    (0)   :  0.034 0.086 0.084 0.125 0.201 0.470 
500    (0)   :  0.030 0.046 0.236 0.127 0.417 0.144 
501    (0)   :  0.018 0.025 0.094 0.195 0.322 0.345 
502    (0)   :  0.014 0.048 0.054 0.319 0.191 0.374 
503    (0)   :  0.023 0.016 0.094 0.193 0.571 0.102 
504    (0)   :  0.040 0.068 0.053 0.590 0.125 0.124 
505    (0)   :  0.051 0.066 0.290 0.187 0.159 0.247 
506    (0)   :  0.018 0.058 0.117 0.309 0.161 0.336 
507    (0)   :  0.034 0.011 0.084 0.074 0.082 0.715 
508    (0)   :  0.067 0.042 0.062 0.101 0.088 0.639 
509    (0)   :  0.031 0.032 0.248 0.162 0.126 0.402 
510    (0)   :  0.024 0.035 0.084 0.167 0.288 0.402 
511    (0)   :  0.033 0.044 0.131 0.204 0.451 0.138 
512    (0)   :  0.015 0.033 0.089 0.199 0.576 0.088 
513    (0)   :  0.032 0.597 0.083 0.108 0.058 0.122 
514    (0)   :  0.021 0.018 0.078 0.568 0.132 0.182 
515    (0)   :  0.079 0.025 0.072 0.150 0.391 0.284 
516    (0)   :  0.048 0.017 0.097 0.561 0.114 0.162 
517    (0)   :  0.132 0.012 0.073 0.250 0.242 0.291 
518    (0)   :  0.016 0.048 0.194 0.107 0.325 0.311 
519    (0)   :  0.025 0.016 0.050 0.603 0.132 0.175 
520    (0)   :  0.182 0.012 0.060 0.088 0.256 0.403 
521    (0)   :  0.025 0.013 0.167 0.258 0.121 0.417 
522    (0)   :  0.189 0.024 0.064 0.141 0.454 0.128 
523    (0)   :  0.240 0.012 0.061 0.203 0.123 0.362 
524    (0)   :  0.097 0.012 0.078 0.165 0.452 0.196 
525    (0)   :  0.040 0.025 0.083 0.097 0.375 0.380 
526    (0)   :  0.434 0.009 0.066 0.092 0.239 0.160 
527    (0)   :  0.016 0.110 0.069 0.262 0.399 0.144 
528    (0)   :  0.025 0.011 0.194 0.123 0.101 0.547 
529    (0)   :  0.024 0.054 0.285 0.218 0.199 0.220 
530    (0)   :  0.065 0.031 0.065 0.130 0.509 0.200 
531    (0)   :  0.040 0.015 0.044 0.135 0.285 0.481 
532    (0)   :  0.047 0.033 0.118 0.207 0.228 0.367 
533    (0)   :  0.051 0.033 0.169 0.128 0.443 0.177 
534    (0)   :  0.079 0.111 0.245 0.207 0.092 0.267 
535    (0)   :  0.218 0.011 0.073 0.312 0.212 0.174 
536    (0)   :  0.088 0.016 0.131 0.165 0.304 0.298 
537    (0)   :  0.117 0.020 0.101 0.140 0.142 0.480 
538    (0)   :  0.077 0.013 0.230 0.132 0.198 0.350 
539    (0)   :  0.027 0.013 0.128 0.078 0.096 0.658 
540    (0)   :  0.074 0.015 0.217 0.122 0.233 0.339 
541    (0)   :  0.041 0.016 0.122 0.143 0.170 0.508 
542    (0)   :  0.237 0.024 0.208 0.106 0.281 0.143 
543    (0)   :  0.189 0.018 0.129 0.276 0.120 0.268 
544    (0)   :  0.326 0.014 0.098 0.144 0.190 0.228 
545    (0)   :  0.507 0.014 0.060 0.151 0.180 0.087 
546    (0)   :  0.094 0.033 0.283 0.125 0.177 0.286 
547    (0)   :  0.464 0.012 0.045 0.126 0.101 0.252 
548    (0)   :  0.015 0.014 0.516 0.088 0.096 0.270 
549    (0)   :  0.141 0.012 0.036 0.098 0.217 0.497 
550    (0)   :  0.364 0.014 0.051 0.178 0.263 0.129 
551    (0)   :  0.038 0.011 0.043 0.132 0.136 0.640 
552    (0)   :  0.062 0.012 0.369 0.100 0.153 0.303 
553    (0)   :  0.421 0.015 0.102 0.134 0.078 0.251 
554    (0)   :  0.053 0.019 0.178 0.182 0.312 0.257 
555    (0)   :  0.067 0.051 0.107 0.126 0.145 0.505 
556    (0)   :  0.057 0.015 0.253 0.150 0.178 0.348 
557    (0)   :  0.211 0.013 0.047 0.208 0.313 0.208 
558    (0)   :  0.013 0.008 0.025 0.212 0.664 0.077 
559    (0)   :  0.027 0.013 0.323 0.376 0.138 0.122 
560    (0)   :  0.028 0.014 0.053 0.515 0.331 0.059 
561    (0)   :  0.037 0.019 0.062 0.465 0.336 0.082 
562    (0)   :  0.057 0.026 0.100 0.489 0.269 0.060 
563    (0)   :  0.037 0.022 0.028 0.475 0.157 0.281 
564    (0)   :  0.058 0.015 0.418 0.193 0.193 0.123 
565    (0)   :  0.016 0.010 0.037 0.113 0.738 0.086 
566    (0)   :  0.019 0.012 0.039 0.546 0.320 0.063 
567    (0)   :  0.031 0.026 0.434 0.248 0.179 0.083 
568    (0)   :  0.041 0.009 0.100 0.505 0.218 0.127 
569    (0)   :  0.106 0.016 0.071 0.246 0.430 0.132 
570    (0)   :  0.015 0.009 0.049 0.180 0.683 0.064 
571    (0)   :  0.021 0.010 0.063 0.653 0.155 0.097 
572    (0)   :  0.299 0.021 0.093 0.109 0.213 0.266 
573    (0)   :  0.052 0.014 0.309 0.175 0.323 0.127 
574    (0)   :  0.029 0.015 0.065 0.119 0.527 0.245 
575    (0)   :  0.025 0.011 0.072 0.467 0.212 0.213 
576    (0)   :  0.016 0.025 0.040 0.562 0.294 0.063 
577    (0)   :  0.021 0.015 0.067 0.185 0.475 0.237 
578    (0)   :  0.028 0.018 0.069 0.494 0.287 0.103 
579    (0)   :  0.029 0.040 0.149 0.286 0.406 0.090 
580    (0)   :  0.017 0.012 0.060 0.170 0.590 0.151 
581    (0)   :  0.018 0.011 0.049 0.276 0.526 0.120 
582    (0)   :  0.046 0.010 0.047 0.332 0.492 0.073 
583    (0)   :  0.021 0.025 0.073 0.527 0.255 0.100 
584    (0)   :  0.015 0.014 0.038 0.566 0.291 0.076 
585    (0)   :  0.023 0.022 0.054 0.434 0.382 0.085 
586    (0)   :  0.023 0.012 0.096 0.631 0.116 0.121 
587    (0)   :  0.048 0.016 0.154 0.300 0.410 0.072 
588    (0)   :  0.094 0.028 0.598 0.116 0.075 0.089 
589    (0)   :  0.090 0.012 0.064 0.185 0.571 0.078 
590    (0)   :  0.019 0.026 0.127 0.582 0.154 0.091 
591    (0)   :  0.016 0.011 0.066 0.640 0.159 0.109 
592    (0)   :  0.068 0.011 0.163 0.423 0.252 0.083 
593    (0)   :  0.031 0.010 0.111 0.357 0.340 0.150 
594    (0)   :  0.020 0.048 0.088 0.461 0.166 0.216 
595    (0)   :  0.013 0.119 0.140 0.202 0.457 0.069 
596    (0)   :  0.080 0.020 0.259 0.202 0.298 0.141 
597    (0)   :  0.042 0.013 0.059 0.507 0.097 0.282 
598    (0)   :  0.015 0.008 0.030 0.136 0.741 0.069 
599    (0)   :  0.039 0.010 0.076 0.559 0.251 0.065 
600    (0)   :  0.033 0.014 0.073 0.161 0.530 0.188 
601    (0)   :  0.039 0.011 0.066 0.421 0.392 0.072 
602    (0)   :  0.016 0.029 0.206 0.261 0.199 0.289 
603    (0)   :  0.017 0.018 0.243 0.300 0.172 0.249 
604    (0)   :  0.024 0.040 0.085 0.125 0.536 0.191 
605    (0)   :  0.041 0.019 0.119 0.388 0.310 0.123 
606    (0)   :  0.032 0.015 0.225 0.207 0.263 0.257 
607    (0)   :  0.014 0.019 0.124 0.137 0.381 0.324 
608    (0)   :  0.021 0.010 0.049 0.186 0.230 0.504 
609    (0)   :  0.035 0.019 0.044 0.204 0.541 0.157 
610    (0)   :  0.085 0.018 0.073 0.154 0.550 0.119 
611    (0)   :  0.031 0.018 0.114 0.380 0.164 0.292 
612    (0)   :  0.039 0.012 0.042 0.114 0.687 0.107 
613    (0)   :  0.049 0.042 0.117 0.187 0.435 0.170 
614    (0)   :  0.017 0.026 0.083 0.084 0.699 0.091 
615    (0)   :  0.021 0.012 0.083 0.093 0.644 0.147 
616    (0)   :  0.014 0.015 0.153 0.175 0.414 0.229 
617    (0)   :  0.045 0.144 0.082 0.159 0.475 0.095 
618    (0)   :  0.038 0.040 0.089 0.090 0.491 0.252 
619    (0)   :  0.063 0.010 0.132 0.315 0.271 0.209 
620    (0)   :  0.074 0.012 0.268 0.390 0.195 0.062 
621    (0)   :  0.013 0.018 0.038 0.466 0.365 0.100 
622    (0)   :  0.040 0.105 0.242 0.109 0.348 0.156 
623    (0)   :  0.025 0.015 0.151 0.413 0.286 0.109 
624    (0)   :  0.026 0.012 0.053 0.131 0.539 0.239 
625    (0)   :  0.019 0.043 0.069 0.198 0.444 0.228 
626    (0)   :  0.124 0.012 0.070 0.081 0.252 0.462 
627    (0)   :  0.029 0.020 0.163 0.314 0.318 0.156 
628    (0)   :  0.018 0.040 0.320 0.261 0.231 0.129 
629    (0)   :  0.016 0.024 0.145 0.317 0.328 0.171 
630    (0)   :  0.029 0.020 0.075 0.220 0.537 0.119 
631    (0)   :  0.016 0.013 0.191 0.150 0.502 0.127 
632    (0)   :  0.025 0.024 0.265 0.106 0.217 0.363 
633    (0)   :  0.017 0.026 0.074 0.144 0.510 0.229 
634    (0)   :  0.037 0.013 0.209 0.187 0.272 0.282 
635    (0)   :  0.021 0.013 0.099 0.121 0.235 0.511 
636    (0)   :  0.023 0.012 0.057 0.209 0.411 0.289 
637    (0)   :  0.107 0.026 0.149 0.205 0.265 0.248 
638    (0)   :  0.016 0.016 0.149 0.305 0.281 0.232 
639    (0)   :  0.019 0.030 0.118 0.108 0.523 0.202 
640    (0)   :  0.013 0.038 0.062 0.460 0.286 0.142 
641    (0)   :  0.018 0.024 0.202 0.190 0.398 0.169 
642    (0)   :  0.038 0.012 0.070 0.138 0.149 0.592 
643    (0)   :  0.017 0.010 0.052 0.108 0.109 0.704 
644    (0)   :  0.020 0.014 0.064 0.173 0.116 0.614 
645    (0)   :  0.029 0.025 0.051 0.063 0.307 0.524 
646    (0)   :  0.057 0.035 0.147 0.291 0.197 0.273 
647    (0)   :  0.028 0.040 0.078 0.218 0.135 0.500 
648    (0)   :  0.052 0.155 0.212 0.095 0.184 0.302 
649    (0)   :  0.060 0.015 0.404 0.168 0.100 0.254 
650    (0)   :  0.035 0.016 0.160 0.337 0.119 0.333 
651    (0)   :  0.015 0.096 0.211 0.136 0.147 0.395 
652    (0)   :  0.021 0.013 0.084 0.154 0.126 0.603 
653    (0)   :  0.042 0.109 0.087 0.095 0.174 0.493 
654    (0)   :  0.070 0.039 0.082 0.119 0.129 0.562 
655    (0)   :  0.022 0.010 0.057 0.274 0.120 0.517 
656    (0)   :  0.068 0.079 0.152 0.141 0.158 0.401 
657    (0)   :  0.020 0.034 0.070 0.160 0.382 0.334 
658    (0)   :  0.050 0.011 0.072 0.365 0.178 0.324 
659    (0)   :  0.050 0.034 0.069 0.131 0.179 0.536 
660    (0)   :  0.030 0.011 0.158 0.119 0.101 0.580 
661    (0)   :  0.102 0.014 0.107 0.105 0.132 0.540 
662    (0)   :  0.122 0.018 0.407 0.180 0.084 0.189 
663    (0)   :  0.021 0.010 0.219 0.132 0.137 0.480 
664    (0)   :  0.042 0.013 0.053 0.332 0.201 0.359 
665    (0)   :  0.060 0.013 0.406 0.149 0.105 0.268 
666    (0)   :  0.036 0.011 0.134 0.134 0.145 0.539 
667    (0)   :  0.039 0.205 0.093 0.292 0.159 0.213 
668    (0)   :  0.040 0.012 0.097 0.175 0.188 0.489 
669    (0)   :  0.038 0.037 0.316 0.141 0.147 0.321 
670    (0)   :  0.018 0.009 0.071 0.073 0.079 0.751 
671    (0)   :  0.024 0.010 0.099 0.115 0.095 0.657 
672    (0)   :  0.039 0.009 0.034 0.152 0.119 0.647 
673    (0)   :  0.012 0.009 0.036 0.060 0.081 0.802 
674    (0)   :  0.024 0.014 0.072 0.082 0.129 0.680 
675    (0)   :  0.015 0.026 0.040 0.115 0.073 0.730 
676    (0)   :  0.013 0.009 0.033 0.059 0.076 0.809 
677    (0)   :  0.066 0.009 0.079 0.068 0.068 0.709 
678    (0)   :  0.012 0.011 0.035 0.067 0.081 0.794 
679    (0)   :  0.012 0.012 0.053 0.079 0.138 0.706 
680    (0)   :  0.017 0.018 0.041 0.066 0.111 0.747 
681    (0)   :  0.231 0.036 0.052 0.092 0.214 0.375 
682    (0)   :  0.019 0.010 0.032 0.067 0.114 0.758 
683    (0)   :  0.022 0.009 0.051 0.070 0.073 0.775 
684    (0)   :  0.014 0.011 0.037 0.067 0.079 0.791 
685    (0)   :  0.014 0.009 0.036 0.059 0.069 0.813 
686    (0)   :  0.059 0.011 0.063 0.080 0.106 0.680 
687    (0)   :  0.033 0.009 0.116 0.109 0.088 0.646 
688    (0)   :  0.015 0.010 0.047 0.088 0.090 0.749 
689    (0)   :  0.014 0.009 0.034 0.057 0.073 0.813 
690    (0)   :  0.013 0.009 0.034 0.060 0.076 0.808 
691    (0)   :  0.019 0.014 0.050 0.077 0.125 0.716 
692    (0)   :  0.013 0.012 0.044 0.087 0.100 0.744 
693    (0)   :  0.014 0.010 0.038 0.103 0.105 0.729 
694    (0)   :  0.016 0.008 0.036 0.056 0.065 0.819 
695    (0)   :  0.036 0.009 0.031 0.068 0.101 0.755 
696    (0)   :  0.014 0.010 0.046 0.089 0.091 0.750 
697    (0)   :  0.017 0.010 0.046 0.058 0.075 0.794 
698    (0)   :  0.013 0.009 0.039 0.060 0.077 0.802 
699    (0)   :  0.085 0.009 0.043 0.068 0.090 0.705 
700    (0)   :  0.067 0.012 0.052 0.100 0.098 0.670 
701    (0)   :  0.028 0.021 0.053 0.081 0.143 0.674 
702    (0)   :  0.032 0.011 0.052 0.099 0.129 0.677 
703    (0)   :  0.020 0.010 0.038 0.068 0.115 0.749 
704    (0)   :  0.020 0.009 0.054 0.084 0.082 0.751 
705    (0)   :  0.211 0.030 0.066 0.096 0.134 0.463 
706    (0)   :  0.028 0.012 0.035 0.064 0.103 0.758 
707    (0)   :  0.023 0.011 0.046 0.061 0.077 0.783 
708    (0)   :  0.014 0.014 0.043 0.060 0.075 0.793 
709    (0)   :  0.043 0.010 0.036 0.066 0.076 0.770 
710    (0)   :  0.017 0.009 0.032 0.057 0.069 0.816 
711    (0)   :  0.044 0.011 0.051 0.066 0.095 0.732 
712    (0)   :  0.039 0.013 0.058 0.057 0.064 0.769 
713    (0)   :  0.017 0.010 0.053 0.087 0.080 0.753 
714    (0)   :  0.015 0.026 0.063 0.081 0.133 0.682 
715    (0)   :  0.031 0.009 0.042 0.057 0.066 0.795 
