

----------------------------------------------------
STRUCTURE by Pritchard, Stephens and Donnelly (2000)
     and Falush, Stephens and Pritchard (2003)
       Code by Pritchard, Falush and Hubisz
             Version 2.3.4 (Jul 2012)
----------------------------------------------------



Command line arguments:   ./structure -K 7 -D 107017 -m brooktrout/mainparams -e brooktrout/extraparams -o brooktrout/250914_output/results_K7_rep17 
Input File:    brooktrout/brooktrout.txt

Run parameters:
   8454 individuals
   5 loci
   7 populations assumed
   50000 Burn-in period
   100000 Reps
RANDOMIZE turned off


--------------------------------------------
Overall proportion of membership of the
sample in each of the 7 clusters

Inferred Clusters
  1      2      3      4      5      6      7    
0.016  0.024  0.047  0.211  0.207  0.255  0.239  

--------------------------------------------

Allele-freq. divergence among pops (Net nucleotide distance),
computed using point estimates of P.

      1       2       3       4       5       6       7      
 1      -    0.1390  0.1554  0.0880  0.0767  0.1034  0.1004  
 2   0.1390     -    0.1789  0.1322  0.1479  0.1770  0.1183  
 3   0.1554  0.1789     -    0.1169  0.1075  0.1915  0.1660  
 4   0.0880  0.1322  0.1169     -    0.0620  0.1501  0.0824  
 5   0.0767  0.1479  0.1075  0.0620     -    0.1311  0.0937  
 6   0.1034  0.1770  0.1915  0.1501  0.1311     -    0.0963  
 7   0.1004  0.1183  0.1660  0.0824  0.0937  0.0963     -    

Average distances (expected heterozygosity) between individuals in same cluster:
cluster  1  : 0.8278 
cluster  2  : 0.7716 
cluster  3  : 0.6880 
cluster  4  : 0.7866 
cluster  5  : 0.7543 
cluster  6  : 0.7258 
cluster  7  : 0.8048 

--------------------------------------------
Estimated Ln Prob of Data   = -208513.8
Mean value of ln likelihood = -171939.4
Variance of ln likelihood   = 73148.7

Mean value of alpha_1       = 0.0455
Mean value of alpha_2       = 0.0622
Mean value of alpha_3       = 0.1286
Mean value of alpha_4       = 0.5773
Mean value of alpha_5       = 0.5761
Mean value of alpha_6       = 0.7083
Mean value of alpha_7       = 0.6835
Allele frequencies uncorrelated


Inferred ancestry of individuals:
     (%Miss) :  Inferred clusters
  1    (0)   :  0.010 0.045 0.032 0.140 0.267 0.352 0.156 
  2    (0)   :  0.006 0.006 0.015 0.144 0.169 0.112 0.547 
  3    (0)   :  0.012 0.009 0.044 0.116 0.368 0.263 0.188 
  4    (0)   :  0.016 0.006 0.034 0.129 0.094 0.553 0.169 
  5    (0)   :  0.009 0.007 0.017 0.164 0.222 0.117 0.465 
  6    (0)   :  0.007 0.006 0.017 0.113 0.636 0.110 0.110 
  7    (0)   :  0.012 0.006 0.025 0.458 0.286 0.109 0.103 
  8    (0)   :  0.060 0.008 0.038 0.157 0.238 0.374 0.125 
  9    (0)   :  0.022 0.017 0.019 0.136 0.314 0.204 0.289 
 10    (0)   :  0.020 0.009 0.020 0.189 0.387 0.266 0.109 
 11    (0)   :  0.006 0.016 0.024 0.448 0.288 0.114 0.104 
 12    (0)   :  0.009 0.006 0.016 0.169 0.240 0.173 0.387 
 13    (0)   :  0.012 0.008 0.019 0.223 0.335 0.173 0.229 
 14    (0)   :  0.007 0.007 0.038 0.103 0.177 0.196 0.472 
 15    (0)   :  0.010 0.006 0.053 0.183 0.147 0.330 0.272 
 16    (0)   :  0.007 0.015 0.025 0.146 0.508 0.155 0.144 
 17    (0)   :  0.022 0.010 0.022 0.131 0.409 0.156 0.249 
 18    (0)   :  0.023 0.011 0.046 0.102 0.310 0.200 0.307 
 19    (0)   :  0.008 0.006 0.018 0.142 0.540 0.141 0.145 
 20    (0)   :  0.008 0.007 0.037 0.254 0.187 0.173 0.334 
 21    (0)   :  0.008 0.014 0.025 0.110 0.181 0.314 0.349 
 22    (0)   :  0.010 0.009 0.017 0.098 0.554 0.176 0.136 
 23    (0)   :  0.017 0.019 0.039 0.126 0.129 0.353 0.317 
 24    (0)   :  0.007 0.013 0.027 0.124 0.348 0.315 0.166 
 25    (0)   :  0.011 0.006 0.038 0.281 0.372 0.087 0.206 
 26    (0)   :  0.017 0.008 0.026 0.127 0.330 0.254 0.238 
 27    (0)   :  0.011 0.013 0.022 0.136 0.373 0.194 0.251 
 28    (0)   :  0.010 0.016 0.026 0.206 0.206 0.410 0.125 
 29    (0)   :  0.006 0.010 0.016 0.252 0.205 0.149 0.363 
 30    (0)   :  0.006 0.013 0.021 0.090 0.539 0.143 0.188 
 31    (0)   :  0.035 0.012 0.019 0.185 0.242 0.221 0.287 
 32    (0)   :  0.008 0.006 0.033 0.144 0.289 0.297 0.223 
 33    (0)   :  0.007 0.026 0.035 0.203 0.271 0.273 0.184 
 34    (0)   :  0.017 0.014 0.039 0.383 0.275 0.166 0.105 
 35    (0)   :  0.022 0.028 0.015 0.104 0.305 0.118 0.409 
 36    (0)   :  0.006 0.064 0.153 0.098 0.166 0.141 0.370 
 37    (0)   :  0.015 0.008 0.017 0.152 0.194 0.313 0.301 
 38    (0)   :  0.007 0.080 0.313 0.197 0.123 0.090 0.191 
 39    (0)   :  0.010 0.061 0.050 0.224 0.220 0.131 0.302 
 40    (0)   :  0.006 0.038 0.027 0.076 0.175 0.217 0.461 
 41    (0)   :  0.007 0.377 0.040 0.127 0.121 0.093 0.236 
 42    (0)   :  0.007 0.176 0.074 0.091 0.107 0.395 0.152 
 43    (0)   :  0.014 0.026 0.015 0.151 0.133 0.201 0.459 
 44    (0)   :  0.012 0.047 0.013 0.099 0.214 0.107 0.508 
 45    (0)   :  0.007 0.142 0.065 0.112 0.150 0.090 0.435 
 46    (0)   :  0.020 0.015 0.021 0.145 0.347 0.118 0.334 
 47    (0)   :  0.037 0.022 0.015 0.131 0.384 0.167 0.244 
 48    (0)   :  0.015 0.041 0.017 0.073 0.202 0.106 0.546 
 49    (0)   :  0.015 0.072 0.026 0.129 0.240 0.166 0.352 
 50    (0)   :  0.020 0.017 0.022 0.215 0.372 0.150 0.204 
 51    (0)   :  0.005 0.230 0.078 0.076 0.087 0.102 0.422 
 52    (0)   :  0.014 0.114 0.031 0.220 0.222 0.164 0.235 
 53    (0)   :  0.010 0.047 0.213 0.164 0.241 0.160 0.165 
 54    (0)   :  0.016 0.018 0.011 0.133 0.192 0.179 0.449 
 55    (0)   :  0.011 0.010 0.015 0.109 0.127 0.123 0.603 
 56    (0)   :  0.010 0.023 0.037 0.076 0.244 0.160 0.451 
 57    (0)   :  0.041 0.011 0.020 0.167 0.336 0.303 0.121 
 58    (0)   :  0.008 0.039 0.028 0.128 0.141 0.149 0.507 
 59    (0)   :  0.008 0.156 0.098 0.121 0.155 0.141 0.321 
 60    (0)   :  0.006 0.022 0.042 0.100 0.120 0.251 0.459 
 61    (0)   :  0.005 0.012 0.012 0.083 0.072 0.186 0.630 
 62    (0)   :  0.029 0.037 0.019 0.133 0.303 0.149 0.330 
 63    (0)   :  0.006 0.015 0.032 0.249 0.125 0.227 0.345 
 64    (0)   :  0.009 0.020 0.041 0.127 0.441 0.106 0.256 
 65    (0)   :  0.008 0.010 0.018 0.494 0.159 0.085 0.226 
 66    (0)   :  0.007 0.009 0.019 0.180 0.118 0.292 0.375 
 67    (0)   :  0.010 0.014 0.012 0.125 0.130 0.105 0.604 
 68    (0)   :  0.009 0.140 0.112 0.120 0.144 0.174 0.301 
 69    (0)   :  0.016 0.149 0.234 0.155 0.135 0.176 0.135 
 70    (0)   :  0.006 0.027 0.092 0.226 0.106 0.214 0.329 
 71    (0)   :  0.007 0.161 0.079 0.115 0.135 0.079 0.424 
 72    (0)   :  0.008 0.023 0.041 0.135 0.378 0.118 0.297 
 73    (0)   :  0.007 0.045 0.020 0.137 0.102 0.093 0.596 
 74    (0)   :  0.006 0.053 0.148 0.088 0.166 0.233 0.305 
 75    (0)   :  0.007 0.059 0.096 0.067 0.135 0.294 0.341 
 76    (0)   :  0.008 0.012 0.020 0.293 0.123 0.136 0.409 
 77    (0)   :  0.005 0.256 0.084 0.173 0.108 0.087 0.288 
 78    (0)   :  0.006 0.264 0.195 0.142 0.094 0.091 0.208 
 79    (0)   :  0.007 0.007 0.023 0.389 0.296 0.128 0.151 
 80    (0)   :  0.007 0.008 0.018 0.171 0.127 0.541 0.128 
 81    (0)   :  0.008 0.006 0.021 0.237 0.171 0.439 0.118 
 82    (0)   :  0.007 0.010 0.020 0.194 0.127 0.221 0.421 
 83    (0)   :  0.007 0.006 0.057 0.238 0.163 0.343 0.187 
 84    (0)   :  0.006 0.007 0.030 0.346 0.156 0.316 0.140 
 85    (0)   :  0.007 0.006 0.061 0.155 0.228 0.368 0.176 
 86    (0)   :  0.011 0.015 0.018 0.173 0.192 0.113 0.478 
 87    (0)   :  0.008 0.007 0.045 0.472 0.147 0.140 0.182 
 88    (0)   :  0.007 0.007 0.019 0.256 0.131 0.386 0.194 
 89    (0)   :  0.009 0.007 0.018 0.199 0.143 0.448 0.174 
 90    (0)   :  0.006 0.006 0.022 0.512 0.126 0.156 0.171 
 91    (0)   :  0.007 0.006 0.055 0.133 0.137 0.521 0.142 
 92    (0)   :  0.008 0.006 0.022 0.295 0.220 0.212 0.237 
 93    (0)   :  0.007 0.008 0.014 0.082 0.089 0.693 0.106 
 94    (0)   :  0.006 0.008 0.118 0.527 0.119 0.117 0.106 
 95    (0)   :  0.007 0.007 0.020 0.444 0.088 0.289 0.145 
 96    (0)   :  0.006 0.015 0.014 0.099 0.073 0.304 0.489 
 97    (0)   :  0.008 0.026 0.120 0.077 0.165 0.255 0.348 
 98    (0)   :  0.005 0.025 0.018 0.116 0.202 0.167 0.468 
 99    (0)   :  0.006 0.007 0.024 0.386 0.142 0.292 0.143 
100    (0)   :  0.009 0.007 0.013 0.082 0.088 0.565 0.236 
101    (0)   :  0.010 0.007 0.045 0.321 0.138 0.212 0.266 
102    (0)   :  0.008 0.016 0.047 0.240 0.086 0.409 0.194 
103    (0)   :  0.009 0.011 0.017 0.286 0.089 0.238 0.350 
104    (0)   :  0.007 0.007 0.016 0.541 0.101 0.148 0.180 
105    (0)   :  0.010 0.015 0.014 0.421 0.081 0.217 0.241 
106    (0)   :  0.006 0.009 0.035 0.557 0.176 0.070 0.147 
107    (0)   :  0.010 0.009 0.016 0.401 0.089 0.205 0.271 
108    (0)   :  0.005 0.006 0.190 0.095 0.085 0.103 0.516 
109    (0)   :  0.014 0.091 0.053 0.413 0.138 0.073 0.218 
110    (0)   :  0.007 0.012 0.033 0.601 0.164 0.079 0.104 
111    (0)   :  0.007 0.013 0.015 0.619 0.083 0.102 0.160 
112    (0)   :  0.006 0.156 0.026 0.511 0.089 0.079 0.133 
113    (0)   :  0.010 0.012 0.032 0.162 0.171 0.157 0.455 
114    (0)   :  0.006 0.012 0.014 0.525 0.094 0.182 0.168 
115    (0)   :  0.010 0.016 0.022 0.397 0.100 0.134 0.321 
116    (0)   :  0.008 0.026 0.063 0.358 0.139 0.076 0.329 
117    (0)   :  0.011 0.046 0.029 0.544 0.149 0.107 0.114 
118    (0)   :  0.007 0.010 0.022 0.248 0.105 0.099 0.509 
119    (0)   :  0.005 0.012 0.045 0.185 0.073 0.327 0.352 
120    (0)   :  0.009 0.022 0.021 0.423 0.104 0.141 0.280 
121    (0)   :  0.047 0.048 0.029 0.373 0.100 0.101 0.300 
122    (0)   :  0.005 0.018 0.026 0.517 0.176 0.095 0.162 
123    (0)   :  0.007 0.012 0.034 0.524 0.109 0.132 0.182 
124    (0)   :  0.013 0.071 0.035 0.326 0.186 0.093 0.275 
125    (0)   :  0.008 0.094 0.056 0.277 0.302 0.119 0.145 
126    (0)   :  0.005 0.017 0.041 0.405 0.121 0.142 0.269 
127    (0)   :  0.008 0.008 0.014 0.594 0.071 0.106 0.199 
128    (0)   :  0.006 0.010 0.013 0.215 0.116 0.100 0.539 
129    (0)   :  0.012 0.009 0.015 0.452 0.088 0.091 0.332 
130    (0)   :  0.010 0.015 0.015 0.490 0.100 0.187 0.182 
131    (0)   :  0.013 0.126 0.171 0.292 0.144 0.077 0.176 
132    (0)   :  0.008 0.012 0.025 0.487 0.152 0.078 0.238 
133    (0)   :  0.013 0.013 0.023 0.450 0.096 0.135 0.271 
134    (0)   :  0.005 0.015 0.020 0.671 0.130 0.060 0.099 
135    (0)   :  0.010 0.016 0.022 0.073 0.082 0.460 0.336 
136    (0)   :  0.011 0.007 0.016 0.062 0.135 0.655 0.113 
137    (0)   :  0.007 0.011 0.016 0.117 0.083 0.680 0.087 
138    (0)   :  0.006 0.008 0.020 0.063 0.090 0.712 0.102 
139    (0)   :  0.006 0.009 0.018 0.076 0.119 0.307 0.465 
140    (0)   :  0.007 0.014 0.023 0.125 0.138 0.473 0.220 
141    (0)   :  0.009 0.010 0.022 0.069 0.203 0.548 0.139 
142    (0)   :  0.008 0.016 0.020 0.070 0.078 0.438 0.371 
143    (0)   :  0.005 0.006 0.013 0.058 0.069 0.758 0.091 
144    (0)   :  0.006 0.011 0.014 0.113 0.075 0.686 0.095 
145    (0)   :  0.014 0.012 0.023 0.070 0.218 0.468 0.196 
146    (0)   :  0.014 0.010 0.023 0.139 0.163 0.507 0.144 
147    (0)   :  0.007 0.006 0.014 0.059 0.078 0.756 0.080 
148    (0)   :  0.009 0.015 0.016 0.101 0.138 0.505 0.217 
149    (0)   :  0.009 0.015 0.023 0.064 0.099 0.615 0.175 
150    (0)   :  0.009 0.013 0.015 0.168 0.099 0.553 0.143 
151    (0)   :  0.007 0.008 0.014 0.081 0.081 0.685 0.125 
152    (0)   :  0.010 0.010 0.036 0.088 0.135 0.462 0.259 
153    (0)   :  0.006 0.016 0.021 0.082 0.101 0.641 0.132 
154    (0)   :  0.020 0.009 0.016 0.062 0.127 0.594 0.171 
155    (0)   :  0.007 0.006 0.013 0.079 0.075 0.713 0.107 
156    (0)   :  0.006 0.014 0.013 0.083 0.063 0.596 0.225 
157    (0)   :  0.006 0.008 0.021 0.183 0.076 0.617 0.089 
158    (0)   :  0.012 0.012 0.025 0.069 0.210 0.524 0.147 
159    (0)   :  0.009 0.006 0.015 0.059 0.078 0.744 0.089 
160    (0)   :  0.013 0.006 0.015 0.060 0.079 0.722 0.105 
161    (0)   :  0.006 0.014 0.022 0.095 0.128 0.601 0.134 
162    (0)   :  0.021 0.010 0.021 0.134 0.170 0.446 0.199 
163    (0)   :  0.006 0.009 0.013 0.072 0.067 0.717 0.117 
164    (0)   :  0.031 0.007 0.018 0.127 0.128 0.496 0.194 
165    (0)   :  0.008 0.013 0.015 0.158 0.083 0.596 0.127 
166    (0)   :  0.008 0.007 0.073 0.173 0.078 0.493 0.168 
167    (0)   :  0.062 0.006 0.019 0.091 0.165 0.553 0.103 
168    (0)   :  0.007 0.008 0.056 0.079 0.103 0.602 0.145 
169    (0)   :  0.015 0.032 0.095 0.065 0.287 0.370 0.135 
170    (0)   :  0.006 0.012 0.014 0.086 0.081 0.591 0.210 
171    (0)   :  0.008 0.006 0.040 0.097 0.135 0.503 0.211 
172    (0)   :  0.007 0.070 0.088 0.061 0.131 0.447 0.196 
173    (0)   :  0.009 0.006 0.013 0.061 0.079 0.698 0.133 
174    (0)   :  0.008 0.007 0.014 0.084 0.088 0.702 0.098 
175    (0)   :  0.008 0.009 0.014 0.061 0.128 0.674 0.106 
176    (0)   :  0.007 0.011 0.015 0.113 0.074 0.687 0.094 
177    (0)   :  0.008 0.013 0.037 0.200 0.107 0.521 0.114 
178    (0)   :  0.010 0.007 0.015 0.088 0.167 0.604 0.110 
179    (0)   :  0.006 0.006 0.013 0.061 0.080 0.743 0.091 
180    (0)   :  0.014 0.011 0.024 0.099 0.157 0.557 0.138 
181    (0)   :  0.010 0.012 0.021 0.069 0.115 0.548 0.226 
182    (0)   :  0.012 0.007 0.014 0.062 0.071 0.640 0.194 
183    (0)   :  0.007 0.006 0.013 0.061 0.083 0.719 0.111 
184    (0)   :  0.012 0.006 0.018 0.117 0.216 0.112 0.517 
185    (0)   :  0.005 0.014 0.013 0.053 0.059 0.643 0.212 
186    (0)   :  0.010 0.006 0.014 0.218 0.215 0.118 0.419 
187    (0)   :  0.006 0.006 0.016 0.111 0.142 0.352 0.368 
188    (0)   :  0.011 0.007 0.012 0.179 0.179 0.088 0.524 
189    (0)   :  0.006 0.008 0.062 0.095 0.251 0.329 0.249 
190    (0)   :  0.005 0.009 0.011 0.057 0.054 0.265 0.598 
191    (0)   :  0.007 0.007 0.013 0.101 0.141 0.162 0.570 
192    (0)   :  0.006 0.007 0.015 0.158 0.163 0.353 0.298 
193    (0)   :  0.006 0.008 0.017 0.103 0.178 0.271 0.417 
194    (0)   :  0.008 0.009 0.015 0.135 0.125 0.344 0.363 
195    (0)   :  0.006 0.007 0.012 0.062 0.074 0.418 0.421 
196    (0)   :  0.005 0.009 0.014 0.078 0.069 0.233 0.592 
197    (0)   :  0.009 0.007 0.015 0.156 0.274 0.226 0.313 
198    (0)   :  0.005 0.008 0.022 0.161 0.230 0.237 0.337 
199    (0)   :  0.006 0.008 0.020 0.081 0.080 0.201 0.605 
200    (0)   :  0.005 0.009 0.027 0.086 0.124 0.207 0.542 
201    (0)   :  0.006 0.006 0.012 0.073 0.089 0.517 0.298 
202    (0)   :  0.005 0.008 0.012 0.081 0.069 0.536 0.289 
203    (0)   :  0.006 0.007 0.012 0.069 0.077 0.476 0.353 
204    (0)   :  0.006 0.007 0.011 0.068 0.070 0.215 0.624 
205    (0)   :  0.006 0.007 0.019 0.087 0.100 0.169 0.613 
206    (0)   :  0.008 0.006 0.011 0.069 0.095 0.252 0.558 
207    (0)   :  0.006 0.007 0.011 0.087 0.076 0.128 0.684 
208    (0)   :  0.006 0.006 0.012 0.074 0.080 0.320 0.503 
209    (0)   :  0.006 0.007 0.013 0.099 0.142 0.204 0.530 
210    (0)   :  0.005 0.007 0.012 0.087 0.084 0.247 0.558 
211    (0)   :  0.008 0.009 0.012 0.102 0.069 0.262 0.538 
212    (0)   :  0.005 0.009 0.014 0.069 0.119 0.535 0.249 
213    (0)   :  0.006 0.017 0.020 0.151 0.108 0.216 0.482 
214    (0)   :  0.006 0.007 0.012 0.069 0.084 0.521 0.301 
215    (0)   :  0.005 0.007 0.018 0.095 0.090 0.130 0.656 
216    (0)   :  0.011 0.006 0.018 0.130 0.246 0.151 0.437 
217    (0)   :  0.005 0.007 0.017 0.065 0.095 0.442 0.369 
218    (0)   :  0.007 0.006 0.019 0.106 0.117 0.204 0.541 
219    (0)   :  0.013 0.006 0.030 0.103 0.251 0.322 0.274 
220    (0)   :  0.006 0.006 0.011 0.083 0.084 0.157 0.652 
221    (0)   :  0.006 0.013 0.012 0.055 0.064 0.625 0.226 
222    (0)   :  0.010 0.006 0.017 0.130 0.317 0.218 0.302 
223    (0)   :  0.006 0.006 0.020 0.105 0.152 0.426 0.285 
224    (0)   :  0.008 0.007 0.011 0.074 0.096 0.434 0.370 
225    (0)   :  0.006 0.007 0.015 0.084 0.093 0.222 0.573 
226    (0)   :  0.008 0.007 0.108 0.093 0.149 0.222 0.413 
227    (0)   :  0.006 0.008 0.012 0.087 0.079 0.313 0.495 
228    (0)   :  0.006 0.011 0.012 0.056 0.067 0.368 0.481 
229    (0)   :  0.008 0.007 0.012 0.095 0.116 0.437 0.326 
230    (0)   :  0.007 0.007 0.012 0.084 0.094 0.346 0.450 
231    (0)   :  0.006 0.007 0.013 0.086 0.161 0.375 0.353 
232    (0)   :  0.008 0.012 0.026 0.120 0.145 0.345 0.344 
233    (0)   :  0.006 0.006 0.012 0.070 0.087 0.574 0.245 
234    (0)   :  0.005 0.007 0.016 0.134 0.210 0.284 0.343 
235    (0)   :  0.006 0.007 0.022 0.087 0.136 0.354 0.388 
236    (0)   :  0.006 0.006 0.016 0.089 0.124 0.435 0.324 
237    (0)   :  0.006 0.007 0.012 0.082 0.089 0.144 0.660 
238    (0)   :  0.005 0.008 0.012 0.095 0.098 0.512 0.269 
239    (0)   :  0.006 0.007 0.012 0.062 0.074 0.417 0.423 
240    (0)   :  0.005 0.008 0.012 0.094 0.099 0.517 0.265 
241    (0)   :  0.007 0.007 0.016 0.073 0.086 0.522 0.289 
242    (0)   :  0.007 0.008 0.027 0.092 0.187 0.266 0.412 
243    (0)   :  0.005 0.008 0.011 0.062 0.060 0.238 0.615 
244    (0)   :  0.007 0.007 0.011 0.071 0.083 0.424 0.397 
245    (0)   :  0.005 0.008 0.012 0.075 0.073 0.639 0.187 
246    (0)   :  0.005 0.007 0.017 0.064 0.094 0.440 0.372 
247    (0)   :  0.005 0.010 0.027 0.291 0.126 0.103 0.437 
248    (0)   :  0.005 0.006 0.014 0.109 0.097 0.102 0.668 
249    (0)   :  0.007 0.007 0.012 0.084 0.097 0.426 0.367 
250    (0)   :  0.007 0.006 0.015 0.107 0.138 0.358 0.369 
251    (0)   :  0.006 0.008 0.050 0.119 0.196 0.176 0.446 
252    (0)   :  0.006 0.007 0.015 0.093 0.120 0.335 0.423 
253    (0)   :  0.006 0.008 0.027 0.145 0.123 0.152 0.539 
254    (0)   :  0.010 0.006 0.014 0.114 0.246 0.233 0.377 
255    (0)   :  0.006 0.007 0.013 0.114 0.209 0.293 0.358 
256    (0)   :  0.006 0.007 0.014 0.077 0.095 0.351 0.449 
257    (0)   :  0.024 0.007 0.016 0.104 0.109 0.254 0.486 
258    (0)   :  0.005 0.009 0.016 0.125 0.118 0.176 0.551 
259    (0)   :  0.009 0.006 0.015 0.101 0.124 0.255 0.490 
260    (0)   :  0.009 0.006 0.015 0.117 0.261 0.395 0.198 
261    (0)   :  0.005 0.007 0.016 0.079 0.105 0.419 0.369 
262    (0)   :  0.005 0.008 0.016 0.055 0.064 0.356 0.496 
263    (0)   :  0.012 0.006 0.012 0.095 0.140 0.139 0.596 
264    (0)   :  0.012 0.007 0.018 0.115 0.442 0.085 0.321 
265    (0)   :  0.006 0.006 0.022 0.093 0.153 0.283 0.437 
266    (0)   :  0.006 0.009 0.012 0.056 0.064 0.602 0.252 
267    (0)   :  0.006 0.007 0.013 0.109 0.147 0.297 0.421 
268    (0)   :  0.005 0.009 0.014 0.078 0.068 0.231 0.595 
269    (0)   :  0.006 0.006 0.038 0.099 0.267 0.300 0.284 
270    (0)   :  0.012 0.007 0.015 0.136 0.231 0.161 0.438 
271    (0)   :  0.006 0.007 0.019 0.110 0.106 0.169 0.583 
272    (0)   :  0.007 0.008 0.098 0.093 0.104 0.174 0.515 
273    (0)   :  0.061 0.016 0.036 0.129 0.198 0.284 0.276 
274    (0)   :  0.006 0.006 0.028 0.104 0.154 0.203 0.498 
275    (0)   :  0.012 0.010 0.041 0.087 0.160 0.238 0.453 
276    (0)   :  0.008 0.009 0.064 0.097 0.100 0.143 0.579 
277    (0)   :  0.006 0.006 0.019 0.107 0.174 0.375 0.314 
278    (0)   :  0.005 0.007 0.018 0.083 0.082 0.154 0.652 
279    (0)   :  0.006 0.006 0.019 0.098 0.136 0.275 0.459 
280    (0)   :  0.006 0.008 0.032 0.083 0.194 0.236 0.440 
281    (0)   :  0.007 0.006 0.018 0.133 0.144 0.216 0.476 
282    (0)   :  0.005 0.006 0.016 0.095 0.153 0.516 0.209 
283    (0)   :  0.006 0.007 0.012 0.092 0.105 0.551 0.227 
284    (0)   :  0.005 0.010 0.016 0.137 0.121 0.353 0.358 
285    (0)   :  0.005 0.009 0.019 0.103 0.108 0.077 0.678 
286    (0)   :  0.006 0.007 0.012 0.070 0.083 0.424 0.398 
287    (0)   :  0.006 0.006 0.030 0.130 0.208 0.284 0.335 
288    (0)   :  0.007 0.007 0.066 0.095 0.126 0.170 0.529 
289    (0)   :  0.010 0.011 0.054 0.139 0.120 0.152 0.514 
290    (0)   :  0.010 0.026 0.018 0.080 0.202 0.201 0.464 
291    (0)   :  0.006 0.007 0.019 0.108 0.106 0.169 0.585 
292    (0)   :  0.005 0.010 0.034 0.074 0.148 0.272 0.456 
293    (0)   :  0.007 0.025 0.018 0.095 0.269 0.127 0.459 
294    (0)   :  0.014 0.008 0.015 0.094 0.133 0.118 0.618 
295    (0)   :  0.008 0.013 0.062 0.111 0.126 0.191 0.489 
296    (0)   :  0.006 0.007 0.018 0.103 0.086 0.161 0.620 
297    (0)   :  0.007 0.008 0.030 0.099 0.236 0.178 0.442 
298    (0)   :  0.007 0.006 0.015 0.119 0.180 0.432 0.241 
299    (0)   :  0.014 0.007 0.012 0.114 0.217 0.174 0.463 
300    (0)   :  0.006 0.009 0.015 0.079 0.101 0.111 0.678 
301    (0)   :  0.011 0.007 0.022 0.107 0.256 0.152 0.446 
302    (0)   :  0.013 0.010 0.016 0.088 0.122 0.129 0.623 
303    (0)   :  0.006 0.010 0.016 0.079 0.132 0.416 0.341 
304    (0)   :  0.010 0.007 0.013 0.137 0.273 0.423 0.137 
305    (0)   :  0.007 0.008 0.017 0.061 0.077 0.301 0.531 
306    (0)   :  0.006 0.007 0.022 0.074 0.120 0.451 0.320 
307    (0)   :  0.009 0.006 0.019 0.103 0.146 0.341 0.375 
308    (0)   :  0.005 0.007 0.016 0.079 0.104 0.421 0.368 
309    (0)   :  0.029 0.022 0.022 0.119 0.093 0.155 0.560 
310    (0)   :  0.005 0.007 0.012 0.065 0.075 0.319 0.517 
311    (0)   :  0.007 0.007 0.012 0.084 0.092 0.347 0.451 
312    (0)   :  0.005 0.008 0.011 0.097 0.072 0.158 0.648 
313    (0)   :  0.006 0.007 0.014 0.078 0.070 0.100 0.723 
314    (0)   :  0.005 0.012 0.016 0.056 0.068 0.736 0.108 
315    (0)   :  0.005 0.008 0.033 0.069 0.080 0.686 0.121 
316    (0)   :  0.010 0.008 0.055 0.077 0.100 0.653 0.098 
317    (0)   :  0.006 0.008 0.017 0.058 0.072 0.757 0.081 
318    (0)   :  0.006 0.007 0.018 0.060 0.079 0.760 0.069 
319    (0)   :  0.006 0.006 0.013 0.058 0.070 0.751 0.095 
320    (0)   :  0.005 0.012 0.016 0.056 0.068 0.735 0.108 
321    (0)   :  0.006 0.009 0.018 0.060 0.081 0.750 0.076 
322    (0)   :  0.009 0.009 0.049 0.076 0.089 0.644 0.125 
323    (0)   :  0.014 0.006 0.015 0.059 0.079 0.752 0.075 
324    (0)   :  0.006 0.009 0.018 0.060 0.081 0.751 0.076 
325    (0)   :  0.006 0.007 0.053 0.073 0.088 0.684 0.088 
326    (0)   :  0.019 0.012 0.083 0.074 0.087 0.637 0.087 
327    (0)   :  0.006 0.008 0.017 0.058 0.072 0.757 0.082 
328    (0)   :  0.006 0.007 0.036 0.074 0.086 0.676 0.114 
329    (0)   :  0.006 0.006 0.013 0.059 0.075 0.771 0.070 
330    (0)   :  0.006 0.008 0.017 0.058 0.073 0.756 0.081 
331    (0)   :  0.006 0.006 0.014 0.058 0.076 0.765 0.075 
332    (0)   :  0.024 0.008 0.066 0.075 0.094 0.649 0.085 
333    (0)   :  0.017 0.009 0.055 0.075 0.084 0.660 0.101 
334    (0)   :  0.006 0.007 0.036 0.073 0.086 0.677 0.117 
335    (0)   :  0.005 0.006 0.033 0.072 0.077 0.694 0.112 
336    (0)   :  0.019 0.011 0.019 0.057 0.079 0.728 0.087 
337    (0)   :  0.006 0.009 0.053 0.075 0.090 0.668 0.100 
338    (0)   :  0.008 0.008 0.019 0.060 0.082 0.754 0.069 
339    (0)   :  0.006 0.006 0.014 0.058 0.076 0.764 0.076 
340    (0)   :  0.005 0.006 0.013 0.057 0.068 0.770 0.080 
341    (0)   :  0.022 0.009 0.019 0.062 0.078 0.729 0.081 
342    (0)   :  0.006 0.009 0.017 0.059 0.072 0.756 0.082 
343    (0)   :  0.013 0.009 0.035 0.070 0.082 0.653 0.138 
344    (0)   :  0.006 0.006 0.014 0.058 0.076 0.771 0.069 
345    (0)   :  0.006 0.008 0.017 0.058 0.073 0.757 0.081 
346    (0)   :  0.006 0.007 0.017 0.058 0.071 0.768 0.074 
347    (0)   :  0.005 0.005 0.013 0.057 0.069 0.776 0.074 
348    (0)   :  0.005 0.009 0.030 0.067 0.071 0.662 0.156 
349    (0)   :  0.006 0.009 0.017 0.058 0.073 0.756 0.082 
350    (0)   :  0.006 0.007 0.013 0.056 0.072 0.742 0.104 
351    (0)   :  0.006 0.007 0.032 0.072 0.077 0.695 0.112 
352    (0)   :  0.006 0.009 0.049 0.072 0.079 0.676 0.109 
353    (0)   :  0.019 0.011 0.020 0.058 0.078 0.728 0.087 
354    (0)   :  0.009 0.006 0.015 0.061 0.079 0.758 0.072 
355    (0)   :  0.006 0.007 0.018 0.059 0.079 0.761 0.069 
356    (0)   :  0.005 0.008 0.029 0.067 0.072 0.660 0.159 
357    (0)   :  0.006 0.006 0.066 0.109 0.227 0.469 0.117 
358    (0)   :  0.008 0.006 0.039 0.074 0.089 0.696 0.089 
359    (0)   :  0.007 0.006 0.015 0.060 0.078 0.760 0.075 
360    (0)   :  0.006 0.007 0.017 0.057 0.071 0.768 0.073 
361    (0)   :  0.005 0.007 0.064 0.109 0.233 0.434 0.148 
362    (0)   :  0.007 0.013 0.106 0.257 0.203 0.139 0.275 
363    (0)   :  0.009 0.014 0.047 0.344 0.300 0.095 0.191 
364    (0)   :  0.020 0.009 0.023 0.137 0.346 0.288 0.179 
365    (0)   :  0.022 0.018 0.049 0.132 0.530 0.100 0.148 
366    (0)   :  0.007 0.014 0.046 0.094 0.288 0.174 0.377 
367    (0)   :  0.005 0.009 0.057 0.589 0.174 0.073 0.092 
368    (0)   :  0.007 0.006 0.020 0.369 0.234 0.128 0.235 
369    (0)   :  0.010 0.059 0.020 0.118 0.234 0.301 0.258 
370    (0)   :  0.025 0.012 0.026 0.344 0.174 0.148 0.271 
371    (0)   :  0.016 0.016 0.021 0.141 0.363 0.175 0.267 
372    (0)   :  0.112 0.019 0.031 0.219 0.148 0.155 0.316 
373    (0)   :  0.007 0.010 0.019 0.345 0.269 0.189 0.161 
374    (0)   :  0.009 0.022 0.053 0.170 0.263 0.318 0.165 
375    (0)   :  0.024 0.013 0.024 0.276 0.453 0.087 0.124 
376    (0)   :  0.103 0.019 0.060 0.207 0.443 0.084 0.085 
377    (0)   :  0.009 0.011 0.061 0.191 0.298 0.131 0.299 
378    (0)   :  0.007 0.010 0.021 0.458 0.099 0.267 0.137 
379    (0)   :  0.184 0.040 0.055 0.208 0.334 0.075 0.106 
380    (0)   :  0.013 0.032 0.141 0.080 0.364 0.213 0.158 
381    (0)   :  0.009 0.030 0.028 0.070 0.500 0.187 0.177 
382    (0)   :  0.006 0.007 0.028 0.364 0.384 0.103 0.107 
383    (0)   :  0.026 0.019 0.160 0.078 0.421 0.180 0.116 
384    (0)   :  0.088 0.021 0.037 0.152 0.450 0.151 0.100 
385    (0)   :  0.029 0.064 0.019 0.242 0.278 0.242 0.125 
386    (0)   :  0.005 0.009 0.046 0.385 0.324 0.095 0.137 
387    (0)   :  0.006 0.011 0.037 0.344 0.349 0.115 0.138 
388    (0)   :  0.024 0.022 0.030 0.206 0.305 0.281 0.132 
389    (0)   :  0.015 0.015 0.021 0.127 0.126 0.101 0.595 
390    (0)   :  0.021 0.086 0.107 0.337 0.168 0.092 0.189 
391    (0)   :  0.022 0.032 0.037 0.265 0.151 0.153 0.341 
392    (0)   :  0.008 0.009 0.029 0.170 0.466 0.169 0.150 
393    (0)   :  0.009 0.109 0.142 0.101 0.354 0.170 0.115 
394    (0)   :  0.006 0.006 0.060 0.285 0.182 0.317 0.144 
395    (0)   :  0.005 0.026 0.129 0.205 0.147 0.108 0.380 
396    (0)   :  0.007 0.007 0.016 0.302 0.452 0.075 0.142 
397    (0)   :  0.107 0.006 0.015 0.103 0.272 0.221 0.276 
398    (0)   :  0.045 0.022 0.192 0.326 0.230 0.083 0.103 
399    (0)   :  0.006 0.018 0.060 0.493 0.107 0.107 0.210 
400    (0)   :  0.008 0.011 0.023 0.308 0.388 0.146 0.116 
401    (0)   :  0.005 0.018 0.028 0.462 0.122 0.152 0.213 
402    (0)   :  0.008 0.007 0.020 0.225 0.309 0.135 0.296 
403    (0)   :  0.011 0.012 0.031 0.173 0.183 0.422 0.168 
404    (0)   :  0.010 0.024 0.018 0.154 0.411 0.190 0.194 
405    (0)   :  0.006 0.007 0.066 0.154 0.327 0.157 0.283 
406    (0)   :  0.005 0.013 0.339 0.079 0.103 0.232 0.229 
407    (0)   :  0.005 0.013 0.085 0.139 0.573 0.077 0.108 
408    (0)   :  0.005 0.009 0.017 0.441 0.087 0.072 0.369 
409    (0)   :  0.014 0.194 0.076 0.097 0.147 0.335 0.137 
410    (0)   :  0.091 0.020 0.063 0.260 0.274 0.145 0.148 
411    (0)   :  0.024 0.010 0.023 0.137 0.432 0.199 0.176 
412    (0)   :  0.007 0.006 0.021 0.368 0.295 0.117 0.186 
413    (0)   :  0.006 0.007 0.024 0.386 0.171 0.247 0.159 
414    (0)   :  0.006 0.009 0.018 0.434 0.257 0.080 0.195 
415    (0)   :  0.006 0.015 0.061 0.166 0.418 0.111 0.223 
416    (0)   :  0.007 0.064 0.023 0.227 0.332 0.155 0.192 
417    (0)   :  0.007 0.009 0.228 0.216 0.323 0.092 0.125 
418    (0)   :  0.008 0.007 0.019 0.468 0.300 0.087 0.110 
419    (0)   :  0.015 0.048 0.036 0.202 0.250 0.280 0.170 
420    (0)   :  0.005 0.029 0.028 0.408 0.118 0.102 0.311 
421    (0)   :  0.009 0.011 0.082 0.317 0.300 0.104 0.177 
422    (0)   :  0.008 0.016 0.119 0.118 0.249 0.110 0.380 
423    (0)   :  0.012 0.011 0.079 0.213 0.304 0.134 0.248 
424    (0)   :  0.010 0.016 0.096 0.429 0.112 0.154 0.182 
425    (0)   :  0.036 0.026 0.026 0.166 0.411 0.164 0.170 
426    (0)   :  0.044 0.013 0.079 0.376 0.182 0.167 0.140 
427    (0)   :  0.006 0.021 0.220 0.264 0.213 0.187 0.088 
428    (0)   :  0.027 0.016 0.248 0.102 0.157 0.239 0.212 
429    (0)   :  0.007 0.011 0.050 0.368 0.402 0.072 0.091 
430    (0)   :  0.007 0.032 0.188 0.176 0.379 0.094 0.124 
431    (0)   :  0.015 0.011 0.055 0.394 0.149 0.162 0.213 
432    (0)   :  0.007 0.006 0.021 0.367 0.237 0.139 0.223 
433    (0)   :  0.018 0.007 0.018 0.170 0.149 0.398 0.241 
434    (0)   :  0.008 0.013 0.021 0.131 0.405 0.191 0.231 
435    (0)   :  0.005 0.009 0.416 0.206 0.178 0.077 0.108 
436    (0)   :  0.007 0.018 0.408 0.189 0.167 0.125 0.087 
437    (0)   :  0.008 0.006 0.047 0.131 0.604 0.087 0.117 
438    (0)   :  0.006 0.022 0.436 0.161 0.082 0.139 0.156 
439    (0)   :  0.006 0.028 0.367 0.164 0.239 0.117 0.079 
440    (0)   :  0.004 0.008 0.380 0.225 0.215 0.065 0.102 
441    (0)   :  0.007 0.019 0.113 0.199 0.363 0.184 0.115 
442    (0)   :  0.007 0.045 0.028 0.285 0.369 0.093 0.173 
443    (0)   :  0.005 0.021 0.086 0.437 0.127 0.081 0.242 
444    (0)   :  0.007 0.035 0.069 0.253 0.356 0.091 0.189 
445    (0)   :  0.048 0.179 0.071 0.105 0.233 0.229 0.136 
446    (0)   :  0.051 0.027 0.270 0.329 0.164 0.088 0.071 
447    (0)   :  0.007 0.029 0.281 0.171 0.181 0.162 0.169 
448    (0)   :  0.006 0.008 0.083 0.214 0.440 0.095 0.154 
449    (0)   :  0.006 0.008 0.096 0.174 0.397 0.147 0.172 
450    (0)   :  0.008 0.014 0.023 0.171 0.574 0.136 0.074 
451    (0)   :  0.006 0.006 0.040 0.559 0.143 0.067 0.181 
452    (0)   :  0.006 0.008 0.042 0.195 0.538 0.124 0.086 
453    (0)   :  0.005 0.039 0.032 0.222 0.124 0.145 0.433 
454    (0)   :  0.006 0.008 0.125 0.193 0.383 0.157 0.128 
455    (0)   :  0.005 0.018 0.516 0.156 0.113 0.083 0.109 
456    (0)   :  0.007 0.024 0.146 0.191 0.291 0.083 0.258 
457    (0)   :  0.007 0.007 0.099 0.121 0.559 0.096 0.111 
458    (0)   :  0.050 0.067 0.108 0.194 0.382 0.111 0.089 
459    (0)   :  0.005 0.027 0.174 0.350 0.162 0.199 0.082 
460    (0)   :  0.005 0.020 0.139 0.486 0.173 0.088 0.088 
461    (0)   :  0.007 0.014 0.028 0.621 0.175 0.089 0.068 
462    (0)   :  0.007 0.340 0.039 0.156 0.221 0.061 0.175 
463    (0)   :  0.005 0.032 0.323 0.119 0.108 0.130 0.284 
464    (0)   :  0.004 0.015 0.151 0.436 0.142 0.087 0.165 
465    (0)   :  0.008 0.025 0.056 0.493 0.165 0.107 0.145 
466    (0)   :  0.005 0.013 0.139 0.332 0.135 0.088 0.289 
467    (0)   :  0.007 0.127 0.068 0.221 0.260 0.132 0.184 
468    (0)   :  0.006 0.012 0.397 0.096 0.255 0.081 0.153 
469    (0)   :  0.005 0.020 0.565 0.113 0.142 0.086 0.068 
470    (0)   :  0.005 0.008 0.497 0.208 0.119 0.077 0.086 
471    (0)   :  0.007 0.012 0.031 0.222 0.298 0.089 0.341 
472    (0)   :  0.008 0.042 0.032 0.220 0.371 0.107 0.220 
473    (0)   :  0.006 0.007 0.096 0.166 0.369 0.142 0.215 
474    (0)   :  0.005 0.015 0.042 0.189 0.473 0.132 0.143 
475    (0)   :  0.006 0.012 0.057 0.432 0.176 0.170 0.148 
476    (0)   :  0.008 0.031 0.065 0.196 0.469 0.109 0.121 
477    (0)   :  0.008 0.021 0.064 0.486 0.136 0.145 0.140 
478    (0)   :  0.008 0.016 0.040 0.677 0.096 0.079 0.084 
479    (0)   :  0.005 0.008 0.208 0.306 0.302 0.079 0.092 
480    (0)   :  0.006 0.008 0.132 0.143 0.532 0.090 0.088 
481    (0)   :  0.006 0.010 0.026 0.163 0.435 0.087 0.272 
482    (0)   :  0.007 0.011 0.074 0.323 0.424 0.081 0.080 
483    (0)   :  0.007 0.011 0.444 0.173 0.176 0.109 0.081 
484    (0)   :  0.006 0.052 0.366 0.141 0.132 0.102 0.202 
485    (0)   :  0.005 0.008 0.614 0.131 0.093 0.077 0.073 
486    (0)   :  0.019 0.011 0.021 0.186 0.200 0.118 0.445 
487    (0)   :  0.017 0.008 0.022 0.161 0.281 0.227 0.283 
488    (0)   :  0.013 0.008 0.021 0.309 0.161 0.181 0.308 
489    (0)   :  0.016 0.014 0.014 0.093 0.306 0.239 0.319 
490    (0)   :  0.008 0.012 0.024 0.370 0.198 0.085 0.302 
491    (0)   :  0.012 0.015 0.015 0.112 0.167 0.215 0.464 
492    (0)   :  0.005 0.013 0.017 0.276 0.109 0.360 0.219 
493    (0)   :  0.023 0.008 0.015 0.149 0.219 0.132 0.454 
494    (0)   :  0.073 0.015 0.024 0.140 0.205 0.195 0.348 
495    (0)   :  0.047 0.037 0.017 0.338 0.117 0.257 0.186 
496    (0)   :  0.008 0.009 0.021 0.126 0.137 0.440 0.260 
497    (0)   :  0.074 0.013 0.016 0.117 0.227 0.217 0.336 
498    (0)   :  0.017 0.040 0.021 0.245 0.208 0.146 0.323 
499    (0)   :  0.082 0.008 0.018 0.095 0.196 0.338 0.264 
500    (0)   :  0.032 0.007 0.028 0.114 0.362 0.132 0.326 
501    (0)   :  0.014 0.008 0.021 0.167 0.312 0.312 0.167 
502    (0)   :  0.009 0.011 0.019 0.284 0.190 0.348 0.139 
503    (0)   :  0.008 0.007 0.025 0.146 0.532 0.099 0.182 
504    (0)   :  0.010 0.015 0.019 0.432 0.122 0.121 0.281 
505    (0)   :  0.011 0.008 0.020 0.118 0.116 0.184 0.543 
506    (0)   :  0.008 0.015 0.015 0.269 0.159 0.303 0.232 
507    (0)   :  0.009 0.008 0.014 0.064 0.083 0.598 0.224 
508    (0)   :  0.032 0.010 0.014 0.081 0.079 0.542 0.242 
509    (0)   :  0.009 0.007 0.020 0.113 0.112 0.268 0.471 
510    (0)   :  0.036 0.007 0.015 0.130 0.284 0.353 0.175 
511    (0)   :  0.014 0.016 0.061 0.235 0.288 0.126 0.261 
512    (0)   :  0.009 0.008 0.022 0.228 0.506 0.084 0.143 
513    (0)   :  0.020 0.044 0.012 0.217 0.066 0.126 0.515 
514    (0)   :  0.009 0.008 0.022 0.464 0.111 0.163 0.223 
515    (0)   :  0.015 0.015 0.088 0.117 0.248 0.247 0.268 
516    (0)   :  0.012 0.008 0.023 0.297 0.107 0.148 0.406 
517    (0)   :  0.008 0.011 0.092 0.211 0.119 0.247 0.311 
518    (0)   :  0.089 0.007 0.015 0.103 0.290 0.297 0.199 
519    (0)   :  0.006 0.009 0.028 0.486 0.110 0.176 0.185 
520    (0)   :  0.008 0.008 0.251 0.076 0.089 0.351 0.217 
521    (0)   :  0.008 0.009 0.019 0.229 0.098 0.404 0.233 
522    (0)   :  0.034 0.009 0.043 0.132 0.328 0.117 0.336 
523    (0)   :  0.010 0.012 0.059 0.177 0.079 0.276 0.387 
524    (0)   :  0.009 0.007 0.314 0.133 0.129 0.183 0.224 
525    (0)   :  0.104 0.008 0.063 0.093 0.191 0.305 0.236 
526    (0)   :  0.006 0.011 0.393 0.074 0.082 0.156 0.279 
527    (0)   :  0.093 0.008 0.016 0.236 0.334 0.128 0.184 
528    (0)   :  0.005 0.007 0.013 0.103 0.101 0.516 0.255 
529    (0)   :  0.105 0.012 0.015 0.160 0.153 0.237 0.317 
530    (0)   :  0.009 0.012 0.039 0.121 0.351 0.173 0.295 
531    (0)   :  0.009 0.010 0.054 0.131 0.184 0.435 0.176 
532    (0)   :  0.041 0.010 0.014 0.149 0.208 0.326 0.251 
533    (0)   :  0.073 0.009 0.041 0.112 0.236 0.147 0.382 
534    (0)   :  0.089 0.011 0.016 0.125 0.070 0.182 0.508 
535    (0)   :  0.006 0.013 0.078 0.256 0.117 0.156 0.374 
536    (0)   :  0.008 0.056 0.078 0.141 0.235 0.286 0.195 
537    (0)   :  0.007 0.037 0.023 0.122 0.136 0.424 0.250 
538    (0)   :  0.006 0.010 0.032 0.104 0.133 0.295 0.420 
539    (0)   :  0.005 0.009 0.012 0.071 0.098 0.620 0.185 
540    (0)   :  0.009 0.010 0.045 0.094 0.150 0.278 0.415 
541    (0)   :  0.008 0.052 0.025 0.122 0.161 0.473 0.159 
542    (0)   :  0.006 0.127 0.057 0.090 0.184 0.118 0.418 
543    (0)   :  0.009 0.034 0.065 0.227 0.088 0.262 0.316 
544    (0)   :  0.005 0.018 0.036 0.105 0.131 0.169 0.536 
545    (0)   :  0.006 0.042 0.235 0.130 0.107 0.096 0.385 
546    (0)   :  0.006 0.053 0.018 0.100 0.155 0.213 0.453 
547    (0)   :  0.006 0.036 0.076 0.135 0.086 0.297 0.364 
548    (0)   :  0.007 0.006 0.015 0.106 0.140 0.356 0.369 
549    (0)   :  0.008 0.083 0.105 0.089 0.136 0.470 0.109 
550    (0)   :  0.005 0.034 0.224 0.177 0.120 0.162 0.279 
551    (0)   :  0.008 0.015 0.034 0.118 0.131 0.577 0.118 
552    (0)   :  0.006 0.010 0.017 0.077 0.149 0.267 0.474 
553    (0)   :  0.009 0.042 0.047 0.146 0.069 0.271 0.416 
554    (0)   :  0.017 0.020 0.031 0.172 0.265 0.228 0.267 
555    (0)   :  0.008 0.028 0.021 0.105 0.102 0.422 0.314 
556    (0)   :  0.006 0.014 0.018 0.104 0.141 0.247 0.469 
557    (0)   :  0.005 0.040 0.273 0.188 0.120 0.218 0.156 
558    (0)   :  0.006 0.011 0.095 0.322 0.409 0.085 0.071 
559    (0)   :  0.009 0.009 0.016 0.278 0.174 0.119 0.395 
560    (0)   :  0.005 0.028 0.104 0.524 0.163 0.065 0.110 
561    (0)   :  0.007 0.014 0.037 0.322 0.302 0.086 0.232 
562    (0)   :  0.007 0.010 0.044 0.376 0.202 0.063 0.298 
563    (0)   :  0.010 0.023 0.038 0.425 0.112 0.279 0.113 
564    (0)   :  0.014 0.008 0.029 0.162 0.161 0.129 0.498 
565    (0)   :  0.006 0.012 0.127 0.121 0.548 0.092 0.094 
566    (0)   :  0.004 0.006 0.061 0.602 0.154 0.066 0.107 
567    (0)   :  0.008 0.006 0.021 0.177 0.141 0.085 0.563 
568    (0)   :  0.006 0.010 0.051 0.376 0.160 0.127 0.270 
569    (0)   :  0.009 0.007 0.072 0.290 0.256 0.121 0.245 
570    (0)   :  0.008 0.007 0.071 0.263 0.489 0.070 0.093 
571    (0)   :  0.006 0.006 0.049 0.591 0.102 0.101 0.145 
572    (0)   :  0.005 0.023 0.049 0.100 0.154 0.259 0.410 
573    (0)   :  0.012 0.007 0.206 0.153 0.124 0.127 0.371 
574    (0)   :  0.009 0.008 0.043 0.125 0.437 0.217 0.161 
575    (0)   :  0.006 0.012 0.033 0.411 0.156 0.219 0.162 
576    (0)   :  0.006 0.008 0.046 0.596 0.177 0.067 0.100 
577    (0)   :  0.009 0.009 0.021 0.153 0.453 0.209 0.145 
578    (0)   :  0.006 0.010 0.087 0.462 0.175 0.104 0.156 
579    (0)   :  0.007 0.020 0.032 0.233 0.358 0.095 0.254 
580    (0)   :  0.006 0.008 0.042 0.157 0.518 0.141 0.128 
581    (0)   :  0.006 0.009 0.074 0.338 0.337 0.120 0.117 
582    (0)   :  0.007 0.020 0.106 0.330 0.307 0.078 0.154 
583    (0)   :  0.056 0.007 0.048 0.520 0.144 0.099 0.126 
584    (0)   :  0.008 0.006 0.033 0.557 0.210 0.079 0.107 
585    (0)   :  0.007 0.011 0.056 0.406 0.289 0.090 0.142 
586    (0)   :  0.006 0.010 0.018 0.511 0.113 0.124 0.218 
587    (0)   :  0.010 0.016 0.019 0.180 0.404 0.073 0.299 
588    (0)   :  0.010 0.008 0.013 0.078 0.070 0.089 0.731 
589    (0)   :  0.006 0.010 0.211 0.196 0.278 0.082 0.216 
590    (0)   :  0.007 0.007 0.015 0.438 0.184 0.094 0.255 
591    (0)   :  0.006 0.006 0.024 0.555 0.141 0.111 0.158 
592    (0)   :  0.005 0.009 0.057 0.333 0.139 0.083 0.375 
593    (0)   :  0.006 0.008 0.095 0.333 0.183 0.149 0.225 
594    (0)   :  0.062 0.008 0.031 0.368 0.139 0.195 0.196 
595    (0)   :  0.011 0.011 0.015 0.186 0.548 0.070 0.159 
596    (0)   :  0.005 0.006 0.168 0.147 0.115 0.127 0.432 
597    (0)   :  0.008 0.008 0.038 0.454 0.071 0.265 0.155 
598    (0)   :  0.007 0.006 0.110 0.219 0.501 0.076 0.080 
599    (0)   :  0.006 0.006 0.037 0.515 0.158 0.069 0.209 
600    (0)   :  0.005 0.015 0.039 0.133 0.453 0.161 0.192 
601    (0)   :  0.005 0.018 0.041 0.398 0.275 0.074 0.190 
602    (0)   :  0.009 0.006 0.024 0.196 0.207 0.232 0.325 
603    (0)   :  0.006 0.007 0.019 0.210 0.184 0.225 0.349 
604    (0)   :  0.019 0.025 0.113 0.117 0.405 0.168 0.153 
605    (0)   :  0.007 0.011 0.038 0.236 0.271 0.121 0.315 
606    (0)   :  0.012 0.010 0.028 0.156 0.270 0.235 0.291 
607    (0)   :  0.008 0.006 0.032 0.131 0.362 0.308 0.153 
608    (0)   :  0.006 0.009 0.041 0.185 0.173 0.473 0.113 
609    (0)   :  0.010 0.013 0.035 0.173 0.453 0.148 0.168 
610    (0)   :  0.006 0.014 0.349 0.109 0.182 0.113 0.227 
611    (0)   :  0.009 0.008 0.023 0.224 0.151 0.233 0.351 
612    (0)   :  0.012 0.032 0.136 0.109 0.468 0.106 0.136 
613    (0)   :  0.040 0.009 0.046 0.158 0.309 0.134 0.304 
614    (0)   :  0.007 0.008 0.028 0.085 0.649 0.085 0.139 
615    (0)   :  0.006 0.012 0.084 0.090 0.505 0.151 0.151 
616    (0)   :  0.006 0.006 0.018 0.156 0.424 0.230 0.158 
617    (0)   :  0.021 0.023 0.052 0.152 0.396 0.092 0.265 
618    (0)   :  0.016 0.046 0.143 0.090 0.308 0.232 0.166 
619    (0)   :  0.005 0.008 0.083 0.264 0.147 0.201 0.292 
620    (0)   :  0.005 0.011 0.040 0.323 0.112 0.064 0.445 
621    (0)   :  0.010 0.006 0.028 0.414 0.328 0.101 0.114 
622    (0)   :  0.016 0.038 0.070 0.104 0.312 0.156 0.305 
623    (0)   :  0.005 0.006 0.036 0.290 0.228 0.104 0.331 
624    (0)   :  0.012 0.020 0.122 0.135 0.361 0.236 0.114 
625    (0)   :  0.018 0.015 0.041 0.188 0.416 0.201 0.121 
626    (0)   :  0.029 0.040 0.110 0.067 0.164 0.380 0.211 
627    (0)   :  0.005 0.010 0.023 0.216 0.308 0.133 0.305 
628    (0)   :  0.006 0.007 0.023 0.263 0.219 0.132 0.350 
629    (0)   :  0.006 0.006 0.019 0.230 0.350 0.158 0.231 
630    (0)   :  0.013 0.016 0.040 0.176 0.507 0.111 0.137 
631    (0)   :  0.006 0.007 0.022 0.136 0.544 0.122 0.162 
632    (0)   :  0.006 0.010 0.023 0.096 0.203 0.334 0.328 
633    (0)   :  0.009 0.010 0.058 0.164 0.420 0.199 0.140 
634    (0)   :  0.007 0.008 0.028 0.166 0.251 0.266 0.273 
635    (0)   :  0.006 0.008 0.026 0.101 0.225 0.466 0.167 
636    (0)   :  0.008 0.010 0.034 0.172 0.372 0.268 0.136 
637    (0)   :  0.007 0.015 0.031 0.132 0.202 0.180 0.433 
638    (0)   :  0.007 0.006 0.024 0.220 0.317 0.204 0.223 
639    (0)   :  0.008 0.009 0.037 0.104 0.493 0.171 0.178 
